83
Amauria_brandeegeana_62                    0.0000000 0.0000010 3.0582723 0.0000010 1.5188358 0.0000010 1.4616811 0.0000010 8.9999988 9.0000000 1.5608946 0.8584211 0.3483829 0.0000010 0.0000010 0.0429093 0.0885434 1.3773817 0.8127334 0.0000010 0.7149602 1.2560367 0.0000010 1.0399756 1.5813628 0.3513636 0.9719212 1.0796749 1.2649279 0.0000010 0.0000010 1.3448278 0.8270923 0.0000010 1.0226807 1.0260800 0.0000010 0.0000010 1.3042448 1.4849352 0.9459641 1.0218394 0.3441957 1.2538980 0.0000010 1.1536901 1.2427348 0.7335611 1.3212705 0.1798687 0.0000010 1.0258024 1.2657874 1.4957980 0.8232875 0.0000010 0.0000010 0.9938078 1.2877015 0.0000010 0.0000010 0.0000010 0.9093485 0.9856562 0.6969576 0.0507713 0.6397772 0.9373877 1.1890294 0.0000010 1.3219859 1.2237804 1.1195388 0.0000010 0.5910778 1.1197093 0.9187552 0.0480308 1.4616811 1.3468424 0.0000010 0.0000010 0.5418609 
Amauria_carterae_99_mesa                   0.0000010 0.0000000 0.0677083 0.3226195 0.1033771 0.4275371 0.1701942 0.4612182 0.3215825 0.0887439 0.1071882 0.0904759 0.1269484 0.8152526 0.0752179 0.0000010 0.5336494 0.1260624 0.8199457 0.5574260 0.0838714 0.1293356 0.1228420 0.3871414 0.1292349 0.1320325 0.5426719 0.0826514 0.3642791 0.6047808 0.0733905 0.1497246 0.7133959 1.2307594 0.5219847 0.0831788 0.5827682 0.9686786 0.1578891 0.1396136 0.7385660 0.7385660 0.6256867 0.1322223 0.5612995 0.1720497 0.1427146 0.1349226 0.1420117 0.5730813 0.6210572 0.5305072 0.1368089 0.5475987 0.1315462 0.0892726 0.6607134 0.1396273 0.1286754 0.1341861 0.1245269 0.0733596 0.5494924 0.1230273 0.0772533 0.1317488 0.7904164 0.5493727 0.2044400 0.0911129 0.1269484 0.1173156 0.0794426 0.1168925 0.0678896 0.1701958 0.0839726 0.6732644 0.5432767 0.1343459 0.0627846 0.0639210 0.6664969 
Amauria_rotundifolia_SRR9119150            3.0582723 0.0677083 0.0000000 0.3504613 0.1926642 0.4476782 0.2140057 0.4732587 0.3957067 0.1456760 0.2700847 0.2212686 0.3843194 1.0075453 0.0832647 1.6914838 0.9247053 0.2690115 0.8878405 0.5362642 0.1445590 0.3047121 0.1230237 0.6158196 0.3478219 0.3169695 0.8873573 0.2922030 0.6509627 0.6054454 0.0840263 0.2908187 0.8662448 1.1914360 0.8592943 0.1543764 0.5708048 1.0195279 0.3682828 0.3192745 0.8245284 0.8035934 0.8964318 0.2770217 0.5489727 0.3723210 0.3149433 0.2671324 0.3291119 0.5812219 0.6167978 0.8663412 0.3312798 0.8273775 0.2489943 0.0956653 0.6384446 0.3096501 0.3126613 0.1344495 0.1168917 0.0859962 0.9040663 0.2451524 0.1626836 0.4100762 0.8547572 0.8508079 0.3693987 0.1685105 0.3507030 0.3062432 0.2636010 0.1204647 0.2832405 0.3398751 0.2436835 0.9656452 0.5624366 0.3499961 0.1639883 0.0734751 0.6431087 
Conoclinium_coelestinum_SRR9119114         0.0000010 0.3226195 0.3504613 0.0000000 0.4080870 0.4837261 0.3487302 0.5123578 0.6683219 0.3954207 0.4199261 0.3909042 0.4268131 0.9814971 0.4130375 0.9292843 0.5384419 0.4409011 0.7299400 0.4966007 0.3805373 0.3708265 0.2615706 0.5009017 0.4136718 0.3759868 0.5176591 0.4213795 0.4830666 0.5583781 0.2977740 0.3924863 0.6307559 1.1292716 0.5374878 0.3532915 0.5783837 1.0942624 0.3768071 0.3921831 0.6213522 0.6170901 0.6307231 0.3759650 0.5368259 0.4008805 0.3844839 0.3810049 0.3855043 0.5481792 0.5935892 0.5357693 0.3801841 0.5366242 0.3707343 0.3712167 0.5853729 0.3813379 0.3730477 0.3651632 0.2408199 0.3140947 0.5431827 0.3809651 0.3621476 0.4192338 0.6705349 0.5362717 0.3299079 0.3965156 0.3735324 0.2781219 0.3744691 0.3001462 0.3741324 0.3882189 0.3470604 0.7756734 0.6012624 0.3758167 0.4568298 0.3859395 0.6026589 
Eutetras_palmeri_63                        1.5188358 0.1033771 0.1926642 0.4080870 0.0000000 0.4334776 0.2099866 0.4846836 0.4389652 0.1413377 0.1324849 0.1336330 0.2606350 1.0228713 0.1104739 1.1125818 0.7502590 0.2729053 0.8226861 0.5185105 0.1119136 0.1676843 0.1615168 0.5944201 0.2664061 0.1693171 0.7402326 0.1387312 0.5845860 0.5951690 0.0894459 0.1794995 0.9371279 1.1697175 0.7164513 0.1186473 0.5696653 1.0090250 0.1841000 0.1742374 0.9029439 0.9036420 0.7043990 0.1761920 0.5378201 0.2044024 0.1809650 0.1720262 0.1765904 0.5615859 0.5910627 0.7279999 0.1705447 0.8057078 0.1701072 0.1232236 0.6110066 0.1767447 0.1674297 0.1242963 0.1328031 0.1069313 0.7349956 0.1452293 0.1130857 0.3468385 0.8029737 0.7270721 0.2055973 0.1274134 0.1662827 0.1487419 0.1218934 0.1285481 0.1587898 0.1880306 0.1387206 0.8193211 0.5831731 0.1706799 0.0971011 0.0955065 0.6933411 
Eutetras_pringlei_149_quer                 0.0000010 0.4275371 0.4476782 0.4837261 0.4334776 0.0000000 0.4577085 0.5007360 0.5008293 0.4335264 0.4510202 0.4310464 0.4160484 0.7456735 0.4266073 0.0000010 0.4704400 0.5012558 0.7859124 0.6240379 0.4265357 0.4223084 0.3351808 0.4619399 0.4326308 0.4108391 0.4696936 0.4431180 0.4175761 0.6853713 0.4139230 0.4420575 0.7004325 1.0571758 0.4634285 0.4057514 0.6657919 1.0585342 0.4276474 0.4196818 0.6818154 0.6818154 0.6548749 0.4273267 0.6312327 0.3970155 0.4400454 0.4458829 0.4221779 0.6476653 0.6888492 0.4644851 0.4360809 0.4753757 0.4158381 0.4348209 0.6890746 0.4220942 0.4108391 0.4188791 0.3540796 0.4064246 0.4753481 0.4318682 0.4083201 0.4258680 0.7235618 0.4710238 0.3909886 0.4273195 0.4160484 0.4111129 0.4312880 0.4180369 0.4175872 0.4027951 0.4314249 0.7020284 0.4467147 0.4214911 0.2876057 0.4031276 0.6331268 
Eutrochium_fistulosum_SRR9119106           1.4616811 0.1701942 0.2140057 0.3487302 0.2099866 0.4577085 0.0000000 0.4843290 0.4677533 0.2337665 0.2377961 0.2241422 0.2531712 1.0375135 0.2044005 0.8886487 0.7276882 0.2571649 0.7934894 0.5133845 0.2159902 0.2065586 0.1899838 0.5773893 0.3032455 0.2085749 0.7244426 0.2421663 0.5851475 0.5687266 0.1655528 0.2189517 0.9408525 1.1184071 0.7244568 0.2067208 0.5411044 1.0190912 0.2088551 0.2192490 0.8274581 0.8182342 0.6238149 0.2116822 0.5189164 0.2262718 0.2243205 0.2170311 0.2174156 0.5299191 0.5862177 0.7232570 0.2034897 0.7554922 0.1980818 0.2091825 0.6017002 0.2140455 0.2067753 0.2148825 0.1523408 0.1770943 0.7473757 0.2286959 0.2137799 0.3615735 0.7528109 0.7390181 0.2401027 0.2249300 0.2048828 0.1784131 0.2121025 0.1611734 0.2186590 0.2412100 0.2104976 0.7658553 0.5881629 0.2101598 0.2103039 0.1775539 0.6331337 
Galeana_pratensis_104_mex                  0.0000010 0.4612182 0.4732587 0.5123578 0.4846836 0.5007360 0.4843290 0.0000000 0.4569208 0.4916043 0.4882793 0.4905113 0.4647998 0.6867053 0.4859924 0.0000010 0.2726994 0.4806878 0.6462509 0.5666640 0.4859924 0.4663844 0.3748098 0.5665872 0.4986596 0.4715491 0.2799722 0.4879382 0.5594082 0.5909491 0.4336358 0.4727575 0.6537725 1.1990726 0.2639310 0.4949745 0.6060809 1.1371395 0.4862285 0.4651302 0.7542344 0.7542344 0.6239277 0.4596003 0.6061064 0.4885572 0.4830692 0.4702843 0.4688624 0.6109479 0.6195948 0.2768912 0.4539629 0.2799702 0.4673298 0.4590458 0.6660109 0.4815442 0.4519697 0.4716570 0.3995094 0.4587186 0.2852194 0.4834335 0.5019098 0.4863399 0.6219210 0.2783462 0.4611272 0.4852391 0.4663662 0.4565522 0.5039029 0.4467517 0.4825741 0.4868169 0.4757923 0.6845832 0.2871126 0.4709506 0.2979599 0.4555093 0.6662851 
Helianthus_annuus_SRR9119062               8.9999988 0.3215825 0.3957067 0.6683219 0.4389652 0.5008293 0.4677533 0.4569208 0.0000000 0.4602161 0.4363590 0.4363717 0.4119901 0.9540738 0.3373836 1.6436569 0.7993927 0.4363124 0.8118149 0.5125910 0.4330177 0.3847935 0.2607249 0.6162008 0.3821155 0.3800760 0.7983281 0.4329840 0.6309524 0.5879994 0.2949198 0.4172144 0.8623928 1.1728080 0.7824508 0.4094800 0.5220687 1.0405738 0.4300709 0.3743721 0.8572698 0.8624739 0.6635333 0.3902911 0.4943801 0.4344212 0.3787985 0.3956977 0.3907099 0.4969979 0.5891309 0.8020338 0.3823280 0.8241768 0.3799529 0.3341095 0.6242827 0.3845356 0.3820661 0.3162418 0.1829133 0.2472729 0.8091707 0.4577933 0.4244999 0.5662892 0.7737623 0.7989405 0.4580597 0.4432854 0.3794498 0.3548867 0.4272509 0.2753953 0.4464558 0.4255506 0.4124739 0.9036366 0.5768537 0.3871669 0.2314239 0.2506899 0.6337156 
Lycapsus_tenuifolius_17                    9.0000000 0.0887439 0.1456760 0.3954207 0.1413377 0.4335264 0.2337665 0.4916043 0.4602161 0.0000000 0.1709059 0.1236938 0.2172713 1.0714110 0.0912562 1.1851262 0.7618994 0.2073246 0.7444453 0.5471562 0.1169068 0.1844164 0.1442469 0.5954201 0.2874273 0.1876564 0.7462481 0.1470336 0.5854475 0.5710972 0.0120455 0.1942217 0.8507885 1.0422233 0.7423933 0.1204151 0.5332094 1.0276396 0.2020764 0.1695046 0.8075694 0.7972095 0.5949251 0.1807454 0.5128812 0.2140687 0.1901103 0.1872663 0.1987369 0.5188042 0.5674453 0.7490712 0.1842645 0.7376449 0.1799789 0.1098605 0.6375054 0.1893173 0.1842595 0.1459856 0.1165014 0.0865406 0.7668806 0.1641168 0.1187064 0.3528854 0.7554131 0.7587085 0.2201942 0.0102981 0.1859774 0.1617690 0.1146868 0.1310478 0.1347010 0.2156246 0.1160600 0.7930315 0.5835172 0.1875789 0.1015717 0.0938113 0.5362897 
Pericome_caudata_50_silver                 1.5608946 0.1071882 0.2700847 0.4199261 0.1324849 0.4510202 0.2377961 0.4882793 0.4363590 0.1709059 0.0000000 0.1397118 0.2944955 1.1089228 0.1100488 1.2418615 0.8505560 0.2847619 0.8786495 0.5503251 0.1234478 0.1660366 0.1429112 0.6065118 0.3466575 0.1610688 0.8273082 0.1423795 0.6540653 0.6237356 0.0891534 0.1884794 0.9154939 1.1530688 0.7689643 0.1249428 0.5714264 1.0584859 0.1730142 0.1728672 0.8521404 0.8590655 0.8420946 0.1573047 0.5479870 0.1831837 0.1673076 0.1700205 0.1725918 0.5632453 0.6479072 0.8138518 0.1601105 0.8404391 0.1513352 0.1114082 0.6475267 0.1706487 0.1608356 0.1190632 0.0741007 0.0964524 0.8708101 0.1657419 0.1220313 0.4406785 0.8450974 0.7684895 0.1917100 0.1590525 0.1547904 0.1278461 0.1334929 0.1044545 0.2358938 0.1947655 0.1344292 0.9023020 0.5512600 0.1647076 0.1267122 0.0899739 0.6696495 
Perityle_aglossa_84_dead_horse             0.8584211 0.0904759 0.2212686 0.3909042 0.1336330 0.4310464 0.2241422 0.4905113 0.4363717 0.1236938 0.1397118 0.0000000 0.2587300 1.0551998 0.0166271 0.8393070 0.7539175 0.2880989 0.8258812 0.5508324 0.0170818 0.1690213 0.0833389 0.5687426 0.2803174 0.1704282 0.7535743 0.1046003 0.5886121 0.6154770 0.0864860 0.1892244 0.8576314 1.0796321 0.7554622 0.0525574 0.5895126 1.0274980 0.1772710 0.1722677 0.8196768 0.8053942 0.6860155 0.1736984 0.5581110 0.1991005 0.1728716 0.1669481 0.1798738 0.5701721 0.6013871 0.7655781 0.1648780 0.8185827 0.1733199 0.0955120 0.6539076 0.1771731 0.1648300 0.1392291 0.1278221 0.0416707 0.7716168 0.1502431 0.0504641 0.3613514 0.7835561 0.7600778 0.1995405 0.1149216 0.1690032 0.1480546 0.0379059 0.1253892 0.1526592 0.1791675 0.0583134 0.7998865 0.5670786 0.1716656 0.0347480 0.0960114 0.6204816 
Perityle_ajoensis_204                      0.3483829 0.1269484 0.3843194 0.4268131 0.2606350 0.4160484 0.2531712 0.4647998 0.4119901 0.2172713 0.2944955 0.2587300 0.0000000 1.0576095 0.1489216 0.3279473 0.5197146 0.2898188 0.9385868 0.5146663 0.2290481 0.1435492 0.1611442 0.6284855 0.2942017 0.1049655 0.7971507 0.3161954 0.6898618 0.5747347 0.1270696 0.2489311 0.9554949 1.0262829 0.7218848 0.2273139 0.5408457 0.9748682 0.2265698 0.1528721 0.9160110 0.9158692 0.7542866 0.1642316 0.5184163 0.2463666 0.1753261 0.1045273 0.1499294 0.5229186 0.5815577 0.7676191 0.1606173 0.8226848 0.1375495 0.1499305 0.6076785 0.1148959 0.1450505 0.1266648 0.0943393 0.1217841 0.8167314 0.2499630 0.2336029 0.3524188 0.8471717 0.7286818 0.3083700 0.2071273 0.1399674 0.2033751 0.2696705 0.0022584 0.3132777 0.2238602 0.3103976 0.4327773 0.5330656 0.1422446 0.1696908 0.1474278 0.6581628 
Perityle_ambrosiifolia_67_green            0.0000010 0.8152526 1.0075453 0.9814971 1.0228713 0.7456735 1.0375135 0.6867053 0.9540738 1.0714110 1.1089228 1.0551998 1.0576095 0.0000000 0.9769155 0.0000010 0.9408047 1.0444725 0.3197706 0.0202042 1.0025448 1.0543894 0.6111127 1.0706596 1.0637615 1.0550229 0.9709710 1.1199497 0.9507911 0.1221717 0.7251481 1.1095656 0.4343107 1.7739233 0.9260076 0.9566478 0.1491173 1.4834169 1.0444435 1.0538264 0.7445995 0.7548494 0.1581679 1.0132604 0.1392515 1.0899686 1.0400752 1.0187237 1.0698568 0.1440222 0.1229778 0.9228026 1.0195484 0.9776139 0.9454064 0.8471499 0.1229329 1.0664495 1.0682390 0.8766163 0.6232699 0.7340276 0.9795139 1.0795357 1.0320006 0.8936168 0.2921324 0.9445909 0.8408771 1.0939829 1.0546312 0.6967030 1.0761504 0.7175119 1.0105734 1.0737634 0.9175817 0.0919057 0.6909164 1.0480666 1.0449449 0.9185591 0.4227815 
Perityle_angustifolia_13_Eagle_creek       0.0000010 0.0752179 0.0832647 0.4130375 0.1104739 0.4266073 0.2044005 0.4859924 0.3373836 0.0912562 0.1100488 0.0166271 0.1489216 0.9769155 0.0000000 0.0000010 0.6256901 0.1769304 0.8062023 0.5419655 0.0105426 0.1508624 0.0727137 0.4657148 0.2574484 0.1528774 0.6204389 0.0881947 0.4399150 0.6008133 0.0839190 0.1718469 0.8396417 1.1171453 0.6157890 0.0418522 0.5787755 1.0324029 0.1553519 0.1536811 0.8129591 0.8129591 0.6355887 0.1524825 0.5483298 0.1727381 0.1574916 0.1545838 0.1665184 0.5599442 0.5939685 0.6222907 0.1452023 0.6305626 0.1569262 0.0860283 0.6441815 0.1587608 0.1486132 0.1320042 0.1199032 0.0321418 0.6346572 0.1272215 0.0430122 0.2952733 0.7603488 0.6183507 0.1977777 0.0948044 0.1489216 0.1202196 0.0196923 0.1197840 0.0881225 0.1691760 0.0349571 0.6665815 0.5612407 0.1528261 0.0217437 0.0816992 0.6190586 
Perityle_batopilensis_97                   0.0429093 0.0000010 1.6914838 0.9292843 1.1125818 0.0000010 0.8886487 0.0000010 1.6436569 1.1851262 1.2418615 0.8393070 0.3279473 0.0000010 0.0000010 0.0000000 0.1621906 1.3016602 0.8653506 0.0000010 0.8072236 1.1078792 0.0000010 1.1419714 1.3166461 0.3925819 1.0386060 1.0125961 1.3927914 0.0000010 0.0000010 1.1159973 0.8634523 0.0000010 1.1345597 0.8292840 0.0000010 9.0000000 1.1746077 1.3371540 0.9342286 1.0148166 0.3725506 1.1370131 0.0000010 1.1257333 1.1398068 0.9525732 1.1600330 0.1798687 0.0000010 1.1330106 1.1235007 1.4378228 0.9176606 0.0000010 0.0000010 0.9884959 1.1592672 1.0819115 0.0000010 0.0000010 0.9828253 0.9473607 0.7535201 0.1262631 0.6120930 1.1263340 1.0860517 1.0105769 1.1604009 1.0944317 0.9973618 0.0000010 0.6032305 1.0455264 0.8872355 0.0579524 1.0633428 1.1744439 0.0000010 0.0000010 1.0436895 
Perityle_bisetosa_9                        0.0885434 0.5336494 0.9247053 0.5384419 0.7502590 0.4704400 0.7276882 0.2726994 0.7993927 0.7618994 0.8505560 0.7539175 0.5197146 0.9408047 0.6256901 0.1621906 0.0000000 0.7990476 0.7935160 0.5848220 0.7069051 0.7644041 0.3610582 0.6757445 0.8210269 0.5460137 0.1089994 0.8479528 0.4639869 0.5612515 0.4618542 0.8295398 0.7275609 1.1794903 0.0330560 0.6700700 0.6006779 1.2342536 0.8632618 0.8185710 0.7668860 0.7969144 0.5520528 0.7685311 0.5890938 0.8364602 0.7847865 0.7143825 0.7819340 0.5751631 0.6470843 0.0472931 0.7581230 0.1749312 0.6877987 0.5838144 0.7142417 0.7281152 0.7861585 0.5409268 0.3499192 0.4789150 0.0942090 0.7676225 0.7325801 0.4016395 0.7020826 0.0321317 0.7111740 0.7498514 0.7956728 0.6626604 0.8013766 0.4401353 0.6701314 0.8436322 0.7156499 0.3531922 0.2977492 0.7914019 0.6317713 0.5534142 0.6802172 
Perityle_californica_76_positas            1.3773817 0.1260624 0.2690115 0.4409011 0.2729053 0.5012558 0.2571649 0.4806878 0.4363124 0.2073246 0.2847619 0.2880989 0.2898188 1.0444725 0.1769304 1.3016602 0.7990476 0.0000000 0.8358576 0.5422712 0.2311306 0.2560685 0.1711730 0.6499383 0.3062446 0.2563126 0.7840931 0.3113391 0.6195459 0.6122913 0.1355813 0.2572242 0.9447756 1.0342361 0.7799978 0.2085221 0.5752551 0.9843010 0.2581649 0.2262354 0.8744803 0.8691915 0.7069241 0.2523812 0.5450993 0.2795507 0.2508491 0.2099145 0.2635334 0.5675917 0.5877015 0.7919539 0.2459864 0.8099072 0.2336957 0.1673037 0.6544576 0.2559166 0.2498139 0.1488346 0.1174769 0.1404679 0.8225514 0.2556887 0.2421828 0.4154212 0.8197206 0.7846001 0.3213040 0.1956752 0.2526895 0.2506496 0.2679185 0.1304678 0.2951643 0.2888039 0.2634526 0.8583089 0.5667401 0.2560834 0.1836399 0.1680851 0.6845653 
Perityle_canescens_77                      0.8127334 0.8199457 0.8878405 0.7299400 0.8226861 0.7859124 0.7934894 0.6462509 0.8118149 0.7444453 0.8786495 0.8258812 0.9385868 0.3197706 0.8062023 0.8653506 0.7935160 0.8358576 0.0000000 0.0993013 0.8097544 0.8696920 0.6095080 0.8760363 0.8566157 0.8820215 0.8418951 0.8768399 0.9222909 0.1093232 0.7085866 0.8599994 0.1113699 1.4287813 0.8134017 0.8072474 0.1003349 1.2698426 0.8532800 0.9151227 0.3270191 0.3072057 0.2635941 0.8508499 0.1007656 0.8605690 0.8411025 0.8081160 0.8792725 0.1014075 0.1289445 0.8429484 0.8561363 0.8062735 0.8144716 0.8411152 0.1920236 0.8421109 0.8693623 0.8033931 0.6541911 0.7828550 0.9077008 0.8274162 0.8301498 0.8052324 0.1157241 0.8165697 0.8371549 0.7511408 0.8635833 0.7792773 0.8480754 0.7295987 0.9762231 0.8988328 0.8544390 0.3625611 0.6794925 0.8839514 0.7350992 0.8428409 0.3438507 
Perityle_castillonii_96                    0.0000010 0.5574260 0.5362642 0.4966007 0.5185105 0.6240379 0.5133845 0.5666640 0.5125910 0.5471562 0.5503251 0.5508324 0.5146663 0.0202042 0.5419655 0.0000010 0.5848220 0.5422712 0.0993013 0.0000000 0.5462604 0.5146663 0.4901052 0.6027913 0.5255124 0.5146663 0.5901315 0.5834025 0.5834093 0.0904059 0.5643546 0.5241994 0.0898883 1.2146721 0.5935833 0.5504001 0.1115595 1.0739786 0.5364182 0.5515034 0.3142190 0.3142190 0.1168655 0.5146663 0.1020587 0.5565816 0.5053412 0.5158139 0.5356851 0.1069213 0.0162806 0.5761133 0.5221404 0.6012825 0.5221404 0.5657229 0.1026648 0.5222494 0.5248515 0.5579800 0.5099343 0.5598214 0.6061657 0.5380251 0.5794893 0.5491887 0.0757544 0.6016027 0.5177574 0.5549296 0.5146663 0.5147046 0.5454450 0.5146663 0.5408878 0.5656484 0.5513695 0.0495237 0.5587261 0.5222494 0.4019768 0.5691132 0.2386153 
Perityle_cernua_84                         0.7149602 0.0838714 0.1445590 0.3805373 0.1119136 0.4265357 0.2159902 0.4859924 0.4330177 0.1169068 0.1234478 0.0170818 0.2290481 1.0025448 0.0105426 0.8072236 0.7069051 0.2311306 0.8097544 0.5462604 0.0000000 0.1536583 0.0765284 0.5307394 0.2454164 0.1552419 0.6992992 0.0909902 0.5324329 0.6052522 0.0869079 0.1604963 0.8520144 1.0891275 0.7011558 0.0470613 0.5829898 1.0168275 0.1595926 0.1615071 0.7951524 0.7858907 0.6258221 0.1578801 0.5524147 0.1722168 0.1625326 0.1641688 0.1659297 0.5641673 0.6056676 0.7041412 0.1506465 0.7661416 0.1591342 0.0934684 0.6494999 0.1628714 0.1504036 0.1366484 0.1204156 0.0345968 0.7136041 0.1332750 0.0405584 0.2897362 0.7671049 0.7079952 0.1888834 0.1073864 0.1521328 0.1263553 0.0252426 0.1228387 0.0915306 0.1610384 0.0428426 0.7697103 0.5680877 0.1552010 0.0279789 0.0866800 0.6020852 
Perityle_cfvillosa_25_tin                  1.2560367 0.1293356 0.3047121 0.3708265 0.1676843 0.4223084 0.2065586 0.4663844 0.3847935 0.1844164 0.1660366 0.1690213 0.1435492 1.0543894 0.1508624 1.1078792 0.7644041 0.2560685 0.8696920 0.5146663 0.1536583 0.0000000 0.1609425 0.5788918 0.2090870 0.0075427 0.7262154 0.1867357 0.6244685 0.5847379 0.1240498 0.1483391 0.9067471 1.0456069 0.6874033 0.1430507 0.5477544 0.9870239 0.1043225 0.0626620 0.8070113 0.7934251 0.7596194 0.0233144 0.5184163 0.1099475 0.0380783 0.0323761 0.0161312 0.5317024 0.5878563 0.7241329 0.0329289 0.7703478 0.0243240 0.1547907 0.6076785 0.0081900 0.0114111 0.1336671 0.0979709 0.1216796 0.7514411 0.1502242 0.1472010 0.4494676 0.8096259 0.6943866 0.0970300 0.1656559 0.0094428 0.0177036 0.1531237 0.0067933 0.2673355 0.1118787 0.1723575 0.8620941 0.5054607 0.0084879 0.1541505 0.1499527 0.6405994 
Perityle_cinerea_113_Powell1310            0.0000010 0.1228420 0.1230237 0.2615706 0.1615168 0.3351808 0.1899838 0.3748098 0.2607249 0.1442469 0.1429112 0.0833389 0.1611442 0.6111127 0.0727137 0.0000010 0.3610582 0.1711730 0.6095080 0.4901052 0.0765284 0.1609425 0.0000000 0.2964774 0.1601710 0.1611442 0.3815540 0.1417514 0.2521675 0.5388667 0.1418516 0.1467124 0.5178112 1.2729426 0.3547989 0.1154557 0.5343015 1.0397114 0.1455184 0.1685164 0.7188383 0.7188383 0.5387165 0.1604195 0.5013193 0.1644182 0.1595208 0.1650428 0.1734075 0.5114693 0.5691696 0.3555372 0.1567419 0.3861100 0.1652189 0.1495212 0.5952691 0.1692286 0.1564341 0.1690816 0.1759926 0.0868019 0.3666390 0.1621663 0.1084918 0.1445431 0.5759984 0.3610212 0.1688911 0.1404084 0.1611442 0.1684476 0.0977430 0.1649562 0.1382498 0.1503379 0.1013085 0.5219347 0.4402737 0.1650273 0.1104882 0.1329727 0.7169472 
Perityle_coahuilensis_24                   1.0399756 0.3871414 0.6158196 0.5009017 0.5944201 0.4619399 0.5773893 0.5665872 0.6162008 0.5954201 0.6065118 0.5687426 0.6284855 1.0706596 0.4657148 1.1419714 0.6757445 0.6499383 0.8760363 0.6027913 0.5307394 0.5788918 0.2964774 0.0000000 0.6235617 0.5857438 0.6921913 0.6318049 0.3707136 0.6429497 0.3252574 0.6302546 0.7691065 1.2819616 0.6791925 0.5256557 0.5959356 1.0783317 0.6073711 0.5947804 0.8025439 0.7921446 0.8108682 0.5798193 0.5572263 0.6434824 0.5884787 0.5299761 0.5865062 0.5774660 0.6463863 0.6786059 0.5887715 0.7109553 0.5615732 0.4129493 0.7179347 0.5667299 0.5714792 0.3980141 0.2476606 0.3067462 0.7216483 0.5750709 0.5509271 0.6296122 0.8757029 0.6707326 0.5641954 0.5734818 0.5762244 0.4966291 0.5929457 0.2990236 0.6677553 0.6368521 0.5876369 0.9302393 0.6369382 0.5833670 0.4452245 0.4200509 0.6838763 
Perityle_cochisensis_44_cave_creek         1.5813628 0.1292349 0.3478219 0.4136718 0.2664061 0.4326308 0.3032455 0.4986596 0.3821155 0.2874273 0.3466575 0.2803174 0.2942017 1.0637615 0.2574484 1.3166461 0.8210269 0.3062446 0.8566157 0.5255124 0.2454164 0.2090870 0.1601710 0.6235617 0.0000000 0.2048623 0.8410535 0.3327514 0.6288524 0.5704505 0.1267478 0.2500277 0.9171055 1.0071052 0.7548575 0.1812412 0.5438989 0.9897847 0.2887401 0.2277420 0.9156444 0.8987874 0.7456728 0.2106781 0.5214199 0.3063298 0.2273714 0.1536687 0.2161384 0.5226273 0.5845362 0.7842078 0.2088773 0.8730605 0.1095721 0.1546391 0.6197864 0.1617614 0.2021392 0.1287822 0.0905145 0.1242901 0.8532826 0.2656160 0.2636708 0.4730391 0.7973640 0.7687668 0.2095808 0.2687407 0.2008453 0.1099280 0.3101251 0.0113620 0.3551250 0.2467017 0.2422422 0.8874680 0.5063048 0.2061925 0.3102300 0.1498146 0.6497254 
Perityle_congesta_202                      0.3513636 0.1320325 0.3169695 0.3759868 0.1693171 0.4108391 0.2085749 0.4715491 0.3800760 0.1876564 0.1610688 0.1704282 0.1049655 1.0550229 0.1528774 0.3925819 0.5460137 0.2563126 0.8820215 0.5146663 0.1552419 0.0075427 0.1611442 0.5857438 0.2048623 0.0000000 0.7382138 0.2151698 0.6330819 0.5775966 0.1299570 0.1521305 0.9189853 1.0456069 0.6980693 0.1465598 0.5408457 0.9965327 0.1003462 0.0586364 0.8391809 0.8438699 0.7430775 0.0191534 0.5184163 0.1314034 0.0352678 0.0317984 0.0105583 0.5317024 0.5815577 0.7340413 0.0275600 0.7820145 0.0230283 0.1550493 0.6076785 0.0070440 0.0125439 0.1313981 0.0943393 0.1191831 0.7526466 0.1533537 0.1501508 0.3425772 0.8136842 0.7051053 0.0853087 0.1757434 0.0034313 0.0122104 0.1588195 0.0045235 0.3107219 0.1146146 0.1756283 0.5044062 0.5009384 0.0043268 0.1678534 0.1528563 0.6403668 
Perityle_cordifolia_27                     0.9719212 0.5426719 0.8873573 0.5176591 0.7402326 0.4696936 0.7244426 0.2799722 0.7983281 0.7462481 0.8273082 0.7535743 0.7971507 0.9709710 0.6204389 1.0386060 0.1089994 0.7840931 0.8418951 0.5901315 0.6992992 0.7262154 0.3815540 0.6921913 0.8410535 0.7382138 0.0000000 0.8384893 0.4614552 0.6086794 0.4824471 0.7921839 0.7412774 1.1395730 0.0577331 0.6690524 0.6376157 1.2027426 0.8343351 0.7785801 0.7961679 0.8050005 0.8170827 0.7222344 0.6045129 0.8171741 0.7392047 0.6966404 0.7381311 0.6635143 0.6247909 0.0481231 0.7323327 0.1147177 0.6799822 0.5920524 0.7229574 0.7061332 0.7402793 0.5502811 0.3729120 0.5031160 0.0558096 0.7544242 0.7086589 0.7356710 0.8176612 0.0548436 0.6843446 0.7354554 0.7610288 0.6449231 0.7970219 0.4676740 0.8534706 0.8267141 0.7456999 1.0019570 0.2953857 0.7514873 0.6273079 0.5660164 0.7230396 
Perityle_cordifolia_68_tecolote            1.0796749 0.0826514 0.2922030 0.4213795 0.1387312 0.4431180 0.2421663 0.4879382 0.4329840 0.1470336 0.1423795 0.1046003 0.3161954 1.1199497 0.0881947 1.0125961 0.8479528 0.3113391 0.8768399 0.5834025 0.0909902 0.1867357 0.1417514 0.6318049 0.3327514 0.2151698 0.8384893 0.0000000 0.6353000 0.6438587 0.0952590 0.1930069 0.9231268 1.1311899 0.7895660 0.0885515 0.6114297 1.0679335 0.1973686 0.1850754 0.8727886 0.8598773 0.7798582 0.1810694 0.5798683 0.2365819 0.1892325 0.1946785 0.2249675 0.6108326 0.6185471 0.8249812 0.1959858 0.8457057 0.1757713 0.0167037 0.6903247 0.1973999 0.2108744 0.1330665 0.1173913 0.0838961 0.8728024 0.1598235 0.0897161 0.3917217 0.8379326 0.7995554 0.2450026 0.1354978 0.2127573 0.1611625 0.0933667 0.1396084 0.2047272 0.1870347 0.1004510 0.8707061 0.5840985 0.2178339 0.0868500 0.0580691 0.6809879 
Perityle_coronopifolia_28_patagonia        1.2649279 0.3642791 0.6509627 0.4830666 0.5845860 0.4175761 0.5851475 0.5594082 0.6309524 0.5854475 0.6540653 0.5886121 0.6898618 0.9507911 0.4399150 1.3927914 0.4639869 0.6195459 0.9222909 0.5834093 0.5324329 0.6244685 0.2521675 0.3707136 0.6288524 0.6330819 0.4614552 0.6353000 0.0000000 0.6271217 0.2927609 0.6309333 0.7523503 1.1877601 0.4194297 0.5040434 0.5754606 1.0456090 0.6563543 0.6360493 0.7684947 0.7804045 0.8069174 0.6127055 0.5334021 0.6667368 0.6145244 0.5728681 0.6288830 0.5578288 0.6178058 0.4268435 0.6264835 0.4976140 0.5389365 0.3945504 0.6669221 0.5922282 0.6245606 0.3963461 0.2497865 0.2838936 0.4712332 0.6099880 0.5454749 0.6253156 0.9052209 0.4094659 0.5638753 0.5861480 0.6144331 0.4970642 0.6256836 0.2904890 0.7015324 0.6148671 0.5523513 0.9883882 0.6396052 0.6207299 0.5321046 0.3810740 0.6943770 
Perityle_crassifolia_70_ventanas           0.0000010 0.6047808 0.6054454 0.5583781 0.5951690 0.6853713 0.5687266 0.5909491 0.5879994 0.5710972 0.6237356 0.6154770 0.5747347 0.1221717 0.6008133 0.0000010 0.5612515 0.6122913 0.1093232 0.0904059 0.6052522 0.5847379 0.5388667 0.6429497 0.5704505 0.5775966 0.6086794 0.6438587 0.6271217 0.0000000 0.5885707 0.6102307 0.1336268 1.1925736 0.6084887 0.6265955 0.1174251 0.9877210 0.5748393 0.6116039 0.3811342 0.3811342 0.1213121 0.5704927 0.1099854 0.5883354 0.5621609 0.5688525 0.5862003 0.1133865 0.1000510 0.5932405 0.5745836 0.6195376 0.5486556 0.6226766 0.1716141 0.5833312 0.5713616 0.6112778 0.5585565 0.6246821 0.6274088 0.6149413 0.6333050 0.5808553 0.0882623 0.6269498 0.5820047 0.5757102 0.5747347 0.5776373 0.6145172 0.5775966 0.6181801 0.6442191 0.6175046 0.1133028 0.5804825 0.5889692 0.4492327 0.6261695 0.3251730 
Perityle_crassifolia_74_playa_balandra     0.0000010 0.0733905 0.0840263 0.2977740 0.0894459 0.4139230 0.1655528 0.4336358 0.2949198 0.0120455 0.0891534 0.0864860 0.1270696 0.7251481 0.0839190 0.0000010 0.4618542 0.1355813 0.7085866 0.5643546 0.0869079 0.1240498 0.1418516 0.3252574 0.1267478 0.1299570 0.4824471 0.0952590 0.2927609 0.5885707 0.0000000 0.1341334 0.5953263 1.0631528 0.4505798 0.0890657 0.5496582 0.9314765 0.1550474 0.1445084 0.6602434 0.6602434 0.5859283 0.1269079 0.5290762 0.1533069 0.1320803 0.1272361 0.1476919 0.5351002 0.5824642 0.4581047 0.1325563 0.4950875 0.1247638 0.1064134 0.6570591 0.1357298 0.1287813 0.1454930 0.1135011 0.0824576 0.4625460 0.1407356 0.0843072 0.1043915 0.6923638 0.4680208 0.1789456 0.0072021 0.1270696 0.1281419 0.0842623 0.1243334 0.0815391 0.1653531 0.0788090 0.6317285 0.5144225 0.1298572 0.0590145 0.0867982 0.5407193 
Perityle_cuneata_34_cuneata_San_antonio    1.3448278 0.1497246 0.2908187 0.3924863 0.1794995 0.4420575 0.2189517 0.4727575 0.4172144 0.1942217 0.1884794 0.1892244 0.2489311 1.1095656 0.1718469 1.1159973 0.8295398 0.2572242 0.8599994 0.5241994 0.1604963 0.1483391 0.1467124 0.6302546 0.2500277 0.1521305 0.7921839 0.1930069 0.6309333 0.6102307 0.1341334 0.0000000 0.9226854 1.1068278 0.7961983 0.1351230 0.5582880 1.0613079 0.1576379 0.1531564 0.8281816 0.8094808 0.6667682 0.1362433 0.5250721 0.1687856 0.1454967 0.1431793 0.1588747 0.5411616 0.5802054 0.8118934 0.1455335 0.8640302 0.1328324 0.1604874 0.6227708 0.1587746 0.1496685 0.1200050 0.0722277 0.1220289 0.8218849 0.1669757 0.1463774 0.4322066 0.8273685 0.8000286 0.1809685 0.1919237 0.1507353 0.1220628 0.1850590 0.1132690 0.2336993 0.1626872 0.1563219 0.8638410 0.5554001 0.1546082 0.2044279 0.1480165 0.6181112 
Perityle_cuneata_4                         0.8270923 0.7133959 0.8662448 0.6307559 0.9371279 0.7004325 0.9408525 0.6537725 0.8623928 0.8507885 0.9154939 0.8576314 0.9554949 0.4343107 0.8396417 0.8634523 0.7275609 0.9447756 0.1113699 0.0898883 0.8520144 0.9067471 0.5178112 0.7691065 0.9171055 0.9189853 0.7412774 0.9231268 0.7523503 0.1336268 0.5953263 0.9226854 0.0000000 1.3318686 0.7183586 0.7931642 0.1430294 1.2103769 0.8893810 0.9360785 0.3143855 0.2994982 0.2900096 0.9011177 0.1181674 0.9101556 0.8796648 0.8806140 0.9321968 0.1182462 0.1178630 0.7538142 0.8888928 0.7241018 0.8112451 0.7082266 0.1713161 0.9024802 0.9126685 0.7367270 0.5799969 0.6445719 0.7945895 0.9056184 0.8818224 0.8035663 0.1312264 0.7240548 0.7533036 0.8512009 0.9006771 0.6562808 0.8686625 0.6074674 0.9995801 0.9537814 0.8108513 0.3580927 0.6442496 0.9180704 0.8441930 0.7825372 0.4302107 
Perityle_discoidea_81                      0.0000010 1.2307594 1.1914360 1.1292716 1.1697175 1.0571758 1.1184071 1.1990726 1.1728080 1.0422233 1.1530688 1.0796321 1.0262829 1.7739233 1.1171453 0.0000010 1.1794903 1.0342361 1.4287813 1.2146721 1.0891275 1.0456069 1.2729426 1.2819616 1.0071052 1.0456069 1.1395730 1.1311899 1.1877601 1.1925736 1.0631528 1.1068278 1.3318686 0.0000000 1.1595505 1.1568981 1.1925736 0.4251552 1.0824041 1.0389466 1.0501622 1.0501622 1.1430697 1.0590007 1.1430697 1.0930841 1.0487021 1.0790614 1.0654649 1.1430697 1.2610219 1.1595505 1.0476662 1.1395730 1.0445218 1.2601550 1.0345790 1.0570155 1.0262829 1.1719659 1.2275178 1.2385506 1.1821000 1.1681517 1.1456368 1.3628790 1.3669679 1.1884065 1.2870767 1.0655343 1.0262829 1.1661779 1.1106079 1.1450884 1.1557929 1.0790519 1.1542375 1.1943571 1.3475428 1.0456069 1.1559018 1.1802079 1.1321744 
Perityle_dissecta_201                      1.0226807 0.5219847 0.8592943 0.5374878 0.7164513 0.4634285 0.7244568 0.2639310 0.7824508 0.7423933 0.7689643 0.7554622 0.7218848 0.9260076 0.6157890 1.1345597 0.0330560 0.7799978 0.8134017 0.5935833 0.7011558 0.6874033 0.3547989 0.6791925 0.7548575 0.6980693 0.0577331 0.7895660 0.4194297 0.6084887 0.4505798 0.7961983 0.7183586 1.1595505 0.0000000 0.6637976 0.6221357 1.2246474 0.7959685 0.7277619 0.7543485 0.7637892 0.7349612 0.6838755 0.5895286 0.7685461 0.7022410 0.7111529 0.6956542 0.6468413 0.6543234 0.0143270 0.6859161 0.1449156 0.6661490 0.5720395 0.7237957 0.6952724 0.6993744 0.5360724 0.3435479 0.4682570 0.0243503 0.7506486 0.7213181 0.7224050 0.7954505 0.0254446 0.5962478 0.7362037 0.7167493 0.5509076 0.7576852 0.4301175 0.7669657 0.8019565 0.6845361 0.9791045 0.2949649 0.7110326 0.6351454 0.5426138 0.6804970 
Perityle_emoryi_47_punta_san_jose          1.0260800 0.0831788 0.1543764 0.3532915 0.1186473 0.4057514 0.2067208 0.4949745 0.4094800 0.1204151 0.1249428 0.0525574 0.2273139 0.9566478 0.0418522 0.8292840 0.6700700 0.2085221 0.8072474 0.5504001 0.0470613 0.1430507 0.1154557 0.5256557 0.1812412 0.1465598 0.6690524 0.0885515 0.5040434 0.6265955 0.0890657 0.1351230 0.7931642 1.1568981 0.6637976 0.0000000 0.5795267 1.0467581 0.1482223 0.1476037 0.7929749 0.7872205 0.6144543 0.1461980 0.5556345 0.1662385 0.1509521 0.1549576 0.1570650 0.5601596 0.6036500 0.6679499 0.1429606 0.7231691 0.1461185 0.0930434 0.6440904 0.1535795 0.1443579 0.1208725 0.1244743 0.0351868 0.6755336 0.1210944 0.0130839 0.2250909 0.7790488 0.6783544 0.1725687 0.1077698 0.1430283 0.1113658 0.0442269 0.1147068 0.0820313 0.1485726 0.0422736 0.7770737 0.5406188 0.1465160 0.0304772 0.0933972 0.6062055 
Perityle_feddemae_99                       0.0000010 0.5827682 0.5708048 0.5783837 0.5696653 0.6657919 0.5411044 0.6060809 0.5220687 0.5332094 0.5714264 0.5895126 0.5408457 0.1491173 0.5787755 0.0000010 0.6006779 0.5752551 0.1003349 0.1115595 0.5829898 0.5477544 0.5343015 0.5959356 0.5438989 0.5408457 0.6376157 0.6114297 0.5754606 0.1174251 0.5496582 0.5582880 0.1430294 1.1925736 0.6221357 0.5795267 0.0000000 1.1710682 0.5221666 0.5718230 0.3562936 0.3562936 0.0217521 0.5339719 0.0188661 0.5545129 0.5342499 0.5350515 0.5517606 0.0226177 0.1154037 0.6236484 0.5404723 0.6473886 0.5054082 0.5913462 0.2079307 0.5424683 0.5328920 0.5495023 0.5207420 0.5951294 0.6593973 0.5751458 0.5943334 0.5505839 0.1155312 0.6593131 0.5368722 0.5407301 0.5408457 0.5488472 0.5827918 0.5408457 0.5781722 0.5996409 0.5829931 0.1422831 0.6035625 0.5546985 0.4297073 0.5959921 0.3068732 
Perityle_fosteri_93                        0.0000010 0.9686786 1.0195279 1.0942624 1.0090250 1.0585342 1.0190912 1.1371395 1.0405738 1.0276396 1.0584859 1.0274980 0.9748682 1.4834169 1.0324029 9.0000000 1.2342536 0.9843010 1.2698426 1.0739786 1.0168275 0.9870239 1.0397114 1.0783317 0.9897847 0.9965327 1.2027426 1.0679335 1.0456090 0.9877210 0.9314765 1.0613079 1.2103769 0.4251552 1.2246474 1.0467581 1.1710682 0.0000000 0.9981248 1.0045531 1.2686417 1.2686417 1.1898147 1.0359275 1.1246391 1.0131140 1.0029184 1.0254424 1.0195533 1.1553213 1.0925147 1.2466241 0.9943315 1.2117001 0.9782276 1.0538634 1.0567635 0.9943249 0.9842358 1.0129884 1.0113088 1.0157958 1.2635177 0.9888205 1.0104342 1.0078383 1.1967985 1.2403222 1.0231082 1.0333228 0.9748682 0.9395742 0.9980474 0.9329919 1.0299374 1.0488983 1.0403927 1.3235601 1.1889171 0.9944301 1.0560589 1.0034065 1.3059447 
Perityle_gamon_221                         1.3042448 0.1578891 0.3682828 0.3768071 0.1841000 0.4276474 0.2088551 0.4862285 0.4300709 0.2020764 0.1730142 0.1772710 0.2265698 1.0444435 0.1553519 1.1746077 0.8632618 0.2581649 0.8532800 0.5364182 0.1595926 0.1043225 0.1455184 0.6073711 0.2887401 0.1003462 0.8343351 0.1973686 0.6563543 0.5748393 0.1550474 0.1576379 0.8893810 1.0824041 0.7959685 0.1482223 0.5221666 0.9981248 0.0000000 0.0989422 0.7851364 0.7728136 0.7329703 0.0990482 0.5041479 0.1027539 0.1020770 0.0960582 0.1096643 0.5289342 0.5982717 0.8340182 0.1009327 0.8472750 0.0895046 0.1569546 0.6266428 0.1043589 0.1029117 0.1466362 0.0391430 0.1429243 0.8654877 0.1653957 0.1505031 0.4797789 0.8129678 0.8184261 0.1730361 0.1958249 0.0979040 0.1028547 0.1662707 0.0770554 0.2862236 0.1130942 0.1814708 0.9177123 0.5337706 0.1024082 0.1780053 0.1504759 0.6025992 
Perityle_gentryi_8_san_francisco           1.4849352 0.1396136 0.3192745 0.3921831 0.1742374 0.4196818 0.2192490 0.4651302 0.3743721 0.1695046 0.1728672 0.1722677 0.1528721 1.0538264 0.1536811 1.3371540 0.8185710 0.2262354 0.9151227 0.5515034 0.1615071 0.0626620 0.1685164 0.5947804 0.2277420 0.0586364 0.7785801 0.1850754 0.6360493 0.6116039 0.1445084 0.1531564 0.9360785 1.0389466 0.7277619 0.1476037 0.5718230 1.0045531 0.0989422 0.0000000 0.8607154 0.8436118 0.7894369 0.0611147 0.5485848 0.1194872 0.0602549 0.0482576 0.0684180 0.5723702 0.6061783 0.7741746 0.0596433 0.7981572 0.0472709 0.1598401 0.6563095 0.0632035 0.0600488 0.1287491 0.0870249 0.1272800 0.8023105 0.1524310 0.1477865 0.4874523 0.8673787 0.7317545 0.1362574 0.1770486 0.0586190 0.0694172 0.1595989 0.0394239 0.2883271 0.1162703 0.1729148 0.9248619 0.5060296 0.0618097 0.1677478 0.1523537 0.6268853 
Perityle_gilensis_22_Superstition          0.9459641 0.7385660 0.8245284 0.6213522 0.9029439 0.6818154 0.8274581 0.7542344 0.8572698 0.8075694 0.8521404 0.8196768 0.9160110 0.7445995 0.8129591 0.9342286 0.7668860 0.8744803 0.3270191 0.3142190 0.7951524 0.8070113 0.7188383 0.8025439 0.9156444 0.8391809 0.7961679 0.8727886 0.7684947 0.3811342 0.6602434 0.8281816 0.3143855 1.0501622 0.7543485 0.7929749 0.3562936 1.2686417 0.7851364 0.8607154 0.0000000 0.0024581 0.5576673 0.8045199 0.2994221 0.7990138 0.7833818 0.8047643 0.8148502 0.2987543 0.4196763 0.7932663 0.8093241 0.8071647 0.7635299 0.7211273 0.4410667 0.7929203 0.7996627 0.7154863 0.6199919 0.7205541 0.8449876 0.8321055 0.8226159 0.8430293 0.3748750 0.7544199 0.7625645 0.7756769 0.8080540 0.7245228 0.8380684 0.6797728 0.9596590 0.8472960 0.8245260 0.6147351 0.7545742 0.8109076 0.7709867 0.7967089 0.1612650 
Perityle_gilensis_salensis_225             1.0218394 0.7385660 0.8035934 0.6170901 0.9036420 0.6818154 0.8182342 0.7542344 0.8624739 0.7972095 0.8590655 0.8053942 0.9158692 0.7548494 0.8129591 1.0148166 0.7969144 0.8691915 0.3072057 0.3142190 0.7858907 0.7934251 0.7188383 0.7921446 0.8987874 0.8438699 0.8050005 0.8598773 0.7804045 0.3811342 0.6602434 0.8094808 0.2994982 1.0501622 0.7637892 0.7872205 0.3562936 1.2686417 0.7728136 0.8436118 0.0024581 0.0000000 0.5621726 0.7965249 0.2994221 0.7830326 0.7709638 0.7898975 0.8008138 0.2987543 0.4196763 0.8015893 0.7956023 0.8158079 0.7581668 0.7142818 0.4410667 0.7759246 0.7862920 0.7154863 0.6199919 0.7205541 0.8519452 0.8242404 0.8125955 0.8619024 0.3786416 0.7640058 0.7614584 0.7666869 0.7943985 0.7235163 0.8270155 0.6797728 0.9850619 0.8317713 0.8234525 0.6523886 0.7545742 0.7971317 0.7595661 0.7967089 0.1568873 
Perityle_glaucescens_94                    0.3441957 0.6256867 0.8964318 0.6307231 0.7043990 0.6548749 0.6238149 0.6239277 0.6635333 0.5949251 0.8420946 0.6860155 0.7542866 0.1581679 0.6355887 0.3725506 0.5520528 0.7069241 0.2635941 0.1168655 0.6258221 0.7596194 0.5387165 0.8108682 0.7456728 0.7430775 0.8170827 0.7798582 0.8069174 0.1213121 0.5859283 0.6667682 0.2900096 1.1430697 0.7349612 0.6144543 0.0217521 1.1898147 0.7329703 0.7894369 0.5576673 0.5621726 0.0000000 0.7430747 0.0266511 0.7623598 0.7702493 0.5859140 0.7735975 0.0371112 0.1285615 0.7651957 0.7456666 0.8958169 0.6104915 0.6432855 0.2144988 0.6670882 0.7508115 0.5967300 0.5251174 0.5979501 0.8727986 0.6459627 0.6507965 0.4877830 0.2647405 0.7257277 0.7439992 0.6001048 0.7648608 0.7385919 0.7724823 0.5767133 0.8059992 0.6928734 0.7438847 0.3103332 0.6535684 0.7799952 0.4354519 0.6082807 0.3285061 
Perityle_gracilis_11                       1.2538980 0.1322223 0.2770217 0.3759650 0.1761920 0.4273267 0.2116822 0.4596003 0.3902911 0.1807454 0.1573047 0.1736984 0.1642316 1.0132604 0.1524825 1.1370131 0.7685311 0.2523812 0.8508499 0.5146663 0.1578801 0.0233144 0.1604195 0.5798193 0.2106781 0.0191534 0.7222344 0.1810694 0.6127055 0.5704927 0.1269079 0.1362433 0.9011177 1.0590007 0.6838755 0.1461980 0.5339719 1.0359275 0.0990482 0.0611147 0.8045199 0.7965249 0.7430747 0.0000000 0.5113830 0.1121480 0.0337878 0.0116170 0.0284208 0.5246002 0.5677050 0.7229239 0.0307995 0.7880645 0.0243008 0.1500408 0.6076785 0.0252095 0.0202845 0.1287309 0.0867300 0.1218826 0.7484251 0.1425042 0.1526839 0.4375580 0.8136793 0.6912470 0.0832715 0.1580047 0.0181278 0.0235506 0.1568574 0.0183070 0.2669565 0.1131479 0.1768067 0.8571166 0.5011059 0.0222080 0.1559539 0.1551166 0.6405929 
Perityle_harkerae_31                       0.0000010 0.5612995 0.5489727 0.5368259 0.5378201 0.6312327 0.5189164 0.6061064 0.4943801 0.5128812 0.5479870 0.5581110 0.5184163 0.1392515 0.5483298 0.0000010 0.5890938 0.5450993 0.1007656 0.1020587 0.5524147 0.5184163 0.5013193 0.5572263 0.5214199 0.5184163 0.6045129 0.5798683 0.5334021 0.1099854 0.5290762 0.5250721 0.1181674 1.1430697 0.5895286 0.5556345 0.0188661 1.1246391 0.5041479 0.5485848 0.2994221 0.2994221 0.0266511 0.5113830 0.0000000 0.5222725 0.5116643 0.5124406 0.5294254 0.0113310 0.1110921 0.5909815 0.5180458 0.6143421 0.4809200 0.5695052 0.2027565 0.5200142 0.5098489 0.5429657 0.4965910 0.5651136 0.6270458 0.5521285 0.5640487 0.5399698 0.1124524 0.6265563 0.5142318 0.5204080 0.5184163 0.5265585 0.5512302 0.5184163 0.5505638 0.5677030 0.5573417 0.1400762 0.5817969 0.5254867 0.4106298 0.5742184 0.2540019 
