86
Amauria_brandeegeana_62                    0.0000000 0.0940074 0.1032978 0.2977916 0.2517625 0.1352361 0.2431904 0.1715660 0.4081992 0.3190035 0.1357398 0.2630601 0.3342233 0.2368224 0.2216288 0.2156226 0.2796520 0.1919768 0.1441049 0.2600928 0.2300351 0.2334420 0.1547223 0.2785260 0.3612513 0.2700463 0.1351489 0.3089123 0.2895198 0.1601471 0.1341550 0.1348256 0.3011347 0.2703643 0.1726859 0.3167178 0.2320167 0.1782653 0.1459561 0.2184172 0.2865742 0.2560402 0.2699228 0.2389274 0.2822868 0.1473356 0.2840257 0.2829805 0.2738331 0.2133818 0.3124656 0.2817589 0.2151067 0.1180177 0.2322536 0.2459869 0.1147938 0.3077192 0.2563905 0.2743171 0.2519845 0.2503007 0.1938370 0.2165892 0.2894861 0.2690747 0.3330818 0.2399622 0.2767403 0.2887601 0.2936008 0.2759028 0.1941455 0.2585851 0.2706694 0.3349169 0.1918004 0.2471298 0.2835963 0.2164054 0.2390102 0.2621948 0.3035117 0.2685895 0.1510941 0.2349334 
Amauria_carterae_99_mesa                   0.0940074 0.0000000 0.0202875 0.1322582 0.0000010 0.0000010 0.1552185 0.0843135 0.1436436 0.2634126 0.0623896 0.1601258 0.0000010 0.1566734 0.0000010 0.2720854 0.1568734 0.2771061 0.0413105 0.1654535 0.1508105 0.1482005 0.0000010 0.1601595 0.0000010 0.1661864 0.1319689 0.0000010 0.0000010 0.1829166 0.0000010 0.0413653 0.1686382 0.0000010 0.0623896 0.2767994 0.0782300 0.2646246 0.1543007 0.2883380 0.0000010 0.1508046 0.0705355 0.1546539 0.0000010 0.1303568 0.0000010 0.1465800 0.1512095 0.0807562 0.0000010 0.0000010 0.1560106 0.1357686 0.2651574 0.0000010 0.0000010 0.0000010 0.1572041 0.1482005 0.0000010 0.0000010 0.3077628 0.1057101 0.1749979 0.1673277 0.0837552 0.1627718 0.1724299 0.0000010 0.0000010 0.1627576 0.2624444 0.0000010 0.1482005 0.0000010 0.2341029 0.1628394 0.0000010 0.1566040 0.1691537 0.0000010 0.0000010 0.0000010 0.3838558 0.2569371 
Amauria_rotundifolia_SRR9119150            0.1032978 0.0202875 0.0000000 0.2984111 0.2663615 0.1238919 0.2623329 0.1948076 0.4045138 0.3058188 0.1687804 0.2489150 0.3246716 0.1350244 0.2186339 0.1205659 0.2550102 0.1649872 0.1320286 0.1497034 0.1223308 0.2478061 0.1508645 0.2609699 0.3784473 0.2440577 0.1254671 0.3291750 0.2982678 0.1627842 0.1298110 0.1323419 0.2583199 0.2811487 0.1693179 0.2865286 0.2674877 0.1543382 0.1403940 0.1219416 0.2954417 0.2488624 0.2690667 0.1348209 0.2988201 0.1688002 0.2942529 0.2439728 0.2479976 0.2364068 0.2961270 0.2931488 0.2422970 0.1098855 0.2139664 0.2550398 0.1264672 0.3166061 0.2421967 0.2491451 0.2848920 0.3088133 0.1252377 0.2284080 0.2635666 0.2376727 0.3325063 0.2429172 0.2456678 0.3346330 0.3167044 0.2589963 0.1715570 0.2703856 0.2449165 0.3429240 0.1129150 0.2616969 0.2902201 0.1225406 0.1192989 0.3196258 0.2938362 0.2730745 0.1236407 0.2123417 
Conoclinium_coelestinum_SRR9119114         0.2977916 0.1322582 0.2984111 0.0000000 0.2045238 0.3207476 0.2177504 0.3133278 0.3995957 0.2796376 0.3009602 0.2308224 0.2689901 0.2213064 0.2593990 0.2930833 0.2225673 0.3031811 0.3280341 0.2259697 0.2104298 0.2272839 0.3886502 0.2259205 0.2788342 0.2246147 0.2957065 0.2185774 0.2319095 0.2981553 0.3784791 0.3375581 0.2298971 0.2239212 0.3626065 0.2369623 0.2283333 0.2809434 0.3124787 0.2955762 0.2226744 0.2298933 0.2379497 0.2154249 0.3267105 0.3163818 0.2156542 0.2282328 0.2227415 0.2330248 0.2400115 0.2233607 0.2285414 0.2881875 0.4519596 0.2542723 0.3139834 0.2707076 0.2232647 0.2295254 0.2842913 0.1867456 0.2945237 0.2783784 0.2305546 0.2491770 0.3912195 0.2792125 0.2603479 0.2718547 0.2735998 0.2231891 0.2824604 0.2169668 0.2257728 0.2509218 0.3123547 0.4408907 0.2115774 0.2122596 0.2168096 0.2449388 0.2260085 0.2301386 0.3315104 0.3244411 
Eutetras_palmeri_63                        0.2517625 0.0000010 0.2663615 0.2045238 0.0000000 0.2857327 0.2075961 0.3257147 0.5587780 0.2106710 0.2793231 0.1352597 0.1302484 0.0723871 0.1495846 0.2596301 0.1217020 0.2553361 0.2978029 0.0000010 0.1807412 0.1299926 0.3502435 0.1278223 0.1353822 0.1276679 0.2840066 0.1250302 0.1160861 0.3010672 0.3468738 0.2847453 0.1334020 0.1344771 0.3219769 0.1438849 0.1145886 0.2621260 0.2951289 0.2616296 0.1160975 0.1303091 0.1251976 0.1416923 0.1976886 0.3156654 0.1168348 0.1354039 0.1266648 0.1331699 0.1207897 0.1223196 0.1248521 0.2810230 0.4093262 0.1628524 0.3579883 0.2188976 0.1221074 0.1299790 0.1630635 0.0316176 0.2612648 0.2258149 0.1309616 0.1174900 0.4154212 0.1371402 0.1031164 0.1203230 0.1377877 0.1255436 0.2689318 0.1279371 0.1332948 0.1205289 0.3413729 0.4213235 0.1130438 0.1708880 0.1654541 0.1334344 0.1150200 0.1224621 0.2838632 0.3389383 
Eutetras_pringlei_149_quer                 0.1352361 0.0000010 0.1238919 0.3207476 0.2857327 0.0000000 0.2637889 0.1764748 0.2504148 0.3220654 0.1087800 0.2931444 0.2835226 0.3447167 0.1952741 0.1031706 0.2797914 0.0907319 0.1212004 0.2189040 0.3447167 0.2885902 0.1774251 0.2784993 0.2775431 0.2717701 0.1068964 0.3023628 0.3013210 0.1578414 0.1287105 0.0690547 0.2898077 0.2738891 0.1410866 0.2776526 0.2768709 0.1290235 0.1078798 0.1028209 0.2906105 0.2790692 0.2871906 0.3447167 0.2865435 0.1119808 0.2913622 0.2809106 0.2720453 0.2893975 0.2876137 0.2824110 0.2839575 0.1131233 0.3671184 0.2803496 0.1075227 0.2023286 0.2722165 0.2834513 0.2852412 0.2654623 0.1204877 0.2249825 0.2931444 0.2847884 0.2814873 0.3200616 0.2982661 0.2833265 0.2773063 0.2778868 0.1269004 0.2833254 0.2839404 0.2832552 0.1520398 1.0370294 0.2649702 0.3447167 0.3447167 0.2873354 0.2858933 0.2758687 0.1008134 0.2280023 
Eutrochium_fistulosum_SRR9119106           0.2431904 0.1552185 0.2623329 0.2177504 0.2075961 0.2637889 0.0000000 0.2639211 0.4479804 0.2696553 0.2535710 0.2041784 0.2783381 0.1962803 0.1967398 0.2619551 0.2020969 0.2472701 0.2451098 0.1981341 0.1670491 0.1963695 0.3140476 0.2046746 0.2705824 0.2033185 0.2474083 0.2445322 0.2008547 0.2716960 0.3211533 0.2438886 0.2271142 0.2160694 0.2482943 0.2040032 0.2150584 0.2447342 0.2717245 0.2602647 0.2114680 0.2056776 0.2294013 0.1871385 0.2581112 0.2857625 0.2080688 0.2091629 0.1976187 0.2029673 0.2033645 0.2071665 0.1944129 0.2229811 0.3480578 0.2818392 0.2646795 0.2062107 0.1949686 0.1983183 0.2750246 0.1064481 0.2598310 0.2232133 0.2146354 0.1903223 0.5096953 0.2430145 0.2408842 0.1725308 0.2025825 0.2033126 0.2519770 0.1973128 0.1934841 0.2532269 0.2598970 0.3139147 0.2082912 0.1770229 0.1864216 0.1264923 0.2023787 0.2051935 0.2450887 0.3001606 
Galeana_pratensis_104_mex                  0.1715660 0.0843135 0.1948076 0.3133278 0.3257147 0.1764748 0.2639211 0.0000000 0.2677763 0.3480340 0.1647282 0.3230702 0.3698192 0.0673147 0.2520003 0.1824768 0.3095679 0.1661427 0.2031128 0.0677974 0.0531402 0.3130344 0.1559731 0.3131853 0.3571776 0.3079532 0.1864215 0.3666195 0.3841849 0.1728784 0.1618779 0.1646088 0.2828661 0.3413897 0.1705862 0.3041052 0.2790867 0.1822967 0.1667977 0.1783794 0.3732804 0.3133624 0.3062090 0.0534249 0.3517543 0.1729786 0.3682574 0.3123767 0.3024758 0.3031614 0.3645220 0.3685776 0.3155755 0.1985119 0.3223452 0.3298268 0.1559293 0.2836358 0.2959562 0.3058453 0.3388651 0.2646222 0.1827207 0.2468271 0.3282407 0.3278258 0.2863142 0.3116989 0.3211414 0.3185125 0.3637163 0.3125987 0.1665583 0.3529979 0.3088195 0.3601134 0.1214855 0.5113398 0.3275782 0.0396888 0.0396888 0.3277251 0.3681302 0.3432576 0.1687150 0.2400655 
Helianthus_annuus_SRR9119062               0.4081992 0.1436436 0.4045138 0.3995957 0.5587780 0.2504148 0.4479804 0.2677763 0.0000000 0.4874773 0.3831361 0.4990345 0.6116221 0.2220923 0.4614669 0.4057910 0.4665481 0.3850196 0.3948611 0.1029103 0.3123476 0.4599128 0.3005767 0.4566193 0.5758117 0.4719714 0.4446698 0.4818586 0.5599224 0.3589494 0.3981540 0.4044938 0.5384010 0.5153990 0.3876475 0.5150167 0.4136194 0.4044172 0.4326289 0.3998376 0.5102716 0.4711820 0.4900896 0.3060287 0.5572902 0.4465520 0.5093077 0.4767080 0.4722536 0.5070903 0.5135642 0.5170209 0.4719787 0.4335657 0.4758199 0.5371795 0.4011289 0.5464618 0.4493682 0.4620713 0.5403096 0.3677792 0.4201382 0.4052616 0.4570803 0.5226640 0.6081430 0.5019589 0.5290462 0.4973392 0.5549301 0.4570770 0.4050430 0.5083060 0.4653048 0.5692208 0.2700225 0.4751804 0.5256063 0.3045900 0.2974578 0.4030845 0.4916642 0.5450327 0.3766170 0.4277711 
Lycapsus_tenuifolius_17                    0.3190035 0.2634126 0.3058188 0.2796376 0.2106710 0.3220654 0.2696553 0.3480340 0.4874773 0.0000000 0.3140672 0.2588481 0.2330858 0.2754851 0.2948275 0.2663969 0.2411194 0.2631108 0.3238277 0.2930373 0.2674239 0.2359859 0.3965545 0.2444844 0.2636101 0.2444664 0.2711454 0.2237374 0.2167282 0.3395245 0.3681599 0.3245045 0.2518490 0.0893136 0.3755726 0.2123801 0.2454360 0.2581427 0.3348563 0.2692621 0.2058550 0.2462172 0.2514756 0.2819962 0.3102011 0.3522146 0.2121483 0.2501178 0.2398315 0.2397745 0.2245488 0.2072766 0.2239240 0.2740895 0.3045722 0.2841561 0.3320491 0.3528239 0.2486983 0.2534262 0.2989422 0.3033616 0.2778714 0.3071333 0.2591832 0.2516916 0.4178016 0.2821815 0.2657776 0.2589606 0.2575292 0.2427245 0.2756647 0.2271336 0.2547164 0.2294763 0.2134382 0.3621159 0.2140680 0.2764738 0.2797803 0.2819287 0.2200136 0.2126788 0.3071409 0.2578203 
Pericome_caudata_50_silver                 0.1357398 0.0623896 0.1687804 0.3009602 0.2793231 0.1087800 0.2535710 0.1647282 0.3831361 0.3140672 0.0000000 0.2549892 0.3629219 0.1191676 0.1945662 0.1531363 0.2583230 0.1358444 0.1419137 0.1070530 0.1064988 0.2527469 0.1682090 0.2624405 0.4142663 0.2439929 0.1544971 0.3343936 0.3020551 0.1562385 0.1448465 0.1298820 0.2673388 0.2924015 0.1953249 0.2939705 0.2636433 0.1466469 0.1355747 0.1603966 0.3090485 0.2513092 0.2686125 0.1126665 0.3015926 0.1340144 0.3042720 0.2491421 0.2458872 0.2353130 0.3097890 0.3066144 0.2475001 0.1578231 0.2073966 0.2702522 0.1431908 0.2972597 0.2465338 0.2528394 0.2826063 0.2654469 0.1686343 0.2343397 0.2715278 0.2420427 0.3624191 0.2269088 0.2493164 0.3097336 0.3226377 0.2592732 0.1534521 0.2884672 0.2512518 0.3770152 0.1209021 0.2070328 0.2856222 0.1065127 0.1063740 0.2911150 0.3039654 0.2824987 0.0983173 0.2167301 
Perityle_aglossa_84_dead_horse             0.2630601 0.1601258 0.2489150 0.2308224 0.1352597 0.2931444 0.2041784 0.3230702 0.4990345 0.2588481 0.2549892 0.0000000 0.0600239 0.0817239 0.1447792 0.3226197 0.0542374 0.3062902 0.2842837 0.0870388 0.0716467 0.0389149 0.4013080 0.0607873 0.0500952 0.0589841 0.2311219 0.1054195 0.1057868 0.2752225 0.3762142 0.2692571 0.1486354 0.1543043 0.3119318 0.2304007 0.1203477 0.2816499 0.2567774 0.3301387 0.0427797 0.0589505 0.1286717 0.0817651 0.1969040 0.2747268 0.0495566 0.0591963 0.0591240 0.1298988 0.0329094 0.0524227 0.0416548 0.2280405 0.3436309 0.1549800 0.3535215 0.1911249 0.0568239 0.0537204 0.1561964 0.0570726 0.3114927 0.2399833 0.0498220 0.1504200 0.4028310 0.1680158 0.1346772 0.0925570 0.0622683 0.0606380 0.3214044 0.0327696 0.0559316 0.0516019 0.2733642 0.2978452 0.1188474 0.0711025 0.0844125 0.1370474 0.0315912 0.1052628 0.2830599 0.3198172 
Perityle_ajoensis_204                      0.3342233 0.0000010 0.3246716 0.2689901 0.1302484 0.2835226 0.2783381 0.3698192 0.6116221 0.2330858 0.3629219 0.0600239 0.0000000 0.0934515 0.1744676 0.3111774 0.0905851 0.3491704 0.3601170 0.0000010 0.1839328 0.0839018 0.3812134 0.1498940 0.1034983 0.0747851 0.3610701 0.1825676 0.1212759 0.3060357 0.3481064 0.3866188 0.1627423 0.1314555 0.3475759 0.1203454 0.2160097 0.2804606 0.3706969 0.3375021 0.0885040 0.0918349 0.1934595 0.1397307 0.2470021 0.3834546 0.0803537 0.0758340 0.0806923 0.1563693 0.0562608 0.0953390 0.0750195 0.3745552 0.4660115 0.1890942 0.3369008 0.1775830 0.0694028 0.0908050 0.1932011 0.0699685 0.3336429 0.2340934 0.1257874 0.1095818 0.4481885 0.2101483 0.1430313 0.0826217 0.0730796 0.1088024 0.3247953 0.0633855 0.0623827 0.0903406 0.3511139 0.5009591 0.1262797 0.1920231 0.1834456 0.1288102 0.0728587 0.1227861 0.3497801 0.3401622 
Perityle_ambrosiifolia_67_green            0.2368224 0.1566734 0.1350244 0.2213064 0.0723871 0.3447167 0.1962803 0.0673147 0.2220923 0.2754851 0.1191676 0.0817239 0.0934515 0.0000000 0.0825268 0.2815004 0.0319656 0.3152996 0.1038702 0.0292724 0.0201178 0.0226422 0.0000010 0.0244812 0.0000010 0.0267418 0.1362165 0.0836024 0.0724288 0.1810471 0.0000010 0.1271232 0.1213665 0.1173869 0.3369240 0.3188600 0.1571661 0.2695304 0.1082011 0.2841788 0.0825268 0.0213057 0.1396693 0.0267920 0.7026717 0.1152637 0.0825268 0.0266328 0.0242528 0.1539836 0.0000010 0.0825644 0.0161222 0.1334614 0.2713255 0.0834579 0.0000010 0.0338211 0.0289790 0.0233420 0.0000010 0.0000010 0.3193700 0.1005830 0.0407678 0.2699976 0.1689856 0.1934164 0.1496059 0.0000010 0.3859507 0.0246768 0.3037365 0.0821184 0.0240178 0.0825268 0.2299966 0.1652092 0.1058000 0.0274399 0.0377461 0.0000010 0.0000010 0.0825268 0.2373753 0.2515126 
Perityle_angustifolia_13_Eagle_creek       0.2216288 0.0000010 0.2186339 0.2593990 0.1495846 0.1952741 0.1967398 0.2520003 0.4614669 0.2948275 0.1945662 0.1447792 0.1744676 0.0825268 0.0000000 0.1957610 0.1536797 0.1936374 0.2482864 0.0000010 0.1085950 0.1618130 0.1205346 0.1724886 0.2043658 0.1498984 0.1731057 0.1841835 0.1634803 0.2187492 0.1690294 0.1855034 0.2089008 0.1844735 0.1805930 0.1682734 0.2141109 0.1462148 0.2073193 0.2031644 0.1487878 0.1719375 0.2121905 0.1078102 0.2144469 0.2134967 0.1488503 0.1609778 0.1491385 0.1787067 0.1581298 0.1500473 0.1474180 0.1785241 0.2345540 0.1377695 0.1377389 0.1080990 0.1547242 0.1641270 0.1445814 0.0698555 0.1953245 0.1673254 0.1627433 0.1615157 0.3642026 0.1661516 0.1761553 0.1165482 0.1726047 0.1692792 0.2040115 0.1433259 0.1516942 0.1706868 0.0844941 0.3195268 0.1501777 0.1082322 0.0984290 0.1578397 0.1590867 0.1469826 0.1983063 0.2006227 
Perityle_batopilensis_97                   0.2156226 0.2720854 0.1205659 0.2930833 0.2596301 0.1031706 0.2619551 0.1824768 0.4057910 0.2663969 0.1531363 0.3226197 0.3111774 0.2815004 0.1957610 0.0000000 0.3179888 0.1244295 0.1452122 0.3176721 0.2828146 0.2877732 0.1030982 0.3310170 0.3919893 0.3210529 0.1585979 0.2999857 0.2901337 0.1808719 0.0969395 0.1192991 0.3400059 0.2898881 0.1578465 0.2714182 0.3211929 0.0942680 0.1833426 0.0294570 0.2599782 0.3049161 0.3368041 0.2864499 0.3011086 0.1858311 0.2657969 0.3169916 0.3222961 0.2906365 0.3312370 0.2723421 0.2742867 0.1656411 0.1452226 0.2596719 0.1279745 0.3140665 0.2949692 0.3229042 0.2916076 0.2881403 0.1005427 0.2631536 0.3383680 0.3156620 0.3144221 0.2881477 0.3396294 0.3248661 0.3250636 0.3271570 0.1689422 0.2859992 0.3184274 0.3141961 0.0808736 0.2936279 0.2669512 0.2742272 0.3096423 0.2898888 0.3209609 0.2700060 0.1085962 0.1065052 
Perityle_bisetosa_9                        0.2796520 0.1568734 0.2550102 0.2225673 0.1217020 0.2797914 0.2020969 0.3095679 0.4665481 0.2411194 0.2583230 0.0542374 0.0905851 0.0319656 0.1536797 0.3179888 0.0000000 0.3053197 0.2731419 0.0293571 0.0225316 0.0244227 0.3864948 0.0345578 0.0762625 0.0227831 0.2429649 0.1179386 0.1032739 0.2799954 0.3599691 0.2728488 0.1386624 0.1401220 0.3061034 0.2126012 0.1096741 0.2756699 0.2646244 0.3272686 0.0381467 0.0254559 0.1213848 0.0311688 0.1898310 0.2816674 0.0439012 0.0265303 0.0234404 0.1178250 0.0157281 0.0463179 0.0213159 0.2327803 0.3450853 0.1607885 0.3363754 0.1785440 0.0249172 0.0226835 0.1552823 0.0551353 0.3191562 0.2173001 0.0324739 0.1329401 0.4016320 0.1752190 0.1254079 0.0708896 0.0514917 0.0263125 0.3175424 0.0226211 0.0245835 0.0799752 0.2799881 0.3175509 0.1162794 0.0315111 0.0368373 0.1192169 0.0134312 0.0988793 0.2777346 0.2987208 
Perityle_californica_76_positas            0.1919768 0.2771061 0.1649872 0.3031811 0.2553361 0.0907319 0.2472701 0.1661427 0.3850196 0.2631108 0.1358444 0.3062902 0.3491704 0.3152996 0.1936374 0.1244295 0.3053197 0.0000000 0.1412917 0.3299425 0.3029943 0.2859007 0.1459192 0.3096299 0.3825555 0.2991723 0.1699880 0.3133676 0.2912219 0.1678433 0.0981565 0.1032037 0.3055002 0.2766182 0.1656965 0.2407835 0.2839779 0.1102830 0.1726234 0.1290190 0.2888581 0.3056419 0.3136210 0.3192524 0.2911422 0.1766057 0.2859142 0.3040412 0.2981326 0.2791830 0.2931903 0.2859075 0.2789246 0.1764600 0.1699993 0.2486860 0.1411767 0.2660672 0.2978406 0.3069525 0.2724405 0.2420353 0.1338993 0.2217007 0.3212825 0.3203836 0.3120147 0.2900347 0.3197838 0.3001416 0.2945996 0.3054205 0.1500739 0.2692524 0.3042014 0.3392414 0.1089624 0.3200112 0.2722909 0.2937379 0.3202540 0.2712047 0.2924809 0.2751625 0.0525867 0.1345843 
Perityle_canescens_77                      0.1441049 0.0413105 0.1320286 0.3280341 0.2978029 0.1212004 0.2451098 0.2031128 0.3948611 0.3238277 0.1419137 0.2842837 0.3601170 0.1038702 0.2482864 0.1452122 0.2731419 0.1412917 0.0000000 0.1040809 0.0877768 0.2746506 0.2418986 0.2793141 0.3689252 0.2674442 0.1469482 0.3405101 0.3337414 0.1740325 0.1889557 0.1069747 0.2966353 0.3034488 0.1432426 0.2999741 0.2500107 0.1592635 0.1116194 0.1453104 0.3144868 0.2789514 0.2763016 0.0885508 0.2857450 0.1196025 0.3150323 0.2704615 0.2679455 0.2744271 0.3160357 0.3204779 0.2770008 0.1516502 0.2435178 0.2705210 0.1243617 0.3215579 0.2699822 0.2752002 0.2898600 0.3058634 0.1652506 0.2631028 0.2881716 0.2811459 0.3289219 0.2759859 0.2863917 0.3438939 0.3236204 0.2775543 0.1588836 0.3125344 0.2770935 0.3434922 0.1562781 0.2868364 0.3145171 0.0823155 0.0968433 0.3310594 0.3072797 0.3037222 0.1400216 0.1614266 
Perityle_castillonii_96                    0.2600928 0.1654535 0.1497034 0.2259697 0.0000010 0.2189040 0.1981341 0.0677974 0.1029103 0.2930373 0.1070530 0.0870388 0.0000010 0.0292724 0.0000010 0.3176721 0.0293571 0.3299425 0.1040809 0.0000000 0.0180583 0.0268931 0.0000010 0.0235829 0.0000010 0.0257503 0.1491159 0.0000010 0.0000010 0.2381111 0.0000010 0.1273239 0.1278031 0.0000010 0.1533542 0.3649250 0.1614263 0.2791806 0.1175439 0.3061905 0.0000010 0.0183969 0.1408539 0.0263342 0.0000010 0.1170613 0.0000010 0.0212295 0.0219795 0.1602900 0.0000010 0.0000010 0.0265813 0.1484920 0.2687311 0.0000010 0.0000010 0.0000010 0.0252513 0.0198770 0.0000010 0.0000010 0.3369035 0.1013676 0.0481852 0.2982999 0.1425316 0.2245391 0.1470141 0.0000010 0.0000010 0.0250539 0.3350962 0.0000010 0.0205158 0.0000010 0.2376380 0.1649956 0.0000010 0.0260605 0.0437014 0.0000010 0.0000010 0.0000010 0.2133457 0.2330926 
Perityle_cernua_84                         0.2300351 0.1508105 0.1223308 0.2104298 0.1807412 0.3447167 0.1670491 0.0531402 0.3123476 0.2674239 0.1064988 0.0716467 0.1839328 0.0201178 0.1085950 0.2828146 0.0225316 0.3029943 0.0877768 0.0180583 0.0000000 0.0177595 0.0000010 0.0196178 0.0000010 0.0198533 0.1241271 0.2123185 0.2348991 0.2084836 0.0000010 0.1177981 0.1158294 0.1409776 0.3499717 0.3190724 0.1465661 0.2557810 0.1043788 0.2772497 0.1927314 0.0164313 0.1324457 0.0176263 0.7662767 0.1060123 0.1913112 0.0170631 0.0169963 0.1435871 0.0000010 0.2021237 0.0100788 0.1207393 0.2610632 0.1292110 0.0000010 0.0706649 0.0202685 0.0160798 0.0000010 0.0000010 0.3157310 0.0705224 0.0335529 0.2475350 0.1694434 0.1786922 0.1342678 0.0000010 0.4191662 0.0194153 0.3108646 0.0670514 0.0192015 0.2053146 0.2183880 0.1549614 0.2252809 0.0183529 0.0273019 0.0000010 0.0000010 0.1434126 0.2134494 0.2394461 
Perityle_cfvillosa_25_tin                  0.2334420 0.1482005 0.2478061 0.2272839 0.1299926 0.2885902 0.1963695 0.3130344 0.4599128 0.2359859 0.2527469 0.0389149 0.0839018 0.0226422 0.1618130 0.2877732 0.0244227 0.2859007 0.2746506 0.0268931 0.0177595 0.0000000 0.3949804 0.0309979 0.0662808 0.0230357 0.2299937 0.1096913 0.0952882 0.2624198 0.3663849 0.2682800 0.1382234 0.1507828 0.3154455 0.1705260 0.1140550 0.2695770 0.2615172 0.3055727 0.0380072 0.0280254 0.1223825 0.0047439 0.1924552 0.2779476 0.0426770 0.0217746 0.0184748 0.1248462 0.0224942 0.0479036 0.0248650 0.2258164 0.3301457 0.1689204 0.3454517 0.1917249 0.0097324 0.0032327 0.1631971 0.0659451 0.2967300 0.2320852 0.0303133 0.1083530 0.3880914 0.1585077 0.1252782 0.0904040 0.0642566 0.0284306 0.2840183 0.0109251 0.0083306 0.0682058 0.2489166 0.3056807 0.1104241 0.0262462 0.0359856 0.1276443 0.0187743 0.1070999 0.2820995 0.3102788 
Perityle_cinerea_113_Powell1310            0.1547223 0.0000010 0.1508645 0.3886502 0.3502435 0.1774251 0.3140476 0.1559731 0.3005767 0.3965545 0.1682090 0.4013080 0.3812134 0.0000010 0.1205346 0.1030982 0.3864948 0.1459192 0.2418986 0.0000010 0.0000010 0.3949804 0.0000000 0.3807231 0.3853934 0.3812134 0.1047284 0.3457591 0.3817301 0.1700345 0.0955537 0.1432581 0.3605281 0.3906143 0.0696579 0.3670522 0.3316790 0.0660354 0.1660853 0.1030982 0.4024392 0.3912297 0.3499719 0.0000010 0.3587747 0.1787136 0.4155179 0.3875832 0.3750031 0.3372850 0.3801066 0.3974753 0.4045326 0.1004577 0.0676008 0.3754272 0.1140618 0.2271587 0.3750031 0.3855473 0.3636003 1.5381372 0.1341360 0.3020291 0.4013080 0.3594046 0.3695786 0.3891205 0.3602466 0.4329531 0.3867025 0.3791405 0.1659447 0.3804214 0.3915256 0.4112998 0.0212109 1.4051145 0.2988450 0.0000010 0.0000010 0.3550731 0.3927394 0.3610693 0.1518967 0.1519489 
Perityle_coahuilensis_24                   0.2785260 0.1601595 0.2609699 0.2259205 0.1278223 0.2784993 0.2046746 0.3131853 0.4566193 0.2444844 0.2624405 0.0607873 0.1498940 0.0244812 0.1724886 0.3310170 0.0345578 0.3096299 0.2793141 0.0235829 0.0196178 0.0309979 0.3807231 0.0000000 0.1386575 0.0330499 0.2489608 0.1216246 0.1067756 0.2798944 0.3565702 0.2760559 0.1408042 0.1411186 0.3144024 0.2269936 0.1156308 0.2838930 0.2642162 0.3403357 0.0461998 0.0185195 0.1313062 0.0272531 0.1991864 0.2818193 0.0568728 0.0437074 0.0462735 0.1227365 0.0293525 0.0540832 0.0250318 0.2391887 0.3471417 0.1686268 0.3366405 0.1974322 0.0288805 0.0349210 0.1658523 0.0553020 0.3190845 0.2249075 0.0553411 0.1411704 0.3939457 0.1809435 0.1283997 0.0962305 0.0719825 0.0226741 0.3277300 0.0383344 0.0435406 0.1282389 0.2824936 0.3144216 0.1171916 0.0259781 0.0382831 0.1288593 0.0259645 0.1100159 0.2784821 0.3117675 
Perityle_cochisensis_44_cave_creek         0.3612513 0.0000010 0.3784473 0.2788342 0.1353822 0.2775431 0.2705824 0.3571776 0.5758117 0.2636101 0.4142663 0.0500952 0.1034983 0.0000010 0.2043658 0.3919893 0.0762625 0.3825555 0.3689252 0.0000010 0.0000010 0.0662808 0.3853934 0.1386575 0.0000000 0.0683716 0.4540513 0.1809079 0.1195996 0.3180613 0.3658808 0.4080153 0.1663705 0.1492887 0.3588811 0.1192905 0.2114056 0.3409330 0.4270266 0.3855499 0.0935666 0.0755541 0.1984965 0.0000010 0.2174857 0.4528034 0.0809481 0.0733823 0.0735863 0.1451463 0.0522035 0.0986213 0.0584026 0.4581491 0.4864772 0.2084315 0.3376764 0.1825093 0.0643590 0.0750386 0.1974707 0.0373994 0.3784938 0.2402918 0.1144924 0.1019884 0.5344191 0.2281708 0.1400192 0.0765064 0.0591266 0.0922021 0.3623801 0.0493848 0.0480168 0.0335626 0.3614652 0.5904667 0.1291359 0.0000010 0.0000010 0.1290192 0.0678002 0.1305859 0.3553190 0.3507473 
Perityle_congesta_202                      0.2700463 0.1661864 0.2440577 0.2246147 0.1276679 0.2717701 0.2033185 0.3079532 0.4719714 0.2444664 0.2439929 0.0589841 0.0747851 0.0267418 0.1498984 0.3210529 0.0227831 0.2991723 0.2674442 0.0257503 0.0198533 0.0230357 0.3812134 0.0330499 0.0683716 0.0000000 0.2368178 0.1088725 0.1038607 0.2738538 0.3519770 0.2650565 0.1364551 0.1373678 0.3138859 0.2185503 0.1109116 0.2762880 0.2557238 0.3310619 0.0429385 0.0285002 0.1293164 0.0207946 0.1855477 0.2706993 0.0499241 0.0190448 0.0148156 0.1240057 0.0212829 0.0475007 0.0199065 0.2273768 0.3366448 0.1657331 0.3331314 0.1770707 0.0182108 0.0194278 0.1585978 0.0552881 0.3130561 0.2211726 0.0380159 0.1399535 0.3964387 0.1713626 0.1281157 0.0742249 0.0615979 0.0285205 0.3207132 0.0259074 0.0217741 0.0752736 0.2777316 0.3030382 0.1137215 0.0289315 0.0415956 0.1248487 0.0160211 0.1008316 0.2721334 0.3058487 
Perityle_cordifolia_27                     0.1351489 0.1319689 0.1254671 0.2957065 0.2840066 0.1068964 0.2474083 0.1864215 0.4446698 0.2711454 0.1544971 0.2311219 0.3610701 0.1362165 0.1731057 0.1585979 0.2429649 0.1699880 0.1469482 0.1491159 0.1241271 0.2299937 0.1047284 0.2489608 0.4540513 0.2368178 0.0000000 0.3389871 0.3005985 0.1449642 0.1337958 0.1317552 0.2498982 0.2860646 0.1702207 0.2795064 0.2453033 0.1381151 0.1097631 0.1700250 0.3121320 0.2372650 0.2467607 0.1272665 0.2958328 0.1576974 0.3131054 0.2350952 0.2377662 0.2105915 0.3286932 0.3148364 0.2376663 0.0434309 0.1411244 0.2484073 0.0793028 0.2817810 0.2300336 0.2312608 0.2667759 0.4484079 0.1675069 0.2538739 0.2479921 0.2099215 0.3662067 0.2033657 0.2019432 0.3897215 0.3508281 0.2478345 0.1656617 0.2817782 0.2263184 0.3906393 0.1365778 0.1984984 0.3023702 0.1282310 0.1141622 0.2977334 0.3271039 0.2849374 0.1389040 0.1625771 
Perityle_cordifolia_68_tecolote            0.3089123 0.0000010 0.3291750 0.2185774 0.1250302 0.3023628 0.2445322 0.3666195 0.4818586 0.2237374 0.3343936 0.1054195 0.1825676 0.0836024 0.1841835 0.2999857 0.1179386 0.3133676 0.3405101 0.0000010 0.2123185 0.1096913 0.3457591 0.1216246 0.1809079 0.1088725 0.3389871 0.0000000 0.1160757 0.2944369 0.3489949 0.3243581 0.1529375 0.1358262 0.3700632 0.1041444 0.1671239 0.2970575 0.3575652 0.3114068 0.0940863 0.1130093 0.1481879 0.1326113 0.2287671 0.3740614 0.0990646 0.1165062 0.1118872 0.1377103 0.0946577 0.1066237 0.1048855 0.3570433 0.4216378 0.1457505 0.2938837 0.1940288 0.0987741 0.1100893 0.1561046 0.0772542 0.3188216 0.2335616 0.1295992 0.1044016 0.4054210 0.1854737 0.1432629 0.1213716 0.1268191 0.1138490 0.2918061 0.1106076 0.1180760 0.1450746 0.3259218 0.4717433 0.1102593 0.1936161 0.2124903 0.1533892 0.0930299 0.0793626 0.3254073 0.3434457 
Perityle_coronopifolia_28_patagonia        0.2895198 0.0000010 0.2982678 0.2319095 0.1160861 0.3013210 0.2008547 0.3841849 0.5599224 0.2167282 0.3020551 0.1057868 0.1212759 0.0724288 0.1634803 0.2901337 0.1032739 0.2912219 0.3337414 0.0000010 0.2348991 0.0952882 0.3817301 0.1067756 0.1195996 0.1038607 0.3005985 0.1160757 0.0000000 0.3339412 0.3789289 0.3212222 0.1433161 0.1439671 0.3528158 0.1210105 0.1266220 0.2838023 0.3472430 0.2897623 0.0913064 0.1016937 0.1008386 0.1417812 0.1822052 0.3579454 0.0990971 0.1103371 0.1038745 0.1131708 0.0844139 0.1008383 0.1022115 0.3198774 0.4356982 0.1677525 0.3394848 0.2159254 0.0867964 0.0966443 0.1224435 0.0810952 0.2786170 0.2632896 0.1100370 0.0324461 0.4434153 0.1684876 0.1513488 0.1085582 0.1163238 0.0996473 0.3048845 0.1043840 0.1133329 0.1193760 0.3591070 0.4257799 0.0835955 0.2019585 0.2148001 0.0955917 0.0813654 0.1090922 0.3241503 0.3538928 
Perityle_crassifolia_70_ventanas           0.1601471 0.1829166 0.1627842 0.2981553 0.3010672 0.1578414 0.2716960 0.1728784 0.3589494 0.3395245 0.1562385 0.2752225 0.3060357 0.1810471 0.2187492 0.1808719 0.2799954 0.1678433 0.1740325 0.2381111 0.2084836 0.2624198 0.1700345 0.2798944 0.3180613 0.2738538 0.1449642 0.2944369 0.3339412 0.0000000 0.0302444 0.1544968 0.2993410 0.3042979 0.1718537 0.3201393 0.2620807 0.1527995 0.1796596 0.1737654 0.3034686 0.2797088 0.2837430 0.1651460 0.3495242 0.1851511 0.3072095 0.2754611 0.2713726 0.2889188 0.3077071 0.3069429 0.2783886 0.1390146 0.2217514 0.3056326 0.1431494 0.3314798 0.2607798 0.2607285 0.3271907 0.3031576 0.2000036 0.2644460 0.2869457 0.2851096 0.3135808 0.2737830 0.2835667 0.3463475 0.3080927 0.2777413 0.1064078 0.2932906 0.2719988 0.3089255 0.1486418 0.3309673 0.2931630 0.2052823 0.1994899 0.2966726 0.3045905 0.2924421 0.1575702 0.2221409 
Perityle_crassifolia_74_playa_balandra     0.1341550 0.0000010 0.1298110 0.3784791 0.3468738 0.1287105 0.3211533 0.1618779 0.3981540 0.3681599 0.1448465 0.3762142 0.3481064 0.0000010 0.1690294 0.0969395 0.3599691 0.0981565 0.1889557 0.0000010 0.0000010 0.3663849 0.0955537 0.3565702 0.3658808 0.3519770 0.1337958 0.3489949 0.3789289 0.0302444 0.0000000 0.1290779 0.3452925 0.3681599 0.0816907 0.3543135 0.3058754 0.0912119 0.1833684 0.0998155 0.3630527 0.3553560 0.3807089 0.0000010 0.3715376 0.1885932 0.3774650 0.3481465 0.3516920 0.3699692 0.3514780 0.3809776 0.3671689 0.1221425 0.0843147 0.3900129 0.1469911 0.3338949 0.3519770 0.3595599 0.3766282 0.0000010 0.1355483 0.2266792 0.3717105 0.3587616 0.2629571 0.3693159 0.3748766 0.3945980 0.3604982 0.3516078 0.0171487 0.3558610 0.3601581 0.3730240 0.0931584 0.7163439 0.3248533 0.0000010 0.0000010 0.3652568 0.3520100 0.3498406 0.1175284 0.1569949 
Perityle_cuneata_34_cuneata_San_antonio    0.1348256 0.0413653 0.1323419 0.3375581 0.2847453 0.0690547 0.2438886 0.1646088 0.4044938 0.3245045 0.1298820 0.2692571 0.3866188 0.1271232 0.1855034 0.1192991 0.2728488 0.1032037 0.1069747 0.1273239 0.1177981 0.2682800 0.1432581 0.2760559 0.4080153 0.2650565 0.1317552 0.3243581 0.3212222 0.1544968 0.1290779 0.0000000 0.2829731 0.2960002 0.1438380 0.3042639 0.2557068 0.1321892 0.1193032 0.1283159 0.3141809 0.2751337 0.2763869 0.1182428 0.2821100 0.1272101 0.3184559 0.2726892 0.2676993 0.2633430 0.3162661 0.3087219 0.2655076 0.1327210 0.1892473 0.2693576 0.1138763 0.2750799 0.2603390 0.2685578 0.2903392 0.2588330 0.1381358 0.2315224 0.2860743 0.2648594 0.3226449 0.2578624 0.2730339 0.3210465 0.2981888 0.2745103 0.1554869 0.2917406 0.2552761 0.3672873 0.1017115 0.2822878 0.2892292 0.1059104 0.1143709 0.3141107 0.3170226 0.3009368 0.0848938 0.1493548 
Perityle_cuneata_4                         0.3011347 0.1686382 0.2583199 0.2298971 0.1334020 0.2898077 0.2271142 0.2828661 0.5384010 0.2518490 0.2673388 0.1486354 0.1627423 0.1213665 0.2089008 0.3400059 0.1386624 0.3055002 0.2966353 0.1278031 0.1158294 0.1382234 0.3605281 0.1408042 0.1663705 0.1364551 0.2498982 0.1529375 0.1433161 0.2993410 0.3452925 0.2829731 0.0000000 0.1484343 0.3325533 0.2580975 0.1603591 0.2928438 0.2756432 0.3481032 0.1507270 0.1312899 0.1555346 0.1195257 0.2276871 0.2885104 0.1540274 0.1367667 0.1358950 0.1516814 0.1509766 0.1587494 0.1355975 0.2378746 0.3658587 0.2217984 0.3415270 0.2685430 0.1319101 0.1361468 0.2137071 0.0887792 0.3202574 0.2555690 0.1441760 0.1812262 0.4261418 0.2132268 0.1557814 0.1853830 0.1762072 0.1338924 0.3441955 0.1515128 0.1355102 0.1593974 0.2764622 0.3548110 0.1497314 0.1145426 0.1260827 0.1726474 0.1435956 0.1497565 0.2845230 0.3047455 
Perityle_discoidea_81                      0.2703643 0.0000010 0.2811487 0.2239212 0.1344771 0.2738891 0.2160694 0.3413897 0.5153990 0.0893136 0.2924015 0.1543043 0.1314555 0.1173869 0.1844735 0.2898881 0.1401220 0.2766182 0.3034488 0.0000010 0.1409776 0.1507828 0.3906143 0.1411186 0.1492887 0.1373678 0.2860646 0.1358262 0.1439671 0.3042979 0.3681599 0.2960002 0.1484343 0.0000000 0.3326271 0.1625461 0.1467203 0.2787227 0.3043091 0.2920528 0.1348452 0.1380838 0.1562209 0.1592987 0.2355541 0.3245729 0.1387210 0.1436974 0.1370795 0.1599618 0.1433777 0.1357814 0.1383417 0.2754681 0.4301420 0.1850413 0.3320491 0.2358866 0.1479383 0.1509310 0.1881764 0.1006061 0.2892451 0.2706015 0.1532965 0.1477415 0.4230872 0.1873237 0.1590584 0.1643618 0.1576797 0.1376548 0.2838286 0.1482882 0.1500949 0.1393860 0.3897981 0.4603374 0.1381147 0.1501605 0.1402125 0.1824846 0.1396535 0.1417853 0.2980255 0.3614785 
Perityle_dissecta_201                      0.1726859 0.0623896 0.1693179 0.3626065 0.3219769 0.1410866 0.2482943 0.1705862 0.3876475 0.3755726 0.1953249 0.3119318 0.3475759 0.3369240 0.1805930 0.1578465 0.3061034 0.1656965 0.1432426 0.1533542 0.3499717 0.3154455 0.0696579 0.3144024 0.3588811 0.3138859 0.1702207 0.3700632 0.3528158 0.1718537 0.0816907 0.1438380 0.3325533 0.3326271 0.0000000 0.3408433 0.3502369 0.0813072 0.1870360 0.1668028 0.3338585 0.3207745 0.3472157 0.3566189 0.2993342 0.2195162 0.3436426 0.3153515 0.3152770 0.3195870 0.3031642 0.3430015 0.3123667 0.1767005 0.1117093 0.3103088 0.1025355 0.3156206 0.3096959 0.3170598 0.2826563 0.3076321 0.1786914 0.2430477 0.3229396 0.3288984 0.3972516 0.2891335 0.3354936 0.3178196 0.3417988 0.3137191 0.1706500 0.3419811 0.3111708 0.3761639 0.0471496 0.2671872 0.3299688 0.3421221 0.3663219 0.3012400 0.3012622 0.3301473 0.1300494 0.1790542 
Perityle_emoryi_47_punta_san_jose          0.3167178 0.2767994 0.2865286 0.2369623 0.1438849 0.2776526 0.2040032 0.3041052 0.5150167 0.2123801 0.2939705 0.2304007 0.1203454 0.3188600 0.1682734 0.2714182 0.2126012 0.2407835 0.2999741 0.3649250 0.3190724 0.1705260 0.3670522 0.2269936 0.1192905 0.2185503 0.2795064 0.1041444 0.1210105 0.3201393 0.3543135 0.3042639 0.2580975 0.1625461 0.3408433 0.0000000 0.2002020 0.2445657 0.3151241 0.2735460 0.1062404 0.2167312 0.2391271 0.3174834 0.2006825 0.3295538 0.1114998 0.2204530 0.2183147 0.1966328 0.1297752 0.1151724 0.1602336 0.2822845 0.3115261 0.1878684 0.3435488 0.2051315 0.2091308 0.2240097 0.1879190 0.0592507 0.2608082 0.1975897 0.2288634 0.2141081 0.4010264 0.2232930 0.2544451 0.1153030 0.1377649 0.2265455 0.2778728 0.1252916 0.2253797 0.1179218 0.2556951 0.3680328 0.1267722 0.2992637 0.3545185 0.1522544 0.1294286 0.0244256 0.3038622 0.2787687 
Perityle_feddemae_99                       0.2320167 0.0782300 0.2674877 0.2283333 0.1145886 0.2768709 0.2150584 0.2790867 0.4136194 0.2454360 0.2636433 0.1203477 0.2160097 0.1571661 0.2141109 0.3211929 0.1096741 0.2839779 0.2500107 0.1614263 0.1465661 0.1140550 0.3316790 0.1156308 0.2114056 0.1109116 0.2453033 0.1671239 0.1266220 0.2620807 0.3058754 0.2557068 0.1603591 0.1467203 0.3502369 0.2002020 0.0000000 0.2963978 0.2626223 0.3243664 0.1149008 0.1127736 0.0335877 0.1556155 0.1767358 0.2747649 0.1233997 0.1129084 0.1101434 0.0252883 0.0848119 0.1158510 0.1076455 0.2425320 0.3327781 0.1362551 0.2962695 0.1898020 0.1120038 0.1160760 0.1355083 0.0818896 0.3191809 0.1681940 0.1251743 0.1071418 0.3764884 0.1500251 0.1105126 0.1200569 0.1235527 0.1138736 0.2866583 0.0978075 0.1189846 0.1836503 0.2187306 0.2988373 0.1215335 0.1546289 0.1634376 0.1260849 0.0836804 0.1129185 0.2553746 0.2921915 
Perityle_fosteri_93                        0.1782653 0.2646246 0.1543382 0.2809434 0.2621260 0.1290235 0.2447342 0.1822967 0.4044172 0.2581427 0.1466469 0.2816499 0.2804606 0.2695304 0.1462148 0.0942680 0.2756699 0.1102830 0.1592635 0.2791806 0.2557810 0.2695770 0.0660354 0.2838930 0.3409330 0.2762880 0.1381151 0.2970575 0.2838023 0.1527995 0.0912119 0.1321892 0.2928438 0.2787227 0.0813072 0.2445657 0.2963978 0.0000000 0.1624978 0.1056735 0.2620299 0.2793249 0.2974816 0.2763478 0.2906504 0.1685302 0.2675781 0.2784074 0.2767182 0.2767536 0.2854280 0.2674082 0.2636765 0.1406009 0.0858571 0.2495679 0.1116548 0.2955392 0.2726417 0.2807368 0.2738319 0.2657113 0.1079801 0.2482249 0.2903747 0.3016151 0.3023856 0.2681506 0.2929685 0.3035726 0.3071423 0.2826959 0.1291428 0.2678991 0.2742524 0.2926560 0.0557296 0.2720586 0.2671920 0.2642842 0.2745471 0.2755471 0.2810378 0.2508101 0.1199889 0.0996259 
Perityle_gamon_221                         0.1459561 0.1543007 0.1403940 0.3124787 0.2951289 0.1078798 0.2717245 0.1667977 0.4326289 0.3348563 0.1355747 0.2567774 0.3706969 0.1082011 0.2073193 0.1833426 0.2646244 0.1726234 0.1116194 0.1175439 0.1043788 0.2615172 0.1660853 0.2642162 0.4270266 0.2557238 0.1097631 0.3575652 0.3472430 0.1796596 0.1833684 0.1193032 0.2756432 0.3043091 0.1870360 0.3151241 0.2626223 0.1624978 0.0000000 0.1742322 0.3282773 0.2672272 0.2805411 0.1047216 0.3121293 0.0224210 0.3313835 0.2594596 0.2579626 0.2450151 0.3312242 0.3293068 0.2541924 0.1139894 0.2275744 0.2565963 0.1081882 0.2873196 0.2580517 0.2621031 0.2975862 0.2239616 0.1874379 0.2440779 0.2675433 0.2534992 0.3303042 0.2400913 0.2378814 0.3159915 0.3355300 0.2664864 0.1819386 0.2798474 0.2526923 0.3869140 0.1440433 0.2624814 0.3149275 0.1135232 0.1117519 0.3081926 0.3296312 0.3003983 0.1391508 0.1761747 
Perityle_gentryi_8_san_francisco           0.2184172 0.2883380 0.1219416 0.2955762 0.2616296 0.1028209 0.2602647 0.1783794 0.3998376 0.2692621 0.1603966 0.3301387 0.3375021 0.2841788 0.2031644 0.0294570 0.3272686 0.1290190 0.1453104 0.3061905 0.2772497 0.3055727 0.1030982 0.3403357 0.3855499 0.3310619 0.1700250 0.3114068 0.2897623 0.1737654 0.0998155 0.1283159 0.3481032 0.2920528 0.1668028 0.2735460 0.3243664 0.1056735 0.1742322 0.0000000 0.2902807 0.3147128 0.3460622 0.2890899 0.3022520 0.1787773 0.2932272 0.3276853 0.3299730 0.3089335 0.3534656 0.2916928 0.2926678 0.1646840 0.1476972 0.2605968 0.1284463 0.3141622 0.3088232 0.3323639 0.2914330 0.2926437 0.0976739 0.2600020 0.3458746 0.3413535 0.3229498 0.2945494 0.3486938 0.3193328 0.3284145 0.3336181 0.1761654 0.2836587 0.3280533 0.3406016 0.0855946 0.3130933 0.2827584 0.2691597 0.3007235 0.2919434 0.3425040 0.2800753 0.1113307 0.1111986 
Perityle_gilensis_22_Superstition          0.2865742 0.0000010 0.2954417 0.2226744 0.1160975 0.2906105 0.2114680 0.3732804 0.5102716 0.2058550 0.3090485 0.0427797 0.0885040 0.0825268 0.1487878 0.2599782 0.0381467 0.2888581 0.3144868 0.0000010 0.1927314 0.0380072 0.4024392 0.0461998 0.0935666 0.0429385 0.3121320 0.0940863 0.0913064 0.3034686 0.3630527 0.3141809 0.1507270 0.1348452 0.3338585 0.1062404 0.1149008 0.2620299 0.3282773 0.2902807 0.0000000 0.0439581 0.1152405 0.1313033 0.1973519 0.3462913 0.0268589 0.0492791 0.0432755 0.1198732 0.0201172 0.0311106 0.0378359 0.3172703 0.4278249 0.1550263 0.3385486 0.1774216 0.0314903 0.0387371 0.1572295 0.0623154 0.2848740 0.2414075 0.0508547 0.0874061 0.4078264 0.1767185 0.1396662 0.0806314 0.0591081 0.0425791 0.2873252 0.0402645 0.0473524 0.0738410 0.3645919 0.4374983 0.0953038 0.1768956 0.1930719 0.1272715 0.0198688 0.0891935 0.3042417 0.3493831 
Perityle_gilensis_salensis_225             0.2560402 0.1508046 0.2488624 0.2298933 0.1303091 0.2790692 0.2056776 0.3133624 0.4711820 0.2462172 0.2513092 0.0589505 0.0918349 0.0213057 0.1719375 0.3049161 0.0254559 0.3056419 0.2789514 0.0183969 0.0164313 0.0280254 0.3912297 0.0185195 0.0755541 0.0285002 0.2372650 0.1130093 0.1016937 0.2797088 0.3553560 0.2751337 0.1312899 0.1380838 0.3207745 0.2167312 0.1127736 0.2793249 0.2672272 0.3147128 0.0439581 0.0000000 0.1188960 0.0201268 0.1928126 0.2829122 0.0542735 0.0294183 0.0273598 0.1225304 0.0285177 0.0586484 0.0271810 0.2343638 0.3448345 0.1667745 0.3400252 0.1954944 0.0261205 0.0245748 0.1667223 0.0588225 0.3149999 0.2250358 0.0416056 0.1331895 0.3907066 0.1685929 0.1267097 0.0895447 0.0712611 0.0189731 0.3153733 0.0401313 0.0271982 0.0791876 0.2843015 0.2978610 0.1142467 0.0231711 0.0364808 0.1284949 0.0263668 0.1081035 0.2827255 0.3072007 
Perityle_glaucescens_94                    0.2699228 0.0705355 0.2690667 0.2379497 0.1251976 0.2871906 0.2294013 0.3062090 0.4900896 0.2514756 0.2686125 0.1286717 0.1934595 0.1396693 0.2121905 0.3368041 0.1213848 0.3136210 0.2763016 0.1408539 0.1324457 0.1223825 0.3499719 0.1313062 0.1984965 0.1293164 0.2467607 0.1481879 0.1008386 0.2837430 0.3807089 0.2763869 0.1555346 0.1562209 0.3472157 0.2391271 0.0335877 0.2974816 0.2805411 0.3460622 0.1152405 0.1188960 0.0000000 0.1407780 0.1540264 0.2927207 0.1248858 0.1317660 0.1269018 0.0314679 0.1056985 0.1253440 0.1187302 0.2411347 0.3453702 0.1867742 0.3474430 0.2263553 0.1269112 0.1282673 0.1764585 0.0844567 0.3304966 0.2303239 0.1329988 0.1386965 0.4525014 0.1888723 0.1298163 0.1319772 0.1422771 0.1270745 0.3341792 0.1160440 0.1300559 0.1722099 0.2760054 0.3038225 0.0967906 0.1422979 0.1433059 0.1316734 0.1075415 0.1275379 0.2804536 0.3128065 
Perityle_gracilis_11                       0.2389274 0.1546539 0.1348209 0.2154249 0.1416923 0.3447167 0.1871385 0.0534249 0.3060287 0.2819962 0.1126665 0.0817651 0.1397307 0.0267920 0.1078102 0.2864499 0.0311688 0.3192524 0.0885508 0.0263342 0.0176263 0.0047439 0.0000010 0.0272531 0.0000010 0.0207946 0.1272665 0.1326113 0.1417812 0.1651460 0.0000010 0.1182428 0.1195257 0.1592987 0.3566189 0.3174834 0.1556155 0.2763478 0.1047216 0.2890899 0.1313033 0.0201268 0.1407780 0.0000000 0.7513659 0.1109705 0.1313033 0.0049484 0.0051759 0.1538115 0.0000010 0.1313465 0.0262923 0.1248186 0.2757768 0.1376344 0.0000010 0.0338211 0.0097991 0.0096604 0.0000010 0.0000010 0.3176452 0.0705064 0.0403944 0.2495240 0.1769402 0.1867626 0.1466227 0.0000010 0.3954950 0.0247420 0.3097810 0.0508904 0.0155205 0.1313033 0.2264048 0.1608953 0.1584299 0.0259890 0.0367955 0.0000010 0.0000010 0.1313033 0.2130587 0.2537051 
