84
Amauria_brandeegeana_62                    0.0000000 0.0727455 0.2142244 0.4201882 0.2403197 0.1380272 0.3201316 0.3286677 0.4855597 0.3062027 0.2031513 0.3937032 0.2373577 0.2677203 0.1387813 0.2330227 0.1958475 0.1765333 0.1955122 0.1658760 0.2621059 0.2389636 0.3324307 0.2813845 0.2921483 0.2033908 0.2571605 0.2044629 0.2052700 0.1734825 0.1968639 0.1997591 0.2932215 0.3894485 0.1515624 0.2647501 0.1794096 0.1847234 0.2506382 0.4597553 0.1981122 0.2539150 0.2704459 0.1892525 0.2304167 0.2946092 0.3490667 0.3137567 0.2031571 0.3220128 0.3336822 0.3240576 0.1943271 0.2711934 0.2074619 0.2466307 0.1303164 0.2867036 0.3263391 0.2767473 0.1313785 0.1927957 0.1491884 0.3360806 0.1943603 0.1677107 0.3710846 0.3536684 0.3217369 0.3318334 0.2980317 0.2650398 0.2272331 0.1808865 0.1308871 0.3135119 0.2622456 0.1831944 0.3322496 0.1671193 0.2841662 0.1996006 0.2171199 0.1439317 
Amauria_carterae_99_mesa                   0.0727455 0.0000000 0.1524350 0.3101990 0.0933851 0.1014014 0.2597020 0.2659340 0.3022937 0.1465617 0.1592115 0.1386878 0.1259664 0.1177174 0.1211034 0.1335915 0.1275125 0.1203262 0.1286727 0.1322590 0.1245226 0.1303030 0.1164550 0.1468970 0.1254647 0.1395952 0.1973831 0.1030997 0.1181178 0.1665677 0.1191266 0.1113791 0.1465881 0.1201864 0.1130828 0.1360424 0.1356602 0.1420068 0.1428798 0.1354517 0.1159990 0.1384740 0.1208421 0.1325080 0.1314273 0.1333590 0.1246833 0.1210759 0.1413166 0.1279781 0.1362383 0.1209348 0.1444565 0.1582151 0.1227435 0.2006260 0.1132955 0.1231813 0.1232976 0.1520378 0.1119213 0.1329782 0.1469179 0.1295451 0.1124542 0.1405958 0.2038264 0.1947481 0.1131891 0.1164550 0.1515661 0.1350792 0.1188610 0.1280083 0.1311958 0.1729459 0.1187766 0.1196936 0.1218284 0.1374238 0.1208421 0.1126826 0.0999026 0.1196526 
Amauria_rotundifolia_SRR9119150            0.2142244 0.1524350 0.0000000 0.4561392 0.2191027 0.2033079 0.3859049 0.3297692 0.4572455 0.2678131 0.2247641 0.3609081 0.2685607 0.2146140 0.1385981 0.2496812 0.2339004 0.2204318 0.1866797 0.1736757 0.2151246 0.2705204 0.2825248 0.2631703 0.3205918 0.2119815 0.2895961 0.2502437 0.2218647 0.1313473 0.2180070 0.2495118 0.2565247 0.3603464 0.2180503 0.2700034 0.1441319 0.2011882 0.2693650 0.4116971 0.1508418 0.2753885 0.3028202 0.2115162 0.2190425 0.2283483 0.3702806 0.3374641 0.2109933 0.2805585 0.2988012 0.2591266 0.2073733 0.2606738 0.1650018 0.1769490 0.1310723 0.3092422 0.3575806 0.2251104 0.1098429 0.2131398 0.1295425 0.2838326 0.2073877 0.1699552 0.3360166 0.3120022 0.3127054 0.2798404 0.2572003 0.2799110 0.2603455 0.1783702 0.1133075 0.2775043 0.2840237 0.1631089 0.2767465 0.1745474 0.3114647 0.2468180 0.2809669 0.1322146 
Conoclinium_coelestinum_SRR9119114         0.4201882 0.3101990 0.4561392 0.0000000 0.4025070 0.2786069 0.2131944 0.3548169 0.4592026 0.3881111 0.4868716 0.3654218 0.3746681 0.3672523 0.4073391 0.4490567 0.4428657 0.4587556 0.4025835 0.3609209 0.4360405 0.3773234 0.4528102 0.3844341 0.4109980 0.4131129 0.4586026 0.4538053 0.3964731 0.2678306 0.4201765 0.3549961 0.4192105 0.3673217 0.3953508 0.4267318 0.3762889 0.4305824 0.4124064 0.4787285 0.4084299 0.4572315 0.3697452 0.4006367 0.4876651 0.4069337 0.4349784 0.4334218 0.3816826 0.3762852 0.4294379 0.4422249 0.4193233 0.3693711 0.3560335 0.3232300 0.3727443 0.4433832 0.4587648 0.2594683 0.2013422 0.4127266 0.3058594 0.4230920 0.4141301 0.3652582 0.5153554 0.5035575 0.4319334 0.4458389 0.3990679 0.3769123 0.3829065 0.3585731 0.2432664 0.3689984 0.4418206 0.4537840 0.4565072 0.3271908 0.4581331 0.4599467 0.3700456 0.3090265 
Eutetras_palmeri_63                        0.2403197 0.0933851 0.2191027 0.4025070 0.0000000 0.0232141 0.4246551 0.3656111 0.5100932 0.2322982 0.3051299 0.3664878 0.3434371 0.3146272 0.1245145 0.2443605 0.2003390 0.1912386 0.2568279 0.2306669 0.3262848 0.3377991 0.3251197 0.3174017 0.3650256 0.2566021 0.2874912 0.2309678 0.2436325 0.1544383 0.2414514 0.3413440 0.2281929 0.3601143 0.2301110 0.2862484 0.2045863 0.1670134 0.2944828 0.3690934 0.2075497 0.2511591 0.3484930 0.2475942 0.2313151 0.3478589 0.3725211 0.3632418 0.2512594 0.3309706 0.2834472 0.3290212 0.2496838 0.3070034 0.2043573 0.2407829 0.1224730 0.3409536 0.3620400 0.2998450 0.0948575 0.2364614 0.1251679 0.2947162 0.2376201 0.2245522 0.3260912 0.3567350 0.2844789 0.3233294 0.2334858 0.3442257 0.2756524 0.1672570 0.1270396 0.2669723 0.2464158 0.1956872 0.3207339 0.1494693 0.3411866 0.2626815 0.2954250 0.1069654 
Eutetras_pringlei_149_quer                 0.1380272 0.1014014 0.2033079 0.2786069 0.0232141 0.0000000 0.2571023 0.2881196 0.2566711 0.1885546 0.3089361 0.1869095 0.1860744 0.1925683 0.1223089 0.2310160 0.1879524 0.1880894 0.1905457 0.1889248 0.2080253 0.2023700 0.1953124 0.2065067 0.1985335 0.2090983 0.3065369 0.1253572 0.1645779 0.1454596 0.2210411 0.1503978 0.1916653 0.1864384 0.1653533 0.1919490 0.2018823 0.1748754 0.2344656 0.1934833 0.1906384 0.1797257 0.1915607 0.1762850 0.2371227 0.2267760 0.1877294 0.1890947 0.1881312 0.1793797 0.1486729 0.1869786 0.2122845 0.2099785 0.1836661 0.2850629 0.1304956 0.1882907 0.1961921 0.1950971 0.1257783 0.1558050 0.1321555 0.1905992 0.1395218 0.2153790 0.3069225 0.3276589 0.1584958 0.1917308 0.1991271 0.1999947 0.2033748 0.2012789 0.1622169 0.2021820 0.1700767 0.1859251 0.1990430 0.1273956 0.1915607 0.1653533 0.1670829 0.1223821 
Eutrochium_fistulosum_SRR9119106           0.3201316 0.2597020 0.3859049 0.2131944 0.4246551 0.2571023 0.0000000 0.3027613 0.4629694 0.3585073 0.3994484 0.3678243 0.3467737 0.3635942 0.3473438 0.3457003 0.3333724 0.3562970 0.3302643 0.3185004 0.3874266 0.3511308 0.3734157 0.3439614 0.3573656 0.3226894 0.3701970 0.3428577 0.4116358 0.2195705 0.3264282 0.3125600 0.3873410 0.3661180 0.3718430 0.3347568 0.3361247 0.3779343 0.3406755 0.3933464 0.3543076 0.3382013 0.3430405 0.3337236 0.3904208 0.3759469 0.3286558 0.3471066 0.3243327 0.3545842 0.3256853 0.3578165 0.3295122 0.3253408 0.3532413 0.2691023 0.3010076 0.3448784 0.3451649 0.2146911 0.1602698 0.3662875 0.2451705 0.3945427 0.3437111 0.3204664 0.4211341 0.4233861 0.3115845 0.3664123 0.3684604 0.3377730 0.3415479 0.3144004 0.2220120 0.3593473 0.3535135 0.3529055 0.3625392 0.2806916 0.3476726 0.3942046 0.3365076 0.2452906 
Galeana_pratensis_104_mex                  0.3286677 0.2659340 0.3297692 0.3548169 0.3656111 0.2881196 0.3027613 0.0000000 0.3626188 0.2949737 0.3186867 0.3678921 0.3289819 0.3159891 0.2762432 0.3371261 0.2943763 0.2912138 0.2988321 0.2869996 0.3214240 0.3038755 0.3226838 0.3096618 0.3338911 0.3069082 0.3344493 0.3466877 0.3046196 0.2138854 0.2746002 0.3234079 0.3202168 0.3311134 0.3164198 0.3766657 0.3191808 0.2813557 0.3631942 0.3422966 0.3252103 0.3646069 0.3066177 0.3430502 0.3619558 0.3530194 0.3080346 0.3251721 0.3609722 0.3160636 0.2673492 0.3115846 0.3108118 0.3125743 0.2951318 0.2718131 0.2737003 0.3235784 0.3274811 0.2479050 0.1720017 0.3250345 0.2557670 0.3450865 0.3539779 0.2915675 0.3042122 0.3116178 0.3241294 0.3149065 0.3083149 0.2977733 0.3112056 0.2863316 0.2042800 0.3239622 0.3002071 0.3153400 0.3250929 0.2226373 0.3309963 0.3335803 0.3199308 0.2555182 
Helianthus_annuus_SRR9119062               0.4855597 0.3022937 0.4572455 0.4592026 0.5100932 0.2566711 0.4629694 0.3626188 0.0000000 0.4240763 0.4839130 0.5567064 0.5337081 0.5081178 0.4061802 0.5324971 0.4640759 0.4562539 0.4636473 0.4878535 0.5214135 0.5202690 0.5039921 0.4914690 0.5412307 0.4776891 0.5056533 0.5177232 0.4769015 0.2341915 0.4581353 0.5150331 0.4636908 0.5435540 0.4611528 0.5238567 0.4605550 0.4423019 0.5573042 0.5404293 0.4744279 0.4956740 0.5274998 0.4908891 0.4911509 0.5069158 0.5147036 0.5269660 0.5113160 0.5028741 0.4763497 0.5095054 0.4776724 0.4741791 0.4680594 0.3727924 0.3984267 0.5314143 0.5318795 0.4052830 0.1772300 0.4560358 0.3073386 0.5333942 0.5167152 0.4453106 0.4999193 0.5391452 0.4855216 0.5065051 0.4329181 0.4887360 0.4879998 0.4544804 0.2753791 0.4933161 0.4606637 0.4751393 0.5085901 0.3417215 0.5258787 0.4909136 0.4646088 0.2908761 
Lycapsus_tenuifolius_17                    0.3062027 0.1465617 0.2678131 0.3881111 0.2322982 0.1885546 0.3585073 0.2949737 0.4240763 0.0000000 0.2659686 0.3454552 0.2596814 0.2442417 0.1138741 0.2682487 0.1482335 0.1279845 0.1813644 0.2264575 0.2412882 0.2640999 0.2950423 0.2892307 0.3309846 0.2769976 0.2233774 0.3061136 0.1995310 0.0550002 0.1918993 0.3040460 0.0089349 0.3377944 0.1896337 0.3149399 0.1829513 0.1755895 0.2865479 0.3393859 0.2308574 0.2313276 0.3246911 0.2000317 0.2798701 0.3276403 0.3473711 0.3312709 0.2648905 0.2853170 0.2776129 0.3001679 0.2092752 0.2938728 0.2109477 0.1977987 0.1125224 0.2712201 0.3416988 0.2199188 0.1157570 0.2167463 0.1119178 0.3121057 0.2967266 0.1667613 0.3045564 0.3768320 0.2584656 0.2940720 0.0248730 0.2909711 0.2098704 0.1586009 0.1135770 0.2931292 0.2630034 0.1583401 0.2968718 0.1610350 0.2607532 0.3017294 0.2201048 0.1263447 
Pericome_caudata_50_silver                 0.2031513 0.1592115 0.2247641 0.4868716 0.3051299 0.3089361 0.3994484 0.3186867 0.4839130 0.2659686 0.0000000 0.3440222 0.2469602 0.2505131 0.1859127 0.2171353 0.2739593 0.3018524 0.2235167 0.2053138 0.2424866 0.2365288 0.3620574 0.1993151 0.2605492 0.2305126 0.3220625 0.2795822 0.2871414 0.1713943 0.2439362 0.2417749 0.2525769 0.3530741 0.2433517 0.2591654 0.1893177 0.1395409 0.2731011 0.4432932 0.1884189 0.2932464 0.2342866 0.2290556 0.2506939 0.2523808 0.3342859 0.2861794 0.2197599 0.2450859 0.2721179 0.3021489 0.2491402 0.1887127 0.2211225 0.1991078 0.1532300 0.2823600 0.3317026 0.3050053 0.1463127 0.2684000 0.1237461 0.2860368 0.2327905 0.2089085 0.3310914 0.3389586 0.3591975 0.3650223 0.2571381 0.2528584 0.2486610 0.1907082 0.1029250 0.3219787 0.3015135 0.2281421 0.3036426 0.1223954 0.3273003 0.2772600 0.2872230 0.1249866 
Perityle_aglossa_84_dead_horse             0.3937032 0.1386878 0.3609081 0.3654218 0.3664878 0.1869095 0.3678243 0.3678921 0.5567064 0.3454552 0.3440222 0.0000000 0.1734663 0.1805332 0.1738837 0.4085658 0.2005424 0.2424312 0.3045079 0.2987856 0.2341986 0.2051720 0.2460570 0.2294230 0.2777998 0.3896443 0.2998581 0.3826049 0.3240775 0.1371786 0.2997129 0.3990492 0.3572841 0.0567169 0.2884673 0.4514454 0.2699745 0.2415745 0.3813137 0.2584144 0.3337504 0.3507501 0.2529448 0.3231234 0.3925756 0.2576599 0.2835759 0.2712658 0.3883048 0.2467462 0.2010743 0.2514772 0.3108223 0.2397126 0.3043388 0.1669701 0.1382804 0.2061158 0.2761823 0.2755442 0.0930162 0.2840307 0.1030482 0.0894221 0.3876955 0.2603894 0.4586569 0.5275191 0.1765883 0.2464823 0.3621435 0.2456982 0.0960292 0.2169346 0.0677045 0.3782435 0.3821749 0.2397646 0.2367351 0.1802324 0.1793942 0.4142151 0.2940952 0.1186241 
Perityle_ajoensis_204                      0.2373577 0.1259664 0.2685607 0.3746681 0.3434371 0.1860744 0.3467737 0.3289819 0.5337081 0.2596814 0.2469602 0.1734663 0.0000000 0.1113276 0.2117174 0.1973755 0.1568128 0.2199702 0.2804190 0.1506378 0.2004388 0.0160880 0.1244049 0.0815224 0.0225745 0.1746184 0.2060735 0.2314286 0.3071061 0.1371364 0.2222202 0.2292009 0.2858651 0.1771066 0.2536209 0.3022761 0.2472825 0.2429368 0.1997679 0.1787091 0.2450633 0.2744012 0.0073440 0.2735037 0.2824457 0.1365123 0.0052006 0.0080989 0.2627141 0.1073210 0.0709657 0.1233512 0.1802404 0.1014268 0.2538072 0.1619510 0.1547409 0.0101791 0.0090832 0.2250745 0.1032894 0.2328730 0.1095661 0.2363693 0.2382902 0.1871844 0.3840910 0.3793538 0.0892241 0.1246306 0.2875050 0.0333004 0.0163363 0.2122230 0.0305032 0.3110749 0.2094167 0.2334629 0.1354825 0.1876532 0.0112036 0.2600716 0.2311326 0.1176773 
Perityle_ambrosiifolia_67_green            0.2677203 0.1177174 0.2146140 0.3672523 0.3146272 0.1925683 0.3635942 0.3159891 0.5081178 0.2442417 0.2505131 0.1805332 0.1113276 0.0000000 0.2040059 0.2699219 0.2219168 0.2517648 0.2863277 0.2208484 0.1166669 0.1303625 0.0321159 0.0695760 0.1313066 0.2564971 0.2607823 0.2571667 0.2888478 0.1254753 0.2615771 0.2685000 0.2717833 0.1775701 0.2904643 0.3444623 0.1523344 0.2439995 0.2706231 0.1486369 0.1494230 0.3060050 0.1313669 0.3142003 0.2634462 0.0675163 0.1281412 0.1217509 0.2871590 0.0523642 0.0504367 0.0431634 0.2475310 0.0781386 0.2097948 0.1640113 0.1564594 0.1249776 0.1276536 0.2108973 0.0987923 0.2569971 0.0957856 0.2413319 0.2548049 0.2255977 0.3736503 0.3705859 0.0797571 0.0321344 0.2772244 0.1399776 0.0957312 0.1999382 0.0515960 0.2979161 0.2737114 0.1579474 0.0644696 0.1881386 0.1203325 0.2865747 0.2740955 0.1133173 
Perityle_angustifolia_13_Eagle_creek       0.1387813 0.1211034 0.1385981 0.4073391 0.1245145 0.1223089 0.3473438 0.2762432 0.4061802 0.1138741 0.1859127 0.1738837 0.2117174 0.2040059 0.0000000 0.0988145 0.1043204 0.1033329 0.1200876 0.0326051 0.2236916 0.1949221 0.2397655 0.2330947 0.2208697 0.0987731 0.1450012 0.1308136 0.1441487 0.1234824 0.1244967 0.2270167 0.1225813 0.1694223 0.1478168 0.1565127 0.0568470 0.1416281 0.1373621 0.2386863 0.0750039 0.1927373 0.1893709 0.1542958 0.1560868 0.2115333 0.2367294 0.2332268 0.1398541 0.2073529 0.2370665 0.2201791 0.0971380 0.2272648 0.1416399 0.1371793 0.0611760 0.2309731 0.2274673 0.1080556 0.0967936 0.1356372 0.0870742 0.1244840 0.1274954 0.0887627 0.1995198 0.2057061 0.2157239 0.2358368 0.1252385 0.1531700 0.2139783 0.0623629 0.0762865 0.1363892 0.1730490 0.0884002 0.2265212 0.1490939 0.2269886 0.1849348 0.2423965 0.1380558 
Perityle_batopilensis_97                   0.2330227 0.1335915 0.2496812 0.4490567 0.2443605 0.2310160 0.3457003 0.3371261 0.5324971 0.2682487 0.2171353 0.4085658 0.1973755 0.2699219 0.0988145 0.0000000 0.1347020 0.1764861 0.1979893 0.1105032 0.2639996 0.2076008 0.3865839 0.3338616 0.2818370 0.1824212 0.1906733 0.3013003 0.1968574 0.1524524 0.1827440 0.2927964 0.2601822 0.3834696 0.1718085 0.3084646 0.1489800 0.1774558 0.0985457 0.4579559 0.2036583 0.2828680 0.2570475 0.2144292 0.2752690 0.3352973 0.3531174 0.3241458 0.2397779 0.3655749 0.3593678 0.3656769 0.0950623 0.3083251 0.2729858 0.1749803 0.0701839 0.2476243 0.3427170 0.2140642 0.1142162 0.1949421 0.1052206 0.3212921 0.2711646 0.0838051 0.3506287 0.4066619 0.3386292 0.3851075 0.2620477 0.2143667 0.2165063 0.1542036 0.0757101 0.3033009 0.2940881 0.1255744 0.3664190 0.1610846 0.2450065 0.3001355 0.2512668 0.1334812 
Perityle_bisetosa_9                        0.1958475 0.1275125 0.2339004 0.4428657 0.2003390 0.1879524 0.3333724 0.2943763 0.4640759 0.1482335 0.2739593 0.2005424 0.1568128 0.2219168 0.1043204 0.1347020 0.0000000 0.2109068 0.2034114 0.0559292 0.2296026 0.1419296 0.3096011 0.2118439 0.1653563 0.1316020 0.2193298 0.2044027 0.1867773 0.1214882 0.1922771 0.2078916 0.1807362 0.2029573 0.1479707 0.2132876 0.1163418 0.1432817 0.1381196 0.3275151 0.1419018 0.2315586 0.1388979 0.1901131 0.2249850 0.2302144 0.2290149 0.1859168 0.1557924 0.2105293 0.2561515 0.2701986 0.1503580 0.2163404 0.1748914 0.1528367 0.0823391 0.1950527 0.2310275 0.1504855 0.0935631 0.1551985 0.0994996 0.1782153 0.1892982 0.0815264 0.3201237 0.3077336 0.2737539 0.3053778 0.1769483 0.1020118 0.1716391 0.0778707 0.0595238 0.1918770 0.2219971 0.1619220 0.2714367 0.1535594 0.2270295 0.2004866 0.2220523 0.1225656 
Perityle_californica_76_positas            0.1765333 0.1203262 0.2204318 0.4587556 0.1912386 0.1880894 0.3562970 0.2912138 0.4562539 0.1279845 0.3018524 0.2424312 0.2199702 0.2517648 0.1033329 0.1764861 0.2109068 0.0000000 0.1689578 0.1099461 0.2475912 0.1912876 0.3517961 0.2514268 0.2257755 0.1728695 0.2630782 0.2588041 0.1919166 0.1240881 0.1913494 0.2238129 0.1411227 0.2339867 0.1615161 0.1627618 0.1351110 0.1576533 0.1799663 0.3863534 0.1311880 0.2272417 0.1879790 0.1627442 0.2332203 0.2635343 0.3019988 0.2474720 0.1444957 0.2495386 0.3170968 0.3040435 0.2033210 0.2373188 0.1658628 0.1758207 0.0847231 0.2542732 0.2997070 0.1645083 0.1062166 0.1547594 0.1041774 0.2021556 0.1671936 0.1229913 0.2915947 0.2884604 0.3203634 0.3484315 0.1490951 0.1562055 0.2177298 0.1273971 0.0848522 0.1763397 0.2329917 0.1716964 0.2985883 0.1315845 0.2875160 0.2056750 0.1819409 0.1062549 
Perityle_canescens_77                      0.1955122 0.1286727 0.1866797 0.4025835 0.2568279 0.1905457 0.3302643 0.2988321 0.4636473 0.1813644 0.2235167 0.3045079 0.2804190 0.2863277 0.1200876 0.1979893 0.2034114 0.1689578 0.0000000 0.1693516 0.2961290 0.2676244 0.2977656 0.2802362 0.2899837 0.2014190 0.2333295 0.1734869 0.2228037 0.1539568 0.2114685 0.2530858 0.1816825 0.3078913 0.1896263 0.1776526 0.1677777 0.1469393 0.2433668 0.3347745 0.1636471 0.2015736 0.2623024 0.1724355 0.1880624 0.2952486 0.3033885 0.2934487 0.1660173 0.2774216 0.2832338 0.2907160 0.2009723 0.2750245 0.1626623 0.2055184 0.1299166 0.2993925 0.2940132 0.2001198 0.0694325 0.2349515 0.1341617 0.2465258 0.1779234 0.1907006 0.3212992 0.2745614 0.2715016 0.2952367 0.1903824 0.2389214 0.2335846 0.1443142 0.1209387 0.2705711 0.1965754 0.1676731 0.2950860 0.1331314 0.2920055 0.2257132 0.2329309 0.0780649 
Perityle_castillonii_96                    0.1658760 0.1322590 0.1736757 0.3609209 0.2306669 0.1889248 0.3185004 0.2869996 0.4878535 0.2264575 0.2053138 0.2987856 0.1506378 0.2208484 0.0326051 0.1105032 0.0559292 0.1099461 0.1693516 0.0000000 0.2480467 0.1678519 0.2318910 0.2189189 0.1804076 0.0677776 0.1209161 0.1674117 0.1935887 0.1339613 0.1579481 0.2185596 0.2169890 0.3151159 0.1415820 0.2381744 0.1092018 0.1441677 0.1340147 0.3034823 0.1159644 0.1881963 0.1801091 0.1851243 0.1872829 0.2386115 0.1857780 0.1826982 0.2052160 0.2434012 0.2054868 0.2272968 0.0698495 0.2205009 0.1742069 0.1686549 0.0662332 0.1658131 0.1806616 0.2088983 0.0972116 0.1741574 0.0945847 0.2427586 0.1719974 0.0707097 0.3127901 0.3276416 0.2201838 0.2287321 0.2154407 0.1624971 0.1690466 0.0774759 0.0821447 0.2597655 0.1265913 0.1045764 0.2296423 0.1548655 0.1547643 0.1560742 0.1951350 0.1375522 
Perityle_cernua_84                         0.2621059 0.1245226 0.2151246 0.4360405 0.3262848 0.2080253 0.3874266 0.3214240 0.5214135 0.2412882 0.2424866 0.2341986 0.2004388 0.1166669 0.2236916 0.2639996 0.2296026 0.2475912 0.2961290 0.2480467 0.0000000 0.1961748 0.1299589 0.1594366 0.2020977 0.2676633 0.2945359 0.2443150 0.3178270 0.1332008 0.2517331 0.2925766 0.2672059 0.2346189 0.3102777 0.3378745 0.1590927 0.2759534 0.2656832 0.2059161 0.1565793 0.3139231 0.1990140 0.3116595 0.2701360 0.1222012 0.2079337 0.1999788 0.2934211 0.1162857 0.1364567 0.1165661 0.2639948 0.1820414 0.2120792 0.1659231 0.1775839 0.2069308 0.2039532 0.2052339 0.0979263 0.2676988 0.0855097 0.2417286 0.2481588 0.2506621 0.3615796 0.3532021 0.1434555 0.1283038 0.2732515 0.1821634 0.1965427 0.2190906 0.0542646 0.2901386 0.2752311 0.1692135 0.1279913 0.1860854 0.2057236 0.3008507 0.2881811 0.1128014 
Perityle_cfvillosa_25_tin                  0.2389636 0.1303030 0.2705204 0.3773234 0.3377991 0.2023700 0.3511308 0.3038755 0.5202690 0.2640999 0.2365288 0.2051720 0.0160880 0.1303625 0.1949221 0.2076008 0.1419296 0.1912876 0.2676244 0.1678519 0.1961748 0.0000000 0.1496389 0.1154421 0.0270906 0.1710737 0.1887828 0.2348790 0.3019549 0.1308597 0.2211420 0.2530681 0.2739703 0.2043420 0.2425270 0.3058548 0.2368982 0.2415971 0.2060170 0.1931228 0.2467032 0.2572124 0.0155142 0.2555778 0.2879606 0.1639842 0.0169417 0.0155473 0.2782104 0.1342432 0.0981797 0.1498354 0.1658748 0.1222650 0.2442266 0.1583292 0.1496131 0.0176579 0.0155484 0.2255821 0.1024752 0.2338646 0.1038327 0.2544628 0.2439259 0.1754095 0.3886042 0.3898007 0.1000311 0.1529071 0.2741853 0.0333797 0.0225393 0.2077708 0.0278530 0.3144994 0.2053458 0.2156402 0.1600680 0.1849346 0.0105223 0.2603934 0.2150176 0.1192700 
Perityle_coahuilensis_24                   0.3324307 0.1164550 0.2825248 0.4528102 0.3251197 0.1953124 0.3734157 0.3226838 0.5039921 0.2950423 0.3620574 0.2460570 0.1244049 0.0321159 0.2397655 0.3865839 0.3096011 0.3517961 0.2977656 0.2318910 0.1299589 0.1496389 0.0000000 0.1417599 0.1949689 0.3262846 0.3690414 0.3881568 0.2839872 0.1338776 0.3386510 0.2789297 0.3191934 0.2286315 0.2851013 0.4084498 0.1567531 0.2418520 0.2858759 0.1867864 0.1420090 0.3459657 0.1966024 0.3102232 0.2858861 0.0715698 0.2065234 0.2003811 0.2802988 0.1574298 0.0841154 0.0508731 0.3305025 0.0830813 0.2029067 0.1639652 0.1551160 0.1419119 0.2049465 0.2280953 0.0972486 0.2528014 0.0965998 0.3611095 0.3054178 0.2352311 0.4421013 0.4855812 0.1193456 0.0031369 0.3273444 0.2113455 0.1071419 0.2145856 0.0623876 0.3091929 0.3118471 0.2249460 0.0678819 0.1878068 0.1317119 0.3011081 0.2826146 0.1043054 
Perityle_cochisensis_44_cave_creek         0.2813845 0.1468970 0.2631703 0.3844341 0.3174017 0.2065067 0.3439614 0.3096618 0.4914690 0.2892307 0.1993151 0.2294230 0.0815224 0.0695760 0.2330947 0.3338616 0.2118439 0.2514268 0.2802362 0.2189189 0.1594366 0.1154421 0.1417599 0.0000000 0.1612911 0.2493364 0.2311428 0.3267162 0.3103596 0.1457253 0.2628272 0.2805247 0.3140916 0.2124398 0.3109686 0.4058036 0.2125456 0.2859098 0.2483366 0.2002648 0.1811148 0.3017317 0.1484862 0.3120081 0.3435498 0.1040243 0.1813885 0.1792433 0.2928539 0.2107089 0.1792651 0.1782491 0.2438358 0.0761746 0.3205335 0.1199535 0.1871891 0.1099188 0.2219146 0.1980092 0.1479846 0.2487312 0.1288038 0.3651783 0.2681342 0.2309798 0.2960144 0.4045360 0.1238935 0.1418422 0.3090391 0.1674894 0.0851040 0.3056825 0.0517552 0.3084344 0.2884162 0.2128737 0.1274084 0.2038003 0.0917186 0.2896606 0.2733843 0.1491983 
Perityle_congesta_202                      0.2921483 0.1254647 0.3205918 0.4109980 0.3650256 0.1985335 0.3573656 0.3338911 0.5412307 0.3309846 0.2605492 0.2777998 0.0225745 0.1313066 0.2208697 0.2818370 0.1653563 0.2257755 0.2899837 0.1804076 0.2020977 0.0270906 0.1949689 0.1612911 0.0000000 0.2545802 0.2212108 0.3022560 0.3021129 0.1382019 0.2474866 0.2731890 0.3556385 0.2597026 0.2479680 0.3629934 0.2448457 0.2492975 0.2700996 0.2373660 0.2988621 0.2970413 0.0207688 0.2830585 0.3571824 0.2007279 0.0244393 0.0211234 0.3040843 0.2011438 0.1531400 0.1867680 0.1873929 0.1773731 0.3031253 0.1627513 0.1575247 0.0253871 0.0212135 0.2424781 0.1075467 0.2400886 0.1060706 0.3398470 0.3060274 0.1856669 0.4193554 0.4624661 0.1195239 0.1979594 0.3613844 0.0803695 0.0329823 0.2160412 0.0486254 0.3388000 0.2802862 0.2301507 0.1978787 0.1855074 0.0269198 0.3181338 0.2383184 0.1224752 
Perityle_cordifolia_27                     0.2033908 0.1395952 0.2119815 0.4131129 0.2566021 0.2090983 0.3226894 0.3069082 0.4776891 0.2769976 0.2305126 0.3896443 0.1746184 0.2564971 0.0987731 0.1824212 0.1316020 0.1728695 0.2014190 0.0677776 0.2676633 0.1710737 0.3262846 0.2493364 0.2545802 0.0000000 0.2124276 0.2673973 0.2134684 0.1422014 0.2099109 0.2028566 0.2673612 0.3866495 0.1698887 0.2815548 0.1548805 0.1338123 0.1621157 0.4565892 0.1710066 0.2723923 0.2142791 0.1937713 0.2101654 0.2816674 0.3062870 0.2818364 0.1936835 0.3534059 0.3013255 0.3102022 0.0206710 0.2339247 0.2185745 0.1962947 0.0958329 0.2210902 0.2927369 0.2325776 0.1059774 0.1951072 0.0697134 0.2840968 0.2247667 0.0116284 0.3615451 0.3833368 0.3256405 0.3254593 0.2711248 0.2022961 0.1992606 0.1217677 0.0992611 0.3056374 0.2275819 0.1515339 0.3191774 0.1668938 0.2210399 0.2277116 0.2495457 0.1449429 
Perityle_cordifolia_68_tecolote            0.2571605 0.1973831 0.2895961 0.4586026 0.2874912 0.3065369 0.3701970 0.3344493 0.5056533 0.2233774 0.3220625 0.2998581 0.2060735 0.2607823 0.1450012 0.1906733 0.2193298 0.2630782 0.2333295 0.1209161 0.2945359 0.1887828 0.3690414 0.2311428 0.2212108 0.2124276 0.0000000 0.3580461 0.2616508 0.1892550 0.2465489 0.2569283 0.2229495 0.3017457 0.2138088 0.2401995 0.1791588 0.1697971 0.1872811 0.4448155 0.2023289 0.2734461 0.1851843 0.2083856 0.3213344 0.2822958 0.2776163 0.2375738 0.1985746 0.2763929 0.2985111 0.3306284 0.2248398 0.2236117 0.2350712 0.1033998 0.1420118 0.2434944 0.2898450 0.2638554 0.1916623 0.2380493 0.1486494 0.2775291 0.2411458 0.1410067 0.3895489 0.3903165 0.3357618 0.3867852 0.2229511 0.1628464 0.2339987 0.1584427 0.0923057 0.2666399 0.2811285 0.2356478 0.3440836 0.1599969 0.2707274 0.2705174 0.2835379 0.1532823 
Perityle_coronopifolia_28_patagonia        0.2044629 0.1030997 0.2502437 0.4538053 0.2309678 0.1253572 0.3428577 0.3466877 0.5177232 0.3061136 0.2795822 0.3826049 0.2314286 0.2571667 0.1308136 0.3013003 0.2044027 0.2588041 0.1734869 0.1674117 0.2443150 0.2348790 0.3881568 0.3267162 0.3022560 0.2673973 0.3580461 0.0000000 0.1837473 0.1516828 0.2465704 0.2279850 0.2853859 0.3798903 0.1465284 0.2301750 0.1708550 0.1872587 0.2618881 0.5123380 0.2115321 0.2253819 0.2653897 0.1481471 0.3136719 0.3064689 0.3881026 0.3424213 0.1373083 0.3836741 0.3589468 0.3622530 0.2556234 0.2823670 0.2333775 0.1983485 0.1108720 0.2860319 0.4227397 0.2383172 0.0944205 0.1564154 0.1349193 0.3875808 0.0170978 0.1626929 0.4088913 0.4314454 0.3721795 0.3889303 0.2855559 0.2525293 0.2017379 0.2243612 0.1160373 0.3132230 0.2945631 0.2204774 0.3406643 0.1528111 0.3122307 0.2399243 0.2277785 0.1226821 
Perityle_crassifolia_70_ventanas           0.2052700 0.1181178 0.2218647 0.3964731 0.2436325 0.1645779 0.4116358 0.3046196 0.4769015 0.1995310 0.2871414 0.3240775 0.3071061 0.2888478 0.1441487 0.1968574 0.1867773 0.1919166 0.2228037 0.1935887 0.3178270 0.3019549 0.2839872 0.3103596 0.3021129 0.2134684 0.2616508 0.1837473 0.0000000 0.1776846 0.2264042 0.2586632 0.2053426 0.3368957 0.0747145 0.2287304 0.1888404 0.1828254 0.2202349 0.3441153 0.1784421 0.2191463 0.3020788 0.2220949 0.2178614 0.3073645 0.3064827 0.3035148 0.2188545 0.2952786 0.2813217 0.2901820 0.2186915 0.3110267 0.1954264 0.2274692 0.1450740 0.3082534 0.3042237 0.2452509 0.1203259 0.2073292 0.1466028 0.2742354 0.1943180 0.2224989 0.3304337 0.2934190 0.2682173 0.2842335 0.2067888 0.2649241 0.2457005 0.1657341 0.1487696 0.2734887 0.2136439 0.1751703 0.2969967 0.1764334 0.3034629 0.0783279 0.2704101 0.1418655 
Perityle_crassifolia_74_playa_balandra     0.1734825 0.1665677 0.1313473 0.2678306 0.1544383 0.1454596 0.2195705 0.2138854 0.2341915 0.0550002 0.1713943 0.1371786 0.1371364 0.1254753 0.1234824 0.1524524 0.1214882 0.1240881 0.1539568 0.1339613 0.1332008 0.1308597 0.1338776 0.1457253 0.1382019 0.1422014 0.1892550 0.1516828 0.1776846 0.0000000 0.1267089 0.1516966 0.0550116 0.1230484 0.1783120 0.1640219 0.1185801 0.1998694 0.1529339 0.1341984 0.1163999 0.1632719 0.1308890 0.1556413 0.1661440 0.1556477 0.1229977 0.1266593 0.1608868 0.1309382 0.1370028 0.1287511 0.1431617 0.1502440 0.1486330 0.1830235 0.1284111 0.1386188 0.1364752 0.1313247 0.1194485 0.1638430 0.1274271 0.1351821 0.1596805 0.1471076 0.2097632 0.2279496 0.1214242 0.1314320 0.0347216 0.1262650 0.1414138 0.1228492 0.1287394 0.1540102 0.1429291 0.1225550 0.1401319 0.1622850 0.1334856 0.1783120 0.1666862 0.1512351 
Perityle_cuneata_34_cuneata_San_antonio    0.1968639 0.1191266 0.2180070 0.4201765 0.2414514 0.2210411 0.3264282 0.2746002 0.4581353 0.1918993 0.2439362 0.2997129 0.2222202 0.2615771 0.1244967 0.1827440 0.1922771 0.1913494 0.2114685 0.1579481 0.2517331 0.2211420 0.3386510 0.2628272 0.2474866 0.2099109 0.2465489 0.2465704 0.2264042 0.1267089 0.0000000 0.2757823 0.1944199 0.2983867 0.1920801 0.2524215 0.1691173 0.1756058 0.2046866 0.3699622 0.1870431 0.2868196 0.2277395 0.2061398 0.2246579 0.2901618 0.3057930 0.2747541 0.2156389 0.2782666 0.3133495 0.3301077 0.1868855 0.2512436 0.1981001 0.1794622 0.1098804 0.2705974 0.2992803 0.2033842 0.1064700 0.2030409 0.1215684 0.2557486 0.2186288 0.1565690 0.2920007 0.2769383 0.3009119 0.3362597 0.1960816 0.1932543 0.1905457 0.1482312 0.0987418 0.2204300 0.2860553 0.1936852 0.3338435 0.1621126 0.2801761 0.2685554 0.2461530 0.1133023 
Perityle_cuneata_4                         0.1997591 0.1113791 0.2495118 0.3549961 0.3413440 0.1503978 0.3125600 0.3234079 0.5150331 0.3040460 0.2417749 0.3990492 0.2292009 0.2685000 0.2270167 0.2927964 0.2078916 0.2238129 0.2530858 0.2185596 0.2925766 0.2530681 0.2789297 0.2805247 0.2731890 0.2028566 0.2569283 0.2279850 0.2586632 0.1516966 0.2757823 0.0000000 0.3218110 0.4127159 0.1929926 0.3272302 0.2473189 0.2811765 0.2951141 0.4024386 0.2552464 0.2588985 0.2639421 0.2665999 0.2918179 0.2800861 0.2771950 0.2693950 0.2789795 0.2972445 0.2836757 0.2691203 0.2060744 0.2815733 0.2849594 0.2268988 0.2190416 0.2538168 0.2690450 0.2538733 0.1134138 0.2438435 0.1450980 0.3983565 0.2385477 0.1991661 0.4208601 0.3988191 0.2708015 0.2773820 0.3139092 0.2777229 0.2321401 0.2555751 0.1313691 0.3669384 0.2436467 0.2396738 0.2725769 0.2435627 0.2351789 0.1725567 0.2162514 0.1587844 
Perityle_discoidea_81                      0.2932215 0.1465881 0.2565247 0.4192105 0.2281929 0.1916653 0.3873410 0.3202168 0.4636908 0.0089349 0.2525769 0.3572841 0.2858651 0.2717833 0.1225813 0.2601822 0.1807362 0.1411227 0.1816825 0.2169890 0.2672059 0.2739703 0.3191934 0.3140916 0.3556385 0.2673612 0.2229495 0.2853859 0.2053426 0.0550116 0.1944199 0.3218110 0.0000000 0.3409116 0.2015775 0.3016393 0.1868701 0.1653062 0.3182250 0.3692998 0.2311971 0.2619613 0.3318851 0.2052199 0.2751799 0.3484451 0.3738376 0.3593470 0.2601462 0.3115152 0.2978367 0.3140030 0.2101307 0.3121666 0.2140220 0.2018049 0.1152735 0.3021761 0.3588037 0.2220560 0.1157859 0.2140863 0.1119394 0.2948873 0.2848514 0.1729192 0.3123395 0.3589034 0.3000002 0.3174910 0.0214506 0.2881326 0.2391858 0.1703498 0.1165371 0.2922195 0.2907832 0.1664387 0.3293694 0.1580355 0.2916163 0.3301052 0.2995686 0.1263699 
Perityle_dissecta_201                      0.3894485 0.1201864 0.3603464 0.3673217 0.3601143 0.1864384 0.3661180 0.3311134 0.5435540 0.3377944 0.3530741 0.0567169 0.1771066 0.1775701 0.1694223 0.3834696 0.2029573 0.2339867 0.3078913 0.3151159 0.2346189 0.2043420 0.2286315 0.2124398 0.2597026 0.3866495 0.3017457 0.3798903 0.3368957 0.1230484 0.2983867 0.4127159 0.3409116 0.0000000 0.2989325 0.4379708 0.2642631 0.2353470 0.3787936 0.2432213 0.3243819 0.3400487 0.2494202 0.3107106 0.3773809 0.2358271 0.2625236 0.2487847 0.3883892 0.2156835 0.1733854 0.2274525 0.3184248 0.2098066 0.2874536 0.1559916 0.1403948 0.2092817 0.2532899 0.2651510 0.0870845 0.2914590 0.0966531 0.0988071 0.3852247 0.2614379 0.4237466 0.5090836 0.1793900 0.2290426 0.3476846 0.2383676 0.0890105 0.2081492 0.0487336 0.3632929 0.3853017 0.2356222 0.2237713 0.1808529 0.1792703 0.4162281 0.3032690 0.1094517 
Perityle_emoryi_47_punta_san_jose          0.1515624 0.1130828 0.2180503 0.3953508 0.2301110 0.1653533 0.3718430 0.3164198 0.4611528 0.1896337 0.2433517 0.2884673 0.2536209 0.2904643 0.1478168 0.1718085 0.1479707 0.1615161 0.1896263 0.1415820 0.3102777 0.2425270 0.2851013 0.3109686 0.2479680 0.1698887 0.2138088 0.1465284 0.0747145 0.1783120 0.1920801 0.1929926 0.2015775 0.2989325 0.0000000 0.1965591 0.1827783 0.1782036 0.1938039 0.3368188 0.1717756 0.1886776 0.2426276 0.1898042 0.2179936 0.3054337 0.2510876 0.2537017 0.1890253 0.2906342 0.2851833 0.2856009 0.1719267 0.3102802 0.1917016 0.2252154 0.1432751 0.2529886 0.2492780 0.2112905 0.1208586 0.1601993 0.1417864 0.2468415 0.1553445 0.1783559 0.3162467 0.2872463 0.2660873 0.2853479 0.2043187 0.1985494 0.2498945 0.1660479 0.1487696 0.2307992 0.1681025 0.1695924 0.2981125 0.1734651 0.2474907 0.0022539 0.2089521 0.1337801 
Perityle_feddemae_99                       0.2647501 0.1360424 0.2700034 0.4267318 0.2862484 0.1919490 0.3347568 0.3766657 0.5238567 0.3149399 0.2591654 0.4514454 0.3022761 0.3444623 0.1565127 0.3084646 0.2132876 0.1627618 0.1776526 0.2381744 0.3378745 0.3058548 0.4084498 0.4058036 0.3629934 0.2815548 0.2401995 0.2301750 0.2287304 0.1640219 0.2524215 0.3272302 0.3016393 0.4379708 0.1965591 0.0000000 0.2225333 0.1908226 0.3512541 0.4943122 0.2650402 0.1064706 0.3367106 0.0375707 0.2745226 0.3724272 0.4179559 0.4042297 0.0776042 0.3700360 0.3948407 0.4018132 0.2242944 0.3738069 0.2464418 0.2132447 0.1503891 0.3553334 0.4131346 0.2620462 0.1135618 0.2330301 0.1396181 0.3922185 0.2291860 0.1727705 0.3826971 0.4289123 0.3729611 0.4067751 0.3122723 0.3135208 0.2489315 0.1752292 0.1218883 0.3379846 0.3192381 0.2067760 0.4087177 0.1579210 0.3446199 0.3172565 0.2453435 0.1091404 
Perityle_fosteri_93                        0.1794096 0.1356602 0.1441319 0.3762889 0.2045863 0.2018823 0.3361247 0.3191808 0.4605550 0.1829513 0.1893177 0.2699745 0.2472825 0.1523344 0.0568470 0.1489800 0.1163418 0.1351110 0.1677777 0.1092018 0.1590927 0.2368982 0.1567531 0.2125456 0.2448457 0.1548805 0.1791588 0.1708550 0.1888404 0.1185801 0.1691173 0.2473189 0.1868701 0.2642631 0.1827783 0.2225333 0.0000000 0.1431736 0.1914647 0.2612946 0.0425861 0.1954554 0.2345359 0.2024307 0.1653891 0.1649448 0.2504676 0.2475826 0.1923310 0.1653304 0.1796050 0.1459917 0.1470594 0.2091354 0.1421404 0.1637497 0.0904952 0.2499906 0.2480703 0.2186076 0.1028180 0.2004893 0.0777239 0.1944305 0.1775828 0.1277695 0.2884483 0.2867732 0.1837456 0.1552895 0.1868273 0.2188855 0.2342556 0.0838403 0.0765361 0.2420545 0.1775264 0.0642805 0.1576839 0.1548968 0.2481422 0.1813174 0.2553317 0.1272995 
Perityle_gamon_221                         0.1847234 0.1420068 0.2011882 0.4305824 0.1670134 0.1748754 0.3779343 0.2813557 0.4423019 0.1755895 0.1395409 0.2415745 0.2429368 0.2439995 0.1416281 0.1774558 0.1432817 0.1576533 0.1469393 0.1441677 0.2759534 0.2415971 0.2418520 0.2859098 0.2492975 0.1338123 0.1697971 0.1872587 0.1828254 0.1998694 0.1756058 0.2811765 0.1653062 0.2353470 0.1782036 0.1908226 0.1431736 0.0000000 0.2028610 0.2726763 0.1258378 0.1613928 0.2365541 0.1717091 0.0512916 0.2536634 0.2554687 0.2586208 0.1623126 0.2451691 0.2520346 0.2458811 0.1399102 0.2788082 0.1772888 0.1784144 0.1433276 0.2363257 0.2556606 0.1363035 0.1245098 0.1561882 0.1708646 0.1964422 0.1583652 0.1334365 0.1729883 0.1983782 0.2359344 0.2392593 0.1694622 0.2062896 0.2332409 0.1584932 0.1514775 0.2213395 0.1477720 0.1352388 0.2500894 0.1758574 0.2364337 0.1824906 0.2156859 0.1012755 
Perityle_gentryi_8_san_francisco           0.2506382 0.1428798 0.2693650 0.4124064 0.2944828 0.2344656 0.3406755 0.3631942 0.5573042 0.2865479 0.2731011 0.3813137 0.1997679 0.2706231 0.1373621 0.0985457 0.1381196 0.1799663 0.2433668 0.1340147 0.2656832 0.2060170 0.2858759 0.2483366 0.2700996 0.1621157 0.1872811 0.2618881 0.2202349 0.1529339 0.2046866 0.2951141 0.3182250 0.3787936 0.1938039 0.3512541 0.1914647 0.2028610 0.0000000 0.3829032 0.2091555 0.2548342 0.2548280 0.2540350 0.2750254 0.2820834 0.2704592 0.2701634 0.2637904 0.3332397 0.2500677 0.2701007 0.1418111 0.2378737 0.2537909 0.1828530 0.0749619 0.2207776 0.2681110 0.2116900 0.1218528 0.2045236 0.1111768 0.3650302 0.2620132 0.1389394 0.4025019 0.4502388 0.2688044 0.2860587 0.3191939 0.2244946 0.2183548 0.1449770 0.0755413 0.2917750 0.2133896 0.1593358 0.2801826 0.1742813 0.2020898 0.2368163 0.2387393 0.1389069 
Perityle_gilensis_22_Superstition          0.4597553 0.1354517 0.4116971 0.4787285 0.3690934 0.1934833 0.3933464 0.3422966 0.5404293 0.3393859 0.4432932 0.2584144 0.1787091 0.1486369 0.2386863 0.4579559 0.3275151 0.3863534 0.3347745 0.3034823 0.2059161 0.1931228 0.1867864 0.2002648 0.2373660 0.4565892 0.4448155 0.5123380 0.3441153 0.1341984 0.3699622 0.4024386 0.3692998 0.2432213 0.3368188 0.4943122 0.2612946 0.2726763 0.3829032 0.0000000 0.3254893 0.4121088 0.2373984 0.3475714 0.4468639 0.2093114 0.2427753 0.2412221 0.3775476 0.2037626 0.1582731 0.1999490 0.3976756 0.2122946 0.3434126 0.1626803 0.1676399 0.1811198 0.2261840 0.2704803 0.1002514 0.2903932 0.0800953 0.3748926 0.4397162 0.2610280 0.4600011 0.5474119 0.1513425 0.1830071 0.3706038 0.2305360 0.1154266 0.2401532 0.0515086 0.3641979 0.4319143 0.2973084 0.2226196 0.1792141 0.1827296 0.4732517 0.3331996 0.1117262 
Perityle_gilensis_salensis_225             0.1981122 0.1159990 0.1508418 0.4084299 0.2075497 0.1906384 0.3543076 0.3252103 0.4744279 0.2308574 0.1884189 0.3337504 0.2450633 0.1494230 0.0750039 0.2036583 0.1419018 0.1311880 0.1636471 0.1159644 0.1565793 0.2467032 0.1420090 0.1811148 0.2988621 0.1710066 0.2023289 0.2115321 0.1784421 0.1163999 0.1870431 0.2552464 0.2311971 0.3243819 0.1717756 0.2650402 0.0425861 0.1258378 0.2091555 0.3254893 0.0000000 0.2349396 0.2849802 0.2034941 0.1511822 0.1520436 0.3263187 0.3180137 0.1891686 0.2494397 0.1763474 0.1385838 0.1399384 0.1727725 0.1287954 0.1563557 0.0735921 0.2745099 0.3172755 0.2240854 0.0937664 0.1837373 0.0636632 0.2696599 0.1987926 0.1155854 0.3210345 0.3606662 0.2231560 0.1408806 0.2408853 0.2667731 0.2242447 0.0650180 0.0708796 0.2419182 0.2262692 0.0531522 0.1629750 0.1387501 0.2617531 0.2204186 0.2637836 0.1116200 
Perityle_glaucescens_94                    0.2539150 0.1384740 0.2753885 0.4572315 0.2511591 0.1797257 0.3382013 0.3646069 0.4956740 0.2313276 0.2932464 0.3507501 0.2744012 0.3060050 0.1927373 0.2828680 0.2315586 0.2272417 0.2015736 0.1881963 0.3139231 0.2572124 0.3459657 0.3017317 0.2970413 0.2723923 0.2734461 0.2253819 0.2191463 0.1632719 0.2868196 0.2588985 0.2619613 0.3400487 0.1886776 0.1064706 0.1954554 0.1613928 0.2548342 0.4121088 0.2349396 0.0000000 0.2499588 0.0456646 0.2755290 0.3157865 0.3292021 0.3017547 0.0215568 0.3052230 0.3373221 0.3431251 0.2817799 0.2900905 0.1965515 0.2043690 0.1429958 0.3146340 0.3189567 0.2455644 0.1008871 0.2203144 0.1337998 0.3581336 0.2197159 0.1703247 0.4102719 0.3991584 0.3288258 0.3459568 0.2638473 0.2493987 0.2477640 0.1661403 0.1213257 0.2748168 0.2592676 0.2573901 0.3471131 0.1566320 0.3172032 0.2588441 0.2395169 0.0989500 
Perityle_gracilis_11                       0.2704459 0.1208421 0.3028202 0.3697452 0.3484930 0.1915607 0.3430405 0.3066177 0.5274998 0.3246911 0.2342866 0.2529448 0.0073440 0.1313669 0.1893709 0.2570475 0.1388979 0.1879790 0.2623024 0.1801091 0.1990140 0.0155142 0.1966024 0.1484862 0.0207688 0.2142791 0.1851843 0.2653897 0.3020788 0.1308890 0.2277395 0.2639421 0.3318851 0.2494202 0.2426276 0.3367106 0.2345359 0.2365541 0.2548280 0.2373984 0.2849802 0.2499588 0.0000000 0.2496283 0.3247284 0.2035497 0.0114300 0.0074597 0.2857689 0.1814429 0.1399873 0.1867430 0.1594122 0.1648110 0.2907660 0.1559248 0.1456546 0.0091780 0.0074542 0.2376982 0.0993516 0.2297134 0.0990967 0.2996893 0.2758873 0.1702655 0.3899388 0.4310785 0.1163026 0.1967287 0.3370024 0.0716295 0.0130611 0.2040331 0.0201705 0.3311202 0.2372210 0.2116555 0.1944266 0.1847588 0.0115038 0.3007705 0.2133100 0.1116405 
Perityle_harkerae_31                       0.1892525 0.1325080 0.2115162 0.4006367 0.2475942 0.1762850 0.3337236 0.3430502 0.4908891 0.2000317 0.2290556 0.3231234 0.2735037 0.3142003 0.1542958 0.2144292 0.1901131 0.1627442 0.1724355 0.1851243 0.3116595 0.2555778 0.3102232 0.3120081 0.2830585 0.1937713 0.2083856 0.1481471 0.2220949 0.1556413 0.2061398 0.2665999 0.2052199 0.3107106 0.1898042 0.0375707 0.2024307 0.1717091 0.2540350 0.3475714 0.2034941 0.0456646 0.2496283 0.0000000 0.2040471 0.3239445 0.2780823 0.2716804 0.0166340 0.3109773 0.2829726 0.3040664 0.1987652 0.3052796 0.2033515 0.2024057 0.1502120 0.2762387 0.2719890 0.2273105 0.1073479 0.2138764 0.1344554 0.2689700 0.1571778 0.1741927 0.3058961 0.2864964 0.2810328 0.3064442 0.2143862 0.2329776 0.2529089 0.1708454 0.1219068 0.2468192 0.1966887 0.1977227 0.3128570 0.1630898 0.2701921 0.2216556 0.2382047 0.1017046 
Perityle_hofmeisteria_4_nombre_de_dios     0.2304167 0.1314273 0.2190425 0.4876651 0.2313151 0.2371227 0.3904208 0.3619558 0.4911509 0.2798701 0.2506939 0.3925756 0.2824457 0.2634462 0.1560868 0.2752690 0.2249850 0.2332203 0.1880624 0.1872829 0.2701360 0.2879606 0.2858861 0.3435498 0.3571824 0.2101654 0.3213344 0.3136719 0.2178614 0.1661440 0.2246579 0.2918179 0.2751799 0.3773809 0.2179936 0.2745226 0.1653891 0.0512916 0.2750254 0.4468639 0.1511822 0.2755290 0.3247284 0.2040471 0.0000000 0.2488341 0.4280087 0.3895002 0.1875384 0.3613118 0.2792248 0.2653934 0.1919687 0.2287925 0.1729316 0.2367738 0.1460506 0.3379240 0.4304022 0.2344411 0.0955368 0.2119797 0.1435992 0.3190122 0.2287308 0.1488387 0.3541947 0.3869937 0.3381914 0.2875716 0.2798064 0.3141155 0.2727150 0.2461270 0.1239205 0.3037922 0.2800746 0.1754866 0.2703542 0.1524586 0.3399630 0.2608542 0.2786361 0.0988600 
