84
Amauria_brandeegeana_62                    0.0000000 0.2678834 0.2445895 0.2616497 0.1687213 0.2408771 0.1824238 0.2744397 0.2332929 0.2248476 0.2474369 0.1838665 0.6007919 0.1969022 0.2780988 0.1940096 0.2183728 0.1770031 0.2097975 0.1965805 0.2523308 0.2084216 0.1988979 0.2820765 0.2028399 0.2126520 0.2098126 0.1748021 0.3194811 0.3146796 0.1965942 0.2487768 0.1495160 0.2080163 0.1495379 0.2459201 0.2131564 0.2700870 0.2378576 0.2734081 0.2099123 0.2476677 0.2084216 0.2066123 0.2757897 0.2150932 0.1850710 0.2139937 0.2426941 0.2407130 0.1898974 0.2015112 0.2250641 0.2060352 0.2837896 0.2950395 0.2323636 0.2130573 0.2107675 0.2002109 0.2193951 0.1941273 0.2738179 0.1858803 0.2356723 0.1133755 0.2691681 0.2673999 0.2129315 0.1893808 0.2387561 0.2043245 0.2065469 0.2014013 0.2881511 0.2459983 0.2182736 0.2054190 0.2016536 0.2998748 0.2067941 0.1915286 0.0871311 0.2573214 
Amauria_carterae_99_mesa                   0.2678834 0.0000000 0.2342235 0.2238278 0.1568237 0.0727314 0.1640244 0.3552708 0.2915161 0.3619864 0.2353438 0.1520893 0.2733537 0.1686223 0.2645636 0.1501565 0.1668002 0.1223678 0.1733776 0.1577098 0.1461410 0.1706214 0.1514346 0.2269550 0.1631022 0.1589776 0.1752967 0.1406388 0.2127130 0.2189005 0.1398919 0.2652198 0.1542622 0.1706110 0.1810124 0.2323735 0.1555800 0.2239206 0.1492176 0.1508878 0.1623428 0.1987752 0.1671467 0.1992289 0.2377259 0.1766986 0.1444874 0.1845282 0.1853525 0.1534899 0.1515360 0.1656928 0.1758933 0.1657320 0.1513843 0.1905751 0.1898416 0.1655507 0.1696710 0.1345216 0.1245266 0.1544439 0.1476582 0.2705919 0.1985830 0.0486469 0.2053708 0.2070803 0.1528434 0.1513486 0.2261121 0.1609630 0.1772323 0.1654952 0.1423838 0.2056380 0.2409218 0.1717513 0.1659072 0.2114956 0.1738635 0.1463283 0.1040438 0.1707325 
Amauria_rotundifolia_SRR9119150            0.2445895 0.2342235 0.0000000 0.1929695 0.2807868 0.1471130 0.2073633 0.3841625 0.2750712 0.4954346 0.2524600 0.1595548 0.4390952 0.1678669 0.2148704 0.1760019 0.1485746 0.1376451 0.3119212 0.1478756 0.1560029 0.1606437 0.1663221 0.1747264 0.1548640 0.1446026 0.1489151 0.1902920 0.1225136 0.1128868 0.1974599 0.2123629 0.2163669 0.2270578 0.1651413 0.2336306 0.1384523 0.2190511 0.2015196 0.1802876 0.1598889 0.2126703 0.1591389 0.2172516 0.2252726 0.1672452 0.1732658 0.1690807 0.2784676 0.1875214 0.1704426 0.1575933 0.1396397 0.1587862 0.3052499 0.1986921 0.1773475 0.1557843 0.1556789 0.1489359 0.1239041 0.1882755 0.2153827 0.2154262 0.2173006 0.0529006 0.1752668 0.1870099 0.1363488 0.1673410 0.1403755 0.1579723 0.1650499 0.1543127 0.2135540 0.2031740 0.1965216 0.1543743 0.1591834 0.2515604 0.1624768 0.2035865 0.4032970 0.2747939 
Conoclinium_coelestinum_SRR9119114         0.2616497 0.2238278 0.1929695 0.0000000 0.1860769 0.2081864 0.1308112 0.3290938 0.2192587 0.2950610 0.1819644 0.1781001 0.6694456 0.2304171 0.2580111 0.1887838 0.2167657 0.1917207 0.1739379 0.1811595 0.2371352 0.2313856 0.1889160 0.2711832 0.2203238 0.1990922 0.2219778 0.2200501 0.2183087 0.2182630 0.1973899 0.1902508 0.2371149 0.2184856 0.2199291 0.1969854 0.2139677 0.1960673 0.2174071 0.2675535 0.2308149 0.1940349 0.2313856 0.1869166 0.2064874 0.2394032 0.1907438 0.2396907 0.2085311 0.2648565 0.1902520 0.2212689 0.2029049 0.2160919 0.3218101 0.2562888 0.2243796 0.2000696 0.2340324 0.2018222 0.1864094 0.1603214 0.2639276 0.1862942 0.1791711 0.2073433 0.2685283 0.2585575 0.2009590 0.1830123 0.2299371 0.2145558 0.2216834 0.2159179 0.2784960 0.2528388 0.2024032 0.2321962 0.2123211 0.2167178 0.2341668 0.1887800 0.1423013 0.2109073 
Eutetras_palmeri_63                        0.1687213 0.1568237 0.2807868 0.1860769 0.0000000 0.0392403 0.1765980 0.2993011 0.2069785 0.4570394 0.2154042 0.2286180 0.5747054 0.2895998 0.1511901 0.3391551 0.1549489 0.2814498 0.3073292 0.2612546 0.1704280 0.2425866 0.2256196 0.3042506 0.2438522 0.2466103 0.2642803 0.3098023 0.2471601 0.2934134 0.3699205 0.2089839 0.2608379 0.2836201 0.3082545 0.1937355 0.2131056 0.2143020 0.3316974 0.2399486 0.2586827 0.1780428 0.2385256 0.1850854 0.2183891 0.2593895 0.2313667 0.2666365 0.3723246 0.3326587 0.2360073 0.2392186 0.1961315 0.2561819 0.4047753 0.2918394 0.1851803 0.2575733 0.2366779 0.2476103 0.0920151 0.3328987 0.1338317 0.3717762 0.1724945 0.0683975 0.3504105 0.3959325 0.2145079 0.2275442 0.3502925 0.2638136 0.2582510 0.2237732 0.1213960 0.3362812 0.2529825 0.2516454 0.2506711 0.2113365 0.2671484 0.3247808 0.2601670 0.1631180 
Eutetras_pringlei_149_quer                 0.2408771 0.0727314 0.1471130 0.2081864 0.0392403 0.0000000 0.0923495 0.2827889 0.2996074 0.2761892 0.1311635 0.0814438 0.0769940 0.0810409 0.2263521 0.0849161 0.0893883 0.0732351 0.0894444 0.0853598 0.0514420 0.1028762 0.0810409 0.0726948 0.0726948 0.0765163 0.0937307 0.0725326 0.1159589 0.1073808 0.0634383 0.1524131 0.0804578 0.0768355 0.0596923 0.1530859 0.0763594 0.1251470 0.0895343 0.0851497 0.0851180 0.1378507 0.0986267 0.1378507 0.1387522 0.0766502 0.0986267 0.1074073 0.1466644 0.1298164 0.0855498 0.0852633 0.0807590 0.0854949 0.0982884 0.0945374 0.1248898 0.0942348 0.1028762 0.0724907 0.1089655 0.1146098 0.0942785 0.0810652 0.1259263 0.0000010 0.1664950 0.1202759 0.0719960 0.0895278 0.1160796 0.0772269 0.1076752 0.0937558 0.0986267 0.1618130 0.1157671 0.0855166 0.0769746 0.1333580 0.0989089 0.0981807 0.0000010 0.1130746 
Eutrochium_fistulosum_SRR9119106           0.1824238 0.1640244 0.2073633 0.1308112 0.1765980 0.0923495 0.0000000 0.3047462 0.2009139 0.2834737 0.1497191 0.1723162 0.5271722 0.1953797 0.2035789 0.1858179 0.1705940 0.1701159 0.1448616 0.1887805 0.1869692 0.2103881 0.1667193 0.2548811 0.1889005 0.1877402 0.2112496 0.1673393 0.2466785 0.2764599 0.1784375 0.1534015 0.1608192 0.1931299 0.1708329 0.1507092 0.1938488 0.1228013 0.1880993 0.1831561 0.2044206 0.1377980 0.2103881 0.1410159 0.1341360 0.2031261 0.1696941 0.2084517 0.1651954 0.2048654 0.1739938 0.1974902 0.1906899 0.1952807 0.3034327 0.2817065 0.2142556 0.2045531 0.2124223 0.1742149 0.1229029 0.2143777 0.1853882 0.1609759 0.1315321 0.0520980 0.2152935 0.2029188 0.1955070 0.1650598 0.2428178 0.1939962 0.2101111 0.1971157 0.1774670 0.1972815 0.1661308 0.1881701 0.1953356 0.2063351 0.2087603 0.1784535 0.1255357 0.2320299 
Galeana_pratensis_104_mex                  0.2744397 0.3552708 0.3841625 0.3290938 0.2993011 0.2827889 0.3047462 0.0000000 0.3907353 0.3366278 0.3831309 0.3371153 0.3487653 0.3131278 0.4892651 0.3213694 0.3022247 0.3483038 0.3123140 0.3281900 0.2968462 0.3287815 0.3350648 0.3186602 0.3398306 0.3008293 0.3313547 0.3222380 0.3427243 0.3294498 0.3577186 0.3643452 0.3568554 0.3321917 0.3965021 0.3769909 0.3012560 0.3392982 0.3393637 0.3459059 0.3258906 0.3730727 0.3241405 0.3730727 0.3549845 0.3444015 0.3403688 0.3513975 0.3732215 0.3576710 0.3499354 0.3131278 0.3156512 0.3232740 0.3200373 0.3284371 0.3349453 0.3240211 0.3287815 0.3255556 0.2372113 0.3488278 0.3368838 0.3491076 0.3390207 0.6363841 0.3703599 0.4066341 0.2957990 0.3351739 0.3511066 0.3238208 0.3187546 0.3366689 0.3255351 0.3608955 0.3202492 0.3493422 0.3195006 0.3395007 0.3250424 0.3515711 0.5298504 0.2980776 
Helianthus_annuus_SRR9119062               0.2332929 0.2915161 0.2750712 0.2192587 0.2069785 0.2996074 0.2009139 0.3907353 0.0000000 0.2722073 0.2404224 0.2133497 0.7013916 0.2441885 0.2635943 0.2193353 0.2646773 0.2170774 0.2262557 0.2510402 0.2807269 0.2544435 0.2154133 0.3164205 0.2467527 0.2458850 0.2563401 0.2208523 0.3314876 0.3723506 0.2223342 0.2392713 0.2103383 0.2516092 0.2345106 0.2271917 0.2558032 0.2304536 0.2283417 0.2659426 0.2535717 0.2276308 0.2544435 0.2143328 0.2358673 0.2583225 0.2099506 0.2534028 0.2197231 0.2516913 0.2108643 0.2493966 0.2518630 0.2544902 0.3088313 0.3638141 0.2916802 0.2495407 0.2520391 0.2139096 0.2607901 0.2296498 0.3559449 0.2085506 0.2195806 0.1072950 0.2351526 0.2417232 0.2558589 0.2143520 0.2681739 0.2448898 0.2523791 0.2442890 0.3555679 0.2336905 0.2462567 0.2368534 0.2445785 0.3627736 0.2527565 0.2235722 0.1098214 0.3563946 
Lycapsus_tenuifolius_17                    0.2248476 0.3619864 0.4954346 0.2950610 0.4570394 0.2761892 0.2834737 0.3366278 0.2722073 0.0000000 0.3910140 0.3811583 0.7025747 0.4425724 0.3730280 0.3917346 0.3529392 0.3674939 0.4405700 0.4626843 0.3867331 0.4208469 0.3707641 0.4528360 0.4439888 0.4476316 0.4330489 0.4043704 0.4983143 0.4787017 0.4373213 0.3779089 0.2754935 0.4948247 0.3628929 0.3128607 0.3855415 0.3743702 0.3976172 0.4045257 0.4578776 0.3079519 0.4165658 0.2888636 0.3852457 0.4705602 0.3615277 0.4405991 0.4120124 0.4147309 0.3739811 0.4498755 0.3769375 0.4498798 0.4271403 0.5217406 0.3669298 0.4259568 0.4165658 0.3622065 0.2391288 0.4117738 0.4099384 0.4804958 0.3306051 0.1640321 0.4354748 0.4339749 0.3743501 0.3690146 0.4865312 0.4520960 0.4484133 0.4276143 0.4418956 0.4375825 0.3807319 0.4358140 0.4521981 0.3691347 0.4447588 0.4407051 0.3708237 0.3100858 
Pericome_caudata_50_silver                 0.2474369 0.2353438 0.2524600 0.1819644 0.2154042 0.1311635 0.1497191 0.3831309 0.2404224 0.3910140 0.0000000 0.2106672 0.5310168 0.2447996 0.2388520 0.2194091 0.2176169 0.2279023 0.1576143 0.2398761 0.2181499 0.2538025 0.1998560 0.2945056 0.2343194 0.2520931 0.2637945 0.2345975 0.2609000 0.2980726 0.2258994 0.1594088 0.2373455 0.2487219 0.2441471 0.1637143 0.2359818 0.1377723 0.2309396 0.2493301 0.2524996 0.1552970 0.2517288 0.1515246 0.1521805 0.2598400 0.1972880 0.2518609 0.1780275 0.2576262 0.2135090 0.2467837 0.2631636 0.2467468 0.2803356 0.3287198 0.2533173 0.2452447 0.2538025 0.2302105 0.1496855 0.2465608 0.2567564 0.1971776 0.1422215 0.0280728 0.2343133 0.2313366 0.2372737 0.1997387 0.2711683 0.2408020 0.2484083 0.2396816 0.2266556 0.2212687 0.1995623 0.2374560 0.2406621 0.2477012 0.2521726 0.2257825 0.1253140 0.2384158 
Perityle_aglossa_84_dead_horse             0.1838665 0.1520893 0.1595548 0.1781001 0.2286180 0.0814438 0.1723162 0.3371153 0.2133497 0.3811583 0.2106672 0.0000000 0.2706611 0.0458244 0.1111586 0.1201305 0.1063192 0.0981349 0.2770338 0.0348969 0.0804341 0.0414305 0.0228327 0.0743784 0.0286991 0.0614658 0.0776399 0.1650800 0.1667555 0.1743236 0.1813245 0.2045251 0.1835041 0.1158481 0.1767457 0.1882918 0.1034426 0.1921405 0.1347380 0.0227803 0.0259242 0.1754254 0.0410249 0.1755891 0.1974426 0.0338078 0.0394807 0.0449677 0.2777296 0.0933787 0.0280745 0.0187981 0.0780602 0.0273922 0.1884314 0.0815591 0.0753188 0.0485779 0.0406761 0.1100959 0.1278612 0.1039685 0.0957876 0.0334422 0.1738292 0.0563440 0.1630814 0.1964213 0.0967575 0.0204232 0.1470470 0.0432666 0.0431651 0.0232937 0.0557710 0.1987554 0.1284697 0.0384535 0.0169691 0.2345672 0.0459223 0.1330168 0.1017965 0.2130226 
Perityle_ajoensis_204                      0.6007919 0.2733537 0.4390952 0.6694456 0.5747054 0.0769940 0.5271722 0.3487653 0.7013916 0.7025747 0.5310168 0.2706611 0.0000000 0.2703943 0.5899766 0.3521424 0.4399418 0.3632846 0.5498315 0.2440218 0.2535295 0.2952171 0.2723898 0.1953924 0.2694632 0.3217209 0.3365464 0.3894595 0.2866607 0.1744511 0.3937979 0.6383309 0.5056858 0.3437772 0.4260598 0.6119967 0.3682737 0.6034140 0.3611798 0.2699176 0.2713236 0.5860844 0.3041932 0.6013742 0.6069065 0.2739354 0.3024993 0.3007061 0.6467168 0.3175733 0.2560732 0.2654767 0.3487362 0.2598888 0.3609084 0.1569301 0.2782344 0.2749462 0.3043672 0.3851893 0.1253665 0.2919025 0.2110494 0.2731760 0.5688251 1.0510647 0.4108558 0.4137263 0.3660896 0.2690650 0.3931675 0.2772503 0.2803463 0.2712969 0.1461454 0.4901673 0.4185522 0.2610677 0.2511468 0.2553941 0.2970532 0.3805987 9.0000000 0.2268960 
Perityle_ambrosiifolia_67_green            0.1969022 0.1686223 0.1678669 0.2304171 0.2895998 0.0810409 0.1953797 0.3131278 0.2441885 0.4425724 0.2447996 0.0458244 0.2703943 0.0000000 0.1476884 0.1313450 0.1403710 0.1037673 0.3137801 0.0339772 0.0784394 0.0653608 0.0340547 0.0225820 0.0548302 0.0962657 0.1011609 0.1981986 0.1716184 0.1775040 0.1985774 0.2845461 0.2153859 0.1432973 0.2076010 0.2609504 0.1239815 0.2705839 0.1440685 0.0505149 0.0421712 0.2297741 0.0662549 0.2432094 0.2708888 0.0538230 0.0709014 0.0732557 0.3416112 0.1099392 0.0492408 0.0326486 0.0922230 0.0456232 0.2049124 0.0771598 0.0771394 0.0486125 0.0677609 0.1400420 0.1325636 0.1068568 0.0909085 0.0584349 0.2183624 0.1206607 0.1632486 0.1888284 0.1202854 0.0340194 0.1639510 0.0719421 0.0485296 0.0427973 0.0478805 0.2281998 0.1741426 0.0531029 0.0395444 0.2263128 0.0721792 0.1764987 0.4684057 0.2121508 
Perityle_angustifolia_13_Eagle_creek       0.2780988 0.2645636 0.2148704 0.2580111 0.1511901 0.2263521 0.2035789 0.4892651 0.2635943 0.3730280 0.2388520 0.1111586 0.5899766 0.1476884 0.0000000 0.1791976 0.1756200 0.1846044 0.1984931 0.1361145 0.2137057 0.1045541 0.1027514 0.1229913 0.0992390 0.1618591 0.1588411 0.1692657 0.3250149 0.3953283 0.1845413 0.2120019 0.2259190 0.1059579 0.1796460 0.1955865 0.1752389 0.2129004 0.1905209 0.1092467 0.1075736 0.1886587 0.1061939 0.1879782 0.2148628 0.1199045 0.1063311 0.1096260 0.1945284 0.1617745 0.1094552 0.1043253 0.1814618 0.1026699 0.3514986 0.2241325 0.2312966 0.1213342 0.1062609 0.1854509 0.3287802 0.2023090 0.2484816 0.1314033 0.1632135 0.0629484 0.2146894 0.2580603 0.1676315 0.1059958 0.2325881 0.1012779 0.1124796 0.1060238 0.2059252 0.2110462 0.2096398 0.1338285 0.1062595 0.3583099 0.1047691 0.1656795 0.1221960 0.3158368 
Perityle_batopilensis_97                   0.1940096 0.1501565 0.1760019 0.1887838 0.3391551 0.0849161 0.1858179 0.3213694 0.2193353 0.3917346 0.2194091 0.1201305 0.3521424 0.1313450 0.1791976 0.0000000 0.0901635 0.1224944 0.2556640 0.1184104 0.0912572 0.1104564 0.1192751 0.1668100 0.1292827 0.0889291 0.0982500 0.2120736 0.1807399 0.1916403 0.2318853 0.2365399 0.2081010 0.2487460 0.2569090 0.2037853 0.0671441 0.2182385 0.0522522 0.1288978 0.1215846 0.1915968 0.1115791 0.1933598 0.2240830 0.1246077 0.1167089 0.1261899 0.2640924 0.1420289 0.1253331 0.1176741 0.0876360 0.1227498 0.2100347 0.1525092 0.1287838 0.1084229 0.1108961 0.1373180 0.0810916 0.1615026 0.1433204 0.2299247 0.1657604 0.0614221 0.1811500 0.2001543 0.0655225 0.1172571 0.1652269 0.1448906 0.1205512 0.1165057 0.1328983 0.2065579 0.1764780 0.1186818 0.1282395 0.2258182 0.1201536 0.1626341 0.1200597 0.1937302 
Perityle_bisetosa_9                        0.2183728 0.1668002 0.1485746 0.2167657 0.1549489 0.0893883 0.1705940 0.3022247 0.2646773 0.3529392 0.2176169 0.1063192 0.4399418 0.1403710 0.1756200 0.0901635 0.0000000 0.1079248 0.2155203 0.0846216 0.0679010 0.1050222 0.1136929 0.1064793 0.1048284 0.0779067 0.1257747 0.1069340 0.1703787 0.1778576 0.1152621 0.2352597 0.1662441 0.1062129 0.1379930 0.2108581 0.0290091 0.2206325 0.0963682 0.1132712 0.1117562 0.1915900 0.1050222 0.1948401 0.2225652 0.1250338 0.1112360 0.1149088 0.2071927 0.1176026 0.1128555 0.1064270 0.0818290 0.1083925 0.2534768 0.1425983 0.1096954 0.0960405 0.1064192 0.1046950 0.0900546 0.1327523 0.1166273 0.1471591 0.1660744 0.0843868 0.1691657 0.2191713 0.0271857 0.1106506 0.1632885 0.1123639 0.1014685 0.1077575 0.1145304 0.1614226 0.1721710 0.1095663 0.1053925 0.2298348 0.1066076 0.0882194 0.1924408 0.1873034 
Perityle_californica_76_positas            0.1770031 0.1223678 0.1376451 0.1917207 0.2814498 0.0732351 0.1701159 0.3483038 0.2170774 0.3674939 0.2279023 0.0981349 0.3632846 0.1037673 0.1846044 0.1224944 0.1079248 0.0000000 0.2263270 0.1021681 0.0930166 0.1110602 0.1092963 0.1510024 0.0976458 0.1032197 0.1164787 0.1451881 0.1676663 0.1555634 0.1312800 0.2289788 0.1567090 0.1302372 0.1730639 0.2153101 0.1036137 0.2236869 0.1224856 0.1387853 0.1076786 0.1946038 0.1110602 0.1840746 0.2311122 0.1160762 0.1112661 0.1226242 0.1845897 0.1332212 0.1061050 0.1022587 0.1078093 0.1037379 0.1744318 0.1411775 0.1166343 0.1042270 0.1124736 0.1012030 0.0921011 0.1253529 0.1365945 0.2497007 0.1895707 0.0524297 0.1535791 0.1593194 0.1016558 0.1080877 0.1380555 0.0996891 0.1090784 0.1095788 0.1377105 0.1748728 0.1789787 0.1073917 0.0994591 0.2154158 0.1126744 0.1352081 0.0508854 0.2059629 
Perityle_canescens_77                      0.2097975 0.1733776 0.3119212 0.1739379 0.3073292 0.0894444 0.1448616 0.3123140 0.2262557 0.4405700 0.1576143 0.2770338 0.5498315 0.3137801 0.1984931 0.2556640 0.2155203 0.2263270 0.0000000 0.3121977 0.2054580 0.3273065 0.2632504 0.3283795 0.3036122 0.3063506 0.3184741 0.2538855 0.2935291 0.3429631 0.2610581 0.1643193 0.2548787 0.3436800 0.2859895 0.1574437 0.2605572 0.1431459 0.2541715 0.2862308 0.3204057 0.1506928 0.3186563 0.1493089 0.1531990 0.3219139 0.2702197 0.3264966 0.1848283 0.2706222 0.2684332 0.3155187 0.2579490 0.3138665 0.2779785 0.3180185 0.2395971 0.3231453 0.3185923 0.2141555 0.1190480 0.2463893 0.2034988 0.3871351 0.1178913 0.0596610 0.2908758 0.2890882 0.2640045 0.2693927 0.3706327 0.3127599 0.3170886 0.3163395 0.1987749 0.2927893 0.3002790 0.3114448 0.3045868 0.1918739 0.3297042 0.2586454 0.1621849 0.2151303 
Perityle_castillonii_96                    0.1965805 0.1577098 0.1478756 0.1811595 0.2612546 0.0853598 0.1887805 0.3281900 0.2510402 0.4626843 0.2398761 0.0348969 0.2440218 0.0339772 0.1361145 0.1184104 0.0846216 0.1021681 0.3121977 0.0000000 0.0743251 0.0490401 0.0370467 0.0236698 0.0316352 0.0676106 0.0726689 0.1761450 0.1616628 0.1645775 0.1949892 0.2441547 0.1826337 0.1330728 0.1826981 0.2308649 0.0811502 0.2362600 0.1394395 0.0347638 0.0369335 0.2104363 0.0492602 0.2127159 0.2382385 0.0391189 0.0476509 0.0503474 0.3232078 0.1033882 0.0414835 0.0325246 0.0668028 0.0284648 0.2102969 0.0770665 0.0769638 0.0517481 0.0507477 0.1030668 0.1324653 0.1114488 0.0858273 0.0394844 0.1954482 0.0371782 0.1535430 0.1584761 0.0861960 0.0359521 0.1524667 0.0505531 0.0452062 0.0335962 0.0477869 0.2086270 0.1438092 0.0264317 0.0362280 0.2295652 0.0492447 0.1415741 0.1924408 0.2082261 
Perityle_cernua_84                         0.2523308 0.1461410 0.1560029 0.2371352 0.1704280 0.0514420 0.1869692 0.2968462 0.2807269 0.3867331 0.2181499 0.0804341 0.2535295 0.0784394 0.2137057 0.0912572 0.0679010 0.0930166 0.2054580 0.0743251 0.0000000 0.0768478 0.0824227 0.0744206 0.0744410 0.0810340 0.0935262 0.0842303 0.1594717 0.1651394 0.0814069 0.2904928 0.1189597 0.0762736 0.1310654 0.2424532 0.0574681 0.2374778 0.0933358 0.0821180 0.0781146 0.2098628 0.0750588 0.2156440 0.2424811 0.0862163 0.0805642 0.0880659 0.2240281 0.0991568 0.0864351 0.0744956 0.0895354 0.0763191 0.1196844 0.1197196 0.0935059 0.0750913 0.0768478 0.0858136 0.1084490 0.0963745 0.0957914 0.1483711 0.2063326 0.0415948 0.1570139 0.1475093 0.0591230 0.0803235 0.1534592 0.0784472 0.0728751 0.0783292 0.0907255 0.1570139 0.1634154 0.0794231 0.0764050 0.2174866 0.0788802 0.0946501 0.0000010 0.1966766 
Perityle_cfvillosa_25_tin                  0.2084216 0.1706214 0.1606437 0.2313856 0.2425866 0.1028762 0.2103881 0.3287815 0.2544435 0.4208469 0.2538025 0.0414305 0.2952171 0.0653608 0.1045541 0.1104564 0.1050222 0.1110602 0.3273065 0.0490401 0.0768478 0.0000000 0.0377133 0.0374847 0.0349207 0.0749222 0.0837190 0.1225985 0.1753792 0.1853339 0.1693826 0.2472992 0.2143573 0.0847723 0.1423901 0.2264367 0.0952612 0.2230947 0.1228975 0.0385860 0.0389479 0.2122980 0.0019914 0.2127413 0.2248761 0.0483119 0.0073586 0.0074296 0.2874578 0.0573036 0.0396192 0.0337576 0.0919441 0.0305527 0.2033597 0.0876018 0.0853704 0.0063785 0.0027990 0.1160303 0.1426121 0.1072671 0.0860703 0.0715889 0.2022653 0.0640002 0.1512109 0.1794073 0.0914310 0.0366780 0.1563400 0.0386992 0.0132367 0.0386088 0.0048745 0.1974867 0.1489727 0.0510610 0.0409636 0.2313765 0.0063614 0.1151774 0.4684057 0.2237217 
Perityle_coahuilensis_24                   0.1988979 0.1514346 0.1663221 0.1889160 0.2256196 0.0810409 0.1667193 0.3350648 0.2154133 0.3707641 0.1998560 0.0228327 0.2723898 0.0340547 0.1027514 0.1192751 0.1136929 0.1092963 0.2632504 0.0370467 0.0824227 0.0377133 0.0000000 0.0699445 0.0303027 0.0688775 0.0842929 0.1708221 0.1715722 0.1741568 0.1877029 0.2064999 0.2009671 0.1205501 0.1850193 0.1813403 0.1090156 0.1935510 0.1481079 0.0703963 0.0201396 0.1727171 0.0384764 0.1687931 0.1996025 0.0344844 0.0364871 0.0419523 0.2737539 0.1127122 0.0326809 0.0120621 0.0800048 0.0261750 0.1928583 0.0815237 0.0809614 0.0450578 0.0391147 0.1186247 0.1325636 0.1098004 0.0932893 0.0394074 0.1728962 0.0704007 0.1620844 0.1921886 0.1037261 0.0101108 0.1558797 0.0481306 0.0416850 0.0159796 0.0504638 0.2038180 0.1306188 0.0420756 0.0291724 0.2303692 0.0444514 0.1361668 0.0983835 0.2157419 
Perityle_cochisensis_44_cave_creek         0.2820765 0.2269550 0.1747264 0.2711832 0.3042506 0.0726948 0.2548811 0.3186602 0.3164205 0.4528360 0.2945056 0.0743784 0.1953924 0.0225820 0.1229913 0.1668100 0.1064793 0.1510024 0.3283795 0.0236698 0.0744206 0.0374847 0.0699445 0.0000000 0.0297982 0.0728257 0.0634623 0.2317936 0.1619346 0.1647609 0.2268829 0.3138917 0.2224271 0.1534557 0.2523274 0.2971957 0.0981408 0.3068434 0.1769569 0.0686072 0.0342332 0.2781921 0.0362055 0.2789090 0.3130187 0.0376942 0.0836126 0.0565150 0.3601063 0.1512501 0.0766818 0.0207800 0.0689143 0.0190725 0.2089516 0.0705424 0.0751670 0.0405659 0.0363927 0.1523152 0.1232706 0.1456839 0.0883685 0.0967762 0.2650965 0.0458585 0.2028946 0.2135843 0.1021400 0.0710116 0.1569353 0.0412334 0.0343658 0.0198895 0.0452106 0.2523783 0.2107118 0.0395099 0.0304320 0.2188468 0.0387241 0.1947626 0.4428772 0.1973032 
Perityle_congesta_202                      0.2028399 0.1631022 0.1548640 0.2203238 0.2438522 0.0726948 0.1889005 0.3398306 0.2467527 0.4439888 0.2343194 0.0286991 0.2694632 0.0548302 0.0992390 0.1292827 0.1048284 0.0976458 0.3036122 0.0316352 0.0744410 0.0349207 0.0303027 0.0297982 0.0000000 0.0715813 0.0755477 0.1787156 0.1619883 0.1648326 0.1882587 0.2236322 0.1978286 0.1219898 0.1871323 0.2101459 0.1074813 0.2131586 0.1469958 0.0257024 0.0313345 0.1975395 0.0362538 0.1968779 0.2162709 0.0387960 0.0381236 0.0404656 0.2996363 0.0991763 0.0302942 0.0243817 0.0799000 0.0183081 0.2058504 0.0684137 0.0733025 0.0415513 0.0360876 0.1140098 0.1232706 0.1158076 0.0860188 0.0443041 0.1937122 0.0640760 0.1567615 0.2092618 0.1008802 0.0275560 0.1557817 0.0247427 0.0341844 0.0220640 0.0452563 0.2101545 0.1449997 0.0350609 0.0322438 0.2230414 0.0408445 0.1383297 0.2376294 0.2015185 
Perityle_cordifolia_27                     0.2126520 0.1589776 0.1446026 0.1990922 0.2466103 0.0765163 0.1877402 0.3008293 0.2458850 0.4476316 0.2520931 0.0614658 0.3217209 0.0962657 0.1618591 0.0889291 0.0779067 0.1032197 0.3063506 0.0676106 0.0810340 0.0749222 0.0688775 0.0728257 0.0715813 0.0000000 0.1042540 0.1331606 0.1432027 0.1484230 0.1971330 0.2261326 0.2018036 0.1350881 0.1530733 0.2163426 0.0711172 0.2184913 0.1092530 0.0677901 0.0681586 0.2087624 0.0784520 0.2093405 0.2149045 0.0711368 0.0762632 0.0800590 0.3022667 0.0949703 0.0745453 0.0642518 0.0228940 0.0683054 0.2156350 0.1286068 0.1030847 0.0814055 0.0736740 0.1103295 0.0956979 0.1123648 0.1273592 0.0904086 0.1734839 0.0639314 0.1516732 0.1811807 0.0671206 0.0627310 0.1372762 0.0726710 0.0843581 0.0688725 0.1155405 0.1936691 0.1392051 0.0776008 0.0751636 0.2165735 0.0723583 0.0994944 0.1924408 0.1895050 
Perityle_cordifolia_68_tecolote            0.2098126 0.1752967 0.1489151 0.2219778 0.2642803 0.0937307 0.2112496 0.3313547 0.2563401 0.4330489 0.2637945 0.0776399 0.3365464 0.1011609 0.1588411 0.0982500 0.1257747 0.1164787 0.3184741 0.0726689 0.0935262 0.0837190 0.0842929 0.0634623 0.0755477 0.1042540 0.0000000 0.1122851 0.1809272 0.1668497 0.1449788 0.2490145 0.2046762 0.0950541 0.1399763 0.2408926 0.0990946 0.2269656 0.1073650 0.0799955 0.0812461 0.2217475 0.0845621 0.2254230 0.2242206 0.0908668 0.0880753 0.0869596 0.2648155 0.1073529 0.0791017 0.0753129 0.1068478 0.0781312 0.2280106 0.0264569 0.0868470 0.0745929 0.0809005 0.1231340 0.1286001 0.1219325 0.0975999 0.1111674 0.2182727 0.0861141 0.1696979 0.2059243 0.0928180 0.0782628 0.1658174 0.0766260 0.0745857 0.0809177 0.0564835 0.1767258 0.1542137 0.0673930 0.0730357 0.2368891 0.0822970 0.1242361 0.4684057 0.2139598 
Perityle_coronopifolia_28_patagonia        0.1748021 0.1406388 0.1902920 0.2200501 0.3098023 0.0725326 0.1673393 0.3222380 0.2208523 0.4043704 0.2345975 0.1650800 0.3894595 0.1981986 0.1692657 0.2120736 0.1069340 0.1451881 0.2538855 0.1761450 0.0842303 0.1225985 0.1708221 0.2317936 0.1787156 0.1331606 0.1122851 0.0000000 0.1554666 0.1629622 0.1989099 0.2144926 0.2055847 0.2088672 0.2285451 0.1940189 0.0993024 0.1993314 0.1797615 0.1948155 0.1861233 0.1833442 0.1166653 0.1701202 0.2001137 0.1845919 0.1664569 0.1793478 0.2380324 0.2008764 0.1758504 0.1442339 0.1014076 0.1678568 0.2109371 0.1347569 0.0809865 0.1261323 0.1114362 0.0943423 0.1187316 0.1754249 0.1123204 0.2956747 0.1836546 0.0592999 0.2320085 0.2649205 0.1012804 0.1617317 0.1878430 0.1713934 0.1676851 0.1198819 0.1231808 0.2354651 0.2039452 0.1815444 0.1721387 0.2206719 0.1584816 0.1730529 0.1745903 0.2057343 
Perityle_crassifolia_70_ventanas           0.3194811 0.2127130 0.1225136 0.2183087 0.2471601 0.1159589 0.2466785 0.3427243 0.3314876 0.4983143 0.2609000 0.1667555 0.2866607 0.1716184 0.3250149 0.1807399 0.1703787 0.1676663 0.2935291 0.1616628 0.1594717 0.1753792 0.1715722 0.1619346 0.1619883 0.1432027 0.1809272 0.1554666 0.0000000 0.0172052 0.1752166 0.2755919 0.1930842 0.1686905 0.2030545 0.3443203 0.1610815 0.2656088 0.1858369 0.1734016 0.1684644 0.2950430 0.1731964 0.3023036 0.2706075 0.1809668 0.1827601 0.1826912 0.3146648 0.1850814 0.1718492 0.1689632 0.1551117 0.1665526 0.2146045 0.2073285 0.1873372 0.1664677 0.1753792 0.1724903 0.1143604 0.2001456 0.1937776 0.2203848 0.2794602 0.0803675 0.1818862 0.1741238 0.1607755 0.1714433 0.0436692 0.1669508 0.1742359 0.1713326 0.1914080 0.1773965 0.2311145 0.1671741 0.1690309 0.2771501 0.1758057 0.1751110 0.0000010 0.2676313 
Perityle_crassifolia_74_playa_balandra     0.3146796 0.2189005 0.1128868 0.2182630 0.2934134 0.1073808 0.2764599 0.3294498 0.3723506 0.4787017 0.2980726 0.1743236 0.1744511 0.1775040 0.3953283 0.1916403 0.1778576 0.1555634 0.3429631 0.1645775 0.1651394 0.1853339 0.1741568 0.1647609 0.1648326 0.1484230 0.1668497 0.1629622 0.0172052 0.0000000 0.1675592 0.3085547 0.1720621 0.1676344 0.1938535 0.3708731 0.1658816 0.3125362 0.1983469 0.1798268 0.1733222 0.3285962 0.1824841 0.3387653 0.3082058 0.1837267 0.1954273 0.1949533 0.3404482 0.1949377 0.1745254 0.1739963 0.1638229 0.1708242 0.2118567 0.1865102 0.1936090 0.1794420 0.1853339 0.1681771 0.1052552 0.1994688 0.1918793 0.2348957 0.3258900 0.0000010 0.1993037 0.1766137 0.1627289 0.1770868 0.0237880 0.1713603 0.1843866 0.1800954 0.1860944 0.1934151 0.2186391 0.1718506 0.1740875 0.2600504 0.1826518 0.1844209 0.0000010 0.2661936 
Perityle_cuneata_34_cuneata_San_antonio    0.1965942 0.1398919 0.1974599 0.1973899 0.3699205 0.0634383 0.1784375 0.3577186 0.2223342 0.4373213 0.2258994 0.1813245 0.3937979 0.1985774 0.1845413 0.2318853 0.1152621 0.1312800 0.2610581 0.1949892 0.0814069 0.1693826 0.1877029 0.2268829 0.1882587 0.1971330 0.1449788 0.1989099 0.1752166 0.1675592 0.0000000 0.2624130 0.1903057 0.2186929 0.2567820 0.2267382 0.1218242 0.2290008 0.2262543 0.2137860 0.1992785 0.2074520 0.1530017 0.1966433 0.2411702 0.2012582 0.1869225 0.2059568 0.2733702 0.2165486 0.1869481 0.1999008 0.1138678 0.1959004 0.2299219 0.1411130 0.1366339 0.1822165 0.1537642 0.1249617 0.1141171 0.1939795 0.1592319 0.3088669 0.2026527 0.0473710 0.2254062 0.2535446 0.1255112 0.1876385 0.2348237 0.1933220 0.2017785 0.1604088 0.1329836 0.2153231 0.2681265 0.1964520 0.1881833 0.2312015 0.2022924 0.2253016 0.1264798 0.2193490 
Perityle_cuneata_4                         0.2487768 0.2652198 0.2123629 0.1902508 0.2089839 0.1524131 0.1534015 0.3643452 0.2392713 0.3779089 0.1594088 0.2045251 0.6383309 0.2845461 0.2120019 0.2365399 0.2352597 0.2289788 0.1643193 0.2441547 0.2904928 0.2472992 0.2064999 0.3138917 0.2236322 0.2261326 0.2490145 0.2144926 0.2755919 0.3085547 0.2624130 0.0000000 0.2639403 0.2324786 0.2268867 0.1541175 0.2507985 0.1408465 0.2608726 0.2588893 0.2357952 0.1509712 0.2479759 0.1425901 0.1530217 0.2505767 0.2052821 0.2491786 0.1635791 0.2759633 0.2185273 0.2325921 0.2562691 0.2433677 0.3527076 0.3698035 0.2962012 0.2594278 0.2473851 0.2301162 0.1639619 0.2742308 0.2675747 0.2040404 0.1340566 0.0870543 0.2640204 0.2757015 0.2463719 0.2045637 0.2334060 0.2220370 0.2598954 0.2372582 0.2683807 0.2539814 0.2111742 0.2440246 0.2459282 0.2362573 0.2424189 0.2249936 0.1498937 0.3057262 
Perityle_discoidea_81                      0.1495160 0.1542622 0.2163669 0.2371149 0.2608379 0.0804578 0.1608192 0.3568554 0.2103383 0.2754935 0.2373455 0.1835041 0.5056858 0.2153859 0.2259190 0.2081010 0.1662441 0.1567090 0.2548787 0.1826337 0.1189597 0.2143573 0.2009671 0.2224271 0.1978286 0.2018036 0.2046762 0.2055847 0.1930842 0.1720621 0.1903057 0.2639403 0.0000000 0.2246298 0.1747043 0.2522249 0.1842247 0.2752900 0.2294756 0.3147092 0.2111546 0.2664936 0.2158321 0.2027755 0.3119264 0.2117070 0.1964569 0.2220407 0.2768078 0.2375740 0.1862259 0.2025234 0.1660372 0.2129998 0.2735377 0.1775227 0.1241976 0.2134742 0.2094184 0.1788263 0.1133581 0.2063133 0.1520599 0.3237472 0.2382593 0.1454902 0.2701816 0.2899355 0.1831094 0.1914813 0.2562039 0.2028643 0.2150196 0.2066387 0.1651963 0.2653080 0.2355097 0.2143775 0.2080469 0.2414467 0.2191689 0.2252795 0.1900375 0.2184558 
Perityle_dissecta_201                      0.2080163 0.1706110 0.2270578 0.2184856 0.2836201 0.0768355 0.1931299 0.3321917 0.2516092 0.4948247 0.2487219 0.1158481 0.3437772 0.1432973 0.1059579 0.2487460 0.1062129 0.1302372 0.3436800 0.1330728 0.0762736 0.0847723 0.1205501 0.1534557 0.1219898 0.1350881 0.0950541 0.2088672 0.1686905 0.1676344 0.2186929 0.2324786 0.2246298 0.0000000 0.2382908 0.2190334 0.1061312 0.2138966 0.2250139 0.1161324 0.1248251 0.2079139 0.0754668 0.2070080 0.2103137 0.1246940 0.1379740 0.1416197 0.3340412 0.1862753 0.1305083 0.0895625 0.0798361 0.1162725 0.2767727 0.0791224 0.0787848 0.1132740 0.0666239 0.1160672 0.1278612 0.2142424 0.0929890 0.1229279 0.1953744 0.0641154 0.2590735 0.3225576 0.0994552 0.1144919 0.2354044 0.1124946 0.1363759 0.0651611 0.0477341 0.2256089 0.2171453 0.1518698 0.1147575 0.2227541 0.1213061 0.1889096 0.4684057 0.2047291 
Perityle_emoryi_47_punta_san_jose          0.1495379 0.1810124 0.1651413 0.2199291 0.3082545 0.0596923 0.1708329 0.3965021 0.2345106 0.3628929 0.2441471 0.1767457 0.4260598 0.2076010 0.1796460 0.2569090 0.1379930 0.1730639 0.2859895 0.1826981 0.1310654 0.1423901 0.1850193 0.2523274 0.1871323 0.1530733 0.1399763 0.2285451 0.2030545 0.1938535 0.2567820 0.2268867 0.1747043 0.2382908 0.0000000 0.2083123 0.1292271 0.2170183 0.2316269 0.2059483 0.1957722 0.1921339 0.1324447 0.1820945 0.2227183 0.1992238 0.1785979 0.1968470 0.3168002 0.2359960 0.1902784 0.1692815 0.1265359 0.1795950 0.2885116 0.1645970 0.1460949 0.1549365 0.1304938 0.1828757 0.1334147 0.2310541 0.1853180 0.3152454 0.1819728 0.0662638 0.2641001 0.3026485 0.1247326 0.1847621 0.2042281 0.1914936 0.1956390 0.1375323 0.1764947 0.2690186 0.2125749 0.2006775 0.1958141 0.2513011 0.1788008 0.2197497 0.2790411 0.2543408 
Perityle_feddemae_99                       0.2459201 0.2323735 0.2336306 0.1969854 0.1937355 0.1530859 0.1507092 0.3769909 0.2271917 0.3128607 0.1637143 0.1882918 0.6119967 0.2609504 0.1955865 0.2037853 0.2108581 0.2153101 0.1574437 0.2308649 0.2424532 0.2264367 0.1813403 0.2971957 0.2101459 0.2163426 0.2408926 0.1940189 0.3443203 0.3708731 0.2267382 0.1541175 0.2522249 0.2190334 0.2083123 0.0000000 0.2224872 0.1643397 0.2346866 0.2586645 0.2232563 0.0263013 0.2264367 0.0272668 0.1903317 0.2373301 0.1886479 0.2273820 0.0504917 0.2333680 0.1924734 0.2143244 0.2329378 0.2263585 0.3092990 0.3402113 0.2221392 0.2355352 0.2280982 0.2174629 0.1392254 0.2105634 0.2367794 0.1923261 0.1184948 0.0676451 0.2892211 0.3163877 0.2166437 0.1791792 0.2725184 0.2083982 0.2354761 0.2191603 0.2543017 0.2781392 0.1710892 0.2169178 0.2278670 0.2004031 0.2268494 0.2120461 0.1154941 0.2428995 
Perityle_fosteri_93                        0.2131564 0.1555800 0.1384523 0.2139677 0.2131056 0.0763594 0.1938488 0.3012560 0.2558032 0.3855415 0.2359818 0.1034426 0.3682737 0.1239815 0.1752389 0.0671441 0.0290091 0.1036137 0.2605572 0.0811502 0.0574681 0.0952612 0.1090156 0.0981408 0.1074813 0.0711172 0.0990946 0.0993024 0.1610815 0.1658816 0.1218242 0.2507985 0.1842247 0.1061312 0.1292271 0.2224872 0.0000000 0.2277722 0.0755373 0.1073699 0.1059477 0.1986808 0.0952612 0.2047555 0.2280105 0.1139212 0.1006265 0.1041990 0.2225259 0.1082722 0.1105502 0.1036544 0.0668053 0.1008942 0.2333209 0.1258283 0.1021013 0.0853468 0.0965038 0.1037776 0.0855304 0.1160805 0.1113407 0.1487682 0.1777060 0.0653685 0.1499707 0.1791182 0.0150876 0.1075877 0.1525484 0.1091201 0.0948684 0.1049409 0.1085123 0.1518413 0.1674697 0.1001954 0.0995949 0.2145538 0.0966567 0.0827316 0.1924408 0.1762732 
Perityle_gamon_221                         0.2700870 0.2239206 0.2190511 0.1960673 0.2143020 0.1251470 0.1228013 0.3392982 0.2304536 0.3743702 0.1377723 0.1921405 0.6034140 0.2705839 0.2129004 0.2182385 0.2206325 0.2236869 0.1431459 0.2362600 0.2374778 0.2230947 0.1935510 0.3068434 0.2131586 0.2184913 0.2269656 0.1993314 0.2656088 0.3125362 0.2290008 0.1408465 0.2752900 0.2138966 0.2170183 0.1643397 0.2277722 0.0000000 0.2554172 0.2664237 0.2321517 0.1557470 0.2327457 0.1597210 0.0382119 0.2333974 0.1837498 0.2218228 0.1703258 0.2701802 0.2008279 0.2189138 0.2426801 0.2311576 0.3208434 0.3227519 0.2617205 0.2384664 0.2212825 0.2354760 0.1241033 0.2581487 0.2391730 0.1904792 0.1370126 0.0820247 0.2613976 0.2944677 0.2236877 0.1870460 0.2608756 0.2100303 0.2370355 0.2253836 0.2226426 0.2390904 0.1771226 0.2259074 0.2297327 0.2391813 0.2200559 0.2029708 0.0969057 0.2471718 
Perityle_gentryi_8_san_francisco           0.2378576 0.1492176 0.2015196 0.2174071 0.3316974 0.0895343 0.1880993 0.3393637 0.2283417 0.3976172 0.2309396 0.1347380 0.3611798 0.1440685 0.1905209 0.0522522 0.0963682 0.1224856 0.2541715 0.1394395 0.0933358 0.1228975 0.1481079 0.1769569 0.1469958 0.1092530 0.1073650 0.1797615 0.1858369 0.1983469 0.2262543 0.2608726 0.2294756 0.2250139 0.2316269 0.2346866 0.0755373 0.2554172 0.0000000 0.1688422 0.1424761 0.2288271 0.1244513 0.1964170 0.2642016 0.1484289 0.1302071 0.1448814 0.2543885 0.1490655 0.1383248 0.1441408 0.0943544 0.1455142 0.2145576 0.1596082 0.1348871 0.1253801 0.1238039 0.1497767 0.0859411 0.1675054 0.1488366 0.2513611 0.2059780 0.0630772 0.1875054 0.2055978 0.0738022 0.1406630 0.1806001 0.1482519 0.1413262 0.1271237 0.1390758 0.2149689 0.2116198 0.1372358 0.1401985 0.2337217 0.1408193 0.1627191 0.1129662 0.1976566 
Perityle_gilensis_22_Superstition          0.2734081 0.1508878 0.1802876 0.2675535 0.2399486 0.0851497 0.1831561 0.3459059 0.2659426 0.4045257 0.2493301 0.0227803 0.2699176 0.0505149 0.1092467 0.1288978 0.1132712 0.1387853 0.2862308 0.0347638 0.0821180 0.0385860 0.0703963 0.0686072 0.0257024 0.0677901 0.0799955 0.1948155 0.1734016 0.1798268 0.2137860 0.2588893 0.3147092 0.1161324 0.2059483 0.2586645 0.1073699 0.2664237 0.1688422 0.0000000 0.0210281 0.2860444 0.0394387 0.2088093 0.2939305 0.0325720 0.0419623 0.0409218 0.3023451 0.1128354 0.0461208 0.0204864 0.0824598 0.0251078 0.2378639 0.0769756 0.0769447 0.0472243 0.0376124 0.1618513 0.1324653 0.1049209 0.0905151 0.0422065 0.2706446 0.0731971 0.1986730 0.2800714 0.1007752 0.0387586 0.1604319 0.0403918 0.0394061 0.0219940 0.0502670 0.2466678 0.1626928 0.0390171 0.0290992 0.2361138 0.0402421 0.1444585 0.1773041 0.2078093 
Perityle_gilensis_salensis_225             0.2099123 0.1623428 0.1598889 0.2308149 0.2586827 0.0851180 0.2044206 0.3258906 0.2535717 0.4578776 0.2524996 0.0259242 0.2713236 0.0421712 0.1075736 0.1215846 0.1117562 0.1076786 0.3204057 0.0369335 0.0781146 0.0389479 0.0201396 0.0342332 0.0313345 0.0681586 0.0812461 0.1861233 0.1684644 0.1733222 0.1992785 0.2357952 0.2111546 0.1248251 0.1957722 0.2232563 0.1059477 0.2321517 0.1424761 0.0210281 0.0000000 0.2108447 0.0383106 0.2096457 0.2323850 0.0351388 0.0443386 0.0457574 0.3166740 0.0991328 0.0315624 0.0171957 0.0838357 0.0260859 0.2025309 0.0746705 0.0787131 0.0460539 0.0391877 0.1169944 0.1370286 0.1118824 0.0904963 0.0449143 0.2014721 0.0747581 0.1597836 0.2074573 0.1006649 0.0173464 0.1564648 0.0469170 0.0415594 0.0203657 0.0502552 0.2202662 0.1487193 0.0435263 0.0301159 0.2360506 0.0457490 0.1449905 0.3811111 0.2077513 
Perityle_glaucescens_94                    0.2476677 0.1987752 0.2126703 0.1940349 0.1780428 0.1378507 0.1377980 0.3730727 0.2276308 0.3079519 0.1552970 0.1754254 0.5860844 0.2297741 0.1886587 0.1915968 0.1915900 0.1946038 0.1506928 0.2104363 0.2098628 0.2122980 0.1727171 0.2781921 0.1975395 0.2087624 0.2217475 0.1833442 0.2950430 0.3285962 0.2074520 0.1509712 0.2664936 0.2079139 0.1921339 0.0263013 0.1986808 0.1557470 0.2288271 0.2860444 0.2108447 0.0000000 0.2122980 0.0151502 0.1982413 0.2234059 0.1747686 0.2137441 0.0391406 0.2258548 0.1772033 0.2014328 0.2204293 0.2080516 0.2931941 0.2923286 0.1858009 0.2116247 0.2140000 0.2120649 0.1228588 0.1931539 0.2028754 0.1761060 0.1199668 0.0504552 0.2781360 0.2990832 0.1949214 0.1681556 0.2461302 0.1954856 0.2172045 0.2065888 0.2138382 0.2642918 0.1459007 0.2021111 0.2085521 0.1736234 0.2126987 0.1962735 0.1095138 0.2281670 
Perityle_gracilis_11                       0.2084216 0.1671467 0.1591389 0.2313856 0.2385256 0.0986267 0.2103881 0.3241405 0.2544435 0.4165658 0.2517288 0.0410249 0.3041932 0.0662549 0.1061939 0.1115791 0.1050222 0.1110602 0.3186563 0.0492602 0.0750588 0.0019914 0.0384764 0.0362055 0.0362538 0.0784520 0.0845621 0.1166653 0.1731964 0.1824841 0.1530017 0.2479759 0.2158321 0.0754668 0.1324447 0.2264367 0.0952612 0.2327457 0.1244513 0.0394387 0.0383106 0.2122980 0.0000000 0.2127413 0.2329830 0.0494852 0.0050589 0.0090198 0.2754388 0.0567695 0.0397085 0.0340168 0.0919441 0.0303665 0.2049898 0.0856008 0.0835807 0.0054742 0.0030011 0.1164706 0.1379501 0.1084585 0.0837430 0.0747683 0.2022653 0.0639596 0.1523843 0.1839440 0.0914310 0.0373307 0.1561466 0.0406762 0.0136619 0.0384198 0.0024353 0.1756118 0.1550674 0.0527113 0.0410978 0.2280070 0.0070000 0.0965777 0.4684057 0.2202345 
Perityle_harkerae_31                       0.2066123 0.1992289 0.2172516 0.1869166 0.1850854 0.1378507 0.1410159 0.3730727 0.2143328 0.2888636 0.1515246 0.1755891 0.6013742 0.2432094 0.1879782 0.1933598 0.1948401 0.1840746 0.1493089 0.2127159 0.2156440 0.2127413 0.1687931 0.2789090 0.1968779 0.2093405 0.2254230 0.1701202 0.3023036 0.3387653 0.1966433 0.1425901 0.2027755 0.2070080 0.1820945 0.0272668 0.2047555 0.1597210 0.1964170 0.2088093 0.2096457 0.0151502 0.2127413 0.0000000 0.1721963 0.2251733 0.1762984 0.2141194 0.0389132 0.1825565 0.1799288 0.2007771 0.2244600 0.2100941 0.2815908 0.2989219 0.1931776 0.2157352 0.2143795 0.1811515 0.1228588 0.1954084 0.2062966 0.1777004 0.1005361 0.0725442 0.2410827 0.2647922 0.1986585 0.1686352 0.2503896 0.1948912 0.2194462 0.2055562 0.2178428 0.2277857 0.1575293 0.2025440 0.2107073 0.1710590 0.2131276 0.2011723 0.1095138 0.2215819 
Perityle_hofmeisteria_4_nombre_de_dios     0.2757897 0.2377259 0.2252726 0.2064874 0.2183891 0.1387522 0.1341360 0.3549845 0.2358673 0.3852457 0.1521805 0.1974426 0.6069065 0.2708888 0.2148628 0.2240830 0.2225652 0.2311122 0.1531990 0.2382385 0.2424811 0.2248761 0.1996025 0.3130187 0.2162709 0.2149045 0.2242206 0.2001137 0.2706075 0.3082058 0.2411702 0.1530217 0.3119264 0.2103137 0.2227183 0.1903317 0.2280105 0.0382119 0.2642016 0.2939305 0.2323850 0.1982413 0.2329830 0.1721963 0.0000000 0.2352350 0.1875744 0.2235210 0.1818007 0.2744866 0.2063130 0.2191236 0.2429492 0.2313988 0.3249151 0.3288149 0.2693706 0.2404287 0.2175150 0.2475767 0.1335764 0.2619581 0.2449517 0.1741777 0.1653960 0.0851648 0.2601529 0.3095776 0.2239245 0.1745786 0.2607792 0.2089642 0.2373013 0.2256041 0.2227940 0.2433879 0.1629939 0.2293690 0.2315958 0.2462550 0.2171738 0.2093475 0.1101087 0.2508728 
