82
Amauria_brandeegeana_62                    0.0000000 0.1984100 0.1398114 0.4352576 0.2387064 0.3193458 0.2078333 0.3727673 0.2323207 0.3176092 0.2814870 0.1839814 0.2702452 0.1304570 0.1649781 0.3087254 0.5222889 0.2299732 0.2140804 0.1636893 0.3306838 0.1583197 0.2558237 0.2692538 0.2664931 0.2836691 0.2798194 0.2476483 0.3047163 0.1480639 0.1195480 0.4229301 0.1877551 0.2569154 0.3142820 0.2779062 0.4957107 0.3501571 0.2334242 0.2676561 0.3237808 0.1434453 0.2844052 0.2887315 0.1161892 0.2211355 0.1417690 0.1386076 0.2601455 0.2496095 0.1728154 0.2813549 0.2046166 0.2851685 0.3377500 0.2591149 0.1173451 0.1727362 0.3283024 0.1398035 0.4693522 0.2061708 0.3872150 0.3640358 0.2769976 0.2259719 0.1719371 0.1189313 0.2277271 0.2611791 0.3154803 0.2351614 0.1086405 0.1712502 0.1712391 0.2451586 0.2409308 0.1294799 0.2345832 0.2451311 0.1186520 0.2816461 
Amauria_carterae_99_mesa                   0.1984100 0.0000000 0.1824320 0.4140733 0.1919538 0.2458993 0.2043302 0.3104571 0.1511332 0.2469567 0.3599188 0.1610745 0.1559397 0.1791389 0.1401235 0.1706964 0.4913791 0.1798527 0.1998936 0.1534682 0.2181712 0.1688015 0.1570735 0.1640015 0.1532284 0.1769471 0.2813052 0.1945188 0.2805831 0.1917824 0.1278388 0.4897085 0.1522839 0.1935164 0.2009471 0.1636945 0.3042282 0.2265906 0.1528380 0.1551207 0.1951958 0.1486145 0.1786230 0.2161842 0.1615873 0.1646717 0.1241841 0.1356788 0.1626900 0.1699887 0.1612447 0.1780590 0.1724277 0.2219639 0.1683237 0.1778721 0.1490756 0.1505337 0.2743140 0.1604291 0.2576467 0.1761493 0.4080525 0.2227604 0.1773307 0.1828841 0.1457228 0.1900460 0.1755704 0.1575038 0.2696834 0.1582084 0.1255617 0.1600143 0.1445571 0.1959563 0.2021801 0.1750729 0.1535118 0.2433425 0.1471456 0.2031253 
Amauria_rotundifolia_SRR9119150            0.1398114 0.1824320 0.0000000 0.3843561 0.1922705 0.3009272 0.1810923 0.3514147 0.2091439 0.3039344 0.3097739 0.1493593 0.2369659 0.1079184 0.1359969 0.2784367 0.5434640 0.2087906 0.1902921 0.1468699 0.3093462 0.1466988 0.2250867 0.2442849 0.2400868 0.2425649 0.2629575 0.2143239 0.2928869 0.1241975 0.1172030 0.4089984 0.1690734 0.2444592 0.2817336 0.2489153 0.4665018 0.3283369 0.2155278 0.2412597 0.2878720 0.1107421 0.2453727 0.2564891 0.1099629 0.1874112 0.1111305 0.1276710 0.2268830 0.2220998 0.1464778 0.2392433 0.1758702 0.2443802 0.2703041 0.2281370 0.1129238 0.1400042 0.3063800 0.1269958 0.3741523 0.1580424 0.3345662 0.3324544 0.2356405 0.2187699 0.1699498 0.1350452 0.1973716 0.2277419 0.2963456 0.1995709 0.0779757 0.1327466 0.1287420 0.2113728 0.2215100 0.1353886 0.2372066 0.2347644 0.1130328 0.2227167 
Conoclinium_coelestinum_SRR9119114         0.4352576 0.4140733 0.3843561 0.0000000 0.3470789 0.2990566 0.3787242 0.4700831 0.3574184 0.3687913 0.9362564 0.3523737 0.3467700 0.2794799 0.8096367 0.2816891 1.0616241 0.4477425 0.3752766 0.3418888 0.3800099 0.3724850 0.3459712 0.3412897 0.3439975 0.3368080 0.3841244 0.4121799 0.9104775 0.8194017 0.7772115 0.4899456 0.3353012 0.8080940 0.4723962 0.3495983 0.4227375 0.3983194 0.3424780 0.3359287 0.4725245 0.3045689 0.4652511 0.4545815 0.7418656 0.3365386 0.3051844 0.7340447 0.3465680 0.3336251 0.3321990 0.3368080 0.3489645 0.5450763 0.3913364 0.3102458 0.6990586 0.3055884 0.5639816 0.7403776 0.3882746 0.3652302 0.3746022 0.5209964 0.3368857 0.3228141 0.7338813 0.7693989 0.3555771 0.3451872 0.7387100 0.3463637 0.1806879 0.3315492 0.3456014 0.2378448 0.5695808 0.6809587 0.3462487 0.8371187 0.6990586 0.2842622 
Eutetras_palmeri_63                        0.2387064 0.1919538 0.1922705 0.3470789 0.0000000 0.2572667 0.1752612 0.3462422 0.1853454 0.2175097 0.3651722 0.1144708 0.1424139 0.0780773 0.1366440 0.1560165 0.4224883 0.2285030 0.1358371 0.0976251 0.2066073 0.0958410 0.1606618 0.1406761 0.1644007 0.1702079 0.2266752 0.2323112 0.2584909 0.1163544 0.1163733 0.3836896 0.1846553 0.3210470 0.2645894 0.1583723 0.3665599 0.2193626 0.1519897 0.1535400 0.2986369 0.0809161 0.2462298 0.2428567 0.0957536 0.1382402 0.1106332 0.1328099 0.1422537 0.1277097 0.1008096 0.1502879 0.1292846 0.2756820 0.2427917 0.1737953 0.0761030 0.0966469 0.2615668 0.1499637 0.3025179 0.1103499 0.2767810 0.3654399 0.1459878 0.1956535 0.1441134 0.0744846 0.1305765 0.1464925 0.2801426 0.1424832 0.0554166 0.0873936 0.1109844 0.1742856 0.2111256 0.0903681 0.1586377 0.2522950 0.0658574 0.1500201 
Eutrochium_fistulosum_SRR9119106           0.3193458 0.2458993 0.3009272 0.2990566 0.2572667 0.0000000 0.2197146 0.3729511 0.3279632 0.3717274 0.3152177 0.2104000 0.2929658 0.1741920 0.1558101 0.3534319 0.5535809 0.2679057 0.2204496 0.1881350 0.3486156 0.1891101 0.2805451 0.2791511 0.2837016 0.3167732 0.3211423 0.2652646 0.3275297 0.1406624 0.1449126 0.5320778 0.2710282 0.2812024 0.3178997 0.2950309 0.4967251 0.3428965 0.2712945 0.2863332 0.3356700 0.1802975 0.2797934 0.3197033 0.1270049 0.2416036 0.1782816 0.1508206 0.2858921 0.2448064 0.1944319 0.3166627 0.2404505 0.3069137 0.3388561 0.2973225 0.1272112 0.1846699 0.3528445 0.1679275 0.4237256 0.2193705 0.4356364 0.3807379 0.3123707 0.2572376 0.1999425 0.1465410 0.2608367 0.2835889 0.3002176 0.2501462 0.1585211 0.1975491 0.1926739 0.2330018 0.2515754 0.1287690 0.2549938 0.2856870 0.1039955 0.2947920 
Galeana_pratensis_104_mex                  0.2078333 0.2043302 0.1810923 0.3787242 0.1752612 0.2197146 0.0000000 0.2309617 0.1876704 0.2483937 0.3728272 0.1914374 0.1649395 0.2101690 0.1753956 0.1881080 0.5602848 0.1855409 0.1954870 0.1806599 0.1862790 0.1925358 0.1753669 0.1772809 0.1856316 0.1743289 0.3391687 0.1990749 0.3244988 0.1570876 0.1421637 0.4971633 0.1807721 0.2115753 0.2224154 0.1816498 0.2064893 0.2322094 0.1799820 0.1784624 0.2267359 0.1920205 0.1799434 0.2222172 0.1868252 0.1907105 0.1862662 0.1522562 0.1726697 0.1714967 0.1742698 0.1752514 0.1798046 0.2099216 0.2039886 0.1954585 0.1706283 0.1939327 0.2111600 0.1609299 0.2578271 0.1739740 0.4424481 0.1932155 0.1725528 0.2002517 0.1919484 0.1781755 0.2097361 0.1769005 0.3290200 0.1904253 0.1964222 0.1893234 0.1881664 0.2043539 0.1913936 0.2001539 0.1855413 0.2664330 0.1649194 0.1885050 
Helianthus_annuus_SRR9119062               0.3727673 0.3104571 0.3514147 0.4700831 0.3462422 0.3729511 0.2309617 0.0000000 0.3525891 0.4605422 0.3813787 0.2950893 0.3886115 0.2398995 0.2725739 0.4549599 0.6642101 0.2936466 0.2868280 0.2681407 0.4363273 0.2535563 0.3674091 0.3604764 0.3611632 0.4044737 0.4359011 0.3315084 0.3762454 0.2289174 0.2134110 0.4849154 0.2991953 0.3259064 0.4079178 0.3978277 0.4352395 0.4290776 0.3457590 0.3732870 0.4192539 0.2488919 0.3851680 0.3732673 0.2277841 0.3491109 0.2268549 0.2626455 0.3674380 0.3563215 0.2773820 0.4022008 0.3164353 0.3429562 0.4077634 0.3477779 0.2270601 0.2404824 0.3958398 0.2209243 0.4702351 0.2565860 0.5181306 0.4363825 0.3935183 0.3295037 0.2817501 0.2503454 0.3584029 0.3739506 0.4107041 0.3652219 0.2096954 0.2559543 0.2736104 0.3254476 0.2988728 0.2148796 0.3364136 0.3656740 0.2264005 0.3106725 
Lycapsus_tenuifolius_17                    0.2323207 0.1511332 0.2091439 0.3574184 0.1853454 0.3279632 0.1876704 0.3525891 0.0000000 0.2686696 0.4362590 0.1098083 0.1238542 0.1164993 0.1095636 0.1311468 0.3174499 0.2756391 0.1532300 0.1117300 0.2829773 0.1408640 0.1453033 0.1284343 0.1571286 0.1995847 0.2126695 0.2288007 0.2546340 0.0091775 0.0919419 0.3308609 0.0889725 0.3708933 0.2669024 0.1426408 0.2836295 0.3019607 0.1393190 0.1415968 0.2836919 0.1085222 0.2345663 0.2401842 0.1361878 0.1313480 0.1385839 0.1243230 0.1257426 0.1304404 0.1063233 0.1822169 0.1362009 0.3367476 0.2741938 0.2404609 0.1119734 0.1290809 0.2539418 0.1401755 0.2892663 0.1317632 0.2550790 0.3671188 0.2012540 0.2533583 0.1405522 0.1242126 0.1501201 0.1297362 0.2883060 0.1248135 0.0904255 0.1179052 0.1352422 0.1506445 0.1984832 0.1418506 0.2024605 0.2467727 0.1046444 0.1798478 
Pericome_caudata_50_silver                 0.3176092 0.2469567 0.3039344 0.3687913 0.2175097 0.3717274 0.2483937 0.4605422 0.2686696 0.0000000 0.4659665 0.1720050 0.2284480 0.1110014 0.1201825 0.2261648 0.3638432 0.3358227 0.2260036 0.1692769 0.2706282 0.2093260 0.2322637 0.2229991 0.2396348 0.2698663 0.2276972 0.2579678 0.2791233 0.2254976 0.1167134 0.4128867 0.2248229 0.4397061 0.3060476 0.2387159 0.4231630 0.2514062 0.2334609 0.2357244 0.3136759 0.1340803 0.2929770 0.3086493 0.2292486 0.2218028 0.1429859 0.1305553 0.2223478 0.2090992 0.1590819 0.2557019 0.1857384 0.4016301 0.2863577 0.2797752 0.2082974 0.1617841 0.3375499 0.1504043 0.3958507 0.2492420 0.3069640 0.4528240 0.2467348 0.2383111 0.1297522 0.2456838 0.1925507 0.2261486 0.2587499 0.2342482 0.0695272 0.1464925 0.1558685 0.1740607 0.2930301 0.2298574 0.2449768 0.2588780 0.2089025 0.1963214 
Perityle_aglossa_84_dead_horse             0.2814870 0.3599188 0.3097739 0.9362564 0.3651722 0.3152177 0.3728272 0.3813787 0.4362590 0.4659665 0.0000000 0.2981956 0.3466292 0.4185840 0.1070594 0.9747813 0.5175008 0.2162865 0.2782297 0.2998470 0.3685517 0.2991843 0.2986240 0.3411979 0.2471073 0.3405499 0.5543144 0.3643566 0.2740761 0.1042745 0.1096317 1.0098954 0.4049723 0.0995807 0.3079498 0.3476131 1.0285218 0.5000062 0.2432887 0.3146113 0.3253645 0.2935402 0.2553161 0.3340536 0.0529169 0.3110168 0.2476114 0.0956821 0.3365212 0.3027320 0.3174060 0.3413904 0.3060175 0.2025571 0.4444621 0.3149046 0.0357060 0.3166938 0.3468118 0.1093121 0.7932955 0.3078436 0.9147963 0.1990668 0.3348839 0.2606136 0.1206104 0.0577963 0.3671104 0.3348499 0.2804900 0.3262600 1.0485637 0.2818542 0.3571636 1.1516599 0.2350555 0.0387079 0.1646237 0.2168503 0.0324269 0.9855871 
Perityle_ajoensis_204                      0.1839814 0.1610745 0.1493593 0.3523737 0.1144708 0.2104000 0.1914374 0.2950893 0.1098083 0.1720050 0.2981956 0.0000000 0.0451239 0.0585254 0.1158732 0.0426606 0.4675535 0.1795752 0.2047764 0.1624277 0.1142444 0.0566797 0.0479790 0.0504787 0.0196271 0.1099952 0.2708316 0.2022989 0.2806686 0.1007421 0.1191077 0.3695431 0.1312608 0.2231847 0.1931220 0.0404708 0.3356626 0.1584174 0.0428495 0.0464765 0.2228518 0.0401364 0.1716958 0.2354727 0.0411988 0.0380437 0.1739527 0.1041204 0.0426525 0.0399288 0.0446853 0.1113581 0.1081436 0.2170204 0.1547767 0.0852634 0.0358268 0.1792817 0.2659759 0.1334370 0.2992232 0.1121870 0.1835382 0.2425091 0.1102573 0.1723098 0.1482903 0.0406774 0.0488518 0.0508214 0.2772275 0.0393148 0.0469335 0.1802429 0.0409202 0.1788783 0.1935058 0.0461423 0.0558437 0.2398238 0.0258145 0.1595534 
Perityle_ambrosiifolia_67_green            0.2702452 0.1559397 0.2369659 0.3467700 0.1424139 0.2929658 0.1649395 0.3886115 0.1238542 0.2284480 0.3466292 0.0451239 0.0000000 0.0570570 0.0936886 0.0387155 0.4273266 0.2854281 0.0982182 0.0508816 0.1877108 0.0601026 0.0198824 0.0381346 0.0682337 0.1218612 0.1663493 0.2194694 0.2542019 0.0927446 0.0997461 0.3663478 0.1787068 0.2791900 0.2161020 0.0457694 0.3755782 0.2409084 0.0173307 0.0247959 0.2811299 0.0361771 0.2263385 0.2189924 0.0414555 0.0525332 0.0521728 0.1077788 0.0208114 0.0577301 0.0378651 0.1219805 0.0612389 0.3268613 0.2037507 0.1522267 0.0412359 0.0536098 0.2842421 0.1123210 0.3293245 0.0945887 0.1784398 0.3785384 0.1230864 0.1876776 0.1257751 0.0678116 0.0564384 0.0198648 0.2638841 0.0485359 0.0304984 0.0447758 0.0712221 0.0997508 0.2025324 0.0600845 0.1076223 0.2075933 0.0425004 0.1379012 
Perityle_angustifolia_13_Eagle_creek       0.1304570 0.1791389 0.1079184 0.2794799 0.0780773 0.1741920 0.2101690 0.2398995 0.1164993 0.1110014 0.4185840 0.0585254 0.0570570 0.0000000 0.1324147 0.0361046 0.2092784 0.1783442 0.0617180 0.0521761 0.0671579 0.0781022 0.0580298 0.0595267 0.0517181 0.0730802 0.1104840 0.1735863 0.2054125 0.1758700 0.1685656 0.3358541 0.1320180 0.3198032 0.2151030 0.0568208 0.2336266 0.0927584 0.0558920 0.0593309 0.2133075 0.0567586 0.1890824 0.2122824 0.0897383 0.0554845 0.0365690 0.1388490 0.0607572 0.0593037 0.0580013 0.0730802 0.0333183 0.2282430 0.1081692 0.0791556 0.1116622 0.0831629 0.2399707 0.1746248 0.2606137 0.0981609 0.1871595 0.1643477 0.0730802 0.0953552 0.1466889 0.1316377 0.0517881 0.0580298 0.3002770 0.0548419 0.0398339 0.0617516 0.0642399 0.0624787 0.2120351 0.1354690 0.0656750 0.2002080 0.1162807 0.0482847 
Perityle_batopilensis_97                   0.1649781 0.1401235 0.1359969 0.8096367 0.1366440 0.1558101 0.1753956 0.2725739 0.1095636 0.1201825 0.1070594 0.1158732 0.0936886 0.1324147 0.0000000 0.0000010 0.4425259 0.0965329 0.1155493 0.1125912 0.1030804 0.1239096 0.0892245 0.1108529 0.1113140 0.0812129 0.2267780 0.1047313 0.2547099 0.1137817 0.0972068 0.9541399 0.1139325 0.1071315 0.0889967 0.1070401 0.0000010 0.0230858 0.0932736 0.1106423 0.1199661 0.1155681 0.0890041 0.0967937 0.1154858 0.1175346 0.1179814 0.0803901 0.1124898 0.1030804 0.0942595 0.0815347 0.1111773 0.1042424 0.0492317 0.1018043 0.1022531 0.1145535 0.1777294 0.0912045 0.0000010 0.0832523 0.9606452 0.1088324 0.0815347 0.0772470 0.0936491 0.1465169 0.1116370 0.0895791 0.2310347 0.1111556 0.0000010 0.0982514 0.1144812 0.0000010 0.0889882 0.1220472 0.0987481 0.1851301 0.1061101 0.0000010 
Perityle_bisetosa_9                        0.3087254 0.1706964 0.2784367 0.2816891 0.1560165 0.3534319 0.1881080 0.4549599 0.1311468 0.2261648 0.9747813 0.0426606 0.0387155 0.0361046 0.0000010 0.0000000 0.0000010 0.4538752 0.1420756 0.0418290 0.2390021 0.0611956 0.0370251 0.0351058 0.0591243 0.1461472 0.0897037 0.2568376 0.0000010 0.0000010 0.0000010 0.2220263 0.1962802 0.7818999 0.3245535 0.0298948 0.3519930 0.2397690 0.0389292 0.0380217 0.3617290 0.0251961 0.3684733 0.3512984 0.0000010 0.0463798 0.0369170 0.0000010 0.0400204 0.0486419 0.0399302 0.1427470 0.0860388 0.5722283 0.2152360 0.2079346 0.0000010 0.0723755 0.2952496 0.0000010 0.3264002 0.1517573 0.0661152 0.5372546 0.1400830 0.2199770 0.0000010 0.0000010 0.0647390 0.0382437 0.5943266 0.0518435 0.0206105 0.0558062 0.0641029 0.1132518 0.3476008 0.0000010 0.1272699 0.0000010 0.0000010 0.1410382 
Perityle_californica_76_positas            0.5222889 0.4913791 0.5434640 1.0616241 0.4224883 0.5535809 0.5602848 0.6642101 0.3174499 0.3638432 0.5175008 0.4675535 0.4273266 0.2092784 0.4425259 0.0000010 0.0000000 0.4676096 0.4920391 0.4242427 0.4320823 0.3579546 0.4947068 0.4668665 0.5041058 0.4126536 0.1205497 0.4101806 0.3486853 0.3789874 0.2442583 1.6029432 0.4548612 0.5198753 0.4467838 0.4273266 0.0000010 0.3384507 0.5061257 0.4580733 0.4408912 0.4806565 0.4259837 0.4335227 0.5063875 0.4246083 0.5041058 0.4385258 0.4402262 0.4320823 0.4277218 0.4045263 0.4453759 0.4844558 0.3569941 0.4800552 0.5065479 0.3600645 0.2712834 0.1929653 0.0000010 0.2222308 1.4828164 0.4671721 0.4045263 0.5119263 0.3757501 0.2018670 0.4373430 0.4149713 0.3425935 0.3780862 0.0000010 0.4678784 0.3351322 0.0000010 0.3968004 0.1721444 0.5040210 0.2824424 0.3928371 0.0000010 
Perityle_canescens_77                      0.2299732 0.1798527 0.2087906 0.4477425 0.2285030 0.2679057 0.1855409 0.2936466 0.2756391 0.3358227 0.2162865 0.1795752 0.2854281 0.1783442 0.0965329 0.4538752 0.4676096 0.0000000 0.1812066 0.1973153 0.3032814 0.1542776 0.2565017 0.2882368 0.2260766 0.2600521 0.3358293 0.1030194 0.2472512 0.1300380 0.0824239 0.4978567 0.1944694 0.0928727 0.1622708 0.2998920 0.1795445 0.3703290 0.2387763 0.2696014 0.1727241 0.1652615 0.1194131 0.1537103 0.0901090 0.2091161 0.1526157 0.0511145 0.2748216 0.2021783 0.1836795 0.2574809 0.1925323 0.1502200 0.2715296 0.2205600 0.0918906 0.1792286 0.1748948 0.0581613 0.1815399 0.1766306 0.5528654 0.1385584 0.2538512 0.1625210 0.0963266 0.1237294 0.2750692 0.2682643 0.2663361 0.2101517 0.1617886 0.1867478 0.1516029 0.2161386 0.0956883 0.1015882 0.2001509 0.1430116 0.0898984 0.2765635 
Perityle_castillonii_96                    0.2140804 0.1998936 0.1902921 0.3752766 0.1358371 0.2204496 0.1954870 0.2868280 0.1532300 0.2260036 0.2782297 0.2047764 0.0982182 0.0617180 0.1155493 0.1420756 0.4920391 0.1812066 0.0000000 0.2284951 0.1280224 0.0612384 0.0958299 0.1040432 0.1846470 0.1119849 0.3776144 0.2248523 0.2807437 0.1044819 0.1235274 0.4749997 0.1090268 0.1445187 0.2086275 0.1033158 0.3884884 0.1593059 0.0960574 0.1043017 0.2138332 0.1733359 0.1769259 0.2398834 0.0380527 0.1824589 0.2239470 0.1162751 0.0942757 0.1012766 0.1945557 0.1036115 0.1624840 0.2280742 0.1613298 0.0804349 0.0387397 0.2303449 0.2880763 0.1330871 0.3733373 0.1045402 0.3125532 0.2373740 0.1024221 0.2371893 0.1427512 0.0281244 0.1048464 0.0991133 0.2666195 0.1965698 0.2181798 0.2207562 0.0554640 0.3027232 0.1994626 0.0496122 0.1141335 0.2217336 0.0323736 0.1289132 
Perityle_cernua_84                         0.1636893 0.1534682 0.1468699 0.3418888 0.0976251 0.1881350 0.1806599 0.2681407 0.1117300 0.1692769 0.2998470 0.1624277 0.0508816 0.0521761 0.1125912 0.0418290 0.4242427 0.1973153 0.2284951 0.0000000 0.0915454 0.0517985 0.0492935 0.0470946 0.1591702 0.0926133 0.2598041 0.2156196 0.2687476 0.1005245 0.1142709 0.3756363 0.1036751 0.2317218 0.2147796 0.0432254 0.3195133 0.1407691 0.0494476 0.0502246 0.2379834 0.1575144 0.1918726 0.2490777 0.0249672 0.1579366 0.1775470 0.1015150 0.0492532 0.0434305 0.1578523 0.0933144 0.1240932 0.2429814 0.1514253 0.0804021 0.0252378 0.1867941 0.2857853 0.1281000 0.3568161 0.1177439 0.1941093 0.2184148 0.0914214 0.1854868 0.1286087 0.0447159 0.0474285 0.0502003 0.2620671 0.1608698 0.2345016 0.1669692 0.0498780 0.2252648 0.2133603 0.0393046 0.0572982 0.2333040 0.0224891 0.1188819 
Perityle_cfvillosa_25_tin                  0.3306838 0.2181712 0.3093462 0.3800099 0.2066073 0.3486156 0.1862790 0.4363273 0.2829773 0.2706282 0.3685517 0.1142444 0.1877108 0.0671579 0.1030804 0.2390021 0.4320823 0.3032814 0.1280224 0.0915454 0.0000000 0.0822228 0.2025476 0.1677187 0.1942555 0.2343171 0.2726078 0.2730495 0.2670083 0.1027897 0.1050505 0.4674713 0.1889860 0.2608350 0.2410458 0.2097079 0.4168048 0.2613375 0.2012699 0.1998259 0.2658527 0.0723027 0.2114115 0.2552003 0.0534521 0.1470756 0.1084787 0.0924293 0.1867779 0.1313600 0.1098279 0.2155038 0.1481637 0.3495985 0.2397940 0.1664117 0.0251142 0.0674556 0.3063835 0.1179763 0.3641813 0.1183056 0.3587544 0.4428010 0.2194061 0.2606614 0.1182320 0.0575384 0.1333640 0.1928863 0.2557903 0.1426393 0.0224884 0.0891327 0.0606743 0.1915783 0.2082574 0.0606092 0.2105790 0.2206180 0.0225126 0.1595522 
Perityle_cinerea_113_Powell1310            0.1583197 0.1688015 0.1466988 0.3724850 0.0958410 0.1891101 0.1925358 0.2535563 0.1408640 0.2093260 0.2991843 0.0566797 0.0601026 0.0781022 0.1239096 0.0611956 0.3579546 0.1542776 0.0612384 0.0517985 0.0822228 0.0000000 0.0694593 0.0561481 0.0517522 0.0937514 0.2016458 0.1803014 0.2499877 0.0988873 0.1255591 0.4739212 0.1216317 0.0607206 0.2148749 0.0552188 0.2432922 0.1568468 0.0605179 0.0546321 0.2176906 0.0398099 0.1869477 0.2315044 0.0420807 0.0476731 0.0366257 0.1202016 0.0550298 0.0607529 0.0625529 0.0807708 0.0684767 0.2142580 0.1530627 0.0981180 0.0499164 0.0298365 0.2138762 0.1332933 0.2755311 0.0710008 0.3299407 0.1909307 0.0795325 0.1339748 0.1264632 0.0280906 0.0825818 0.0599823 0.2773855 0.0523986 0.0233041 0.0663637 0.0457593 0.1489858 0.1654081 0.0458536 0.0731289 0.2140420 0.0306396 0.0814269 
Perityle_coahuilensis_24                   0.2558237 0.1570735 0.2250867 0.3459712 0.1606618 0.2805451 0.1753669 0.3674091 0.1453033 0.2322637 0.2986240 0.0479790 0.0198824 0.0580298 0.0892245 0.0370251 0.4947068 0.2565017 0.0958299 0.0492935 0.2025476 0.0694593 0.0000000 0.0373840 0.0741706 0.1334402 0.1662517 0.2330855 0.2543244 0.0940419 0.0997818 0.3623366 0.1853677 0.2430628 0.2425323 0.0523693 0.3641977 0.2607272 0.0649694 0.0533474 0.2776970 0.0412305 0.2300157 0.2520739 0.0409074 0.0536979 0.0593009 0.0985493 0.0249281 0.0541218 0.0355367 0.1184157 0.0634485 0.2972330 0.2241957 0.1632713 0.0434706 0.0645893 0.2759055 0.1032444 0.3275099 0.0917207 0.1588767 0.3341721 0.1179567 0.1820737 0.1278453 0.0618404 0.0774865 0.0025988 0.2643776 0.0538281 0.0360256 0.0504029 0.0731461 0.1026694 0.1988702 0.0539415 0.1092824 0.2022873 0.0388682 0.1389031 
Perityle_cochisensis_44_cave_creek         0.2692538 0.1640015 0.2442849 0.3412897 0.1406761 0.2791511 0.1772809 0.3604764 0.1284343 0.2229991 0.3411979 0.0504787 0.0381346 0.0595267 0.1108529 0.0351058 0.4668665 0.2882368 0.1040432 0.0470946 0.1677187 0.0561481 0.0373840 0.0000000 0.0671995 0.1303770 0.1798938 0.2327862 0.2611712 0.0875400 0.1047638 0.3727868 0.1748752 0.2646742 0.2451182 0.0481636 0.3711999 0.2312961 0.0379292 0.0369545 0.2779327 0.0374768 0.2270987 0.2523074 0.0591511 0.0507696 0.0518215 0.0952264 0.0340696 0.0425398 0.0283318 0.1296030 0.0677650 0.3307623 0.2006763 0.1596782 0.0404761 0.0556674 0.2735363 0.1180653 0.3154110 0.0920062 0.1853723 0.3674565 0.1296929 0.1919090 0.1379239 0.0494243 0.0723846 0.0391523 0.2750995 0.0498550 0.0321017 0.0538946 0.0670915 0.1094476 0.1971133 0.0612056 0.1182277 0.2208173 0.0292213 0.1340774 
Perityle_congesta_202                      0.2664931 0.1532284 0.2400868 0.3439975 0.1644007 0.2837016 0.1856316 0.3611632 0.1571286 0.2396348 0.2471073 0.0196271 0.0682337 0.0517181 0.1113140 0.0591243 0.5041058 0.2260766 0.1846470 0.1591702 0.1942555 0.0517522 0.0741706 0.0671995 0.0000000 0.1544327 0.2579057 0.2018068 0.2684466 0.0968428 0.1099777 0.3647078 0.1801775 0.1804340 0.2419329 0.0730459 0.3413785 0.2539428 0.0630683 0.0692034 0.2742401 0.0329273 0.2251813 0.2423939 0.0301354 0.0375192 0.1498136 0.0956636 0.0670219 0.0555167 0.0413043 0.1496766 0.1088639 0.2782210 0.2322944 0.1715617 0.0254613 0.1855762 0.2865692 0.1234239 0.3056285 0.1049859 0.1877934 0.3158166 0.1485798 0.2149014 0.1386144 0.0363852 0.0692353 0.0718637 0.2667735 0.0352953 0.0414745 0.1811064 0.0418854 0.1748197 0.1911982 0.0314295 0.1151868 0.2336230 0.0192380 0.1528166 
Perityle_cordifolia_27                     0.2836691 0.1769471 0.2425649 0.3368080 0.1702079 0.3167732 0.1743289 0.4044737 0.1995847 0.2698663 0.3405499 0.1099952 0.1218612 0.0730802 0.0812129 0.1461472 0.4126536 0.2600521 0.1119849 0.0926133 0.2343171 0.0937514 0.1334402 0.1303770 0.1544327 0.0000000 0.1975723 0.2120108 0.2662405 0.0944221 0.1087524 0.3682910 0.1898931 0.2977813 0.2625425 0.1416316 0.4097668 0.2614258 0.1445295 0.1228533 0.2865727 0.0676723 0.2455292 0.2444431 0.0730295 0.1167183 0.0959251 0.0918338 0.1201483 0.1097227 0.0971421 0.0030701 0.1278223 0.3392339 0.2323436 0.1672917 0.0542118 0.0953208 0.2741273 0.1035748 0.3249078 0.0015081 0.2576717 0.3963296 0.0177784 0.2155462 0.1082900 0.0663853 0.1366664 0.1183733 0.2592876 0.1264304 0.0436102 0.0950039 0.0996421 0.1700431 0.1911139 0.0754426 0.1696410 0.2084868 0.0456298 0.0476992 
Perityle_cordifolia_68_tecolote            0.2798194 0.2813052 0.2629575 0.3841244 0.2266752 0.3211423 0.3391687 0.4359011 0.2126695 0.2276972 0.5543144 0.2708316 0.1663493 0.1104840 0.2267780 0.0897037 0.1205497 0.3358293 0.3776144 0.2598041 0.2726078 0.2016458 0.1662517 0.1798938 0.2579057 0.1975723 0.0000000 0.2744075 0.3043648 0.3581930 0.2327307 0.4189767 0.2539913 0.4998675 0.3179608 0.1585719 0.4418173 0.1973121 0.1738368 0.1684596 0.3503095 0.2531289 0.2869020 0.3329587 0.3923246 0.2347015 0.1963668 0.2545336 0.1616324 0.1560525 0.2414725 0.1914485 0.2148556 0.3903895 0.1954120 0.2151151 0.3865411 0.2095047 0.2914155 0.1725274 0.3367518 0.2272899 0.2334812 0.3675304 0.1860289 0.2801674 0.2361532 0.2278722 0.1665791 0.1527112 0.3932875 0.2584787 0.2261000 0.2577209 0.1698563 0.2270010 0.3396116 0.2550421 0.1832495 0.2337744 0.3188133 0.1668680 
Perityle_coronopifolia_28_patagonia        0.2476483 0.1945188 0.2143239 0.4121799 0.2323112 0.2652646 0.1990749 0.3315084 0.2288007 0.2579678 0.3643566 0.2022989 0.2194694 0.1735863 0.1047313 0.2568376 0.4101806 0.1030194 0.2248523 0.2156196 0.2730495 0.1803014 0.2330855 0.2327862 0.2018068 0.2120108 0.2744075 0.0000000 0.2743090 0.1598493 0.1024848 0.4890812 0.1927437 0.1984046 0.1336860 0.2394569 0.2409887 0.2397081 0.2200158 0.2281922 0.1634473 0.1861779 0.1176123 0.0999951 0.1676587 0.2094591 0.1859141 0.0942356 0.2250529 0.2004545 0.2026667 0.2024196 0.2100048 0.0852474 0.2288649 0.1939568 0.1501538 0.1917424 0.1475392 0.0519818 0.2102721 0.1845191 0.4519856 0.0349444 0.2055573 0.1593583 0.1080875 0.1908227 0.2205949 0.2164775 0.2730858 0.2019904 0.1366619 0.2000114 0.1679691 0.2116784 0.1152812 0.1588872 0.2020079 0.1564261 0.1383053 0.2323381 
Perityle_crassifolia_70_ventanas           0.3047163 0.2805831 0.2928869 0.9104775 0.2584909 0.3275297 0.3244988 0.3762454 0.2546340 0.2791233 0.2740761 0.2806686 0.2542019 0.2054125 0.2547099 0.0000010 0.3486853 0.2472512 0.2807437 0.2687476 0.2670083 0.2499877 0.2543244 0.2611712 0.2684466 0.2662405 0.3043648 0.2743090 0.0000000 0.2802592 0.1791390 1.2248838 0.2806280 0.2746133 0.2613806 0.2674565 0.0000010 0.2677443 0.2595445 0.2669984 0.2363100 0.2631215 0.2541676 0.2707568 0.2854205 0.2631215 0.2370247 0.2486660 0.2708640 0.2670083 0.2559185 0.2662405 0.2796288 0.2546978 0.2416933 0.2732018 0.2670083 0.2438448 0.2575901 0.2120169 0.0000010 0.2087189 1.0194026 0.2686138 0.2662405 0.2397173 0.2401783 0.2259311 0.2807852 0.2543244 0.2330843 0.2629272 0.0000010 0.2723970 0.2549856 0.0000010 0.2603180 0.2007847 0.2740375 0.2248667 0.2670083 0.0000010 
Perityle_crassifolia_74_playa_balandra     0.1480639 0.1917824 0.1241975 0.8194017 0.1163544 0.1406624 0.1570876 0.2289174 0.0091775 0.2254976 0.1042745 0.1007421 0.0927446 0.1758700 0.1137817 0.0000010 0.3789874 0.1300380 0.1044819 0.1005245 0.1027897 0.0988873 0.0940419 0.0875400 0.0968428 0.0944221 0.3581930 0.1598493 0.2802592 0.0000000 0.0879244 1.0229702 0.0152025 0.0896203 0.1908201 0.0969341 0.0000010 0.1940988 0.0904991 0.0874001 0.2164812 0.1006847 0.1412466 0.2199326 0.0970459 0.1006847 0.0919518 0.1279561 0.0811717 0.0891924 0.0837755 0.0979608 0.0969063 0.1640113 0.1701561 0.1019347 0.0927627 0.0949239 0.2161556 0.1354925 0.0000010 0.0984407 0.9427658 0.1505413 0.0944221 0.1346140 0.1434815 0.1119178 0.1192589 0.0940419 0.2429522 0.0933500 0.0000010 0.0929306 0.1071642 0.0000010 0.1343621 0.1120729 0.1008145 0.2535194 0.0892369 0.0000010 
Perityle_cuneata_34_cuneata_San_antonio    0.1195480 0.1278388 0.1172030 0.7772115 0.1163733 0.1449126 0.1421637 0.2134110 0.0919419 0.1167134 0.1096317 0.1191077 0.0997461 0.1685656 0.0972068 0.0000010 0.2442583 0.0824239 0.1235274 0.1142709 0.1050505 0.1255591 0.0997818 0.1047638 0.1099777 0.1087524 0.2327307 0.1024848 0.1791390 0.0879244 0.0000000 1.0223651 0.0960845 0.1100899 0.0906451 0.1188593 0.0000010 0.1533675 0.1039688 0.1002354 0.1752336 0.1143337 0.0949131 0.1226397 0.1186885 0.1143337 0.1152070 0.0817701 0.1014710 0.1050505 0.0917228 0.1087524 0.1142505 0.0742287 0.1234831 0.1135873 0.1093393 0.1074859 0.1402187 0.0805402 0.0000010 0.1093097 0.9475374 0.1023514 0.1087524 0.0831008 0.0908972 0.1295084 0.1190651 0.0997818 0.1812492 0.1056439 0.0000010 0.1049724 0.1131129 0.0000010 0.0786510 0.1186413 0.1100324 0.1816130 0.1050505 0.0000010 
Perityle_cuneata_4                         0.4229301 0.4897085 0.4089984 0.4899456 0.3836896 0.5320778 0.4971633 0.4849154 0.3308609 0.4128867 1.0098954 0.3695431 0.3663478 0.3358541 0.9541399 0.2220263 1.6029432 0.4978567 0.4749997 0.3756363 0.4674713 0.4739212 0.3623366 0.3727868 0.3647078 0.3682910 0.4189767 0.4890812 1.2248838 1.0229702 1.0223651 0.0000000 0.3752130 0.9352721 0.5503712 0.3706523 0.3363052 0.4384371 0.3669779 0.3575714 0.5658712 0.3524457 0.5721207 0.5633542 0.9506600 0.3683941 0.3611082 0.9651513 0.3637605 0.3775378 0.3682122 0.3722700 0.3740277 0.5778695 0.5032933 0.4335100 0.9801445 0.3605649 0.5793621 0.9984661 0.2401397 0.4435377 0.3607920 0.5860126 0.3688946 0.3791834 1.0062690 1.0042328 0.3691549 0.3630728 1.1812225 0.3736220 0.1784368 0.3627764 0.4444301 0.2108414 0.5916765 0.9388442 0.3779802 1.1493402 0.9965539 0.2392018 
Perityle_discoidea_81                      0.1877551 0.1522839 0.1690734 0.3353012 0.1846553 0.2710282 0.1807721 0.2991953 0.0889725 0.2248229 0.4049723 0.1312608 0.1787068 0.1320180 0.1139325 0.1962802 0.4548612 0.1944694 0.1090268 0.1036751 0.1889860 0.1216317 0.1853677 0.1748752 0.1801775 0.1898931 0.2539913 0.1927437 0.2806280 0.0152025 0.0960845 0.3752130 0.0000000 0.2925090 0.2444847 0.1799163 0.2576089 0.2234262 0.1850669 0.1843306 0.2602318 0.1095698 0.2186041 0.1925700 0.1012125 0.1410486 0.1332017 0.1266417 0.1812760 0.1408454 0.1237697 0.1901452 0.1458806 0.2648582 0.2199225 0.1595573 0.0971426 0.1176310 0.2427237 0.1451027 0.2363813 0.1106235 0.3684987 0.2686983 0.1901452 0.2262894 0.1552216 0.1319682 0.1322337 0.1847045 0.2844785 0.1361189 0.0961201 0.1165557 0.1089252 0.1778072 0.1735158 0.1216420 0.1938207 0.2538859 0.0974036 0.1545420 
Perityle_dissecta_201                      0.2569154 0.1935164 0.2444592 0.8080940 0.3210470 0.2812024 0.2115753 0.3259064 0.3708933 0.4397061 0.0995807 0.2231847 0.2791900 0.3198032 0.1071315 0.7818999 0.5198753 0.0928727 0.1445187 0.2317218 0.2608350 0.0607206 0.2430628 0.2646742 0.1804340 0.2977813 0.4998675 0.1984046 0.2746133 0.0896203 0.1100899 0.9352721 0.2925090 0.0000000 0.2092422 0.2762585 0.8889811 0.4175376 0.1982427 0.2481767 0.2312806 0.2079240 0.1656062 0.2134803 0.0302014 0.2254969 0.1920085 0.0956036 0.2605232 0.2362665 0.2316229 0.2962780 0.2332908 0.1299159 0.2986889 0.2065177 0.0278472 0.2354111 0.3129145 0.1235593 0.6234956 0.0953656 0.7993797 0.1371285 0.2905139 0.2170812 0.1431734 0.0323119 0.2726666 0.2680700 0.2412171 0.2348512 0.7587782 0.2309481 0.1076578 0.7390594 0.1272609 0.0350208 0.1773486 0.2280518 0.0192436 0.7985739 
Perityle_feddemae_99                       0.3142820 0.2009471 0.2817336 0.4723962 0.2645894 0.3178997 0.2224154 0.4079178 0.2669024 0.3060476 0.3079498 0.1931220 0.2161020 0.2151030 0.0889967 0.3245535 0.4467838 0.1622708 0.2086275 0.2147796 0.2410458 0.2148749 0.2425323 0.2451182 0.2419329 0.2625425 0.3179608 0.1336860 0.2613806 0.1908201 0.0906451 0.5503712 0.2444847 0.2092422 0.0000000 0.2492434 0.1878428 0.2609431 0.2459282 0.2392647 0.0868159 0.1887030 0.0405990 0.1215232 0.1603041 0.2355567 0.2173286 0.0071337 0.2417720 0.2247362 0.1941499 0.2624890 0.2360100 0.1688082 0.2594819 0.2386505 0.1635479 0.2148841 0.1703476 0.0761480 0.1630412 0.2162872 0.5764745 0.1941823 0.2631558 0.2355663 0.0846160 0.2334909 0.2111832 0.2446240 0.2873065 0.2355817 0.1780538 0.2065364 0.1632747 0.3333762 0.1172381 0.1891870 0.2402927 0.1707357 0.1670012 0.2573937 
Perityle_fosteri_93                        0.2779062 0.1636945 0.2489153 0.3495983 0.1583723 0.2950309 0.1816498 0.3978277 0.1426408 0.2387159 0.3476131 0.0404708 0.0457694 0.0568208 0.1070401 0.0298948 0.4273266 0.2998920 0.1033158 0.0432254 0.2097079 0.0552188 0.0523693 0.0481636 0.0730459 0.1416316 0.1585719 0.2394569 0.2674565 0.0969341 0.1188593 0.3706523 0.1799163 0.2762585 0.2492434 0.0000000 0.3619820 0.2506071 0.0545921 0.0525042 0.2695954 0.0271393 0.2326484 0.2549597 0.0404399 0.0452959 0.0538816 0.1004097 0.0420200 0.0413409 0.0348883 0.1296389 0.0763861 0.3590672 0.2271461 0.1742540 0.0346610 0.0564793 0.3020878 0.1276959 0.3067031 0.1070222 0.1602986 0.3863582 0.1296692 0.1917591 0.1266957 0.0241746 0.0606673 0.0444789 0.2600526 0.0509983 0.0187023 0.0537600 0.0594838 0.1125109 0.1999504 0.0386020 0.1053666 0.2205818 0.0257584 0.1505941 
Perityle_gamon_221                         0.4957107 0.3042282 0.4665018 0.4227375 0.3665599 0.4967251 0.2064893 0.4352395 0.2836295 0.4231630 1.0285218 0.3356626 0.3755782 0.2336266 0.0000010 0.3519930 0.0000010 0.1795445 0.3884884 0.3195133 0.4168048 0.2432922 0.3641977 0.3711999 0.3413785 0.4097668 0.4418173 0.2409887 0.0000010 0.0000010 0.0000010 0.3363052 0.2576089 0.8889811 0.1878428 0.3619820 0.0000000 0.4325402 0.3559326 0.3763721 0.1473310 0.2502220 0.1572634 0.1139359 0.0000010 0.3411801 0.2755622 0.0000010 0.3707117 0.3271239 0.3475811 0.4097668 0.4189862 0.1951041 0.3835538 0.2448478 0.0000010 0.2677994 0.2295797 0.0000010 0.2456832 0.3630384 0.3522722 0.2151188 0.4166797 0.3549827 0.0000010 0.0000010 0.3575263 0.3641977 0.9367799 0.3413785 0.1956588 0.3343585 0.2250564 0.3572619 0.1564158 0.0000010 0.3747934 0.0000010 0.0000010 0.3977424 
Perityle_gentryi_8_san_francisco           0.3501571 0.2265906 0.3283369 0.3983194 0.2193626 0.3428965 0.2322094 0.4290776 0.3019607 0.2514062 0.5000062 0.1584174 0.2409084 0.0927584 0.0230858 0.2397690 0.3384507 0.3703290 0.1593059 0.1407691 0.2613375 0.1568468 0.2607272 0.2312961 0.2539428 0.2614258 0.1973121 0.2397081 0.2677443 0.1940988 0.1533675 0.4384371 0.2234262 0.4175376 0.2609431 0.2506071 0.4325402 0.0000000 0.2580787 0.2607661 0.2739465 0.1143623 0.2588901 0.2467759 0.1730262 0.1837371 0.1387054 0.1184964 0.2547907 0.1741413 0.1514438 0.2520928 0.1837252 0.4072334 0.2151717 0.1933903 0.1630255 0.1223550 0.3162864 0.1315729 0.4068831 0.1977871 0.3683292 0.4019351 0.2574285 0.2543424 0.0838789 0.2027596 0.1891120 0.2449439 0.2727389 0.1818004 0.0340892 0.1427562 0.1129797 0.1804014 0.2543792 0.1830740 0.2425384 0.1799392 0.1585765 0.1730987 
Perityle_gilensis_22_Superstition          0.2334242 0.1528380 0.2155278 0.3424780 0.1519897 0.2712945 0.1799820 0.3457590 0.1393190 0.2334609 0.2432887 0.0428495 0.0173307 0.0558920 0.0932736 0.0389292 0.5061257 0.2387763 0.0960574 0.0494476 0.2012699 0.0605179 0.0649694 0.0379292 0.0630683 0.1445295 0.1738368 0.2200158 0.2595445 0.0904991 0.1039688 0.3669779 0.1850669 0.1982427 0.2459282 0.0545921 0.3559326 0.2580787 0.0000000 0.0418220 0.2847210 0.0338981 0.2335583 0.2518929 0.0458950 0.0521613 0.0486016 0.1025227 0.0235514 0.0530378 0.0355565 0.1177085 0.0608892 0.2857732 0.2257354 0.1771461 0.0433595 0.0650198 0.2746939 0.1077655 0.3188982 0.0857291 0.1734643 0.3055687 0.1353181 0.1755721 0.1322302 0.0575770 0.0742872 0.0434284 0.2689180 0.0485116 0.0266818 0.0481770 0.0680188 0.0962771 0.1966307 0.0529308 0.1037153 0.2075933 0.0388566 0.1315528 
Perityle_gilensis_salensis_225             0.2676561 0.1551207 0.2412597 0.3359287 0.1535400 0.2863332 0.1784624 0.3732870 0.1415968 0.2357244 0.3146113 0.0464765 0.0247959 0.0593309 0.1106423 0.0380217 0.4580733 0.2696014 0.1043017 0.0502246 0.1998259 0.0546321 0.0533474 0.0369545 0.0692034 0.1228533 0.1684596 0.2281922 0.2669984 0.0874001 0.1002354 0.3575714 0.1843306 0.2481767 0.2392647 0.0525042 0.3763721 0.2607661 0.0418220 0.0000000 0.2749219 0.0339382 0.2281369 0.2568713 0.0435558 0.0512646 0.0504355 0.0954230 0.0170954 0.0548601 0.0334144 0.1159010 0.0647220 0.3213125 0.2322509 0.1918660 0.0345576 0.0585080 0.2785683 0.1227420 0.3206900 0.0936893 0.1736595 0.3649583 0.1332232 0.1878698 0.1257150 0.0494160 0.0787407 0.0283713 0.2604054 0.0521941 0.0263234 0.0536701 0.0694183 0.0986635 0.1947011 0.0424544 0.1120325 0.2263835 0.0258493 0.1294121 
Perityle_glaucescens_94                    0.3237808 0.1951958 0.2878720 0.4725245 0.2986369 0.3356700 0.2267359 0.4192539 0.2836919 0.3136759 0.3253645 0.2228518 0.2811299 0.2133075 0.1199661 0.3617290 0.4408912 0.1727241 0.2138332 0.2379834 0.2658527 0.2176906 0.2776970 0.2779327 0.2742401 0.2865727 0.3503095 0.1634473 0.2363100 0.2164812 0.1752336 0.5658712 0.2602318 0.2312806 0.0868159 0.2695954 0.1473310 0.2739465 0.2847210 0.2749219 0.0000000 0.2170865 0.0730005 0.1273853 0.1812023 0.2638741 0.1985917 0.0959152 0.2835921 0.2469326 0.2082934 0.2872155 0.2511773 0.1856548 0.2994116 0.2640838 0.1715724 0.2428335 0.2491760 0.1286483 0.1712958 0.2331732 0.6414420 0.2057781 0.2851701 0.2504392 0.1158017 0.2599567 0.2393180 0.2807893 0.2988234 0.2615520 0.1984144 0.2227113 0.2106333 0.3128958 0.1402773 0.2135939 0.2656789 0.1455732 0.1763719 0.2903524 
Perityle_gracilis_11                       0.1434453 0.1486145 0.1107421 0.3045689 0.0809161 0.1802975 0.1920205 0.2488919 0.1085222 0.1340803 0.2935402 0.0401364 0.0361771 0.0567586 0.1155681 0.0251961 0.4806565 0.1652615 0.1733359 0.1575144 0.0723027 0.0398099 0.0412305 0.0374768 0.0329273 0.0676723 0.2531289 0.1861779 0.2631215 0.1006847 0.1143337 0.3524457 0.1095698 0.2079240 0.1887030 0.0271393 0.2502220 0.1143623 0.0338981 0.0339382 0.2170865 0.0000000 0.1611775 0.2115499 0.0346732 0.0047872 0.1566138 0.0997198 0.0351053 0.0297906 0.0485526 0.0665010 0.0864769 0.1986728 0.1368244 0.0714094 0.0383926 0.1777638 0.2372726 0.1281774 0.2736746 0.0806846 0.1692895 0.1721428 0.0659065 0.1466129 0.1523148 0.0323469 0.0490390 0.0421112 0.2671004 0.0331198 0.0224965 0.1732369 0.0439591 0.1602625 0.1844839 0.0386144 0.0449996 0.2393633 0.0224540 0.0836774 
Perityle_harkerae_31                       0.2844052 0.1786230 0.2453727 0.4652511 0.2462298 0.2797934 0.1799434 0.3851680 0.2345663 0.2929770 0.2553161 0.1716958 0.2263385 0.1890824 0.0890041 0.3684733 0.4259837 0.1194131 0.1769259 0.1918726 0.2114115 0.1869477 0.2300157 0.2270987 0.2251813 0.2455292 0.2869020 0.1176123 0.2541676 0.1412466 0.0949131 0.5721207 0.2186041 0.1656062 0.0405990 0.2326484 0.1572634 0.2588901 0.2335583 0.2281369 0.0730005 0.1611775 0.0000000 0.0812928 0.1175305 0.2159438 0.1892070 0.0144161 0.2323832 0.2018958 0.1627824 0.2460905 0.2170909 0.1403155 0.2575518 0.2096086 0.1044844 0.1822555 0.1656437 0.0801989 0.1521532 0.1875298 0.6058188 0.1840330 0.2461534 0.2097217 0.0726713 0.1596673 0.1999461 0.2300157 0.2830693 0.2131693 0.1985246 0.1770018 0.1563983 0.3641386 0.0742147 0.1286280 0.2123885 0.1643492 0.1079183 0.2844049 
Perityle_hofmeisteria_4_nombre_de_dios     0.2887315 0.2161842 0.2564891 0.4545815 0.2428567 0.3197033 0.2222172 0.3732673 0.2401842 0.3086493 0.3340536 0.2354727 0.2189924 0.2122824 0.0967937 0.3512984 0.4335227 0.1537103 0.2398834 0.2490777 0.2552003 0.2315044 0.2520739 0.2523074 0.2423939 0.2444431 0.3329587 0.0999951 0.2707568 0.2199326 0.1226397 0.5633542 0.1925700 0.2134803 0.1215232 0.2549597 0.1139359 0.2467759 0.2518929 0.2568713 0.1273853 0.2115499 0.0812928 0.0000000 0.2051752 0.2452783 0.2068632 0.0478091 0.2619970 0.2367401 0.2273875 0.2478909 0.2394629 0.1770914 0.2129210 0.2169852 0.1852647 0.2261674 0.1679822 0.0935259 0.1684160 0.2420660 0.5914879 0.1292555 0.2448312 0.1974078 0.0851989 0.2342286 0.2722123 0.2545655 0.2926914 0.2404412 0.1787032 0.2408212 0.1672645 0.2676857 0.1225001 0.2292407 0.2552506 0.1648738 0.1916632 0.3032056 
Perityle_huecosensis_48                    0.1161892 0.1615873 0.1099629 0.7418656 0.0957536 0.1270049 0.1868252 0.2277841 0.1361878 0.2292486 0.0529169 0.0411988 0.0414555 0.0897383 0.1154858 0.0000010 0.5063875 0.0901090 0.0380527 0.0249672 0.0534521 0.0420807 0.0409074 0.0591511 0.0301354 0.0730295 0.3923246 0.1676587 0.2854205 0.0970459 0.1186885 0.9506600 0.1012125 0.0302014 0.1603041 0.0404399 0.0000010 0.1730262 0.0458950 0.0435558 0.1812023 0.0346732 0.1175305 0.2051752 0.0000000 0.0310759 0.0389155 0.1036119 0.0349523 0.0440752 0.0440528 0.0623530 0.0060123 0.1168280 0.1413036 0.0829113 0.0435150 0.0418016 0.2316170 0.1329268 0.0000010 0.0573217 0.8384512 0.1247422 0.0672680 0.0952396 0.1521950 0.0447686 0.0726466 0.0503963 0.2269879 0.0384483 0.0000010 0.0458534 0.0471723 0.0000010 0.1116428 0.0531531 0.0529945 0.2391196 0.0323132 0.0000010 
Perityle_intricata_59_Clark_mtns           0.2211355 0.1646717 0.1874112 0.3365386 0.1382402 0.2416036 0.1907105 0.3491109 0.1313480 0.2218028 0.3110168 0.0380437 0.0525332 0.0554845 0.1175346 0.0463798 0.4246083 0.2091161 0.1824589 0.1579366 0.1470756 0.0476731 0.0536979 0.0507696 0.0375192 0.1167183 0.2347015 0.2094591 0.2631215 0.1006847 0.1143337 0.3683941 0.1410486 0.2254969 0.2355567 0.0452959 0.3411801 0.1837371 0.0521613 0.0512646 0.2638741 0.0047872 0.2159438 0.2452783 0.0310759 0.0000000 0.1620062 0.1021637 0.0468320 0.0451840 0.0454786 0.1121536 0.1138780 0.2718382 0.1965459 0.1271771 0.0382924 0.1779852 0.2648186 0.1281774 0.3115536 0.1032894 0.1625496 0.3185568 0.1065787 0.1928329 0.1433492 0.0323469 0.0624524 0.0547067 0.2671004 0.0342308 0.0224644 0.1828904 0.0439591 0.1857337 0.1952256 0.0386144 0.0672604 0.2393633 0.0224540 0.1483368 
