85
Amauria_brandeegeana_62                    0.0000000 0.2764627 0.2120729 0.2682750 0.1342936 0.1799625 0.2815663 0.2620711 0.3421536 0.1356988 0.1671433 0.2375789 0.2523540 0.1674722 0.2415688 0.2545153 0.2771025 0.2538746 0.1446831 0.1665514 0.2298292 0.2461338 0.1071874 0.2389102 0.2543669 0.2775346 0.2454187 0.2631968 0.1614631 0.2521433 0.0899508 0.1998757 0.3651396 0.4117839 0.2294755 0.1384578 0.2640807 0.2619775 0.1694293 0.2382701 0.2292921 0.2467853 0.2939350 0.2060356 0.1830588 0.1770787 0.1518372 0.2579201 0.2441127 0.1715058 0.1600187 0.2527378 0.2426438 0.2210809 0.3365344 0.1515421 0.1202835 0.2489018 0.2436617 0.1387396 0.0744927 0.1656825 0.1640409 0.1565333 0.2307066 0.2272717 0.1678541 0.3463201 0.1632330 0.2191743 0.2330374 0.3124523 0.2332123 0.2458097 0.2464967 0.0707909 0.1678889 0.1878945 0.2578070 0.2717951 0.1521120 0.2387009 0.1438828 0.2672473 0.0924022 
Amauria_carterae_99_mesa                   0.2764627 0.0000000 0.2564156 0.4085082 0.1549846 0.1600689 0.4339482 0.2445296 0.3841624 0.2886701 0.3101065 0.4044000 0.4159503 0.3149996 0.3989615 0.4588598 0.5065119 0.2888668 0.1629105 0.3024800 0.3621732 0.4041729 0.1474669 0.4146508 0.3987996 0.4197577 0.4134943 0.2871064 0.3036339 0.2956953 0.1258856 0.2330478 0.3413795 0.4845744 0.3923392 0.2988338 0.3200059 0.4255003 0.3517780 0.4033051 0.4129046 0.4130690 0.3375386 0.3440137 0.2433149 0.3623147 0.3093062 0.4394093 0.4045894 0.2335910 0.3107283 0.4128758 0.4032041 0.2607341 0.3630566 0.2164943 0.1676727 0.3999316 0.4130647 0.2611025 0.1624749 0.2224631 0.2322297 0.3164989 0.3985544 0.4153687 0.2183591 0.3040768 0.1668086 0.4066313 0.4139531 0.4275899 0.3976956 0.4040703 0.4080808 0.0894972 0.2127910 0.3872160 0.4002065 0.3850039 0.1311894 0.4108467 0.3026484 0.3689328 0.0770633 
Amauria_rotundifolia_SRR9119150            0.2120729 0.2564156 0.0000000 0.3842510 0.1436155 0.2029719 0.3805705 0.2695018 0.4046198 0.2645004 0.2567437 0.3784204 0.3800292 0.2758966 0.3617217 0.4118530 0.4332700 0.2303616 0.1277365 0.2511212 0.3021297 0.3860434 0.1325065 0.3697425 0.3757693 0.4425324 0.3697332 0.2905708 0.2930373 0.2742120 0.0690807 0.1748475 0.3743175 0.4697296 0.3842311 0.2453687 0.2989557 0.3766256 0.2809139 0.3721690 0.3770180 0.3981642 0.3219111 0.2928239 0.1789044 0.2980595 0.2590963 0.4068675 0.3795314 0.1521734 0.2880884 0.3883999 0.3631565 0.2225999 0.3784610 0.1423315 0.1070776 0.3754148 0.3722906 0.2223801 0.0740851 0.1471595 0.1548213 0.2698049 0.3759081 0.3590162 0.1482930 0.3881824 0.1511459 0.3951263 0.3627990 0.4216761 0.3646277 0.3605889 0.3476355 0.0719479 0.1489155 0.3045642 0.3707125 0.3539021 0.1334304 0.3700731 0.2521859 0.3094630 0.0807215 
Conoclinium_coelestinum_SRR9119114         0.2682750 0.4085082 0.3842510 0.0000000 0.2876367 0.2924645 0.1715925 0.3670709 0.3754720 0.2666418 0.2611807 0.3168659 0.3230685 0.2704900 0.3168372 0.3642905 0.3162955 0.3333111 0.2387418 0.2710512 0.3066353 0.3148220 0.1699524 0.3196126 0.3243156 0.3585629 0.3137052 0.3659690 0.2785181 0.3309525 0.2481625 0.3026983 0.4789569 0.5169349 0.3318957 0.2635123 0.3610289 0.3480721 0.2370557 0.3177822 0.3097576 0.3209633 0.3232791 0.2724694 0.2336133 0.2678561 0.2669513 0.3609789 0.3155430 0.2039553 0.2641900 0.3237811 0.3168759 0.3415845 0.4247524 0.2669918 0.2192556 0.3247920 0.3146897 0.2526094 0.1452738 0.2569470 0.2070624 0.2727394 0.3225234 0.3062407 0.2692132 0.4597578 0.2131089 0.3204772 0.3139940 0.3830454 0.3310570 0.3273781 0.3101326 0.1664472 0.2600046 0.2733630 0.3161366 0.3245240 0.2883181 0.3172330 0.2719040 0.3378365 0.1744496 
Eutetras_palmeri_63                        0.1342936 0.1549846 0.1436155 0.2876367 0.0000000 0.1206043 0.3153091 0.2176847 0.2804583 0.1090183 0.1374623 0.2729377 0.2725390 0.1325809 0.2378839 0.3342122 0.2401607 0.1246044 0.0850361 0.1434187 0.2415860 0.2747970 0.0956302 0.2681642 0.2710129 0.3583456 0.2803302 0.1478929 0.1522585 0.2379733 0.0575759 0.1212935 0.2191026 0.2778753 0.2797307 0.1461241 0.1497336 0.2747563 0.1462713 0.2612078 0.3077781 0.3075868 0.1603556 0.1944355 0.1294694 0.1542528 0.1466790 0.3131960 0.2672234 0.0924475 0.1378686 0.2741577 0.2666908 0.1277190 0.2809201 0.1059939 0.1102040 0.2905149 0.2730240 0.1248387 0.0577203 0.0955480 0.1449849 0.1520838 0.2821104 0.2423438 0.1219448 0.2770688 0.1321832 0.2903850 0.2691580 0.3047065 0.2760554 0.2480577 0.2506413 0.0610355 0.1341200 0.1584441 0.2511632 0.2730244 0.0920712 0.2722029 0.1482064 0.2992369 0.0709402 
Eutetras_pringlei_149_quer                 0.1799625 0.1600689 0.2029719 0.2924645 0.1206043 0.0000000 0.3098110 0.1921480 0.2024246 0.2139135 0.1998944 0.2205016 0.2216263 0.2272072 0.2143800 0.2220640 0.2361327 0.2879306 0.1227756 0.2120163 0.1701274 0.2181049 0.1076551 0.2181495 0.2114001 0.2148328 0.2162336 0.1845198 0.2123645 0.1515638 0.1972510 0.1558260 0.2375493 0.2715196 0.2185239 0.2042736 0.1620612 0.2231995 0.2335929 0.2185964 0.2091503 0.2148950 0.1815725 0.1668907 0.1270807 0.2413509 0.2153604 0.2117391 0.2179925 0.1322754 0.2163471 0.2146349 0.2112898 0.2224143 0.1931968 0.1693405 0.0745614 0.2096373 0.2197103 0.2107859 0.2047110 0.1426334 0.0923709 0.2147206 0.2295481 0.2263520 0.1366520 0.1877386 0.0920474 0.2134411 0.2180370 0.2099926 0.2113933 0.2112058 0.2116175 0.1273340 0.1411588 0.2350003 0.2079143 0.2084448 0.1268055 0.2161906 0.2044328 0.2030867 0.1052383 
Eutrochium_fistulosum_SRR9119106           0.2815663 0.4339482 0.3805705 0.1715925 0.3153091 0.3098110 0.0000000 0.3106174 0.3431338 0.2719296 0.2669489 0.2725558 0.2744026 0.2636781 0.2710867 0.3295570 0.2886737 0.3084690 0.2710989 0.2601701 0.2682099 0.2768708 0.2698626 0.2785576 0.2654813 0.3281136 0.2829949 0.3746188 0.2702753 0.3251096 0.1995116 0.3302163 0.4936124 0.4530114 0.2826367 0.2628742 0.3675884 0.2867900 0.2507469 0.2769152 0.2784485 0.2927242 0.3305235 0.3026783 0.2904402 0.2668433 0.2677113 0.3172907 0.2724796 0.2534867 0.2676082 0.2818641 0.2712240 0.3821376 0.3734851 0.3110534 0.3548092 0.2743728 0.2683790 0.2696196 0.1443862 0.2948893 0.2223826 0.2769661 0.2838500 0.2869679 0.3055374 0.4102386 0.1988170 0.2901803 0.2762456 0.3535635 0.2858752 0.2808327 0.2736227 0.2291631 0.3089974 0.2854755 0.2709887 0.2809020 0.3420289 0.2781601 0.2637334 0.3318754 0.2093587 
Galeana_pratensis_104_mex                  0.2620711 0.2445296 0.2695018 0.3670709 0.2176847 0.1921480 0.3106174 0.0000000 0.2438308 0.2869135 0.2908706 0.2446956 0.2478193 0.3091399 0.2421383 0.2677723 0.3136607 0.3281396 0.2270187 0.3019437 0.2170728 0.2440670 0.1654613 0.2383149 0.2400283 0.2519068 0.2438036 0.2864110 0.2825518 0.1916216 0.2478543 0.2600758 0.2920109 0.2779909 0.2525300 0.2954165 0.2733113 0.2541990 0.3010873 0.2547810 0.2424565 0.2441019 0.2745077 0.2695801 0.2194737 0.2993645 0.2939171 0.2460426 0.2403262 0.2181381 0.3067292 0.2487251 0.2333178 0.2970847 0.2125201 0.2451970 0.2208743 0.2369685 0.2399714 0.2836203 0.2375664 0.2467965 0.1654904 0.2934646 0.2663514 0.2512527 0.2543431 0.2854664 0.1198801 0.2388993 0.2365356 0.2623822 0.2368396 0.2348760 0.2388852 0.2085708 0.2652798 0.3000788 0.2354638 0.2114190 0.1964426 0.2420858 0.3069995 0.3124371 0.1691086 
Helianthus_annuus_SRR9119062               0.3421536 0.3841624 0.4046198 0.3754720 0.2804583 0.2024246 0.3431338 0.2438308 0.0000000 0.3226293 0.3186008 0.3210268 0.3219976 0.3257940 0.2863357 0.3761614 0.3073013 0.3294556 0.2544136 0.3345951 0.3069290 0.3235450 0.1662150 0.3214141 0.3137490 0.3345609 0.3310702 0.4163956 0.3509476 0.2238416 0.1413404 0.3578038 0.4662803 0.4247190 0.3066978 0.3012766 0.3890844 0.3266013 0.3250371 0.3170557 0.3094894 0.3090912 0.3894404 0.3275853 0.2971672 0.3498671 0.2948184 0.3746537 0.3198961 0.2584234 0.3263489 0.3258049 0.3054598 0.3808518 0.3674142 0.2777519 0.4382291 0.3136661 0.3241552 0.3123167 0.1577481 0.2879193 0.1048935 0.3251700 0.3345899 0.3103220 0.3062077 0.4235193 0.1133247 0.3151993 0.3173808 0.3407400 0.3019259 0.3144486 0.3050146 0.2088268 0.3041477 0.3445585 0.3243719 0.3110327 0.3102707 0.3212626 0.3085146 0.2814513 0.2488343 
Lycapsus_tenuifolius_17                    0.1356988 0.2886701 0.2645004 0.2666418 0.1090183 0.2139135 0.2719296 0.2869135 0.3226293 0.0000000 0.1750720 0.2239323 0.2420746 0.1681174 0.2175167 0.2534425 0.2724098 0.2583550 0.1068939 0.1555246 0.2304623 0.2243683 0.1364719 0.2303484 0.2397275 0.2668040 0.2381950 0.2748701 0.1648989 0.2482367 0.0146186 0.1653493 0.3456474 0.4026622 0.2090662 0.0949171 0.2456462 0.2660334 0.1814498 0.2258868 0.2266097 0.2178867 0.2919818 0.2209600 0.1350085 0.1868528 0.1412006 0.2793261 0.2357210 0.1298911 0.1598724 0.2506395 0.2171174 0.1943554 0.3494566 0.1430709 0.1279095 0.2283379 0.2373941 0.1687941 0.0679046 0.1196797 0.1502772 0.1559716 0.2497433 0.2314099 0.1175685 0.3269399 0.1433359 0.2187473 0.2250962 0.2561598 0.2344938 0.2411776 0.2353004 0.0797418 0.1259900 0.2019726 0.2503728 0.2412413 0.1126687 0.2338973 0.0953475 0.2451851 0.0942401 
Pericome_caudata_50_silver                 0.1671433 0.3101065 0.2567437 0.2611807 0.1374623 0.1998944 0.2669489 0.2908706 0.3186008 0.1750720 0.0000000 0.3046910 0.3042502 0.2102932 0.2543317 0.3275189 0.3956954 0.2482061 0.1056839 0.1662209 0.2979742 0.2947470 0.1276950 0.3167767 0.3265691 0.3823804 0.3174705 0.2670858 0.1700464 0.2563627 0.0787456 0.1465678 0.3739534 0.4268990 0.2816543 0.2015506 0.2153057 0.3334094 0.1616557 0.2786555 0.3362711 0.3152989 0.2477666 0.2511544 0.1272743 0.1927084 0.1539921 0.3159954 0.2922363 0.0986171 0.2051367 0.3343773 0.2756603 0.1713769 0.3779530 0.1262091 0.1172479 0.3053468 0.3040174 0.1595937 0.0622538 0.1054209 0.1635928 0.1830057 0.3024612 0.2944181 0.0705065 0.3864835 0.1482800 0.3339099 0.3138818 0.3878623 0.3123483 0.2891606 0.2897814 0.0680564 0.0838995 0.1957620 0.3114136 0.3085498 0.1259545 0.3086957 0.1954016 0.2779223 0.0554782 
Perityle_aglossa_84_dead_horse             0.2375789 0.4044000 0.3784204 0.3168659 0.2729377 0.2205016 0.2725558 0.2446956 0.3210268 0.2239323 0.3046910 0.0000000 0.0423846 0.2264323 0.0588123 0.1220827 0.1132429 0.3179868 0.2676834 0.2140935 0.0699108 0.0290894 0.1239796 0.0354090 0.0759835 0.1155726 0.0492825 0.3796101 0.2744570 0.1353893 0.2015456 0.3274461 0.4713074 0.2828716 0.0327599 0.2311297 0.3655099 0.0786007 0.2765677 0.0601582 0.0652599 0.0743943 0.4157723 0.1489722 0.3268273 0.2706570 0.1997994 0.1154592 0.0280003 0.2885304 0.2141399 0.0560756 0.0224073 0.3635645 0.1758438 0.3197787 0.2607686 0.0420760 0.0300185 0.2577003 0.1884596 0.2715991 0.0182422 0.1997343 0.2222534 0.0542576 0.3058300 0.4674248 0.0361920 0.0650834 0.0333024 0.1994783 0.0454543 0.0395606 0.0527210 0.2000364 0.3253641 0.2811082 0.0670989 0.0201747 0.2737197 0.0386687 0.2363087 0.1720885 0.2170224 
Perityle_ajoensis_204                      0.2523540 0.4159503 0.3800292 0.3230685 0.2725390 0.2216263 0.2744026 0.2478193 0.3219976 0.2420746 0.3042502 0.0423846 0.0000000 0.1697914 0.0634607 0.1333734 0.0722667 0.3111969 0.2693117 0.1589619 0.0424570 0.0297184 0.1441145 0.0559733 0.0467309 0.0621274 0.0716359 0.3573806 0.2794504 0.1323707 0.2042252 0.3279076 0.4937566 0.2850124 0.0372017 0.2944366 0.3977383 0.0510969 0.2610881 0.0686638 0.0868653 0.0785394 0.4348642 0.1181079 0.3290519 0.2769939 0.1998602 0.1221491 0.0330315 0.2917682 0.2283096 0.0452263 0.0332366 0.3479832 0.1423060 0.2925782 0.1496759 0.0464530 0.0436676 0.2228940 0.1962144 0.2759392 0.0206140 0.2253142 0.1925383 0.0760504 0.3094151 0.4378977 0.0323048 0.0870827 0.0544513 0.1970687 0.0727580 0.0565130 0.0424180 0.2021327 0.3254071 0.2971592 0.0422449 0.0378583 0.2759893 0.0392891 0.2447644 0.1767733 0.2259106 
Perityle_ambrosiifolia_67_green            0.1674722 0.3149996 0.2758966 0.2704900 0.1325809 0.2272072 0.2636781 0.3091399 0.3257940 0.1681174 0.2102932 0.2264323 0.1697914 0.0000000 0.1681330 0.2625107 0.2012631 0.2347721 0.1106163 0.0466497 0.1780794 0.2041799 0.1254027 0.2494671 0.1915286 0.2123149 0.2674404 0.1794572 0.1483514 0.2729835 0.0847753 0.1510617 0.3617790 0.4360736 0.1904249 0.1882185 0.2706879 0.2025914 0.1499544 0.2161475 0.2507267 0.2108212 0.3386811 0.1187817 0.1446734 0.1784701 0.0430819 0.2666790 0.2134279 0.1007588 0.0990759 0.2077969 0.1910070 0.0999892 0.3340951 0.0818527 0.0502280 0.2026355 0.2269690 0.1327713 0.0537892 0.1200558 0.1764823 0.0978995 0.2064794 0.2398229 0.1369718 0.3203972 0.1642852 0.2253979 0.2452198 0.3276194 0.2431110 0.2067811 0.1646191 0.0380913 0.1504884 0.2392709 0.1914613 0.2417571 0.1395777 0.2374810 0.1394758 0.2336903 0.0654329 
Perityle_angustifolia_13_Eagle_creek       0.2415688 0.3989615 0.3617217 0.3168372 0.2378839 0.2143800 0.2710867 0.2421383 0.2863357 0.2175167 0.2543317 0.0588123 0.0634607 0.1681330 0.0000000 0.1357959 0.1156701 0.3307830 0.2621439 0.1824193 0.0596976 0.0578659 0.1153548 0.0635528 0.0673143 0.1027725 0.0787970 0.3505282 0.2380608 0.1185720 0.1945941 0.2893050 0.4423766 0.2768990 0.0544746 0.2147096 0.3010498 0.0759451 0.2153909 0.0701615 0.0633956 0.0661684 0.3260279 0.1174411 0.2929736 0.2196412 0.1464740 0.0641346 0.0574047 0.2622775 0.1652944 0.0748675 0.0530489 0.2950692 0.1493835 0.2702631 0.2800627 0.0572247 0.0593900 0.2559977 0.1892847 0.2557078 0.0128003 0.1734868 0.1826889 0.0825899 0.2740821 0.3962328 0.0224790 0.0606577 0.0626385 0.1768444 0.0463883 0.0591953 0.0669256 0.1924844 0.3020775 0.2765952 0.0854595 0.0606914 0.2587414 0.0578265 0.2156645 0.1669631 0.2149937 
Perityle_batopilensis_97                   0.2545153 0.4588598 0.4118530 0.3642905 0.3342122 0.2220640 0.3295570 0.2677723 0.3761614 0.2534425 0.3275189 0.1220827 0.1333734 0.2625107 0.1357959 0.0000000 0.2173062 0.4139030 0.3530395 0.2688037 0.1450789 0.1214042 0.1354775 0.1249069 0.1339698 0.2042422 0.1371385 0.4306616 0.3318972 0.1785162 0.3253998 0.4115202 0.5396303 0.3565495 0.1193407 0.2606766 0.4221786 0.1592764 0.3073464 0.0802125 0.1605841 0.1627189 0.4513381 0.2139655 0.4022570 0.3118849 0.2339466 0.1351437 0.1241229 0.3955435 0.2492122 0.1403950 0.1166430 0.4212891 0.2747809 0.4021936 0.2784675 0.1374015 0.1253993 0.2891340 0.3650596 0.3775534 0.1343608 0.2417806 0.2493348 0.1475661 0.3960171 0.4996378 0.1356183 0.1590299 0.1222864 0.2351020 0.1087458 0.1428495 0.1460134 0.2540022 0.4180005 0.3240658 0.1450736 0.1331609 0.2834892 0.1240516 0.2682157 0.2431244 0.2403522 
Perityle_bisetosa_9                        0.2771025 0.5065119 0.4332700 0.3162955 0.2401607 0.2361327 0.2886737 0.3136607 0.3073013 0.2724098 0.3956954 0.1132429 0.0722667 0.2012631 0.1156701 0.2173062 0.0000000 0.3129198 0.2475745 0.1434221 0.1043984 0.0838784 0.1095209 0.1341736 0.1109497 0.0993993 0.1395584 0.3362595 0.2901716 0.1315349 0.2017280 0.3371539 0.5591413 0.3834810 0.0664125 0.3136661 0.4827456 0.0892055 0.3233441 0.1090235 0.1246722 0.0836185 0.5882489 0.0881426 0.3488418 0.3398128 0.2225853 0.2488866 0.0950731 0.3204893 0.2602434 0.1039319 0.0724707 0.3991110 0.1874934 0.3510416 0.0624588 0.0877314 0.1118856 0.2227798 0.1924239 0.2840651 0.0102289 0.2721167 0.2111110 0.1239326 0.2870611 0.4046559 0.0224774 0.1073949 0.1316631 0.3081210 0.1385097 0.0897233 0.0755934 0.1868264 0.2925401 0.3333499 0.0864408 0.1147879 0.2910539 0.1237072 0.2861497 0.1062498 0.1736765 
Perityle_californica_76_positas            0.2538746 0.2888668 0.2303616 0.3333111 0.1246044 0.2879306 0.3084690 0.3281396 0.3294556 0.2583550 0.2482061 0.3179868 0.3111969 0.2347721 0.3307830 0.4139030 0.3129198 0.0000000 0.0701383 0.2392954 0.2382710 0.3213924 0.1981700 0.3155695 0.3068292 0.3086629 0.3200245 0.2221352 0.2555807 0.2104470 0.0502416 0.1751374 0.2763316 0.4817192 0.3204840 0.2731156 0.2624019 0.3186921 0.2732885 0.3339925 0.3079568 0.3214699 0.3028765 0.2996333 0.0968972 0.2765814 0.2495586 0.3956901 0.3207280 0.0982950 0.2375063 0.3114539 0.3105616 0.2232745 0.2382680 0.0985754 0.1508053 0.3167322 0.3216306 0.2561053 0.0827805 0.1069656 0.1648525 0.2588953 0.2598760 0.3250552 0.0796857 0.1714701 0.1607023 0.3189209 0.3158468 0.3490509 0.3200695 0.3170233 0.3002887 0.0778977 0.0909199 0.2809695 0.2965075 0.3233328 0.0981430 0.3230066 0.2650080 0.2264610 0.0674689 
Perityle_canescens_77                      0.1446831 0.1629105 0.1277365 0.2387418 0.0850361 0.1227756 0.2710989 0.2270187 0.2544136 0.1068939 0.1056839 0.2676834 0.2693117 0.1106163 0.2621439 0.3530395 0.2475745 0.0701383 0.0000000 0.1043665 0.2537910 0.2734546 0.1070364 0.2609845 0.2605538 0.3238057 0.2710328 0.1192059 0.1147979 0.2556857 0.0771131 0.1176880 0.1730207 0.2791866 0.2721512 0.1105369 0.0593128 0.2716953 0.0867320 0.2863989 0.2698221 0.2624306 0.0698152 0.1777087 0.0616375 0.0900756 0.1047314 0.3556602 0.2680696 0.0679109 0.1051941 0.2700149 0.2642750 0.1050156 0.2563988 0.1235408 0.1121168 0.2674866 0.2715689 0.1176160 0.0607532 0.0909615 0.1413162 0.1191373 0.2467607 0.2567205 0.1162087 0.1917983 0.1446897 0.2760848 0.2609929 0.2913001 0.2737162 0.2711661 0.2721365 0.0623365 0.1312245 0.1259487 0.2645926 0.2755705 0.0727913 0.2680447 0.1126310 0.3118197 0.0865598 
Perityle_castillonii_96                    0.1665514 0.3024800 0.2511212 0.2710512 0.1434187 0.2120163 0.2601701 0.3019437 0.3345951 0.1555246 0.1662209 0.2140935 0.1589619 0.0466497 0.1824193 0.2688037 0.1434221 0.2392954 0.1043665 0.0000000 0.1525814 0.2109381 0.1045178 0.2162983 0.1660145 0.1836531 0.2257386 0.1590014 0.1338734 0.2674717 0.0824502 0.1475181 0.3527472 0.4263556 0.2079586 0.1745117 0.2525182 0.1698318 0.1328293 0.2180387 0.2273592 0.2245611 0.2848628 0.1028989 0.1417179 0.1433582 0.0460169 0.2444546 0.2103615 0.0958009 0.0904145 0.1680150 0.2105371 0.1004595 0.3341086 0.0736705 0.0427365 0.2146363 0.2135927 0.1247990 0.0564102 0.1148454 0.1716592 0.0683844 0.2063107 0.2067832 0.1358539 0.2971240 0.1554301 0.2089925 0.2145393 0.3124836 0.2104526 0.2024507 0.1519480 0.0282041 0.1471412 0.2047943 0.1594672 0.2411126 0.1271066 0.2140363 0.1113239 0.2343860 0.0582623 
Perityle_cernua_84                         0.2298292 0.3621732 0.3021297 0.3066353 0.2415860 0.1701274 0.2682099 0.2170728 0.3069290 0.2304623 0.2979742 0.0699108 0.0424570 0.1780794 0.0596976 0.1450789 0.1043984 0.2382710 0.2537910 0.1525814 0.0000000 0.0609810 0.1352234 0.0816193 0.0431669 0.0734902 0.0926296 0.2958351 0.2635022 0.1134991 0.1892785 0.3118284 0.4213909 0.2359889 0.0550342 0.2994821 0.3932621 0.0674164 0.2612903 0.0720624 0.0847456 0.0608725 0.4614209 0.0960435 0.2892254 0.2908973 0.1888708 0.1488755 0.0644975 0.2698232 0.2465511 0.0700165 0.0511428 0.3071221 0.0730892 0.2819007 0.1431436 0.0626499 0.0802525 0.1982588 0.1857878 0.2702435 0.0205582 0.2393408 0.1520443 0.0881846 0.2849769 0.3454314 0.0257061 0.0745051 0.0806376 0.1783420 0.0772032 0.0586711 0.0506232 0.1874364 0.3025454 0.3023773 0.0490352 0.0635488 0.2455342 0.0830558 0.2375931 0.1732944 0.2024507 
Perityle_cfvillosa_25_tin                  0.2461338 0.4041729 0.3860434 0.3148220 0.2747970 0.2181049 0.2768708 0.2440670 0.3235450 0.2243683 0.2947470 0.0290894 0.0297184 0.2041799 0.0578659 0.1214042 0.0838784 0.3213924 0.2734546 0.2109381 0.0609810 0.0000000 0.1236750 0.0356400 0.0759060 0.0917770 0.0636156 0.3780106 0.2732232 0.1291486 0.2066319 0.3298492 0.4787613 0.2769859 0.0463089 0.2257887 0.3525388 0.0724362 0.2542496 0.0576980 0.0818635 0.0786224 0.3862483 0.1345622 0.3301265 0.2524536 0.1877844 0.0924751 0.0061730 0.2903653 0.2058167 0.0555497 0.0206115 0.3480112 0.1686573 0.3033523 0.2578237 0.0333348 0.0080662 0.2592984 0.2063880 0.2759799 0.0433604 0.2040674 0.2196102 0.0566885 0.3100256 0.4468236 0.0356703 0.0787836 0.0422519 0.1778920 0.0431974 0.0324220 0.0481884 0.2022188 0.3274583 0.2841540 0.0626171 0.0300337 0.2805518 0.0168684 0.2309392 0.1744407 0.2258387 
Perityle_cinerea_113_Powell1310            0.1071874 0.1474669 0.1325065 0.1699524 0.0956302 0.1076551 0.2698626 0.1654613 0.1662150 0.1364719 0.1276950 0.1239796 0.1441145 0.1254027 0.1153548 0.1354775 0.1095209 0.1981700 0.1070364 0.1045178 0.1352234 0.1236750 0.0000000 0.1214228 0.1257964 0.1394329 0.1328156 0.1045189 0.1028110 0.1511325 0.1556860 0.1276991 0.1660498 0.1687337 0.1215611 0.1191955 0.1291633 0.1410829 0.0940217 0.1332682 0.1259739 0.1236124 0.1437964 0.0551559 0.1015807 0.0990430 0.0868713 0.1168274 0.1234851 0.0978244 0.1231084 0.1371770 0.1170111 0.1098213 0.1296540 0.1163211 0.0634981 0.1160134 0.1280558 0.1055635 0.1476628 0.1052055 0.0238501 0.1024993 0.1862749 0.1310995 0.1239888 0.1399264 0.0051173 0.1215814 0.1191565 0.1563978 0.1169689 0.1168274 0.1458919 0.0720373 0.1327280 0.1342157 0.1372242 0.1265552 0.0998927 0.1212750 0.0914508 0.2070057 0.0903535 
Perityle_coahuilensis_24                   0.2389102 0.4146508 0.3697425 0.3196126 0.2681642 0.2181495 0.2785576 0.2383149 0.3214141 0.2303484 0.3167767 0.0354090 0.0559733 0.2494671 0.0635528 0.1249069 0.1341736 0.3155695 0.2609845 0.2162983 0.0816193 0.0356400 0.1214228 0.0000000 0.0959465 0.1283563 0.0698751 0.3929221 0.2691928 0.1355291 0.1877124 0.3264963 0.4876564 0.2786604 0.0530174 0.2304378 0.3768240 0.0899867 0.2781012 0.0594136 0.0592745 0.0594240 0.4286480 0.1651645 0.3278858 0.2746627 0.2025621 0.1244339 0.0375855 0.2892231 0.2387312 0.0688609 0.0263941 0.3659634 0.1800193 0.3244032 0.2623396 0.0548075 0.0405441 0.2563814 0.1924520 0.2764707 0.0154007 0.2134256 0.2292984 0.0602370 0.3088424 0.4856751 0.0290367 0.0730076 0.0132383 0.2184184 0.0441811 0.0456756 0.0584054 0.1968443 0.3235474 0.2754710 0.0795216 0.0384794 0.2674122 0.0547233 0.2310206 0.1717740 0.2107841 
Perityle_cochisensis_44_cave_creek         0.2543669 0.3987996 0.3757693 0.3243156 0.2710129 0.2114001 0.2654813 0.2400283 0.3137490 0.2397275 0.3265691 0.0759835 0.0467309 0.1915286 0.0673143 0.1339698 0.1109497 0.3068292 0.2605538 0.1660145 0.0431669 0.0759060 0.1257964 0.0959465 0.0000000 0.1149181 0.1147703 0.3775755 0.2886248 0.1247384 0.2019132 0.3490849 0.4750173 0.2715770 0.0641601 0.3052439 0.4105118 0.0542834 0.2836515 0.0641067 0.1325206 0.0981411 0.4742222 0.1186696 0.3064532 0.3124128 0.2145673 0.1509936 0.0656889 0.2775077 0.2518629 0.0693901 0.0531351 0.3813184 0.1690864 0.3594317 0.1462033 0.0947585 0.0774654 0.2216265 0.1960974 0.2781999 0.0527890 0.2705127 0.1863660 0.0941797 0.3099508 0.4605922 0.0257834 0.1099678 0.1015804 0.1938641 0.1113484 0.0782180 0.0391645 0.1969098 0.3223991 0.3281233 0.0465589 0.0722437 0.2559798 0.1020480 0.2694187 0.1693544 0.2151871 
Perityle_congesta_202                      0.2775346 0.4197577 0.4425324 0.3585629 0.3583456 0.2148328 0.3281136 0.2519068 0.3345609 0.2668040 0.3823804 0.1155726 0.0621274 0.2123149 0.1027725 0.2042422 0.0993993 0.3086629 0.3238057 0.1836531 0.0734902 0.0917770 0.1394329 0.1283563 0.1149181 0.0000000 0.1022910 0.4291000 0.3040891 0.1534149 0.1995393 0.3897663 0.5291535 0.3459583 0.0754368 0.3487003 0.4689929 0.1065776 0.3453758 0.1151163 0.1082756 0.1212355 0.5495484 0.1345311 0.4272563 0.3474017 0.2532794 0.2018120 0.0902083 0.3104826 0.2691899 0.1083511 0.0966959 0.4530909 0.2234623 0.3952989 0.1890036 0.0787447 0.1021766 0.2479686 0.1964454 0.3028336 0.0299253 0.3026564 0.2317635 0.0952370 0.4070792 0.5081852 0.0290819 0.1371506 0.0926506 0.2821804 0.1217426 0.0876663 0.0682932 0.2378202 0.4128708 0.3790285 0.0899031 0.1182723 0.3556583 0.0802799 0.3040428 0.1976926 0.2864318 
Perityle_cordifolia_27                     0.2454187 0.4134943 0.3697332 0.3137052 0.2803302 0.2162336 0.2829949 0.2438036 0.3310702 0.2381950 0.3174705 0.0492825 0.0716359 0.2674404 0.0787970 0.1371385 0.1395584 0.3200245 0.2710328 0.2257386 0.0926296 0.0636156 0.1328156 0.0698751 0.1147703 0.1022910 0.0000000 0.4246917 0.2776380 0.1272950 0.1908330 0.3265002 0.4792247 0.2745008 0.0460455 0.2617376 0.3966085 0.1032378 0.3043510 0.0699971 0.0752209 0.0951319 0.4853829 0.1852218 0.3516746 0.3150542 0.2523153 0.1447419 0.0513892 0.2928211 0.2715230 0.0963223 0.0439687 0.4206852 0.2044200 0.3865473 0.2664460 0.0592789 0.0544867 0.2566542 0.1763881 0.2764893 0.0302056 0.2833245 0.2470823 0.0226922 0.3184088 0.4895562 0.0269656 0.0912918 0.0565299 0.2233298 0.0728254 0.0640740 0.0742815 0.2234190 0.3367424 0.3431604 0.0888354 0.0524184 0.2815154 0.0557922 0.2877808 0.1777782 0.2161469 
Perityle_cordifolia_68_tecolote            0.2631968 0.2871064 0.2905708 0.3659690 0.1478929 0.1845198 0.3746188 0.2864110 0.4163956 0.2748701 0.2670858 0.3796101 0.3573806 0.1794572 0.3505282 0.4306616 0.3362595 0.2221352 0.1192059 0.1590014 0.2958351 0.3780106 0.1045189 0.3929221 0.3775755 0.4291000 0.4246917 0.0000000 0.2535428 0.2786398 0.0970953 0.1773906 0.3722307 0.4584802 0.4029218 0.2253600 0.2398298 0.3658240 0.2523115 0.3730855 0.4253470 0.4006846 0.2696026 0.2198928 0.1426833 0.2829660 0.1615869 0.4339038 0.3839365 0.1186661 0.1813138 0.3748891 0.3520919 0.1120037 0.3683430 0.1000753 0.0459116 0.4066619 0.3907084 0.1986581 0.0535443 0.1281558 0.2472151 0.2079484 0.3680867 0.3828757 0.1490693 0.3041823 0.1718524 0.4140686 0.4017679 0.4483560 0.3885756 0.3683315 0.3239641 0.0639449 0.1541662 0.3396874 0.3590736 0.3555169 0.1379821 0.4094399 0.2136534 0.2980002 0.0649974 
Perityle_coronopifolia_28_patagonia        0.1614631 0.3036339 0.2930373 0.2785181 0.1522585 0.2123645 0.2702753 0.2825518 0.3509476 0.1648989 0.1700464 0.2744570 0.2794504 0.1483514 0.2380608 0.3318972 0.2901716 0.2555807 0.1147979 0.1338734 0.2635022 0.2732232 0.1028110 0.2691928 0.2886248 0.3040891 0.2776380 0.2535428 0.0000000 0.2559629 0.0715619 0.1477438 0.3739836 0.4273060 0.2736683 0.1697018 0.2382070 0.2874105 0.1488689 0.2645010 0.2651467 0.2762576 0.2619403 0.2361649 0.1824298 0.1502320 0.1446915 0.3002665 0.2631205 0.1030292 0.1626732 0.2966197 0.2721566 0.1720433 0.3894001 0.1016406 0.1063696 0.2792618 0.2708515 0.0951520 0.0401718 0.1105288 0.1719400 0.1548722 0.2125283 0.2434860 0.1422195 0.3412984 0.1709508 0.2583527 0.2643677 0.3625276 0.2430099 0.2542790 0.2634804 0.0570296 0.1452187 0.2154416 0.2764005 0.2795719 0.1403888 0.2706179 0.1754825 0.2611130 0.0668232 
Perityle_crassifolia_70_ventanas           0.2521433 0.2956953 0.2742120 0.3309525 0.2379733 0.1515638 0.3251096 0.1916216 0.2238416 0.2482367 0.2563627 0.1353893 0.1323707 0.2729835 0.1185720 0.1785162 0.1315349 0.2104470 0.2556857 0.2674717 0.1134991 0.1291486 0.1511325 0.1355291 0.1247384 0.1534149 0.1272950 0.2786398 0.2559629 0.0000000 0.2052529 0.2746074 0.2774564 0.0290509 0.1330568 0.2527043 0.2570696 0.1374116 0.2382347 0.1357824 0.1407392 0.1346385 0.2483637 0.1772117 0.2437832 0.2517039 0.2590998 0.1767518 0.1280436 0.2440938 0.2609481 0.1308151 0.1238450 0.2648989 0.1284021 0.2719696 0.2881859 0.1241732 0.1341708 0.2648100 0.1964508 0.2472106 0.0899511 0.2900476 0.1756588 0.1272071 0.2609901 0.2806839 0.0702110 0.1302602 0.1344617 0.0064749 0.1229317 0.1180947 0.1234122 0.2048947 0.2698320 0.2647278 0.1247327 0.1333306 0.2455078 0.1280396 0.2569871 0.1997436 0.1992506 
Perityle_crassifolia_74_playa_balandra     0.0899508 0.1258856 0.0690807 0.2481625 0.0575759 0.1972510 0.1995116 0.2478543 0.1413404 0.0146186 0.0787456 0.2015456 0.2042252 0.0847753 0.1945941 0.3253998 0.2017280 0.0502416 0.0771131 0.0824502 0.1892785 0.2066319 0.1556860 0.1877124 0.2019132 0.1995393 0.1908330 0.0970953 0.0715619 0.2052529 0.0000000 0.1068459 0.0935621 0.1904668 0.1916131 0.0802019 0.0883406 0.2012267 0.0805550 0.2298584 0.1892570 0.1906156 0.0634676 0.1870304 0.0616994 0.0865531 0.0866890 0.2950812 0.1991695 0.0556479 0.0825936 0.1988785 0.1874281 0.0762086 0.1875446 0.0917737 0.5255189 0.1993966 0.2038991 0.0916391 0.0708749 0.0802841 0.1473618 0.0908997 0.1182157 0.1986224 0.0731091 0.0788624 0.1397460 0.1872806 0.1899762 0.2052230 0.1896639 0.1893081 0.1900438 0.0619378 0.0898557 0.0813045 0.1920445 0.2039051 0.1013640 0.2016744 0.0780218 0.1883294 0.0546601 
Perityle_cuneata_34_cuneata_San_antonio    0.1998757 0.2330478 0.1748475 0.3026983 0.1212935 0.1558260 0.3302163 0.2600758 0.3578038 0.1653493 0.1465678 0.3274461 0.3279076 0.1510617 0.2893050 0.4115202 0.3371539 0.1751374 0.1176880 0.1475181 0.3118284 0.3298492 0.1276991 0.3264963 0.3490849 0.3897663 0.3265002 0.1773906 0.1477438 0.2746074 0.1068459 0.0000000 0.2576962 0.3698045 0.3199854 0.1892591 0.1504650 0.3314461 0.1383639 0.3425219 0.3298753 0.3290229 0.1493972 0.2576217 0.1227176 0.1388556 0.1441500 0.3561337 0.3269790 0.0934458 0.1476824 0.3304745 0.3174881 0.1503072 0.3195092 0.1341434 0.1054814 0.3276553 0.3325927 0.1566897 0.1055273 0.1151495 0.1768921 0.1617674 0.3077279 0.3296713 0.1140538 0.2744856 0.1725977 0.3286562 0.3245896 0.3845549 0.3192617 0.3266457 0.3217340 0.0955177 0.1343523 0.2235100 0.3404744 0.3318101 0.1427639 0.3299101 0.1888691 0.3201852 0.1041407 
Perityle_cuneata_4                         0.3651396 0.3413795 0.3743175 0.4789569 0.2191026 0.2375493 0.4936124 0.2920109 0.4662803 0.3456474 0.3739534 0.4713074 0.4937566 0.3617790 0.4423766 0.5396303 0.5591413 0.2763316 0.1730207 0.3527472 0.4213909 0.4787613 0.1660498 0.4876564 0.4750173 0.5291535 0.4792247 0.3722307 0.3739836 0.2774564 0.0935621 0.2576962 0.0000000 0.5296233 0.4615438 0.3608513 0.3488241 0.4933936 0.3971335 0.4784315 0.4832029 0.4908250 0.3954053 0.4126271 0.2536480 0.4048481 0.3559984 0.5357701 0.4829476 0.1706741 0.3706916 0.4891492 0.4776290 0.2794215 0.4135478 0.1736044 0.2051419 0.4782598 0.4920005 0.3211580 0.1002225 0.1823617 0.1874322 0.3704199 0.4763428 0.4597356 0.2320667 0.4080146 0.1803455 0.4790698 0.4791670 0.5328123 0.4623678 0.4786236 0.4721220 0.1115555 0.2253634 0.3597043 0.4670421 0.4550344 0.1871109 0.4786400 0.3586945 0.3828294 0.1237294 
Perityle_discoidea_81                      0.4117839 0.4845744 0.4697296 0.5169349 0.2778753 0.2715196 0.4530114 0.2779909 0.4247190 0.4026622 0.4268990 0.2828716 0.2850124 0.4360736 0.2768990 0.3565495 0.3834810 0.4817192 0.2791866 0.4263556 0.2359889 0.2769859 0.1687337 0.2786604 0.2715770 0.3459583 0.2745008 0.4584802 0.4273060 0.0290509 0.1904668 0.3698045 0.5296233 0.0000000 0.2626376 0.4052753 0.4117327 0.2744991 0.4442478 0.2714521 0.2821135 0.2815658 0.4416221 0.3545294 0.3194405 0.4538752 0.4182484 0.3440984 0.2778578 0.3010649 0.4334410 0.2854956 0.2712501 0.3822516 0.2449638 0.2996943 0.3441313 0.2740016 0.2845146 0.4175799 0.1779838 0.2986043 0.0753771 0.4391613 0.3410448 0.3014609 0.3156197 0.5101915 0.0667641 0.2881631 0.2794405 0.1656133 0.3005267 0.2814911 0.2760017 0.2018601 0.3193970 0.4789258 0.2673914 0.2651618 0.2790124 0.2787991 0.4082831 0.2716638 0.2353133 
Perityle_dissecta_201                      0.2294755 0.3923392 0.3842311 0.3318957 0.2797307 0.2185239 0.2826367 0.2525300 0.3066978 0.2090662 0.2816543 0.0327599 0.0372017 0.1904249 0.0544746 0.1193407 0.0664125 0.3204840 0.2721512 0.2079586 0.0550342 0.0463089 0.1215611 0.0530174 0.0641601 0.0754368 0.0460455 0.4029218 0.2736683 0.1330568 0.1916131 0.3199854 0.4615438 0.2626376 0.0000000 0.2470768 0.3458249 0.0631480 0.2587723 0.0532895 0.0629370 0.0875101 0.4092286 0.1299744 0.3306623 0.2669362 0.2110543 0.1011563 0.0300115 0.2881069 0.2027596 0.0550911 0.0242848 0.3909894 0.1966682 0.3556039 0.2841207 0.0463345 0.0314830 0.2645489 0.1886221 0.2770351 0.0312644 0.2487215 0.2214515 0.0523102 0.3111553 0.4366561 0.0256581 0.0827080 0.0414736 0.1507567 0.0595278 0.0476387 0.0439756 0.2270748 0.3246511 0.3368949 0.0514795 0.0355358 0.2736918 0.0399461 0.2782344 0.1677917 0.2286556 
Perityle_emoryi_47_punta_san_jose          0.1384578 0.2988338 0.2453687 0.2635123 0.1461241 0.2042736 0.2628742 0.2954165 0.3012766 0.0949171 0.2015506 0.2311297 0.2944366 0.1882185 0.2147096 0.2606766 0.3136661 0.2731156 0.1105369 0.1745117 0.2994821 0.2257887 0.1191955 0.2304378 0.3052439 0.3487003 0.2617376 0.2253600 0.1697018 0.2527043 0.0802019 0.1892591 0.3608513 0.4052753 0.2470768 0.0000000 0.3084476 0.3224738 0.1714344 0.2208218 0.2571887 0.2501180 0.3689286 0.2351068 0.1579411 0.1912059 0.1191385 0.2624908 0.2135220 0.1225029 0.1985099 0.3160977 0.2184543 0.1762481 0.4032149 0.1251351 0.2056703 0.2544978 0.2138922 0.1794820 0.0619780 0.1181796 0.2503762 0.1272343 0.3325986 0.2056072 0.1476005 0.3627857 0.1639484 0.2251255 0.2432935 0.2683804 0.2192623 0.2175688 0.2879745 0.0725701 0.1592756 0.2219323 0.3069310 0.2531047 0.1270216 0.2492637 0.0413688 0.2476081 0.0581190 
Perityle_feddemae_99                       0.2640807 0.3200059 0.2989557 0.3610289 0.1497336 0.1620612 0.3675884 0.2733113 0.3890844 0.2456462 0.2153057 0.3655099 0.3977383 0.2706879 0.3010498 0.4221786 0.4827456 0.2624019 0.0593128 0.2525182 0.3932621 0.3525388 0.1291633 0.3768240 0.4105118 0.4689929 0.3966085 0.2398298 0.2382070 0.2570696 0.0883406 0.1504650 0.3488241 0.4117327 0.3458249 0.3084476 0.0000000 0.4137756 0.1881651 0.3697309 0.4098185 0.3918038 0.0636414 0.3554542 0.0479610 0.1990214 0.2065301 0.3791372 0.3628706 0.0376020 0.2917561 0.4149166 0.3459661 0.1651687 0.3711178 0.1227386 0.2840174 0.3765800 0.3651154 0.2329199 0.0634284 0.0874348 0.1564747 0.2239335 0.4146575 0.3741862 0.1275430 0.3670218 0.1624981 0.3872227 0.3776828 0.4268511 0.3821780 0.3646975 0.3931251 0.0591545 0.1452152 0.2757834 0.4149867 0.3699958 0.0858691 0.3682736 0.2542556 0.3053126 0.0904857 
Perityle_fosteri_93                        0.2619775 0.4255003 0.3766256 0.3480721 0.2747563 0.2231995 0.2867900 0.2541990 0.3266013 0.2660334 0.3334094 0.0786007 0.0510969 0.2025914 0.0759451 0.1592764 0.0892055 0.3186921 0.2716953 0.1698318 0.0674164 0.0724362 0.1410829 0.0899867 0.0542834 0.1065776 0.1032378 0.3658240 0.2874105 0.1374116 0.2012267 0.3314461 0.4933936 0.2744991 0.0631480 0.3224738 0.4137756 0.0000000 0.2935900 0.0857035 0.1080365 0.0882155 0.4748422 0.1237461 0.3102029 0.3166817 0.2222864 0.1602120 0.0748974 0.2767433 0.2704359 0.0552968 0.0620641 0.3478635 0.1243731 0.2875591 0.1504040 0.0714819 0.0899123 0.2440004 0.1959903 0.2774992 0.0154110 0.2709991 0.1810628 0.1078636 0.3153834 0.4301249 0.0094994 0.1149896 0.0900130 0.2092903 0.1124215 0.0820753 0.0552954 0.2017613 0.3311122 0.3253934 0.0451180 0.0722052 0.2628041 0.0905294 0.2737075 0.1855245 0.2240928 
Perityle_gamon_221                         0.1694293 0.3517780 0.2809139 0.2370557 0.1462713 0.2335929 0.2507469 0.3010873 0.3250371 0.1814498 0.1616557 0.2765677 0.2610881 0.1499544 0.2153909 0.3073464 0.3233441 0.2732885 0.0867320 0.1328293 0.2612903 0.2542496 0.0940217 0.2781012 0.2836515 0.3453758 0.3043510 0.2523115 0.1488689 0.2382347 0.0805550 0.1383639 0.3971335 0.4442478 0.2587723 0.1714344 0.1881651 0.2935900 0.0000000 0.2476004 0.3033414 0.2965558 0.2253430 0.2120887 0.1069380 0.0435135 0.1239729 0.2799906 0.2525947 0.0792032 0.1469132 0.3024674 0.2471480 0.1654799 0.3978239 0.0851015 0.1036840 0.2780897 0.2551716 0.1455210 0.0737886 0.0950012 0.1706936 0.1378433 0.2654569 0.2503663 0.1217175 0.3924155 0.1605535 0.2820467 0.2718280 0.3461958 0.2648094 0.2436537 0.2396731 0.0525996 0.1362268 0.1910184 0.2716173 0.2861543 0.1004535 0.2626866 0.1704788 0.2392897 0.0897698 
Perityle_gentryi_8_san_francisco           0.2382701 0.4033051 0.3721690 0.3177822 0.2612078 0.2185964 0.2769152 0.2547810 0.3170557 0.2258868 0.2786555 0.0601582 0.0686638 0.2161475 0.0701615 0.0802125 0.1090235 0.3339925 0.2863989 0.2180387 0.0720624 0.0576980 0.1332682 0.0594136 0.0641067 0.1151163 0.0699971 0.3730855 0.2645010 0.1357824 0.2298584 0.3425219 0.4784315 0.2714521 0.0532895 0.2208218 0.3697309 0.0857035 0.2476004 0.0000000 0.0591233 0.0602574 0.4000175 0.1437976 0.3101365 0.2539279 0.1868535 0.1138816 0.0583649 0.2946663 0.2016773 0.0803679 0.0529686 0.3518322 0.1516780 0.3094834 0.2764544 0.0574515 0.0605470 0.2640578 0.2232399 0.2931789 0.0364480 0.1969718 0.1891124 0.0729843 0.3122854 0.4184919 0.0524353 0.0691599 0.0590112 0.1698789 0.0669075 0.0661823 0.0652637 0.2138561 0.3323322 0.2760660 0.0694863 0.0616365 0.2771789 0.0602079 0.2252069 0.1858258 0.2382062 
Perityle_gilensis_22_Superstition          0.2292921 0.4129046 0.3770180 0.3097576 0.3077781 0.2091503 0.2784485 0.2424565 0.3094894 0.2266097 0.3362711 0.0652599 0.0868653 0.2507267 0.0633956 0.1605841 0.1246722 0.3079568 0.2698221 0.2273592 0.0847456 0.0818635 0.1259739 0.0592745 0.1325206 0.1082756 0.0752209 0.4253470 0.2651467 0.1407392 0.1892570 0.3298753 0.4832029 0.2821135 0.0629370 0.2571887 0.4098185 0.1080365 0.3033414 0.0591233 0.0000000 0.0213194 0.4897057 0.1740907 0.3825742 0.2897761 0.2409824 0.1596377 0.0599909 0.2978336 0.2521558 0.1045760 0.0573281 0.4288018 0.2058147 0.3819121 0.2662693 0.0649919 0.0679881 0.2511952 0.1929359 0.2831175 0.0355253 0.2550443 0.2369961 0.0508932 0.3497250 0.5006935 0.0291134 0.0825273 0.0454159 0.2429299 0.0598049 0.0463097 0.0567644 0.2323295 0.3497762 0.3307238 0.0929499 0.0581693 0.2727603 0.0744573 0.2978157 0.1720572 0.2183146 
Perityle_gilensis_salensis_225             0.2467853 0.4130690 0.3981642 0.3209633 0.3075868 0.2148950 0.2927242 0.2441019 0.3090912 0.2178867 0.3152989 0.0743943 0.0785394 0.2108212 0.0661684 0.1627189 0.0836185 0.3214699 0.2624306 0.2245611 0.0608725 0.0786224 0.1236124 0.0594240 0.0981411 0.1212355 0.0951319 0.4006846 0.2762576 0.1346385 0.1906156 0.3290229 0.4908250 0.2815658 0.0875101 0.2501180 0.3918038 0.0882155 0.2965558 0.0602574 0.0213194 0.0000000 0.4335692 0.1589518 0.3813093 0.2970575 0.2247236 0.1518014 0.0641995 0.2929467 0.2288412 0.0903310 0.0636858 0.3909707 0.1916778 0.2963616 0.2645974 0.0809573 0.0726487 0.2605513 0.1931177 0.2769702 0.0154441 0.2331332 0.2318238 0.0506585 0.3470773 0.4635451 0.0291400 0.0728047 0.0655128 0.1995912 0.0550342 0.0454018 0.0437949 0.1970239 0.3470523 0.3157997 0.0753956 0.0641323 0.2685755 0.0802648 0.2625775 0.1717523 0.2156886 
Perityle_glaucescens_94                    0.2939350 0.3375386 0.3219111 0.3232791 0.1603556 0.1815725 0.3305235 0.2745077 0.3894404 0.2919818 0.2477666 0.4157723 0.4348642 0.3386811 0.3260279 0.4513381 0.5882489 0.3028765 0.0698152 0.2848628 0.4614209 0.3862483 0.1437964 0.4286480 0.4742222 0.5495484 0.4853829 0.2696026 0.2619403 0.2483637 0.0634676 0.1493972 0.3954053 0.4416221 0.4092286 0.3689286 0.0636414 0.4748422 0.2253430 0.4000175 0.4897057 0.4335692 0.0000000 0.3927885 0.0471572 0.2451833 0.2222969 0.4417994 0.4022848 0.0254880 0.3562419 0.4900485 0.3746057 0.1732011 0.4136656 0.1182385 0.2930055 0.4442937 0.4088262 0.2616437 0.0737936 0.0901526 0.2655373 0.2738589 0.4481986 0.4276705 0.1215874 0.4329438 0.1694630 0.4622262 0.4463674 0.4852507 0.4548911 0.4053236 0.4355044 0.1280640 0.1349349 0.2981060 0.4763033 0.4075978 0.0952621 0.4471238 0.3032170 0.3242054 0.0995639 
Perityle_gracilis_11                       0.2060356 0.3440137 0.2928239 0.2724694 0.1944355 0.1668907 0.3026783 0.2695801 0.3275853 0.2209600 0.2511544 0.1489722 0.1181079 0.1187817 0.1174411 0.2139655 0.0881426 0.2996333 0.1777087 0.1028989 0.0960435 0.1345622 0.0551559 0.1651645 0.1186696 0.1345311 0.1852218 0.2198928 0.2361649 0.1772117 0.1870304 0.2576217 0.4126271 0.3545294 0.1299744 0.2351068 0.3554542 0.1237461 0.2120887 0.1437976 0.1740907 0.1589518 0.3927885 0.0000000 0.2235330 0.2326193 0.1316920 0.2040707 0.1462100 0.2102797 0.1640623 0.1233754 0.1344876 0.2128513 0.2466249 0.2070015 0.0515078 0.1426480 0.1518102 0.1580779 0.1884552 0.2002252 0.0076543 0.1659278 0.2153027 0.1577326 0.2152851 0.3547739 0.0159750 0.1547363 0.1638636 0.2654837 0.1471954 0.1262882 0.0958872 0.0978019 0.2198452 0.2552566 0.0961612 0.1576456 0.1767149 0.1562946 0.1873331 0.1717791 0.1146117 
