86
Amauria_brandeegeana_62                    0.0000000 0.1136244 0.5144309 0.3348590 0.6047644 0.4489881 0.3712422 0.3302664 0.4679467 0.3982772 0.2051795 0.4397445 0.3648645 0.5019409 0.3929885 0.3882376 0.2554742 0.4218155 0.5816676 0.5900493 0.6330549 0.3864135 0.1721515 0.3671068 0.5430177 0.3340335 0.5756215 0.6162713 0.6075417 0.2903610 0.1276033 0.3280657 0.6384379 0.3395133 0.5574048 0.3862188 0.3688731 0.5550107 0.5353405 0.3841398 0.4321761 0.3482020 0.3636124 0.2117704 0.5289645 0.2883545 0.3497935 0.3960966 0.3919233 0.3710486 0.2776603 0.5483787 0.5914888 0.4328449 0.3671763 0.3516588 0.2052373 0.4407608 0.3609595 0.6515243 0.7091032 0.3847727 0.3826121 0.1298720 0.3615580 0.6511047 0.5161901 0.3718780 0.2764570 0.1623418 0.4911138 0.3763837 0.3909197 0.3585705 0.3435747 0.2921449 0.1165536 0.6493316 0.7006516 0.5687833 0.6261121 0.3331442 0.2689748 0.3467639 0.3758833 0.3764147 
Amauria_carterae_99_mesa                   0.1136244 0.0000000 0.2127214 0.1708930 0.1989404 0.3829917 0.1972459 0.2281008 0.2195598 0.1419350 0.1132205 0.2058970 0.0765948 0.2253325 0.2002655 0.1203023 0.0930714 0.2362332 0.2256820 0.2016408 0.1970720 0.0846106 0.1960809 0.1166077 0.2112663 0.1052614 0.2066704 0.2097829 0.2364023 0.1497664 0.1497664 0.1122185 0.2585858 0.1502037 0.1972406 0.1540639 0.1569687 0.2011968 0.1971085 0.1053951 0.1157998 0.1086866 0.1430793 0.0970453 0.2014450 0.1022938 0.1164291 0.1009084 0.0846106 0.1441507 0.0971980 0.1980995 0.2010151 0.2064917 0.1212639 0.1058390 0.2040824 0.2156231 0.1051951 0.2963540 0.3536863 0.3817460 0.1146959 0.1169733 0.0934415 0.2366389 0.2064173 0.1298592 0.1170647 0.1976114 0.2019011 0.1204450 0.1412091 0.1051951 0.1219332 0.1025708 0.1054178 0.2234426 0.2863086 0.2120881 0.2031585 0.2198976 0.0896212 0.1323822 0.2514497 0.2514497 
Amauria_rotundifolia_SRR9119150            0.5144309 0.2127214 0.0000000 0.5567708 0.2312582 0.4218485 0.5274171 0.3583833 0.3445437 0.5180790 0.5494859 0.1596253 0.5005369 0.0898436 0.0803703 0.5614204 0.6558400 0.1564529 0.2373819 0.2300773 0.3444562 0.5251121 0.0911701 0.5554017 0.1968769 0.5276126 0.2330219 0.3359175 0.2478222 0.3414859 0.2292414 0.4489424 0.3019067 0.4697848 0.2350993 0.3727414 0.5083817 0.1647945 0.3716295 0.5342811 0.5494489 0.5139280 0.4980803 0.3013125 0.2373567 0.6111916 0.5242210 0.5877432 0.5804349 0.5232122 0.3761407 0.1913070 0.1689648 0.0961884 0.3285591 0.4702128 0.0654083 0.0984709 0.5725177 0.2924584 0.3527864 0.3469280 0.4426347 0.0528395 0.5145256 0.2513862 0.1797937 0.4552502 0.6184234 0.0654666 0.1758705 0.5660895 0.4744645 0.5030801 0.5296623 0.4320054 0.2036040 0.2298070 0.5315448 0.1671257 0.2754398 0.1376078 0.4071425 0.5643752 0.1444164 0.1460735 
Conoclinium_coelestinum_SRR9119114         0.3348590 0.1708930 0.5567708 0.0000000 0.5078968 0.5137203 0.2072876 0.2609695 0.4761763 0.4141219 0.3164458 0.4606910 0.3993416 0.4465565 0.3133699 0.3987019 0.2882825 0.4194032 0.4212015 0.4443900 0.6066303 0.3962828 0.1954928 0.3953955 0.5064476 0.4121211 0.5425430 0.5294839 0.4414275 0.2965580 0.1935282 0.3075435 0.5800545 0.4013219 0.5192019 0.2738613 0.3280738 0.5298102 0.5871356 0.4040058 0.4309645 0.3955572 0.3297971 0.2605192 0.4110228 0.3201651 0.3965892 0.4172937 0.4253069 0.3279390 0.3001066 0.5044211 0.5098942 0.4649212 0.2692304 0.3602202 0.2780222 0.4715481 0.4104770 0.5893922 0.5092317 0.4099798 0.3818464 0.1400430 0.3766426 0.5837081 0.3907607 0.3544250 0.3295261 0.2514627 0.4132648 0.4203380 0.3669679 0.3888635 0.3964603 0.3939472 0.1907920 0.5156269 0.5937428 0.5021202 0.5965811 0.4337647 0.3555835 0.3969578 0.3297862 0.3310314 
Eutetras_palmeri_63                        0.6047644 0.1989404 0.2312582 0.5078968 0.0000000 0.4098891 0.5232626 0.3574103 0.3977117 0.5723100 0.6210102 0.2413051 0.5024288 0.1846680 0.1906361 0.5389322 0.6200022 0.2798797 0.2791780 0.2715733 0.3858548 0.4878770 0.0948982 0.4947028 0.2603157 0.5187526 0.2658886 0.3891623 0.1726743 0.4474174 0.2533177 0.5229970 0.3645772 0.5226654 0.2715035 0.5116345 0.5322108 0.2553459 0.3301817 0.5457410 0.5104617 0.5097171 0.5156687 0.3536664 0.2411729 0.5945176 0.4958158 0.5387895 0.5309131 0.5235917 0.4013862 0.2603544 0.2555330 0.2508765 0.4503383 0.4855940 0.0763145 0.1708283 0.5365890 0.3295738 0.2897765 0.3391995 0.5145088 0.0455699 0.5186531 0.2477706 0.1601804 0.4894121 0.6232741 0.0653525 0.1435656 0.5284638 0.5357105 0.5289078 0.5125023 0.4609961 0.2003914 0.1763818 0.4902849 0.2500596 0.3269970 0.1226568 0.4402286 0.5146120 0.1584407 0.1602348 
Eutetras_pringlei_149_quer                 0.4489881 0.3829917 0.4218485 0.5137203 0.4098891 0.0000000 0.4681967 0.4436395 0.4794033 0.4635520 0.4779729 0.3723945 0.4609704 0.4303414 0.4361327 0.4667950 0.4959644 0.4065168 0.4806587 0.4515057 0.2708495 0.4608001 0.4026174 0.4709004 0.4411454 0.4714527 0.4611443 0.4421598 0.4238774 0.4516848 0.3727013 0.3858648 0.4621891 0.4759999 0.4391697 0.2957939 0.4695790 0.4533724 0.4512256 0.4573089 0.2834017 0.4762993 0.4754418 0.4661681 0.4311009 0.4860159 0.4840889 0.4813403 0.4718697 0.4723243 0.4590615 0.4459015 0.4481858 0.4425834 0.2917105 0.4245813 0.4202481 0.4226205 0.4767980 0.4723676 0.4402078 0.4177851 0.4497097 0.1812954 0.4892653 0.4421553 0.4535086 0.4457165 0.4609795 0.3809894 0.4531542 0.4709004 0.4531936 0.4958946 0.4758671 0.4710640 0.3993602 0.4483700 0.4325945 0.4446085 0.4646808 0.4416983 0.4814087 0.4711774 0.3670601 0.3635786 
Eutrochium_fistulosum_SRR9119106           0.3712422 0.1972459 0.5274171 0.2072876 0.5232626 0.4681967 0.0000000 0.3088567 0.4611761 0.4678504 0.3605884 0.4333651 0.4089069 0.4123800 0.2921020 0.4209682 0.3300980 0.4308576 0.4656555 0.4687409 0.6339169 0.3964858 0.1781156 0.4250798 0.4990026 0.4033124 0.5333845 0.5726975 0.4860047 0.3125908 0.2502686 0.2685920 0.6039204 0.4312329 0.5194662 0.3634931 0.3665359 0.5127478 0.5660347 0.4248349 0.5143386 0.4282938 0.3573794 0.2516721 0.4604145 0.3700022 0.4122790 0.4185530 0.4275825 0.3572735 0.3381652 0.5110607 0.5170115 0.4029689 0.3886717 0.3827275 0.2954084 0.4699274 0.4123274 0.5628126 0.5148585 0.4542371 0.3955925 0.1394256 0.4088456 0.5614210 0.4256323 0.3638877 0.3689298 0.2243994 0.4369499 0.4485782 0.4155566 0.3929092 0.3961637 0.3736323 0.2030759 0.5388949 0.6395539 0.5028857 0.5621841 0.4149734 0.3433753 0.4394308 0.3626420 0.3643471 
Galeana_pratensis_104_mex                  0.3302664 0.2281008 0.3583833 0.2609695 0.3574103 0.4436395 0.3088567 0.0000000 0.3699243 0.3249574 0.3278660 0.3916974 0.2511510 0.3906978 0.3394240 0.3473026 0.2457746 0.3669277 0.4100053 0.3814225 0.4966224 0.2702706 0.2231008 0.2991434 0.3774669 0.2736176 0.3879606 0.3740130 0.3968460 0.3259592 0.2823879 0.3117362 0.4096650 0.3294072 0.3825551 0.3504101 0.3314697 0.3652417 0.3761186 0.3367304 0.4421666 0.2969367 0.3331466 0.2545262 0.3450054 0.3318591 0.2994940 0.2816385 0.2661637 0.3416149 0.3109495 0.3659256 0.3769295 0.3738951 0.4417051 0.3428555 0.3276404 0.3718724 0.2618563 0.4247484 0.4169902 0.4393203 0.2995257 0.1242301 0.3003880 0.3821480 0.3730210 0.3386934 0.3091872 0.2727045 0.3609741 0.3066513 0.3089233 0.2658610 0.2772541 0.2613327 0.2172234 0.3803778 0.4038937 0.3911238 0.3813091 0.3338327 0.2649703 0.3030024 0.3872253 0.3942041 
Helianthus_annuus_SRR9119062               0.4679467 0.2195598 0.3445437 0.4761763 0.3977117 0.4794033 0.4611761 0.3699243 0.0000000 0.5125787 0.5199959 0.3297972 0.4463596 0.3606931 0.2699468 0.4974094 0.5255519 0.2903373 0.3960503 0.3722398 0.4922441 0.4633232 0.1571719 0.4712973 0.3947795 0.4528915 0.3728701 0.4378676 0.4000692 0.4567132 0.2410491 0.4184398 0.4283266 0.5112233 0.3629622 0.4894112 0.4692784 0.3746075 0.4002570 0.4852063 0.5488637 0.4556277 0.4570376 0.4174221 0.3101053 0.5233875 0.4735589 0.4632947 0.4705011 0.4728906 0.4537635 0.3663735 0.3607229 0.2885867 0.4909188 0.4519329 0.1557363 0.3047834 0.4323048 0.3953938 0.4453357 0.3404858 0.4855265 0.1085396 0.4824707 0.4462231 0.3355900 0.4509861 0.5192614 0.1442567 0.3305810 0.4505252 0.4966706 0.4705691 0.4660379 0.4373308 0.2257976 0.3951687 0.5118053 0.3949585 0.4167476 0.3011785 0.4590062 0.4830442 0.2926067 0.2967831 
Lycapsus_tenuifolius_17                    0.3982772 0.1419350 0.5180790 0.4141219 0.5723100 0.4635520 0.4678504 0.3249574 0.5125787 0.0000000 0.3688942 0.4721332 0.2607535 0.4517531 0.4067802 0.2457866 0.3176737 0.4512575 0.5452139 0.5758692 0.6217818 0.2586260 0.1774875 0.1600961 0.4954760 0.2219500 0.6071979 0.6018366 0.6238429 0.0469947 0.0280227 0.3204449 0.6121103 0.0048129 0.5870496 0.0119347 0.2019241 0.5488694 0.6017440 0.2475844 0.1657391 0.1777451 0.2036658 0.1429868 0.5160203 0.3339319 0.1578571 0.3267713 0.3187084 0.1978322 0.1540124 0.5587743 0.5455348 0.4618797 0.1572789 0.1708760 0.2492315 0.4199123 0.2141034 0.6616527 0.6766480 0.4500055 0.2761538 0.1102380 0.1698519 0.6438284 0.4992684 0.1691490 0.3150300 0.2069683 0.4436154 0.2130414 0.0207873 0.1854913 0.1586106 0.1559690 0.1080041 0.6177662 0.6926376 0.5343865 0.6067500 0.3734402 0.1474795 0.1321996 0.4068943 0.4043217 
Pericome_caudata_50_silver                 0.2051795 0.1132205 0.5494859 0.3164458 0.6210102 0.4779729 0.3605884 0.3278660 0.5199959 0.3688942 0.0000000 0.4856444 0.3365854 0.4556492 0.3908685 0.4202097 0.2007998 0.4865999 0.5365841 0.5153665 0.6995769 0.3489629 0.1829007 0.3350286 0.5406240 0.3216880 0.5699439 0.5877645 0.5538535 0.2517137 0.1194946 0.3292374 0.6686006 0.3283061 0.5492636 0.3894031 0.3067216 0.5254975 0.5697311 0.4231255 0.4642915 0.3270562 0.3015513 0.1863620 0.5117923 0.2521560 0.3244616 0.3557085 0.3510078 0.3069738 0.2184478 0.5388055 0.5380896 0.4596366 0.3719142 0.3145430 0.2142739 0.4201146 0.3216260 0.6436279 0.6553320 0.4363442 0.4216883 0.1330559 0.3363001 0.6517865 0.4742777 0.3096882 0.2000742 0.2071409 0.4466363 0.3324301 0.3333411 0.3242393 0.3278036 0.2908954 0.1042798 0.6314773 0.6792962 0.5716771 0.6072919 0.3617946 0.2864083 0.3505606 0.3974522 0.3992523 
Perityle_aglossa_84_dead_horse             0.4397445 0.2058970 0.1596253 0.4606910 0.2413051 0.3723945 0.4333651 0.3916974 0.3297972 0.4721332 0.4856444 0.0000000 0.4410950 0.0427039 0.0403521 0.4639370 0.5792205 0.2098711 0.1634030 0.0244612 0.2687454 0.4274127 0.0438235 0.4713905 0.1569114 0.4775005 0.0537657 0.3472017 0.1793019 0.3887313 0.2409880 0.4967594 0.2591312 0.4781378 0.0449934 0.4238111 0.4444571 0.0393978 0.2536156 0.4214154 0.5145122 0.4470516 0.4203730 0.3119127 0.0813571 0.5217528 0.4553106 0.4922500 0.4968386 0.4382514 0.3084168 0.0316383 0.0312929 0.0390623 0.3917056 0.3644332 0.0634838 0.0886920 0.4627928 0.1354043 0.4108434 0.3670966 0.3872386 0.0192990 0.4146889 0.2904116 0.0481648 0.3868814 0.5378123 0.0210096 0.0283770 0.4814514 0.4052282 0.4140588 0.4737156 0.4114120 0.1948649 0.2673518 0.4850858 0.1906582 0.1325248 0.1131235 0.4396263 0.5011382 0.1645060 0.1633324 
Perityle_ajoensis_204                      0.3648645 0.0765948 0.5005369 0.3993416 0.5024288 0.4609704 0.4089069 0.2511510 0.4463596 0.2607535 0.3365854 0.4410950 0.0000000 0.4063306 0.3380040 0.2648960 0.3567511 0.3905265 0.4939366 0.4861987 0.5642849 0.0823047 0.1620906 0.1570020 0.4492099 0.0709939 0.5252864 0.5530574 0.5142464 0.1575273 0.0922720 0.3043127 0.5408934 0.2124894 0.5167994 0.2022171 0.2228870 0.4667853 0.5370272 0.2736339 0.1537323 0.1655448 0.2270459 0.0191461 0.4748365 0.3778098 0.1496059 0.0287572 0.0255931 0.2300833 0.0838674 0.4799401 0.4832182 0.3977926 0.0772598 0.1856320 0.2046432 0.3785752 0.0878291 0.5679383 0.5691329 0.3640874 0.2567858 0.1095598 0.1812065 0.5451381 0.4060089 0.2009481 0.3751533 0.1811416 0.3832003 0.0917062 0.2398435 0.1556533 0.1478325 0.1126125 0.0300469 0.5794326 0.5924608 0.4904413 0.5586432 0.3126632 0.0841970 0.2324969 0.3562444 0.3576027 
Perityle_ambrosiifolia_67_green            0.5019409 0.2253325 0.0898436 0.4465565 0.1846680 0.4303414 0.4123800 0.3906978 0.3606931 0.4517531 0.4556492 0.0427039 0.4063306 0.0000000 0.0486333 0.4441343 0.4859163 0.1534579 0.1821169 0.1039702 0.0867789 0.4101484 0.0522785 0.4218431 0.1181086 0.4180262 0.0511849 0.2394179 0.1845444 0.4146347 0.2421417 0.4527927 0.2160166 0.4521125 0.0460330 0.4446378 0.4324096 0.0512542 0.2196844 0.4393860 0.4484263 0.4078486 0.4160232 0.3483777 0.1423640 0.4661547 0.4098268 0.4217107 0.4250109 0.4250368 0.3643279 0.0415675 0.0503994 0.0458612 0.4446913 0.4071716 0.0773316 0.0781289 0.4090507 0.1050498 0.3197540 0.3981665 0.4882514 0.0325592 0.4346215 0.2466156 0.0492852 0.4180063 0.4614358 0.0426564 0.0423532 0.4160530 0.4331644 0.4312425 0.4230655 0.3990401 0.2075170 0.2278148 0.3945667 0.1301440 0.1183196 0.1344827 0.4139298 0.4452968 0.1624737 0.1612960 
Perityle_angustifolia_13_Eagle_creek       0.3929885 0.2002655 0.0803703 0.3133699 0.1906361 0.4361327 0.2921020 0.3394240 0.2699468 0.4067802 0.3908685 0.0403521 0.3380040 0.0486333 0.0000000 0.3494319 0.4142886 0.1439299 0.1569910 0.0428830 0.0511766 0.3435707 0.0356386 0.3471928 0.0959372 0.3432801 0.0432703 0.2536888 0.1639919 0.4090997 0.2667223 0.4265934 0.1904781 0.4132300 0.0222983 0.4386515 0.3651277 0.0344452 0.1208102 0.3409333 0.4193761 0.3376726 0.3498304 0.3044897 0.0802742 0.3802964 0.3456709 0.3498616 0.3460412 0.3597526 0.3101707 0.0289239 0.0309098 0.0316598 0.4268575 0.3350527 0.0661291 0.0618494 0.3352564 0.1072191 0.3190602 0.3535391 0.3613749 0.0128071 0.3667497 0.2132353 0.0494985 0.3477956 0.3972896 0.0174618 0.0282544 0.3446796 0.3991852 0.3509692 0.3521789 0.3357815 0.2099875 0.2324713 0.3182214 0.1396954 0.0473540 0.0886030 0.3514617 0.3834465 0.1607370 0.1594753 
Perityle_batopilensis_97                   0.3882376 0.1203023 0.5614204 0.3987019 0.5389322 0.4667950 0.4209682 0.3473026 0.4974094 0.2457866 0.4202097 0.4639370 0.2648960 0.4441343 0.3494319 0.0000000 0.4916711 0.4136198 0.5426801 0.5256496 0.5997020 0.1907192 0.1975311 0.1771367 0.5002463 0.2897820 0.6428574 0.6042866 0.5692846 0.1933468 0.1429075 0.3471166 0.5606916 0.1943603 0.6006779 0.1746990 0.3076018 0.5333101 0.5842066 0.0347684 0.0766205 0.2231673 0.3032984 0.1089514 0.4819005 0.4656218 0.1761868 0.2976926 0.2979218 0.3109781 0.1821343 0.5270141 0.5594571 0.4330200 0.0747479 0.2038476 0.2244576 0.4133192 0.2831318 0.6729711 0.6731140 0.4424661 0.2351689 0.1462242 0.1678988 0.6387175 0.4933574 0.2174865 0.4538639 0.1952007 0.4711216 0.3055436 0.2477342 0.2163740 0.1673146 0.1427220 0.1065971 0.6066187 0.7035621 0.5557091 0.6154848 0.3730963 0.0972702 0.2308601 0.3708365 0.3639428 
Perityle_bisetosa_9                        0.2554742 0.0930714 0.6558400 0.2882825 0.6200022 0.4959644 0.3300980 0.2457746 0.5255519 0.3176737 0.2007998 0.5792205 0.3567511 0.4859163 0.4142886 0.4916711 0.0000000 0.4855719 0.5690842 0.6273251 0.7773821 0.4490449 0.1539483 0.2886732 0.5702429 0.3308386 0.7246277 0.6404124 0.6495188 0.2799751 0.0948578 0.3929252 0.7009064 0.3671000 0.6953022 0.4110560 0.2376984 0.5921513 0.7042176 0.4726482 0.6358974 0.3207677 0.2282775 0.2249288 0.5613210 0.1967486 0.2907843 0.4745560 0.5008429 0.2282842 0.2080518 0.6279520 0.5883034 0.4939326 0.4278165 0.2584563 0.2349297 0.4483663 0.2759243 0.7625720 0.5991634 0.3291744 0.4200919 0.1041330 0.2283077 0.6389420 0.5445336 0.2417949 0.1815819 0.2057819 0.4834137 0.3261510 0.2767371 0.2694478 0.3450259 0.3073885 0.0978255 0.6444876 0.6607407 0.5687071 0.6973661 0.3748280 0.3448768 0.3738361 0.4018376 0.4040868 
Perityle_californica_76_positas            0.4218155 0.2362332 0.1564529 0.4194032 0.2798797 0.4065168 0.4308576 0.3669277 0.2903373 0.4512575 0.4865999 0.2098711 0.3905265 0.1534579 0.1439299 0.4136198 0.4855719 0.0000000 0.1579527 0.1499143 0.3235676 0.3946116 0.1002920 0.4041380 0.2486810 0.3924019 0.2216561 0.3476111 0.1720604 0.3973480 0.2498432 0.4801292 0.3076405 0.4516860 0.2186566 0.4846171 0.3829487 0.2265152 0.2228166 0.4109079 0.5171031 0.3914589 0.3695192 0.3140458 0.1157969 0.4553048 0.4050739 0.4054242 0.4006515 0.3773354 0.3171882 0.2133312 0.2138826 0.2231747 0.4670313 0.3898098 0.0777161 0.1928843 0.3922469 0.2936278 0.3627680 0.3174166 0.4220852 0.0531978 0.4170173 0.3047684 0.1199349 0.4018901 0.4797463 0.0730969 0.0820364 0.4045210 0.4225020 0.4090303 0.3997889 0.3883730 0.2158912 0.2544892 0.4145216 0.1984617 0.2299844 0.0989240 0.3994350 0.4264751 0.1344400 0.1359309 
Perityle_canescens_77                      0.5816676 0.2256820 0.2373819 0.4212015 0.2791780 0.4806587 0.4656555 0.4100053 0.3960503 0.5452139 0.5365841 0.1634030 0.4939366 0.1821169 0.1569910 0.5426801 0.5690842 0.1579527 0.0000000 0.2841506 0.1624760 0.4996085 0.1160567 0.4995325 0.1881011 0.4752532 0.2593364 0.3276868 0.1865288 0.4540937 0.2682995 0.3680381 0.3169069 0.4683777 0.2239430 0.4098058 0.4933436 0.2408478 0.3394388 0.5326048 0.4018839 0.4750493 0.4931004 0.3858587 0.3056820 0.5080349 0.4854641 0.5114387 0.5097181 0.4940028 0.4764999 0.2178267 0.2406738 0.1349613 0.4075663 0.4873937 0.0909364 0.1610806 0.4906323 0.3045624 0.4101870 0.3531644 0.4536534 0.0623820 0.5061023 0.1962849 0.2591472 0.4633547 0.5178285 0.0891847 0.2359263 0.4936211 0.5403659 0.5068707 0.4928915 0.4472821 0.2061701 0.3047940 0.4053336 0.2217916 0.2848113 0.2073984 0.4138073 0.5125991 0.2070597 0.2095427 
Perityle_castillonii_96                    0.5900493 0.2016408 0.2300773 0.4443900 0.2715733 0.4515057 0.4687409 0.3814225 0.3722398 0.5758692 0.5153665 0.0244612 0.4861987 0.1039702 0.0428830 0.5256496 0.6273251 0.1499143 0.2841506 0.0000000 0.0520192 0.5762416 0.0316398 0.5597712 0.1465161 0.4467626 0.2255227 0.3976222 0.3648211 0.4269927 0.2409960 0.4076652 0.2809824 0.4477068 0.1903112 0.3993896 0.5356530 0.2172869 0.3208038 0.5323568 0.3774567 0.5135672 0.5554390 0.3573437 0.1619775 0.6086502 0.5523109 0.5817050 0.5660773 0.5597390 0.4310188 0.1731671 0.2019603 0.0384519 0.3893758 0.5100872 0.0723657 0.0842163 0.5411787 0.2917325 0.5145825 0.3843916 0.5029009 0.0128040 0.5696747 0.2644852 0.2193868 0.5544895 0.5929655 0.0104378 0.2117122 0.5453623 0.5817689 0.5745827 0.4716583 0.4064456 0.1911447 0.3642100 0.5546527 0.2179487 0.0530517 0.2303504 0.3969201 0.5288393 0.1539108 0.1526632 
Perityle_cernua_84                         0.6330549 0.1970720 0.3444562 0.6066303 0.3858548 0.2708495 0.6339169 0.4966224 0.4922441 0.6217818 0.6995769 0.2687454 0.5642849 0.0867789 0.0511766 0.5997020 0.7773821 0.3235676 0.1624760 0.0520192 0.0000000 0.5911594 0.0157267 0.6550920 0.2726140 0.6401592 0.2926146 0.5346560 0.2038724 0.4999547 0.2549991 0.7022853 0.4044889 0.6242575 0.2906361 0.5221332 0.5039285 0.1895004 0.3608864 0.5462091 0.6403655 0.5470283 0.4667513 0.3771953 0.0817573 0.6931565 0.5880629 0.6206256 0.6836663 0.4992580 0.3668606 0.2031918 0.1631458 0.1987800 0.4359758 0.4438801 0.0710176 0.2391162 0.5797083 0.3929660 0.5553156 0.3935942 0.5192009 0.0127643 0.5415300 0.4360914 0.0623667 0.4543444 0.6950403 0.0235713 0.0311771 0.6528789 0.5185761 0.5510933 0.6707365 0.5602977 0.1914532 0.4498659 0.7210008 0.2628173 0.2955323 0.1301024 0.5838825 0.7254466 0.1856369 0.1852657 
Perityle_cfvillosa_25_tin                  0.3864135 0.0846106 0.5251121 0.3962828 0.4878770 0.4608001 0.3964858 0.2702706 0.4633232 0.2586260 0.3489629 0.4274127 0.0823047 0.4101484 0.3435707 0.1907192 0.4490449 0.3946116 0.4996085 0.5762416 0.5911594 0.0000000 0.1671135 0.1519305 0.4480354 0.1449068 0.5832289 0.6274007 0.5803320 0.1629073 0.0954341 0.2994442 0.5696895 0.1525595 0.5623907 0.1497034 0.2653380 0.5170902 0.6264456 0.2097255 0.0280479 0.1761271 0.2861193 0.0321769 0.5169685 0.4621375 0.1441586 0.0845970 0.0861835 0.2984949 0.0836510 0.5153356 0.5364953 0.3992573 0.0204053 0.1952361 0.2080895 0.3667284 0.2280621 0.6189123 0.6280936 0.3633527 0.2337953 0.1169425 0.1760161 0.5807773 0.4628925 0.2341223 0.4373110 0.1859017 0.4525252 0.2194054 0.2786601 0.1589922 0.0840536 0.0507848 0.0269476 0.5911437 0.6849990 0.4908054 0.5912536 0.3159664 0.0125888 0.1957994 0.3552901 0.3566323 
Perityle_cinerea_113_Powell1310            0.1721515 0.1960809 0.0911701 0.1954928 0.0948982 0.4026174 0.1781156 0.2231008 0.1571719 0.1774875 0.1829007 0.0438235 0.1620906 0.0522785 0.0356386 0.1975311 0.1539483 0.1002920 0.1160567 0.0316398 0.0157267 0.1671135 0.0000000 0.1771400 0.0397229 0.1616952 0.0356314 0.0572072 0.1266763 0.1876307 0.1876307 0.1676350 0.1256825 0.1882798 0.0398185 0.1077445 0.1956693 0.0315915 0.0729585 0.1877108 0.1040023 0.1719005 0.1788976 0.1567184 0.0817822 0.1686202 0.1765939 0.1872268 0.1671135 0.1802106 0.1663585 0.0357554 0.0437438 0.0316458 0.0960974 0.1930763 0.0604815 0.0411010 0.1616952 0.0519317 0.1351849 0.1918671 0.1843796 0.0063694 0.1674470 0.1173404 0.0357129 0.1763267 0.1820085 0.0124079 0.0316752 0.1769724 0.1767962 0.1715565 0.1715807 0.1581826 0.1616997 0.1124983 0.1514145 0.0651631 0.0326672 0.1268950 0.1744412 0.1635895 0.1275578 0.1280277 
Perityle_coahuilensis_24                   0.3671068 0.1166077 0.5554017 0.3953955 0.4947028 0.4709004 0.4250798 0.2991434 0.4712973 0.1600961 0.3350286 0.4713905 0.1570020 0.4218431 0.3471928 0.1771367 0.2886732 0.4041380 0.4995325 0.5597712 0.6550920 0.1519305 0.1771400 0.0000000 0.5046048 0.1360770 0.6568591 0.5886246 0.5837768 0.1760195 0.1222040 0.3366172 0.5999757 0.1543302 0.5964894 0.1501510 0.1928192 0.5166637 0.5967651 0.1956859 0.0246800 0.0745891 0.1719477 0.0371405 0.4809062 0.3325246 0.0401357 0.2464971 0.2792906 0.1981682 0.0449790 0.5217933 0.5032688 0.4053554 0.0263459 0.1071326 0.2144950 0.3932540 0.1026282 0.7181632 0.6332089 0.4557625 0.2056501 0.1169425 0.0843069 0.5946575 0.4639377 0.1205732 0.2915293 0.1970586 0.4213983 0.1260092 0.1633070 0.0632145 0.0329253 0.0380330 0.0239003 0.5675342 0.6608388 0.5044533 0.5708386 0.3310353 0.0345036 0.1484351 0.3678635 0.3692774 
Perityle_cochisensis_44_cave_creek         0.5430177 0.2112663 0.1968769 0.5064476 0.2603157 0.4411454 0.4990026 0.3774669 0.3947795 0.4954760 0.5406240 0.1569114 0.4492099 0.1181086 0.0959372 0.5002463 0.5702429 0.2486810 0.1881011 0.1465161 0.2726140 0.4480354 0.0397229 0.5046048 0.0000000 0.4909019 0.1960111 0.3421824 0.1863869 0.4307557 0.2456941 0.5194786 0.3538569 0.4958854 0.1738167 0.4681648 0.4843087 0.1736214 0.3026365 0.4795135 0.5367122 0.4390995 0.4451396 0.3337824 0.1638195 0.5380663 0.4520523 0.4624519 0.5105862 0.4890059 0.3708164 0.1511004 0.1799185 0.1689201 0.4431514 0.4686023 0.0579079 0.1421743 0.4539040 0.2369986 0.3508079 0.3591278 0.5141276 0.0192419 0.4590700 0.3259076 0.0742289 0.4549267 0.5492915 0.0139430 0.0637638 0.5197215 0.4770576 0.4696760 0.5000400 0.4417575 0.1951420 0.2643584 0.4246084 0.1755244 0.2171978 0.1442825 0.4276025 0.5310584 0.1452167 0.1470591 
Perityle_congesta_202                      0.3340335 0.1052614 0.5276126 0.4121211 0.5187526 0.4714527 0.4033124 0.2736176 0.4528915 0.2219500 0.3216880 0.4775005 0.0709939 0.4180262 0.3432801 0.2897820 0.3308386 0.3924019 0.4752532 0.4467626 0.6401592 0.1449068 0.1616952 0.1360770 0.4909019 0.0000000 0.5584661 0.5305528 0.5265750 0.1709794 0.1088870 0.3543025 0.5480248 0.2263749 0.5549424 0.2099855 0.2175630 0.4619889 0.5470715 0.2614459 0.2190898 0.1186666 0.2155292 0.0256532 0.4374860 0.3602555 0.1311562 0.0751470 0.0774460 0.2237318 0.0509833 0.4618761 0.4678073 0.4007807 0.0687483 0.1376602 0.2010718 0.3921096 0.0340086 0.6111329 0.5536330 0.3735208 0.2391973 0.1095598 0.1415173 0.5570154 0.3870018 0.1495018 0.3488929 0.1808858 0.3742946 0.0458084 0.1992748 0.0820745 0.1276332 0.0852419 0.0088590 0.5750127 0.5790545 0.5194676 0.5458926 0.3305388 0.1018112 0.2463956 0.3504989 0.3517714 
Perityle_cordifolia_27                     0.5756215 0.2066704 0.2330219 0.5425430 0.2658886 0.4611443 0.5333845 0.3879606 0.3728701 0.6071979 0.5699439 0.0537657 0.5252864 0.0511849 0.0432703 0.6428574 0.7246277 0.2216561 0.2593364 0.2255227 0.2926146 0.5832289 0.0356314 0.6568591 0.1960111 0.5584661 0.0000000 0.3896827 0.3098367 0.4204664 0.2492025 0.5416575 0.3156589 0.5455968 0.0965515 0.4744931 0.5530813 0.0631270 0.4088311 0.6087136 0.6013874 0.5456017 0.5805799 0.3452143 0.2345470 0.6998576 0.5907288 0.6291350 0.6263306 0.6051356 0.3926286 0.0899855 0.0495306 0.0286913 0.4407306 0.5027881 0.0649996 0.0740147 0.5960722 0.1421566 0.4193859 0.3692624 0.5361785 0.0000010 0.6327193 0.3095941 0.0362191 0.5248722 0.6895002 0.0139272 0.0585555 0.6348411 0.5858115 0.5663069 0.5640790 0.4754828 0.1991233 0.3062041 0.5939723 0.1706898 0.2444908 0.1323043 0.4666437 0.6357150 0.1593368 0.1581358 
Perityle_cordifolia_68_tecolote            0.6162713 0.2097829 0.3359175 0.5294839 0.3891623 0.4421598 0.5726975 0.3740130 0.4378676 0.6018366 0.5877645 0.3472017 0.5530574 0.2394179 0.2536888 0.6042866 0.6404124 0.3476111 0.3276868 0.3976222 0.5346560 0.6274007 0.0572072 0.5886246 0.3421824 0.5305528 0.3896827 0.0000000 0.4067461 0.4458880 0.2560562 0.4880817 0.4307393 0.5161649 0.4066342 0.5231489 0.5569781 0.3552432 0.4770639 0.5928665 0.5972253 0.5539772 0.5429485 0.3890126 0.3549661 0.6155105 0.5682969 0.6432067 0.6537858 0.5435948 0.4319547 0.3989346 0.3681582 0.3182234 0.4792225 0.5429686 0.0345940 0.2233352 0.5776401 0.4370533 0.4755671 0.3387254 0.5544612 0.0127598 0.5894298 0.4230154 0.2706209 0.5822223 0.6308576 0.0395760 0.2257336 0.6064592 0.5866250 0.5959242 0.5475500 0.4962968 0.1936749 0.4524496 0.6053878 0.2807611 0.4651869 0.1358306 0.4784924 0.5967313 0.2205983 0.2269088 
Perityle_coronopifolia_28_patagonia        0.6075417 0.2364023 0.2478222 0.4414275 0.1726743 0.4238774 0.4860047 0.3968460 0.4000692 0.6238429 0.5538535 0.1793019 0.5142464 0.1845444 0.1639919 0.5692846 0.6495188 0.1720604 0.1865288 0.3648211 0.2038724 0.5803320 0.1266763 0.5837768 0.1863869 0.5265750 0.3098367 0.4067461 0.0000000 0.4897582 0.2815232 0.4238459 0.2745002 0.5180000 0.2475173 0.4825175 0.5759029 0.3055923 0.3462109 0.5906558 0.4420026 0.5454857 0.5863248 0.4303173 0.2802629 0.5946312 0.5715922 0.5855255 0.5984340 0.5986964 0.4978230 0.2632450 0.2550285 0.1673294 0.4486836 0.5440556 0.0986237 0.1322785 0.5698277 0.3710105 0.4262477 0.3657152 0.5057172 0.0660185 0.5918541 0.0343795 0.2930553 0.5671036 0.6018966 0.1038783 0.2536987 0.5764715 0.6437420 0.5994946 0.5260817 0.4864599 0.2360668 0.2395920 0.4547779 0.2512037 0.3040557 0.1582939 0.4588960 0.5478609 0.1475001 0.1491366 
Perityle_crassifolia_70_ventanas           0.2903610 0.1497664 0.3414859 0.2965580 0.4474174 0.4516848 0.3125908 0.3259592 0.4567132 0.0469947 0.2517137 0.3887313 0.1575273 0.4146347 0.4090997 0.1933468 0.2799751 0.3973480 0.4540937 0.4269927 0.4999547 0.1629073 0.1876307 0.1760195 0.4307557 0.1709794 0.4204664 0.4458880 0.4897582 0.0000000 0.0000010 0.2734696 0.4823389 0.0470144 0.4144669 0.0569611 0.1872751 0.4091119 0.4255141 0.1919592 0.1994112 0.1617594 0.1826725 0.1469558 0.4322856 0.3090788 0.1608474 0.1687618 0.1633936 0.1801732 0.1395672 0.4096859 0.4116718 0.3834471 0.1933683 0.1843301 0.2618503 0.3733446 0.1700232 0.4731154 0.5598681 0.4356130 0.2860106 0.1250229 0.1857021 0.5236362 0.3975832 0.1892159 0.2571857 0.2164247 0.3443266 0.1759975 0.0423524 0.1726186 0.1691309 0.1626319 0.1113047 0.5089267 0.4949174 0.4504667 0.4243832 0.3199516 0.1617739 0.1573509 0.4013163 0.3987047 
Perityle_crassifolia_74_playa_balandra     0.1276033 0.1497664 0.2292414 0.1935282 0.2533177 0.3727013 0.2502686 0.2823879 0.2410491 0.0280227 0.1194946 0.2409880 0.0922720 0.2421417 0.2667223 0.1429075 0.0948578 0.2498432 0.2682995 0.2409960 0.2549991 0.0954341 0.1876307 0.1222040 0.2456941 0.1088870 0.2492025 0.2560562 0.2815232 0.0000010 0.0000000 0.1195850 0.2958036 0.0280439 0.2416639 0.0269265 0.1445962 0.2446835 0.2366203 0.1327089 0.1377898 0.1125992 0.1304142 0.1057049 0.2504274 0.1359795 0.1155108 0.1125261 0.0954341 0.1311936 0.0998296 0.2388185 0.2367454 0.2415736 0.1279654 0.1296334 0.2256637 0.2552222 0.1088305 0.3285565 0.4154515 0.4265047 0.1309147 0.1250229 0.1091854 0.2810509 0.2452914 0.1355938 0.1356197 0.2164247 0.2376290 0.1220439 0.0166527 0.1088305 0.1225917 0.1067164 0.1130416 0.2914199 0.3217263 0.2595152 0.2394692 0.2461926 0.0996887 0.1006514 0.2949998 0.2900643 
Perityle_cuneata_34_cuneata_San_antonio    0.3280657 0.1122185 0.4489424 0.3075435 0.5229970 0.3858648 0.2685920 0.3117362 0.4184398 0.3204449 0.3292374 0.4967594 0.3043127 0.4527927 0.4265934 0.3471166 0.3929252 0.4801292 0.3680381 0.4076652 0.7022853 0.2994442 0.1676350 0.3366172 0.5194786 0.3543025 0.5416575 0.4880817 0.4238459 0.2734696 0.1195850 0.0000000 0.5860067 0.3251360 0.5490881 0.3303749 0.3214360 0.4879952 0.4767945 0.3096263 0.4080515 0.3174675 0.3020682 0.2011905 0.3929026 0.3795094 0.3179069 0.3456980 0.3568797 0.3236930 0.1780114 0.5010751 0.4788214 0.4873049 0.2867729 0.2431981 0.2089019 0.3693204 0.3215386 0.6181459 0.5798485 0.4134281 0.2707052 0.1016899 0.2824065 0.5685219 0.3728125 0.2386995 0.3508541 0.1871773 0.3062926 0.3611269 0.2677527 0.2988927 0.3408582 0.2818494 0.0943792 0.5405830 0.6941041 0.5247739 0.5279568 0.2147207 0.2961971 0.3310471 0.3692778 0.3697202 
Perityle_cuneata_4                         0.6384379 0.2585858 0.3019067 0.5800545 0.3645772 0.4621891 0.6039204 0.4096650 0.4283266 0.6121103 0.6686006 0.2591312 0.5408934 0.2160166 0.1904781 0.5606916 0.7009064 0.3076405 0.3169069 0.2809824 0.4044889 0.5696895 0.1256825 0.5999757 0.3538569 0.5480248 0.3156589 0.4307393 0.2745002 0.4823389 0.2958036 0.5860067 0.0000000 0.5775679 0.3001477 0.5227961 0.5418901 0.3169487 0.4319054 0.5728603 0.5611599 0.5696560 0.5631405 0.4213500 0.2341978 0.6589976 0.5938969 0.5675519 0.5754483 0.5640893 0.4699093 0.2900936 0.3106751 0.2820292 0.5288692 0.5341134 0.1266415 0.2606578 0.5815192 0.3769746 0.4115318 0.3411487 0.5617554 0.0660556 0.5861306 0.4041440 0.2487602 0.5943212 0.6887337 0.1111788 0.2128275 0.5959321 0.5945437 0.6116225 0.5619238 0.5202797 0.2556818 0.3858712 0.5474698 0.3363069 0.3444581 0.2053948 0.5025949 0.5873956 0.1743090 0.1734808 
Perityle_discoidea_81                      0.3395133 0.1502037 0.4697848 0.4013219 0.5226654 0.4759999 0.4312329 0.3294072 0.5112233 0.0048129 0.3283061 0.4781378 0.2124894 0.4521125 0.4132300 0.1943603 0.3671000 0.4516860 0.4683777 0.4477068 0.6242575 0.1525595 0.1882798 0.1543302 0.4958854 0.2263749 0.5455968 0.5161649 0.5180000 0.0470144 0.0280439 0.3251360 0.5775679 0.0000000 0.5295162 0.0119410 0.2256183 0.4785800 0.5584246 0.1981093 0.1595350 0.1896872 0.2204676 0.1451210 0.4415652 0.3907356 0.1464704 0.2320124 0.2261689 0.2243654 0.1475239 0.4741804 0.4835019 0.4622866 0.1574098 0.1635316 0.2494721 0.4237308 0.2286439 0.5994602 0.5898217 0.4385354 0.2717257 0.1256692 0.1618592 0.6448675 0.4032877 0.1735079 0.3571178 0.2072489 0.3702384 0.2329751 0.0146142 0.1800316 0.1543164 0.1455182 0.1115754 0.5686230 0.5879211 0.5019702 0.5325938 0.3741903 0.1491704 0.1257018 0.4074123 0.4048404 
Perityle_dissecta_201                      0.5574048 0.1972406 0.2350993 0.5192019 0.2715035 0.4391697 0.5194662 0.3825551 0.3629622 0.5870496 0.5492636 0.0449934 0.5167994 0.0460330 0.0222983 0.6006779 0.6953022 0.2186566 0.2239430 0.1903112 0.2906361 0.5623907 0.0398185 0.5964894 0.1738167 0.5549424 0.0965515 0.4066342 0.2475173 0.4144669 0.2416639 0.5490881 0.3001477 0.5295162 0.0000000 0.4518914 0.5477859 0.0863958 0.3849419 0.5673596 0.5850250 0.5488000 0.5435165 0.3505538 0.2170415 0.6481497 0.5643857 0.6101819 0.6135781 0.5622015 0.3788893 0.0705771 0.1009637 0.0262193 0.4141123 0.4763714 0.0677858 0.0817341 0.5613380 0.1685156 0.4214555 0.3840051 0.5219755 0.0192799 0.5631334 0.2921329 0.1193828 0.4960738 0.6527564 0.0174996 0.1069163 0.6095878 0.5301370 0.5507068 0.5645993 0.4597605 0.2033853 0.3141903 0.5267989 0.1782822 0.2263314 0.1090751 0.4634952 0.6155028 0.1596153 0.1584144 
Perityle_emoryi_47_punta_san_jose          0.3862188 0.1540639 0.3727414 0.2738613 0.5116345 0.2957939 0.3634931 0.3504101 0.4894112 0.0119347 0.3894031 0.4238111 0.2022171 0.4446378 0.4386515 0.1746990 0.4110560 0.4846171 0.4098058 0.3993896 0.5221332 0.1497034 0.1077445 0.1501510 0.4681648 0.2099855 0.4744931 0.5231489 0.4825175 0.0569611 0.0269265 0.3303749 0.5227961 0.0119410 0.4518914 0.0000000 0.2112152 0.4480724 0.4353648 0.1748442 0.1606131 0.1442476 0.2027384 0.1389916 0.3956661 0.4236525 0.1359745 0.2189015 0.2108284 0.2057218 0.1246240 0.4500026 0.4497584 0.4522193 0.1510625 0.1557384 0.2335853 0.3897694 0.2083197 0.5449703 0.6217246 0.3825661 0.1884013 0.0880901 0.1405209 0.6231982 0.3618721 0.1801540 0.3742101 0.1725375 0.3024008 0.2143499 0.0101395 0.1497289 0.1524809 0.1384107 0.0976782 0.5828068 0.5718493 0.4991602 0.4535603 0.2198351 0.1470831 0.1103051 0.4039995 0.4039995 
Perityle_feddemae_99                       0.3688731 0.1569687 0.5083817 0.3280738 0.5322108 0.4695790 0.3665359 0.3314697 0.4692784 0.2019241 0.3067216 0.4444571 0.2228870 0.4324096 0.3651277 0.3076018 0.2376984 0.3829487 0.4933436 0.5356530 0.5039285 0.2653380 0.1956693 0.1928192 0.4843087 0.2175630 0.5530813 0.5569781 0.5759029 0.1872751 0.1445962 0.3214360 0.5418901 0.2256183 0.5477859 0.2112152 0.0000000 0.4686445 0.5474422 0.2793961 0.2585791 0.1720920 0.0235793 0.1177759 0.4903630 0.2468485 0.1790912 0.3093742 0.3275808 0.0184860 0.1254270 0.4792494 0.4938703 0.3508279 0.1373730 0.1628260 0.2114632 0.3509528 0.1829957 0.5970729 0.6421277 0.4372955 0.2583590 0.1571482 0.1671066 0.5625950 0.4637816 0.1574778 0.2431915 0.2244360 0.4435096 0.2347538 0.2021085 0.1682422 0.1984725 0.1608789 0.1164305 0.5425455 0.6480658 0.5017263 0.5784216 0.3502393 0.1565386 0.2414382 0.3714195 0.3736234 
Perityle_fosteri_93                        0.5550107 0.2011968 0.1647945 0.5298102 0.2553459 0.4533724 0.5127478 0.3652417 0.3746075 0.5488694 0.5254975 0.0393978 0.4667853 0.0512542 0.0344452 0.5333101 0.5921513 0.2265152 0.2408478 0.2172869 0.1895004 0.5170902 0.0315915 0.5166637 0.1736214 0.4619889 0.0631270 0.3552432 0.3055923 0.4091119 0.2446835 0.4879952 0.3169487 0.4785800 0.0863958 0.4480724 0.4686445 0.0000000 0.3640454 0.5468865 0.4639502 0.4775689 0.4921550 0.3260424 0.2276689 0.5760864 0.5003732 0.5361177 0.5269719 0.4984802 0.3735952 0.0707978 0.0539364 0.0319943 0.4008880 0.4699772 0.0724754 0.0849202 0.5061698 0.0957289 0.3870022 0.3710831 0.4941810 0.0127722 0.5324022 0.3167576 0.0733186 0.5034925 0.5797611 0.0139113 0.0389831 0.5164886 0.5374798 0.5167629 0.4682854 0.4273737 0.1907752 0.2907293 0.5584052 0.1651304 0.1998027 0.1386690 0.4243283 0.5204417 0.1595273 0.1583263 
Perityle_gamon_221                         0.5353405 0.1971085 0.3716295 0.5871356 0.3301817 0.4512256 0.5660347 0.3761186 0.4002570 0.6017440 0.5697311 0.2536156 0.5370272 0.2196844 0.1208102 0.5842066 0.7042176 0.2228166 0.3394388 0.3208038 0.3608864 0.6264456 0.0729585 0.5967651 0.3026365 0.5470715 0.4088311 0.4770639 0.3462109 0.4255141 0.2366203 0.4767945 0.4319054 0.5584246 0.3849419 0.4353648 0.5474422 0.3640454 0.0000000 0.5656343 0.5873658 0.5684209 0.5609474 0.3834841 0.2150675 0.6598592 0.6158364 0.6322295 0.6278186 0.5694019 0.4620855 0.3286162 0.3131932 0.2074925 0.4126624 0.4965591 0.0821465 0.2185331 0.5986480 0.4733370 0.4962186 0.3490146 0.4679105 0.0389361 0.5755574 0.3691484 0.3041351 0.5439875 0.6569322 0.0535867 0.2675316 0.5931560 0.5568197 0.5960952 0.5605299 0.5104143 0.2100879 0.3763757 0.5660464 0.2911331 0.3752833 0.2162259 0.4846824 0.5617730 0.1300867 0.1288341 
Perityle_gentryi_8_san_francisco           0.3841398 0.1053951 0.5342811 0.4040058 0.5457410 0.4573089 0.4248349 0.3367304 0.4852063 0.2475844 0.4231255 0.4214154 0.2736339 0.4393860 0.3409333 0.0347684 0.4726482 0.4109079 0.5326048 0.5323568 0.5462091 0.2097255 0.1877108 0.1956859 0.4795135 0.2614459 0.6087136 0.5928665 0.5906558 0.1919592 0.1327089 0.3096263 0.5728603 0.1981093 0.5673596 0.1748442 0.2793961 0.5468865 0.5656343 0.0000000 0.0849401 0.2195327 0.2716021 0.1231132 0.5045353 0.4411342 0.1887492 0.2893576 0.2878360 0.2806828 0.1930588 0.5349678 0.5681253 0.4283457 0.0828907 0.2031231 0.2082965 0.4143005 0.2813986 0.6510799 0.6995578 0.4505197 0.2349291 0.1388415 0.1776392 0.6456853 0.5049948 0.2260577 0.4432588 0.1862272 0.4932701 0.2735059 0.2496879 0.2237647 0.1882631 0.1506019 0.1066760 0.6196522 0.7034726 0.5536263 0.6133052 0.3662002 0.1081251 0.2365296 0.3623256 0.3597635 
Perityle_gilensis_22_Superstition          0.4321761 0.1157998 0.5494489 0.4309645 0.5104617 0.2834017 0.5143386 0.4421666 0.5488637 0.1657391 0.4642915 0.5145122 0.1537323 0.4484263 0.4193761 0.0766205 0.6358974 0.5171031 0.4018839 0.3774567 0.6403655 0.0280479 0.1040023 0.0246800 0.5367122 0.2190898 0.6013874 0.5972253 0.4420026 0.1994112 0.1377898 0.4080515 0.5611599 0.1595350 0.5850250 0.1606131 0.2585791 0.4639502 0.5873658 0.0849401 0.0000000 0.1099116 0.2316432 0.0326483 0.3856256 0.5713666 0.0338710 0.2065160 0.2489567 0.2740277 0.0248957 0.4857740 0.4578793 0.4963882 0.0264664 0.0965337 0.2040546 0.3888680 0.1757286 0.6959875 0.6466726 0.4190912 0.1255263 0.0843844 0.0349993 0.6350922 0.3513649 0.1155183 0.4917709 0.1731875 0.2991889 0.2698055 0.1649066 0.0697987 0.0241951 0.0236113 0.0134860 0.6182273 0.7053288 0.5402891 0.5355508 0.2056568 0.0228940 0.1520061 0.3985129 0.3985129 
Perityle_gilensis_salensis_225             0.3482020 0.1086866 0.5139280 0.3955572 0.5097171 0.4762993 0.4282938 0.2969367 0.4556277 0.1777451 0.3270562 0.4470516 0.1655448 0.4078486 0.3376726 0.2231673 0.3207677 0.3914589 0.4750493 0.5135672 0.5470283 0.1761271 0.1719005 0.0745891 0.4390995 0.1186666 0.5456017 0.5539772 0.5454857 0.1617594 0.1125992 0.3174675 0.5696560 0.1896872 0.5488000 0.1442476 0.1720920 0.4775689 0.5684209 0.2195327 0.1099116 0.0000000 0.1709060 0.0257227 0.4796431 0.3403219 0.0673253 0.2198723 0.2179026 0.1789190 0.0342456 0.4971411 0.4866255 0.3969751 0.0265829 0.1090582 0.1951992 0.3650136 0.1131258 0.6116924 0.6058600 0.4225916 0.2046441 0.1172968 0.1049264 0.5731410 0.4081769 0.1265129 0.3104015 0.1831850 0.4063404 0.1075194 0.1577297 0.0696977 0.0746839 0.0661723 0.0238513 0.5538497 0.6505082 0.4916680 0.5810088 0.3088141 0.0715223 0.1746509 0.3502760 0.3514624 
Perityle_glaucescens_94                    0.3636124 0.1430793 0.4980803 0.3297971 0.5156687 0.4754418 0.3573794 0.3331466 0.4570376 0.2036658 0.3015513 0.4203730 0.2270459 0.4160232 0.3498304 0.3032984 0.2282775 0.3695192 0.4931004 0.5554390 0.4667513 0.2861193 0.1788976 0.1719477 0.4451396 0.2155292 0.5805799 0.5429485 0.5863248 0.1826725 0.1304142 0.3020682 0.5631405 0.2204676 0.5435165 0.2027384 0.0235793 0.4921550 0.5609474 0.2716021 0.2316432 0.1709060 0.0000000 0.1173537 0.4793852 0.2398029 0.1734969 0.3250098 0.3183732 0.0199654 0.1236673 0.4863462 0.4870394 0.3360974 0.1316408 0.1614078 0.2009612 0.3368990 0.1825149 0.6216686 0.6238745 0.4352372 0.2554084 0.1404705 0.1627876 0.5388789 0.4882077 0.1561006 0.2429981 0.1990418 0.4331659 0.1897936 0.2022231 0.1730320 0.1873240 0.1639629 0.1018444 0.5313390 0.6788734 0.4904490 0.5574603 0.3401923 0.1524982 0.2242835 0.3537850 0.3556993 
Perityle_gracilis_11                       0.2117704 0.0970453 0.3013125 0.2605192 0.3536664 0.4661681 0.2516721 0.2545262 0.4174221 0.1429868 0.1863620 0.3119127 0.0191461 0.3483777 0.3044897 0.1089514 0.2249288 0.3140458 0.3858587 0.3573437 0.3771953 0.0321769 0.1567184 0.0371405 0.3337824 0.0256532 0.3452143 0.3890126 0.4303173 0.1469558 0.1057049 0.2011905 0.4213500 0.1451210 0.3505538 0.1389916 0.1177759 0.3260424 0.3834841 0.1231132 0.0326483 0.0257227 0.1173537 0.0000000 0.3614957 0.2241271 0.0305780 0.0371200 0.0388424 0.1201200 0.0359504 0.3339745 0.3381386 0.2842730 0.0295255 0.1051869 0.1979219 0.3213227 0.0244167 0.3827285 0.4557927 0.3602815 0.1788773 0.1022462 0.0800638 0.4287637 0.3326165 0.1188188 0.2112215 0.1761629 0.3074696 0.0355349 0.1448769 0.0289057 0.0239825 0.0163027 0.0118529 0.4007298 0.4137264 0.3765304 0.3497798 0.2732426 0.0290221 0.1277411 0.3468517 0.3480745 
