83
Amauria_brandeegeana_62                    0.0000000 0.0536527 0.1498397 0.4966940 0.4212742 0.2163410 0.4100487 0.2151143 0.5336607 0.3611211 0.3573965 0.6401915 0.6566280 0.7307858 0.5458048 0.4336775 0.4374414 0.5179840 0.3920085 0.6466022 0.5165556 0.4517457 0.2282121 0.6260734 0.5460549 0.6115622 0.6342176 0.3786348 0.5049756 0.2114096 0.3702906 0.5759102 0.3553387 0.6425651 0.1385333 0.3417162 0.6494040 0.6399525 0.3869220 0.5822237 0.7767118 0.3469010 0.5561636 0.3464992 0.6570537 0.5938923 0.6057486 0.5051626 0.3372636 0.6110678 0.5577607 0.5683810 0.5869665 0.4897237 0.3476223 0.2896151 0.4757732 0.5863646 0.6088728 0.5127898 0.3920552 0.6436097 0.3530976 0.6208383 0.5283376 0.2613414 0.0787032 0.6136244 0.6215913 0.4677092 0.6285134 0.3566335 0.4730320 0.1678421 0.5433400 0.3859026 0.5179901 0.6410208 0.3219763 0.6040576 0.3697574 0.3367539 0.2319124 
Amauria_carterae_99_mesa                   0.0536527 0.0000000 0.0613633 0.2503214 0.1610225 0.0831078 0.2376896 0.1865576 0.2768690 0.1816125 0.1565616 0.1931526 0.2070515 0.2476935 0.2062462 0.2480284 0.0779852 0.1668446 0.2717011 0.2019881 0.1974002 0.1181432 0.2004309 0.2078001 0.1976194 0.1987176 0.2173810 0.2482712 0.1843202 0.0928792 0.2003511 0.1958532 0.1767707 0.2283470 0.0686172 0.1882592 0.2015284 0.2529371 0.2595705 0.2014477 0.2425078 0.1942049 0.1838615 0.1986170 0.2240261 0.1851638 0.1801503 0.1939951 0.1890545 0.1634037 0.2015515 0.2166450 0.2152611 0.2062462 0.2081279 0.2456426 0.1617178 0.1882449 0.1983871 0.1771151 0.2415032 0.2032139 0.1892298 0.2031146 0.2059975 0.0308935 0.1125946 0.2485029 0.1603505 0.1868431 0.1883473 0.2014939 0.2776003 0.1346792 0.2143187 0.2461410 0.1936447 0.2121570 0.2065811 0.1837162 0.1871055 0.2342429 0.1707996 
Amauria_rotundifolia_SRR9119150            0.1498397 0.0613633 0.0000000 0.3640287 0.2842712 0.2049152 0.2605869 0.2029709 0.4055351 0.2494684 0.2638625 0.4997346 0.4898681 0.6568761 0.3800202 0.2664659 0.0697177 0.4776129 0.2736342 0.5134221 0.3263301 0.4617305 0.2153454 0.5231989 0.4043568 0.4858043 0.5004869 0.2689907 0.5011728 0.1972598 0.2233476 0.4017431 0.2022312 0.4851611 0.1302316 0.3368517 0.4871352 0.5296099 0.3312016 0.4437177 0.6933848 0.3275660 0.3958646 0.3245295 0.5796377 0.4423959 0.4925533 0.3147144 0.3073980 0.4585224 0.4106839 0.4211343 0.4252248 0.3680835 0.2039051 0.2969250 0.3092476 0.4327945 0.4559801 0.4094670 0.2639736 0.5289303 0.2208074 0.4793075 0.3521061 0.0374078 0.0829123 0.4855831 0.4981098 0.3928590 0.5083536 0.1752591 0.3024899 0.1734856 0.3876823 0.2709172 0.3468422 0.4696259 0.3477304 0.4519009 0.2646896 0.2884271 0.2154198 
Conoclinium_coelestinum_SRR9119114         0.4966940 0.2503214 0.3640287 0.0000000 0.3451304 0.2827601 0.2892036 0.2503213 0.4040608 0.3873483 0.4028815 0.4439010 0.4394520 0.7152754 0.3885022 0.4049322 0.3539707 0.3991596 0.4413085 0.4233930 0.4504583 0.4711965 0.3326354 0.4601602 0.3993999 0.4384982 0.4542256 0.4976217 0.6091861 0.3735186 0.3625416 0.4010636 0.3467414 0.4495245 0.4150381 0.6378434 0.4133000 0.7299744 0.3840985 0.4490407 0.7708661 0.6368328 0.4160229 0.6135344 0.7493349 0.4417413 0.4429867 0.4550208 0.5752791 0.4309888 0.3919334 0.4534081 0.5347678 0.4126082 0.3506532 0.5559303 0.3822816 0.4530612 0.3793845 0.7006606 0.4202242 0.4541137 0.4236849 0.4659186 0.4339408 0.3197297 0.1954330 0.4750499 0.4265056 0.4517158 0.4469856 0.3321957 0.4009508 0.2827524 0.4436325 0.3708442 0.4430168 0.4688582 0.4429130 0.4386035 0.3805119 0.3314240 0.4468115 
Eutetras_palmeri_63                        0.4212742 0.1610225 0.2842712 0.3451304 0.0000000 0.0319540 0.2587126 0.1956943 0.3325656 0.1812939 0.1132247 0.3577552 0.2869921 0.6199915 0.2106539 0.1950197 0.0644222 0.4167458 0.2825436 0.3467193 0.1739794 0.3486316 0.1980663 0.3825087 0.2441202 0.3287940 0.3232445 0.2684731 0.5014160 0.2374952 0.2167877 0.3223959 0.1746459 0.2707038 0.3003868 0.4142924 0.3023790 0.5292448 0.2726534 0.2846550 0.6655992 0.4155867 0.2459537 0.4899708 0.6242423 0.2830617 0.3376283 0.2475375 0.4091314 0.2660856 0.2529938 0.2449522 0.2672014 0.2194333 0.1865320 0.2906252 0.1946984 0.2570189 0.3439934 0.5516700 0.2558732 0.3654681 0.2421653 0.3053064 0.1864414 0.0825835 0.0546180 0.3569494 0.3470869 0.4122861 0.3523639 0.1236335 0.1863909 0.1776877 0.2192032 0.2334799 0.1874188 0.2746420 0.3014911 0.2766093 0.2026478 0.2361897 0.2862070 
Eutetras_pringlei_149_quer                 0.2163410 0.0831078 0.2049152 0.2827601 0.0319540 0.0000000 0.2300865 0.1245630 0.3213335 0.1741129 0.1302986 0.2951562 0.2981152 0.3182662 0.2999556 0.2908261 0.0240745 0.2047488 0.2999792 0.2994745 0.2857693 0.3105693 0.1512451 0.3050266 0.2913995 0.2995110 0.2942330 0.2803749 0.1317635 0.2057196 0.2185492 0.2273629 0.1745506 0.3218391 0.1406329 0.2023751 0.2751945 0.2581796 0.2915981 0.2911294 0.2909433 0.1971515 0.3090769 0.2061136 0.2664867 0.2738199 0.3046827 0.3126442 0.1971515 0.2173535 0.2924075 0.3228709 0.2536277 0.3001267 0.2171921 0.2514853 0.2863207 0.3155005 0.3037329 0.3066690 0.1749182 0.2888432 0.2312892 0.2863359 0.2102353 0.0000010 0.0470415 0.2935488 0.2086190 0.1903456 0.3034565 0.1626512 0.2647594 0.1934148 0.2205539 0.2275714 0.2916799 0.3114265 0.0882556 0.3037329 0.2190087 0.2349222 0.1523661 
Eutrochium_fistulosum_SRR9119106           0.4100487 0.2376896 0.2605869 0.2892036 0.2587126 0.2300865 0.0000000 0.2004641 0.2860083 0.2558716 0.2479681 0.3894971 0.3873469 0.6858443 0.3481017 0.3375154 0.2372199 0.3549067 0.3137687 0.3809120 0.3886170 0.4793226 0.3146019 0.4067668 0.3816522 0.3900389 0.3981932 0.4162545 0.4907020 0.2571655 0.2792081 0.3366411 0.2519550 0.3991692 0.3515362 0.4627483 0.3862912 0.6331304 0.3512598 0.4106224 0.7254785 0.4520833 0.3931910 0.4567512 0.6104137 0.4008147 0.3891714 0.3938085 0.4222194 0.3907137 0.3668029 0.4067415 0.4621737 0.3734168 0.2563920 0.5422929 0.3513901 0.4024624 0.3780045 0.6685573 0.3054960 0.3801660 0.2988167 0.4045220 0.3669341 0.1922258 0.1468556 0.4492235 0.3790601 0.4223527 0.3965556 0.2717899 0.3213407 0.2631840 0.3729923 0.2746107 0.3698705 0.3948480 0.4236913 0.4033636 0.2656615 0.2806128 0.3125280 
Galeana_pratensis_104_mex                  0.2151143 0.1865576 0.2029709 0.2503213 0.1956943 0.1245630 0.2004641 0.0000000 0.2753767 0.2113918 0.1958598 0.2710163 0.2835850 0.3332709 0.2558212 0.3119289 0.0796260 0.2146815 0.3272906 0.2885234 0.2595944 0.2347305 0.2758678 0.2689326 0.2531488 0.2763341 0.2788131 0.3492232 0.2535471 0.1692124 0.2308421 0.2492244 0.2104883 0.2882683 0.1991167 0.2659703 0.2690197 0.3768992 0.3123094 0.2684500 0.3221202 0.2621945 0.2635174 0.2536865 0.3693177 0.2633810 0.2686059 0.2661711 0.2619567 0.2178478 0.2549264 0.2738971 0.3178173 0.2518874 0.2516708 0.3406134 0.2570638 0.2812823 0.2746144 0.3196143 0.2445991 0.3030012 0.2514620 0.2790637 0.2790070 0.0472649 0.1141300 0.3389411 0.2114153 0.2349341 0.2860816 0.2336756 0.2280894 0.2063843 0.3169601 0.2890788 0.2722910 0.3061584 0.2534523 0.2719475 0.2364817 0.2456415 0.2097055 
Helianthus_annuus_SRR9119062               0.5336607 0.2768690 0.4055351 0.4040608 0.3325656 0.3213335 0.2860083 0.2753767 0.0000000 0.3042772 0.3241366 0.4624273 0.4392314 0.7160226 0.3853232 0.2693271 0.2283424 0.5354484 0.3555875 0.4584927 0.3560099 0.5442810 0.2980162 0.4387609 0.4470619 0.4452589 0.4249607 0.3944778 0.5830417 0.3444602 0.3212282 0.3435755 0.2714935 0.4492422 0.4541180 0.5318905 0.4583304 0.6233451 0.4054773 0.4478167 0.7464242 0.5289628 0.4351142 0.4514000 0.6163957 0.4179089 0.4446070 0.4113189 0.5008600 0.4213883 0.4227804 0.4135729 0.4409694 0.3975602 0.2727982 0.3922672 0.3802301 0.4447057 0.4733989 0.6541488 0.3381012 0.4580652 0.3493277 0.4274432 0.3840877 0.2108305 0.2041657 0.4827816 0.4073243 0.4930069 0.4492741 0.2494778 0.2598868 0.2573848 0.4020321 0.3220964 0.3479852 0.4665487 0.4402839 0.4525303 0.2875304 0.2709358 0.3659585 
Lycapsus_tenuifolius_17                    0.3611211 0.1816125 0.2494684 0.3873483 0.1812939 0.1741129 0.2558716 0.2113918 0.3042772 0.0000000 0.1459100 0.3697033 0.3010398 0.6333272 0.2728559 0.1884034 0.0696846 0.4144283 0.2652060 0.3683466 0.2133892 0.3779539 0.2256913 0.3769624 0.3034879 0.3147426 0.3002305 0.2478878 0.5624596 0.1578014 0.1936682 0.2526247 0.0076305 0.2894228 0.2829660 0.3828648 0.3380411 0.5252738 0.2652786 0.2991445 0.6851387 0.3797858 0.2818445 0.4866563 0.6295214 0.2884742 0.3244592 0.2677710 0.3935037 0.2736630 0.2818488 0.2443867 0.2766094 0.2780631 0.2026048 0.2923216 0.2668310 0.2660616 0.3656021 0.5531401 0.2103711 0.3398753 0.1956468 0.2971918 0.2311441 0.0917687 0.0839481 0.3705112 0.3454010 0.3984533 0.3576761 0.1432027 0.1936425 0.1877571 0.2767757 0.1823463 0.1983057 0.2879254 0.3458158 0.2890315 0.1450639 0.2317158 0.2407255 
Pericome_caudata_50_silver                 0.3573965 0.1565616 0.2638625 0.4028815 0.1132247 0.1302986 0.2479681 0.1958598 0.3241366 0.1459100 0.0000000 0.3660040 0.3086859 0.5830644 0.2696119 0.1832046 0.0526165 0.4173022 0.2967161 0.3632775 0.2093102 0.3766872 0.2070732 0.4071328 0.3088203 0.3489836 0.3446844 0.2538072 0.5390693 0.1695574 0.1999587 0.3282883 0.1198064 0.2959498 0.2786570 0.3837036 0.3246938 0.5429188 0.2705750 0.3123410 0.6544134 0.3896048 0.2687748 0.4390693 0.6614864 0.3045014 0.3505493 0.2789889 0.3990417 0.3094646 0.2983055 0.2760730 0.3393021 0.2694041 0.2732457 0.2875590 0.2471195 0.2810019 0.3594469 0.5526715 0.2511053 0.3903503 0.2734623 0.3221849 0.2314109 0.0844804 0.0789320 0.3868717 0.3806485 0.4166910 0.3756382 0.1136653 0.1936369 0.1588034 0.2636663 0.2378210 0.2221472 0.3174092 0.3513364 0.2943592 0.1501569 0.1950128 0.2139520 
Perityle_aglossa_84_dead_horse             0.6401915 0.1931526 0.4997346 0.4439010 0.3577552 0.2951562 0.3894971 0.2710163 0.4624273 0.3697033 0.3660040 0.0000000 0.0892440 0.2563802 0.0719754 0.2577719 0.0300353 0.6769184 0.3950831 0.0908161 0.0672507 0.0766170 0.1864559 0.1059912 0.0846584 0.1148226 0.1297736 0.4907757 0.6395099 0.4227367 0.3781057 0.4123519 0.2712480 0.0749402 0.3330940 0.7328014 0.0649934 0.6428057 0.5139002 0.0933243 0.2682900 0.7138245 0.0745645 0.5823783 0.7305117 0.1024817 0.0842462 0.1242493 0.6483220 0.1005703 0.0778190 0.0943265 0.3257689 0.0632550 0.2588602 0.2934331 0.0749417 0.0788343 0.0840021 0.5661241 0.4152241 0.0897607 0.3833284 0.1314622 0.3071049 0.1018862 0.0544307 0.1614325 0.1281521 0.4624750 0.0906035 0.0679135 0.1715238 0.0488956 0.3069761 0.4286418 0.0989541 0.0416961 0.4003515 0.0845706 0.3678198 0.2963467 0.4355904 
Perityle_ajoensis_204                      0.6566280 0.2070515 0.4898681 0.4394520 0.2869921 0.2981152 0.3873469 0.2835850 0.4392314 0.3010398 0.3086859 0.0892440 0.0000000 0.2109758 0.0448216 0.2169093 0.0276355 0.7111341 0.3837224 0.0604150 0.0493692 0.0867002 0.1971998 0.0608449 0.0774218 0.0754788 0.1000641 0.4632412 0.6086867 0.4396797 0.3902834 0.3717082 0.2776571 0.0582328 0.3327956 0.6979347 0.0620588 0.6285072 0.5078280 0.0852301 0.2431453 0.6841450 0.0770229 0.6033859 0.6778278 0.0941892 0.0729018 0.1013533 0.6558570 0.1048371 0.0725899 0.0588388 0.2893826 0.0426808 0.2514904 0.2971583 0.0774642 0.0741881 0.0957317 0.5455860 0.3684854 0.0893465 0.3762330 0.1027634 0.2906358 0.0648252 0.0639707 0.1319144 0.0957826 0.4915305 0.0870856 0.0495104 0.1462155 0.0359169 0.2901985 0.3790645 0.0639171 0.0933956 0.3761193 0.0817083 0.3442799 0.2800286 0.3995102 
Perityle_ambrosiifolia_67_green            0.7307858 0.2476935 0.6568761 0.7152754 0.6199915 0.3182662 0.6858443 0.3332709 0.7160226 0.6333272 0.5830644 0.2563802 0.2109758 0.0000000 0.2211018 0.5519075 0.5384523 0.7136745 0.5855461 0.2295683 0.2968379 0.0891500 0.2139210 0.1970238 0.2287814 0.2156969 0.2696969 0.6628052 0.6015844 0.4453325 0.6650049 0.7659305 0.5774247 0.2362003 0.4266352 0.7300302 0.2267576 0.7630933 0.5892094 0.2286558 0.0627048 0.7316761 0.2498427 0.6249738 0.7724420 0.2380750 0.2350461 0.2887360 0.7257672 0.2624446 0.2467614 0.2290536 0.6334775 0.1946235 0.4893096 0.3293466 0.2392844 0.2525657 0.2267870 0.5850857 0.6863628 0.2413854 0.6208748 0.2698650 0.6360722 0.3641366 0.0780408 0.2399191 0.2718005 0.6314819 0.2560600 0.3546383 0.4962602 0.0523805 0.6379312 0.6905375 0.2763283 0.2486223 0.4443248 0.2499110 0.6469332 0.4639449 0.4971367 
Perityle_angustifolia_13_Eagle_creek       0.5458048 0.2062462 0.3800202 0.3885022 0.2106539 0.2999556 0.3481017 0.2558212 0.3853232 0.2728559 0.2696119 0.0719754 0.0448216 0.2211018 0.0000000 0.2673329 0.0638302 0.4786379 0.3255810 0.0659699 0.0594929 0.0573512 0.2031237 0.0284802 0.0662742 0.0531369 0.0819267 0.3654331 0.4219583 0.3595003 0.3440576 0.3056355 0.2757178 0.0564566 0.3378298 0.5556466 0.0548984 0.5196323 0.3301125 0.0370029 0.2164397 0.5526514 0.0589865 0.4817919 0.5221159 0.0731851 0.0609730 0.0628417 0.5422987 0.0701249 0.0405599 0.0352953 0.2604837 0.0150566 0.2553969 0.2963945 0.0578592 0.0644134 0.0655670 0.4695099 0.3264767 0.0847085 0.3018787 0.0826138 0.2938650 0.0552539 0.0496348 0.0744515 0.0775070 0.4333499 0.0661310 0.0537002 0.1312220 0.0232949 0.2785111 0.3110201 0.0581805 0.0807943 0.3382922 0.0719743 0.2714562 0.2970272 0.4064553 
Perityle_batopilensis_97                   0.4336775 0.2480284 0.2664659 0.4049322 0.1950197 0.2908261 0.3375154 0.3119289 0.2693271 0.1884034 0.1832046 0.2577719 0.2169093 0.5519075 0.2673329 0.0000000 0.0942975 0.2930943 0.2402175 0.2645767 0.1908075 0.3745240 0.2631132 0.1932569 0.2691207 0.1797123 0.1884990 0.2647246 0.5059391 0.2592235 0.1730663 0.1616118 0.2071216 0.2190058 0.4240372 0.4869164 0.2696344 0.4124409 0.0079642 0.2263084 0.5760049 0.4829207 0.2534516 0.5160017 0.4575207 0.1951499 0.2094712 0.2343002 0.4191383 0.1553458 0.2569796 0.1995888 0.2397325 0.2641620 0.2130822 0.3847384 0.2412096 0.2143535 0.2603908 0.5344381 0.1398343 0.2123165 0.1985051 0.1942014 0.2314389 0.1092440 0.1324249 0.2815834 0.1473455 0.3887778 0.2191521 0.1507016 0.1484743 0.2068816 0.2554865 0.1378925 0.1709549 0.2271142 0.3459394 0.2167943 0.1838897 0.2115806 0.3554419 
Perityle_bisetosa_9                        0.4374414 0.0779852 0.0697177 0.3539707 0.0644222 0.0240745 0.2372199 0.0796260 0.2283424 0.0696846 0.0526165 0.0300353 0.0276355 0.5384523 0.0638302 0.0942975 0.0000000 0.0425819 0.0878139 0.0127758 0.0406554 0.0000010 0.0754485 0.0913393 0.0534043 0.0873336 0.0718917 0.1128744 0.5742217 0.0119147 0.1037587 0.1052048 0.0810537 0.0313398 0.3342731 0.6280545 0.0335735 0.4750020 0.0418886 0.0942230 0.5835800 0.5950863 0.0379265 0.6505606 0.5557791 0.0954358 0.0257281 0.1559257 0.5148421 0.0979672 0.0617362 0.0855671 0.0816163 0.0112838 0.0445461 0.0637817 0.0451377 0.0316051 0.0568983 0.6154337 0.1091312 0.0265136 0.1047867 0.0717772 0.0759599 0.1034575 0.0119442 0.1376916 0.1159066 0.3403844 0.0349460 0.0360997 0.0944648 0.0000010 0.0774856 0.1121808 0.0866049 0.0431975 0.3188956 0.0347271 0.0793596 0.0648383 0.2803995 
Perityle_californica_76_positas            0.5179840 0.1668446 0.4776129 0.3991596 0.4167458 0.2047488 0.3549067 0.2146815 0.5354484 0.4144283 0.4173022 0.6769184 0.7111341 0.7136745 0.4786379 0.2930943 0.0425819 0.0000000 0.4726937 0.7057074 0.4347925 0.6238586 0.2612957 0.6967401 0.5977835 0.7049296 0.6839358 0.4783653 0.5659267 0.3342265 0.3145630 0.4381755 0.3473564 0.7308583 0.2224135 0.3809983 0.6894778 0.6265920 0.4624163 0.7065802 0.7317860 0.3888278 0.6457306 0.1364440 0.6185432 0.6943044 0.6936090 0.4476647 0.3924596 0.6815476 0.5931385 0.5855555 0.5655800 0.4648436 0.2630422 0.2597270 0.4331215 0.7085710 0.7126360 0.4835791 0.4246050 0.6752072 0.4655524 0.6776246 0.4336396 0.0290613 0.1464008 0.6790823 0.6590865 0.4569430 0.6899536 0.1995104 0.2813475 0.2140355 0.4910023 0.3875752 0.4922244 0.6949725 0.2822060 0.6973397 0.3912307 0.0516256 0.2501941 
Perityle_canescens_77                      0.3920085 0.2717011 0.2736342 0.4413085 0.2825436 0.2999792 0.3137687 0.3272906 0.3555875 0.2652060 0.2967161 0.3950831 0.3837224 0.5855461 0.3255810 0.2402175 0.0878139 0.4726937 0.0000000 0.3988811 0.2959420 0.4262503 0.2598311 0.3697031 0.3604708 0.3719528 0.3625996 0.2885764 0.5068859 0.2869731 0.2433190 0.3426087 0.2666230 0.3863326 0.4333922 0.3407246 0.3851271 0.6171463 0.2799976 0.3846121 0.5827950 0.3397459 0.3705864 0.3932518 0.5905978 0.3780116 0.3652790 0.2852292 0.3307150 0.3770892 0.3496770 0.3679565 0.3748979 0.3389860 0.2709086 0.4338893 0.2713067 0.3764639 0.3765191 0.5747196 0.1639824 0.3827583 0.2328536 0.3693880 0.3399815 0.0480609 0.1406025 0.4020161 0.3629912 0.4630085 0.3806329 0.1765690 0.2393032 0.1731490 0.3490732 0.1206764 0.3187156 0.3856212 0.3771080 0.3775759 0.2577954 0.3393233 0.3673521 
Perityle_castillonii_96                    0.6466022 0.2019881 0.5134221 0.4233930 0.3467193 0.2994745 0.3809120 0.2885234 0.4584927 0.3683466 0.3632775 0.0908161 0.0604150 0.2295683 0.0659699 0.2645767 0.0127758 0.7057074 0.3988811 0.0000000 0.0720654 0.0849659 0.2025479 0.0799754 0.0892998 0.0982275 0.1166650 0.4910928 0.5819851 0.4202600 0.3941433 0.4463457 0.2787037 0.0688987 0.3378278 0.6993235 0.0709831 0.6531176 0.5231220 0.0918167 0.2508342 0.6959540 0.0788854 0.5479832 0.7144108 0.1066692 0.0780556 0.1282204 0.6434967 0.1242428 0.0819797 0.0752492 0.3657098 0.0505949 0.2638221 0.3110611 0.0885779 0.0845628 0.0997359 0.5438236 0.4364746 0.1088099 0.4123455 0.1241417 0.3187438 0.0744053 0.0543398 0.1447651 0.1222181 0.4672240 0.0897317 0.0592226 0.1722553 0.0358134 0.3301890 0.4557182 0.0873504 0.1022550 0.3954768 0.0924523 0.3875699 0.2960751 0.4226005 
Perityle_cernua_84                         0.5165556 0.1974002 0.3263301 0.4504583 0.1739794 0.2857693 0.3886170 0.2595944 0.3560099 0.2133892 0.2093102 0.0672507 0.0493692 0.2968379 0.0594929 0.1908075 0.0406554 0.4347925 0.2959420 0.0720654 0.0000000 0.0616332 0.1730415 0.0722448 0.0725771 0.0829301 0.0900340 0.3211031 0.5336991 0.3625009 0.2724148 0.2169938 0.2527627 0.0306014 0.3390887 0.6495668 0.0346911 0.5592903 0.2813734 0.0757946 0.3229217 0.6361346 0.0589746 0.6253670 0.5949831 0.0733147 0.0510756 0.1107952 0.5898303 0.0797161 0.0623554 0.0694248 0.1974915 0.0552678 0.2636813 0.2971063 0.0632360 0.0590118 0.0656893 0.5575562 0.2382767 0.0691247 0.2596688 0.0917665 0.1946148 0.0780121 0.0312283 0.1351998 0.0869311 0.4281688 0.0590629 0.0585627 0.1445933 0.0441991 0.1991293 0.2701142 0.0858437 0.0758102 0.3262555 0.0611274 0.2294798 0.2964250 0.4098578 
Perityle_cfvillosa_25_tin                  0.4517457 0.1181432 0.4617305 0.4711965 0.3486316 0.3105693 0.4793226 0.2347305 0.5442810 0.3779539 0.3766872 0.0766170 0.0867002 0.0891500 0.0573512 0.3745240 0.0000010 0.6238586 0.4262503 0.0849659 0.0616332 0.0000000 0.1898586 0.0689802 0.0773720 0.0803573 0.1056121 0.4734877 0.3960589 0.4331554 0.5117320 0.4778467 0.3825176 0.0601344 0.1849578 0.4514405 0.0666578 0.4785192 0.4243839 0.0598163 0.0730714 0.4531594 0.0120473 0.2997537 0.4642850 0.0757803 0.0120729 0.0188506 0.4413779 0.0822305 0.0688010 0.0709244 0.4173108 0.0627090 0.3087504 0.2152092 0.0825893 0.0202338 0.0120250 0.3167435 0.4688086 0.0781622 0.4221110 0.1086445 0.4627379 0.0231637 0.0553472 0.0732862 0.0422885 0.3795024 0.0222132 0.0352522 0.2065051 0.0398632 0.4298154 0.4445218 0.0622793 0.0804141 0.2204361 0.0039867 0.4089980 0.3344199 0.3191370 
Perityle_cinerea_113_Powell1310            0.2282121 0.2004309 0.2153454 0.3326354 0.1980663 0.1512451 0.3146019 0.2758678 0.2980162 0.2256913 0.2070732 0.1864559 0.1971998 0.2139210 0.2031237 0.2631132 0.0754485 0.2612957 0.2598311 0.2025479 0.1730415 0.1898586 0.0000000 0.2230694 0.2024606 0.2216120 0.2186791 0.2458031 0.2109153 0.2447895 0.2028213 0.2293100 0.2112003 0.2130453 0.2186286 0.2097009 0.1690841 0.2993078 0.2778457 0.2101263 0.1959118 0.2113349 0.1898586 0.2025556 0.2910090 0.1825696 0.1973287 0.2086484 0.2042029 0.1310583 0.1969817 0.2096655 0.2235887 0.2032664 0.2255803 0.2504245 0.1957348 0.2134739 0.2152695 0.2492891 0.2090450 0.2091053 0.2208573 0.2140426 0.2840892 0.0076475 0.1118042 0.1952139 0.1491170 0.2472620 0.2079087 0.1895974 0.2486454 0.2096994 0.3225126 0.2069123 0.2028035 0.2033090 0.1476958 0.2021678 0.2283880 0.2230943 0.2172310 
Perityle_coahuilensis_24                   0.6260734 0.2078001 0.5231989 0.4601602 0.3825087 0.3050266 0.4067668 0.2689326 0.4387609 0.3769624 0.4071328 0.1059912 0.0608449 0.1970238 0.0284802 0.1932569 0.0913393 0.6967401 0.3697031 0.0799754 0.0722448 0.0689802 0.2230694 0.0000000 0.0685169 0.0576340 0.0991056 0.4723758 0.6338576 0.4312244 0.3915567 0.3806250 0.2742940 0.0707912 0.3420370 0.7235191 0.0709514 0.6234116 0.5432820 0.0366993 0.2224003 0.7111922 0.0849728 0.6050081 0.7705987 0.0683426 0.0808528 0.0916841 0.6355020 0.0629970 0.0505125 0.0397018 0.2631310 0.0324354 0.2606714 0.3024808 0.0616629 0.0804910 0.0803318 0.5411292 0.3360314 0.1352399 0.3573608 0.1128968 0.3248146 0.1547595 0.0546696 0.1006141 0.0743275 0.4915205 0.0966473 0.0791147 0.1012250 0.0274782 0.3341415 0.4571397 0.0501869 0.1019956 0.3808908 0.0878272 0.3745772 0.2936281 0.3987857 
Perityle_cochisensis_44_cave_creek         0.5460549 0.1976194 0.4043568 0.3993999 0.2441202 0.2913995 0.3816522 0.2531488 0.4470619 0.3034879 0.3088203 0.0846584 0.0774218 0.2287814 0.0662742 0.2691207 0.0534043 0.5977835 0.3604708 0.0892998 0.0725771 0.0773720 0.2024606 0.0685169 0.0000000 0.0636673 0.0949458 0.4054920 0.4471408 0.4089825 0.3897506 0.3774789 0.3063369 0.0715483 0.3298786 0.5720092 0.0704133 0.5413649 0.3635437 0.0683013 0.2177836 0.5494738 0.0739605 0.4454571 0.5429188 0.0615613 0.0740874 0.0511818 0.5428759 0.0600856 0.0340276 0.0717374 0.3054081 0.0731098 0.2487753 0.2787012 0.0703453 0.0789037 0.0616715 0.4794944 0.3777800 0.0804686 0.3627926 0.1029882 0.3453467 0.0394147 0.0494647 0.1117245 0.0652864 0.4240253 0.0788225 0.0586750 0.1585885 0.0353144 0.3231308 0.3552810 0.0527489 0.0767733 0.3498414 0.0841848 0.3187699 0.2945562 0.3957922 
Perityle_congesta_202                      0.6115622 0.1987176 0.4858043 0.4384982 0.3287940 0.2995110 0.3900389 0.2763341 0.4452589 0.3147426 0.3489836 0.1148226 0.0754788 0.2156969 0.0531369 0.1797123 0.0873336 0.7049296 0.3719528 0.0982275 0.0829301 0.0803573 0.2216120 0.0576340 0.0636673 0.0000000 0.1039599 0.4667996 0.5752495 0.4392241 0.3763332 0.3381483 0.2704703 0.0830613 0.3344575 0.6727282 0.0903065 0.5991203 0.4909305 0.0686701 0.2496743 0.6659087 0.0960762 0.5872295 0.6667702 0.0694906 0.0858550 0.0654420 0.6261897 0.0674462 0.0783684 0.0410060 0.2686571 0.0567220 0.2507636 0.3075730 0.0573284 0.0887493 0.0727026 0.5497432 0.3292132 0.0962450 0.3605440 0.1097230 0.3130330 0.1077946 0.0637128 0.0930608 0.0596237 0.5038420 0.0964943 0.0834794 0.1273574 0.0312301 0.3123371 0.3546902 0.0246573 0.0972563 0.3797517 0.0947511 0.3500210 0.2952530 0.3897654 
Perityle_cordifolia_27                     0.6342176 0.2173810 0.5004869 0.4542256 0.3232445 0.2942330 0.3981932 0.2788131 0.4249607 0.3002305 0.3446844 0.1297736 0.1000641 0.2696969 0.0819267 0.1884990 0.0718917 0.6839358 0.3625996 0.1166650 0.0900340 0.1056121 0.2186791 0.0991056 0.0949458 0.1039599 0.0000000 0.4586191 0.6423737 0.4231477 0.3414615 0.3407528 0.2598409 0.0905957 0.3490621 0.6875654 0.1105938 0.6408932 0.5034602 0.0942694 0.2819405 0.6749319 0.1016194 0.6164967 0.6990852 0.1001626 0.0947860 0.1273787 0.6317194 0.1073428 0.0835863 0.0729599 0.1914182 0.0874841 0.2739392 0.3346944 0.0913495 0.0937911 0.1201097 0.5757967 0.3252280 0.1399696 0.3575566 0.0367909 0.2995949 0.1392936 0.0901646 0.1604564 0.1127562 0.5041637 0.1061215 0.0736896 0.1533101 0.0543815 0.3095823 0.3748808 0.0846541 0.1140439 0.4098695 0.1038939 0.3431967 0.2904645 0.4285727 
Perityle_cordifolia_68_tecolote            0.3786348 0.2482712 0.2689907 0.4976217 0.2684731 0.2803749 0.4162545 0.3492232 0.3944778 0.2478878 0.2538072 0.4907757 0.4632412 0.6628052 0.3654331 0.2647246 0.1128744 0.4783653 0.2885764 0.4910928 0.3211031 0.4734877 0.2458031 0.4723758 0.4054920 0.4667996 0.4586191 0.0000000 0.5623138 0.3171371 0.2251431 0.3640619 0.2572089 0.4473025 0.3887654 0.3088307 0.4662180 0.4899446 0.3198232 0.4300536 0.7072725 0.3191251 0.3878747 0.3857514 0.5527995 0.4125380 0.4528218 0.2934854 0.3197833 0.3994453 0.3896534 0.3919271 0.4343337 0.3819510 0.2676006 0.0544179 0.3125504 0.4260963 0.4428091 0.4700686 0.1880408 0.4677939 0.2607687 0.4609995 0.3395197 0.0649462 0.1401660 0.4446336 0.4067067 0.5473902 0.4663314 0.2042782 0.2708929 0.2263105 0.3648793 0.2103984 0.3263699 0.4564815 0.3393213 0.4363330 0.2790134 0.3194476 0.3511911 
Perityle_coronopifolia_28_patagonia        0.5049756 0.1843202 0.5011728 0.6091861 0.5014160 0.1317635 0.4907020 0.2535471 0.5830417 0.5624596 0.5390693 0.6395099 0.6086867 0.6015844 0.4219583 0.5059391 0.5742217 0.5659267 0.5068859 0.5819851 0.5336991 0.3960589 0.2109153 0.6338576 0.4471408 0.5752495 0.6423737 0.5623138 0.0000000 0.3126164 0.5824298 0.6160460 0.4438182 0.5942758 0.2037303 0.4823761 0.5580558 0.6960496 0.5405919 0.5635092 0.6936661 0.4774410 0.5527863 0.3368364 0.7146716 0.5738244 0.6150941 0.4909803 0.4225327 0.6025897 0.5023137 0.5695162 0.6292840 0.3883513 0.3051909 0.2657563 0.3803391 0.5876599 0.5114504 0.5594559 0.5744650 0.6616975 0.5174442 0.6241713 0.5925635 0.4539682 0.0738029 0.5918858 0.6162489 0.5328802 0.6644249 0.4273293 0.4623220 0.1381679 0.5780716 0.6015282 0.4892515 0.6027455 0.1084082 0.5920411 0.5627521 0.3387090 0.2199099 
Perityle_crassifolia_70_ventanas           0.2114096 0.0928792 0.1972598 0.3735186 0.2374952 0.2057196 0.2571655 0.1692124 0.3444602 0.1578014 0.1695574 0.4227367 0.4396797 0.4453325 0.3595003 0.2592235 0.0119147 0.3342265 0.2869731 0.4202600 0.3625009 0.4331554 0.2447895 0.4312244 0.4089825 0.4392241 0.4231477 0.3171371 0.3126164 0.0000000 0.2695242 0.3311377 0.1494609 0.4406203 0.1230697 0.2341887 0.4466536 0.4438946 0.2794216 0.4617130 0.4569909 0.2309148 0.4168738 0.1821995 0.4436101 0.3982445 0.4229088 0.3552697 0.2256997 0.4054368 0.4234146 0.4361791 0.4546251 0.3530925 0.2380541 0.2565121 0.3510152 0.4274029 0.4367948 0.3077352 0.2515812 0.4168358 0.2490129 0.4213553 0.3937336 0.0231595 0.0839279 0.4249907 0.3925298 0.2371058 0.4258457 0.1729108 0.2887784 0.1942240 0.4416001 0.2380652 0.3429888 0.4279836 0.2220260 0.4385430 0.1785991 0.2054670 0.0937021 
Perityle_cuneata_34_cuneata_San_antonio    0.3702906 0.2003511 0.2233476 0.3625416 0.2167877 0.2185492 0.2792081 0.2308421 0.3212282 0.1936682 0.1999587 0.3781057 0.3902834 0.6650049 0.3440576 0.1730663 0.1037587 0.3145630 0.2433190 0.3941433 0.2724148 0.5117320 0.2028213 0.3915567 0.3897506 0.3763332 0.3414615 0.2251431 0.5824298 0.2695242 0.0000000 0.2563439 0.1891491 0.3988132 0.3584724 0.3467506 0.4020490 0.5474632 0.2246570 0.3843430 0.7232826 0.3465439 0.3562049 0.4039362 0.5498684 0.3565227 0.3743113 0.3037994 0.3229555 0.3615314 0.3560499 0.3424229 0.3333082 0.3337012 0.2075613 0.3204398 0.3048625 0.3908328 0.4287651 0.5939945 0.1947150 0.3728828 0.1980111 0.3503806 0.3064335 0.1222036 0.1395332 0.4338677 0.3553855 0.4662243 0.3898892 0.1553355 0.1758961 0.1932752 0.3425614 0.1757841 0.2963080 0.3844160 0.3673083 0.3799298 0.1702794 0.0863985 0.3238386 
Perityle_cuneata_4                         0.5759102 0.1958532 0.4017431 0.4010636 0.3223959 0.2273629 0.3366411 0.2492244 0.3435755 0.2526247 0.3282883 0.4123519 0.3717082 0.7659305 0.3056355 0.1616118 0.1052048 0.4381755 0.3426087 0.4463457 0.2169938 0.4778467 0.2293100 0.3806250 0.3774789 0.3381483 0.3407528 0.3640619 0.6160460 0.3311377 0.2563439 0.0000000 0.2471928 0.3363277 0.3502220 0.5366464 0.4190917 0.6154918 0.3697786 0.3774560 0.7802343 0.5219181 0.3667850 0.4649570 0.6315354 0.3600568 0.3343329 0.2915160 0.4794363 0.3417875 0.3510263 0.2736742 0.3005547 0.3080547 0.2921841 0.3349880 0.2943213 0.3210724 0.4651474 0.5538792 0.2817179 0.3422577 0.3274433 0.3376452 0.2647975 0.1141823 0.1591642 0.4542973 0.3299949 0.5115125 0.3377205 0.1784378 0.2055302 0.1901991 0.2923976 0.2963751 0.2030193 0.3608367 0.3844392 0.3340829 0.2729744 0.2107513 0.3330104 
Perityle_discoidea_81                      0.3553387 0.1767707 0.2022312 0.3467414 0.1746459 0.1745506 0.2519550 0.2104883 0.2714935 0.0076305 0.1198064 0.2712480 0.2776571 0.5774247 0.2757178 0.2071216 0.0810537 0.3473564 0.2666230 0.2787037 0.2527627 0.3825176 0.2112003 0.2742940 0.3063369 0.2704703 0.2598409 0.2572089 0.4438182 0.1494609 0.1891491 0.2471928 0.0000000 0.2885025 0.2754245 0.4166921 0.2821999 0.4835110 0.2769556 0.2811350 0.6319803 0.4083754 0.2660551 0.4150688 0.4951144 0.2599895 0.2616470 0.2836272 0.3789784 0.2498461 0.2868832 0.2765113 0.2862573 0.2813053 0.2025452 0.2923216 0.2732823 0.2677962 0.3034759 0.5384955 0.2076025 0.2603302 0.1993140 0.2710580 0.2576715 0.0970830 0.0839481 0.3369308 0.2347378 0.3598008 0.2742385 0.1519125 0.2032728 0.1933363 0.2782204 0.1960009 0.2275511 0.2743991 0.3456760 0.2755932 0.1213087 0.2317158 0.2441338 
Perityle_dissecta_201                      0.6425651 0.2283470 0.4851611 0.4495245 0.2707038 0.3218391 0.3991692 0.2882683 0.4492422 0.2894228 0.2959498 0.0749402 0.0582328 0.2362003 0.0564566 0.2190058 0.0313398 0.7308583 0.3863326 0.0688987 0.0306014 0.0601344 0.2130453 0.0707912 0.0715483 0.0830613 0.0905957 0.4473025 0.5942758 0.4406203 0.3988132 0.3363277 0.2885025 0.0000000 0.3623407 0.7091389 0.0500127 0.6456529 0.4810026 0.0799088 0.2649232 0.7063430 0.0617498 0.6304318 0.6703249 0.0701863 0.0502855 0.1014943 0.6643414 0.0824937 0.0655297 0.0666924 0.2586721 0.0564367 0.2710039 0.3218848 0.0679682 0.0604563 0.0652264 0.5583396 0.3467034 0.0728336 0.3725088 0.0955163 0.2856289 0.0812079 0.0446951 0.1373248 0.0879576 0.4969751 0.0637680 0.0564399 0.1479688 0.0481443 0.2900904 0.3554895 0.0789061 0.0775973 0.4018619 0.0596223 0.3344822 0.3206289 0.4136711 
Perityle_emoryi_47_punta_san_jose          0.1385333 0.0686172 0.1302316 0.4150381 0.3003868 0.1406329 0.3515362 0.1991167 0.4541180 0.2829660 0.2786570 0.3330940 0.3327956 0.4266352 0.3378298 0.4240372 0.3342731 0.2224135 0.4333922 0.3378278 0.3390887 0.1849578 0.2186286 0.3420370 0.3298786 0.3344575 0.3490621 0.3887654 0.2037303 0.1230697 0.3584724 0.3502220 0.2754245 0.3623407 0.0000000 0.3013378 0.3287156 0.3850126 0.3340639 0.3354405 0.4540437 0.2987959 0.3193508 0.3067067 0.3784996 0.3344985 0.3231013 0.3451929 0.2979609 0.3182429 0.3409963 0.3570152 0.3640205 0.3055960 0.3380959 0.2911795 0.3121247 0.3343319 0.3348086 0.3382463 0.3859791 0.3375476 0.3351666 0.3451035 0.3338067 0.2519816 0.0874023 0.3817023 0.2908167 0.3042835 0.3305084 0.3162863 0.3976010 0.1671882 0.3551518 0.4092200 0.3380576 0.3578469 0.2166484 0.3264693 0.3141820 0.2650298 0.1606281 
Perityle_feddemae_99                       0.3417162 0.1882592 0.3368517 0.6378434 0.4142924 0.2023751 0.4627483 0.2659703 0.5318905 0.3828648 0.3837036 0.7328014 0.6979347 0.7300302 0.5556466 0.4869164 0.6280545 0.3809983 0.3407246 0.6993235 0.6495668 0.4514405 0.2097009 0.7235191 0.5720092 0.6727282 0.6875654 0.3088307 0.4823761 0.2341887 0.3467506 0.5366464 0.4166921 0.7091389 0.3013378 0.0000000 0.6705941 0.5967041 0.2683413 0.6325218 0.8204578 0.0311359 0.6115753 0.0788462 0.6588150 0.6452223 0.6826426 0.5868309 0.0333874 0.6765288 0.5810428 0.6500525 0.6601872 0.5109367 0.3150493 0.2783495 0.4928681 0.6642132 0.6122704 0.5950154 0.4053325 0.7004593 0.3510433 0.6791759 0.5770414 0.5367805 0.1346102 0.6862719 0.6924849 0.5429162 0.7099042 0.4799921 0.5268192 0.1846672 0.6022046 0.2888185 0.6290251 0.7141037 0.3179410 0.6727902 0.4139838 0.2386286 0.3409815 
Perityle_fosteri_93                        0.6494040 0.2015284 0.4871352 0.4133000 0.3023790 0.2751945 0.3862912 0.2690197 0.4583304 0.3380411 0.3246938 0.0649934 0.0620588 0.2267576 0.0548984 0.2696344 0.0335735 0.6894778 0.3851271 0.0709831 0.0346911 0.0666578 0.1690841 0.0709514 0.0704133 0.0903065 0.1105938 0.4662180 0.5580558 0.4466536 0.4020490 0.4190917 0.2821999 0.0500127 0.3287156 0.6705941 0.0000000 0.6065108 0.4825331 0.0733810 0.2351840 0.6719430 0.0608572 0.5334363 0.6166731 0.0822322 0.0646133 0.1148267 0.6530378 0.0959811 0.0612586 0.0707502 0.3469960 0.0526118 0.2632616 0.2878899 0.0659080 0.0672409 0.0792494 0.5423530 0.4399995 0.0807390 0.4061232 0.1165195 0.3058607 0.0632196 0.0221398 0.1289500 0.0975559 0.4623412 0.0761099 0.0458107 0.1598970 0.0318958 0.3042991 0.4002972 0.0828702 0.0824022 0.3882015 0.0739808 0.3600105 0.2912168 0.4126690 
Perityle_gamon_221                         0.6399525 0.2529371 0.5296099 0.7299744 0.5292448 0.2581796 0.6331304 0.3768992 0.6233451 0.5252738 0.5429188 0.6428057 0.6285072 0.7630933 0.5196323 0.4124409 0.4750020 0.6265920 0.6171463 0.6531176 0.5592903 0.4785192 0.2993078 0.6234116 0.5413649 0.5991203 0.6408932 0.4899446 0.6960496 0.4438946 0.5474632 0.6154918 0.4835110 0.6456529 0.3850126 0.5967041 0.6065108 0.0000000 0.4457732 0.5909329 0.8416741 0.5833021 0.5672835 0.5066970 0.0648112 0.5934082 0.5996354 0.5487193 0.5563583 0.5600060 0.5506245 0.5642295 0.6791886 0.5242768 0.4136783 0.3262685 0.4981431 0.6103466 0.6085032 0.6099258 0.5365069 0.6482664 0.5364401 0.6398721 0.5614976 0.3446540 0.1538423 0.6347593 0.5293124 0.6420030 0.6158071 0.4541288 0.4889261 0.2663216 0.5637440 0.5507643 0.5224836 0.6583865 0.3266700 0.6190016 0.5790097 0.4015421 0.3973276 
Perityle_gentryi_8_san_francisco           0.3869220 0.2595705 0.3312016 0.3840985 0.2726534 0.2915981 0.3512598 0.3123094 0.4054773 0.2652786 0.2705750 0.5139002 0.5078280 0.5892094 0.3301125 0.0079642 0.0418886 0.4624163 0.2799976 0.5231220 0.2813734 0.4243839 0.2778457 0.5432820 0.3635437 0.4909305 0.5034602 0.3198232 0.5405919 0.2794216 0.2246570 0.3697786 0.2769556 0.4810026 0.3340639 0.2683413 0.4825331 0.4457732 0.0000000 0.4445599 0.6292616 0.2611622 0.4029625 0.2923229 0.5155587 0.4255972 0.5204992 0.2787276 0.2643523 0.4007380 0.3661894 0.3878713 0.4625506 0.3113718 0.2606575 0.3859955 0.3126347 0.4542169 0.4555751 0.4078025 0.2417179 0.5135592 0.2565991 0.4890741 0.3641190 0.0153669 0.1385204 0.5255915 0.4767782 0.4186720 0.5298502 0.1874162 0.2058435 0.2184734 0.4343803 0.2075223 0.2922516 0.4465288 0.3366630 0.4727336 0.2924171 0.2121937 0.3292037 
Perityle_gilensis_22_Superstition          0.5822237 0.2014477 0.4437177 0.4490407 0.2846550 0.2911294 0.4106224 0.2684500 0.4478167 0.2991445 0.3123410 0.0933243 0.0852301 0.2286558 0.0370029 0.2263084 0.0942230 0.7065802 0.3846121 0.0918167 0.0757946 0.0598163 0.2101263 0.0366993 0.0683013 0.0686701 0.0942694 0.4300536 0.5635092 0.4617130 0.3843430 0.3774560 0.2811350 0.0799088 0.3354405 0.6325218 0.0733810 0.5909329 0.4445599 0.0000000 0.2407417 0.6364785 0.0776343 0.5392476 0.5751982 0.0717138 0.0726909 0.0861527 0.6140785 0.0645325 0.0532077 0.0483848 0.2971110 0.0402275 0.2606476 0.3003984 0.0590808 0.0812341 0.0642955 0.5402137 0.3523583 0.1005060 0.3410801 0.1014698 0.3131082 0.1247856 0.0542968 0.1130466 0.0570142 0.4761781 0.0908199 0.0773935 0.1036399 0.0312820 0.3038448 0.3284247 0.0555046 0.1004506 0.3700186 0.0823984 0.3125613 0.2913262 0.4122109 
Perityle_gilensis_salensis_225             0.7767118 0.2425078 0.6933848 0.7708661 0.6655992 0.2909433 0.7254785 0.3221202 0.7464242 0.6851387 0.6544134 0.2682900 0.2431453 0.0627048 0.2164397 0.5760049 0.5835800 0.7317860 0.5827950 0.2508342 0.3229217 0.0730714 0.1959118 0.2224003 0.2177836 0.2496743 0.2819405 0.7072725 0.6936661 0.4569909 0.7232826 0.7802343 0.6319803 0.2649232 0.4540437 0.8204578 0.2351840 0.8416741 0.6292616 0.2407417 0.0000000 0.8330877 0.2837912 0.7184113 0.8649292 0.2715688 0.2554051 0.3467006 0.7785392 0.3028518 0.2344089 0.2646774 0.6466872 0.1920636 0.4920793 0.3289767 0.2191263 0.2824747 0.2108351 0.6899909 0.7306439 0.2825786 0.6700323 0.2920137 0.6513896 0.4812550 0.0635029 0.2795173 0.2811884 0.6025838 0.2728880 0.3913102 0.5433410 0.0276654 0.6497931 0.7550134 0.3158873 0.2761881 0.4379515 0.2794351 0.6992294 0.4539229 0.5094474 
Perityle_glaucescens_94                    0.3469010 0.1942049 0.3275660 0.6368328 0.4155867 0.1971515 0.4520833 0.2621945 0.5289628 0.3797858 0.3896048 0.7138245 0.6841450 0.7316761 0.5526514 0.4829207 0.5950863 0.3888278 0.3397459 0.6959540 0.6361346 0.4531594 0.2113349 0.7111922 0.5494738 0.6659087 0.6749319 0.3191251 0.4774410 0.2309148 0.3465439 0.5219181 0.4083754 0.7063430 0.2987959 0.0311359 0.6719430 0.5833021 0.2611622 0.6364785 0.8330877 0.0000000 0.6064825 0.0501197 0.6285788 0.6462357 0.6658257 0.5897489 0.0188144 0.6740449 0.5651977 0.6391292 0.6564128 0.5039404 0.3084778 0.2963066 0.4773716 0.6579640 0.6154263 0.6041491 0.3925885 0.6773086 0.3564098 0.6693652 0.5573760 0.5204337 0.1355097 0.6861679 0.6827966 0.5379989 0.6939603 0.4828176 0.5352195 0.1858988 0.5850425 0.2937533 0.6208751 0.6992558 0.3033686 0.6656380 0.4108331 0.2396462 0.3412456 
Perityle_gracilis_11                       0.5561636 0.1838615 0.3958646 0.4160229 0.2459537 0.3090769 0.3931910 0.2635174 0.4351142 0.2818445 0.2687748 0.0745645 0.0770229 0.2498427 0.0589865 0.2534516 0.0379265 0.6457306 0.3705864 0.0788854 0.0589746 0.0120473 0.1898586 0.0849728 0.0739605 0.0960762 0.1016194 0.3878747 0.5527863 0.4168738 0.3562049 0.3667850 0.2660551 0.0617498 0.3193508 0.6115753 0.0608572 0.5672835 0.4029625 0.0776343 0.2837912 0.6064825 0.0000000 0.5245736 0.5641929 0.0912541 0.0074344 0.0791308 0.5782845 0.0855744 0.0663980 0.0784036 0.2837675 0.0565819 0.2361288 0.2682167 0.0680890 0.0112044 0.0335727 0.5305145 0.3563106 0.0787866 0.3324662 0.1049907 0.2906560 0.0788438 0.0590730 0.1292593 0.0806116 0.4419295 0.0161906 0.0168303 0.1568826 0.0357685 0.2734863 0.3367289 0.0792142 0.0828309 0.3709904 0.0124679 0.2882427 0.2832016 0.3956011 
Perityle_harkerae_31                       0.3464992 0.1986170 0.3245295 0.6135344 0.4899708 0.2061136 0.4567512 0.2536865 0.4514000 0.4866563 0.4390693 0.5823783 0.6033859 0.6249738 0.4817919 0.5160017 0.6505606 0.1364440 0.3932518 0.5479832 0.6253670 0.2997537 0.2025556 0.6050081 0.4454571 0.5872295 0.6164967 0.3857514 0.3368364 0.1821995 0.4039362 0.4649570 0.4150688 0.6304318 0.3067067 0.0788462 0.5334363 0.5066970 0.2923229 0.5392476 0.7184113 0.0501197 0.5245736 0.0000000 0.5150252 0.5672538 0.5888463 0.5419871 0.0119443 0.5925210 0.4812134 0.6066404 0.6279316 0.4237083 0.3185458 0.3005958 0.4091690 0.5949529 0.4527920 0.5813835 0.4606641 0.5905265 0.4332790 0.6243650 0.4958498 0.5590875 0.1353371 0.5601626 0.5724974 0.4477355 0.6025304 0.4817144 0.5342744 0.1856749 0.5164364 0.3988482 0.5903225 0.6220564 0.2758720 0.5918469 0.4506115 0.2470792 0.3401976 
Perityle_hofmeisteria_4_nombre_de_dios     0.6570537 0.2240261 0.5796377 0.7493349 0.6242423 0.2664867 0.6104137 0.3693177 0.6163957 0.6295214 0.6614864 0.7305117 0.6778278 0.7724420 0.5221159 0.4575207 0.5557791 0.6185432 0.5905978 0.7144108 0.5949831 0.4642850 0.2910090 0.7705987 0.5429188 0.6667702 0.6990852 0.5527995 0.7146716 0.4436101 0.5498684 0.6315354 0.4951144 0.6703249 0.3784996 0.6588150 0.6166731 0.0648112 0.5155587 0.5751982 0.8649292 0.6285788 0.5641929 0.5150252 0.0000000 0.6249016 0.6929221 0.5429350 0.5234652 0.6108356 0.5477432 0.5964065 0.6829901 0.5314692 0.4226403 0.3557774 0.4970194 0.6288737 0.6113075 0.5817968 0.5810495 0.7570808 0.5527649 0.6779502 0.5764803 0.4220359 0.1530836 0.6585115 0.6797103 0.6523934 0.7406938 0.4376722 0.5071704 0.2487008 0.5871031 0.6325703 0.5597233 0.6838230 0.3175381 0.6577550 0.6308050 0.4104186 0.4065193 
