84
Amauria_brandeegeana_62                    0.0000000 0.0565030 0.0853405 0.1697195 0.1028948 0.0323682 0.1613540 0.1774622 0.2068873 0.0961367 0.1088684 0.0778689 0.0839432 0.0760103 0.0776455 0.0842788 0.0781171 0.0793541 0.0958092 0.0782715 0.0804964 0.0779067 0.0557345 0.0779994 0.0787551 0.0807249 0.0834876 0.0882833 0.1197272 0.0504623 0.0603967 0.1290659 0.1099819 0.0757424 0.0803873 0.1209745 0.0845570 0.1238454 0.0833266 0.2188403 0.0802409 0.1179903 0.0780170 0.1408882 0.1300972 0.0805532 0.0788603 0.0788688 0.1163097 0.0850261 0.0833879 0.0812710 0.0835332 0.0827834 0.1162928 0.0575715 0.0808681 0.0798008 0.0779067 0.1235556 0.1395414 0.1641142 0.0640830 0.0769786 0.1169773 0.0825499 0.1178233 0.1105327 0.1066983 0.0781766 0.0779994 0.0747117 0.0844098 0.0798168 0.0803326 0.0464878 0.1179759 0.1087376 0.0808978 0.0802290 0.1241820 0.0779067 0.0468544 0.1007711 
Amauria_carterae_99_mesa                   0.0565030 0.0000000 0.0323634 0.1480664 0.0537293 0.0453368 0.0992961 0.1353279 0.1595133 0.0459995 0.0613984 0.0561965 0.0608141 0.0540288 0.0527968 0.0606091 0.0551703 0.0493923 0.0599810 0.0549574 0.0506176 0.0551329 0.0460649 0.0528550 0.0561896 0.0574009 0.0593723 0.0674751 0.0652392 0.0563152 0.0735492 0.0771614 0.0519184 0.0313255 0.0528006 0.0690960 0.0551684 0.0589815 0.0594621 0.1682036 0.0539924 0.0652974 0.0551329 0.0694107 0.0655429 0.0551501 0.0551628 0.0562898 0.0663996 0.0572962 0.0595865 0.0550292 0.0628699 0.0550170 0.0741533 0.0647455 0.0602319 0.0574214 0.0551329 0.0696421 0.1476832 0.1119433 0.0610457 0.0550522 0.0630770 0.0593588 0.0691379 0.0613725 0.1027414 0.0563954 0.0528550 0.0661255 0.0619124 0.0562420 0.0595763 0.0463028 0.0736172 0.0602107 0.0552233 0.0549668 0.0643162 0.0551329 0.0551047 0.0574435 
Amauria_rotundifolia_SRR9119150            0.0853405 0.0323634 0.0000000 0.1655840 0.0468905 0.0257064 0.1559791 0.1337287 0.1831143 0.0465614 0.0887044 0.0957376 0.1052049 0.0975865 0.0877362 0.0990100 0.0998238 0.0447561 0.0598344 0.0968667 0.1008833 0.0983416 0.0556592 0.0984582 0.0973544 0.1002148 0.1034350 0.1046383 0.0775822 0.0489731 0.0661115 0.1569399 0.0727227 0.0381808 0.0966135 0.1126183 0.1053219 0.1231675 0.0932256 0.1868723 0.1324124 0.1136020 0.0933913 0.0958129 0.1168890 0.0967732 0.0824310 0.0992412 0.0633594 0.1033407 0.1016303 0.0972651 0.1043729 0.1001014 0.0997354 0.0623383 0.0658427 0.0992374 0.0983416 0.1213114 0.1387141 0.1656690 0.0627768 0.0949093 0.0622675 0.1034325 0.0685469 0.1062310 0.0997414 0.0965102 0.0984582 0.0556117 0.1035166 0.1001454 0.1020178 0.0407404 0.0705666 0.0783993 0.1018844 0.0946020 0.0879207 0.0983416 0.0550015 0.0570290 
Conoclinium_coelestinum_SRR9119114         0.1697195 0.1480664 0.1655840 0.0000000 0.1448326 0.1467738 0.1224206 0.1554688 0.2114064 0.1664529 0.1550896 0.1387202 0.1462966 0.1400917 0.1374236 0.1380068 0.1388254 0.1440695 0.1417272 0.1411668 0.1395009 0.1422063 0.1386582 0.1389022 0.1420588 0.1457103 0.1431381 0.1454458 0.1649020 0.1442096 0.1735681 0.1666888 0.1679605 0.1517422 0.1402263 0.1737702 0.1435450 0.1760151 0.1357793 0.2491647 0.1494805 0.1722377 0.1433093 0.1662794 0.1769154 0.1385050 0.1457497 0.1444848 0.1624166 0.1404184 0.1444009 0.1413610 0.1490152 0.1425853 0.1651555 0.1413219 0.1456737 0.1433548 0.1422063 0.1641846 0.2380790 0.1958706 0.1442278 0.1398719 0.1605802 0.1442865 0.1606014 0.1623625 0.2081572 0.1425513 0.1389022 0.1471573 0.1468642 0.1433073 0.1444223 0.1560882 0.1607370 0.1563674 0.1413819 0.1433961 0.1556806 0.1433548 0.1400411 0.1539111 
Eutetras_palmeri_63                        0.1028948 0.0537293 0.0468905 0.1448326 0.0000000 0.0030068 0.1120635 0.1230879 0.1762785 0.0519894 0.0404682 0.0475626 0.0542542 0.0451566 0.0489342 0.0562145 0.0468533 0.0427123 0.0388830 0.0473754 0.0530613 0.0461168 0.0383913 0.0507532 0.0467456 0.0475976 0.0544772 0.0622299 0.0494278 0.0447540 0.0681998 0.1188975 0.0431043 0.0467111 0.0497211 0.0472774 0.0572455 0.0519015 0.0559638 0.1536629 0.0688588 0.0493056 0.0466648 0.0841876 0.0569327 0.0520858 0.0468043 0.0472825 0.0513548 0.0543649 0.0507135 0.0481665 0.0553173 0.0511770 0.0638666 0.0430591 0.0500093 0.0475954 0.0460149 0.0466519 0.1291429 0.1250634 0.0435316 0.0467396 0.0420966 0.0552897 0.0531250 0.0422734 0.0877482 0.0502983 0.0507532 0.0547994 0.0527950 0.0464447 0.0498254 0.0339910 0.0565766 0.0505842 0.0502234 0.0502923 0.0640150 0.0468101 0.0335448 0.0379001 
Eutetras_pringlei_149_quer                 0.0323682 0.0453368 0.0257064 0.1467738 0.0030068 0.0000000 0.0845110 0.1607103 0.1201951 0.0389141 0.0275042 0.0274516 0.0368441 0.0274968 0.0274662 0.0244423 0.0243369 0.0305556 0.0213150 0.0243677 0.0274892 0.0243893 0.0212468 0.0306554 0.0243677 0.0275003 0.0243888 0.0368689 0.0274187 0.0306487 0.0275007 0.0305364 0.0273633 0.0388828 0.0243677 0.0273985 0.0243030 0.0306438 0.0244423 0.0826821 0.0306392 0.0243417 0.0243893 0.0274082 0.0369655 0.0307022 0.0243893 0.0243893 0.0243417 0.0336756 0.0306368 0.0243548 0.0243862 0.0274662 0.0306105 0.0433279 0.0338023 0.0275416 0.0243893 0.0338154 0.1019360 0.0388834 0.0212763 0.0274229 0.0212666 0.0212763 0.0224811 0.0257748 0.0257432 0.0244377 0.0306554 0.0249617 0.0337532 0.0243893 0.0274759 0.0243893 0.0224811 0.0182418 0.0274915 0.0305391 0.0305665 0.0275035 0.0337316 0.0276891 
Eutrochium_fistulosum_SRR9119106           0.1613540 0.0992961 0.1559791 0.1224206 0.1120635 0.0845110 0.0000000 0.1135532 0.1916104 0.1642467 0.1434119 0.1259670 0.1331710 0.1232424 0.1244411 0.1383830 0.1256182 0.0955433 0.1076122 0.1304518 0.1277807 0.1290929 0.0953704 0.1251420 0.1290004 0.1323193 0.1298777 0.1337529 0.1363186 0.0975612 0.1294298 0.1630243 0.1530113 0.1519861 0.1285232 0.1424632 0.1315139 0.1530248 0.1349154 0.2309138 0.1240979 0.1479657 0.1265906 0.1303932 0.1551373 0.1259391 0.1288642 0.1291330 0.1318972 0.1327243 0.1342727 0.1305492 0.1342875 0.1318386 0.1194952 0.0891491 0.1130236 0.1292624 0.1290929 0.1548459 0.1906179 0.1923229 0.1041674 0.1270259 0.1353171 0.1309644 0.1380087 0.1449198 0.1523925 0.1306263 0.1251420 0.1109557 0.1312387 0.1301160 0.1324649 0.1009135 0.1281245 0.1262941 0.1294383 0.1334405 0.1251928 0.1301564 0.0953761 0.0958460 
Galeana_pratensis_104_mex                  0.1774622 0.1353279 0.1337287 0.1554688 0.1230879 0.1607103 0.1135532 0.0000000 0.1779223 0.1403955 0.1395983 0.1281008 0.1315415 0.1268401 0.1251921 0.1300060 0.1321615 0.1217898 0.1224924 0.1288952 0.1254636 0.1282077 0.1181873 0.1282783 0.1280513 0.1308988 0.1314923 0.1348929 0.1454895 0.1329933 0.1536227 0.1650234 0.1390627 0.1402375 0.1239540 0.1381751 0.1281538 0.1397637 0.1286304 0.2940379 0.1335571 0.1408761 0.1282077 0.1436441 0.1464206 0.1269844 0.1296334 0.1308555 0.1347490 0.1304954 0.1333447 0.1264985 0.1329289 0.1264953 0.1414486 0.1250355 0.1171055 0.1282000 0.1282077 0.1423233 0.2063134 0.1854438 0.1249063 0.1280015 0.1364494 0.1329329 0.1290923 0.1282676 0.1702501 0.1314169 0.1282783 0.1429310 0.1322682 0.1294908 0.1281417 0.1835734 0.1323877 0.1395185 0.1262074 0.1314190 0.1438005 0.1281247 0.1306170 0.1307403 
Helianthus_annuus_SRR9119062               0.2068873 0.1595133 0.1831143 0.2114064 0.1762785 0.1201951 0.1916104 0.1779223 0.0000000 0.1842274 0.1952243 0.1457690 0.1529225 0.1420432 0.1480262 0.1608694 0.1495129 0.1550968 0.1706162 0.1469085 0.1488458 0.1469032 0.1145768 0.1415354 0.1457079 0.1511452 0.1530981 0.1524638 0.1916524 0.1392635 0.1535481 0.1955949 0.1852191 0.1858232 0.1460931 0.1868036 0.1568898 0.1929918 0.1586063 0.2761589 0.1479372 0.1878384 0.1470119 0.1864240 0.1992009 0.1464742 0.1511130 0.1468487 0.1848445 0.1505352 0.1479859 0.1470812 0.1544797 0.1504748 0.1933936 0.1264721 0.1556684 0.1479986 0.1478014 0.1873354 0.1999084 0.2246032 0.1359308 0.1467347 0.1833751 0.1542148 0.1935363 0.1896296 0.1775292 0.1496897 0.1405661 0.1510942 0.1481306 0.1479520 0.1467618 0.1026638 0.1952402 0.1880890 0.1494296 0.1517981 0.1784501 0.1479986 0.1214498 0.1710538 
Lycapsus_tenuifolius_17                    0.0961367 0.0459995 0.0465614 0.1664529 0.0519894 0.0389141 0.1642467 0.1403955 0.1842274 0.0000000 0.0656445 0.0878021 0.0941760 0.0866007 0.0741706 0.0954039 0.0862572 0.0514627 0.0612318 0.0769130 0.0860970 0.0877659 0.0639240 0.0885878 0.0839530 0.0779523 0.0882494 0.0974285 0.0833625 0.0327076 0.0504446 0.1528951 0.0629873 0.0205717 0.0844324 0.0886647 0.0925794 0.0901669 0.0847292 0.1808423 0.1260442 0.1014239 0.0784539 0.1094923 0.1037512 0.0879613 0.0830452 0.0878026 0.0636872 0.0938890 0.0900983 0.0864243 0.0891313 0.0809047 0.1003039 0.0689262 0.0732110 0.0901870 0.0877659 0.0985539 0.1508655 0.1553534 0.0633603 0.0845476 0.0662878 0.0890865 0.0674192 0.0846716 0.1062151 0.0793178 0.0885878 0.0370041 0.0951276 0.0840730 0.0898837 0.0484400 0.0709149 0.0848248 0.0911544 0.0866120 0.0944056 0.0869429 0.0582130 0.0584470 
Pericome_caudata_50_silver                 0.1088684 0.0613984 0.0887044 0.1550896 0.0404682 0.0275042 0.1434119 0.1395983 0.1952243 0.0656445 0.0000000 0.0755267 0.0889131 0.0810748 0.0810886 0.0924395 0.0742575 0.0493236 0.0511764 0.0838131 0.0846866 0.0780093 0.0558554 0.0778615 0.0775765 0.0784812 0.0792459 0.0956385 0.0635359 0.0543436 0.0794492 0.1626984 0.0554549 0.0632512 0.0768828 0.0800188 0.0946923 0.0808658 0.0942516 0.1687931 0.1311439 0.0812972 0.0826580 0.0966365 0.0750591 0.0835246 0.0711891 0.0741334 0.0612741 0.0885946 0.0932628 0.0823028 0.0846442 0.0897636 0.0945042 0.0608177 0.0643795 0.0801076 0.0727293 0.0724458 0.1462320 0.1605713 0.0595940 0.0734738 0.0584926 0.0853756 0.0495657 0.0407703 0.1046354 0.0821174 0.0779068 0.0610722 0.0862818 0.0835257 0.0874148 0.0469818 0.0536316 0.0605654 0.0864065 0.0836555 0.0938723 0.0923104 0.0466422 0.0541515 
Perityle_aglossa_84_dead_horse             0.0778689 0.0561965 0.0957376 0.1387202 0.0475626 0.0274516 0.1259670 0.1281008 0.1457690 0.0878021 0.0755267 0.0000000 0.0182971 0.0112929 0.0150723 0.0379162 0.0145536 0.0497689 0.0402074 0.0087682 0.0251618 0.0173261 0.0336790 0.0175911 0.0143316 0.0366533 0.0302745 0.0787727 0.0802903 0.0460269 0.0735452 0.1494086 0.0825935 0.0793903 0.0144469 0.1052041 0.0245047 0.1129215 0.0333295 0.1367761 0.1168838 0.1292408 0.0156541 0.1048351 0.1203124 0.0182807 0.0408492 0.0626590 0.0600385 0.0187674 0.0297456 0.0111017 0.0356136 0.0129111 0.0773382 0.0268662 0.0240708 0.0499725 0.0553367 0.1163047 0.1406787 0.1142220 0.0274733 0.0084468 0.0670606 0.0300963 0.0768838 0.1261116 0.0734695 0.0154932 0.0170292 0.0447981 0.0784914 0.0705439 0.0173906 0.0141764 0.0697366 0.0977772 0.0172902 0.0206463 0.0826550 0.0620527 0.0402845 0.0288902 
Perityle_ajoensis_204                      0.0839432 0.0608141 0.1052049 0.1462966 0.0542542 0.0368441 0.1331710 0.1315415 0.1529225 0.0941760 0.0889131 0.0182971 0.0000000 0.0119046 0.0140174 0.0398349 0.0174886 0.0508999 0.0475370 0.0131755 0.0216086 0.0154050 0.0352847 0.0139211 0.0135657 0.0238008 0.0321388 0.0389927 0.0946432 0.0524315 0.0769286 0.1525789 0.0866623 0.0858400 0.0117754 0.1133978 0.0268480 0.1166974 0.0368287 0.1482265 0.1056666 0.1206402 0.0170096 0.0946586 0.1162724 0.0190061 0.0238491 0.0233121 0.0691620 0.0110840 0.0167180 0.0153860 0.0321613 0.0167517 0.0820950 0.0384002 0.0294032 0.0233216 0.0219098 0.1186163 0.1349435 0.1205224 0.0298175 0.0154521 0.0742546 0.0328951 0.0829170 0.1278521 0.0779433 0.0191697 0.0139211 0.0513860 0.0297907 0.0227352 0.0169209 0.0211981 0.0782485 0.0931951 0.0202858 0.0161245 0.0830797 0.0226014 0.0457969 0.0380824 
Perityle_ambrosiifolia_67_green            0.0760103 0.0540288 0.0975865 0.1400917 0.0451566 0.0274968 0.1232424 0.1268401 0.1420432 0.0866007 0.0810748 0.0112929 0.0119046 0.0000000 0.0073786 0.0335624 0.0112084 0.0467356 0.0393908 0.0058444 0.0144009 0.0104915 0.0305786 0.0048790 0.0078413 0.0144333 0.0250869 0.0312683 0.0876148 0.0460305 0.0719692 0.1426247 0.0810807 0.0778730 0.0055707 0.0998543 0.0200457 0.1071929 0.0292936 0.1328974 0.0979606 0.1113569 0.0103257 0.0884145 0.1086101 0.0120259 0.0144626 0.0127133 0.0619149 0.0118905 0.0118903 0.0083887 0.0265618 0.0083535 0.0744783 0.0291491 0.0220384 0.0141425 0.0127292 0.1120098 0.1329791 0.1134135 0.0231401 0.0084533 0.0663614 0.0258368 0.0764003 0.1176537 0.0690540 0.0117684 0.0048790 0.0459588 0.0205880 0.0135069 0.0127301 0.0124034 0.0714941 0.0841587 0.0140287 0.0091587 0.0767147 0.0134273 0.0392082 0.0269069 
Perityle_angustifolia_13_Eagle_creek       0.0776455 0.0527968 0.0877362 0.1374236 0.0489342 0.0274662 0.1244411 0.1251921 0.1480262 0.0741706 0.0810886 0.0150723 0.0140174 0.0073786 0.0000000 0.0330146 0.0130708 0.0486686 0.0409302 0.0051329 0.0230150 0.0125122 0.0305670 0.0116379 0.0109375 0.0143858 0.0252173 0.0347798 0.0760148 0.0428821 0.0687631 0.1355818 0.0649834 0.0725766 0.0081548 0.0958461 0.0214698 0.0952559 0.0333340 0.1286182 0.0841173 0.0943376 0.0135665 0.1069353 0.0916367 0.0161583 0.0139641 0.0152277 0.0648488 0.0145770 0.0152096 0.0108372 0.0255543 0.0068477 0.0762426 0.0291371 0.0208508 0.0157821 0.0123141 0.0972576 0.1349876 0.1137417 0.0219253 0.0123165 0.0704002 0.0260375 0.0783666 0.0896606 0.0731686 0.0149196 0.0116448 0.0430450 0.0182380 0.0124779 0.0119366 0.0123980 0.0729892 0.0710839 0.0158257 0.0122745 0.0786761 0.0130498 0.0370387 0.0317812 
Perityle_batopilensis_97                   0.0842788 0.0606091 0.0990100 0.1380068 0.0562145 0.0244423 0.1383830 0.1300060 0.1608694 0.0954039 0.0924395 0.0379162 0.0398349 0.0335624 0.0330146 0.0000000 0.0312903 0.0518469 0.0547247 0.0304690 0.0357679 0.0348898 0.0384881 0.0369255 0.0341686 0.0394554 0.0424938 0.0463271 0.1043493 0.0545043 0.0783316 0.1607411 0.0888365 0.0891954 0.0353543 0.1139923 0.0408151 0.1247556 0.0035870 0.1570479 0.1174583 0.1268590 0.0330357 0.1125295 0.1231780 0.0371977 0.0402793 0.0415496 0.0758784 0.0408390 0.0375604 0.0350965 0.0439785 0.0348232 0.0884979 0.0409366 0.0370836 0.0415663 0.0401599 0.1304696 0.1392883 0.1276740 0.0402597 0.0350645 0.0810880 0.0432572 0.0845845 0.1314559 0.0875022 0.0306455 0.0369255 0.0520857 0.0466244 0.0403037 0.0388435 0.0253045 0.0791703 0.1017289 0.0369631 0.0334918 0.0814898 0.0408375 0.0490644 0.0421906 
Perityle_bisetosa_9                        0.0781171 0.0551703 0.0998238 0.1388254 0.0468533 0.0243369 0.1256182 0.1321615 0.1495129 0.0862572 0.0742575 0.0145536 0.0174886 0.0112084 0.0130708 0.0312903 0.0000000 0.0488414 0.0412518 0.0102834 0.0183478 0.0125827 0.0289799 0.0159219 0.0104493 0.0315814 0.0245065 0.0574192 0.0900469 0.0450064 0.0703506 0.1457603 0.0819534 0.0806126 0.0113769 0.1083274 0.0155573 0.1162854 0.0289180 0.1352946 0.1241017 0.1338654 0.0143153 0.1050969 0.1236198 0.0130882 0.0356954 0.0489190 0.0610397 0.0179660 0.0264979 0.0096600 0.0292382 0.0137513 0.0749385 0.0268617 0.0220153 0.0450807 0.0466498 0.1189074 0.1328738 0.1154258 0.0220191 0.0131513 0.0681620 0.0245198 0.0755916 0.1322463 0.0674598 0.0063177 0.0164979 0.0448564 0.0575045 0.0534030 0.0159352 0.0177631 0.0708279 0.1062612 0.0179809 0.0296072 0.0826482 0.0569946 0.0391666 0.0299399 
Perityle_californica_76_positas            0.0793541 0.0493923 0.0447561 0.1440695 0.0427123 0.0305556 0.0955433 0.1217898 0.1550968 0.0514627 0.0493236 0.0497689 0.0508999 0.0467356 0.0486686 0.0518469 0.0488414 0.0000000 0.0501324 0.0496557 0.0456480 0.0455846 0.0363996 0.0477980 0.0476381 0.0476939 0.0537706 0.0572028 0.0544227 0.0510042 0.0608258 0.0529895 0.0483277 0.0467521 0.0476276 0.0531756 0.0509420 0.0532795 0.0518469 0.1598175 0.0497811 0.0513626 0.0455846 0.0552703 0.0573519 0.0488333 0.0455846 0.0476803 0.0526297 0.0507427 0.0518429 0.0486701 0.0548581 0.0507536 0.0614454 0.0581197 0.0549009 0.0476264 0.0455846 0.0595147 0.1205345 0.1083172 0.0568644 0.0487432 0.0514923 0.0537592 0.0605999 0.0521300 0.0918395 0.0499781 0.0477980 0.0605956 0.0497759 0.0466203 0.0518064 0.0346122 0.0646686 0.0568357 0.0499546 0.0528053 0.0500133 0.0466358 0.0294532 0.0570324 
Perityle_canescens_77                      0.0958092 0.0599810 0.0598344 0.1417272 0.0388830 0.0213150 0.1076122 0.1224924 0.1706162 0.0612318 0.0511764 0.0402074 0.0475370 0.0393908 0.0409302 0.0547247 0.0412518 0.0501324 0.0000000 0.0435876 0.0419639 0.0430029 0.0406542 0.0411577 0.0429351 0.0448483 0.0491455 0.0542973 0.0352045 0.0488602 0.0711976 0.1056478 0.0506029 0.0614692 0.0400223 0.0401505 0.0522942 0.0387237 0.0537792 0.1636729 0.0542403 0.0428612 0.0411503 0.0445306 0.0430932 0.0419812 0.0430093 0.0448518 0.0446398 0.0455380 0.0475566 0.0418277 0.0510308 0.0446183 0.0450291 0.0476761 0.0549096 0.0448399 0.0430029 0.0373390 0.1312367 0.0972024 0.0469919 0.0410994 0.0335041 0.0482062 0.0627464 0.0557524 0.0997241 0.0449375 0.0411577 0.0528148 0.0494492 0.0429682 0.0466396 0.0376211 0.0655232 0.0216485 0.0467689 0.0461984 0.0390142 0.0439298 0.0387035 0.0442742 
Perityle_castillonii_96                    0.0782715 0.0549574 0.0968667 0.1411668 0.0473754 0.0243677 0.1304518 0.1288952 0.1469085 0.0769130 0.0838131 0.0087682 0.0131755 0.0058444 0.0051329 0.0304690 0.0102834 0.0496557 0.0435876 0.0000000 0.0124392 0.0095103 0.0289980 0.0080419 0.0080311 0.0117218 0.0232534 0.0297123 0.0744779 0.0439110 0.0703096 0.1407269 0.0673562 0.0755523 0.0050794 0.0976727 0.0197241 0.0957564 0.0306842 0.1404462 0.0864689 0.0954564 0.0103139 0.0928435 0.0915871 0.0124448 0.0112171 0.0109848 0.0649126 0.0123937 0.0117115 0.0087320 0.0240292 0.0075450 0.0758001 0.0279875 0.0197893 0.0109894 0.0095103 0.0995491 0.1330112 0.1145238 0.0219467 0.0087644 0.0702547 0.0232737 0.0792963 0.0930261 0.0716378 0.0117550 0.0080419 0.0423482 0.0161623 0.0102423 0.0110835 0.0088343 0.0745082 0.0687116 0.0132173 0.0079796 0.0798514 0.0102477 0.0381014 0.0327560 
Perityle_cernua_84                         0.0804964 0.0506176 0.1008833 0.1395009 0.0530613 0.0274892 0.1277807 0.1254636 0.1488458 0.0860970 0.0846866 0.0251618 0.0216086 0.0144009 0.0230150 0.0357679 0.0183478 0.0456480 0.0419639 0.0124392 0.0000000 0.0218009 0.0274669 0.0238069 0.0210122 0.0240603 0.0276568 0.0316280 0.0765237 0.0449924 0.0687430 0.1458086 0.0778970 0.0803243 0.0209876 0.0959935 0.0238265 0.1034965 0.0332929 0.1396220 0.1000829 0.1054260 0.0229625 0.1082022 0.1013823 0.0240759 0.0228589 0.0219109 0.0649941 0.0228456 0.0237783 0.0162457 0.0276659 0.0182774 0.0755782 0.0257393 0.0208530 0.0244988 0.0217289 0.1064207 0.1331156 0.1130087 0.0230773 0.0210226 0.0678311 0.0290922 0.0777454 0.0993339 0.0717421 0.0205170 0.0238209 0.0475314 0.0296100 0.0193358 0.0189214 0.0177980 0.0714069 0.0726048 0.0224801 0.0203056 0.0775528 0.0224199 0.0370183 0.0268379 
Perityle_cfvillosa_25_tin                  0.0779067 0.0551329 0.0983416 0.1422063 0.0461168 0.0243893 0.1290929 0.1282077 0.1469032 0.0877659 0.0780093 0.0173261 0.0154050 0.0104915 0.0125122 0.0348898 0.0125827 0.0455846 0.0430029 0.0095103 0.0218009 0.0000000 0.0321260 0.0138748 0.0046843 0.0060691 0.0290697 0.0357741 0.0866875 0.0471140 0.0688535 0.1404470 0.0820772 0.0812558 0.0105323 0.1002360 0.0230204 0.1103374 0.0310925 0.1323075 0.1008526 0.1102937 0.0035351 0.1049478 0.1088512 0.0148070 0.0067599 0.0066714 0.0617873 0.0159523 0.0078849 0.0103154 0.0297878 0.0129244 0.0723149 0.0314426 0.0251778 0.0086144 0.0026407 0.1135192 0.1313838 0.1132588 0.0286313 0.0119699 0.0680169 0.0304756 0.0778286 0.1171065 0.0720700 0.0140842 0.0138827 0.0448386 0.0120157 0.0056074 0.0098508 0.0053017 0.0733100 0.0858156 0.0163525 0.0119736 0.0765932 0.0046263 0.0403294 0.0329740 
Perityle_cinerea_113_Powell1310            0.0557345 0.0460649 0.0556592 0.1386582 0.0383913 0.0212468 0.0953704 0.1181873 0.1145768 0.0639240 0.0558554 0.0336790 0.0352847 0.0305786 0.0305670 0.0384881 0.0289799 0.0363996 0.0406542 0.0289980 0.0274669 0.0321260 0.0000000 0.0321793 0.0305670 0.0352965 0.0383550 0.0399684 0.0559746 0.0466612 0.0460722 0.0494738 0.0526621 0.0548939 0.0289906 0.0558029 0.0230758 0.0542884 0.0384881 0.1066425 0.0337285 0.0495254 0.0321260 0.0560759 0.0591902 0.0321919 0.0321260 0.0352615 0.0511511 0.0336526 0.0337152 0.0274616 0.0399323 0.0262999 0.0577753 0.0286726 0.0205733 0.0352943 0.0321260 0.0519874 0.0608882 0.0689975 0.0189246 0.0289777 0.0471437 0.0383430 0.0575180 0.0592256 0.0216167 0.0306540 0.0321793 0.0565272 0.0384249 0.0336790 0.0337055 0.0125828 0.0641811 0.0511184 0.0290430 0.0305373 0.0351431 0.0336960 0.0319242 0.0271201 
Perityle_coahuilensis_24                   0.0779994 0.0528550 0.0984582 0.1389022 0.0507532 0.0306554 0.1251420 0.1282783 0.1415354 0.0885878 0.0778615 0.0175911 0.0139211 0.0048790 0.0116379 0.0369255 0.0159219 0.0477980 0.0411577 0.0080419 0.0238069 0.0138748 0.0321793 0.0000000 0.0110722 0.0341145 0.0313211 0.0811300 0.0895888 0.0471415 0.0736670 0.1478519 0.0867853 0.0804776 0.0101369 0.1085917 0.0222896 0.1162388 0.0334019 0.1244844 0.1146055 0.1325971 0.0135477 0.1057871 0.1274051 0.0156765 0.0369688 0.0589524 0.0643193 0.0137458 0.0276733 0.0110141 0.0380212 0.0106328 0.0790125 0.0314677 0.0241312 0.0468521 0.0510118 0.1171649 0.1332159 0.1142408 0.0264384 0.0155133 0.0689804 0.0318994 0.0796844 0.1367146 0.0720937 0.0155152 0.0005329 0.0466231 0.0777376 0.0694452 0.0137913 0.0142122 0.0724685 0.1031501 0.0184511 0.0319810 0.0841380 0.0581350 0.0392224 0.0309859 
Perityle_cochisensis_44_cave_creek         0.0787551 0.0561896 0.0973544 0.1420588 0.0467456 0.0243677 0.1290004 0.1280513 0.1457079 0.0839530 0.0775765 0.0143316 0.0135657 0.0078413 0.0109375 0.0341686 0.0104493 0.0476381 0.0429351 0.0080311 0.0210122 0.0046843 0.0305670 0.0110722 0.0000000 0.0059232 0.0253237 0.0322021 0.0771466 0.0481184 0.0703412 0.1360272 0.0779850 0.0802458 0.0084445 0.0969268 0.0214917 0.1069560 0.0310546 0.1283753 0.0906837 0.1066762 0.0063731 0.1064935 0.1023744 0.0129146 0.0059747 0.0065421 0.0608729 0.0141415 0.0184450 0.0076929 0.0260950 0.0098552 0.0722588 0.0314235 0.0230110 0.0071437 0.0045365 0.1129681 0.1349876 0.1160919 0.0275102 0.0097481 0.0697062 0.0272669 0.0761119 0.1064007 0.0704763 0.0126514 0.0110785 0.0456850 0.0121724 0.0049533 0.0064559 0.0106151 0.0740899 0.0731302 0.0145818 0.0097510 0.0778729 0.0046253 0.0413729 0.0299007 
Perityle_congesta_202                      0.0807249 0.0574009 0.1002148 0.1457103 0.0475976 0.0275003 0.1323193 0.1308988 0.1511452 0.0779523 0.0784812 0.0366533 0.0238008 0.0144333 0.0143858 0.0394554 0.0315814 0.0476939 0.0448483 0.0117218 0.0240603 0.0060691 0.0352965 0.0341145 0.0059232 0.0000000 0.0460044 0.0585500 0.0749821 0.0492482 0.0721026 0.1390103 0.0725719 0.0784434 0.0307815 0.1037018 0.0241207 0.1191748 0.0333621 0.1360412 0.1120232 0.1259509 0.0056640 0.1066524 0.1177446 0.0365394 0.0058166 0.0056986 0.0634822 0.0256673 0.0412422 0.0134717 0.0498941 0.0152278 0.0741312 0.0337531 0.0262363 0.0062795 0.0031339 0.1018230 0.1352976 0.1172473 0.0308914 0.0314348 0.0698193 0.0398292 0.0795199 0.1223528 0.0751378 0.0155079 0.0341335 0.0475361 0.0092036 0.0054922 0.0250623 0.0070783 0.0750798 0.0962501 0.0379744 0.0321052 0.0853387 0.0038641 0.0425288 0.0339857 
Perityle_cordifolia_27                     0.0834876 0.0593723 0.1034350 0.1431381 0.0544772 0.0243888 0.1298777 0.1314923 0.1530981 0.0882494 0.0792459 0.0302745 0.0321388 0.0250869 0.0252173 0.0424938 0.0245065 0.0537706 0.0491455 0.0232534 0.0276568 0.0290697 0.0383550 0.0313211 0.0253237 0.0460044 0.0000000 0.0477227 0.0959166 0.0527387 0.0766967 0.1334821 0.0826565 0.0862996 0.0258371 0.1110713 0.0334022 0.1157269 0.0400472 0.1328324 0.1209167 0.1313268 0.0299663 0.1110526 0.1200101 0.0328082 0.0473215 0.0454472 0.0675152 0.0317652 0.0435842 0.0253752 0.0077320 0.0265161 0.0787344 0.0359918 0.0208697 0.0490979 0.0444629 0.1192875 0.1484173 0.1132777 0.0010808 0.0265116 0.0752577 0.0045609 0.0837904 0.1397634 0.0763409 0.0244428 0.0307053 0.0525790 0.0570288 0.0461779 0.0318837 0.0268059 0.0767767 0.1043385 0.0318090 0.0296624 0.0853383 0.0590316 0.0435183 0.0313886 
Perityle_cordifolia_68_tecolote            0.0882833 0.0674751 0.1046383 0.1454458 0.0622299 0.0368689 0.1337529 0.1348929 0.1524638 0.0974285 0.0956385 0.0787727 0.0389927 0.0312683 0.0347798 0.0463271 0.0574192 0.0572028 0.0542973 0.0297123 0.0316280 0.0357741 0.0399684 0.0811300 0.0322021 0.0585500 0.0477227 0.0000000 0.1013269 0.0566554 0.0783844 0.1611004 0.0993309 0.0896144 0.0486521 0.1155232 0.0383837 0.1242687 0.0410592 0.1572747 0.1494572 0.1416215 0.0304744 0.1122192 0.1566323 0.0426009 0.0631904 0.0885898 0.0730347 0.0399390 0.0578900 0.0307623 0.0884453 0.0340105 0.0895092 0.0088396 0.0359700 0.0688035 0.0763491 0.1317285 0.1426293 0.1287064 0.0333363 0.0796597 0.0791453 0.0416668 0.0884179 0.1519224 0.0838484 0.0323618 0.0811300 0.0537817 0.1050717 0.0949500 0.0416376 0.0304907 0.0842375 0.1256762 0.0655981 0.0724381 0.0824166 0.0680901 0.0534555 0.0411332 
Perityle_coronopifolia_28_patagonia        0.1197272 0.0652392 0.0775822 0.1649020 0.0494278 0.0274187 0.1363186 0.1454895 0.1916524 0.0833625 0.0635359 0.0802903 0.0946432 0.0876148 0.0760148 0.1043493 0.0900469 0.0544227 0.0352045 0.0744779 0.0765237 0.0866875 0.0559746 0.0895888 0.0771466 0.0749821 0.0959166 0.1013269 0.0000000 0.0571985 0.0789102 0.1594674 0.0683356 0.0728020 0.0876702 0.0477675 0.0864517 0.0571962 0.0882371 0.1716224 0.1302187 0.0512329 0.0744582 0.0781572 0.0641152 0.0843906 0.0783571 0.0817018 0.0436869 0.0951477 0.0923830 0.0855889 0.0967331 0.0776445 0.0716659 0.0618631 0.0666719 0.0831786 0.0794546 0.0391368 0.1254282 0.1201430 0.0621588 0.0810430 0.0092056 0.0967707 0.0724138 0.0890825 0.1122008 0.0756433 0.0895888 0.0654771 0.0878330 0.0773503 0.0924604 0.0525023 0.0705362 0.0411804 0.0937048 0.0850304 0.0672208 0.0801608 0.0386609 0.0494341 
Perityle_crassifolia_70_ventanas           0.0504623 0.0563152 0.0489731 0.1442096 0.0447540 0.0306487 0.0975612 0.1329933 0.1392635 0.0327076 0.0543436 0.0460269 0.0524315 0.0460305 0.0428821 0.0545043 0.0450064 0.0510042 0.0488602 0.0439110 0.0449924 0.0471140 0.0466612 0.0471415 0.0481184 0.0492482 0.0527387 0.0566554 0.0571985 0.0000000 0.0322108 0.0633582 0.0481111 0.0478642 0.0439033 0.0568383 0.0459899 0.0521117 0.0534211 0.1588542 0.0450214 0.0582777 0.0471140 0.0602718 0.0553222 0.0460761 0.0471382 0.0470963 0.0604428 0.0513011 0.0523664 0.0449842 0.0560084 0.0428821 0.0680845 0.0641653 0.0554047 0.0492649 0.0471140 0.0604403 0.1429107 0.0810171 0.0549547 0.0470486 0.0561404 0.0527275 0.0661392 0.0585661 0.1032870 0.0482848 0.0471415 0.0059646 0.0545541 0.0481607 0.0502684 0.0507374 0.0683699 0.0490597 0.0481241 0.0470735 0.0590803 0.0481770 0.0630468 0.0515178 
Perityle_crassifolia_74_playa_balandra     0.0603967 0.0735492 0.0661115 0.1735681 0.0681998 0.0275007 0.1294298 0.1536227 0.1535481 0.0504446 0.0794492 0.0735452 0.0769286 0.0719692 0.0687631 0.0783316 0.0703506 0.0608258 0.0711976 0.0703096 0.0687430 0.0688535 0.0460722 0.0736670 0.0703412 0.0721026 0.0766967 0.0783844 0.0789102 0.0322108 0.0000000 0.0690184 0.0670530 0.0645592 0.0687323 0.0799325 0.0717868 0.0745296 0.0766765 0.1288086 0.0720550 0.0709836 0.0688535 0.0723733 0.0794063 0.0720750 0.0689065 0.0688147 0.0709836 0.0752219 0.0736181 0.0719441 0.0766198 0.0687631 0.0904391 0.0775553 0.0799839 0.0721395 0.0688535 0.0807577 0.1189800 0.0849535 0.0750477 0.0719182 0.0756721 0.0766723 0.0833937 0.0834372 0.0504605 0.0737979 0.0736670 0.0297480 0.0785867 0.0704337 0.0704029 0.0454318 0.0866909 0.0747367 0.0735588 0.0734461 0.0829212 0.0704689 0.0631374 0.0754870 
Perityle_cuneata_34_cuneata_San_antonio    0.1290659 0.0771614 0.1569399 0.1666888 0.1188975 0.0305364 0.1630243 0.1650234 0.1955949 0.1528951 0.1626984 0.1494086 0.1525789 0.1426247 0.1355818 0.1607411 0.1457603 0.0529895 0.1056478 0.1407269 0.1458086 0.1404470 0.0494738 0.1478519 0.1360272 0.1390103 0.1334821 0.1611004 0.1594674 0.0633582 0.0690184 0.0000000 0.1514443 0.1530305 0.1474098 0.1846031 0.1546286 0.1762280 0.1542650 0.2057239 0.1633917 0.1845441 0.1400963 0.1869354 0.1855522 0.1510998 0.1376310 0.1498300 0.1364310 0.1470554 0.1646297 0.1453106 0.1426885 0.1436716 0.1392207 0.0580851 0.0906399 0.1499343 0.1484146 0.1986996 0.1288888 0.1708509 0.0677872 0.1461933 0.1583997 0.1312263 0.1554399 0.2007136 0.1026285 0.1407251 0.1478519 0.0787139 0.1591186 0.1591299 0.1518206 0.0432540 0.1414052 0.1613893 0.1596881 0.1511823 0.1306005 0.1509026 0.0438597 0.0923136 
Perityle_cuneata_4                         0.1099819 0.0519184 0.0727227 0.1679605 0.0431043 0.0273633 0.1530113 0.1390627 0.1852191 0.0629873 0.0554549 0.0825935 0.0866623 0.0810807 0.0649834 0.0888365 0.0819534 0.0483277 0.0506029 0.0673562 0.0778970 0.0820772 0.0526621 0.0867853 0.0779850 0.0725719 0.0826565 0.0993309 0.0683356 0.0481111 0.0670530 0.1514443 0.0000000 0.0521554 0.0811471 0.0801121 0.0927764 0.0955971 0.0720327 0.1763390 0.1145442 0.0979760 0.0695059 0.1006481 0.0789788 0.0853917 0.0812952 0.0818431 0.0561856 0.0873123 0.1012478 0.0809922 0.0895943 0.0702664 0.0902221 0.0557980 0.0600663 0.0862778 0.0825557 0.0749242 0.1481041 0.1502380 0.0539097 0.0804119 0.0577491 0.0861013 0.0662981 0.0673824 0.0948961 0.0725382 0.0862723 0.0566859 0.0915026 0.0813990 0.0876966 0.0397085 0.0713001 0.0750582 0.0907814 0.0829635 0.0922748 0.0858604 0.0434527 0.0513730 
Perityle_discoidea_81                      0.0757424 0.0313255 0.0381808 0.1517422 0.0467111 0.0388828 0.1519861 0.1402375 0.1858232 0.0205717 0.0632512 0.0793903 0.0858400 0.0778730 0.0725766 0.0891954 0.0806126 0.0467521 0.0614692 0.0755523 0.0803243 0.0812558 0.0548939 0.0804776 0.0802458 0.0784434 0.0862996 0.0896144 0.0728020 0.0478642 0.0645592 0.1530305 0.0521554 0.0000000 0.0776598 0.0905372 0.0903488 0.0882709 0.0829622 0.1865537 0.1185400 0.0961750 0.0768100 0.0769113 0.0936911 0.0795973 0.0767420 0.0821896 0.0643091 0.0839123 0.0847213 0.0793796 0.0872716 0.0779248 0.0995779 0.0623316 0.0681540 0.0830293 0.0812558 0.0893366 0.1408942 0.1517386 0.0616078 0.0776742 0.0656121 0.0862974 0.0673378 0.0728518 0.1060579 0.0786237 0.0804776 0.0537388 0.0893182 0.0821057 0.0830979 0.0464417 0.0700601 0.0744928 0.0822994 0.0790617 0.0942043 0.0812558 0.0520556 0.0589138 
Perityle_dissecta_201                      0.0803873 0.0528006 0.0966135 0.1402263 0.0497211 0.0243677 0.1285232 0.1239540 0.1460931 0.0844324 0.0768828 0.0144469 0.0117754 0.0055707 0.0081548 0.0353543 0.0113769 0.0476276 0.0400223 0.0050794 0.0209876 0.0105323 0.0289906 0.0101369 0.0084445 0.0307815 0.0258371 0.0486521 0.0876702 0.0439033 0.0687323 0.1474098 0.0811471 0.0776598 0.0000000 0.1080836 0.0199979 0.1134084 0.0325010 0.1344715 0.1118146 0.1304758 0.0120867 0.1044006 0.1214637 0.0129953 0.0342837 0.0346025 0.0631834 0.0116091 0.0235062 0.0102702 0.0285085 0.0098119 0.0745178 0.0279822 0.0197859 0.0359215 0.0318547 0.1169377 0.1311518 0.1099991 0.0208042 0.0102147 0.0668057 0.0271276 0.0775048 0.1343231 0.0716197 0.0133651 0.0101422 0.0447958 0.0427829 0.0351485 0.0116885 0.0106065 0.0730002 0.1000574 0.0143630 0.0113916 0.0808502 0.0428607 0.0380946 0.0297659 
Perityle_feddemae_99                       0.1209745 0.0690960 0.1126183 0.1737702 0.0472774 0.0273985 0.1424632 0.1381751 0.1868036 0.0886647 0.0800188 0.1052041 0.1133978 0.0998543 0.0958461 0.1139923 0.1083274 0.0531756 0.0401505 0.0976727 0.0959935 0.1002360 0.0558029 0.1085917 0.0969268 0.1037018 0.1110713 0.1155232 0.0477675 0.0568383 0.0799325 0.1846031 0.0801121 0.0905372 0.1080836 0.0000000 0.1092410 0.0774496 0.0996369 0.1878669 0.1465259 0.0269474 0.0951045 0.0422671 0.0778975 0.1092480 0.0957934 0.1036966 0.0206368 0.1139125 0.1109103 0.0975136 0.1102780 0.1042764 0.0804089 0.0581847 0.0665221 0.1037421 0.1020592 0.0776063 0.1254720 0.1470407 0.0584770 0.1059496 0.0441230 0.1111400 0.0745823 0.1017571 0.1057081 0.0972592 0.1085917 0.0624542 0.1085887 0.1033757 0.1118594 0.0523469 0.0735999 0.0516052 0.1087886 0.1108095 0.0804202 0.1028831 0.0444454 0.0473336 
Perityle_fosteri_93                        0.0845570 0.0551684 0.1053219 0.1435450 0.0572455 0.0243030 0.1315139 0.1281538 0.1568898 0.0925794 0.0946923 0.0245047 0.0268480 0.0200457 0.0214698 0.0408151 0.0155573 0.0509420 0.0522942 0.0197241 0.0238265 0.0230204 0.0230758 0.0222896 0.0214917 0.0241207 0.0334022 0.0383837 0.0864517 0.0459899 0.0717868 0.1546286 0.0927764 0.0903488 0.0199979 0.1092410 0.0000000 0.1123881 0.0381062 0.1510149 0.1050413 0.1180801 0.0237332 0.0892873 0.1127377 0.0245557 0.0250647 0.0245324 0.0738478 0.0260462 0.0252635 0.0192458 0.0334143 0.0229693 0.0826409 0.0324987 0.0241067 0.0245429 0.0230204 0.1222385 0.1346899 0.1231252 0.0264380 0.0199947 0.0753076 0.0342079 0.0843548 0.1140498 0.0631352 0.0166964 0.0223039 0.0513550 0.0298432 0.0238121 0.0253023 0.0159528 0.0777452 0.0821114 0.0252660 0.0214993 0.0806362 0.0237769 0.0434614 0.0289675 
Perityle_gamon_221                         0.1238454 0.0589815 0.1231675 0.1760151 0.0519015 0.0306438 0.1530248 0.1397637 0.1929918 0.0901669 0.0808658 0.1129215 0.1166974 0.1071929 0.0952559 0.1247556 0.1162854 0.0532795 0.0387237 0.0957564 0.1034965 0.1103374 0.0542884 0.1162388 0.1069560 0.1191748 0.1157269 0.1242687 0.0571962 0.0521117 0.0745296 0.1762280 0.0955971 0.0882709 0.1134084 0.0774496 0.1123881 0.0000000 0.1080646 0.1978620 0.1408642 0.0844504 0.0980419 0.0694882 0.0508477 0.1162488 0.1121258 0.1197081 0.0428410 0.1148090 0.1187766 0.1076394 0.1157533 0.0998620 0.0879995 0.0547137 0.0656035 0.1198958 0.1180309 0.0865554 0.1326986 0.1426378 0.0574268 0.1120671 0.0443117 0.1165639 0.0782037 0.0993592 0.0967752 0.1007971 0.1155878 0.0668217 0.1230824 0.1175007 0.1160069 0.0432027 0.0730155 0.0587325 0.1182113 0.1153293 0.0882832 0.1188755 0.0377464 0.0464061 
Perityle_gentryi_8_san_francisco           0.0833266 0.0594621 0.0932256 0.1357793 0.0559638 0.0244423 0.1349154 0.1286304 0.1586063 0.0847292 0.0942516 0.0333295 0.0368287 0.0292936 0.0333340 0.0035870 0.0289180 0.0518469 0.0537792 0.0306842 0.0332929 0.0310925 0.0384881 0.0334019 0.0310546 0.0333621 0.0400472 0.0410592 0.0882371 0.0534211 0.0766765 0.1542650 0.0720327 0.0829622 0.0325010 0.0996369 0.0381062 0.1080646 0.0000000 0.1573417 0.1066870 0.1037987 0.0333768 0.1049398 0.1020773 0.0340776 0.0317525 0.0326074 0.0741564 0.0371501 0.0348419 0.0309916 0.0408470 0.0350556 0.0852162 0.0397544 0.0359862 0.0326212 0.0310925 0.1108944 0.1373190 0.1266755 0.0390980 0.0318287 0.0810625 0.0408584 0.0867645 0.1038983 0.0859169 0.0311451 0.0334019 0.0515947 0.0356320 0.0313106 0.0334103 0.0234551 0.0809646 0.0811578 0.0341932 0.0301865 0.0815531 0.0318513 0.0457624 0.0411451 
Perityle_gilensis_22_Superstition          0.2188403 0.1682036 0.1868723 0.2491647 0.1536629 0.0826821 0.2309138 0.2940379 0.2761589 0.1808423 0.1687931 0.1367761 0.1482265 0.1328974 0.1286182 0.1570479 0.1352946 0.1598175 0.1636729 0.1404462 0.1396220 0.1323075 0.1066425 0.1244844 0.1283753 0.1360412 0.1328324 0.1572747 0.1716224 0.1588542 0.1288086 0.2057239 0.1763390 0.1865537 0.1344715 0.1878669 0.1510149 0.1978620 0.1573417 0.0000000 0.1426756 0.1846250 0.1377241 0.2048924 0.1893766 0.1385110 0.1360405 0.1392274 0.1751692 0.1437085 0.1371102 0.1377297 0.1361923 0.1460167 0.1735010 0.1236657 0.1444606 0.1360146 0.1342449 0.2013623 0.2251224 0.2360361 0.1378815 0.1332052 0.1814543 0.1317778 0.1756070 0.1888444 0.1206055 0.1371969 0.1244844 0.1462257 0.1435624 0.1434555 0.1462206 0.1437085 0.1799060 0.1768081 0.1434360 0.1407290 0.2046428 0.1351469 0.1195386 0.1478772 
Perityle_gilensis_salensis_225             0.0802409 0.0539924 0.1324124 0.1494805 0.0688588 0.0306392 0.1240979 0.1335571 0.1479372 0.1260442 0.1311439 0.1168838 0.1056666 0.0979606 0.0841173 0.1174583 0.1241017 0.0497811 0.0542403 0.0864689 0.1000829 0.1008526 0.0337285 0.1146055 0.0906837 0.1120232 0.1209167 0.1494572 0.1302187 0.0450214 0.0720550 0.1633917 0.1145442 0.1185400 0.1118146 0.1465259 0.1050413 0.1408642 0.1066870 0.1426756 0.0000000 0.1628942 0.0897274 0.1391842 0.1734213 0.1097971 0.1073221 0.1309367 0.0844308 0.1036742 0.1222494 0.0969675 0.1308327 0.0925628 0.0925272 0.0291701 0.0470733 0.1274437 0.1275416 0.1550587 0.1350567 0.1288873 0.0253671 0.1168983 0.1077684 0.1102023 0.1208093 0.1824026 0.0735724 0.0930018 0.1146055 0.0519784 0.1338134 0.1280134 0.1092426 0.0159900 0.0962757 0.1536339 0.1199997 0.1184281 0.0929638 0.1265822 0.0381609 0.0309674 
Perityle_glaucescens_94                    0.1179903 0.0652974 0.1136020 0.1722377 0.0493056 0.0243417 0.1479657 0.1408761 0.1878384 0.1014239 0.0812972 0.1292408 0.1206402 0.1113569 0.0943376 0.1268590 0.1338654 0.0513626 0.0428612 0.0954564 0.1054260 0.1102937 0.0495254 0.1325971 0.1066762 0.1259509 0.1313268 0.1416215 0.0512329 0.0582777 0.0709836 0.1845441 0.0979760 0.0961750 0.1304758 0.0269474 0.1180801 0.0844504 0.1037987 0.1846250 0.1628942 0.0000000 0.0922047 0.0371141 0.1140212 0.1302262 0.1271850 0.1351572 0.0043819 0.1217089 0.1332404 0.1082759 0.1304574 0.1019743 0.0801811 0.0559868 0.0622594 0.1363144 0.1330286 0.0975024 0.1331332 0.1424935 0.0551575 0.1284806 0.0410620 0.1181170 0.0727156 0.1398064 0.0983713 0.0965534 0.1325971 0.0637203 0.1402936 0.1292640 0.1319701 0.0450049 0.0739040 0.0773441 0.1327644 0.1330627 0.0827672 0.1338858 0.0333615 0.0494618 
Perityle_gracilis_11                       0.0780170 0.0551329 0.0933913 0.1433093 0.0466648 0.0243893 0.1265906 0.1282077 0.1470119 0.0784539 0.0826580 0.0156541 0.0170096 0.0103257 0.0135665 0.0330357 0.0143153 0.0455846 0.0411503 0.0103139 0.0229625 0.0035351 0.0321260 0.0135477 0.0063731 0.0056640 0.0299663 0.0304744 0.0744582 0.0471140 0.0688535 0.1400963 0.0695059 0.0768100 0.0120867 0.0951045 0.0237332 0.0980419 0.0333768 0.1377241 0.0897274 0.0922047 0.0000000 0.1016827 0.0935822 0.0164211 0.0050543 0.0064326 0.0618236 0.0168261 0.0099383 0.0115861 0.0299957 0.0137766 0.0732684 0.0314426 0.0251618 0.0070878 0.0035351 0.0947428 0.1313838 0.1161691 0.0286313 0.0120894 0.0671188 0.0307375 0.0778741 0.0939666 0.0720700 0.0164593 0.0135560 0.0457546 0.0099387 0.0043674 0.0089007 0.0053017 0.0733549 0.0713187 0.0179619 0.0135260 0.0779258 0.0042471 0.0403294 0.0329740 
Perityle_harkerae_31                       0.1408882 0.0694107 0.0958129 0.1662794 0.0841876 0.0274082 0.1303932 0.1436441 0.1864240 0.1094923 0.0966365 0.1048351 0.0946586 0.0884145 0.1069353 0.1125295 0.1050969 0.0552703 0.0445306 0.0928435 0.1082022 0.1049478 0.0560759 0.1057871 0.1064935 0.1066524 0.1110526 0.1122192 0.0781572 0.0602718 0.0723733 0.1869354 0.1006481 0.0769113 0.1044006 0.0422671 0.0892873 0.0694882 0.1049398 0.2048924 0.1391842 0.0371141 0.1016827 0.0000000 0.0806744 0.1106594 0.1057960 0.1048453 0.0313189 0.0966842 0.1099049 0.0934718 0.1119629 0.0786905 0.1070630 0.0582747 0.0632668 0.1075134 0.1049478 0.0516843 0.1349530 0.1318409 0.0562221 0.1064935 0.0450599 0.1119065 0.0975482 0.0854092 0.0995531 0.1064371 0.1057871 0.0913700 0.1117336 0.0929976 0.0926049 0.0467844 0.0964868 0.0860371 0.1037133 0.1115291 0.0748648 0.1058097 0.0365080 0.0494291 
Perityle_hofmeisteria_4_nombre_de_dios     0.1300972 0.0655429 0.1168890 0.1769154 0.0569327 0.0369655 0.1551373 0.1464206 0.1992009 0.1037512 0.0750591 0.1203124 0.1162724 0.1086101 0.0916367 0.1231780 0.1236198 0.0573519 0.0430932 0.0915871 0.1013823 0.1088512 0.0591902 0.1274051 0.1023744 0.1177446 0.1200101 0.1566323 0.0641152 0.0553222 0.0794063 0.1855522 0.0789788 0.0936911 0.1214637 0.0778975 0.1127377 0.0508477 0.1020773 0.1893766 0.1734213 0.1140212 0.0935822 0.0806744 0.0000000 0.1281931 0.1261656 0.1312503 0.0427150 0.1183067 0.1466695 0.1080677 0.1348751 0.0972784 0.0895649 0.0607151 0.0701326 0.1378854 0.1294214 0.0704236 0.1387121 0.1468148 0.0633681 0.1194109 0.0451480 0.1190678 0.0802534 0.1028871 0.1030595 0.0970534 0.1244464 0.0682127 0.1499897 0.1370840 0.1283933 0.0526155 0.0754633 0.0865209 0.1377267 0.1321083 0.0990133 0.1526033 0.0421111 0.0513450 
