85
Amauria_brandeegeana_62                    0.0000000 0.0707948 0.0424208 0.2019221 0.1542499 0.8194863 0.1550890 0.1199099 0.3428057 0.7136525 0.1215029 0.0916076 0.0805032 0.0879320 0.0891191 0.0877630 0.0877954 0.1648552 0.1118291 0.0886453 0.0912645 0.0919054 0.3264237 0.1004175 0.0969299 0.0902891 0.0972594 0.1000656 0.1101503 0.1187749 0.1557598 0.1436919 0.1232198 0.6748736 0.5558921 0.3682705 0.1172659 0.0978744 0.0982064 0.0890645 0.0928788 0.0809539 0.1129212 0.0991006 0.1264340 0.0993291 0.2701212 0.0968810 0.0888437 0.1115101 0.0911536 0.0951858 0.0912332 0.0876984 0.0961952 0.1248186 0.1008350 0.0867272 0.0880556 0.1009029 0.1322133 0.1013397 0.0738708 0.0939855 0.1065379 0.0000010 0.0905012 0.0959560 0.1104480 0.0879217 0.0940737 0.1296142 0.0969659 0.0966942 0.0811461 0.1377148 0.1065481 0.0951622 0.0917277 0.0966738 0.1164476 0.0867558 0.0791666 0.1233367 0.1213451 
Amauria_carterae_99_mesa                   0.0707948 0.0000000 0.0898015 0.1212849 0.1072741 0.1499579 0.1346818 0.1093107 0.2066355 0.2235193 0.0990705 0.0894742 0.0921280 0.0980927 0.0919732 0.0932240 0.0930850 0.1188141 0.1070084 0.0679747 0.0932918 0.0931280 0.1494092 0.0971201 0.0921327 0.0906497 0.1122043 0.1062550 0.1118317 0.1186145 0.1101701 0.1035195 0.0998523 0.1874486 0.1265659 0.1406067 0.0998019 0.1034632 0.1076467 0.0933748 0.0982760 0.0896612 0.1046580 0.0678125 0.1009809 0.1102799 0.1037978 0.0983843 0.0905453 0.1022359 0.0955572 0.0917640 0.1011078 0.0943426 0.1020172 0.1153811 0.1282707 0.0881523 0.0905597 0.1030088 0.1048207 0.1042429 0.1043006 0.0931870 0.1043257 0.1289977 0.0955683 0.0754252 0.0764491 0.1019119 0.0945543 0.1196172 0.0942890 0.0945521 0.0602400 0.0846415 0.1054926 0.1023322 0.0932898 0.1020505 0.1332838 0.0929696 0.0746704 0.0939768 0.1038378 
Amauria_rotundifolia_SRR9119150            0.0424208 0.0898015 0.0000000 0.1989782 0.1631150 0.1991072 0.1774066 0.1161257 0.2810431 0.1946568 0.1470966 0.1351317 0.1351408 0.1272087 0.1190770 0.1141927 0.1251456 0.2575010 0.1282103 0.0827148 0.1181811 0.1333664 0.2869784 0.1290515 0.1155854 0.1354782 0.1672096 0.1423409 0.1394396 0.1209944 0.1227785 0.1486406 0.1695815 0.1588656 0.2041766 0.1499107 0.1376171 0.1168368 0.1750662 0.1175590 0.1242165 0.1336634 0.1431574 0.0979261 0.1343946 0.1383545 0.2212878 0.1310139 0.1371048 0.1308981 0.1131944 0.1360056 0.1355701 0.1094594 0.1195466 0.1174241 0.1592618 0.1373706 0.1366929 0.1429982 0.1384976 0.1384609 0.1075449 0.1403469 0.1421978 0.2384014 0.1195153 0.1046866 0.1077139 0.2015823 0.1237123 0.1466901 0.1436665 0.1366565 0.0791131 0.1018187 0.1150398 0.1324808 0.1340540 0.1407045 0.1343421 0.1358678 0.1096852 0.1130181 0.1093562 
Conoclinium_coelestinum_SRR9119114         0.2019221 0.1212849 0.1989782 0.0000000 0.2185052 0.2171271 0.1247446 0.1300696 0.3057819 0.2727147 0.1979393 0.1904056 0.1888687 0.1972106 0.1791589 0.1799261 0.1940480 0.2501942 0.2015874 0.1980316 0.1848380 0.1762095 0.2345424 0.1920050 0.1812398 0.1919865 0.2312357 0.2035315 0.2150703 0.1813615 0.1680907 0.2186742 0.1989055 0.2009099 0.2154198 0.1940696 0.1982574 0.1954223 0.2151226 0.1877190 0.1940484 0.1908957 0.1990157 0.1955954 0.2098476 0.2068289 0.2674420 0.1868472 0.1896580 0.1982491 0.1785137 0.1917114 0.1974303 0.1833826 0.1899280 0.1676478 0.2189237 0.1911857 0.1903002 0.2061339 0.1824650 0.1856453 0.1797838 0.1944882 0.2258669 0.2635916 0.1977375 0.2064281 0.1753210 0.2084519 0.1882813 0.2112292 0.1921113 0.1880747 0.1942859 0.1604102 0.1831422 0.1996812 0.1890484 0.1939709 0.2109523 0.1913200 0.2040702 0.1850895 0.1857295 
Eutetras_palmeri_63                        0.1542499 0.1072741 0.1631150 0.2185052 0.0000000 0.0970022 0.2108097 0.1059432 0.2936958 0.2028054 0.1733939 0.1579497 0.1625049 0.1561058 0.1365204 0.1449614 0.1549275 0.2297870 0.1495488 0.1499445 0.1398255 0.1517685 0.2727694 0.1573340 0.1301897 0.1570877 0.2039758 0.1669297 0.1759674 0.1261534 0.1110998 0.1789405 0.1842625 0.1695525 0.1686813 0.1465093 0.1652695 0.1568827 0.1817772 0.1441216 0.1524525 0.1560370 0.1622039 0.1523963 0.1529333 0.1693942 0.1898324 0.1564858 0.1573939 0.1517069 0.1480881 0.1586088 0.1762406 0.1470018 0.1400163 0.1260648 0.1797351 0.1604117 0.1544112 0.1820747 0.1541290 0.1575801 0.1340668 0.1579631 0.1861894 0.2456890 0.1671173 0.1545064 0.1140236 0.2180020 0.1543514 0.1510487 0.1597654 0.1531295 0.1553525 0.1087069 0.1417286 0.1621695 0.1471983 0.1600428 0.1558190 0.1577250 0.1824776 0.1266661 0.1381029 
Eutetras_pringlei_149_quer                 0.8194863 0.1499579 0.1991072 0.2171271 0.0970022 0.0000000 0.2085114 0.1138084 0.2193137 0.1376637 0.1826362 0.1846117 0.1772680 0.2382010 0.2265284 0.2237766 0.2157789 0.1289870 0.1926653 0.8640933 0.2159387 0.1980449 0.1479021 0.2307168 0.1802820 0.1777218 0.2279207 0.1986629 0.2132664 0.1838950 0.1502259 0.1790860 0.1890186 0.0897904 0.1031758 0.0934865 0.2034258 0.2246555 0.2161050 0.2205085 0.2377669 0.1912631 0.2044050 0.7352026 0.2044050 0.2196891 0.1415058 0.2228524 0.1943786 0.2080082 0.2199676 0.1635724 0.2194574 0.2285963 0.2061118 0.1540584 0.2182995 0.1841281 0.1943786 0.2061229 0.5150668 0.2095203 0.1592882 0.1876169 0.2097176 0.1428931 0.2141326 0.8631258 0.6780184 0.2273737 0.2268253 0.1834291 0.1921416 0.1823806 0.8887408 0.1291611 0.2138822 0.2119391 0.1910253 0.1950480 0.1998634 0.1943786 0.6866476 0.1869562 0.2103588 
Eutrochium_fistulosum_SRR9119106           0.1550890 0.1346818 0.1774066 0.1247446 0.2108097 0.2085114 0.0000000 0.1524520 0.2835748 0.2853986 0.1925643 0.1742502 0.1757969 0.1750331 0.1710266 0.1618093 0.1673353 0.2628908 0.1823387 0.1524162 0.1706155 0.1751465 0.2368425 0.1744245 0.1700654 0.1718974 0.1975610 0.1906778 0.1871530 0.1685202 0.1593641 0.1864932 0.1907325 0.2535620 0.2421815 0.2087922 0.1938375 0.1696085 0.1945203 0.1765916 0.1780289 0.1772609 0.1952162 0.1480293 0.1975029 0.1793421 0.2825280 0.1720960 0.1718715 0.1883127 0.1634636 0.1784599 0.1747761 0.1695790 0.1780959 0.1690004 0.2008761 0.1748314 0.1742809 0.1860063 0.1494249 0.1831263 0.1801092 0.1783084 0.1897736 0.2580571 0.1824282 0.1477633 0.1331344 0.1792438 0.1694635 0.1829252 0.1716946 0.1640779 0.1470519 0.1453651 0.1804123 0.1808397 0.1758327 0.1824758 0.2021717 0.1734365 0.1468196 0.1683467 0.1768214 
Galeana_pratensis_104_mex                  0.1199099 0.1093107 0.1161257 0.1300696 0.1059432 0.1138084 0.1524520 0.0000000 0.2192389 0.2871499 0.1227973 0.1102986 0.1061544 0.1158592 0.1072784 0.0933858 0.1175911 0.1320193 0.1162666 0.1132497 0.1005339 0.1059092 0.1569872 0.1038898 0.1056214 0.1073313 0.1145916 0.1215532 0.1237358 0.1378500 0.1183691 0.1279520 0.1081838 0.2134554 0.1287901 0.1527245 0.1125239 0.1161995 0.1101531 0.0970855 0.1038761 0.1149066 0.1143940 0.1226370 0.1058378 0.1085093 0.0876126 0.1185557 0.1144411 0.1091814 0.1109234 0.1079524 0.1236415 0.1110450 0.1026002 0.1364711 0.1143480 0.1143856 0.1144668 0.1146884 0.1243216 0.1301934 0.1161897 0.1074585 0.1181498 0.1075407 0.1122919 0.0971204 0.1331895 0.1134990 0.1020681 0.1376515 0.1179017 0.1057895 0.1134471 0.1021711 0.1213020 0.1115851 0.1148243 0.1009302 0.1359405 0.1110127 0.1091099 0.1210693 0.1150334 
Helianthus_annuus_SRR9119062               0.3428057 0.2066355 0.2810431 0.3057819 0.2936958 0.2193137 0.2835748 0.2192389 0.0000000 0.2914775 0.2729790 0.2656701 0.2662631 0.2751929 0.2738313 0.2696627 0.2631845 0.3221733 0.2828439 0.3414822 0.2761072 0.2679386 0.2562474 0.2792849 0.2536148 0.2702276 0.3171996 0.2730943 0.2850893 0.2732963 0.2312373 0.2646575 0.2693611 0.2441658 0.2396586 0.2050147 0.2824685 0.2772556 0.2824979 0.2810793 0.2879691 0.2670667 0.2711727 0.3346111 0.2809684 0.2782495 0.3677656 0.2693300 0.2672896 0.2703037 0.2662659 0.2611058 0.2787977 0.2738853 0.2703157 0.2559958 0.3452037 0.2649647 0.2674337 0.3047594 0.1903388 0.2823261 0.3214603 0.2643666 0.2896093 0.3124064 0.2833424 0.3059694 0.3817223 0.2664006 0.2743921 0.2909797 0.2673113 0.2641049 0.3182357 0.2277379 0.2781986 0.2757342 0.2647739 0.2776968 0.3654433 0.2641856 0.3573707 0.2553609 0.2726140 
Lycapsus_tenuifolius_17                    0.7136525 0.2235193 0.1946568 0.2727147 0.2028054 0.1376637 0.2853986 0.2871499 0.2914775 0.0000000 0.2498954 0.2272322 0.2321562 0.2382985 0.2233629 0.2253952 0.2516349 0.3358053 0.2214834 0.6757051 0.2267102 0.2130626 0.3790745 0.2368161 0.2070281 0.2246951 0.3305296 0.2482028 0.2668859 0.0821373 0.1229436 0.2482266 0.2722216 0.0047160 0.2004914 0.0090215 0.2507895 0.2308466 0.2987779 0.2304662 0.2390960 0.2264915 0.2543181 0.7005331 0.2386506 0.2467981 0.2275595 0.2312788 0.2248306 0.2424603 0.2258396 0.2281692 0.2730473 0.2108805 0.2332698 0.2126530 0.3514969 0.2305651 0.2258673 0.2650109 0.7377747 0.2497094 0.2663497 0.2381075 0.2654608 0.2815375 0.2454515 0.8186544 0.7880433 0.3897181 0.2367093 0.0710248 0.2293131 0.2214341 0.6995918 0.1842803 0.2275182 0.2429992 0.2262926 0.2368298 0.2803347 0.2275800 0.6823029 0.2227111 0.2096258 
Pericome_caudata_50_silver                 0.1215029 0.0990705 0.1470966 0.1979393 0.1733939 0.1826362 0.1925643 0.1227973 0.2729790 0.2498954 0.0000000 0.1444780 0.1378768 0.1457131 0.1305004 0.1235833 0.1522008 0.2440760 0.1437879 0.1043282 0.1277552 0.1329427 0.3050305 0.1464382 0.1245800 0.1417391 0.1733905 0.1650744 0.1501986 0.1317379 0.1273605 0.1024747 0.1660275 0.2132729 0.1908580 0.1990509 0.1447135 0.1445211 0.2066647 0.1331754 0.1394988 0.1385851 0.1516567 0.1165886 0.1495623 0.1534696 0.2558851 0.1637114 0.1432929 0.1430764 0.1253128 0.1402568 0.1525578 0.1350528 0.1307554 0.1342301 0.1732738 0.1474963 0.1452788 0.1645536 0.0999211 0.1250668 0.1290633 0.1618562 0.1588340 0.2252966 0.1294772 0.1154490 0.0931721 0.2189281 0.1447156 0.1624319 0.1539987 0.1441660 0.1002019 0.1080534 0.1319158 0.1530242 0.1451185 0.1435461 0.1634319 0.1424454 0.1276590 0.0911482 0.1332778 
Perityle_aglossa_84_dead_horse             0.0916076 0.0894742 0.1351317 0.1904056 0.1579497 0.1846117 0.1742502 0.1102986 0.2656701 0.2272322 0.1444780 0.0000000 0.0357246 0.0861374 0.0707992 0.0870977 0.0796515 0.2628876 0.1120526 0.0244533 0.0763931 0.0276713 0.2728138 0.0807729 0.0376110 0.0256054 0.1248085 0.0998677 0.1234577 0.1150822 0.0986395 0.1470034 0.1572167 0.1931999 0.0449175 0.1817996 0.1150644 0.0847004 0.1466128 0.0878971 0.0858167 0.0268027 0.1146811 0.0291402 0.1258275 0.1119254 0.2164087 0.1069058 0.0270716 0.1119748 0.0490967 0.0384898 0.0908701 0.0667273 0.0917445 0.0915649 0.1466019 0.0313415 0.0263070 0.1268157 0.1059373 0.1083654 0.0932107 0.0297807 0.1348040 0.1970951 0.1042920 0.0816554 0.0289542 0.1427580 0.0810761 0.1492113 0.0267574 0.0295845 0.0220219 0.0341677 0.1039537 0.0963403 0.0304370 0.0290884 0.1312345 0.0259390 0.0763076 0.1220235 0.0995814 
Perityle_ajoensis_204                      0.0805032 0.0921280 0.1351408 0.1888687 0.1625049 0.1772680 0.1757969 0.1061544 0.2662631 0.2321562 0.1378768 0.0357246 0.0000000 0.0863418 0.0714486 0.0911585 0.0791106 0.2762311 0.1152582 0.0204574 0.0797807 0.0401271 0.2861347 0.0883237 0.0230054 0.0354084 0.1322911 0.0996231 0.1307900 0.1175680 0.0971529 0.1437172 0.1557841 0.2048171 0.0687481 0.1914437 0.1202631 0.0892465 0.1600486 0.0935336 0.0901232 0.0365171 0.1145556 0.0195982 0.1252569 0.1109190 0.2056198 0.0864486 0.0391935 0.1125474 0.0509313 0.0277422 0.0976186 0.0738617 0.0964113 0.0948031 0.1411228 0.0316370 0.0368036 0.1292742 0.1013368 0.1140161 0.0947450 0.0474489 0.1382912 0.2034331 0.1066552 0.0743533 0.0216305 0.1658757 0.0872577 0.1553804 0.0387724 0.0373458 0.0199882 0.0417353 0.1026938 0.1072685 0.0169643 0.0494426 0.1361126 0.0368649 0.0698258 0.1155506 0.1079256 
Perityle_ambrosiifolia_67_green            0.0879320 0.0980927 0.1272087 0.1972106 0.1561058 0.2382010 0.1750331 0.1158592 0.2751929 0.2382985 0.1457131 0.0861374 0.0863418 0.0000000 0.0279477 0.0496943 0.0371590 0.2464120 0.0868254 0.0198860 0.0284159 0.0675775 0.2203270 0.0465305 0.0674791 0.0835357 0.1228367 0.0762724 0.1111335 0.1232910 0.1107991 0.1400431 0.1549063 0.2084409 0.1597581 0.1986874 0.0918353 0.0284876 0.1277730 0.0521560 0.0444391 0.0812670 0.0901963 0.0260422 0.0939103 0.0840703 0.0978174 0.0277152 0.0832712 0.0860132 0.0369257 0.0935559 0.0852101 0.0229942 0.0844278 0.0762211 0.1226966 0.0876531 0.0782606 0.1146850 0.0975992 0.1003527 0.0642700 0.0795108 0.1083911 0.1726325 0.0867364 0.0759938 0.0192075 0.1240965 0.0449411 0.1531484 0.0870965 0.0775115 0.0145079 0.0743571 0.0873745 0.0748295 0.0818538 0.0943739 0.1087022 0.0797618 0.0640931 0.1164899 0.0893697 
Perityle_angustifolia_13_Eagle_creek       0.0891191 0.0919732 0.1190770 0.1791589 0.1365204 0.2265284 0.1710266 0.1072784 0.2738313 0.2233629 0.1305004 0.0707992 0.0714486 0.0279477 0.0000000 0.0455996 0.0210462 0.2227216 0.0820160 0.0301314 0.0259735 0.0681531 0.1937198 0.0473407 0.0713476 0.0688024 0.0805958 0.0711488 0.0973443 0.1231884 0.1106671 0.1251345 0.1321646 0.2001886 0.1255582 0.1686805 0.0875849 0.0285330 0.1355975 0.0474706 0.0479467 0.0689192 0.0856200 0.0343239 0.0822282 0.0840310 0.0769858 0.0279640 0.0694442 0.0796983 0.0402568 0.0793410 0.0600375 0.0199804 0.0754568 0.0703292 0.0981137 0.0733225 0.0661670 0.0745649 0.1012607 0.0904943 0.0677076 0.0694644 0.0904117 0.0838984 0.0730402 0.0808397 0.0313547 0.1422313 0.0460462 0.1456116 0.0695985 0.0672400 0.0273501 0.0762741 0.0744947 0.0688434 0.0680225 0.0826616 0.1041986 0.0687856 0.0577966 0.1031333 0.0853494 
Perityle_batopilensis_97                   0.0877630 0.0932240 0.1141927 0.1799261 0.1449614 0.2237766 0.1618093 0.0933858 0.2696627 0.2253952 0.1235833 0.0870977 0.0911585 0.0496943 0.0455996 0.0000000 0.0431368 0.2497363 0.0686487 0.0602192 0.0390825 0.0813955 0.2102581 0.0416979 0.0799989 0.0829578 0.0845258 0.0776917 0.0920399 0.1171492 0.1204605 0.1288554 0.1416393 0.2009068 0.1429706 0.1745100 0.0795531 0.0532949 0.1172902 0.0148939 0.0394979 0.0848436 0.0800257 0.0625347 0.0885054 0.0672442 0.1421559 0.0488301 0.0857905 0.0757778 0.0484877 0.0917356 0.0648833 0.0497499 0.0658987 0.0801009 0.0925857 0.0883057 0.0828302 0.0884710 0.0766811 0.0941689 0.0717120 0.0868699 0.0867547 0.1308628 0.0690493 0.0598739 0.0701066 0.1496658 0.0392919 0.1457196 0.0905375 0.0862888 0.0558949 0.1002024 0.0727620 0.0615922 0.0891502 0.0927334 0.0862808 0.0832029 0.0735521 0.1063578 0.0742569 
Perityle_bisetosa_9                        0.0877954 0.0930850 0.1251456 0.1940480 0.1549275 0.2157789 0.1673353 0.1175911 0.2631845 0.2516349 0.1522008 0.0796515 0.0791106 0.0371590 0.0210462 0.0431368 0.0000000 0.2677769 0.0802886 0.0182533 0.0193484 0.0654559 0.2039088 0.0580396 0.0630113 0.0803246 0.1142106 0.0911601 0.1033983 0.1178718 0.1014454 0.1369895 0.1641650 0.2012313 0.1745006 0.2190938 0.1005465 0.0188910 0.1557430 0.0495832 0.0530585 0.0899634 0.1053748 0.0281490 0.1009027 0.0922722 0.1601393 0.0668490 0.0894361 0.0962116 0.0307970 0.0941995 0.0744897 0.0121137 0.0759453 0.0682303 0.1160726 0.0920588 0.0854201 0.1060769 0.0850773 0.0892530 0.0604766 0.0854826 0.1000755 0.1510700 0.0770779 0.0776425 0.0119342 0.1268805 0.0574404 0.1525167 0.0850970 0.0686747 0.0179538 0.0729841 0.0814492 0.0879576 0.0885807 0.1112555 0.0988777 0.0765471 0.0695812 0.1133646 0.0813297 
Perityle_californica_76_positas            0.1648552 0.1188141 0.2575010 0.2501942 0.2297870 0.1289870 0.2628908 0.1320193 0.3221733 0.3358053 0.2440760 0.2628876 0.2762311 0.2464120 0.2227216 0.2497363 0.2677769 0.0000000 0.2113829 0.1841694 0.2401426 0.2617380 0.3507948 0.2787563 0.1736353 0.2743662 0.3080670 0.2725981 0.2671190 0.1684741 0.1128388 0.1459767 0.2865572 0.3129403 0.3413491 0.2885460 0.2566437 0.2097732 0.2963667 0.2402071 0.2637004 0.2737549 0.2687246 0.1824507 0.1890750 0.2759424 0.3753130 0.2698511 0.2756432 0.2112468 0.2459749 0.2419175 0.2793886 0.2084147 0.2295050 0.1654396 0.1894920 0.2826945 0.2735948 0.2134479 0.1297289 0.2895719 0.1533678 0.2773636 0.2581321 0.3770439 0.2670739 0.2130791 0.1171212 0.3083258 0.2753284 0.2364029 0.2787055 0.2426202 0.1851318 0.1148062 0.1861335 0.2598133 0.2510127 0.2702625 0.1842471 0.2667829 0.2219458 0.0283202 0.1334725 
Perityle_canescens_77                      0.1118291 0.1070084 0.1282103 0.2015874 0.1495488 0.1926653 0.1823387 0.1162666 0.2828439 0.2214834 0.1437879 0.1120526 0.1152582 0.0868254 0.0820160 0.0686487 0.0802886 0.2113829 0.0000000 0.1039853 0.0744361 0.1085838 0.2093336 0.0794380 0.1109145 0.1091973 0.1077531 0.1007295 0.1053556 0.1485142 0.1397791 0.1453067 0.1488586 0.1980414 0.1529819 0.1620704 0.0874800 0.0896236 0.1053983 0.0740164 0.0808014 0.1101528 0.0937808 0.1057548 0.0978474 0.0786895 0.1341510 0.0892152 0.1068694 0.0873229 0.0888446 0.1133906 0.0995184 0.0816129 0.0788996 0.1091040 0.1226680 0.1092201 0.1047020 0.0945585 0.1143350 0.1038717 0.0995142 0.1091944 0.0965845 0.1252295 0.0805547 0.0803682 0.1106592 0.1610448 0.0779300 0.1581108 0.1105962 0.1146770 0.0995176 0.1240881 0.0821213 0.0679922 0.1124440 0.1075631 0.1075276 0.1076901 0.1038689 0.1263791 0.0896350 
Perityle_castillonii_96                    0.0886453 0.0679747 0.0827148 0.1980316 0.1499445 0.8640933 0.1524162 0.1132497 0.3414822 0.6757051 0.1043282 0.0244533 0.0204574 0.0198860 0.0301314 0.0602192 0.0182533 0.1841694 0.1039853 0.0000000 0.0356983 0.0234646 0.3212237 0.0488996 0.0336279 0.0264838 0.0724032 0.0697725 0.0967598 0.1014311 0.0997748 0.1229571 0.1093896 0.6512446 0.5516706 0.3682705 0.1002110 0.0255479 0.0764491 0.0607049 0.0470409 0.0226238 0.0925354 0.0288566 0.1025710 0.0762322 0.2987763 0.0339825 0.0224214 0.0889949 0.0255724 0.0381482 0.0520285 0.0217077 0.0743935 0.0733035 0.0810423 0.0275628 0.0224047 0.0862079 0.0872823 0.0912221 0.0431252 0.0295924 0.0973621 0.0000010 0.0717439 0.0826893 0.0290316 0.0151891 0.0456453 0.1123455 0.0224491 0.0224014 0.0195211 0.0515728 0.0851396 0.0707848 0.0174121 0.0427738 0.1218498 0.0203313 0.0424429 0.1005193 0.0944944 
Perityle_cernua_84                         0.0912645 0.0932918 0.1181811 0.1848380 0.1398255 0.2159387 0.1706155 0.1005339 0.2761072 0.2267102 0.1277552 0.0763931 0.0797807 0.0284159 0.0259735 0.0390825 0.0193484 0.2401426 0.0744361 0.0356983 0.0000000 0.0722093 0.2104910 0.0357911 0.0726346 0.0771181 0.0928446 0.0713168 0.0941996 0.1172508 0.1238207 0.1309717 0.1450743 0.2009604 0.1371354 0.1757196 0.0833609 0.0281483 0.1251850 0.0415069 0.0352681 0.0762403 0.0818505 0.0407973 0.0866734 0.0717480 0.0856533 0.0257725 0.0753375 0.0784443 0.0381416 0.0861863 0.0678519 0.0219743 0.0681308 0.0762349 0.0896638 0.0808338 0.0722573 0.0881864 0.0851441 0.0941307 0.0741415 0.0754224 0.0892551 0.1272786 0.0691359 0.0642638 0.0542457 0.1333201 0.0342664 0.1464353 0.0798257 0.0775783 0.0339497 0.0904706 0.0707937 0.0599595 0.0743211 0.0797894 0.0926368 0.0745312 0.0792790 0.1014516 0.0739293 
Perityle_cfvillosa_25_tin                  0.0919054 0.0931280 0.1333664 0.1762095 0.1517685 0.1980449 0.1751465 0.1059092 0.2679386 0.2130626 0.1329427 0.0276713 0.0401271 0.0675775 0.0681531 0.0813955 0.0654559 0.2617380 0.1085838 0.0234646 0.0722093 0.0000000 0.2861892 0.0769116 0.0356956 0.0240379 0.1167140 0.0897317 0.1135868 0.1121302 0.0972162 0.1311430 0.1503376 0.1902382 0.0519341 0.1613510 0.1091771 0.0770529 0.1592056 0.0826408 0.0751056 0.0203014 0.1059766 0.0292662 0.1185084 0.0997515 0.1859486 0.0740451 0.0112024 0.1015423 0.0508033 0.0402279 0.0796779 0.0694585 0.0930241 0.0895683 0.1376858 0.0239428 0.0080260 0.1110325 0.1019804 0.1103977 0.0833831 0.0253015 0.1131643 0.1555411 0.0963546 0.0858270 0.0265953 0.1603266 0.0767217 0.1395238 0.0212086 0.0297095 0.0222675 0.0316401 0.1067355 0.0889534 0.0308788 0.0469574 0.1292533 0.0093304 0.0589805 0.1053136 0.1044918 
Perityle_cinerea_113_Powell1310            0.3264237 0.1494092 0.2869784 0.2345424 0.2727694 0.1479021 0.2368425 0.1569872 0.2562474 0.3790745 0.3050305 0.2728138 0.2861347 0.2203270 0.1937198 0.2102581 0.2039088 0.3507948 0.2093336 0.3212237 0.2104910 0.2861892 0.0000000 0.2404690 0.2316666 0.2871386 0.2497308 0.2488188 0.2593321 0.2564241 0.1312818 0.2503148 0.2915063 0.3207619 0.2741521 0.3177236 0.2439475 0.1756555 0.2952483 0.2028668 0.2399865 0.2865369 0.2534596 0.3287643 0.1957587 0.2611973 0.2052753 0.2082476 0.2811776 0.2166999 0.1962660 0.2750138 0.2292339 0.1806942 0.2307724 0.1393155 0.1316391 0.2837786 0.2811211 0.1857096 0.1251759 0.2616716 0.0567521 0.2817276 0.2517768 0.2009304 0.2490987 0.3551190 0.0625594 0.2630024 0.2351433 0.3205563 0.2825330 0.2790493 0.3226099 0.1134872 0.1850676 0.2485186 0.2838175 0.2796069 0.1371087 0.2829808 0.3249712 0.1825516 0.1516664 
Perityle_coahuilensis_24                   0.1004175 0.0971201 0.1290515 0.1920050 0.1573340 0.2307168 0.1744245 0.1038898 0.2792849 0.2368161 0.1464382 0.0807729 0.0883237 0.0465305 0.0473407 0.0416979 0.0580396 0.2787563 0.0794380 0.0488996 0.0357911 0.0769116 0.2404690 0.0000000 0.0779400 0.0827062 0.1025663 0.0808534 0.0965311 0.1251876 0.1319571 0.1347218 0.1521062 0.2128637 0.1508362 0.1924308 0.0846512 0.0520712 0.1308162 0.0480499 0.0079422 0.0855434 0.0870749 0.0597894 0.1036058 0.0787152 0.1823141 0.0731792 0.1054203 0.0836817 0.0504525 0.0937486 0.0671112 0.0461842 0.0752565 0.0783287 0.0948254 0.1057959 0.0929125 0.0980679 0.1025348 0.0957721 0.0755106 0.0757375 0.0916381 0.1384572 0.0778441 0.0760085 0.0674511 0.1528752 0.0051271 0.1576459 0.0983268 0.0816036 0.0459445 0.0917726 0.0781692 0.0662422 0.0975756 0.1014786 0.0937405 0.0803058 0.0829154 0.1091564 0.0826931 
Perityle_cochisensis_44_cave_creek         0.0969299 0.0921327 0.1155854 0.1812398 0.1301897 0.1802820 0.1700654 0.1056214 0.2536148 0.2070281 0.1245800 0.0376110 0.0230054 0.0674791 0.0713476 0.0799989 0.0630113 0.1736353 0.1109145 0.0336279 0.0726346 0.0356956 0.2316666 0.0779400 0.0000000 0.0329631 0.0992045 0.0829576 0.1069306 0.1134171 0.0955247 0.1211765 0.1226648 0.1756817 0.0612709 0.1414500 0.1034826 0.0766781 0.1141643 0.0801273 0.0754406 0.0323162 0.1007451 0.0386744 0.1038928 0.1012082 0.1715257 0.0757893 0.0327065 0.0977897 0.0515825 0.0112678 0.0775308 0.0733407 0.0951079 0.0916083 0.1325033 0.0341352 0.0312272 0.1009260 0.1064411 0.1019680 0.0947935 0.0376254 0.1083883 0.1393473 0.0942202 0.0853811 0.0342776 0.1170958 0.0770738 0.1243608 0.0347775 0.0363966 0.0340985 0.0431088 0.1010214 0.0895857 0.0204208 0.0478590 0.1336756 0.0335366 0.0618520 0.0981123 0.0965125 
Perityle_congesta_202                      0.0902891 0.0906497 0.1354782 0.1919865 0.1570877 0.1777218 0.1718974 0.1073313 0.2702276 0.2246951 0.1417391 0.0256054 0.0354084 0.0835357 0.0688024 0.0829578 0.0803246 0.2743662 0.1091973 0.0264838 0.0771181 0.0240379 0.2871386 0.0827062 0.0329631 0.0000000 0.1213485 0.0948643 0.1200065 0.1090767 0.1002803 0.1428790 0.1611902 0.1907597 0.0483192 0.1789753 0.1161838 0.0840457 0.1601721 0.0830574 0.0798183 0.0249168 0.1105752 0.0157897 0.1254946 0.1076732 0.2154331 0.0952499 0.0210420 0.1105056 0.0478421 0.0366949 0.0920762 0.0686822 0.0917198 0.0835095 0.1410848 0.0247273 0.0190568 0.1232290 0.1014669 0.1111981 0.0881381 0.0350177 0.1285854 0.1922696 0.1013834 0.0827864 0.0216036 0.1550391 0.0825084 0.1434821 0.0248802 0.0238465 0.0230010 0.0279088 0.1024790 0.1018294 0.0295913 0.0443394 0.1291784 0.0201204 0.0733050 0.1161969 0.1013847 
Perityle_cordifolia_27                     0.0972594 0.1122043 0.1672096 0.2312357 0.2039758 0.2279207 0.1975610 0.1145916 0.3171996 0.3305296 0.1733905 0.1248085 0.1322911 0.1228367 0.0805958 0.0845258 0.1142106 0.3080670 0.1077531 0.0724032 0.0928446 0.1167140 0.2497308 0.1025663 0.0992045 0.1213485 0.0000000 0.1290376 0.1446164 0.1453312 0.1515260 0.1728102 0.1936320 0.2778678 0.2166255 0.2779157 0.1333827 0.1319527 0.1985778 0.0850208 0.1017177 0.1372060 0.1400903 0.0784572 0.1492180 0.1384755 0.2521251 0.1409243 0.1348932 0.1322309 0.0748651 0.1376805 0.0861362 0.1060850 0.0910197 0.1058218 0.0910269 0.1384168 0.1289717 0.1319786 0.1268839 0.1489312 0.0952840 0.1358721 0.1460882 0.0414827 0.1122116 0.0865003 0.1104561 0.2093158 0.1006260 0.1984193 0.1305263 0.1252252 0.0688973 0.1187759 0.1045929 0.1309818 0.1418892 0.1489805 0.1077005 0.1236455 0.0949407 0.1669082 0.1112187 
Perityle_cordifolia_68_tecolote            0.1000656 0.1062550 0.1423409 0.2035315 0.1669297 0.1986629 0.1906778 0.1215532 0.2730943 0.2482028 0.1650744 0.0998677 0.0996231 0.0762724 0.0711488 0.0776917 0.0911601 0.2725981 0.1007295 0.0697725 0.0713168 0.0897317 0.2488188 0.0808534 0.0829576 0.0948643 0.1290376 0.0000000 0.1383062 0.1275002 0.1210955 0.1448229 0.1632804 0.2124660 0.1609762 0.2068278 0.1026645 0.0829271 0.1376236 0.0847906 0.0784994 0.1082039 0.0984897 0.0724211 0.1163907 0.1080402 0.1941397 0.1002739 0.1189311 0.0970701 0.0713290 0.1011536 0.1021056 0.0727045 0.0964914 0.0134367 0.1358102 0.1197074 0.1213980 0.1278013 0.1306870 0.1102197 0.0832585 0.0969848 0.1261525 0.1598242 0.1003615 0.1077567 0.0673719 0.1605258 0.0792316 0.1637363 0.1240932 0.0943286 0.0632556 0.1011819 0.0959123 0.0950167 0.1196145 0.1080434 0.1295333 0.0988611 0.0996566 0.1202588 0.0994058 
Perityle_coronopifolia_28_patagonia        0.1101503 0.1118317 0.1394396 0.2150703 0.1759674 0.2132664 0.1871530 0.1237358 0.2850893 0.2668859 0.1501986 0.1234577 0.1307900 0.1111335 0.0973443 0.0920399 0.1033983 0.2671190 0.1053556 0.0967598 0.0941996 0.1135868 0.2593321 0.0965311 0.1069306 0.1200065 0.1446164 0.1383062 0.0000000 0.1417276 0.1465905 0.1592719 0.1799152 0.2264523 0.1833704 0.2158110 0.1041101 0.1077607 0.1709800 0.0970065 0.0950089 0.1212449 0.1076791 0.0988444 0.1133795 0.1199656 0.2257625 0.1218024 0.1243046 0.1001939 0.0918493 0.1282051 0.1166168 0.0987007 0.0747318 0.1173932 0.1394129 0.1255690 0.1229442 0.0923809 0.1052981 0.1106848 0.0996116 0.1264839 0.0239790 0.1931067 0.0883651 0.0860410 0.1074495 0.1857197 0.0954531 0.1806907 0.1258743 0.1185941 0.0917116 0.1213499 0.0871001 0.0830855 0.1249629 0.1437482 0.0806661 0.1236485 0.1150264 0.1273869 0.0914312 
Perityle_crassifolia_70_ventanas           0.1187749 0.1186145 0.1209944 0.1813615 0.1261534 0.1838950 0.1685202 0.1378500 0.2732963 0.0821373 0.1317379 0.1150822 0.1175680 0.1232910 0.1231884 0.1171492 0.1178718 0.1684741 0.1485142 0.1014311 0.1172508 0.1121302 0.2564241 0.1251876 0.1134171 0.1090767 0.1453312 0.1275002 0.1417276 0.0000000 0.0471639 0.1228862 0.1319066 0.0470623 0.1626409 0.0069077 0.1404159 0.1277669 0.1359549 0.1164304 0.1259593 0.1153986 0.1363777 0.0942444 0.1323271 0.1302187 0.1693876 0.1241431 0.1128910 0.1331579 0.1189594 0.1203054 0.1171914 0.1232870 0.1298388 0.1326264 0.1692661 0.1114172 0.1097806 0.1255598 0.1223889 0.1350354 0.1326976 0.1166697 0.1395143 0.1838007 0.1311367 0.1036933 0.1102713 0.1585120 0.1220240 0.0045500 0.1154701 0.1137990 0.0973236 0.1161713 0.1319227 0.1269142 0.1132920 0.1201146 0.1707204 0.1105596 0.0997951 0.1034807 0.1226825 
Perityle_crassifolia_74_playa_balandra     0.1557598 0.1101701 0.1227785 0.1680907 0.1110998 0.1502259 0.1593641 0.1183691 0.2312373 0.1229436 0.1273605 0.0986395 0.0971529 0.1107991 0.1106671 0.1204605 0.1014454 0.1128388 0.1397791 0.0997748 0.1238207 0.0972162 0.1312818 0.1319571 0.0955247 0.1002803 0.1515260 0.1210955 0.1465905 0.0471639 0.0000000 0.1237806 0.1132781 0.0642336 0.1168276 0.0048776 0.1317032 0.1099526 0.1287813 0.1207577 0.1334385 0.1052238 0.1306447 0.1030346 0.1274003 0.1312180 0.1088323 0.1063462 0.0955436 0.1290337 0.1028982 0.0940145 0.1109334 0.1045672 0.1326605 0.1161525 0.1542879 0.0940009 0.0971089 0.1362524 0.1406261 0.1381103 0.1082247 0.1066252 0.1367386 0.1261328 0.1301512 0.1408367 0.0812975 0.1048282 0.1285459 0.0471079 0.1017199 0.0989761 0.0997636 0.0842945 0.1366047 0.1261608 0.1004983 0.1293233 0.1601429 0.0971089 0.0890969 0.1261204 0.1272381 
Perityle_cuneata_34_cuneata_San_antonio    0.1436919 0.1035195 0.1486406 0.2186742 0.1789405 0.1790860 0.1864932 0.1279520 0.2646575 0.2482266 0.1024747 0.1470034 0.1437172 0.1400431 0.1251345 0.1288554 0.1369895 0.1459767 0.1453067 0.1229571 0.1309717 0.1311430 0.2503148 0.1347218 0.1211765 0.1428790 0.1728102 0.1448229 0.1592719 0.1228862 0.1237806 0.0000000 0.1562863 0.1963923 0.2015675 0.1836449 0.1426832 0.1457133 0.1683666 0.1325092 0.1347781 0.1435463 0.1446920 0.1203015 0.1421483 0.1557484 0.2417943 0.1460929 0.1436736 0.1400763 0.1321982 0.1445431 0.1571018 0.1324916 0.1269577 0.1210079 0.1728823 0.1425588 0.1418252 0.1622469 0.1213421 0.1373388 0.1417477 0.1439013 0.1611968 0.2383656 0.1381398 0.1267403 0.1091310 0.1780016 0.1315355 0.1549306 0.1432402 0.1407703 0.1119927 0.1171594 0.1285008 0.1473265 0.1402158 0.1445046 0.1534354 0.1418544 0.1435485 0.0490658 0.1228340 
Perityle_cuneata_4                         0.1232198 0.0998523 0.1695815 0.1989055 0.1842625 0.1890186 0.1907325 0.1081838 0.2693611 0.2722216 0.1660275 0.1572167 0.1557841 0.1549063 0.1321646 0.1416393 0.1641650 0.2865572 0.1488586 0.1093896 0.1450743 0.1503376 0.2915063 0.1521062 0.1226648 0.1611902 0.1936320 0.1632804 0.1799152 0.1319066 0.1132781 0.1562863 0.0000000 0.2309622 0.2287390 0.2377794 0.1658759 0.1488224 0.2190613 0.1404617 0.1505597 0.1637229 0.1694389 0.1124487 0.1518238 0.1698023 0.2699006 0.1529813 0.1665793 0.1558858 0.1211046 0.1568175 0.1530546 0.1400459 0.1434892 0.1270166 0.1620684 0.1704500 0.1662351 0.1679496 0.1304145 0.1612420 0.1167508 0.1637606 0.1872255 0.2555297 0.1563415 0.1265790 0.0879405 0.2366198 0.1483961 0.1741266 0.1624036 0.1491335 0.1039957 0.0915444 0.1445301 0.1681452 0.1638288 0.1808059 0.1524952 0.1537485 0.1241567 0.1405749 0.1313736 
Perityle_discoidea_81                      0.6748736 0.1874486 0.1588656 0.2009099 0.1695525 0.0897904 0.2535620 0.2134554 0.2441658 0.0047160 0.2132729 0.1931999 0.2048171 0.2084409 0.2001886 0.2009068 0.2012313 0.3129403 0.1980414 0.6512446 0.2009604 0.1902382 0.3207619 0.2128637 0.1756817 0.1907597 0.2778678 0.2124660 0.2264523 0.0470623 0.0642336 0.1963923 0.2309622 0.0000000 0.1804986 0.0071375 0.2148596 0.1996321 0.2705132 0.2019792 0.2152947 0.1945179 0.2199711 0.6866288 0.2028146 0.2091376 0.1984479 0.2018435 0.1929713 0.2048736 0.2032903 0.1941716 0.2231351 0.1878608 0.2076990 0.1850839 0.3106325 0.2021065 0.1929859 0.2190141 0.5065761 0.2192136 0.2284556 0.1934562 0.2176974 0.2513376 0.2115813 0.8280243 0.6845980 0.3675684 0.2127612 0.0487677 0.1967679 0.1893276 0.6512446 0.1466281 0.2011558 0.2095348 0.1954578 0.2022974 0.2439333 0.1929859 0.5757634 0.1628919 0.1723594 
Perityle_dissecta_201                      0.5558921 0.1265659 0.2041766 0.2154198 0.1686813 0.1031758 0.2421815 0.1287901 0.2396586 0.2004914 0.1908580 0.0449175 0.0687481 0.1597581 0.1255582 0.1429706 0.1745006 0.3413491 0.1529819 0.5516706 0.1371354 0.0519341 0.2741521 0.1508362 0.0612709 0.0483192 0.2166255 0.1609762 0.1833704 0.1626409 0.1168276 0.2015675 0.2287390 0.1804986 0.0000000 0.1980052 0.1675013 0.1600526 0.2719568 0.1446663 0.1506188 0.0472844 0.1625291 0.5539842 0.1674752 0.1675766 0.1571821 0.1590819 0.0482498 0.1662395 0.1128318 0.0586903 0.1738565 0.1405551 0.1369908 0.1349574 0.2614704 0.0548878 0.0466450 0.2204481 0.3195496 0.1559058 0.1950568 0.0686827 0.1956768 0.2021038 0.1643932 0.5171680 0.4814588 0.3711494 0.1519445 0.2132157 0.0523718 0.0527661 0.5147767 0.0296849 0.1458953 0.1708890 0.0604060 0.0545170 0.1752638 0.0486218 0.6825584 0.1614351 0.1548756 
Perityle_emoryi_47_punta_san_jose          0.3682705 0.1406067 0.1499107 0.1940696 0.1465093 0.0934865 0.2087922 0.1527245 0.2050147 0.0090215 0.1990509 0.1817996 0.1914437 0.1986874 0.1686805 0.1745100 0.2190938 0.2885460 0.1620704 0.3682705 0.1757196 0.1613510 0.3177236 0.1924308 0.1414500 0.1789753 0.2779157 0.2068278 0.2158110 0.0069077 0.0048776 0.1836449 0.2377794 0.0071375 0.1980052 0.0000000 0.2020752 0.1768460 0.2574766 0.1730444 0.1910245 0.1839064 0.2089094 0.3682705 0.1761815 0.1999364 0.2042888 0.1951947 0.1824614 0.1925457 0.1682038 0.1832591 0.2158023 0.1579421 0.1733594 0.1528511 0.2766151 0.1897623 0.1835538 0.1934698 0.3238925 0.2018136 0.1740521 0.2001802 0.2116572 0.2745032 0.1938638 0.3682705 0.3682705 0.3451522 0.1923388 0.0212184 0.1871176 0.1731283 0.3682705 0.0914456 0.1685287 0.2008075 0.1858079 0.1851806 0.1923041 0.1805361 0.6667461 0.1435610 0.1322781 
Perityle_feddemae_99                       0.1172659 0.0998019 0.1376171 0.1982574 0.1652695 0.2034258 0.1938375 0.1125239 0.2824685 0.2507895 0.1447135 0.1150644 0.1202631 0.0918353 0.0875849 0.0795531 0.1005465 0.2566437 0.0874800 0.1002110 0.0833609 0.1091771 0.2439475 0.0846512 0.1034826 0.1161838 0.1333827 0.1026645 0.1041101 0.1404159 0.1317032 0.1426832 0.1658759 0.2148596 0.1675013 0.2020752 0.0000000 0.0955106 0.1295154 0.0824268 0.0839162 0.1177758 0.0451349 0.1052338 0.0571205 0.0907379 0.1764212 0.0942693 0.1188762 0.0415374 0.0851918 0.1217529 0.1098048 0.0901914 0.0775820 0.0965098 0.1312833 0.1229285 0.1174502 0.1174747 0.1175144 0.1063604 0.1023405 0.1120439 0.1007227 0.1782467 0.0807884 0.0745746 0.1099515 0.1795673 0.0814679 0.1698769 0.1245552 0.1126157 0.0951405 0.1160155 0.0741543 0.0872514 0.1201550 0.1133654 0.0951605 0.1156603 0.1126529 0.1153197 0.0658882 
Perityle_fosteri_93                        0.0978744 0.1034632 0.1168368 0.1954223 0.1568827 0.2246555 0.1696085 0.1161995 0.2772556 0.2308466 0.1445211 0.0847004 0.0892465 0.0284876 0.0285330 0.0532949 0.0188910 0.2097732 0.0896236 0.0255479 0.0281483 0.0770529 0.1756555 0.0520712 0.0766781 0.0840457 0.1319527 0.0829271 0.1077607 0.1277669 0.1099526 0.1457133 0.1488224 0.1996321 0.1600526 0.1768460 0.0955106 0.0000000 0.1204876 0.0586935 0.0526605 0.0819078 0.0932508 0.0333560 0.0981012 0.0878855 0.1016171 0.0271153 0.0814518 0.0894563 0.0389777 0.0939603 0.0799884 0.0211310 0.0842520 0.0780937 0.1201219 0.0891469 0.0801984 0.1090703 0.1098398 0.0997555 0.0725549 0.0854696 0.1026401 0.1737890 0.0886942 0.0851821 0.0216212 0.0979722 0.0507972 0.1539844 0.0859437 0.0842173 0.0281460 0.0791243 0.0905719 0.0789098 0.0829073 0.0957832 0.1090392 0.0827531 0.0794160 0.1201341 0.0854558 
Perityle_gamon_221                         0.0982064 0.1076467 0.1750662 0.2151226 0.1817772 0.2161050 0.1945203 0.1101531 0.2824979 0.2987779 0.2066647 0.1466128 0.1600486 0.1277730 0.1355975 0.1172902 0.1557430 0.2963667 0.1053983 0.0764491 0.1251850 0.1592056 0.2952483 0.1308162 0.1141643 0.1601721 0.1985778 0.1376236 0.1709800 0.1359549 0.1287813 0.1683666 0.2190613 0.2705132 0.2719568 0.2574766 0.1295154 0.1204876 0.0000000 0.1184556 0.1343057 0.1726759 0.1414838 0.0848924 0.1228494 0.0802877 0.2745887 0.1401523 0.1861921 0.1125454 0.1175650 0.1556881 0.1784643 0.1036679 0.1301143 0.1126099 0.1298748 0.1843739 0.1819409 0.1236301 0.1032777 0.1766990 0.1079441 0.1554361 0.1669255 0.3244996 0.1329109 0.0854016 0.1033663 0.1931546 0.1304832 0.1945522 0.1860367 0.1458081 0.0763237 0.1252470 0.1071323 0.1173643 0.1892483 0.1705563 0.1075924 0.1503256 0.1016715 0.1225765 0.0782613 
Perityle_gentryi_8_san_francisco           0.0890645 0.0933748 0.1175590 0.1877190 0.1441216 0.2205085 0.1765916 0.0970855 0.2810793 0.2304662 0.1331754 0.0878971 0.0935336 0.0521560 0.0474706 0.0148939 0.0495832 0.2402071 0.0740164 0.0607049 0.0415069 0.0826408 0.2028668 0.0480499 0.0801273 0.0830574 0.0850208 0.0847906 0.0970065 0.1164304 0.1207577 0.1325092 0.1404617 0.2019792 0.1446663 0.1730444 0.0824268 0.0586935 0.1184556 0.0000000 0.0444917 0.0876326 0.0870470 0.0664806 0.0930807 0.0759030 0.1379865 0.0626702 0.0862257 0.0773589 0.0511613 0.0915179 0.0682919 0.0524076 0.0693235 0.0802009 0.0971659 0.0896926 0.0836839 0.0964469 0.0766811 0.0982389 0.0712233 0.0901064 0.0892960 0.1248064 0.0713582 0.0666896 0.0675753 0.1452847 0.0456785 0.1474168 0.0912171 0.0896936 0.0581385 0.1031343 0.0718283 0.0640514 0.0883196 0.0824841 0.0905845 0.0836109 0.0894242 0.1063443 0.0748933 
Perityle_gilensis_22_Superstition          0.0928788 0.0982760 0.1242165 0.1940484 0.1524525 0.2377669 0.1780289 0.1038761 0.2879691 0.2390960 0.1394988 0.0858167 0.0901232 0.0444391 0.0479467 0.0394979 0.0530585 0.2637004 0.0808014 0.0470409 0.0352681 0.0751056 0.2399865 0.0079422 0.0754406 0.0798183 0.1017177 0.0784994 0.0950089 0.1259593 0.1334385 0.1347781 0.1505597 0.2152947 0.1506188 0.1910245 0.0839162 0.0526605 0.1343057 0.0444917 0.0000000 0.0800515 0.0874256 0.0527145 0.0978937 0.0727241 0.1403715 0.0563037 0.0812999 0.0827183 0.0479408 0.0965294 0.0658543 0.0473120 0.0734254 0.0792724 0.0968189 0.0857929 0.0765002 0.0966709 0.0981280 0.0978835 0.0766903 0.0806406 0.0920850 0.1404728 0.0772002 0.0685119 0.0647597 0.1538331 0.0062808 0.1557992 0.0837285 0.0842175 0.0443151 0.0931650 0.0781206 0.0640320 0.0800923 0.1008768 0.0937026 0.0783285 0.0763344 0.1099619 0.0812555 
Perityle_gilensis_salensis_225             0.0809539 0.0896612 0.1336634 0.1908957 0.1560370 0.1912631 0.1772609 0.1149066 0.2670667 0.2264915 0.1385851 0.0268027 0.0365171 0.0812670 0.0689192 0.0848436 0.0899634 0.2737549 0.1101528 0.0226238 0.0762403 0.0203014 0.2865369 0.0855434 0.0323162 0.0249168 0.1372060 0.1082039 0.1212449 0.1153986 0.1052238 0.1435463 0.1637229 0.1945179 0.0472844 0.1839064 0.1177758 0.0819078 0.1726759 0.0876326 0.0800515 0.0000000 0.1192394 0.0292144 0.1200563 0.1116652 0.2188411 0.0910695 0.0213131 0.1106614 0.0506834 0.0367716 0.0942575 0.0689655 0.0897154 0.0917789 0.1468844 0.0312584 0.0196071 0.1215134 0.1113155 0.1098283 0.0898709 0.0429120 0.1287104 0.1914668 0.1045642 0.0794957 0.0291831 0.1763378 0.0845669 0.1487442 0.0289582 0.0281359 0.0200203 0.0354472 0.1000212 0.1098009 0.0306858 0.0465069 0.1284054 0.0187635 0.0615591 0.1135993 0.1049057 
Perityle_glaucescens_94                    0.1129212 0.1046580 0.1431574 0.1990157 0.1622039 0.2044050 0.1952162 0.1143940 0.2711727 0.2543181 0.1516567 0.1146811 0.1145556 0.0901963 0.0856200 0.0800257 0.1053748 0.2687246 0.0937808 0.0925354 0.0818505 0.1059766 0.2534596 0.0870749 0.1007451 0.1105752 0.1400903 0.0984897 0.1076791 0.1363777 0.1306447 0.1446920 0.1694389 0.2199711 0.1625291 0.2089094 0.0451349 0.0932508 0.1414838 0.0870470 0.0874256 0.1192394 0.0000000 0.1010038 0.0253312 0.0962766 0.2108681 0.0881762 0.1186097 0.0113159 0.0821728 0.1197573 0.1081792 0.0835369 0.0853953 0.0935434 0.1301469 0.1225471 0.1177526 0.1144379 0.1140748 0.1111558 0.0971714 0.1068324 0.1067846 0.1742003 0.0871677 0.0894723 0.0942003 0.1958186 0.0847450 0.1708171 0.1224972 0.1095544 0.0887535 0.1065694 0.0848952 0.0876840 0.1214327 0.1267459 0.1046036 0.1138133 0.1079100 0.1192777 0.0770851 
Perityle_gracilis_11                       0.0991006 0.0678125 0.0979261 0.1955954 0.1523963 0.7352026 0.1480293 0.1226370 0.3346111 0.7005331 0.1165886 0.0291402 0.0195982 0.0260422 0.0343239 0.0625347 0.0281490 0.1824507 0.1057548 0.0288566 0.0407973 0.0292662 0.3287643 0.0597894 0.0386744 0.0157897 0.0784572 0.0724211 0.0988444 0.0942444 0.1030346 0.1203015 0.1124487 0.6866288 0.5539842 0.3682705 0.1052338 0.0333560 0.0848924 0.0664806 0.0527145 0.0292144 0.1010038 0.0000000 0.1138826 0.0813081 0.3150391 0.0455427 0.0246699 0.0971524 0.0316108 0.0427887 0.0595531 0.0291438 0.0814093 0.0731131 0.0755418 0.0195938 0.0281728 0.0956213 0.0777300 0.0876022 0.0431039 0.0368204 0.0997002 0.0000010 0.0747220 0.0905976 0.0264903 0.0262540 0.0581689 0.1085102 0.0272820 0.0312671 0.0249974 0.0571677 0.0948836 0.0748682 0.0247980 0.0472710 0.1198317 0.0262298 0.0567566 0.0894535 0.0944157 
