86
Amauria_brandeegeana_62                    0.0000000 0.0648129 0.1668210 0.2279223 0.1918845 0.1005496 0.2044601 0.3341516 0.2566018 0.0973333 0.1849324 0.1732343 0.1818559 0.1828132 0.1258737 0.1776359 0.1748343 0.4943188 0.1574486 0.1075016 0.2095926 0.1179771 0.1252494 0.1793192 0.1970592 0.1806420 0.1802701 0.1879115 0.1852519 0.1421779 0.2430594 0.1179776 0.1253255 0.1002571 0.1807304 0.1285589 0.1310102 0.2600387 0.1166216 0.1691409 0.3038321 0.1719334 0.1240215 0.1820591 0.1754579 0.1835485 0.1809940 0.1755573 0.1845520 0.2654955 0.1740620 0.1831913 0.1798204 0.1746992 0.1491400 0.1469322 0.1247898 0.1259379 0.1796368 0.2584068 0.2132765 0.0915259 0.1280553 0.0956091 0.1889466 0.1790180 0.1815887 0.1914828 0.2250342 0.3422698 0.1726093 0.1784478 0.1435895 0.1841684 0.1828193 0.1652883 0.2464982 0.1787309 0.1265784 0.1723970 0.1796352 0.1450114 0.1778364 0.1353690 0.2611987 0.0992437 
Amauria_carterae_99_mesa                   0.0648129 0.0000000 0.0708921 0.1698733 0.0773961 0.0709350 0.1731492 0.2082409 0.1748067 0.0966294 0.0876351 0.0730425 0.0759171 0.0811716 0.0826334 0.0829154 0.0692299 0.2460447 0.0916201 0.0692259 0.0747670 0.0760207 0.1463781 0.0784549 0.2249655 0.0771231 0.0880777 0.0857447 0.1073155 0.0967946 0.2177426 0.0704909 0.0948620 0.0899442 0.0797391 0.0762089 0.1038386 0.1935753 0.0749070 0.0924423 0.2449124 0.0758874 0.0985185 0.0734191 0.0998383 0.0786554 0.0772282 0.0734191 0.0812235 0.0984772 0.0731129 0.0772193 0.0842512 0.0879297 0.0784706 0.0811739 0.0843437 0.0810115 0.0758526 0.1114634 0.1011821 0.1032693 0.0935437 0.0812153 0.0755911 0.1034343 0.0879875 0.0798700 0.0803041 0.2747204 0.0692307 0.0745740 0.0968772 0.0773095 0.0733135 0.0730189 0.1929092 0.0815076 0.0998779 0.0847159 0.0755206 0.0863846 0.0797424 0.1010621 0.2065838 0.1008801 
Amauria_rotundifolia_SRR9119150            0.1668210 0.0708921 0.0000000 0.3463962 0.0914647 0.0783194 0.2660579 0.3822766 0.2682391 0.1785991 0.1154924 0.0965404 0.1054782 0.1006579 0.1056352 0.1001680 0.0965185 0.5244745 0.1280482 0.0866296 0.0975416 0.0953417 0.1171533 0.1001622 0.2216470 0.0979969 0.1314801 0.1242986 0.1247147 0.1678575 0.3136381 0.2153480 0.1701287 0.1706486 0.1009551 0.1236358 0.2143072 0.2862700 0.0983151 0.1083517 0.3815733 0.0981120 0.2096459 0.0978238 0.2454211 0.1082796 0.0994353 0.0969354 0.1009781 0.3260199 0.1037749 0.1002981 0.1614152 0.1221108 0.0939270 0.1126614 0.1083435 0.1092161 0.0987345 0.1272506 0.1385091 0.0961918 0.2124243 0.1084255 0.1047121 0.1180234 0.1330925 0.1175194 0.1109371 0.3057185 0.0967666 0.0979686 0.1735169 0.1011177 0.1005106 0.0917947 0.2670276 0.1114206 0.1958224 0.1002056 0.0979700 0.1082139 0.1018665 0.2115041 0.3170333 0.1025760 
Conoclinium_coelestinum_SRR9119114         0.2279223 0.1698733 0.3463962 0.0000000 0.3204846 0.2060790 0.1991105 0.4030452 0.3163548 0.2479617 0.3510895 0.3509899 0.3625603 0.3571723 0.2683552 0.3673264 0.3566091 0.5891907 0.2786266 0.2771499 0.3494173 0.2821797 0.2706628 0.3550836 0.3219515 0.3580922 0.3459500 0.3330828 0.3593572 0.2431104 0.3287845 0.2223034 0.2867950 0.2543051 0.3586171 0.2773625 0.2694254 0.3799882 0.2620405 0.3650624 0.3848706 0.3562146 0.2638565 0.3559403 0.2697799 0.3547169 0.3599886 0.3559403 0.3615382 0.3246532 0.2888345 0.3565276 0.3607196 0.3439348 0.3312699 0.2891488 0.2111507 0.2276442 0.3590752 0.3944914 0.3493516 0.1691894 0.2607556 0.2093975 0.3601118 0.3538993 0.3494048 0.3344212 0.3528481 0.4642282 0.3493679 0.3534503 0.2639175 0.3611522 0.3572855 0.3438842 0.3248096 0.3180125 0.2595962 0.3611607 0.3556430 0.2381770 0.3614856 0.2636951 0.3413663 0.1746377 
Eutetras_palmeri_63                        0.1918845 0.0773961 0.0914647 0.3204846 0.0000000 0.0035088 0.2506016 0.3606860 0.2111644 0.2048084 0.1054075 0.0877488 0.0949117 0.0930501 0.0899219 0.0927704 0.0895979 0.4913724 0.1162040 0.0824259 0.0909299 0.0903523 0.1127082 0.0921637 0.2066981 0.0912591 0.0945001 0.0869979 0.1218537 0.1655336 0.2937066 0.2179672 0.1313841 0.1762253 0.0948202 0.1537096 0.2242919 0.2648222 0.0842330 0.0999912 0.3626899 0.0942697 0.2200961 0.0890330 0.2213810 0.0963684 0.0922408 0.0890330 0.0931585 0.2694400 0.0892717 0.0922638 0.1637505 0.0838010 0.0907259 0.0939984 0.0613728 0.0681048 0.0912603 0.1225958 0.1068849 0.0975730 0.2076472 0.0672400 0.0918996 0.1164519 0.0952945 0.1053446 0.0964632 0.3032897 0.0879764 0.0904587 0.1648881 0.0931919 0.0896923 0.0854800 0.2464596 0.0973656 0.2218934 0.0938080 0.0892798 0.1023867 0.0931418 0.2108648 0.3075577 0.0957270 
Eutetras_pringlei_149_quer                 0.1005496 0.0709350 0.0783194 0.2060790 0.0035088 0.0000000 0.2111649 0.2231843 0.1904827 0.1028665 0.0797821 0.0799105 0.0878473 0.0891414 0.0907061 0.0910572 0.0812317 0.3217286 0.0959328 0.0825636 0.0848903 0.0880423 0.1127082 0.0877422 0.2348747 0.0877670 0.0732062 0.0606269 0.1052608 0.1017972 0.2106340 0.0938238 0.0602862 0.1006416 0.0918090 0.0909877 0.1197902 0.1824432 0.0840027 0.0951813 0.2631861 0.0881752 0.1145013 0.0802965 0.1158337 0.0843734 0.0865743 0.0802965 0.0879454 0.1146137 0.0824584 0.0865808 0.0831196 0.0652366 0.0887677 0.0933190 0.0605648 0.0582826 0.0878116 0.1130628 0.0983637 0.0934017 0.1153864 0.0685993 0.0808297 0.1001916 0.0718435 0.0767614 0.0815299 0.2433883 0.0815243 0.0838986 0.1032578 0.0892872 0.0813636 0.0799070 0.2173110 0.0742765 0.1041982 0.0900813 0.0796294 0.1028051 0.0904928 0.1072760 0.2307959 0.0927218 
Eutrochium_fistulosum_SRR9119106           0.2044601 0.1731492 0.2660579 0.1991105 0.2506016 0.2111649 0.0000000 0.3185163 0.4137868 0.2061626 0.2563581 0.2548778 0.2575915 0.2606271 0.2248038 0.2568053 0.2540051 0.5561361 0.2595411 0.2273331 0.2719504 0.2397863 0.2656884 0.2537458 0.2598822 0.2572433 0.2459323 0.2250045 0.2610923 0.2120600 0.2980672 0.1984900 0.2420467 0.1952468 0.2608409 0.2463867 0.2145741 0.3415865 0.2035903 0.2655536 0.3461089 0.2515927 0.2124967 0.2593702 0.2156820 0.2520794 0.2600034 0.2593702 0.2623309 0.3028689 0.2170349 0.2587014 0.2402610 0.2433455 0.2572928 0.2441694 0.1839817 0.2017763 0.2599727 0.3247910 0.2857540 0.1404649 0.2040701 0.2008820 0.2595302 0.2558008 0.2451264 0.2428081 0.2703944 0.4459022 0.2509551 0.2549483 0.2113118 0.2622006 0.2581773 0.2528736 0.3401073 0.2403244 0.2188315 0.2674003 0.2555173 0.2250558 0.2610024 0.2170126 0.3242855 0.1575993 
Galeana_pratensis_104_mex                  0.3341516 0.2082409 0.3822766 0.4030452 0.3606860 0.2231843 0.3185163 0.0000000 0.3020049 0.3307195 0.4171552 0.3971723 0.4530938 0.4241978 0.2709575 0.4035043 0.4352330 0.5520160 0.2977925 0.2594097 0.4023106 0.2611244 0.2291186 0.4513569 0.2722028 0.4044353 0.4325531 0.4333292 0.3937228 0.2720265 0.2188753 0.3735364 0.4198723 0.2819446 0.4074145 0.2840163 0.3795547 0.2562160 0.2308749 0.3619270 0.3921863 0.3704297 0.3751579 0.4012655 0.3443749 0.4471637 0.4490354 0.4476000 0.4328537 0.3277190 0.3286982 0.4520508 0.3818397 0.4226458 0.3434226 0.3258641 0.2181277 0.2352858 0.4129600 0.5042009 0.3941371 0.1416113 0.3900093 0.2154094 0.4387380 0.3907196 0.4184587 0.4366423 0.4359386 0.4339473 0.3966027 0.4532443 0.2691796 0.4526260 0.4064951 0.3858496 0.2094188 0.3415410 0.4091149 0.3770062 0.4046830 0.2590105 0.4441803 0.3654718 0.1957242 0.1988015 
Helianthus_annuus_SRR9119062               0.2566018 0.1748067 0.2682391 0.3163548 0.2111644 0.1904827 0.4137868 0.3020049 0.0000000 0.2594303 0.2467625 0.2402235 0.2499561 0.2485761 0.2546556 0.2509213 0.2450818 0.4746583 0.2358875 0.2426898 0.2169050 0.2474572 0.2554955 0.2435571 0.3019525 0.2468749 0.2325219 0.2121528 0.2589276 0.2362109 0.3198607 0.2384199 0.2433100 0.2551216 0.2555086 0.2444798 0.2697071 0.3270594 0.2317379 0.2569400 0.3464224 0.2470320 0.2660284 0.2468426 0.2707141 0.2469527 0.2462477 0.2468426 0.2482712 0.3395733 0.2168976 0.2483816 0.2347422 0.2350216 0.2499172 0.2203622 0.1850427 0.2041648 0.2495473 0.2657459 0.2376136 0.1374546 0.2530412 0.1924312 0.2437784 0.2543987 0.2371886 0.2405307 0.2265210 0.4344189 0.2442053 0.2411827 0.2579559 0.2488395 0.2468287 0.2411410 0.2991313 0.2360600 0.2654295 0.2560621 0.2394279 0.2266841 0.2509248 0.2618292 0.3337947 0.1516400 
Lycapsus_tenuifolius_17                    0.0973333 0.0966294 0.1785991 0.2479617 0.2048084 0.1028665 0.2061626 0.3307195 0.2594303 0.0000000 0.1931791 0.1837378 0.1933388 0.1911561 0.1310256 0.1909111 0.1864082 0.4899265 0.1704452 0.1182914 0.2209427 0.1302200 0.1682719 0.1870926 0.2249822 0.1884395 0.1971545 0.1998917 0.1891594 0.0663992 0.2508743 0.0885015 0.1554768 0.0244988 0.1900425 0.1346350 0.1104076 0.2638863 0.1152229 0.1873140 0.3136231 0.1845479 0.1071666 0.1900685 0.1500433 0.1932123 0.1921648 0.1861158 0.1897874 0.2265077 0.1645691 0.1882062 0.1950961 0.1962913 0.1616269 0.1513392 0.1262431 0.1321959 0.1879988 0.2620763 0.2154723 0.1099707 0.1078822 0.1144161 0.1924067 0.1852595 0.2012493 0.2002058 0.2301950 0.3318731 0.1860320 0.1862491 0.0738697 0.1910292 0.1911530 0.1718880 0.2629401 0.1879828 0.1071290 0.1872173 0.1866488 0.1138490 0.1907144 0.0711824 0.2809362 0.1060918 
Pericome_caudata_50_silver                 0.1849324 0.0876351 0.1154924 0.3510895 0.1054075 0.0797821 0.2563581 0.4171552 0.2467625 0.1931791 0.0000000 0.1151892 0.1260224 0.1206322 0.1102231 0.1199351 0.1247579 0.4713199 0.1113030 0.0929314 0.1120365 0.0969085 0.1264088 0.1245751 0.2208021 0.1174747 0.1043464 0.1127114 0.1269085 0.1745699 0.2989662 0.2713413 0.2128491 0.1739164 0.1186588 0.1394971 0.2378082 0.2800540 0.1028555 0.1168414 0.3721196 0.1085651 0.2302346 0.1147398 0.2627006 0.1303297 0.1188390 0.1252933 0.1211292 0.3183924 0.1093615 0.1235180 0.1786858 0.0985405 0.1021386 0.1123225 0.0856338 0.0816673 0.1191665 0.1581897 0.1106138 0.0956104 0.2502559 0.0766220 0.1261836 0.1251067 0.1028541 0.0706996 0.0627123 0.2999389 0.1176204 0.1281721 0.1773598 0.1262024 0.1157065 0.1090518 0.2550700 0.0572806 0.2374066 0.1090918 0.1228179 0.1057294 0.1262740 0.2239684 0.2957627 0.1112344 
Perityle_aglossa_84_dead_horse             0.1732343 0.0730425 0.0965404 0.3509899 0.0877488 0.0799105 0.2548778 0.3971723 0.2402235 0.1837378 0.1151892 0.0000000 0.0244650 0.0220738 0.0247801 0.0405562 0.0186011 0.4882515 0.0940433 0.0102915 0.0202995 0.0206429 0.0557001 0.0192361 0.1623559 0.0196562 0.1209861 0.1213780 0.1172727 0.1592725 0.3039138 0.2321173 0.1890675 0.1695571 0.0216859 0.1345149 0.1916293 0.2743348 0.0647201 0.0413412 0.3802946 0.0173153 0.1862012 0.0197352 0.2087977 0.0747380 0.0205306 0.0207695 0.0238138 0.2833060 0.0151775 0.0218551 0.1103538 0.1142250 0.0140680 0.0937390 0.0903119 0.0907298 0.0205493 0.0548641 0.1172614 0.0791627 0.1988975 0.0912244 0.0198744 0.1130168 0.1251283 0.1172661 0.1083592 0.2271615 0.0193404 0.0185874 0.1684721 0.0231791 0.0226695 0.0171099 0.2560538 0.1003925 0.1876521 0.0188900 0.0116278 0.0897965 0.0225210 0.2223309 0.3002718 0.0903659 
Perityle_ajoensis_204                      0.1818559 0.0759171 0.1054782 0.3625603 0.0949117 0.0878473 0.2575915 0.4530938 0.2499561 0.1933388 0.1260224 0.0244650 0.0000000 0.0221279 0.0247897 0.0438912 0.0212404 0.5125119 0.1000341 0.0155222 0.0237143 0.0210384 0.0489235 0.0229493 0.1725746 0.0135039 0.1390249 0.1399130 0.1215837 0.1709667 0.3179307 0.2711584 0.2164220 0.1764898 0.0170193 0.1437602 0.2043617 0.2809384 0.0685842 0.0493737 0.3828125 0.0184016 0.1988398 0.0155898 0.2199770 0.0851699 0.0234532 0.0200915 0.0200594 0.3007699 0.0184038 0.0127843 0.1185801 0.1323692 0.0147745 0.1022298 0.0943620 0.0944569 0.0166794 0.0515791 0.1175323 0.0882652 0.2275893 0.0955338 0.0306656 0.1257032 0.1320838 0.1337327 0.1221269 0.2325899 0.0197653 0.0223623 0.1805614 0.0177448 0.0190836 0.0227796 0.2620857 0.1076053 0.2212986 0.0221418 0.0264751 0.0983123 0.0181162 0.2327895 0.3107212 0.0999669 
Perityle_ambrosiifolia_67_green            0.1828132 0.0811716 0.1006579 0.3571723 0.0930501 0.0891414 0.2606271 0.4241978 0.2485761 0.1911561 0.1206322 0.0220738 0.0221279 0.0000000 0.0239362 0.0430537 0.0183009 0.5214147 0.0980205 0.0163861 0.0211229 0.0216549 0.0590220 0.0170108 0.1699836 0.0180829 0.1272320 0.1215215 0.1207971 0.1686276 0.3197059 0.2463762 0.2046223 0.1761979 0.0190061 0.1436572 0.2022105 0.2813012 0.0714788 0.0485707 0.3879556 0.0175058 0.1967125 0.0176536 0.2195820 0.0833108 0.0214721 0.0184930 0.0208546 0.2958265 0.0151584 0.0189331 0.1151985 0.1212401 0.0154905 0.0983789 0.0875823 0.0954966 0.0177441 0.0485622 0.1210917 0.0852095 0.2205602 0.0953727 0.0253572 0.1236618 0.1305946 0.1228469 0.1186261 0.2350287 0.0190949 0.0138295 0.1783342 0.0208717 0.0189161 0.0222142 0.2623009 0.1032919 0.2078650 0.0177139 0.0264654 0.0970434 0.0221546 0.2323594 0.3142093 0.1045714 
Perityle_angustifolia_13_Eagle_creek       0.1258737 0.0826334 0.1056352 0.2683552 0.0899219 0.0907061 0.2248038 0.2709575 0.2546556 0.1310256 0.1102231 0.0247801 0.0247897 0.0239362 0.0000000 0.0466460 0.0197796 0.4171105 0.1004481 0.0206234 0.0281254 0.0239936 0.0624476 0.0197729 0.1738810 0.0197817 0.1138645 0.1064003 0.1068692 0.1368727 0.2804877 0.1228236 0.1288965 0.1360832 0.0239807 0.1410928 0.1117001 0.2523907 0.0731132 0.0545690 0.3160514 0.0214925 0.1058131 0.0209046 0.1087124 0.0753168 0.0272984 0.0209046 0.0256637 0.1989358 0.0174024 0.0222857 0.0277642 0.1069993 0.0155677 0.0887659 0.0944592 0.1005006 0.0214624 0.0678425 0.0980134 0.0972094 0.1197755 0.1042013 0.0332722 0.1072524 0.1137446 0.1007469 0.0879965 0.2407072 0.0217136 0.0164445 0.1484635 0.0239846 0.0206752 0.0264649 0.2553570 0.0989353 0.1144827 0.0234844 0.0256153 0.1021200 0.0222911 0.1525600 0.2802985 0.1023348 
Perityle_batopilensis_97                   0.1776359 0.0829154 0.1001680 0.3673264 0.0927704 0.0910572 0.2568053 0.4035043 0.2509213 0.1909111 0.1199351 0.0405562 0.0438912 0.0430537 0.0466460 0.0000000 0.0377619 0.4993242 0.0967779 0.0339910 0.0340460 0.0414226 0.0696938 0.0384119 0.1978770 0.0386871 0.1282867 0.1241575 0.1197664 0.1720588 0.3173608 0.2317169 0.1942180 0.1760503 0.0404117 0.1424564 0.1951025 0.2812429 0.0675677 0.0179034 0.3927635 0.0373701 0.1904528 0.0390692 0.2164689 0.0769593 0.0411107 0.0381667 0.0425290 0.2905196 0.0392796 0.0411662 0.1271005 0.1206221 0.0353058 0.1009290 0.0937564 0.1032520 0.0397971 0.0647904 0.1268435 0.0902036 0.2030110 0.1018498 0.0425026 0.1161460 0.1314365 0.1243191 0.1145162 0.2456685 0.0401464 0.0377360 0.1813983 0.0405256 0.0405750 0.0403452 0.2650244 0.1097929 0.1866539 0.0378420 0.0418468 0.1002882 0.0425706 0.2264157 0.3096575 0.1006122 
Perityle_bisetosa_9                        0.1748343 0.0692299 0.0965185 0.3566091 0.0895979 0.0812317 0.2540051 0.4352330 0.2450818 0.1864082 0.1247579 0.0186011 0.0212404 0.0183009 0.0197796 0.0377619 0.0000000 0.5066597 0.0931678 0.0095726 0.0168655 0.0159316 0.0489127 0.0187783 0.1686733 0.0135323 0.1314255 0.1288790 0.1148355 0.1637069 0.3130316 0.2627197 0.2077605 0.1717578 0.0150542 0.1356546 0.1990032 0.2743325 0.0645217 0.0428422 0.3822293 0.0137683 0.1935178 0.0135614 0.2153625 0.0810530 0.0169252 0.0171435 0.0207205 0.2914311 0.0111476 0.0181751 0.1110481 0.1229746 0.0098316 0.0938619 0.0850129 0.0931971 0.0160880 0.0482690 0.1193289 0.0822764 0.2241021 0.0913134 0.0268405 0.1221037 0.1337792 0.1276826 0.1210556 0.2258663 0.0058678 0.0169473 0.1737109 0.0206578 0.0165478 0.0181779 0.2572843 0.1036592 0.2092233 0.0153692 0.0225529 0.0910707 0.0200423 0.2283359 0.3072117 0.0952144 
Perityle_californica_76_positas            0.4943188 0.2460447 0.5244745 0.5891907 0.4913724 0.3217286 0.5561361 0.5520160 0.4746583 0.4899265 0.4713199 0.4882515 0.5125119 0.5214147 0.4171105 0.4993242 0.5066597 0.0000000 0.4176761 0.3853452 0.5035485 0.4038867 0.2828563 0.5063271 0.4554518 0.5101126 0.4869516 0.5029724 0.5230135 0.4433802 0.2997846 0.4986791 0.5400008 0.4295538 0.5056992 0.4300119 0.5312685 0.3898518 0.3392764 0.4627664 0.5989084 0.5026130 0.5195609 0.5060774 0.4975972 0.4790845 0.5089218 0.5060774 0.5126052 0.4801853 0.4797494 0.5091583 0.5080876 0.4828862 0.4469105 0.4393522 0.3069224 0.3208670 0.5116600 0.5086790 0.4977165 0.2150989 0.5127819 0.2753869 0.4959577 0.5091959 0.4977479 0.5033048 0.5043787 0.3599619 0.4916674 0.5104758 0.4431988 0.5106304 0.5001580 0.4911945 0.3156929 0.4716634 0.5160777 0.4918827 0.5049878 0.3594035 0.5097214 0.5296937 0.3189003 0.2276548 
Perityle_canescens_77                      0.1574486 0.0916201 0.1280482 0.2786266 0.1162040 0.0959328 0.2595411 0.2977925 0.2358875 0.1704452 0.1113030 0.0940433 0.1000341 0.0980205 0.1004481 0.0967779 0.0931678 0.4176761 0.0000000 0.0879046 0.0821217 0.0972923 0.1178053 0.0970811 0.2248330 0.0951996 0.1152031 0.1089273 0.1402450 0.1830601 0.3073267 0.1737089 0.1547895 0.1728911 0.0971113 0.1610225 0.1868443 0.2826969 0.0913029 0.1077921 0.3344811 0.0973230 0.1799619 0.0945735 0.1809911 0.0987336 0.0990349 0.0945735 0.1019644 0.2390242 0.0882307 0.0981522 0.1211044 0.1091250 0.0952116 0.1307303 0.0862328 0.0930370 0.0979338 0.1140990 0.1298148 0.0958945 0.1832721 0.0955694 0.0932219 0.1366466 0.1110523 0.1033813 0.0904139 0.2985745 0.0954314 0.0951728 0.1820304 0.0971859 0.0952850 0.0950919 0.2703041 0.0995700 0.1836004 0.1018783 0.0949001 0.1211627 0.1019294 0.1865742 0.3233594 0.1144194 
Perityle_castillonii_96                    0.1075016 0.0692259 0.0866296 0.2771499 0.0824259 0.0825636 0.2273331 0.2594097 0.2426898 0.1182914 0.0929314 0.0102915 0.0155222 0.0163861 0.0206234 0.0339910 0.0095726 0.3853452 0.0879046 0.0000000 0.0152443 0.0163158 0.0557508 0.0125349 0.1650989 0.0105163 0.0992229 0.0984490 0.0909833 0.1344949 0.2831591 0.1182997 0.1112094 0.1298959 0.0141787 0.1302791 0.1056593 0.2413522 0.0608301 0.0414408 0.2930799 0.0118185 0.1001676 0.0124163 0.1470588 0.0647747 0.0162534 0.0127017 0.0155339 0.2368676 0.0104011 0.0132914 0.0241513 0.0949637 0.0105890 0.0785730 0.0904252 0.0931856 0.0118048 0.0536985 0.0930848 0.0807921 0.1163292 0.0941001 0.0177521 0.0912726 0.1021011 0.0893131 0.0694596 0.2246757 0.0115093 0.0095685 0.1450925 0.0147931 0.0140685 0.0095805 0.2537634 0.0860107 0.1042760 0.0149836 0.0119114 0.0897816 0.0140326 0.1424650 0.2831622 0.0940042 
Perityle_cernua_84                         0.2095926 0.0747670 0.0975416 0.3494173 0.0909299 0.0848903 0.2719504 0.4023106 0.2169050 0.2209427 0.1120365 0.0202995 0.0237143 0.0211229 0.0281254 0.0340460 0.0168655 0.5035485 0.0821217 0.0152443 0.0000000 0.0203572 0.0556143 0.0177048 0.2154363 0.0185602 0.1250813 0.1245103 0.1362128 0.1724254 0.3081542 0.2358545 0.2184825 0.1847839 0.0196515 0.1472594 0.2244819 0.2940416 0.0603786 0.0368439 0.4260009 0.0186693 0.2196216 0.0164532 0.1967265 0.0735522 0.0168564 0.0162359 0.0202927 0.1760775 0.0149560 0.0168584 0.1473903 0.1169502 0.0175268 0.1058512 0.0949686 0.0945192 0.0177111 0.0466722 0.1259296 0.0864037 0.2356082 0.0979580 0.0168570 0.1305916 0.1281908 0.1063876 0.1072104 0.1708882 0.0170680 0.0177162 0.1779774 0.0194370 0.0152546 0.0200000 0.2579516 0.0888916 0.2236552 0.0217199 0.0228344 0.0957550 0.0228976 0.2534032 0.3051090 0.0934168 
Perityle_cfvillosa_25_tin                  0.1179771 0.0760207 0.0953417 0.2821797 0.0903523 0.0880423 0.2397863 0.2611244 0.2474572 0.1302200 0.0969085 0.0206429 0.0210384 0.0216549 0.0239936 0.0414226 0.0159316 0.4038867 0.0972923 0.0163158 0.0203572 0.0000000 0.0558076 0.0193158 0.1728212 0.0135088 0.1058807 0.1052158 0.0905833 0.1431577 0.2897742 0.1255456 0.1202407 0.1418163 0.0179276 0.1367136 0.1139857 0.2454467 0.0643179 0.0485610 0.2979758 0.0156433 0.1083433 0.0061595 0.1607004 0.0668617 0.0206840 0.0065498 0.0176285 0.2486545 0.0147848 0.0207147 0.0298327 0.1019147 0.0151372 0.0833824 0.0931627 0.1005179 0.0142349 0.0479408 0.0973767 0.0883797 0.1203063 0.0971007 0.0292180 0.0927960 0.1074009 0.0998710 0.0782883 0.2315642 0.0153773 0.0186319 0.1554291 0.0165290 0.0114757 0.0223039 0.2600418 0.0978577 0.1088163 0.0207517 0.0217380 0.0961259 0.0166173 0.1522195 0.2942549 0.0966246 
Perityle_cinerea_113_Powell1310            0.1252494 0.1463781 0.1171533 0.2706628 0.1127082 0.1127082 0.2656884 0.2291186 0.2554955 0.1682719 0.1264088 0.0557001 0.0489235 0.0590220 0.0624476 0.0696938 0.0489127 0.2828563 0.1178053 0.0557508 0.0556143 0.0558076 0.0000000 0.0489064 0.5778820 0.0456135 0.1568053 0.0856270 0.1793701 0.1561259 0.2411598 0.1379251 0.1639154 0.1886731 0.0522637 0.1457674 0.1267215 0.2667546 0.1053492 0.0731549 0.3530604 0.0522379 0.1228697 0.0506320 0.1228697 0.1013386 0.0557483 0.0506320 0.0556952 0.1268131 0.0454867 0.0523808 0.0555360 0.1379860 0.0558089 0.1429234 0.0811499 0.1206112 0.0456135 0.0489235 0.1388084 0.0707088 0.1176565 0.1414361 0.0591716 0.1834620 0.1527603 0.1227847 0.1231594 0.0797730 0.0487875 0.0489259 0.1688950 0.0490494 0.0489937 0.0591478 0.2604208 0.1197942 0.1276771 0.0588638 0.0660624 0.1669178 0.0523863 0.1728857 0.2529601 0.1514770 
Perityle_coahuilensis_24                   0.1793192 0.0784549 0.1001622 0.3550836 0.0921637 0.0877422 0.2537458 0.4513569 0.2435571 0.1870926 0.1245751 0.0192361 0.0229493 0.0170108 0.0197729 0.0384119 0.0187783 0.5063271 0.0970811 0.0125349 0.0177048 0.0193158 0.0489064 0.0000000 0.1686838 0.0148117 0.1388952 0.1414087 0.1112546 0.1646628 0.3168160 0.2595302 0.2099384 0.1715830 0.0176758 0.1399095 0.1968133 0.2790069 0.0642527 0.0435385 0.3814002 0.0148186 0.1913529 0.0162865 0.2171338 0.0793726 0.0189825 0.0189880 0.0208452 0.2903362 0.0111496 0.0233602 0.1061603 0.1341562 0.0126458 0.0956914 0.0901599 0.0978184 0.0152388 0.0482296 0.1181182 0.0850612 0.2229687 0.0980702 0.0243219 0.1196690 0.1380062 0.1306430 0.1220130 0.2256356 0.0170915 0.0114255 0.1755586 0.0257029 0.0183469 0.0207925 0.2625173 0.1044351 0.2066609 0.0160291 0.0231721 0.0947221 0.0219114 0.2279166 0.3107952 0.0961757 
Perityle_cochisensis_44_cave_creek         0.1970592 0.2249655 0.2216470 0.3219515 0.2066981 0.2348747 0.2598822 0.2722028 0.3019525 0.2249822 0.2208021 0.1623559 0.1725746 0.1699836 0.1738810 0.1978770 0.1686733 0.4554518 0.2248330 0.1650989 0.2154363 0.1728212 0.5778820 0.1686838 0.0000000 0.1715112 0.2200395 0.2011694 0.2166361 0.2265043 0.2882332 0.2531744 0.2338784 0.2191870 0.1722453 0.2150212 0.2122983 0.2621676 0.1978408 0.1993335 0.2738289 0.1658295 0.2072850 0.1609359 0.2110975 0.2025824 0.1687397 0.1609359 0.1766067 0.3289075 0.1695376 0.1714146 0.1733306 0.2188060 0.1677234 0.2071623 0.2161310 0.2222075 0.1726674 0.2858217 0.2310203 0.2501168 0.2067659 0.2546209 0.1723795 0.2135204 0.2237076 0.2087567 0.2467528 0.5194390 0.1665828 0.1676691 0.2221586 0.1742186 0.1731898 0.1661179 0.2660340 0.2014439 0.2157052 0.1803133 0.1586906 0.2535092 0.1750665 0.2275612 0.2847695 0.2246320 
Perityle_congesta_202                      0.1806420 0.0771231 0.0979969 0.3580922 0.0912591 0.0877670 0.2572433 0.4044353 0.2468749 0.1884395 0.1174747 0.0196562 0.0135039 0.0180829 0.0197817 0.0386871 0.0135323 0.5101126 0.0951996 0.0105163 0.0185602 0.0135088 0.0456135 0.0148117 0.1715112 0.0000000 0.1289542 0.1247669 0.1198338 0.1657834 0.3176876 0.2345412 0.1999285 0.1726722 0.0144935 0.1374474 0.1978030 0.2786238 0.0595905 0.0439603 0.3866974 0.0128952 0.1924618 0.0108046 0.2141310 0.0768011 0.0180733 0.0110264 0.0109170 0.2863840 0.0119576 0.0102645 0.1101193 0.1228078 0.0105129 0.0957538 0.0915623 0.0978782 0.0064070 0.0450039 0.1183274 0.0865980 0.2082934 0.0982716 0.0233171 0.1222566 0.1320256 0.1197658 0.1147246 0.2281534 0.0151174 0.0141705 0.1756971 0.0076987 0.0111353 0.0178149 0.2618960 0.0995762 0.1973632 0.0130669 0.0226678 0.0935753 0.0089914 0.2292559 0.3102421 0.0963130 
Perityle_cordifolia_27                     0.1802701 0.0880777 0.1314801 0.3459500 0.0945001 0.0732062 0.2459323 0.4325531 0.2325219 0.1971545 0.1043464 0.1209861 0.1390249 0.1272320 0.1138645 0.1282867 0.1314255 0.4869516 0.1152031 0.0992229 0.1250813 0.1058807 0.1568053 0.1388952 0.2200395 0.1289542 0.0000000 0.0513921 0.1311962 0.1798513 0.2997975 0.2793548 0.1834412 0.1881975 0.1285855 0.1528964 0.2437543 0.2804078 0.1117336 0.1231857 0.3602619 0.1171257 0.2380784 0.1260046 0.2724739 0.1402663 0.1307832 0.1406429 0.1351920 0.3503676 0.1150220 0.1416436 0.1895604 0.0285935 0.1146932 0.1074520 0.0397144 0.0374598 0.1296229 0.1797115 0.1038147 0.1049557 0.2384181 0.0074138 0.1406620 0.1316356 0.0164466 0.1056170 0.0855033 0.3318509 0.1252110 0.1411866 0.1734629 0.1431669 0.1287523 0.1140217 0.2485942 0.0982669 0.2442446 0.1172262 0.1303807 0.1026063 0.1444078 0.2184529 0.2981006 0.1161851 
Perityle_cordifolia_68_tecolote            0.1879115 0.0857447 0.1242986 0.3330828 0.0869979 0.0606269 0.2250045 0.4333292 0.2121528 0.1998917 0.1127114 0.1213780 0.1399130 0.1215215 0.1064003 0.1241575 0.1288790 0.5029724 0.1089273 0.0984490 0.1245103 0.1052158 0.0856270 0.1414087 0.2011694 0.1247669 0.0513921 0.0000000 0.1347327 0.1809137 0.3028229 0.2842851 0.1802186 0.1877651 0.1226911 0.1471133 0.2501474 0.2675923 0.1177319 0.1228101 0.3365947 0.1152955 0.2421365 0.1214478 0.2802757 0.1798158 0.1313080 0.1363647 0.1321707 0.3596181 0.1108549 0.1445212 0.1881488 0.0472344 0.1085386 0.1061065 0.0058806 0.0339851 0.1262818 0.2480700 0.1042610 0.1030471 0.2433524 0.0311268 0.1887915 0.1337003 0.0441433 0.1083315 0.0884546 0.3292645 0.1207881 0.1675691 0.1730908 0.1434758 0.1260116 0.1173100 0.2420337 0.0979618 0.2551818 0.1099285 0.1279911 0.1033186 0.1735648 0.2212877 0.3030115 0.1171271 
Perityle_coronopifolia_28_patagonia        0.1852519 0.1073155 0.1247147 0.3593572 0.1218537 0.1052608 0.2610923 0.3937228 0.2589276 0.1891594 0.1269085 0.1172727 0.1215837 0.1207971 0.1068692 0.1197664 0.1148355 0.5230135 0.1402450 0.0909833 0.1362128 0.0905833 0.1793701 0.1112546 0.2166361 0.1198338 0.1311962 0.1347327 0.0000000 0.1780737 0.2947271 0.2528389 0.2050879 0.1750264 0.1208409 0.1481529 0.2080460 0.2662534 0.0907434 0.1188314 0.3599719 0.1099868 0.2055480 0.1187446 0.2376246 0.1117271 0.1125048 0.1140582 0.1170100 0.3330808 0.1216285 0.1179856 0.1678504 0.1315314 0.1073023 0.1060463 0.1186285 0.1196990 0.1160094 0.1695605 0.1379696 0.1326003 0.2078440 0.1176801 0.1138011 0.0122471 0.1412092 0.1348136 0.1322737 0.3306567 0.1198038 0.1162844 0.1818757 0.1203406 0.1195569 0.1120596 0.2462237 0.1274618 0.1947847 0.1165293 0.1211797 0.1164922 0.1198846 0.2277565 0.2975952 0.0496582 
Perityle_crassifolia_70_ventanas           0.1421779 0.0967946 0.1678575 0.2431104 0.1655336 0.1017972 0.2120600 0.2720265 0.2362109 0.0663992 0.1745699 0.1592725 0.1709667 0.1686276 0.1368727 0.1720588 0.1637069 0.4433802 0.1830601 0.1344949 0.1724254 0.1431577 0.1561259 0.1646628 0.2265043 0.1657834 0.1798513 0.1809137 0.1780737 0.0000000 0.2472272 0.0975426 0.1813782 0.0935979 0.1700583 0.1496083 0.1172284 0.2630980 0.1168110 0.1756836 0.3168979 0.1651366 0.1151263 0.1639866 0.1171434 0.1650812 0.1647580 0.1639866 0.1709057 0.1624617 0.1250315 0.1679545 0.1690348 0.1766055 0.1670200 0.1576408 0.1390550 0.1323454 0.1686037 0.2110233 0.1868627 0.1129562 0.1109952 0.1161821 0.1615621 0.1742512 0.1817919 0.1785785 0.1843644 0.3410809 0.1592313 0.1635803 0.0058312 0.1669136 0.1628280 0.1512728 0.2620609 0.1734393 0.1239299 0.1709789 0.1623232 0.1191102 0.1687517 0.0082449 0.2760102 0.1102616 
Perityle_crassifolia_74_playa_balandra     0.2430594 0.2177426 0.3136381 0.3287845 0.2937066 0.2106340 0.2980672 0.2188753 0.3198607 0.2508743 0.2989662 0.3039138 0.3179307 0.3197059 0.2804877 0.3173608 0.3130316 0.2997846 0.3073267 0.2831591 0.3081542 0.2897742 0.2411598 0.3168160 0.2882332 0.3176876 0.2997975 0.3028229 0.2947271 0.2472272 0.0000000 0.2331578 0.2839726 0.2527692 0.3193849 0.2909597 0.2504826 0.2088256 0.2388206 0.3271892 0.2375824 0.3147636 0.2444171 0.3115016 0.2457523 0.2945519 0.3147642 0.3115016 0.3225649 0.2460269 0.2632933 0.3193083 0.2980232 0.2888188 0.3144873 0.2986532 0.2348525 0.2424597 0.3203248 0.3647150 0.3078838 0.1358753 0.2554141 0.2072272 0.3088669 0.2890876 0.3046977 0.2999510 0.3097139 0.4625317 0.3054054 0.3146667 0.2466948 0.3194628 0.3114333 0.3115326 0.1817021 0.3005977 0.2525338 0.3254588 0.3141925 0.2482963 0.3222638 0.2471695 0.1170946 0.1901984 
Perityle_cuneata_34_cuneata_San_antonio    0.1179776 0.0704909 0.2153480 0.2223034 0.2179672 0.0938238 0.1984900 0.3735364 0.2384199 0.0885015 0.2713413 0.2321173 0.2711584 0.2463762 0.1228236 0.2317169 0.2627197 0.4986791 0.1737089 0.1182997 0.2358545 0.1255456 0.1379251 0.2595302 0.2531744 0.2345412 0.2793548 0.2842851 0.2528389 0.0975426 0.2331578 0.0000000 0.1618662 0.1006138 0.2328940 0.1439288 0.1099349 0.2743997 0.1094703 0.2062011 0.3328438 0.2075234 0.1060751 0.2313237 0.1040088 0.2899811 0.2685961 0.2668276 0.2548284 0.1026032 0.1758573 0.2673423 0.2454222 0.2719285 0.1769407 0.1536275 0.1230366 0.1169661 0.2332142 0.3057648 0.2353812 0.1056694 0.1062185 0.1016748 0.2613097 0.2497956 0.2651899 0.2635722 0.2719829 0.2537883 0.2297450 0.2654800 0.1000813 0.2641807 0.2312206 0.2138554 0.2416931 0.1970731 0.1208155 0.2115142 0.2326875 0.1034415 0.2642659 0.1025188 0.2518280 0.0983473 
Perityle_cuneata_4                         0.1253255 0.0948620 0.1701287 0.2867950 0.1313841 0.0602862 0.2420467 0.4198723 0.2433100 0.1554768 0.2128491 0.1890675 0.2164220 0.2046223 0.1288965 0.1942180 0.2077605 0.5400008 0.1547895 0.1112094 0.2184825 0.1202407 0.1639154 0.2099384 0.2338784 0.1999285 0.1834412 0.1802186 0.2050879 0.1813782 0.2839726 0.1618662 0.0000000 0.1634220 0.1973651 0.1686279 0.1776845 0.2931016 0.1270956 0.1757899 0.3294397 0.1727919 0.1724815 0.1988284 0.2240883 0.2233492 0.2126966 0.2107724 0.2119084 0.3069854 0.1824352 0.2137693 0.2121780 0.1837392 0.1491695 0.1340511 0.0926174 0.1039447 0.1985775 0.2786856 0.2043409 0.1230582 0.1737392 0.1008988 0.2172436 0.2094768 0.1858559 0.2149645 0.2394205 0.3481007 0.1925493 0.2073873 0.1849111 0.2131771 0.1923552 0.1745557 0.2760157 0.1655907 0.1739079 0.1687403 0.1914947 0.1251177 0.2086382 0.1670781 0.3131025 0.1274194 
Perityle_discoidea_81                      0.1002571 0.0899442 0.1706486 0.2543051 0.1762253 0.1006416 0.1952468 0.2819446 0.2551216 0.0244988 0.1739164 0.1695571 0.1764898 0.1761979 0.1360832 0.1760503 0.1717578 0.4295538 0.1728911 0.1298959 0.1847839 0.1418163 0.1886731 0.1715830 0.2191870 0.1726722 0.1881975 0.1877651 0.1750264 0.0935979 0.2527692 0.1006138 0.1634220 0.0000000 0.1755843 0.1389234 0.1151468 0.2746926 0.1216124 0.1831518 0.3305826 0.1729887 0.1115361 0.1722167 0.1178207 0.1795456 0.1792143 0.1722167 0.1756072 0.2033008 0.1322427 0.1716982 0.1669759 0.1841861 0.1728110 0.1565906 0.1254573 0.1289703 0.1726245 0.2299750 0.1958441 0.1071735 0.1167891 0.1164258 0.1784011 0.1716441 0.1889061 0.1726416 0.1864746 0.3352958 0.1686601 0.1706354 0.0995385 0.1748605 0.1740485 0.1544295 0.2618145 0.1708802 0.1157517 0.1755288 0.1724026 0.1127232 0.1754516 0.1008381 0.2658405 0.1090379 
Perityle_dissecta_201                      0.1807304 0.0797391 0.1009551 0.3586171 0.0948202 0.0918090 0.2608409 0.4074145 0.2555086 0.1900425 0.1186588 0.0216859 0.0170193 0.0190061 0.0239807 0.0404117 0.0150542 0.5056992 0.0971113 0.0141787 0.0196515 0.0179276 0.0522637 0.0176758 0.1722453 0.0144935 0.1285855 0.1226911 0.1208409 0.1700583 0.3193849 0.2328940 0.1973651 0.1755843 0.0000000 0.1401571 0.1996302 0.2796703 0.0683441 0.0450004 0.3850532 0.0148232 0.1944064 0.0142338 0.2171656 0.0772676 0.0190014 0.0145392 0.0190218 0.2889923 0.0159924 0.0150299 0.1082436 0.1215596 0.0119276 0.0994464 0.0942070 0.1002595 0.0150446 0.0483104 0.1192478 0.0895517 0.2065417 0.1023083 0.0250057 0.1172092 0.1310101 0.1187007 0.1091151 0.2311920 0.0154639 0.0157042 0.1797080 0.0170403 0.0170703 0.0208053 0.2604466 0.1028388 0.1969217 0.0170798 0.0243564 0.0973652 0.0183742 0.2309099 0.3115072 0.1044698 
Perityle_emoryi_47_punta_san_jose          0.1285589 0.0762089 0.1236358 0.2773625 0.1537096 0.0909877 0.2463867 0.2840163 0.2444798 0.1346350 0.1394971 0.1345149 0.1437602 0.1436572 0.1410928 0.1424564 0.1356546 0.4300119 0.1610225 0.1302791 0.1472594 0.1367136 0.1457674 0.1399095 0.2150212 0.1374474 0.1528964 0.1471133 0.1481529 0.1496083 0.2909597 0.1439288 0.1686279 0.1389234 0.1401571 0.0000000 0.1476045 0.2573233 0.1081673 0.1536804 0.3038169 0.1385167 0.1397764 0.1361879 0.1795796 0.1457181 0.1437154 0.1357140 0.1428868 0.2724789 0.1303926 0.1411016 0.1383652 0.1480622 0.1384138 0.1496349 0.1260253 0.1369594 0.1400980 0.1905692 0.1750892 0.0886067 0.1504670 0.0965625 0.1436977 0.1422026 0.1535429 0.1389117 0.1495526 0.3129636 0.1292542 0.1363910 0.1540441 0.1402998 0.1405840 0.1389506 0.2690276 0.1372183 0.1374849 0.1451214 0.1398557 0.1393767 0.1409759 0.1491087 0.3131378 0.0973333 
Perityle_feddemae_99                       0.1310102 0.1038386 0.2143072 0.2694254 0.2242919 0.1197902 0.2145741 0.3795547 0.2697071 0.1104076 0.2378082 0.1916293 0.2043617 0.2022105 0.1117001 0.1951025 0.1990032 0.5312685 0.1868443 0.1056593 0.2244819 0.1139857 0.1267215 0.1968133 0.2122983 0.1978030 0.2437543 0.2501474 0.2080460 0.1172284 0.2504826 0.1099349 0.1776845 0.1151468 0.1996302 0.1476045 0.0000000 0.2895694 0.1073352 0.1785069 0.3258656 0.1777554 0.0107887 0.1961379 0.0264299 0.2149782 0.2015012 0.1961379 0.2017194 0.1184694 0.1580365 0.1997066 0.1984283 0.2371048 0.1495496 0.1688614 0.1467093 0.1441610 0.1989109 0.2711378 0.2614005 0.1071663 0.0878547 0.1338977 0.1996804 0.2047584 0.2477200 0.2361777 0.2641336 0.3053776 0.1963668 0.1960592 0.1270126 0.2001323 0.1993908 0.1771309 0.2693789 0.2085649 0.0735305 0.1786780 0.1930493 0.1338527 0.2007656 0.1235073 0.2879603 0.1052449 
Perityle_fosteri_93                        0.2600387 0.1935753 0.2862700 0.3799882 0.2648222 0.1824432 0.3415865 0.2562160 0.3270594 0.2638863 0.2800540 0.2743348 0.2809384 0.2813012 0.2523907 0.2812429 0.2743325 0.3898518 0.2826969 0.2413522 0.2940416 0.2454467 0.2667546 0.2790069 0.2621676 0.2786238 0.2804078 0.2675923 0.2662534 0.2630980 0.2088256 0.2743997 0.2931016 0.2746926 0.2796703 0.2573233 0.2895694 0.0000000 0.2193281 0.2826604 0.1961433 0.2743103 0.2802068 0.2724957 0.3232822 0.2743344 0.2820631 0.2719878 0.2786929 0.4171918 0.2357753 0.2809741 0.2743168 0.2760976 0.2686156 0.2680060 0.2162486 0.2353331 0.2796809 0.3465042 0.2979572 0.1249958 0.2769496 0.2026555 0.2784945 0.2626053 0.2865900 0.2780743 0.2983556 0.4559901 0.2606798 0.2767647 0.2771670 0.2798591 0.2761556 0.2684778 0.0985745 0.2674014 0.2764309 0.2797525 0.2762759 0.2368771 0.2785903 0.2690915 0.1974436 0.1726666 
Perityle_gamon_221                         0.1166216 0.0749070 0.0983151 0.2620405 0.0842330 0.0840027 0.2035903 0.2308749 0.2317379 0.1152229 0.1028555 0.0647201 0.0685842 0.0714788 0.0731132 0.0675677 0.0645217 0.3392764 0.0913029 0.0608301 0.0603786 0.0643179 0.1053492 0.0642527 0.1978408 0.0595905 0.1117336 0.1177319 0.0907434 0.1168110 0.2388206 0.1094703 0.1270956 0.1216124 0.0683441 0.1081673 0.1073352 0.2193281 0.0000000 0.0741503 0.2748571 0.0616340 0.1034900 0.0625825 0.1577841 0.0207000 0.0642402 0.0621035 0.0649917 0.2579339 0.0578822 0.0682979 0.0691270 0.1045528 0.0635176 0.0801889 0.1027066 0.1001201 0.0617547 0.1031548 0.0993885 0.0960999 0.1085282 0.0985939 0.0684090 0.0911437 0.1142545 0.1050967 0.0803548 0.2732101 0.0664927 0.0642787 0.1329194 0.0635647 0.0641465 0.0635421 0.2344273 0.1037907 0.1003628 0.0684366 0.0625003 0.0964302 0.0651425 0.1290430 0.2410881 0.0870228 
Perityle_gentryi_8_san_francisco           0.1691409 0.0924423 0.1083517 0.3650624 0.0999912 0.0951813 0.2655536 0.3619270 0.2569400 0.1873140 0.1168414 0.0413412 0.0493737 0.0485707 0.0545690 0.0179034 0.0428422 0.4627664 0.1077921 0.0414408 0.0368439 0.0485610 0.0731549 0.0435385 0.1993335 0.0439603 0.1231857 0.1228101 0.1188314 0.1756836 0.3271892 0.2062011 0.1757899 0.1831518 0.0450004 0.1536804 0.1785069 0.2826604 0.0741503 0.0000000 0.3802005 0.0450903 0.1737823 0.0445140 0.2187448 0.0846729 0.0435345 0.0433438 0.0486591 0.3027866 0.0433352 0.0457552 0.1140558 0.1158537 0.0427603 0.1114902 0.1019715 0.1083624 0.0450213 0.0723789 0.1216999 0.0932370 0.1836879 0.1048702 0.0471863 0.1158416 0.1256982 0.1105580 0.0984850 0.2558643 0.0448357 0.0428198 0.1847879 0.0450631 0.0458623 0.0430065 0.2708392 0.1108463 0.1669646 0.0441507 0.0421319 0.1065749 0.0464862 0.2034102 0.3150914 0.1102898 
Perityle_gilensis_22_Superstition          0.3038321 0.2449124 0.3815733 0.3848706 0.3626899 0.2631861 0.3461089 0.3921863 0.3464224 0.3136231 0.3721196 0.3802946 0.3828125 0.3879556 0.3160514 0.3927635 0.3822293 0.5989084 0.3344811 0.2930799 0.4260009 0.2979758 0.3530604 0.3814002 0.2738289 0.3866974 0.3602619 0.3365947 0.3599719 0.3168979 0.2375824 0.3328438 0.3294397 0.3305826 0.3850532 0.3038169 0.3258656 0.1961433 0.2748571 0.3802005 0.0000000 0.3717993 0.3235956 0.3792185 0.3588041 0.3731199 0.3878808 0.3792185 0.3824885 0.4654224 0.3459619 0.3878955 0.3709451 0.3576670 0.3480046 0.3165451 0.2476112 0.2716506 0.3876401 0.4901768 0.4000198 0.1344724 0.3149077 0.2565387 0.3915299 0.3525752 0.3713420 0.3767775 0.4324474 0.5700022 0.3731214 0.3845448 0.3377919 0.3867512 0.3842444 0.3700608 0.1804329 0.3623298 0.3153520 0.3812330 0.3788297 0.2980544 0.3852010 0.3338175 0.2469153 0.1965347 
Perityle_gilensis_salensis_225             0.1719334 0.0758874 0.0981120 0.3562146 0.0942697 0.0881752 0.2515927 0.3704297 0.2470320 0.1845479 0.1085651 0.0173153 0.0184016 0.0175058 0.0214925 0.0373701 0.0137683 0.5026130 0.0973230 0.0118185 0.0186693 0.0156433 0.0522379 0.0148186 0.1658295 0.0128952 0.1171257 0.1152955 0.1099868 0.1651366 0.3147636 0.2075234 0.1727919 0.1729887 0.0148232 0.1385167 0.1777554 0.2743103 0.0616340 0.0450903 0.3717993 0.0000000 0.1731197 0.0139687 0.2195007 0.0717858 0.0167660 0.0139294 0.0180856 0.2938402 0.0130125 0.0174500 0.0886193 0.1087193 0.0112533 0.0941117 0.0893378 0.0982903 0.0135676 0.0502949 0.1148654 0.0885973 0.1874424 0.0959546 0.0253603 0.1073183 0.1195139 0.1107551 0.1001334 0.2278880 0.0138499 0.0128748 0.1750685 0.0168059 0.0163490 0.0191883 0.2574253 0.1052673 0.1680501 0.0167420 0.0196203 0.0938398 0.0157247 0.2085390 0.3089680 0.0967561 
Perityle_glaucescens_94                    0.1240215 0.0985185 0.2096459 0.2638565 0.2200961 0.1145013 0.2124967 0.3751579 0.2660284 0.1071666 0.2302346 0.1862012 0.1988398 0.1967125 0.1058131 0.1904528 0.1935178 0.5195609 0.1799619 0.1001676 0.2196216 0.1083433 0.1228697 0.1913529 0.2072850 0.1924618 0.2380784 0.2421365 0.2055480 0.1151263 0.2444171 0.1060751 0.1724815 0.1115361 0.1944064 0.1397764 0.0107887 0.2802068 0.1034900 0.1737823 0.3235956 0.1731197 0.0000000 0.1904665 0.0163137 0.2111804 0.1960033 0.1904665 0.1962149 0.1106680 0.1538421 0.1951380 0.1949042 0.2314658 0.1461862 0.1623604 0.1381672 0.1376898 0.1934292 0.2643893 0.2577944 0.1027276 0.0816883 0.1251981 0.1943255 0.2004642 0.2420201 0.2291319 0.2553541 0.3006647 0.1908771 0.1906008 0.1214230 0.1944873 0.1937478 0.1716938 0.2646404 0.2014900 0.0683308 0.1731126 0.1878695 0.1258595 0.1952691 0.1187640 0.2790267 0.1054762 
Perityle_gracilis_11                       0.1820591 0.0734191 0.0978238 0.3559403 0.0890330 0.0802965 0.2593702 0.4012655 0.2468426 0.1900685 0.1147398 0.0197352 0.0155898 0.0176536 0.0209046 0.0390692 0.0135614 0.5060774 0.0945735 0.0124163 0.0164532 0.0061595 0.0506320 0.0162865 0.1609359 0.0108046 0.1260046 0.1214478 0.1187446 0.1639866 0.3115016 0.2313237 0.1988284 0.1722167 0.0142338 0.1361879 0.1961379 0.2724957 0.0625825 0.0445140 0.3792185 0.0139687 0.1904665 0.0000000 0.2033775 0.0727919 0.0176491 0.0000010 0.0114952 0.2788187 0.0129275 0.0135391 0.1081358 0.1187896 0.0122224 0.0942680 0.0882308 0.0962015 0.0108135 0.0398292 0.1181433 0.0857921 0.2005596 0.0933926 0.0225044 0.1149767 0.1292911 0.1152451 0.1063670 0.2276033 0.0143837 0.0142352 0.1762508 0.0114900 0.0081056 0.0187835 0.2544572 0.1002657 0.1957805 0.0170181 0.0224930 0.0915875 0.0135538 0.2285829 0.3052023 0.0933667 
