83
Amauria_brandeegeana_62                    0.0000000 0.2288282 0.0278762 0.3528479 0.1481932 0.2619421 0.3060772 0.2358824 0.3202657 0.1320517 0.1200350 0.2271409 0.2359607 0.2451054 0.1251601 0.2669077 0.1069317 0.1250654 0.2495211 0.2499831 0.1716748 0.2490546 0.2307907 0.1638713 0.1491131 0.1431179 0.1314311 0.5107653 0.2474396 0.1139402 0.2094849 0.1571344 0.0837103 0.1523222 0.0628141 0.3530020 0.1928439 0.2413400 0.2344121 0.1915866 0.1580795 0.3214348 0.2418150 0.2465602 0.2321730 0.2383146 0.1347067 0.1292521 0.2406471 0.2606905 0.1561689 0.2339039 0.1300196 0.2319943 0.2659459 0.2675304 0.2873979 0.1369119 0.1174464 0.2528061 0.2057703 0.2307909 0.2258204 0.2626774 0.2568427 0.2300474 0.1015625 0.2262381 0.1973918 0.2791396 0.1133569 0.1466939 0.2455298 0.2520648 0.1388220 0.2482516 0.2777112 0.1201970 0.3279369 0.2067822 0.1254455 0.1146817 0.2107728 
Amauria_carterae_99_mesa                   0.2288282 0.0000000 0.2240309 0.3406253 0.2150995 0.1461416 0.2564060 0.1650072 0.3663504 0.2304003 0.2731006 0.1726492 0.2636414 0.1190024 0.2409057 0.1803684 0.2446522 0.2588907 0.1048737 0.1852833 0.2518809 0.1832167 0.1042466 0.2676520 0.1231270 0.2637564 0.2979837 0.4530912 0.1726196 0.2268053 0.0669474 0.2441918 0.3302477 0.3043485 0.2651087 0.1309988 0.1297713 0.1286021 0.1709389 0.3344264 0.2390716 0.1338316 0.1824587 0.1267800 0.1532954 0.3544241 0.3178765 0.2540017 0.1271104 0.2098319 0.2410811 0.1246669 0.2957501 0.1249545 0.1873821 0.1849591 0.1762005 0.2681320 0.2531656 0.1343465 0.1776202 0.1682702 0.2073589 0.4133880 0.1624728 0.1317190 0.2805613 0.1779809 0.1197893 0.1940283 0.2286101 0.2633927 0.1607003 0.2004746 0.2379580 0.1938853 0.1841653 0.3120792 0.4645533 0.1152137 0.2666985 0.2508006 0.0856646 
Amauria_rotundifolia_SRR9119150            0.0278762 0.2240309 0.0000000 0.3236137 0.1332027 0.2579854 0.3014842 0.2324936 0.3254910 0.1199388 0.1169924 0.2275484 0.2608624 0.2715532 0.1239064 0.2882423 0.1070399 0.1334153 0.2742182 0.2733429 0.1599749 0.2724354 0.2292437 0.1571335 0.1363435 0.1369535 0.1308732 0.4857663 0.2640748 0.1100591 0.2041559 0.1362405 0.0821531 0.1499117 0.0414037 0.3682083 0.1868172 0.2633317 0.2329965 0.1989511 0.1684081 0.3384105 0.2423212 0.2729199 0.2285703 0.2248284 0.1347434 0.1276549 0.2654236 0.2793063 0.1488408 0.2608469 0.1293871 0.2338279 0.2692675 0.2680594 0.2860483 0.1369321 0.1175532 0.2704800 0.2081602 0.2246357 0.2231229 0.2741137 0.2772169 0.2540409 0.0979677 0.2230493 0.2285018 0.3004289 0.1133007 0.1435175 0.2455198 0.2767728 0.1390992 0.2667802 0.2943968 0.1245541 0.3313474 0.2052972 0.1255124 0.1125746 0.2094784 
Conoclinium_coelestinum_SRR9119114         0.3528479 0.3406253 0.3236137 0.0000000 0.3222685 0.3907414 0.2749741 0.3158962 0.3331039 0.3170197 0.3257564 0.3641573 0.3318629 0.3671007 0.3460455 0.3803681 0.2672462 0.3220246 0.3589212 0.3649985 0.3777728 0.3666729 0.3364746 0.3740075 0.1914292 0.3010971 0.3268388 0.5514723 0.3214636 0.2968955 0.3369051 0.3445896 0.3568038 0.3723542 0.3330430 0.3787584 0.3664455 0.3317446 0.3597514 0.2419223 0.2984251 0.3447948 0.3679210 0.3417135 0.2916248 0.4864092 0.3315816 0.3128563 0.3417032 0.3630500 0.3314171 0.3699345 0.3993401 0.3662082 0.3602109 0.3825018 0.4282863 0.3334541 0.3408689 0.3557113 0.3582303 0.3484823 0.3671342 0.3159463 0.3515887 0.3692551 0.3258969 0.3759895 0.3683325 0.4270626 0.2788526 0.3358068 0.3705395 0.3676890 0.3351403 0.3772390 0.3657310 0.3125965 0.3269864 0.3288773 0.2409775 0.3106256 0.3608516 
Eutetras_palmeri_63                        0.1481932 0.2150995 0.1332027 0.3222685 0.0000000 0.1390144 0.2455008 0.2089358 0.3189011 0.1457107 0.1555921 0.2235123 0.2128775 0.2521006 0.1252057 0.2798470 0.1211015 0.1519658 0.2762090 0.2695893 0.1843398 0.2699391 0.2039903 0.1632633 0.1478576 0.1425214 0.1451816 0.4851515 0.2702723 0.1408106 0.1830084 0.1443490 0.1770962 0.1431659 0.2142398 0.2583257 0.1914435 0.2616025 0.2058981 0.2233655 0.1730755 0.2496798 0.2437101 0.2572872 0.2282823 0.2343897 0.1354574 0.1319885 0.2514074 0.2791254 0.1494546 0.2520906 0.1296899 0.2322134 0.2507084 0.2308839 0.2647366 0.1449712 0.1191956 0.2718005 0.2147583 0.1838652 0.2004326 0.2765237 0.2811376 0.2400171 0.1217419 0.1778563 0.2179901 0.2981314 0.1375749 0.1513357 0.2461153 0.2719457 0.1285795 0.2807582 0.2960411 0.1348077 0.3336945 0.1983049 0.1348639 0.1445718 0.1948611 
Eutetras_pringlei_149_quer                 0.2619421 0.1461416 0.2579854 0.3907414 0.1390144 0.0000000 0.2255797 0.1464492 0.3939604 0.1935780 0.1926618 0.1283445 0.2764425 0.1284279 0.1887806 0.1434748 0.1875416 0.2041963 0.1320533 0.1313900 0.1545028 0.1291292 0.1275439 0.1989096 0.0000010 0.2029774 0.2075088 0.5173961 0.1321251 0.2008300 0.1373594 0.2033381 0.1937307 0.1834595 0.3570303 0.2466175 0.1140517 0.1324824 0.1348905 0.2255354 0.1944887 0.2491124 0.1253440 0.1172164 0.1293587 0.2006674 0.2030445 0.1972415 0.1198265 0.1260573 0.2012891 0.1272263 0.2018151 0.1320421 0.1326315 0.1717109 0.1737180 0.2024977 0.1900467 0.1375426 0.1718772 0.2172673 0.1483814 0.3570001 0.1346166 0.1263709 0.1869789 0.1920201 0.1139582 0.1903898 0.1998013 0.2076812 0.1252797 0.1325395 0.2031532 0.1480663 0.1339636 0.1829843 0.4266444 0.1102712 0.2055040 0.2198962 0.1240930 
Eutrochium_fistulosum_SRR9119106           0.3060772 0.2564060 0.3014842 0.2749741 0.2455008 0.2255797 0.0000000 0.2301059 0.3343822 0.2353041 0.3384987 0.2995215 0.3533817 0.2464308 0.3117745 0.3044633 0.3318610 0.2652545 0.2921273 0.3046225 0.3525474 0.3050972 0.1660502 0.3485348 0.1254769 0.3079942 0.3584327 0.4753615 0.2780418 0.2258521 0.1179567 0.2658901 0.3389817 0.3208885 0.3415288 0.3815196 0.2738410 0.3094548 0.3000385 0.3600781 0.2746315 0.3564775 0.2935451 0.3215636 0.3367428 0.4224495 0.4135902 0.3077556 0.3192743 0.2914125 0.2562238 0.2617580 0.3765738 0.2708800 0.2971364 0.2748788 0.2539723 0.3199537 0.2933175 0.2974931 0.2498990 0.2791444 0.2898036 0.4004008 0.2941400 0.2274825 0.3616394 0.3258635 0.2511474 0.2881467 0.2246793 0.3087383 0.2907416 0.2954095 0.2846103 0.3547749 0.3109406 0.3232958 0.4569673 0.3006497 0.3353809 0.2763169 0.2465262 
Galeana_pratensis_104_mex                  0.2358824 0.1650072 0.2324936 0.3158962 0.2089358 0.1464492 0.2301059 0.0000000 0.3292893 0.2292787 0.2679301 0.1327037 0.2546934 0.1468957 0.2332248 0.1638761 0.2053484 0.2632334 0.1568125 0.1454068 0.1976180 0.1407489 0.1120746 0.2305144 0.0000010 0.2303235 0.3215149 0.4536636 0.1550043 0.2332748 0.1154322 0.2467752 0.3042178 0.2317709 0.2762057 0.1765906 0.1278956 0.1603169 0.1620582 0.2958735 0.2259242 0.1754530 0.1283623 0.1679598 0.1628881 0.3023201 0.3121583 0.2149487 0.1689904 0.1275617 0.2378826 0.1287813 0.3152991 0.1290500 0.2059329 0.1626208 0.1573293 0.2520680 0.2176361 0.1585735 0.2035924 0.1755062 0.1857116 0.3643163 0.1577775 0.1443440 0.2665433 0.1695389 0.1301188 0.2172500 0.2332748 0.2233134 0.1289259 0.1521564 0.2640948 0.1728542 0.1667090 0.2964224 0.3787905 0.1573579 0.1926402 0.2564768 0.1637581 
Helianthus_annuus_SRR9119062               0.3202657 0.3663504 0.3254910 0.3331039 0.3189011 0.3939604 0.3343822 0.3292893 0.0000000 0.3042819 0.3204097 0.4139400 0.3544458 0.3837007 0.3475236 0.4206699 0.2696963 0.3416316 0.4105577 0.4242694 0.4240722 0.4175980 0.3333543 0.3838316 0.1312732 0.3054005 0.3513090 0.5389055 0.3690935 0.2968513 0.3478664 0.3374991 0.3237252 0.4429735 0.2807743 0.3855194 0.3621461 0.3516314 0.3617343 0.2103836 0.3000112 0.3512238 0.4150259 0.3687161 0.2799368 0.5209477 0.3484367 0.3425876 0.3539155 0.3965402 0.3252009 0.3872116 0.4095650 0.3825145 0.4012087 0.3895386 0.4003776 0.3553285 0.3116485 0.4077609 0.4076333 0.3322273 0.3619167 0.2717811 0.4162489 0.3933007 0.3854142 0.3195135 0.3689085 0.4389365 0.3016364 0.3331188 0.4130617 0.4141091 0.3530765 0.4200603 0.4393978 0.3660530 0.3473734 0.3213837 0.2662416 0.3077881 0.3667711 
Lycapsus_tenuifolius_17                    0.1320517 0.2304003 0.1199388 0.3170197 0.1457107 0.1935780 0.2353041 0.2292787 0.3042819 0.0000000 0.1057394 0.2203915 0.1751739 0.2547679 0.1187255 0.2764478 0.1063616 0.1227243 0.2672741 0.2646992 0.1537588 0.2611624 0.2056837 0.1564724 0.0725988 0.1294571 0.1357409 0.4911475 0.2485555 0.0196597 0.1956910 0.1301172 0.0535892 0.1524868 0.1663537 0.2774025 0.1835313 0.2589414 0.2176101 0.1878370 0.1519814 0.2671190 0.2338217 0.2692829 0.2108655 0.2196652 0.1205024 0.1296994 0.2639955 0.2629543 0.1160100 0.2466864 0.1330482 0.2237704 0.2605653 0.2530727 0.2509974 0.1373528 0.1213818 0.2686627 0.2028826 0.1813418 0.1888649 0.2456462 0.2696297 0.2444627 0.1171168 0.1612729 0.2090181 0.3021308 0.0185169 0.1310068 0.2370403 0.2615197 0.1146916 0.2530899 0.2881794 0.1145477 0.3218754 0.1902365 0.1301566 0.0852420 0.2053122 
Pericome_caudata_50_silver                 0.1200350 0.2731006 0.1169924 0.3257564 0.1555921 0.1926618 0.3384987 0.2679301 0.3204097 0.1057394 0.0000000 0.3005584 0.1668486 0.2780822 0.1814331 0.3258061 0.1655530 0.1451254 0.2981763 0.3080156 0.2488084 0.3057906 0.2255616 0.1840755 0.0837820 0.1656299 0.1930065 0.5174765 0.2800829 0.1092269 0.2046581 0.1399841 0.2352481 0.2032821 0.1529321 0.3164561 0.2856157 0.2903427 0.3205235 0.1968571 0.1718378 0.2951277 0.2990465 0.3009826 0.3106389 0.2327222 0.1826583 0.1665103 0.2943401 0.2870115 0.1391740 0.2895338 0.2016633 0.2921830 0.3299579 0.2837507 0.3101936 0.1864563 0.1539258 0.3033722 0.2517665 0.2139783 0.2681094 0.2628750 0.2999716 0.2656308 0.0916312 0.2138269 0.2671944 0.2086275 0.1092269 0.1688134 0.3021309 0.3318987 0.1521676 0.3587864 0.3163499 0.1767887 0.3175640 0.2843042 0.1682961 0.1440040 0.2608188 
Perityle_aglossa_84_dead_horse             0.2271409 0.1726492 0.2275484 0.3641573 0.2235123 0.1283445 0.2995215 0.1327037 0.4139400 0.2203915 0.3005584 0.0000000 0.2774679 0.0250113 0.2317200 0.0394422 0.2708998 0.2769950 0.1128027 0.0266251 0.1079045 0.0238071 0.0355262 0.2644857 0.0000010 0.2722816 0.3136875 0.4681340 0.1473169 0.2133093 0.0851180 0.2503920 0.3677804 0.2717554 0.2874614 0.1643868 0.0257246 0.1722639 0.0437929 0.3534352 0.2427394 0.1700333 0.0257797 0.1632107 0.2061205 0.2901882 0.3326710 0.2591664 0.1673253 0.0330228 0.2386446 0.0263715 0.2796688 0.0269000 0.1870406 0.0803888 0.0916401 0.2765594 0.2484883 0.1253667 0.1782046 0.1740495 0.1367110 0.4381547 0.1472332 0.0877064 0.3163227 0.0808438 0.0269601 0.1740305 0.2246751 0.2661920 0.0259516 0.1112206 0.2287768 0.2044953 0.1547183 0.3124191 0.4874924 0.1237961 0.2847643 0.2668490 0.1249946 
Perityle_ajoensis_204                      0.2359607 0.2636414 0.2608624 0.3318629 0.2128775 0.2764425 0.3533817 0.2546934 0.3544458 0.1751739 0.1668486 0.2774679 0.0000000 0.2896929 0.1394163 0.3329440 0.1226684 0.2170802 0.3060357 0.3093314 0.2634392 0.3142182 0.2210825 0.1749620 0.0768769 0.1693108 0.2391239 0.5194883 0.3024951 0.1451143 0.1917247 0.2235784 0.2608993 0.2777462 0.2953957 0.4103175 0.2652607 0.3325241 0.2922813 0.1835619 0.1651330 0.3981943 0.2852172 0.3301255 0.3179495 0.2853757 0.1997264 0.1685660 0.3286765 0.2929678 0.2156758 0.2931304 0.2438701 0.2738339 0.2928426 0.2803981 0.2695992 0.1776031 0.1332303 0.3111591 0.2521794 0.3315973 0.2532519 0.2177461 0.3244099 0.3003725 0.2140685 0.3035327 0.2945596 0.2336287 0.1830768 0.1476348 0.2866691 0.3305912 0.1855157 0.3679416 0.3425453 0.2078724 0.2801137 0.2747416 0.1323622 0.2000895 0.2450625 
Perityle_ambrosiifolia_67_green            0.2451054 0.1190024 0.2715532 0.3671007 0.2521006 0.1284279 0.2464308 0.1468957 0.3837007 0.2547679 0.2780822 0.0250113 0.2896929 0.0000000 0.2249359 0.0391411 0.2300813 0.2764814 0.1101660 0.0296761 0.1181218 0.0268030 0.0273575 0.3014453 0.0000010 0.3068298 0.3434846 0.4639089 0.1109618 0.2130617 0.0862900 0.3005073 0.3577266 0.3169311 0.2881687 0.1396631 0.0238469 0.1512996 0.0459786 0.2941936 0.2703720 0.1407217 0.0257632 0.1397880 0.1470380 0.3413938 0.3622532 0.2961876 0.1425349 0.0224465 0.2839912 0.0245158 0.3348385 0.0208431 0.1618855 0.0827819 0.0863686 0.2947656 0.2156770 0.1204109 0.1765946 0.2093019 0.1283428 0.4036367 0.1117224 0.0847133 0.3455242 0.0818005 0.0259845 0.1043099 0.2699008 0.2498194 0.0214805 0.0468590 0.2339928 0.1699763 0.1220992 0.2982579 0.4751059 0.1314577 0.2419984 0.2446469 0.1302012 
Perityle_angustifolia_13_Eagle_creek       0.1251601 0.2409057 0.1239064 0.3460455 0.1252057 0.1887806 0.3117745 0.2332248 0.3475236 0.1187255 0.1814331 0.2317200 0.1394163 0.2249359 0.0000000 0.2531959 0.0000010 0.1488536 0.2530579 0.2403323 0.1882714 0.2378787 0.1924588 0.0269598 0.0000010 0.0249784 0.1719171 0.5278819 0.2420414 0.1258763 0.1834087 0.1235727 0.2241947 0.1575907 0.1701553 0.2858626 0.2413288 0.2807294 0.2768106 0.1023315 0.0359847 0.2835773 0.2341264 0.2803857 0.3028243 0.1422798 0.0866886 0.0200454 0.2742041 0.2372038 0.0783940 0.2371372 0.1642330 0.2363121 0.2569758 0.2548327 0.2551800 0.0248419 0.0201329 0.2541255 0.2669938 0.1603279 0.2411749 0.1908000 0.2435415 0.2560332 0.1808997 0.1495319 0.2287639 0.1466546 0.1258763 0.0182086 0.2386761 0.2577567 0.1021794 0.3344411 0.2653282 0.1548724 0.2447829 0.2617420 0.0151680 0.1470395 0.2333215 
Perityle_batopilensis_97                   0.2669077 0.1803684 0.2882423 0.3803681 0.2798470 0.1434748 0.3044633 0.1638761 0.4206699 0.2764478 0.3258061 0.0394422 0.3329440 0.0391411 0.2531959 0.0000000 0.2850497 0.3162532 0.1278325 0.0468586 0.1295894 0.0440762 0.0546935 0.3393663 0.0000010 0.3517424 0.3783318 0.5013011 0.1455735 0.2377120 0.0956643 0.3309467 0.4140273 0.3601484 0.3110343 0.1845764 0.0372050 0.1933751 0.0122336 0.3525258 0.3181127 0.1869856 0.0363801 0.1867116 0.2189718 0.3782225 0.4065719 0.3362170 0.1890162 0.0305934 0.3261925 0.0387940 0.3454298 0.0359687 0.2034776 0.0928669 0.1016592 0.3347404 0.2703506 0.1405115 0.1987051 0.2463897 0.1533042 0.4585498 0.1470950 0.1065384 0.3921218 0.1030963 0.0408272 0.1513704 0.2916165 0.2943832 0.0294420 0.1106642 0.2580066 0.2183365 0.1562253 0.3493377 0.5181876 0.1518509 0.3060978 0.2948296 0.1509867 
Perityle_bisetosa_9                        0.1069317 0.2446522 0.1070399 0.2672462 0.1211015 0.1875416 0.3318610 0.2053484 0.2696963 0.1063616 0.1655530 0.2708998 0.1226684 0.2300813 0.0000010 0.2850497 0.0000000 0.1602499 0.2849807 0.2745909 0.2364450 0.2757149 0.1653522 0.0291750 0.0760277 0.0221018 0.1794065 0.4420356 0.2630473 0.1064704 0.1662320 0.1401785 0.2305361 0.2103187 0.1256217 0.3104551 0.2538643 0.2925895 0.2657626 0.0761713 0.0389079 0.2899887 0.2703684 0.2973167 0.2911153 0.2251577 0.0899412 0.0152082 0.2891595 0.2499904 0.1118805 0.2520252 0.1728878 0.2538304 0.2860885 0.1983738 0.2141489 0.0250385 0.0198544 0.2899777 0.2516181 0.1873983 0.2379159 0.1288363 0.2878307 0.2663110 0.1778181 0.1406913 0.2363726 0.1000731 0.1064704 0.0171396 0.2700627 0.3058726 0.1154162 0.3845973 0.3069879 0.1667610 0.1398779 0.2667933 0.0156630 0.1559589 0.2316823 
Perityle_californica_76_positas            0.1250654 0.2588907 0.1334153 0.3220246 0.1519658 0.2041963 0.2652545 0.2632334 0.3416316 0.1227243 0.1451254 0.2769950 0.2170802 0.2764814 0.1488536 0.3162532 0.1602499 0.0000000 0.2974669 0.3061785 0.2180564 0.2981882 0.2433103 0.2064118 0.1726163 0.1753954 0.1772384 0.4991610 0.2854490 0.1179628 0.2212554 0.1079151 0.1456007 0.1841391 0.1820844 0.2996663 0.2428635 0.2832696 0.2722158 0.2464311 0.1809124 0.2943782 0.2880832 0.2891289 0.2728663 0.2550792 0.1681272 0.1673611 0.2878371 0.3006674 0.1503734 0.2758354 0.1586560 0.2746982 0.3009673 0.2824856 0.2994798 0.1754359 0.1480402 0.2987161 0.2323413 0.2281356 0.2313078 0.3195919 0.2995565 0.2589644 0.1598984 0.2149012 0.2403760 0.2996601 0.1252398 0.1681498 0.2937345 0.2944837 0.1325611 0.3020688 0.3191254 0.1707969 0.3899444 0.2571164 0.1764470 0.0513401 0.2389135 
Perityle_canescens_77                      0.2495211 0.1048737 0.2742182 0.3589212 0.2762090 0.1320533 0.2921273 0.1568125 0.4105577 0.2672741 0.2981763 0.1128027 0.3060357 0.1101660 0.2530579 0.1278325 0.2849807 0.2974669 0.0000000 0.1125449 0.1906357 0.1094659 0.0923250 0.3281768 0.0000010 0.3240078 0.3540881 0.4591851 0.0594675 0.2217344 0.0789028 0.2928038 0.3944074 0.3149070 0.2748306 0.1380870 0.1074352 0.1245607 0.1419753 0.3798976 0.3069382 0.1354856 0.1060308 0.1299907 0.1198064 0.3409203 0.3817670 0.3155862 0.1291427 0.1002547 0.2985303 0.1028215 0.3324432 0.1062772 0.1644440 0.1641492 0.1622966 0.3271347 0.2596062 0.0649019 0.1381914 0.1968039 0.1920873 0.4535703 0.0594363 0.1318744 0.3592650 0.1516284 0.1042334 0.1831911 0.2748525 0.2867317 0.1024811 0.1582778 0.2370982 0.1897210 0.0518209 0.3552307 0.5221974 0.0533500 0.2942799 0.2604322 0.0587491 
Perityle_castillonii_96                    0.2499831 0.1852833 0.2733429 0.3649985 0.2695893 0.1313900 0.3046225 0.1454068 0.4242694 0.2646992 0.3080156 0.0266251 0.3093314 0.0296761 0.2403323 0.0468586 0.2745909 0.3061785 0.1125449 0.0000000 0.1152013 0.0078734 0.0434577 0.3131750 0.0000010 0.3264544 0.3704171 0.4711026 0.1454779 0.2256357 0.0942319 0.3107884 0.4088112 0.3320913 0.2920083 0.1685291 0.0316349 0.1703464 0.0545975 0.3497565 0.2986163 0.1712390 0.0323354 0.1723938 0.2211809 0.3432221 0.3774565 0.3091485 0.1738702 0.0430565 0.2961725 0.0336374 0.3363714 0.0316512 0.1938911 0.0821350 0.0910959 0.3201364 0.2634042 0.1254932 0.1833222 0.2217576 0.1409061 0.4457259 0.1472677 0.0858943 0.3654410 0.0843372 0.0348725 0.1571997 0.2796319 0.2848759 0.0308629 0.1138083 0.2412370 0.2011234 0.1573128 0.3339291 0.4942930 0.1270971 0.2898101 0.2829343 0.1261818 
Perityle_cernua_84                         0.1716748 0.2518809 0.1599749 0.3777728 0.1843398 0.1545028 0.3525474 0.1976180 0.4240722 0.1537588 0.2488084 0.1079045 0.2634392 0.1181218 0.1882714 0.1295894 0.2364450 0.2180564 0.1906357 0.1152013 0.0000000 0.1103440 0.1189791 0.2154212 0.0000010 0.2088662 0.2360014 0.4803817 0.2246657 0.1716474 0.1627196 0.1830548 0.2878226 0.1843919 0.2512333 0.2403221 0.0954526 0.2401827 0.1179438 0.3523360 0.2233395 0.2468244 0.1053301 0.2431342 0.2698784 0.1914119 0.2642803 0.2063252 0.2403081 0.1191128 0.1770852 0.1174689 0.2008879 0.1145463 0.2803802 0.1395708 0.1596056 0.2243319 0.2184976 0.1976974 0.2651365 0.1571873 0.1734208 0.4442454 0.2265642 0.1935525 0.2427936 0.0773143 0.0976014 0.2916388 0.1600154 0.2188026 0.1051480 0.2143961 0.1582948 0.2930676 0.2344813 0.2452123 0.4923383 0.1788473 0.2619104 0.2290858 0.1880778 
Perityle_cfvillosa_25_tin                  0.2490546 0.1832167 0.2724354 0.3666729 0.2699391 0.1291292 0.3050972 0.1407489 0.4175980 0.2611624 0.3057906 0.0238071 0.3142182 0.0268030 0.2378787 0.0440762 0.2757149 0.2981882 0.1094659 0.0078734 0.1103440 0.0000000 0.0381131 0.3262240 0.0000010 0.3367871 0.3683886 0.4700918 0.1397599 0.2188703 0.0897155 0.3174094 0.4057694 0.3437855 0.2932379 0.1667671 0.0281705 0.1726137 0.0489467 0.3512607 0.3014386 0.1682719 0.0305381 0.1693275 0.2170597 0.3537848 0.3851726 0.3237817 0.1716052 0.0400934 0.3069976 0.0314378 0.3339657 0.0292908 0.1932409 0.0802455 0.0865665 0.3268333 0.2610557 0.1239767 0.1812155 0.2252475 0.1355181 0.4471222 0.1404873 0.0847175 0.3738033 0.0794721 0.0312745 0.1533005 0.2761020 0.2825643 0.0287560 0.1111681 0.2349359 0.2007364 0.1514159 0.3346302 0.4997951 0.1263096 0.2952408 0.2811348 0.1184380 
Perityle_cinerea_113_Powell1310            0.2307907 0.1042466 0.2292437 0.3364746 0.2039903 0.1275439 0.1660502 0.1120746 0.3333543 0.2056837 0.2255616 0.0355262 0.2210825 0.0273575 0.1924588 0.0546935 0.1653522 0.2433103 0.0923250 0.0434577 0.1189791 0.0381131 0.0000000 0.1887301 0.0000010 0.1974083 0.2534793 0.4233701 0.0908739 0.2077873 0.0977419 0.2401664 0.2177589 0.2193374 0.2526831 0.0965432 0.0260542 0.1040575 0.0532729 0.2497028 0.1852095 0.1022047 0.0260665 0.0886678 0.1070894 0.2414973 0.2347341 0.1866068 0.0901979 0.0234038 0.2196795 0.0286859 0.2472047 0.0273524 0.1117339 0.0595679 0.0565692 0.2024914 0.1868965 0.1003384 0.1662840 0.1464611 0.0562331 0.3168991 0.0940523 0.0527661 0.2321103 0.0779345 0.0314949 0.1552949 0.2077873 0.1972955 0.0234038 0.0314389 0.2329063 0.1172213 0.1056751 0.2245734 0.3290908 0.0778068 0.1676719 0.2334710 0.1037284 
Perityle_coahuilensis_24                   0.1638713 0.2676520 0.1571335 0.3740075 0.1632633 0.1989096 0.3485348 0.2305144 0.3838316 0.1564724 0.1840755 0.2644857 0.1749620 0.3014453 0.0269598 0.3393663 0.0291750 0.2064118 0.3281768 0.3131750 0.2154212 0.3262240 0.1887301 0.0000000 0.4058930 0.0678986 0.1860608 0.5362011 0.3443967 0.1694593 0.1824076 0.1662410 0.2374720 0.1860174 0.2246064 0.3485937 0.2493995 0.3499176 0.2746041 0.1062100 0.1271036 0.3483363 0.2812282 0.3550349 0.3433260 0.2211087 0.0858939 0.0503599 0.3468002 0.3043643 0.1057628 0.2933698 0.1571988 0.2726237 0.3080813 0.2480572 0.2525909 0.0561581 0.0347959 0.3160168 0.2645728 0.1971829 0.2436423 0.2164707 0.3407215 0.3280932 0.1663000 0.1552595 0.2841115 0.2653045 0.1658232 0.0579794 0.2834746 0.3367430 0.1100812 0.3840827 0.3625463 0.1681500 0.2798209 0.2655854 0.0489008 0.2023911 0.2334527 
Perityle_cochisensis_44_cave_creek         0.1491131 0.1231270 0.1363435 0.1914292 0.1478576 0.0000010 0.1254769 0.0000010 0.1312732 0.0725988 0.0837820 0.0000010 0.0768769 0.0000010 0.0000010 0.0000010 0.0760277 0.1726163 0.0000010 0.0000010 0.0000010 0.0000010 0.0000010 0.4058930 0.0000000 0.0915052 0.0958172 0.3053935 0.1224985 0.0852975 0.0000010 0.1264935 0.1566369 1.0649818 0.1423459 0.0000010 0.0000010 0.1060948 0.0000010 0.1859810 0.0765696 0.2239879 0.0000010 0.1791072 0.1201659 1.0820343 0.0919581 0.1078924 0.1208718 0.2876605 0.0134815 0.0000010 0.5180034 0.0000010 0.0000010 0.0000010 0.0000010 0.1250308 0.1242334 0.0000010 0.0000010 0.2134923 0.0000010 0.1080337 0.0000010 0.0000010 0.0863437 0.0000010 0.0000010 0.4840659 0.0671293 0.1052619 0.0000010 0.0000010 0.0000010 0.0000010 0.0000010 0.0328552 0.1163772 0.0000010 0.1107129 0.1138040 0.0000010 
Perityle_congesta_202                      0.1431179 0.2637564 0.1369535 0.3010971 0.1425214 0.2029774 0.3079942 0.2303235 0.3054005 0.1294571 0.1656299 0.2722816 0.1693108 0.3068298 0.0249784 0.3517424 0.0221018 0.1753954 0.3240078 0.3264544 0.2088662 0.3367871 0.1974083 0.0678986 0.0915052 0.0000000 0.1522006 0.4969702 0.3086779 0.1378589 0.1939995 0.1413524 0.2099074 0.1936722 0.2013852 0.3527231 0.2531314 0.3533041 0.2923903 0.0680077 0.0826328 0.3507263 0.2885372 0.3545042 0.2955639 0.2138650 0.0574614 0.0279247 0.3483939 0.2932142 0.0762778 0.2962337 0.1364617 0.2796233 0.3030967 0.2639859 0.2686931 0.0292939 0.0172486 0.3125698 0.2569338 0.1700837 0.2374494 0.1429531 0.3389988 0.3217423 0.1524675 0.1582514 0.2916587 0.2126072 0.1392085 0.0251506 0.2938819 0.3424924 0.0962519 0.3757710 0.3605178 0.1418330 0.2126887 0.2572838 0.0233279 0.1620583 0.2269899 
Perityle_cordifolia_27                     0.1314311 0.2979837 0.1308732 0.3268388 0.1451816 0.2075088 0.3584327 0.3215149 0.3513090 0.1357409 0.1930065 0.3136875 0.2391239 0.3434846 0.1719171 0.3783318 0.1794065 0.1772384 0.3540881 0.3704171 0.2360014 0.3683886 0.2534793 0.1860608 0.0958172 0.1522006 0.0000000 0.4961989 0.3263805 0.1425304 0.2231985 0.1507353 0.2521316 0.1967828 0.1871918 0.3612122 0.2818448 0.3392957 0.3382277 0.2418269 0.1915339 0.3524838 0.3251171 0.3561128 0.3204089 0.2596980 0.1787318 0.1510576 0.3547629 0.3386699 0.1020847 0.3267781 0.0290929 0.3077832 0.3791150 0.3363016 0.3604691 0.1704450 0.1585003 0.3474405 0.2562897 0.2085293 0.3260380 0.2752730 0.3585020 0.3173127 0.1756255 0.2450651 0.3062443 0.2957409 0.1391531 0.1570063 0.3275740 0.3674173 0.1235811 0.4146497 0.3729731 0.1456446 0.3418187 0.2919797 0.1752623 0.1576068 0.2998244 
Perityle_cordifolia_68_tecolote            0.5107653 0.4530912 0.4857663 0.5514723 0.4851515 0.5173961 0.4753615 0.4536636 0.5389055 0.4911475 0.5174765 0.4681340 0.5194883 0.4639089 0.5278819 0.5013011 0.4420356 0.4991610 0.4591851 0.4711026 0.4803817 0.4700918 0.4233701 0.5362011 0.3053935 0.4969702 0.4961989 0.0000000 0.4445209 0.4762657 0.4943663 0.5544104 0.5385479 0.5755843 0.5249682 0.5049265 0.4629128 0.4426919 0.4704161 0.4672173 0.4965278 0.4538812 0.4654269 0.4390191 0.4348200 0.6455737 0.5205446 0.5282172 0.4339526 0.4811353 0.5340088 0.4767568 0.5730177 0.4675209 0.5028866 0.4593300 0.4709986 0.5467982 0.5036062 0.4666646 0.5608933 0.3913820 0.4444649 0.4691705 0.4585476 0.4891812 0.4933174 0.4269860 0.4709061 0.6274381 0.4563385 0.5242234 0.4785164 0.4855934 0.5310394 0.5153796 0.4824433 0.5438021 0.5228622 0.4309024 0.4642859 0.4957084 0.4377883 
Perityle_coronopifolia_28_patagonia        0.2474396 0.1726196 0.2640748 0.3214636 0.2702723 0.1321251 0.2780418 0.1550043 0.3690935 0.2485555 0.2800829 0.1473169 0.3024951 0.1109618 0.2420414 0.1455735 0.2630473 0.2854490 0.0594675 0.1454779 0.2246657 0.1397599 0.0908739 0.3443967 0.1224985 0.3086779 0.3263805 0.4445209 0.0000000 0.2054740 0.0776805 0.2963297 0.3761345 0.3643584 0.2667772 0.1402215 0.1192297 0.1440603 0.1528010 0.3363470 0.2939483 0.1454547 0.1601978 0.1391412 0.2207891 0.4145464 0.3700674 0.3073103 0.1418286 0.2050021 0.2854982 0.1114281 0.3223158 0.1156546 0.1761128 0.1721939 0.1590229 0.3113013 0.2477739 0.0265367 0.1329402 0.2240789 0.1987293 0.3825622 0.0100801 0.1350998 0.3502819 0.1517219 0.1092651 0.1921265 0.2529510 0.2707848 0.1345482 0.1894719 0.2235108 0.1932239 0.0676630 0.3268419 0.4368571 0.0205432 0.2759968 0.2532004 0.0653002 
Perityle_crassifolia_70_ventanas           0.1139402 0.2268053 0.1100591 0.2968955 0.1408106 0.2008300 0.2258521 0.2332748 0.2968513 0.0196597 0.1092269 0.2133093 0.1451143 0.2130617 0.1258763 0.2377120 0.1064704 0.1179628 0.2217344 0.2256357 0.1716474 0.2188703 0.2077873 0.1694593 0.0852975 0.1378589 0.1425304 0.4762657 0.2054740 0.0000000 0.1957499 0.1203681 0.0399111 0.1681062 0.1361710 0.2342598 0.1851739 0.2136723 0.2214494 0.1755670 0.1422375 0.2205979 0.2108982 0.2213512 0.2161146 0.2085732 0.1260420 0.1377523 0.2136763 0.2196425 0.1201576 0.2019197 0.1409515 0.1979613 0.2364395 0.2561063 0.2533343 0.1439819 0.1296283 0.2203981 0.2049209 0.1932114 0.1906315 0.2462356 0.2246825 0.1979539 0.1184163 0.1704584 0.1845288 0.2358461 0.0008425 0.1397327 0.2147029 0.2219558 0.1242930 0.2152123 0.2401138 0.1237253 0.3054390 0.1922398 0.1282256 0.0900615 0.2088746 
Perityle_crassifolia_74_playa_balandra     0.2094849 0.0669474 0.2041559 0.3369051 0.1830084 0.1373594 0.1179567 0.1154322 0.3478664 0.1956910 0.2046581 0.0851180 0.1917247 0.0862900 0.1834087 0.0956643 0.1662320 0.2212554 0.0789028 0.0942319 0.1627196 0.0897155 0.0977419 0.1824076 0.0000010 0.1939995 0.2231985 0.4943663 0.0776805 0.1957499 0.0000000 0.2138999 0.1957399 0.1758075 0.2637939 0.0977792 0.0864076 0.0881907 0.0987693 0.2164124 0.1800650 0.0993019 0.0945256 0.0804334 0.0895125 0.1870113 0.1875567 0.1830525 0.0852310 0.0913008 0.1874494 0.0895686 0.2157646 0.0879336 0.0892412 0.1238947 0.1342653 0.1954154 0.1817131 0.0810326 0.1275497 0.1356361 0.1223870 0.3261885 0.0808684 0.0927024 0.2027581 0.1530098 0.0881586 0.1497821 0.1957499 0.1938566 0.0928797 0.0880419 0.1890291 0.1040737 0.0861607 0.1970162 0.3395052 0.0808789 0.1779050 0.2199112 0.0832351 
Perityle_cuneata_4                         0.1571344 0.2441918 0.1362405 0.3445896 0.1443490 0.2033381 0.2658901 0.2467752 0.3374991 0.1301172 0.1399841 0.2503920 0.2235784 0.3005073 0.1235727 0.3309467 0.1401785 0.1079151 0.2928038 0.3107884 0.1830548 0.3174094 0.2401664 0.1662410 0.1264935 0.1413524 0.1507353 0.5544104 0.2963297 0.1203681 0.2138999 0.0000000 0.2122086 0.1584427 0.2349416 0.3095689 0.2159462 0.3062858 0.2376197 0.2246327 0.1905615 0.3110661 0.2649754 0.3104387 0.2528458 0.2247775 0.1320963 0.1337660 0.3077015 0.2963484 0.1440566 0.2739226 0.1372290 0.2551209 0.2778658 0.2734528 0.3008186 0.1444397 0.1406962 0.2890536 0.2173695 0.2129584 0.2177464 0.3102141 0.3174480 0.2987865 0.1270144 0.2074260 0.2628623 0.3399161 0.1272436 0.1478022 0.2739910 0.2950469 0.1181145 0.2877965 0.3303395 0.1424164 0.3643999 0.2147880 0.1520223 0.0817303 0.2153615 
Perityle_discoidea_81                      0.0837103 0.3302477 0.0821531 0.3568038 0.1770962 0.1937307 0.3389817 0.3042178 0.3237252 0.0535892 0.2352481 0.3677804 0.2608993 0.3577266 0.2241947 0.4140273 0.2305361 0.1456007 0.3944074 0.4088112 0.2878226 0.4057694 0.2177589 0.2374720 0.1566369 0.2099074 0.2521316 0.5385479 0.3761345 0.0399111 0.1957399 0.2122086 0.0000000 0.2092732 0.1430765 0.4185021 0.3320076 0.4007735 0.3735074 0.2952712 0.2161608 0.3972247 0.3714315 0.4088102 0.3832946 0.2792195 0.2705919 0.2027346 0.4031979 0.3890508 0.1862058 0.3697418 0.2630803 0.3611378 0.3671047 0.3223362 0.3067880 0.2255396 0.1815833 0.3972649 0.2555184 0.1975026 0.3423274 0.3641058 0.3997838 0.3338618 0.2270275 0.2002016 0.3213267 0.3493445 0.0471583 0.2129943 0.3755463 0.3999237 0.1405081 0.4286520 0.4177125 0.2215071 0.4077310 0.3538747 0.2437579 0.1135002 0.3103111 
Perityle_dissecta_201                      0.1523222 0.3043485 0.1499117 0.3723542 0.1431659 0.1834595 0.3208885 0.2317709 0.4429735 0.1524868 0.2032821 0.2717554 0.2777462 0.3169311 0.1575907 0.3601484 0.2103187 0.1841391 0.3149070 0.3320913 0.1843919 0.3437855 0.2193374 0.1860174 1.0649818 0.1936722 0.1967828 0.5755843 0.3643584 0.1681062 0.1758075 0.1584427 0.2092732 0.0000000 0.2336437 0.3228628 0.2413087 0.3433412 0.2683755 0.3312865 0.2550086 0.3540185 0.3008899 0.3506317 0.3205658 0.1276168 0.1743811 0.1823414 0.3511276 0.3517767 0.1265142 0.2968960 0.1551574 0.2815860 0.3037214 0.2647430 0.2853866 0.2021884 0.2059565 0.3108956 0.2232948 0.2181369 0.2187304 0.4209433 0.3452084 0.3103134 0.1819770 0.1875467 0.2899347 0.3488283 0.1641348 0.2098058 0.3010691 0.3042598 0.0834475 0.3153768 0.3561080 0.1753508 0.4881950 0.2441951 0.2421630 0.2000815 0.2382171 
Perityle_emoryi_47_punta_san_jose          0.0628141 0.2651087 0.0414037 0.3330430 0.2142398 0.3570303 0.3415288 0.2762057 0.2807743 0.1663537 0.1529321 0.2874614 0.2953957 0.2881687 0.1701553 0.3110343 0.1256217 0.1820844 0.2748306 0.2920083 0.2512333 0.2932379 0.2526831 0.2246064 0.1423459 0.2013852 0.1871918 0.5249682 0.2667772 0.1361710 0.2637939 0.2349416 0.1430765 0.2336437 0.0000000 0.4306152 0.2634630 0.2575360 0.2930907 0.2056847 0.1879033 0.3755431 0.2872771 0.2776513 0.2644551 0.3406450 0.1906814 0.1828630 0.2682567 0.3037674 0.2231889 0.2715187 0.2017889 0.2722982 0.3034067 0.2952087 0.2621315 0.1966603 0.1671894 0.2772575 0.2439888 0.3095990 0.2789420 0.2575706 0.2798246 0.2639181 0.1526511 0.2908106 0.2634514 0.3384350 0.1364767 0.1950939 0.2912423 0.2938626 0.1917923 0.2828718 0.3007238 0.1805126 0.2426669 0.2339991 0.1276172 0.1597654 0.2640625 
Perityle_feddemae_99                       0.3530020 0.1309988 0.3682083 0.3787584 0.2583257 0.2466175 0.3815196 0.1765906 0.3855194 0.2774025 0.3164561 0.1643868 0.4103175 0.1396631 0.2858626 0.1845764 0.3104551 0.2996663 0.1380870 0.1685291 0.2403221 0.1667671 0.0965432 0.3485937 0.0000010 0.3527231 0.3612122 0.5049265 0.1402215 0.2342598 0.0977792 0.3095689 0.4185021 0.3228628 0.4306152 0.0000000 0.1535803 0.1053941 0.1897990 0.3658491 0.3286576 0.0227795 0.1615625 0.0282211 0.0921316 0.3485769 0.4048803 0.3424007 0.0216670 0.1595624 0.2992459 0.1547979 0.3492783 0.1575714 0.2183224 0.1925284 0.1852638 0.3495032 0.2765458 0.1407481 0.2107012 0.2384463 0.2197040 0.4576931 0.1400953 0.1601463 0.3737135 0.1745513 0.1446551 0.2157638 0.2892075 0.3078156 0.1582214 0.1956639 0.2491110 0.2460867 0.1452530 0.3450070 0.5044244 0.1246791 0.3299869 0.2812543 0.1071720 
Perityle_fosteri_93                        0.1928439 0.1297713 0.1868172 0.3664455 0.1914435 0.1140517 0.2738410 0.1278956 0.3621461 0.1835313 0.2856157 0.0257246 0.2652607 0.0238469 0.2413288 0.0372050 0.2538643 0.2428635 0.1074352 0.0316349 0.0954526 0.0281705 0.0260542 0.2493995 0.0000010 0.2531314 0.2818448 0.4629128 0.1192297 0.1851739 0.0864076 0.2159462 0.3320076 0.2413087 0.2634630 0.1535803 0.0000000 0.1482487 0.0418029 0.3383485 0.2313645 0.1565527 0.0195244 0.1487043 0.1616503 0.2444017 0.3183246 0.2409626 0.1519455 0.0143199 0.2092272 0.0186658 0.2681920 0.0083999 0.1677466 0.0719972 0.0887428 0.2579631 0.2359647 0.1187660 0.1730131 0.1404117 0.1380209 0.4424212 0.1171475 0.0857171 0.2869985 0.0770326 0.0148503 0.1717407 0.1851739 0.2490230 0.0151721 0.0903353 0.2226687 0.1981559 0.1247069 0.2807276 0.4603232 0.1247709 0.2658143 0.2519185 0.1196642 
Perityle_gamon_221                         0.2413400 0.1286021 0.2633317 0.3317446 0.2616025 0.1324824 0.3094548 0.1603169 0.3516314 0.2589414 0.2903427 0.1722639 0.3325241 0.1512996 0.2807294 0.1933751 0.2925895 0.2832696 0.1245607 0.1703464 0.2401827 0.1726137 0.1040575 0.3499176 0.1060948 0.3533041 0.3392957 0.4426919 0.1440603 0.2136723 0.0881907 0.3062858 0.4007735 0.3433412 0.2575360 0.1053941 0.1482487 0.0000000 0.1787239 0.3400221 0.3155304 0.1094212 0.1711433 0.1067966 0.0232297 0.3827283 0.3970210 0.3409852 0.1065813 0.1645711 0.2906756 0.1545846 0.3424390 0.1574707 0.2022489 0.1824703 0.1771218 0.3420911 0.2573409 0.1392734 0.1696248 0.2038318 0.2091035 0.4354466 0.1443339 0.1562020 0.3616589 0.1702014 0.1313669 0.2119611 0.2663768 0.2960018 0.1677732 0.2013201 0.2280525 0.2371268 0.1449757 0.3333161 0.4951202 0.1204670 0.3047662 0.2470847 0.0986357 
Perityle_gentryi_8_san_francisco           0.2344121 0.1709389 0.2329965 0.3597514 0.2058981 0.1348905 0.3000385 0.1620582 0.3617343 0.2176101 0.3205235 0.0437929 0.2922813 0.0459786 0.2768106 0.0122336 0.2657626 0.2722158 0.1419753 0.0545975 0.1179438 0.0489467 0.0532729 0.2746041 0.0000010 0.2923903 0.3382277 0.4704161 0.1528010 0.2214494 0.0987693 0.2376197 0.3735074 0.2683755 0.2930907 0.1897990 0.0418029 0.1787239 0.0000000 0.3234030 0.2584286 0.1888513 0.0440438 0.1895625 0.1866213 0.2993405 0.3650907 0.2684878 0.1915864 0.0369724 0.2350703 0.0443646 0.3291335 0.0400352 0.2317735 0.0811038 0.0921418 0.2858342 0.2629137 0.1534148 0.2045968 0.1659844 0.1475650 0.4485606 0.1514635 0.1244151 0.3245099 0.1016329 0.0437250 0.1979932 0.2214494 0.2798668 0.0369724 0.1020462 0.2598388 0.2327208 0.1672409 0.3330800 0.4554293 0.1494497 0.2845844 0.2671454 0.1547133 
Perityle_gilensis_22_Superstition          0.1915866 0.3344264 0.1989511 0.2419223 0.2233655 0.2255354 0.3600781 0.2958735 0.2103836 0.1878370 0.1968571 0.3534352 0.1835619 0.2941936 0.1023315 0.3525258 0.0761713 0.2464311 0.3798976 0.3497565 0.3523360 0.3512607 0.2497028 0.1062100 0.1859810 0.0680077 0.2418269 0.4672173 0.3363470 0.1755670 0.2164124 0.2246327 0.2952712 0.3312865 0.2056847 0.3658491 0.3383485 0.3400221 0.3234030 0.0000000 0.0906564 0.3364348 0.3546447 0.3455889 0.3383185 0.4218377 0.1694102 0.0626319 0.3351174 0.3102890 0.2051271 0.3383664 0.2531624 0.3367850 0.4369107 0.2654016 0.2700468 0.0902513 0.0697989 0.3726176 0.2903080 0.3116924 0.3537153 0.1779351 0.3883931 0.3590544 0.2075973 0.2516304 0.3163885 0.0106400 0.1803780 0.0680279 0.3516073 0.3865356 0.1997919 0.4377893 0.4181474 0.2244441 0.1853485 0.3531989 0.0662187 0.2386671 0.3202302 
Perityle_gilensis_salensis_225             0.1580795 0.2390716 0.1684081 0.2984251 0.1730755 0.1944887 0.2746315 0.2259242 0.3000112 0.1519814 0.1718378 0.2427394 0.1651330 0.2703720 0.0359847 0.3181127 0.0389079 0.1809124 0.3069382 0.2986163 0.2233395 0.3014386 0.1852095 0.1271036 0.0765696 0.0826328 0.1915339 0.4965278 0.2939483 0.1422375 0.1800650 0.1905615 0.2161608 0.2550086 0.1879033 0.3286576 0.2313645 0.3155304 0.2584286 0.0906564 0.0000000 0.3241379 0.2663986 0.3285112 0.2636128 0.3000979 0.1477526 0.0983363 0.3186365 0.2547030 0.1578627 0.2584137 0.1945946 0.2536168 0.2953908 0.2428914 0.2502314 0.0807525 0.0377901 0.2860006 0.2457551 0.2224357 0.2097272 0.1778173 0.3198852 0.2827046 0.2001542 0.1584561 0.2516016 0.2262233 0.1591864 0.0427348 0.2684001 0.3080619 0.1092065 0.3477492 0.3450996 0.1765522 0.2376625 0.2534224 0.0402530 0.1638491 0.2136598 
Perityle_glaucescens_94                    0.3214348 0.1338316 0.3384105 0.3447948 0.2496798 0.2491124 0.3564775 0.1754530 0.3512238 0.2671190 0.2951277 0.1700333 0.3981943 0.1407217 0.2835773 0.1869856 0.2899887 0.2943782 0.1354856 0.1712390 0.2468244 0.1682719 0.1022047 0.3483363 0.2239879 0.3507263 0.3524838 0.4538812 0.1454547 0.2205979 0.0993019 0.3110661 0.3972247 0.3540185 0.3755431 0.0227795 0.1565527 0.1094212 0.1888513 0.3364348 0.3241379 0.0000000 0.1653425 0.0219349 0.0985944 0.4075332 0.3977821 0.3437439 0.0162805 0.1681516 0.3003207 0.1574060 0.3583436 0.1583827 0.2189518 0.1925944 0.1869309 0.3442280 0.2651775 0.1436799 0.2067659 0.2377809 0.2182978 0.4228236 0.1418679 0.1597904 0.3707545 0.1830941 0.1460354 0.2088203 0.2749750 0.2980691 0.1619894 0.1992290 0.2410056 0.2441541 0.1476179 0.3301529 0.4769956 0.1199826 0.3150955 0.2736321 0.1047526 
Perityle_gracilis_11                       0.2418150 0.1824587 0.2423212 0.3679210 0.2437101 0.1253440 0.2935451 0.1283623 0.4150259 0.2338217 0.2990465 0.0257797 0.2852172 0.0257632 0.2341264 0.0363801 0.2703684 0.2880832 0.1060308 0.0323354 0.1053301 0.0305381 0.0260665 0.2812282 0.0000010 0.2885372 0.3251171 0.4654269 0.1601978 0.2108982 0.0945256 0.2649754 0.3714315 0.3008899 0.2872771 0.1615625 0.0195244 0.1711433 0.0440438 0.3546447 0.2663986 0.1653425 0.0000000 0.1575320 0.2283192 0.3006941 0.3372279 0.2757234 0.1624904 0.0309103 0.2549845 0.0131287 0.2904626 0.0183763 0.1701090 0.0760940 0.0862072 0.2885944 0.2496078 0.1177146 0.1802434 0.1906107 0.1384642 0.4488613 0.1442200 0.0899208 0.3323593 0.0755165 0.0144921 0.1708285 0.2380626 0.2747331 0.0076072 0.1164321 0.2178010 0.2036760 0.1574668 0.3263520 0.5006199 0.1202218 0.2847336 0.2660294 0.1208358 
Perityle_harkerae_31                       0.2465602 0.1267800 0.2729199 0.3417135 0.2572872 0.1172164 0.3215636 0.1679598 0.3687161 0.2692829 0.3009826 0.1632107 0.3301255 0.1397880 0.2803857 0.1867116 0.2973167 0.2891289 0.1299907 0.1723938 0.2431342 0.1693275 0.0886678 0.3550349 0.1791072 0.3545042 0.3561128 0.4390191 0.1391412 0.2213512 0.0804334 0.3104387 0.4088102 0.3506317 0.2776513 0.0282211 0.1487043 0.1067966 0.1895625 0.3455889 0.3285112 0.0219349 0.1575320 0.0000000 0.0913356 0.3807596 0.4054625 0.3471890 0.0135297 0.1612308 0.3016562 0.1517734 0.3518856 0.1503038 0.2162049 0.1923878 0.1833050 0.3475640 0.2635555 0.1398157 0.1977577 0.2077429 0.2192754 0.4400955 0.1400660 0.1528651 0.3834057 0.1547725 0.1400805 0.2031663 0.2821969 0.3016511 0.1541910 0.1972857 0.2409765 0.2416732 0.1427023 0.3350439 0.4922318 0.1163387 0.3140806 0.2588939 0.0929641 
Perityle_hofmeisteria_4_nombre_de_dios     0.2321730 0.1532954 0.2285703 0.2916248 0.2282823 0.1293587 0.3367428 0.1628881 0.2799368 0.2108655 0.3106389 0.2061205 0.3179495 0.1470380 0.3028243 0.2189718 0.2911153 0.2728663 0.1198064 0.2211809 0.2698784 0.2170597 0.1070894 0.3433260 0.1201659 0.2955639 0.3204089 0.4348200 0.2207891 0.2161146 0.0895125 0.2528458 0.3832946 0.3205658 0.2644551 0.0921316 0.1616503 0.0232297 0.1866213 0.3383185 0.2636128 0.0985944 0.2283192 0.0913356 0.0000000 0.4294534 0.3551855 0.2918841 0.0865555 0.2242403 0.2284135 0.1600242 0.3412474 0.1610204 0.2178600 0.1590841 0.1644560 0.3083208 0.2802614 0.1476679 0.1796815 0.1834893 0.2150949 0.3749667 0.1860207 0.1628614 0.3246977 0.1701520 0.1485855 0.2979290 0.2096753 0.2917063 0.2016220 0.2624723 0.2376283 0.2677593 0.2066096 0.3380306 0.3973193 0.1117592 0.3057813 0.2623094 0.1053878 
