85
Amauria_brandeegeana_62                    0.0000000 0.2129092 0.2842443 0.3828419 0.2565334 0.2454600 0.7147854 0.2894574 0.5071413 0.2153304 0.3220249 0.6554108 0.5446813 0.6138005 0.2858571 0.7909903 0.6385228 0.2467583 0.3555278 0.6177384 0.2626252 0.6195097 0.1252624 0.8300397 0.6479916 0.6372068 0.5926589 0.7438955 0.4146446 0.2690243 0.2900135 0.3458783 0.9888322 0.2434685 0.6052376 0.4261352 0.6179766 0.3436515 0.3143624 0.6177384 0.6021173 0.3840949 0.6223680 0.3500722 0.3493179 0.6179766 0.6074158 0.6697101 0.3591255 0.6200901 0.6076496 0.7113637 0.5926589 0.6043648 0.3348081 0.7586165 0.6049326 0.6074158 0.6195097 0.2538279 0.2678231 0.3505536 0.7654189 0.6178234 0.3661892 0.5926589 0.3350261 0.6964667 0.2383928 0.6172685 0.7590093 0.2553345 0.6064926 0.6074158 0.6014537 0.4066708 0.3303263 0.4012421 0.3075692 0.6514846 0.3213949 0.6074158 0.5898595 0.1682425 0.6317651 
Amauria_carterae_99_mesa                   0.2129092 0.0000000 0.2030718 0.3174146 0.2457013 0.0671138 0.5055628 0.1364566 0.3145367 0.2272753 0.1206790 0.4748063 0.2888755 0.4236194 0.2755075 0.1363171 0.4532173 0.1624305 0.3329952 0.4524817 0.2626938 0.4174793 0.0665947 0.4642546 0.4325668 0.4564218 0.4332245 0.2067760 0.1470057 0.2779793 0.2338052 0.1520432 0.1642275 0.3073350 0.4179818 0.1373090 0.4469903 0.1170598 0.1257087 0.4259860 0.4331996 0.3038139 0.4224984 0.2928263 0.1168190 0.4412747 0.4224984 0.4682392 0.3015203 0.4328019 0.4228986 0.4676222 0.4331931 0.4443435 0.1709632 0.1135844 0.4372086 0.4224984 0.4273002 0.2102059 0.0896248 0.1624345 0.1400046 0.4375953 0.1177477 0.4331931 0.1296365 0.4941994 0.2257446 0.4226274 0.4694659 0.2893823 0.4404132 0.4224984 0.4236921 0.2772416 0.1418092 0.1195547 0.2582569 0.4506326 0.2320793 0.4276970 0.4277128 0.1135787 0.4123974 
Amauria_rotundifolia_SRR9119150            0.2842443 0.2030718 0.0000000 0.3071171 0.2030212 0.1545712 0.2799915 0.2886871 0.5307364 0.0620463 0.3964023 0.2253005 0.2655445 0.1554442 0.1627562 0.6235849 0.2522443 0.1172430 0.1596386 0.1376636 0.1662326 0.1966849 0.0773578 0.3805559 0.1259486 0.2674566 0.2660924 0.7254706 0.5188856 0.1035606 0.2275549 0.2831761 0.5720784 0.3271306 0.2379612 0.4056502 0.1921768 0.3209936 0.3805186 0.1429003 0.3307607 0.2598722 0.1365482 0.1889194 0.4609521 0.2580347 0.2532638 0.2790218 0.1967001 0.1805359 0.2220006 0.2391620 0.1109799 0.1338193 0.4238369 0.4322434 0.0965314 0.2277236 0.2588512 0.2410690 0.2355553 0.3781367 0.3975796 0.2600375 0.5339480 0.1721751 0.2665901 0.2401243 0.0929534 0.1225766 0.3017097 0.1090185 0.1966948 0.2309149 0.1926960 0.2050516 0.3522399 0.3956363 0.2328247 0.1950144 0.1441044 0.2008895 0.2084012 0.0965715 0.0851308 
Conoclinium_coelestinum_SRR9119114         0.3828419 0.3174146 0.3071171 0.0000000 0.3136113 0.2303815 0.3872051 0.3896731 0.5225480 0.3032545 0.4208701 0.3949891 0.3720321 0.3489476 0.2713662 0.6007624 0.3794628 0.2478444 0.2764366 0.3456749 0.3045042 0.3637439 0.1498366 0.4590560 0.2671484 0.3821968 0.3643468 0.6795182 0.5252678 0.2490801 0.3011295 0.4396024 0.5813639 0.4469052 0.3639588 0.4653344 0.3766242 0.4462175 0.4025977 0.3362888 0.4484868 0.3520842 0.3306116 0.3500166 0.5022068 0.3674181 0.3730976 0.4180141 0.3148847 0.3773903 0.3618795 0.4097837 0.2718530 0.3617117 0.4682838 0.4915546 0.2233650 0.3648581 0.3679398 0.3036646 0.3015736 0.4819738 0.4336801 0.3613261 0.5091416 0.3647410 0.3841043 0.4159475 0.2084147 0.2907888 0.4492887 0.2750294 0.3785025 0.3581813 0.3670826 0.2565366 0.4241564 0.4648384 0.3096735 0.3680368 0.2167459 0.3654730 0.3632071 0.2028413 0.2102476 
Eutetras_palmeri_63                        0.2565334 0.2457013 0.2030212 0.3136113 0.0000000 0.1491218 0.3007428 0.3085022 0.5570819 0.2003692 0.4505397 0.1987742 0.2373421 0.1791943 0.1573681 0.7139128 0.2182504 0.1607475 0.1437588 0.1338519 0.1483003 0.2142081 0.0693545 0.2698366 0.1080413 0.2326810 0.2075843 0.7276140 0.4802421 0.1102349 0.2250884 0.3543873 0.6127973 0.3979986 0.2073778 0.4588145 0.1960250 0.3653188 0.3856719 0.1818196 0.3784327 0.2592638 0.1222986 0.2194039 0.4847445 0.1969618 0.2110399 0.2313073 0.2054479 0.2009030 0.1998281 0.2082591 0.1148163 0.1467469 0.4670922 0.4529412 0.0653506 0.2058317 0.2014352 0.2662441 0.2528911 0.4349220 0.4155458 0.1977162 0.5232954 0.1827143 0.3174334 0.2402817 0.0839573 0.1151335 0.2226063 0.1453645 0.1787699 0.2103857 0.1594981 0.1702430 0.3986204 0.4310148 0.2488599 0.1725734 0.1034894 0.2016509 0.1899241 0.0754037 0.0617494 
Eutetras_pringlei_149_quer                 0.2454600 0.0671138 0.1545712 0.2303815 0.1491218 0.0000000 0.3559326 0.0619011 0.1928019 0.1594106 0.0527574 0.3965472 0.2384763 0.3275159 0.1744593 0.0779466 0.3547617 0.0854771 0.2355705 0.3535577 0.1635162 0.3276590 0.0564012 0.4282444 0.3333451 0.3368976 0.3264577 0.1451128 0.0805105 0.2186624 0.0872423 0.0793124 0.0736032 0.2212947 0.3281924 0.1005277 0.3326275 0.1074213 0.0527645 0.3326550 0.3475575 0.2350322 0.3344569 0.2282439 0.0997553 0.3326275 0.3344569 0.3609148 0.2204013 0.3329217 0.3346061 0.4139866 0.3264577 0.3479195 0.0836435 0.0933316 0.3326822 0.3344569 0.3410411 0.0976982 0.1068341 0.1089576 0.0594269 0.3269768 0.0805105 0.3264577 0.0596791 0.3479545 0.1960644 0.3346061 0.4146207 0.2056888 0.3407471 0.3344569 0.3344885 0.2527477 0.0528454 0.1094364 0.1659667 0.3209488 0.1727547 0.3414826 0.3269427 0.0426772 0.2896886 
Eutrochium_fistulosum_SRR9119106           0.7147854 0.5055628 0.2799915 0.3872051 0.3007428 0.3559326 0.0000000 0.5824251 0.6111519 0.2860503 0.5923201 0.2297576 0.1701769 0.1619254 0.2601733 0.5230593 0.1737319 0.6896193 0.2967048 0.1567743 0.2817820 0.1709818 0.5825930 0.2892795 0.1519614 0.2115949 0.1634025 0.6278744 0.6207695 0.2735315 0.4265053 0.6096050 0.5047521 0.6928752 0.1783151 0.5942295 0.1705063 0.5713742 0.5661176 0.1663919 0.2057764 0.3225517 0.1572811 0.3162125 0.5986859 0.1700523 0.1781707 0.2776999 0.2936249 0.1685128 0.1782331 0.2218887 0.1495784 0.1537496 0.5782667 0.4218812 0.1252955 0.1715211 0.1741778 0.5636481 0.4593094 0.6672479 0.4011027 0.1753186 0.5894599 0.1602953 0.5687241 0.2625156 0.2773265 0.1551949 0.2767277 0.2471167 0.1749949 0.1709818 0.1582617 0.2774053 0.6004156 0.5856757 0.2856292 0.1778454 0.2594043 0.1762190 0.1655904 0.6589319 0.1052775 
Galeana_pratensis_104_mex                  0.2894574 0.1364566 0.2886871 0.3896731 0.3085022 0.0619011 0.5824251 0.0000000 0.2879431 0.3042301 0.1288942 0.5496764 0.3208435 0.4930462 0.3213978 0.1072147 0.5194375 0.1657516 0.3248790 0.5176694 0.3159152 0.4916512 0.0903208 0.5403075 0.4976086 0.5251415 0.4978789 0.2341848 0.1554003 0.2508164 0.1679863 0.1528135 0.1303047 0.3994391 0.4963935 0.1485032 0.5117949 0.1607757 0.1196935 0.4951789 0.5031777 0.3474712 0.5031117 0.3451672 0.1568665 0.5056816 0.5021308 0.5451055 0.3519571 0.5026916 0.5024434 0.5424708 0.4978431 0.5092871 0.1650084 0.1419883 0.4963447 0.4970294 0.5021308 0.1665543 0.1377161 0.1530549 0.1060380 0.5191494 0.1242423 0.4978431 0.1467666 0.5631065 0.2480002 0.4910055 0.5405104 0.2984493 0.5049175 0.4916512 0.4910367 0.2909083 0.1328059 0.1513561 0.3053950 0.5054976 0.2219954 0.5026186 0.4933356 0.1316663 0.4726024 
Helianthus_annuus_SRR9119062               0.5071413 0.3145367 0.5307364 0.5225480 0.5570819 0.1928019 0.6111519 0.2879431 0.0000000 0.5299516 0.4722565 0.6437267 0.5154558 0.5822047 0.4602152 0.4221032 0.6394900 0.3912153 0.4182479 0.6026458 0.5061766 0.5856706 0.2118334 0.7159593 0.5193524 0.6494966 0.6367875 0.4880188 0.5332923 0.3662476 0.3324310 0.4275446 0.3436094 0.5133121 0.6309889 0.4221096 0.6193370 0.4080216 0.4502531 0.5297122 0.7884459 0.5397566 0.6088161 0.4831563 0.5468416 0.6210004 0.6461226 0.6673062 0.5523761 0.6159136 0.6385590 0.6503995 0.5356676 0.6012645 0.3898243 0.2913317 0.4413321 0.6290019 0.6402702 0.2914775 0.2323396 0.4186904 0.2484261 0.6215170 0.5465876 0.6194377 0.4156083 0.6966569 0.3302542 0.5484268 0.6904402 0.4052791 0.6365132 0.5896926 0.6350284 0.3533564 0.4535194 0.4478463 0.5743626 0.6277982 0.3024131 0.6440307 0.6343065 0.3069379 0.4269549 
Lycapsus_tenuifolius_17                    0.2153304 0.2272753 0.0620463 0.3032545 0.2003692 0.1594106 0.2860503 0.3042301 0.5299516 0.0000000 0.3815644 0.2364888 0.1453638 0.1601070 0.1690460 0.6266691 0.2036840 0.1303462 0.1671183 0.1407170 0.1650280 0.1467032 0.0732447 0.3375139 0.1291594 0.2219242 0.1959388 0.6567889 0.4917535 0.1100729 0.2350006 0.3085198 0.5438645 0.2767574 0.1960334 0.3900117 0.1726996 0.3362746 0.3575732 0.1396208 0.3384121 0.2389468 0.1389596 0.1851232 0.4288927 0.2005287 0.1959111 0.2959485 0.2259064 0.1622671 0.1836177 0.2529162 0.1140398 0.1398642 0.4485831 0.4402108 0.1002921 0.1621908 0.1929506 0.2621473 0.2490562 0.4037473 0.4106153 0.1672043 0.5298858 0.1577059 0.2741939 0.2553179 0.1093923 0.1291955 0.3179604 0.1140005 0.2123319 0.1332202 0.2041607 0.2028154 0.3614562 0.3703348 0.2014104 0.2105850 0.1476676 0.1727107 0.2024911 0.0995191 0.0903914 
Pericome_caudata_50_silver                 0.3220249 0.1206790 0.3964023 0.4208701 0.4505397 0.0527574 0.5923201 0.1288942 0.4722565 0.3815644 0.0000000 0.7141876 0.7013892 0.6411523 0.3631045 0.0823555 0.7943785 0.1264487 0.4071501 0.6447125 0.4185717 0.7180377 0.0770596 0.8475526 0.5677569 0.7987378 0.7678066 0.2992272 0.3309283 0.3285699 0.2060734 0.1934959 0.2506964 0.3664798 0.7470843 0.2545942 0.7370996 0.1753742 0.1257868 0.6271001 0.8487905 0.5148235 0.6414386 0.4534618 0.3203247 0.7438001 0.7492153 0.7824182 0.4382470 0.7254419 0.7337514 0.7094300 0.5630770 0.6431182 0.1445484 0.0912518 0.4571303 0.7448236 0.7647735 0.1348415 0.1384967 0.2376308 0.0602905 0.7761551 0.3495573 0.6744086 0.1636607 0.7305453 0.2420987 0.5846562 0.7604479 0.4056059 0.7090130 0.7237978 0.7064723 0.3263838 0.0924346 0.2044038 0.4502798 0.7035891 0.2576292 0.7227473 0.7377197 0.0889998 0.4324011 
Perityle_aglossa_84_dead_horse             0.6554108 0.4748063 0.2253005 0.3949891 0.1987742 0.3965472 0.2297576 0.5496764 0.6437267 0.2364888 0.7141876 0.0000000 0.0360224 0.0552229 0.1651721 0.6486246 0.0406667 0.7157700 0.1479244 0.0323238 0.0731805 0.0382821 0.7724320 0.0995959 0.0490627 0.0386744 0.0417596 0.7032784 0.6956109 0.1420239 0.3565475 0.6189376 0.5621014 0.6636577 0.0399542 0.6531084 0.0356853 0.5774770 0.6504390 0.0423246 0.2439731 0.1571716 0.0363458 0.1659833 0.6892581 0.0354391 0.0456065 0.1152322 0.1679893 0.0418751 0.0404711 0.0406729 0.0400042 0.0362727 0.6803228 0.4735345 0.0270453 0.0388274 0.0383921 0.5142124 0.4815408 0.6690006 0.4264436 0.0087018 0.7049079 0.0400050 0.5610219 0.1976660 0.0874297 0.0490662 0.0868936 0.1772619 0.0415325 0.0363776 0.0414261 0.1432028 0.7086183 0.6606491 0.1981980 0.0197910 0.1074702 0.0406653 0.0404897 0.6599551 0.0244430 
Perityle_ajoensis_204                      0.5446813 0.2888755 0.2655445 0.3720321 0.2373421 0.2384763 0.1701769 0.3208435 0.5154558 0.1453638 0.7013892 0.0360224 0.0000000 0.0471486 0.1236835 0.6424878 0.0833921 0.0000010 0.0722263 0.0303133 0.0332430 0.0119927 0.0000010 0.2096419 0.0329450 0.0731068 0.0537664 0.7647805 0.6806800 0.1098406 0.3036833 0.5138076 0.5270248 0.6052677 0.0221118 0.6503290 0.0372421 0.4498998 0.6530718 0.0353094 0.2019672 0.1790873 0.0102209 0.1286919 0.7235689 0.0415964 0.0230987 0.1333708 0.0837664 0.0383355 0.0145458 0.0193288 0.0215895 0.0363853 0.5745137 0.3885251 0.0113851 0.0126099 0.0170713 0.4048222 0.2924879 0.5696690 0.3056094 0.0628796 0.6846777 0.0375376 0.4742643 0.1299391 0.0188904 0.0256305 0.1165589 0.1414188 0.0179270 0.0375968 0.0165632 0.0197510 0.5946363 0.6297835 0.0938468 0.0316018 0.0382652 0.0374349 0.0318442 0.0000010 0.0127809 
Perityle_ambrosiifolia_67_green            0.6138005 0.4236194 0.1554442 0.3489476 0.1791943 0.3275159 0.1619254 0.4930462 0.5822047 0.1601070 0.6411523 0.0552229 0.0471486 0.0000000 0.0413717 0.5991357 0.0417889 0.0000010 0.1008831 0.0385923 0.0377657 0.0444465 0.0000010 0.0999724 0.0385885 0.0459430 0.0542254 0.6633841 0.6552257 0.1237845 0.3324002 0.6025609 0.5392180 0.6583254 0.0499202 0.6436319 0.0431311 0.5395691 0.5866658 0.0372232 0.1147701 0.1272196 0.0455262 0.1285778 0.6301379 0.0390972 0.0472915 0.1421080 0.1065558 0.0215911 0.0486491 0.0474136 0.0416120 0.0376875 0.6270434 0.4652065 0.0250878 0.0459726 0.0444465 0.4163323 0.3863881 0.6727244 0.4066204 0.0515505 0.6359634 0.0501840 0.5236830 0.1413247 0.0450671 0.0424547 0.0873729 0.1518241 0.0488965 0.0443932 0.0448196 0.0354719 0.6459860 0.6309546 0.0563665 0.0459327 0.0314295 0.0458834 0.0475278 0.0000010 0.0267207 
Perityle_angustifolia_13_Eagle_creek       0.2858571 0.2755075 0.1627562 0.2713662 0.1573681 0.1744593 0.2601733 0.3213978 0.4602152 0.1690460 0.3631045 0.1651721 0.1236835 0.0413717 0.0000000 0.6038223 0.1157301 0.1119400 0.1425376 0.1124929 0.0806923 0.1253911 0.0140424 0.1901980 0.0471759 0.1449043 0.1293311 0.6395335 0.4841878 0.1229071 0.2438700 0.3583302 0.4621860 0.3406311 0.1270661 0.4108542 0.1141592 0.3297233 0.3461956 0.0360216 0.2301860 0.1777283 0.1212228 0.1773863 0.4431664 0.1109038 0.1303616 0.1613720 0.1687994 0.1118217 0.1316375 0.1862454 0.0500233 0.0904629 0.4195241 0.4814209 0.0250777 0.1241031 0.1222293 0.2444395 0.2679713 0.3985889 0.4265540 0.1178875 0.4637544 0.1278295 0.2714493 0.2533718 0.0369119 0.0495304 0.1888391 0.1211607 0.1326484 0.0869642 0.1264359 0.1547127 0.3784041 0.4114700 0.1136080 0.1328262 0.0957642 0.1223095 0.1310858 0.0861042 0.0266909 
Perityle_batopilensis_97                   0.7909903 0.1363171 0.6235849 0.6007624 0.7139128 0.0779466 0.5230593 0.1072147 0.4221032 0.6266691 0.0823555 0.6486246 0.6424878 0.5991357 0.6038223 0.0000000 0.7153411 0.0000010 0.5650611 0.6186773 0.6615190 0.6811824 0.0000010 0.7360862 0.5222850 0.7142599 0.6886306 0.1729405 0.2671082 0.4720355 0.2693652 0.2536345 0.2469616 0.6778325 0.6818797 0.2240554 0.6946631 0.1314329 0.0157233 0.5686084 0.7186035 0.7353125 0.6220927 0.6866556 0.2913460 0.6783741 0.7007434 0.7158232 0.6418513 0.6821428 0.6942720 0.6313699 0.5216022 0.6205691 0.1123063 0.0945559 0.4127826 0.6933524 0.6983409 0.0517601 0.1451985 0.2620894 0.0448200 0.7023292 0.2793578 0.6297907 0.2053445 0.6689007 0.4312977 0.5557837 0.6938571 0.5904918 0.6387274 0.6640997 0.6342368 0.3239850 0.0869553 0.1818258 0.7129011 0.6270129 0.3381350 0.6730400 0.6677758 0.0000010 0.3833845 
Perityle_bisetosa_9                        0.6385228 0.4532173 0.2522443 0.3794628 0.2182504 0.3547617 0.1737319 0.5194375 0.6394900 0.2036840 0.7943785 0.0406667 0.0833921 0.0417889 0.1157301 0.7153411 0.0000000 0.0000010 0.0983684 0.0308986 0.0271224 0.0594726 0.0000010 0.1265962 0.0369574 0.0742322 0.0832562 0.7916992 0.7564009 0.1314071 0.3422831 0.6180787 0.6171896 0.6995723 0.0625727 0.7267330 0.0410463 0.5725099 0.7118062 0.0255668 0.2369767 0.1697201 0.0413424 0.1453473 0.7540619 0.0477510 0.0708213 0.1280723 0.1282168 0.0470260 0.0563363 0.0384824 0.0464756 0.0300022 0.7061479 0.4913951 0.0329318 0.0713056 0.0718304 0.4531272 0.4152467 0.6911492 0.4314615 0.0762430 0.7699139 0.0510280 0.5606823 0.1622814 0.0573219 0.0426057 0.0866018 0.1478071 0.0440158 0.0707595 0.0442958 0.0410326 0.7176848 0.7144459 0.1722282 0.0440076 0.0490044 0.0597388 0.0560539 0.0000010 0.0357606 
Perityle_californica_76_positas            0.2467583 0.1624305 0.1172430 0.2478444 0.1607475 0.0854771 0.6896193 0.1657516 0.3912153 0.1303462 0.1264487 0.7157700 0.0000010 0.0000010 0.1119400 0.0000010 0.0000010 0.0000000 0.1611069 0.0000010 0.1214627 0.0000010 0.1396665 0.9912961 0.0000010 0.8529803 0.0000010 0.7345435 0.2999998 0.1390114 0.1606502 0.1060000 0.0000010 0.1304127 0.0000010 0.1819814 0.0000010 0.1960150 0.1387931 0.0000010 0.0000010 0.1671027 0.0000010 0.1716588 0.1982115 0.0000010 0.0000010 0.8229993 0.1620171 0.0000010 0.0000010 0.8762709 0.0000010 0.0000010 0.1939754 0.0000010 0.0000010 0.0000010 0.0000010 0.1558957 0.1522329 0.2195501 0.0000010 0.0000010 0.2224522 0.0000010 0.1115660 0.7513091 0.1033011 0.0000010 0.8314068 0.1069243 0.5792374 0.0000010 0.0000010 0.2860098 0.1350144 0.1752464 0.1313224 0.9328566 0.1434267 0.0000010 0.0000010 0.1381384 0.0000010 
Perityle_canescens_77                      0.3555278 0.3329952 0.1596386 0.2764366 0.1437588 0.2355705 0.2967048 0.3248790 0.4182479 0.1671183 0.4071501 0.1479244 0.0722263 0.1008831 0.1425376 0.5650611 0.0983684 0.1611069 0.0000000 0.0831019 0.1258442 0.0812073 0.1677616 0.1690781 0.0907443 0.1104282 0.0801387 0.6100212 0.3784355 0.1369055 0.2618556 0.3601899 0.4626611 0.4072271 0.0869404 0.3793439 0.0926258 0.3059358 0.3668667 0.0922277 0.2366467 0.0933835 0.0793739 0.0902617 0.3719000 0.0830759 0.0813505 0.1117810 0.0868008 0.0887593 0.0830623 0.1489389 0.0799600 0.0946286 0.3480995 0.4749841 0.0718223 0.0796301 0.0812073 0.2436598 0.2415682 0.3743360 0.4241986 0.0767939 0.3727949 0.0802092 0.3202212 0.2159738 0.1125986 0.0907590 0.1727401 0.1298236 0.0948672 0.0812073 0.0845903 0.1908636 0.3893954 0.3781264 0.1521541 0.0963031 0.1064366 0.0831647 0.0821521 0.1925663 0.0650819 
Perityle_castillonii_96                    0.6177384 0.4524817 0.1376636 0.3456749 0.1338519 0.3535577 0.1567743 0.5176694 0.6026458 0.1407170 0.6447125 0.0323238 0.0303133 0.0385923 0.1124929 0.6186773 0.0308986 0.0000010 0.0831019 0.0000000 0.0146649 0.0331426 0.0000010 0.0605095 0.0301431 0.0322016 0.0336523 0.6892521 0.6573147 0.1236150 0.3472681 0.6124798 0.5047391 0.6555475 0.0347560 0.6132557 0.0196939 0.5058293 0.6098006 0.0270647 0.2021096 0.0982734 0.0304714 0.0990684 0.6460176 0.0184539 0.0372998 0.0945024 0.0923394 0.0291758 0.0359889 0.0321869 0.0349831 0.0252889 0.6420312 0.4792675 0.0249997 0.0297195 0.0309105 0.4021826 0.4142645 0.6277806 0.4246594 0.0287399 0.6493175 0.0336729 0.4827508 0.1086643 0.0479462 0.0329469 0.0592441 0.1258391 0.0347007 0.0294854 0.0309508 0.0354158 0.6373705 0.5954801 0.1248362 0.0309729 0.0401183 0.0309371 0.0375113 0.0000010 0.0198790 
Perityle_cernua_84                         0.2626252 0.2626938 0.1662326 0.3045042 0.1483003 0.1635162 0.2817820 0.3159152 0.5061766 0.1650280 0.4185717 0.0731805 0.0332430 0.0377657 0.0806923 0.6615190 0.0271224 0.1214627 0.1258442 0.0146649 0.0000000 0.0312330 0.0283897 0.1666529 0.0267451 0.0504294 0.0426638 0.6947887 0.4633204 0.1292885 0.2363488 0.3279937 0.5806872 0.3582470 0.0377763 0.4218855 0.0203648 0.3555507 0.3530573 0.0283573 0.2415162 0.1456294 0.0311024 0.1451268 0.4468815 0.0164883 0.0399542 0.1268260 0.1469734 0.0292467 0.0360255 0.0856399 0.0350167 0.0248901 0.4851948 0.4753229 0.0211342 0.0331310 0.0330743 0.2599316 0.2656645 0.4603492 0.4165941 0.0324797 0.4714771 0.0410272 0.3099662 0.1925737 0.0405215 0.0313775 0.1430889 0.1301035 0.0465867 0.0290327 0.0380723 0.1522991 0.4050832 0.4265503 0.1116294 0.0484140 0.0973873 0.0394606 0.0393653 0.0997604 0.0221393 
Perityle_cfvillosa_25_tin                  0.6195097 0.4174793 0.1966849 0.3637439 0.2142081 0.3276590 0.1709818 0.4916512 0.5856706 0.1467032 0.7180377 0.0382821 0.0119927 0.0444465 0.1253911 0.6811824 0.0594726 0.0000010 0.0812073 0.0331426 0.0312330 0.0000000 0.0000010 0.1297923 0.0388034 0.0432175 0.0422452 0.7274934 0.7029975 0.1185729 0.3222548 0.6005333 0.5814513 0.6632706 0.0223835 0.6609913 0.0356999 0.5218252 0.6784403 0.0320678 0.1795307 0.1615966 0.0050971 0.1257377 0.6906071 0.0364272 0.0159271 0.1017382 0.0970715 0.0365738 0.0139517 0.0117556 0.0366903 0.0390973 0.6275191 0.4562477 0.0231211 0.0052683 0.0052556 0.4049860 0.3855660 0.6372641 0.4019283 0.0346151 0.7076900 0.0394932 0.5237571 0.1274337 0.0176416 0.0218399 0.0905088 0.1251698 0.0141743 0.0043946 0.0142927 0.0161904 0.6548691 0.6496100 0.0948215 0.0322933 0.0342873 0.0268771 0.0405816 0.0000010 0.0266749 
Perityle_cinerea_113_Powell1310            0.1252624 0.0665947 0.0773578 0.1498366 0.0693545 0.0564012 0.5825930 0.0903208 0.2118334 0.0732447 0.0770596 0.7724320 0.0000010 0.0000010 0.0140424 0.0000010 0.0000010 0.1396665 0.1677616 0.0000010 0.0283897 0.0000010 0.0000000 0.9517515 0.0000010 0.8496638 0.0000010 0.6445002 0.1286367 0.1148055 0.0969190 0.1240245 0.0000010 0.0772094 0.0000010 0.1431190 0.0000010 0.1512512 0.0540717 0.0000010 0.0000010 0.1449366 0.0000010 0.1444478 0.1419265 0.0000010 0.0000010 0.8756072 0.1272194 0.0000010 0.0000010 0.8400378 0.0000010 0.0000010 0.1368063 0.0000010 0.0000010 0.0000010 0.0000010 0.1438600 0.1477198 0.1546091 0.0000010 0.0000010 0.1286367 0.0000010 0.0964404 0.8084228 0.0217955 0.0000010 0.8431638 0.1205262 0.9705531 0.0000010 0.0000010 0.2706627 0.0770922 0.1588402 0.0428544 1.2018992 0.1593576 0.0000010 0.0000010 0.0849112 0.0000010 
Perityle_coahuilensis_24                   0.8300397 0.4642546 0.3805559 0.4590560 0.2698366 0.4282444 0.2892795 0.5403075 0.7159593 0.3375139 0.8475526 0.0995959 0.2096419 0.0999724 0.1901980 0.7360862 0.1265962 0.9912961 0.1690781 0.0605095 0.1666529 0.1297923 0.9517515 0.0000000 0.0351133 0.1404103 0.1754263 0.8540575 0.8419685 0.1514048 0.3471133 0.6947522 0.6527426 0.7731779 0.1328599 0.7702033 0.1303200 0.6651770 0.7942867 0.1054045 0.3082491 0.2780252 0.0595923 0.2716423 0.8467137 0.1233381 0.1414853 0.1322621 0.2234730 0.1253416 0.1346408 0.0992434 0.0482247 0.0648709 0.7425535 0.4773846 0.0231263 0.1413923 0.1510176 0.5302933 0.4812649 0.7266584 0.4145668 0.1666747 0.8135903 0.1338985 0.6752551 0.2610786 0.0724194 0.0375477 0.0125841 0.2204837 0.1053858 0.1686372 0.1032783 0.1515701 0.8330957 0.8074657 0.3423873 0.0975670 0.1376029 0.1294260 0.1368795 0.7951092 0.0244395 
Perityle_cochisensis_44_cave_creek         0.6479916 0.4325668 0.1259486 0.2671484 0.1080413 0.3333451 0.1519614 0.4976086 0.5193524 0.1291594 0.5677569 0.0490627 0.0329450 0.0385885 0.0471759 0.5222850 0.0369574 0.0000010 0.0907443 0.0301431 0.0267451 0.0388034 0.0000010 0.0351133 0.0000000 0.0423035 0.0496409 0.5833037 0.5304497 0.1314956 0.3455871 0.5728650 0.4381554 0.6223964 0.0405913 0.5361986 0.0301693 0.4585536 0.5116783 0.0370436 0.1127095 0.1036690 0.0388304 0.1034624 0.5377662 0.0267366 0.0423233 0.0599716 0.0963409 0.0401981 0.0440416 0.0405593 0.0496212 0.0437364 0.5409273 0.4799054 0.0369269 0.0389234 0.0388034 0.4380992 0.4027223 0.5825012 0.4082222 0.0442924 0.5310496 0.0478803 0.4332167 0.1111697 0.0542231 0.0419449 0.0351305 0.1215807 0.0422360 0.0388034 0.0388052 0.0411317 0.5524817 0.5472576 0.0385309 0.0368864 0.0491167 0.0388169 0.0497613 0.0000010 0.0357455 
Perityle_congesta_202                      0.6372068 0.4564218 0.2674566 0.3821968 0.2326810 0.3368976 0.2115949 0.5251415 0.6494966 0.2219242 0.7987378 0.0386744 0.0731068 0.0459430 0.1449043 0.7142599 0.0742322 0.8529803 0.1104282 0.0322016 0.0504294 0.0432175 0.8496638 0.1404103 0.0423035 0.0000000 0.0849135 0.7998689 0.7757749 0.1531689 0.3520442 0.6047123 0.5980374 0.6914976 0.0480260 0.7273210 0.0420194 0.5558295 0.7285774 0.0381189 0.2424611 0.1877156 0.0122662 0.1495406 0.7624702 0.0739311 0.0549611 0.0983329 0.1479896 0.0491204 0.0309386 0.0204546 0.0399935 0.0390262 0.6734115 0.4604126 0.0270726 0.0588712 0.0563060 0.4842974 0.4283892 0.6636751 0.4059723 0.0758503 0.7972454 0.0408064 0.5727832 0.1720200 0.0658644 0.0250287 0.0922219 0.1560772 0.0138488 0.0597839 0.0151990 0.0721461 0.7067556 0.7088665 0.1851597 0.0329658 0.0647213 0.0361613 0.0461633 0.7179700 0.0312513 
Perityle_cordifolia_27                     0.5926589 0.4332245 0.2660924 0.3643468 0.2075843 0.3264577 0.1634025 0.4978789 0.6367875 0.1959388 0.7678066 0.0417596 0.0537664 0.0542254 0.1293311 0.6886306 0.0832562 0.0000010 0.0801387 0.0336523 0.0426638 0.0422452 0.0000010 0.1754263 0.0496409 0.0849135 0.0000000 0.8249131 0.7405060 0.1145820 0.3351378 0.6052371 0.5985589 0.6673701 0.0507556 0.7271968 0.0453391 0.5498476 0.6979560 0.0494716 0.2459553 0.1657795 0.0390183 0.1341485 0.7977250 0.0476306 0.0559377 0.1295243 0.0995773 0.0492404 0.0486607 0.0417348 0.0031089 0.0392150 0.6645841 0.4590729 0.0290134 0.0456978 0.0535188 0.4169941 0.3928474 0.6543962 0.4030613 0.0566208 0.7508152 0.0053674 0.5550941 0.1433956 0.0613542 0.0463463 0.0978751 0.1435794 0.0463428 0.0648741 0.0477818 0.0359134 0.6855918 0.6867377 0.1538715 0.0396465 0.0496509 0.0642527 0.0268315 0.0000010 0.0292031 
Perityle_cordifolia_68_tecolote            0.7438955 0.2067760 0.7254706 0.6795182 0.7276140 0.1451128 0.6278744 0.2341848 0.4880188 0.6567889 0.2992272 0.7032784 0.7647805 0.6633841 0.6395335 0.1729405 0.7916992 0.7345435 0.6100212 0.6892521 0.6947887 0.7274934 0.6445002 0.8540575 0.5833037 0.7998689 0.8249131 0.0000000 0.3504120 0.4993919 0.3147594 0.3443720 0.2717965 0.7178742 0.7381858 0.3086512 0.7603259 0.1804555 0.2687015 0.6423165 0.7724995 0.7685128 0.6615512 0.7243813 0.3753692 0.7721119 0.7669710 0.7736361 0.6624777 0.7394227 0.7271825 0.6896376 0.5748626 0.6793503 0.1443937 0.0083149 0.4634189 0.7874059 0.8022632 0.1823125 0.1694087 0.2969548 0.1109654 0.8360105 0.3480786 0.7073085 0.2840703 0.7124982 0.4509719 0.6034904 0.7413119 0.6349826 0.6933206 0.8107608 0.6951116 0.3963262 0.2022571 0.3107754 0.7309669 0.6781131 0.3817517 0.7121404 0.7340458 0.5564324 0.4420821 
Perityle_coronopifolia_28_patagonia        0.4146446 0.1470057 0.5188856 0.5252678 0.4802421 0.0805105 0.6207695 0.1554003 0.5332923 0.4917535 0.3309283 0.6956109 0.6806800 0.6552257 0.4841878 0.2671082 0.7564009 0.2999998 0.3784355 0.6573147 0.4633204 0.7029975 0.1286367 0.8419685 0.5304497 0.7757749 0.7405060 0.3504120 0.0000000 0.3288578 0.2193618 0.2963910 0.2612164 0.4665236 0.7195490 0.2336106 0.7192241 0.1918718 0.3215669 0.6216529 0.7744575 0.5514339 0.6450496 0.5066852 0.3465885 0.7192678 0.7342465 0.7685256 0.4865204 0.7098861 0.7209046 0.6934280 0.5424626 0.6493033 0.1508786 0.0674121 0.4339002 0.7267904 0.7232354 0.0869789 0.0974378 0.2106125 0.0678214 0.7356180 0.0299888 0.6725356 0.2543574 0.7509767 0.2592682 0.5867681 0.7365824 0.4171503 0.6835923 0.7171429 0.6929138 0.3174015 0.2858122 0.3407268 0.5564342 0.6806055 0.2041691 0.6915341 0.7151351 0.2325891 0.4077797 
Perityle_crassifolia_70_ventanas           0.2690243 0.2779793 0.1035606 0.2490801 0.1102349 0.2186624 0.2735315 0.2508164 0.3662476 0.1100729 0.3285699 0.1420239 0.1098406 0.1237845 0.1229071 0.4720355 0.1314071 0.1390114 0.1369055 0.1236150 0.1292885 0.1185729 0.1148055 0.1514048 0.1314956 0.1531689 0.1145820 0.4993919 0.3288578 0.0000000 0.1680194 0.3155751 0.3919715 0.3972920 0.1186424 0.3492056 0.1210224 0.3157776 0.3051491 0.1160445 0.1668338 0.1472949 0.1160656 0.1486123 0.3333164 0.1209375 0.1187157 0.1547031 0.1408799 0.1234741 0.1239109 0.1566709 0.1120308 0.1290121 0.3295291 0.4812392 0.0986603 0.1165685 0.1185729 0.2943464 0.2871179 0.3468486 0.4051651 0.1118155 0.3304230 0.1120308 0.2753167 0.1977203 0.1264351 0.1289342 0.1614305 0.0377621 0.1283203 0.1160656 0.1178231 0.1514176 0.3185516 0.3318383 0.1113906 0.1297060 0.1137380 0.1186326 0.1198220 0.1227546 0.0840224 
Perityle_crassifolia_74_playa_balandra     0.2900135 0.2338052 0.2275549 0.3011295 0.2250884 0.0872423 0.4265053 0.1679863 0.3324310 0.2350006 0.2060734 0.3565475 0.3036833 0.3324002 0.2438700 0.2693652 0.3422831 0.1606502 0.2618556 0.3472681 0.2363488 0.3222548 0.0969190 0.3471133 0.3455871 0.3520442 0.3351378 0.3147594 0.2193618 0.1680194 0.0000000 0.3344679 0.4274871 0.3979404 0.3223695 0.3645011 0.3429476 0.3276858 0.1870087 0.3306455 0.3386716 0.2833984 0.3268917 0.2710729 0.3443986 0.3429476 0.3222548 0.3556732 0.2687945 0.3368191 0.3178822 0.3506120 0.3351378 0.3315497 0.2205934 0.2464828 0.3367080 0.3222548 0.3263684 0.2972345 0.1572337 0.2955535 0.2446506 0.3277069 0.2086144 0.3351378 0.3547176 0.4233179 0.2358799 0.3354741 0.3515936 0.2061199 0.3303603 0.3222548 0.3228649 0.2984947 0.2000104 0.3459163 0.2196547 0.3435953 0.2428844 0.3266325 0.3351055 0.1198871 0.3085451 
Perityle_cuneata_34_cuneata_San_antonio    0.3458783 0.1520432 0.2831761 0.4396024 0.3543873 0.0793124 0.6096050 0.1528135 0.4275446 0.3085198 0.1934959 0.6189376 0.5138076 0.6025609 0.3583302 0.2536345 0.6180787 0.1060000 0.3601899 0.6124798 0.3279937 0.6005333 0.1240245 0.6947522 0.5728650 0.6047123 0.6052371 0.3443720 0.2963910 0.3155751 0.3344679 0.0000000 0.1544346 0.3659039 0.5895984 0.2150139 0.6211627 0.2080044 0.1910984 0.6089442 0.6433671 0.3761034 0.5719318 0.3809484 0.2294280 0.6178431 0.6047979 0.6962996 0.3517044 0.6161653 0.5999704 0.6399528 0.5968566 0.6092433 0.2380691 0.2598369 0.5848464 0.5969322 0.6005436 0.2739020 0.1290260 0.2434121 0.2323791 0.6061749 0.2589296 0.6052085 0.1535179 0.6513669 0.3055537 0.5765862 0.6775745 0.3650283 0.5995753 0.5966102 0.5909908 0.3827321 0.2041044 0.2868280 0.3181989 0.5887922 0.2880308 0.6016705 0.6022712 0.1262083 0.5381786 
Perityle_cuneata_4                         0.9888322 0.1642275 0.5720784 0.5813639 0.6127973 0.0736032 0.5047521 0.1303047 0.3436094 0.5438645 0.2506964 0.5621014 0.5270248 0.5392180 0.4621860 0.2469616 0.6171896 0.0000010 0.4626611 0.5047391 0.5806872 0.5814513 0.0000010 0.6527426 0.4381554 0.5980374 0.5985589 0.2717965 0.2612164 0.3919715 0.4274871 0.1544346 0.0000000 0.7097806 0.6007488 0.2635796 0.6159204 0.2263265 0.2349815 0.5637599 0.5534207 0.6947930 0.4713197 0.6632296 0.2637418 0.5998154 0.6057569 0.6405937 0.5308320 0.6046775 0.6019529 0.5512861 0.4742435 0.5014255 0.1970773 0.1630601 0.4497119 0.5844481 0.5904954 0.2383072 0.1620978 0.3238620 0.1618172 0.5985621 0.2673377 0.5768951 0.1506245 0.5787178 0.4328062 0.4585530 0.5641753 0.5184019 0.5494303 0.5939334 0.5399899 0.2993914 0.2339024 0.2727475 0.6128442 0.5461512 0.2962926 0.5753367 0.6124702 1.4967620 0.4291895 
Perityle_discoidea_81                      0.2434685 0.3073350 0.3271306 0.4469052 0.3979986 0.2212947 0.6928752 0.3994391 0.5133121 0.2767574 0.3664798 0.6636577 0.6052677 0.6583254 0.3406311 0.6778325 0.6995723 0.1304127 0.4072271 0.6555475 0.3582470 0.6632706 0.0772094 0.7731779 0.6223964 0.6914976 0.6673701 0.7178742 0.4665236 0.3972920 0.3979404 0.3659039 0.7097806 0.0000000 0.6747148 0.4515304 0.6618651 0.4241790 0.3525553 0.6784747 0.7195102 0.4386560 0.6441617 0.4409195 0.4296104 0.6722330 0.6665130 0.7217578 0.3897798 0.6669346 0.6704002 0.6860222 0.6433298 0.6401935 0.4485161 0.6529555 0.6368591 0.6586427 0.6666881 0.2976884 0.3305055 0.4942539 0.5974024 0.6524531 0.4677206 0.6636496 0.3511733 0.7126369 0.3823298 0.6254162 0.7274291 0.4464507 0.6669780 0.6683707 0.6688306 0.4274931 0.3823152 0.4551242 0.3428961 0.6578243 0.3510399 0.6561953 0.6726005 0.1067950 0.6040673 
Perityle_dissecta_201                      0.6052376 0.4179818 0.2379612 0.3639588 0.2073778 0.3281924 0.1783151 0.4963935 0.6309889 0.1960334 0.7470843 0.0399542 0.0221118 0.0499202 0.1270661 0.6818797 0.0625727 0.0000010 0.0869404 0.0347560 0.0377763 0.0223835 0.0000010 0.1328599 0.0405913 0.0480260 0.0507556 0.7381858 0.7195490 0.1186424 0.3223695 0.5895984 0.6007488 0.6747148 0.0000000 0.6801755 0.0419983 0.5435917 0.6826864 0.0422963 0.2354907 0.1569753 0.0172484 0.1361507 0.7226899 0.0430169 0.0321060 0.1072787 0.1183779 0.0423122 0.0228162 0.0238859 0.0400055 0.0403521 0.6632957 0.4606165 0.0250971 0.0223454 0.0221192 0.4032751 0.3861249 0.6454012 0.4023000 0.0394330 0.7422932 0.0476363 0.5398225 0.1425974 0.0176522 0.0250360 0.0936180 0.1328255 0.0218781 0.0199021 0.0220164 0.0189231 0.6795225 0.6589256 0.1476630 0.0335692 0.0372163 0.0416122 0.0438728 0.0000010 0.0289634 
Perityle_feddemae_99                       0.4261352 0.1373090 0.4056502 0.4653344 0.4588145 0.1005277 0.5942295 0.1485032 0.4221096 0.3900117 0.2545942 0.6531084 0.6503290 0.6436319 0.4108542 0.2240554 0.7267330 0.1819814 0.3793439 0.6132557 0.4218855 0.6609913 0.1431190 0.7702033 0.5361986 0.7273210 0.7271968 0.3086512 0.2336106 0.3492056 0.3645011 0.2150139 0.2635796 0.4515304 0.6801755 0.0000000 0.6927713 0.1289262 0.2303410 0.6227359 0.6916221 0.3492453 0.5722267 0.3371001 0.1899213 0.6897538 0.6838921 0.6837574 0.2759886 0.6876848 0.6786080 0.6399435 0.5518640 0.6100202 0.1748120 0.1286423 0.4520462 0.6853701 0.6807296 0.1835838 0.0801367 0.2041124 0.1442058 0.7089200 0.1998901 0.6479398 0.2272724 0.6841396 0.3060771 0.5666188 0.6721872 0.4114755 0.6274501 0.6880341 0.6243934 0.3117926 0.2092558 0.1990987 0.4472105 0.6127931 0.2330469 0.6374474 0.6804991 0.2074641 0.4202973 
Perityle_fosteri_93                        0.6179766 0.4469903 0.1921768 0.3766242 0.1960250 0.3326275 0.1705063 0.5117949 0.6193370 0.1726996 0.7370996 0.0356853 0.0372421 0.0431311 0.1141592 0.6946631 0.0410463 0.0000010 0.0926258 0.0196939 0.0203648 0.0356999 0.0000010 0.1303200 0.0301693 0.0420194 0.0453391 0.7603259 0.7192241 0.1210224 0.3429476 0.6211627 0.6159204 0.6618651 0.0419983 0.6927713 0.0000000 0.5662354 0.6836495 0.0310663 0.1963898 0.1460396 0.0390996 0.1399383 0.7241649 0.0126559 0.0463629 0.1321718 0.0973953 0.0336805 0.0376805 0.0379690 0.0333363 0.0286810 0.6938694 0.4795875 0.0191517 0.0376114 0.0374750 0.4240203 0.4019138 0.6737110 0.4287269 0.0347471 0.7303095 0.0421634 0.5500512 0.1295615 0.0511200 0.0361983 0.0910427 0.1443455 0.0427427 0.0338132 0.0418938 0.0354227 0.7136077 0.6752469 0.1218445 0.0380654 0.0430506 0.0552269 0.0389618 0.0000010 0.0198633 
Perityle_gamon_221                         0.3436515 0.1170598 0.3209936 0.4462175 0.3653188 0.1074213 0.5713742 0.1607757 0.4080216 0.3362746 0.1753742 0.5774770 0.4498998 0.5395691 0.3297233 0.1314329 0.5725099 0.1960150 0.3059358 0.5058293 0.3555507 0.5218252 0.1512512 0.6651770 0.4585536 0.5558295 0.5498476 0.1804555 0.1918718 0.3157776 0.3276858 0.2080044 0.2263265 0.4241790 0.5435917 0.1289262 0.5662354 0.0000000 0.1682209 0.5479209 0.5768563 0.4063461 0.4690917 0.3701314 0.0320926 0.5665247 0.5433747 0.6116696 0.3280208 0.5536735 0.5468974 0.5635783 0.4790528 0.5025548 0.1382491 0.1117211 0.4405270 0.5310174 0.5279752 0.1533778 0.0886040 0.1898718 0.1554996 0.5547764 0.1701819 0.5533646 0.2147189 0.5972152 0.2848605 0.4649112 0.5946406 0.3458007 0.5331546 0.5241469 0.5326505 0.3050569 0.1871325 0.1447445 0.3827586 0.5390067 0.2317465 0.5277719 0.5563744 0.1742275 0.4113944 
Perityle_gentryi_8_san_francisco           0.3143624 0.1257087 0.3805186 0.4025977 0.3856719 0.0527645 0.5661176 0.1196935 0.4502531 0.3575732 0.1257868 0.6504390 0.6530718 0.5866658 0.3461956 0.0157233 0.7118062 0.1387931 0.3668667 0.6098006 0.3530573 0.6784403 0.0540717 0.7942867 0.5116783 0.7285774 0.6979560 0.2687015 0.3215669 0.3051491 0.1870087 0.1910984 0.2349815 0.3525553 0.6826864 0.2303410 0.6836495 0.1682209 0.0000000 0.5564396 0.7295794 0.4686400 0.6125960 0.4263501 0.3007212 0.6873356 0.7027429 0.7149077 0.3983127 0.6709619 0.6943576 0.6389539 0.5116403 0.6116884 0.1511223 0.1028922 0.4020454 0.6941168 0.7080190 0.1535466 0.1381840 0.2449784 0.0548435 0.7184867 0.2978828 0.6216615 0.1644204 0.6803921 0.2443728 0.5410598 0.7069830 0.3723871 0.6327226 0.6708751 0.6345170 0.3263979 0.1092410 0.2218800 0.3951697 0.6285647 0.2414991 0.6628871 0.6608033 0.1067451 0.3731074 
Perityle_gilensis_22_Superstition          0.6177384 0.4259860 0.1429003 0.3362888 0.1818196 0.3326550 0.1663919 0.4951789 0.5297122 0.1396208 0.6271001 0.0423246 0.0353094 0.0372232 0.0360216 0.5686084 0.0255668 0.0000010 0.0922277 0.0270647 0.0283573 0.0320678 0.0000010 0.1054045 0.0370436 0.0381189 0.0494716 0.6423165 0.6216529 0.1160445 0.3306455 0.6089442 0.5637599 0.6784747 0.0422963 0.6227359 0.0310663 0.5479209 0.5564396 0.0000000 0.0932213 0.1220408 0.0356770 0.1234559 0.6101119 0.0268930 0.0409221 0.1428567 0.0958531 0.0325497 0.0409118 0.0396528 0.0416066 0.0235950 0.6033025 0.4672985 0.0231218 0.0335974 0.0320678 0.4195611 0.3897663 0.6749991 0.4125805 0.0412855 0.6187072 0.0452523 0.5279581 0.1325355 0.0450429 0.0407287 0.0964379 0.1373541 0.0398053 0.0320678 0.0387059 0.0299522 0.6137414 0.6252986 0.0339378 0.0383576 0.0372834 0.0335090 0.0453860 0.0000010 0.0221726 
Perityle_gilensis_salensis_225             0.6021173 0.4331996 0.3307607 0.4484868 0.3784327 0.3475575 0.2057764 0.5031777 0.7884459 0.3384121 0.8487905 0.2439731 0.2019672 0.1147701 0.2301860 0.7186035 0.2369767 0.0000010 0.2366467 0.2021096 0.2415162 0.1795307 0.0000010 0.3082491 0.1127095 0.2424611 0.2459553 0.7724995 0.7744575 0.1668338 0.3386716 0.6433671 0.5534207 0.7195102 0.2354907 0.6916221 0.1963898 0.5768563 0.7295794 0.0932213 0.0000000 0.3222183 0.2120067 0.2556867 0.7641014 0.2182407 0.2256395 0.3612001 0.3257540 0.1657539 0.2141250 0.2449024 0.1179646 0.1891437 0.7401177 0.5215990 0.0530615 0.1988047 0.2413520 0.5874798 0.4040633 0.6945831 0.4264041 0.2004031 0.8197880 0.1965440 0.5446291 0.3496510 0.0357866 0.1304663 0.3057020 0.2066237 0.2490194 0.1555001 0.2466040 0.0639510 0.7676427 0.6957704 0.2572231 0.2384807 0.0430227 0.2059056 0.2522745 0.0000010 0.0221844 
Perityle_glaucescens_94                    0.3840949 0.3038139 0.2598722 0.3520842 0.2592638 0.2350322 0.3225517 0.3474712 0.5397566 0.2389468 0.5148235 0.1571716 0.1790873 0.1272196 0.1777283 0.7353125 0.1697201 0.1671027 0.0933835 0.0982734 0.1456294 0.1615966 0.1449366 0.2780252 0.1036690 0.1877156 0.1657795 0.7685128 0.5514339 0.1472949 0.2833984 0.3761034 0.6947930 0.4386560 0.1569753 0.3492453 0.1460396 0.4063461 0.4686400 0.1220408 0.3222183 0.0000000 0.0969163 0.0241104 0.5278271 0.1509625 0.1680848 0.1946353 0.0597191 0.1546852 0.1500812 0.1575200 0.0941997 0.1105535 0.4878426 0.4980459 0.0869330 0.1648629 0.1632295 0.2429520 0.2464890 0.4577510 0.4530890 0.1665255 0.5768053 0.1241241 0.3870378 0.2414840 0.1113886 0.0965204 0.2231010 0.1498085 0.1249826 0.1682881 0.1171199 0.1695930 0.4633149 0.4858912 0.2488145 0.1253156 0.1069862 0.1387223 0.1397827 0.2073624 0.0836550 
Perityle_gracilis_11                       0.6223680 0.4224984 0.1365482 0.3306116 0.1222986 0.3344569 0.1572811 0.5031117 0.6088161 0.1389596 0.6414386 0.0363458 0.0102209 0.0455262 0.1212228 0.6220927 0.0413424 0.0000010 0.0793739 0.0304714 0.0311024 0.0050971 0.0000010 0.0595923 0.0388304 0.0122662 0.0390183 0.6615512 0.6450496 0.1160656 0.3268917 0.5719318 0.4713197 0.6441617 0.0172484 0.5722267 0.0390996 0.4690917 0.6125960 0.0356770 0.2120067 0.0969163 0.0000000 0.0962409 0.6217093 0.0352140 0.0098023 0.0531919 0.0926212 0.0363589 0.0159774 0.0110266 0.0367144 0.0364379 0.6242839 0.4601709 0.0211750 0.0024410 0.0036559 0.4129475 0.3916129 0.5894168 0.4057830 0.0301942 0.6402148 0.0355175 0.4554603 0.1102913 0.0146810 0.0218538 0.0609392 0.1098577 0.0147286 0.0026839 0.0110344 0.0161904 0.6339329 0.5718086 0.1259680 0.0311361 0.0342873 0.0036590 0.0403516 0.0000010 0.0244263 
Perityle_harkerae_31                       0.3500722 0.2928263 0.1889194 0.3500166 0.2194039 0.2282439 0.3162125 0.3451672 0.4831563 0.1851232 0.4534618 0.1659833 0.1286919 0.1285778 0.1773863 0.6866556 0.1453473 0.1716588 0.0902617 0.0990684 0.1451268 0.1257377 0.1444478 0.2716423 0.1034624 0.1495406 0.1341485 0.7243813 0.5066852 0.1486123 0.2710729 0.3809484 0.6632296 0.4409195 0.1361507 0.3371001 0.1399383 0.3701314 0.4263501 0.1234559 0.2556867 0.0241104 0.0962409 0.0000000 0.4521430 0.1272360 0.1323304 0.1994417 0.0303887 0.1381208 0.1307403 0.1673279 0.0940235 0.1089061 0.4654635 0.4803499 0.0824727 0.1252528 0.1262023 0.2403127 0.2309082 0.4566317 0.4394127 0.1335860 0.5055093 0.1266099 0.3729033 0.2199434 0.1089147 0.0998470 0.2364052 0.1482554 0.1203730 0.1238522 0.1128986 0.1768711 0.4449978 0.4328204 0.1920969 0.1249241 0.1110109 0.1190492 0.1345442 0.1905775 0.0761794 
