85
Amauria_brandeegeana_62                    0.0000000 0.0602526 0.0689788 0.2552866 0.2649528 0.2558248 0.2143323 0.2782607 0.0109032 0.2288441 0.1111404 0.1073291 0.2159618 0.0830567 0.1259304 0.1190870 0.1939840 0.1154524 0.1255049 0.1448966 0.1664900 0.1236838 0.2321061 0.1072131 0.1198959 0.1716013 0.1921785 0.1051987 0.0842552 0.0853090 0.0941945 0.0861671 0.1332019 0.2184935 0.0901689 0.1008205 0.1592906 0.1167276 0.1133074 0.2322703 0.2139095 0.0959895 0.1088739 0.0973864 0.1209802 0.1055853 0.1160787 0.1219059 0.0939118 0.2080789 0.2446582 0.1217252 0.0992907 0.0902882 0.1401891 0.0848359 0.0866107 0.1315638 0.1303824 0.1057249 0.0583718 0.1703125 0.0823333 0.1189602 0.0938262 0.1433119 0.1447119 0.2296986 0.0860669 0.1233240 0.2307988 0.0764489 0.1259428 0.1296346 0.1061753 0.1182556 0.1354862 0.0993048 0.1230211 0.1112325 0.1467007 0.1255607 0.0911719 0.1011783 0.0862594 
Amauria_carterae_99_mesa                   0.0602526 0.0000000 0.0661362 0.1946475 0.1388132 0.1879338 0.1788282 0.2326878 0.0583321 0.1543185 0.0982775 0.0857544 0.1686131 0.0734538 0.1088374 0.0879313 0.1078045 0.0976017 0.0933696 0.1095401 0.0996854 0.1227236 0.1369217 0.0956443 0.0910559 0.0933934 0.0945377 0.1031372 0.0864990 0.0967447 0.0792608 0.0709684 0.1427250 0.1290340 0.0738432 0.1023024 0.1058522 0.1000638 0.1073403 0.1340892 0.1354735 0.0931260 0.1018164 0.0934108 0.1083141 0.0912066 0.0939140 0.0965669 0.0921694 0.1325768 0.1431841 0.0922577 0.0900444 0.0932410 0.1053415 0.0779835 0.0803701 0.0934282 0.0932860 0.1001717 0.0723507 0.0985695 0.1021957 0.0993496 0.0975596 0.0963072 0.1070400 0.2331548 0.0814364 0.0921955 0.1343475 0.0894495 0.0932670 0.0978215 0.0911983 0.0988959 0.1063085 0.1056178 0.0963592 0.0963921 0.1020215 0.0965401 0.0853963 0.1048491 0.1015110 
Amauria_rotundifolia_SRR9119150            0.0689788 0.0661362 0.0000000 0.2551639 0.2578543 0.2564298 0.1897218 0.2807392 0.0764219 0.2086951 0.1069743 0.1027615 0.1628194 0.0768145 0.1349351 0.1125178 0.2278591 0.1233135 0.1162876 0.1339467 0.1807238 0.1153988 0.1959401 0.0979361 0.1164610 0.1721223 0.1989494 0.1178727 0.0890570 0.0928182 0.1117312 0.0979417 0.2074588 0.1873443 0.0272337 0.1059909 0.1527097 0.1096932 0.1207516 0.1916083 0.1812970 0.1023033 0.1139342 0.1069494 0.1109095 0.1119595 0.1205409 0.1188865 0.1015013 0.1801342 0.2070044 0.1111934 0.0871434 0.0997315 0.1483647 0.0825580 0.0855725 0.1251701 0.1268045 0.1201891 0.0759803 0.1816274 0.0790473 0.1104653 0.1147126 0.1368353 0.1548219 0.2606002 0.1057696 0.1227472 0.1944640 0.0983286 0.1179573 0.1235849 0.0996926 0.1216095 0.1428080 0.1147669 0.1193841 0.1096440 0.1540012 0.1216768 0.1069871 0.1128528 0.1091953 
Conoclinium_coelestinum_SRR9119114         0.2552866 0.1946475 0.2551639 0.0000000 0.2554333 0.1584389 0.2820526 0.3253101 0.2575676 0.2771945 0.2598842 0.2636563 0.3474949 0.3132585 0.2789576 0.2566876 0.3026639 0.2472093 0.2787453 0.2578424 0.2581742 0.1965951 0.3545219 0.2682968 0.2581555 0.2753692 0.2731638 0.2802115 0.2658767 0.2087115 0.2577348 0.2619932 0.4627003 0.3443552 0.2598480 0.2673065 0.2859576 0.2837238 0.2695459 0.3477539 0.3563656 0.2673624 0.3733633 0.2605101 0.2840338 0.2604405 0.4030317 0.2737725 0.2681077 0.3413817 0.3544274 0.2866800 0.2421880 0.2548489 0.3321963 0.2029427 0.2169482 0.2728848 0.2660416 0.2567038 0.2224380 0.2957698 0.0000010 0.2667629 0.2622178 0.2598545 0.2919400 0.4998685 0.2342376 0.2622224 0.3530348 0.2688000 0.2626536 0.2644660 0.2634349 0.1889822 0.3116638 0.2762628 0.2756112 0.2595023 0.2416447 0.2755349 0.2704579 0.2017981 0.1628629 
Eutetras_palmeri_63                        0.2649528 0.1388132 0.2578543 0.2554333 0.0000000 0.2970667 0.1255987 0.2908149 0.2890423 0.1711072 0.2728395 0.2801919 0.2772005 0.1598478 0.3024108 0.2761434 0.3178305 0.2071712 0.2603384 0.1948480 0.2950771 0.1146852 0.2847509 0.2627897 0.2765921 0.2801566 0.3081854 0.2946754 0.2103913 0.1566403 0.2739126 0.2763101 0.4722595 0.2757014 0.2403001 0.2936052 0.2748763 0.2746431 0.2954081 0.2858408 0.2678827 0.2935674 0.3820032 0.2990079 0.2788585 0.2848244 0.4206090 0.2684039 0.2685774 0.2550045 0.2860828 0.2577676 0.2140963 0.2570447 0.2966822 0.1934734 0.1880283 0.2889283 0.2875875 0.2847865 0.1747136 0.3353887 0.1875901 0.2790691 0.2772003 0.2556701 0.3243444 0.4739196 0.2345014 0.2950228 0.2869267 0.2682044 0.2807403 0.2715483 0.2566991 0.1466529 0.2886050 0.2966471 0.2882011 0.2778468 0.1978792 0.2868838 0.2713767 0.2150762 0.1881523 
Eutrochium_fistulosum_SRR9119106           0.2558248 0.1879338 0.2564298 0.1584389 0.2970667 0.0000000 0.2485258 0.3724665 0.2572685 0.2834084 0.2570209 0.2516152 0.2970070 0.2296128 0.2700418 0.2510517 0.2664591 0.2386473 0.2660126 0.2382501 0.3011558 0.1488736 0.3256459 0.2534049 0.2534163 0.3104217 0.3022769 0.2751204 0.2531358 0.1881849 0.2528989 0.2620453 0.4114437 0.3153885 0.2447441 0.2507649 0.2758708 0.2785078 0.2775912 0.3179667 0.3180391 0.2605985 0.2936605 0.2503393 0.2688611 0.2480609 0.3305150 0.2587921 0.2551562 0.3103635 0.3269742 0.2751100 0.2441839 0.2451937 0.2977014 0.1867775 0.1950164 0.2626524 0.2592653 0.2643741 0.1644041 0.2925831 0.1193638 0.2614028 0.2536406 0.2911812 0.2765805 0.3656005 0.2542269 0.2592772 0.3235460 0.2544134 0.2535282 0.2569392 0.2603550 0.1758046 0.2787440 0.2733450 0.2646075 0.2566503 0.1842976 0.2618545 0.2522656 0.2078802 0.1453614 
Galeana_pratensis_104_mex                  0.2143323 0.1788282 0.1897218 0.2820526 0.1255987 0.2485258 0.0000000 0.2744497 0.2120708 0.1591681 0.2356707 0.2243336 0.1625139 0.1958213 0.2179172 0.2268048 0.2065091 0.2373960 0.2363736 0.2274464 0.2327298 0.1753866 0.1893964 0.2317616 0.2222650 0.2093091 0.2427635 0.2382605 0.2338085 0.2187272 0.2158659 0.2219198 0.2100124 0.1832343 0.1951304 0.2147008 0.2182368 0.2320903 0.2141033 0.1908831 0.1890599 0.2209594 0.2317446 0.2234088 0.2096346 0.2102697 0.2564677 0.2354799 0.2210838 0.1885981 0.1852686 0.2338372 0.2099309 0.2098528 0.2469504 0.2136379 0.1871381 0.2337780 0.2290244 0.2330355 0.1571973 0.2172931 0.1610360 0.2359007 0.2281106 0.2116702 0.2448640 0.2834680 0.1881006 0.2309024 0.1892457 0.2314244 0.2265945 0.2277479 0.2343767 0.1884224 0.2212980 0.2324902 0.2266264 0.2333761 0.1909224 0.2354799 0.2130164 0.1845913 0.1470668 
Helianthus_annuus_SRR9119062               0.2782607 0.2326878 0.2807392 0.3253101 0.2908149 0.3724665 0.2744497 0.0000000 0.2753807 0.3109099 0.2943153 0.2929381 0.3265926 0.2171575 0.3008705 0.2941496 0.2638675 0.2880012 0.2930705 0.2997046 0.3538502 0.2287902 0.3515836 0.2920463 0.2996463 0.3692974 0.3321502 0.3135405 0.3002893 0.2671508 0.2746313 0.2801467 0.4135903 0.3423189 0.2734493 0.3059058 0.2981653 0.3214062 0.2982346 0.3449307 0.3343820 0.3033870 0.3107310 0.2839420 0.3235115 0.2785938 0.3502027 0.3103628 0.2856963 0.3319063 0.3747054 0.3433846 0.2912337 0.2758020 0.3096992 0.2589394 0.2632547 0.3100887 0.3085856 0.3057816 0.2076512 0.3111890 0.3237333 0.2962098 0.2829437 0.3563851 0.3140166 0.4020859 0.2418351 0.3016519 0.3527654 0.2748839 0.3049043 0.3109251 0.2892880 0.2629027 0.3011435 0.2987742 0.3031668 0.2967094 0.2638778 0.3167273 0.2807014 0.2781891 0.2499173 
Lycapsus_tenuifolius_17                    0.0109032 0.0583321 0.0764219 0.2575676 0.2890423 0.2572685 0.2120708 0.2753807 0.0000000 0.2550517 0.1176417 0.1103000 0.2382287 0.0813714 0.1313077 0.1149645 0.2054528 0.1105580 0.1219754 0.1426615 0.1947224 0.1239621 0.2615963 0.1066461 0.1466244 0.1646717 0.2131663 0.1368759 0.0811595 0.0854318 0.1148489 0.0902034 0.1336001 0.2212393 0.0903252 0.1067578 0.1587961 0.1174724 0.1146496 0.2491963 0.2154914 0.1080741 0.1120458 0.1117486 0.1481832 0.1362431 0.1227381 0.1181064 0.0945679 0.2101004 0.2525598 0.1161267 0.0960351 0.0909751 0.1545405 0.0826351 0.0850793 0.1472264 0.1345713 0.1076667 0.0635710 0.1997459 0.0824362 0.1397853 0.0926641 0.1410973 0.1408853 0.2567841 0.0945583 0.1224153 0.2605870 0.0739563 0.1398028 0.1258681 0.1044088 0.1213395 0.1371150 0.1267299 0.1284037 0.1270122 0.1482113 0.1331468 0.0980171 0.0979091 0.0865013 
Pericome_caudata_50_silver                 0.2288441 0.1543185 0.2086951 0.2771945 0.1711072 0.2834084 0.1591681 0.3109099 0.2550517 0.0000000 0.2316651 0.2009027 0.1188809 0.2741985 0.2471257 0.2284942 0.2733033 0.2090133 0.2221464 0.1429117 0.3178283 0.1434924 0.1963795 0.2052421 0.2440920 0.3141509 0.3482694 0.2539982 0.2271509 0.1506904 0.2235757 0.2394989 0.4161579 0.1944051 0.1797077 0.2542181 0.2358662 0.2440248 0.2299209 0.2025368 0.1791519 0.2538295 0.2735841 0.2264567 0.2494272 0.2697306 0.2795036 0.2374879 0.2228264 0.1713123 0.2183896 0.2259615 0.2338114 0.2191700 0.2430906 0.1837960 0.1711072 0.2466943 0.2453633 0.2306822 0.1897531 0.3213484 0.1770826 0.2443113 0.2307867 0.2954176 0.2702566 0.3428910 0.2555907 0.2302848 0.1978714 0.2004320 0.2406782 0.2378112 0.2331408 0.1622172 0.2517659 0.2418941 0.2368826 0.2328322 0.2081256 0.2377858 0.2487556 0.1536471 0.1583965 
Perityle_aglossa_84_dead_horse             0.1111404 0.0982775 0.1069743 0.2598842 0.2728395 0.2570209 0.2356707 0.2943153 0.1176417 0.2316651 0.0000000 0.0238618 0.2183168 0.0816442 0.1301636 0.0497470 0.2425982 0.1195243 0.0515578 0.1253360 0.1155459 0.1323437 0.2361445 0.0344130 0.0361663 0.1660266 0.1973206 0.1140017 0.1114188 0.1135959 0.1287699 0.1256207 0.2331016 0.2145912 0.1043831 0.1086349 0.1048359 0.0987836 0.1128791 0.2293808 0.2052189 0.1057251 0.0188310 0.1020175 0.1117264 0.1247860 0.0279908 0.0579717 0.0968353 0.1999562 0.2429335 0.0447357 0.0999910 0.0949031 0.1490591 0.0904754 0.0838701 0.0585313 0.0674086 0.1181768 0.0744884 0.1735329 0.1181644 0.0225660 0.1089149 0.1476132 0.1537624 0.2595005 0.0297362 0.0539007 0.2257073 0.1125174 0.0544956 0.0475101 0.0252818 0.0359211 0.1385661 0.1214985 0.0412026 0.0138032 0.1531482 0.0613300 0.1223227 0.1045978 0.0993983 
Perityle_ajoensis_204                      0.1073291 0.0857544 0.1027615 0.2636563 0.2801919 0.2516152 0.2243336 0.2929381 0.1103000 0.2009027 0.0238618 0.0000000 0.2155255 0.0711774 0.0978986 0.0104216 0.2379302 0.1115322 0.0287492 0.1287307 0.0869324 0.1305856 0.1874091 0.0225509 0.0093437 0.1415300 0.1531198 0.1011127 0.0969751 0.1104294 0.1212906 0.1040463 0.2017872 0.1816042 0.0983658 0.0961244 0.0882152 0.0913171 0.0955659 0.1816018 0.1860006 0.0937779 0.0136148 0.0938042 0.0927061 0.0923996 0.0200843 0.0138054 0.0913642 0.1807620 0.1954821 0.0140851 0.0854981 0.0870272 0.1420162 0.0798740 0.0770528 0.0263261 0.0172432 0.1029923 0.0645334 0.1577517 0.1023519 0.0259851 0.1061082 0.1361174 0.1286376 0.2444021 0.0259403 0.0177768 0.1884781 0.1034481 0.0114709 0.0175418 0.0277578 0.0115186 0.1218884 0.1022151 0.0161624 0.0226569 0.1423157 0.0177781 0.1140822 0.1026099 0.0945431 
Perityle_ambrosiifolia_67_green            0.2159618 0.1686131 0.1628194 0.3474949 0.2772005 0.2970070 0.1625139 0.3265926 0.2382287 0.1188809 0.2183168 0.2155255 0.0000000 0.2782184 0.2343851 0.2195907 0.3178369 0.2586261 0.2195733 0.1138900 0.4284445 0.1930904 0.0071368 0.2192217 0.2183218 0.3564582 0.3833628 0.2287400 0.2351138 0.1811209 0.2003770 0.2215113 0.2808809 0.0083988 0.1731590 0.2063777 0.2318058 0.2309265 0.2324216 0.0055195 0.0050531 0.2108556 0.2202677 0.2076101 0.2104426 0.2538647 0.2275147 0.2211121 0.2133623 0.0109358 0.0126910 0.2163966 0.2154189 0.2508584 0.2490103 0.1681803 0.1855281 0.2304067 0.2505599 0.2345268 0.1591245 0.3382891 0.1584971 0.2235202 0.2458489 0.3515692 0.2574646 0.2413255 0.2012542 0.2215881 0.0063236 0.2296372 0.2183982 0.2246640 0.2225290 0.1619228 0.2433953 0.2359437 0.2179168 0.2168580 0.2097037 0.2229071 0.2431101 0.1754072 0.1626409 
Perityle_angustifolia_13_Eagle_creek       0.0830567 0.0734538 0.0768145 0.3132585 0.1598478 0.2296128 0.1958213 0.2171575 0.0813714 0.2741985 0.0816442 0.0711774 0.2782184 0.0000000 0.0661957 0.0728702 0.1406462 0.0907448 0.0846626 0.1818929 0.0783201 0.1023489 0.2829908 0.0830899 0.0782097 0.0369673 0.0772134 0.0798588 0.0784367 0.0814906 0.0707071 0.0790927 0.0773113 0.2785236 0.0785760 0.0724350 0.1174223 0.0901461 0.0643778 0.2805073 0.2784679 0.0671626 0.0836941 0.0657701 0.0950940 0.0161482 0.0922859 0.0855759 0.0671105 0.2802300 0.2937348 0.0818263 0.0671444 0.0121190 0.1088395 0.0512926 0.0517063 0.0943301 0.0943102 0.0764864 0.0424955 0.0796036 0.0720658 0.0851336 0.0835147 0.0385835 0.0745156 0.1178608 0.0769471 0.0780297 0.2811285 0.0867109 0.0782249 0.0967452 0.0831745 0.0802623 0.0709617 0.0860081 0.0798098 0.0799280 0.0914057 0.0890145 0.1020826 0.0675941 0.0577093 
Perityle_batopilensis_97                   0.1259304 0.1088374 0.1349351 0.2789576 0.3024108 0.2700418 0.2179172 0.3008705 0.1313077 0.2471257 0.1301636 0.0978986 0.2343851 0.0661957 0.0000000 0.1199145 0.2319836 0.1310746 0.1264365 0.1573920 0.1845346 0.1009994 0.2280767 0.0887833 0.1238623 0.1725936 0.2079356 0.1131602 0.1320524 0.1049852 0.1349286 0.1278971 0.2292906 0.2226659 0.1122791 0.1242001 0.1569191 0.1356285 0.0229614 0.2221065 0.2095608 0.1206762 0.0998297 0.0948927 0.1458176 0.1001413 0.1225848 0.1219729 0.0966182 0.2083274 0.2488277 0.1223044 0.1227284 0.0794007 0.1425450 0.0824758 0.0820951 0.1429440 0.1348897 0.1175123 0.0651959 0.1599900 0.1144322 0.1336911 0.1128463 0.1551288 0.1567855 0.2322109 0.0856668 0.1134989 0.2275340 0.1048543 0.1278267 0.1278031 0.1190205 0.1036380 0.1357471 0.1034801 0.1424567 0.1331163 0.1437725 0.1310575 0.1401555 0.0915912 0.0907277 
Perityle_bisetosa_9                        0.1190870 0.0879313 0.1125178 0.2566876 0.2761434 0.2510517 0.2268048 0.2941496 0.1149645 0.2284942 0.0497470 0.0104216 0.2195907 0.0728702 0.1199145 0.0000000 0.2334465 0.1108764 0.0260486 0.1273561 0.0897968 0.1241011 0.2385593 0.0208952 0.0104189 0.1576718 0.1834161 0.1020955 0.1091306 0.1039821 0.1268273 0.1543302 0.2232229 0.2086701 0.0987435 0.1074813 0.0899737 0.0990091 0.1034731 0.2483232 0.1969331 0.1113685 0.0127946 0.0925435 0.1400042 0.1004730 0.0213407 0.0159392 0.0895091 0.1920469 0.2584113 0.0184487 0.1089813 0.0843119 0.1404337 0.0800102 0.0773042 0.0255045 0.0229987 0.1188139 0.0669876 0.1572109 0.1069731 0.0716272 0.1025312 0.1627098 0.1337394 0.2519199 0.0221816 0.0342223 0.2209099 0.1030631 0.0150704 0.0195315 0.0428096 0.0206192 0.1335991 0.1062854 0.0167501 0.0317346 0.1473417 0.0205142 0.1282296 0.0958180 0.0910439 
Perityle_californica_76_positas            0.1939840 0.1078045 0.2278591 0.3026639 0.3178305 0.2664591 0.2065091 0.2638675 0.2054528 0.2733033 0.2425982 0.2379302 0.3178369 0.1406462 0.2319836 0.2334465 0.0000000 0.1642359 0.2371368 0.1992351 0.2907206 0.1065991 0.3144241 0.2339176 0.2377467 0.2710376 0.2865539 0.2246980 0.1764449 0.0996625 0.1803559 0.2048617 0.2990349 0.3090144 0.2142555 0.1988486 0.2336585 0.2327646 0.2313036 0.3131655 0.3141696 0.2175129 0.2817838 0.2104372 0.2403441 0.2079093 0.3112585 0.2344069 0.2067701 0.2958673 0.3181742 0.2289494 0.1951942 0.1999717 0.2477013 0.1260927 0.1286245 0.2453656 0.2422925 0.2224701 0.0705510 0.2722316 0.0944122 0.2496603 0.2297504 0.2423991 0.2466420 0.3344557 0.0856270 0.2418280 0.3155828 0.1917141 0.2397082 0.2410991 0.2351069 0.1069559 0.2092214 0.2207639 0.2598787 0.2448737 0.1398579 0.2423912 0.1890248 0.1045540 0.0653239 
Perityle_canescens_77                      0.1154524 0.0976017 0.1233135 0.2472093 0.2071712 0.2386473 0.2373960 0.2880012 0.1105580 0.2090133 0.1195243 0.1115322 0.2586261 0.0907448 0.1310746 0.1108764 0.1642359 0.0000000 0.1127770 0.1601292 0.1583770 0.1015224 0.2049603 0.1238687 0.1115376 0.1342368 0.1379628 0.0965458 0.1303464 0.0977033 0.1238134 0.1222381 0.1787193 0.2016727 0.1243628 0.1193696 0.1234226 0.1199930 0.1265342 0.2031280 0.2062548 0.1173249 0.1385938 0.1068528 0.1248409 0.1039563 0.1557963 0.1232691 0.1149123 0.1984617 0.2198727 0.1139907 0.1043977 0.1047728 0.1263841 0.0789816 0.0897270 0.1309086 0.1198447 0.0768231 0.0642603 0.1185060 0.0946542 0.1211308 0.1177991 0.1277822 0.1214839 0.2216811 0.0806646 0.1149229 0.2053303 0.1219379 0.1181741 0.1234497 0.1154607 0.0838832 0.1110190 0.0966018 0.1263692 0.1220504 0.0759909 0.1257089 0.1254848 0.0603762 0.0648286 
Perityle_castillonii_96                    0.1255049 0.0933696 0.1162876 0.2787453 0.2603384 0.2660126 0.2363736 0.2930705 0.1219754 0.2221464 0.0515578 0.0287492 0.2195733 0.0846626 0.1264365 0.0260486 0.2371368 0.1127770 0.0000000 0.1276588 0.0893419 0.1347280 0.2299831 0.0257937 0.0295902 0.1564909 0.1755962 0.1087312 0.1160135 0.1093318 0.1365324 0.1197920 0.2210609 0.2194353 0.1076345 0.1178340 0.0917393 0.1063462 0.1138309 0.2216601 0.2077635 0.1125388 0.0391615 0.0950680 0.1161575 0.1024534 0.0424631 0.0342326 0.1024967 0.2022545 0.2390079 0.0320448 0.1021375 0.0977503 0.1490768 0.0821417 0.0910287 0.0414511 0.0347378 0.1067195 0.0694478 0.1574384 0.1102899 0.0541893 0.1111829 0.1513290 0.1412242 0.2557039 0.0334505 0.0442078 0.2304061 0.1061611 0.0332998 0.0384968 0.0477005 0.0287823 0.1426918 0.1080518 0.0357001 0.0497342 0.1527114 0.0383874 0.1320840 0.1000652 0.0983168 
Perityle_cernua_84                         0.1448966 0.1095401 0.1339467 0.2578424 0.1948480 0.2382501 0.2274464 0.2997046 0.1426615 0.1429117 0.1253360 0.1287307 0.1138900 0.1818929 0.1573920 0.1273561 0.1992351 0.1601292 0.1276588 0.0000000 0.1726359 0.1415064 0.1329741 0.1326576 0.1302220 0.1487343 0.1927711 0.1356948 0.1539671 0.1284729 0.1503004 0.1510646 0.2647569 0.1265564 0.1408188 0.1449728 0.1374262 0.1495712 0.1566617 0.1271690 0.1298025 0.1366183 0.1803901 0.1391629 0.1314129 0.1353527 0.1844917 0.1344165 0.1339337 0.1283673 0.1379638 0.1303495 0.1151145 0.1327007 0.1494529 0.1163863 0.1094775 0.1401937 0.1367586 0.1342383 0.1214886 0.1837650 0.1058265 0.1285034 0.1509208 0.1561218 0.1566239 0.3017247 0.1452613 0.1356865 0.1322483 0.1633665 0.1342324 0.1369480 0.1235484 0.1078818 0.1693772 0.1348313 0.1333660 0.1292674 0.1381938 0.1391735 0.1563846 0.1218172 0.1179420 
Perityle_cfvillosa_25_tin                  0.1664900 0.0996854 0.1807238 0.2581742 0.2950771 0.3011558 0.2327298 0.3538502 0.1947224 0.3178283 0.1155459 0.0869324 0.4284445 0.0783201 0.1845346 0.0897968 0.2907206 0.1583770 0.0893419 0.1726359 0.0000000 0.1321963 0.3079828 0.0836106 0.0905394 0.1530571 0.2165071 0.1748824 0.1464026 0.1271792 0.1971288 0.1816351 0.3067200 0.2839912 0.1568709 0.1731903 0.1633598 0.1550003 0.1687248 0.3007561 0.2786995 0.1677560 0.1181791 0.1862994 0.1950885 0.1678444 0.1425224 0.0742332 0.1388047 0.2636334 0.3162071 0.0731829 0.1354410 0.1397509 0.2162768 0.0972078 0.1197240 0.1119108 0.0995703 0.1693598 0.0669876 0.2183103 0.1412841 0.1193696 0.1532644 0.1315252 0.1971769 0.3998455 0.0221816 0.1052159 0.3093136 0.1791267 0.0942950 0.0811651 0.0882931 0.0462893 0.1810071 0.1799140 0.1024841 0.1142914 0.1770309 0.1018784 0.1940266 0.1534259 0.1632223 
Perityle_cinerea_113_Powell1310            0.1236838 0.1227236 0.1153988 0.1965951 0.1146852 0.1488736 0.1753866 0.2287902 0.1239621 0.1434924 0.1323437 0.1305856 0.1930904 0.1023489 0.1009994 0.1241011 0.1065991 0.1015224 0.1347280 0.1415064 0.1321963 0.0000000 0.1485599 0.1289651 0.1261645 0.0927322 0.0980512 0.1045746 0.1219907 0.1154171 0.1058703 0.1170284 0.2224775 0.1388559 0.1163825 0.1027880 0.1223671 0.1101989 0.0943924 0.1415451 0.1437868 0.1063801 0.1666389 0.0856845 0.1298450 0.0664806 0.1845906 0.1322724 0.1004047 0.1388886 0.1390877 0.1285649 0.1081831 0.0644270 0.1274311 0.0832053 0.0966589 0.1323847 0.1280983 0.1016580 0.1166157 0.0916419 0.0671747 0.1300820 0.1019077 0.0867721 0.1227504 0.2959527 0.6531015 0.1260304 0.1461598 0.1302386 0.1324691 0.1364606 0.1243025 0.1111236 0.1133005 0.1118459 0.1340942 0.1300637 0.0830003 0.1300622 0.1094590 0.0991007 0.0793883 
Perityle_coahuilensis_24                   0.2321061 0.1369217 0.1959401 0.3545219 0.2847509 0.3256459 0.1893964 0.3515836 0.2615963 0.1963795 0.2361445 0.1874091 0.0071368 0.2829908 0.2280767 0.2385593 0.3144241 0.2049603 0.2299831 0.1329741 0.3079828 0.1485599 0.0000000 0.1914857 0.2318229 0.2975592 0.3142034 0.2336122 0.2284490 0.1862601 0.2215194 0.2474617 0.3641316 0.0151503 0.1672537 0.2287692 0.2606950 0.2227618 0.2146724 0.0141112 0.0085399 0.2347421 0.1995444 0.1687176 0.2267430 0.2633891 0.2037548 0.2419287 0.1971276 0.0156832 0.0392511 0.2301166 0.2326493 0.2178349 0.2499269 0.1416781 0.1595123 0.2502940 0.2554064 0.2272001 0.1595775 0.2818339 0.1672970 0.2348787 0.2247740 0.2973705 0.2640218 0.3233116 0.2068021 0.2280729 0.0075820 0.2147701 0.2395825 0.2346754 0.2237919 0.1590511 0.2312242 0.2225892 0.2411634 0.2256524 0.2187157 0.2423702 0.2459088 0.1965166 0.1476977 
Perityle_cochisensis_44_cave_creek         0.1072131 0.0956443 0.0979361 0.2682968 0.2627897 0.2534049 0.2317616 0.2920463 0.1066461 0.2052421 0.0344130 0.0225509 0.2192217 0.0830899 0.0887833 0.0208952 0.2339176 0.1238687 0.0257937 0.1326576 0.0836106 0.1289651 0.1914857 0.0000000 0.0230516 0.1380792 0.1303633 0.1054753 0.1032025 0.1109294 0.1179248 0.1028825 0.1996566 0.1863652 0.0995789 0.0999043 0.0803016 0.0936997 0.0852837 0.1865115 0.1921986 0.0962949 0.0253927 0.0993606 0.1005467 0.0941563 0.0336108 0.0285351 0.0957552 0.1921226 0.2110384 0.0252486 0.0871126 0.0912236 0.1491874 0.0826977 0.0819688 0.0379832 0.0279781 0.1104651 0.0695261 0.1404238 0.1224068 0.0343763 0.1063460 0.1346437 0.1402940 0.2532518 0.0335089 0.0241388 0.1925475 0.1047587 0.0264321 0.0319600 0.0226029 0.0268822 0.1273662 0.1020492 0.0459728 0.0325714 0.1540543 0.0318553 0.1097245 0.1011339 0.0971936 
Perityle_congesta_202                      0.1198959 0.0910559 0.1164610 0.2581555 0.2765921 0.2534163 0.2222650 0.2996463 0.1466244 0.2440920 0.0361663 0.0093437 0.2183218 0.0782097 0.1238623 0.0104189 0.2377467 0.1115376 0.0295902 0.1302220 0.0905394 0.1261645 0.2318229 0.0230516 0.0000000 0.1497745 0.1941830 0.1128026 0.1137121 0.1081490 0.1334575 0.1210663 0.2623512 0.2120122 0.1018035 0.1087293 0.0910925 0.1019083 0.1056998 0.2205766 0.1996517 0.1082785 0.0127683 0.0982875 0.1078158 0.1036705 0.0212855 0.0116947 0.0912500 0.1950693 0.2319582 0.0194338 0.0963068 0.0866162 0.1452957 0.0820945 0.0763210 0.0245692 0.0232614 0.1107332 0.0669876 0.1765939 0.1023519 0.0394777 0.1047138 0.1438699 0.1351459 0.2478176 0.0221816 0.0322556 0.2196188 0.1091066 0.0099659 0.0151222 0.0406637 0.0182697 0.1327851 0.1154503 0.0159436 0.0336878 0.1446984 0.0163386 0.1313300 0.1002065 0.0945465 
Perityle_cordifolia_27                     0.1716013 0.0933934 0.1721223 0.2753692 0.2801566 0.3104217 0.2093091 0.3692974 0.1646717 0.3141509 0.1660266 0.1415300 0.3564582 0.0369673 0.1725936 0.1576718 0.2710376 0.1342368 0.1564909 0.1487343 0.1530571 0.0927322 0.2975592 0.1380792 0.1497745 0.0000000 0.1995911 0.1542861 0.1376429 0.0868684 0.1698913 0.1910365 0.2746462 0.2699657 0.1636991 0.1555357 0.1880530 0.1594230 0.1537554 0.2952345 0.2613359 0.1533929 0.1929045 0.1397462 0.1816401 0.1358870 0.1920656 0.1592053 0.1312587 0.2575237 0.3159905 0.2735447 0.0990088 0.1151737 0.2065409 0.0860948 0.0723364 0.1649741 0.1664470 0.1707843 0.0498206 0.1937128 0.0788538 0.1701570 0.1474409 0.1389326 0.1978874 0.3449807 0.0852758 0.1617867 0.2875700 0.1765343 0.1606343 0.1634552 0.1578984 0.0849284 0.1801865 0.1611362 0.1657372 0.1538195 0.1362058 0.1635380 0.1920515 0.1391059 0.1354154 
Perityle_cordifolia_68_tecolote            0.1921785 0.0945377 0.1989494 0.2731638 0.3081854 0.3022769 0.2427635 0.3321502 0.2131663 0.3482694 0.1973206 0.1531198 0.3833628 0.0772134 0.2079356 0.1834161 0.2865539 0.1379628 0.1755962 0.1927711 0.2165071 0.0980512 0.3142034 0.1303633 0.1941830 0.1995911 0.0000000 0.1865865 0.1541084 0.0940322 0.2180298 0.2003417 0.3308503 0.2841379 0.1442362 0.1964231 0.2188088 0.1780890 0.1745489 0.3091695 0.2656632 0.1942065 0.1836283 0.1769670 0.2199109 0.1965408 0.2098863 0.1754067 0.1509318 0.2506381 0.3160580 0.1693273 0.1594822 0.1559306 0.2366016 0.0243651 0.1048613 0.2093293 0.1957281 0.1966198 0.0431883 0.2158198 0.1078515 0.2002309 0.1742215 0.1704140 0.2226881 0.3924251 0.0646515 0.1747732 0.3113206 0.1719972 0.1958423 0.1837964 0.1666213 0.0962623 0.1852647 0.1845358 0.1990767 0.1980485 0.1290420 0.2013510 0.2163862 0.1308529 0.1144777 
Perityle_coronopifolia_28_patagonia        0.1051987 0.1031372 0.1178727 0.2802115 0.2946754 0.2751204 0.2382605 0.3135405 0.1368759 0.2539982 0.1140017 0.1011127 0.2287400 0.0798588 0.1131602 0.1020955 0.2246980 0.0965458 0.1087312 0.1356948 0.1748824 0.1045746 0.2336122 0.1054753 0.1128026 0.1542861 0.1865865 0.0000000 0.1182940 0.1040455 0.1153055 0.1147129 0.2615091 0.2014042 0.1191156 0.0992847 0.1515755 0.1145272 0.1075731 0.2146020 0.1996185 0.1019700 0.1006744 0.0953597 0.1315263 0.0975283 0.1229715 0.1058899 0.0946059 0.1979556 0.2307561 0.1060161 0.1071393 0.0836641 0.1157716 0.0731495 0.0809290 0.1240962 0.1203174 0.0703344 0.0671703 0.1772378 0.0875989 0.1227126 0.1017742 0.1417861 0.1300291 0.2298228 0.0772366 0.1166879 0.2156223 0.1124468 0.1134992 0.1123708 0.1059059 0.0863640 0.1246576 0.0599439 0.1246343 0.1131843 0.1025395 0.1141574 0.1134198 0.0529486 0.0536245 
Perityle_crassifolia_70_ventanas           0.0842552 0.0864990 0.0890570 0.2658767 0.2103913 0.2531358 0.2338085 0.3002893 0.0811595 0.2271509 0.1114188 0.0969751 0.2351138 0.0784367 0.1320524 0.1091306 0.1764449 0.1303464 0.1160135 0.1539671 0.1464026 0.1219907 0.2284490 0.1032025 0.1137121 0.1376429 0.1541084 0.1182940 0.0000000 0.0535186 0.1178209 0.0874464 0.1677382 0.2240956 0.0514657 0.1113765 0.1394897 0.1094195 0.1202641 0.2211782 0.2150104 0.1079139 0.1152581 0.1011608 0.1206077 0.1060615 0.1260871 0.1180809 0.1067483 0.2108069 0.2353836 0.1152634 0.0981327 0.0968800 0.1271683 0.0798897 0.0861622 0.1279294 0.1214916 0.1108796 0.0603933 0.1229283 0.1002769 0.1115318 0.1043792 0.1249695 0.1320082 0.2252533 0.0973955 0.1196783 0.2295678 0.0253736 0.1151456 0.1266226 0.1076300 0.1141933 0.1477094 0.1089357 0.1172679 0.1122128 0.1380022 0.1209472 0.0830312 0.1096276 0.1013558 
Perityle_crassifolia_74_playa_balandra     0.0853090 0.0967447 0.0928182 0.2087115 0.1566403 0.1881849 0.2187272 0.2671508 0.0854318 0.1506904 0.1135959 0.1104294 0.1811209 0.0814906 0.1049852 0.1039821 0.0996625 0.0977033 0.1093318 0.1284729 0.1271792 0.1154171 0.1862601 0.1109294 0.1081490 0.0868684 0.0940322 0.1040455 0.0535186 0.0000000 0.0860792 0.0918199 0.2241828 0.1772084 0.0855938 0.0987273 0.1061094 0.1075555 0.1025976 0.1821841 0.1870978 0.0950485 0.1379078 0.0917322 0.1001745 0.0837122 0.1552471 0.1168748 0.0950643 0.1818746 0.1874734 0.1124754 0.0893431 0.0835650 0.1117849 0.0833707 0.0861696 0.1179644 0.1167097 0.0992238 0.0717456 0.1025646 0.1199292 0.1134895 0.1039160 0.0872569 0.1124769 0.2047568 0.1046404 0.1090197 0.1825171 0.0746576 0.1113069 0.1203131 0.1093630 0.1112372 0.1137509 0.0984874 0.1145259 0.1175818 0.1095345 0.1169208 0.0863306 0.0923875 0.0913603 
Perityle_cuneata_34_cuneata_San_antonio    0.0941945 0.0792608 0.1117312 0.2577348 0.2739126 0.2528989 0.2158659 0.2746313 0.1148489 0.2235757 0.1287699 0.1212906 0.2003770 0.0707071 0.1349286 0.1268273 0.1803559 0.1238134 0.1365324 0.1503004 0.1971288 0.1058703 0.2215194 0.1179248 0.1334575 0.1698913 0.2180298 0.1153055 0.1178209 0.0860792 0.0000000 0.0952127 0.2244717 0.2142391 0.1074554 0.1570605 0.1688778 0.1264907 0.1212864 0.2173114 0.2092579 0.1039662 0.1251838 0.1038126 0.1322815 0.1100625 0.1444759 0.1332075 0.1548336 0.2049214 0.2342690 0.1278747 0.1081502 0.1054547 0.1448493 0.0895331 0.0921173 0.1490512 0.1467539 0.1179041 0.0668334 0.2125306 0.0865129 0.1334298 0.1149921 0.1487692 0.1543162 0.2208173 0.0650615 0.1378116 0.2217483 0.1078745 0.1355403 0.1378370 0.1209653 0.0945554 0.1337358 0.1127373 0.1472165 0.1302551 0.1226228 0.1380232 0.0862374 0.0817166 0.0680922 
Perityle_cuneata_4                         0.0861671 0.0709684 0.0979417 0.2619932 0.2763101 0.2620453 0.2219198 0.2801467 0.0902034 0.2394989 0.1256207 0.1040463 0.2215113 0.0790927 0.1278971 0.1543302 0.2048617 0.1222381 0.1197920 0.1510646 0.1816351 0.1170284 0.2474617 0.1028825 0.1210663 0.1910365 0.2003417 0.1147129 0.0874464 0.0918199 0.0952127 0.0000000 0.2034915 0.2209972 0.0933134 0.1043053 0.1552245 0.1126794 0.1146863 0.2569897 0.2123915 0.1103832 0.1172730 0.1024419 0.1564003 0.1178906 0.1251353 0.1386463 0.1036058 0.2062769 0.2696833 0.1213955 0.1114569 0.0944434 0.1384042 0.0810336 0.0840039 0.1363362 0.1753122 0.1325325 0.0719226 0.1744986 0.0942443 0.1485639 0.1053610 0.1527335 0.1436764 0.2219926 0.0808588 0.1320336 0.2290822 0.0897534 0.1587638 0.1310919 0.1054554 0.1103695 0.1325213 0.1132287 0.1219500 0.1087059 0.1358105 0.1460034 0.0785576 0.0891009 0.0798279 
Perityle_discoidea_81                      0.1332019 0.1427250 0.2074588 0.4627003 0.4722595 0.4114437 0.2100124 0.4135903 0.1336001 0.4161579 0.2331016 0.2017872 0.2808809 0.0773113 0.2292906 0.2232229 0.2990349 0.1787193 0.2210609 0.2647569 0.3067200 0.2224775 0.3641316 0.1996566 0.2623512 0.2746462 0.3308503 0.2615091 0.1677382 0.2241828 0.2244717 0.2034915 0.0000000 0.3105579 0.1683687 0.2339525 0.2681762 0.1894406 0.2198187 0.3406655 0.3048194 0.2297625 0.1231877 0.1911278 0.2626181 0.2624129 0.1470975 0.2157314 0.1982666 0.2878755 0.3488276 0.2075339 0.2032338 0.2061818 0.2825026 0.1417555 0.1587170 0.2539896 0.2356948 0.2336221 0.0609045 0.2359867 0.0821803 0.2552219 0.2001963 0.2553416 0.2444627 0.2995294 0.0861812 0.2257321 0.3536442 0.1873676 0.2456901 0.2295256 0.2042243 0.1535167 0.2170300 0.2422871 0.2315378 0.2412732 0.2059096 0.2375357 0.2193366 0.2163231 0.1322679 
Perityle_dissecta_201                      0.2184935 0.1290340 0.1873443 0.3443552 0.2757014 0.3153885 0.1832343 0.3423189 0.2212393 0.1944051 0.2145912 0.1816042 0.0083988 0.2785236 0.2226659 0.2086701 0.3090144 0.2016727 0.2194353 0.1265564 0.2839912 0.1388559 0.0151503 0.1863652 0.2120122 0.2699657 0.2841379 0.2014042 0.2240956 0.1772084 0.2142391 0.2209972 0.3105579 0.0000000 0.1611547 0.2019592 0.2533692 0.2144244 0.2077185 0.0135403 0.0160749 0.2087860 0.1955339 0.1615009 0.2011376 0.2284195 0.1983355 0.2135821 0.1879856 0.0146683 0.0412389 0.2098822 0.1999739 0.2127438 0.2397695 0.1389534 0.1554786 0.2311985 0.2183733 0.2097614 0.1626353 0.2538827 0.1539612 0.2130483 0.2194098 0.2632497 0.2473801 0.3281706 0.2076251 0.2060889 0.0176305 0.2093414 0.2128122 0.2163573 0.2077616 0.1527397 0.2207926 0.2028004 0.2308008 0.2177144 0.2105909 0.2183573 0.2313656 0.1872985 0.1399483 
Perityle_emoryi_47_punta_san_jose          0.0901689 0.0738432 0.0272337 0.2598480 0.2403001 0.2447441 0.1951304 0.2734493 0.0903252 0.1797077 0.1043831 0.0983658 0.1731590 0.0785760 0.1122791 0.0987435 0.2142555 0.1243628 0.1076345 0.1408188 0.1568709 0.1163825 0.1672537 0.0995789 0.1018035 0.1636991 0.1442362 0.1191156 0.0514657 0.0855938 0.1074554 0.0933134 0.1683687 0.1611547 0.0000000 0.1118075 0.1556461 0.1047744 0.1091587 0.1612964 0.1663131 0.1106334 0.1144685 0.1127668 0.1084988 0.1047743 0.1196253 0.1056375 0.1122627 0.1676590 0.1827306 0.1004289 0.0930166 0.1027234 0.1572017 0.0893923 0.0891148 0.1122518 0.1069170 0.1170613 0.0759803 0.1506395 0.0827606 0.1086622 0.1171699 0.1474500 0.1380425 0.2655485 0.1057696 0.1029909 0.1676281 0.0598576 0.1027902 0.1094009 0.1036237 0.1020617 0.1332624 0.1121397 0.1070026 0.1063561 0.1589361 0.1076697 0.0948453 0.1153730 0.1086251 
Perityle_feddemae_99                       0.1008205 0.1023024 0.1059909 0.2673065 0.2936052 0.2507649 0.2147008 0.3059058 0.1067578 0.2542181 0.1086349 0.0961244 0.2063777 0.0724350 0.1242001 0.1074813 0.1988486 0.1193696 0.1178340 0.1449728 0.1731903 0.1027880 0.2287692 0.0999043 0.1087293 0.1555357 0.1964231 0.0992847 0.1113765 0.0987273 0.1570605 0.1043053 0.2339525 0.2019592 0.1118075 0.0000000 0.1511172 0.1128636 0.1095063 0.2228262 0.1963798 0.0288098 0.0917378 0.0301666 0.1232128 0.0901797 0.1091560 0.1108231 0.0421296 0.1923449 0.2419751 0.1096765 0.0906062 0.0746376 0.1432777 0.0693418 0.0753479 0.1248303 0.1262318 0.1160314 0.0624298 0.1719101 0.0609922 0.1090519 0.1013591 0.1295608 0.1472265 0.2418417 0.0899547 0.1202908 0.2170740 0.1058963 0.1143637 0.1165080 0.0977477 0.0912095 0.1323892 0.0952180 0.1283152 0.1040849 0.1324396 0.1174726 0.1072272 0.0992458 0.0858358 
Perityle_fosteri_93                        0.1592906 0.1058522 0.1527097 0.2859576 0.2748763 0.2758708 0.2182368 0.2981653 0.1587961 0.2358662 0.1048359 0.0882152 0.2318058 0.1174223 0.1569191 0.0899737 0.2336585 0.1234226 0.0917393 0.1374262 0.1633598 0.1223671 0.2606950 0.0803016 0.0910925 0.1880530 0.2188088 0.1515755 0.1394897 0.1061094 0.1688778 0.1552245 0.2681762 0.2533692 0.1556461 0.1511172 0.0000000 0.1466049 0.1468496 0.2538579 0.2467626 0.1444713 0.1068127 0.1366024 0.1447941 0.1316607 0.1115928 0.0965140 0.1373877 0.2324427 0.2639473 0.0933384 0.1357499 0.1093178 0.1652391 0.0837825 0.0866065 0.1110332 0.0958760 0.1498353 0.0721397 0.2054982 0.1183644 0.1071436 0.1513394 0.1892608 0.1753202 0.2819517 0.0412818 0.0953230 0.2616726 0.1255134 0.0956686 0.0993204 0.0958272 0.0328615 0.1875509 0.1520739 0.1041965 0.1047615 0.1759788 0.0989193 0.1692972 0.1018579 0.0958353 
Perityle_gamon_221                         0.1167276 0.1000638 0.1096932 0.2837238 0.2746431 0.2785078 0.2320903 0.3214062 0.1174724 0.2440248 0.0987836 0.0913171 0.2309265 0.0901461 0.1356285 0.0990091 0.2327646 0.1199930 0.1063462 0.1495712 0.1550003 0.1101989 0.2227618 0.0936997 0.1019083 0.1594230 0.1780890 0.1145272 0.1094195 0.1075555 0.1264907 0.1126794 0.1894406 0.2144244 0.1047744 0.1128636 0.1466049 0.0000000 0.1216373 0.2187255 0.2071311 0.1115401 0.0993655 0.1054763 0.0923621 0.1190516 0.1063459 0.1073977 0.1105149 0.2048281 0.2423873 0.1030264 0.1038180 0.1076816 0.1591956 0.0891621 0.0858122 0.1173790 0.1085703 0.1203223 0.0799058 0.1564745 0.1022842 0.1018434 0.1088767 0.1428976 0.1502341 0.2621112 0.1144131 0.1092498 0.2244450 0.1093576 0.1053515 0.1147043 0.0948892 0.1080352 0.1363476 0.1106339 0.1207558 0.1014043 0.1492940 0.1110969 0.1248099 0.1056329 0.0965826 
Perityle_gentryi_8_san_francisco           0.1133074 0.1073403 0.1207516 0.2695459 0.2954081 0.2775912 0.2141033 0.2982346 0.1146496 0.2299209 0.1128791 0.0955659 0.2324216 0.0643778 0.0229614 0.1034731 0.2313036 0.1265342 0.1138309 0.1566617 0.1687248 0.0943924 0.2146724 0.0852837 0.1056998 0.1537554 0.1745489 0.1075731 0.1202641 0.1025976 0.1212864 0.1146863 0.2198187 0.2077185 0.1091587 0.1095063 0.1468496 0.1216373 0.0000000 0.2094127 0.2061804 0.1038711 0.0976993 0.0923177 0.1267088 0.0849518 0.1162117 0.1063263 0.0925400 0.2041250 0.2335881 0.1076014 0.1083506 0.0761154 0.1398645 0.0803387 0.0775022 0.1240006 0.1117402 0.1138299 0.0678081 0.1484731 0.1144322 0.1171366 0.1121754 0.1400776 0.1385635 0.2357410 0.0899854 0.0982640 0.2149569 0.1031553 0.1091168 0.1128278 0.1028847 0.0916632 0.1196706 0.1002578 0.1263989 0.1166168 0.1387070 0.1124290 0.1260317 0.0910299 0.0914920 
Perityle_gilensis_22_Superstition          0.2322703 0.1340892 0.1916083 0.3477539 0.2858408 0.3179667 0.1908831 0.3449307 0.2491963 0.2025368 0.2293808 0.1816018 0.0055195 0.2805073 0.2221065 0.2483232 0.3131655 0.2031280 0.2216601 0.1271690 0.3007561 0.1415451 0.0141112 0.1865115 0.2205766 0.2952345 0.3091695 0.2146020 0.2211782 0.1821841 0.2173114 0.2569897 0.3406655 0.0135403 0.1612964 0.2228262 0.2538579 0.2187255 0.2094127 0.0000000 0.0100287 0.2311539 0.1964320 0.1650885 0.2245791 0.2549943 0.2010428 0.2329223 0.1925294 0.0122067 0.0386785 0.2218125 0.2261918 0.2117105 0.2451484 0.1414561 0.1559953 0.2416956 0.2669330 0.2443551 0.1622635 0.2752948 0.1626223 0.2521600 0.2186419 0.2952840 0.2612069 0.3195229 0.1963862 0.2214126 0.0126351 0.2095805 0.2494341 0.2264624 0.2171642 0.1515069 0.2280023 0.2225460 0.2326947 0.2181550 0.2123263 0.2360481 0.2382684 0.1910520 0.1452549 
Perityle_gilensis_salensis_225             0.2139095 0.1354735 0.1812970 0.3563656 0.2678827 0.3180391 0.1890599 0.3343820 0.2154914 0.1791519 0.2052189 0.1860006 0.0050531 0.2784679 0.2095608 0.1969331 0.3141696 0.2062548 0.2077635 0.1298025 0.2786995 0.1437868 0.0085399 0.1921986 0.1996517 0.2613359 0.2656632 0.1996185 0.2150104 0.1870978 0.2092579 0.2123915 0.3048194 0.0160749 0.1663131 0.1963798 0.2467626 0.2071311 0.2061804 0.0100287 0.0000000 0.2020831 0.1963567 0.1669482 0.1924129 0.2189377 0.1992181 0.2018157 0.1961984 0.0146806 0.0423421 0.1977937 0.1892145 0.2147952 0.2477323 0.1428030 0.1618739 0.2177225 0.2053821 0.2096227 0.1593343 0.2542364 0.1584971 0.2035978 0.2206044 0.2548923 0.2355608 0.3344181 0.2017108 0.2017412 0.0063859 0.2153397 0.2011766 0.2053848 0.1965225 0.1387946 0.2106578 0.2024673 0.2199096 0.2077089 0.2125617 0.2053667 0.2231345 0.1967520 0.1455979 
Perityle_glaucescens_94                    0.0959895 0.0931260 0.1023033 0.2673624 0.2935674 0.2605985 0.2209594 0.3033870 0.1080741 0.2538295 0.1057251 0.0937779 0.2108556 0.0671626 0.1206762 0.1113685 0.2175129 0.1173249 0.1125388 0.1366183 0.1677560 0.1063801 0.2347421 0.0962949 0.1082785 0.1533929 0.1942065 0.1019700 0.1079139 0.0950485 0.1039662 0.1103832 0.2297625 0.2087860 0.1106334 0.0288098 0.1444713 0.1115401 0.1038711 0.2311539 0.2020831 0.0000000 0.0954248 0.0214212 0.1261125 0.0877940 0.1046587 0.1111171 0.0173954 0.1986871 0.2472412 0.1070474 0.0884228 0.0696135 0.1447701 0.0684693 0.0719098 0.1266044 0.1318384 0.1252300 0.0621782 0.1829230 0.0793032 0.1119688 0.1007798 0.1273109 0.1461174 0.2243773 0.0850971 0.1178322 0.2234544 0.1050631 0.1187229 0.1155668 0.0943485 0.0965397 0.1306605 0.0982953 0.1247039 0.1027185 0.1389589 0.1204885 0.1079987 0.0997336 0.0879663 
Perityle_gracilis_11                       0.1088739 0.1018164 0.1139342 0.3733633 0.3820032 0.2936605 0.2317446 0.3107310 0.1120458 0.2735841 0.0188310 0.0136148 0.2202677 0.0836941 0.0998297 0.0127946 0.2817838 0.1385938 0.0391615 0.1803901 0.1181791 0.1666389 0.1995444 0.0253927 0.0127683 0.1929045 0.1836283 0.1006744 0.1152581 0.1379078 0.1251838 0.1172730 0.1231877 0.1955339 0.1144685 0.0917378 0.1068127 0.0993655 0.0976993 0.1964320 0.1963567 0.0954248 0.0000000 0.1001023 0.0971591 0.1077356 0.0093141 0.0050694 0.0943787 0.2007507 0.2194823 0.0139020 0.1061197 0.0995280 0.1606762 0.0870600 0.0889860 0.0274563 0.0135787 0.1100708 0.0646796 0.1592075 0.0986852 0.0188002 0.1106694 0.1867605 0.1392298 0.1927869 0.0298452 0.0222587 0.2011790 0.1127482 0.0102488 0.0197462 0.0249561 0.0033096 0.1119315 0.1019653 0.0214004 0.0162408 0.1564836 0.0084672 0.1256408 0.1116907 0.0918229 
Perityle_harkerae_31                       0.0973864 0.0934108 0.1069494 0.2605101 0.2990079 0.2503393 0.2234088 0.2839420 0.1117486 0.2264567 0.1020175 0.0938042 0.2076101 0.0657701 0.0948927 0.0925435 0.2104372 0.1068528 0.0950680 0.1391629 0.1862994 0.0856845 0.1687176 0.0993606 0.0982875 0.1397462 0.1769670 0.0953597 0.1011608 0.0917322 0.1038126 0.1024419 0.1911278 0.1615009 0.1127668 0.0301666 0.1366024 0.1054763 0.0923177 0.1650885 0.1669482 0.0214212 0.1001023 0.0000000 0.1116785 0.0704865 0.1100163 0.0996292 0.0179783 0.1641375 0.1845502 0.0933824 0.0837217 0.0707939 0.1419478 0.0633892 0.0703173 0.1083373 0.1156261 0.1056664 0.0652167 0.1648603 0.0791755 0.1040301 0.1011236 0.1246695 0.1315138 0.2107189 0.0780591 0.0991333 0.1690925 0.1010064 0.1007030 0.1037135 0.0959748 0.0783560 0.1055823 0.0884073 0.1176027 0.1031256 0.1181823 0.1063213 0.1055882 0.0954822 0.0824011 
