83
Amauria_brandeegeana_62                    0.0000000 0.1321848 0.0269886 0.3021290 0.1354437 0.1351858 0.2358426 0.3729322 0.1980533 0.1418224 0.1412598 0.1380926 0.1435405 0.1245088 0.1544666 0.1472362 0.1518398 0.1615541 0.6829708 0.1414056 0.1344141 0.2425342 0.1391361 0.2719818 0.1145400 0.2870207 0.1353379 0.1823136 0.1908018 0.1336642 0.1664802 0.1997071 0.1244804 0.1613771 0.1556699 0.1428285 0.1713795 0.1820345 0.1399326 0.1384492 0.1624536 0.1382548 0.1610790 0.1286737 0.1473545 0.1421698 0.1316483 0.1476449 0.1423210 0.1409591 0.1374490 0.0625575 0.1242574 0.1368025 0.1265561 0.1376344 0.1998684 0.1440286 0.1446070 0.1238761 0.1254601 0.1399150 0.1736283 0.2385318 0.2093227 0.1620489 0.1330148 0.1613812 0.1378066 0.1610800 0.1427534 0.1405703 0.1504871 0.1400671 0.1459680 0.1571970 0.1425404 0.1446435 0.1550629 0.1339073 0.1708123 0.1481087 0.1439344 
Amauria_carterae_99_mesa                   0.1321848 0.0000000 0.0458726 0.2904623 0.1190047 0.1039126 0.2681931 0.2336770 0.1100736 0.1486190 0.1324586 0.1190953 0.1350927 0.1287211 0.1363574 0.1295364 0.1153679 0.1366568 0.3396395 0.1261347 0.1287715 0.2253934 0.1284405 0.1961815 0.0998264 0.2827113 0.1231160 0.1576765 0.2443904 0.1263087 0.1726743 0.1100736 0.1321625 0.1158347 0.1195598 0.1257474 0.1164206 0.1255157 0.1131782 0.1224519 0.1310964 0.1259336 0.1282220 0.1213655 0.1290920 0.1259336 0.1397723 0.1217882 0.1319715 0.1258471 0.1224519 0.0628501 0.1254416 0.1375125 0.1198105 0.1228291 0.1223184 0.1354454 0.1362300 0.1168752 0.1276058 0.1357848 0.1583023 0.2867645 0.1120827 0.1125351 0.1308729 0.1319686 0.1284405 0.1273239 0.1326939 0.1287492 0.1188227 0.1033166 0.1270627 0.1219743 0.1319035 0.1357156 0.1563706 0.1254890 0.1319331 0.1145500 0.1101659 
Amauria_rotundifolia_SRR9119150            0.0269886 0.0458726 0.0000000 0.0660574 0.0088849 0.0088849 0.0461694 0.1035582 0.0089525 0.0550495 0.0454969 0.0361094 0.0361094 0.0361094 0.0644896 0.0454603 0.0544847 0.0455375 0.0477145 0.0361094 0.0361094 0.0361094 0.0361094 0.0558458 0.0453893 0.0361094 0.0272123 0.0361703 0.0359977 0.0268493 0.0565164 0.0089525 0.0457263 0.0361094 0.0361094 0.0361094 0.0453887 0.0547752 0.0270304 0.0361094 0.0453893 0.0457263 0.0453893 0.0546128 0.0361094 0.0457263 0.0453893 0.0361094 0.0361094 0.0457263 0.0361094 0.0341170 0.0453893 0.0549553 0.0272123 0.0361094 0.0361094 0.0361094 0.0361703 0.0647119 0.0742856 0.0454969 0.0363037 0.0361094 0.0454959 0.0549026 0.0454603 0.0455412 0.0361094 0.0453340 0.0361094 0.0453893 0.0361094 0.0361094 0.0546964 0.0454258 0.0454596 0.0549046 0.0454663 0.0361094 0.0271947 0.0547816 0.0547816 
Conoclinium_coelestinum_SRR9119114         0.3021290 0.2904623 0.0660574 0.0000000 0.2584610 0.2144932 0.1943931 0.4515180 0.3719209 0.2692655 0.3021180 0.3021726 0.3178300 0.2954632 0.3145325 0.3139176 0.2690346 0.3215901 0.6370487 0.3040824 0.2907386 0.2947013 0.3146528 0.3568877 0.2392286 0.4138347 0.2896285 0.3268911 0.2661650 0.2267105 0.2664728 0.3512989 0.2972839 0.3097740 0.3106835 0.3008469 0.3277924 0.3668573 0.2848284 0.2983497 0.3139277 0.3047147 0.2956523 0.3425951 0.3100944 0.3033691 0.3040004 0.3194318 0.3015145 0.2995748 0.2996792 0.1062921 0.3000421 0.2783868 0.2917857 0.3027270 0.3683039 0.2991542 0.2845753 0.2633554 0.2699188 0.3060305 0.3062077 0.3465201 0.3547354 0.3011530 0.3584380 0.3222474 0.3147033 0.2660072 0.3052955 0.3129930 0.3215220 0.2754163 0.2939125 0.2968723 0.3095120 0.3171303 0.3057782 0.2930789 0.3181501 0.2953190 0.2977107 
Eutetras_palmeri_63                        0.1354437 0.1190047 0.0088849 0.2584610 0.0000000 0.0080013 0.2026430 0.3377456 0.1814376 0.1531100 0.1339741 0.1334588 0.1328662 0.1227924 0.1464846 0.1456910 0.1142519 0.1361503 0.6984812 0.1260136 0.1233978 0.2674956 0.1259490 0.2499456 0.1147559 0.2375427 0.1360708 0.1847242 0.1954377 0.1622446 0.1339945 0.1765163 0.1339069 0.1597693 0.1416657 0.1269244 0.1280343 0.1816421 0.1239310 0.1353143 0.1275662 0.1308520 0.1285687 0.1535584 0.1322437 0.1299469 0.1334473 0.1267091 0.1405979 0.1217905 0.1147327 0.0540751 0.1281653 0.1396286 0.1308802 0.1257038 0.1819819 0.1175732 0.1354304 0.1314919 0.1732609 0.1292627 0.1774269 0.1965603 0.2010503 0.1494075 0.1576181 0.1464747 0.1246267 0.1449234 0.1302457 0.1289559 0.1396911 0.1442586 0.1552138 0.1299817 0.1290874 0.1294673 0.1362949 0.1270467 0.1464743 0.1485691 0.1432500 
Eutetras_pringlei_149_quer                 0.1351858 0.1039126 0.0088849 0.2144932 0.0080013 0.0000000 0.1880605 0.2838453 0.1175545 0.1887786 0.1581686 0.1506609 0.1537998 0.1385371 0.1248037 0.1571227 0.1375211 0.1676509 0.4537965 0.1510295 0.1539154 0.2667373 0.1569339 0.1019311 0.1168352 0.1945691 0.1538895 0.1960909 0.2118844 0.1415604 0.1293703 0.1175545 0.1557232 0.1421581 0.1436207 0.1543098 0.1394652 0.1482496 0.1468430 0.1539904 0.1354245 0.1545506 0.1319825 0.1493116 0.1509897 0.1545506 0.1554881 0.1278106 0.1469002 0.1508000 0.1578079 0.0446647 0.1597078 0.1354122 0.1537139 0.1510458 0.1465745 0.1544822 0.1391821 0.1497587 0.1727403 0.1576767 0.1882965 0.1982976 0.1668685 0.1597090 0.1737138 0.1562073 0.1569339 0.1546563 0.1543978 0.1573171 0.1408770 0.1339778 0.1764339 0.1359472 0.1506579 0.1617780 0.0995005 0.1540773 0.1544287 0.1710216 0.1687121 
Eutrochium_fistulosum_SRR9119106           0.2358426 0.2681931 0.0461694 0.1943931 0.2026430 0.1880605 0.0000000 0.3928198 0.3075936 0.2444696 0.2387919 0.2383079 0.2557074 0.2533728 0.2487704 0.2507130 0.2156469 0.2552654 0.5704851 0.2419797 0.2296718 0.2775374 0.2379664 0.3227492 0.2520227 0.3257573 0.2485140 0.2432041 0.2435926 0.2791309 0.1918091 0.3088866 0.2452835 0.2620520 0.2385690 0.2350310 0.2143363 0.3144435 0.2335837 0.2397196 0.2244555 0.2410246 0.2233245 0.2774414 0.2518614 0.2503654 0.2701787 0.2383216 0.2447261 0.2301277 0.2278409 0.0732283 0.2504057 0.2249234 0.2714752 0.2576419 0.2987664 0.2349968 0.2332496 0.1827434 0.2377413 0.2393533 0.2483862 0.2821632 0.3177134 0.2357225 0.3124950 0.2513944 0.2361507 0.2352145 0.2381621 0.2446681 0.2574549 0.2773978 0.2435448 0.2415213 0.2310582 0.2720642 0.2867467 0.2400998 0.2642653 0.2800368 0.2555597 
Helianthus_annuus_SRR9119062               0.3729322 0.2336770 0.1035582 0.4515180 0.3377456 0.2838453 0.3928198 0.0000000 0.3542986 0.3813257 0.4010822 0.3942420 0.3967002 0.2287743 0.3717604 0.3690992 0.3298286 0.3816750 0.6837275 0.3910222 0.3291284 0.3271440 0.4095751 0.2910143 0.1899912 0.6241503 0.3226537 0.3788949 0.4096985 0.2342535 0.4989113 0.3458448 0.3666512 0.3187647 0.3828624 0.3843698 0.3743661 0.3815486 0.4008761 0.3917859 0.4033520 0.4027559 0.3883026 0.3091846 0.3946043 0.3633798 0.2753918 0.3843657 0.3818035 0.3772619 0.4010115 0.1193225 0.2898040 0.3112652 0.2587036 0.3247972 0.4509648 0.4029606 0.3619010 0.2562558 0.3347044 0.4046340 0.3195814 0.4573952 0.3815514 0.3892777 0.3189157 0.4105659 0.4095751 0.3472591 0.3977053 0.4025656 0.4253335 0.2401773 0.3350527 0.3723895 0.3819228 0.4071170 0.2320952 0.3212134 0.3991183 0.2476765 0.3398708 
Lycapsus_tenuifolius_17                    0.1980533 0.1100736 0.0089525 0.3719209 0.1814376 0.1175545 0.3075936 0.3542986 0.0000000 0.2099132 0.2022564 0.2040371 0.2023344 0.1258248 0.2188389 0.1905259 0.1658811 0.2167201 0.6076019 0.1980913 0.1704980 0.1748709 0.2019445 0.2539606 0.0899529 0.3313784 0.1743722 0.2432390 0.2728203 0.1047773 0.2594104 0.0014032 0.1773044 0.1822130 0.2176788 0.1960614 0.2129692 0.1667546 0.2014827 0.1929507 0.2134610 0.2005789 0.2149234 0.1380062 0.1852608 0.1846315 0.1269831 0.2130423 0.2069671 0.2018298 0.1973178 0.0441546 0.1234800 0.1894511 0.1074808 0.1441916 0.2593686 0.2022785 0.1898105 0.1399253 0.1342916 0.2167357 0.2179639 0.2750847 0.2104328 0.2108595 0.1368934 0.2182425 0.2003590 0.1874593 0.2016179 0.2047579 0.1999020 0.1171049 0.1909413 0.2032066 0.1999613 0.2122534 0.1508221 0.1786296 0.2122759 0.1279638 0.1640823 
Pericome_caudata_50_silver                 0.1418224 0.1486190 0.0550495 0.2692655 0.1531100 0.1887786 0.2444696 0.3813257 0.2099132 0.0000000 0.1104369 0.1071110 0.1269065 0.1134266 0.1495394 0.1516978 0.1462309 0.1285110 0.6676675 0.1053824 0.1224314 0.2674170 0.1130911 0.2686162 0.0885811 0.2494456 0.1166325 0.1637436 0.1947183 0.1456987 0.1652087 0.2123780 0.1067904 0.1463638 0.1437766 0.1072953 0.1544381 0.1661461 0.1073133 0.0956789 0.1615675 0.1084118 0.1586228 0.1494055 0.1143858 0.1143893 0.1204000 0.1365763 0.1209131 0.0997423 0.1111845 0.0718165 0.1075149 0.1346649 0.1248339 0.1145876 0.1833568 0.1284934 0.1392482 0.1329200 0.1715295 0.1160723 0.1934326 0.1912808 0.1692904 0.1171080 0.1362424 0.1358626 0.1106908 0.1453621 0.1063066 0.1191036 0.1261975 0.1316919 0.1153040 0.1373345 0.1058306 0.1447551 0.1676694 0.1094691 0.1585457 0.1762219 0.1517878 
Perityle_aglossa_84_dead_horse             0.1412598 0.1324586 0.0454969 0.3021180 0.1339741 0.1581686 0.2387919 0.4010822 0.2022564 0.1104369 0.0000000 0.1334160 0.0455141 0.0174194 0.1152862 0.0629238 0.1227400 0.1241185 0.6541097 0.0334412 0.0215821 0.1281554 0.1165449 0.2314864 0.0372925 0.1551791 0.0601340 0.1483358 0.1885804 0.1042925 0.1521284 0.1873638 0.0297745 0.0927261 0.1171792 0.0357994 0.1598961 0.1197097 0.0715352 0.1530420 0.1711458 0.1434312 0.1264851 0.1040731 0.0449985 0.0325266 0.0292005 0.0988460 0.0538366 0.0503092 0.1531058 0.0000010 0.0245968 0.1042292 0.0474561 0.0328785 0.0828549 0.0731656 0.1089629 0.0996461 0.0614143 0.0239920 0.1707036 0.1103424 0.1599053 0.1240114 0.0302262 0.1784881 0.1214481 0.1475290 0.0278544 0.1190189 0.1665421 0.0413860 0.1166522 0.1184763 0.0473218 0.0312897 0.1069704 0.0277140 0.1929961 0.1253926 0.1059308 
Perityle_ajoensis_204                      0.1380926 0.1190953 0.0361094 0.3021726 0.1334588 0.1506609 0.2383079 0.3942420 0.2040371 0.1071110 0.1334160 0.0000000 0.0686117 0.0173898 0.1266017 0.0541724 0.1206473 0.1402780 0.6332544 0.0507101 0.0333286 0.1120770 0.1134569 0.2186842 0.0371658 0.1465031 0.0665761 0.1692599 0.1786956 0.1038546 0.1466146 0.1929061 0.0218181 0.0842754 0.1416344 0.0381465 0.1856828 0.1208433 0.1461468 0.0333224 0.1538916 0.0177001 0.1143123 0.1008087 0.0506952 0.0154574 0.0331133 0.1186499 0.0827357 0.0833638 0.0318743 0.0000010 0.0262269 0.0963812 0.0473770 0.0328377 0.0718469 0.1491540 0.1102593 0.0955781 0.0546806 0.0693553 0.1535399 0.1101808 0.1579709 0.1445874 0.0275498 0.0746822 0.1134879 0.1558143 0.0702602 0.0892570 0.0609069 0.0342344 0.1129963 0.1260431 0.0637270 0.0466116 0.1030879 0.0143516 0.2218812 0.1219253 0.1099175 
Perityle_ambrosiifolia_67_green            0.1435405 0.1350927 0.0361094 0.3178300 0.1328662 0.1537998 0.2557074 0.3967002 0.2023344 0.1269065 0.0455141 0.0686117 0.0000000 0.0211431 0.1029470 0.0680891 0.1227013 0.1231541 0.5142707 0.0405087 0.0386412 0.1327933 0.0644775 0.1874541 0.0434672 0.1577671 0.0678372 0.1444124 0.1824452 0.1119291 0.1442237 0.1934073 0.0382176 0.0922712 0.1063228 0.0405359 0.1408501 0.1371251 0.0442266 0.0482204 0.1560695 0.0659005 0.1295713 0.1064632 0.0509773 0.0461385 0.0310543 0.0908427 0.0481703 0.0345282 0.0685078 0.0000010 0.0211671 0.0983946 0.0493726 0.0328624 0.0785770 0.0419226 0.1237470 0.1096607 0.0578249 0.0522493 0.1383481 0.1324509 0.1695619 0.1233613 0.0274859 0.0892311 0.0644775 0.1357762 0.0415582 0.0631150 0.0891561 0.0412097 0.1086024 0.1325978 0.0581203 0.0570309 0.1170727 0.0402478 0.1571317 0.1308324 0.1100290 
Perityle_angustifolia_13_Eagle_creek       0.1245088 0.1287211 0.0361094 0.2954632 0.1227924 0.1385371 0.2533728 0.2287743 0.1258248 0.1134266 0.0174194 0.0173898 0.0211431 0.0000000 0.0922550 0.0287400 0.1110730 0.0948234 0.4201658 0.0233376 0.0116352 0.1120770 0.0311720 0.2165262 0.0371388 0.1928696 0.0352462 0.1078664 0.2107430 0.0969595 0.1815779 0.1189198 0.0193587 0.0301853 0.0808631 0.0193629 0.0731643 0.0621999 0.0233942 0.0233404 0.0866102 0.0194097 0.0873963 0.0954138 0.0223925 0.0174353 0.0302019 0.0765582 0.0493069 0.0154630 0.0213938 0.0000010 0.0271681 0.0892984 0.0404083 0.0322202 0.0836016 0.0194180 0.1063802 0.0876557 0.0637962 0.0273071 0.1160356 0.1341499 0.0965103 0.1207274 0.0364401 0.0252591 0.0292109 0.1181667 0.0135286 0.0213084 0.0154151 0.0209021 0.1134106 0.1163636 0.0451806 0.0288693 0.0957857 0.0134971 0.1533914 0.1219705 0.1183557 
Perityle_batopilensis_97                   0.1544666 0.1363574 0.0644896 0.3145325 0.1464846 0.1248037 0.2487704 0.3717604 0.2188389 0.1495394 0.1152862 0.1266017 0.1029470 0.0922550 0.0000000 0.1210255 0.1410559 0.1188053 0.6786221 0.1104914 0.0890215 0.1993824 0.1194961 0.2411545 0.1085989 0.2139944 0.1175434 0.0578791 0.2145922 0.1300805 0.1630129 0.1991575 0.1161650 0.1286478 0.1385714 0.1126419 0.1397435 0.1718810 0.1064668 0.1309310 0.1441647 0.1280612 0.1376944 0.0758151 0.1207352 0.1124788 0.0933076 0.1126197 0.1177407 0.1092187 0.1071340 0.0353324 0.1000438 0.0582044 0.0999793 0.1036887 0.1640574 0.0846713 0.0466306 0.1161443 0.0970747 0.1076148 0.0571873 0.1931763 0.1978415 0.1584032 0.1070146 0.1391815 0.1182924 0.1708299 0.1025293 0.1063409 0.1362845 0.0973661 0.1521181 0.1394937 0.1131724 0.1081991 0.0768215 0.1061698 0.1890698 0.1323463 0.1215565 
Perityle_bisetosa_9                        0.1472362 0.1295364 0.0454603 0.3139176 0.1456910 0.1571227 0.2507130 0.3690992 0.1905259 0.1516978 0.0629238 0.0541724 0.0680891 0.0287400 0.1210255 0.0000000 0.1299940 0.1476857 0.4906770 0.0561297 0.0512352 0.1338390 0.0626295 0.1403027 0.0405186 0.1835651 0.0855634 0.1571121 0.2032182 0.1127466 0.1862926 0.1905259 0.0597450 0.1055527 0.1252581 0.0612548 0.1100518 0.1521044 0.0682331 0.0630762 0.1099536 0.0526436 0.1083824 0.1084966 0.0680614 0.0579219 0.0428019 0.1099356 0.0893133 0.0511036 0.0559112 0.0086580 0.0296766 0.1030825 0.0549293 0.0392679 0.0491464 0.0679568 0.1384355 0.1122494 0.0623958 0.0645444 0.1528421 0.1570044 0.1749970 0.1459378 0.0331622 0.0391857 0.0626295 0.1483047 0.0664491 0.0575780 0.0682499 0.0485584 0.1394766 0.1424153 0.0733450 0.0634855 0.1108691 0.0442729 0.1876594 0.1283448 0.1175986 
Perityle_californica_76_positas            0.1518398 0.1153679 0.0544847 0.2690346 0.1142519 0.1375211 0.2156469 0.3298286 0.1658811 0.1462309 0.1227400 0.1206473 0.1227013 0.1110730 0.1410559 0.1299940 0.0000000 0.1578521 0.5819227 0.1123720 0.1206406 0.2352687 0.1184281 0.2367773 0.0831761 0.2153296 0.1399768 0.1812396 0.2020879 0.1326628 0.1479149 0.1679364 0.1213179 0.1589571 0.1352913 0.1139779 0.1178716 0.1699766 0.1191217 0.1123349 0.1312512 0.1190460 0.1289171 0.1347891 0.1184163 0.1226678 0.1200262 0.1273457 0.1312988 0.1173503 0.1136028 0.0437108 0.1040098 0.1352117 0.1214848 0.1196046 0.1714140 0.1206797 0.1463642 0.1212786 0.1226531 0.1297550 0.1771769 0.1983278 0.1521649 0.1350567 0.1277756 0.1304906 0.1167853 0.1163774 0.1245111 0.1187624 0.1339966 0.1198569 0.1394960 0.1455478 0.1203989 0.1362175 0.1689196 0.1206579 0.1533514 0.1327545 0.1368728 
Perityle_canescens_77                      0.1615541 0.1366568 0.0455375 0.3215901 0.1361503 0.1676509 0.2552654 0.3816750 0.2167201 0.1285110 0.1241185 0.1402780 0.1231541 0.0948234 0.1188053 0.1476857 0.1578521 0.0000000 0.5806693 0.1117468 0.1088957 0.2026598 0.1522118 0.2367640 0.0837022 0.2620872 0.1304296 0.1410623 0.2471948 0.1523288 0.2172119 0.2136363 0.1099205 0.1646774 0.1307627 0.1127769 0.1633561 0.1907713 0.1255337 0.1365244 0.1823697 0.1451888 0.1472415 0.1472353 0.1215342 0.1156466 0.1287978 0.1176654 0.1212321 0.1262482 0.1348508 0.0361865 0.1123441 0.1360321 0.1363171 0.1304829 0.1658478 0.1322048 0.1311388 0.1000945 0.1680740 0.1342367 0.1298855 0.2055011 0.1996471 0.1655268 0.1351443 0.1913189 0.1493306 0.1807574 0.1256951 0.1510811 0.1704904 0.1105621 0.1475846 0.1438784 0.1371814 0.1305199 0.1352286 0.1148246 0.1615388 0.1321361 0.1574169 
Perityle_castillonii_96                    0.6829708 0.3396395 0.0477145 0.6370487 0.6984812 0.4537965 0.5704851 0.6837275 0.6076019 0.6676675 0.6541097 0.6332544 0.5142707 0.4201658 0.6786221 0.4906770 0.5819227 0.5806693 0.0000000 0.6449673 0.5465289 0.3883236 0.6648081 0.3439003 0.0691212 0.5874602 0.6469104 0.6904178 0.5701762 0.3695815 0.7067694 0.5462356 0.6551647 0.5219813 0.6634792 0.6309750 0.6906737 0.6824013 0.6332368 0.6376116 0.6307677 0.6376280 0.6321847 0.4534351 0.6253881 0.6503327 0.3985374 0.6757662 0.6560293 0.6327533 0.5594485 0.0909208 0.4699959 0.6397452 0.3747932 0.3907369 0.6117085 0.5258177 0.5843690 0.5210549 0.4230180 0.6313019 0.7376204 0.6302084 0.7052054 0.6720303 0.3549891 0.5814480 0.6631472 0.7020434 0.6475390 0.5739025 0.6425806 0.2997597 0.6876784 0.7075313 0.6556537 0.5249160 0.2976964 0.5941114 0.7104840 0.2982259 0.4436413 
Perityle_cernua_84                         0.1414056 0.1261347 0.0361094 0.3040824 0.1260136 0.1510295 0.2419797 0.3910222 0.1980913 0.1053824 0.0334412 0.0507101 0.0405087 0.0233376 0.1104914 0.0561297 0.1123720 0.1117468 0.6449673 0.0000000 0.0334226 0.1288603 0.0530465 0.2192344 0.0308738 0.1482850 0.0645727 0.1443124 0.1831213 0.1044351 0.1417715 0.1879461 0.0320412 0.0881596 0.1074850 0.0218115 0.1238313 0.1205928 0.0369171 0.0462926 0.1465458 0.0507668 0.1237288 0.1044660 0.0351182 0.0339139 0.0332491 0.0944103 0.0507924 0.0319907 0.0511291 0.0000010 0.0213160 0.1014248 0.0475831 0.0329767 0.0887243 0.0423251 0.1156490 0.0998910 0.0650944 0.0388617 0.1429560 0.1040180 0.1528519 0.1121636 0.0251979 0.0886573 0.0519042 0.1340309 0.0345955 0.0453553 0.0712777 0.0415234 0.1101110 0.1238548 0.0426623 0.0451081 0.1035225 0.0304817 0.1508264 0.1190274 0.1059892 
Perityle_cfvillosa_25_tin                  0.1344141 0.1287715 0.0361094 0.2907386 0.1233978 0.1539154 0.2296718 0.3291284 0.1704980 0.1224314 0.0215821 0.0333286 0.0386412 0.0116352 0.0890215 0.0512352 0.1206406 0.1088957 0.5465289 0.0334226 0.0000000 0.1168450 0.0407554 0.2124709 0.0402618 0.1540201 0.0518588 0.1268583 0.1786866 0.0958821 0.1618194 0.1675927 0.0319848 0.0861717 0.1006173 0.0363198 0.0807173 0.1245869 0.0201931 0.0349962 0.0984531 0.0318821 0.1010181 0.0977473 0.0404638 0.0348807 0.0330309 0.0859878 0.0605833 0.0201581 0.0289282 0.0000010 0.0281552 0.0940713 0.0472590 0.0347042 0.0779267 0.0123031 0.1054835 0.1028756 0.0479684 0.0304560 0.1225620 0.1184292 0.1286887 0.1291965 0.0351785 0.0456745 0.0392869 0.1242564 0.0085555 0.0362190 0.0455492 0.0377324 0.1188129 0.1262290 0.0498196 0.0357434 0.1065369 0.0274007 0.1535524 0.1220147 0.1056673 
Perityle_cinerea_113_Powell1310            0.2425342 0.2253934 0.0361094 0.2947013 0.2674956 0.2667373 0.2775374 0.3271440 0.1748709 0.2674170 0.1281554 0.1120770 0.1327933 0.1120770 0.1993824 0.1338390 0.2352687 0.2026598 0.3883236 0.1288603 0.1168450 0.0000000 0.1378159 0.0169487 0.0061376 0.1402454 0.1342425 0.1739612 0.2082285 0.1712646 0.3202139 0.1748709 0.1229948 0.1425870 0.1445431 0.1170841 0.1887887 0.1828261 0.1174249 0.1172371 0.1962539 0.1180203 0.1962539 0.1951630 0.1283231 0.1180203 0.1400469 0.1528107 0.1333167 0.1178045 0.1172371 0.0000010 0.1329022 0.1786505 0.1395727 0.1274621 0.1120770 0.1222139 0.1606376 0.1908974 0.1614307 0.1226688 0.2197296 0.1512039 0.2058996 0.2612594 0.1380991 0.1490667 0.1378159 0.1821993 0.1173596 0.1225227 0.1221020 0.0846508 0.2393959 0.2304089 0.1279506 0.1335264 0.1172600 0.1168450 0.2464223 0.1987490 0.1987490 
Perityle_coahuilensis_24                   0.1391361 0.1284405 0.0361094 0.3146528 0.1259490 0.1569339 0.2379664 0.4095751 0.2019445 0.1130911 0.1165449 0.1134569 0.0644775 0.0311720 0.1194961 0.0626295 0.1184281 0.1522118 0.6648081 0.0530465 0.0407554 0.1378159 0.0000000 0.2134247 0.0372150 0.1602502 0.0663800 0.1634780 0.1767971 0.1117317 0.1508176 0.1907480 0.0402793 0.0973487 0.1314206 0.0452390 0.1584297 0.1207864 0.1196713 0.1151280 0.1740780 0.1213113 0.1225960 0.1030147 0.0576750 0.0448254 0.0350377 0.1068831 0.0852339 0.1060304 0.1195369 0.0086580 0.0262159 0.1003254 0.0492772 0.0347642 0.0939918 0.1159646 0.1129610 0.1032613 0.0711575 0.0735855 0.1743273 0.1223561 0.1557665 0.1459134 0.0352500 0.1402914 0.0041304 0.1727155 0.0793194 0.0536847 0.1263564 0.0482512 0.1094902 0.1244081 0.0827820 0.0413943 0.1026072 0.0370947 0.2071961 0.1276333 0.1092944 
Perityle_cochisensis_44_cave_creek         0.2719818 0.1961815 0.0558458 0.3568877 0.2499456 0.1019311 0.3227492 0.2910143 0.2539606 0.2686162 0.2314864 0.2186842 0.1874541 0.2165262 0.2411545 0.1403027 0.2367773 0.2367640 0.3439003 0.2192344 0.2124709 0.0169487 0.2134247 0.0000000 0.1403727 0.2128115 0.2253559 0.2636280 0.1905848 0.1533567 0.0887435 0.2260725 0.2252931 0.2124739 0.2489268 0.2184904 0.2143681 0.2391446 0.2198932 0.2197863 0.2724885 0.2142699 0.2635859 0.1540292 0.2296876 0.2142699 0.1734997 0.2540727 0.2201639 0.2192243 0.2188915 0.0102563 0.2138254 0.2575217 0.1662386 0.1409246 0.2383619 0.1689624 0.2284736 0.1981701 0.0661162 0.2260110 0.2751201 0.2820555 0.2393449 0.2482163 0.1403758 0.2186001 0.2135247 0.2438330 0.2136156 0.2262789 0.2184904 0.1308272 0.2731943 0.2362122 0.2194493 0.1561168 0.1632313 0.2128680 0.2674306 0.1473127 0.1473127 
Perityle_congesta_202                      0.1145400 0.0998264 0.0453893 0.2392286 0.1147559 0.1168352 0.2520227 0.1899912 0.0899529 0.0885811 0.0372925 0.0371658 0.0434672 0.0371388 0.1085989 0.0405186 0.0831761 0.0837022 0.0691212 0.0308738 0.0402618 0.0061376 0.0372150 0.1403727 0.0000000 0.2589167 0.0500837 0.1257315 0.2098553 0.0941116 0.0852806 0.0899529 0.0372786 0.0341155 0.0663580 0.0372830 0.0890453 0.0540353 0.0436327 0.0277364 0.0831310 0.0340869 0.0799618 0.0989788 0.0371316 0.0340869 0.0470802 0.0696881 0.0729618 0.0404145 0.0277364 0.0087142 0.0371477 0.1071427 0.0500333 0.0378802 0.0340194 0.0466889 0.1285701 0.0868666 0.0718905 0.0437251 0.1402008 0.2136835 0.0767356 0.0976332 0.0408168 0.0498664 0.0372150 0.1142745 0.0371488 0.0403487 0.0308502 0.0255321 0.0866443 0.1004257 0.0663621 0.0444576 0.1079535 0.0308502 0.1185554 0.0989114 0.0989114 
Perityle_cordifolia_27                     0.2870207 0.2827113 0.0361094 0.4138347 0.2375427 0.1945691 0.3257573 0.6241503 0.3313784 0.2494456 0.1551791 0.1465031 0.1577671 0.1928696 0.2139944 0.1835651 0.2153296 0.2620872 0.5874602 0.1482850 0.1540201 0.1402454 0.1602502 0.2128115 0.2589167 0.0000000 0.1856631 0.2551308 0.2061427 0.2744664 0.1599049 0.3200035 0.1544957 0.2489660 0.2051777 0.1496796 0.2301675 0.2934653 0.1616436 0.1451242 0.2067747 0.1506306 0.2068178 0.2328853 0.1739756 0.1556776 0.1688494 0.1873585 0.1699511 0.1579813 0.1463075 0.0000010 0.1534357 0.1832062 0.1862215 0.1556665 0.1574961 0.1576221 0.2136564 0.1874001 0.1036067 0.1673628 0.2354334 0.0664372 0.3111485 0.2444249 0.1784376 0.1753967 0.1602502 0.2573849 0.1638918 0.1568187 0.1723616 0.2191038 0.2244364 0.2221284 0.1558756 0.1693315 0.2733278 0.1538032 0.2787307 0.2853634 0.2141678 
Perityle_cordifolia_68_tecolote            0.1353379 0.1231160 0.0272123 0.2896285 0.1360708 0.1538895 0.2485140 0.3226537 0.1743722 0.1166325 0.0601340 0.0665761 0.0678372 0.0352462 0.1175434 0.0855634 0.1399768 0.1304296 0.6469104 0.0645727 0.0518588 0.1342425 0.0663800 0.2253559 0.0500837 0.1856631 0.0000000 0.1478634 0.1821313 0.0884507 0.1680402 0.1704431 0.0656100 0.1005542 0.1204011 0.0635543 0.0977249 0.1229379 0.0522073 0.0642293 0.1152708 0.0667194 0.1167404 0.0923824 0.0676558 0.0656602 0.0518759 0.1066138 0.0907067 0.0511257 0.0572504 0.0351604 0.0432799 0.1095183 0.0202581 0.0598145 0.1257888 0.0537795 0.1108786 0.1099949 0.0857251 0.0576483 0.1412195 0.1395190 0.1322965 0.1222322 0.0617486 0.0716422 0.0650842 0.1324051 0.0522005 0.0691296 0.0688609 0.0557618 0.1201768 0.1267062 0.0733637 0.0752643 0.1072202 0.0597902 0.1692423 0.1318075 0.1226613 
Perityle_coronopifolia_28_patagonia        0.1823136 0.1576765 0.0361703 0.3268911 0.1847242 0.1960909 0.2432041 0.3788949 0.2432390 0.1637436 0.1483358 0.1692599 0.1444124 0.1078664 0.0578791 0.1571121 0.1812396 0.1410623 0.6904178 0.1443124 0.1268583 0.1739612 0.1634780 0.2636280 0.1257315 0.2551308 0.1478634 0.0000000 0.2431632 0.1439772 0.2121213 0.2278970 0.1456683 0.1634256 0.1646198 0.1451256 0.1692101 0.2102467 0.1403982 0.1687940 0.2087033 0.1724876 0.1745960 0.1117370 0.1516020 0.1477801 0.1430271 0.1445558 0.1490945 0.1398927 0.1517882 0.0352549 0.1359476 0.0746217 0.1403321 0.1366988 0.2013150 0.1253258 0.0655887 0.1338999 0.1317092 0.1379461 0.0269517 0.2230373 0.2230391 0.1831095 0.1250923 0.1933260 0.1635998 0.2028829 0.1349342 0.1593947 0.1932388 0.1184118 0.1713056 0.1656066 0.1441922 0.1487509 0.0776642 0.1414626 0.2068036 0.1469785 0.1553479 
Perityle_crassifolia_70_ventanas           0.1908018 0.2443904 0.0359977 0.2661650 0.1954377 0.2118844 0.2435926 0.4096985 0.2728203 0.1947183 0.1885804 0.1786956 0.1824452 0.2107430 0.2145922 0.2032182 0.2020879 0.2471948 0.5701762 0.1831213 0.1786866 0.2082285 0.1767971 0.1905848 0.2098553 0.2061427 0.1821313 0.2431632 0.0000000 0.1223403 0.1651566 0.2728203 0.1710749 0.2458953 0.1991554 0.1757056 0.1514942 0.3273208 0.1687930 0.1760697 0.1922658 0.1757412 0.1956412 0.2177602 0.1885021 0.1826037 0.1937886 0.1872373 0.2022235 0.1689628 0.1618119 0.0811723 0.1940196 0.1836588 0.1907677 0.1862711 0.1720356 0.1751067 0.2091356 0.1826496 0.1671549 0.1816612 0.2351743 0.2162375 0.2214634 0.2006533 0.2192254 0.1975459 0.1767971 0.0874016 0.1794007 0.1749082 0.2193295 0.2173140 0.2022051 0.2070122 0.1659165 0.1822737 0.2538118 0.1784446 0.1965510 0.2649912 0.2196621 
Perityle_crassifolia_74_playa_balandra     0.1336642 0.1263087 0.0268493 0.2267105 0.1622446 0.1415604 0.2791309 0.2342535 0.1047773 0.1456987 0.1042925 0.1038546 0.1119291 0.0969595 0.1300805 0.1127466 0.1326628 0.1523288 0.3695815 0.1044351 0.0958821 0.1712646 0.1117317 0.1533567 0.0941116 0.2744664 0.0884507 0.1439772 0.1223403 0.0000000 0.1461481 0.1047773 0.1082094 0.1161351 0.1341789 0.1040109 0.1083511 0.1485521 0.0921940 0.0998565 0.1449680 0.1043283 0.1408830 0.1327743 0.1085155 0.1043283 0.1094083 0.1368211 0.1004412 0.1000698 0.0998565 0.0627061 0.1037862 0.1244329 0.0884507 0.1083804 0.0956779 0.1042167 0.1384683 0.1280992 0.1040778 0.1000146 0.1507093 0.2894560 0.1081666 0.1171607 0.1078346 0.1120010 0.1117317 0.0138526 0.0963636 0.1039337 0.1035137 0.1010092 0.1357745 0.1374496 0.1003734 0.1084001 0.1366701 0.0998205 0.1713498 0.1447108 0.1470188 
Perityle_cuneata_4                         0.1664802 0.1726743 0.0565164 0.2664728 0.1339945 0.1293703 0.1918091 0.4989113 0.2594104 0.1652087 0.1521284 0.1466146 0.1442237 0.1815779 0.1630129 0.1862926 0.1479149 0.2172119 0.7067694 0.1417715 0.1618194 0.3202139 0.1508176 0.0887435 0.0852806 0.1599049 0.1680402 0.2121213 0.1651566 0.1461481 0.0000000 0.2594104 0.1504336 0.2369394 0.1677492 0.1441889 0.1517887 0.2733825 0.1381684 0.1390548 0.1706245 0.1495766 0.1709133 0.1561009 0.1634860 0.1554538 0.1586014 0.1521624 0.1607256 0.1523610 0.1379757 0.0811148 0.1460167 0.1567346 0.1696482 0.1538627 0.1465275 0.1413494 0.1686532 0.2005485 0.1663296 0.1490313 0.2021510 0.1654167 0.2808523 0.1546996 0.1803306 0.1733356 0.1508176 0.1557289 0.1526713 0.1541458 0.1851725 0.1541634 0.1581601 0.1490616 0.1438340 0.1629274 0.1914758 0.1649651 0.1953058 0.2104068 0.1738500 
Perityle_discoidea_81                      0.1997071 0.1100736 0.0089525 0.3512989 0.1765163 0.1175545 0.3088866 0.3458448 0.0014032 0.2123780 0.1873638 0.1929061 0.1934073 0.1189198 0.1991575 0.1905259 0.1679364 0.2136363 0.5462356 0.1879461 0.1675927 0.1748709 0.1907480 0.2260725 0.0899529 0.3200035 0.1704431 0.2278970 0.2728203 0.1047773 0.2594104 0.0000000 0.1737923 0.1821371 0.1994081 0.1876872 0.2017626 0.1641034 0.1900094 0.1824242 0.2015263 0.1890571 0.2018813 0.1380062 0.1835817 0.1800702 0.1269831 0.1984667 0.1980744 0.1882184 0.1890910 0.0441546 0.1180028 0.1772407 0.1074808 0.1441916 0.2381747 0.1932746 0.1898730 0.1250944 0.1342916 0.2090053 0.2089478 0.2786503 0.2100123 0.1973166 0.1368934 0.2071251 0.1907480 0.1805296 0.1900893 0.1905936 0.1901777 0.1171049 0.1828460 0.2032639 0.1898747 0.2122534 0.1508221 0.1731979 0.2190646 0.1279638 0.1640823 
Perityle_dissecta_201                      0.1244804 0.1321625 0.0457263 0.2972839 0.1339069 0.1557232 0.2452835 0.3666512 0.1773044 0.1067904 0.0297745 0.0218181 0.0382176 0.0193587 0.1161650 0.0597450 0.1213179 0.1099205 0.6551647 0.0320412 0.0319848 0.1229948 0.0402793 0.2252931 0.0372786 0.1544957 0.0656100 0.1456683 0.1710749 0.1082094 0.1504336 0.1737923 0.0000000 0.0783322 0.1141863 0.0296690 0.0858498 0.1143887 0.0376267 0.0322357 0.1062017 0.0218224 0.1063383 0.0953000 0.0381226 0.0256989 0.0253499 0.0991295 0.0566768 0.0305712 0.0344448 0.0087060 0.0246624 0.0965189 0.0518996 0.0329744 0.0787143 0.0432799 0.1131830 0.0979702 0.0652248 0.0366239 0.1631896 0.1101940 0.1510240 0.1149556 0.0327020 0.0534298 0.0391181 0.1347716 0.0353116 0.0234819 0.0321123 0.0413832 0.1097843 0.1240122 0.0379489 0.0476168 0.1067815 0.0183921 0.1578082 0.1251330 0.1106785 
Perityle_emoryi_47_punta_san_jose          0.1613771 0.1158347 0.0361094 0.3097740 0.1597693 0.1421581 0.2620520 0.3187647 0.1822130 0.1463638 0.0927261 0.0842754 0.0922712 0.0301853 0.1286478 0.1055527 0.1589571 0.1646774 0.5219813 0.0881596 0.0861717 0.1425870 0.0973487 0.2124739 0.0341155 0.2489660 0.1005542 0.1634256 0.2458953 0.1161351 0.2369394 0.1821371 0.0783322 0.0000000 0.1202686 0.0895711 0.1083063 0.1212173 0.0897130 0.0833223 0.1209999 0.0827382 0.1214338 0.0924433 0.0943236 0.0860693 0.0412874 0.1161376 0.1230635 0.0860948 0.0796390 0.0000010 0.0409228 0.1088511 0.0669906 0.0550716 0.1381205 0.0969377 0.1438596 0.0971524 0.0823428 0.0959799 0.1635633 0.1745532 0.1327509 0.1497165 0.0538480 0.0931167 0.0957698 0.1689750 0.0912949 0.0889275 0.0861450 0.0485583 0.1503756 0.1620851 0.1006082 0.1081936 0.1107436 0.0842356 0.1868390 0.1336545 0.1226733 
Perityle_feddemae_99                       0.1556699 0.1195598 0.0361094 0.3106835 0.1416657 0.1436207 0.2385690 0.3828624 0.2176788 0.1437766 0.1171792 0.1416344 0.1063228 0.0808631 0.1385714 0.1252581 0.1352913 0.1307627 0.6634792 0.1074850 0.1006173 0.1445431 0.1314206 0.2489268 0.0663580 0.2051777 0.1204011 0.1646198 0.1991554 0.1341789 0.1677492 0.1994081 0.1141863 0.1202686 0.0000000 0.1091554 0.1341588 0.1539845 0.1184776 0.1370378 0.1357244 0.1407664 0.1009078 0.0903677 0.1115122 0.1143034 0.1001248 0.0260752 0.1289600 0.1032566 0.1316320 0.0000010 0.0910918 0.1081806 0.1051606 0.0908548 0.1578121 0.1049015 0.1300309 0.1193004 0.1003002 0.1184383 0.1604132 0.1826091 0.1928626 0.1498764 0.0922090 0.1686627 0.1302635 0.1556765 0.1157912 0.1363744 0.1648197 0.0851733 0.1382703 0.1331856 0.1198850 0.1162274 0.1187617 0.1065227 0.1672698 0.1372309 0.1302174 
Perityle_fosteri_93                        0.1428285 0.1257474 0.0361094 0.3008469 0.1269244 0.1543098 0.2350310 0.3843698 0.1960614 0.1072953 0.0357994 0.0381465 0.0405359 0.0193629 0.1126419 0.0612548 0.1139779 0.1127769 0.6309750 0.0218115 0.0363198 0.1170841 0.0452390 0.2184904 0.0372830 0.1496796 0.0635543 0.1451256 0.1757056 0.1040109 0.1441889 0.1876872 0.0296690 0.0895711 0.1091554 0.0000000 0.1213444 0.1197858 0.0394082 0.0395222 0.1270332 0.0382200 0.1266500 0.0975953 0.0319829 0.0328338 0.0351253 0.0968314 0.0538348 0.0343707 0.0421593 0.0000010 0.0262691 0.1026979 0.0495248 0.0348784 0.0891698 0.0465904 0.1169981 0.0975927 0.0512644 0.0412206 0.1423016 0.1024828 0.1524427 0.1146470 0.0276375 0.0661149 0.0440672 0.1263397 0.0382038 0.0378432 0.0503899 0.0342819 0.1063901 0.1286074 0.0429467 0.0501627 0.0995295 0.0290774 0.1538004 0.1311172 0.1189145 
Perityle_gamon_221                         0.1713795 0.1164206 0.0453887 0.3277924 0.1280343 0.1394652 0.2143363 0.3743661 0.2129692 0.1544381 0.1598961 0.1856828 0.1408501 0.0731643 0.1397435 0.1100518 0.1178716 0.1633561 0.6906737 0.1238313 0.0807173 0.1887887 0.1584297 0.2143681 0.0890453 0.2301675 0.0977249 0.1692101 0.1514942 0.1083511 0.1517887 0.2017626 0.0858498 0.1083063 0.1341588 0.1213444 0.0000000 0.1469772 0.1374405 0.1824080 0.1515534 0.1874909 0.1493077 0.0329071 0.1374365 0.0939196 0.0822888 0.1252085 0.1388084 0.1239187 0.1836084 0.0349543 0.0721152 0.0738260 0.0936188 0.0813441 0.1952035 0.1436810 0.0959374 0.0861881 0.1002607 0.1316126 0.1154789 0.1567811 0.1639590 0.1631088 0.0854468 0.2123219 0.1572886 0.1784953 0.1314977 0.1627732 0.2033454 0.0835572 0.1171659 0.1344477 0.1054061 0.1026538 0.0849819 0.0807115 0.2062350 0.1249348 0.1102569 
Perityle_gentryi_8_san_francisco           0.1820345 0.1255157 0.0547752 0.3668573 0.1816421 0.1482496 0.3144435 0.3815486 0.1667546 0.1661461 0.1197097 0.1208433 0.1371251 0.0621999 0.1718810 0.1521044 0.1699766 0.1907713 0.6824013 0.1205928 0.1245869 0.1828261 0.1207864 0.2391446 0.0540353 0.2934653 0.1229379 0.2102467 0.3273208 0.1485521 0.2733825 0.1641034 0.1143887 0.1212173 0.1539845 0.1197858 0.1469772 0.0000000 0.1185870 0.1169741 0.1510014 0.1210572 0.1532005 0.1063408 0.1187656 0.1246732 0.0703967 0.1484695 0.1352543 0.1167649 0.1230237 0.0173839 0.0555312 0.1497378 0.0896725 0.0889437 0.1987643 0.1430889 0.1783432 0.0961104 0.1027632 0.1263129 0.2036962 0.1992956 0.1686095 0.1686891 0.0732552 0.1345338 0.1194232 0.2059920 0.1207832 0.1275957 0.1240761 0.0882272 0.1736497 0.1769196 0.1207370 0.1604585 0.1150814 0.1184239 0.2155609 0.1463123 0.1740363 
Perityle_gilensis_22_Superstition          0.1399326 0.1131782 0.0270304 0.2848284 0.1239310 0.1468430 0.2335837 0.4008761 0.2014827 0.1073133 0.0715352 0.1461468 0.0442266 0.0233942 0.1064668 0.0682331 0.1191217 0.1255337 0.6332368 0.0369171 0.0201931 0.1174249 0.1196713 0.2198932 0.0436327 0.1616436 0.0522073 0.1403982 0.1687930 0.0921940 0.1381684 0.1900094 0.0376267 0.0897130 0.1184776 0.0394082 0.1374405 0.1185870 0.0000000 0.1726727 0.1700923 0.1595455 0.1251570 0.1012283 0.0440323 0.0437370 0.0351716 0.0989936 0.0595419 0.0207302 0.1586907 0.0086580 0.0313276 0.1027391 0.0454310 0.0368353 0.0942878 0.0206521 0.0990153 0.1056517 0.0614158 0.0352942 0.1427437 0.1188337 0.1568950 0.1158319 0.0353953 0.1789129 0.1307678 0.1350158 0.0247826 0.1285026 0.1751976 0.0378380 0.1106775 0.1252283 0.0436029 0.0484633 0.1033659 0.0372350 0.1536221 0.1253397 0.1078641 
Perityle_gilensis_salensis_225             0.1384492 0.1224519 0.0361094 0.2983497 0.1353143 0.1539904 0.2397196 0.3917859 0.1929507 0.0956789 0.1530420 0.0333224 0.0482204 0.0233404 0.1309310 0.0630762 0.1123349 0.1365244 0.6376116 0.0462926 0.0349962 0.1172371 0.1151280 0.2197863 0.0277364 0.1451242 0.0642293 0.1687940 0.1760697 0.0998565 0.1390548 0.1824242 0.0322357 0.0833223 0.1370378 0.0395222 0.1824080 0.1169741 0.1726727 0.0000000 0.1509375 0.0358788 0.1143892 0.0948321 0.0498095 0.0388330 0.0271690 0.1139445 0.0631665 0.0831864 0.0204500 0.0000010 0.0212748 0.0966993 0.0473889 0.0290024 0.0987637 0.1455755 0.1107948 0.1017235 0.0578841 0.0685097 0.1657962 0.1108412 0.1464824 0.1335040 0.0200057 0.0707670 0.1249604 0.1530258 0.0692498 0.1245576 0.0667820 0.0377426 0.1028134 0.1201351 0.0717386 0.0485311 0.1104693 0.0318732 0.2120543 0.1161823 0.0974839 
Perityle_glaucescens_94                    0.1624536 0.1310964 0.0453893 0.3139277 0.1275662 0.1354245 0.2244555 0.4033520 0.2134610 0.1615675 0.1711458 0.1538916 0.1560695 0.0866102 0.1441647 0.1099536 0.1312512 0.1823697 0.6307677 0.1465458 0.0984531 0.1962539 0.1740780 0.2724885 0.0831310 0.2067747 0.1152708 0.2087033 0.1922658 0.1449680 0.1706245 0.2015263 0.1062017 0.1209999 0.1357244 0.1270332 0.1515534 0.1510014 0.1700923 0.1509375 0.0000000 0.1539789 0.0062411 0.0955682 0.1393992 0.1065146 0.0958919 0.1183074 0.1693458 0.1597352 0.1490968 0.0442991 0.0873828 0.0935192 0.1008085 0.0865958 0.1641788 0.1727354 0.1357076 0.0988495 0.1003218 0.1741048 0.1422443 0.1804930 0.1792022 0.1975605 0.1005700 0.1697587 0.1712928 0.2093030 0.1701701 0.1690697 0.1722426 0.1004831 0.1354381 0.1534397 0.1678188 0.1196806 0.1320074 0.0968952 0.2320165 0.1327341 0.1162196 
Perityle_gracilis_11                       0.1382548 0.1259336 0.0457263 0.3047147 0.1308520 0.1545506 0.2410246 0.4027559 0.2005789 0.1084118 0.1434312 0.0177001 0.0659005 0.0194097 0.1280612 0.0526436 0.1190460 0.1451888 0.6376280 0.0507668 0.0318821 0.1180203 0.1213113 0.2142699 0.0340869 0.1506306 0.0667194 0.1724876 0.1757412 0.1043283 0.1495766 0.1890571 0.0218224 0.0827382 0.1407664 0.0382200 0.1874909 0.1210572 0.1595455 0.0358788 0.1539789 0.0000000 0.1144571 0.1009487 0.0506408 0.0059080 0.0331476 0.1187903 0.0840799 0.0833665 0.0341343 0.0087060 0.0279356 0.0995253 0.0452908 0.0308893 0.0678228 0.1506680 0.1137305 0.0995350 0.0580858 0.0706848 0.1583235 0.1131224 0.1580172 0.1444556 0.0276307 0.0748501 0.1288843 0.1562942 0.0713930 0.0991198 0.0610767 0.0343721 0.1115559 0.1290198 0.0648698 0.0432518 0.1033659 0.0130608 0.2202562 0.1253379 0.1099971 
Perityle_harkerae_31                       0.1610790 0.1282220 0.0453893 0.2956523 0.1285687 0.1319825 0.2233245 0.3883026 0.2149234 0.1586228 0.1264851 0.1143123 0.1295713 0.0873963 0.1376944 0.1083824 0.1289171 0.1472415 0.6321847 0.1237288 0.1010181 0.1962539 0.1225960 0.2635859 0.0799618 0.2068178 0.1167404 0.1745960 0.1956412 0.1408830 0.1709133 0.2018813 0.1063383 0.1214338 0.1009078 0.1266500 0.1493077 0.1532005 0.1251570 0.1143892 0.0062411 0.1144571 0.0000000 0.0899256 0.1337484 0.1066399 0.0938718 0.0933565 0.1396905 0.1167122 0.1114061 0.0442991 0.0880254 0.0939092 0.0986860 0.0845992 0.1635734 0.1250793 0.1343309 0.1011979 0.1003218 0.1294092 0.1412366 0.1816402 0.1790973 0.1595191 0.0979487 0.1229752 0.1212115 0.1733403 0.1252215 0.1231315 0.1266978 0.0968171 0.1315344 0.1509235 0.1242395 0.1180840 0.1287539 0.0988468 0.1968512 0.1300638 0.1164545 
Perityle_hofmeisteria_4_nombre_de_dios     0.1286737 0.1213655 0.0546128 0.3425951 0.1535584 0.1493116 0.2774414 0.3091846 0.1380062 0.1494055 0.1040731 0.1008087 0.1064632 0.0954138 0.0758151 0.1084966 0.1347891 0.1472353 0.4534351 0.1044660 0.0977473 0.1951630 0.1030147 0.1540292 0.0989788 0.2328853 0.0923824 0.1117370 0.2177602 0.1327743 0.1561009 0.1380062 0.0953000 0.0924433 0.0903677 0.0975953 0.0329071 0.1063408 0.1012283 0.0948321 0.0955682 0.1009487 0.0899256 0.0000000 0.1039789 0.1009487 0.1046620 0.0865441 0.1163511 0.1008464 0.0948321 0.0438107 0.0977076 0.0640564 0.1011523 0.1006565 0.0946753 0.1039428 0.0893389 0.1273612 0.0971648 0.1037515 0.1195907 0.2614163 0.1254783 0.1352870 0.1025132 0.1067196 0.1030147 0.1489940 0.0952382 0.1064862 0.1014333 0.0996471 0.1248838 0.0956257 0.0949019 0.1131782 0.0956932 0.0977578 0.1836798 0.1480588 0.1343274 
Perityle_huecosensis_48                    0.1473545 0.1290920 0.0361094 0.3100944 0.1322437 0.1509897 0.2518614 0.3946043 0.1852608 0.1143858 0.0449985 0.0506952 0.0509773 0.0223925 0.1207352 0.0680614 0.1184163 0.1215342 0.6253881 0.0351182 0.0404638 0.1283231 0.0576750 0.2296876 0.0371316 0.1739756 0.0676558 0.1516020 0.1885021 0.1085155 0.1634860 0.1835817 0.0381226 0.0943236 0.1115122 0.0319829 0.1374365 0.1187656 0.0440323 0.0498095 0.1393992 0.0506408 0.1337484 0.1039789 0.0000000 0.0442538 0.0371542 0.0995298 0.0643532 0.0378994 0.0522073 0.0086155 0.0309771 0.0999943 0.0495768 0.0388549 0.0956523 0.0501337 0.1238212 0.1033711 0.0580576 0.0474293 0.1739096 0.1279485 0.1611151 0.1186737 0.0327914 0.0882028 0.0565294 0.1420076 0.0448997 0.0494348 0.0657513 0.0413869 0.1212906 0.1300148 0.0522164 0.0571843 0.1104858 0.0372510 0.1588834 0.1279516 0.1143624 
