85
Amauria_brandeegeana_62                    0.0000000 0.1011438 0.1718479 0.3141041 0.1972107 0.1845480 0.2068070 0.4601903 0.1505644 0.3263575 0.1454909 0.1984124 0.1580189 0.1215050 0.2134910 0.1473320 0.1406458 0.1174561 0.1532262 0.1465333 0.1479026 0.0967448 0.1520256 0.1272182 0.1473266 0.1575373 0.1331293 0.2089098 0.1384418 0.1181395 0.1627953 0.1681612 0.0909738 0.1489964 0.1964759 0.1882799 0.1550144 0.1930954 0.1472783 0.1466786 0.1530367 0.1947742 0.1393263 0.1562036 0.2019234 0.1575426 0.1518172 0.2803884 0.1915609 0.1500099 0.1450428 0.1359273 0.1548939 0.1241088 0.2223204 0.1115961 0.1950073 0.2467985 0.1526849 0.2172230 0.2259501 0.1906027 0.0941472 0.1512922 0.2232682 0.1474032 0.1763930 0.2234298 0.0796601 0.1458396 0.1492404 0.1585821 0.1998532 0.1474020 0.1437881 0.0699192 0.1530398 0.1453448 0.1343279 0.1504592 0.3359968 0.1478521 0.1732931 0.1986574 0.0712763 
Amauria_carterae_99_mesa                   0.1011438 0.0000000 0.1177289 0.2194580 0.0926479 0.1426081 0.1567169 0.2473495 0.0859032 0.1234999 0.0961430 0.1027828 0.1069758 0.1070500 0.1074113 0.0870523 0.1039781 0.0908659 0.1102677 0.1015851 0.0964169 0.1198300 0.0990669 0.1079806 0.1014338 0.1151283 0.1101414 0.1200183 0.0808274 0.0808978 0.1022507 0.0893999 0.0982218 0.0991618 0.0808274 0.1331347 0.1017311 0.1276275 0.1105916 0.1044651 0.1014599 0.1332622 0.0990139 0.1171666 0.1312311 0.0934481 0.0990669 0.1068738 0.1194832 0.0962454 0.0987118 0.1019066 0.1096581 0.1098075 0.1376551 0.1158935 0.1620991 0.0990139 0.0946021 0.1251545 0.2524177 0.1486445 0.0870357 0.0991460 0.1253744 0.1219361 0.1156131 0.1109945 0.0960604 0.0959089 0.0992627 0.0834123 0.1071968 0.1045397 0.0991618 0.0986776 0.1185380 0.0912025 0.1014471 0.1019422 0.2471217 0.0964169 0.0808274 0.1373436 0.0811097 
Amauria_rotundifolia_SRR9119150            0.1718479 0.1177289 0.0000000 0.3276359 0.1945350 0.1845799 0.2123381 0.4355048 0.1726514 0.3278004 0.1605559 0.2010594 0.1672649 0.1520836 0.2182053 0.1637054 0.1322367 0.1387664 0.1617079 0.1561032 0.1584113 0.1056751 0.1626894 0.1484756 0.1622958 0.1657323 0.1540376 0.2222081 0.1575798 0.1370154 0.1547897 0.1682504 0.1398826 0.1640697 0.2277225 0.2016393 0.1609996 0.2005103 0.1624315 0.1606325 0.1610695 0.2108552 0.1669107 0.1728012 0.2107215 0.1687843 0.1627009 0.2967594 0.2084448 0.1607603 0.1600547 0.1574198 0.1635511 0.1292463 0.2248925 0.1095282 0.2124682 0.2659914 0.1582308 0.2337123 0.2208382 0.2010901 0.1088655 0.1622824 0.2348173 0.1556717 0.1781443 0.2027098 0.0951587 0.1644446 0.1584572 0.1746838 0.2214553 0.1513296 0.1570238 0.0872644 0.1651048 0.1452531 0.1481164 0.1608629 0.3236264 0.1599648 0.1976501 0.2055661 0.0977781 
Conoclinium_coelestinum_SRR9119114         0.3141041 0.2194580 0.3276359 0.0000000 0.2696972 0.1748248 0.2732380 0.4763878 0.2533633 0.4643253 0.3030002 0.3451030 0.3006600 0.2940106 0.3385085 0.3041164 0.2280395 0.2188694 0.3197163 0.3051355 0.2909998 0.2437603 0.2935589 0.2131982 0.2924079 0.3008465 0.2330286 0.3172600 0.2530363 0.2262836 0.2851930 0.2826507 0.2596936 0.2924605 0.2867522 0.3302341 0.3253415 0.3143650 0.2486296 0.2952123 0.2904484 0.3317255 0.2859681 0.2364681 0.3139365 0.3101204 0.2934538 0.4379284 0.3524899 0.2972719 0.3103266 0.3105003 0.2916289 0.1891931 0.3420954 0.2473590 0.2520301 0.3462390 0.2935361 0.3404840 0.3629725 0.2837739 0.1642024 0.2979972 0.3544112 0.3306040 0.2467233 0.3287571 0.2175711 0.2972749 0.2914813 0.2917303 0.3065990 0.3109514 0.2804648 0.1708868 0.2171512 0.2824742 0.2509372 0.3053218 0.3518647 0.2934144 0.2870559 0.3113758 0.1738468 
Eutetras_palmeri_63                        0.1972107 0.0926479 0.1945350 0.2696972 0.0000000 0.1552041 0.2210236 0.4607119 0.1454951 0.3512531 0.1808430 0.2024685 0.1814048 0.1421060 0.1856411 0.1737531 0.1031745 0.1382810 0.1659978 0.1478851 0.1549641 0.0994759 0.1593262 0.1562028 0.1560495 0.1881641 0.1601630 0.1798585 0.1133044 0.1024540 0.1595619 0.1627844 0.1662099 0.1764369 0.1781983 0.1979549 0.1853953 0.2005542 0.1768768 0.1688706 0.1576713 0.1985663 0.1546973 0.1602206 0.2069441 0.1814929 0.1578071 0.3251913 0.1957072 0.1664719 0.1844694 0.1750448 0.1832581 0.1322841 0.1900755 0.1105276 0.2149764 0.2618861 0.1736073 0.1851627 0.2165007 0.1806082 0.1008983 0.1707356 0.1702613 0.1653104 0.1505222 0.1762444 0.0889414 0.1803773 0.1547584 0.1440037 0.1669411 0.1524166 0.1795110 0.0799053 0.1533147 0.1578000 0.1596147 0.1860978 0.2907540 0.1563691 0.1632875 0.1773183 0.0797391 
Eutrochium_fistulosum_SRR9119106           0.1845480 0.1426081 0.1845799 0.1748248 0.1552041 0.0000000 0.1964088 0.3626891 0.1984107 0.2575757 0.1758075 0.1782163 0.1848860 0.1615031 0.1927804 0.1656397 0.1416547 0.1498180 0.1808656 0.1716175 0.1730806 0.1450069 0.1747320 0.1822123 0.1761147 0.1705149 0.1827375 0.1977639 0.1771540 0.1529426 0.1827262 0.1610845 0.1719868 0.1791289 0.2132363 0.1944880 0.1824742 0.2064457 0.1857657 0.1730490 0.1807054 0.2010328 0.1666141 0.1759217 0.2143977 0.1739873 0.1747394 0.2156313 0.1793686 0.1722826 0.1721287 0.1764699 0.1828655 0.1515321 0.2008382 0.1679459 0.2067934 0.1725517 0.1760916 0.2097039 0.2821488 0.1816195 0.1001216 0.1685254 0.2038677 0.1921955 0.1807318 0.1831659 0.1195653 0.1749575 0.1729102 0.2023515 0.1869515 0.1749235 0.1711555 0.0942972 0.1787408 0.1610624 0.1544115 0.1742972 0.3656488 0.1767601 0.2084593 0.2470045 0.0970983 
Galeana_pratensis_104_mex                  0.2068070 0.1567169 0.2123381 0.2732380 0.2210236 0.1964088 0.0000000 0.4488746 0.1948889 0.3850397 0.1783674 0.2561350 0.1993725 0.1467520 0.1783792 0.1675911 0.1608298 0.1732627 0.1878625 0.1723057 0.1722247 0.1420225 0.1719226 0.1790167 0.1754771 0.2199650 0.2178086 0.2038121 0.1624097 0.1450826 0.1553038 0.1779734 0.1796349 0.1964666 0.1951706 0.2130696 0.1980900 0.2624072 0.2035614 0.1959188 0.1725526 0.2106752 0.1785619 0.1867561 0.2648506 0.2035476 0.1724201 0.3652284 0.2005130 0.1961520 0.1958569 0.1810641 0.2086845 0.1734027 0.2259438 0.1604071 0.2600620 0.3791229 0.1904866 0.2086920 0.2821137 0.2151126 0.1363650 0.1849445 0.2000900 0.2083183 0.2005018 0.1991738 0.1283192 0.1974630 0.1722247 0.1917969 0.1874418 0.1613261 0.1904978 0.1058410 0.2007212 0.1953082 0.1927233 0.1858536 0.2130743 0.1725541 0.1951706 0.1534155 0.1223777 
Helianthus_annuus_SRR9119062               0.4601903 0.2473495 0.4355048 0.4763878 0.4607119 0.3626891 0.4488746 0.0000000 0.4275282 0.5110475 0.4417745 0.4151419 0.4452669 0.3705697 0.4360335 0.4170705 0.3767098 0.3990770 0.4285354 0.4129943 0.3983702 0.2586553 0.4005465 0.3890453 0.4070850 0.4485510 0.3780819 0.4990062 0.3547172 0.2913519 0.4730077 0.4922842 0.3930140 0.4292629 0.4604585 0.4709493 0.4318317 0.4685035 0.3903408 0.4381974 0.4100689 0.4973348 0.3877227 0.4068855 0.4757218 0.4388312 0.4035028 0.4869743 0.4851663 0.4438605 0.4392454 0.4049402 0.4480280 0.3282237 0.5171131 0.2786216 0.2901626 0.4497775 0.4272855 0.4977794 0.4155145 0.4418728 0.2029456 0.4321791 0.4890459 0.4396623 0.4284443 0.5002359 0.1951110 0.4418490 0.3986668 0.4307783 0.4093895 0.3848068 0.4346005 0.1430021 0.4247753 0.4120389 0.3820237 0.4466899 0.4503815 0.4035281 0.4769978 0.3084156 0.1867639 
Lycapsus_tenuifolius_17                    0.1505644 0.0859032 0.1726514 0.2533633 0.1454951 0.1984107 0.1948889 0.4275282 0.0000000 0.3881266 0.1384529 0.1722778 0.1386307 0.1087027 0.1353749 0.1237859 0.1555099 0.1197240 0.1352923 0.1216347 0.1429207 0.0796266 0.1457487 0.1364786 0.1438403 0.1613719 0.1529837 0.1788316 0.0046747 0.0096471 0.1420405 0.1220560 0.1395062 0.1311414 0.0518339 0.1594356 0.1572157 0.1909145 0.1484314 0.1408222 0.1426664 0.1767001 0.1415328 0.1509560 0.1996833 0.1476571 0.1522511 0.3277181 0.1665020 0.1277813 0.1344679 0.1545489 0.1403151 0.1263092 0.1855470 0.0953396 0.1774738 0.2501694 0.1393127 0.1838655 0.1916918 0.1828859 0.0817626 0.1466466 0.1679494 0.1231598 0.1662015 0.1815497 0.0659021 0.1281151 0.1417119 0.0095333 0.1450568 0.1298591 0.1271719 0.0664012 0.1581460 0.1442593 0.1354546 0.1325550 0.2998246 0.1387648 0.0169262 0.1840595 0.0684212 
Pericome_caudata_50_silver                 0.3263575 0.1234999 0.3278004 0.4643253 0.3512531 0.2575757 0.3850397 0.5110475 0.3881266 0.0000000 0.2841178 0.3003112 0.3526373 0.1373074 0.3084123 0.2601633 0.1716634 0.2545783 0.2511625 0.2261439 0.3092187 0.1233028 0.3158382 0.2604419 0.3169712 0.3678996 0.3839038 0.4134284 0.2038200 0.1532957 0.3140747 0.3881582 0.3018569 0.3468161 0.4456438 0.4224681 0.2992279 0.3958029 0.3454176 0.3497095 0.3191539 0.4070849 0.3236610 0.2695529 0.3937553 0.3569711 0.3111892 0.3737082 0.3247200 0.3498456 0.2924672 0.3603321 0.3571259 0.2421983 0.3934525 0.1331286 0.2588060 0.3209236 0.3591493 0.4053412 0.2032434 0.3704829 0.1645380 0.3549949 0.3664248 0.1605578 0.3591358 0.3443555 0.1099374 0.3337809 0.3109940 0.2635132 0.3929825 0.2134405 0.3498453 0.0997600 0.3450037 0.3403675 0.3136613 0.3135403 0.3448793 0.3144726 0.3710817 0.1783231 0.1200146 
Perityle_aglossa_84_dead_horse             0.1454909 0.0961430 0.1605559 0.3030002 0.1808430 0.1758075 0.1783674 0.4417745 0.1384529 0.2841178 0.0000000 0.0539078 0.0351900 0.0228741 0.1050637 0.0266230 0.1400302 0.1186577 0.0308265 0.0230644 0.0240587 0.0094915 0.0252473 0.0380090 0.0313247 0.0469903 0.0398991 0.1987557 0.1117924 0.0977034 0.1484346 0.1510728 0.1231511 0.0285179 0.1911638 0.1782215 0.0195887 0.1558407 0.0512575 0.0255030 0.0325894 0.1839015 0.0290690 0.1499471 0.1604856 0.0261569 0.0276901 0.1330692 0.1777464 0.0228844 0.0273077 0.0339849 0.0442172 0.0172589 0.2064606 0.0383482 0.1281970 0.1153468 0.0252502 0.2047669 0.2370118 0.1758092 0.0421356 0.0284943 0.1967277 0.0574083 0.1700146 0.2270138 0.0088531 0.0263033 0.0240439 0.1427991 0.0713816 0.0295463 0.0265723 0.0256636 0.1495259 0.1302723 0.0338558 0.0206978 0.3188727 0.0264686 0.1471644 0.1796532 0.0399342 
Perityle_ajoensis_204                      0.1984124 0.1027828 0.2010594 0.3451030 0.2024685 0.1782163 0.2561350 0.4151419 0.1722778 0.3003112 0.0539078 0.0000000 0.0763764 0.0295341 0.1507516 0.0469559 0.1593661 0.1449840 0.0478986 0.0437520 0.0566479 0.0158323 0.0590822 0.0587612 0.0653179 0.0864822 0.0992364 0.2347825 0.1111139 0.0934513 0.1964659 0.2029823 0.1717988 0.0693824 0.2347451 0.2112445 0.0555805 0.1773894 0.0964575 0.0642055 0.0691752 0.2136404 0.0691324 0.1567053 0.1868678 0.0719339 0.0603332 0.1304439 0.1857835 0.0684819 0.0651173 0.0707961 0.0856747 0.0533766 0.2490801 0.0472961 0.1612580 0.0849671 0.0667715 0.2328311 0.2474342 0.2157164 0.0766344 0.0743790 0.2483569 0.0616591 0.2247961 0.2703705 0.0147932 0.0653430 0.0566378 0.1684304 0.1387403 0.0298886 0.0775393 0.0321693 0.2029822 0.1750595 0.0868488 0.0691254 0.3117238 0.0603244 0.1838651 0.1540518 0.0483814 
Perityle_ambrosiifolia_67_green            0.1580189 0.1069758 0.1672649 0.3006600 0.1814048 0.1848860 0.1993725 0.4452669 0.1386307 0.3526373 0.0351900 0.0763764 0.0000000 0.0259954 0.1260823 0.0223843 0.1494869 0.1275717 0.0298553 0.0258867 0.0216807 0.0190912 0.0258722 0.0381208 0.0279120 0.0477361 0.0396353 0.2000056 0.1116476 0.1022387 0.1525323 0.1598834 0.1327837 0.0262673 0.1882820 0.1822546 0.0430588 0.1601002 0.0517032 0.0289436 0.0050800 0.1895989 0.0301144 0.1522119 0.1640345 0.0344186 0.0269075 0.1892417 0.1824774 0.0256653 0.0288956 0.0433271 0.0403199 0.0269187 0.2087403 0.0383559 0.1671627 0.1195910 0.0278307 0.1981975 0.2368302 0.1839158 0.0609520 0.0286400 0.2217105 0.0579985 0.1713577 0.2225569 0.0208085 0.0256503 0.0227162 0.1399323 0.0854173 0.0297580 0.0261238 0.0388554 0.1557475 0.1358430 0.0395280 0.0318034 0.3250623 0.0258565 0.1473644 0.1908268 0.0509788 
Perityle_angustifolia_13_Eagle_creek       0.1215050 0.1070500 0.1520836 0.2940106 0.1421060 0.1615031 0.1467520 0.3705697 0.1087027 0.1373074 0.0228741 0.0295341 0.0259954 0.0000000 0.1024950 0.0253548 0.1087378 0.0966358 0.0323105 0.0213240 0.0197912 0.0223513 0.0213490 0.0293706 0.0305946 0.0405463 0.0339484 0.1891268 0.1030452 0.0942239 0.1329304 0.1358590 0.1098267 0.0260497 0.1798305 0.1650250 0.0198128 0.1104975 0.0454860 0.0244915 0.0260071 0.1706129 0.0266631 0.1124623 0.1164062 0.0243927 0.0228989 0.0244345 0.1570599 0.0244189 0.0259444 0.0395938 0.0369676 0.0062130 0.2146272 0.0475488 0.1220377 0.0213572 0.0245381 0.1921384 0.2370836 0.1619617 0.0380103 0.0276401 0.1913857 0.0577562 0.1504884 0.1994480 0.0269066 0.0245244 0.0213741 0.1187343 0.0684861 0.0291546 0.0276175 0.0455460 0.1200983 0.1038607 0.0418020 0.0291725 0.2593621 0.0228919 0.1245933 0.1827350 0.0510359 
Perityle_batopilensis_97                   0.2134910 0.1074113 0.2182053 0.3385085 0.1856411 0.1927804 0.1783792 0.4360335 0.1353749 0.3084123 0.1050637 0.1507516 0.1260823 0.1024950 0.0000000 0.1295050 0.1482081 0.1243195 0.1322073 0.1292840 0.1277762 0.0421177 0.1288618 0.0509492 0.1341648 0.1515690 0.0508215 0.2281415 0.1158640 0.1075255 0.2404720 0.2412603 0.1311959 0.1137183 0.2100771 0.2052869 0.1219731 0.2302237 0.0231848 0.1331504 0.1397885 0.2481290 0.0769751 0.1396810 0.2391903 0.1359641 0.1290443 0.2025732 0.2193908 0.1133944 0.1212255 0.0846112 0.1416230 0.0449829 0.2331463 0.0568215 0.1491213 0.1731018 0.1353862 0.2205987 0.2602537 0.1730513 0.0554088 0.1310817 0.2733055 0.2164254 0.1792567 0.2592879 0.0360564 0.1311701 0.1263035 0.1488809 0.1402689 0.1382759 0.0941389 0.0488539 0.1405402 0.1929363 0.0505197 0.1163404 0.3469970 0.1303641 0.2260146 0.1972504 0.0539405 
Perityle_bisetosa_9                        0.1473320 0.0870523 0.1637054 0.3041164 0.1737531 0.1656397 0.1675911 0.4170705 0.1237859 0.2601633 0.0266230 0.0469559 0.0223843 0.0253548 0.1295050 0.0000000 0.1331118 0.1124043 0.0263082 0.0225171 0.0203142 0.0068093 0.0248706 0.0279768 0.0282938 0.0652356 0.0341403 0.1885675 0.1000058 0.0875653 0.1412404 0.1674012 0.1150557 0.0226024 0.1823652 0.1708774 0.0280962 0.1437244 0.0446392 0.0267673 0.0221744 0.1958154 0.0223165 0.1421202 0.1506747 0.0317448 0.0260252 0.1148607 0.1763178 0.0234570 0.0263414 0.0296571 0.0416055 0.0263382 0.1928947 0.0314242 0.1299654 0.0865047 0.0265344 0.1910044 0.2231038 0.1645417 0.0522907 0.0274913 0.2124590 0.0617150 0.1608000 0.2270013 0.0148093 0.0242584 0.0248877 0.1274237 0.1115334 0.0285700 0.0186939 0.0289462 0.1341506 0.1261027 0.0335478 0.0248682 0.3102569 0.0237356 0.1492419 0.1696838 0.0454612 
Perityle_californica_76_positas            0.1406458 0.1039781 0.1322367 0.2280395 0.1031745 0.1416547 0.1608298 0.3767098 0.1555099 0.1716634 0.1400302 0.1593661 0.1494869 0.1087378 0.1482081 0.1331118 0.0000000 0.1142532 0.1470570 0.1396560 0.1376578 0.1175743 0.1353733 0.1431074 0.1426751 0.1486558 0.1569244 0.1376562 0.1277754 0.1247435 0.1119733 0.1191501 0.1361683 0.1419320 0.1737112 0.1613107 0.1459059 0.1703363 0.1570552 0.1434467 0.1451412 0.1550611 0.1393941 0.1434174 0.1728989 0.1410312 0.1373413 0.1688868 0.1431756 0.1263737 0.1373651 0.1425868 0.1469283 0.1411322 0.1464417 0.1381865 0.2032791 0.1629988 0.1425913 0.1534135 0.2000765 0.1549650 0.1120315 0.1395485 0.1333043 0.1232391 0.1218284 0.1148437 0.1126837 0.1421180 0.1355591 0.1565541 0.1434050 0.1336202 0.1399098 0.1060210 0.1237309 0.1157842 0.1496991 0.1377202 0.2780631 0.1374454 0.1630725 0.1636247 0.0978562 
Perityle_canescens_77                      0.1174561 0.0908659 0.1387664 0.2188694 0.1382810 0.1498180 0.1732627 0.3990770 0.1197240 0.2545783 0.1186577 0.1449840 0.1275717 0.0966358 0.1243195 0.1124043 0.1142532 0.0000000 0.1154911 0.1132905 0.1109439 0.0966265 0.1106899 0.1149080 0.1121515 0.1256032 0.1318719 0.1466048 0.1019271 0.0848579 0.1189434 0.1212452 0.1147055 0.1208392 0.1339472 0.1368222 0.1220332 0.1695923 0.1460050 0.1163884 0.1160728 0.1371268 0.1124280 0.1380497 0.1742611 0.1234385 0.1088719 0.2437920 0.1371843 0.1136642 0.1185566 0.1235469 0.1222310 0.1166824 0.1597389 0.1088796 0.1879546 0.2210789 0.1147430 0.1589854 0.2013124 0.1593370 0.1098566 0.1105345 0.1554085 0.1093675 0.1316753 0.1360248 0.0898630 0.1156983 0.1089767 0.1244346 0.1181782 0.1100586 0.1189723 0.0771143 0.1348919 0.1153241 0.1215685 0.1138413 0.3186145 0.1070494 0.1245535 0.1775359 0.0806207 
Perityle_castillonii_96                    0.1532262 0.1102677 0.1617079 0.3197163 0.1659978 0.1808656 0.1878625 0.4285354 0.1352923 0.2511625 0.0308265 0.0478986 0.0298553 0.0323105 0.1322073 0.0263082 0.1470570 0.1154911 0.0000000 0.0230357 0.0158275 0.0222857 0.0180970 0.0293429 0.0273125 0.0430605 0.0375741 0.1908277 0.1140489 0.0981852 0.1484985 0.1631218 0.1243771 0.0207082 0.1930690 0.1775410 0.0275018 0.1427005 0.0475484 0.0236413 0.0296747 0.1895635 0.0241476 0.1534620 0.1513466 0.0323480 0.0203928 0.0876408 0.1843219 0.0204676 0.0210006 0.0276485 0.0357528 0.0317449 0.2056024 0.0413278 0.1431535 0.0613425 0.0220877 0.1982442 0.2419616 0.1697037 0.0546596 0.0221644 0.2130599 0.0538901 0.1627729 0.2207670 0.0238343 0.0222182 0.0181094 0.1383346 0.1040451 0.0251361 0.0251481 0.0355742 0.1404399 0.1257292 0.0343947 0.0277827 0.3335151 0.0192479 0.1484519 0.1857816 0.0541280 
Perityle_cernua_84                         0.1465333 0.1015851 0.1561032 0.3051355 0.1478851 0.1716175 0.1723057 0.4129943 0.1216347 0.2261439 0.0230644 0.0437520 0.0258867 0.0213240 0.1292840 0.0225171 0.1396560 0.1132905 0.0230357 0.0000000 0.0161716 0.0190912 0.0184905 0.0319706 0.0231479 0.0360670 0.0313370 0.1842412 0.1008117 0.0954717 0.1413709 0.1597204 0.1174263 0.0201333 0.1880061 0.1691085 0.0223021 0.1273804 0.0431195 0.0242835 0.0267074 0.1844384 0.0231454 0.1309452 0.1333722 0.0288788 0.0208370 0.0709811 0.1666200 0.0186727 0.0194769 0.0268729 0.0335813 0.0273150 0.1975281 0.0413855 0.1371840 0.0510245 0.0205691 0.1862542 0.2365395 0.1615368 0.0458039 0.0242186 0.2027250 0.0509702 0.1622104 0.2134999 0.0178147 0.0184049 0.0185035 0.1290331 0.1023793 0.0242856 0.0221869 0.0289537 0.1370561 0.1160157 0.0326272 0.0249396 0.3263262 0.0196669 0.1418473 0.1826958 0.0454554 
Perityle_cfvillosa_25_tin                  0.1479026 0.0964169 0.1584113 0.2909998 0.1549641 0.1730806 0.1722247 0.3983702 0.1429207 0.3092187 0.0240587 0.0566479 0.0216807 0.0197912 0.1277762 0.0203142 0.1376578 0.1109439 0.0158275 0.0161716 0.0000000 0.0094684 0.0138909 0.0274034 0.0130180 0.0790441 0.0376953 0.1884200 0.1085261 0.0982756 0.1481655 0.1732160 0.1182358 0.0145838 0.1954975 0.1696950 0.0414477 0.1381598 0.0434327 0.0222920 0.0220195 0.1859230 0.0162688 0.1317709 0.1405522 0.0306241 0.0188877 0.1576064 0.1662451 0.0162056 0.0300250 0.0357901 0.0513602 0.0256205 0.2039249 0.0292826 0.1527116 0.0558385 0.0223457 0.1827349 0.2253013 0.1704554 0.0337994 0.0281408 0.2153850 0.0487225 0.1598998 0.2192385 0.0118193 0.0222733 0.0124825 0.1335662 0.0843181 0.0141212 0.0216792 0.0256636 0.1510308 0.1296831 0.0312407 0.0221182 0.3147394 0.0100777 0.1595279 0.1725026 0.0455584 
Perityle_cinerea_113_Powell1310            0.0967448 0.1198300 0.1056751 0.2437603 0.0994759 0.1450069 0.1420225 0.2586553 0.0796266 0.1233028 0.0094915 0.0158323 0.0190912 0.0223513 0.0421177 0.0068093 0.1175743 0.0966265 0.0222857 0.0190912 0.0094684 0.0000000 0.0094684 0.0256735 0.0126629 0.0519373 0.0322994 0.1401739 0.0795670 0.0796426 0.1278326 0.1101106 0.1024574 0.0190900 0.0795670 0.1271620 0.0190899 0.1192342 0.0415903 0.0192002 0.0191090 0.1273478 0.0126338 0.1199595 0.1209167 0.0094794 0.0094684 0.0126565 0.1119164 0.0159015 0.0222560 0.0223169 0.0452658 0.0256030 0.1650827 0.0389285 0.1270652 0.0094684 0.0126418 0.1413498 0.2311036 0.1532408 0.0212134 0.0190732 0.1437197 0.0965859 0.1316024 0.1208996 0.0106507 0.0094810 0.0094684 0.0832176 0.0222958 0.0158635 0.0126565 0.0345623 0.1277326 0.1081677 0.0190593 0.0191591 0.1749764 0.0126565 0.0795670 0.1450963 0.0532360 
Perityle_coahuilensis_24                   0.1520256 0.0990669 0.1626894 0.2935589 0.1593262 0.1747320 0.1719226 0.4005465 0.1457487 0.3158382 0.0252473 0.0590822 0.0258722 0.0213490 0.1288618 0.0248706 0.1353733 0.1106899 0.0180970 0.0184905 0.0138909 0.0094684 0.0000000 0.0273496 0.0192446 0.0806971 0.0413143 0.1911241 0.1101764 0.0956949 0.1481083 0.1745118 0.1179955 0.0177397 0.1964863 0.1710837 0.0457020 0.1391238 0.0433501 0.0262564 0.0234431 0.1818217 0.0193487 0.1314877 0.1436239 0.0333561 0.0253087 0.1596804 0.1675361 0.0203046 0.0348985 0.0357753 0.0585001 0.0271725 0.2069459 0.0292826 0.1525305 0.0610521 0.0230474 0.1856066 0.2253013 0.1720518 0.0337994 0.0333672 0.2159707 0.0536292 0.1643906 0.2218615 0.0118193 0.0242180 0.0044319 0.1349658 0.0874156 0.0184855 0.0238717 0.0256636 0.1541076 0.1361086 0.0311804 0.0243535 0.3177491 0.0194432 0.1605637 0.1777846 0.0455833 
Perityle_cochisensis_44_cave_creek         0.1272182 0.1079806 0.1484756 0.2131982 0.1562028 0.1822123 0.1790167 0.3890453 0.1364786 0.2604419 0.0380090 0.0587612 0.0381208 0.0293706 0.0509492 0.0279768 0.1431074 0.1149080 0.0293429 0.0319706 0.0274034 0.0256735 0.0273496 0.0000000 0.0347144 0.0451342 0.0455237 0.1527262 0.1181666 0.1078189 0.1342169 0.1368865 0.1154270 0.0228460 0.1740883 0.1685081 0.0352145 0.1467626 0.0552578 0.0232504 0.0362753 0.1626894 0.0332693 0.1564683 0.1525749 0.0310458 0.0288070 0.1318785 0.1612714 0.0297052 0.0296677 0.0303127 0.0408387 0.0400670 0.1686969 0.0507226 0.1401650 0.1079624 0.0345427 0.1669893 0.2276954 0.1543525 0.0610405 0.0255717 0.1583660 0.0628856 0.1391507 0.1572727 0.0269980 0.0284576 0.0259087 0.1380692 0.0377343 0.0308062 0.0283204 0.0390725 0.1389868 0.1212859 0.0382899 0.0311231 0.3247454 0.0302937 0.1380496 0.1923032 0.0514562 
Perityle_congesta_202                      0.1473266 0.1014338 0.1622958 0.2924079 0.1560495 0.1761147 0.1754771 0.4070850 0.1438403 0.3169712 0.0313247 0.0653179 0.0279120 0.0305946 0.1341648 0.0282938 0.1426751 0.1121515 0.0273125 0.0231479 0.0130180 0.0126629 0.0192446 0.0347144 0.0000000 0.0793448 0.0378857 0.1893665 0.1117433 0.0930765 0.1520281 0.1789030 0.1193483 0.0240750 0.1928848 0.1692019 0.0536559 0.1444692 0.0490225 0.0265618 0.0273173 0.1792666 0.0224327 0.1347000 0.1445645 0.0352669 0.0158505 0.1630483 0.1657131 0.0212818 0.0279061 0.0437752 0.0422094 0.0303688 0.2049854 0.0323016 0.1495898 0.0614216 0.0266885 0.1837794 0.2311578 0.1697955 0.0368982 0.0301953 0.2180000 0.0567538 0.1652729 0.2202777 0.0177932 0.0235479 0.0167026 0.1297114 0.0904265 0.0167489 0.0304935 0.0288932 0.1564949 0.1362173 0.0369039 0.0287947 0.3211809 0.0133256 0.1594414 0.1849094 0.0453862 
Perityle_cordifolia_27                     0.1575373 0.1151283 0.1657323 0.3008465 0.1881641 0.1705149 0.2199650 0.4485510 0.1613719 0.3678996 0.0469903 0.0864822 0.0477361 0.0405463 0.1515690 0.0652356 0.1486558 0.1256032 0.0430605 0.0360670 0.0790441 0.0519373 0.0806971 0.0451342 0.0793448 0.0000000 0.0603660 0.2119225 0.1178921 0.1113206 0.1993979 0.2012270 0.1380319 0.0435291 0.1824737 0.1746681 0.0672453 0.2140071 0.0620499 0.0719350 0.0552342 0.2006456 0.0503470 0.1591165 0.2099790 0.0942436 0.0860708 0.2358893 0.1762395 0.0412165 0.0859687 0.0671160 0.0510482 0.0463293 0.2134168 0.0629125 0.1671947 0.1701454 0.0826817 0.1977882 0.2430014 0.1978407 0.0389970 0.0889368 0.2483368 0.0886891 0.1615568 0.2707592 0.0484507 0.0864543 0.0788139 0.1475780 0.1236266 0.0915860 0.0493705 0.0453117 0.1578503 0.1523523 0.0552886 0.0458513 0.3469709 0.0861871 0.2109747 0.1852592 0.0535854 
Perityle_cordifolia_68_tecolote            0.1331293 0.1101414 0.1540376 0.2330286 0.1601630 0.1827375 0.2178086 0.3780819 0.1529837 0.3839038 0.0398991 0.0992364 0.0396353 0.0339484 0.0508215 0.0341403 0.1569244 0.1318719 0.0375741 0.0313370 0.0376953 0.0322994 0.0413143 0.0455237 0.0378857 0.0603660 0.0000000 0.1778075 0.1173795 0.1052066 0.1509951 0.1515306 0.1320658 0.0363589 0.1683761 0.1600345 0.0660065 0.1696268 0.0594975 0.0368521 0.0440049 0.1553000 0.0432258 0.1569621 0.1691099 0.0402283 0.0434936 0.2507436 0.1520305 0.0366395 0.0358401 0.0432612 0.0464930 0.0453222 0.1836039 0.0057571 0.1671325 0.1376494 0.0418779 0.1799845 0.2332145 0.1768707 0.0672515 0.0391461 0.1741683 0.0647856 0.1489094 0.1876540 0.0359929 0.0324738 0.0382068 0.1352379 0.0421838 0.0317829 0.0363813 0.0554642 0.1586888 0.1486282 0.0451628 0.0372853 0.3450584 0.0376486 0.1548224 0.2000675 0.0648057 
Perityle_coronopifolia_28_patagonia        0.2089098 0.1200183 0.2222081 0.3172600 0.1798585 0.1977639 0.2038121 0.4990062 0.1788316 0.4134284 0.1987557 0.2347825 0.2000056 0.1891268 0.2281415 0.1885675 0.1376562 0.1466048 0.1908277 0.1842412 0.1884200 0.1401739 0.1911241 0.1527262 0.1893665 0.2119225 0.1778075 0.0000000 0.1602187 0.1388046 0.1779684 0.2063665 0.1795262 0.1888405 0.2158801 0.1946148 0.2117251 0.2211414 0.1979491 0.1947906 0.1921683 0.1950590 0.1900559 0.1595460 0.2208417 0.2030957 0.1898086 0.3830971 0.1929347 0.1885643 0.1956244 0.2114809 0.2040784 0.1421439 0.0835584 0.1530910 0.1891699 0.2968607 0.1929122 0.0532872 0.2388559 0.0626126 0.1166182 0.1963352 0.0338602 0.2156900 0.1905228 0.2379169 0.1370527 0.1891854 0.1868360 0.1833498 0.2170381 0.1891828 0.1935945 0.0950530 0.1760057 0.1822350 0.1754965 0.2029162 0.2434498 0.1924901 0.1953503 0.2068839 0.1191570 
Perityle_crassifolia_70_ventanas           0.1384418 0.0808274 0.1575798 0.2530363 0.1133044 0.1771540 0.1624097 0.3547172 0.0046747 0.2038200 0.1117924 0.1111139 0.1116476 0.1030452 0.1158640 0.1000058 0.1277754 0.1019271 0.1140489 0.1008117 0.1085261 0.0795670 0.1101764 0.1181666 0.1117433 0.1178921 0.1173795 0.1602187 0.0000000 0.0124106 0.1276658 0.1054835 0.1287130 0.1102050 0.0556011 0.1523012 0.1118145 0.1411401 0.1229099 0.1050486 0.1079086 0.1583693 0.1101360 0.1245195 0.1497748 0.1133975 0.1101046 0.1597667 0.1411495 0.1079405 0.1097419 0.1194435 0.1174602 0.1042876 0.1771778 0.0916173 0.1532960 0.1313580 0.1010309 0.1743525 0.1861451 0.1646391 0.0576526 0.1084186 0.1497083 0.1131846 0.1499770 0.1453678 0.0657424 0.1030428 0.1084449 0.0062365 0.1196736 0.1097712 0.1045728 0.0662309 0.1331501 0.0994450 0.1115294 0.1139876 0.2784135 0.1064982 0.0062365 0.1810656 0.0654837 
Perityle_crassifolia_74_playa_balandra     0.1181395 0.0808978 0.1370154 0.2262836 0.1024540 0.1529426 0.1450826 0.2913519 0.0096471 0.1532957 0.0977034 0.0934513 0.1022387 0.0942239 0.1075255 0.0875653 0.1247435 0.0848579 0.0981852 0.0954717 0.0982756 0.0796426 0.0956949 0.1078189 0.0930765 0.1113206 0.1052066 0.1388046 0.0124106 0.0000000 0.1175157 0.1107314 0.1058625 0.1005276 0.0154701 0.1277733 0.1046433 0.1408824 0.1148066 0.0958958 0.0976404 0.1301651 0.0980629 0.1166286 0.1445770 0.0976355 0.1002194 0.1000997 0.1141049 0.0866145 0.0998840 0.1049455 0.1067735 0.1034102 0.1422827 0.0916992 0.1605294 0.0980629 0.0888891 0.1488717 0.1975419 0.1523297 0.0506905 0.0982106 0.1260120 0.1083195 0.1189566 0.1419469 0.0625363 0.0959560 0.0958531 0.0115737 0.1004212 0.1004417 0.0958098 0.0628401 0.1164378 0.0820116 0.0977172 0.0981289 0.2750591 0.0957885 0.0154701 0.1397548 0.0683432 
Perityle_cuneata_34_cuneata_San_antonio    0.1627953 0.1022507 0.1547897 0.2851930 0.1595619 0.1827262 0.1553038 0.4730077 0.1420405 0.3140747 0.1484346 0.1964659 0.1525323 0.1329304 0.2404720 0.1412404 0.1119733 0.1189434 0.1484985 0.1413709 0.1481655 0.1278326 0.1481083 0.1342169 0.1520281 0.1993979 0.1509951 0.1779684 0.1276658 0.1175157 0.0000000 0.1573193 0.1213561 0.1390531 0.1871309 0.1655499 0.1669830 0.1875576 0.1507382 0.1501772 0.1523982 0.1891156 0.1459087 0.1356540 0.1891974 0.1546967 0.1512719 0.3191082 0.1697887 0.1426713 0.1493463 0.1582860 0.1643400 0.1238102 0.1843109 0.1410642 0.2084521 0.2328207 0.1461958 0.1753147 0.2350775 0.1762055 0.1224377 0.1558777 0.2095105 0.1517924 0.1394843 0.2039780 0.1109230 0.1456983 0.1473585 0.1475184 0.2254326 0.1522063 0.1453219 0.0992562 0.1231175 0.1322074 0.1402508 0.1432750 0.3115036 0.1508014 0.1651352 0.1209315 0.0922822 
Perityle_cuneata_4                         0.1681612 0.0893999 0.1682504 0.2826507 0.1627844 0.1610845 0.1779734 0.4922842 0.1220560 0.3881582 0.1510728 0.2029823 0.1598834 0.1358590 0.2412603 0.1674012 0.1191501 0.1212452 0.1631218 0.1597204 0.1732160 0.1101106 0.1745118 0.1368865 0.1789030 0.2012270 0.1515306 0.2063665 0.1054835 0.1107314 0.1573193 0.0000000 0.1371735 0.1479945 0.1638073 0.1758801 0.1691565 0.2218314 0.1484497 0.1756014 0.1703378 0.1993349 0.1545115 0.1517175 0.2228599 0.1853956 0.1817627 0.3338904 0.1843090 0.1424821 0.1733298 0.1577640 0.1716262 0.1302017 0.2077077 0.1206927 0.2068286 0.2598933 0.1693738 0.2025866 0.2255465 0.1948889 0.1173375 0.1747568 0.2369690 0.1860291 0.1640640 0.2352222 0.0879316 0.1633498 0.1720280 0.1398701 0.2270362 0.1678080 0.1437982 0.0936215 0.1495829 0.1397744 0.1422657 0.1490217 0.3138983 0.1768752 0.1555799 0.1994216 0.0785182 
Perityle_discoidea_81                      0.0909738 0.0982218 0.1398826 0.2596936 0.1662099 0.1719868 0.1796349 0.3930140 0.1395062 0.3018569 0.1231511 0.1717988 0.1327837 0.1098267 0.1311959 0.1150557 0.1361683 0.1147055 0.1243771 0.1174263 0.1182358 0.1024574 0.1179955 0.1154270 0.1193483 0.1380319 0.1320658 0.1795262 0.1287130 0.1058625 0.1213561 0.1371735 0.0000000 0.1241725 0.1740014 0.1753747 0.1239025 0.1796068 0.1457971 0.1244673 0.1210859 0.1686319 0.1214985 0.1439794 0.1849723 0.1219091 0.1195909 0.2533918 0.1633875 0.1208260 0.1250482 0.1342417 0.1340319 0.1123491 0.1893091 0.1134579 0.1876804 0.2408100 0.1224699 0.1868251 0.2488126 0.1759455 0.0911169 0.1192885 0.1762910 0.1113455 0.1473724 0.1607581 0.0856698 0.1228131 0.1164726 0.1418449 0.1280496 0.1199492 0.1282548 0.0698445 0.1440322 0.1209936 0.1255113 0.1223996 0.3291821 0.1165006 0.1439582 0.1898602 0.0684131 
Perityle_dissecta_201                      0.1489964 0.0991618 0.1640697 0.2924605 0.1764369 0.1791289 0.1964666 0.4292629 0.1311414 0.3468161 0.0285179 0.0693824 0.0262673 0.0260497 0.1137183 0.0226024 0.1419320 0.1208392 0.0207082 0.0201333 0.0145838 0.0190900 0.0177397 0.0228460 0.0240750 0.0435291 0.0363589 0.1888405 0.1102050 0.1005276 0.1390531 0.1479945 0.1241725 0.0000000 0.1795358 0.1751471 0.0276520 0.1470694 0.0465892 0.0234229 0.0240953 0.1814919 0.0234404 0.1503918 0.1498552 0.0299945 0.0187794 0.1805121 0.1811956 0.0221177 0.0217743 0.0258471 0.0361333 0.0285323 0.1989835 0.0383537 0.1623827 0.1168614 0.0200652 0.1931086 0.2310411 0.1787582 0.0515027 0.0221427 0.2093378 0.0553467 0.1592604 0.2053864 0.0178221 0.0196878 0.0145760 0.1383844 0.0747808 0.0211715 0.0218542 0.0322600 0.1409775 0.1232795 0.0330408 0.0243535 0.3232840 0.0187844 0.1396034 0.1781595 0.0455705 
Perityle_emoryi_47_punta_san_jose          0.1964759 0.0808274 0.2277225 0.2867522 0.1781983 0.2132363 0.1951706 0.4604585 0.0518339 0.4456438 0.1911638 0.2347451 0.1882820 0.1798305 0.2100771 0.1823652 0.1737112 0.1339472 0.1930690 0.1880061 0.1954975 0.0795670 0.1964863 0.1740883 0.1928848 0.1824737 0.1683761 0.2158801 0.0556011 0.0154701 0.1871309 0.1638073 0.1740014 0.1795358 0.0000000 0.2009251 0.2093085 0.2422014 0.1892075 0.1847898 0.1929824 0.2182867 0.1919797 0.1785342 0.2504265 0.1956295 0.2034747 0.3962305 0.2128990 0.1762850 0.1891022 0.1976462 0.1911796 0.1263108 0.2282133 0.0916173 0.1796648 0.3124910 0.1846692 0.2204547 0.1861451 0.1971304 0.0815558 0.1916751 0.2129068 0.2141343 0.1908634 0.2320971 0.0657424 0.1771986 0.1920914 0.0653864 0.1994833 0.1994170 0.1768280 0.0662309 0.1802220 0.1908831 0.1434605 0.1812159 0.3082027 0.1925200 0.0396375 0.1942212 0.0654837 
Perityle_feddemae_99                       0.1882799 0.1331347 0.2016393 0.3302341 0.1979549 0.1944880 0.2130696 0.4709493 0.1594356 0.4224681 0.1782215 0.2112445 0.1822546 0.1650250 0.2052869 0.1708774 0.1613107 0.1368222 0.1775410 0.1691085 0.1696950 0.1271620 0.1710837 0.1685081 0.1692019 0.1746681 0.1600345 0.1946148 0.1523012 0.1277733 0.1655499 0.1758801 0.1753747 0.1751471 0.2009251 0.0000000 0.1923484 0.2093552 0.1871312 0.1657664 0.1722978 0.0227957 0.1692589 0.0422819 0.2111697 0.1796127 0.1752316 0.3479109 0.0328638 0.1696663 0.1775815 0.1873170 0.1793163 0.1532762 0.1941292 0.1439558 0.2124728 0.2730357 0.1660192 0.1952289 0.2321193 0.1795015 0.1157685 0.1736802 0.1917895 0.1803947 0.1859725 0.2249125 0.1065907 0.1722395 0.1682415 0.1800783 0.1905661 0.1694566 0.1727540 0.1021547 0.1751118 0.1767817 0.1699508 0.1804179 0.3213371 0.1682782 0.1730952 0.2179608 0.1103231 
Perityle_fosteri_93                        0.1550144 0.1017311 0.1609996 0.3253415 0.1853953 0.1824742 0.1980900 0.4318317 0.1572157 0.2992279 0.0195887 0.0555805 0.0430588 0.0198128 0.1219731 0.0280962 0.1459059 0.1220332 0.0275018 0.0223021 0.0414477 0.0190899 0.0457020 0.0352145 0.0536559 0.0672453 0.0660065 0.2117251 0.1118145 0.1046433 0.1669830 0.1691565 0.1239025 0.0276520 0.2093085 0.1923484 0.0000000 0.1602925 0.0496105 0.0465634 0.0548951 0.2041476 0.0510626 0.1516491 0.1703542 0.0456555 0.0514631 0.1495960 0.1821255 0.0352928 0.0242345 0.0496207 0.0504436 0.0172733 0.2132768 0.0505481 0.1428365 0.1124420 0.0407209 0.2091179 0.2432351 0.1834536 0.0484024 0.0441355 0.2143006 0.0581784 0.1849274 0.2437603 0.0148200 0.0275497 0.0445852 0.1411433 0.1122581 0.0285213 0.0297414 0.0323133 0.1645589 0.1549760 0.0376386 0.0266652 0.3310377 0.0436948 0.1640065 0.1802666 0.0455341 
Perityle_gamon_221                         0.1930954 0.1276275 0.2005103 0.3143650 0.2005542 0.2064457 0.2624072 0.4685035 0.1909145 0.3958029 0.1558407 0.1773894 0.1601002 0.1104975 0.2302237 0.1437244 0.1703363 0.1695923 0.1427005 0.1273804 0.1381598 0.1192342 0.1391238 0.1467626 0.1444692 0.2140071 0.1696268 0.2211414 0.1411401 0.1408824 0.1875576 0.2218314 0.1796068 0.1470694 0.2422014 0.2093552 0.1602925 0.0000000 0.1697503 0.1561108 0.1433971 0.2353639 0.1424008 0.1813337 0.0168717 0.1632106 0.1446994 0.3090470 0.2113983 0.1517221 0.1519332 0.1661702 0.1671328 0.1340111 0.2432280 0.1254442 0.1956226 0.2170215 0.1601817 0.2328758 0.2577872 0.2182008 0.0970059 0.1560430 0.2421921 0.1283555 0.2047439 0.2561597 0.0927330 0.1456670 0.1379985 0.1814310 0.2188890 0.1259211 0.1561117 0.0660355 0.1926327 0.1783418 0.1639693 0.1578861 0.3688629 0.1392142 0.2156409 0.2160469 0.0856830 
Perityle_gentryi_8_san_francisco           0.1472783 0.1105916 0.1624315 0.2486296 0.1768768 0.1857657 0.2035614 0.3903408 0.1484314 0.3454176 0.0512575 0.0964575 0.0517032 0.0454860 0.0231848 0.0446392 0.1570552 0.1460050 0.0475484 0.0431195 0.0434327 0.0415903 0.0433501 0.0552578 0.0490225 0.0620499 0.0594975 0.1979491 0.1229099 0.1148066 0.1507382 0.1484497 0.1457971 0.0465892 0.1892075 0.1871312 0.0496105 0.1697503 0.0000000 0.0446189 0.0490732 0.1813553 0.0506455 0.1621841 0.1751223 0.0502669 0.0447761 0.2055589 0.1796843 0.0451396 0.0403455 0.0551809 0.0542859 0.0463626 0.2044901 0.0601100 0.1423537 0.1663658 0.0464914 0.2073912 0.2631136 0.1896131 0.0706212 0.0452152 0.2014413 0.0753139 0.1601634 0.1744035 0.0397421 0.0432703 0.0419489 0.1444293 0.0477588 0.0460081 0.0478005 0.0626311 0.1562542 0.1346000 0.0482989 0.0491175 0.3448880 0.0477107 0.1514218 0.1981456 0.0595648 
Perityle_gilensis_22_Superstition          0.1466786 0.1044651 0.1606325 0.2952123 0.1688706 0.1730490 0.1959188 0.4381974 0.1408222 0.3497095 0.0255030 0.0642055 0.0289436 0.0244915 0.1331504 0.0267673 0.1434467 0.1163884 0.0236413 0.0242835 0.0222920 0.0192002 0.0262564 0.0232504 0.0265618 0.0719350 0.0368521 0.1947906 0.1050486 0.0958958 0.1501772 0.1756014 0.1244673 0.0234229 0.1847898 0.1657664 0.0465634 0.1561108 0.0446189 0.0000000 0.0254224 0.1791057 0.0280775 0.1414220 0.1554343 0.0297080 0.0283368 0.1881448 0.1724574 0.0237097 0.0261922 0.0390116 0.0416461 0.0274672 0.2051797 0.0384201 0.1547607 0.1117808 0.0261149 0.1933706 0.2437966 0.1790001 0.0515915 0.0286335 0.2201714 0.0586040 0.1589426 0.2234937 0.0088876 0.0230888 0.0205413 0.1344285 0.0989389 0.0286989 0.0272758 0.0323185 0.1521057 0.1381296 0.0308677 0.0267038 0.3190054 0.0246854 0.1539670 0.1888047 0.0456480 
Perityle_gilensis_salensis_225             0.1530367 0.1014599 0.1610695 0.2904484 0.1576713 0.1807054 0.1725526 0.4100689 0.1426664 0.3191539 0.0325894 0.0691752 0.0050800 0.0260071 0.1397885 0.0221744 0.1451412 0.1160728 0.0296747 0.0267074 0.0220195 0.0191090 0.0234431 0.0362753 0.0273173 0.0552342 0.0440049 0.1921683 0.1079086 0.0976404 0.1523982 0.1703378 0.1210859 0.0240953 0.1929824 0.1722978 0.0548951 0.1433971 0.0490732 0.0254224 0.0000000 0.1800314 0.0287235 0.1366642 0.1468086 0.0371724 0.0282506 0.1784844 0.1720504 0.0254469 0.0273644 0.0438796 0.0424438 0.0271766 0.2067318 0.0383893 0.1633652 0.0750524 0.0299705 0.1854086 0.2253002 0.1718164 0.0465444 0.0308135 0.2164877 0.0554089 0.1640842 0.2205686 0.0208266 0.0227641 0.0217407 0.1379096 0.0907446 0.0325093 0.0249735 0.0388926 0.1553555 0.1345674 0.0384504 0.0299528 0.3170808 0.0245050 0.1532747 0.1853018 0.0510194 
Perityle_glaucescens_94                    0.1947742 0.1332622 0.2108552 0.3317255 0.1985663 0.2010328 0.2106752 0.4973348 0.1767001 0.4070849 0.1839015 0.2136404 0.1895989 0.1706129 0.2481290 0.1958154 0.1550611 0.1371268 0.1895635 0.1844384 0.1859230 0.1273478 0.1818217 0.1626894 0.1792666 0.2006456 0.1553000 0.1950590 0.1583693 0.1301651 0.1891156 0.1993349 0.1686319 0.1814919 0.2182867 0.0227957 0.2041476 0.2353639 0.1813553 0.1791057 0.1800314 0.0000000 0.1684413 0.0335149 0.2203043 0.2017192 0.1818724 0.3675125 0.0226892 0.1752279 0.1986611 0.1894010 0.1998963 0.1448756 0.1877401 0.1395782 0.2154209 0.2769211 0.1755305 0.1882900 0.2177714 0.1712412 0.1224555 0.1843209 0.2220811 0.2147553 0.1881459 0.2532348 0.1067209 0.1903445 0.1785039 0.1887148 0.2391109 0.1927858 0.1749185 0.1022861 0.1740507 0.1850352 0.1693235 0.1840707 0.3184357 0.1912881 0.2057976 0.2154711 0.1104413 
Perityle_gracilis_11                       0.1393263 0.0990139 0.1669107 0.2859681 0.1546973 0.1666141 0.1785619 0.3877227 0.1415328 0.3236610 0.0290690 0.0691324 0.0301144 0.0266631 0.0769751 0.0223165 0.1393941 0.1124280 0.0241476 0.0231454 0.0162688 0.0126338 0.0193487 0.0332693 0.0224327 0.0503470 0.0432258 0.1900559 0.1101360 0.0980629 0.1459087 0.1545115 0.1214985 0.0234404 0.1919797 0.1692589 0.0510626 0.1424008 0.0506455 0.0280775 0.0287235 0.1684413 0.0000000 0.1279274 0.1450125 0.0332384 0.0172899 0.1841007 0.1554884 0.0240568 0.0268248 0.0415312 0.0389791 0.0288225 0.2072933 0.0322328 0.1500316 0.0637666 0.0191706 0.1811980 0.2303563 0.1744031 0.0337994 0.0266792 0.1896638 0.0536628 0.1668418 0.2055637 0.0147844 0.0253045 0.0162576 0.1400086 0.0385171 0.0160563 0.0314871 0.0256636 0.1601740 0.1382670 0.0370084 0.0309297 0.3137934 0.0195336 0.1548436 0.1776913 0.0428510 
Perityle_harkerae_31                       0.1562036 0.1171666 0.1728012 0.2364681 0.1602206 0.1759217 0.1867561 0.4068855 0.1509560 0.2695529 0.1499471 0.1567053 0.1522119 0.1124623 0.1396810 0.1421202 0.1434174 0.1380497 0.1534620 0.1309452 0.1317709 0.1199595 0.1314877 0.1564683 0.1347000 0.1591165 0.1569621 0.1595460 0.1245195 0.1166286 0.1356540 0.1517175 0.1439794 0.1503918 0.1785342 0.0422819 0.1516491 0.1813337 0.1621841 0.1414220 0.1366642 0.0335149 0.1279274 0.0000000 0.1823110 0.1529357 0.1331888 0.2323112 0.0092257 0.1416823 0.1447346 0.1518610 0.1549765 0.1375046 0.1567448 0.1327692 0.1800410 0.1986241 0.1406899 0.1713733 0.2081715 0.1616209 0.1184379 0.1417260 0.1589728 0.1305110 0.1598830 0.1689427 0.1000146 0.1439718 0.1298724 0.1535325 0.1405737 0.1250186 0.1450520 0.0876723 0.1649623 0.1290287 0.1538881 0.1435000 0.3077001 0.1315853 0.1524601 0.1945063 0.0925232 
