84
Amauria_brandeegeana_62                    0.0000000 0.3051492 0.5011155 0.5837095 0.5183078 0.1254246 0.4890776 0.2175598 0.5315379 0.3517494 0.5321868 0.5741704 0.8864138 0.3698346 0.3769810 0.7807289 0.4955277 0.3018584 0.5698620 0.2498868 0.5457467 0.4840876 0.2999134 0.4877785 0.3750034 0.9107021 0.3606822 0.5092531 0.4066416 0.3869741 0.3382641 0.2895730 0.1356019 0.4743774 0.2670608 0.5112538 0.8967736 0.5671545 0.6548046 0.9348368 0.6779502 0.3219588 0.4784078 0.5782692 0.4745985 0.4811966 0.2736490 0.2654842 0.9121942 0.4709505 0.4322103 0.2990415 0.4820073 0.5778544 0.4203395 0.4227511 0.4682120 0.4859192 0.3566830 0.1779667 0.6538813 0.5221535 0.5018029 0.8442619 0.2523993 0.5314087 0.3894164 0.1177523 0.8256951 0.4851958 0.4493813 0.9163807 0.2275151 0.4899628 0.3980147 0.5364809 0.5211650 0.9941245 0.6029377 1.0052391 0.4922986 0.6936443 0.3314745 0.5450390 
Amauria_carterae_99_mesa                   0.3051492 0.0000000 0.1088693 0.1974543 0.1357219 0.1294445 0.1834796 0.1710458 0.1934256 0.0924432 0.1423827 0.1275184 0.1071040 0.2520584 0.1092316 0.1511436 0.1199491 0.1135381 0.1695243 0.1157496 0.1922520 0.1092092 0.0942589 0.2051697 0.3296961 0.1098823 0.1804189 0.1380011 0.1397859 0.1611929 0.2173550 0.1531720 0.1323672 0.1161295 0.2308893 0.1440122 0.1075089 0.1567033 0.2082758 0.1165728 0.2907970 0.2242712 0.1456061 0.1586041 0.1031990 0.1112836 0.1106978 0.1256969 0.1121692 0.1092305 0.1181865 0.1275165 0.1235202 0.1831345 0.1800869 0.1093981 0.1142006 0.1222810 0.1379264 0.1543733 0.2295371 0.1161195 0.1163619 0.2473152 0.1294146 0.1579391 0.1666738 0.1285177 0.2160956 0.1152038 0.1398700 0.1098535 0.2159845 0.1292742 0.1210350 0.1536587 0.1574118 0.4478313 0.1908463 0.1553604 0.1143478 0.4715448 0.1061865 0.0911778 
Amauria_rotundifolia_SRR9119150            0.5011155 0.1088693 0.0000000 0.2494177 0.1805975 0.1421490 0.2320972 0.1653727 0.2483636 0.2458677 0.2395335 0.2253106 0.1207768 0.3897704 0.1338380 0.2716964 0.2056923 0.1224294 0.3452862 0.1646109 0.2662712 0.1809622 0.0801960 0.2901375 0.3578421 0.2066273 0.2147798 0.2282112 0.1578294 0.1593027 0.2155759 0.1688457 0.3100887 0.1937812 0.2627364 0.2948317 0.1214031 0.3533665 0.2818682 0.2368827 0.3159208 0.3087052 0.2155160 0.3553850 0.1858708 0.1911182 0.1513793 0.1796643 0.1152778 0.1947718 0.1647104 0.1741031 0.1458370 0.3222484 0.1861937 0.1134273 0.1712765 0.1992717 0.1697755 0.1782982 0.3394331 0.1152259 0.1996311 0.2733251 0.1473372 0.1920696 0.2679446 0.1409885 0.2334905 0.1952367 0.1803680 0.2060623 0.2354832 0.2300225 0.1169422 0.2313001 0.2676731 0.5901873 0.2801323 0.3655964 0.1913733 0.5298799 0.1076532 0.1002607 
Conoclinium_coelestinum_SRR9119114         0.5837095 0.1974543 0.2494177 0.0000000 0.2363080 0.1676094 0.1756586 0.1861280 0.2799522 0.2578313 0.2733193 0.2492507 0.2316497 0.3455541 0.1944676 0.2656462 0.2504650 0.1845492 0.3209294 0.2426458 0.2702019 0.2386666 0.1513969 0.3004621 0.4310839 0.2294628 0.3037997 0.2562773 0.2255437 0.1936848 0.3532984 0.2965044 0.3242411 0.2341209 0.3273804 0.3056351 0.2385533 0.3456473 0.3004948 0.2348331 0.3811539 0.3066023 0.2925018 0.3495261 0.2397818 0.2382104 0.2328830 0.2500952 0.2082256 0.2483936 0.2787913 0.2457705 0.2100362 0.3328279 0.2306247 0.1911434 0.2439155 0.2447553 0.2381217 0.1657359 0.3792607 0.1969449 0.2345395 0.3377268 0.2503132 0.2534920 0.2926049 0.1358177 0.3298295 0.2383895 0.2403734 0.2495208 0.2835881 0.2320204 0.1587979 0.2928529 0.2952310 0.6360270 0.3219282 0.3237583 0.2389637 0.6244161 0.2014364 0.1820940 
Eutetras_palmeri_63                        0.5183078 0.1357219 0.1805975 0.2363080 0.0000000 0.1754184 0.2292625 0.1749293 0.2454537 0.2544606 0.1846891 0.1933798 0.1384232 0.3435777 0.1309449 0.2354807 0.1641196 0.1315798 0.3078043 0.1718258 0.2424802 0.1572523 0.1071698 0.2691063 0.3464196 0.1430333 0.2127625 0.1700212 0.1484130 0.1499828 0.2228065 0.1773909 0.3091841 0.1727573 0.2544682 0.2829728 0.1475380 0.2961655 0.2766890 0.1708061 0.3219695 0.2870348 0.2149878 0.2871855 0.1660559 0.1571605 0.1604704 0.2163001 0.1228061 0.1855563 0.1629772 0.1821295 0.1564884 0.2982364 0.2114848 0.1375106 0.1754705 0.1640385 0.1801502 0.1820716 0.3235534 0.1119253 0.1704406 0.2723251 0.1500376 0.1912163 0.2745618 0.1641647 0.2129591 0.1713468 0.1651415 0.1399257 0.2248301 0.2400412 0.1230956 0.2270663 0.2517209 0.5153260 0.2578931 0.3601732 0.1621488 0.5293303 0.1252329 0.1308432 
Eutetras_pringlei_149_quer                 0.1254246 0.1294445 0.1421490 0.1676094 0.1754184 0.0000000 0.1562068 0.0936594 0.1560728 0.1484527 0.1558449 0.1338109 0.3866801 0.1513302 0.1151294 0.1546522 0.1196878 0.1117016 0.1645303 0.1258440 0.1527865 0.1195765 0.1201690 0.1496397 0.1638245 0.3866801 0.1208954 0.1151559 0.1370345 0.1343523 0.1104881 0.1128844 0.1487072 0.1151294 0.1573567 0.1693956 0.3866801 0.1700321 0.1771035 0.3866801 0.8992140 0.1687980 0.1793885 0.1615229 0.1151294 0.1240159 0.1258440 0.1671607 0.3866801 0.1151294 0.1583826 0.1164273 0.1287638 0.1713842 0.1323075 0.1338089 0.1286469 0.1330757 0.1637528 0.1645941 0.2241609 0.1583344 0.1395359 0.6416687 0.1252988 0.1813714 0.1622689 0.1357784 0.6688809 0.1241064 0.1364847 0.3866801 0.1463675 0.1609402 0.1462483 0.1645874 0.1605291 0.7585641 0.1507990 0.0000010 0.1374593 0.1645715 0.1018368 0.1069746 
Eutrochium_fistulosum_SRR9119106           0.4890776 0.1834796 0.2320972 0.1756586 0.2292625 0.1562068 0.0000000 0.1762021 0.2836743 0.2272677 0.2360059 0.2411838 0.2002162 0.3740451 0.1863095 0.2496340 0.2226503 0.1742493 0.3392200 0.2338254 0.2802609 0.2185658 0.1298939 0.3527668 0.4153845 0.1896506 0.2908548 0.2417895 0.2019101 0.1897895 0.3152074 0.2757993 0.2756974 0.2047450 0.3115793 0.3006130 0.1987671 0.3040141 0.3055778 0.1973328 0.3649283 0.3518696 0.2559848 0.3240181 0.2223100 0.2251318 0.2445912 0.2722784 0.2059695 0.2302963 0.2947620 0.2481645 0.2156575 0.3287689 0.2636122 0.1837652 0.2262903 0.2262104 0.2365407 0.1709097 0.4061163 0.1681378 0.2241039 0.3301604 0.2531616 0.2489556 0.3019339 0.1773659 0.2801785 0.2294220 0.2332861 0.2183949 0.2581225 0.2375364 0.1584770 0.2669083 0.2980311 0.5263957 0.3021551 0.3939654 0.2269168 0.5865293 0.1878447 0.1732731 
Galeana_pratensis_104_mex                  0.2175598 0.1710458 0.1653727 0.1861280 0.1749293 0.0936594 0.1762021 0.0000000 0.1686334 0.1902144 0.1611182 0.1557144 0.7792174 0.1504091 0.1460190 0.1706528 0.1461593 0.1825626 0.1963025 0.1232761 0.1800561 0.1462879 0.1128462 0.1859457 0.1795705 0.7473336 0.1223684 0.1461224 0.1949442 0.1552246 0.1388741 0.1544558 0.1538295 0.1462879 0.1594678 0.2318749 0.7473336 0.2219055 0.1470463 0.9363333 0.8431440 0.1582342 0.2382074 0.2021436 0.1413087 0.1509898 0.1182086 0.1912273 0.7792174 0.1462879 0.1199352 0.1173226 0.1509250 0.1840427 0.1557563 0.1662092 0.1462456 0.1647532 0.2144527 0.0963473 0.1966848 0.1664712 0.1555153 0.5968076 0.1273426 0.1612875 0.1237363 0.0930950 0.7710509 0.1511073 0.1888061 0.9363333 0.1587393 0.1894480 0.1556967 0.1514943 0.2057363 0.7632681 0.1840651 1.0218417 0.1602369 0.1977128 0.1725024 0.1215512 
Helianthus_annuus_SRR9119062               0.5315379 0.1934256 0.2483636 0.2799522 0.2454537 0.1560728 0.2836743 0.1686334 0.0000000 0.3053282 0.2804070 0.2614139 0.2617790 0.3547166 0.1860602 0.3330672 0.2623857 0.1847746 0.3354955 0.1949694 0.2836514 0.2425291 0.1642484 0.3419558 0.4182858 0.2787575 0.2557767 0.2450585 0.1998247 0.2112255 0.2802500 0.2350844 0.3045274 0.2332574 0.3195863 0.2981608 0.2547772 0.3407128 0.3487452 0.2966736 0.3905562 0.3021561 0.2587121 0.3410995 0.2394871 0.2506268 0.2109892 0.2143763 0.2189134 0.2445114 0.2647557 0.2129730 0.2101781 0.3372605 0.2590162 0.2014605 0.2493730 0.2502509 0.2247348 0.1792486 0.3823881 0.2155626 0.2480453 0.3312123 0.2105876 0.2582914 0.2770752 0.1312164 0.3560188 0.2449342 0.2208114 0.2867005 0.2699574 0.2346559 0.1906147 0.2896696 0.2885836 0.5957981 0.3328354 0.4124024 0.2491143 0.6293622 0.1870400 0.2256897 
Lycapsus_tenuifolius_17                    0.3517494 0.0924432 0.2458677 0.2578313 0.2544606 0.1484527 0.2272677 0.1902144 0.3053282 0.0000000 0.2870112 0.2568113 0.1433692 0.3564958 0.1680424 0.3128582 0.2523740 0.1502823 0.3702407 0.2220956 0.2469336 0.2190285 0.1206764 0.2931440 0.3380931 0.2344771 0.3153786 0.2857151 0.1719891 0.1715934 0.2953934 0.2507172 0.0433524 0.2363237 0.2467681 0.3553460 0.1526341 0.3854727 0.2807556 0.2502052 0.3184502 0.2629425 0.2538987 0.3714460 0.2295335 0.2415961 0.2397001 0.2365310 0.1346893 0.2414541 0.3490674 0.2657715 0.1982718 0.3435470 0.2181530 0.1589771 0.2199806 0.2469981 0.1977721 0.1702979 0.4109679 0.1397078 0.2569905 0.2766671 0.2147687 0.2565297 0.3507318 0.1252162 0.2177257 0.2399145 0.2609875 0.2362612 0.2275818 0.2611801 0.1174137 0.2793156 0.3310843 0.5443882 0.2750234 0.4562986 0.2496339 0.5217918 0.1242280 0.1228091 
Pericome_caudata_50_silver                 0.5321868 0.1423827 0.2395335 0.2733193 0.1846891 0.1558449 0.2360059 0.1611182 0.2804070 0.2870112 0.0000000 0.2455747 0.1097077 0.3587485 0.1386777 0.2870886 0.1980204 0.1448344 0.3706669 0.1790124 0.2335958 0.1815862 0.1022006 0.3053506 0.3588207 0.2169650 0.2392855 0.2361764 0.1632722 0.1530052 0.2412484 0.2030702 0.3259592 0.2166964 0.2519092 0.3283316 0.1192560 0.3636318 0.2800628 0.2206897 0.3337976 0.2762737 0.2571527 0.3625467 0.1911263 0.1958140 0.1758659 0.2195850 0.0867670 0.2069831 0.1964730 0.2071382 0.1476684 0.3149803 0.1968408 0.1175982 0.1858011 0.2037942 0.1995183 0.1574155 0.3685327 0.1112325 0.2102069 0.2860569 0.1746206 0.1036564 0.2180765 0.1430022 0.2124760 0.2047226 0.1755572 0.1923321 0.2027859 0.2325939 0.1086953 0.1509331 0.2983524 0.5500555 0.2723281 0.4785160 0.1978830 0.5204792 0.1272565 0.1138669 
Perityle_aglossa_84_dead_horse             0.5741704 0.1275184 0.2253106 0.2492507 0.1933798 0.1338109 0.2411838 0.1557144 0.2614139 0.2568113 0.2455747 0.0000000 0.0430423 0.2719692 0.0942454 0.2510194 0.1153295 0.1224631 0.3486252 0.1233315 0.1553546 0.1155343 0.0454577 0.2536195 0.2942313 0.0951573 0.1761945 0.2053943 0.1517876 0.1563754 0.2875096 0.2409962 0.3122931 0.1226236 0.1798795 0.3327639 0.0451887 0.3568950 0.2364111 0.1062550 0.3187372 0.1921840 0.2232747 0.3662142 0.1164066 0.1086589 0.0910569 0.2244407 0.0273557 0.1279589 0.0317487 0.1342946 0.0395409 0.2970885 0.1251030 0.0668332 0.1011448 0.1186354 0.1814422 0.1130153 0.3395703 0.0799222 0.1100309 0.2520810 0.1402739 0.1911049 0.3500898 0.1322062 0.1905853 0.1242678 0.2178258 0.1065298 0.1245076 0.2253543 0.1136220 0.2292116 0.3102343 0.5377377 0.1584392 0.4802234 0.0901711 0.4581737 0.1292520 0.0453119 
Perityle_ajoensis_204                      0.8864138 0.1071040 0.1207768 0.2316497 0.1384232 0.3866801 0.2002162 0.7792174 0.2617790 0.1433692 0.1097077 0.0430423 0.0000000 0.0000010 0.0533109 0.1200304 0.0892766 0.0668326 0.2141370 0.0000010 0.0930115 0.0260679 0.0209791 0.0290589 0.6865779 0.0317529 0.5109091 0.0916732 0.1607626 0.1215557 0.6909442 0.2420042 0.7315697 0.0492508 0.0000010 0.2372939 0.0260908 0.2588912 0.1144998 0.0384815 0.1316548 0.1562122 0.1835115 0.2136751 0.0291132 0.0194302 0.0000010 0.0000010 0.0171554 0.0620324 0.0000010 0.0000010 0.0254431 0.2220192 0.0894534 0.0455012 0.0245843 0.0504838 0.1557830 0.0000010 0.2984913 0.0815956 0.0362795 0.1555708 0.0000010 0.0921899 0.8155796 0.0000010 0.0461387 0.0246499 0.1361309 0.0245984 0.0000010 0.0542114 0.0246136 0.1646986 0.2008164 0.4692353 0.0811438 0.2556745 0.0246238 0.8388478 0.1179004 0.0431358 
Perityle_ambrosiifolia_67_green            0.3698346 0.2520584 0.3897704 0.3455541 0.3435777 0.1513302 0.3740451 0.1504091 0.3547166 0.3564958 0.3587485 0.2719692 0.0000010 0.0000000 0.2497988 0.5053161 0.3294994 0.2484347 0.3748166 0.2761594 0.0899852 0.2960725 0.1939250 0.0628636 0.1081562 1.2532128 0.3294048 0.3794484 0.2196579 0.2060211 0.3408175 0.3591880 0.2958383 0.2784607 0.1939597 0.4099548 0.0000010 0.3251528 0.4230384 1.0069408 0.5919868 0.0554212 0.3676938 0.3567615 0.3161615 0.3393104 0.2876965 0.3600022 0.0000010 0.3130131 0.5435929 0.3313997 0.2452650 0.3262119 0.3300262 0.2771892 0.3335054 0.3371722 0.3512310 0.0846528 0.4210110 0.2995618 0.3311678 0.7578711 0.3312555 0.3629455 0.3447042 0.1815372 0.6777806 0.3298227 0.3245729 1.0887138 0.0304248 0.3688124 0.0233617 0.3717883 0.3701631 0.7367728 0.2651276 1.6479518 0.3336913 0.3021119 0.1757385 0.1204513 
Perityle_angustifolia_13_Eagle_creek       0.3769810 0.1092316 0.1338380 0.1944676 0.1309449 0.1151294 0.1863095 0.1460190 0.1860602 0.1680424 0.1386777 0.0942454 0.0533109 0.2497988 0.0000000 0.1290804 0.0505178 0.1069030 0.2312411 0.0280379 0.1686089 0.0343434 0.0245598 0.2127930 0.2722024 0.0547437 0.0928611 0.0641601 0.1314563 0.1403332 0.2213350 0.1852691 0.2359913 0.0185976 0.1977396 0.1678532 0.0650575 0.1728745 0.2343407 0.0691385 0.2853176 0.2239304 0.1589553 0.1916980 0.0327238 0.0538328 0.0507843 0.1623923 0.0599575 0.0343617 0.1083799 0.0666347 0.0813987 0.1986071 0.1262371 0.0540988 0.0351718 0.0478554 0.1465567 0.1412514 0.2650064 0.0422149 0.0540087 0.2720813 0.0700523 0.1498773 0.1932381 0.1159640 0.2013711 0.0354555 0.1593735 0.0572766 0.1772778 0.1578506 0.1048142 0.1594053 0.1641416 0.4650266 0.1748335 0.1864555 0.0547218 0.4121564 0.0845825 0.0507097 
Perityle_batopilensis_97                   0.7807289 0.1511436 0.2716964 0.2656462 0.2354807 0.1546522 0.2496340 0.1706528 0.3330672 0.3128582 0.2870886 0.2510194 0.1200304 0.5053161 0.1290804 0.0000000 0.2171584 0.1176194 0.3162324 0.2396352 0.2043361 0.2281261 0.0906320 0.3146620 0.4599634 0.2434642 0.3188610 0.2440063 0.1644153 0.1629272 0.3617762 0.3133319 0.4803055 0.2027321 0.2493697 0.3649192 0.1480291 0.3903680 0.0770325 0.2564995 0.3257880 0.3543746 0.2832147 0.3901628 0.2310540 0.2408825 0.2608460 0.2977530 0.1242533 0.2264248 0.3103358 0.2643151 0.1866551 0.3108124 0.1292277 0.1320352 0.2087619 0.2309291 0.2004719 0.0890779 0.3603319 0.0763251 0.2595576 0.1757488 0.2642665 0.2379180 0.4071779 0.0876280 0.1881838 0.2391643 0.2179496 0.2348161 0.2241619 0.2345430 0.0786833 0.2691171 0.3333846 0.5985113 0.2824831 0.4923782 0.2416817 0.6423053 0.1472455 0.1313952 
Perityle_bisetosa_9                        0.4955277 0.1199491 0.2056923 0.2504650 0.1641196 0.1196878 0.2226503 0.1461593 0.2623857 0.2523740 0.1980204 0.1153295 0.0892766 0.3294994 0.0505178 0.2171584 0.0000000 0.1051711 0.3842504 0.0493802 0.1558481 0.0995033 0.0198903 0.2633079 0.3580291 0.1339044 0.0818786 0.1339746 0.1425537 0.1457317 0.2088303 0.1707933 0.2757589 0.0815641 0.2083168 0.3047870 0.0994663 0.3612885 0.2482984 0.1476258 0.3053015 0.2418956 0.2005716 0.3345417 0.0728420 0.0662371 0.0121651 0.1664419 0.0838295 0.0788313 0.0262395 0.0573643 0.0888438 0.3177190 0.1282054 0.0751685 0.0625914 0.0756998 0.1517110 0.1419402 0.3753925 0.0345474 0.0880703 0.2717446 0.0511105 0.1833735 0.2976673 0.1193439 0.1994010 0.0787264 0.1817287 0.1342150 0.1933641 0.2150722 0.1118128 0.2187002 0.2616865 0.5437249 0.1858425 0.5162884 0.0721867 0.4794741 0.0932609 0.0718104 
Perityle_californica_76_positas            0.3018584 0.1135381 0.1224294 0.1845492 0.1315798 0.1117016 0.1742493 0.1825626 0.1847746 0.1502823 0.1448344 0.1224631 0.0668326 0.2484347 0.1069030 0.1176194 0.1051711 0.0000000 0.1566198 0.1315792 0.1846585 0.1142460 0.0884044 0.2285257 0.2636807 0.0669194 0.1385546 0.1193575 0.1335425 0.1496086 0.1210806 0.0835453 0.2090431 0.1039258 0.2653045 0.1583530 0.0709124 0.1764214 0.2311292 0.0670263 0.3412443 0.2373528 0.1567735 0.1774185 0.1052030 0.1103880 0.1274890 0.1623089 0.0709417 0.1078022 0.1305440 0.1375227 0.1259417 0.1842597 0.2001352 0.1197712 0.1143024 0.1090761 0.1613539 0.1725492 0.2207769 0.0994850 0.1133219 0.2984583 0.1430738 0.1474934 0.1653173 0.1445146 0.2695691 0.1117867 0.1293987 0.0795077 0.2310424 0.1256601 0.1361581 0.1227441 0.1618577 0.4181429 0.1963839 0.1591840 0.1115835 0.4036490 0.0950263 0.0627607 
Perityle_canescens_77                      0.5698620 0.1695243 0.3452862 0.3209294 0.3078043 0.1645303 0.3392200 0.1963025 0.3354955 0.3702407 0.3706669 0.3486252 0.2141370 0.3748166 0.2312411 0.3162324 0.3842504 0.1566198 0.0000000 0.2922793 0.3464495 0.2944372 0.1406519 0.3735348 0.2796831 0.3685228 0.3606457 0.3765706 0.1807714 0.1924951 0.3060877 0.2889605 0.3434182 0.3276983 0.1991077 0.4239676 0.2467181 0.3605485 0.2793718 0.4141941 0.3320537 0.2435848 0.2649011 0.3587218 0.3602491 0.3695429 0.3130187 0.3006136 0.2560972 0.3680953 0.3819976 0.2911200 0.2258290 0.3055573 0.1728656 0.1582385 0.3684535 0.3812159 0.1919396 0.0913105 0.2706011 0.1926027 0.3762993 0.2889142 0.2595630 0.3540280 0.3974854 0.1400368 0.2585180 0.3661807 0.3012821 0.3394547 0.1825335 0.3247882 0.1178360 0.3547922 0.3405015 0.3915517 0.3373143 0.1443959 0.3693162 0.4700338 0.1802768 0.2349971 
Perityle_castillonii_96                    0.2498868 0.1157496 0.1646109 0.2426458 0.1718258 0.1258440 0.2338254 0.1232761 0.1949694 0.2220956 0.1790124 0.1233315 0.0000010 0.2761594 0.0280379 0.2396352 0.0493802 0.1315792 0.2922793 0.0000000 0.2626502 0.0239315 0.0291311 0.2779170 0.2257429 0.0000010 0.0731495 0.0746169 0.1368465 0.1671147 0.1787653 0.1961635 0.2290577 0.0250017 0.2237230 0.1965035 0.0000010 0.1915658 0.3546481 0.0000010 0.4689595 0.2436598 0.1816722 0.2259254 0.0307172 0.0494655 0.0482458 0.1731279 0.0000010 0.0283873 0.1185953 0.0753670 0.1091160 0.2402928 0.1706707 0.0515926 0.0260460 0.0566776 0.1341699 0.1532191 0.3418442 0.0449756 0.0687261 0.6750633 0.0780346 0.2051745 0.2024372 0.1196375 0.5807815 0.0295073 0.1906754 0.0000010 0.1997546 0.2298853 0.1570624 0.1977558 0.1829809 0.6838045 0.2633871 0.5839104 0.0494944 0.2564995 0.0631908 0.0302377 
Perityle_cernua_84                         0.5457467 0.1922520 0.2662712 0.2702019 0.2424802 0.1527865 0.2802609 0.1800561 0.2836514 0.2469336 0.2335958 0.1553546 0.0930115 0.0899852 0.1686089 0.2043361 0.1558481 0.1846585 0.3464495 0.2626502 0.0000000 0.1710110 0.1202416 0.1080053 0.2307174 0.0923777 0.3564775 0.2076826 0.1853894 0.1754748 0.3714559 0.3557357 0.3191894 0.1709312 0.1915400 0.3511048 0.0898097 0.2989768 0.2402175 0.1186536 0.3146274 0.0530496 0.2768881 0.3071559 0.1688166 0.1799198 0.2789868 0.3463449 0.0842008 0.1750702 0.4997183 0.3282131 0.1796913 0.3187819 0.2092323 0.1915050 0.1774198 0.1683763 0.2804960 0.0752927 0.3824485 0.1042134 0.1890702 0.2653067 0.3206163 0.2350269 0.3697314 0.1733353 0.2022440 0.1736711 0.2591028 0.0834219 0.0376216 0.2742779 0.0519679 0.2613355 0.3194153 0.5100603 0.1501139 0.4902000 0.1800884 0.4710134 0.1534513 0.0959777 
Perityle_cfvillosa_25_tin                  0.4840876 0.1092092 0.1809622 0.2386666 0.1572523 0.1195765 0.2185658 0.1462879 0.2425291 0.2190285 0.1815862 0.1155343 0.0260679 0.2960725 0.0343434 0.2281261 0.0995033 0.1142460 0.2944372 0.0239315 0.1710110 0.0000000 0.0245511 0.2067521 0.3342418 0.0529142 0.1044961 0.1044849 0.1418841 0.1360639 0.2318475 0.1950441 0.2653952 0.0394597 0.2125694 0.2589206 0.0277437 0.2949482 0.2378819 0.0457164 0.2850454 0.2367953 0.1953797 0.2698806 0.0281131 0.0560410 0.0457888 0.1682237 0.0189409 0.0574933 0.1053235 0.0755064 0.0698837 0.2527305 0.1407998 0.0472052 0.0193875 0.0541635 0.1390424 0.1530651 0.3432215 0.0663667 0.0618446 0.2602420 0.0713343 0.1608955 0.2491406 0.1194940 0.1431975 0.0159721 0.1747060 0.0292488 0.1909396 0.1664767 0.0819636 0.1974571 0.2411232 0.5279642 0.1706487 0.3624163 0.0498213 0.4975733 0.0787469 0.0421557 
Perityle_cinerea_113_Powell1310            0.2999134 0.0942589 0.0801960 0.1513969 0.1071698 0.1201690 0.1298939 0.1128462 0.1642484 0.1206764 0.1022006 0.0454577 0.0209791 0.1939250 0.0245598 0.0906320 0.0198903 0.0884044 0.1406519 0.0291311 0.1202416 0.0245511 0.0000000 0.1495793 0.2569995 0.0252894 0.0293220 0.0459500 0.1157078 0.1043787 0.1790063 0.1222767 0.1902940 0.0183699 0.1780552 0.1244583 0.0338065 0.1270479 0.1410507 0.0381615 0.3829519 0.2124650 0.1221360 0.1374344 0.0230491 0.0168003 0.0095662 0.1160999 0.0252419 0.0246082 0.0107134 0.0292900 0.0502640 0.1707361 0.1198573 0.0358806 0.0199262 0.0276545 0.1107632 0.1419402 0.1930070 0.0373208 0.0289771 0.2265455 0.0292572 0.1148526 0.1376649 0.1049080 0.1843915 0.0276998 0.1129619 0.0425843 0.1966898 0.0826323 0.1052979 0.1022587 0.1392911 0.3749474 0.1232534 0.1438816 0.0198753 0.3676159 0.0853326 0.0322007 
Perityle_coahuilensis_24                   0.4877785 0.2051697 0.2901375 0.3004621 0.2691063 0.1496397 0.3527668 0.1859457 0.3419558 0.2931440 0.3053506 0.2536195 0.0290589 0.0628636 0.2127930 0.3146620 0.2633079 0.2285257 0.3735348 0.2779170 0.1080053 0.2067521 0.1495793 0.0000000 0.2597130 0.1576651 0.3977500 0.3369748 0.1967767 0.1826077 0.3805122 0.3691298 0.3193912 0.1998692 0.2218330 0.3830755 0.0501593 0.3386349 0.3116979 0.1582438 0.3396488 0.0498686 0.3015967 0.3650486 0.2494964 0.2693385 0.2939762 0.3623574 0.0572864 0.2681004 0.5521763 0.3436345 0.1793517 0.3553056 0.2527772 0.1994758 0.2578145 0.2890837 0.3055028 0.0986855 0.4413772 0.1845445 0.2776925 0.3358568 0.3352402 0.2822610 0.4281614 0.1793544 0.2090094 0.2613871 0.2767876 0.1373000 0.0222011 0.2741347 0.0363942 0.2917413 0.3311206 0.4058034 0.2516789 0.5440347 0.2359132 0.4866318 0.1600081 0.1063628 
Perityle_cochisensis_44_cave_creek         0.3750034 0.3296961 0.3578421 0.4310839 0.3464196 0.1638245 0.4153845 0.1795705 0.4182858 0.3380931 0.3588207 0.2942313 0.6865779 0.1081562 0.2722024 0.4599634 0.3580291 0.2636807 0.2796831 0.2257429 0.2307174 0.3342418 0.2569995 0.2597130 0.0000000 0.7198706 0.2705543 0.3684671 0.3389951 0.3045703 0.3353782 0.2942862 0.2875032 0.3252592 0.1374302 0.3810154 0.7383877 0.3529942 0.4563241 0.7447538 0.6576342 0.1307585 0.3770891 0.3256604 0.3448727 0.3601649 0.2585830 0.2783379 0.6995146 0.3389654 0.3410277 0.2568625 0.2620409 0.2782315 0.2755101 0.3136120 0.3433544 0.3606975 0.3253646 0.0902908 0.4191681 0.4334323 0.3509583 0.7381579 0.2524768 0.3716225 0.2664697 0.1480501 0.6932723 0.3522429 0.3696947 0.7213577 0.0712859 0.3629292 0.2381802 0.3715299 0.3885223 0.8549611 0.2673513 0.7721763 0.3497275 0.3734283 0.2909368 0.3524006 
Perityle_congesta_202                      0.9107021 0.1098823 0.2066273 0.2294628 0.1430333 0.3866801 0.1896506 0.7473336 0.2787575 0.2344771 0.2169650 0.0951573 0.0317529 1.2532128 0.0547437 0.2434642 0.1339044 0.0669194 0.3685228 0.0000010 0.0923777 0.0529142 0.0252894 0.1576651 0.7198706 0.0000000 0.4480134 0.1521446 0.1596409 0.1460308 0.7311065 0.3337069 0.6866752 0.0613214 0.0000010 0.3537838 0.0373877 0.3962981 0.1519736 0.0310988 0.1796449 0.1562122 0.2263839 0.3730145 0.0551820 0.0383763 0.0000010 0.0000010 0.0289704 0.1021560 0.0000010 0.0000010 0.0256091 0.3262512 0.0972354 0.0449164 0.0442191 0.0618061 0.1644042 0.0000010 0.3865649 0.0872164 0.0450534 0.1513940 0.0000010 0.1159820 0.9834028 0.0000010 0.0475452 0.0466127 0.1708353 0.0370258 0.0000010 0.0982581 0.0436355 0.1941810 0.3121146 0.4836990 0.1073396 0.4350180 0.0378122 0.7133434 0.1233112 0.0458183 
Perityle_cordifolia_27                     0.3606822 0.1804189 0.2147798 0.3037997 0.2127625 0.1208954 0.2908548 0.1223684 0.2557767 0.3153786 0.2392855 0.1761945 0.5109091 0.3294048 0.0928611 0.3188610 0.0818786 0.1385546 0.3606457 0.0731495 0.3564775 0.1044961 0.0293220 0.3977500 0.2705543 0.4480134 0.0000000 0.1485567 0.1839315 0.2035383 0.1838500 0.1883143 0.2626890 0.1006891 0.2286784 0.2649976 0.5759031 0.2836653 0.3879267 0.2969921 0.4778635 0.2737069 0.1956333 0.3215207 0.0877833 0.0800198 0.0543514 0.1623229 0.5109091 0.0872588 0.0906713 0.0186442 0.1225218 0.3194931 0.2032377 0.1052566 0.0915759 0.0797355 0.1821673 0.1610583 0.3571027 0.1150601 0.0908335 0.6988613 0.0280339 0.2498411 0.2893218 0.1268763 0.5566911 0.0929551 0.2172355 0.4939495 0.1980784 0.2821113 0.1951136 0.2545001 0.2498205 0.6877194 0.3412211 0.6995841 0.0833253 0.3387271 0.0938368 0.1606710 
Perityle_cordifolia_68_tecolote            0.5092531 0.1380011 0.2282112 0.2562773 0.1700212 0.1151559 0.2417895 0.1461224 0.2450585 0.2857151 0.2361764 0.2053943 0.0916732 0.3794484 0.0641601 0.2440063 0.1339746 0.1193575 0.3765706 0.0746169 0.2076826 0.1044849 0.0459500 0.3369748 0.3684671 0.1521446 0.1485567 0.0000000 0.1532544 0.1570398 0.2333672 0.2060940 0.2988874 0.1080872 0.2385931 0.3301360 0.0953355 0.3888879 0.2451922 0.2002611 0.3120513 0.2865861 0.2228093 0.3782674 0.1356010 0.1467527 0.0537100 0.1839041 0.0869689 0.1807587 0.0938702 0.0647488 0.0972241 0.3151498 0.0959616 0.0828063 0.1295266 0.1472438 0.1784946 0.1510941 0.3772642 0.0419054 0.1532282 0.2765356 0.0626065 0.1943166 0.3273497 0.1233037 0.1955023 0.1529838 0.1917811 0.1421845 0.1973139 0.2219141 0.1207609 0.2290256 0.2730016 0.5421356 0.2554533 0.4985609 0.1251974 0.5022241 0.1045821 0.0706235 
Perityle_crassifolia_70_ventanas           0.4066416 0.1397859 0.1578294 0.2255437 0.1484130 0.1370345 0.2019101 0.1949442 0.1998247 0.1719891 0.1632722 0.1517876 0.1607626 0.2196579 0.1314563 0.1644153 0.1425537 0.1335425 0.1807714 0.1368465 0.1853894 0.1418841 0.1157078 0.1967767 0.3389951 0.1596409 0.1839315 0.1532544 0.0000000 0.0830813 0.1978569 0.1317300 0.2199352 0.1456851 0.2125707 0.1955502 0.1581789 0.1984749 0.2280307 0.1574942 0.3486910 0.2342366 0.1985383 0.2034259 0.1417225 0.1345183 0.1229324 0.1631093 0.1563867 0.1505146 0.1533718 0.1309491 0.1566185 0.1961733 0.2043294 0.1545272 0.1471490 0.1427473 0.1591538 0.1677476 0.2548383 0.1433643 0.1463501 0.2793016 0.1371759 0.1733754 0.1649897 0.1252970 0.2544728 0.1441754 0.0028039 0.1586964 0.2281772 0.1495181 0.1442620 0.1673459 0.1906626 0.5410842 0.1837419 0.2103113 0.1453198 0.4901058 0.0991795 0.1483946 
Perityle_crassifolia_74_playa_balandra     0.3869741 0.1611929 0.1593027 0.1936848 0.1499828 0.1343523 0.1897895 0.1552246 0.2112255 0.1715934 0.1530052 0.1563754 0.1215557 0.2060211 0.1403332 0.1629272 0.1457317 0.1496086 0.1924951 0.1671147 0.1754748 0.1360639 0.1043787 0.1826077 0.3045703 0.1460308 0.2035383 0.1570398 0.0830813 0.0000000 0.2248871 0.1763146 0.2314877 0.1458290 0.2047297 0.1790961 0.1256679 0.2036395 0.2056774 0.1541066 0.3628381 0.2269858 0.1827874 0.2133294 0.1326227 0.1413472 0.1555137 0.1988898 0.1138530 0.1431842 0.2255213 0.1558703 0.1465349 0.1832649 0.2345729 0.1391234 0.1342853 0.1523293 0.1725695 0.1511009 0.2500641 0.1574324 0.1497731 0.2092849 0.1589452 0.1695735 0.1833391 0.1239874 0.2209980 0.1446109 0.0845817 0.1218477 0.1838281 0.1544582 0.1339856 0.1555845 0.1952325 0.3791154 0.1619410 0.2031223 0.1462773 0.4371072 0.1039205 0.1054224 
Perityle_cuneata_34_cuneata_San_antonio    0.3382641 0.2173550 0.2155759 0.3532984 0.2228065 0.1104881 0.3152074 0.1388741 0.2802500 0.2953934 0.2412484 0.2875096 0.6909442 0.3408175 0.2213350 0.3617762 0.2088303 0.1210806 0.3060877 0.1787653 0.3714559 0.2318475 0.1790063 0.3805122 0.3353782 0.7311065 0.1838500 0.2333672 0.1978569 0.2248871 0.0000000 0.0872529 0.2423075 0.2176561 0.2699386 0.2526486 0.7455928 0.2733881 0.4424678 0.6746392 0.5350185 0.2961258 0.2540902 0.2848016 0.2160597 0.2195859 0.1704115 0.2030793 0.6904485 0.2188064 0.2080336 0.1813005 0.2328719 0.2960666 0.2849532 0.2134717 0.2303788 0.2217589 0.2324676 0.1734747 0.3519047 0.2762610 0.2206687 0.6596524 0.1747656 0.2460657 0.2305006 0.1297157 0.6454807 0.2318773 0.1807244 0.7094058 0.2375565 0.2509652 0.2680904 0.2425578 0.2241669 0.7723937 0.4024743 0.7040148 0.2193373 0.3829921 0.1733721 0.2325865 
Perityle_cuneata_4                         0.2895730 0.1531720 0.1688457 0.2965044 0.1773909 0.1128844 0.2757993 0.1544558 0.2350844 0.2507172 0.2030702 0.2409962 0.2420042 0.3591880 0.1852691 0.3133319 0.1707933 0.0835453 0.2889605 0.1961635 0.3557357 0.1950441 0.1222767 0.3691298 0.2942862 0.3337069 0.1883143 0.2060940 0.1317300 0.1763146 0.0872529 0.0000000 0.2576311 0.1855643 0.2850440 0.2225354 0.3337069 0.2490442 0.4312108 0.3337069 0.5431127 0.3130672 0.2186085 0.2726519 0.1871968 0.1823794 0.1758231 0.2183020 0.3337069 0.1884968 0.1817427 0.1908120 0.1936250 0.2657990 0.2640075 0.1626265 0.2025321 0.1872794 0.2161241 0.1958291 0.3325473 0.1513751 0.1896410 0.6410994 0.1869628 0.2151062 0.2339746 0.1500766 0.6047542 0.2068468 0.1484973 0.3337069 0.2515836 0.2212876 0.1935598 0.2025033 0.1998500 0.7591071 0.3769383 0.7102436 0.1780922 0.3317485 0.1106691 0.1033424 
Perityle_discoidea_81                      0.1356019 0.1323672 0.3100887 0.3242411 0.3091841 0.1487072 0.2756974 0.1538295 0.3045274 0.0433524 0.3259592 0.3122931 0.7315697 0.2958383 0.2359913 0.4803055 0.2757589 0.2090431 0.3434182 0.2290577 0.3191894 0.2653952 0.1902940 0.3193912 0.2875032 0.6866752 0.2626890 0.2988874 0.2199352 0.2314877 0.2423075 0.2576311 0.0000000 0.2616315 0.2602800 0.3003902 0.6829489 0.3508473 0.4402795 0.7121788 0.4799503 0.2628652 0.2671830 0.3463497 0.2612983 0.2762392 0.2418540 0.2290434 0.7670521 0.2731836 0.3441767 0.2614925 0.2826738 0.3255186 0.3011900 0.2326555 0.2666790 0.2825759 0.2492203 0.1702979 0.4641964 0.2685082 0.2853556 0.6692660 0.2174307 0.3385576 0.2952749 0.1252162 0.6296383 0.2799037 0.3151037 0.8457374 0.2261877 0.3307525 0.1982831 0.3330598 0.3161653 0.7476727 0.3764682 0.6427564 0.2797845 0.3576022 0.1851135 0.1573331 
Perityle_dissecta_201                      0.4743774 0.1161295 0.1937812 0.2341209 0.1727573 0.1151294 0.2047450 0.1462879 0.2332574 0.2363237 0.2166964 0.1226236 0.0492508 0.2784607 0.0185976 0.2027321 0.0815641 0.1039258 0.3276983 0.0250017 0.1709312 0.0394597 0.0183699 0.1998692 0.3252592 0.0613214 0.1006891 0.1080872 0.1456851 0.1458290 0.2176561 0.1855643 0.2616315 0.0000000 0.2101527 0.2716897 0.0510180 0.2939902 0.2423213 0.0622573 0.2974325 0.2308972 0.2210307 0.3022647 0.0353814 0.0571975 0.0532494 0.1677877 0.0505325 0.0617422 0.0985902 0.0742070 0.0726623 0.2635624 0.1259107 0.0512126 0.0393575 0.0510840 0.1447277 0.1494049 0.3468404 0.0524022 0.0621441 0.2633012 0.0664626 0.1885704 0.2581215 0.1194203 0.1668390 0.0400046 0.1745282 0.0560718 0.1888673 0.1737502 0.1117980 0.2173623 0.2645727 0.5426549 0.1799803 0.3688362 0.0537267 0.5129765 0.0869765 0.0441037 
Perityle_emoryi_47_punta_san_jose          0.2670608 0.2308893 0.2627364 0.3273804 0.2544682 0.1573567 0.3115793 0.1594678 0.3195863 0.2467681 0.2519092 0.1798795 0.0000010 0.1939597 0.1977396 0.2493697 0.2083168 0.2653045 0.1991077 0.2237230 0.1915400 0.2125694 0.1780552 0.2218330 0.1374302 0.0000010 0.2286784 0.2385931 0.2125707 0.2047297 0.2699386 0.2850440 0.2602800 0.2101527 0.0000000 0.2818264 0.0000010 0.2321760 0.3633244 0.0000010 0.6348020 0.1737219 0.2949010 0.2052244 0.2102532 0.2196217 0.2172472 0.2828997 0.0000010 0.2081780 0.3222093 0.2265673 0.1784496 0.1733839 0.2487186 0.2417367 0.2216731 0.2216708 0.2963586 0.1382586 0.2603567 0.2586838 0.2078584 0.7302805 0.2409275 0.2650358 0.2357111 0.1563733 0.7506236 0.2173831 0.2559760 0.0000010 0.1554841 0.2586195 0.0969982 0.2460951 0.2788466 0.7171156 0.1521962 0.0000010 0.2173774 0.0000010 0.1914499 0.1106631 
Perityle_feddemae_99                       0.5112538 0.1440122 0.2948317 0.3056351 0.2829728 0.1693956 0.3006130 0.2318749 0.2981608 0.3553460 0.3283316 0.3327639 0.2372939 0.4099548 0.1678532 0.3649192 0.3047870 0.1583530 0.4239676 0.1965035 0.3511048 0.2589206 0.1244583 0.3830755 0.3810154 0.3537838 0.2649976 0.3301360 0.1955502 0.1790961 0.2526486 0.2225354 0.3003902 0.2716897 0.2818264 0.0000000 0.2417582 0.2519369 0.3532540 0.3832632 0.2020783 0.3242173 0.0368654 0.2917410 0.2997061 0.2948982 0.2251300 0.0205442 0.2307936 0.3194923 0.2085223 0.2311557 0.1995803 0.3753211 0.2153036 0.1297270 0.2933165 0.2999943 0.0990744 0.1947126 0.4404362 0.1345458 0.3083116 0.2970247 0.1677346 0.2887570 0.3332114 0.1636324 0.2861468 0.3049099 0.2376816 0.3416257 0.2546945 0.2770635 0.1635654 0.3119733 0.2001503 0.5848564 0.3580844 0.6384287 0.2871362 0.6177155 0.1466396 0.2219675 
Perityle_fosteri_93                        0.8967736 0.1075089 0.1214031 0.2385533 0.1475380 0.3866801 0.1987671 0.7473336 0.2547772 0.1526341 0.1192560 0.0451887 0.0260908 0.0000010 0.0650575 0.1480291 0.0994663 0.0709124 0.2467181 0.0000010 0.0898097 0.0277437 0.0338065 0.0501593 0.7383877 0.0373877 0.5759031 0.0953355 0.1581789 0.1256679 0.7455928 0.3337069 0.6829489 0.0510180 0.0000010 0.2417582 0.0000000 0.2504001 0.1359700 0.0429516 0.1415189 0.1562122 0.1676162 0.2298138 0.0221280 0.0225770 0.0000010 0.0000010 0.0224085 0.0587199 0.0000010 0.0000010 0.0302811 0.2373846 0.0955866 0.0482718 0.0289416 0.0540187 0.1555324 0.0000010 0.3074729 0.0941784 0.0372385 0.1554059 0.0000010 0.0885082 1.1149616 0.0000010 0.0382306 0.0236722 0.1449695 0.0233525 0.0000010 0.0640957 0.0372614 0.1681573 0.2169527 0.4707912 0.0785895 0.2984498 0.0275528 0.8200056 0.1233659 0.0453945 
Perityle_gamon_221                         0.5671545 0.1567033 0.3533665 0.3456473 0.2961655 0.1700321 0.3040141 0.2219055 0.3407128 0.3854727 0.3636318 0.3568950 0.2588912 0.3251528 0.1728745 0.3903680 0.3612885 0.1764214 0.3605485 0.1915658 0.2989768 0.2949482 0.1270479 0.3386349 0.3529942 0.3962981 0.2836653 0.3888879 0.1984749 0.2036395 0.2733881 0.2490442 0.3508473 0.2939902 0.2321760 0.2519369 0.2504001 0.0000000 0.3602390 0.4689330 0.3423746 0.2414330 0.1978864 0.2580066 0.3164385 0.3496458 0.2325202 0.1219972 0.2111454 0.3175515 0.2052041 0.2376535 0.1784649 0.3552681 0.2438637 0.1625400 0.3024117 0.3648579 0.1161901 0.1986347 0.3901819 0.1649123 0.3661167 0.3300541 0.1836896 0.3003590 0.3834325 0.1783669 0.3496629 0.3259187 0.2619170 0.3762417 0.2000385 0.2933437 0.1739868 0.3229762 0.1789717 0.6848263 0.3883115 0.5466941 0.3463849 0.5937195 0.1578452 0.2150712 
Perityle_gentryi_8_san_francisco           0.6548046 0.2082758 0.2818682 0.3004948 0.2766890 0.1771035 0.3055778 0.1470463 0.3487452 0.2807556 0.2800628 0.2364111 0.1144998 0.4230384 0.2343407 0.0770325 0.2482984 0.2311292 0.2793718 0.3546481 0.2402175 0.2378819 0.1410507 0.3116979 0.4563241 0.1519736 0.3879267 0.2451922 0.2280307 0.2056774 0.4424678 0.4312108 0.4402795 0.2423213 0.3633244 0.3532540 0.1359700 0.3602390 0.0000000 0.1689699 0.4142734 0.4059598 0.3046578 0.3553472 0.2444384 0.2462140 0.3572673 0.4035335 0.1093814 0.2514275 0.2900174 0.3642860 0.2062768 0.2967948 0.2690188 0.1831670 0.2386648 0.2531474 0.2994794 0.0873393 0.3616593 0.1049075 0.2581998 0.2468244 0.3578150 0.2759697 0.4225463 0.2354669 0.2501152 0.2445065 0.2868339 0.1483048 0.3185136 0.2751604 0.0845747 0.2995272 0.3471383 0.5847203 0.2708488 0.3792040 0.2416806 0.6012896 0.2435448 0.1071519 
Perityle_gilensis_salensis_225             0.9348368 0.1165728 0.2368827 0.2348331 0.1708061 0.3866801 0.1973328 0.9363333 0.2966736 0.2502052 0.2206897 0.1062550 0.0384815 1.0069408 0.0691385 0.2564995 0.1476258 0.0670263 0.4141941 0.0000010 0.1186536 0.0457164 0.0381615 0.1582438 0.7447538 0.0310988 0.2969921 0.2002611 0.1574942 0.1541066 0.6746392 0.3337069 0.7121788 0.0622573 0.0000010 0.3832632 0.0429516 0.4689330 0.1689699 0.0000000 0.1848842 0.1562122 0.2475292 0.4099759 0.0536138 0.0653238 0.0000010 0.0000010 0.0330894 0.1058584 0.0000010 0.0000010 0.0304949 0.3547326 0.1100750 0.0506694 0.0419411 0.0646835 0.1731329 0.0000010 0.4267967 0.0936694 0.0491533 0.1662957 0.0000010 0.1341280 0.9384280 0.0000010 0.0581974 0.0358312 0.1735626 0.0494322 0.0000010 0.1215728 0.0435425 0.2037778 0.3377434 0.5070233 0.1015376 0.4657907 0.0554295 0.7271657 0.1318378 0.0502365 
Perityle_glaucescens_94                    0.6779502 0.2907970 0.3159208 0.3811539 0.3219695 0.8992140 0.3649283 0.8431440 0.3905562 0.3184502 0.3337976 0.3187372 0.1316548 0.5919868 0.2853176 0.3257880 0.3053015 0.3412443 0.3320537 0.4689595 0.3146274 0.2850454 0.3829519 0.3396488 0.6576342 0.1796449 0.4778635 0.3120513 0.3486910 0.3628381 0.5350185 0.5431127 0.4799503 0.2974325 0.6348020 0.2020783 0.1415189 0.3423746 0.4142734 0.1848842 0.0000000 0.5592496 0.1983332 0.3365300 0.2809927 0.3044953 0.4759152 0.4102825 0.1201159 0.2982790 0.8649910 0.4655538 0.2825933 0.3557395 0.3837716 0.2910148 0.2805945 0.2983892 0.3834366 0.8216064 0.4204717 0.2471458 0.3008161 0.2920890 0.4541046 0.3120896 0.4744554 0.8676833 0.2711746 0.2980876 0.3288392 0.1746811 0.6108636 0.2762086 0.2947607 0.3412344 0.3187644 0.5860731 0.3533212 0.1623953 0.2978716 0.8020767 0.3055269 0.2312419 
Perityle_gracilis_11                       0.3219588 0.2242712 0.3087052 0.3066023 0.2870348 0.1687980 0.3518696 0.1582342 0.3021561 0.2629425 0.2762737 0.1921840 0.1562122 0.0554212 0.2239304 0.3543746 0.2418956 0.2373528 0.2435848 0.2436598 0.0530496 0.2367953 0.2124650 0.0498686 0.1307585 0.1562122 0.2737069 0.2865861 0.2342366 0.2269858 0.2961258 0.3130672 0.2628652 0.2308972 0.1737219 0.3242173 0.1562122 0.2414330 0.4059598 0.1562122 0.5592496 0.0000000 0.3246514 0.2592385 0.2326805 0.2478640 0.2447209 0.3200260 0.1562122 0.2308880 0.4572137 0.2841507 0.2183513 0.2418813 0.3071834 0.2454666 0.2390007 0.2458802 0.3258044 0.1193599 0.2931634 0.3052736 0.2407013 0.7468775 0.2843328 0.2851373 0.2873906 0.1934553 0.6715493 0.2390355 0.2942992 0.1562122 0.0557628 0.3321898 0.0408086 0.2927180 0.3188862 0.7753797 0.2190058 1.0621649 0.2440207 0.2464333 0.1787777 0.1067405 
Perityle_harkerae_31                       0.4784078 0.1456061 0.2155160 0.2925018 0.2149878 0.1793885 0.2559848 0.2382074 0.2587121 0.2538987 0.2571527 0.2232747 0.1835115 0.3676938 0.1589553 0.2832147 0.2005716 0.1567735 0.2649011 0.1816722 0.2768881 0.1953797 0.1221360 0.3015967 0.3770891 0.2263839 0.1956333 0.2228093 0.1985383 0.1827874 0.2540902 0.2186085 0.2671830 0.2210307 0.2949010 0.0368654 0.1676162 0.1978864 0.3046578 0.2475292 0.1983332 0.3246514 0.0000000 0.2251517 0.1964924 0.1980229 0.1668634 0.0196716 0.1465840 0.2147212 0.2190254 0.1641795 0.1640379 0.2601861 0.2132373 0.1325268 0.1862786 0.1976905 0.1010350 0.2069471 0.3081276 0.1384762 0.2036319 0.2951283 0.1581071 0.2223370 0.2186558 0.1704525 0.2763328 0.2069997 0.1941441 0.2374921 0.2557369 0.2195585 0.1597047 0.2246542 0.1712696 0.5843659 0.2924947 0.2364704 0.1933693 0.5661321 0.1492467 0.1446278 
Perityle_hofmeisteria_4_nombre_de_dios     0.5782692 0.1586041 0.3553850 0.3495261 0.2871855 0.1615229 0.3240181 0.2021436 0.3410995 0.3714460 0.3625467 0.3662142 0.2136751 0.3567615 0.1916980 0.3901628 0.3345417 0.1774185 0.3587218 0.2259254 0.3071559 0.2698806 0.1374344 0.3650486 0.3256604 0.3730145 0.3215207 0.3782674 0.2034259 0.2133294 0.2848016 0.2726519 0.3463497 0.3022647 0.2052244 0.2917410 0.2298138 0.2580066 0.3553472 0.4099759 0.3365300 0.2592385 0.2251517 0.0000000 0.3430406 0.3255062 0.2549408 0.1661379 0.1869356 0.3487568 0.1904233 0.2659974 0.1761072 0.3404004 0.2130668 0.1621110 0.3302786 0.3353870 0.1617448 0.1177769 0.3870721 0.1772041 0.3383571 0.3131316 0.1883506 0.2969006 0.4016165 0.1736095 0.3201647 0.3489122 0.2579491 0.3399382 0.1825192 0.2983508 0.1670801 0.3432110 0.2034679 0.6282278 0.3319509 0.5699674 0.3244407 0.5696828 0.1636045 0.2025468 
Perityle_huecosensis_48                    0.4745985 0.1031990 0.1858708 0.2397818 0.1660559 0.1151294 0.2223100 0.1413087 0.2394871 0.2295335 0.1911263 0.1164066 0.0291132 0.3161615 0.0327238 0.2310540 0.0728420 0.1052030 0.3602491 0.0307172 0.1688166 0.0281131 0.0230491 0.2494964 0.3448727 0.0551820 0.0877833 0.1356010 0.1417225 0.1326227 0.2160597 0.1871968 0.2612983 0.0353814 0.2102532 0.2997061 0.0221280 0.3164385 0.2444384 0.0536138 0.2809927 0.2326805 0.1964924 0.3430406 0.0000000 0.0437885 0.0520838 0.1821700 0.0219974 0.0412079 0.1024538 0.0712925 0.0678613 0.2952353 0.1419360 0.0425298 0.0293789 0.0513789 0.1354136 0.1494049 0.3809053 0.0636193 0.0546482 0.2543696 0.0660846 0.1787043 0.3257979 0.1194203 0.1373099 0.0304544 0.1807264 0.0331431 0.1909999 0.1753001 0.0837568 0.2177427 0.2630199 0.5317529 0.1816851 0.4621558 0.0437918 0.4809057 0.0787726 0.0455088 
