83
Amauria_brandeegeana_62                    0.0000000 0.1290302 1.0188334 0.3827061 0.1210757 0.3153307 0.2153174 0.5579732 0.2986699 0.1512146 0.1413685 0.1051666 0.1163430 0.1476075 0.1453962 0.1062992 0.3324291 0.2095470 0.1338328 0.1086764 0.2242506 0.1504357 0.1133081 0.1537627 0.1665930 0.1954498 0.2566774 0.3022560 0.3371643 0.1110405 0.1798561 0.3045106 0.1148651 0.1179672 0.1914300 0.0972512 0.2240705 0.1120139 0.1152771 0.2487490 0.2657056 0.1383814 0.1749263 0.2555311 0.1336339 0.1831932 0.1669678 0.1835405 0.1380334 0.2061451 0.1376184 0.1310233 0.0987778 0.1510613 0.1674678 0.1565892 0.1723134 0.1823516 0.1846109 0.1259926 1.1302289 0.1132352 0.1591371 0.2543926 0.0977081 0.1635793 0.1730535 0.1016792 0.1560066 0.2783160 0.1866396 0.1398601 0.1381948 0.1280430 0.4179217 0.1609535 0.1789915 0.1430359 0.6785311 0.1846378 0.1436607 0.0736437 0.1213788 
Amauria_carterae_99_mesa                   0.1290302 0.0000000 1.1326143 0.2852407 0.1567821 0.2094692 0.1873005 0.3931912 0.2161634 0.2053395 0.1706824 0.1747916 0.1738932 0.1961809 0.2060973 0.1619589 0.3612675 0.2159554 0.1648542 0.1591512 0.1964151 0.1772392 0.1702274 0.1929451 0.1743272 0.3499969 0.1732571 0.2282900 0.2346455 0.1975906 0.1759551 0.2090780 0.1704483 0.1794951 0.2157986 0.1768652 0.1992328 0.1990830 0.2052447 0.1927983 0.2098712 0.1963211 0.2060021 0.2171383 0.1650440 0.2020547 0.1929451 0.2096893 0.1767000 0.1654619 0.1709035 0.1774853 0.1827425 0.1615360 0.3495516 0.2246210 0.1929451 0.1929451 0.2066376 0.1489072 1.4364890 0.1904360 0.1618660 0.1715294 0.1503977 0.2231117 0.2259989 0.1653191 0.2026869 0.1940495 0.2037736 0.1999281 0.1996636 0.2117588 0.3894128 0.1417412 0.1968934 0.1711708 0.0000010 0.1990678 0.1794951 0.1711921 0.1971397 
Amauria_rotundifolia_SRR9119150            1.0188334 1.1326143 0.0000000 1.2172911 1.2067330 1.3792232 1.3236191 0.3025147 1.0867602 1.1365859 1.1681843 1.1357586 1.3361405 1.2217773 1.1129999 1.1375938 1.1954248 1.0582492 1.1450409 1.1450409 0.2359969 1.0279328 1.1357325 1.1354014 0.9821248 0.2381595 0.9958188 0.1592897 0.1697748 1.1408440 1.1830837 1.1397585 1.1681843 1.1501768 0.2237084 1.1357325 0.2354619 1.1671148 1.1353649 0.2513473 0.2228646 1.1353649 1.1724739 0.2268738 1.1140141 1.1354014 1.1372357 0.2315477 1.1357586 0.2301742 1.1357586 1.1912462 1.1675244 1.1594854 1.3038616 1.3955288 1.1372357 0.9438826 1.2093898 1.3236191 0.1357015 1.4672244 0.9855745 0.9998311 1.2449913 1.1873934 0.9940901 1.1338503 1.1354014 1.1029694 1.1702451 1.3186285 1.1353649 1.3236191 0.2067663 1.1964554 0.2207843 1.1887995 0.1004749 0.2192713 1.1497946 1.1716308 1.1717089 
Conoclinium_coelestinum_SRR9119114         0.3827061 0.2852407 1.2172911 0.0000000 0.4114228 0.3008525 0.2285267 0.5735482 0.4460372 0.3634967 0.3822372 0.3867234 0.4069173 0.3213189 0.4059226 0.3763580 0.5561384 0.3913858 0.3653410 0.3266054 0.4398747 0.3782563 0.3798060 0.4063798 0.3822783 0.5063230 0.4379145 0.3963491 0.4384082 0.3585858 0.3731075 0.4369115 0.2821509 0.3607049 0.3584430 0.3802686 0.3201307 0.3672973 0.4001193 0.4263029 0.3597680 0.3897906 0.3393273 0.3443306 0.3797716 0.4110582 0.4000805 0.3504673 0.3753912 0.3847857 0.3706540 0.3854181 0.3496729 0.3505784 0.4378312 0.3631094 0.4067876 0.4041836 0.4070006 0.3527622 1.2819988 0.2592654 0.3799120 0.4713176 0.2039032 0.3651242 0.3840597 0.3848394 0.4143407 0.4228103 0.4117109 0.4114495 0.4103129 0.2957699 0.5243156 0.3293468 0.4140087 0.3910126 0.0000010 0.3891813 0.3740702 0.1470601 0.3153704 
Eutetras_palmeri_63                        0.1210757 0.1567821 1.2067330 0.4114228 0.0000000 0.3476305 0.1729595 0.5153485 0.3064590 0.1562831 0.1634839 0.1351450 0.1445271 0.1532553 0.1739332 0.1405163 0.2710606 0.1711685 0.1515896 0.1169109 0.2432783 0.1668508 0.1340873 0.1656506 0.1800336 0.2255046 0.2979098 0.3083637 0.3334733 0.1329161 0.1836915 0.3054451 0.1175148 0.1283734 0.2037378 0.1143471 0.2219936 0.1291492 0.1501768 0.2132875 0.2668141 0.1422173 0.1855032 0.2523581 0.1587111 0.1947267 0.1769449 0.1925276 0.1675180 0.2130989 0.1580964 0.1459447 0.1356036 0.1766623 0.1900299 0.1686483 0.1880886 0.1896633 0.1848979 0.1284020 1.2873494 0.1088277 0.1731207 0.3297351 0.1009744 0.1642899 0.1801338 0.1326251 0.1810971 0.2924585 0.1985625 0.1549467 0.1578651 0.1335383 0.3829322 0.1761479 0.1984012 0.1577955 0.0000010 0.1813827 0.1683949 0.0680948 0.1222753 
Eutrochium_fistulosum_SRR9119106           0.3153307 0.2094692 1.3792232 0.3008525 0.3476305 0.0000000 0.2036673 0.5038557 0.3797524 0.3398780 0.3179184 0.3050674 0.3164569 0.2358513 0.3505012 0.3081667 0.5030181 0.3471418 0.2806091 0.2187306 0.3825305 0.3190388 0.3267532 0.3431361 0.3210828 0.4529819 0.3453723 0.3411886 0.3339316 0.3475935 0.3200060 0.3704765 0.1835009 0.2670318 0.3243201 0.2617133 0.2875943 0.2318313 0.3421900 0.3553044 0.3150027 0.2860491 0.3070432 0.3154593 0.3124198 0.3474413 0.3020993 0.3149747 0.3125893 0.3124976 0.3031860 0.2768815 0.3003289 0.3152397 0.3296407 0.2645787 0.3453963 0.3410954 0.3947071 0.3017681 1.2841868 0.2078242 0.3133477 0.4037489 0.1187340 0.3316104 0.3487906 0.3114267 0.3553238 0.3591948 0.3527109 0.2921992 0.3446735 0.2437925 0.4905665 0.3091841 0.3455449 0.3206549 0.0000010 0.2840706 0.3261405 0.1145278 0.2306843 
Galeana_pratensis_104_mex                  0.2153174 0.1873005 1.3236191 0.2285267 0.1729595 0.2036673 0.0000000 0.2064991 0.2213899 0.1885996 0.1838272 0.1935737 0.1493601 0.1675664 0.1767229 0.1892519 0.2318323 0.1556024 0.1363443 0.1314235 0.1960636 0.1614008 0.1314235 0.1955660 0.1794292 0.2360137 0.1760444 0.1727831 0.1684855 0.1883265 0.2068610 0.1784631 0.1471515 0.1418025 0.2220019 0.1416268 0.2175037 0.1518690 0.2068596 0.2121058 0.2084208 0.1454788 0.2184353 0.2175672 0.1263085 0.2053509 0.1454788 0.2304698 0.1682269 0.1939098 0.1364367 0.1479985 0.2091946 0.1875520 0.1583997 0.1579336 0.1947542 0.1955660 0.1996558 0.1657318 1.3146331 0.1382695 0.1879005 0.2230449 0.0998630 0.1401503 0.2027715 0.1886754 0.2012293 0.2102056 0.2079913 0.1511775 0.1955660 0.1454788 0.1873696 0.2366476 0.1909282 0.1893384 0.0000010 0.1454788 0.1941347 0.1055943 0.1511225 
Helianthus_annuus_SRR9119062               0.5579732 0.3931912 0.3025147 0.5735482 0.5153485 0.5038557 0.2064991 0.0000000 0.5795793 0.5246758 0.5340630 0.5376476 0.4873428 0.4588104 0.5700926 0.5443835 0.6199670 0.5515518 0.5343629 0.4899938 0.3872167 0.5594802 0.5538931 0.5581964 0.5324104 0.4450667 0.6248900 0.3113923 0.2249002 0.5068334 0.6014620 0.5343463 0.4171393 0.5070190 0.3242380 0.4994003 0.3149549 0.4560530 0.5625640 0.3926544 0.3225688 0.5229347 0.4639554 0.3292408 0.5525756 0.5666927 0.5561757 0.3421497 0.5358692 0.3831849 0.5311414 0.5307782 0.5012683 0.4224624 0.5252731 0.3640714 0.5519084 0.5676625 0.5893601 0.3231214 0.4857179 0.2651394 0.5352792 0.6365284 0.3391964 0.5145321 0.5532563 0.5158702 0.5747876 0.5590961 0.5740914 0.4918001 0.5298454 0.3094094 0.3866262 0.4240461 0.3761333 0.5302790 0.1468777 0.3672561 0.5366005 0.3101630 0.4406158 
Lycapsus_tenuifolius_17                    0.2986699 0.2161634 1.0867602 0.4460372 0.3064590 0.3797524 0.2213899 0.5795793 0.0000000 0.3061414 0.3792758 0.3483446 0.3631272 0.2552862 0.3619414 0.3532636 0.5098804 0.3476219 0.3502345 0.2729466 0.4695990 0.3600001 0.3413034 0.3576301 0.3798952 0.4800385 0.3185998 0.1040570 0.0386203 0.3431009 0.3137490 0.0077470 0.2506531 0.3006924 0.3210260 0.2945255 0.3790207 0.2863591 0.3499687 0.4413022 0.3893979 0.2831512 0.3173005 0.4277844 0.3325375 0.3825006 0.3400900 0.3274241 0.3548325 0.4290897 0.3501964 0.3173471 0.3594027 0.3570274 0.3889131 0.3771086 0.3801873 0.3794887 0.3252577 0.3719631 1.0625472 0.3164336 0.3897795 0.3877655 0.1556893 0.2902587 0.3048657 0.3387542 0.3859899 0.0253676 0.3851667 0.3151532 0.3599123 0.2761161 0.5187911 0.3457744 0.3936098 0.3817437 0.9514540 0.3293130 0.3823292 0.1160831 0.2715358 
Pericome_caudata_50_silver                 0.1512146 0.2053395 1.1365859 0.3634967 0.1562831 0.3398780 0.1885996 0.5246758 0.3061414 0.0000000 0.1444170 0.1443303 0.1499828 0.1553020 0.1644975 0.1526886 0.2739138 0.2125885 0.1436290 0.1239227 0.2607821 0.1578566 0.1525613 0.1643768 0.1594565 0.2224347 0.2455885 0.2449317 0.2279346 0.1541009 0.1912939 0.2708372 0.1186315 0.1417346 0.1880263 0.1350397 0.1941052 0.1277808 0.1525387 0.2116285 0.2292217 0.1473976 0.1731790 0.2095574 0.1549042 0.1739023 0.1661802 0.1811060 0.1481834 0.1906299 0.1394512 0.1615828 0.1430510 0.1882816 0.2260960 0.1855671 0.1685759 0.1673098 0.1920742 0.1526764 1.1896575 0.1090103 0.1393403 0.2800288 0.1165575 0.1092389 0.0967083 0.1418150 0.1624910 0.2814400 0.1734417 0.1720226 0.1598114 0.1304067 0.3523826 0.1806552 0.2267157 0.1506968 0.0000010 0.1585707 0.1509244 0.0881984 0.1290634 
Perityle_aglossa_84_dead_horse             0.1413685 0.1706824 1.1681843 0.3822372 0.1634839 0.3179184 0.1838272 0.5340630 0.3792758 0.1444170 0.0000000 0.0252349 0.0435487 0.1326071 0.0816400 0.0425465 0.3001655 0.2030930 0.0414087 0.0229503 0.1644066 0.0624683 0.0536099 0.0819324 0.0740603 0.1459565 0.3382659 0.2968061 0.3422154 0.1131989 0.1878363 0.3182565 0.0280649 0.0389112 0.2325825 0.0283008 0.1891904 0.0856274 0.0851022 0.1955166 0.2685671 0.0903310 0.2134820 0.1906977 0.0508724 0.1022458 0.1014550 0.2234280 0.0459802 0.1095669 0.0377095 0.0516474 0.0472194 0.1835696 0.1827773 0.0851020 0.0981367 0.0992371 0.1837876 0.1579740 1.1999533 0.0285753 0.0106422 0.3478995 0.0467547 0.1599831 0.2009409 0.0217625 0.0995513 0.3523625 0.1037490 0.1025058 0.0828348 0.0761435 0.4074567 0.1952702 0.1317981 0.0383739 0.0000010 0.1123157 0.0499506 0.0923599 0.0927377 
Perityle_ajoensis_204                      0.1051666 0.1747916 1.1357586 0.3867234 0.1351450 0.3050674 0.1935737 0.5376476 0.3483446 0.1443303 0.0252349 0.0000000 0.0383108 0.1333479 0.0760271 0.0304449 0.2751667 0.1992914 0.0175262 0.0178724 0.1692701 0.0426272 0.0480302 0.0858274 0.0473062 0.1394615 0.3229015 0.3112129 0.3447006 0.1109876 0.1837837 0.3233984 0.0284775 0.0337980 0.2086161 0.0205570 0.1739289 0.0825793 0.0830404 0.1384229 0.2280802 0.0891819 0.1921909 0.1740949 0.0291999 0.0927938 0.0878771 0.2003396 0.0286644 0.0594051 0.0205052 0.0473488 0.0393283 0.1909648 0.1859896 0.0815258 0.0893876 0.0882577 0.1792203 0.1614305 1.2012070 0.0316620 0.0242078 0.3426978 0.0356116 0.1610361 0.1765089 0.0262792 0.0866667 0.3282371 0.0944853 0.1011037 0.0857189 0.0897117 0.4105786 0.1872592 0.1189326 0.0263152 0.0000010 0.0959520 0.0342531 0.0980085 0.0984992 
Perityle_ambrosiifolia_67_green            0.1163430 0.1738932 1.3361405 0.4069173 0.1445271 0.3164569 0.1493601 0.4873428 0.3631272 0.1499828 0.0435487 0.0383108 0.0000000 0.1508061 0.0972999 0.0464686 0.2420193 0.1914593 0.0346615 0.0304132 0.1068149 0.0437561 0.0588180 0.1019096 0.0607111 0.1629975 0.3635872 0.2788287 0.3449854 0.1223957 0.1795050 0.3574895 0.0491664 0.0503808 0.2217894 0.0400728 0.1748909 0.1026363 0.1011516 0.1124098 0.2148302 0.1072558 0.2002226 0.1919855 0.0491910 0.1049817 0.1055667 0.2075233 0.0394565 0.0422296 0.0234461 0.0630456 0.0580952 0.2126345 0.2153452 0.0774369 0.1051190 0.1003991 0.1988558 0.1825061 1.3361931 0.0505352 0.0435053 0.3963565 0.0424004 0.1665768 0.1884520 0.0422132 0.1053325 0.3466558 0.1073179 0.1155304 0.1053154 0.1123818 0.3867198 0.2080445 0.0914247 0.0409150 0.0000010 0.1118734 0.0518651 0.0757201 0.1063858 
Perityle_angustifolia_13_Eagle_creek       0.1476075 0.1961809 1.2217773 0.3213189 0.1532553 0.2358513 0.1675664 0.4588104 0.2552862 0.1553020 0.1326071 0.1333479 0.1508061 0.0000000 0.0754136 0.1349261 0.3230349 0.1959375 0.1281951 0.1130936 0.0635412 0.1350786 0.1345439 0.0309215 0.1181751 0.1854408 0.3166240 0.3000940 0.3339474 0.1748910 0.1901940 0.2492184 0.1324111 0.1352332 0.1869776 0.1305961 0.1734240 0.0661024 0.0767301 0.0634228 0.1769029 0.0346951 0.1696075 0.1957373 0.1325911 0.0364708 0.0327819 0.1771442 0.1326574 0.1328826 0.1284205 0.1311555 0.1269246 0.1827934 0.1730390 0.1527201 0.0346472 0.0309215 0.2032687 0.1946977 1.2962701 0.0918919 0.1261310 0.3153766 0.1241691 0.1645362 0.1562445 0.1284537 0.0814077 0.2394773 0.0386099 0.0357914 0.0366150 0.0204897 0.3286448 0.1790279 0.1525258 0.1328020 0.0000010 0.0364918 0.1352332 0.1052722 0.0694531 
Perityle_batopilensis_97                   0.1453962 0.2060973 1.1129999 0.4059226 0.1739332 0.3505012 0.1767229 0.5700926 0.3619414 0.1644975 0.0816400 0.0760271 0.0972999 0.0754136 0.0000000 0.0798015 0.2787316 0.2284714 0.0769534 0.0711224 0.1470337 0.0876068 0.0794971 0.0650435 0.0771944 0.1119142 0.3486743 0.3208982 0.3621319 0.1352283 0.2192385 0.3433052 0.0863125 0.0854467 0.2446029 0.0780531 0.2056716 0.0157351 0.0463629 0.1225808 0.2896167 0.0568455 0.2268905 0.2124170 0.0835471 0.0716148 0.0615414 0.2354686 0.0791945 0.1613580 0.0724575 0.0841556 0.0866412 0.2171639 0.1383095 0.1311913 0.0683538 0.0661083 0.2068463 0.1923649 1.2117691 0.0734375 0.0804703 0.3781961 0.1028678 0.1762464 0.2016269 0.0813648 0.0571012 0.3429863 0.0742079 0.0616313 0.0630328 0.0509722 0.4049165 0.2156656 0.1550045 0.0781910 0.0000010 0.0663800 0.0801947 0.1092978 0.0635361 
Perityle_bisetosa_9                        0.1062992 0.1619589 1.1375938 0.3763580 0.1405163 0.3081667 0.1892519 0.5443835 0.3532636 0.1526886 0.0425465 0.0304449 0.0464686 0.1349261 0.0798015 0.0000000 0.2943027 0.1962562 0.0293021 0.0139510 0.1819935 0.0382573 0.0463834 0.1010088 0.0599782 0.1427603 0.3271978 0.3000618 0.3479738 0.1162248 0.1827672 0.3237578 0.0293711 0.0363745 0.2123828 0.0270743 0.1687081 0.0823895 0.0796945 0.1527611 0.2282529 0.0947293 0.1932711 0.1786344 0.0392587 0.1090561 0.0926653 0.2026869 0.0356674 0.0724315 0.0288420 0.0504182 0.0420760 0.1893611 0.1879022 0.0834929 0.1045305 0.1034222 0.1828140 0.1512543 1.2379488 0.0316492 0.0405109 0.3434206 0.0354184 0.1718255 0.1749459 0.0340230 0.0896633 0.3286667 0.1096189 0.1009000 0.1025234 0.0925347 0.4087768 0.1934941 0.1063079 0.0405241 0.0000010 0.1010446 0.0482226 0.1009147 0.0981897 
Perityle_californica_76_positas            0.3324291 0.3612675 1.1954248 0.5561384 0.2710606 0.5030181 0.2318323 0.6199670 0.5098804 0.2739138 0.3001655 0.2751667 0.2420193 0.3230349 0.2787316 0.2943027 0.0000000 0.3031378 0.2578014 0.2602150 0.3796114 0.2669616 0.2637092 0.3780231 0.3392008 0.4248759 0.5065296 0.4357948 0.4018052 0.2539192 0.3386288 0.4516950 0.2834369 0.2686241 0.4354217 0.2532020 0.4195865 0.2704277 0.2822930 0.4569208 0.4306384 0.2955885 0.4067716 0.4391068 0.2700881 0.3868263 0.2979604 0.4317476 0.2628225 0.3640914 0.2559944 0.2844637 0.2895096 0.3917544 0.3735854 0.1967428 0.3890776 0.3803330 0.3186870 0.1936401 1.4973604 0.1796070 0.3480955 0.5190651 0.2904405 0.2961121 0.2835665 0.2493259 0.3490975 0.4732110 0.3785341 0.2656047 0.3362416 0.2018879 0.4749946 0.3980819 0.2996042 0.3405111 1.1479974 0.3221756 0.3407768 0.2851578 0.2821465 
Perityle_canescens_77                      0.2095470 0.2159554 1.0582492 0.3913858 0.1711685 0.3471418 0.1556024 0.5515518 0.3476219 0.2125885 0.2030930 0.1992914 0.1914593 0.1959375 0.2284714 0.1962562 0.3031378 0.0000000 0.1962461 0.1766220 0.3198285 0.2184205 0.1984373 0.2301913 0.2171086 0.3027827 0.3287927 0.3075936 0.3092613 0.1873448 0.2233569 0.3112618 0.1851273 0.1774555 0.2683581 0.1598247 0.2779766 0.1719768 0.2104173 0.2518890 0.2622745 0.2106614 0.2381861 0.2947904 0.2029210 0.2427519 0.2288661 0.2526089 0.2063034 0.2150117 0.2012500 0.2138758 0.1833431 0.2105495 0.2598319 0.2192867 0.2431907 0.2401908 0.1024794 0.2149606 1.1922730 0.1587775 0.2079230 0.3691159 0.1299865 0.2361790 0.2467585 0.1735224 0.2253964 0.3157576 0.2477133 0.2123569 0.2080391 0.1862101 0.4609869 0.1995963 0.2055560 0.2112050 0.5891666 0.2508982 0.2210670 0.1138640 0.1710039 
Perityle_castillonii_96                    0.1338328 0.1648542 1.1450409 0.3653410 0.1515896 0.2806091 0.1363443 0.5343629 0.3502345 0.1436290 0.0414087 0.0175262 0.0346615 0.1281951 0.0769534 0.0293021 0.2578014 0.1962461 0.0000000 0.0164568 0.1779663 0.0398852 0.0489628 0.0901667 0.0477177 0.1407845 0.3371598 0.3013286 0.3498633 0.1131491 0.1772448 0.3273157 0.0308139 0.0350442 0.2211065 0.0205348 0.1549762 0.0806020 0.0884957 0.1438762 0.2735993 0.0918528 0.1999443 0.1558517 0.0269822 0.0926643 0.0880673 0.2076290 0.0300116 0.1113311 0.0209025 0.0491704 0.0367384 0.1744364 0.1778693 0.0787943 0.0894052 0.0881526 0.1683838 0.1614605 1.2111158 0.0285427 0.0382491 0.3614184 0.0331182 0.1550811 0.2005445 0.0254835 0.0910176 0.3355879 0.0943112 0.0989754 0.0891770 0.0890063 0.3971672 0.1732433 0.1282135 0.0282807 0.0000010 0.0940710 0.0359781 0.1062436 0.1012409 
Perityle_cernua_84                         0.1086764 0.1591512 1.1450409 0.3266054 0.1169109 0.2187306 0.1314235 0.4899938 0.2729466 0.1239227 0.0229503 0.0178724 0.0304132 0.1130936 0.0711224 0.0139510 0.2602150 0.1766220 0.0164568 0.0000000 0.1898885 0.0259405 0.0342289 0.0858761 0.0481332 0.1509588 0.2707992 0.2937417 0.3377557 0.1121224 0.1576885 0.2710426 0.0237849 0.0258347 0.1712927 0.0199767 0.1175764 0.0753990 0.0775991 0.0681971 0.1813018 0.0867466 0.1539383 0.1387135 0.0203957 0.0947329 0.0873709 0.1588237 0.0216558 0.0606620 0.0178177 0.0441666 0.0164532 0.1482863 0.1756656 0.0766664 0.0903949 0.0858761 0.1517281 0.1577923 1.1937238 0.0256390 0.0203399 0.2746181 0.0308618 0.1324314 0.1468334 0.0217293 0.0838331 0.2549799 0.0922827 0.0936882 0.0874187 0.0793700 0.3134360 0.1384356 0.1263387 0.0255623 0.0000010 0.0934048 0.0275905 0.0949705 0.0924911 
Perityle_cfvillosa_25_tin                  0.2242506 0.1964151 0.2359969 0.4398747 0.2432783 0.3825305 0.1960636 0.3872167 0.4695990 0.2607821 0.1644066 0.1692701 0.1068149 0.0635412 0.1470337 0.1819935 0.3796114 0.3198285 0.1779663 0.1898885 0.0000000 0.2290957 0.1845723 0.0826109 0.1946836 0.1646662 0.5211525 0.2142923 0.2049906 0.2103547 0.3050726 0.4246765 0.2290711 0.1658828 0.2187377 0.1404856 0.2376453 0.0894312 0.1383969 0.1540851 0.2250901 0.0820409 0.3338342 0.2253344 0.1866701 0.0861175 0.0936511 0.2746264 0.1768461 0.1256000 0.1715675 0.1937546 0.1403659 0.2954591 0.1818728 0.1560238 0.0861660 0.1104323 0.3159170 0.2171489 0.4395416 0.0832562 0.1943032 0.5096814 0.1858606 0.2910726 0.2927997 0.1575851 0.1466703 0.4381713 0.0978412 0.0096003 0.0623780 0.0058156 0.2809682 0.2841254 0.1310508 0.1605165 0.1332359 0.0552250 0.1735229 0.2658314 0.1554936 
Perityle_coahuilensis_24                   0.1504357 0.1772392 1.0279328 0.3782563 0.1668508 0.3190388 0.1614008 0.5594802 0.3600001 0.1578566 0.0624683 0.0426272 0.0437561 0.1350786 0.0876068 0.0382573 0.2669616 0.2184205 0.0398852 0.0259405 0.2290957 0.0000000 0.0499656 0.1076982 0.0691014 0.1668123 0.3431273 0.3279951 0.3666698 0.1366125 0.1878618 0.3292268 0.0342111 0.0498106 0.2797256 0.0416428 0.2142723 0.0946459 0.0834420 0.2300624 0.3135467 0.1081740 0.2211537 0.2046960 0.0516504 0.1014459 0.0920990 0.2685820 0.0391033 0.1704364 0.0272305 0.0587617 0.0531156 0.2032866 0.1990031 0.0876377 0.1049762 0.1005803 0.1934533 0.1657446 1.1316790 0.0315567 0.1069010 0.3642718 0.0423003 0.1641212 0.2125493 0.0513257 0.0793673 0.3440464 0.1041423 0.1174777 0.1145799 0.0958221 0.4436782 0.1979438 0.1597943 0.0462392 0.5922230 0.1287929 0.0537333 0.0980194 0.1089077 
Perityle_cochisensis_44_cave_creek         0.1133081 0.1702274 1.1357325 0.3798060 0.1340873 0.3267532 0.1314235 0.5538931 0.3413034 0.1525613 0.0536099 0.0480302 0.0588180 0.1345439 0.0794971 0.0463834 0.2637092 0.1984373 0.0489628 0.0342289 0.1845723 0.0499656 0.0000000 0.0937412 0.0651757 0.1411842 0.3262294 0.3143695 0.3604768 0.1282414 0.1956811 0.3384921 0.0464867 0.0470138 0.2202425 0.0456355 0.1666891 0.0784564 0.0665599 0.1016980 0.2206257 0.0959123 0.2016350 0.1866375 0.0601199 0.0975136 0.0894277 0.2070806 0.0536366 0.0753487 0.0446996 0.0663675 0.0470834 0.1993481 0.1846124 0.0830224 0.0963699 0.0924978 0.1799824 0.1728471 1.1977094 0.0344142 0.0535646 0.3586589 0.0444682 0.1700357 0.1800527 0.0530632 0.0691011 0.3201799 0.1019460 0.1116037 0.0976947 0.0857609 0.4101143 0.1936880 0.1217715 0.0547990 0.0000010 0.0963528 0.0531294 0.1062512 0.1029858 
Perityle_congesta_202                      0.1537627 0.1929451 1.1354014 0.4063798 0.1656506 0.3431361 0.1955660 0.5581964 0.3576301 0.1643768 0.0819324 0.0858274 0.1019096 0.0309215 0.0650435 0.1010088 0.3780231 0.2301913 0.0901667 0.0858761 0.0826109 0.1076982 0.0937412 0.0000000 0.1151184 0.1098231 0.3654558 0.3063875 0.3508110 0.1459723 0.2049656 0.3142622 0.1007282 0.0959075 0.2570845 0.0849930 0.2632061 0.0517079 0.0599480 0.1451175 0.2821578 0.0051434 0.2314262 0.2561172 0.0989715 0.0109619 0.0043956 0.2371803 0.0900997 0.1372419 0.0827332 0.0963313 0.0980466 0.2169095 0.1475147 0.1422255 0.0082129 0.0091363 0.2191443 0.2127962 1.1920379 0.0799050 0.0792121 0.3641815 0.1078959 0.1792058 0.1859763 0.0896366 0.0578195 0.3327824 0.0128917 0.0047761 0.0076367 0.0028989 0.4311594 0.2571761 0.1675634 0.0818134 0.0000010 0.0070449 0.0943301 0.1148331 0.0703673 
Perityle_cordifolia_27                     0.1665930 0.1743272 0.9821248 0.3822783 0.1800336 0.3210828 0.1794292 0.5324104 0.3798952 0.1594565 0.0740603 0.0473062 0.0607111 0.1181751 0.0771944 0.0599782 0.3392008 0.2171086 0.0477177 0.0481332 0.1946836 0.0691014 0.0651757 0.1151184 0.0000000 0.1736807 0.3546666 0.3248423 0.3645712 0.1296710 0.1930475 0.3227864 0.0633425 0.0490758 0.3061040 0.0498497 0.2665517 0.0838297 0.0780285 0.2941357 0.3412440 0.0886367 0.2565426 0.2470023 0.0542666 0.1192249 0.0915518 0.2986287 0.0567133 0.2007084 0.0467698 0.0453553 0.0610296 0.2520422 0.1852618 0.0897826 0.1212489 0.1220995 0.1960259 0.1728640 1.0925367 0.0432171 0.1394444 0.3727460 0.0175102 0.1826811 0.2112351 0.0513171 0.1176710 0.3548056 0.1134563 0.1042589 0.0926513 0.0831972 0.4762615 0.2261934 0.1723906 0.0789117 0.5522721 0.1274598 0.0686114 0.1091269 0.1126643 
Perityle_cordifolia_68_tecolote            0.1954498 0.3499969 0.2381595 0.5063230 0.2255046 0.4529819 0.2360137 0.4450667 0.4800385 0.2224347 0.1459565 0.1394615 0.1629975 0.1854408 0.1119142 0.1427603 0.4248759 0.3027827 0.1407845 0.1509588 0.1646662 0.1668123 0.1411842 0.1098231 0.1736807 0.0000000 0.4076894 0.2702718 0.2292901 0.1893546 0.2800947 0.4207859 0.1751281 0.1511125 0.3145785 0.1426990 0.2497879 0.1270461 0.1086045 0.2076062 0.2427273 0.1231207 0.2976456 0.2563554 0.1446456 0.1064678 0.1032229 0.2480097 0.1383972 0.1638221 0.1336645 0.1509487 0.1493505 0.2772782 0.0157378 0.2416195 0.1111469 0.1294146 0.2612795 0.1924969 0.4329341 0.0811949 0.1889293 0.4237111 0.2133073 0.2496347 0.2750029 0.1408086 0.1027564 0.4551678 0.1112579 0.1446808 0.1186385 0.0745139 0.3270692 0.3308906 0.1487304 0.1311267 0.1005392 0.0959266 0.1347603 0.1209599 0.1522771 
Perityle_coronopifolia_28_patagonia        0.2566774 0.1732571 0.9958188 0.4379145 0.2979098 0.3453723 0.1760444 0.6248900 0.3185998 0.2455885 0.3382659 0.3229015 0.3635872 0.3166240 0.3486743 0.3271978 0.5065296 0.3287927 0.3371598 0.2707992 0.5211525 0.3431273 0.3262294 0.3654558 0.3546666 0.4076894 0.0000000 0.4088129 0.4517770 0.3363114 0.2708600 0.3566733 0.2316131 0.3372007 0.2168590 0.3216993 0.2514579 0.3146628 0.3420859 0.3784058 0.3220262 0.3753194 0.2016935 0.3001589 0.3260035 0.3950724 0.3872923 0.2154068 0.3318879 0.4344829 0.3346775 0.3133213 0.3271207 0.2244513 0.3476182 0.3738116 0.3842843 0.3902239 0.3161573 0.2773705 1.1740072 0.2854987 0.3523483 0.0376057 0.0993766 0.2685965 0.2629894 0.3372473 0.3545718 0.3019532 0.3974790 0.4140979 0.3882559 0.3301256 0.4445542 0.2063915 0.4276998 0.3385316 1.0975242 0.3819170 0.3425322 0.1283757 0.2744702 
Perityle_crassifolia_70_ventanas           0.3022560 0.2282900 0.1592897 0.3963491 0.3083637 0.3411886 0.1727831 0.3113923 0.1040570 0.2449317 0.2968061 0.3112129 0.2788287 0.3000940 0.3208982 0.3000618 0.4357948 0.3075936 0.3013286 0.2937417 0.2142923 0.3279951 0.3143695 0.3063875 0.3248423 0.2702718 0.4088129 0.0000000 0.0248439 0.2989095 0.2910797 0.0834555 0.2854326 0.3106221 0.2074933 0.3063770 0.2078683 0.3173928 0.3111012 0.2137328 0.2083980 0.3059418 0.3166001 0.2241366 0.2964760 0.3165957 0.3059216 0.2015172 0.3021600 0.2051039 0.3017741 0.3212535 0.3093896 0.3177089 0.4355566 0.3235776 0.3065770 0.3382978 0.3194030 0.3219324 0.3012065 0.2880280 0.3066029 0.4054416 0.2261348 0.2570840 0.2839765 0.2863353 0.3086575 0.0747206 0.3196328 0.2741914 0.3175140 0.2602201 0.2237541 0.3022698 0.2077490 0.3160399 0.0938553 0.1990013 0.3112954 0.2144125 0.3273839 
Perityle_crassifolia_74_playa_balandra     0.3371643 0.2346455 0.1697748 0.4384082 0.3334733 0.3339316 0.1684855 0.2249002 0.0386203 0.2279346 0.3422154 0.3447006 0.3449854 0.3339474 0.3621319 0.3479738 0.4018052 0.3092613 0.3498633 0.3377557 0.2049906 0.3666698 0.3604768 0.3508110 0.3645712 0.2292901 0.4517770 0.0248439 0.0000000 0.3050000 0.2875747 0.0105812 0.3054454 0.3441265 0.2092945 0.3462886 0.2122987 0.3580623 0.3295682 0.2174739 0.2096858 0.3463760 0.3351829 0.2097414 0.3337583 0.3592531 0.3498072 0.2019638 0.3380929 0.2263062 0.3416092 0.3695302 0.3413181 0.3405813 0.3520234 0.3674696 0.3510007 0.3922633 0.3015981 0.3615115 0.3172305 0.3088129 0.3616013 0.4517294 0.1515655 0.2483968 0.2827792 0.3345212 0.3492966 0.0344319 0.3615385 0.3554481 0.3547623 0.2808694 0.1712226 0.3528465 0.2033987 0.3401082 0.0953875 0.2034486 0.3441265 0.1154630 0.3460593 
Perityle_cuneata_34_cuneata_San_antonio    0.1110405 0.1975906 1.1408440 0.3585858 0.1329161 0.3475935 0.1883265 0.5068334 0.3431009 0.1541009 0.1131989 0.1109876 0.1223957 0.1748910 0.1352283 0.1162248 0.2539192 0.1873448 0.1131491 0.1121224 0.2103547 0.1366125 0.1282414 0.1459723 0.1296710 0.1893546 0.3363114 0.2989095 0.3050000 0.0000000 0.1977503 0.3224827 0.1269098 0.1299074 0.2305468 0.1080419 0.2201398 0.1258991 0.1433211 0.1851440 0.2204735 0.1554788 0.2065211 0.2386807 0.1189881 0.1504460 0.1549692 0.2206582 0.1194145 0.1147783 0.1137977 0.1396547 0.1134650 0.1995929 0.2131245 0.1750931 0.1505978 0.1459723 0.1997916 0.1531924 1.2591920 0.1113286 0.1118038 0.3558241 0.1171455 0.1700358 0.1812604 0.1105580 0.1424715 0.3291242 0.1545630 0.1555046 0.1483524 0.1462326 0.4037766 0.2026595 0.1427230 0.1178670 0.0000010 0.1561445 0.1234313 0.0820082 0.1464687 
Perityle_cuneata_4                         0.1798561 0.1759551 1.1830837 0.3731075 0.1836915 0.3200060 0.2068610 0.6014620 0.3137490 0.1912939 0.1878363 0.1837837 0.1795050 0.1901940 0.2192385 0.1827672 0.3386288 0.2233569 0.1772448 0.1576885 0.3050726 0.1878618 0.1956811 0.2049656 0.1930475 0.2800947 0.2708600 0.2910797 0.2875747 0.1977503 0.0000000 0.2684199 0.1629758 0.1745362 0.2111943 0.1562362 0.2303116 0.1712471 0.2108079 0.2704814 0.2497578 0.1874477 0.2041202 0.2167439 0.1863675 0.2120325 0.2085260 0.2075873 0.1892998 0.2092889 0.1803663 0.1848915 0.1753308 0.2186572 0.2965843 0.2095499 0.2078264 0.2079496 0.2212874 0.2147100 1.3165279 0.1890968 0.1824643 0.2701663 0.0859038 0.2283042 0.2121929 0.1824327 0.2076611 0.2862591 0.2131931 0.1946423 0.2003377 0.2103938 0.4913919 0.2121642 0.2496252 0.1875238 0.0000010 0.1982748 0.1932626 0.1105395 0.1728317 
Perityle_discoidea_81                      0.3045106 0.2090780 1.1397585 0.4369115 0.3054451 0.3704765 0.1784631 0.5343463 0.0077470 0.2708372 0.3182565 0.3233984 0.3574895 0.2492184 0.3433052 0.3237578 0.4516950 0.3112618 0.3273157 0.2710426 0.4246765 0.3292268 0.3384921 0.3142622 0.3227864 0.4207859 0.3566733 0.0834555 0.0105812 0.3224827 0.2684199 0.0000000 0.2370132 0.2979911 0.3075091 0.2918360 0.3114971 0.2804921 0.3206715 0.3240895 0.3087840 0.2793564 0.3014548 0.3426962 0.3138013 0.3201479 0.3044637 0.3114961 0.3243803 0.3270832 0.3241114 0.3165260 0.3232683 0.3138046 0.3827863 0.3661900 0.3186234 0.3142622 0.3165457 0.3664127 1.0763530 0.3116113 0.3100862 0.4107315 0.1525015 0.2878695 0.2967538 0.3164301 0.3312105 0.0208844 0.3249146 0.3086727 0.3227797 0.2714462 0.4657073 0.2990227 0.3714295 0.3344871 0.0000010 0.2824064 0.3309153 0.1159573 0.2684777 
Perityle_dissecta_201                      0.1148651 0.1704483 1.1681843 0.2821509 0.1175148 0.1835009 0.1471515 0.4171393 0.2506531 0.1186315 0.0280649 0.0284775 0.0491664 0.1324111 0.0863125 0.0293711 0.2834369 0.1851273 0.0308139 0.0237849 0.2290711 0.0342111 0.0464867 0.1007282 0.0633425 0.1751281 0.2316131 0.2854326 0.3054454 0.1269098 0.1629758 0.2370132 0.0000000 0.0416567 0.1802539 0.0324040 0.1220013 0.0940201 0.0962683 0.1085061 0.2219148 0.1063545 0.1666226 0.1409876 0.0308010 0.1102615 0.1039610 0.1697067 0.0337554 0.1033798 0.0266106 0.0526228 0.0332587 0.1503445 0.1973323 0.0901970 0.1039602 0.1023489 0.1393838 0.1587466 1.1099616 0.0392212 0.0209505 0.2332361 0.0467351 0.1217719 0.1526918 0.0338284 0.0942544 0.2301551 0.1092878 0.1194179 0.1120938 0.0868670 0.2860664 0.1465868 0.1611443 0.0380867 0.0000010 0.1072229 0.0410225 0.1061900 0.1100722 
Perityle_emoryi_47_punta_san_jose          0.1179672 0.1794951 1.1501768 0.3607049 0.1283734 0.2670318 0.1418025 0.5070190 0.3006924 0.1417346 0.0389112 0.0337980 0.0503808 0.1352332 0.0854467 0.0363745 0.2686241 0.1774555 0.0350442 0.0258347 0.1658828 0.0498106 0.0470138 0.0959075 0.0490758 0.1511125 0.3372007 0.3106221 0.3441265 0.1299074 0.1745362 0.2979911 0.0416567 0.0000000 0.1774035 0.0372924 0.1241396 0.0924259 0.0965392 0.0852369 0.1694544 0.0991992 0.1610387 0.1461419 0.0431295 0.0988320 0.0959518 0.1655240 0.0402830 0.0403018 0.0363357 0.0498002 0.0423336 0.1725545 0.1935634 0.0913079 0.0989552 0.0944683 0.1778471 0.1805166 1.2268733 0.0343684 0.0375441 0.3393021 0.0331957 0.1488505 0.1695746 0.0415972 0.1007106 0.2839685 0.1009118 0.1099268 0.0983972 0.0925656 0.3906466 0.1577457 0.1164062 0.0457324 0.0000010 0.1031682 0.0000010 0.0929739 0.0932028 
Perityle_feddemae_99                       0.1914300 0.2157986 0.2237084 0.3584430 0.2037378 0.3243201 0.2220019 0.3242380 0.3210260 0.1880263 0.2325825 0.2086161 0.2217894 0.1869776 0.2446029 0.2123828 0.4354217 0.2683581 0.2211065 0.1712927 0.2187377 0.2797256 0.2202425 0.2570845 0.3061040 0.3145785 0.2168590 0.2074933 0.2092945 0.2305468 0.2111943 0.3075091 0.1802539 0.1774035 0.0000000 0.1445681 0.2314373 0.1724384 0.2204338 0.3211794 0.1848619 0.2097545 0.0651497 0.2886113 0.2310425 0.3371974 0.2540933 0.1802913 0.2334410 0.2161357 0.2365821 0.2002551 0.2003206 0.1933164 0.2737842 0.2407395 0.3187856 0.3308908 0.2456293 0.1387890 0.4305114 0.1587781 0.3674263 0.2252199 0.1235729 0.2093194 0.2168929 0.2131777 0.3416166 0.2816174 0.2990286 0.2212993 0.2383192 0.1729585 0.2656298 0.1504534 0.2302412 0.3135586 0.1179111 0.2647035 0.2736226 0.1216423 0.1854372 
Perityle_fosteri_93                        0.0972512 0.1768652 1.1357325 0.3802686 0.1143471 0.2617133 0.1416268 0.4994003 0.2945255 0.1350397 0.0283008 0.0205570 0.0400728 0.1305961 0.0780531 0.0270743 0.2532020 0.1598247 0.0205348 0.0199767 0.1404856 0.0416428 0.0456355 0.0849930 0.0498497 0.1426990 0.3216993 0.3063770 0.3462886 0.1080419 0.1562362 0.2918360 0.0324040 0.0372924 0.1445681 0.0000000 0.1101037 0.0858025 0.0874849 0.0732575 0.1391070 0.0881296 0.1308406 0.1321057 0.0336892 0.0879567 0.0850329 0.1352041 0.0296417 0.0296555 0.0231126 0.0526212 0.0335846 0.1547953 0.1783640 0.0919946 0.0880682 0.0835321 0.1649866 0.1578514 1.2268383 0.0344962 0.0269647 0.3238631 0.0354242 0.1386927 0.1607396 0.0269920 0.0917506 0.2798497 0.0899995 0.1007621 0.0882283 0.0959967 0.3832862 0.1448735 0.0929440 0.0283705 0.0000010 0.0933338 0.0372924 0.0650767 0.0797303 
Perityle_gamon_221                         0.2240705 0.1992328 0.2354619 0.3201307 0.2219936 0.2875943 0.2175037 0.3149549 0.3790207 0.1941052 0.1891904 0.1739289 0.1748909 0.1734240 0.2056716 0.1687081 0.4195865 0.2779766 0.1549762 0.1175764 0.2376453 0.2142723 0.1666891 0.2632061 0.2665517 0.2497879 0.2514579 0.2078683 0.2122987 0.2201398 0.2303116 0.3114971 0.1220013 0.1241396 0.2314373 0.1101037 0.0000000 0.1691641 0.2097885 0.2688983 0.2053312 0.1823082 0.2195842 0.0878594 0.1664559 0.3063531 0.1898938 0.2189586 0.1588669 0.2075118 0.1583361 0.1446010 0.1835558 0.2371788 0.2916367 0.1886496 0.2971653 0.3006465 0.2295508 0.1345423 0.4342043 0.1260883 0.2773970 0.2946385 0.0739393 0.1917057 0.2320793 0.1540613 0.2894904 0.3435091 0.2813476 0.2089437 0.2529611 0.1600438 0.2685378 0.1715149 0.1971627 0.2505643 0.0994487 0.1544564 0.2184131 0.1229315 0.1815171 
Perityle_gentryi_8_san_francisco           0.1120139 0.1990830 1.1671148 0.3672973 0.1291492 0.2318313 0.1518690 0.4560530 0.2863591 0.1277808 0.0856274 0.0825793 0.1026363 0.0661024 0.0157351 0.0823895 0.2704277 0.1719768 0.0806020 0.0753990 0.0894312 0.0946459 0.0784564 0.0517079 0.0838297 0.1270461 0.3146628 0.3173928 0.3580623 0.1258991 0.1712471 0.2804921 0.0940201 0.0924259 0.1724384 0.0858025 0.1691641 0.0000000 0.0425206 0.0334517 0.1634764 0.0552437 0.1566323 0.1899970 0.0913215 0.0568454 0.0534383 0.1636421 0.0874289 0.0892329 0.0840007 0.0896021 0.0794612 0.1776754 0.1389290 0.1229427 0.0551734 0.0517079 0.1727372 0.1840768 1.2901346 0.0668800 0.0838042 0.3195626 0.0990492 0.1357026 0.1416797 0.0856862 0.0466129 0.2641463 0.0589603 0.0602367 0.0553097 0.0478226 0.3057964 0.1722442 0.1018291 0.0892217 0.0000010 0.0603316 0.0924259 0.0767520 0.0428282 
Perityle_gilensis_22_Superstition          0.1152771 0.2052447 1.1353649 0.4001193 0.1501768 0.3421900 0.2068596 0.5625640 0.3499687 0.1525387 0.0851022 0.0830404 0.1011516 0.0767301 0.0463629 0.0796945 0.2822930 0.2104173 0.0884957 0.0775991 0.1383969 0.0834420 0.0665599 0.0599480 0.0780285 0.1086045 0.3420859 0.3111012 0.3295682 0.1433211 0.2108079 0.3206715 0.0962683 0.0965392 0.2204338 0.0874849 0.2097885 0.0425206 0.0000000 0.0854330 0.2106760 0.0586749 0.2050223 0.2156311 0.0932578 0.0635474 0.0524122 0.2145059 0.0835157 0.1016386 0.0767668 0.0944193 0.0919086 0.2126843 0.1440647 0.1398758 0.0635984 0.0612160 0.2065848 0.1792808 1.1695695 0.0763182 0.0826958 0.3583858 0.1024584 0.1719641 0.1787463 0.0916420 0.0107107 0.3267573 0.0674895 0.0648454 0.0627433 0.0538233 0.4226136 0.2029662 0.1382197 0.0851438 0.0000010 0.0579655 0.0898970 0.1060785 0.0683503 
Perityle_gilensis_salensis_225             0.2487490 0.1927983 0.2513473 0.4263029 0.2132875 0.3553044 0.2121058 0.3926544 0.4413022 0.2116285 0.1955166 0.1384229 0.1124098 0.0634228 0.1225808 0.1527611 0.4569208 0.2518890 0.1438762 0.0681971 0.1540851 0.2300624 0.1016980 0.1451175 0.2941357 0.2076062 0.3784058 0.2137328 0.2174739 0.1851440 0.2704814 0.3240895 0.1085061 0.0852369 0.3211794 0.0732575 0.2688983 0.0334517 0.0854330 0.0000000 0.2904172 0.0421817 0.3473838 0.3463810 0.1716763 0.2317604 0.1298062 0.3372734 0.1671035 0.2083889 0.1624569 0.0859851 0.1678648 0.3149945 0.1318382 0.1288389 0.2003392 0.2545054 0.2305330 0.1809567 0.4275743 0.0605173 0.3035542 0.4616567 0.0948049 0.1849445 0.2683296 0.1254163 0.2145130 0.4068211 0.2351188 0.0444097 0.1250182 0.0416615 0.3013732 0.3061779 0.1596485 0.2455919 0.0990139 0.1403922 0.2200598 0.1005631 0.0498968 
Perityle_glaucescens_94                    0.2657056 0.2098712 0.2228646 0.3597680 0.2668141 0.3150027 0.2084208 0.3225688 0.3893979 0.2292217 0.2685671 0.2280802 0.2148302 0.1769029 0.2896167 0.2282529 0.4306384 0.2622745 0.2735993 0.1813018 0.2250901 0.3135467 0.2206257 0.2821578 0.3412440 0.2427273 0.3220262 0.2083980 0.2096858 0.2204735 0.2497578 0.3087840 0.2219148 0.1694544 0.1848619 0.1391070 0.2053312 0.1634764 0.2106760 0.2904172 0.0000000 0.2031191 0.0797127 0.2354034 0.2804738 0.2959995 0.2951595 0.0919038 0.2828373 0.1894213 0.2808256 0.2200234 0.2002390 0.1359533 0.2621730 0.2290108 0.2938785 0.3235833 0.2326828 0.1225506 0.4270255 0.1452570 0.2762789 0.3156874 0.1244893 0.2320703 0.2924298 0.2038033 0.2685083 0.3496019 0.3150009 0.2075694 0.2301186 0.1583051 0.2668725 0.1476253 0.1913836 0.2638666 0.0783841 0.1921437 0.2883943 0.1106932 0.1789924 
Perityle_gracilis_11                       0.1383814 0.1963211 1.1353649 0.3897906 0.1422173 0.2860491 0.1454788 0.5229347 0.2831512 0.1473976 0.0903310 0.0891819 0.1072558 0.0346951 0.0568455 0.0947293 0.2955885 0.2106614 0.0918528 0.0867466 0.0820409 0.1081740 0.0959123 0.0051434 0.0886367 0.1231207 0.3753194 0.3059418 0.3463760 0.1554788 0.1874477 0.2793564 0.1063545 0.0991992 0.2097545 0.0881296 0.1823082 0.0552437 0.0586749 0.0421817 0.2031191 0.0000000 0.1966948 0.2081307 0.0993412 0.0077252 0.0077287 0.2012073 0.0946663 0.0998860 0.0889758 0.0990089 0.1017345 0.1944257 0.1521198 0.1448485 0.0077340 0.0038557 0.2075664 0.2132011 1.1872962 0.0832571 0.0887841 0.3689674 0.1105867 0.1511869 0.1593530 0.0925101 0.0604795 0.2705432 0.0103694 0.0079874 0.0093901 0.0058156 0.3803570 0.1897677 0.1611431 0.0932639 0.0000010 0.0105631 0.0989840 0.1178517 0.0739041 
Perityle_harkerae_31                       0.1749263 0.2060021 1.1724739 0.3393273 0.1855032 0.3070432 0.2184353 0.4639554 0.3173005 0.1731790 0.2134820 0.1921909 0.2002226 0.1696075 0.2268905 0.1932711 0.4067716 0.2381861 0.1999443 0.1539383 0.3338342 0.2211537 0.2016350 0.2314262 0.2565426 0.2976456 0.2016935 0.3166001 0.3351829 0.2065211 0.2041202 0.3014548 0.1666226 0.1610387 0.0651497 0.1308406 0.2195842 0.1566323 0.2050223 0.3473838 0.0797127 0.1966948 0.0000000 0.2265193 0.2125611 0.2422078 0.2252381 0.0257179 0.2123499 0.2605601 0.2092013 0.1819772 0.1851070 0.1329669 0.2566992 0.2140793 0.2355012 0.2443237 0.2255170 0.1150100 1.2094226 0.1277569 0.2058892 0.2107573 0.1137286 0.1934454 0.1993024 0.1941590 0.2177267 0.2841439 0.2483538 0.1996003 0.2205819 0.1471474 0.3826088 0.1409242 0.2701250 0.2100693 0.0000010 0.2215827 0.2221402 0.1107445 0.1726103 
Perityle_hofmeisteria_4_nombre_de_dios     0.2555311 0.2171383 0.2268738 0.3443306 0.2523581 0.3154593 0.2175672 0.3292408 0.4277844 0.2095574 0.1906977 0.1740949 0.1919855 0.1957373 0.2124170 0.1786344 0.4391068 0.2947904 0.1558517 0.1387135 0.2253344 0.2046960 0.1866375 0.2561172 0.2470023 0.2563554 0.3001589 0.2241366 0.2097414 0.2386807 0.2167439 0.3426962 0.1409876 0.1461419 0.2886113 0.1321057 0.0878594 0.1899970 0.2156311 0.3463810 0.2354034 0.2081307 0.2265193 0.0000000 0.1702877 0.2857477 0.1867327 0.2483932 0.1570573 0.2393910 0.1580030 0.1645050 0.1811866 0.2390055 0.3083895 0.2096552 0.2758074 0.3010968 0.2482960 0.1534149 0.4378637 0.1445902 0.3529542 0.3105292 0.0958123 0.2189340 0.2651406 0.1690279 0.3070664 0.3886426 0.2727081 0.2306955 0.2399412 0.1802844 0.2788373 0.1732822 0.2123123 0.2568685 0.1080376 0.2345068 0.2178969 0.1505058 0.2085883 
Perityle_huecosensis_48                    0.1336339 0.1650440 1.1140141 0.3797716 0.1587111 0.3124198 0.1263085 0.5525756 0.3325375 0.1549042 0.0508724 0.0291999 0.0491910 0.1325911 0.0835471 0.0392587 0.2700881 0.2029210 0.0269822 0.0203957 0.1866701 0.0516504 0.0601199 0.0989715 0.0542666 0.1446456 0.3260035 0.2964760 0.3337583 0.1189881 0.1863675 0.3138013 0.0308010 0.0431295 0.2310425 0.0336892 0.1664559 0.0913215 0.0932578 0.1716763 0.2804738 0.0993412 0.2125611 0.1702877 0.0000000 0.1011745 0.0942621 0.2193642 0.0421731 0.1253341 0.0333066 0.0616894 0.0393753 0.1909704 0.1823337 0.0894861 0.0989821 0.0979444 0.1867427 0.1577923 1.2075176 0.0314296 0.0575440 0.3551670 0.0399035 0.1773501 0.2061606 0.0342289 0.0976392 0.3168185 0.1028336 0.1122711 0.0980391 0.0793761 0.3969432 0.1817824 0.1391850 0.0399435 0.0000010 0.1019627 0.0432374 0.0921622 0.1036596 
