83
Amauria_brandeegeana_62                    0.0000000 0.1858301 0.2652857 0.3030611 0.1925589 0.1939298 0.2558790 0.2011414 0.3131848 0.2246165 0.2363935 0.1872851 0.1874167 0.1867561 0.1679890 0.2518547 0.1754716 0.1398117 0.2259737 0.1807048 0.1708589 0.1936316 0.4230309 0.1904170 0.1740427 0.1946101 0.2122184 0.2306936 0.2188172 0.2127833 0.1446702 0.1768279 0.1867274 0.2239573 0.2562344 0.1751966 0.2585064 0.2446816 0.1872497 0.1943657 0.2437855 0.1970285 0.2680748 0.2650787 0.1779226 0.1907935 0.1938399 0.2427749 0.1850203 0.1560693 0.1876577 0.2132506 0.1971000 0.2647021 0.1635141 0.1728254 0.1947093 0.1969546 0.1632047 0.1833637 0.2478379 0.1153327 0.1935222 0.1955991 0.1813252 0.2653474 0.0658143 0.2032850 0.1904170 0.1949066 0.1900913 0.1958002 0.1920667 0.1063722 0.2657091 0.2435142 0.1893037 0.1702310 0.1417703 0.1990248 0.2276410 0.1806329 0.1909451 
Amauria_carterae_99_mesa                   0.1858301 0.0000000 0.1572944 0.2450157 0.1788756 0.3853232 0.3107736 0.2678338 0.3190038 0.2078952 0.2170002 0.1996382 0.2100505 0.1902040 0.1792994 0.2483210 0.1860552 0.0793726 0.2263237 0.1978639 0.1942402 0.2098594 0.3050511 0.1858241 0.1575281 0.2110486 0.2197968 0.2434362 0.2335620 0.2131053 0.1905129 0.2057485 0.1931492 0.2329033 0.2340756 0.2036247 0.2264812 0.2436145 0.1778886 0.1781516 0.2287978 0.2095117 0.2355170 0.2196760 0.2076135 0.2013875 0.2029000 0.2464970 0.1882618 0.1913868 0.2261009 0.2308988 0.2015260 0.1575692 0.2150124 0.1206432 0.2107733 0.2077467 0.1434697 0.1945000 0.2241582 0.1830798 0.2052163 0.2256902 0.2345745 0.2166097 0.0724541 0.2075544 0.1858241 0.2148594 0.1983496 0.2038461 0.1990678 0.1664756 0.2206398 0.2213693 0.2011536 0.2193266 0.2009790 0.2081557 0.2329033 0.1106263 0.1475595 
Amauria_rotundifolia_SRR9119150            0.2652857 0.1572944 0.0000000 0.2475444 0.2772199 0.5225686 0.3170975 0.3072770 0.3433810 0.2680503 0.3099030 0.2708961 0.2705154 0.2643202 0.2191540 0.3312363 0.2496777 0.1401906 0.3211329 0.2677772 0.2640903 0.2737160 0.4400759 0.2626199 0.2269741 0.2722796 0.2923015 0.2891642 0.2747619 0.2581903 0.1982334 0.2138436 0.2719347 0.2897882 0.3269227 0.2705578 0.3149691 0.3310485 0.2707031 0.2613573 0.3081108 0.2711638 0.3114990 0.3187288 0.2766362 0.2757796 0.2698160 0.3106012 0.2701018 0.2273887 0.2666344 0.3038236 0.2885777 0.2135744 0.2078223 0.1452792 0.2732026 0.2690889 0.1591974 0.2509042 0.3080854 0.2279401 0.2728762 0.2447268 0.2953679 0.3269818 0.0874225 0.2740865 0.2626199 0.2441189 0.2700137 0.2779107 0.2716367 0.1961674 0.3175524 0.3037000 0.2693360 0.2667536 0.2324558 0.2786485 0.2841356 0.1616816 0.1178527 
Conoclinium_coelestinum_SRR9119114         0.3030611 0.2450157 0.2475444 0.0000000 0.2390627 0.3138579 0.1242256 0.2662781 0.3347099 0.3148715 0.2625895 0.2625352 0.2556294 0.2542682 0.2707268 0.3180780 0.2705740 0.2423145 0.2839254 0.2538671 0.2407768 0.2570150 0.5423786 0.2876795 0.2618544 0.2742610 0.3036712 0.2844439 0.3025563 0.3000356 0.2629963 0.2974327 0.2535978 0.3198524 0.3184417 0.2715150 0.2885252 0.3164589 0.2843371 0.2698057 0.3023103 0.2749664 0.3066331 0.3195353 0.2768784 0.2719793 0.2758072 0.3229002 0.2655908 0.2418947 0.2525767 0.3016509 0.2702195 0.2493317 0.2553004 0.2556511 0.2717130 0.2718673 0.2337343 0.2670035 0.3189822 0.2449893 0.2681871 0.2798598 0.3036285 0.3146708 0.1942952 0.2872223 0.2861675 0.2911480 0.2690209 0.2614548 0.2565234 0.2252344 0.3265158 0.3328725 0.2659213 0.2943124 0.2419761 0.2730701 0.3035271 0.2200750 0.2979254 
Eutetras_palmeri_63                        0.1925589 0.1788756 0.2772199 0.2390627 0.0000000 0.1096197 0.2348634 0.2095989 0.3173262 0.2577284 0.2383845 0.2162245 0.1914584 0.1856668 0.1282471 0.2630051 0.1762122 0.1505089 0.2348735 0.1804404 0.1884288 0.1984280 0.4532057 0.2234114 0.1533662 0.2082147 0.2277393 0.2905271 0.2022060 0.1826013 0.1323494 0.1563446 0.2114850 0.2278321 0.2675804 0.1777210 0.2211505 0.2362024 0.2162157 0.2015361 0.2713258 0.1988329 0.2804207 0.2682985 0.1780232 0.2138854 0.2196842 0.2474784 0.2035860 0.1668498 0.1988537 0.2591037 0.1913620 0.2565184 0.1508553 0.1620237 0.1972596 0.2060154 0.1692663 0.1338657 0.2322655 0.0965854 0.2217764 0.1757735 0.1820960 0.2182080 0.0784866 0.2168943 0.2234114 0.1730833 0.2277945 0.2252527 0.1950024 0.0885883 0.2230511 0.2700521 0.1897330 0.1599519 0.1173654 0.2226572 0.2166777 0.1422624 0.1479033 
Eutetras_pringlei_149_quer                 0.1939298 0.3853232 0.5225686 0.3138579 0.1096197 0.0000000 0.3007450 0.2242124 0.4097075 0.2000303 0.2529795 0.1706537 0.1558568 0.1494299 0.1373631 0.2177977 0.1241712 0.0216077 0.1751274 0.1522226 0.1600428 0.1526530 0.7489900 0.1549472 0.1287940 0.1498320 0.1496752 0.2453563 0.2313705 0.2062578 0.1498546 0.2000303 0.1548578 0.2077623 0.2163914 0.1393072 0.1929888 0.2274676 0.1552331 0.1620548 0.1885192 0.1554498 0.2763674 0.1943759 0.1462355 0.1571702 0.1363350 0.1832715 0.1519522 0.1566956 0.1654594 0.1488364 0.1549090 0.3041459 0.2123683 0.1144850 0.1498332 0.1524410 0.2124013 0.1026752 0.2231116 0.0995370 0.1631837 0.2306575 0.1607111 0.2222307 0.0000010 0.1752778 0.1549472 0.2063582 0.1523562 0.1552526 0.1587876 0.1008680 0.2614228 0.1759022 0.1424641 0.1604910 0.1215405 0.1524488 0.2080379 0.0678169 0.2253077 
Eutrochium_fistulosum_SRR9119106           0.2558790 0.3107736 0.3170975 0.1242256 0.2348634 0.3007450 0.0000000 0.2602053 0.3279522 0.2563832 0.2340677 0.2321169 0.2316772 0.2232278 0.2226096 0.2823709 0.2074607 0.1838305 0.2520124 0.2272718 0.2144966 0.2277987 0.5154195 0.2163949 0.2197432 0.2333727 0.2357303 0.2716528 0.2741977 0.2494942 0.2191240 0.2553285 0.2293955 0.2732800 0.2698062 0.2220600 0.2603270 0.2839596 0.2177797 0.2228276 0.2693308 0.2303404 0.3007183 0.2633547 0.2244871 0.2306801 0.2247165 0.2644320 0.2155590 0.2303969 0.2406692 0.2346647 0.2314933 0.3391355 0.2218569 0.2314882 0.2286219 0.2297572 0.2238453 0.2001884 0.2990606 0.1860815 0.2387540 0.2674301 0.2499533 0.2820681 0.1616707 0.2377524 0.2163949 0.2554182 0.2279637 0.2317527 0.2350166 0.1749931 0.3018619 0.2681197 0.2292059 0.2552567 0.1953118 0.2281108 0.2722066 0.2145316 0.2624346 
Galeana_pratensis_104_mex                  0.2011414 0.2678338 0.3072770 0.2662781 0.2095989 0.2242124 0.2602053 0.0000000 0.3197440 0.2059014 0.2142428 0.2172160 0.1977908 0.1898256 0.1774997 0.2362246 0.1896621 0.1799096 0.2167332 0.1927116 0.1904269 0.1946262 0.1872479 0.1832488 0.1769070 0.1884809 0.2349431 0.2588158 0.2309158 0.1975750 0.1780520 0.2036317 0.1859604 0.1930108 0.2133373 0.1889793 0.2157897 0.2316870 0.1904424 0.1878308 0.2053988 0.1923007 0.2535700 0.2132014 0.2008767 0.1936531 0.1921036 0.2137083 0.1835347 0.1962126 0.2065573 0.2045476 0.1930578 0.2498969 0.2627816 0.2073193 0.1885064 0.1885945 0.2113449 0.1651441 0.2458848 0.1789850 0.2047305 0.2369409 0.2089338 0.2330994 0.1257414 0.2012924 0.1832488 0.1997977 0.1919823 0.1905266 0.1984176 0.1682113 0.2751520 0.2316394 0.2076360 0.2085073 0.1783632 0.1912804 0.1909572 0.2035820 0.2207037 
Helianthus_annuus_SRR9119062               0.3131848 0.3190038 0.3433810 0.3347099 0.3173262 0.4097075 0.3279522 0.3197440 0.0000000 0.3340986 0.3100908 0.2831825 0.2777431 0.2729643 0.2321053 0.3222046 0.2548181 0.2225875 0.3249948 0.2758675 0.2704799 0.2829175 0.5268593 0.2695676 0.2530485 0.3319194 0.2963560 0.3703654 0.3107244 0.3112244 0.2313417 0.3189520 0.2813437 0.3354787 0.3673067 0.2819588 0.3591693 0.3076041 0.2678689 0.2621050 0.3340944 0.2848244 0.3657965 0.3626882 0.2780090 0.2802874 0.2788368 0.3679950 0.2750062 0.2636743 0.2940378 0.2957035 0.2781519 0.3334414 0.3118031 0.2470995 0.2827626 0.2830967 0.2133933 0.2363040 0.3381389 0.1885295 0.2782301 0.3067433 0.3147750 0.3361466 0.1744648 0.2789281 0.2695676 0.3142792 0.2768432 0.2786525 0.2818508 0.1760916 0.3431582 0.3313575 0.2872427 0.2934682 0.1997771 0.2779707 0.3327597 0.2493712 0.2753670 
Lycapsus_tenuifolius_17                    0.2246165 0.2078952 0.2680503 0.3148715 0.2577284 0.2000303 0.2563832 0.2059014 0.3340986 0.0000000 0.2726672 0.2463041 0.2209679 0.2281575 0.1647181 0.3193759 0.2297425 0.1909064 0.2444743 0.2077292 0.2145943 0.2321379 0.4700974 0.2565896 0.1993993 0.2543220 0.2642528 0.2910082 0.2485890 0.0322119 0.0599359 0.0023528 0.2439393 0.0652902 0.2844260 0.2108427 0.2894069 0.2829889 0.2492753 0.2460515 0.3063013 0.2224408 0.3133408 0.3375862 0.2133349 0.2516449 0.2455704 0.2859765 0.2329879 0.1876445 0.2228144 0.3112887 0.2254163 0.2710340 0.1585274 0.1716365 0.2199795 0.2357605 0.2014402 0.1831867 0.2770466 0.1327543 0.2521011 0.2116798 0.2069851 0.2724232 0.0958459 0.2571839 0.2565896 0.0313140 0.2486194 0.2535387 0.2398590 0.1246989 0.2821096 0.3083200 0.2063303 0.2014477 0.1467565 0.2469613 0.0882852 0.1729861 0.2195050 
Pericome_caudata_50_silver                 0.2363935 0.2170002 0.3099030 0.2625895 0.2383845 0.2529795 0.2340677 0.2142428 0.3100908 0.2726672 0.0000000 0.2485754 0.2110100 0.2215301 0.1308637 0.2727534 0.1984640 0.1305847 0.2675323 0.2071056 0.2159024 0.2216288 0.4035053 0.2375701 0.1648658 0.2297566 0.2447376 0.2548135 0.2359651 0.2098806 0.1406496 0.1669104 0.2293535 0.2541757 0.2747254 0.1975541 0.2576276 0.2652753 0.2390353 0.2150194 0.2891120 0.2098849 0.2900393 0.2827081 0.1959281 0.2349571 0.2306081 0.2803801 0.2215231 0.1917853 0.2161979 0.2870239 0.2355631 0.2396625 0.1447983 0.1907053 0.2064435 0.2084449 0.1716612 0.1618768 0.2649225 0.1101011 0.2384757 0.2100098 0.2040851 0.2421611 0.0591128 0.2356991 0.2375701 0.1880560 0.2470943 0.2350159 0.2082665 0.0991365 0.2336574 0.2860049 0.2055581 0.1989026 0.1218525 0.2337576 0.2457294 0.1282785 0.2017604 
Perityle_aglossa_84_dead_horse             0.1872851 0.1996382 0.2708961 0.2625352 0.2162245 0.1706537 0.2321169 0.2172160 0.2831825 0.2463041 0.2485754 0.0000000 0.0715067 0.0700196 0.0964511 0.1994137 0.0660060 0.1568718 0.1616764 0.0991043 0.0984218 0.0928537 0.3781066 0.1435765 0.0625849 0.0984265 0.1774942 0.2054978 0.1857850 0.1793393 0.1400954 0.1569559 0.0980788 0.2192553 0.2375841 0.0887013 0.2155352 0.1832073 0.1232843 0.0738755 0.2401689 0.0947332 0.2488164 0.2940010 0.1127332 0.1283294 0.1499350 0.2372000 0.0829459 0.1053528 0.0973212 0.1998509 0.1168454 0.2240418 0.1088770 0.0709010 0.1212114 0.1269759 0.1452312 0.1451165 0.1799289 0.0715867 0.0434243 0.1605040 0.1169034 0.2258909 0.0504173 0.1261105 0.1585773 0.1669497 0.1488091 0.1020394 0.0846626 0.0513162 0.2271457 0.3009534 0.0927849 0.0279764 0.1028954 0.1439986 0.2018876 0.1658645 0.1449488 
Perityle_ajoensis_204                      0.1874167 0.2100505 0.2705154 0.2556294 0.1914584 0.1558568 0.2316772 0.1977908 0.2777431 0.2209679 0.2110100 0.0715067 0.0000000 0.0582833 0.0774996 0.2052684 0.0462652 0.1476146 0.1678645 0.0576066 0.0485007 0.0495647 0.3981088 0.0555620 0.0518297 0.0250761 0.1163730 0.1524460 0.1891205 0.1850936 0.1458551 0.1584780 0.0273009 0.2093354 0.2323888 0.0513619 0.1854449 0.1853848 0.0554266 0.0567455 0.2171956 0.0506306 0.2396444 0.2078561 0.0763922 0.0161189 0.0478192 0.2230727 0.0545344 0.0377922 0.0494606 0.1429693 0.0793516 0.2215479 0.1158761 0.0830023 0.0490331 0.0502676 0.1334969 0.1568187 0.1821819 0.0576074 0.0741799 0.1615697 0.0817382 0.2272548 0.0401668 0.0835939 0.0555620 0.1697754 0.0223914 0.0250598 0.0193868 0.0107065 0.2317245 0.2409403 0.0586720 0.0748216 0.1004598 0.0519501 0.1900823 0.1718338 0.1508564 
Perityle_ambrosiifolia_67_green            0.1867561 0.1902040 0.2643202 0.2542682 0.1856668 0.1494299 0.2232278 0.1898256 0.2729643 0.2281575 0.2215301 0.0700196 0.0582833 0.0000000 0.0807278 0.1907195 0.0607703 0.1542261 0.1565084 0.0713258 0.0565359 0.0644186 0.4020268 0.0353681 0.0536186 0.0742783 0.1161045 0.1512626 0.1731067 0.1816958 0.1389047 0.1576986 0.0627083 0.2013509 0.2321225 0.0595380 0.1989931 0.1733829 0.0344874 0.0361928 0.2261656 0.0630288 0.2515499 0.2156292 0.0703478 0.0651328 0.0647233 0.2163945 0.0384949 0.0512873 0.0615677 0.1426791 0.0885259 0.2102971 0.1077267 0.0792647 0.0601425 0.0651262 0.1355902 0.1422937 0.1784880 0.0595754 0.0758545 0.1504194 0.0896692 0.2259671 0.0416254 0.1034478 0.0353681 0.1701199 0.0718643 0.0710650 0.0727878 0.0344248 0.2257138 0.2397577 0.0671369 0.0609374 0.0985224 0.0672825 0.1994800 0.1790558 0.1519185 
Perityle_angustifolia_13_Eagle_creek       0.1679890 0.1792994 0.2191540 0.2707268 0.1282471 0.1373631 0.2226096 0.1774997 0.2321053 0.1647181 0.1308637 0.0964511 0.0774996 0.0807278 0.0000000 0.1427920 0.0579249 0.1245580 0.1524073 0.0784506 0.0745949 0.0856265 0.4400782 0.0639209 0.0655487 0.0806544 0.1014387 0.1055384 0.1546888 0.1613870 0.1266797 0.1647181 0.0764258 0.1598984 0.1661683 0.0807534 0.1497840 0.1418861 0.0621955 0.0638287 0.1595814 0.0854866 0.1827780 0.1538388 0.0756884 0.0823914 0.0829380 0.1589030 0.0797864 0.0779453 0.0796862 0.1170672 0.0790208 0.2088897 0.1133258 0.1134109 0.0847579 0.0830474 0.1281756 0.1487099 0.1516955 0.0778105 0.0976326 0.1379059 0.0915525 0.1796810 0.0461030 0.0854439 0.0639209 0.1542097 0.0810731 0.0823568 0.0792892 0.0461053 0.1793649 0.1479148 0.0821174 0.0845735 0.1065643 0.0876943 0.1598984 0.1613571 0.1367140 
Perityle_batopilensis_97                   0.2518547 0.2483210 0.3312363 0.3180780 0.2630051 0.2177977 0.2823709 0.2362246 0.3222046 0.3193759 0.2727534 0.1994137 0.2052684 0.1907195 0.1427920 0.0000000 0.1839555 0.1508352 0.1511983 0.2062729 0.1779158 0.2034011 0.3998659 0.1894478 0.1729202 0.2010853 0.2264435 0.2445264 0.1097171 0.2605490 0.1702409 0.2334012 0.1937826 0.2815161 0.2365241 0.1813192 0.2709653 0.0224303 0.1879524 0.1922206 0.2187431 0.2078409 0.2259110 0.2823233 0.1900715 0.1991676 0.2098632 0.2034033 0.1909113 0.1744461 0.1843170 0.2466848 0.1982307 0.2216850 0.1909817 0.1782052 0.2080559 0.2097766 0.1046912 0.1220547 0.2237207 0.1049822 0.1987254 0.0830235 0.2090352 0.2770932 0.0909561 0.1890170 0.1894478 0.2449371 0.2007478 0.2020815 0.2021544 0.1115260 0.2845296 0.3216144 0.1846667 0.1982995 0.0783289 0.2156431 0.2753782 0.1880855 0.1212795 
Perityle_bisetosa_9                        0.1754716 0.1860552 0.2496777 0.2705740 0.1762122 0.1241712 0.2074607 0.1896621 0.2548181 0.2297425 0.1984640 0.0660060 0.0462652 0.0607703 0.0579249 0.1839555 0.0000000 0.1538801 0.1431925 0.0648492 0.0481907 0.0628811 0.3750183 0.0605211 0.0514650 0.0597395 0.1245679 0.1521090 0.1699829 0.1755052 0.1247198 0.1445982 0.0463274 0.2057172 0.2195751 0.0305706 0.1814826 0.1643515 0.0596253 0.0612822 0.2136564 0.0679797 0.2064547 0.2213555 0.0744121 0.0483988 0.0666191 0.2199914 0.0587029 0.0350194 0.0566980 0.1701047 0.0899494 0.2057661 0.1029786 0.0733775 0.0656631 0.0669266 0.1222068 0.1325056 0.1668711 0.0556031 0.0655169 0.1421425 0.0856639 0.2083670 0.0164973 0.0797666 0.0605211 0.1565347 0.0569255 0.0526386 0.0512757 0.0299946 0.2145277 0.2380569 0.0581699 0.0510915 0.0869925 0.0682616 0.1899509 0.1474982 0.1420473 
Perityle_californica_76_positas            0.1398117 0.0793726 0.1401906 0.2423145 0.1505089 0.0216077 0.1838305 0.1799096 0.2225875 0.1909064 0.1305847 0.1568718 0.1476146 0.1542261 0.1245580 0.1508352 0.1538801 0.0000000 0.1684890 0.1184659 0.1418518 0.1323412 0.4217757 0.1784237 0.1269927 0.1774911 0.2072963 0.1535972 0.1151387 0.1427385 0.1185200 0.1305429 0.1564550 0.2054556 0.1650242 0.1515188 0.1286580 0.1521180 0.1647510 0.1611814 0.1499690 0.1698387 0.1346537 0.1670603 0.1835548 0.1763648 0.1699790 0.1898757 0.1758035 0.1024291 0.1298613 0.2204481 0.1443660 0.1298828 0.0896962 0.1326718 0.1694839 0.1677680 0.1120685 0.0707376 0.1476298 0.0922992 0.1601749 0.0949073 0.0977857 0.1240368 0.0836145 0.1514160 0.1756698 0.1295334 0.1800224 0.1514623 0.1570493 0.0912502 0.1206615 0.1905375 0.1781047 0.0775092 0.1073270 0.1653206 0.1445550 0.0823071 0.0819708 
Perityle_canescens_77                      0.2259737 0.2263237 0.3211329 0.2839254 0.2348735 0.1751274 0.2520124 0.2167332 0.3249948 0.2444743 0.2675323 0.1616764 0.1678645 0.1565084 0.1524073 0.1511983 0.1431925 0.1684890 0.0000000 0.1759358 0.1501897 0.1661582 0.4428221 0.1532547 0.1447312 0.1658401 0.1748817 0.2062519 0.1197749 0.2399718 0.1563549 0.2131479 0.1540614 0.2272491 0.1735430 0.1435349 0.2274849 0.1536422 0.1574800 0.1529427 0.1493927 0.1665096 0.1615194 0.2418058 0.1648386 0.1654564 0.1656517 0.1565752 0.1534526 0.1478128 0.1590742 0.1726934 0.1544106 0.2071348 0.2188217 0.1970867 0.1644941 0.1637937 0.1447526 0.0754169 0.1818413 0.1224431 0.1568775 0.1127958 0.1481335 0.2677956 0.0798002 0.1604906 0.1532547 0.2236484 0.1648072 0.1613301 0.1665930 0.1338950 0.2720329 0.1538457 0.1552514 0.1486280 0.0906436 0.1653964 0.2163755 0.1830821 0.1321916 
Perityle_castillonii_96                    0.1807048 0.1978639 0.2677772 0.2538671 0.1804404 0.1522226 0.2272718 0.1927116 0.2758675 0.2077292 0.2071056 0.0991043 0.0576066 0.0713258 0.0784506 0.2062729 0.0648492 0.1184659 0.1759358 0.0000000 0.0552854 0.0600220 0.4051642 0.0698915 0.0570715 0.0646896 0.1215263 0.1672863 0.1748118 0.1712099 0.1329993 0.1436065 0.0442206 0.1756122 0.2109576 0.0625145 0.1935522 0.1857245 0.0733131 0.0761917 0.2158206 0.0599867 0.2395580 0.2088503 0.0663941 0.0615373 0.0605682 0.1966990 0.0771542 0.0247594 0.0654254 0.1608959 0.0943477 0.2150573 0.1136123 0.0984324 0.0582842 0.0608976 0.1270855 0.1376782 0.1926441 0.0636880 0.0982553 0.1497783 0.0939706 0.2119163 0.0471901 0.1212425 0.0698915 0.1571048 0.0767045 0.0665222 0.0647184 0.0301516 0.2173766 0.2211986 0.0785216 0.0732498 0.0969225 0.0617822 0.1907454 0.1559026 0.1469785 
Perityle_cernua_84                         0.1708589 0.1942402 0.2640903 0.2407768 0.1884288 0.1600428 0.2144966 0.1904269 0.2704799 0.2145943 0.2159024 0.0984218 0.0485007 0.0565359 0.0745949 0.1779158 0.0481907 0.1418518 0.1501897 0.0552854 0.0000000 0.0584485 0.3757246 0.0613982 0.0531976 0.0573312 0.1117610 0.1513342 0.1817151 0.1726939 0.1370202 0.1511161 0.0508515 0.1762571 0.2052480 0.0504284 0.1983071 0.1592353 0.0615181 0.0646534 0.2106811 0.0572123 0.2358245 0.2185931 0.0566362 0.0562003 0.0572237 0.1918495 0.0584274 0.0390371 0.0696829 0.1428853 0.0882790 0.2068253 0.1153429 0.0780605 0.0554636 0.0606362 0.1404212 0.1393021 0.1703343 0.0585124 0.1030289 0.1567136 0.0941229 0.2062816 0.0471685 0.0945184 0.0613982 0.1565033 0.0889512 0.0551069 0.0524501 0.0320215 0.2103593 0.2353140 0.0581173 0.0757886 0.1065911 0.0587928 0.1923651 0.1813598 0.1453727 
Perityle_cfvillosa_25_tin                  0.1936316 0.2098594 0.2737160 0.2570150 0.1984280 0.1526530 0.2277987 0.1946262 0.2829175 0.2321379 0.2216288 0.0928537 0.0495647 0.0644186 0.0856265 0.2034011 0.0628811 0.1323412 0.1661582 0.0600220 0.0584485 0.0000000 0.4022242 0.0650754 0.0572879 0.0454275 0.1186080 0.1563296 0.1812489 0.1762370 0.1412824 0.1593942 0.0602783 0.1906742 0.2234966 0.0621294 0.2036998 0.1849084 0.0665061 0.0705728 0.2273135 0.0139097 0.2524014 0.2251977 0.0687016 0.0519806 0.0055275 0.2065942 0.0667674 0.0473696 0.0417038 0.1559932 0.0898469 0.2203440 0.1171505 0.0938174 0.0063353 0.0095341 0.1382584 0.1569725 0.1835779 0.0636309 0.0972716 0.1566066 0.0956561 0.2348138 0.0504641 0.1128630 0.0650754 0.1676770 0.0512264 0.0395632 0.0591258 0.0289043 0.2343898 0.2374631 0.0733065 0.0789909 0.1015893 0.0077711 0.1980648 0.1814669 0.1617459 
Perityle_cinerea_113_Powell1310            0.4230309 0.3050511 0.4400759 0.5423786 0.4532057 0.7489900 0.5154195 0.1872479 0.5268593 0.4700974 0.4035053 0.3781066 0.3981088 0.4020268 0.4400782 0.3998659 0.3750183 0.4217757 0.4428221 0.4051642 0.3757246 0.4022242 0.0000000 0.3991783 0.4010398 0.3943806 0.4107886 0.4205324 0.4206172 0.4653556 0.4526238 0.4614004 0.4004141 0.4494738 0.3998632 0.3711068 0.4090292 0.3919225 0.4072269 0.4108477 0.4099268 0.4059870 0.4120432 0.4243576 0.4088692 0.4119956 0.4066100 0.4415184 0.4022110 0.4105286 0.4241323 0.4237456 0.4170496 0.4296093 0.3932053 0.4080998 0.4006769 0.3985707 0.4338465 0.2696749 0.4223850 0.3106799 0.3895687 0.4112190 0.1768427 0.4233472 0.2159591 0.3881099 0.3991783 0.4691748 0.3977393 0.4013705 0.4052404 0.3700975 0.4341975 0.4577717 0.4164174 0.2369924 0.3456537 0.4270836 0.4494738 0.4727976 0.3903439 
Perityle_coahuilensis_24                   0.1904170 0.1858241 0.2626199 0.2876795 0.2234114 0.1549472 0.2163949 0.1832488 0.2695676 0.2565896 0.2375701 0.1435765 0.0555620 0.0353681 0.0639209 0.1894478 0.0605211 0.1784237 0.1532547 0.0698915 0.0613982 0.0650754 0.3991783 0.0000000 0.0398377 0.0696465 0.1597233 0.1587295 0.1681521 0.1868822 0.1326082 0.1587825 0.0559788 0.2195987 0.2361772 0.0633097 0.2117121 0.1724157 0.0245410 0.0254693 0.2389106 0.0642046 0.2218414 0.2808460 0.0900585 0.0664881 0.0705416 0.2325828 0.0488163 0.0514532 0.0712983 0.1915839 0.0979876 0.2056447 0.1105750 0.0960675 0.0690091 0.0762745 0.1288445 0.1368186 0.1757575 0.0558516 0.1300907 0.1447407 0.1025386 0.2308240 0.0487519 0.1070088 0.0004560 0.1696224 0.1145553 0.0692627 0.0699148 0.0271228 0.2304686 0.2827381 0.0678948 0.0707649 0.0893655 0.0737287 0.2043974 0.1824856 0.1516875 
Perityle_cochisensis_44_cave_creek         0.1740427 0.1575281 0.2269741 0.2618544 0.1533662 0.1287940 0.2197432 0.1769070 0.2530485 0.1993993 0.1648658 0.0625849 0.0518297 0.0536186 0.0655487 0.1729202 0.0514650 0.1269927 0.1447312 0.0570715 0.0531976 0.0572879 0.4010398 0.0398377 0.0000000 0.0550505 0.0991247 0.1471241 0.1690205 0.1563915 0.1348318 0.1578568 0.0469177 0.1689719 0.2018664 0.0540213 0.1863442 0.1488140 0.0370458 0.0438890 0.2065697 0.0586868 0.2019503 0.1938944 0.0639115 0.0490058 0.0580501 0.1957043 0.0521290 0.0502531 0.0632903 0.1394360 0.0915195 0.2150075 0.1027338 0.0916130 0.0568072 0.0580656 0.1223749 0.1284025 0.1670647 0.0605679 0.0593061 0.1506125 0.1015277 0.2039639 0.0449503 0.0925174 0.0398377 0.1536133 0.0501993 0.0542273 0.0611822 0.0334829 0.2155916 0.2102149 0.0692888 0.0498698 0.0831581 0.0616153 0.1784146 0.1666821 0.1502915 
Perityle_congesta_202                      0.1946101 0.2110486 0.2722796 0.2742610 0.2082147 0.1498320 0.2333727 0.1884809 0.3319194 0.2543220 0.2297566 0.0984265 0.0250761 0.0742783 0.0806544 0.2010853 0.0597395 0.1774911 0.1658401 0.0646896 0.0573312 0.0454275 0.3943806 0.0696465 0.0550505 0.0000000 0.1449796 0.2665992 0.1840165 0.1876388 0.1456166 0.1625319 0.0365196 0.2206427 0.2399861 0.0629469 0.1966172 0.1845944 0.0702694 0.0727528 0.2331997 0.0531164 0.2563201 0.2400786 0.0926800 0.0280183 0.0513440 0.2605463 0.0736791 0.0466098 0.0548755 0.1788593 0.0928286 0.2278057 0.1841527 0.0904550 0.0537839 0.0533692 0.1319404 0.1452212 0.1801307 0.0604772 0.0999041 0.1594430 0.1029532 0.2223435 0.0436296 0.1103249 0.0696465 0.1729986 0.0242694 0.0238907 0.0346689 0.0152075 0.2286606 0.2661568 0.0675059 0.0810994 0.1001438 0.0543898 0.2095148 0.1751185 0.1492761 
Perityle_cordifolia_27                     0.2122184 0.2197968 0.2923015 0.3036712 0.2277393 0.1496752 0.2357303 0.2349431 0.2963560 0.2642528 0.2447376 0.1774942 0.1163730 0.1161045 0.1014387 0.2264435 0.1245679 0.2072963 0.1748817 0.1215263 0.1117610 0.1186080 0.4107886 0.1597233 0.0991247 0.1449796 0.0000000 0.2304380 0.1943882 0.2073203 0.1486690 0.1689132 0.1314921 0.2409078 0.2600604 0.1363373 0.2332760 0.2100294 0.1639037 0.1255194 0.2560862 0.1331595 0.2818249 0.3256278 0.1248442 0.1447875 0.1571860 0.2618235 0.1339969 0.1009956 0.1052820 0.1238433 0.1280724 0.2232732 0.1311907 0.0967778 0.1463585 0.1525603 0.1390928 0.1718915 0.2056288 0.0509926 0.1809226 0.1707469 0.0761217 0.2393907 0.0756809 0.1755444 0.1597233 0.1845318 0.1528176 0.1334991 0.1195552 0.0645116 0.2434323 0.3125184 0.1215047 0.1252368 0.1127892 0.1579081 0.2232695 0.2080440 0.1710273 
Perityle_cordifolia_68_tecolote            0.2306936 0.2434362 0.2891642 0.2844439 0.2905271 0.2453563 0.2716528 0.2588158 0.3703654 0.2910082 0.2548135 0.2054978 0.1524460 0.1512626 0.1055384 0.2445264 0.1521090 0.1535972 0.2062519 0.1672863 0.1513342 0.1563296 0.4205324 0.1587295 0.1471241 0.2665992 0.2304380 0.0000000 0.2278562 0.1931116 0.1299595 0.1820241 0.1573833 0.2517017 0.2980655 0.1477606 0.2741433 0.2157964 0.1538096 0.1568133 0.3086742 0.1522564 0.3364263 0.3400617 0.1820344 0.1594466 0.1535060 0.3206904 0.1490972 0.1486198 0.1589762 0.2486525 0.1611078 0.2310470 0.0775258 0.1073136 0.1463357 0.1561300 0.1360916 0.1326823 0.2239052 0.0802174 0.1855177 0.2082386 0.2048684 0.2627341 0.0618690 0.1617840 0.1543334 0.1854027 0.1655167 0.1613215 0.1621614 0.0719174 0.2709469 0.3562483 0.1415070 0.1596305 0.0968185 0.1625198 0.2373174 0.1679072 0.2125178 
Perityle_coronopifolia_28_patagonia        0.2188172 0.2335620 0.2747619 0.3025563 0.2022060 0.2313705 0.2741977 0.2309158 0.3107244 0.2485890 0.2359651 0.1857850 0.1891205 0.1731067 0.1546888 0.1097171 0.1699829 0.1151387 0.1197749 0.1748118 0.1817151 0.1812489 0.4206172 0.1681521 0.1690205 0.1840165 0.1943882 0.2278562 0.0000000 0.2222310 0.1668427 0.2285224 0.1789688 0.2402771 0.1855196 0.1696521 0.2167647 0.1084357 0.1755224 0.1743798 0.1777358 0.1832657 0.1932758 0.2272604 0.1785010 0.1847783 0.1846749 0.1762464 0.1732283 0.1759487 0.1878675 0.1854581 0.1686787 0.2225980 0.2037551 0.1797161 0.1832953 0.1809393 0.0589533 0.1054617 0.1987263 0.1193132 0.1831879 0.0173881 0.2058602 0.2572528 0.0724588 0.1743236 0.1681521 0.2285870 0.1833628 0.1812651 0.1881867 0.1259205 0.2673798 0.1806906 0.1806415 0.1921791 0.0728780 0.1872936 0.2393041 0.1398489 0.1150777 
Perityle_crassifolia_70_ventanas           0.2127833 0.2131053 0.2581903 0.3000356 0.1826013 0.2062578 0.2494942 0.1975750 0.3112244 0.0322119 0.2098806 0.1793393 0.1850936 0.1816958 0.1613870 0.2605490 0.1755052 0.1427385 0.2399718 0.1712099 0.1726939 0.1762370 0.4653556 0.1868822 0.1563915 0.1876388 0.2073203 0.1931116 0.2222310 0.0000000 0.0510998 0.0274538 0.1807865 0.0374540 0.2391125 0.1794121 0.2265547 0.2582271 0.1869514 0.1880341 0.2276367 0.1792009 0.2533769 0.2482032 0.1752014 0.1851592 0.1782144 0.2301625 0.1786379 0.1417971 0.1710897 0.2147955 0.1822155 0.2097590 0.1599629 0.1678502 0.1780355 0.1723935 0.1965980 0.1835215 0.2487362 0.1348887 0.1839007 0.1956045 0.1560039 0.2682017 0.0923902 0.2012171 0.1868822 0.0159928 0.1877964 0.1866401 0.1898917 0.1270859 0.2818490 0.2094270 0.1797219 0.1425746 0.1509410 0.1756886 0.0360757 0.1634138 0.2184887 
Perityle_crassifolia_74_playa_balandra     0.1446702 0.1905129 0.1982334 0.2629963 0.1323494 0.1498546 0.2191240 0.1780520 0.2313417 0.0599359 0.1406496 0.1400954 0.1458551 0.1389047 0.1266797 0.1702409 0.1247198 0.1185200 0.1563549 0.1329993 0.1370202 0.1412824 0.4526238 0.1326082 0.1348318 0.1456166 0.1486690 0.1299595 0.1668427 0.0510998 0.0000000 0.0590633 0.1370564 0.0391089 0.1515432 0.1299957 0.1584347 0.1673088 0.1305573 0.1345807 0.1543167 0.1411794 0.1531568 0.1632754 0.1437754 0.1457363 0.1433105 0.1585983 0.1327843 0.1307547 0.1455412 0.1538874 0.1393355 0.2487564 0.1212933 0.1323905 0.1432304 0.1412051 0.1767892 0.1440680 0.1570218 0.1261588 0.1396089 0.1587707 0.1389719 0.1695235 0.0959832 0.1416670 0.1326082 0.0564889 0.1475208 0.1424601 0.1499008 0.1199445 0.1673154 0.1461097 0.1321556 0.1337077 0.1349926 0.1408853 0.0391089 0.1459169 0.1565339 
Perityle_discoidea_81                      0.1768279 0.2057485 0.2138436 0.2974327 0.1563446 0.2000303 0.2553285 0.2036317 0.3189520 0.0023528 0.1669104 0.1569559 0.1584780 0.1576986 0.1647181 0.2334012 0.1445982 0.1305429 0.2131479 0.1436065 0.1511161 0.1593942 0.4614004 0.1587825 0.1578568 0.1625319 0.1689132 0.1820241 0.2285224 0.0274538 0.0590633 0.0000000 0.1537390 0.0544671 0.2054214 0.1495028 0.2218931 0.2318475 0.1559059 0.1603522 0.2116546 0.1615982 0.2317285 0.2349123 0.1563530 0.1585039 0.1607215 0.2137827 0.1539256 0.1369624 0.1671776 0.1887838 0.1621370 0.2636159 0.1573788 0.1680246 0.1604974 0.1596550 0.1815960 0.1815343 0.2358658 0.1315817 0.1601510 0.2106841 0.1541374 0.2487256 0.0921083 0.1736877 0.1587825 0.0286281 0.1626538 0.1635203 0.1617173 0.1236372 0.2616688 0.1996187 0.1541703 0.1443581 0.1454608 0.1590745 0.0544512 0.1593598 0.2179204 
Perityle_dissecta_201                      0.1867274 0.1931492 0.2719347 0.2535978 0.2114850 0.1548578 0.2293955 0.1859604 0.2813437 0.2439393 0.2293535 0.0980788 0.0273009 0.0627083 0.0764258 0.1937826 0.0463274 0.1564550 0.1540614 0.0442206 0.0508515 0.0602783 0.4004141 0.0559788 0.0469177 0.0365196 0.1314921 0.1573833 0.1789688 0.1807865 0.1370564 0.1537390 0.0000000 0.2078060 0.2299588 0.0532225 0.2086320 0.1741871 0.0602666 0.0618437 0.2269161 0.0624249 0.2455571 0.2423365 0.0795570 0.0372443 0.0667533 0.2182082 0.0662668 0.0354342 0.0617626 0.1712784 0.0821353 0.2134689 0.1097587 0.0792307 0.0633000 0.0657194 0.1276471 0.1344193 0.1801037 0.0566985 0.0950364 0.1546677 0.0918213 0.2207476 0.0341151 0.1027099 0.0611729 0.1667234 0.0643407 0.0389688 0.0361387 0.0248888 0.2238478 0.2504966 0.0593704 0.0717798 0.0924548 0.0655282 0.2022837 0.1555121 0.1454195 
Perityle_emoryi_47_punta_san_jose          0.2239573 0.2329033 0.2897882 0.3198524 0.2278321 0.2077623 0.2732800 0.1930108 0.3354787 0.0652902 0.2541757 0.2192553 0.2093354 0.2013509 0.1598984 0.2815161 0.2057172 0.2054556 0.2272491 0.1756122 0.1762571 0.1906742 0.4494738 0.2195987 0.1689719 0.2206427 0.2409078 0.2517017 0.2402771 0.0374540 0.0391089 0.0544671 0.2078060 0.0000000 0.2615904 0.1988286 0.2456400 0.2683878 0.2106315 0.2161538 0.2486974 0.2147763 0.2668700 0.3041750 0.2098821 0.2141786 0.2149817 0.2665209 0.2116280 0.1552739 0.1805142 0.2615997 0.2060719 0.2693422 0.1694426 0.1667539 0.2172213 0.2117424 0.1947678 0.1711078 0.2630745 0.1279932 0.2271441 0.2130061 0.1676613 0.2664364 0.0919629 0.2301078 0.2195987 0.0506979 0.2130539 0.2126446 0.2136235 0.1215781 0.2722725 0.2740097 0.2117611 0.1565323 0.1401261 0.2160521 0.0014851 0.1721670 0.2172203 
Perityle_feddemae_99                       0.2562344 0.2340756 0.3269227 0.3184417 0.2675804 0.2163914 0.2698062 0.2133373 0.3673067 0.2844260 0.2747254 0.2375841 0.2323888 0.2321225 0.1661683 0.2365241 0.2195751 0.1650242 0.1735430 0.2109576 0.2052480 0.2234966 0.3998632 0.2361772 0.2018664 0.2399861 0.2600604 0.2980655 0.1855196 0.2391125 0.1515432 0.2054214 0.2299588 0.2615904 0.0000000 0.2175013 0.2689239 0.2163881 0.2341729 0.2406583 0.0924008 0.2341761 0.1407873 0.3052699 0.2206997 0.2379809 0.2340122 0.1004098 0.2269763 0.1798417 0.2032308 0.2672630 0.2226127 0.2674977 0.2196381 0.2316552 0.2312171 0.2282028 0.1632839 0.1200695 0.2837311 0.1179813 0.2397583 0.1535263 0.2089776 0.3054363 0.0653457 0.2453335 0.2361772 0.2216814 0.2354112 0.2322875 0.2345613 0.1272181 0.2890969 0.2388471 0.2306510 0.1980083 0.1002731 0.2436116 0.2466978 0.1724702 0.1189245 
Perityle_fosteri_93                        0.1751966 0.2036247 0.2705578 0.2715150 0.1777210 0.1393072 0.2220600 0.1889793 0.2819588 0.2108427 0.1975541 0.0887013 0.0513619 0.0595380 0.0807534 0.1813192 0.0305706 0.1515188 0.1435349 0.0625145 0.0504284 0.0621294 0.3711068 0.0633097 0.0540213 0.0629469 0.1363373 0.1477606 0.1696521 0.1794121 0.1299957 0.1495028 0.0532225 0.1988286 0.2175013 0.0000000 0.1636467 0.1709301 0.0558964 0.0648125 0.2069824 0.0709660 0.2270730 0.2184831 0.0759562 0.0572373 0.0680475 0.2188854 0.0589910 0.0352764 0.0601967 0.1583862 0.0749702 0.2038180 0.1168044 0.0798184 0.0690177 0.0672212 0.1240809 0.1288454 0.1659034 0.0585972 0.0883518 0.1489649 0.0763963 0.2102709 0.0057951 0.0813064 0.0633097 0.1621736 0.0614003 0.0612384 0.0581524 0.0363822 0.2170753 0.2334287 0.0675439 0.0604439 0.0969928 0.0673462 0.1749292 0.1458518 0.1458050 
Perityle_gamon_221                         0.2585064 0.2264812 0.3149691 0.2885252 0.2211505 0.1929888 0.2603270 0.2157897 0.3591693 0.2894069 0.2576276 0.2155352 0.1854449 0.1989931 0.1497840 0.2709653 0.1814826 0.1286580 0.2274849 0.1935522 0.1983071 0.2036998 0.4090292 0.2117121 0.1863442 0.1966172 0.2332760 0.2741433 0.2167647 0.2265547 0.1584347 0.2218931 0.2086320 0.2456400 0.2689239 0.1636467 0.0000000 0.2454567 0.2189202 0.2024409 0.2696650 0.1863083 0.2776094 0.1197462 0.1947038 0.2081629 0.2039915 0.2415489 0.1914912 0.1796815 0.2015037 0.2519369 0.2105860 0.2499043 0.1869444 0.2171603 0.1880495 0.1975518 0.1453573 0.1648416 0.2776747 0.1063832 0.2077279 0.1771516 0.1910120 0.2612394 0.0645653 0.2050765 0.2117121 0.2287401 0.2033774 0.2018899 0.1988723 0.1101113 0.2809034 0.2699702 0.1836869 0.1850618 0.0918656 0.2194509 0.2607023 0.1625500 0.2059840 
Perityle_gentryi_8_san_francisco           0.2446816 0.2436145 0.3310485 0.3164589 0.2362024 0.2274676 0.2839596 0.2316870 0.3076041 0.2829889 0.2652753 0.1832073 0.1853848 0.1733829 0.1418861 0.0224303 0.1643515 0.1521180 0.1536422 0.1857245 0.1592353 0.1849084 0.3919225 0.1724157 0.1488140 0.1845944 0.2100294 0.2157964 0.1084357 0.2582271 0.1673088 0.2318475 0.1741871 0.2683878 0.2163881 0.1709301 0.2454567 0.0000000 0.1699312 0.1739680 0.1897094 0.1914407 0.2010346 0.2639625 0.1751412 0.1817745 0.1942606 0.1942476 0.1749412 0.1542048 0.1638603 0.2125401 0.1788342 0.2197231 0.1926468 0.1773181 0.1926494 0.1944470 0.1072906 0.1213138 0.2199948 0.1059509 0.1832136 0.0827596 0.1805776 0.2778462 0.0823666 0.1798242 0.1724157 0.2435150 0.1842568 0.1812955 0.1807396 0.1125210 0.2800030 0.2141115 0.1847463 0.1702580 0.0802624 0.1996930 0.2588666 0.1903473 0.1185198 
Perityle_gilensis_22_Superstition          0.1872497 0.1778886 0.2707031 0.2843371 0.2162157 0.1552331 0.2177797 0.1904424 0.2678689 0.2492753 0.2390353 0.1232843 0.0554266 0.0344874 0.0621955 0.1879524 0.0596253 0.1647510 0.1574800 0.0733131 0.0615181 0.0665061 0.4072269 0.0245410 0.0370458 0.0702694 0.1639037 0.1538096 0.1755224 0.1869514 0.1305573 0.1559059 0.0602666 0.2106315 0.2341729 0.0558964 0.2189202 0.1699312 0.0000000 0.0263288 0.2419053 0.0653858 0.2315426 0.2837344 0.0881738 0.0787477 0.0795817 0.2338749 0.0474391 0.0748033 0.0726443 0.1761050 0.0949251 0.2123029 0.1083733 0.0932802 0.0677425 0.0713082 0.1290667 0.1541466 0.1789617 0.0536526 0.1147267 0.1526402 0.1043363 0.2375881 0.0452175 0.1057991 0.0377980 0.1697760 0.0992977 0.0685867 0.0705311 0.0289756 0.2407855 0.2685983 0.0692523 0.0699411 0.0882218 0.0712858 0.2063222 0.1758894 0.1625464 
Perityle_gilensis_salensis_225             0.1943657 0.1781516 0.2613573 0.2698057 0.2015361 0.1620548 0.2228276 0.1878308 0.2621050 0.2460515 0.2150194 0.0738755 0.0567455 0.0361928 0.0638287 0.1922206 0.0612822 0.1611814 0.1529427 0.0761917 0.0646534 0.0705728 0.4108477 0.0254693 0.0438890 0.0727528 0.1255194 0.1568133 0.1743798 0.1880341 0.1345807 0.1603522 0.0618437 0.2161538 0.2406583 0.0648125 0.2024409 0.1739680 0.0263288 0.0000000 0.2362287 0.0677550 0.2269642 0.2246979 0.0786433 0.0663483 0.0707405 0.2317121 0.0548707 0.0561149 0.0649552 0.1605642 0.0941338 0.2063016 0.1140145 0.0907449 0.0673951 0.0712403 0.1287760 0.1337860 0.1694831 0.0624407 0.0736360 0.1511935 0.0982523 0.2336526 0.0344417 0.0947103 0.0254693 0.1712918 0.0688974 0.0713681 0.0742157 0.0300387 0.2341394 0.2439751 0.0712186 0.0622029 0.0882994 0.0741132 0.2018349 0.1772952 0.1545345 
Perityle_glaucescens_94                    0.2437855 0.2287978 0.3081108 0.3023103 0.2713258 0.1885192 0.2693308 0.2053988 0.3340944 0.3063013 0.2891120 0.2401689 0.2171956 0.2261656 0.1595814 0.2187431 0.2136564 0.1499690 0.1493927 0.2158206 0.2106811 0.2273135 0.4099268 0.2389106 0.2065697 0.2331997 0.2560862 0.3086742 0.1777358 0.2276367 0.1543167 0.2116546 0.2269161 0.2486974 0.0924008 0.2069824 0.2696650 0.1897094 0.2419053 0.2362287 0.0000000 0.2188070 0.0913258 0.3044610 0.2078137 0.2370188 0.2334043 0.0422889 0.2200208 0.1951605 0.2193541 0.2715201 0.2231516 0.2571950 0.2145752 0.2149369 0.2179929 0.2255627 0.1571293 0.1015620 0.2653540 0.1117416 0.2386448 0.1502058 0.2266513 0.2886022 0.0724691 0.2460985 0.2389106 0.2174882 0.2322895 0.2293858 0.2238980 0.1279342 0.2791042 0.2345690 0.2189807 0.2104027 0.0965379 0.2436340 0.2602586 0.1701133 0.1133829 
Perityle_gracilis_11                       0.1970285 0.2095117 0.2711638 0.2749664 0.1988329 0.1554498 0.2303404 0.1923007 0.2848244 0.2224408 0.2098849 0.0947332 0.0506306 0.0630288 0.0854866 0.2078409 0.0679797 0.1698387 0.1665096 0.0599867 0.0572123 0.0139097 0.4059870 0.0642046 0.0586868 0.0531164 0.1331595 0.1522564 0.1832657 0.1792009 0.1411794 0.1615982 0.0624249 0.2147763 0.2341761 0.0709660 0.1863083 0.1914407 0.0653858 0.0677550 0.2188070 0.0000000 0.2459533 0.2345339 0.0931005 0.0563998 0.0126966 0.2314208 0.0615439 0.0468602 0.0371098 0.1607168 0.0929212 0.2204420 0.1164910 0.0951111 0.0141986 0.0136561 0.1321916 0.1528189 0.1839146 0.0657337 0.0956785 0.1530211 0.0900595 0.2382249 0.0504641 0.1117101 0.0642046 0.1685399 0.0482862 0.0459607 0.0608114 0.0307614 0.2376903 0.2543252 0.0791189 0.0658676 0.0993686 0.0144858 0.1916946 0.1881577 0.1589490 
Perityle_harkerae_31                       0.2680748 0.2355170 0.3114990 0.3066331 0.2804207 0.2763674 0.3007183 0.2535700 0.3657965 0.3133408 0.2900393 0.2488164 0.2396444 0.2515499 0.1827780 0.2259110 0.2064547 0.1346537 0.1615194 0.2395580 0.2358245 0.2524014 0.4120432 0.2218414 0.2019503 0.2563201 0.2818249 0.3364263 0.1932758 0.2533769 0.1531568 0.2317285 0.2455571 0.2668700 0.1407873 0.2270730 0.2776094 0.2010346 0.2315426 0.2269642 0.0913258 0.2459533 0.0000000 0.2890822 0.2333547 0.2483135 0.2531274 0.0957810 0.2492656 0.2171505 0.2452388 0.2971553 0.2488913 0.2525423 0.2113774 0.2184633 0.2438475 0.2466038 0.1437938 0.1435762 0.2669431 0.1431938 0.2580326 0.1655323 0.2628549 0.2783224 0.0690785 0.2630381 0.2218414 0.2392249 0.2492929 0.2477877 0.2526411 0.1369804 0.2897371 0.2359515 0.2373300 0.2411812 0.1145552 0.2660026 0.2807797 0.1649331 0.1183909 
Perityle_hofmeisteria_4_nombre_de_dios     0.2650787 0.2196760 0.3187288 0.3195353 0.2682985 0.1943759 0.2633547 0.2132014 0.3626882 0.3375862 0.2827081 0.2940010 0.2078561 0.2156292 0.1538388 0.2823233 0.2213555 0.1670603 0.2418058 0.2088503 0.2185931 0.2251977 0.4243576 0.2808460 0.1938944 0.2400786 0.3256278 0.3400617 0.2272604 0.2482032 0.1632754 0.2349123 0.2423365 0.3041750 0.3052699 0.2184831 0.1197462 0.2639625 0.2837344 0.2246979 0.3044610 0.2345339 0.2890822 0.0000000 0.2267865 0.2606725 0.2800025 0.2974641 0.2303539 0.1933771 0.2177419 0.3049888 0.2282241 0.2640618 0.2001013 0.2217301 0.2558963 0.2659538 0.1637284 0.1619031 0.3006547 0.1041754 0.2820710 0.1915326 0.2126998 0.2811097 0.0798555 0.2450172 0.2808460 0.2380476 0.2647101 0.2352339 0.2207072 0.1114890 0.2939811 0.3326023 0.2286768 0.2001242 0.1054709 0.2895295 0.2866710 0.1733417 0.2296538 
Perityle_huecosensis_48                    0.1779226 0.2076135 0.2766362 0.2768784 0.1780232 0.1462355 0.2244871 0.2008767 0.2780090 0.2133349 0.1959281 0.1127332 0.0763922 0.0703478 0.0756884 0.1900715 0.0744121 0.1835548 0.1648386 0.0663941 0.0566362 0.0687016 0.4088692 0.0900585 0.0639115 0.0926800 0.1248442 0.1820344 0.1785010 0.1752014 0.1437754 0.1563530 0.0795570 0.2098821 0.2206997 0.0759562 0.1947038 0.1751412 0.0881738 0.0786433 0.2078137 0.0931005 0.2333547 0.2267865 0.0000000 0.0851087 0.0913826 0.2224182 0.0791260 0.0502965 0.0651314 0.1544532 0.1071978 0.2170458 0.1256168 0.0889147 0.0931790 0.0919319 0.1294052 0.1503905 0.1834027 0.0634563 0.1100791 0.1553561 0.0842499 0.2116141 0.0486349 0.1318310 0.0900585 0.1625941 0.0877244 0.0804713 0.0756479 0.0412096 0.2170746 0.2472642 0.0868125 0.0702356 0.1068043 0.0927427 0.1873042 0.1741651 0.1567914 
