84
Amauria_brandeegeana_62                    0.0000000 0.3267483 0.0696591 0.3644748 0.3045609 0.0905462 0.2970919 0.3435004 0.4471618 0.2266134 0.2437876 0.2702454 0.2255572 0.2380362 0.2243512 0.2693248 0.0431023 0.2285573 0.2516759 0.2400197 0.2354258 0.2470586 0.2413101 0.2404888 0.2435590 0.1782419 0.2409743 0.1699273 0.2031254 0.1956548 0.5473476 0.3633044 0.2255175 0.2802874 0.2231435 0.2495105 0.2305094 0.2314244 0.2657677 0.2383724 0.2418636 0.2509375 0.2362840 0.2465123 0.2124923 0.2314696 0.2437565 0.2452263 0.2486086 0.2523447 0.2684478 0.2276384 0.1746375 0.2205865 0.2262235 0.2074761 0.3841167 0.2953286 0.2481324 0.2485289 0.1193526 0.2042455 0.2322520 0.1752783 0.1733604 0.2405309 0.2560187 0.2632059 0.2313568 0.2402336 0.2134424 0.2458338 0.2230207 0.2355845 0.1381404 0.2556957 0.2624342 0.3034191 0.0529168 0.1797295 0.2450715 0.2369394 0.1945987 0.0715442 
Amauria_carterae_99_mesa                   0.3267483 0.0000000 0.3271594 0.3714814 0.1418128 0.1052923 0.1640218 0.1753328 0.2831895 0.1243338 0.1143246 0.1448572 0.1020835 0.1025268 0.0990238 0.1089318 0.0655329 0.1243358 0.1146816 0.0921118 0.0924698 0.0892166 0.0890989 0.0921488 0.0889029 0.1050463 0.1080561 0.1200464 0.1314603 0.2801867 0.4437749 0.2712066 0.1209617 0.0986134 0.1374153 0.1247346 0.0958332 0.1240416 0.0987101 0.0858944 0.0958151 0.1285310 0.0919144 0.1280306 0.1285329 0.0955554 0.0889813 0.0858944 0.1111456 0.1019485 0.0921840 0.0891295 0.1050463 0.0957156 0.1312210 0.0990982 0.4019639 0.1583177 0.0955738 0.1111202 0.0864193 0.1122951 0.1052073 0.1250034 0.1050463 0.1187526 0.1221160 0.0924603 0.0892475 0.0890989 0.1278619 0.0984386 0.0989413 0.0919863 0.0816459 0.1393665 0.1049975 0.0958439 0.0892337 0.0888839 0.0858944 0.1109481 0.0932355 0.0980327 
Amauria_rotundifolia_SRR9119150            0.0696591 0.3271594 0.0000000 0.3735453 0.2948038 0.0951242 0.2987069 0.3200595 0.4424967 0.2170335 0.2243630 0.2506053 0.2074370 0.2474953 0.2137720 0.3141344 0.0661610 0.2238126 0.2458938 0.2336609 0.2330790 0.2186862 0.2299932 0.2286365 0.2225371 0.1793407 0.2284214 0.2241576 0.2032119 0.1893333 0.5112360 0.4001580 0.2244064 0.2772878 0.2197502 0.2433825 0.2234690 0.3175512 0.3340208 0.2245540 0.2237016 0.2480542 0.2191672 0.2308272 0.3162029 0.2253550 0.2250283 0.2244155 0.2392217 0.2249472 0.2903024 0.2086629 0.1724322 0.2059408 0.2303647 0.1991835 0.4202388 0.2746885 0.2476233 0.2447063 0.1282833 0.2099166 0.2268213 0.2172837 0.1788180 0.2201043 0.2626289 0.2719193 0.2948308 0.2239180 0.2141680 0.2282430 0.2035359 0.2263512 0.1317460 0.2371947 0.2949052 0.3172628 0.0624270 0.1776124 0.2226468 0.2443595 0.1745794 0.0768097 
Conoclinium_coelestinum_SRR9119114         0.3644748 0.3714814 0.3735453 0.0000000 0.4109777 0.1592964 0.3031264 0.4023755 0.5099209 0.4071118 0.3975449 0.4069957 0.3584096 0.3575807 0.3288043 0.4141795 0.1723071 0.3142322 0.3919995 0.3324391 0.3452051 0.3665912 0.3592702 0.3706818 0.3637785 0.3400306 0.3788738 0.3454254 0.3381761 0.3290947 0.6068287 0.6630609 0.3816486 0.4082113 0.3986562 0.3892209 0.3548172 0.4178371 0.4098877 0.3572205 0.3720494 0.3961771 0.3595547 0.3932699 0.3384539 0.3656035 0.3769855 0.3640050 0.3889095 0.3595167 0.3814963 0.3524777 0.3305404 0.3282704 0.3892747 0.2651014 0.4973724 0.4454493 0.3451924 0.4237050 0.2043333 0.3278166 0.3614447 0.3470022 0.3269981 0.3980897 0.3996997 0.3646761 0.3605685 0.3572205 0.3943124 0.3784502 0.3522643 0.3269836 0.2216782 0.4100982 0.4072223 0.4355261 0.1711211 0.2560011 0.3663218 0.3520715 0.2666069 0.1848142 
Eutetras_palmeri_63                        0.3045609 0.1418128 0.2948038 0.4109777 0.0000000 0.0192697 0.3159634 0.2157559 0.4881607 0.1919183 0.2015054 0.2103576 0.1815110 0.2021677 0.1646646 0.2524972 0.0489607 0.1835041 0.2215814 0.2011246 0.2066064 0.1954817 0.2005838 0.2120808 0.2001826 0.1819507 0.2131291 0.2343703 0.1680179 0.1877432 0.5284222 0.4802815 0.1967189 0.2399638 0.1914882 0.2245187 0.2118205 0.2449179 0.2492815 0.1973012 0.2071730 0.2309654 0.1973948 0.2207873 0.2046986 0.1958604 0.2007666 0.2010133 0.2141338 0.2124023 0.2410625 0.1998566 0.1695124 0.1660735 0.2407562 0.1057978 0.3968467 0.2722094 0.2065423 0.2167084 0.1017016 0.1823226 0.2088582 0.2355577 0.1685297 0.1791542 0.2019690 0.1681412 0.2219229 0.1990526 0.2047161 0.2082873 0.1756381 0.1644145 0.0821811 0.1952454 0.2156080 0.2546558 0.0669082 0.1113931 0.1992685 0.2105677 0.0794113 0.0591442 
Eutetras_pringlei_149_quer                 0.0905462 0.1052923 0.0951242 0.1592964 0.0192697 0.0000000 0.0977259 0.1587866 0.2235029 0.0740460 0.0837038 0.0803860 0.0628761 0.0701158 0.0700300 0.0838792 0.0545836 0.0808721 0.0942164 0.0628040 0.0705594 0.0718671 0.0663091 0.0763805 0.0702947 0.0698193 0.0820914 0.0827730 0.0661425 0.1713445 0.4597022 0.0907621 0.0740460 0.0747536 0.0729633 0.0869942 0.0698512 0.0871252 0.0839414 0.0628040 0.0839456 0.0842843 0.0626563 0.0797452 0.0832104 0.0697969 0.0662463 0.0675484 0.0711325 0.0732278 0.0746812 0.0702507 0.0775219 0.0734792 0.0839714 0.0820914 0.2345390 0.0675484 0.0748448 0.0841003 0.1018714 0.0946516 0.0766065 0.0827268 0.0775219 0.0997754 0.0915269 0.0762946 0.0768907 0.0663091 0.0662551 0.0732113 0.0695730 0.0640301 0.0639795 0.1024388 0.1125061 0.0816969 0.0584541 0.0840798 0.0675484 0.0877210 0.0666424 0.0599900 
Eutrochium_fistulosum_SRR9119106           0.2970919 0.1640218 0.2987069 0.3031264 0.3159634 0.0977259 0.0000000 0.2322401 0.4677041 0.2706268 0.2983197 0.3048339 0.2838831 0.3230598 0.2009203 0.3980575 0.1201169 0.2401881 0.2807867 0.3443153 0.3444270 0.2987177 0.3753700 0.3587234 0.3433094 0.3973385 0.3731802 0.3924667 0.2048123 0.2045726 0.5316921 0.5590124 0.2569729 0.4313988 0.2597894 0.3443202 0.3256805 0.3962644 0.4215670 0.3325094 0.3395044 0.3811862 0.3388768 0.3239661 0.3969885 0.3271410 0.3536603 0.3464891 0.3432081 0.3259769 0.3942741 0.3587751 0.3412717 0.2321865 0.3335894 0.1219695 0.5027628 0.5155239 0.3456339 0.3363606 0.1424142 0.2402682 0.3644857 0.3660677 0.3683923 0.2595257 0.3423350 0.1833612 0.3696053 0.3737913 0.2742435 0.3854448 0.2472631 0.2366555 0.1050763 0.2810803 0.3339365 0.4407379 0.1018798 0.1567993 0.3362625 0.3271287 0.1137745 0.1048028 
Galeana_pratensis_104_mex                  0.3435004 0.1753328 0.3200595 0.4023755 0.2157559 0.1587866 0.2322401 0.0000000 0.3227442 0.1911022 0.1809674 0.2320954 0.1995159 0.1772820 0.1860833 0.2013996 0.1359847 0.1801165 0.2042315 0.1861592 0.1843921 0.1904779 0.1889011 0.1908784 0.1873025 0.1943661 0.1998665 0.1833063 0.1868579 0.2724185 0.5692487 0.3513147 0.1882888 0.1920924 0.1891645 0.2165822 0.1834971 0.1955568 0.1891855 0.1861592 0.2000648 0.2167339 0.1933909 0.2132274 0.2103588 0.1857089 0.1913305 0.1859659 0.2083271 0.2162472 0.1889448 0.1865451 0.1918630 0.1858218 0.1829194 0.1902688 0.4120923 0.2455704 0.1924898 0.1914802 0.1710292 0.1773538 0.1985970 0.1809724 0.1918630 0.1667168 0.1684521 0.1740750 0.1860067 0.1889011 0.1813357 0.1992652 0.1954668 0.1884154 0.1667562 0.1795352 0.2035481 0.1799881 0.1804797 0.1699744 0.1888096 0.1790896 0.1660168 0.1668420 
Helianthus_annuus_SRR9119062               0.4471618 0.2831895 0.4424967 0.5099209 0.4881607 0.2235029 0.4677041 0.3227442 0.0000000 0.3977097 0.4427668 0.4441278 0.4274585 0.4431957 0.3753298 0.5287049 0.1691079 0.3681194 0.4634409 0.4499673 0.4409161 0.4360104 0.4368397 0.4342461 0.4451293 0.4264416 0.4346565 0.4503184 0.3544902 0.3331941 0.6046302 0.5839493 0.4175709 0.4434459 0.4076451 0.4380541 0.4396033 0.4983706 0.5288783 0.4352177 0.4448556 0.4497748 0.4325023 0.4413789 0.4148571 0.4406961 0.4539582 0.4403259 0.4347177 0.4448262 0.4884622 0.4251560 0.4176193 0.3999162 0.4660603 0.2975436 0.6288010 0.4908589 0.4455647 0.4280342 0.1955272 0.4214823 0.4472897 0.4511521 0.4141410 0.4008088 0.4210878 0.2843085 0.4682419 0.4347965 0.4126867 0.4441624 0.4086179 0.3998424 0.2141256 0.4260863 0.4642328 0.4462875 0.2305820 0.2531564 0.4400235 0.3849358 0.2859585 0.1915075 
Lycapsus_tenuifolius_17                    0.2266134 0.1243338 0.2170335 0.4071118 0.1919183 0.0740460 0.2706268 0.1911022 0.3977097 0.0000000 0.1346290 0.1928063 0.1322924 0.1471406 0.0978108 0.1931423 0.0487228 0.0974521 0.1123530 0.1245365 0.1166389 0.1306858 0.1335560 0.1412672 0.1301790 0.1351893 0.1376515 0.1358921 0.0295732 0.1214726 0.5544175 0.3929342 0.0013196 0.1303466 0.0539922 0.1330706 0.1384158 0.2024046 0.2144772 0.1310170 0.1328956 0.1344326 0.1282699 0.1258091 0.2350219 0.1268252 0.1310771 0.1307277 0.1224604 0.1347878 0.1763194 0.1204055 0.1317780 0.1134264 0.1366633 0.0995503 0.3274405 0.2305751 0.1223210 0.2013396 0.1150943 0.1237038 0.1318151 0.1363603 0.1301924 0.1293118 0.1320298 0.0929084 0.1831293 0.1336767 0.0291185 0.1378809 0.1120216 0.1069057 0.0789671 0.1406989 0.1457255 0.1291032 0.0668424 0.1102976 0.1292968 0.1162209 0.0887077 0.0723341 
Pericome_caudata_50_silver                 0.2437876 0.1143246 0.2243630 0.3975449 0.2015054 0.0837038 0.2983197 0.1809674 0.4427668 0.1346290 0.0000000 0.2140326 0.1475000 0.1851737 0.1061861 0.2506286 0.0377513 0.1140090 0.1344386 0.1764006 0.1665954 0.1610474 0.1860628 0.1729721 0.1711834 0.1680366 0.1844487 0.2236679 0.1155457 0.1832719 0.5078194 0.4139163 0.1160636 0.1950088 0.1570433 0.1532501 0.1661532 0.2639725 0.2681694 0.1837612 0.1612697 0.1672865 0.1650176 0.1524608 0.3102224 0.1743812 0.1690115 0.1659777 0.1589407 0.1633873 0.2172382 0.1548929 0.1559633 0.1218180 0.1621995 0.0946184 0.3869070 0.2513334 0.1748301 0.2069360 0.0959467 0.1297788 0.1729872 0.2093829 0.1645009 0.0817214 0.1216571 0.0980514 0.2223454 0.1697157 0.1351451 0.1721398 0.1227229 0.1202818 0.0867098 0.1064172 0.1823793 0.1973029 0.0694472 0.1168922 0.1679223 0.1228303 0.0760369 0.0629501 
Perityle_aglossa_84_dead_horse             0.2702454 0.1448572 0.2506053 0.4069957 0.2103576 0.0803860 0.3048339 0.2320954 0.4441278 0.1928063 0.2140326 0.0000000 0.1375296 0.1722080 0.0839727 0.2545764 0.0106032 0.1950035 0.1925222 0.1544894 0.1441628 0.1536243 0.1499125 0.1680030 0.1497316 0.1539102 0.1642865 0.2775108 0.1446786 0.1965195 0.5040799 0.4454029 0.1901616 0.1918192 0.1810218 0.1810533 0.1468409 0.3152522 0.2693176 0.1474374 0.1447319 0.2007234 0.1446813 0.2069426 0.2836974 0.1494308 0.1475004 0.1458108 0.1894985 0.1523849 0.2070979 0.1341355 0.1538296 0.1022599 0.2409885 0.0454447 0.3703084 0.1744797 0.1640986 0.2434846 0.0688149 0.1643078 0.1184156 0.2703911 0.1470950 0.2011260 0.2129033 0.0815816 0.2095496 0.1473462 0.1947490 0.1552115 0.1053477 0.1108425 0.0325079 0.2240191 0.2426951 0.2216693 0.0085046 0.1119727 0.1443909 0.2054955 0.0843248 0.0669686 
Perityle_ajoensis_204                      0.2255572 0.1020835 0.2074370 0.3584096 0.1815110 0.0628761 0.2838831 0.1995159 0.4274585 0.1322924 0.1475000 0.1375296 0.0000000 0.0567734 0.0220605 0.1215136 0.0105561 0.1502844 0.1228291 0.0380708 0.0178736 0.0384083 0.0391458 0.0408741 0.0381425 0.0572599 0.0450866 0.1437333 0.1009025 0.1749687 0.5090111 0.4235697 0.1237551 0.0280067 0.1373799 0.1255309 0.0328682 0.2051262 0.1215205 0.0368204 0.0283132 0.1336007 0.0374907 0.1359553 0.2309388 0.0236134 0.0379807 0.0370769 0.1281222 0.0387321 0.0786819 0.0213878 0.0529860 0.0259861 0.1555386 0.0361893 0.3344443 0.1910992 0.0299110 0.1755260 0.0687092 0.1008064 0.0362617 0.1440628 0.0531707 0.1430309 0.1456984 0.0146206 0.0801609 0.0379867 0.1306400 0.0445424 0.0156951 0.0299154 0.0325919 0.1626595 0.1530899 0.0296595 0.0142638 0.1041560 0.0370604 0.1609550 0.0803742 0.0671802 
Perityle_ambrosiifolia_67_green            0.2380362 0.1025268 0.2474953 0.3575807 0.2021677 0.0701158 0.3230598 0.1772820 0.4431957 0.1471406 0.1851737 0.1722080 0.0567734 0.0000000 0.0254831 0.1175741 0.0160971 0.1613542 0.1223045 0.0359557 0.0254748 0.0567438 0.0528366 0.1010483 0.0541551 0.0789999 0.0618899 0.1986951 0.0968062 0.1741474 0.5027635 0.4420996 0.1153034 0.0292436 0.1541106 0.1744694 0.0501464 0.2252273 0.1166651 0.0527041 0.0535114 0.1896053 0.0544479 0.1544777 0.2596013 0.0498451 0.0551435 0.0531694 0.1800048 0.0616831 0.0871184 0.0466346 0.0808802 0.0235339 0.1904316 0.0346174 0.3735903 0.2371057 0.0281292 0.1726381 0.0737677 0.1036876 0.0600896 0.1991435 0.0811489 0.1481955 0.1937271 0.0221721 0.0851942 0.0517256 0.1223230 0.0617042 0.0420025 0.0302400 0.0301698 0.1934024 0.1822086 0.0289723 0.0202672 0.1000177 0.0543412 0.2149137 0.0853620 0.0685792 
Perityle_angustifolia_13_Eagle_creek       0.2243512 0.0990238 0.2137720 0.3288043 0.1646646 0.0700300 0.2009203 0.1860833 0.3753298 0.0978108 0.1061861 0.0839727 0.0220605 0.0254831 0.0000000 0.0500218 0.0159684 0.0993777 0.0992456 0.0316191 0.0109182 0.0288211 0.0236809 0.0266995 0.0252867 0.0515992 0.0373352 0.1047382 0.1046979 0.1795738 0.4841735 0.3286372 0.0959736 0.0182239 0.1124610 0.0940374 0.0236003 0.0903026 0.0357170 0.0203920 0.0333728 0.0949469 0.0315569 0.0974696 0.0970374 0.0188229 0.0251755 0.0237967 0.0913504 0.0415697 0.0368507 0.0188131 0.0472437 0.0061982 0.1062789 0.0320945 0.2703526 0.1384968 0.0254739 0.1257010 0.0687911 0.1026121 0.0266531 0.1007200 0.0472437 0.1106606 0.0998507 0.0170942 0.0171751 0.0219922 0.1009887 0.0333867 0.0205103 0.0285710 0.0268400 0.1197341 0.1007135 0.0251626 0.0170468 0.0999165 0.0254259 0.1023553 0.0789801 0.0674735 
Perityle_batopilensis_97                   0.2693248 0.1089318 0.3141344 0.4141795 0.2524972 0.0838792 0.3980575 0.2013996 0.5287049 0.1931423 0.2506286 0.2545764 0.1215136 0.1175741 0.0500218 0.0000000 0.0160146 0.1915964 0.1352110 0.0814022 0.0539154 0.1215146 0.1170588 0.1566266 0.1162506 0.1434732 0.1223156 0.2454116 0.1388805 0.1852505 0.5137297 0.4508455 0.1491012 0.0446794 0.2054871 0.2275819 0.1131249 0.2624934 0.0128903 0.1144915 0.1190176 0.2374698 0.1195506 0.2214927 0.2938745 0.1090946 0.1157667 0.1153132 0.2329725 0.1237663 0.1124022 0.1030561 0.1361405 0.0959582 0.2450818 0.0606653 0.3760432 0.3235380 0.0498986 0.1793592 0.0601425 0.1103647 0.1169568 0.2460217 0.1366369 0.2083398 0.2384707 0.0372502 0.1189499 0.1158265 0.1569082 0.1203177 0.1260821 0.0867161 0.0469719 0.2417349 0.2231329 0.0465696 0.0290441 0.1001125 0.1166800 0.2615439 0.0928073 0.0634259 
Perityle_bisetosa_9                        0.0431023 0.0655329 0.0661610 0.1723071 0.0489607 0.0545836 0.1201169 0.1359847 0.1691079 0.0487228 0.0377513 0.0106032 0.0105561 0.0160971 0.0159684 0.0160146 0.0000000 0.0378899 0.0319695 0.0159093 0.0052736 0.0105971 0.0105971 0.0052543 0.0159093 0.0322825 0.0105971 0.0550150 0.0432032 0.1921756 0.3200385 0.0432566 0.0487228 0.0000010 0.0540978 0.0542660 0.0052733 0.0432451 0.0214292 0.0105971 0.0052708 0.0374672 0.0212306 0.0374672 0.0431442 0.0105908 0.0105971 0.0105971 0.0374672 0.0212719 0.0000010 0.0000010 0.0322825 0.0159684 0.0544050 0.0159601 0.1201369 0.0105971 0.0268761 0.0604511 0.0453793 0.0601983 0.0105580 0.0608186 0.0322825 0.0781815 0.0781815 0.0000010 0.0000010 0.0105971 0.0432032 0.0105971 0.0000010 0.0000010 0.0159093 0.0902349 0.0484447 0.0105722 0.0057548 0.0548139 0.0105971 0.0434398 0.0379101 0.0397245 
Perityle_californica_76_positas            0.2285573 0.1243358 0.2238126 0.3142322 0.1835041 0.0808721 0.2401881 0.1801165 0.3681194 0.0974521 0.1140090 0.1950035 0.1502844 0.1613542 0.0993777 0.1915964 0.0378899 0.0000000 0.1213138 0.1612805 0.1544936 0.1645624 0.1620373 0.1749763 0.1608826 0.1572099 0.1647151 0.0772582 0.0992094 0.1705244 0.4898369 0.3790938 0.0962812 0.1801935 0.1307436 0.1162674 0.1583646 0.1059219 0.1872318 0.1585419 0.1661327 0.1185694 0.1610905 0.1177059 0.1411515 0.1558125 0.1656727 0.1638567 0.1088443 0.1673062 0.1809801 0.1562482 0.1535672 0.1153370 0.1160340 0.1016648 0.3374330 0.2318223 0.1612766 0.1684017 0.0841612 0.0972785 0.1643459 0.0810721 0.1502371 0.1059286 0.0872546 0.0861783 0.1597739 0.1603849 0.0926157 0.1693735 0.1226013 0.1158832 0.0818337 0.1146849 0.1027884 0.1839297 0.0692262 0.1109680 0.1637575 0.0308416 0.0545684 0.0679794 
Perityle_canescens_77                      0.2516759 0.1146816 0.2458938 0.3919995 0.2215814 0.0942164 0.2807867 0.2042315 0.4634409 0.1123530 0.1344386 0.1925222 0.1228291 0.1223045 0.0992456 0.1352110 0.0319695 0.1213138 0.0000000 0.1210678 0.1164650 0.1194439 0.1158347 0.1224259 0.1164701 0.1382948 0.1242906 0.0862924 0.1230313 0.2028684 0.5152364 0.4094526 0.1106321 0.1210698 0.1447783 0.0884573 0.1241702 0.1123653 0.1251801 0.1159567 0.1322763 0.0867675 0.1240584 0.0890756 0.1197605 0.1242439 0.1193001 0.1204665 0.0853393 0.1314009 0.1290667 0.1196638 0.1334759 0.1140880 0.0997372 0.0941258 0.3612541 0.2387905 0.1178282 0.1663375 0.0684506 0.1035131 0.1306342 0.0845690 0.1301036 0.1386480 0.1337747 0.0928067 0.1176243 0.1142784 0.1187602 0.1265684 0.1177422 0.1131692 0.0807867 0.1507355 0.0451993 0.1306118 0.0596295 0.1196715 0.1187638 0.1201722 0.1099023 0.0625348 
Perityle_castillonii_96                    0.2400197 0.0921118 0.2336609 0.3324391 0.2011246 0.0628040 0.3443153 0.1861592 0.4499673 0.1245365 0.1764006 0.1544894 0.0380708 0.0359557 0.0316191 0.0814022 0.0159093 0.1612805 0.1210678 0.0000000 0.0296534 0.0212073 0.0258173 0.0943573 0.0282340 0.0659788 0.0430696 0.1984155 0.1041917 0.1711830 0.4756717 0.4226302 0.1221281 0.0298762 0.1331849 0.1659831 0.0407772 0.1927114 0.0727010 0.0245316 0.0425158 0.1792302 0.0137438 0.1506683 0.1969411 0.0342799 0.0257400 0.0259177 0.1754423 0.0420761 0.0549716 0.0338737 0.0593081 0.0285751 0.1722578 0.0361749 0.3873748 0.2403986 0.0184641 0.1731947 0.0596959 0.1061195 0.0445396 0.1989126 0.0595233 0.1396676 0.1803333 0.0220552 0.0338429 0.0245526 0.1321393 0.0310533 0.0350368 0.0284789 0.0105389 0.1697993 0.1518126 0.0460371 0.0199482 0.0962090 0.0236462 0.2032853 0.0802675 0.0625369 
Perityle_cernua_84                         0.2354258 0.0924698 0.2330790 0.3452051 0.2066064 0.0705594 0.3444270 0.1843921 0.4409161 0.1166389 0.1665954 0.1441628 0.0178736 0.0254748 0.0109182 0.0539154 0.0052736 0.1544936 0.1164650 0.0296534 0.0000000 0.0281717 0.0296995 0.0888172 0.0273160 0.0622403 0.0333536 0.2075188 0.0953162 0.1690809 0.5099658 0.4310584 0.1150037 0.0166160 0.1252430 0.1663509 0.0229326 0.1923774 0.0443543 0.0273468 0.0269825 0.1835797 0.0268908 0.1475510 0.2042154 0.0166501 0.0296104 0.0321944 0.1655333 0.0329060 0.0390478 0.0185027 0.0568623 0.0109929 0.1530234 0.0287911 0.3637029 0.2548383 0.0195684 0.1718898 0.0597332 0.0974837 0.0220392 0.2080465 0.0570698 0.1335079 0.1863062 0.0072726 0.0127143 0.0284048 0.1208617 0.0338531 0.0163239 0.0234453 0.0267872 0.1658928 0.1492444 0.0260491 0.0114034 0.0995364 0.0253729 0.2009074 0.0788063 0.0672498 
Perityle_cfvillosa_25_tin                  0.2470586 0.0892166 0.2186862 0.3665912 0.1954817 0.0718671 0.2987177 0.1904779 0.4360104 0.1306858 0.1610474 0.1536243 0.0384083 0.0567438 0.0288211 0.1215146 0.0105971 0.1645624 0.1194439 0.0212073 0.0281717 0.0000000 0.0143066 0.0538492 0.0098569 0.0602467 0.0444254 0.1681418 0.1091715 0.1795410 0.4876890 0.4373801 0.1224823 0.0241142 0.1385049 0.1442712 0.0371051 0.2185861 0.1284452 0.0120590 0.0429695 0.1536728 0.0232132 0.1462001 0.2455085 0.0370573 0.0065470 0.0043602 0.1486655 0.0370908 0.0806387 0.0311825 0.0546937 0.0292923 0.1802023 0.0366570 0.3683881 0.1668980 0.0104197 0.1783123 0.0642008 0.1034777 0.0473138 0.1685311 0.0548812 0.1417075 0.1600467 0.0220924 0.0872853 0.0131604 0.1344652 0.0133690 0.0351968 0.0317857 0.0133086 0.1702397 0.1798054 0.0372932 0.0264250 0.1037537 0.0032658 0.1730146 0.0751864 0.0628591 
Perityle_coahuilensis_24                   0.2413101 0.0890989 0.2299932 0.3592702 0.2005838 0.0663091 0.3753700 0.1889011 0.4368397 0.1335560 0.1860628 0.1499125 0.0391458 0.0528366 0.0236809 0.1170588 0.0105971 0.1620373 0.1158347 0.0258173 0.0296995 0.0143066 0.0000000 0.0968552 0.0194002 0.1680381 0.1079173 0.2592834 0.1074278 0.1713327 0.4865858 0.4361739 0.1255011 0.0221193 0.1406380 0.1660060 0.0442255 0.3095469 0.1307184 0.0058073 0.0408787 0.2329681 0.0251809 0.1697174 0.3725529 0.0720710 0.0136025 0.0279098 0.2076654 0.0417988 0.0859850 0.0381339 0.0804099 0.0263344 0.1823418 0.0326663 0.4411436 0.2884269 0.0121679 0.1728400 0.0642078 0.0999160 0.0496962 0.2700744 0.1389665 0.1417767 0.2596087 0.0195978 0.0844049 0.0023552 0.1340371 0.0208620 0.0322211 0.0289180 0.0133099 0.1694481 0.2178272 0.0366284 0.0142918 0.0988336 0.0122710 0.2096727 0.0777852 0.0672690 
Perityle_cochisensis_44_cave_creek         0.2404888 0.0921488 0.2286365 0.3706818 0.2120808 0.0763805 0.3587234 0.1908784 0.4342461 0.1412672 0.1729721 0.1680030 0.0408741 0.1010483 0.0266995 0.1566266 0.0052543 0.1749763 0.1224259 0.0943573 0.0888172 0.0538492 0.0968552 0.0000000 0.0957640 0.1317209 0.1067045 0.2390432 0.0957573 0.1859514 0.4951368 0.4659743 0.1269897 0.1058969 0.1434994 0.1904089 0.0797177 0.2794053 0.1717333 0.0852072 0.0960565 0.2162847 0.0918655 0.1868568 0.3059701 0.0754547 0.1024211 0.0914195 0.1882797 0.0728011 0.1454991 0.0889479 0.1229303 0.0245201 0.1867875 0.0342401 0.4174680 0.2764107 0.0950372 0.1916216 0.0550528 0.1022328 0.1011913 0.2326490 0.1314842 0.1514455 0.2167075 0.0097005 0.1521635 0.0966365 0.1451288 0.1076086 0.0230562 0.0215001 0.0239997 0.1874838 0.1925038 0.1257236 0.0227316 0.1063112 0.0820964 0.2384659 0.0762163 0.0669659 
Perityle_congesta_202                      0.2435590 0.0889029 0.2225371 0.3637785 0.2001826 0.0702947 0.3433094 0.1873025 0.4451293 0.1301790 0.1711834 0.1497316 0.0381425 0.0541551 0.0252867 0.1162506 0.0159093 0.1608826 0.1164701 0.0282340 0.0273160 0.0098569 0.0194002 0.0957640 0.0000000 0.0663264 0.0547515 0.2645341 0.1079798 0.1833815 0.4812522 0.4310976 0.1244329 0.0237648 0.1335300 0.1689577 0.0433410 0.3013363 0.1290093 0.0165886 0.0428032 0.1756320 0.0272996 0.1532114 0.3271721 0.0401478 0.0107167 0.0168403 0.1593907 0.0398364 0.0774205 0.0355609 0.0657179 0.0290344 0.1804339 0.0345832 0.3829924 0.2057889 0.0109001 0.1719258 0.0640053 0.0986554 0.0523852 0.2575745 0.0656626 0.1377641 0.1982689 0.0170849 0.0835401 0.0186995 0.1330109 0.0147290 0.0349040 0.0302178 0.0158410 0.1686911 0.1909503 0.0389078 0.0259259 0.1020705 0.0065664 0.2087806 0.0782216 0.0718079 
Perityle_cordifolia_27                     0.1782419 0.1050463 0.1793407 0.3400306 0.1819507 0.0698193 0.3973385 0.1943661 0.4264416 0.1351893 0.1680366 0.1539102 0.0572599 0.0789999 0.0515992 0.1434732 0.0322825 0.1572099 0.1382948 0.0659788 0.0622403 0.0602467 0.1680381 0.1317209 0.0663264 0.0000000 0.2042886 0.3292872 0.1100489 0.1778859 0.5212394 0.3791822 0.1300219 0.1424758 0.1415874 0.1804556 0.0719430 0.3324483 0.1682564 0.0710287 0.0885164 0.2149008 0.0660530 0.1864668 0.4315392 0.0617266 0.1095372 0.0720316 0.1616062 0.0691635 0.1430277 0.1279829 0.0240948 0.0531875 0.1687441 0.0553647 0.4098492 0.3972897 0.0574897 0.1814285 0.0732077 0.1052262 0.1479308 0.2713730 0.0254412 0.1436521 0.2265511 0.0468105 0.1572874 0.1753944 0.1359505 0.1968841 0.0553505 0.0576437 0.0588713 0.1690392 0.2104341 0.1041887 0.0404795 0.1131902 0.0550558 0.2168195 0.0840450 0.0579553 
Perityle_cordifolia_68_tecolote            0.2409743 0.1080561 0.2284214 0.3788738 0.2131291 0.0820914 0.3731802 0.1998665 0.4346565 0.1376515 0.1844487 0.1642865 0.0450866 0.0618899 0.0373352 0.1223156 0.0105971 0.1647151 0.1242906 0.0430696 0.0333536 0.0444254 0.1079173 0.1067045 0.0547515 0.2042886 0.0000000 0.2961351 0.1074924 0.1786554 0.5078290 0.4449823 0.1270309 0.0355573 0.1434388 0.1737278 0.0531562 0.3233879 0.1431999 0.1304637 0.0420134 0.2676776 0.0441343 0.1716391 0.4054372 0.0743306 0.0475493 0.0567856 0.2241338 0.0517108 0.0896770 0.0438565 0.0802525 0.0358036 0.1724571 0.0088608 0.4429842 0.3624593 0.0352269 0.1788214 0.0684098 0.1079938 0.0591721 0.2642317 0.1429747 0.1392024 0.2721427 0.0371253 0.0887468 0.0488598 0.1324209 0.0809878 0.0397290 0.0415694 0.0361361 0.1666689 0.2174765 0.0370252 0.0237548 0.1043742 0.0460824 0.2158804 0.0880521 0.0645783 
Perityle_coronopifolia_28_patagonia        0.1699273 0.1200464 0.2241576 0.3454254 0.2343703 0.0827730 0.3924667 0.1833063 0.4503184 0.1358921 0.2236679 0.2775108 0.1437333 0.1986951 0.1047382 0.2454116 0.0550150 0.0772582 0.0862924 0.1984155 0.2075188 0.1681418 0.2592834 0.2390432 0.2645341 0.3292872 0.2961351 0.0000000 0.1103172 0.1910476 0.4469181 0.3678179 0.1003638 0.2419217 0.2182883 0.1481399 0.1928305 0.2875080 0.2881034 0.2613310 0.2410907 0.2146724 0.1994277 0.1260463 0.3095531 0.2807367 0.2250671 0.2675567 0.2087806 0.1957781 0.2765859 0.2388968 0.2161760 0.1163445 0.0617351 0.0876437 0.4260281 0.4159542 0.2137134 0.1273283 0.0974987 0.0455849 0.2698156 0.0085833 0.3216967 0.1364730 0.2496918 0.0962051 0.2691490 0.2572163 0.1035396 0.2338704 0.1159598 0.1127737 0.0869886 0.1527193 0.1709625 0.2617703 0.0723852 0.0388055 0.2523914 0.1348653 0.0887787 0.0130320 
Perityle_crassifolia_70_ventanas           0.2031254 0.1314603 0.2032119 0.3381761 0.1680179 0.0661425 0.2048123 0.1868579 0.3544902 0.0295732 0.1155457 0.1446786 0.1009025 0.0968062 0.1046979 0.1388805 0.0432032 0.0992094 0.1230313 0.1041917 0.0953162 0.1091715 0.1074278 0.0957573 0.1079798 0.1100489 0.1074924 0.1103172 0.0000000 0.1181761 0.5406222 0.3425310 0.0271727 0.1025181 0.0186961 0.1287698 0.1090997 0.1275779 0.1324060 0.1041320 0.1065928 0.1261994 0.1038932 0.1232076 0.1221558 0.0990735 0.1092143 0.1069243 0.1193502 0.1163103 0.1452320 0.0929855 0.1079558 0.1042715 0.1456573 0.0969052 0.3177573 0.1886773 0.0999784 0.1390983 0.1155530 0.1343250 0.1038968 0.1106364 0.1079558 0.1159462 0.1087363 0.0901360 0.1029067 0.1058398 0.0116939 0.1128165 0.0945691 0.1030450 0.0753603 0.1192144 0.1181976 0.1006082 0.0598468 0.1070136 0.1068608 0.1028444 0.1000843 0.0673306 
Perityle_crassifolia_74_playa_balandra     0.1956548 0.2801867 0.1893333 0.3290947 0.1877432 0.1713445 0.2045726 0.2724185 0.3331941 0.1214726 0.1832719 0.1965195 0.1749687 0.1741474 0.1795738 0.1852505 0.1921756 0.1705244 0.2028684 0.1711830 0.1690809 0.1795410 0.1713327 0.1859514 0.1833815 0.1778859 0.1786554 0.1910476 0.1181761 0.0000000 0.6564858 0.2273378 0.1214726 0.1787495 0.1134511 0.2076566 0.1819847 0.2013913 0.1814208 0.1713327 0.1869257 0.1877437 0.1746448 0.1840375 0.2065904 0.1789656 0.1780559 0.1816445 0.1875608 0.2068731 0.1825909 0.1762434 0.1859481 0.1827125 0.1903458 0.1721379 0.2182144 0.1902420 0.1859530 0.2108833 0.2565912 0.2108286 0.1740975 0.1884661 0.1859481 0.2166960 0.2040841 0.1993444 0.1788301 0.1713327 0.1092942 0.1824723 0.1687963 0.1708227 0.1735114 0.2228923 0.2100280 0.2093812 0.1297068 0.2010398 0.1776936 0.1877230 0.1809199 0.1751718 
Perityle_cuneata_34_cuneata_San_antonio    0.5473476 0.4437749 0.5112360 0.6068287 0.5284222 0.4597022 0.5316921 0.5692487 0.6046302 0.5544175 0.5078194 0.5040799 0.5090111 0.5027635 0.4841735 0.5137297 0.3200385 0.4898369 0.5152364 0.4756717 0.5099658 0.4876890 0.4865858 0.4951368 0.4812522 0.5212394 0.5078290 0.4469181 0.5406222 0.6564858 0.0000000 0.4590539 0.5544175 0.4995732 0.5496594 0.5349621 0.5081448 0.5018673 0.4986980 0.4865858 0.5102502 0.5150573 0.4794526 0.5245499 0.5230161 0.4970671 0.4866133 0.4872963 0.5196039 0.5308033 0.4916194 0.5139772 0.5007952 0.4829049 0.5136223 0.5136971 0.6228690 0.5042164 0.4775069 0.4842345 0.3663469 0.4666797 0.5018116 0.4562033 0.5007952 0.5378754 0.5338415 0.4308469 0.5089038 0.4865858 0.5453036 0.4852580 0.5100127 0.4914022 0.4612085 0.5425196 0.5065034 0.4516084 0.4281322 0.4873977 0.4872963 0.5123700 0.5005692 0.3394364 
Perityle_cuneata_4                         0.3633044 0.2712066 0.4001580 0.6630609 0.4802815 0.0907621 0.5590124 0.3513147 0.5839493 0.3929342 0.4139163 0.4454029 0.4235697 0.4420996 0.3286372 0.4508455 0.0432566 0.3790938 0.4094526 0.4226302 0.4310584 0.4373801 0.4361739 0.4659743 0.4310976 0.3791822 0.4449823 0.3678179 0.3425310 0.2273378 0.4590539 0.0000000 0.3801607 0.4309865 0.4198336 0.4304405 0.4336201 0.3890494 0.4410409 0.4323139 0.4296628 0.4429165 0.4276994 0.4385962 0.3355928 0.4267638 0.4328959 0.4287866 0.4375388 0.4345951 0.4244649 0.4201893 0.3670370 0.3873776 0.4275793 0.2504448 0.6761961 0.4843861 0.4406251 0.4283905 0.1216537 0.3289344 0.4411012 0.3732868 0.3580991 0.4058477 0.4159708 0.2926013 0.4280135 0.4361739 0.4146722 0.4441380 0.4123937 0.3836891 0.1633898 0.4404979 0.4413038 0.4358928 0.0515266 0.2098190 0.4287866 0.3999386 0.2089149 0.0496016 
Perityle_discoidea_81                      0.2255175 0.1209617 0.2244064 0.3816486 0.1967189 0.0740460 0.2569729 0.1882888 0.4175709 0.0013196 0.1160636 0.1901616 0.1237551 0.1153034 0.0959736 0.1491012 0.0487228 0.0962812 0.1106321 0.1221281 0.1150037 0.1224823 0.1255011 0.1269897 0.1244329 0.1300219 0.1270309 0.1003638 0.0271727 0.1214726 0.5544175 0.3801607 0.0000000 0.1282914 0.0561077 0.1251391 0.1253191 0.1188140 0.1430921 0.1223450 0.1311706 0.1271103 0.1218635 0.1243280 0.1424702 0.1203941 0.1256313 0.1235842 0.1160090 0.1304018 0.1430817 0.1160537 0.1271003 0.1104963 0.1233647 0.0974623 0.3274405 0.2339199 0.1205759 0.1973180 0.1150943 0.1237038 0.1248972 0.1007787 0.1239184 0.1184860 0.1051344 0.0901123 0.1175918 0.1239902 0.0269703 0.1290896 0.1073743 0.1061655 0.0789671 0.1261565 0.1088003 0.1268113 0.0668424 0.1102976 0.1235150 0.0985745 0.0866689 0.0723341 
Perityle_dissecta_201                      0.2802874 0.0986134 0.2772878 0.4082113 0.2399638 0.0747536 0.4313988 0.1920924 0.4434459 0.1303466 0.1950088 0.1918192 0.0280067 0.0292436 0.0182239 0.0446794 0.0000010 0.1801935 0.1210698 0.0298762 0.0166160 0.0241142 0.0221193 0.1058969 0.0237648 0.1424758 0.0355573 0.2419217 0.1025181 0.1787495 0.4995732 0.4309865 0.1282914 0.0000000 0.1394978 0.1890116 0.0246418 0.2297368 0.0339134 0.0238393 0.0277471 0.2104572 0.0265689 0.1824545 0.2348417 0.0230187 0.0227101 0.0319814 0.1847581 0.0320711 0.0429875 0.0269536 0.0751348 0.0152093 0.1692889 0.0456144 0.4920881 0.3575373 0.0238190 0.1831457 0.0596268 0.1034852 0.0281033 0.2518197 0.1415691 0.1514987 0.2230700 0.0121392 0.0191213 0.0220385 0.1352358 0.0262279 0.0268635 0.0218765 0.0267577 0.1955415 0.1701034 0.0247519 0.0204308 0.1078315 0.0198954 0.2277125 0.0842961 0.0625193 
Perityle_emoryi_47_punta_san_jose          0.2231435 0.1374153 0.2197502 0.3986562 0.1914882 0.0729633 0.2597894 0.1891645 0.4076451 0.0539922 0.1570433 0.1810218 0.1373799 0.1541106 0.1124610 0.2054871 0.0540978 0.1307436 0.1447783 0.1331849 0.1252430 0.1385049 0.1406380 0.1434994 0.1335300 0.1415874 0.1434388 0.2182883 0.0186961 0.1134511 0.5496594 0.4198336 0.0561077 0.1394978 0.0000000 0.1414652 0.1447766 0.2814595 0.2240048 0.1381838 0.1338399 0.1557926 0.1328216 0.1494050 0.3008698 0.1340517 0.1345720 0.1329175 0.1437871 0.1454579 0.1835790 0.1238593 0.1373441 0.1295277 0.1705732 0.1029077 0.3655611 0.2215041 0.1316301 0.1984682 0.1100849 0.1415715 0.1354210 0.2158038 0.1339497 0.1479447 0.1667047 0.0951973 0.1929594 0.1397543 0.0401342 0.1388914 0.1245945 0.1273456 0.0810217 0.1556690 0.1881924 0.1353139 0.0724392 0.1217340 0.1325544 0.1452716 0.1020522 0.0718735 
Perityle_feddemae_99                       0.2495105 0.1247346 0.2433825 0.3892209 0.2245187 0.0869942 0.3443202 0.2165822 0.4380541 0.1330706 0.1532501 0.1810533 0.1255309 0.1744694 0.0940374 0.2275819 0.0542660 0.1162674 0.0884573 0.1659831 0.1663509 0.1442712 0.1660060 0.1904089 0.1689577 0.1804556 0.1737278 0.1481399 0.1287698 0.2076566 0.5349621 0.4304405 0.1251391 0.1890116 0.1414652 0.0000000 0.1577031 0.2086401 0.2400905 0.1612197 0.1689946 0.0396499 0.1655216 0.0344697 0.2166827 0.1493801 0.1670568 0.1699644 0.0342748 0.1593574 0.2228012 0.1581167 0.1771798 0.1059125 0.1261823 0.0788354 0.3994258 0.2856583 0.1725532 0.1727750 0.0553013 0.1000964 0.1690157 0.1485762 0.1752660 0.1331047 0.1552656 0.0789410 0.2274838 0.1636126 0.1284968 0.1760369 0.1060340 0.1019742 0.0699977 0.1438194 0.1197816 0.1993095 0.0666323 0.1209455 0.1579665 0.1349618 0.0988715 0.0825530 
Perityle_fosteri_93                        0.2305094 0.0958332 0.2234690 0.3548172 0.2118205 0.0698512 0.3256805 0.1834971 0.4396033 0.1384158 0.1661532 0.1468409 0.0328682 0.0501464 0.0236003 0.1131249 0.0052733 0.1583646 0.1241702 0.0407772 0.0229326 0.0371051 0.0442255 0.0797177 0.0433410 0.0719430 0.0531562 0.1928305 0.1090997 0.1819847 0.5081448 0.4336201 0.1253191 0.0246418 0.1447766 0.1577031 0.0000000 0.2351281 0.1268506 0.0420958 0.0406776 0.1707656 0.0427818 0.1443029 0.2637135 0.0362057 0.0432001 0.0412642 0.1643612 0.0426735 0.0843089 0.0309867 0.0605540 0.0232651 0.1725275 0.0361873 0.3758308 0.2114827 0.0318944 0.1808813 0.0597269 0.1021175 0.0457959 0.1932523 0.0663832 0.1385534 0.1753912 0.0121659 0.0777286 0.0431644 0.1321863 0.0503329 0.0292853 0.0327648 0.0270020 0.1647831 0.1755529 0.0305606 0.0171347 0.1038334 0.0412732 0.1919291 0.0862803 0.0672417 
Perityle_gamon_221                         0.2314244 0.1240416 0.3175512 0.4178371 0.2449179 0.0871252 0.3962644 0.1955568 0.4983706 0.2024046 0.2639725 0.3152522 0.2051262 0.2252273 0.0903026 0.2624934 0.0432451 0.1059219 0.1123653 0.1927114 0.1923774 0.2185861 0.3095469 0.2794053 0.3013363 0.3324483 0.3233879 0.2875080 0.1275779 0.2013913 0.5018673 0.3890494 0.1188140 0.2297368 0.2814595 0.2086401 0.2351281 0.0000000 0.2896670 0.2976939 0.2824517 0.2341064 0.2602088 0.1591003 0.0662981 0.2844051 0.2816191 0.2973342 0.2389773 0.2431017 0.2624127 0.2826220 0.2851408 0.1279787 0.2020194 0.0828445 0.4164715 0.3675460 0.2021701 0.2291448 0.0734944 0.1375049 0.3101856 0.2898997 0.3335178 0.1729403 0.2296108 0.0924287 0.2547188 0.3028386 0.1287041 0.2804599 0.1657681 0.1165988 0.0680740 0.2028086 0.2190443 0.2531089 0.0495624 0.1311795 0.2838307 0.1890300 0.1019908 0.0864886 
Perityle_gentryi_8_san_francisco           0.2657677 0.0987101 0.3340208 0.4098877 0.2492815 0.0839414 0.4215670 0.1891855 0.5288783 0.2144772 0.2681694 0.2693176 0.1215205 0.1166651 0.0357170 0.0128903 0.0214292 0.1872318 0.1251801 0.0727010 0.0443543 0.1284452 0.1307184 0.1717333 0.1290093 0.1682564 0.1431999 0.2881034 0.1324060 0.1814208 0.4986980 0.4410409 0.1430921 0.0339134 0.2240048 0.2400905 0.1268506 0.2896670 0.0000000 0.1294330 0.1321810 0.2535959 0.1289370 0.2204873 0.3276273 0.1278855 0.1292104 0.1276022 0.2482414 0.1353346 0.1055676 0.1191357 0.1565416 0.0855857 0.2546758 0.0482234 0.3798252 0.3401942 0.0399670 0.1768045 0.0644226 0.1029554 0.1289463 0.2817266 0.1615011 0.2045977 0.2725407 0.0226510 0.1222240 0.1267284 0.1510770 0.1322892 0.1202399 0.0758130 0.0383980 0.2448014 0.2521684 0.0358789 0.0290624 0.0998619 0.1276351 0.2780881 0.0823725 0.0729179 
Perityle_gilensis_22_Superstition          0.2383724 0.0858944 0.2245540 0.3572205 0.1973012 0.0628040 0.3325094 0.1861592 0.4352177 0.1310170 0.1837612 0.1474374 0.0368204 0.0527041 0.0203920 0.1144915 0.0105971 0.1585419 0.1159567 0.0245316 0.0273468 0.0120590 0.0058073 0.0852072 0.0165886 0.0710287 0.1304637 0.2613310 0.1041320 0.1713327 0.4865858 0.4323139 0.1223450 0.0238393 0.1381838 0.1612197 0.0420958 0.2976939 0.1294330 0.0000000 0.0417282 0.2401818 0.0251923 0.1511521 0.3929487 0.0701150 0.0136502 0.0197232 0.2064299 0.0396866 0.0776388 0.0355932 0.0618693 0.0235742 0.1795056 0.0289789 0.3754795 0.2031010 0.0109245 0.1688543 0.0596959 0.0963468 0.0533107 0.2620969 0.0786017 0.1387789 0.2546248 0.0171099 0.0823065 0.0046251 0.1309084 0.0196754 0.0297023 0.0260176 0.0105389 0.1666762 0.2206944 0.0390529 0.0170559 0.0962090 0.0112915 0.2057836 0.0738362 0.0672690 
Perityle_gilensis_salensis_225             0.2418636 0.0958151 0.2237016 0.3720494 0.2071730 0.0839456 0.3395044 0.2000648 0.4448556 0.1328956 0.1612697 0.1447319 0.0283132 0.0535114 0.0333728 0.1190176 0.0052708 0.1661327 0.1322763 0.0425158 0.0269825 0.0429695 0.0408787 0.0960565 0.0428032 0.0885164 0.0420134 0.2410907 0.1065928 0.1869257 0.5102502 0.4296628 0.1311706 0.0277471 0.1338399 0.1689946 0.0406776 0.2824517 0.1321810 0.0417282 0.0000000 0.1873054 0.0384305 0.1650426 0.3046839 0.0327758 0.0411489 0.0470059 0.1619199 0.0383275 0.0852816 0.0279241 0.0726862 0.0327151 0.1812548 0.0421439 0.4090130 0.2658097 0.0348696 0.1842634 0.0598510 0.1089950 0.0383334 0.2417003 0.0866976 0.1424392 0.2054296 0.0171229 0.0799586 0.0425403 0.1364103 0.0463310 0.0256559 0.0384426 0.0435088 0.1699192 0.1872198 0.0260492 0.0317473 0.1122068 0.0383197 0.2138938 0.0871070 0.0768992 
Perityle_glaucescens_94                    0.2509375 0.1285310 0.2480542 0.3961771 0.2309654 0.0842843 0.3811862 0.2167339 0.4497748 0.1344326 0.1672865 0.2007234 0.1336007 0.1896053 0.0949469 0.2374698 0.0374672 0.1185694 0.0867675 0.1792302 0.1835797 0.1536728 0.2329681 0.2162847 0.1756320 0.2149008 0.2676776 0.2146724 0.1261994 0.1877437 0.5150573 0.4429165 0.1271103 0.2104572 0.1557926 0.0396499 0.1707656 0.2341064 0.2535959 0.2401818 0.1873054 0.0000000 0.1796120 0.0259621 0.2973936 0.1733150 0.1872662 0.1781398 0.0308002 0.1709366 0.2494049 0.1752586 0.2143301 0.1096546 0.1318703 0.0827846 0.4340124 0.3452307 0.1872546 0.2004145 0.0598447 0.1083760 0.1917237 0.1823346 0.2162549 0.1432363 0.1937958 0.0818799 0.2516528 0.1849023 0.1319002 0.1902954 0.1094399 0.1058248 0.0742479 0.1480268 0.1427872 0.2253239 0.0578273 0.1308304 0.1643223 0.1403907 0.1059877 0.0691316 
Perityle_gracilis_11                       0.2362840 0.0919144 0.2191672 0.3595547 0.1973948 0.0626563 0.3388768 0.1933909 0.4325023 0.1282699 0.1650176 0.1446813 0.0374907 0.0544479 0.0315569 0.1195506 0.0212306 0.1610905 0.1240584 0.0137438 0.0268908 0.0232132 0.0251809 0.0918655 0.0272996 0.0660530 0.0441343 0.1994277 0.1038932 0.1746448 0.4794526 0.4276994 0.1218635 0.0265689 0.1328216 0.1655216 0.0427818 0.2602088 0.1289370 0.0251923 0.0384305 0.1796120 0.0000000 0.1529998 0.2680043 0.0369650 0.0251469 0.0304739 0.1650029 0.0394396 0.0740091 0.0331393 0.0621294 0.0311717 0.1765957 0.0361289 0.3862692 0.2183334 0.0170132 0.1685922 0.0595152 0.1040233 0.0423206 0.1998550 0.0630363 0.1424992 0.1940131 0.0244743 0.0868479 0.0251276 0.1318555 0.0307071 0.0355523 0.0311398 0.0131858 0.1682921 0.1783675 0.0388155 0.0199099 0.0960418 0.0225172 0.2079753 0.0801599 0.0670541 
Perityle_harkerae_31                       0.2465123 0.1280306 0.2308272 0.3932699 0.2207873 0.0797452 0.3239661 0.2132274 0.4413789 0.1258091 0.1524608 0.2069426 0.1359553 0.1544777 0.0974696 0.2214927 0.0374672 0.1177059 0.0890756 0.1506683 0.1475510 0.1462001 0.1697174 0.1868568 0.1532114 0.1864668 0.1716391 0.1260463 0.1232076 0.1840375 0.5245499 0.4385962 0.1243280 0.1824545 0.1494050 0.0344697 0.1443029 0.1591003 0.2204873 0.1511521 0.1650426 0.0259621 0.1529998 0.0000000 0.1843085 0.1384291 0.1698187 0.1510871 0.0283367 0.1514631 0.2099451 0.1639349 0.1668294 0.1100790 0.1286778 0.0846118 0.4086438 0.2944294 0.1515214 0.2001036 0.0596205 0.1090100 0.1743978 0.1089243 0.1829417 0.1425981 0.1339473 0.0816153 0.2108446 0.1684300 0.1291780 0.1764463 0.1086635 0.1063377 0.0728183 0.1505644 0.1014409 0.1833642 0.0599848 0.1314296 0.1438840 0.1220852 0.1087845 0.0727206 
Perityle_hofmeisteria_4_nombre_de_dios     0.2124923 0.1285329 0.3162029 0.3384539 0.2046986 0.0832104 0.3969885 0.2103588 0.4148571 0.2350219 0.3102224 0.2836974 0.2309388 0.2596013 0.0970374 0.2938745 0.0431442 0.1411515 0.1197605 0.1969411 0.2042154 0.2455085 0.3725529 0.3059701 0.3271721 0.4315392 0.4054372 0.3095531 0.1221558 0.2065904 0.5230161 0.3355928 0.1424702 0.2348417 0.3008698 0.2166827 0.2637135 0.0662981 0.3276273 0.3929487 0.3046839 0.2973936 0.2680043 0.1843085 0.0000000 0.3420241 0.2823989 0.3302592 0.2888959 0.2806645 0.2758897 0.2974175 0.3028138 0.1447890 0.2195638 0.1030326 0.4508802 0.3852924 0.2081607 0.2235975 0.0685168 0.1383704 0.3141335 0.3006320 0.4188642 0.1961228 0.3030010 0.0846885 0.2692891 0.3050020 0.1416646 0.2923296 0.1825807 0.1253769 0.0647004 0.2252572 0.2168322 0.2622350 0.0572059 0.1260433 0.3218564 0.2269887 0.1094392 0.0767200 
