84
Amauria_brandeegeana_62                    0.0000000 0.4066643 0.1444101 0.4039948 0.1533228 0.2815459 0.4271032 0.4071530 0.0904044 0.3316639 0.3593529 0.3066794 0.2522197 0.4001173 0.3647024 0.3028756 0.3853256 0.3050697 0.3253501 0.4657139 0.3731151 0.2419689 0.3324022 0.2623038 0.4217876 0.2941351 0.4126989 0.3309499 0.3901699 0.3213646 0.3137159 0.4390745 0.0423009 0.3521255 0.3225491 0.3714323 0.3377147 0.3536178 0.2864758 0.3651352 0.3458822 0.3837321 0.3082580 0.3703624 0.4561689 0.3595255 0.3546499 0.3849660 0.3608087 0.3303006 0.3403158 0.3666162 0.3229626 0.2586105 0.3344281 0.2621955 0.2760613 0.3202907 0.3516657 0.2644452 0.1298834 0.4328820 0.2237853 0.4439364 0.4871994 0.4087215 0.3568435 0.1187887 0.2348484 0.3518497 0.2101322 0.3493961 0.3587482 0.3613637 0.2797749 0.4035347 0.3980992 0.2927090 0.3556292 0.1618323 0.3780365 0.3606581 0.2560812 0.1198259 
Amauria_carterae_99_mesa                   0.4066643 0.0000000 0.4044118 0.3766789 0.1563524 0.1915153 0.2090754 0.7745582 0.3656127 0.3886824 0.3525732 0.3684851 0.1667841 0.8119921 0.3542520 0.3639109 0.2401778 0.3379215 0.3555408 0.5885159 0.3090574 0.1429163 0.3573701 0.1867968 0.4352722 0.1906453 0.3504403 0.3915127 0.3664223 0.2335115 0.4517358 0.1853812 0.1501367 0.3411310 0.8596457 0.3810113 0.3795209 0.8614309 0.2004239 0.3615114 0.3466570 0.3759816 0.2903154 0.3810988 0.9489027 0.3518913 0.3218599 0.2447048 0.3881469 0.6567864 0.3568751 0.3408238 0.4507285 0.3026310 0.3987732 0.8696267 0.2523586 0.3547683 0.3235022 0.3636754 0.3333799 0.7917494 0.9133053 0.3466326 0.4438267 0.7928828 0.2023394 0.1643671 0.3150865 0.3466570 0.3600280 0.3425873 0.3784674 0.3600854 0.8211084 0.3622456 0.8571984 0.3322775 0.3586749 0.4971339 0.3090574 0.4175022 0.1284710 0.1688803 
Amauria_rotundifolia_SRR9119150            0.1444101 0.4044118 0.0000000 0.3882907 0.1499128 0.2756435 0.4439408 0.4345166 0.2581714 0.3454912 0.3390302 0.2756169 0.2240082 0.3816221 0.3463761 0.3126163 0.3237214 0.2566114 0.3043626 0.4841225 0.3201296 0.2676574 0.3376477 0.2042957 0.3959644 0.2975297 0.3793610 0.3415045 0.4100243 0.3119699 0.3191561 0.3831738 0.3411540 0.3302942 0.3864944 0.3576145 0.3100509 0.4222897 0.2880265 0.3460984 0.3268744 0.3667133 0.3156195 0.3884170 0.5028820 0.3384904 0.3134475 0.3256314 0.3280327 0.3347158 0.3359235 0.3456665 0.2912244 0.2188435 0.3213345 0.2618370 0.2825977 0.3009897 0.3180205 0.2581594 0.1241238 0.4659774 0.2302706 0.3805287 0.4839840 0.4141763 0.3068363 0.0970471 0.1666221 0.3348676 0.2282489 0.3624425 0.3275238 0.3278610 0.2831045 0.3691265 0.4540746 0.2648023 0.3389067 0.1989017 0.3270758 0.3751094 0.1711277 0.1255413 
Eutetras_palmeri_63                        0.4039948 0.3766789 0.3882907 0.0000000 0.0449625 0.2275209 0.3899774 0.3294168 0.2632201 0.2980028 0.2587169 0.2146470 0.1770419 0.3302673 0.2868513 0.2419706 0.3125307 0.2004356 0.2338656 0.4267790 0.2815277 0.2636273 0.2562000 0.1831130 0.3085164 0.2129721 0.3025279 0.2495564 0.3192753 0.3354829 0.2387420 0.1953629 0.3308562 0.2553213 0.2676525 0.2840805 0.2442261 0.2447354 0.2094935 0.2686381 0.2392293 0.2825966 0.2338769 0.2992501 0.3630272 0.2689016 0.2767120 0.2910851 0.2684453 0.2807672 0.2505932 0.2581193 0.2386650 0.1980256 0.2380180 0.1560766 0.2138112 0.2257568 0.2838838 0.2001570 0.1147517 0.3486846 0.1867578 0.3876288 0.3576736 0.3436537 0.2767477 0.1054336 0.1557312 0.2522610 0.2243349 0.2685158 0.2922213 0.2785987 0.1858856 0.2700699 0.2866825 0.2049614 0.2700029 0.1235212 0.2848873 0.3644492 0.1414112 0.0910684 
Eutetras_pringlei_149_quer                 0.1533228 0.1563524 0.1499128 0.0449625 0.0000000 0.1939590 0.2261891 0.6702922 0.1350721 0.1244243 0.1036768 0.1236871 0.1120901 0.0000010 0.1238978 0.1278933 0.2196936 0.1159273 0.1273246 0.3748247 0.1160300 0.1212938 0.1207905 0.1120997 0.2166918 0.1230210 0.1346780 0.1399527 0.3659232 0.1461276 0.1143464 0.1174684 0.1339442 0.1041813 0.0000010 0.1361459 0.1277585 0.8208257 0.1360864 0.1205508 0.1208908 0.1441649 0.1244008 0.1361721 0.9448966 0.1318697 0.1160300 0.1243180 0.1441414 0.5744006 0.1167354 0.1278304 0.1338364 0.1283888 0.1202810 0.0000010 0.2684450 0.1241538 0.1281685 0.1551764 0.1157140 0.6773003 0.0000010 0.1202322 0.2622973 0.4958258 0.1322775 0.1233569 0.1199926 0.1167217 0.1356058 0.1139653 0.1168780 0.1200430 0.0000010 0.1242870 0.6872114 0.1161889 0.1337235 0.0520912 0.1160300 0.1294473 0.1398900 0.1018392 
Eutrochium_fistulosum_SRR9119106           0.2815459 0.1915153 0.2756435 0.2275209 0.1939590 0.0000000 0.3603156 0.8261848 0.2537168 0.2134798 0.2446821 0.2322461 0.2287814 0.0000010 0.2518172 0.2021922 0.3085893 0.2148511 0.2399484 0.4491372 0.2570309 0.1733553 0.2351198 0.2413303 0.4261242 0.2483183 0.2886441 0.2408180 0.6527152 0.1788053 0.2213068 0.2575057 0.2590747 0.2315431 0.0000010 0.2486455 0.2209669 0.7756883 0.2428627 0.2346548 0.2325120 0.2531817 0.2077771 0.2578503 0.8922568 0.2465461 0.2545360 0.2593524 0.2552894 0.6313990 0.2391153 0.2355967 0.2213839 0.2384449 0.2396238 0.0000010 0.3181673 0.2284458 0.2664989 0.2403801 0.1663335 0.8213109 0.0000010 0.2104420 0.3840506 0.7082448 0.2306163 0.1725945 0.2006656 0.2327293 0.2125634 0.2367726 0.3223861 0.2370450 0.0000010 0.2427078 0.6414766 0.2225894 0.2416152 0.0662263 0.2548040 0.2379443 0.2286277 0.1459350 
Galeana_pratensis_104_mex                  0.4271032 0.2090754 0.4439408 0.3899774 0.2261891 0.3603156 0.0000000 0.6487597 0.3958212 0.4117854 0.3468356 0.3985436 0.3488091 0.6307162 0.4029102 0.3817332 0.3911742 0.3714480 0.3895203 0.5820902 0.3771358 0.1843328 0.3808058 0.3603958 0.4221828 0.3526473 0.4319424 0.4056557 0.3797615 0.1356899 0.4143143 0.3946327 0.3735277 0.3664367 0.5382430 0.4005292 0.4077359 0.7595509 0.3635793 0.3799412 0.3753334 0.3921951 0.3522396 0.3951398 0.8388678 0.4059299 0.3902663 0.3833298 0.3979858 0.5460267 0.3809401 0.3892342 0.4551789 0.3693578 0.3973699 0.6388893 0.3424094 0.3642378 0.4022272 0.4040522 0.3374280 0.9560947 0.5719606 0.4193163 0.4538900 0.6844277 0.3232105 0.3279259 0.3937802 0.3753334 0.3905660 0.3631835 0.4030130 0.3792464 0.5618152 0.3563214 0.7975651 0.3631069 0.3623869 0.2561614 0.3833527 0.4374510 0.2986117 0.2626325 
Helianthus_annuus_SRR9119062               0.4071530 0.7745582 0.4345166 0.3294168 0.6702922 0.8261848 0.6487597 0.0000000 0.4071169 0.3927638 0.3762781 0.3681635 0.6202682 0.2256182 0.3777379 0.3235791 0.7295446 0.3355778 0.3713356 0.5012001 0.3791615 0.5581012 0.3633087 0.6269213 0.3710338 0.5997156 0.3559939 0.3665314 0.3648137 0.7025389 0.4014405 0.6841718 0.7305071 0.3720409 0.3556567 0.3842724 0.3087764 0.3093386 0.6589875 0.3693436 0.3667932 0.3802478 0.3562677 0.3746302 0.3980357 0.3849160 0.3729820 0.4480108 0.3577815 0.3198946 0.3777922 0.3644171 0.3699508 0.3520945 0.3682658 0.1971538 0.6917085 0.3386627 0.3885877 0.3874808 0.2369492 0.3807253 0.1330081 0.8902662 0.3797714 0.3564154 0.5754017 0.5439763 0.6361989 0.3606820 0.3267672 0.3665819 0.3261207 0.3460411 0.2077106 0.3887009 0.3090829 0.3618501 0.3654802 0.2508256 0.3928025 0.4395385 0.6166237 0.5778633 
Lycapsus_tenuifolius_17                    0.0904044 0.3656127 0.2581714 0.2632201 0.1350721 0.2537168 0.3958212 0.4071169 0.0000000 0.2115209 0.2330522 0.2367998 0.1808588 0.2726984 0.2446335 0.1849847 0.3152169 0.2458271 0.2308972 0.3636921 0.2469841 0.2375945 0.2211812 0.2051955 0.2444948 0.1668092 0.2436932 0.2657801 0.3658514 0.3085151 0.3034804 0.2402352 0.0350891 0.2354109 0.4342280 0.2390064 0.2238872 0.3321187 0.1788787 0.2360703 0.2279760 0.2525423 0.2258244 0.2417315 0.4417529 0.2435615 0.2359009 0.2509056 0.2580459 0.2785187 0.2273133 0.2311080 0.2423741 0.1710095 0.2680331 0.1879026 0.1266395 0.2222521 0.2344723 0.2407035 0.1279409 0.3853960 0.1605205 0.3965458 0.2685466 0.2868025 0.2499587 0.1221138 0.2325181 0.2265439 0.2415409 0.2268115 0.2232534 0.2167162 0.2081901 0.2677869 0.3481116 0.2238953 0.2305467 0.1697162 0.2513516 0.3574287 0.2518581 0.1289011 
Pericome_caudata_50_silver                 0.3316639 0.3886824 0.3454912 0.2980028 0.1244243 0.2134798 0.4117854 0.3927638 0.2115209 0.0000000 0.2693014 0.2031929 0.1971252 0.3050717 0.3014419 0.2720478 0.2764289 0.2092555 0.2487591 0.4465359 0.2437053 0.2347359 0.2451032 0.1846238 0.3538658 0.2806608 0.3213987 0.2444766 0.3858496 0.3183515 0.2189718 0.2866608 0.2264256 0.2565978 0.3997750 0.2726802 0.2860145 0.3020201 0.2639453 0.2589489 0.2708658 0.2723068 0.2493830 0.3310628 0.4084853 0.2614613 0.2393672 0.2457743 0.2787279 0.2584236 0.2396413 0.2669331 0.2241770 0.1819838 0.2527140 0.1306001 0.2160621 0.2319243 0.2354678 0.1995324 0.1259399 0.3730477 0.1920775 0.3436760 0.3654969 0.3518670 0.2360565 0.1173373 0.1536691 0.2545548 0.2103788 0.2502001 0.3015764 0.2731671 0.1750679 0.2424405 0.3504102 0.1962994 0.2704384 0.2006664 0.2477509 0.3696269 0.1431145 0.1245711 
Perityle_aglossa_84_dead_horse             0.3593529 0.3525732 0.3390302 0.2587169 0.1036768 0.2446821 0.3468356 0.3762781 0.2330522 0.2693014 0.0000000 0.0363482 0.0325874 0.0486141 0.1527424 0.0369390 0.2884866 0.0666941 0.0484892 0.2693673 0.1923592 0.2131140 0.0604246 0.0450723 0.1361589 0.0582033 0.1596735 0.1472055 0.3793703 0.2939250 0.2547935 0.2659734 0.2753785 0.0463459 0.3656522 0.0945911 0.0408867 0.2323790 0.1417888 0.0753991 0.0540427 0.1171756 0.0439946 0.2449701 0.3303199 0.0702273 0.1885149 0.1933074 0.0900513 0.0888742 0.0585023 0.0513998 0.0610209 0.0392415 0.1374572 0.0589268 0.1473989 0.0409054 0.1939698 0.1144135 0.0558351 0.2902744 0.1400004 0.2315500 0.2835408 0.1159959 0.0960408 0.0249440 0.0687877 0.0529485 0.2415296 0.0629912 0.1170382 0.1049896 0.0305798 0.1726914 0.2398558 0.0863810 0.0370521 0.1379225 0.1970676 0.3614964 0.1605416 0.0412737 
Perityle_ajoensis_204                      0.3066794 0.3684851 0.2756169 0.2146470 0.1236871 0.2322461 0.3985436 0.3681635 0.2367998 0.2031929 0.0363482 0.0000000 0.0314623 0.0175533 0.0690114 0.0333477 0.2864741 0.0622362 0.0427990 0.2573517 0.1429340 0.2295898 0.0273210 0.0445814 0.1195675 0.0542967 0.1280572 0.1295325 0.3900034 0.2973330 0.2501047 0.2182192 0.2826755 0.0340674 0.3388401 0.0794596 0.0382947 0.2334570 0.1237347 0.0284075 0.0274375 0.0769737 0.0414088 0.2020378 0.3396301 0.0321057 0.1423370 0.1411937 0.0815065 0.0841575 0.0437289 0.0326865 0.0489868 0.0328438 0.1270115 0.0707977 0.1600134 0.0226733 0.1524491 0.1020628 0.0511022 0.2941545 0.0828148 0.2287588 0.2335604 0.1211459 0.0954609 0.0172112 0.0625723 0.0248898 0.2347246 0.0279416 0.1104738 0.0723835 0.0280470 0.1376923 0.2404709 0.0798720 0.0437652 0.1186907 0.1457309 0.3127781 0.1531191 0.0248905 
Perityle_ambrosiifolia_67_green            0.2522197 0.1667841 0.2240082 0.1770419 0.1120901 0.2287814 0.3488091 0.6202682 0.1808588 0.1971252 0.0325874 0.0314623 0.0000000 0.0000010 0.0854467 0.0235705 0.2499210 0.0501900 0.0391567 0.2904258 0.0922719 0.1387874 0.0314427 0.0443951 0.2492921 0.0502895 0.1748421 0.0921347 0.5821386 0.1356241 0.2148897 0.1927485 0.1831750 0.0277325 0.0000010 0.0723300 0.0267335 0.6534847 0.0957052 0.0287650 0.0314192 0.0780345 0.0280423 0.1819612 0.7536329 0.0393758 0.0904852 0.0940788 0.0807332 0.4131468 0.0395739 0.0312622 0.0524099 0.0277335 0.0766609 0.0000010 0.1607579 0.0262887 0.1009563 0.0871085 0.0516100 0.6306866 0.0000010 0.0885878 0.2814907 0.6039704 0.0694543 0.0150826 0.0251387 0.0275719 0.2077618 0.0296571 0.1854133 0.0312368 0.0000010 0.0752232 0.5756636 0.0215935 0.0414157 0.0391420 0.0940897 0.2546508 0.1605051 0.0249965 
Perityle_angustifolia_13_Eagle_creek       0.4001173 0.8119921 0.3816221 0.3302673 0.0000010 0.0000010 0.6307162 0.2256182 0.2726984 0.3050717 0.0486141 0.0175533 0.0000010 0.0000000 0.0508534 0.0503406 0.7643979 0.0865611 0.0600221 0.0872973 0.4141720 0.6555273 0.0334594 0.0000010 0.0291238 0.0000010 0.0708256 0.2689687 0.2039678 0.8213616 0.2371273 0.9271172 0.9717454 0.0508568 0.2236406 0.0891659 0.0709743 0.2268728 0.0000010 0.0428757 0.0391492 0.0828409 0.0580706 0.2882380 0.2632709 0.0218545 0.4022338 0.5034912 0.0874178 0.0464971 0.0925969 0.0389882 0.0564097 0.0063758 0.2848821 0.0764834 0.2875701 0.0308954 0.3974890 0.1594397 0.0512997 0.2612440 0.0599676 0.8383561 0.2879000 0.0475145 0.4815516 0.0000010 0.6543549 0.0334594 0.2979344 0.0235933 0.0441363 0.2265938 0.0331719 0.3223235 0.3142206 0.2024176 0.0584145 0.1532245 0.4299349 0.3511160 0.5464063 0.0000010 
Perityle_batopilensis_97                   0.3647024 0.3542520 0.3463761 0.2868513 0.1238978 0.2518172 0.4029102 0.3777379 0.2446335 0.3014419 0.1527424 0.0690114 0.0854467 0.0508534 0.0000000 0.0967459 0.3017695 0.0724787 0.0886961 0.2909912 0.2137952 0.2255299 0.1666203 0.0719619 0.1890641 0.1466609 0.1758561 0.1721535 0.3914708 0.3208246 0.2574227 0.2756627 0.2895994 0.1288378 0.3629366 0.1588513 0.1103087 0.2454450 0.0427884 0.1311217 0.1312576 0.1955679 0.0649201 0.2678703 0.3455482 0.1354532 0.2114837 0.2139780 0.1414968 0.1054163 0.1058014 0.1218036 0.0711723 0.0980851 0.1542888 0.0772476 0.1704639 0.1120330 0.2140246 0.1366891 0.0668141 0.3077289 0.1349313 0.2706346 0.3173879 0.1404432 0.1489709 0.0331265 0.0866373 0.1571435 0.2578190 0.1428387 0.1532572 0.1738982 0.0330172 0.2140980 0.2757065 0.1176316 0.1377198 0.1516484 0.2204580 0.4003105 0.1785071 0.0453819 
Perityle_bisetosa_9                        0.3028756 0.3639109 0.3126163 0.2419706 0.1278933 0.2021922 0.3817332 0.3235791 0.1849847 0.2720478 0.0369390 0.0333477 0.0235705 0.0503406 0.0967459 0.0000000 0.3032348 0.0596993 0.0268224 0.2554785 0.2214944 0.2302315 0.0297896 0.0303140 0.1713339 0.0373130 0.1474382 0.1402457 0.3503868 0.2883209 0.2427723 0.2836126 0.1941407 0.0325002 0.2751926 0.0769413 0.0253219 0.2597315 0.1017836 0.0510006 0.0300198 0.0778458 0.0333713 0.2455150 0.3403262 0.0458973 0.2185661 0.2264980 0.0818698 0.0789368 0.0430098 0.0256780 0.0561878 0.0247450 0.1457970 0.0560808 0.1655596 0.0358190 0.2266103 0.1018212 0.0480781 0.3125045 0.1457667 0.2849217 0.3109085 0.1321163 0.0908543 0.0133896 0.0618611 0.0271334 0.2305005 0.0336501 0.1258189 0.0973681 0.0280385 0.1726005 0.2838683 0.0837917 0.0401710 0.1141846 0.2301564 0.3309314 0.1524015 0.0306073 
Perityle_californica_76_positas            0.3853256 0.2401778 0.3237214 0.3125307 0.2196936 0.3085893 0.3911742 0.7295446 0.3152169 0.2764289 0.2884866 0.2864741 0.2499210 0.7643979 0.3017695 0.3032348 0.0000000 0.3237763 0.2933530 0.4031701 0.2861067 0.2576646 0.2896299 0.2420526 0.3225797 0.2679819 0.3139082 0.2961606 0.5304183 0.2398270 0.2520013 0.1965370 0.2526968 0.2877141 0.8020960 0.3121528 0.2984434 0.8542122 0.2627463 0.2911643 0.2870057 0.3276148 0.2767531 0.3582731 0.8407115 0.2956183 0.2969265 0.2619170 0.3311111 0.6198530 0.2956291 0.2956382 0.2586270 0.2722883 0.2822777 0.7420795 0.2516705 0.2709680 0.3042527 0.3212664 0.2527620 0.7806173 0.6718164 0.3099208 0.3401219 0.7532244 0.2349458 0.1869649 0.2834404 0.2851411 0.3037422 0.2433899 0.3078908 0.3039124 0.7049136 0.2922852 0.8416023 0.2870275 0.2748621 0.4470685 0.2883318 0.2232902 0.1103793 0.2436894 
Perityle_canescens_77                      0.3050697 0.3379215 0.2566114 0.2004356 0.1159273 0.2148511 0.3714480 0.3355778 0.2458271 0.2092555 0.0666941 0.0622362 0.0501900 0.0865611 0.0724787 0.0596993 0.3237763 0.0000000 0.0732215 0.2012193 0.1760131 0.2256246 0.0586967 0.0534415 0.1528900 0.0593709 0.0942456 0.1666569 0.3688976 0.2479989 0.2166590 0.2090080 0.2727731 0.0636300 0.2148785 0.0725399 0.0749159 0.3334137 0.0775996 0.0630139 0.0622330 0.0708857 0.0626318 0.1656785 0.4516609 0.0771945 0.1773633 0.1708113 0.0739504 0.1326958 0.0711306 0.0621090 0.0781093 0.0512625 0.1596834 0.0840301 0.1703841 0.0701846 0.1834380 0.1174348 0.0523566 0.3731987 0.0658838 0.2384080 0.2496314 0.1737721 0.0929465 0.0437908 0.0885070 0.0578204 0.2122696 0.0653637 0.1103287 0.1247524 0.0675525 0.1803759 0.3204456 0.1088431 0.0749743 0.1477302 0.1797669 0.2416672 0.1831997 0.0388535 
Perityle_castillonii_96                    0.3253501 0.3555408 0.3043626 0.2338656 0.1273246 0.2399484 0.3895203 0.3713356 0.2308972 0.2487591 0.0484892 0.0427990 0.0391567 0.0600221 0.0886961 0.0268224 0.2933530 0.0732215 0.0000000 0.2674499 0.1983846 0.2223189 0.0397326 0.0495748 0.1441406 0.0670226 0.1436863 0.1482824 0.3865098 0.2926257 0.2644388 0.2696777 0.2716172 0.0441706 0.3686151 0.0848000 0.0337543 0.2215469 0.1296018 0.0424365 0.0429066 0.0853281 0.0471556 0.2320016 0.3213085 0.0541921 0.1951801 0.1974354 0.0899884 0.0848895 0.0595161 0.0537416 0.0614422 0.0402734 0.1463736 0.0617199 0.1688426 0.0472517 0.2022833 0.1114897 0.0531461 0.2782468 0.1401992 0.2472444 0.2736890 0.1264793 0.1103721 0.0153074 0.0643119 0.0374154 0.2321476 0.0502894 0.1155211 0.1157427 0.0400106 0.1813139 0.2483451 0.0889688 0.0497201 0.1277130 0.2026372 0.3556967 0.1554301 0.0341664 
Perityle_cernua_84                         0.4657139 0.5885159 0.4841225 0.4267790 0.3748247 0.4491372 0.5820902 0.5012001 0.3636921 0.4465359 0.2693673 0.2573517 0.2904258 0.0872973 0.2909912 0.2554785 0.4031701 0.2012193 0.2674499 0.0000000 0.3332614 0.4604532 0.2682657 0.3088162 0.3199316 0.3321205 0.2860727 0.4065270 0.5518526 0.5926341 0.4469026 0.4996317 0.3028090 0.2694872 0.4273839 0.3153458 0.2675971 0.4988311 0.3541904 0.2708147 0.2689367 0.3057201 0.1998256 0.4080850 0.5510135 0.2856663 0.3278523 0.3576943 0.2992510 0.2272191 0.2731904 0.2653658 0.1816048 0.2435536 0.3997986 0.0660497 0.3012712 0.2702677 0.3409515 0.3554981 0.1329545 0.5009678 0.1274847 0.4701112 0.4807910 0.3237902 0.3743624 0.1596585 0.2733257 0.2660312 0.4100350 0.2565468 0.3102318 0.3475426 0.0756162 0.4155407 0.4877124 0.2642191 0.2738968 0.3744340 0.3373566 0.4984064 0.2734971 0.2695002 
Perityle_cfvillosa_25_tin                  0.3731151 0.3090574 0.3201296 0.2815277 0.1160300 0.2570309 0.3771358 0.3791615 0.2469841 0.2437053 0.1923592 0.1429340 0.0922719 0.4141720 0.2137952 0.2214944 0.2861067 0.1760131 0.1983846 0.3332614 0.0000000 0.2674524 0.1612761 0.1042082 0.2190378 0.1440654 0.2357727 0.2086510 0.4784426 0.2147519 0.2195590 0.2596581 0.2619853 0.1716287 0.2730373 0.2275433 0.1977786 0.4298001 0.1673469 0.1697297 0.1860793 0.2208568 0.1793905 0.2461398 0.5545181 0.1894892 0.0030592 0.0164799 0.2260475 0.3573274 0.1899701 0.1858290 0.1812801 0.1143725 0.2317031 0.3123946 0.1597632 0.1635775 0.0162214 0.1636017 0.1092884 0.5282725 0.2923857 0.2021666 0.3039853 0.4682250 0.1813876 0.0128927 0.0769933 0.1616237 0.2233881 0.1906600 0.1857397 0.2060303 0.3054898 0.2545030 0.4893445 0.1420765 0.2004939 0.1989979 0.0076814 0.3319087 0.1654421 0.0221315 
Perityle_cinerea_113_Powell1310            0.2419689 0.1429163 0.2676574 0.2636273 0.1212938 0.1733553 0.1843328 0.5581012 0.2375945 0.2347359 0.2131140 0.2295898 0.1387874 0.6555273 0.2255299 0.2302315 0.2576646 0.2256246 0.2223189 0.4604532 0.2674524 0.0000000 0.2262731 0.1504843 0.3536842 0.1632731 0.2276867 0.2418594 0.2883752 0.0832889 0.2730598 0.1755436 0.1341167 0.2260895 0.6020084 0.2454135 0.2301860 0.7456384 0.1485289 0.2304097 0.2210787 0.2415750 0.2064802 0.2459343 0.7773829 0.2415163 0.2794150 0.2617733 0.2468191 0.5117735 0.2318607 0.2160783 0.2609511 0.2230660 0.2056273 0.6202194 0.2506850 0.2177666 0.2862512 0.2242255 0.2275169 0.6761822 0.6498955 0.2486777 0.3031127 0.5838705 0.1370515 0.1423389 0.1883003 0.2210787 0.2252152 0.2192981 0.2156474 0.2355910 0.5780244 0.2220652 0.6534118 0.2208714 0.2243032 0.2682618 0.2736326 0.2403662 0.1231668 0.1220427 
Perityle_coahuilensis_24                   0.3324022 0.3573701 0.3376477 0.2562000 0.1207905 0.2351198 0.3808058 0.3633087 0.2211812 0.2451032 0.0604246 0.0273210 0.0314427 0.0334594 0.1666203 0.0297896 0.2896299 0.0586967 0.0397326 0.2682657 0.1612761 0.2262731 0.0000000 0.0472840 0.1299812 0.0563019 0.1535837 0.1307172 0.3870675 0.2845126 0.2417460 0.2552938 0.2500072 0.0491704 0.3519809 0.0834181 0.0366941 0.2177207 0.1335355 0.0414696 0.0307263 0.1014680 0.0335705 0.2319977 0.2972799 0.0595646 0.1505503 0.1721772 0.0828494 0.0777613 0.0486047 0.0464130 0.0566131 0.0337396 0.1341840 0.0421705 0.1634720 0.0344402 0.1650453 0.1112069 0.0452148 0.2673679 0.1253446 0.2324885 0.2659133 0.1145880 0.0978222 0.0173077 0.0610914 0.0037788 0.2302260 0.0547658 0.1000848 0.1014440 0.0069047 0.1721628 0.2317763 0.0775746 0.0609190 0.1615976 0.1620669 0.3685030 0.1584566 0.0307802 
Perityle_cochisensis_44_cave_creek         0.2623038 0.1867968 0.2042957 0.1831130 0.1120997 0.2413303 0.3603958 0.6269213 0.2051955 0.1846238 0.0450723 0.0445814 0.0443951 0.0000010 0.0719619 0.0303140 0.2420526 0.0534415 0.0495748 0.3088162 0.1042082 0.1504843 0.0472840 0.0000000 0.2275721 0.0520903 0.1552665 0.0901906 0.6038287 0.1548103 0.2079343 0.1863526 0.2048125 0.0388191 0.0000010 0.0701580 0.0466935 0.6510484 0.1067433 0.0446161 0.0481451 0.0742928 0.0371397 0.1680051 0.7716251 0.0513652 0.1008777 0.1027016 0.0755110 0.4323196 0.0401725 0.0433999 0.0562126 0.0476612 0.0651780 0.0000010 0.1606604 0.0398096 0.1059275 0.0902598 0.0515232 0.6607388 0.0000010 0.0909363 0.2507248 0.5970227 0.0726336 0.0305721 0.0439158 0.0434979 0.2172570 0.0432714 0.1759414 0.0359225 0.0000010 0.0809303 0.5766327 0.0357999 0.0565152 0.0257821 0.1042741 0.2369100 0.1574286 0.0278120 
Perityle_congesta_202                      0.4217876 0.4352722 0.3959644 0.3085164 0.2166918 0.4261242 0.4221828 0.3710338 0.2444948 0.3538658 0.1361589 0.1195675 0.2492921 0.0291238 0.1890641 0.1713339 0.3225797 0.1528900 0.1441406 0.3199316 0.2190378 0.3536842 0.1299812 0.2275721 0.0000000 0.3217972 0.2225075 0.2490841 0.4147926 0.3892467 0.3361142 0.3498134 0.2922864 0.1404142 0.3191406 0.1917255 0.1663078 0.2460104 0.3441857 0.1326631 0.1426738 0.1916357 0.1856028 0.2948302 0.3561244 0.1406305 0.2176370 0.2333347 0.2087531 0.1009148 0.1736709 0.1593272 0.0582141 0.1874306 0.2452613 0.0885467 0.1840671 0.1488521 0.2270516 0.2026818 0.0830764 0.3220635 0.1400450 0.3182190 0.3211363 0.1417249 0.2793149 0.0782664 0.1846694 0.1285964 0.3222031 0.1130690 0.1670479 0.2252115 0.0448045 0.2789974 0.2628797 0.2148926 0.1433795 0.1130525 0.2250381 0.4417771 0.1640186 0.1615634 
Perityle_cordifolia_27                     0.2941351 0.1906453 0.2975297 0.2129721 0.1230210 0.2483183 0.3526473 0.5997156 0.1668092 0.2806608 0.0582033 0.0542967 0.0502895 0.0000010 0.1466609 0.0373130 0.2679819 0.0593709 0.0670226 0.3321205 0.1440654 0.1632731 0.0563019 0.0520903 0.3217972 0.0000000 0.2404503 0.1030016 0.6124504 0.1557895 0.2404399 0.2226281 0.1693771 0.0528726 0.0000010 0.0852865 0.0546678 0.6170173 0.1234371 0.0868025 0.0550223 0.0870485 0.0396326 0.2378704 0.7785055 0.0678190 0.1420213 0.1501719 0.0896031 0.4258793 0.0517781 0.0535873 0.0773768 0.0605309 0.0826257 0.0000010 0.1618896 0.0539001 0.1538384 0.1028178 0.0456919 0.6286297 0.0000010 0.1478347 0.3666468 0.6133290 0.0792543 0.0410677 0.0599267 0.0525298 0.2307778 0.0576149 0.2465590 0.0510307 0.0000010 0.0997648 0.5562350 0.0422102 0.0606761 0.0323478 0.1501921 0.3172787 0.1738901 0.0202763 
Perityle_cordifolia_68_tecolote            0.4126989 0.3504403 0.3793610 0.3025279 0.1346780 0.2886441 0.4319424 0.3559939 0.2436932 0.3213987 0.1596735 0.1280572 0.1748421 0.0708256 0.1758561 0.1474382 0.3139082 0.0942456 0.1436863 0.2860727 0.2357727 0.2276867 0.1535837 0.1552665 0.2225075 0.2404503 0.0000000 0.1883507 0.4047234 0.2611486 0.2538539 0.3183033 0.2861869 0.1424604 0.2268119 0.1801769 0.1501834 0.3246961 0.2294923 0.1554483 0.1552011 0.1738650 0.1412941 0.2898227 0.4448491 0.1561549 0.2319841 0.2333162 0.1704500 0.1097870 0.1608420 0.1622156 0.0748652 0.1532776 0.2026143 0.0054305 0.1949599 0.1539637 0.2357059 0.1281279 0.0728940 0.3587702 0.1261153 0.2710485 0.3071219 0.1715840 0.2138961 0.0571426 0.1134590 0.1516314 0.3019388 0.1645565 0.1996053 0.2361426 0.0504133 0.2588099 0.3367147 0.1773705 0.1645747 0.1386376 0.2362580 0.3522085 0.1823537 0.0542642 
Perityle_coronopifolia_28_patagonia        0.3309499 0.3915127 0.3415045 0.2495564 0.1399527 0.2408180 0.4056557 0.3665314 0.2657801 0.2444766 0.1472055 0.1295325 0.0921347 0.2689687 0.1721535 0.1402457 0.2961606 0.1666569 0.1482824 0.4065270 0.2086510 0.2418594 0.1307172 0.0901906 0.2490841 0.1030016 0.1883507 0.0000000 0.4031056 0.3085614 0.2436088 0.2554993 0.3270315 0.1391152 0.3425221 0.1508973 0.1470745 0.2072630 0.1771726 0.1317218 0.1341003 0.1564150 0.1798823 0.2481302 0.2825553 0.1426276 0.2081832 0.2032678 0.1654095 0.2308988 0.1317540 0.1361395 0.1549157 0.0918845 0.0866503 0.1543516 0.2073444 0.1260568 0.2089794 0.0638583 0.1044283 0.2188231 0.1948285 0.2885146 0.1085382 0.2610105 0.1248250 0.0750918 0.1211079 0.1261035 0.2321393 0.1405751 0.2256134 0.1334357 0.1990628 0.1822128 0.1536312 0.1380658 0.1476643 0.0779403 0.2111709 0.3330683 0.1716264 0.0788498 
Perityle_crassifolia_70_ventanas           0.3901699 0.3664223 0.4100243 0.3192753 0.3659232 0.6527152 0.3797615 0.3648137 0.3658514 0.3858496 0.3793703 0.3900034 0.5821386 0.2039678 0.3914708 0.3503868 0.5304183 0.3688976 0.3865098 0.5518526 0.4784426 0.2883752 0.3870675 0.6038287 0.4147926 0.6124504 0.4047234 0.4031056 0.0000000 0.3233379 0.4141924 0.5720836 0.5753851 0.3786543 0.0622353 0.3910080 0.3800118 0.3283675 0.6160887 0.3916296 0.3814003 0.3904637 0.4348818 0.4056604 0.4822993 0.3946508 0.4659667 0.5255463 0.4035186 0.2471974 0.3792538 0.3806443 0.3279689 0.4267303 0.3800588 0.1762499 0.4915604 0.3981480 0.4668785 0.3868604 0.2238387 0.3611094 0.1391480 0.6670419 0.4456591 0.2918972 0.6018957 0.4708288 0.5819707 0.3798415 0.3074931 0.3647009 0.4249429 0.3765485 0.1744258 0.3817454 0.3123930 0.3976389 0.3602319 0.1253294 0.4839735 0.2995241 0.4450765 0.3948599 
Perityle_crassifolia_74_playa_balandra     0.3213646 0.2335115 0.3119699 0.3354829 0.1461276 0.1788053 0.1356899 0.7025389 0.3085151 0.3183515 0.2939250 0.2973330 0.1356241 0.8213616 0.3208246 0.2883209 0.2398270 0.2479989 0.2926257 0.5926341 0.2147519 0.0832889 0.2845126 0.1548103 0.3892467 0.1557895 0.2611486 0.3085614 0.3233379 0.0000000 0.3603500 0.1775602 0.1402386 0.2781724 1.0293669 0.3110229 0.3067476 0.9315888 0.1885349 0.2885891 0.2779997 0.3165538 0.2141860 0.3209478 0.9688119 0.2895089 0.2225402 0.1637519 0.3224513 0.7053748 0.2953464 0.2778550 0.3441947 0.1950659 0.3206902 0.8875461 0.2484835 0.2851037 0.2355937 0.3089951 0.2312378 0.8186807 0.9106317 0.2557345 0.4002921 0.9025238 0.1833870 0.1348929 0.1517655 0.2779997 0.2826102 0.2890552 0.2999416 0.2890740 0.8213616 0.2855571 0.8509436 0.2476985 0.2713196 0.3859906 0.2147519 0.3683934 0.1027616 0.1398337 
Perityle_cuneata_34_cuneata_San_antonio    0.3137159 0.4517358 0.3191561 0.2387420 0.1143464 0.2213068 0.4143143 0.4014405 0.3034804 0.2189718 0.2547935 0.2501047 0.2148897 0.2371273 0.2574227 0.2427723 0.2520013 0.2166590 0.2644388 0.4469026 0.2195590 0.2730598 0.2417460 0.2079343 0.3361142 0.2404399 0.2538539 0.2436088 0.4141924 0.3603500 0.0000000 0.1775855 0.2798052 0.2470672 0.3442434 0.2849445 0.2461206 0.3263405 0.2391985 0.2557080 0.2704905 0.2819484 0.2308640 0.3292477 0.4057485 0.2549710 0.2092499 0.2181555 0.2794649 0.3740290 0.2593113 0.2569986 0.2632220 0.1780161 0.2363830 0.1723601 0.2291816 0.2487484 0.2094356 0.2373256 0.1047232 0.3786555 0.1883235 0.3113010 0.2982582 0.4234748 0.2356483 0.1131929 0.1967988 0.2500772 0.2290606 0.2408837 0.2951692 0.2315404 0.2036236 0.2494895 0.3254903 0.2104013 0.2607593 0.2290493 0.2208450 0.1909410 0.1553324 0.1231739 
Perityle_cuneata_4                         0.4390745 0.1853812 0.3831738 0.1953629 0.1174684 0.2575057 0.3946327 0.6841718 0.2402352 0.2866608 0.2659734 0.2182192 0.1927485 0.9271172 0.2756627 0.2836126 0.1965370 0.2090080 0.2696777 0.4996317 0.2596581 0.1755436 0.2552938 0.1863526 0.3498134 0.2226281 0.3183033 0.2554993 0.5720836 0.1775602 0.1775855 0.0000000 0.2081394 0.2541484 1.3779273 0.2798848 0.2749163 0.7868700 0.2574904 0.2589718 0.2701438 0.2773607 0.2288690 0.3712228 0.8116174 0.2647923 0.2561822 0.2491260 0.2815258 0.6447953 0.2459372 0.2718504 0.2231502 0.1959153 0.2751361 0.5359457 0.2154935 0.2220110 0.2520237 0.2428373 0.1086890 0.7878545 1.9015417 0.2129014 0.3844546 0.7982747 0.1955438 0.1083397 0.1366304 0.2538811 0.3067705 0.2515242 0.3451748 0.2797764 0.7486969 0.2942401 0.8779221 0.1942006 0.2816595 0.2143328 0.2596856 0.2982795 0.1076633 0.1180737 
Perityle_discoidea_81                      0.0423009 0.1501367 0.3411540 0.3308562 0.1339442 0.2590747 0.3735277 0.7305071 0.0350891 0.2264256 0.2753785 0.2826755 0.1831750 0.9717454 0.2895994 0.1941407 0.2526968 0.2727731 0.2716172 0.3028090 0.2619853 0.1341167 0.2500072 0.2048125 0.2922864 0.1693771 0.2861869 0.3270315 0.5753851 0.1402386 0.2798052 0.2081394 0.0000000 0.2743482 1.8375431 0.2618359 0.2615317 0.8447733 0.1838226 0.2812106 0.2807997 0.2890120 0.2040434 0.2521045 0.8613960 0.2999149 0.2443312 0.2593790 0.2937549 0.6497865 0.2705058 0.2830714 0.2959063 0.2254807 0.3135678 1.3437559 0.1295963 0.2837101 0.2402737 0.2847243 0.1292691 0.8273671 0.0000010 0.2332189 0.3257065 0.7410966 0.2444260 0.1274371 0.1934607 0.2788417 0.2385115 0.2419556 0.2813176 0.2981607 0.6619559 0.3207808 0.8732740 0.2765471 0.2754548 0.0653709 0.2593765 0.3243609 0.2466168 0.1369860 
Perityle_dissecta_201                      0.3521255 0.3411310 0.3302942 0.2553213 0.1041813 0.2315431 0.3664367 0.3720409 0.2354109 0.2565978 0.0463459 0.0340674 0.0277325 0.0508568 0.1288378 0.0325002 0.2877141 0.0636300 0.0441706 0.2694872 0.1716287 0.2260895 0.0491704 0.0388191 0.1404142 0.0528726 0.1424604 0.1391152 0.3786543 0.2781724 0.2470672 0.2541484 0.2743482 0.0000000 0.3678891 0.0819596 0.0361070 0.2307243 0.1299592 0.0576816 0.0383084 0.1011643 0.0394495 0.2395005 0.3357931 0.0670214 0.1648217 0.1758764 0.0861421 0.0841530 0.0558875 0.0543851 0.0568853 0.0237478 0.1407004 0.0565439 0.1586738 0.0507380 0.1768503 0.1132620 0.0391408 0.2832718 0.1247848 0.2316952 0.2756775 0.1137669 0.0938400 0.0150826 0.0550226 0.0465054 0.2312813 0.0729487 0.1115198 0.1049459 0.0258683 0.1708324 0.2442018 0.0770808 0.0433398 0.1364223 0.1730623 0.3577156 0.1561082 0.0221801 
Perityle_emoryi_47_punta_san_jose          0.3225491 0.8596457 0.3864944 0.2676525 0.0000010 0.0000010 0.5382430 0.3556567 0.4342280 0.3997750 0.3656522 0.3388401 0.0000010 0.2236406 0.3629366 0.2751926 0.8020960 0.2148785 0.3686151 0.4273839 0.2730373 0.6020084 0.3519809 0.0000010 0.3191406 0.0000010 0.2268119 0.3425221 0.0622353 1.0293669 0.3442434 1.3779273 1.8375431 0.3678891 0.0000000 0.3798188 0.2701767 0.3294078 0.0000010 0.3674155 0.3611058 0.3644468 0.2693870 0.3583125 0.3535985 0.3737888 0.2753891 0.3140404 0.3179913 0.3588563 0.3588007 0.3513949 0.3800091 0.0323283 0.3362245 0.1838686 0.2215562 0.3009537 0.2831055 0.3523123 0.0858907 0.3393291 0.1499366 0.9648249 0.3518564 0.3702392 0.5549218 0.0000010 0.6856417 0.3546953 0.0706314 0.3685463 0.2382768 0.2507858 0.2056097 0.3834201 0.3383817 0.2144001 0.3631724 0.2426523 0.2931079 0.0000010 0.5464063 0.0000010 
Perityle_feddemae_99                       0.3714323 0.3810113 0.3576145 0.2840805 0.1361459 0.2486455 0.4005292 0.3842724 0.2390064 0.2726802 0.0945911 0.0794596 0.0723300 0.0891659 0.1588513 0.0769413 0.3121528 0.0725399 0.0848000 0.3153458 0.2275433 0.2454135 0.0834181 0.0701580 0.1917255 0.0852865 0.1801769 0.1508973 0.3910080 0.3110229 0.2849445 0.2798848 0.2618359 0.0819596 0.3798188 0.0000000 0.0869190 0.2659612 0.1679439 0.0949468 0.0817999 0.0490575 0.0806547 0.2063666 0.3668802 0.1046311 0.2262683 0.2289360 0.0500351 0.1202803 0.0892604 0.0982451 0.0883681 0.0768069 0.1622448 0.0879813 0.1909052 0.0870147 0.2281060 0.1354908 0.0527155 0.3179048 0.1350011 0.2824093 0.2956111 0.1539931 0.1302803 0.0624097 0.0986449 0.0812391 0.2459179 0.1013455 0.1634490 0.1334855 0.0680547 0.2020036 0.2353303 0.1099346 0.0985520 0.1597245 0.2332161 0.3819499 0.1815804 0.0716592 
Perityle_fosteri_93                        0.3377147 0.3795209 0.3100509 0.2442261 0.1277585 0.2209669 0.4077359 0.3087764 0.2238872 0.2860145 0.0408867 0.0382947 0.0267335 0.0709743 0.1103087 0.0253219 0.2984434 0.0749159 0.0337543 0.2675971 0.1977786 0.2301860 0.0366941 0.0466935 0.1663078 0.0546678 0.1501834 0.1470745 0.3800118 0.3067476 0.2461206 0.2749163 0.2615317 0.0361070 0.2701767 0.0869190 0.0000000 0.2581876 0.1086052 0.0554239 0.0385587 0.0914499 0.0495374 0.2442718 0.3747046 0.0501069 0.1945652 0.2004067 0.0960588 0.1054183 0.0576760 0.0506432 0.0628989 0.0255421 0.1454829 0.0504201 0.1602162 0.0373546 0.2017056 0.1029477 0.0536035 0.3272478 0.1349963 0.2654869 0.3130365 0.1401859 0.0956399 0.0063759 0.0595776 0.0342506 0.2298014 0.0432050 0.1215948 0.1038474 0.0530070 0.1752476 0.2878759 0.0785636 0.0474607 0.1164620 0.2042565 0.3228287 0.1589747 0.0302578 
Perityle_gamon_221                         0.3536178 0.8614309 0.4222897 0.2447354 0.8208257 0.7756883 0.7595509 0.3093386 0.3321187 0.3020201 0.2323790 0.2334570 0.6534847 0.2268728 0.2454450 0.2597315 0.8542122 0.3334137 0.2215469 0.4988311 0.4298001 0.7456384 0.2177207 0.6510484 0.2460104 0.6170173 0.3246961 0.2072630 0.3283675 0.9315888 0.3263405 0.7868700 0.8447733 0.2307243 0.3294078 0.2659612 0.2581876 0.0000000 0.6652480 0.2233771 0.2235739 0.2589423 0.4101245 0.3191229 0.0574812 0.2396164 0.4159977 0.4965423 0.2890729 0.1778193 0.2239003 0.2266856 0.1949772 0.2948105 0.1896897 0.1370224 0.8928678 0.2350565 0.4159870 0.1874268 0.2388379 0.1885830 0.1589491 0.8620773 0.2271628 0.2099752 0.6149729 0.7235033 0.6892689 0.2161949 0.3123163 0.2197730 0.2530459 0.2436539 0.1646993 0.2881979 0.1464501 0.3425473 0.2135657 0.1159430 0.4421813 0.4185566 0.9139806 0.7069916 
Perityle_gentryi_8_san_francisco           0.2864758 0.2004239 0.2880265 0.2094935 0.1360864 0.2428627 0.3635793 0.6589875 0.1788787 0.2639453 0.1417888 0.1237347 0.0957052 0.0000010 0.0427884 0.1017836 0.2627463 0.0775996 0.1296018 0.3541904 0.1673469 0.1485289 0.1335355 0.1067433 0.3441857 0.1234371 0.2294923 0.1771726 0.6160887 0.1885349 0.2391985 0.2574904 0.1838226 0.1299592 0.0000010 0.1679439 0.1086052 0.6652480 0.0000000 0.1346410 0.1255224 0.1610253 0.0820817 0.2411784 0.7807286 0.1438682 0.1674053 0.1737682 0.1515692 0.4680021 0.1321235 0.1311377 0.1007071 0.1395479 0.1328518 0.0000010 0.1761025 0.1209200 0.1797664 0.1771905 0.0777890 0.6393155 0.0000010 0.1643529 0.3719076 0.6734570 0.1629214 0.0514531 0.0618517 0.1303490 0.2682494 0.1364178 0.2539681 0.1359370 0.0000010 0.1599621 0.6499276 0.0980736 0.1471234 0.0890934 0.1695977 0.3039101 0.1683644 0.0542156 
Perityle_gilensis_22_Superstition          0.3651352 0.3615114 0.3460984 0.2686381 0.1205508 0.2346548 0.3799412 0.3693436 0.2360703 0.2589489 0.0753991 0.0284075 0.0287650 0.0428757 0.1311217 0.0510006 0.2911643 0.0630139 0.0424365 0.2708147 0.1697297 0.2304097 0.0414696 0.0446161 0.1326631 0.0868025 0.1554483 0.1317218 0.3916296 0.2885891 0.2557080 0.2589718 0.2812106 0.0576816 0.3674155 0.0949468 0.0554239 0.2233771 0.1346410 0.0000000 0.0304629 0.1135688 0.0343013 0.2389259 0.3240007 0.0885794 0.1665624 0.1839079 0.0968029 0.0751688 0.0703880 0.0673964 0.0528717 0.0418695 0.1351550 0.0536649 0.1601607 0.0700583 0.1809061 0.1078322 0.0496708 0.2786405 0.1501522 0.2326486 0.2727811 0.1192439 0.1077064 0.0150905 0.0580150 0.0396330 0.2365902 0.0878660 0.1040396 0.1288726 0.0209489 0.1747314 0.2353570 0.0815529 0.0635493 0.1411285 0.1769035 0.3736613 0.1557765 0.0278534 
Perityle_gilensis_salensis_225             0.3458822 0.3466570 0.3268744 0.2392293 0.1208908 0.2325120 0.3753334 0.3667932 0.2279760 0.2708658 0.0540427 0.0274375 0.0314192 0.0391492 0.1312576 0.0300198 0.2870057 0.0622330 0.0429066 0.2689367 0.1860793 0.2210787 0.0307263 0.0481451 0.1426738 0.0550223 0.1552011 0.1341003 0.3814003 0.2779997 0.2704905 0.2701438 0.2807997 0.0383084 0.3611058 0.0817999 0.0385587 0.2235739 0.1255224 0.0304629 0.0000000 0.0836502 0.0344176 0.2383680 0.3242738 0.0447974 0.1855065 0.1939802 0.0783510 0.0766610 0.0508947 0.0399588 0.0506987 0.0313499 0.1358962 0.0505082 0.1544832 0.0329713 0.1947573 0.0991883 0.0466263 0.2736227 0.1199433 0.2588044 0.2925855 0.1171402 0.0996230 0.0172855 0.0610384 0.0286573 0.2329376 0.0389741 0.1063749 0.1033466 0.0116062 0.1703154 0.2284098 0.0800555 0.0516762 0.1179940 0.1946901 0.3636573 0.1557467 0.0279111 
Perityle_glaucescens_94                    0.3837321 0.3759816 0.3667133 0.2825966 0.1441649 0.2531817 0.3921951 0.3802478 0.2525423 0.2723068 0.1171756 0.0769737 0.0780345 0.0828409 0.1955679 0.0778458 0.3276148 0.0708857 0.0853281 0.3057201 0.2208568 0.2415750 0.1014680 0.0742928 0.1916357 0.0870485 0.1738650 0.1564150 0.3904637 0.3165538 0.2819484 0.2773607 0.2890120 0.1011643 0.3644468 0.0490575 0.0914499 0.2589423 0.1610253 0.1135688 0.0836502 0.0000000 0.0769148 0.1914677 0.3506608 0.1198212 0.2197484 0.2183822 0.0145816 0.1161048 0.0895610 0.1047339 0.0883532 0.0770903 0.1618465 0.0875669 0.2096779 0.1005907 0.2204637 0.1359938 0.0632694 0.2986186 0.1247460 0.2894523 0.2886898 0.1408910 0.1267815 0.0715652 0.1079029 0.0990851 0.2465058 0.1167434 0.1540829 0.1514725 0.0703539 0.2050654 0.2418879 0.1210280 0.1080154 0.1888777 0.2265128 0.3868981 0.1966910 0.0744046 
Perityle_gracilis_11                       0.3082580 0.2903154 0.3156195 0.2338769 0.1244008 0.2077771 0.3522396 0.3562677 0.2258244 0.2493830 0.0439946 0.0414088 0.0280423 0.0580706 0.0649201 0.0333713 0.2767531 0.0626318 0.0471556 0.1998256 0.1793905 0.2064802 0.0335705 0.0371397 0.1856028 0.0396326 0.1412941 0.1798823 0.4348818 0.2141860 0.2308640 0.2288690 0.2040434 0.0394495 0.2693870 0.0806547 0.0495374 0.4101245 0.0820817 0.0343013 0.0344176 0.0769148 0.0000000 0.2308855 0.4960107 0.0492679 0.1824065 0.1648672 0.0799461 0.1121134 0.0483742 0.0333197 0.0687039 0.0255442 0.1694768 0.0876637 0.1625911 0.0294708 0.1807428 0.1306922 0.0530896 0.4349744 0.0118735 0.1893706 0.3281431 0.1858800 0.0878466 0.0138887 0.0405739 0.0306927 0.2593542 0.0272265 0.1259445 0.1075115 0.0285513 0.1715332 0.4208983 0.0963248 0.0495905 0.1894039 0.1884802 0.2910255 0.1654109 0.0250162 
Perityle_harkerae_31                       0.3703624 0.3810988 0.3884170 0.2992501 0.1361721 0.2578503 0.3951398 0.3746302 0.2417315 0.3310628 0.2449701 0.2020378 0.1819612 0.2882380 0.2678703 0.2455150 0.3582731 0.1656785 0.2320016 0.4080850 0.2461398 0.2459343 0.2319977 0.1680051 0.2948302 0.2378704 0.2898227 0.2481302 0.4056604 0.3209478 0.3292477 0.3712228 0.2521045 0.2395005 0.3583125 0.2063666 0.2442718 0.3191229 0.2411784 0.2389259 0.2383680 0.1914677 0.2308855 0.0000000 0.3915650 0.2358832 0.2469624 0.2642791 0.1888602 0.2145457 0.2231893 0.2396396 0.1767065 0.1753577 0.2454877 0.1682384 0.1967717 0.2164390 0.2542465 0.1935567 0.0531888 0.3525773 0.0899649 0.3596545 0.3665567 0.3150339 0.2571784 0.0623555 0.1360163 0.2283704 0.2690986 0.2465922 0.2607076 0.2488620 0.1813235 0.2962677 0.2922054 0.2053961 0.2551015 0.1371831 0.2588905 0.4218902 0.1913593 0.0686148 
Perityle_hofmeisteria_4_nombre_de_dios     0.4561689 0.9489027 0.5028820 0.3630272 0.9448966 0.8922568 0.8388678 0.3980357 0.4417529 0.4084853 0.3303199 0.3396301 0.7536329 0.2632709 0.3455482 0.3403262 0.8407115 0.4516609 0.3213085 0.5510135 0.5545181 0.7773829 0.2972799 0.7716251 0.3561244 0.7785055 0.4448491 0.2825553 0.4822993 0.9688119 0.4057485 0.8116174 0.8613960 0.3357931 0.3535985 0.3668802 0.3747046 0.0574812 0.7807286 0.3240007 0.3242738 0.3506608 0.4960107 0.3915650 0.0000000 0.3415551 0.5341909 0.6173206 0.3875662 0.2420522 0.3024479 0.3311301 0.3083287 0.4946013 0.2822593 0.1694636 0.9500141 0.3465214 0.5323183 0.2953598 0.3709761 0.2463758 0.1994867 0.8851014 0.2967021 0.2613148 0.7122771 0.7182110 0.7438414 0.2926219 0.4023974 0.2973069 0.3703580 0.3705117 0.1987822 0.3884082 0.1905180 0.4680982 0.3253435 0.1578980 0.5598755 0.4974452 0.8378522 0.8302424 
