84
Amauria_brandeegeana_62                    0.0000000 0.1819749 0.2694324 0.2473116 0.2265011 0.3157247 0.2250128 0.1983280 0.1941560 0.0926530 0.2545400 0.2713170 0.2665475 0.2709298 0.2312400 0.2355627 0.2509441 0.2421994 0.2265524 0.2674094 0.1074296 0.2646425 0.2683603 0.2654066 0.2433617 0.2450133 0.2546598 0.1144099 0.2343413 0.0000010 0.0906916 0.0829729 0.2638290 0.4975077 0.1125396 0.2355232 0.1144022 0.2378711 0.2713328 0.2675832 0.2638920 0.2632882 0.1126131 0.1108197 0.2370455 0.2716856 0.2669986 0.1124229 0.2665060 0.2372795 0.2562097 0.2439303 0.2341029 0.1027791 0.2073960 0.2327290 0.2611028 0.2650596 0.1009737 0.2040445 0.2434776 0.1942344 0.2707251 0.1027945 0.2410057 0.2554192 0.2613728 0.4455770 0.2431210 0.2665162 0.2689992 0.2462273 0.2329300 0.2626205 0.2256702 0.2549669 0.2730303 0.2444018 0.2688672 0.2462276 0.2456234 0.2408807 0.0000010 0.2272983 
Amauria_carterae_99_mesa                   0.1819749 0.0000000 0.1236788 0.2015119 0.1888605 0.3264011 0.1713009 0.2462541 0.2568869 0.1749455 0.1322012 0.2073775 0.2021184 0.2154717 0.1265726 0.1399969 0.1460889 0.1228468 0.1334327 0.2021805 0.1475687 0.2062241 0.2075459 0.4478129 0.1217002 0.1437270 0.1643627 0.1740457 0.1239667 0.0764145 0.2678056 0.1719146 0.2094373 0.3860037 0.3069140 0.1268709 0.2546744 0.1399867 0.2193972 0.2100036 0.2199456 0.1986727 0.2556280 0.2611478 0.2023482 0.2071208 0.2037838 0.2731798 0.2095541 0.1283015 0.1368772 0.1184580 0.1513805 0.1858835 0.1569412 0.1968707 0.2002677 0.1998505 0.2027693 0.2425673 0.1557333 0.1137718 0.2138936 0.2841222 0.1198068 0.2049638 0.1926744 0.2505146 0.1286681 0.1541280 0.1267077 0.1222164 0.1269543 0.2074169 0.1945582 0.2024331 0.1919023 0.1225310 0.2104333 0.2508620 0.1192406 0.1297114 0.1964701 0.1725229 
Amauria_rotundifolia_SRR9119150            0.2694324 0.1236788 0.0000000 0.2311468 0.2008379 0.5215848 0.2043070 0.2941495 0.3194560 0.3299936 0.1468206 0.2239653 0.2260235 0.2360308 0.1317048 0.1574659 0.2236089 0.1297447 0.1352607 0.2329048 0.2145157 0.2233350 0.2304668 0.2283365 0.1560588 0.1570154 0.1714574 0.3441575 0.1433575 0.0000010 0.3791584 0.3426652 0.2245294 0.3738701 0.3311005 0.1470483 0.3301630 0.1565242 0.2340334 0.2395117 0.2418672 0.2234599 0.3327434 0.3288319 0.2006106 0.2298215 0.2299633 0.3289607 0.2380728 0.1437643 0.1466368 0.1505037 0.1319784 0.3559796 0.1758853 0.2127460 0.2273535 0.2291597 0.4239989 0.2790365 0.1730689 0.1248765 0.2274201 0.3577876 0.1594686 0.2249322 0.2224906 0.4051510 0.1502125 0.2309398 0.1990487 0.1423084 0.1467034 0.2206710 0.2233771 0.2206967 0.2073083 0.1302936 0.2261403 0.2912362 0.1365344 0.1273094 0.0000010 0.1567739 
Conoclinium_coelestinum_SRR9119114         0.2473116 0.2015119 0.2311468 0.0000000 0.2821710 0.4036827 0.2205644 0.2537990 0.3635979 0.3113015 0.2658050 0.2797457 0.2943701 0.2665237 0.2023743 0.4065525 0.2742184 0.2233907 0.3061909 0.3011673 0.2186725 0.2941541 0.2952518 0.5025359 0.3564472 0.2756801 0.3600603 0.2681360 0.2227822 0.2214896 0.4114650 0.2798059 0.2600467 0.4325600 0.4388634 0.2557237 0.4224697 0.3699731 0.2953434 0.2771414 0.4010818 0.2777836 0.4089858 0.4267415 0.2827874 0.2843375 0.2958363 0.4088547 0.2858239 0.2494847 0.2686718 0.3188461 0.3119438 0.3079074 0.2602789 0.2162865 0.2606780 0.2169045 0.3608106 0.2675550 0.4008325 0.1644408 0.2964842 0.4285236 0.2643740 0.2657515 0.3094354 0.3605251 0.2793217 0.2819994 0.2403832 0.2825994 0.2921416 0.2782756 0.2142424 0.2721696 0.3978022 0.2779503 0.2902159 0.2837409 0.2768409 0.3077963 0.2354716 0.2459659 
Eutetras_palmeri_63                        0.2265011 0.1888605 0.2008379 0.2821710 0.0000000 0.4920587 0.2140640 0.3066931 0.3165321 0.3303321 0.1629697 0.0716754 0.0748502 0.1139147 0.1781203 0.2241436 0.0752089 0.1582876 0.2075463 0.0792538 0.2050898 0.0766516 0.0826317 0.0766450 0.2335592 0.1503583 0.2615438 0.2914599 0.2090279 0.0000010 0.3699770 0.2822052 0.0668545 0.3945465 0.3640226 0.1448284 0.3669698 0.2043749 0.1235065 0.1163092 0.1931135 0.0753526 0.3692262 0.3877915 0.0795750 0.0864118 0.0782182 0.3660361 0.1160626 0.1626599 0.1521980 0.2331885 0.2317118 0.3361087 0.2331905 0.0884229 0.0755718 0.0757167 0.4275302 0.2787751 0.2409409 0.1902940 0.0736045 0.3789385 0.1679982 0.0980001 0.0867167 0.4498205 0.1386336 0.1365513 0.2109032 0.1442580 0.1455202 0.0790885 0.0999878 0.1089254 0.1982264 0.1804417 0.0720367 0.3064963 0.1399656 0.2822934 0.0000010 0.1934066 
Eutetras_pringlei_149_quer                 0.3157247 0.3264011 0.5215848 0.4036827 0.4920587 0.0000000 0.3650569 0.3599228 0.4404760 0.2598926 0.4722492 0.5018434 0.5001293 0.5124130 0.5064390 0.4872547 0.3377139 0.4909145 0.4957009 0.5046384 0.3328699 0.5009213 0.4994268 0.6925562 0.3844577 0.5183392 0.5077846 0.2680321 0.3328239 0.1188151 0.3869305 0.2546587 0.5005034 0.5933461 0.4142011 0.4938710 0.4051712 0.4927390 0.5127340 0.5020032 0.5613605 0.4969239 0.3912037 0.3914732 0.4607745 0.4979322 0.5018634 0.4006123 0.3920945 0.4993159 0.5078930 0.3663688 0.4375693 0.3029347 0.3866141 0.5012372 0.4877335 0.4853042 0.2994103 0.4057503 0.4825727 0.3290334 0.5027852 0.4187505 0.3716311 0.5173188 0.5204463 0.1773063 0.4947342 0.3641945 0.3453878 0.5061877 0.5041554 0.5134981 0.3870778 0.5105379 0.5321362 0.4965929 0.4980902 0.4480745 0.5075857 0.3238202 0.2541096 0.4744579 
Eutrochium_fistulosum_SRR9119106           0.2250128 0.1713009 0.2043070 0.2205644 0.2140640 0.3650569 0.0000000 0.1913987 0.3265168 0.3273398 0.2136295 0.2129645 0.2206307 0.2051714 0.1526385 0.2579211 0.2273899 0.1905469 0.1882273 0.2249129 0.1919348 0.2179865 0.2210833 0.4582070 0.2152721 0.2113335 0.2792725 0.2848932 0.1895493 0.2439240 0.4072177 0.3023633 0.2049841 0.3750458 0.4264224 0.2042435 0.4003177 0.2576683 0.2762246 0.2110909 0.2415496 0.2142808 0.3749111 0.3306116 0.2084754 0.2269761 0.2219074 0.4017187 0.2129340 0.1857886 0.2021960 0.2463439 0.2012097 0.3372784 0.1744025 0.1517236 0.2105434 0.1715118 0.3596174 0.1951314 0.2662476 0.1439775 0.2207778 0.3959769 0.2223469 0.1773062 0.2207137 0.3170985 0.2047653 0.2423641 0.2323347 0.2091013 0.2090841 0.2153989 0.1366443 0.1763382 0.2614907 0.1702192 0.2226810 0.2819757 0.2050895 0.2458893 0.1565310 0.1738477 
Galeana_pratensis_104_mex                  0.1983280 0.2462541 0.2941495 0.2537990 0.3066931 0.3599228 0.1913987 0.0000000 0.2767155 0.2322233 0.2571811 0.3217114 0.3136239 0.3011329 0.2871132 0.2905560 0.2810395 0.3056359 0.3020283 0.3116337 0.1758483 0.3132559 0.3206272 0.5363960 0.2790218 0.2987866 0.3010687 0.2283932 0.2600113 0.2460130 0.2230085 0.2284003 0.3148677 0.6129306 0.2903389 0.3009852 0.2322020 0.2904890 0.3374162 0.2935038 0.3516548 0.3094307 0.2238407 0.2199932 0.2779091 0.3129586 0.3116073 0.2494167 0.2526013 0.2883971 0.3131453 0.2808483 0.2456329 0.2557975 0.2431618 0.2970495 0.3049635 0.3029564 0.2480693 0.2306126 0.2695936 0.2450575 0.3280474 0.2648095 0.2880166 0.3325450 0.3210491 0.3825488 0.2985341 0.2825789 0.2661077 0.2971799 0.2968068 0.3095262 0.2114515 0.3210515 0.3070262 0.2902646 0.3193644 0.2854022 0.2972293 0.2848745 0.1301138 0.3373141 
Helianthus_annuus_SRR9119062               0.1941560 0.2568869 0.3194560 0.3635979 0.3165321 0.4404760 0.3265168 0.2767155 0.0000000 0.2842320 0.3199072 0.3449958 0.3419308 0.3293121 0.2870757 0.3191756 0.3272527 0.3134126 0.3272220 0.3448865 0.1652595 0.3396761 0.3421655 0.3380644 0.3358192 0.3215492 0.3567465 0.2615516 0.2754224 0.0000010 0.2998843 0.2739386 0.3425921 0.4910874 0.2899819 0.3194538 0.2798127 0.3251376 0.3196612 0.3187362 0.3512199 0.3392122 0.2947486 0.2858121 0.3215282 0.3343196 0.3465854 0.2942329 0.3131014 0.3109316 0.3136369 0.3377512 0.3060132 0.3115569 0.3036215 0.3041762 0.3372315 0.3457278 0.3171959 0.2452349 0.3439578 0.2381791 0.3567526 0.3056713 0.3228514 0.3641679 0.3512407 0.5220111 0.3155133 0.3369287 0.3369909 0.3160786 0.3050605 0.3423931 0.2715560 0.3531769 0.3491568 0.3140851 0.3501216 0.3057608 0.3120285 0.3445096 0.0000010 0.3075669 
Lycapsus_tenuifolius_17                    0.0926530 0.1749455 0.3299936 0.3113015 0.3303321 0.2598926 0.3273398 0.2322233 0.2842320 0.0000000 0.3631911 0.4028891 0.3850414 0.3495598 0.2826848 0.3759970 0.2244402 0.3437261 0.3377623 0.3901308 0.0949431 0.4113937 0.3449832 0.6554006 0.2959304 0.3838426 0.3841558 0.0159572 0.1299114 0.0649830 0.2181106 0.0439602 0.3609327 0.4902958 0.2005010 0.3468799 0.1693103 0.3802203 0.3777046 0.3736831 0.3908643 0.3675906 0.1424443 0.1461738 0.3983239 0.3344568 0.4150676 0.1722116 0.3027451 0.3505364 0.3675130 0.2520820 0.3562882 0.1265144 0.2897707 0.2768423 0.3652145 0.3601246 0.2214198 0.2253068 0.3842186 0.1542588 0.4025059 0.1818605 0.2304242 0.3688470 0.3939053 0.2992882 0.3535576 0.2468215 0.1826340 0.3919983 0.3634298 0.3691547 0.2379818 0.3570659 0.4065928 0.3813232 0.3822833 0.1946692 0.3664990 0.2016457 0.2546712 0.2843101 
Pericome_caudata_50_silver                 0.2545400 0.1322012 0.1468206 0.2658050 0.1629697 0.4722492 0.2136295 0.2571811 0.3199072 0.3631911 0.0000000 0.1786319 0.1776790 0.1532602 0.1243848 0.2701607 0.2111100 0.1304343 0.1695553 0.1843805 0.2180636 0.1666070 0.2014354 0.1866258 0.2474649 0.1471129 0.2896003 0.3226393 0.1578112 0.6561090 0.4372589 0.3171679 0.1639678 0.3643516 0.3811435 0.1492355 0.3852207 0.2320549 0.1770616 0.1651622 0.2950920 0.1731282 0.4074606 0.4077667 0.1657178 0.2045615 0.1739740 0.3854868 0.1655657 0.1420957 0.1464086 0.2499366 0.2083303 0.3555332 0.1846153 0.1564343 0.1690371 0.1465364 0.4825620 0.2372132 0.2963087 0.1198663 0.1769052 0.4067651 0.1808594 0.1677943 0.1713361 0.3679963 0.1488532 0.2292858 0.1670592 0.1502388 0.1540472 0.1829486 0.1581539 0.1873196 0.3400006 0.1499224 0.1807596 0.2946921 0.1418431 0.2293781 0.0000010 0.1351195 
Perityle_aglossa_84_dead_horse             0.2713170 0.2073775 0.2239653 0.2797457 0.0716754 0.5018434 0.2129645 0.3217114 0.3449958 0.4028891 0.1786319 0.0000000 0.0482332 0.0939771 0.1729208 0.2112696 0.0839169 0.1479275 0.1963625 0.0517844 0.2312259 0.0451807 0.0513308 0.0787654 0.2038842 0.1416589 0.2578926 0.3239708 0.2271244 0.6937963 0.4097662 0.3314725 0.0279345 0.3454258 0.3984415 0.1383607 0.4073263 0.2004481 0.1142488 0.1051329 0.2025586 0.0469315 0.4091016 0.4064939 0.0507568 0.0499100 0.0479956 0.4029336 0.1063332 0.1554732 0.1438627 0.2163832 0.2312881 0.3905034 0.2253039 0.0613212 0.0453407 0.0474657 0.4829030 0.2996978 0.2315088 0.1712737 0.0447063 0.4194757 0.1574293 0.1100402 0.1011309 0.4524335 0.1292895 0.1238457 0.2125983 0.1267680 0.1326828 0.0421331 0.0638554 0.1238400 0.2411005 0.1785189 0.0326253 0.2837087 0.1281564 0.3257470 0.0000010 0.1865714 
Perityle_ajoensis_204                      0.2665475 0.2021184 0.2260235 0.2943701 0.0748502 0.5001293 0.2206307 0.3136239 0.3419308 0.3850414 0.1776790 0.0482332 0.0000000 0.0834799 0.1539475 0.2052625 0.0572943 0.1343953 0.1920133 0.0105785 0.2345717 0.0220399 0.0123903 0.0235596 0.2049777 0.1370405 0.2710484 0.3283069 0.2241917 0.8744824 0.3983947 0.3217429 0.0308710 0.3602757 0.3893350 0.1291752 0.3990310 0.1869525 0.0991293 0.0856736 0.2159590 0.0052564 0.3994991 0.4093432 0.0448309 0.0105534 0.0084350 0.3925625 0.0888835 0.1493752 0.1336122 0.2111046 0.2291837 0.3879973 0.2167338 0.0588716 0.0062248 0.0063747 0.4704857 0.2899524 0.2282020 0.1684132 0.0359585 0.4202772 0.1441317 0.1182241 0.0959740 0.4636451 0.1236802 0.0869694 0.2136698 0.1422208 0.1146160 0.0373449 0.0293208 0.1280907 0.2322092 0.1760077 0.0382487 0.3033595 0.1384069 0.3012503 0.0000010 0.1907181 
Perityle_ambrosiifolia_67_green            0.2709298 0.2154717 0.2360308 0.2665237 0.1139147 0.5124130 0.2051714 0.3011329 0.3293121 0.3495598 0.1532602 0.0939771 0.0834799 0.0000000 0.1781648 0.2621622 0.0854783 0.1608659 0.2312497 0.0892159 0.2469916 0.0788381 0.0939302 0.0838995 0.2733487 0.1968241 0.2791091 0.3090093 0.2448667 0.0000010 0.3756099 0.3016344 0.0594492 0.3217537 0.3991183 0.1719103 0.4024270 0.2425318 0.0254159 0.0202091 0.2515458 0.0827073 0.4076529 0.4171433 0.0910950 0.0877073 0.0846028 0.3939063 0.0219400 0.1758326 0.1797557 0.2794937 0.2207626 0.3695399 0.2205789 0.0712829 0.0710185 0.0445128 0.4513836 0.2836026 0.2950417 0.1631840 0.0897132 0.3968357 0.2080434 0.1449440 0.1386214 0.4594229 0.1665074 0.1183637 0.2208711 0.1949616 0.1667823 0.0799229 0.0734018 0.1602649 0.2200817 0.2124639 0.0908999 0.2985201 0.1920867 0.2735880 0.0000010 0.2093715 
Perityle_angustifolia_13_Eagle_creek       0.2312400 0.1265726 0.1317048 0.2023743 0.1781203 0.5064390 0.1526385 0.2871132 0.2870757 0.2826848 0.1243848 0.1729208 0.1539475 0.1781648 0.0000000 0.0807504 0.1515580 0.0441287 0.0600704 0.1566944 0.2044062 0.1460211 0.1610568 0.1541992 0.0527197 0.0702476 0.1408325 0.2810617 0.1518410 0.0000010 0.2961212 0.2612558 0.1532153 0.3133792 0.2732460 0.0437392 0.2739761 0.0831489 0.1905950 0.1774654 0.2158321 0.1526212 0.2792999 0.2802881 0.1322361 0.1580908 0.1579918 0.2765830 0.1791373 0.0259523 0.0440051 0.0561262 0.0096250 0.3141641 0.1018692 0.1238220 0.1539250 0.1561484 0.3236155 0.2769096 0.1288477 0.0563071 0.1629681 0.3193904 0.0572395 0.1936616 0.2115065 0.3700045 0.0427565 0.1513559 0.1684761 0.0748624 0.0470686 0.1486434 0.1881505 0.1950982 0.1914516 0.0681599 0.1777553 0.2803694 0.0689959 0.1346134 0.0000010 0.1320932 
Perityle_batopilensis_97                   0.2355627 0.1399969 0.1574659 0.4065525 0.2241436 0.4872547 0.2579211 0.2905560 0.3191756 0.3759970 0.2701607 0.2112696 0.2052625 0.2621622 0.0807504 0.0000000 0.1438924 0.1369949 0.1204287 0.2248752 0.2058072 0.2166967 0.1730195 0.2317480 0.0885691 0.1757690 0.2294909 0.3055746 0.1443479 0.9856088 0.4217065 0.2958858 0.2312555 0.3071258 0.3698003 0.1458953 0.3789835 0.0114756 0.2467907 0.2894513 0.2674332 0.2301078 0.4071284 0.4051980 0.1968556 0.1586778 0.2213671 0.3684422 0.2584334 0.1751422 0.1713808 0.0933035 0.2478728 0.3638681 0.1179928 0.1612662 0.2398998 0.2624266 0.4743576 0.2776964 0.2276534 0.0746253 0.2180881 0.4208277 0.1163030 0.3040130 0.2519780 0.3716715 0.1668627 0.3038600 0.2739417 0.1800366 0.1579945 0.1914971 0.1677990 0.2705565 0.2825562 0.1342449 0.2181325 0.2850010 0.1546904 0.2580243 0.0000010 0.1457196 
Perityle_bisetosa_9                        0.2509441 0.1460889 0.2236089 0.2742184 0.0752089 0.3377139 0.2273899 0.2810395 0.3272527 0.2244402 0.2111100 0.0839169 0.0572943 0.0854783 0.1515580 0.1438924 0.0000000 0.1381793 0.1828932 0.0642106 0.1408251 0.0764666 0.0338585 0.3233212 0.1487955 0.1778360 0.2328816 0.2114437 0.1571985 0.0930064 0.3283825 0.1853995 0.0131634 0.3619075 0.3771194 0.1305865 0.3497092 0.1419036 0.1669285 0.1285234 0.1693871 0.0293934 0.3182029 0.3013483 0.0694259 0.0369454 0.0799398 0.3492824 0.1633344 0.1664235 0.1321814 0.1291659 0.2566987 0.1883895 0.2289996 0.0508941 0.0316659 0.0314212 0.2957090 0.2683850 0.1728113 0.1102340 0.0717703 0.3809985 0.1310592 0.1524013 0.1345589 0.2549922 0.1321984 0.0819258 0.1762520 0.1972792 0.1642247 0.0135911 0.1047380 0.1497416 0.1748925 0.2117843 0.0589056 0.2030748 0.1819362 0.1795804 0.2293437 0.1815308 
Perityle_castillonii_96                    0.2421994 0.1228468 0.1297447 0.2233907 0.1582876 0.4909145 0.1905469 0.3056359 0.3134126 0.3437261 0.1304343 0.1479275 0.1343953 0.1608659 0.0441287 0.1369949 0.1381793 0.0000000 0.0902084 0.1407596 0.2048631 0.1305192 0.1457417 0.1347088 0.1071024 0.0579558 0.2003502 0.3067831 0.1470437 0.0000010 0.3635524 0.2876259 0.1296903 0.3204947 0.3282156 0.0370775 0.3212928 0.1392218 0.1688647 0.1634287 0.2605388 0.1333780 0.3365137 0.3290047 0.1120836 0.1524380 0.1384866 0.3306079 0.1624527 0.0522927 0.0314891 0.0987878 0.0452467 0.3612664 0.0913809 0.1262702 0.1365128 0.1485434 0.4040912 0.2890076 0.1984400 0.0471844 0.1433598 0.3614459 0.0552811 0.1762254 0.1741286 0.3542101 0.0398250 0.1326642 0.1568281 0.0603883 0.0485751 0.1285460 0.1822655 0.1844015 0.2299947 0.0728441 0.1478417 0.2980482 0.0585477 0.1616523 0.0000010 0.1297634 
Perityle_cernua_84                         0.2265524 0.1334327 0.1352607 0.3061909 0.2075463 0.4957009 0.1882273 0.3020283 0.3272220 0.3377623 0.1695553 0.1963625 0.1920133 0.2312497 0.0600704 0.1204287 0.1828932 0.0902084 0.0000000 0.1940909 0.2077069 0.1808456 0.1889842 0.2178224 0.1111538 0.1062765 0.2013805 0.2828085 0.1440593 0.7310399 0.3150038 0.2806806 0.1919993 0.3144534 0.2964607 0.0880417 0.2933491 0.1221418 0.2386246 0.2390885 0.2258263 0.1992469 0.3030308 0.3022407 0.1640297 0.1747555 0.1926951 0.3015593 0.2388826 0.1292718 0.0901493 0.1041420 0.1902659 0.3466716 0.1044458 0.1462284 0.2040764 0.2087206 0.3748460 0.2948176 0.1985513 0.0651221 0.1886120 0.3340382 0.0904479 0.2031889 0.2170444 0.3736978 0.0907746 0.2919962 0.2033529 0.1204013 0.1095340 0.1863086 0.1837650 0.2027806 0.3275115 0.0655618 0.2018950 0.2945772 0.1158579 0.2355719 0.0000010 0.1159204 
Perityle_cfvillosa_25_tin                  0.2674094 0.2021805 0.2329048 0.3011673 0.0792538 0.5046384 0.2249129 0.3116337 0.3448865 0.3901308 0.1843805 0.0517844 0.0105785 0.0892159 0.1566944 0.2248752 0.0642106 0.1407596 0.1940909 0.0000000 0.2344008 0.0268325 0.0149773 0.0297357 0.2157212 0.1398962 0.2865097 0.3258396 0.2240838 0.8358964 0.4129605 0.3242655 0.0361058 0.3549533 0.3903223 0.1322746 0.4058746 0.1932717 0.1059553 0.0895112 0.2275238 0.0087423 0.4128230 0.4203400 0.0484327 0.0132420 0.0108671 0.3953298 0.0927776 0.1545066 0.1387437 0.2209834 0.2341374 0.3930723 0.2196333 0.0627536 0.0105634 0.0043634 0.4835425 0.2877994 0.2459360 0.1722440 0.0403481 0.4287692 0.1508949 0.1237230 0.1037711 0.4697466 0.1262529 0.0921933 0.2164998 0.1448160 0.1210605 0.0399197 0.0307358 0.1315491 0.2483523 0.1780567 0.0424951 0.2999469 0.1428973 0.3122066 0.0000010 0.1909557 
Perityle_cinerea_113_Powell1310            0.1074296 0.1475687 0.2145157 0.2186725 0.2050898 0.3328699 0.1919348 0.1758483 0.1652595 0.0949431 0.2180636 0.2312259 0.2345717 0.2469916 0.2044062 0.2058072 0.1408251 0.2048631 0.2077069 0.2344008 0.0000000 0.2325892 0.2318432 0.4425503 0.1924211 0.2260473 0.2396642 0.0904513 0.1614986 0.0822510 0.1089357 0.1006032 0.2275944 0.6399609 0.1717773 0.2062708 0.1035821 0.2089596 0.2431298 0.2406039 0.2428998 0.2288403 0.1157553 0.1084105 0.1798179 0.2373850 0.2343259 0.1255656 0.2278779 0.2095250 0.2107354 0.1611344 0.1750386 0.1040027 0.2063919 0.2329650 0.2288763 0.2256986 0.1024085 0.1974868 0.2323696 0.1323816 0.2431592 0.1394495 0.1623698 0.2370839 0.2288414 0.3001226 0.2060865 0.1686340 0.1581168 0.2053757 0.2214367 0.2254501 0.2080626 0.2293547 0.2479521 0.2036012 0.2345416 0.1690170 0.2023443 0.1543028 0.1625177 0.2097602 
Perityle_coahuilensis_24                   0.2646425 0.2062241 0.2233350 0.2941541 0.0766516 0.5009213 0.2179865 0.3132559 0.3396761 0.4113937 0.1666070 0.0451807 0.0220399 0.0788381 0.1460211 0.2166967 0.0764666 0.1305192 0.1808456 0.0268325 0.2325892 0.0000000 0.0242731 0.0630009 0.2036102 0.1206452 0.2948624 0.3192197 0.2217820 0.7045123 0.4513095 0.3325951 0.0269393 0.3362204 0.4013663 0.1246335 0.4113845 0.1874145 0.1039033 0.0864199 0.2381183 0.0204786 0.4175188 0.4199909 0.0407174 0.0226688 0.0244896 0.4014573 0.0922338 0.1481719 0.1251108 0.2162542 0.2215788 0.3920372 0.2198485 0.0588837 0.0214354 0.0416789 0.5176969 0.2883360 0.2730780 0.1667352 0.0353286 0.4296073 0.1444719 0.1252792 0.1026616 0.4497385 0.1075835 0.0813039 0.2141516 0.1315227 0.1162499 0.0318426 0.0467223 0.1324478 0.2740967 0.1653818 0.0367443 0.2894536 0.1325531 0.3416776 0.0000010 0.1879283 
Perityle_cochisensis_44_cave_creek         0.2683603 0.2075459 0.2304668 0.2952518 0.0826317 0.4994268 0.2210833 0.3206272 0.3421655 0.3449832 0.2014354 0.0513308 0.0123903 0.0939302 0.1610568 0.1730195 0.0338585 0.1457417 0.1889842 0.0149773 0.2318432 0.0242731 0.0000000 0.0133026 0.1818963 0.1559595 0.2381944 0.3263820 0.2302288 0.0000010 0.3505224 0.3153742 0.0334645 0.3687152 0.3217148 0.1410869 0.3262408 0.1754838 0.0976965 0.0869682 0.1813358 0.0091555 0.3313365 0.3212802 0.0478577 0.0150068 0.0132616 0.3272587 0.0874252 0.1652334 0.1503517 0.1873939 0.1942250 0.3694040 0.2231239 0.0667741 0.0112633 0.0103152 0.3920447 0.2920557 0.2039178 0.1764538 0.0381341 0.3564440 0.1598573 0.1331777 0.1071014 0.4700775 0.1409900 0.0619297 0.2343119 0.1647875 0.1371977 0.0359092 0.0364906 0.1301343 0.1533099 0.1786323 0.0399770 0.3046859 0.1596500 0.2300445 0.0000010 0.1965851 
Perityle_congesta_202                      0.2654066 0.4478129 0.2283365 0.5025359 0.0766450 0.6925562 0.4582070 0.5363960 0.3380644 0.6554006 0.1866258 0.0787654 0.0235596 0.0838995 0.1541992 0.2317480 0.3233212 0.1347088 0.2178224 0.0297357 0.4425503 0.0630009 0.0133026 0.0000000 0.3775127 0.1615850 0.3277721 0.5776997 0.5135374 1.1515616 0.4172192 0.6007444 0.0335932 0.3584882 0.4786059 0.1283856 0.4516900 0.1934025 0.1943460 0.1048393 0.2538035 0.0056977 0.4269834 0.4161404 0.0864269 0.0123577 0.0409531 0.4507235 0.3554158 0.1496686 0.1310015 0.4489247 0.3617316 0.6345574 0.4863969 0.0629106 0.0073704 0.0068243 0.7210568 0.5498170 0.2592081 0.4042091 0.0631065 0.4704226 0.3999993 0.1435048 0.1251907 0.7404863 0.1204583 0.3051546 0.4530248 0.1675837 0.1299088 0.0374309 0.2896461 0.1558606 0.2673115 0.2119807 0.0562109 0.4925067 0.1622626 0.5552973 1.1897103 0.1870669 
Perityle_cordifolia_27                     0.2433617 0.1217002 0.1560588 0.3564472 0.2335592 0.3844577 0.2152721 0.2790218 0.3358192 0.2959304 0.2474649 0.2038842 0.2049777 0.2733487 0.0527197 0.0885691 0.1487955 0.1071024 0.1111538 0.2157212 0.1924211 0.2036102 0.1818963 0.3775127 0.0000000 0.1383812 0.2183334 0.2418219 0.1356105 0.1275606 0.4071578 0.2407878 0.2228778 0.3027938 0.4034648 0.1190966 0.3936579 0.0897470 0.2546668 0.2805039 0.2511636 0.2247345 0.4071940 0.3891556 0.1884622 0.1697980 0.2111541 0.3854479 0.2446206 0.1494419 0.1337031 0.0315256 0.2489856 0.2862321 0.1177283 0.1414645 0.2368085 0.2642365 0.3880063 0.2725364 0.2077571 0.0369266 0.2038378 0.4293871 0.0416689 0.2688464 0.2441543 0.2493876 0.1307196 0.2492422 0.2142930 0.1398423 0.1290911 0.1952559 0.1967314 0.2461510 0.3145667 0.1173403 0.2128009 0.2754924 0.1200550 0.2226930 0.1085095 0.1378045 
Perityle_cordifolia_68_tecolote            0.2450133 0.1437270 0.1570154 0.2756801 0.1503583 0.5183392 0.2113335 0.2987866 0.3215492 0.3838426 0.1471129 0.1416589 0.1370405 0.1968241 0.0702476 0.1757690 0.1778360 0.0579558 0.1062765 0.1398962 0.2260473 0.1206452 0.1559595 0.1615850 0.1383812 0.0000000 0.2574992 0.3140017 0.1631812 0.7572119 0.4468915 0.3173063 0.1370473 0.3365197 0.3890815 0.0640394 0.4034664 0.1441512 0.2056696 0.1962452 0.3021367 0.1348223 0.4112717 0.4190343 0.1176591 0.1659586 0.1251656 0.3884182 0.1969354 0.0904360 0.0676876 0.1385922 0.1518720 0.3846036 0.0473071 0.1481636 0.1399616 0.1507844 0.5034298 0.2971157 0.2583345 0.0634612 0.1222679 0.4250370 0.0807739 0.1767220 0.1607565 0.4172524 0.0604954 0.2022625 0.1768207 0.0777744 0.0694818 0.1423105 0.1985900 0.1971403 0.3540057 0.0957807 0.1419472 0.2995692 0.0749698 0.2468782 0.0000010 0.1433098 
Perityle_coronopifolia_28_patagonia        0.2546598 0.1643627 0.1714574 0.3600603 0.2615438 0.5077846 0.2792725 0.3010687 0.3567465 0.3841558 0.2896003 0.2578926 0.2710484 0.2791091 0.1408325 0.2294909 0.2328816 0.2003502 0.2013805 0.2865097 0.2396642 0.2948624 0.2381944 0.3277721 0.2183334 0.2574992 0.0000000 0.3424091 0.1770733 0.3923595 0.4293660 0.3557179 0.2740526 0.3319508 0.3888292 0.2176318 0.4031247 0.2190596 0.2684890 0.2950753 0.2597715 0.2995355 0.4028491 0.4254900 0.2749516 0.2242728 0.3031211 0.3789430 0.2841548 0.2139688 0.2318758 0.2265318 0.2965802 0.3914807 0.2008464 0.1890503 0.3012227 0.3080595 0.4691832 0.2946997 0.2246373 0.1512239 0.2984792 0.4096285 0.2028578 0.3237926 0.3302801 0.4516539 0.2517605 0.3638919 0.2597383 0.2471920 0.2315343 0.2595619 0.1977972 0.2799711 0.2885910 0.1978445 0.2701148 0.2376223 0.2118968 0.2679278 0.2971490 0.1695462 
Perityle_crassifolia_70_ventanas           0.1144099 0.1740457 0.3441575 0.2681360 0.2914599 0.2680321 0.2848932 0.2283932 0.2615516 0.0159572 0.3226393 0.3239708 0.3283069 0.3090093 0.2810617 0.3055746 0.2114437 0.3067831 0.2828085 0.3258396 0.0904513 0.3192197 0.3263820 0.5776997 0.2418219 0.3140017 0.3424091 0.0000000 0.1249656 0.0631237 0.2076880 0.0618047 0.3157243 0.5003878 0.2118943 0.3081066 0.1771648 0.3041581 0.3267960 0.3061388 0.3144958 0.3220033 0.1455557 0.1561350 0.2847230 0.3291963 0.3258396 0.1808262 0.2555538 0.3031791 0.3183076 0.2133185 0.2739158 0.1330721 0.2858091 0.2806164 0.3201085 0.3114356 0.1437273 0.2222783 0.3277361 0.1541999 0.3261738 0.1717229 0.2152203 0.2889454 0.3092825 0.3059632 0.3066201 0.2188837 0.1729455 0.3110019 0.3108607 0.3200957 0.2364265 0.2746987 0.3100491 0.2797663 0.3222133 0.1854130 0.3071833 0.1953960 0.2590817 0.2826822 
Perityle_crassifolia_74_playa_balandra     0.2343413 0.1239667 0.1433575 0.2227822 0.2090279 0.3328239 0.1895493 0.2600113 0.2754224 0.1299114 0.1578112 0.2271244 0.2241917 0.2448667 0.1518410 0.1443479 0.1571985 0.1470437 0.1440593 0.2240838 0.1614986 0.2217820 0.2302288 0.5135374 0.1356105 0.1631812 0.1770733 0.1249656 0.0000000 0.0619039 0.2791072 0.1254601 0.2294936 0.4396191 0.3419994 0.1612312 0.2925565 0.1459525 0.2914206 0.2488206 0.2496420 0.2203502 0.2865049 0.2710855 0.1832873 0.2298426 0.2257901 0.3118354 0.2312333 0.1644757 0.1574444 0.1324591 0.1906286 0.1965687 0.1925755 0.2100586 0.2203738 0.2129338 0.2076608 0.2696038 0.1822137 0.1262224 0.2267669 0.2997264 0.1326957 0.2149974 0.2222064 0.2677903 0.1486108 0.1675850 0.0280240 0.1416383 0.1567516 0.2196673 0.2193171 0.2107666 0.2204695 0.1371305 0.2230991 0.2369131 0.1383551 0.0928770 0.2542595 0.1826869 
Perityle_cuneata_34_cuneata_San_antonio    0.0000010 0.0764145 0.0000010 0.2214896 0.0000010 0.1188151 0.2439240 0.2460130 0.0000010 0.0649830 0.6561090 0.6937963 0.8744824 0.0000010 0.0000010 0.9856088 0.0930064 0.0000010 0.7310399 0.8358964 0.0822510 0.7045123 0.0000010 1.1515616 0.1275606 0.7572119 0.3923595 0.0631237 0.0619039 0.0000000 0.0000010 0.0609891 0.0000010 0.0000010 0.7352340 0.0000010 0.7393684 0.8468884 0.5034990 0.9568901 0.4410414 0.0000010 0.4932393 0.0000010 0.7498137 0.0000010 0.7726855 0.7591255 0.2477402 0.0000010 0.0000010 0.1138532 0.3777510 0.0809962 0.2729975 0.0000010 0.0000010 0.0000010 0.2055964 0.2403027 0.0000010 0.0814693 0.7333125 0.9376619 0.1177193 0.5680674 0.7733112 0.1144121 0.0000010 0.1049096 0.0711231 0.7617295 0.8576779 0.0000010 0.2266818 0.5719475 1.3397140 0.7057986 0.8226164 0.1069374 0.7058412 0.0629419 0.2486985 0.0000010 
Perityle_cuneata_4                         0.0906916 0.2678056 0.3791584 0.4114650 0.3699770 0.3869305 0.4072177 0.2230085 0.2998843 0.2181106 0.4372589 0.4097662 0.3983947 0.3756099 0.2961212 0.4217065 0.3283825 0.3635524 0.3150038 0.4129605 0.1089357 0.4513095 0.3505224 0.4172192 0.4071578 0.4468915 0.4293660 0.2076880 0.2791072 0.0000010 0.0000000 0.2235335 0.4177154 0.5109247 0.2299787 0.3838729 0.2360967 0.3783426 0.3286976 0.3755187 0.4253413 0.4332526 0.2355211 0.2378869 0.3777558 0.3430623 0.4407739 0.2304271 0.3593205 0.3945395 0.4092883 0.4071991 0.3969988 0.2429760 0.2981428 0.2896787 0.4259325 0.4335046 0.2866527 0.1931869 0.4234068 0.1999594 0.4603689 0.2555662 0.3384568 0.4559838 0.4530861 0.5006132 0.4435236 0.4490798 0.4639325 0.4143704 0.3853276 0.3915404 0.2274196 0.3483695 0.4376601 0.3298130 0.4094646 0.2991680 0.3863197 0.4288345 0.0000010 0.2889983 
Perityle_discoidea_81                      0.0829729 0.1719146 0.3426652 0.2798059 0.2822052 0.2546587 0.3023633 0.2284003 0.2739386 0.0439602 0.3171679 0.3314725 0.3217429 0.3016344 0.2612558 0.2958858 0.1853995 0.2876259 0.2806806 0.3242655 0.1006032 0.3325951 0.3153742 0.6007444 0.2407878 0.3173063 0.3557179 0.0618047 0.1254601 0.0609891 0.2235335 0.0000000 0.3109563 0.4627105 0.2063303 0.2879248 0.1712903 0.2998328 0.3400291 0.3157643 0.3117027 0.3113829 0.1372906 0.1349719 0.3087756 0.3125118 0.3314605 0.1748689 0.2666894 0.2905820 0.3048953 0.2077476 0.2906312 0.1395587 0.2715931 0.2529108 0.3096696 0.3007241 0.2004881 0.2185277 0.3059731 0.1473283 0.3400456 0.2057712 0.2040063 0.3157397 0.3350547 0.3012600 0.2900427 0.2007745 0.1705319 0.3125295 0.2925364 0.3109131 0.2265418 0.3027247 0.3489487 0.2997540 0.3255582 0.1939470 0.3093025 0.1721539 0.2546712 0.2680017 
Perityle_dissecta_201                      0.2638290 0.2094373 0.2245294 0.2600467 0.0668545 0.5005034 0.2049841 0.3148677 0.3425921 0.3609327 0.1639678 0.0279345 0.0308710 0.0594492 0.1532153 0.2312555 0.0131634 0.1296903 0.1919993 0.0361058 0.2275944 0.0269393 0.0334645 0.0335932 0.2228778 0.1370473 0.2740526 0.3157243 0.2294936 0.0000010 0.4177154 0.3109563 0.0000000 0.3268384 0.3861234 0.1214417 0.3967978 0.1977676 0.0711594 0.0652835 0.2233626 0.0312078 0.4069239 0.4203192 0.0310782 0.0347900 0.0327504 0.3871796 0.0670866 0.1434028 0.1280368 0.2283139 0.1600021 0.3789645 0.2113829 0.0459262 0.0328342 0.0346694 0.4632676 0.2933683 0.2513318 0.1633431 0.0329048 0.4233943 0.1535589 0.1110639 0.0938513 0.4451945 0.1198665 0.0466904 0.2104783 0.1400481 0.1288191 0.0186117 0.0520785 0.1197351 0.1813156 0.1830892 0.0278120 0.2914494 0.1413483 0.2763397 0.0000010 0.1872565 
Perityle_emoryi_47_punta_san_jose          0.4975077 0.3860037 0.3738701 0.4325600 0.3945465 0.5933461 0.3750458 0.6129306 0.4910874 0.4902958 0.3643516 0.3454258 0.3602757 0.3217537 0.3133792 0.3071258 0.3619075 0.3204947 0.3144534 0.3549533 0.6399609 0.3362204 0.3687152 0.3584882 0.3027938 0.3365197 0.3319508 0.5003878 0.4396191 0.0000010 0.5109247 0.4627105 0.3268384 0.0000000 0.5291580 0.3210033 0.5302007 0.3123767 0.3560827 0.3427337 0.4488107 0.3526612 0.5392726 0.5302247 0.3169999 0.3543086 0.3578261 0.5333359 0.3496825 0.3275792 0.3197677 0.3135917 0.3144543 0.5502725 0.3430722 0.3577455 0.3597483 0.3560992 0.5565558 0.4918005 0.3647879 0.3671693 0.3401697 0.5396883 0.3190159 0.4290540 0.4297891 0.5898680 0.3180529 0.3522576 0.3805018 0.3508431 0.3091120 0.3284390 0.4191335 0.4164082 0.3716246 0.3359139 0.3529848 0.3956274 0.3496657 0.4006541 0.0000010 0.3456464 
Perityle_feddemae_99                       0.1125396 0.3069140 0.3311005 0.4388634 0.3640226 0.4142011 0.4264224 0.2903389 0.2899819 0.2005010 0.3811435 0.3984415 0.3893350 0.3991183 0.2732460 0.3698003 0.3771194 0.3282156 0.2964607 0.3903223 0.1717773 0.4013663 0.3217148 0.4786059 0.4034648 0.3890815 0.3888292 0.2118943 0.3419994 0.7352340 0.2299787 0.2063303 0.3861234 0.5291580 0.0000000 0.3579128 0.0703466 0.3491524 0.3939936 0.3994481 0.3989146 0.3840276 0.0373618 0.0731810 0.3835968 0.3054315 0.3954357 0.0347221 0.4443720 0.3556434 0.3858472 0.4370283 0.3869903 0.2174605 0.3268849 0.2762829 0.3823912 0.3906513 0.2309410 0.2885039 0.3636087 0.2867126 0.4107201 0.1546825 0.3857689 0.4023869 0.4030697 0.6554424 0.3722132 0.4419770 0.4713740 0.3808005 0.3759899 0.3610352 0.3122798 0.3571872 0.3909253 0.3287285 0.3963185 0.3631321 0.3718366 0.4319381 0.8562182 0.2707667 
Perityle_fosteri_93                        0.2355232 0.1268709 0.1470483 0.2557237 0.1448284 0.4938710 0.2042435 0.3009852 0.3194538 0.3468799 0.1492355 0.1383607 0.1291752 0.1719103 0.0437392 0.1458953 0.1305865 0.0370775 0.0880417 0.1322746 0.2062708 0.1246335 0.1410869 0.1283856 0.1190966 0.0640394 0.2176318 0.3081066 0.1612312 0.0000010 0.3838729 0.2879248 0.1214417 0.3210033 0.3579128 0.0000000 0.3561316 0.1386666 0.1796932 0.1740249 0.2577847 0.1263412 0.3675395 0.3716904 0.1050919 0.1470442 0.1319665 0.3616725 0.1710851 0.0632776 0.0494151 0.1158167 0.0739069 0.3610175 0.0914999 0.1252250 0.1323121 0.1457854 0.4330714 0.3021776 0.2004867 0.0472913 0.1322505 0.3842335 0.0606535 0.1618643 0.1631302 0.3804863 0.0270751 0.1570282 0.1612170 0.0625213 0.0510028 0.1274980 0.1871334 0.1796501 0.2519884 0.0791676 0.1386412 0.2945259 0.0589693 0.1969489 0.0000010 0.1302689 
Perityle_gamon_221                         0.1144022 0.2546744 0.3301630 0.4224697 0.3669698 0.4051712 0.4003177 0.2322020 0.2798127 0.1693103 0.3852207 0.4073263 0.3990310 0.4024270 0.2739761 0.3789835 0.3497092 0.3212928 0.2933491 0.4058746 0.1035821 0.4113845 0.3262408 0.4516900 0.3936579 0.4034664 0.4031247 0.1771648 0.2925565 0.7393684 0.2360967 0.1712903 0.3967978 0.5302007 0.0703466 0.3561316 0.0000000 0.3465399 0.3847039 0.4024516 0.4022466 0.3994333 0.0651841 0.0422739 0.3852713 0.3155699 0.4090858 0.0611751 0.4084210 0.3554768 0.3915668 0.4272838 0.3774334 0.1921635 0.2964201 0.2790512 0.3977637 0.4063644 0.2044515 0.2232134 0.3644988 0.2338912 0.4211780 0.1595010 0.3411116 0.4088388 0.4154421 0.5687437 0.3802512 0.4283727 0.4520478 0.3843745 0.3800645 0.3553130 0.2763113 0.3442402 0.4067618 0.3194612 0.4039751 0.3163530 0.3664487 0.3956356 8.9999983 0.2670620 
Perityle_gentryi_8_san_francisco           0.2378711 0.1399867 0.1565242 0.3699731 0.2043749 0.4927390 0.2576683 0.2904890 0.3251376 0.3802203 0.2320549 0.2004481 0.1869525 0.2425318 0.0831489 0.0114756 0.1419036 0.1392218 0.1221418 0.1932717 0.2089596 0.1874145 0.1754838 0.1934025 0.0897470 0.1441512 0.2190596 0.3041581 0.1459525 0.8468884 0.3783426 0.2998328 0.1977676 0.3123767 0.3491524 0.1386666 0.3465399 0.0000000 0.2511538 0.2570206 0.2439677 0.1958156 0.3603532 0.3519805 0.1760015 0.1610858 0.1887808 0.3546281 0.2609312 0.1733694 0.1390556 0.0927034 0.2180493 0.3624458 0.1192863 0.1643728 0.2044894 0.2208090 0.4312098 0.2755496 0.2112878 0.0729755 0.1871905 0.3728731 0.1198035 0.2753426 0.2235676 0.3687812 0.1356575 0.2715415 0.2480655 0.1504318 0.1352212 0.1920320 0.1678686 0.2733621 0.2548032 0.1371979 0.1987856 0.2869984 0.1495049 0.2463260 0.0000010 0.1458142 
Perityle_gilensis_22_Superstition          0.2713328 0.2193972 0.2340334 0.2953434 0.1235065 0.5127340 0.2762246 0.3374162 0.3196612 0.3777046 0.1770616 0.1142488 0.0991293 0.0254159 0.1905950 0.2467907 0.1669285 0.1688647 0.2386246 0.1059553 0.2431298 0.1039033 0.0976965 0.1943460 0.2546668 0.2056696 0.2684890 0.3267960 0.2914206 0.5034990 0.3286976 0.3400291 0.0711594 0.3560827 0.3939936 0.1796932 0.3847039 0.2511538 0.0000000 0.0219436 0.2230401 0.0908358 0.3639431 0.3373291 0.1077139 0.0929746 0.1029393 0.3901120 0.0781867 0.1848665 0.2012541 0.2889947 0.2672467 0.3880400 0.2898310 0.0741585 0.0792429 0.0520641 0.4111351 0.3283073 0.2632880 0.1759629 0.1121967 0.3795076 0.2456626 0.1538431 0.1573237 0.4789307 0.1934515 0.1954093 0.2755163 0.2039574 0.1960255 0.0862346 0.1024382 0.1534055 0.2509206 0.2190770 0.1124635 0.3240202 0.2021624 0.2977651 2.9007542 0.2185326 
Perityle_gilensis_salensis_225             0.2675832 0.2100036 0.2395117 0.2771414 0.1163092 0.5020032 0.2110909 0.2935038 0.3187362 0.3736831 0.1651622 0.1051329 0.0856736 0.0202091 0.1774654 0.2894513 0.1285234 0.1634287 0.2390885 0.0895112 0.2406039 0.0864199 0.0869682 0.1048393 0.2805039 0.1962452 0.2950753 0.3061388 0.2488206 0.9568901 0.3755187 0.3157643 0.0652835 0.3427337 0.3994481 0.1740249 0.4024516 0.2570206 0.0219436 0.0000000 0.2667234 0.0749214 0.4112914 0.4214476 0.1027956 0.0839123 0.0861666 0.3942358 0.0158067 0.1760935 0.1808683 0.2866442 0.2589117 0.3876873 0.2282162 0.0733173 0.0642053 0.0373814 0.4836309 0.2750119 0.2921776 0.1627028 0.1005304 0.3982037 0.2160549 0.1504288 0.1508222 0.4583647 0.1728881 0.1437618 0.2172537 0.1968151 0.1694110 0.0838715 0.0740205 0.1638754 0.2708791 0.2197411 0.1009548 0.3067344 0.1964483 0.3109243 0.0000010 0.2171522 
Perityle_glaucescens_94                    0.2638920 0.2199456 0.2418672 0.4010818 0.1931135 0.5613605 0.2415496 0.3516548 0.3512199 0.3908643 0.2950920 0.2025586 0.2159590 0.2515458 0.2158321 0.2674332 0.1693871 0.2605388 0.2258263 0.2275238 0.2428998 0.2381183 0.1813358 0.2538035 0.2511636 0.3021367 0.2597715 0.3144958 0.2496420 0.4410414 0.4253413 0.3117027 0.2233626 0.4488107 0.3989146 0.2577847 0.4022466 0.2439677 0.2230401 0.2667234 0.0000000 0.2410326 0.4168265 0.4133242 0.1981327 0.1725700 0.2379497 0.3941094 0.2349115 0.2827170 0.2730259 0.2636354 0.3604212 0.3667388 0.2637210 0.1454224 0.2486984 0.2579960 0.4423087 0.2834085 0.2575031 0.2175331 0.2403327 0.4184493 0.2359874 0.2191479 0.2462396 0.4906800 0.2875531 0.3153191 0.3474959 0.2718154 0.2706345 0.1933469 0.1634835 0.1847900 0.2786949 0.2067301 0.2162467 0.3237088 0.2339733 0.3442873 0.0000010 0.1950568 
Perityle_gracilis_11                       0.2632882 0.1986727 0.2234599 0.2777836 0.0753526 0.4969239 0.2142808 0.3094307 0.3392122 0.3675906 0.1731282 0.0469315 0.0052564 0.0827073 0.1526212 0.2301078 0.0293934 0.1333780 0.1992469 0.0087423 0.2288403 0.0204786 0.0091555 0.0056977 0.2247345 0.1348223 0.2995355 0.3220033 0.2203502 0.0000010 0.4332526 0.3113829 0.0312078 0.3526612 0.3840276 0.1263412 0.3994333 0.1958156 0.0908358 0.0749214 0.2410326 0.0000000 0.4065008 0.4155880 0.0424075 0.0079046 0.0069817 0.3854534 0.0792907 0.1482319 0.1322506 0.2295047 0.1895827 0.3748544 0.2166800 0.0601749 0.0043762 0.0041636 0.4655527 0.2855539 0.2701452 0.1683778 0.0321320 0.4223902 0.1547484 0.1211998 0.1011025 0.4634102 0.1205785 0.0466154 0.2056664 0.1470175 0.1197879 0.0340323 0.0279065 0.1325100 0.2117212 0.1824800 0.0352764 0.2980738 0.1447385 0.2703381 0.0000010 0.1865883 
Perityle_harkerae_31                       0.1126131 0.2556280 0.3327434 0.4089858 0.3692262 0.3912037 0.3749111 0.2238407 0.2947486 0.1424443 0.4074606 0.4091016 0.3994991 0.4076529 0.2792999 0.4071284 0.3182029 0.3365137 0.3030308 0.4128230 0.1157553 0.4175188 0.3313365 0.4269834 0.4071940 0.4112717 0.4028491 0.1455557 0.2865049 0.4932393 0.2355211 0.1372906 0.4069239 0.5392726 0.0373618 0.3675395 0.0651841 0.3603532 0.3639431 0.4112914 0.4168265 0.4065008 0.0000000 0.0748944 0.3877652 0.3151033 0.4179067 0.0130913 0.3881772 0.3652730 0.4058376 0.4116315 0.3915402 0.1589213 0.2654472 0.2777981 0.4048604 0.4135259 0.1920777 0.2090338 0.3757760 0.2269596 0.4276562 0.1629837 0.3361267 0.4267475 0.4257949 0.5479204 0.3949052 0.4101495 0.4552275 0.4043051 0.3860271 0.3695679 0.2547361 0.3646381 0.4125609 0.3385840 0.4112066 0.3065461 0.3800119 0.3959964 0.0000010 0.2761981 
Perityle_hofmeisteria_4_nombre_de_dios     0.1108197 0.2611478 0.3288319 0.4267415 0.3877915 0.3914732 0.3306116 0.2199932 0.2858121 0.1461738 0.4077667 0.4064939 0.4093432 0.4171433 0.2802881 0.4051980 0.3013483 0.3290047 0.3022407 0.4203400 0.1084105 0.4199909 0.3212802 0.4161404 0.3891556 0.4190343 0.4254900 0.1561350 0.2710855 0.0000010 0.2378869 0.1349719 0.4203192 0.5302247 0.0731810 0.3716904 0.0422739 0.3519805 0.3373291 0.4214476 0.4133242 0.4155880 0.0748944 0.0000000 0.3831629 0.3149786 0.4171505 0.0703898 0.3722221 0.3671801 0.4087092 0.3908327 0.3955110 0.1485177 0.2750050 0.2865238 0.4118961 0.4176342 0.1518221 0.2138444 0.3737107 0.2293806 0.4349004 0.1547811 0.2956581 0.4233980 0.4331514 0.5376581 0.4044706 0.4175626 0.4539808 0.4058532 0.3966628 0.3613890 0.2609172 0.3463936 0.4335664 0.3106142 0.4271978 0.2904310 0.3792414 0.3714645 0.0000010 0.2745176 
Perityle_huecosensis_48                    0.2370455 0.2023482 0.2006106 0.2827874 0.0795750 0.4607745 0.2084754 0.2779091 0.3215282 0.3983239 0.1657178 0.0507568 0.0448309 0.0910950 0.1322361 0.1968556 0.0694259 0.1120836 0.1640297 0.0484327 0.1798179 0.0407174 0.0478577 0.0864269 0.1884622 0.1176591 0.2749516 0.2847230 0.1832873 0.7498137 0.3777558 0.3087756 0.0310782 0.3169999 0.3835968 0.1050919 0.3852713 0.1760015 0.1077139 0.1027956 0.1981327 0.0424075 0.3877652 0.3831629 0.0000000 0.0501267 0.0471891 0.3845804 0.0987857 0.1322116 0.1159190 0.1959616 0.2060039 0.3684964 0.1837688 0.0602315 0.0448738 0.0419908 0.4947449 0.2694844 0.2337956 0.1553020 0.0458623 0.3993266 0.1183843 0.1103733 0.0913348 0.4045096 0.1046238 0.1244377 0.1960832 0.1184775 0.1122171 0.0257813 0.0399225 0.1176216 0.2621984 0.1430644 0.0462412 0.2977488 0.1170694 0.3337477 0.0000010 0.1592649 
