83
Amauria_brandeegeana_62                    0.0000000 0.1033542 0.1305100 0.3413251 0.1261161 0.2375472 0.4942621 0.1215075 0.1577634 0.1523753 0.1542038 0.1504811 0.1485608 0.2143426 0.1408407 0.2258817 0.1057476 0.1385101 0.1787282 0.2247617 0.3761548 0.2207137 0.2157273 0.2178257 0.2109356 0.2367993 0.1647521 0.1152816 0.0929290 0.1654258 0.1683892 0.1188605 0.2117123 0.2984227 0.1593862 0.1389106 0.1529582 0.2147604 0.1550372 0.1555475 0.1500384 0.2120176 0.1605979 0.1561069 0.3717687 0.1546265 0.1619369 0.1388907 0.1092765 0.2385037 0.2096029 0.2127042 0.1468961 0.2786132 0.1642171 0.1356471 0.1354784 0.2193498 0.0874880 0.1238897 0.0259713 0.0911316 0.1418922 0.1615238 0.2112899 0.1741586 0.1736387 0.1821729 0.1490711 0.1245706 0.2128723 0.1456696 0.2131617 0.0921488 0.1701575 0.1816147 0.5465238 0.1497145 0.1157832 0.2371858 0.3186893 0.1035187 0.0732155 
Amauria_carterae_99_mesa                   0.1033542 0.0000000 0.1207239 0.1814526 0.1120387 0.1467307 0.3334546 0.1098888 0.1245279 0.1227331 0.1311276 0.1349010 0.1488113 0.1288937 0.1161390 0.2328363 0.1105530 0.1172183 0.1188010 0.1183227 0.3564269 0.1518444 0.1465510 0.1441326 0.1368162 0.1497063 0.1223286 0.0933890 0.1023358 0.0991739 0.1308705 0.1100813 0.1393989 0.1311074 0.1350793 0.1188283 0.1308352 0.1338446 0.1411482 0.1346062 0.1242298 0.1303423 0.1352635 0.1301301 0.3847650 0.1355160 0.1359850 0.1330738 0.1383979 0.1391401 0.1419450 0.1391404 0.1482909 0.1550201 0.1541628 0.1381738 0.1247755 0.1316007 0.0876388 0.1315295 0.0155205 0.0941156 0.1245024 0.1269317 0.1350685 0.1292346 0.1694154 0.1203237 0.1289451 0.1144135 0.1295173 0.1333827 0.1392580 0.1156170 0.1229125 0.1432511 0.3959532 0.1272766 0.0914931 0.1122343 0.1335577 0.1252898 0.0916361 
Amauria_rotundifolia_SRR9119150            0.1305100 0.1207239 0.0000000 0.3841074 0.1459530 0.2482008 0.5144551 0.1503743 0.1830835 0.1720967 0.1648236 0.2128636 0.1590604 0.2974298 0.1507692 0.2264283 0.1143171 0.1412389 0.1807024 0.2945256 0.3564182 0.2979377 0.2616883 0.2907453 0.3031241 0.3077873 0.1829609 0.1571929 0.1209218 0.2673873 0.1755198 0.1356516 0.2877555 0.3649509 0.1817398 0.1540122 0.1708082 0.2929252 0.1786729 0.1768527 0.1747569 0.2205522 0.1729919 0.1845397 0.3553515 0.1662660 0.1727446 0.1489102 0.1141238 0.3039832 0.2865340 0.2435251 0.1798461 0.2896774 0.1752964 0.1393011 0.1348540 0.2776369 0.0966144 0.1135275 0.0312429 0.0939809 0.1588003 0.1813708 0.2559262 0.1812670 0.2047153 0.1897787 0.1635263 0.1557995 0.2888560 0.1703204 0.2669408 0.0939691 0.1813602 0.2394359 0.5482237 0.1684023 0.1255034 0.3045117 0.3556997 0.1040339 0.0758419 
Conoclinium_coelestinum_SRR9119114         0.3413251 0.1814526 0.3841074 0.0000000 0.3275293 0.2580971 0.5420891 0.3956604 0.3664712 0.3744817 0.3608308 0.3470417 0.3113368 0.4612875 0.3789303 0.1933077 0.2401351 0.3444134 0.3599480 0.5180399 0.3805171 0.5218349 0.4964907 0.5135001 0.4929653 0.5270459 0.3914382 0.3817740 0.1586053 0.3847547 0.3854474 0.3798377 0.5107163 0.5303333 0.4115827 0.3605686 0.4260912 0.4629725 0.3477539 0.3666733 0.3862433 0.4157695 0.3835748 0.3949526 0.3711229 0.3555684 0.3679235 0.3383688 0.1750969 0.5155272 0.5044335 0.4313380 0.3732355 0.4368452 0.3270248 0.2140911 0.3012219 0.5010018 0.1361984 0.1877881 0.0704475 0.1419899 0.3966447 0.3813982 0.4533833 0.3677169 0.3827888 0.3681648 0.3885219 0.3791341 0.5068265 0.3879389 0.4945589 0.1399142 0.3588296 0.4067783 0.5980061 0.3841114 0.2556676 0.5082314 0.4968760 0.1279123 0.1244700 
Eutetras_palmeri_63                        0.1261161 0.1120387 0.1459530 0.3275293 0.0000000 0.2138935 0.4614377 0.1621744 0.1699693 0.1388761 0.1420196 0.1408599 0.1296123 0.1855593 0.1316718 0.2319345 0.1009729 0.1136489 0.1709617 0.1906715 0.3761548 0.2011583 0.1845683 0.2017552 0.2035669 0.2153901 0.1664466 0.1336581 0.0961483 0.1865749 0.1371018 0.1435567 0.1953625 0.2336740 0.1556953 0.1288444 0.1497308 0.1804991 0.1453725 0.1474533 0.1518818 0.1827869 0.1405844 0.1439449 0.3755157 0.1464894 0.1530091 0.1336119 0.1044373 0.2176342 0.2026452 0.2001016 0.1418016 0.2439105 0.1570276 0.1235164 0.1272467 0.1822550 0.0681248 0.1010197 0.0312134 0.0645822 0.1427372 0.1601349 0.2027932 0.1613663 0.1633420 0.2038884 0.1511826 0.1496556 0.1955746 0.1468741 0.1894418 0.0918204 0.1452385 0.1875123 0.5772870 0.1359865 0.1099078 0.2001433 0.2779498 0.1069351 0.0802544 
Eutrochium_fistulosum_SRR9119106           0.2375472 0.1467307 0.2482008 0.2580971 0.2138935 0.0000000 0.4457128 0.2580840 0.2546215 0.2607124 0.2656016 0.2177071 0.1837954 0.3433775 0.2578978 0.2205995 0.1815309 0.2388479 0.2485743 0.4152434 0.3699372 0.3964028 0.3797229 0.3805397 0.3407365 0.4058124 0.2768260 0.2400647 0.1181062 0.2811305 0.2636505 0.2351369 0.3734881 0.3838826 0.2827612 0.2545117 0.2621839 0.3506508 0.2315709 0.2296912 0.2743182 0.3250642 0.2730982 0.2614478 0.3639905 0.2493165 0.2624719 0.2307410 0.1361003 0.3913316 0.3682589 0.3192544 0.2485659 0.3326244 0.2290792 0.1497511 0.2022201 0.3597067 0.1137627 0.1419461 0.0642028 0.1110632 0.2631648 0.2744066 0.3261053 0.2577384 0.2710474 0.2578844 0.2509690 0.2439630 0.3769076 0.2587018 0.3733309 0.1064189 0.2546872 0.3035609 0.5732749 0.2585660 0.1683071 0.3967569 0.3710862 0.1158121 0.1015558 
Helianthus_annuus_SRR9119062               0.4942621 0.3334546 0.5144551 0.5420891 0.4614377 0.4457128 0.0000000 0.5202560 0.4773534 0.5059117 0.4821873 0.4312064 0.4030441 0.5392154 0.4959133 0.3068871 0.3499286 0.4331168 0.4368271 0.5116996 0.4010213 0.5784788 0.5616131 0.5703687 0.6001656 0.5685043 0.5292494 0.3731112 0.2257690 0.4567687 0.5055872 0.5216924 0.5583137 0.5867219 0.5197261 0.4481353 0.5061293 0.5406555 0.4113176 0.4355552 0.5037964 0.5005745 0.4917758 0.5073064 0.3764321 0.5068159 0.4901034 0.4476072 0.2868397 0.5593239 0.5725104 0.5482083 0.4390951 0.5239982 0.4193039 0.3428440 0.4399803 0.5442859 0.1936701 0.2800398 0.1120064 0.1765509 0.5244889 0.5286583 0.5466588 0.4662308 0.5067469 0.4928600 0.5202805 0.4444768 0.5577141 0.4491514 0.5390341 0.2167498 0.4618177 0.5159516 0.7109455 0.5186570 0.2719061 0.5143922 0.5505609 0.1900517 0.1719652 
Lycapsus_tenuifolius_17                    0.1215075 0.1098888 0.1503743 0.3956604 0.1621744 0.2580840 0.5202560 0.0000000 0.2032841 0.1932544 0.1728704 0.2083733 0.1601039 0.2660144 0.1705530 0.2311942 0.1200436 0.1586836 0.1942989 0.2766671 0.4008953 0.2704468 0.2520397 0.2637154 0.2722645 0.3044215 0.2026802 0.1484234 0.1109237 0.2864969 0.1779387 0.0047375 0.2612543 0.3647531 0.1979326 0.1718582 0.1895072 0.2687321 0.1833160 0.2028409 0.1772123 0.2138478 0.1838183 0.1900936 0.4091876 0.1787233 0.1830101 0.1636777 0.1331094 0.2863313 0.2665098 0.1954570 0.1675216 0.2912800 0.1525203 0.1311303 0.1428514 0.2715884 0.0903995 0.1383980 0.0528392 0.1043391 0.1830668 0.1873123 0.2075247 0.1793437 0.2200248 0.2612607 0.1817028 0.1725175 0.2548174 0.1575579 0.2338648 0.1034602 0.1732043 0.2720236 0.6258594 0.1884147 0.1262352 0.2873067 0.3665761 0.1314277 0.1016816 
Pericome_caudata_50_silver                 0.1577634 0.1245279 0.1830835 0.3664712 0.1699693 0.2546215 0.4773534 0.2032841 0.0000000 0.1937191 0.1824038 0.1908268 0.1241029 0.2364419 0.1711839 0.2435329 0.1058071 0.1378003 0.1741496 0.2138819 0.3908811 0.2380175 0.2068419 0.2370960 0.2244470 0.2513883 0.1681456 0.1137715 0.0866956 0.2322737 0.1824242 0.1730673 0.2305247 0.2854419 0.1593150 0.1571498 0.1473682 0.2368989 0.2012650 0.2038317 0.1548247 0.1899554 0.1351480 0.1687745 0.3825325 0.1879417 0.1848671 0.1154146 0.1131382 0.2380150 0.2362189 0.2169402 0.1617587 0.2491667 0.1331418 0.1137448 0.1357452 0.2100137 0.0714414 0.1193764 0.0473734 0.0941293 0.1754759 0.1604341 0.2332307 0.1694567 0.1833364 0.2177642 0.1845525 0.1381889 0.2314324 0.1487256 0.2291150 0.0735051 0.1593443 0.2090696 0.5801653 0.1811980 0.0931333 0.2300671 0.3318608 0.1006321 0.0801931 
Perityle_aglossa_84_dead_horse             0.1523753 0.1227331 0.1720967 0.3744817 0.1388761 0.2607124 0.5059117 0.1932544 0.1937191 0.0000000 0.0500621 0.1986998 0.1492468 0.2711687 0.0623969 0.2715603 0.0893406 0.0242710 0.0978993 0.3110222 0.3772439 0.2910965 0.2727200 0.2849397 0.2677638 0.3796579 0.2253941 0.1540236 0.1085180 0.2442473 0.1854343 0.1702209 0.2797868 0.3735856 0.1944513 0.0766071 0.1922368 0.2631887 0.2438185 0.2543520 0.1874308 0.1478577 0.1627047 0.2067327 0.3911888 0.0646901 0.0557997 0.1331397 0.0992723 0.3133888 0.2717447 0.2239954 0.1570424 0.3116933 0.1752676 0.1282855 0.0458597 0.2859177 0.0910298 0.1192011 0.0366587 0.0948312 0.0827409 0.2064361 0.2359802 0.1956976 0.2588796 0.1624712 0.0800829 0.1631694 0.2803779 0.1596786 0.2662318 0.0960203 0.1884399 0.3205551 0.5637596 0.0681253 0.1227083 0.3217693 0.3832121 0.1346536 0.1054785 
Perityle_ajoensis_204                      0.1542038 0.1311276 0.1648236 0.3608308 0.1420196 0.2656016 0.4821873 0.1728704 0.1824038 0.0500621 0.0000000 0.1701162 0.1347457 0.2336452 0.0390398 0.2148312 0.0819865 0.0453593 0.0959418 0.2442051 0.3833357 0.2400144 0.2276884 0.2438259 0.2147033 0.3003795 0.1937949 0.1534374 0.1040153 0.2190588 0.1717964 0.1493150 0.2285717 0.3288214 0.1897424 0.0814654 0.1728788 0.2188859 0.1997590 0.2052384 0.1746839 0.1236219 0.1694916 0.1736936 0.3893247 0.0144343 0.0177885 0.1438814 0.0937802 0.2591596 0.2339570 0.2244363 0.1551973 0.3117763 0.1578742 0.1409045 0.0088018 0.2308464 0.0876996 0.1205106 0.0528911 0.0913481 0.0447235 0.1867719 0.2282427 0.1928476 0.2417203 0.1668714 0.0140992 0.1690577 0.2287382 0.1581207 0.2328932 0.0938657 0.1757658 0.2670497 0.6254065 0.0485912 0.1080750 0.2472896 0.3880892 0.1309791 0.0943864 
Perityle_ambrosiifolia_67_green            0.1504811 0.1349010 0.2128636 0.3470417 0.1408599 0.2177071 0.4312064 0.2083733 0.1908268 0.1986998 0.1701162 0.0000000 0.1654344 0.2572255 0.1651207 0.1896725 0.1252166 0.1188971 0.1711430 0.2611107 0.3616180 0.2550148 0.2190966 0.2351545 0.2640052 0.3061976 0.2370369 0.1357744 0.1207494 0.2755851 0.1849316 0.2063127 0.2536909 0.2724457 0.2225664 0.1624570 0.2087291 0.2282723 0.0493567 0.0784697 0.2092477 0.1569586 0.1653830 0.2030639 0.3801079 0.1524437 0.1398768 0.1386076 0.0222592 0.2655661 0.2397858 0.1759012 0.1660806 0.2079633 0.1628496 0.1651126 0.1243709 0.2383857 0.1048661 0.1251992 0.0641563 0.1163521 0.2026286 0.2302670 0.1893505 0.1433379 0.2556326 0.2448659 0.2033336 0.1436619 0.2529475 0.1835238 0.1993312 0.1180605 0.1541965 0.3112779 0.4744192 0.2008280 0.1183767 0.2647139 0.3044169 0.1195110 0.0851954 
Perityle_angustifolia_13_Eagle_creek       0.1485608 0.1488113 0.1590604 0.3113368 0.1296123 0.1837954 0.4030441 0.1601039 0.1241029 0.1492468 0.1347457 0.1654344 0.0000000 0.0486732 0.1289129 0.2421537 0.1274624 0.1242345 0.1454922 0.0322219 0.3921580 0.0492622 0.0405081 0.0371217 0.0439873 0.0469601 0.1018060 0.1475512 0.1236849 0.1396055 0.1524728 0.1582970 0.0301677 0.0677505 0.0990636 0.1228976 0.0926857 0.0468560 0.1647950 0.1629019 0.0792903 0.0859518 0.0969325 0.0902556 0.3750862 0.1464499 0.1407657 0.0860238 0.1327259 0.0335695 0.0344258 0.0439924 0.0087317 0.1131833 0.0401164 0.0570355 0.1328107 0.0326636 0.0717092 0.0961452 0.0476068 0.0331835 0.1383330 0.0958176 0.0494251 0.1493984 0.1664084 0.1269097 0.1365621 0.1541297 0.0274331 0.0355795 0.0199656 0.0237666 0.1414466 0.0922178 0.5294813 0.1410269 0.0751405 0.0260968 0.0696003 0.1117349 0.0950682 
Perityle_batopilensis_97                   0.2143426 0.1288937 0.2974298 0.4612875 0.1855593 0.3433775 0.5392154 0.2660144 0.2364419 0.2711687 0.2336452 0.2572255 0.0486732 0.0000000 0.2469342 0.2620795 0.1202646 0.1264695 0.1814490 0.0560462 0.3660106 0.0726605 0.0566479 0.0647505 0.1997779 0.1239746 0.2412399 0.1523041 0.1056787 0.3418774 0.2673973 0.2736201 0.0560447 0.0983897 0.2316277 0.1774479 0.2329411 0.0183417 0.2489047 0.2851347 0.2137743 0.0936219 0.1612165 0.1957904 0.3466092 0.2447908 0.1931725 0.1139787 0.1093606 0.1348265 0.0701918 0.1329780 0.0569336 0.1365006 0.0491172 0.0562534 0.1546830 0.0459465 0.0648535 0.0861631 0.0431353 0.0346027 0.2857898 0.2323757 0.1478254 0.2534838 0.3490606 0.2855776 0.2803756 0.1994560 0.0540879 0.0505404 0.0472223 0.0393741 0.2617486 0.3176736 0.5708552 0.2786627 0.0798248 0.0591261 0.1617961 0.1055261 0.0880343 
Perityle_bisetosa_9                        0.1408407 0.1161390 0.1507692 0.3789303 0.1316718 0.2578978 0.4959133 0.1705530 0.1711839 0.0623969 0.0390398 0.1651207 0.1289129 0.2469342 0.0000000 0.2539457 0.0746776 0.0234446 0.0853787 0.2682113 0.3687110 0.2559369 0.2442688 0.2553864 0.2336177 0.3237568 0.1851466 0.1383547 0.0843162 0.2347754 0.1534615 0.1476003 0.2452055 0.3261003 0.1694548 0.0615124 0.1633592 0.2303551 0.1931465 0.1980533 0.1649609 0.1330522 0.1525146 0.1694319 0.3771242 0.0382253 0.0467622 0.1248991 0.0842950 0.3015678 0.2486380 0.2133076 0.1511236 0.2881684 0.1470843 0.1331112 0.0284819 0.2487285 0.0780669 0.1112489 0.0366587 0.0779807 0.0330199 0.1780998 0.2245477 0.1741272 0.2250836 0.1389822 0.0374260 0.1446702 0.2440391 0.1532321 0.2438341 0.0844764 0.1657356 0.2929278 0.6019272 0.0298078 0.0954377 0.2719474 0.3635937 0.1170801 0.0872545 
Perityle_californica_76_positas            0.2258817 0.2328363 0.2264283 0.1933077 0.2319345 0.2205995 0.3068871 0.2311942 0.2435329 0.2715603 0.2148312 0.1896725 0.2421537 0.2620795 0.2539457 0.0000000 0.1806602 0.2115858 0.2177292 0.1476158 0.2547838 0.2557693 0.2504773 0.2639058 0.2560264 0.2828839 0.2533904 0.1468994 0.1244583 0.1277601 0.2547833 0.2319016 0.2589169 0.2431907 0.2346241 0.2061923 0.2375720 0.2574082 0.1817812 0.1779506 0.2267688 0.2395593 0.2347944 0.2289382 0.2763227 0.2482148 0.2413815 0.2309703 0.1765691 0.2556861 0.2467038 0.2601747 0.2223659 0.2848849 0.2748464 0.2261826 0.2370163 0.2589315 0.0760185 0.1674441 0.0485457 0.0753465 0.2409862 0.2366810 0.2540616 0.2164003 0.2419676 0.2370506 0.2486420 0.2434617 0.2551326 0.2444477 0.2671566 0.1275479 0.2177258 0.2069654 0.2349235 0.2331760 0.0778482 0.1476158 0.2436014 0.0548477 0.0172667 
Perityle_canescens_77                      0.1057476 0.1105530 0.1143171 0.2401351 0.1009729 0.1815309 0.3499286 0.1200436 0.1058071 0.0893406 0.0819865 0.1252166 0.1274624 0.1202646 0.0746776 0.1806602 0.0000000 0.0712981 0.0836004 0.1159236 0.3999114 0.1287377 0.1241317 0.1237248 0.1144595 0.1335453 0.1220807 0.1069966 0.0963213 0.1025681 0.1348988 0.1179323 0.1170665 0.1178304 0.1285937 0.0702757 0.1158874 0.1203769 0.1269971 0.1248666 0.1156067 0.0861117 0.1264020 0.1135418 0.3975989 0.0879523 0.0904020 0.1243431 0.1091618 0.1192732 0.1219280 0.1190141 0.1265823 0.1228149 0.1289642 0.1177338 0.0790492 0.1125098 0.0845676 0.1167237 0.0420395 0.0946522 0.0846829 0.1197558 0.1244158 0.1173311 0.1180268 0.0745093 0.0834633 0.1116189 0.1121697 0.1191707 0.1170735 0.0848239 0.1129239 0.1231267 0.4704209 0.0946195 0.1055608 0.1059709 0.1178304 0.1071132 0.0982788 
Perityle_castillonii_96                    0.1385101 0.1172183 0.1412389 0.3444134 0.1136489 0.2388479 0.4331168 0.1586836 0.1378003 0.0242710 0.0453593 0.1188971 0.1242345 0.1264695 0.0234446 0.2115858 0.0712981 0.0000000 0.0653929 0.1406232 0.3687110 0.1571495 0.1335629 0.1501963 0.1324619 0.1594407 0.1536355 0.1496989 0.0938824 0.1411780 0.1466983 0.1505101 0.1429534 0.2163792 0.1355694 0.0194683 0.1394290 0.1266506 0.1218428 0.1238802 0.1256959 0.0651059 0.1343094 0.1312007 0.3706531 0.0470338 0.0534872 0.1135077 0.0821543 0.1555746 0.1407814 0.1342703 0.1419558 0.2004442 0.1299093 0.1263175 0.0283508 0.1312631 0.0755004 0.1040779 0.0366587 0.0786568 0.0407813 0.1480646 0.1365632 0.1562097 0.1631182 0.0756267 0.0433149 0.1431905 0.1418736 0.1386519 0.1359186 0.0844764 0.1496158 0.1555366 0.5263176 0.0193780 0.0987131 0.1378420 0.2233980 0.1113596 0.0810156 
Perityle_cernua_84                         0.1787282 0.1188010 0.1807024 0.3599480 0.1709617 0.2485743 0.4368271 0.1942989 0.1741496 0.0978993 0.0959418 0.1711430 0.1454922 0.1814490 0.0853787 0.2177292 0.0836004 0.0653929 0.0000000 0.1669473 0.3838640 0.2046218 0.1567990 0.1986470 0.1519337 0.2058216 0.1958140 0.1798870 0.0964290 0.1910214 0.1892791 0.1619354 0.1919566 0.2293681 0.1714173 0.0839538 0.1685520 0.1803394 0.1724501 0.1768210 0.1568796 0.1034469 0.1487730 0.1740888 0.3801102 0.1010237 0.1038453 0.1216977 0.0880709 0.1768457 0.1831256 0.1537877 0.2016683 0.2058136 0.1476766 0.1356994 0.0387555 0.1492158 0.0845720 0.1139247 0.0474884 0.0880851 0.0861183 0.1900283 0.1598123 0.2050446 0.1995620 0.1089402 0.0930317 0.1505554 0.1912559 0.1849443 0.1857328 0.0959458 0.1949153 0.2040803 0.5584828 0.1026896 0.1157008 0.1438203 0.2731449 0.1208872 0.0945928 
Perityle_cfvillosa_25_tin                  0.2247617 0.1183227 0.2945256 0.5180399 0.1906715 0.4152434 0.5116996 0.2766671 0.2138819 0.3110222 0.2442051 0.2611107 0.0322219 0.0560462 0.2682113 0.1476158 0.1159236 0.1406232 0.1669473 0.0000000 0.3911142 0.0483110 0.0422971 0.0408926 0.2338218 0.0532073 0.2510696 0.1340032 0.1072067 0.3063533 0.2939173 0.2840130 0.0331438 0.1156146 0.2490527 0.1318662 0.2412084 0.0436905 0.2486417 0.2911393 0.2311789 0.1064194 0.1690043 0.2114728 0.3629067 0.2707438 0.1943443 0.1292248 0.1185953 0.0972296 0.0408829 0.1392193 0.0334506 0.1407092 0.0332603 0.0491281 0.1663552 0.0123069 0.0684513 0.0804692 0.0476068 0.0425191 0.3187329 0.2386850 0.1624521 0.2521527 0.2955173 0.2236014 0.2987163 0.1985258 0.0232136 0.0183739 0.0296091 0.0209974 0.2614195 0.2409384 0.6130001 0.3172307 0.0793714 0.0249876 0.1232577 0.0896053 0.0896053 
Perityle_cinerea_113_Powell1310            0.3761548 0.3564269 0.3564182 0.3805171 0.3761548 0.3699372 0.4010213 0.4008953 0.3908811 0.3772439 0.3833357 0.3616180 0.3921580 0.3660106 0.3687110 0.2547838 0.3999114 0.3687110 0.3838640 0.3911142 0.0000000 0.3932079 0.3854636 0.3975077 0.3931071 0.3934882 0.3710689 0.3766331 0.3696821 0.3613184 0.3529104 0.3948856 0.3860980 0.3862187 0.3760605 0.3762485 0.3781549 0.3659421 0.3552912 0.3552912 0.3767993 0.3747323 0.3838034 0.3771236 0.1155098 0.3748105 0.3823853 0.3850293 0.3404357 0.3997476 0.3920251 0.3932408 0.3921580 0.4304969 0.4005797 0.4173720 0.3823853 0.3760985 0.3628041 0.3903750 0.3348327 0.3630824 0.3687110 0.3645943 0.3658095 0.3546951 0.3853160 0.3687110 0.3823853 0.3766331 0.3931448 0.3839154 0.3930742 0.3741908 0.3590930 0.3760605 0.4820025 0.3669843 0.3714424 0.3931448 0.3862187 0.3465840 0.3465840 
Perityle_coahuilensis_24                   0.2207137 0.1518444 0.2979377 0.5218349 0.2011583 0.3964028 0.5784788 0.2704468 0.2380175 0.2910965 0.2400144 0.2550148 0.0492622 0.0726605 0.2559369 0.2557693 0.1287377 0.1571495 0.2046218 0.0483110 0.3932079 0.0000000 0.0470291 0.0532335 0.2030835 0.1562170 0.2466017 0.1612930 0.1176241 0.3527910 0.2876612 0.2876406 0.0448005 0.2098071 0.2275671 0.1802915 0.2316307 0.0611661 0.3285258 0.3321709 0.2044342 0.1083447 0.1735593 0.1955119 0.3627292 0.2626606 0.2049828 0.1381317 0.1304691 0.1339564 0.0413260 0.1238070 0.0532211 0.1732702 0.0532617 0.0707686 0.1756073 0.0536406 0.0780038 0.0935892 0.0474248 0.0425268 0.3026293 0.2112087 0.1437968 0.2598037 0.3723588 0.3014610 0.2697475 0.2066156 0.0473568 0.0451349 0.0484050 0.0341940 0.2656161 0.3380650 0.6184828 0.3044224 0.0927307 0.0504294 0.1967345 0.1154485 0.0988398 
Perityle_cochisensis_44_cave_creek         0.2157273 0.1465510 0.2616883 0.4964907 0.1845683 0.3797229 0.5616131 0.2520397 0.2068419 0.2727200 0.2276884 0.2190966 0.0405081 0.0566479 0.2442688 0.2504773 0.1241317 0.1335629 0.1567990 0.0422971 0.3854636 0.0470291 0.0000000 0.0522780 0.1548791 0.0620874 0.2103054 0.1555599 0.1142922 0.2803169 0.2664404 0.2604093 0.0408800 0.1108365 0.2017208 0.1271747 0.2092809 0.0512506 0.2304655 0.2288059 0.1905963 0.0809623 0.1500181 0.2002797 0.3682371 0.2436579 0.1802319 0.1188228 0.1242495 0.0894254 0.0347157 0.1127972 0.0410340 0.1439185 0.0394890 0.0614450 0.1580317 0.0356378 0.0685265 0.0858679 0.0474248 0.0300820 0.2536747 0.2038845 0.1361359 0.2491646 0.2575728 0.1941378 0.2544623 0.2046648 0.0367520 0.0339556 0.0350333 0.0237089 0.2541429 0.2176021 0.5547293 0.2603285 0.0780390 0.0430097 0.1180287 0.1112822 0.0946724 
Perityle_congesta_202                      0.2178257 0.1441326 0.2907453 0.5135001 0.2017552 0.3805397 0.5703687 0.2637154 0.2370960 0.2849397 0.2438259 0.2351545 0.0371217 0.0647505 0.2553864 0.2639058 0.1237248 0.1501963 0.1986470 0.0408926 0.3975077 0.0532335 0.0522780 0.0000000 0.2058282 0.0796118 0.2365140 0.1558112 0.1145526 0.3353327 0.2781022 0.2777873 0.0330436 0.1430098 0.2209608 0.1630315 0.2171932 0.0564218 0.2314192 0.2729029 0.1990563 0.1131377 0.1623606 0.1882566 0.3547249 0.2608807 0.2017213 0.1224732 0.1215413 0.1216892 0.0451292 0.1198596 0.0389112 0.1607002 0.0395433 0.0523444 0.1656582 0.0368011 0.0717800 0.0859777 0.0474844 0.0395564 0.2943900 0.2251927 0.1393448 0.2532480 0.3138053 0.2920551 0.2842064 0.2015734 0.0296867 0.0380789 0.0360403 0.0344048 0.2569824 0.2774570 0.6017133 0.2947521 0.0827782 0.0407976 0.1864022 0.1222947 0.1022553 
Perityle_cordifolia_27                     0.2109356 0.1368162 0.3031241 0.4929653 0.2035669 0.3407365 0.6001656 0.2722645 0.2244470 0.2677638 0.2147033 0.2640052 0.0439873 0.1997779 0.2336177 0.2560264 0.1144595 0.1324619 0.1519337 0.2338218 0.3931071 0.2030835 0.1548791 0.2058282 0.0000000 0.3376732 0.2532536 0.1479386 0.1113160 0.3118544 0.2866902 0.2679834 0.2032804 0.3162023 0.2250270 0.1826343 0.2334543 0.2021943 0.2999592 0.3302581 0.2180888 0.1568529 0.1483739 0.1861224 0.3850396 0.2382222 0.1988104 0.1371389 0.1186339 0.2026558 0.1879016 0.0045383 0.0500689 0.2182165 0.0835867 0.0567621 0.1788247 0.2313727 0.0747809 0.0934631 0.0530761 0.0239639 0.2907585 0.2223627 0.0211630 0.2612204 0.3676128 0.2783169 0.2556660 0.2121956 0.1982920 0.0548454 0.1500247 0.0376251 0.2710628 0.3232960 0.5852831 0.2991918 0.0804823 0.2763723 0.2592193 0.1186836 0.1021929 
Perityle_cordifolia_68_tecolote            0.2367993 0.1497063 0.3077873 0.5270459 0.2153901 0.4058124 0.5685043 0.3044215 0.2513883 0.3796579 0.3003795 0.3061976 0.0469601 0.1239746 0.3237568 0.2828839 0.1335453 0.1594407 0.2058216 0.0532073 0.3934882 0.1562170 0.0620874 0.0796118 0.3376732 0.0000000 0.3107652 0.1572876 0.1144396 0.3516544 0.3114808 0.2977687 0.1145207 0.2045652 0.2479734 0.2126523 0.2349837 0.0688008 0.4036042 0.3985925 0.2377827 0.1168625 0.1739845 0.2931963 0.3702726 0.2850996 0.2155520 0.1346565 0.1504563 0.1456626 0.0754117 0.1432083 0.0597166 0.1739448 0.0161392 0.0638202 0.1820778 0.0600904 0.0747263 0.1144387 0.0367890 0.0362781 0.3689839 0.3007913 0.1673958 0.2777282 0.4215122 0.3018163 0.3775645 0.2137363 0.1390841 0.1189453 0.0579838 0.0447855 0.2752693 0.3940185 0.6512853 0.3572338 0.0722911 0.0580624 0.1999749 0.1260665 0.1097098 
Perityle_coronopifolia_28_patagonia        0.1647521 0.1223286 0.1829609 0.3914382 0.1664466 0.2768260 0.5292494 0.2026802 0.1681456 0.2253941 0.1937949 0.2370369 0.1018060 0.2412399 0.1851466 0.2533904 0.1220807 0.1536355 0.1958140 0.2510696 0.3710689 0.2466017 0.2103054 0.2365140 0.2532536 0.3107652 0.0000000 0.1556018 0.1029611 0.3057015 0.1924524 0.1907218 0.2465132 0.3438899 0.1317915 0.2005460 0.1293559 0.2485949 0.2343489 0.2325181 0.1239321 0.2106645 0.1168057 0.1330738 0.3576758 0.1912036 0.1884054 0.1038054 0.1254979 0.2588149 0.2316432 0.1764713 0.1057953 0.2363801 0.1259821 0.0879459 0.1543277 0.2513929 0.0442727 0.0866971 0.0207543 0.0589328 0.1925154 0.0188401 0.1874465 0.1962413 0.2584075 0.2894133 0.1901735 0.1748999 0.2436315 0.1005425 0.1948346 0.0737146 0.1866352 0.2929671 0.5990026 0.1966772 0.0564086 0.2913882 0.3228841 0.0945917 0.0774973 
Perityle_crassifolia_70_ventanas           0.1152816 0.0933890 0.1571929 0.3817740 0.1336581 0.2400647 0.3731112 0.1484234 0.1137715 0.1540236 0.1534374 0.1357744 0.1475512 0.1523041 0.1383547 0.1468994 0.1069966 0.1496989 0.1798870 0.1340032 0.3766331 0.1612930 0.1555599 0.1558112 0.1479386 0.1572876 0.1556018 0.0000000 0.0026463 0.1518756 0.1607378 0.1464333 0.1555339 0.2489485 0.1660691 0.1439864 0.1618855 0.1480024 0.1439470 0.1465215 0.1475863 0.1581170 0.1633611 0.1458517 0.3882654 0.1594427 0.1560624 0.1438173 0.1170905 0.1623355 0.1558488 0.1502712 0.1534482 0.2197967 0.1375868 0.1194946 0.1345611 0.1367996 0.0975121 0.1243663 0.0419917 0.1048464 0.1432381 0.1515013 0.1551318 0.1485399 0.1416286 0.1975919 0.1517847 0.0086634 0.1443563 0.1453302 0.1515257 0.1039165 0.1389746 0.1473890 0.5954093 0.1528642 0.1229366 0.1481114 0.2553610 0.1172569 0.1024420 
Perityle_crassifolia_74_playa_balandra     0.0929290 0.1023358 0.1209218 0.1586053 0.0961483 0.1181062 0.2257690 0.1109237 0.0866956 0.1085180 0.1040153 0.1207494 0.1236849 0.1056787 0.0843162 0.1244583 0.0963213 0.0938824 0.0964290 0.1072067 0.3696821 0.1176241 0.1142922 0.1145526 0.1113160 0.1144396 0.1029611 0.0026463 0.0000000 0.0838524 0.1281574 0.1111905 0.1114640 0.1030577 0.1030385 0.0961353 0.1065905 0.0993915 0.1199978 0.1201521 0.0979036 0.1024794 0.1030944 0.0957768 0.3874412 0.1112240 0.1147447 0.1065164 0.1179366 0.1049661 0.1111910 0.1143340 0.1206011 0.1186105 0.1143754 0.1077407 0.1022450 0.1048443 0.0951918 0.1099525 0.0419917 0.1055085 0.1005089 0.1000298 0.1179720 0.1201405 0.1082766 0.0990593 0.1081153 0.0026463 0.1020762 0.1047900 0.1174245 0.1039165 0.1081063 0.0941039 0.3760420 0.0963944 0.0801378 0.0975004 0.1030577 0.1092942 0.1060714 
Perityle_cuneata_34_cuneata_San_antonio    0.1654258 0.0991739 0.2673873 0.3847547 0.1865749 0.2811305 0.4567687 0.2864969 0.2322737 0.2442473 0.2190588 0.2755851 0.1396055 0.3418774 0.2347754 0.1277601 0.1025681 0.1411780 0.1910214 0.3063533 0.3613184 0.3527910 0.2803169 0.3353327 0.3118544 0.3516544 0.3057015 0.1518756 0.0838524 0.0000000 0.2661091 0.2479729 0.3318176 0.3816888 0.2877475 0.1802990 0.2620912 0.3414555 0.2448757 0.2742775 0.2753620 0.2182369 0.1609586 0.2700404 0.3690075 0.2327381 0.2031712 0.1415141 0.0908647 0.3179074 0.3416642 0.2270031 0.1934575 0.2995239 0.1589343 0.1235353 0.1344511 0.2921413 0.0746889 0.0896712 0.0312813 0.0843166 0.2672248 0.2988801 0.2470646 0.2240892 0.2468028 0.2004800 0.2690347 0.1419335 0.3332632 0.1932044 0.3127851 0.0945157 0.2372576 0.3006003 0.5603875 0.2647277 0.0967648 0.3093433 0.3909534 0.0619376 0.0261074 
Perityle_cuneata_4                         0.1683892 0.1308705 0.1755198 0.3854474 0.1371018 0.2636505 0.5055872 0.1779387 0.1824242 0.1854343 0.1717964 0.1849316 0.1524728 0.2673973 0.1534615 0.2547833 0.1348988 0.1466983 0.1892791 0.2939173 0.3529104 0.2876612 0.2664404 0.2781022 0.2866902 0.3114808 0.1924524 0.1607378 0.1281574 0.2661091 0.0000000 0.1737252 0.2812179 0.3622072 0.1859534 0.1610079 0.1790230 0.2691752 0.1708560 0.1770329 0.1811763 0.2260847 0.1717122 0.1765294 0.3650566 0.1746194 0.1758706 0.1556744 0.1210506 0.3050540 0.2915750 0.2342966 0.1743306 0.3114385 0.1727709 0.1406704 0.1438688 0.2867402 0.1009714 0.1203443 0.0640756 0.1089503 0.1605263 0.1856269 0.2459949 0.1784994 0.1973141 0.2486652 0.1701473 0.1657409 0.2724656 0.1713691 0.2555655 0.1319068 0.1733468 0.2652999 0.5883027 0.1603221 0.1218590 0.3113595 0.3747075 0.1396411 0.1137418 
Perityle_discoidea_81                      0.1188605 0.1100813 0.1356516 0.3798377 0.1435567 0.2351369 0.5216924 0.0047375 0.1730673 0.1702209 0.1493150 0.2063127 0.1582970 0.2736201 0.1476003 0.2319016 0.1179323 0.1505101 0.1619354 0.2840130 0.3948856 0.2876406 0.2604093 0.2777873 0.2679834 0.2977687 0.1907218 0.1464333 0.1111905 0.2479729 0.1737252 0.0000000 0.2731185 0.3374648 0.1922823 0.1403964 0.1864978 0.2722701 0.1717873 0.1880535 0.1718742 0.2088026 0.1777282 0.1866942 0.4042011 0.1586907 0.1652451 0.1619686 0.1307731 0.2747009 0.2714595 0.2013361 0.1687036 0.2580406 0.1506929 0.1313846 0.1411798 0.2674960 0.0875274 0.1361044 0.0528392 0.1013476 0.1627830 0.1804331 0.2144360 0.1765807 0.2092313 0.1553327 0.1632982 0.1765008 0.2685690 0.1618118 0.2486600 0.1000851 0.1739305 0.2275722 0.5839254 0.1731886 0.1238899 0.2885000 0.2973672 0.1317921 0.1019735 
Perityle_dissecta_201                      0.2117123 0.1393989 0.2877555 0.5107163 0.1953625 0.3734881 0.5583137 0.2612543 0.2305247 0.2797868 0.2285717 0.2536909 0.0301677 0.0560447 0.2452055 0.2589169 0.1170665 0.1429534 0.1919566 0.0331438 0.3860980 0.0448005 0.0408800 0.0330436 0.2032804 0.1145207 0.2465132 0.1555339 0.1114640 0.3318176 0.2812179 0.2731185 0.0000000 0.1752962 0.2267487 0.1819699 0.2202456 0.0460992 0.2747352 0.3349992 0.2069568 0.0948183 0.1599197 0.1815555 0.3630519 0.2519095 0.1952034 0.1202413 0.1187504 0.1236752 0.0439884 0.1140849 0.0304848 0.1541950 0.0327734 0.0500781 0.1610812 0.0403628 0.0686339 0.0835792 0.0474942 0.0301290 0.2991437 0.2125038 0.1333390 0.2513030 0.3687326 0.2998200 0.2688592 0.2040961 0.0304756 0.0333930 0.0237864 0.0307347 0.2534051 0.3234852 0.6130518 0.2952811 0.0757591 0.0339149 0.1805153 0.1188572 0.0987346 
Perityle_emoryi_47_punta_san_jose          0.2984227 0.1311074 0.3649509 0.5303333 0.2336740 0.3838826 0.5867219 0.3647531 0.2854419 0.3735856 0.3288214 0.2724457 0.0677505 0.0983897 0.3261003 0.2431907 0.1178304 0.2163792 0.2293681 0.1156146 0.3862187 0.2098071 0.1108365 0.1430098 0.3162023 0.2045652 0.3438899 0.2489485 0.1030577 0.3816888 0.3622072 0.3374648 0.1752962 0.0000000 0.3104302 0.2230412 0.3031390 0.0884888 0.2590110 0.3347183 0.2921235 0.1616812 0.2251997 0.2784523 0.3554469 0.3266566 0.2760326 0.1411220 0.1228810 0.2075036 0.1241267 0.1916650 0.1478463 0.1417492 0.0483377 0.0597488 0.1810575 0.1250980 0.0627956 0.0919191 0.0366549 0.0180185 0.3949025 0.3068859 0.2187633 0.3407295 0.4189135 0.2820039 0.3710281 0.2619085 0.1698583 0.1346846 0.1107788 0.0411981 0.3591513 0.3217908 0.6131762 0.3837286 0.0831516 0.1611924 0.0058962 0.0988317 0.0815538 
Perityle_feddemae_99                       0.1593862 0.1350793 0.1817398 0.4115827 0.1556953 0.2827612 0.5197261 0.1979326 0.1593150 0.1944513 0.1897424 0.2225664 0.0990636 0.2316277 0.1694548 0.2346241 0.1285937 0.1355694 0.1714173 0.2490527 0.3760605 0.2275671 0.2017208 0.2209608 0.2250270 0.2479734 0.1317915 0.1660691 0.1030385 0.2877475 0.1859534 0.1922823 0.2267487 0.3104302 0.0000000 0.1626328 0.0726903 0.2224168 0.1877532 0.1847187 0.0446155 0.2014990 0.0261384 0.0867017 0.3665585 0.1766127 0.1757457 0.0276411 0.0941806 0.2294610 0.2239621 0.1604099 0.0975731 0.2543328 0.1243099 0.1018088 0.1348540 0.2258519 0.0626657 0.0887948 0.0366904 0.0617313 0.1769861 0.1245245 0.1716298 0.1870338 0.2239038 0.2393142 0.1815843 0.1673146 0.2215523 0.1086675 0.1864967 0.0809632 0.1769357 0.2383277 0.5931151 0.1807981 0.0725403 0.2596002 0.3194632 0.0978684 0.0843906 
Perityle_fosteri_93                        0.1389106 0.1188283 0.1540122 0.3605686 0.1288444 0.2545117 0.4481353 0.1718582 0.1571498 0.0766071 0.0814654 0.1624570 0.1228976 0.1774479 0.0615124 0.2061923 0.0702757 0.0194683 0.0839538 0.1318662 0.3762485 0.1802915 0.1271747 0.1630315 0.1826343 0.2126523 0.2005460 0.1439864 0.0961353 0.1802990 0.1610079 0.1403964 0.1819699 0.2230412 0.1626328 0.0000000 0.1360186 0.1217301 0.1749823 0.1785657 0.1524355 0.0572429 0.1330961 0.1785944 0.3845759 0.0515871 0.0489635 0.1139936 0.0890419 0.1602327 0.1364450 0.1465492 0.1418831 0.2267360 0.1264780 0.1256065 0.0284458 0.1246480 0.0780669 0.1111583 0.0420530 0.0812879 0.0762458 0.1921458 0.1478283 0.1699154 0.2249740 0.1351954 0.0794984 0.1400863 0.1753506 0.1775510 0.1331011 0.0808269 0.1487477 0.2376725 0.6277064 0.0760445 0.0977426 0.1287956 0.2949954 0.1204711 0.0907894 
Perityle_gamon_221                         0.1529582 0.1308352 0.1708082 0.4260912 0.1497308 0.2621839 0.5061293 0.1895072 0.1473682 0.1922368 0.1728788 0.2087291 0.0926857 0.2329411 0.1633592 0.2375720 0.1158874 0.1394290 0.1685520 0.2412084 0.3781549 0.2316307 0.2092809 0.2171932 0.2334543 0.2349837 0.1293559 0.1618855 0.1065905 0.2620912 0.1790230 0.1864978 0.2202456 0.3031390 0.0726903 0.1360186 0.0000000 0.2297202 0.1689484 0.1699606 0.0719460 0.2058199 0.0683005 0.0380205 0.3631604 0.1732714 0.1690812 0.0545754 0.1079393 0.2265511 0.2205564 0.1586843 0.0975046 0.2252557 0.1128308 0.1063202 0.1356271 0.2239085 0.0629037 0.0766137 0.0419972 0.0652627 0.1619277 0.1182723 0.1791966 0.1697912 0.1878610 0.1749820 0.1688247 0.1543703 0.2212649 0.0914172 0.1983265 0.0928877 0.1670016 0.1923797 0.5447883 0.1676147 0.0564231 0.2441003 0.2636215 0.0882839 0.0742914 
Perityle_gentryi_8_san_francisco           0.2147604 0.1338446 0.2929252 0.4629725 0.1804991 0.3506508 0.5406555 0.2687321 0.2368989 0.2631887 0.2188859 0.2282723 0.0468560 0.0183417 0.2303551 0.2574082 0.1203769 0.1266506 0.1803394 0.0436905 0.3659421 0.0611661 0.0512506 0.0564218 0.2021943 0.0688008 0.2485949 0.1480024 0.0993915 0.3414555 0.2691752 0.2722701 0.0460992 0.0884888 0.2224168 0.1217301 0.2297202 0.0000000 0.2164501 0.2508012 0.2050319 0.0906345 0.1628112 0.2052639 0.3397947 0.2323244 0.1825489 0.1193751 0.1149565 0.1291461 0.0626087 0.1276313 0.0516345 0.1122703 0.0420745 0.0492696 0.1548296 0.0360123 0.0551517 0.0834680 0.0375985 0.0249765 0.2747139 0.2378611 0.1456081 0.2487082 0.3155744 0.2345393 0.2717288 0.2035032 0.0409727 0.0469724 0.0395539 0.0320573 0.2651555 0.2588384 0.5383504 0.2685914 0.0796482 0.0463976 0.1130842 0.1052822 0.0878254 
Perityle_gilensis_22_Superstition          0.1550372 0.1411482 0.1786729 0.3477539 0.1453725 0.2315709 0.4113176 0.1833160 0.2012650 0.2438185 0.1997590 0.0493567 0.1647950 0.2489047 0.1931465 0.1817812 0.1269971 0.1218428 0.1724501 0.2486417 0.3552912 0.3285258 0.2304655 0.2314192 0.2999592 0.4036042 0.2343489 0.1439470 0.1199978 0.2448757 0.1708560 0.1717873 0.2747352 0.2590110 0.1877532 0.1749823 0.1689484 0.2164501 0.0000000 0.0120358 0.1735523 0.1619620 0.1655119 0.2459535 0.3888562 0.1631649 0.1463228 0.1407756 0.0087811 0.2743218 0.2635986 0.1863981 0.1693790 0.2191551 0.1644120 0.1723340 0.1238432 0.2269291 0.1108273 0.1300670 0.0643024 0.1227413 0.1994522 0.2338635 0.1999237 0.1559765 0.2467338 0.2618196 0.2169780 0.1450173 0.3193721 0.2110659 0.2118140 0.1103166 0.1555709 0.3702086 0.4823900 0.1899001 0.1292836 0.2493602 0.3092160 0.1149589 0.0808089 
Perityle_gilensis_salensis_225             0.1555475 0.1346062 0.1768527 0.3666733 0.1474533 0.2296912 0.4355552 0.2028409 0.2038317 0.2543520 0.2052384 0.0784697 0.1629019 0.2851347 0.1980533 0.1779506 0.1248666 0.1238802 0.1768210 0.2911393 0.3552912 0.3321709 0.2288059 0.2729029 0.3302581 0.3985925 0.2325181 0.1465215 0.1201521 0.2742775 0.1770329 0.1880535 0.3349992 0.3347183 0.1847187 0.1785657 0.1699606 0.2508012 0.0120358 0.0000000 0.1774351 0.1602439 0.1617233 0.2352315 0.3888562 0.1653065 0.1465777 0.1367851 0.0087890 0.2841331 0.2588750 0.1867924 0.1699708 0.2196737 0.1625232 0.1699162 0.1220955 0.2739319 0.1076451 0.1275935 0.0643024 0.1193893 0.1921553 0.2323268 0.2003387 0.1578820 0.2398746 0.2605914 0.2011431 0.1473281 0.3180243 0.2168693 0.2124814 0.1143060 0.1596360 0.3724463 0.4779097 0.1904367 0.1241429 0.3184723 0.3120745 0.1083573 0.0739211 
Perityle_glaucescens_94                    0.1500384 0.1242298 0.1747569 0.3862433 0.1518818 0.2743182 0.5037964 0.1772123 0.1548247 0.1874308 0.1746839 0.2092477 0.0792903 0.2137743 0.1649609 0.2267688 0.1156067 0.1256959 0.1568796 0.2311789 0.3767993 0.2044342 0.1905963 0.1990563 0.2180888 0.2377827 0.1239321 0.1475863 0.0979036 0.2753620 0.1811763 0.1718742 0.2069568 0.2921235 0.0446155 0.1524355 0.0719460 0.2050319 0.1735523 0.1774351 0.0000000 0.1829940 0.0351492 0.0862477 0.3618167 0.1662405 0.1637312 0.0148188 0.0896919 0.2169997 0.2135886 0.1490421 0.0830975 0.2226164 0.1053177 0.0906233 0.1247015 0.2058186 0.0540127 0.0844409 0.0366904 0.0527742 0.1661263 0.1127574 0.1658476 0.1763955 0.2036119 0.2418542 0.1710845 0.1465521 0.2049490 0.0968866 0.1707188 0.0737258 0.1683555 0.2172430 0.5832619 0.1712047 0.0571720 0.2360535 0.3148230 0.0951213 0.0814717 
Perityle_gracilis_11                       0.2120176 0.1303423 0.2205522 0.4157695 0.1827869 0.3250642 0.5005745 0.2138478 0.1899554 0.1478577 0.1236219 0.1569586 0.0859518 0.0936219 0.1330522 0.2395593 0.0861117 0.0651059 0.1034469 0.1064194 0.3747323 0.1083447 0.0809623 0.1131377 0.1568529 0.1168625 0.2106645 0.1581170 0.1024794 0.2182369 0.2260847 0.2088026 0.0948183 0.1616812 0.2014990 0.0572429 0.2058199 0.0906345 0.1619620 0.1602439 0.1829940 0.0000000 0.1999899 0.1978285 0.3765762 0.1293492 0.1012903 0.1553811 0.1164976 0.0925973 0.0914255 0.1587902 0.1073883 0.1670416 0.0838205 0.0900865 0.0894359 0.0880332 0.0876685 0.1176562 0.0474504 0.0619169 0.1437399 0.2035359 0.1641963 0.2264948 0.2574559 0.1595494 0.1255622 0.2092014 0.0974088 0.0824540 0.0920036 0.0412807 0.2182314 0.2000784 0.5631466 0.1430663 0.1161881 0.1066484 0.1673744 0.1150545 0.0984942 
Perityle_harkerae_31                       0.1605979 0.1352635 0.1729919 0.3835748 0.1405844 0.2730982 0.4917758 0.1838183 0.1351480 0.1627047 0.1694916 0.1653830 0.0969325 0.1612165 0.1525146 0.2347944 0.1264020 0.1343094 0.1487730 0.1690043 0.3838034 0.1735593 0.1500181 0.1623606 0.1483739 0.1739845 0.1168057 0.1633611 0.1030944 0.1609586 0.1717122 0.1777282 0.1599197 0.2251997 0.0261384 0.1330961 0.0683005 0.1628112 0.1655119 0.1617233 0.0351492 0.1999899 0.0000000 0.0655971 0.3619155 0.1615246 0.1664141 0.0306881 0.0942258 0.1619567 0.1627312 0.1500186 0.1013112 0.2293545 0.1204849 0.1019515 0.1327362 0.1484189 0.0596268 0.0862809 0.0366904 0.0649718 0.1569408 0.1075403 0.1550772 0.1706353 0.1821786 0.1682509 0.1614750 0.1667113 0.1577488 0.0997837 0.1581705 0.0810164 0.1579785 0.1189203 0.5361753 0.1597059 0.0726765 0.1739365 0.2306277 0.0979287 0.0844439 
Perityle_hofmeisteria_4_nombre_de_dios     0.1561069 0.1301301 0.1845397 0.3949526 0.1439449 0.2614478 0.5073064 0.1900936 0.1687745 0.2067327 0.1736936 0.2030639 0.0902556 0.1957904 0.1694319 0.2289382 0.1135418 0.1312007 0.1740888 0.2114728 0.3771236 0.1955119 0.2002797 0.1882566 0.1861224 0.2931963 0.1330738 0.1458517 0.0957768 0.2700404 0.1765294 0.1866942 0.1815555 0.2784523 0.0867017 0.1785944 0.0380205 0.2052639 0.2459535 0.2352315 0.0862477 0.1978285 0.0655971 0.0000000 0.3496267 0.1682747 0.1609032 0.0511447 0.1065265 0.2391882 0.2063410 0.1545709 0.0904871 0.2561408 0.1148558 0.1001890 0.1245266 0.2037788 0.0543493 0.0826381 0.0371880 0.0630566 0.1743957 0.1203262 0.1714316 0.1835046 0.2492868 0.2653275 0.1756276 0.1456107 0.1774581 0.0878235 0.1893479 0.0747687 0.1717238 0.3116121 0.5729095 0.1742933 0.0516297 0.2160228 0.3118065 0.0823654 0.0716936 
Perityle_huecosensis_48                    0.3717687 0.3847650 0.3553515 0.3711229 0.3755157 0.3639905 0.3764321 0.4091876 0.3825325 0.3911888 0.3893247 0.3801079 0.3750862 0.3466092 0.3771242 0.2763227 0.3975989 0.3706531 0.3801102 0.3629067 0.1155098 0.3627292 0.3682371 0.3547249 0.3850396 0.3702726 0.3576758 0.3882654 0.3874412 0.3690075 0.3650566 0.4042011 0.3630519 0.3554469 0.3665585 0.3845759 0.3631604 0.3397947 0.3888562 0.3888562 0.3618167 0.3765762 0.3619155 0.3496267 0.0000000 0.3821993 0.3885218 0.3738667 0.3797355 0.3745269 0.3685289 0.3851473 0.3750862 0.3844405 0.3759477 0.4044931 0.3933617 0.3614803 0.3588862 0.3896337 0.2802554 0.3551866 0.3595598 0.3523574 0.3609414 0.3418052 0.3833526 0.3771242 0.3885218 0.3870412 0.3627521 0.3675950 0.3745835 0.3351162 0.3515029 0.3722219 0.5357831 0.3820441 0.3714632 0.3646431 0.3554469 0.3490525 0.3490525 
