85
Amauria_brandeegeana_62                    0.0000000 0.0618332 0.0772485 0.1888112 0.0973376 0.0752114 0.1424674 0.1490101 0.2810859 0.0463895 0.0898808 0.0811230 0.0935335 0.1191904 0.0773501 0.0879064 0.1443093 0.1129289 0.0829241 0.0873031 0.0813138 0.0683114 0.0668218 0.0809443 0.0891194 0.0613209 0.0908593 0.1449026 0.0868858 0.0997995 0.0664561 0.1556331 0.1045559 0.0273401 0.0862120 0.0684292 0.1075164 0.0978722 0.1555487 0.1206508 0.0677802 0.0952263 0.1106807 0.0815495 0.1124797 0.1158790 0.0861275 0.0874767 0.0835071 0.1029858 0.0787612 0.0842557 0.0819691 0.0859771 0.0781143 0.1085014 0.0778673 0.0810149 0.0712820 0.0902953 0.1007313 0.0642518 0.0872258 0.1428402 0.0949278 0.0863757 0.0846584 0.1455836 0.0781633 0.0576817 0.0864811 0.0809494 0.1033717 0.0871559 0.0849905 0.0798050 0.0737079 0.1017637 0.0871215 0.1136671 0.0590882 0.1005946 0.0726988 0.1492101 0.0655644 
Amauria_carterae_99_mesa                   0.0618332 0.0000000 0.0563001 0.1288441 0.0898732 0.0850754 0.1093704 0.1503555 0.1997499 0.0707611 0.0818645 0.0763046 0.0862383 0.0784854 0.0762160 0.0813186 0.0780894 0.0870216 0.0748586 0.0782344 0.0807124 0.0654032 0.0779446 0.0756364 0.0813847 0.0533510 0.0797041 0.0809878 0.0751644 0.0849159 0.0751682 0.1524809 0.0796135 0.0630128 0.0792621 0.0584788 0.0942270 0.0806110 0.0780232 0.1212966 0.0593344 0.0796323 0.0874698 0.0744094 0.0886377 0.0937435 0.0767948 0.0766476 0.0792536 0.0862812 0.0721900 0.0768181 0.0784989 0.0750189 0.0755755 0.1044301 0.0731140 0.0734014 0.0691460 0.0699571 0.0740896 0.0599653 0.0765863 0.1474614 0.0793694 0.0728582 0.0750894 0.1846060 0.0710900 0.0427529 0.0757094 0.0756364 0.0833243 0.0771637 0.0839778 0.0709181 0.0839649 0.0890711 0.0650352 0.0803150 0.0515486 0.0785412 0.0703164 0.1325542 0.0764017 
Amauria_rotundifolia_SRR9119150            0.0772485 0.0563001 0.0000000 0.1351388 0.0916472 0.1010005 0.1205776 0.1530778 0.2450434 0.0984126 0.0988503 0.0778283 0.0980700 0.0754466 0.0781730 0.1113661 0.0877007 0.1597518 0.0935497 0.0821573 0.0778228 0.0606474 0.0560648 0.0822353 0.0907364 0.0629376 0.1106594 0.1121051 0.1074325 0.0987767 0.0684542 0.1613526 0.1085069 0.0878288 0.0850825 0.0745072 0.1178554 0.0868070 0.1590396 0.1637600 0.0831447 0.0912699 0.1095099 0.0820501 0.1145174 0.1055355 0.0865860 0.0669924 0.0852750 0.1058594 0.0916172 0.0823181 0.0866845 0.1097103 0.0788725 0.0993850 0.1025725 0.0829294 0.0844468 0.0716740 0.1269369 0.0665000 0.0780219 0.1561065 0.0936397 0.1075242 0.1086408 0.5256595 0.0697638 0.0401977 0.0839807 0.0822353 0.0928837 0.0871802 0.0855540 0.0751659 0.0470914 0.1124835 0.1047910 0.0950806 0.0522889 0.1559176 0.0863687 0.1541914 0.0728625 
Conoclinium_coelestinum_SRR9119114         0.1888112 0.1288441 0.1351388 0.0000000 0.1650231 0.1165806 0.1274504 0.1546745 0.2324926 0.1823689 0.1992711 0.1883196 0.2047322 0.2033847 0.1476825 0.1951435 0.1919912 0.1720814 0.1649372 0.1617515 0.1862992 0.1460457 0.1172807 0.1866313 0.1887771 0.1412963 0.2053418 0.2595748 0.1994630 0.1696215 0.1467307 0.1651189 0.1773645 0.1460043 0.1918330 0.1671925 0.2067908 0.2107242 0.2298513 0.1834113 0.1297712 0.1915643 0.1948686 0.1568018 0.1969181 0.2492418 0.1936355 0.1962408 0.1924407 0.1947429 0.1520273 0.1895571 0.1874365 0.2114292 0.1505765 0.1783726 0.1552913 0.1570644 0.1600455 0.1480907 0.1588800 0.1557939 0.1431817 0.1759150 0.1982291 0.1770661 0.2090574 0.1999564 0.1436003 0.0916002 0.1840162 0.1866504 0.1849572 0.1859648 0.1564244 0.1688427 0.1161126 0.1806358 0.1564043 0.1835493 0.1355852 0.1870103 0.1616267 0.1412130 0.1308072 
Eutetras_palmeri_63                        0.0973376 0.0898732 0.0916472 0.1650231 0.0000000 0.0262595 0.1390218 0.1316028 0.2649267 0.1149039 0.0916335 0.0867424 0.1056886 0.1062709 0.0867984 0.1182553 0.1573395 0.1797587 0.0959015 0.0987169 0.0945652 0.0731479 0.0662903 0.0968625 0.0956058 0.0772302 0.0967739 0.1585509 0.1346353 0.0981310 0.0680929 0.1479829 0.1048604 0.0895994 0.0990257 0.0656063 0.0947684 0.1007793 0.1685437 0.1333227 0.0912393 0.1077108 0.0933540 0.0935517 0.0990944 0.1372922 0.1128487 0.0816266 0.1006753 0.0903237 0.0899770 0.0981884 0.0922764 0.0928199 0.0875085 0.0990467 0.0827543 0.0906023 0.0888769 0.0921966 0.1217989 0.0582635 0.0683360 0.1412310 0.1110568 0.0985318 0.0908905 0.1446912 0.0859319 0.0455657 0.0942932 0.0962884 0.1231195 0.0892432 0.0966879 0.0907245 0.0817485 0.0935437 0.1070233 0.1651410 0.0763878 0.1068363 0.0928311 0.1644817 0.0418668 
Eutetras_pringlei_149_quer                 0.0752114 0.0850754 0.1010005 0.1165806 0.0262595 0.0000000 0.0790136 0.0936633 0.1204060 0.0851500 0.0664879 0.0608911 0.0787318 0.0657102 0.0585610 0.0776752 0.0994608 0.0686206 0.0852620 0.0596893 0.0736302 0.0528211 0.0474077 0.0649611 0.0579274 0.0437109 0.0664496 0.0758480 0.0817270 0.0687321 0.0753238 0.1142182 0.0958610 0.0564313 0.0577678 0.0288448 0.0722126 0.0657044 0.0829735 0.0927668 0.0554570 0.0625726 0.0680162 0.0600364 0.0663002 0.0808216 0.0561280 0.0503825 0.0649964 0.0646331 0.0600403 0.0616089 0.0673817 0.0680257 0.0667173 0.0984367 0.0632206 0.0821703 0.0625337 0.0554457 0.0909455 0.0547150 0.0335949 0.0679403 0.0737027 0.0815610 0.0681165 0.1073785 0.0497392 0.0133750 0.0593469 0.0649611 0.0738738 0.0628048 0.0721964 0.0599463 0.0649406 0.0702847 0.0710675 0.0651450 0.0325419 0.0841490 0.0625881 0.0457492 0.0399702 
Eutrochium_fistulosum_SRR9119106           0.1424674 0.1093704 0.1205776 0.1274504 0.1390218 0.0790136 0.0000000 0.1251525 0.2276229 0.1425259 0.1317234 0.1244804 0.1205242 0.1227364 0.1249001 0.1430688 0.1241691 0.1522457 0.1406630 0.1379240 0.1274359 0.1176319 0.0969395 0.1250097 0.1287072 0.1246329 0.1504819 0.1604870 0.1407646 0.1327387 0.1078172 0.1320200 0.1510599 0.1296189 0.1260190 0.1335689 0.1417776 0.1531478 0.1527162 0.1554011 0.1153088 0.1432368 0.1384029 0.1229099 0.1386037 0.1835710 0.1279071 0.1251085 0.1294599 0.1382134 0.1218077 0.1253969 0.1224100 0.1405560 0.1249028 0.1545832 0.1006302 0.1294377 0.1175561 0.1226049 0.1234459 0.0981961 0.1050616 0.1486783 0.1460197 0.1433357 0.1369345 0.1498725 0.1150790 0.0921272 0.1228367 0.1250097 0.1865611 0.1212382 0.1296002 0.1182967 0.0952531 0.1230751 0.1292555 0.1319743 0.1153565 0.1623049 0.1201474 0.1102020 0.1114165 
Galeana_pratensis_104_mex                  0.1490101 0.1503555 0.1530778 0.1546745 0.1316028 0.0936633 0.1251525 0.0000000 0.1706296 0.1551013 0.1396095 0.1394145 0.1610773 0.1310813 0.1431146 0.1347259 0.1346188 0.1414930 0.1482286 0.1337326 0.1362794 0.1252621 0.0978810 0.1389996 0.1378058 0.1384470 0.1422178 0.1193991 0.1487464 0.1489292 0.1138669 0.1743483 0.1604057 0.1372925 0.1350763 0.1275198 0.1392912 0.1401510 0.1570416 0.1435001 0.1088293 0.1405117 0.1313484 0.1372298 0.1328604 0.1770079 0.1359208 0.0863447 0.1501739 0.1282454 0.1360127 0.1374150 0.1327482 0.1412815 0.1373185 0.1841194 0.1139345 0.1269768 0.1309442 0.1344079 0.1320030 0.0924525 0.1371768 0.1258599 0.1465164 0.1454495 0.1398335 0.1859225 0.1421974 0.0948012 0.1375510 0.1389996 0.1591059 0.1361854 0.1381377 0.1322245 0.1331968 0.1423766 0.1297376 0.1343111 0.1311091 0.1282382 0.1341701 0.1482407 0.1381675 
Helianthus_annuus_SRR9119062               0.2810859 0.1997499 0.2450434 0.2324926 0.2649267 0.1204060 0.2276229 0.1706296 0.0000000 0.2724091 0.2694304 0.2670656 0.2774252 0.2852965 0.2322020 0.2629250 0.3714978 0.2647059 0.2402140 0.2303733 0.2829242 0.2339827 0.0922015 0.2637510 0.2611220 0.2167653 0.2626099 0.2591660 0.2725531 0.2431619 0.1161771 0.2195538 0.2664289 0.2005598 0.2673662 0.2065687 0.2763452 0.2642199 0.2942651 0.2524646 0.1982090 0.2596192 0.2685259 0.2651537 0.2685068 0.2812214 0.2650759 0.2418141 0.2698200 0.2671201 0.2515809 0.2680712 0.2685765 0.2425976 0.2465044 0.2487828 0.1876508 0.2295335 0.1860145 0.2503879 0.1873115 0.1084830 0.2174661 0.2029370 0.2611025 0.2556786 0.2397927 0.3137820 0.2226118 0.1676288 0.2619537 0.2638177 0.2563200 0.2659361 0.2674520 0.2591564 0.2145460 0.2649863 0.2516153 0.3311472 0.2069282 0.2304798 0.1864380 0.2583754 0.2008887 
Lycapsus_tenuifolius_17                    0.0463895 0.0707611 0.0984126 0.1823689 0.1149039 0.0851500 0.1425259 0.1551013 0.2724091 0.0000000 0.0985021 0.0902010 0.0991558 0.1169464 0.0854412 0.1147343 0.1805329 0.1718145 0.0832461 0.0906391 0.0912421 0.0754661 0.0723886 0.0925932 0.0936104 0.0670913 0.0916803 0.1597410 0.1329113 0.0877819 0.0646331 0.1476682 0.1087164 0.0250854 0.0971301 0.0756023 0.1175870 0.1013474 0.1622887 0.1205436 0.0873245 0.1038622 0.1197409 0.0881123 0.1232332 0.1199435 0.1123224 0.0843606 0.1068207 0.1046526 0.0927748 0.0948671 0.0936518 0.0883618 0.0883127 0.1084694 0.0759733 0.0796710 0.0831931 0.1055483 0.1189703 0.0655504 0.0842680 0.1443303 0.1090350 0.0966848 0.0864969 0.1537354 0.0820645 0.0575612 0.0946654 0.0914676 0.0982934 0.0923460 0.0923075 0.0926192 0.0798840 0.1085428 0.1020890 0.1991088 0.0646845 0.0980035 0.0901926 0.1740355 0.0673122 
Pericome_caudata_50_silver                 0.0898808 0.0818645 0.0988503 0.1992711 0.0916335 0.0664879 0.1317234 0.1396095 0.2694304 0.0985021 0.0000000 0.0816134 0.0698662 0.1022827 0.0665371 0.1294283 0.1559191 0.1808135 0.0892824 0.0863311 0.0714268 0.0570506 0.0619756 0.0888906 0.0710954 0.0760462 0.1087489 0.1716150 0.1460881 0.1028470 0.0818449 0.1456275 0.1405402 0.0825839 0.0979982 0.0725567 0.1011256 0.0939437 0.1620003 0.1273900 0.0729421 0.0890503 0.1152229 0.0707331 0.1029359 0.1467768 0.0980226 0.0989202 0.1042217 0.0890269 0.0634231 0.0899051 0.0725132 0.1059073 0.0641254 0.1152391 0.0868238 0.0852659 0.0811932 0.0987208 0.1074440 0.0756751 0.0868905 0.1564896 0.1180898 0.0997116 0.1058164 0.0991560 0.0800994 0.0339498 0.0694387 0.0879015 0.1152166 0.0790235 0.0905901 0.0786328 0.0519391 0.0641146 0.1039168 0.1821750 0.0586009 0.1113357 0.0901189 0.1638501 0.0565639 
Perityle_aglossa_84_dead_horse             0.0811230 0.0763046 0.0778283 0.1883196 0.0867424 0.0608911 0.1244804 0.1394145 0.2670656 0.0902010 0.0816134 0.0000000 0.0441592 0.0885861 0.0360703 0.0973439 0.1016023 0.1617912 0.0840948 0.0740535 0.0490064 0.0354021 0.0485342 0.0472984 0.0467969 0.0464946 0.1131352 0.1509785 0.1289272 0.1020236 0.0736124 0.1523716 0.1151418 0.0776235 0.0623877 0.0608647 0.0973966 0.0878825 0.1513280 0.1261741 0.0475893 0.0795710 0.1126027 0.0410035 0.0934302 0.1261287 0.0385439 0.0638435 0.0585241 0.0862469 0.0451158 0.0467772 0.0414523 0.1099660 0.0325859 0.1051267 0.0814434 0.0765497 0.0663014 0.0567400 0.1013426 0.0646520 0.0768784 0.1594879 0.0983484 0.0908753 0.1215214 0.1140740 0.0920189 0.0339137 0.0427834 0.0468248 0.1136226 0.0479955 0.0472396 0.0377499 0.0321093 0.0833789 0.0844942 0.1159459 0.0321716 0.1171586 0.0698822 0.1612232 0.0599964 
Perityle_ajoensis_204                      0.0935335 0.0862383 0.0980700 0.2047322 0.1056886 0.0787318 0.1205242 0.1610773 0.2774252 0.0991558 0.0698662 0.0441592 0.0000000 0.1096831 0.0169209 0.1174302 0.1539981 0.1840001 0.1038807 0.0791715 0.0484092 0.0292032 0.0525882 0.0137604 0.0405559 0.0198871 0.1119326 0.1566315 0.1110280 0.1095000 0.0728286 0.1821896 0.1272448 0.0775657 0.0321896 0.0578515 0.0883619 0.0936523 0.1564693 0.1507022 0.0405159 0.0904196 0.0907621 0.0191205 0.0940135 0.1589324 0.0301864 0.0194644 0.0138857 0.0803110 0.0257309 0.0183980 0.0451061 0.1031518 0.0159912 0.1414294 0.0957788 0.0895236 0.0725999 0.0505976 0.1022267 0.0673179 0.0853047 0.1832649 0.0898503 0.1005374 0.1107245 0.1178123 0.0848486 0.0243755 0.0170481 0.0137524 0.1226391 0.0375404 0.0350486 0.0240066 0.0381975 0.0859183 0.0843831 0.1117367 0.0422906 0.1019015 0.0716013 0.2050891 0.0709626 
Perityle_ambrosiifolia_67_green            0.1191904 0.0784854 0.0754466 0.2033847 0.1062709 0.0657102 0.1227364 0.1310813 0.2852965 0.1169464 0.1022827 0.0885861 0.1096831 0.0000000 0.0388634 0.1201013 0.1086011 0.1274446 0.0887474 0.0787399 0.0575594 0.0340978 0.0667700 0.0967195 0.0782166 0.0480240 0.1274493 0.1600518 0.1379591 0.0976332 0.0721836 0.1506362 0.1115312 0.0786258 0.0883044 0.0490787 0.1312813 0.1285924 0.1689488 0.1314118 0.0246112 0.1094935 0.1427954 0.0616333 0.1294801 0.1606725 0.0851359 0.1323156 0.0836613 0.1290721 0.0572127 0.0942134 0.0548680 0.1299560 0.0463083 0.0988879 0.0857000 0.0789725 0.0862069 0.0510464 0.0902669 0.0634136 0.0650710 0.1580962 0.1440275 0.1126390 0.1410577 0.1448598 0.0629955 0.0426493 0.0671492 0.0966659 0.1105920 0.0914594 0.0409612 0.0655917 0.0307324 0.1121378 0.0932304 0.0958294 0.0458220 0.1218948 0.0873994 0.1364345 0.0562761 
Perityle_angustifolia_13_Eagle_creek       0.0773501 0.0762160 0.0781730 0.1476825 0.0867984 0.0585610 0.1249001 0.1431146 0.2322020 0.0854412 0.0665371 0.0360703 0.0169209 0.0388634 0.0000000 0.0944189 0.1108979 0.1600175 0.0871890 0.0637651 0.0456947 0.0273364 0.0487447 0.0188745 0.0345869 0.0292051 0.0930992 0.0985038 0.0878259 0.0944180 0.0730378 0.1491730 0.1192769 0.0702607 0.0315505 0.0532458 0.0840196 0.0731396 0.1238992 0.1342824 0.0389468 0.0698020 0.0846840 0.0208057 0.0900107 0.0951363 0.0326859 0.0357472 0.0268210 0.0750148 0.0336777 0.0233914 0.0401159 0.0864264 0.0194851 0.1061446 0.0805000 0.0778413 0.0602467 0.0483407 0.0994620 0.0607971 0.0702455 0.1588377 0.0821750 0.0872412 0.0864421 0.1382439 0.0727847 0.0196197 0.0229191 0.0188745 0.1059514 0.0382801 0.0349012 0.0211963 0.0293905 0.0854902 0.0800966 0.0979158 0.0358606 0.1162573 0.0614097 0.1719644 0.0601087 
Perityle_batopilensis_97                   0.0879064 0.0813186 0.1113661 0.1951435 0.1182553 0.0776752 0.1430688 0.1347259 0.2629250 0.1147343 0.1294283 0.0973439 0.1174302 0.1201013 0.0944189 0.0000000 0.1783823 0.1834677 0.0769344 0.0950408 0.1072262 0.0802895 0.0666015 0.1113626 0.1037581 0.0820939 0.0786749 0.0987230 0.1490362 0.0970470 0.0543140 0.1374336 0.1112991 0.0927390 0.1305260 0.0711741 0.1382061 0.1038598 0.1695051 0.1117330 0.1020471 0.0971887 0.1571640 0.1035331 0.1414118 0.1253064 0.1190791 0.1016976 0.1210926 0.1197543 0.0952487 0.1119588 0.1035955 0.0790918 0.0973901 0.1178895 0.0361500 0.0585333 0.0866597 0.1014288 0.1240139 0.0418177 0.0922651 0.1098427 0.1262622 0.0993178 0.0771330 0.1652289 0.1095929 0.0663001 0.1057717 0.1103241 0.1078418 0.1061818 0.1065033 0.1072634 0.0875722 0.1131026 0.1050595 0.1914757 0.0673566 0.0796484 0.0957993 0.1915420 0.0748447 
Perityle_bisetosa_9                        0.1443093 0.0780894 0.0877007 0.1919912 0.1573395 0.0994608 0.1241691 0.1346188 0.3714978 0.1805329 0.1559191 0.1016023 0.1539981 0.1086011 0.1108979 0.1783823 0.0000000 0.2486295 0.1271026 0.1077452 0.0429285 0.0260327 0.0502339 0.1188749 0.1208084 0.0514923 0.2025680 0.2329788 0.2009301 0.1141760 0.0738530 0.2291664 0.1258842 0.1410475 0.1360647 0.0528263 0.1730885 0.1436091 0.2422734 0.1923429 0.1314526 0.1422544 0.1862752 0.1053310 0.1690056 0.1989509 0.1199032 0.0470480 0.1335506 0.1470087 0.1171885 0.1203567 0.0932454 0.2013819 0.1257374 0.1124052 0.1691311 0.1027135 0.1412267 0.0618561 0.1390908 0.0591478 0.0715319 0.1711125 0.1763360 0.1689222 0.2038415 0.2406710 0.0981553 0.0310003 0.1121175 0.1178903 0.1757590 0.1163865 0.1002624 0.1089566 0.0251231 0.1349947 0.1619738 0.1804103 0.0415921 0.1420624 0.1412283 0.1798818 0.0582305 
Perityle_californica_76_positas            0.1129289 0.0870216 0.1597518 0.1720814 0.1797587 0.0686206 0.1522457 0.1414930 0.2647059 0.1718145 0.1808135 0.1617912 0.1840001 0.1274446 0.1600175 0.1834677 0.2486295 0.0000000 0.0940115 0.0973308 0.1530128 0.1154202 0.0650059 0.1869407 0.1740466 0.1295164 0.1565284 0.1928331 0.1941748 0.0920398 0.0646400 0.0960640 0.1135519 0.1290428 0.1832883 0.1159139 0.1929697 0.1342671 0.1955193 0.0914258 0.1941248 0.1483289 0.1945025 0.1502606 0.1973790 0.2007867 0.1897668 0.1032023 0.1941620 0.1515254 0.1611273 0.1861228 0.1840648 0.1558232 0.1697482 0.1561990 0.0727222 0.0787198 0.1546912 0.1559516 0.1531249 0.0433530 0.1027174 0.1327814 0.1772590 0.1676501 0.1558519 0.2061879 0.1198914 0.0783692 0.1762426 0.1869407 0.1277599 0.1637767 0.1541851 0.1860312 0.1023217 0.1503846 0.1878553 0.2225573 0.1151477 0.0966836 0.1735140 0.0702349 0.0805704 
Perityle_canescens_77                      0.0829241 0.0748586 0.0935497 0.1649372 0.0959015 0.0852620 0.1406630 0.1482286 0.2402140 0.0832461 0.0892824 0.0840948 0.1038807 0.0887474 0.0871890 0.0769344 0.1271026 0.0940115 0.0000000 0.0888890 0.0896945 0.0765020 0.0706978 0.0834498 0.0939215 0.0624002 0.0844392 0.1052239 0.0705468 0.0963620 0.0613356 0.1475245 0.0899350 0.0857460 0.0916390 0.0531503 0.1042072 0.0888930 0.1249654 0.1110350 0.0771954 0.0890932 0.1020469 0.0864150 0.1104897 0.0989503 0.0872412 0.0856758 0.0864344 0.0917766 0.0871854 0.0888065 0.0867542 0.0807405 0.0856428 0.1038929 0.0679087 0.0604088 0.0743556 0.0851454 0.1013388 0.0377838 0.0782031 0.1413647 0.0888008 0.0753304 0.0792132 0.1777931 0.0675233 0.0576109 0.0877201 0.0834498 0.1066844 0.0903976 0.0951874 0.0892962 0.0893141 0.0958506 0.0890946 0.1085073 0.0589665 0.0881591 0.0757391 0.1329005 0.0546212 
Perityle_castillonii_96                    0.0873031 0.0782344 0.0821573 0.1617515 0.0987169 0.0596893 0.1379240 0.1337326 0.2303733 0.0906391 0.0863311 0.0740535 0.0791715 0.0787399 0.0637651 0.0950408 0.1077452 0.0973308 0.0888890 0.0000000 0.0821832 0.0493717 0.0186519 0.0768559 0.0819323 0.0501633 0.0999403 0.1175620 0.0971813 0.1035592 0.0688402 0.1294524 0.1075106 0.0689507 0.0782887 0.0525845 0.0947961 0.0133069 0.1340486 0.1233145 0.0630447 0.0214250 0.0990847 0.0783871 0.1016915 0.1217407 0.0683917 0.0787154 0.0811757 0.0892660 0.0689716 0.0791445 0.0777942 0.0923247 0.0782344 0.1045311 0.0775289 0.0857936 0.0197077 0.0605958 0.0853363 0.0563004 0.0698122 0.1501381 0.0266270 0.1012919 0.0907800 0.1759145 0.0721731 0.0310047 0.0732975 0.0761372 0.1030724 0.0681251 0.0841845 0.0753469 0.0649261 0.1054435 0.0941478 0.0968278 0.0561641 0.1107772 0.0211209 0.1290269 0.0580967 
Perityle_cernua_84                         0.0813138 0.0807124 0.0778228 0.1862992 0.0945652 0.0736302 0.1274359 0.1362794 0.2829242 0.0912421 0.0714268 0.0490064 0.0484092 0.0575594 0.0456947 0.1072262 0.0429285 0.1530128 0.0896945 0.0821832 0.0000000 0.0377230 0.0723667 0.0505525 0.0372816 0.0603580 0.0999939 0.1544357 0.0978526 0.1042659 0.0703908 0.1572121 0.1136640 0.0808266 0.0433302 0.0568659 0.0903854 0.0895624 0.1696535 0.1279527 0.0317009 0.0862879 0.0889609 0.0533217 0.0942039 0.1266599 0.0434390 0.0529051 0.0669471 0.0855697 0.0586503 0.0522468 0.0248560 0.0959806 0.0463245 0.1058682 0.0915338 0.0828458 0.0686763 0.0506578 0.0994272 0.0663893 0.0667185 0.1554266 0.0993912 0.0947730 0.0939283 0.1339707 0.0678746 0.0455806 0.0450356 0.0494230 0.1119969 0.0502948 0.0536901 0.0423140 0.0354345 0.0854277 0.0857978 0.0686195 0.0437982 0.1277624 0.0729600 0.1359103 0.0581439 
Perityle_cfvillosa_25_tin                  0.0683114 0.0654032 0.0606474 0.1460457 0.0731479 0.0528211 0.1176319 0.1252621 0.2339827 0.0754661 0.0570506 0.0354021 0.0292032 0.0340978 0.0273364 0.0802895 0.0260327 0.1154202 0.0765020 0.0493717 0.0377230 0.0000000 0.0426464 0.0307288 0.0367952 0.0447895 0.0842887 0.1037618 0.0761826 0.0809267 0.0712846 0.1384079 0.0919972 0.0621286 0.0294008 0.0540665 0.0739993 0.0516739 0.1302574 0.1126844 0.0452668 0.0456037 0.0728203 0.0342156 0.0820022 0.0927209 0.0294714 0.0315259 0.0314364 0.0674854 0.0215071 0.0371091 0.0350556 0.0770183 0.0246191 0.0960901 0.0741966 0.0674515 0.0191677 0.0098710 0.0777830 0.0610622 0.0668177 0.1564394 0.0516299 0.0784450 0.0753608 0.1339051 0.0674999 0.0196296 0.0219437 0.0307288 0.1063994 0.0312579 0.0420347 0.0311752 0.0229037 0.0755433 0.0746805 0.0443178 0.0446520 0.1095085 0.0221682 0.1263208 0.0564294 
Perityle_cinerea_113_Powell1310            0.0668218 0.0779446 0.0560648 0.1172807 0.0662903 0.0474077 0.0969395 0.0978810 0.0922015 0.0723886 0.0619756 0.0485342 0.0525882 0.0667700 0.0487447 0.0666015 0.0502339 0.0650059 0.0706978 0.0186519 0.0723667 0.0426464 0.0000000 0.0499575 0.0613795 0.0269385 0.0827050 0.0736039 0.0741593 0.0630070 0.0602817 0.1092929 0.0746114 0.0439632 0.0596881 0.0614675 0.0637137 0.0221130 0.0649346 0.0799301 0.0489463 0.0152608 0.0593080 0.0467670 0.0611323 0.0606079 0.0432230 0.0388959 0.0537245 0.0574795 0.0485588 0.0463791 0.0686253 0.0808897 0.0521118 0.1178823 0.0632085 0.0666962 0.0169384 0.0477174 0.0774646 0.0536900 0.0743426 0.0740086 0.0167902 0.0704283 0.0776612 0.1365581 0.0657663 0.0302507 0.0468571 0.0499575 0.0724292 0.0505085 0.0539699 0.0464937 0.0557272 0.0779421 0.0649781 0.0560399 0.0488817 0.0684934 0.0202294 0.0815283 0.0656715 
Perityle_coahuilensis_24                   0.0809443 0.0756364 0.0822353 0.1866313 0.0968625 0.0649611 0.1250097 0.1389996 0.2637510 0.0925932 0.0888906 0.0472984 0.0137604 0.0967195 0.0188745 0.1113626 0.1188749 0.1869407 0.0834498 0.0768559 0.0505525 0.0307288 0.0499575 0.0000000 0.0396657 0.0175124 0.1256091 0.1631138 0.1464559 0.0979282 0.0738180 0.1507994 0.1241022 0.0724812 0.0605698 0.0642585 0.0998463 0.0931228 0.1544400 0.1286867 0.0331296 0.0873664 0.1152497 0.0147056 0.1027827 0.1494471 0.0566784 0.0245066 0.0244966 0.0863492 0.0288399 0.0204670 0.0467697 0.1171879 0.0112448 0.1120081 0.0819631 0.0721922 0.0733219 0.0554969 0.1022987 0.0604360 0.0700713 0.1604529 0.1171687 0.0948615 0.1261910 0.1250187 0.0983699 0.0224322 0.0273996 0.0014585 0.1147096 0.0375031 0.0273724 0.0239687 0.0285939 0.0854082 0.0861222 0.1329400 0.0294283 0.1183443 0.0751715 0.1727261 0.0636702 
Perityle_cochisensis_44_cave_creek         0.0891194 0.0813847 0.0907364 0.1887771 0.0956058 0.0579274 0.1287072 0.1378058 0.2611220 0.0936104 0.0710954 0.0467969 0.0405559 0.0782166 0.0345869 0.1037581 0.1208084 0.1740466 0.0939215 0.0819323 0.0372816 0.0367952 0.0613795 0.0396657 0.0000000 0.0594383 0.0969702 0.1570024 0.1062641 0.1033989 0.0720622 0.1535094 0.1208848 0.0824716 0.0326427 0.0619117 0.0945073 0.0943995 0.1547117 0.1303415 0.0439080 0.0904911 0.0923178 0.0431829 0.0969905 0.1376267 0.0361074 0.0450125 0.0402368 0.0850785 0.0502530 0.0416723 0.0349764 0.0929746 0.0391390 0.1097239 0.0856753 0.0780625 0.0712039 0.0567081 0.1035920 0.0678439 0.0824075 0.1473618 0.0973578 0.0956341 0.0979485 0.1143289 0.0782623 0.0664597 0.0336778 0.0391573 0.1175055 0.0493467 0.0506584 0.0385078 0.0524062 0.0879822 0.0827739 0.1106623 0.0449713 0.1268312 0.0722884 0.1775169 0.0710808 
Perityle_congesta_202                      0.0613209 0.0533510 0.0629376 0.1412963 0.0772302 0.0437109 0.1246329 0.1384470 0.2167653 0.0670913 0.0760462 0.0464946 0.0198871 0.0480240 0.0292051 0.0820939 0.0514923 0.1295164 0.0624002 0.0501633 0.0603580 0.0447895 0.0269385 0.0175124 0.0594383 0.0000000 0.0929109 0.0906764 0.0816421 0.0743090 0.0539407 0.1336411 0.0946331 0.0744494 0.0636884 0.0664322 0.1013431 0.0514250 0.1325902 0.1357325 0.0318108 0.0519994 0.1002175 0.0200055 0.1000169 0.0754407 0.0562196 0.0207532 0.0175094 0.0715321 0.0418516 0.0139766 0.0615098 0.0940035 0.0144832 0.0918925 0.0712117 0.0525237 0.0507312 0.0505551 0.1026573 0.0564941 0.0716703 0.1431626 0.0568733 0.0731041 0.0907542 0.6037700 0.0762703 0.0224240 0.0361364 0.0175124 0.0628553 0.0357823 0.0147314 0.0223544 0.0074799 0.0886485 0.0651839 0.0568796 0.0360171 0.1195881 0.0507007 0.1386439 0.0530693 
Perityle_cordifolia_27                     0.0908593 0.0797041 0.1106594 0.2053418 0.0967739 0.0664496 0.1504819 0.1422178 0.2626099 0.0916803 0.1087489 0.1131352 0.1119326 0.1274493 0.0930992 0.0786749 0.2025680 0.1565284 0.0844392 0.0999403 0.0999939 0.0842887 0.0827050 0.1256091 0.0969702 0.0929109 0.0000000 0.1491467 0.1273154 0.1006299 0.0680152 0.1382752 0.1276299 0.0928686 0.1230114 0.0686579 0.1239377 0.1055775 0.1788929 0.1138993 0.0896756 0.1019003 0.1457358 0.0977828 0.1279778 0.1645152 0.1063558 0.1162078 0.1361178 0.1157821 0.0949262 0.1238536 0.0995289 0.0077714 0.0960965 0.1256355 0.0438458 0.0630713 0.0896578 0.1367057 0.1192267 0.0514776 0.0948932 0.1040200 0.1400075 0.0886477 0.0107720 0.1621383 0.1125041 0.0844058 0.0970406 0.1348845 0.1150916 0.1064592 0.1244294 0.1236557 0.0951413 0.1085532 0.1051757 0.1629251 0.0752273 0.0872496 0.1283912 0.1850734 0.0764097 
Perityle_cordifolia_68_tecolote            0.1449026 0.0809878 0.1121051 0.2595748 0.1585509 0.0758480 0.1604870 0.1193991 0.2591660 0.1597410 0.1716150 0.1509785 0.1566315 0.1600518 0.0985038 0.0987230 0.2329788 0.1928331 0.1052239 0.1175620 0.1544357 0.1037618 0.0736039 0.1631138 0.1570024 0.0906764 0.1491467 0.0000000 0.2030681 0.1283724 0.0629037 0.1337878 0.1416516 0.0906332 0.1788651 0.0646786 0.1842019 0.1609229 0.2112467 0.1479781 0.1028114 0.1375264 0.2005315 0.1341161 0.1815079 0.2123746 0.1663310 0.1865852 0.1853065 0.1583887 0.1219329 0.1608140 0.1491412 0.1468813 0.1262474 0.1154484 0.0157184 0.0836985 0.1064108 0.1212426 0.1211214 0.0432287 0.0858353 0.1048942 0.1909665 0.1382480 0.1510204 0.2562057 0.1081668 0.0646163 0.1511762 0.1651632 0.1137305 0.1574325 0.1346391 0.1497037 0.0908913 0.1575332 0.1346741 0.2528036 0.0673224 0.0992161 0.1174048 0.1742080 0.0638075 
Perityle_coronopifolia_28_patagonia        0.0868858 0.0751644 0.1074325 0.1994630 0.1346353 0.0817270 0.1407646 0.1487464 0.2725531 0.1329113 0.1460881 0.1289272 0.1110280 0.1379591 0.0878259 0.1490362 0.2009301 0.1941748 0.0705468 0.0971813 0.0978526 0.0761826 0.0741593 0.1464559 0.1062641 0.0816421 0.1273154 0.2030681 0.0000000 0.1037134 0.0697677 0.1437015 0.1302558 0.0884592 0.1457161 0.0448467 0.1392799 0.1090441 0.1928583 0.1219059 0.1287694 0.1071560 0.1462865 0.0959427 0.1393295 0.2010040 0.1488959 0.1173290 0.1616811 0.1081801 0.0916976 0.1471614 0.1169971 0.1271586 0.1072842 0.1053684 0.0566692 0.0639278 0.1171702 0.1277089 0.1095395 0.0473205 0.0808142 0.1274697 0.1735322 0.0351324 0.1366770 0.1714043 0.1247164 0.0695479 0.1072393 0.1459030 0.1124076 0.1208818 0.1281265 0.1307116 0.0825662 0.1046174 0.1454906 0.1939116 0.0601143 0.0463122 0.1496415 0.1722181 0.0637013 
Perityle_crassifolia_70_ventanas           0.0997995 0.0849159 0.0987767 0.1696215 0.0981310 0.0687321 0.1327387 0.1489292 0.2431619 0.0877819 0.1028470 0.1020236 0.1095000 0.0976332 0.0944180 0.0970470 0.1141760 0.0920398 0.0963620 0.1035592 0.1042659 0.0809267 0.0630070 0.0979282 0.1033989 0.0743090 0.1006299 0.1283724 0.1037134 0.0000000 0.0160232 0.1259100 0.1077684 0.0895278 0.1078639 0.0758969 0.1129428 0.1115902 0.1111723 0.1202180 0.0804357 0.1075015 0.1067871 0.0969697 0.1182444 0.1193177 0.1032988 0.0912060 0.1006329 0.1077186 0.0960754 0.0990476 0.0972802 0.0941036 0.0986556 0.1300782 0.0756322 0.0928874 0.0776866 0.0876893 0.1098639 0.0556916 0.0867203 0.1281074 0.1084961 0.1054060 0.0912934 0.1654845 0.0884792 0.0588746 0.0993700 0.0988054 0.0661168 0.1046174 0.1093831 0.1003893 0.0863573 0.1153649 0.1152714 0.0982512 0.0760867 0.1039780 0.0797508 0.1095151 0.0749888 
Perityle_crassifolia_74_playa_balandra     0.0664561 0.0751682 0.0684542 0.1467307 0.0680929 0.0753238 0.1078172 0.1138669 0.1161771 0.0646331 0.0818449 0.0736124 0.0728286 0.0721836 0.0730378 0.0543140 0.0738530 0.0646400 0.0613356 0.0688402 0.0703908 0.0712846 0.0602817 0.0738180 0.0720622 0.0539407 0.0680152 0.0629037 0.0697677 0.0160232 0.0000000 0.1070140 0.0783095 0.0557043 0.0774677 0.0510895 0.0873691 0.0758244 0.0665213 0.0773542 0.0439391 0.0670541 0.0828929 0.0702503 0.0828177 0.0766778 0.0773787 0.0780537 0.0756733 0.0792238 0.0737746 0.0702704 0.0703456 0.0628319 0.0755491 0.1159817 0.0543644 0.0576526 0.0651803 0.0708943 0.0875879 0.0581956 0.0747011 0.0759102 0.0722220 0.0662693 0.0663494 0.1597903 0.0663856 0.0412463 0.0686058 0.0738180 0.0143994 0.0738113 0.0755984 0.0684388 0.0700169 0.0879101 0.0717409 0.0705259 0.0510443 0.0543598 0.0669953 0.0765749 0.0663051 
Perityle_cuneata_34_cuneata_San_antonio    0.1556331 0.1524809 0.1613526 0.1651189 0.1479829 0.1142182 0.1320200 0.1743483 0.2195538 0.1476682 0.1456275 0.1523716 0.1821896 0.1506362 0.1491730 0.1374336 0.2291664 0.0960640 0.1475245 0.1294524 0.1572121 0.1384079 0.1092929 0.1507994 0.1535094 0.1336411 0.1382752 0.1337878 0.1437015 0.1259100 0.1070140 0.0000000 0.1603809 0.1282555 0.1522700 0.1208813 0.1637600 0.1358668 0.1579139 0.1319238 0.1316581 0.1373182 0.1627618 0.1460546 0.1609269 0.1439912 0.1522418 0.1028769 0.1568639 0.1582377 0.1465306 0.1473769 0.1506580 0.1392493 0.1516803 0.1547661 0.1141406 0.1352964 0.1294133 0.1525994 0.1737184 0.0820993 0.1296295 0.1360038 0.1403828 0.1436843 0.1371054 0.2347221 0.1401742 0.0820900 0.1510520 0.1507994 0.1374666 0.1477730 0.1529969 0.1481639 0.1347024 0.1589303 0.1486005 0.1891139 0.1392429 0.1386838 0.1288956 0.0775694 0.1321483 
Perityle_cuneata_4                         0.1045559 0.0796135 0.1085069 0.1773645 0.1048604 0.0958610 0.1510599 0.1604057 0.2664289 0.1087164 0.1405402 0.1151418 0.1272448 0.1115312 0.1192769 0.1112991 0.1258842 0.1135519 0.0899350 0.1075106 0.1136640 0.0919972 0.0746114 0.1241022 0.1208848 0.0946331 0.1276299 0.1416516 0.1302558 0.1077684 0.0783095 0.1603809 0.0000000 0.1140680 0.1608421 0.0852864 0.1423472 0.1177545 0.1485520 0.1287490 0.1128628 0.1145330 0.1682062 0.1151689 0.1464894 0.1514988 0.1152625 0.1094766 0.1254601 0.1339944 0.1122842 0.1229967 0.1147102 0.1255198 0.1117588 0.1312390 0.0845740 0.0891854 0.1107657 0.1106333 0.1305785 0.0611151 0.0876683 0.1587755 0.1573117 0.0983024 0.1287756 0.2134192 0.1189829 0.0639137 0.1121828 0.1233482 0.1449904 0.1161999 0.1294831 0.1139398 0.0951941 0.1282740 0.1357273 0.1171142 0.0784240 0.0985507 0.1211409 0.1255006 0.0706131 
Perityle_discoidea_81                      0.0273401 0.0630128 0.0878288 0.1460043 0.0895994 0.0564313 0.1296189 0.1372925 0.2005598 0.0250854 0.0825839 0.0776235 0.0775657 0.0786258 0.0702607 0.0927390 0.1410475 0.1290428 0.0857460 0.0689507 0.0808266 0.0621286 0.0439632 0.0724812 0.0824716 0.0744494 0.0928686 0.0906332 0.0884592 0.0895278 0.0557043 0.1282555 0.1140680 0.0000000 0.0740950 0.0782947 0.1030686 0.0777001 0.1286018 0.1269107 0.0772956 0.0805164 0.1037329 0.0766018 0.1015710 0.0785273 0.0824511 0.0642285 0.0764134 0.0859602 0.0751217 0.0748632 0.0772844 0.0937354 0.0738292 0.1111797 0.0781989 0.0778655 0.0714285 0.0864158 0.1076768 0.0587895 0.0826710 0.1111339 0.0900095 0.0877337 0.0913050 0.1635282 0.0790747 0.0545686 0.0735850 0.0724812 0.0694766 0.0795841 0.0815202 0.0747495 0.0614102 0.0988707 0.0844346 0.1154817 0.0630019 0.1094244 0.0725975 0.1348288 0.0530819 
Perityle_dissecta_201                      0.0862120 0.0792621 0.0850825 0.1918330 0.0990257 0.0577678 0.1260190 0.1350763 0.2673662 0.0971301 0.0979982 0.0623877 0.0321896 0.0883044 0.0315505 0.1305260 0.1360647 0.1832883 0.0916390 0.0782887 0.0433302 0.0294008 0.0596881 0.0605698 0.0326427 0.0636884 0.1230114 0.1788651 0.1457161 0.1078639 0.0774677 0.1522700 0.1608421 0.0740950 0.0000000 0.0533961 0.0980079 0.0914943 0.1797153 0.1343894 0.0477463 0.0857246 0.1185901 0.0392011 0.0996122 0.1571134 0.0653910 0.0798565 0.0772137 0.0876876 0.0466630 0.0631779 0.0427137 0.1194938 0.0314604 0.1216195 0.0837166 0.0780890 0.0778266 0.0871053 0.0937432 0.0605808 0.0747099 0.1596118 0.1217683 0.1021946 0.1207252 0.1290709 0.1175254 0.0370536 0.0350235 0.0601076 0.1185644 0.0623834 0.0782101 0.0583546 0.0452957 0.0874976 0.1093642 0.1606707 0.0340082 0.1256327 0.0973398 0.1629028 0.0637477 
Perityle_emoryi_47_punta_san_jose          0.0684292 0.0584788 0.0745072 0.1671925 0.0656063 0.0288448 0.1335689 0.1275198 0.2065687 0.0756023 0.0725567 0.0608647 0.0578515 0.0490787 0.0532458 0.0711741 0.0528263 0.1159139 0.0531503 0.0525845 0.0568659 0.0540665 0.0614675 0.0642585 0.0619117 0.0664322 0.0686579 0.0646786 0.0448467 0.0758969 0.0510895 0.1208813 0.0852864 0.0782947 0.0533961 0.0000000 0.0979371 0.0586897 0.1127267 0.1330826 0.0643585 0.0572537 0.0925877 0.0641542 0.0992516 0.0591836 0.0537449 0.0856004 0.0654131 0.0894362 0.0716556 0.0633089 0.0559371 0.0675956 0.0586190 0.0829555 0.0420426 0.0381858 0.0548972 0.0567585 0.0806170 0.0464383 0.0697203 0.1036870 0.0719449 0.0427933 0.0664926 0.6101066 0.0664666 0.0573473 0.0454055 0.0642585 0.0618110 0.0717173 0.0664301 0.0515819 0.0480136 0.0836771 0.0514549 0.0652908 0.0553796 0.0797935 0.0569446 0.1205926 0.0365526 
Perityle_feddemae_99                       0.1075164 0.0942270 0.1178554 0.2067908 0.0947684 0.0722126 0.1417776 0.1392912 0.2763452 0.1175870 0.1011256 0.0973966 0.0883619 0.1312813 0.0840196 0.1382061 0.1730885 0.1929697 0.1042072 0.0947961 0.0903854 0.0739993 0.0637137 0.0998463 0.0945073 0.1013431 0.1239377 0.1842019 0.1392799 0.1129428 0.0873691 0.1637600 0.1423472 0.1030686 0.0980079 0.0979371 0.0000000 0.1104964 0.1733883 0.1413281 0.0985723 0.1047328 0.0378741 0.0873139 0.0490069 0.1650774 0.1099991 0.0953111 0.1021290 0.0446093 0.0849330 0.0989061 0.0902007 0.1184479 0.0842552 0.1406403 0.0995827 0.0980337 0.1052215 0.1034893 0.1209490 0.0724828 0.0943718 0.1739967 0.1191348 0.1177391 0.1236782 0.1309549 0.1245245 0.0431037 0.0986532 0.0998020 0.1208703 0.0955323 0.0980626 0.0855690 0.0619835 0.1067982 0.1087131 0.1711607 0.0810161 0.1222428 0.1047139 0.1921160 0.0754616 
Perityle_fosteri_93                        0.0978722 0.0806110 0.0868070 0.2107242 0.1007793 0.0657044 0.1531478 0.1401510 0.2642199 0.1013474 0.0939437 0.0878825 0.0936523 0.1285924 0.0731396 0.1038598 0.1436091 0.1342671 0.0888930 0.0133069 0.0895624 0.0516739 0.0221130 0.0931228 0.0943995 0.0514250 0.1055775 0.1609229 0.1090441 0.1115902 0.0758244 0.1358668 0.1177545 0.0777001 0.0914943 0.0586897 0.1104964 0.0000000 0.1679925 0.1319397 0.0708373 0.0262111 0.1121279 0.0908968 0.1144663 0.1505537 0.0813955 0.0966865 0.0941708 0.1061941 0.0838970 0.0950003 0.0917805 0.1003222 0.0904573 0.1060831 0.0853444 0.0915196 0.0197191 0.0701701 0.1013019 0.0635465 0.0698087 0.1503622 0.0315217 0.1099911 0.1049858 0.1626876 0.0716854 0.0280858 0.0852424 0.0925115 0.1186747 0.0848626 0.0933307 0.0860980 0.0686910 0.1074150 0.1014355 0.1333748 0.0530269 0.1172045 0.0208837 0.1659268 0.0543730 
Perityle_gamon_221                         0.1555487 0.0780232 0.1590396 0.2298513 0.1685437 0.0829735 0.1527162 0.1570416 0.2942651 0.1622887 0.1620003 0.1513280 0.1564693 0.1689488 0.1238992 0.1695051 0.2422734 0.1955193 0.1249654 0.1340486 0.1696535 0.1302574 0.0649346 0.1544400 0.1547117 0.1325902 0.1788929 0.2112467 0.1928583 0.1111723 0.0665213 0.1579139 0.1485520 0.1286018 0.1797153 0.1127267 0.1733883 0.1679925 0.0000000 0.1580529 0.1235049 0.1672303 0.1926143 0.1473227 0.1676018 0.1416866 0.1554124 0.1467262 0.1570726 0.1463487 0.1383742 0.1552245 0.1538541 0.1771502 0.1280376 0.1249143 0.0806922 0.1190376 0.1205455 0.1515402 0.1448089 0.0430531 0.0980950 0.1483701 0.1854972 0.1560415 0.1751006 0.2031900 0.1641456 0.0694354 0.1490545 0.1537896 0.1419051 0.1534018 0.1471463 0.1469307 0.0862411 0.1626028 0.1521847 0.2267728 0.1301964 0.1019659 0.1236829 0.2250732 0.0784898 
Perityle_gentryi_8_san_francisco           0.1206508 0.1212966 0.1637600 0.1834113 0.1333227 0.0927668 0.1554011 0.1435001 0.2524646 0.1205436 0.1273900 0.1261741 0.1507022 0.1314118 0.1342824 0.1117330 0.1923429 0.0914258 0.1110350 0.1233145 0.1279527 0.1126844 0.0799301 0.1286867 0.1303415 0.1357325 0.1138993 0.1479781 0.1219059 0.1202180 0.0773542 0.1319238 0.1287490 0.1269107 0.1343894 0.1330826 0.1413281 0.1319397 0.1580529 0.0000000 0.1310096 0.1305705 0.1414302 0.1297580 0.1496159 0.1462654 0.1315246 0.0907617 0.1309489 0.1398357 0.1221459 0.1304837 0.1259741 0.1159775 0.1286531 0.1667181 0.0980594 0.1064918 0.1152402 0.1299549 0.1485687 0.0557566 0.1535700 0.1442866 0.1279387 0.1190151 0.1129893 0.1585078 0.1342369 0.1219348 0.1290815 0.1279395 0.1500671 0.1290722 0.1371083 0.1306164 0.1274459 0.1396899 0.1300665 0.1698983 0.1313638 0.1098957 0.1166937 0.1358795 0.1125282 
Perityle_gilensis_22_Superstition          0.0677802 0.0593344 0.0831447 0.1297712 0.0912393 0.0554570 0.1153088 0.1088293 0.1982090 0.0873245 0.0729421 0.0475893 0.0405159 0.0246112 0.0389468 0.1020471 0.1314526 0.1941248 0.0771954 0.0630447 0.0317009 0.0452668 0.0489463 0.0331296 0.0439080 0.0318108 0.0896756 0.1028114 0.1287694 0.0804357 0.0439391 0.1316581 0.1128628 0.0772956 0.0477463 0.0643585 0.0985723 0.0708373 0.1235049 0.1310096 0.0000000 0.0743628 0.0954271 0.0345033 0.0945679 0.0848599 0.0740075 0.0235368 0.0514035 0.0766192 0.0495670 0.0354145 0.0284983 0.0896759 0.0315402 0.1016958 0.0745775 0.0644236 0.0700348 0.0751267 0.1045383 0.0501194 0.0668843 0.1103307 0.0842026 0.0859963 0.0896440 0.1555047 0.0680024 0.0339146 0.0510336 0.0331296 0.0718593 0.0356649 0.0273818 0.0392770 0.0489443 0.0833388 0.0726581 0.1605357 0.0392549 0.1157759 0.0740832 0.1697121 0.0455217 
Perityle_gilensis_salensis_225             0.0952263 0.0796323 0.0912699 0.1915643 0.1077108 0.0625726 0.1432368 0.1405117 0.2596192 0.1038622 0.0890503 0.0795710 0.0904196 0.1094935 0.0698020 0.0971887 0.1422544 0.1483289 0.0890932 0.0214250 0.0862879 0.0456037 0.0152608 0.0873664 0.0904911 0.0519994 0.1019003 0.1375264 0.1071560 0.1075015 0.0670541 0.1373182 0.1145330 0.0805164 0.0857246 0.0572537 0.1047328 0.0262111 0.1672303 0.1305705 0.0743628 0.0000000 0.1093159 0.0897016 0.1128557 0.1318905 0.0799282 0.0868272 0.0896370 0.1057664 0.0781280 0.0891704 0.0887196 0.0970085 0.0872669 0.1044149 0.0826038 0.0863753 0.0191743 0.0640270 0.1088675 0.0578058 0.0778377 0.1554266 0.0272998 0.1056349 0.0964011 0.1683464 0.0724132 0.0339132 0.0815044 0.0862066 0.1158152 0.0784157 0.0907872 0.0841499 0.0639113 0.1077401 0.0966065 0.1481096 0.0549699 0.1127687 0.0202964 0.1712867 0.0581974 
Perityle_glaucescens_94                    0.1106807 0.0874698 0.1095099 0.1948686 0.0933540 0.0680162 0.1384029 0.1313484 0.2685259 0.1197409 0.1152229 0.1126027 0.0907621 0.1427954 0.0846840 0.1571640 0.1862752 0.1945025 0.1020469 0.0990847 0.0889609 0.0728203 0.0593080 0.1152497 0.0923178 0.1002175 0.1457358 0.2005315 0.1462865 0.1067871 0.0828929 0.1627618 0.1682062 0.1037329 0.1185901 0.0925877 0.0378741 0.1121279 0.1926143 0.1414302 0.0954271 0.1093159 0.0000000 0.0874725 0.0223785 0.2027914 0.1161058 0.1123367 0.1194956 0.0217493 0.0835952 0.1141338 0.0923939 0.1385814 0.0811978 0.1334412 0.0993727 0.0929192 0.1150175 0.1281847 0.1123663 0.0647177 0.0874015 0.1617300 0.1454909 0.1211957 0.1378005 0.1420229 0.1482384 0.0310727 0.0972870 0.1151998 0.1232569 0.1093844 0.1175760 0.1093131 0.0578093 0.1084999 0.1330507 0.1672727 0.0749440 0.1157094 0.1252680 0.1853882 0.0675558 
Perityle_gracilis_11                       0.0815495 0.0744094 0.0820501 0.1568018 0.0935517 0.0600364 0.1229099 0.1372298 0.2651537 0.0881123 0.0707331 0.0410035 0.0191205 0.0616333 0.0208057 0.1035331 0.1053310 0.1502606 0.0864150 0.0783871 0.0533217 0.0342156 0.0467670 0.0147056 0.0431829 0.0200055 0.0977828 0.1341161 0.0959427 0.0969697 0.0702503 0.1460546 0.1151689 0.0766018 0.0392011 0.0641542 0.0873139 0.0908968 0.1473227 0.1297580 0.0345033 0.0897016 0.0874725 0.0000000 0.0907001 0.1073667 0.0406603 0.0100159 0.0255603 0.0804962 0.0309559 0.0147130 0.0460129 0.0930830 0.0143203 0.1064104 0.0808797 0.0698312 0.0692754 0.0536830 0.1044013 0.0588711 0.0667511 0.1556926 0.0912499 0.0963779 0.0917771 0.1236512 0.0749367 0.0195816 0.0295659 0.0141933 0.1094825 0.0340466 0.0275360 0.0198611 0.0251725 0.0872943 0.0854220 0.0847684 0.0315716 0.1149839 0.0711198 0.1674544 0.0581474 
