86
Amauria_brandeegeana_62                    0.0000000 0.2698994 0.3549243 0.2817853 0.1230517 0.1028220 0.1576003 0.1257149 0.2492756 0.2537179 0.4253814 0.1820019 0.1189231 0.0950192 0.1326040 0.1373060 0.1252903 0.1856418 0.1154920 0.1167984 0.1244039 0.2266085 0.2226913 0.2166453 0.1501386 0.1736782 0.2111139 0.2242511 0.1294224 0.1823829 0.2116608 0.2330976 0.3067235 0.2348392 0.1506968 0.5654623 0.1374363 0.1093623 0.1487185 0.2038814 0.4627193 0.1584793 0.1497069 0.1260443 0.0966486 0.2539922 0.1777755 0.2201717 0.2336160 0.1319531 0.1117977 0.2297661 0.1439512 0.1731031 0.1444159 0.1346674 0.2085282 0.1401448 0.1288414 0.2257014 0.1589264 0.1904162 0.2076858 0.1156687 0.1697550 0.1260903 0.2804671 0.1496313 0.1612959 0.1302576 0.1153463 0.2166453 0.1301457 0.1887887 0.1670764 0.2851614 0.2468373 0.2007225 0.1890540 0.1294294 0.1649332 0.1856422 0.1782436 0.2168104 0.1254284 0.3096193 
Amauria_carterae_99_mesa                   0.2698994 0.0000000 0.1713212 0.2162414 0.3251924 0.1917773 0.3016428 0.1362656 0.2688933 0.2781902 0.6821539 0.3357704 0.4332411 0.2591340 0.2513594 0.3230130 0.3262028 0.3697688 0.3357845 0.4751984 0.3000253 0.5368108 0.1074987 0.1933268 0.3047612 0.2997676 0.2449572 0.3729263 0.3176788 0.3100882 0.2441693 0.3782686 0.3674360 0.2821835 0.3370882 0.2195450 0.3179954 0.3406760 0.2986421 0.3543067 0.6833908 0.2782513 0.3259201 0.3206905 0.4143665 0.4224894 0.2468207 0.1881776 0.1861175 0.3214663 0.3271675 0.1918552 0.5089937 0.3319984 0.2953452 0.3225725 0.1622577 0.2723501 0.3193927 0.1883249 0.3004291 0.1278119 0.3218283 0.1998332 0.3327822 0.3308828 0.1876412 0.3526500 0.3493046 0.2148912 0.2428548 0.1916128 0.2577694 0.4604285 0.2963350 0.3054005 0.2241181 0.3578269 0.3614083 0.4224508 0.3583923 0.1937519 0.4717703 0.1954325 0.2812004 0.1901733 
Amauria_rotundifolia_SRR9119150            0.3549243 0.1713212 0.0000000 0.2364908 0.4561441 0.1685041 0.3892318 0.1600170 0.2257750 0.2591842 0.6196736 0.4297806 0.5948572 0.4323094 0.3129677 0.4301730 0.4394995 0.4866139 0.4171347 0.5529741 0.3809185 0.6938121 0.1057975 0.1894565 0.3443291 0.4563842 0.3340076 0.4654973 0.4654181 0.3764283 0.2044300 0.4649743 0.4635850 0.2427797 0.4287895 0.0611323 0.4806767 0.5707236 0.4430806 0.4244704 0.6098235 0.4066711 0.4391700 0.4030562 0.4190744 0.4779449 0.2850455 0.1813800 0.1825362 0.3957813 0.4221919 0.1879472 0.5449365 0.4160713 0.4047744 0.3936793 0.1105900 0.3798381 0.4037132 0.2054538 0.4031993 0.1446864 0.3743317 0.1933355 0.4647318 0.4219277 0.2217245 0.4658306 0.4894570 0.2307047 0.3087323 0.1882838 0.3069562 0.6260375 0.4359827 0.3849515 0.2726400 0.4810512 0.4298946 0.4799015 0.4012415 0.2644747 0.5633481 0.2057518 0.3336767 0.2794694 
Conoclinium_coelestinum_SRR9119114         0.2817853 0.2162414 0.2364908 0.0000000 0.2392242 0.2134408 0.2130023 0.1953336 0.2066387 0.3632023 0.6300742 0.2778593 0.6989227 0.3732242 0.2155265 0.2628045 0.3140489 0.2855480 0.2444416 0.4945859 0.2652150 0.2345070 0.1805295 0.1777315 0.2261626 0.2528162 0.2769544 0.2765071 0.2938520 0.2219677 0.2015525 0.2705273 0.2356612 0.3384312 0.2961521 0.4642191 0.3028595 0.3732242 0.2991765 0.2793885 0.5798111 0.2728420 0.3109590 0.2766200 0.4379629 0.2767051 0.2599170 0.1763596 0.1831902 0.2812724 0.2779732 0.1960077 0.4985908 0.2629081 0.2506983 0.2855791 0.1832351 0.2047271 0.2904788 0.2041187 0.2229591 0.1888658 0.2351898 0.2022124 0.3261533 0.2647776 0.2966568 0.2564801 0.3251703 0.2327945 0.2559482 0.1777315 0.2515607 0.7937294 0.2589297 0.2948690 0.3002458 0.2566169 0.2436608 0.5240395 0.2868109 0.2865806 0.6554114 0.1877170 0.1983360 0.3044350 
Eutetras_palmeri_63                        0.1230517 0.3251924 0.4561441 0.2392242 0.0000000 0.0619943 0.2132493 0.0913846 0.2827511 0.3247351 0.4261843 0.2172916 0.1376453 0.1143515 0.1444817 0.1691225 0.1607393 0.1984194 0.1551228 0.1463630 0.1371143 0.3751105 0.2376311 0.3592590 0.1807085 0.2494473 0.2762983 0.2454213 0.1591317 0.1710265 0.1632933 0.2573239 0.3426497 0.3048586 0.1915888 0.5730348 0.1752054 0.1402043 0.1848993 0.2298176 0.4461190 0.2303206 0.1641469 0.1463675 0.0996483 0.2820709 0.2491640 0.3614354 0.3604834 0.1551757 0.1567087 0.3692884 0.1715139 0.2140744 0.2007988 0.1554431 0.3202632 0.1907182 0.1437537 0.3599007 0.1942856 0.2079323 0.2405393 0.0895194 0.1964125 0.1528604 0.3585980 0.1660530 0.1691253 0.0990214 0.0696386 0.3606987 0.1032182 0.1682629 0.2317840 0.3114736 0.2482808 0.2049984 0.2343650 0.1281450 0.1949126 0.1838986 0.1519208 0.3781810 0.1760011 0.2287083 
Eutetras_pringlei_149_quer                 0.1028220 0.1917773 0.1685041 0.2134408 0.0619943 0.0000000 0.1048940 0.1240405 0.1803404 0.3619317 0.9957705 0.1012406 0.0000010 0.0000010 0.1059202 0.1123171 0.0966896 0.0801628 0.0979412 0.6243278 0.1012406 0.0000010 0.2285730 0.1476995 0.1877191 0.1695917 0.2061017 0.1170802 0.0712665 0.1079704 0.2412848 0.0860685 0.1117090 0.3619317 0.1058767 0.6684123 0.1397166 0.0000010 0.1073932 0.1122423 0.8057519 0.1641114 0.1288850 0.1012406 0.0000010 0.1025216 0.1530637 0.1476995 0.1581838 0.1287869 0.1016326 0.1689374 0.8393295 0.1018444 0.1059202 0.1063566 0.1953534 0.0691821 0.1011647 0.1476911 0.0759076 0.1667242 0.0910209 0.0805942 0.1059202 0.0762404 0.2006092 0.0612856 0.0803122 0.1060998 0.0942542 0.1476995 0.1402450 0.7444044 0.1205813 0.1012406 0.1070044 0.0923522 0.0896852 0.0000010 0.1168508 0.0846546 0.7444044 0.2008885 0.0934796 0.1703501 
Eutrochium_fistulosum_SRR9119106           0.1576003 0.3016428 0.3892318 0.2130023 0.2132493 0.1048940 0.0000000 0.0934608 0.2269538 0.2470998 0.6520633 0.1474597 0.7053763 0.5423510 0.1271363 0.1532066 0.1532814 0.1566232 0.1577987 0.6729550 0.1425162 0.2278801 0.1894671 0.3012775 0.1693730 0.3476253 0.3755790 0.1691835 0.1429425 0.1672320 0.1596523 0.1322240 0.1664348 0.2254511 0.1487297 0.7524072 0.1451698 0.7118184 0.1722612 0.1545365 0.6175281 0.3314812 0.1910694 0.1618570 0.4270088 0.1640853 0.3203700 0.3039638 0.3073803 0.1872101 0.1616344 0.3167557 0.6560586 0.1446459 0.1445062 0.1609705 0.2729463 0.1566539 0.1593161 0.3062304 0.1478750 0.1604139 0.1673783 0.1095251 0.1592327 0.1491195 0.3207941 0.1518805 0.1641050 0.1036417 0.0998604 0.3026622 0.1314582 0.6501289 0.1462659 0.1543874 0.1716478 0.1789287 0.1523588 0.6633046 0.1663105 0.1230491 0.7280462 0.3258808 0.1398756 0.2498891 
Galeana_pratensis_104_mex                  0.1257149 0.1362656 0.1600170 0.1953336 0.0913846 0.1240405 0.0934608 0.0000000 0.1928296 0.3720249 1.0543936 0.1216884 0.0000010 0.0000010 0.1113975 0.1201674 0.1125388 0.1133397 0.1262763 0.6243278 0.1154634 0.0000010 0.2234683 0.1656512 0.1891547 0.2023639 0.1928328 0.1256328 0.1046809 0.1131761 0.2224252 0.1051603 0.1074387 0.3441211 0.1215828 0.5595860 0.1272789 0.0000010 0.1297365 0.1195921 0.9702397 0.1953751 0.1116045 0.1154634 0.0000010 0.1231986 0.1728773 0.1623925 0.1658503 0.1146515 0.1127296 0.1692867 0.7071183 0.1251412 0.1184765 0.1258253 0.1691305 0.0843295 0.1154083 0.1623866 0.1168872 0.1797651 0.1082821 0.1231334 0.1217970 0.1170130 0.1861548 0.1087844 0.1151472 0.1292450 0.1111027 0.1656512 0.1279152 0.6618532 0.1216261 0.1154634 0.1317624 0.1281339 0.1257561 0.8690852 0.1254734 0.1046361 0.7076105 0.1831034 0.1135581 0.2497228 
Helianthus_annuus_SRR9119062               0.2492756 0.2688933 0.2257750 0.2066387 0.2827511 0.1803404 0.2269538 0.1928296 0.0000000 0.3057010 0.5611708 0.2787747 0.5870973 0.6270352 0.2450818 0.2744397 0.2569412 0.2637991 0.2698222 0.4094554 0.2669597 0.3862351 0.1613599 0.1936228 0.2324886 0.2576668 0.2425260 0.2759779 0.2534446 0.2430501 0.2262838 0.3040358 0.2877371 0.2973384 0.2460428 0.4557892 0.2598165 0.5871694 0.2648761 0.2712875 0.5597288 0.2490075 0.2679606 0.2650145 0.3422936 0.2709986 0.2150590 0.1791831 0.1891318 0.2759247 0.2752535 0.1783717 0.4290104 0.2539278 0.2386287 0.2675095 0.2068236 0.2774309 0.2770927 0.1819703 0.2401403 0.1943950 0.2906905 0.2129299 0.2613460 0.2647745 0.2340133 0.2658384 0.2682309 0.2368623 0.2213645 0.1914468 0.2149081 0.6816829 0.2379442 0.3022892 0.3179861 0.2697792 0.2780778 0.4452628 0.2435858 0.3203089 0.4633840 0.1936136 0.2241141 0.2571978 
Lycapsus_tenuifolius_17                    0.2537179 0.2781902 0.2591842 0.3632023 0.3247351 0.3619317 0.2470998 0.3720249 0.3057010 0.0000000 0.5280125 0.2838956 0.6161233 0.2973609 0.2495188 0.3014887 0.3236080 0.3313484 0.2910482 0.4588409 0.3095425 0.1279881 0.3282030 0.3140909 0.3088248 0.3880474 0.3923420 0.2536733 0.3047357 0.2710831 0.2866007 0.3030811 0.3221691 0.0055613 0.2982841 0.2937337 0.3154770 0.3792274 0.3104831 0.2844814 0.5221301 0.3844924 0.3509905 0.2971133 0.3981677 0.2858447 0.4012405 0.2866301 0.3223771 0.3187397 0.2612685 0.3192508 0.4732071 0.2716737 0.2453786 0.3161374 0.3274620 0.1172069 0.2967081 0.3114923 0.2637741 0.3334308 0.2854368 0.2234670 0.3403320 0.2938787 0.4016056 0.3294622 0.3671670 0.1872271 0.2507878 0.3140909 0.2515050 0.7095190 0.2408347 0.3451233 0.4766856 0.3411853 0.2511297 0.4924919 0.3394220 0.3687186 0.5264548 0.3289706 0.2452212 0.2926739 
Pericome_caudata_50_silver                 0.4253814 0.6821539 0.6196736 0.6300742 0.4261843 0.9957705 0.6520633 1.0543936 0.5611708 0.5280125 0.0000000 0.6044414 0.1356787 0.0000010 0.6310658 0.4336787 0.3643994 0.6298071 0.3651435 0.1026201 0.4069750 0.2882143 0.5745850 0.5539816 0.3823887 0.4047412 0.4440895 0.6197565 0.3735862 0.7329214 0.7046092 0.6613598 0.6364639 0.5076055 0.3881560 0.6398288 0.3887886 0.0677095 0.4891787 0.6466648 0.2262164 0.3881601 0.3878979 0.3796988 0.0889208 0.6044889 0.3930304 0.5510942 0.6075905 0.3906909 0.3488866 0.5495986 0.1369133 0.6273861 0.6310658 0.4197602 0.6850543 0.4911550 0.4023899 0.5569533 0.6371373 0.6424919 0.6751252 0.6254321 0.3690523 0.3900945 0.7135713 0.4067532 0.3970746 0.6015217 0.6429431 0.5539816 0.7240443 0.2459472 0.6266215 0.7165488 0.7353371 0.4432485 0.6425843 0.1302280 0.4401437 0.7285403 0.1803179 0.5708706 0.6289694 0.6875148 
Perityle_aglossa_84_dead_horse             0.1820019 0.3357704 0.4297806 0.2778593 0.2172916 0.1012406 0.1474597 0.1216884 0.2787747 0.2838956 0.6044414 0.0000000 0.8433950 0.8473896 0.0149504 0.0819253 0.0528655 0.1603003 0.1006222 0.7385241 0.0494034 0.0399393 0.2497775 0.3665229 0.1113193 0.4115162 0.4029405 0.0834858 0.1143060 0.1747560 0.1720483 0.1454974 0.1891211 0.2618379 0.0373018 0.7657154 0.1723909 0.9016346 0.1114517 0.0687508 0.5715741 0.3911098 0.1939916 0.0553837 0.7342653 0.1054689 0.3836368 0.3807680 0.3627906 0.1952936 0.0548311 0.3572470 0.7169558 0.0656944 0.0228404 0.0950289 0.2889835 0.0448677 0.0605633 0.3905858 0.1121171 0.1977138 0.1674243 0.0544675 0.0489447 0.1214559 0.3781132 0.1462068 0.1590252 0.0185906 0.1092347 0.3725596 0.1300619 0.7582398 0.0233427 0.0584887 0.1846063 0.1552616 0.1100549 0.6762328 0.0609557 0.1462834 0.7427511 0.3465047 0.0764908 0.2479520 
Perityle_ajoensis_204                      0.1189231 0.4332411 0.5948572 0.6989227 0.1376453 0.0000010 0.7053763 0.0000010 0.5870973 0.6161233 0.1356787 0.8433950 0.0000000 0.0096487 2.3161298 0.1364698 0.0612987 0.7318024 0.1046446 0.0189365 0.0191662 0.5599776 0.1912163 0.4928447 0.0495891 0.0087106 0.1329408 0.7208990 0.1075543 2.3161298 2.3161298 0.7143995 0.5783310 0.6067692 0.1614037 0.5714279 0.1340559 0.0164246 0.1385424 0.7445485 0.1883845 0.0251430 0.1544939 0.0381190 0.0755679 0.7039992 0.0455059 0.4544391 0.4544391 0.1017703 0.0464618 0.5407924 0.0271282 0.8316031 1.2420998 0.1351010 0.9422380 2.3161298 0.0267296 0.4544391 0.6934846 0.4690787 1.3512593 2.3161298 0.1482693 0.1083588 0.3986825 0.1330045 0.1320357 2.3161298 2.3161298 0.4928447 2.3161298 0.0217502 1.1021012 0.5998196 0.2136544 0.2779532 0.7099809 0.0280837 0.3090586 0.3050894 0.0236880 0.5835881 0.8803465 5.8124701 
Perityle_ambrosiifolia_67_green            0.0950192 0.2591340 0.4323094 0.3732242 0.1143515 0.0000010 0.5423510 0.0000010 0.6270352 0.2973609 0.0000010 0.8473896 0.0096487 0.0000000 0.0000010 0.0807433 0.0208658 0.7841935 0.0691399 0.0191985 0.0095621 0.0000010 0.0000010 0.0000010 0.0222307 0.0169605 0.0787692 0.7174508 0.0758161 0.0000010 0.0000010 0.6916917 0.4471485 0.2973609 0.0000010 0.4341308 0.0885384 0.0144002 0.0833862 0.6809814 0.0000010 0.0167345 0.0919841 0.0156284 0.0609954 0.6398145 0.0254008 0.0000010 0.0000010 0.0720065 0.0215907 0.0000010 0.0192433 0.6723841 0.0000010 0.1004823 0.0000010 0.0000010 0.0130102 0.0000010 0.0000010 0.0000010 1.2075646 0.0000010 0.0878158 0.0689357 0.1691716 0.0957539 0.1148727 0.0000010 0.0000010 0.0000010 0.0000010 0.0157179 0.0000010 0.4196504 0.0081304 0.2532574 0.6566258 0.0211649 0.5696943 0.2118255 0.0051848 0.0000010 0.0000010 0.0000010 
Perityle_angustifolia_13_Eagle_creek       0.1326040 0.2513594 0.3129677 0.2155265 0.1444817 0.1059202 0.1271363 0.1113975 0.2450818 0.2495188 0.6310658 0.0149504 2.3161298 0.0000010 0.0000000 0.0405666 0.0185950 0.1052794 0.0595239 0.7269746 0.0142923 0.0494079 0.2336927 0.2765636 0.0861147 0.3274199 0.3226926 0.0457459 0.0694690 0.1321822 0.1670914 0.1054751 0.1432735 0.2274852 0.0148506 0.6868389 0.1112429 0.0000010 0.0619606 0.0467891 0.5963345 0.3229476 0.1565707 0.0185992 0.9474367 0.0547137 0.2806780 0.2804648 0.2896434 0.1560159 0.0143988 0.2875770 0.6189996 0.0377292 0.0098741 0.0444465 0.2912576 0.0405630 0.0224025 0.2766427 0.0761053 0.1863099 0.1053189 0.0452361 0.0236020 0.0757005 0.3114282 0.1064248 0.1212226 0.0091355 0.0901276 0.2783628 0.1211050 0.7247291 0.0148465 0.0160886 0.1278913 0.1136197 0.0646065 0.6638852 0.0446944 0.0928768 0.7242973 0.3120968 0.0684308 0.1816349 
Perityle_batopilensis_97                   0.1373060 0.3230130 0.4301730 0.2628045 0.1691225 0.1123171 0.1532066 0.1201674 0.2744397 0.3014887 0.4336787 0.0819253 0.1364698 0.0807433 0.0405666 0.0000000 0.0896580 0.1767366 0.0914209 0.1500662 0.0702705 0.0453725 0.2492243 0.3123524 0.1033943 0.2493517 0.2315253 0.1315990 0.1050849 0.1592952 0.1607579 0.1983278 0.3114827 0.2810962 0.1023286 0.6063174 0.1419963 0.1333893 0.0974494 0.0979896 0.4578779 0.2312165 0.1676922 0.0799087 0.1214951 0.1699085 0.2260244 0.3139709 0.3199861 0.1542662 0.0720886 0.3179389 0.1711680 0.0712203 0.0630104 0.0934775 0.2735510 0.0514496 0.0816850 0.3083486 0.0992768 0.1925867 0.2227240 0.0573812 0.1220341 0.1023712 0.3091097 0.1317677 0.1469785 0.0377251 0.0848072 0.3136551 0.1171119 0.1893901 0.0916363 0.2040578 0.2159714 0.1802272 0.1349455 0.1401204 0.0912718 0.1558794 0.1994197 0.3266989 0.0769750 0.2354665 
Perityle_bisetosa_9                        0.1252903 0.3262028 0.4394995 0.3140489 0.1607393 0.0966896 0.1532814 0.1125388 0.2569412 0.3236080 0.3643994 0.0528655 0.0612987 0.0208658 0.0185950 0.0896580 0.0000000 0.2011263 0.0789854 0.0795622 0.0145771 0.0471171 0.2395630 0.3250016 0.0552763 0.2137190 0.2675457 0.1328051 0.0963087 0.1761872 0.1612091 0.1989260 0.2724260 0.2813988 0.0352854 0.5522349 0.1246173 0.0817709 0.0990582 0.1034349 0.3876292 0.1891070 0.1628842 0.0272478 0.0761431 0.1738224 0.2033344 0.3215056 0.3371339 0.1416289 0.0259008 0.3372895 0.1057873 0.0805278 0.0217224 0.0880153 0.2772159 0.0506624 0.0262137 0.3309604 0.0988215 0.1866606 0.2275694 0.0468534 0.0445481 0.0989115 0.3518032 0.1296020 0.1339097 0.0091341 0.0970644 0.3261621 0.1270062 0.1151609 0.0353973 0.1588400 0.2059904 0.1757497 0.1368026 0.0503001 0.0623110 0.1703207 0.1132565 0.3417577 0.0797740 0.2373073 
Perityle_californica_76_positas            0.1856418 0.3697688 0.4866139 0.2855480 0.1984194 0.0801628 0.1566232 0.1133397 0.2637991 0.3313484 0.6298071 0.1603003 0.7318024 0.7841935 0.1052794 0.1767366 0.2011263 0.0000000 0.1823009 0.5925393 0.1737150 0.2257465 0.2627133 0.4066094 0.2048008 0.4238246 0.4345687 0.1766181 0.1808734 0.1751079 0.1561587 0.1274814 0.2367949 0.2840289 0.1754989 0.9905727 0.1961380 0.6829787 0.2084808 0.1465404 0.6030794 0.4143286 0.2360435 0.1836658 0.7536236 0.1930986 0.4397095 0.4090377 0.3891627 0.2251637 0.2034218 0.3797933 0.6099804 0.1557631 0.1367914 0.1758965 0.3117111 0.1282480 0.1953052 0.4473160 0.1361842 0.2158914 0.1345079 0.0788017 0.2160112 0.1569578 0.4292030 0.1647905 0.1769146 0.0970010 0.1087331 0.4080684 0.1156527 0.6878798 0.1690071 0.1527352 0.2139436 0.1609840 0.1443093 0.7191565 0.1501323 0.0982780 0.7381053 0.3501881 0.1216210 0.2746325 
Perityle_canescens_77                      0.1154920 0.3357845 0.4171347 0.2444416 0.1551228 0.0979412 0.1577987 0.1262763 0.2698222 0.2910482 0.3651435 0.1006222 0.1046446 0.0691399 0.0595239 0.0914209 0.0789854 0.1823009 0.0000000 0.1212380 0.0714694 0.1109783 0.2526179 0.3073523 0.0977787 0.2238985 0.2482747 0.1496073 0.0722880 0.1430557 0.1751846 0.1970402 0.2954918 0.2758327 0.0866760 0.5895868 0.1143470 0.1196495 0.0861709 0.1239926 0.3993027 0.2065393 0.1358355 0.0773657 0.0750041 0.1654971 0.2031764 0.3106688 0.3187824 0.1314818 0.0745434 0.3201991 0.1515917 0.0985434 0.0721742 0.0725938 0.2761968 0.0716896 0.0761558 0.3078453 0.0706815 0.1981701 0.2366419 0.0569158 0.1113381 0.0715450 0.3170006 0.1194654 0.1303783 0.0509167 0.0848123 0.3087682 0.1187277 0.1489075 0.0921534 0.2213701 0.2358614 0.1596823 0.1458764 0.0995359 0.1032953 0.1682949 0.1313671 0.3283449 0.0925449 0.1979554 
Perityle_castillonii_96                    0.1167984 0.4751984 0.5529741 0.4945859 0.1463630 0.6243278 0.6729550 0.6243278 0.4094554 0.4588409 0.1026201 0.7385241 0.0189365 0.0191985 0.7269746 0.1500662 0.0795622 0.5925393 0.1212380 0.0000000 0.0393317 0.8588203 0.4117179 0.4085553 0.0677293 0.0359321 0.1450719 0.7109411 0.1191920 0.9778458 0.5411993 0.7050536 0.5368121 0.4445293 0.1735632 0.5107847 0.1478220 0.0239583 0.1574389 0.7092989 0.1632185 0.0220323 0.1353399 0.0610400 0.0712403 0.6037710 0.0630558 0.3978006 0.4698461 0.0967400 0.0618880 0.4333052 0.0292295 0.7711182 0.8196466 0.1538490 0.2979422 0.0000010 0.0541339 0.3877392 0.7437712 0.5723091 1.2122787 0.6243278 0.1553464 0.1231653 0.4360015 0.1491433 0.1482010 0.6243278 0.6243278 0.4085553 0.6243278 0.0275034 0.9030152 0.6194360 0.3271069 0.2879951 0.7098267 0.0240117 0.2648799 0.3925484 0.0243195 0.3816585 0.7934180 0.6268784 
Perityle_cernua_84                         0.1244039 0.3000253 0.3809185 0.2652150 0.1371143 0.1012406 0.1425162 0.1154634 0.2669597 0.3095425 0.4069750 0.0494034 0.0191662 0.0095621 0.0142923 0.0702705 0.0145771 0.1737150 0.0714694 0.0393317 0.0000000 0.0285717 0.2423160 0.2472500 0.0563445 0.1558169 0.2083136 0.1325287 0.0757453 0.1506243 0.1642694 0.1783068 0.2786792 0.2879633 0.0332091 0.5709953 0.1054826 0.0180154 0.0809345 0.1008474 0.4089285 0.1475660 0.1260931 0.0151740 0.0793304 0.1705415 0.1490897 0.2500572 0.2574731 0.1144453 0.0129117 0.2569048 0.0711787 0.0683745 0.0090429 0.0848292 0.2495175 0.0483817 0.0193987 0.2484544 0.0844151 0.1938838 0.1979269 0.0450507 0.0526969 0.0776792 0.2857373 0.1105928 0.1152759 0.0072960 0.0796470 0.2486163 0.1079549 0.0922816 0.0303804 0.1632613 0.1704516 0.1588919 0.1328359 0.0514495 0.0651184 0.1412394 0.1035808 0.2788540 0.0688685 0.2311652 
Perityle_cfvillosa_25_tin                  0.2266085 0.5368108 0.6938121 0.2345070 0.3751105 0.0000010 0.2278801 0.0000010 0.3862351 0.1279881 0.2882143 0.0399393 0.5599776 0.0000010 0.0494079 0.0453725 0.0471171 0.2257465 0.1109783 0.8588203 0.0285717 0.0000000 0.2832542 0.5774023 0.0364544 0.8047973 0.6392824 0.0645674 0.1031294 0.2237866 0.1190432 0.1946956 0.2339829 0.1279881 0.0392159 0.9122619 0.2228846 1.1083657 0.1043584 0.0555751 0.2554118 0.7354881 0.5151929 0.0286127 0.9474367 0.0847980 0.5755321 0.5957338 0.6036055 0.4989511 0.0285285 0.5873667 0.8588203 0.0698620 0.0339767 0.0674595 0.5861223 0.0750929 0.0611876 0.5826972 0.1289601 0.1902271 0.4089679 0.0267957 0.0337833 0.1056368 0.6602171 0.1629888 0.1605311 0.0181194 0.1050654 0.5830994 0.1690448 1.8266807 0.0258215 0.0418159 0.3761788 0.1580557 0.0746003 0.0000010 0.0511400 0.1590036 1.1286718 0.6358947 0.0829297 0.2370625 
Perityle_cinerea_113_Powell1310            0.2226913 0.1074987 0.1057975 0.1805295 0.2376311 0.2285730 0.1894671 0.2234683 0.1613599 0.3282030 0.5745850 0.2497775 0.1912163 0.0000010 0.2336927 0.2492243 0.2395630 0.2627133 0.2526179 0.4117179 0.2423160 0.2832542 0.0000000 0.0519103 0.1889796 0.0906561 0.1020822 0.2496980 0.2385559 0.2301906 0.2187390 0.2254255 0.2417020 0.3400042 0.2398777 0.5854320 0.2529948 0.0000010 0.2472255 0.2463345 0.5703743 0.1001938 0.2466192 0.2483511 0.5198266 0.2463598 0.0479002 0.0434001 0.0497977 0.2525678 0.2291583 0.0478352 0.6410512 0.2469506 0.2439660 0.2591956 0.1169498 0.2548554 0.2503884 0.0455339 0.2245049 0.1480027 0.2225413 0.2234480 0.2397151 0.2317960 0.1046550 0.2372624 0.2413631 0.2450980 0.2303703 0.0519103 0.2267597 0.7119062 0.2488948 0.2521117 0.1178608 0.2507465 0.2252046 0.7056022 0.2563551 0.2146970 0.7125816 0.0923925 0.2279968 0.2403590 
Perityle_coahuilensis_24                   0.2166453 0.1933268 0.1894565 0.1777315 0.3592590 0.1476995 0.3012775 0.1656512 0.1936228 0.3140909 0.5539816 0.3665229 0.4928447 0.0000010 0.2765636 0.3123524 0.3250016 0.4066094 0.3073523 0.4085553 0.2472500 0.5774023 0.0519103 0.0000000 0.2440530 0.2696452 0.1487446 0.3726798 0.3378883 0.3299974 0.1847219 0.3621739 0.3309411 0.2849389 0.3269704 0.4149038 0.3421379 1.0419655 0.3754871 0.3501103 0.5013898 0.2607116 0.2857772 0.2919905 0.2029413 0.3744655 0.0462692 0.0205041 0.0220585 0.2831400 0.3016950 0.0401077 0.4639558 0.3635709 0.3170204 0.2946851 0.1136679 0.3474868 0.3268826 0.0523076 0.3612564 0.1076569 0.2922807 0.1815050 0.3538282 0.3073134 0.1861714 0.3050088 0.3430981 0.2026848 0.2995874 0.0006081 0.2712816 0.8437462 0.3604283 0.3092759 0.1766093 0.3307123 0.3550512 0.3298824 0.3176480 0.2778456 0.5255999 0.1347200 0.2886273 0.2516359 
Perityle_cochisensis_44_cave_creek         0.1501386 0.3047612 0.3443291 0.2261626 0.1807085 0.1877191 0.1693730 0.1891547 0.2324886 0.3088248 0.3823887 0.1113193 0.0495891 0.0222307 0.0861147 0.1033943 0.0552763 0.2048008 0.0977787 0.0677293 0.0563445 0.0364544 0.1889796 0.2440530 0.0000000 0.1711352 0.2259921 0.1592379 0.1013175 0.1803757 0.1620395 0.2351721 0.2910777 0.2889814 0.0570639 0.4419193 0.1185763 0.0796386 0.1006484 0.1359483 0.4112574 0.1483246 0.1517733 0.0589208 0.0694280 0.1961139 0.1585908 0.2453354 0.2530475 0.1525228 0.0435161 0.2515491 0.1092150 0.1173197 0.0733241 0.1014596 0.2588838 0.0550716 0.0652810 0.2475236 0.1284524 0.1603286 0.2914576 0.0971303 0.0605983 0.1023770 0.2892661 0.1254793 0.1369688 0.0955795 0.1406928 0.2452633 0.1612553 0.0966591 0.0731748 0.2116029 0.2711271 0.1561055 0.1650979 0.0442174 0.0883581 0.2080160 0.0838278 0.2833015 0.1167513 0.2765276 
Perityle_congesta_202                      0.1736782 0.2997676 0.4563842 0.2528162 0.2494473 0.1695917 0.3476253 0.2023639 0.2576668 0.3880474 0.4047412 0.4115162 0.0087106 0.0169605 0.3274199 0.2493517 0.2137190 0.4238246 0.2238985 0.0359321 0.1558169 0.8047973 0.0906561 0.2696452 0.1711352 0.0000000 0.2475755 0.4509457 0.2473137 0.3922885 0.1982986 0.4162690 0.4611070 0.3728418 0.2890635 0.5653337 0.2514221 0.0324460 0.3021284 0.4019468 0.4220627 0.0496083 0.2152330 0.1938190 0.0741032 0.4550761 0.1717451 0.2648051 0.2588146 0.1946315 0.1872834 0.2725688 0.0699301 0.4016713 0.3650870 0.2596263 0.2562485 0.3926821 0.2177525 0.2895892 0.4034270 0.1408574 0.3612230 0.1863771 0.2633895 0.2379154 0.3583182 0.2420318 0.2576081 0.1978327 0.2862374 0.2707441 0.3088460 0.0944405 0.4124821 0.4229173 0.2038872 0.3212701 0.4293412 0.0522875 0.3290526 0.2719716 0.1115612 0.3152926 0.3480814 0.2739806 
Perityle_cordifolia_27                     0.2111139 0.2449572 0.3340076 0.2769544 0.2762983 0.2061017 0.3755790 0.1928328 0.2425260 0.3923420 0.4440895 0.4029405 0.1329408 0.0787692 0.3226926 0.2315253 0.2675457 0.4345687 0.2482747 0.1450719 0.2083136 0.6392824 0.1020822 0.1487446 0.2259921 0.2475755 0.0000000 0.4319593 0.2865765 0.3617505 0.2036812 0.4240524 0.4726566 0.3809848 0.3326365 0.5560350 0.2919210 0.1303264 0.3008660 0.4115460 0.4981281 0.2319968 0.2764857 0.2412459 0.1281736 0.4433057 0.1294683 0.1534998 0.1579656 0.2556516 0.2272503 0.1595676 0.1709516 0.3970490 0.3912034 0.2651720 0.0593363 0.3874436 0.2515068 0.1581611 0.3835928 0.1360673 0.3583667 0.2199226 0.3077538 0.2726660 0.0884550 0.2757036 0.2972897 0.2392143 0.3002764 0.1478832 0.3284126 0.1960300 0.4244400 0.4403086 0.2438126 0.3479483 0.3863608 0.1430243 0.3225232 0.2804019 0.1965080 0.0598188 0.3176084 0.2548958 
Perityle_cordifolia_68_tecolote            0.2242511 0.3729263 0.4654973 0.2765071 0.2454213 0.1170802 0.1691835 0.1256328 0.2759779 0.2536733 0.6197565 0.0834858 0.7208990 0.7174508 0.0457459 0.1315990 0.1328051 0.1766181 0.1496073 0.7109411 0.1325287 0.0645674 0.2496980 0.3726798 0.1592379 0.4509457 0.4319593 0.0000000 0.1469220 0.1833931 0.1744048 0.1311721 0.2543070 0.2327831 0.1011015 0.8695731 0.2095486 0.7645309 0.1446014 0.0472366 0.5920368 0.4257538 0.2349037 0.1390763 0.6758251 0.1323618 0.4088866 0.4265902 0.3654554 0.2408599 0.1343131 0.3588232 0.7006508 0.0627511 0.0692291 0.1399054 0.2800898 0.0531304 0.1438576 0.4240773 0.1176523 0.1876538 0.2167013 0.0590888 0.1336214 0.1565605 0.4121772 0.1942751 0.2101931 0.0473516 0.0910429 0.4170053 0.1297707 0.6950297 0.0664912 0.1568891 0.2387348 0.2148016 0.1158217 0.6820054 0.0485319 0.1653227 0.7318860 0.3426218 0.0924412 0.2452253 
Perityle_coronopifolia_28_patagonia        0.1294224 0.3176788 0.4654181 0.2938520 0.1591317 0.0712665 0.1429425 0.1046809 0.2534446 0.3047357 0.3735862 0.1143060 0.1075543 0.0758161 0.0694690 0.1050849 0.0963087 0.1808734 0.0722880 0.1191920 0.0757453 0.1031294 0.2385559 0.3378883 0.1013175 0.2473137 0.2865765 0.1469220 0.0000000 0.1532600 0.1540964 0.1780145 0.2759089 0.2878523 0.1018554 0.6022580 0.1255637 0.1261219 0.1083760 0.1154199 0.4134573 0.2293216 0.1584731 0.0847401 0.0743495 0.2005596 0.2410211 0.3590499 0.3326136 0.1442254 0.0790505 0.3248751 0.1456950 0.0944629 0.0923280 0.1015886 0.2633060 0.0838725 0.0865067 0.3774861 0.0677785 0.1859117 0.2246638 0.0717135 0.1256490 0.0204836 0.3743361 0.1350900 0.1558309 0.0674690 0.0791456 0.3543942 0.1054760 0.1674900 0.1137815 0.2188171 0.2480561 0.1791700 0.1537746 0.0986682 0.1102207 0.1298413 0.1686883 0.3065252 0.0816954 0.2617577 
Perityle_crassifolia_70_ventanas           0.1823829 0.3100882 0.3764283 0.2219677 0.1710265 0.1079704 0.1672320 0.1131761 0.2430501 0.2710831 0.7329214 0.1747560 2.3161298 0.0000010 0.1321822 0.1592952 0.1761872 0.1751079 0.1430557 0.9778458 0.1506243 0.2237866 0.2301906 0.3299974 0.1803757 0.3922885 0.3617505 0.1833931 0.1532600 0.0000000 0.1273095 0.1453702 0.1576723 0.2523836 0.1791402 0.7070221 0.1681549 0.0000010 0.1820148 0.1697312 0.6585847 0.3767449 0.2214178 0.1681722 0.9474367 0.1880896 0.3371200 0.3332391 0.3374116 0.2159300 0.1540072 0.3396845 0.7816846 0.1743612 0.1783720 0.1696758 0.2963897 0.1687651 0.1829819 0.3381230 0.1587494 0.2185721 0.1825058 0.1134631 0.1887717 0.1574078 0.3383402 0.1320222 0.1741574 0.1237268 0.1454522 0.3315162 0.0695207 0.7092655 0.1777798 0.1654107 0.1818419 0.1506854 0.1686965 0.7297014 0.1413679 0.1158379 1.0038455 0.3121369 0.1331890 0.3244795 
Perityle_crassifolia_74_playa_balandra     0.2116608 0.2441693 0.2044300 0.2015525 0.1632933 0.2412848 0.1596523 0.2224252 0.2262838 0.2866007 0.7046092 0.1720483 2.3161298 0.0000010 0.1670914 0.1607579 0.1612091 0.1561587 0.1751846 0.5411993 0.1642694 0.1190432 0.2187390 0.1847219 0.1620395 0.1982986 0.2036812 0.1744048 0.1540964 0.1273095 0.0000000 0.1467333 0.1730268 0.2629670 0.1676432 0.6676917 0.1528890 0.0000010 0.1702952 0.1669021 0.6641782 0.1997639 0.1730867 0.1643627 0.9474367 0.1677795 0.1834028 0.1831216 0.1862765 0.1827440 0.1682038 0.1911737 0.8270523 0.1697605 0.1634471 0.1649421 0.2140146 0.1398798 0.1627161 0.1863046 0.1657898 0.2064394 0.1569267 0.1563242 0.1803589 0.1552194 0.1953026 0.1549874 0.1701226 0.1804334 0.1399800 0.1847219 0.1272800 0.8712727 0.1677102 0.1692588 0.2620050 0.1586867 0.1547381 0.6982879 0.1766890 0.1514419 0.8606235 0.1934277 0.1558349 0.3456673 
Perityle_cuneata_34_cuneata_San_antonio    0.2330976 0.3782686 0.4649743 0.2705273 0.2573239 0.0860685 0.1322240 0.1051603 0.3040358 0.3030811 0.6613598 0.1454974 0.7143995 0.6916917 0.1054751 0.1983278 0.1989260 0.1274814 0.1970402 0.7050536 0.1783068 0.1946956 0.2254255 0.3621739 0.2351721 0.4162690 0.4240524 0.1311721 0.1780145 0.1453702 0.1467333 0.0000000 0.2164598 0.2829168 0.1708085 0.8410319 0.1633504 0.7400440 0.2063407 0.1294472 0.6112905 0.4057542 0.2345973 0.2027007 0.6470431 0.1669615 0.3969568 0.3649136 0.3651557 0.2445509 0.2178418 0.3745276 0.7236775 0.1268761 0.1221841 0.2040275 0.2812631 0.1391558 0.1932681 0.3604384 0.1199227 0.1892227 0.1938568 0.0842632 0.1993537 0.1851024 0.3414597 0.1905562 0.2039075 0.0846863 0.0694578 0.3635154 0.1041981 0.6865928 0.1243901 0.2131493 0.2855987 0.2128965 0.1206849 0.6627316 0.1684907 0.1972840 0.7249220 0.3522704 0.1312436 0.2522075 
Perityle_cuneata_4                         0.3067235 0.3674360 0.4635850 0.2356612 0.3426497 0.1117090 0.1664348 0.1074387 0.2877371 0.3221691 0.6364639 0.1891211 0.5783310 0.4471485 0.1432735 0.3114827 0.2724260 0.2367949 0.2954918 0.5368121 0.2786792 0.2339829 0.2417020 0.3309411 0.2910777 0.4611070 0.4726566 0.2543070 0.2759089 0.1576723 0.1730268 0.2164598 0.0000000 0.2964959 0.2398846 0.5159004 0.2577837 0.5470523 0.2565228 0.2170809 0.5706901 0.4301721 0.3374145 0.2844429 0.4823779 0.2837775 0.4149658 0.3270602 0.3514872 0.3377017 0.2781046 0.3405677 0.5238085 0.1763737 0.1638243 0.2909196 0.3174013 0.1804126 0.2846198 0.3294966 0.1679650 0.1936523 0.2982277 0.1187973 0.2912271 0.2795898 0.3655008 0.3016848 0.3082757 0.1163009 0.0924384 0.3323977 0.1355599 0.5842864 0.1648403 0.3046149 0.3678469 0.2936615 0.2426549 0.4980383 0.2202160 0.1691018 0.5138542 0.3420469 0.1462716 0.2016284 
Perityle_discoidea_81                      0.2348392 0.2821835 0.2427797 0.3384312 0.3048586 0.3619317 0.2254511 0.3441211 0.2973384 0.0055613 0.5076055 0.2618379 0.6067692 0.2973609 0.2274852 0.2810962 0.2813988 0.2840289 0.2758327 0.4445293 0.2879633 0.1279881 0.3400042 0.2849389 0.2889814 0.3728418 0.3809848 0.2327831 0.2878523 0.2523836 0.2629670 0.2829168 0.2964959 0.0000000 0.2778725 0.2519082 0.2961355 0.3792274 0.2770419 0.2700952 0.5105351 0.3722560 0.3151477 0.2769266 0.3869180 0.2684757 0.3638456 0.2749272 0.3086527 0.3011505 0.2524141 0.2901115 0.4625133 0.2507336 0.2237590 0.3003266 0.3312505 0.1148542 0.2757243 0.2825807 0.2447603 0.3320417 0.2740525 0.2177336 0.3019300 0.2780780 0.3874165 0.3133818 0.3318926 0.1821147 0.2319272 0.2849389 0.2324434 0.6656942 0.2194417 0.3249931 0.4626834 0.3239346 0.2325338 0.4728355 0.2992340 0.3496493 0.5080127 0.2894799 0.2296357 0.2915241 
Perityle_dissecta_201                      0.1506968 0.3370882 0.4287895 0.2961521 0.1915888 0.1058767 0.1487297 0.1215828 0.2460428 0.2982841 0.3881560 0.0373018 0.1614037 0.0000010 0.0148506 0.1023286 0.0352854 0.1754989 0.0866760 0.1735632 0.0332091 0.0392159 0.2398777 0.3269704 0.0570639 0.2890635 0.3326365 0.1011015 0.1018554 0.1791402 0.1676432 0.1708085 0.2398846 0.2778725 0.0000000 0.5576056 0.1446533 0.2792412 0.0891402 0.0737532 0.4009374 0.2744823 0.1726953 0.0420170 0.0626434 0.1512123 0.2805565 0.3351803 0.3339982 0.1506394 0.0447906 0.3254397 0.2044697 0.0628373 0.0170586 0.0778803 0.2794831 0.0466889 0.0261125 0.3421710 0.1082830 0.1910846 0.2155801 0.0487083 0.0261183 0.1167316 0.3536135 0.1380107 0.1453969 0.0109891 0.1013805 0.3281756 0.1273870 0.2366955 0.0145999 0.1220207 0.2203834 0.1509524 0.1212226 0.0737902 0.0544904 0.1670661 0.2200416 0.3158416 0.0767515 0.2378579 
Perityle_emoryi_47_punta_san_jose          0.5654623 0.2195450 0.0611323 0.4642191 0.5730348 0.6684123 0.7524072 0.5595860 0.4557892 0.2937337 0.6398288 0.7657154 0.5714279 0.4341308 0.6868389 0.6063174 0.5522349 0.9905727 0.5895868 0.5107847 0.5709953 0.9122619 0.5854320 0.4149038 0.4419193 0.5653337 0.5560350 0.8695731 0.6022580 0.7070221 0.6676917 0.8410319 0.5159004 0.2519082 0.5576056 0.0000000 0.6088114 0.5110736 0.5273306 0.8493936 0.5928772 0.4889133 0.6043549 0.5366689 0.4151669 0.7278324 0.5596334 0.3407169 0.4622365 0.5300959 0.5324565 0.3797190 0.4842007 0.7573433 0.7292843 0.5093296 0.6334821 0.7800277 0.4973175 0.3798029 0.7627124 0.6297839 0.9495712 0.6514860 0.5734510 0.5929408 0.4594504 0.6627359 0.6579640 0.6937239 0.6484197 0.4055582 0.7127012 0.5704570 0.7780308 0.5372500 0.5845419 0.6736717 0.8665571 0.4600537 0.5737718 0.4847583 0.4817732 0.4766798 0.7497443 0.7695850 
Perityle_feddemae_99                       0.1374363 0.3179954 0.4806767 0.3028595 0.1752054 0.1397166 0.1451698 0.1272789 0.2598165 0.3154770 0.3887886 0.1723909 0.1340559 0.0885384 0.1112429 0.1419963 0.1246173 0.1961380 0.1143470 0.1478220 0.1054826 0.2228846 0.2529948 0.3421379 0.1185763 0.2514221 0.2919210 0.2095486 0.1255637 0.1681549 0.1528890 0.1633504 0.2577837 0.2961355 0.1446533 0.6088114 0.0000000 0.1681582 0.1352179 0.1747321 0.4164576 0.2255277 0.1035162 0.1179982 0.0284127 0.2387712 0.2574447 0.3493905 0.3500065 0.0858938 0.1112088 0.3254331 0.1661564 0.1615475 0.1371161 0.1201748 0.2623145 0.1299618 0.1175209 0.3594541 0.1472465 0.1989939 0.2425506 0.0913100 0.1596889 0.1236958 0.3667443 0.1580273 0.1659572 0.0977563 0.1046199 0.3433704 0.1153501 0.1688660 0.1666541 0.2590128 0.2503907 0.1964176 0.1844024 0.1088362 0.1392282 0.1880889 0.1570814 0.3064448 0.1340889 0.2670066 
Perityle_fosteri_93                        0.1093623 0.3406760 0.5707236 0.3732242 0.1402043 0.0000010 0.7118184 0.0000010 0.5871694 0.3792274 0.0677095 0.9016346 0.0164246 0.0144002 0.0000010 0.1333893 0.0817709 0.6829787 0.1196495 0.0239583 0.0180154 1.1083657 0.0000010 1.0419655 0.0796386 0.0324460 0.1303264 0.7645309 0.1261219 0.0000010 0.0000010 0.7400440 0.5470523 0.3792274 0.2792412 0.5110736 0.1681582 0.0000000 0.1528239 0.7085973 0.0282129 0.0304334 0.1684251 0.0522745 0.0748444 0.7032958 0.0624269 0.9624268 0.9624268 0.1040339 0.0632280 1.1646077 0.0321656 0.8173554 1.0679341 0.1397714 0.0000010 0.0000010 0.0238971 0.9624268 1.0085129 0.0000010 1.3309266 0.0000010 0.1969620 0.1310370 0.1691716 0.1568887 0.1487257 0.0000010 0.0000010 1.0419655 0.0000010 0.0299002 1.0564483 0.5112597 0.0745026 0.3587608 0.7317603 0.0346943 0.8482728 0.2230711 0.0279886 1.1662225 0.8181208 0.0000010 
Perityle_gamon_221                         0.1487185 0.2986421 0.4430806 0.2991765 0.1848993 0.1073932 0.1722612 0.1297365 0.2648761 0.3104831 0.4891787 0.1114517 0.1385424 0.0833862 0.0619606 0.0974494 0.0990582 0.2084808 0.0861709 0.1574389 0.0809345 0.1043584 0.2472255 0.3754871 0.1006484 0.3021284 0.3008660 0.1446014 0.1083760 0.1820148 0.1702952 0.2063407 0.2565228 0.2770419 0.0891402 0.5273306 0.1352179 0.1528239 0.0000000 0.1158296 0.4845859 0.2738179 0.1428242 0.0930160 0.0749861 0.0966701 0.2815389 0.3722429 0.3713443 0.1449203 0.0840748 0.3645299 0.1872788 0.0961819 0.0855736 0.0714966 0.2792674 0.0643259 0.0914973 0.4056299 0.1290494 0.1930705 0.2312450 0.0667067 0.1101588 0.1122364 0.3631631 0.1278543 0.1514445 0.0594571 0.1031261 0.3747036 0.1405150 0.2164062 0.0910190 0.1541745 0.2143033 0.1635234 0.1398796 0.1235544 0.0981294 0.1734635 0.1996104 0.3820266 0.0907620 0.2490776 
Perityle_gentryi_8_san_francisco           0.2038814 0.3543067 0.4244704 0.2793885 0.2298176 0.1122423 0.1545365 0.1195921 0.2712875 0.2844814 0.6466648 0.0687508 0.7445485 0.6809814 0.0467891 0.0979896 0.1034349 0.1465404 0.1239926 0.7092989 0.1008474 0.0555751 0.2463345 0.3501103 0.1359483 0.4019468 0.4115460 0.0472366 0.1154199 0.1697312 0.1669021 0.1294472 0.2170809 0.2700952 0.0737532 0.8493936 0.1747321 0.7085973 0.1158296 0.0000000 0.6388997 0.3832962 0.2281397 0.1144149 0.7312011 0.0952490 0.3845370 0.3593690 0.3633454 0.2299380 0.1035654 0.3591915 0.7196526 0.0564101 0.0587636 0.1117399 0.2800296 0.0506972 0.1149477 0.3506984 0.0910741 0.1772294 0.2003646 0.0605264 0.1003258 0.1264494 0.3575710 0.1641950 0.1796977 0.0509115 0.0865719 0.3514619 0.1208495 0.7564940 0.0569023 0.1042265 0.2305022 0.1919083 0.0802884 0.6886330 0.0591418 0.1404998 0.7788988 0.3396262 0.0749862 0.2466785 
Perityle_gilensis_22_Superstition          0.4627193 0.6833908 0.6098235 0.5798111 0.4461190 0.8057519 0.6175281 0.9702397 0.5597288 0.5221301 0.2262164 0.5715741 0.1883845 0.0000010 0.5963345 0.4578779 0.3876292 0.6030794 0.3993027 0.1632185 0.4089285 0.2554118 0.5703743 0.5013898 0.4112574 0.4220627 0.4981281 0.5920368 0.4134573 0.6585847 0.6641782 0.6112905 0.5706901 0.5105351 0.4009374 0.5928772 0.4164576 0.0282129 0.4845859 0.6388997 0.0000000 0.4127078 0.4217419 0.3947214 0.1957472 0.5656892 0.4210031 0.4987488 0.5711048 0.4264250 0.3816155 0.5101168 0.2062713 0.6074449 0.5963345 0.4537058 0.6685351 0.4705832 0.4146353 0.5040990 0.5983579 0.6170844 0.6224638 0.6186057 0.3882761 0.4129365 0.7330152 0.4466358 0.4380295 0.5652698 0.6119006 0.5013898 0.6506297 0.2593118 0.5935171 0.6942332 0.7353644 0.4769519 0.5964284 0.2062118 0.5059792 0.6988973 0.2548056 0.5348436 0.5743577 0.6154564 
Perityle_gilensis_salensis_225             0.1584793 0.2782513 0.4066711 0.2728420 0.2303206 0.1641114 0.3314812 0.1953751 0.2490075 0.3844924 0.3881601 0.3911098 0.0251430 0.0167345 0.3229476 0.2312165 0.1891070 0.4143286 0.2065393 0.0220323 0.1475660 0.7354881 0.1001938 0.2607116 0.1483246 0.0496083 0.2319968 0.4257538 0.2293216 0.3767449 0.1997639 0.4057542 0.4301721 0.3722560 0.2744823 0.4889133 0.2255277 0.0304334 0.2738179 0.3832962 0.4127078 0.0000000 0.2022488 0.1768471 0.0702013 0.4312828 0.1609269 0.2529690 0.2431930 0.1867889 0.1609966 0.2609783 0.0508043 0.3835568 0.3395252 0.2347400 0.2615079 0.3988456 0.2081822 0.2805964 0.3686441 0.1346941 0.3323770 0.1860289 0.2386486 0.2213233 0.3727023 0.2211871 0.2356356 0.2021591 0.2879998 0.2607531 0.3079298 0.0944975 0.3964191 0.4058758 0.2144742 0.3050068 0.3992369 0.0502981 0.2768394 0.2645935 0.0961558 0.2911789 0.3179711 0.2680162 
Perityle_glaucescens_94                    0.1497069 0.3259201 0.4391700 0.3109590 0.1641469 0.1288850 0.1910694 0.1116045 0.2679606 0.3509905 0.3878979 0.1939916 0.1544939 0.0919841 0.1565707 0.1676922 0.1628842 0.2360435 0.1358355 0.1353399 0.1260931 0.5151929 0.2466192 0.2857772 0.1517733 0.2152330 0.2764857 0.2349037 0.1584731 0.2214178 0.1730867 0.2345973 0.3374145 0.3151477 0.1726953 0.6043549 0.1035162 0.1684251 0.1428242 0.2281397 0.4217419 0.2022488 0.0000000 0.1467351 0.0235187 0.2681656 0.2248327 0.2790707 0.2887674 0.0189219 0.1450637 0.2970703 0.1528209 0.1858888 0.1989260 0.1369514 0.2710480 0.2199523 0.1296977 0.2937972 0.1935699 0.2101595 0.2145416 0.1013418 0.1766430 0.1484576 0.3188265 0.1830164 0.2011472 0.1132774 0.1046558 0.2870863 0.1380378 0.1941719 0.2203310 0.2964172 0.2485149 0.2255572 0.2247664 0.1052288 0.1737002 0.1882133 0.1730433 0.3216875 0.1685031 0.2556105 
Perityle_gracilis_11                       0.1260443 0.3206905 0.4030562 0.2766200 0.1463675 0.1012406 0.1618570 0.1154634 0.2650145 0.2971133 0.3796988 0.0553837 0.0381190 0.0156284 0.0185992 0.0799087 0.0272478 0.1836658 0.0773657 0.0610400 0.0151740 0.0286127 0.2483511 0.2919905 0.0589208 0.1938190 0.2412459 0.1390763 0.0847401 0.1681722 0.1643627 0.2027007 0.2844429 0.2769266 0.0420170 0.5366689 0.1179982 0.0522745 0.0930160 0.1144149 0.3947214 0.1768471 0.1467351 0.0000000 0.0686200 0.1808965 0.1834159 0.2936758 0.3061862 0.1314024 0.0177417 0.3046845 0.0900341 0.0782544 0.0252168 0.0866115 0.2847962 0.0549525 0.0142905 0.2933788 0.1055465 0.1945884 0.2297676 0.0450555 0.0506531 0.0839139 0.3279978 0.1187310 0.1272352 0.0128021 0.0957447 0.2932596 0.1288484 0.0923015 0.0447526 0.1597902 0.1955301 0.1669688 0.1453465 0.0542663 0.0749252 0.1712471 0.0963736 0.3010351 0.0793900 0.2395176 
