84
Amauria_brandeegeana_62                    0.0000000 0.3150155 0.0571366 0.4507531 0.2187865 0.4363667 0.2861669 0.2302910 0.2159811 0.1996537 0.2224336 0.1776726 0.1484586 0.2043529 0.1873756 0.1631111 0.3246969 0.1794492 0.2299711 0.1885643 0.4042932 0.2099407 0.1809584 0.1870035 0.0795990 0.1787143 0.0848255 0.1642701 0.2658068 0.2344965 0.1559292 0.0720814 0.1841685 0.1554116 0.1378953 0.1785095 0.0931009 0.1878861 0.1811855 0.4443160 0.1301162 0.1827397 0.1405089 0.1258718 0.1900856 0.1889136 0.1868811 0.1349809 0.1822642 0.2225800 0.1884403 0.0786237 0.1845846 0.0846750 0.1926889 0.2645915 0.1866271 0.1844288 0.4108070 0.2473017 0.2095420 0.0574380 0.1840077 0.0960620 0.0761534 0.0951212 0.2355204 0.1769852 0.0946440 0.1776836 0.6586692 0.2233846 0.0850896 0.1804305 0.1481243 0.0892421 0.1357084 0.1946314 0.1908021 0.1762142 0.1887907 0.3921052 0.1289495 0.1862998 
Amauria_carterae_99_mesa                   0.3150155 0.0000000 0.2946454 0.3927300 0.3494269 0.2550557 0.3362105 0.3181453 0.3215517 0.3450084 0.3294657 0.3377400 0.3384764 0.3386739 0.3297670 0.3127716 0.3430709 0.3323824 0.3289329 0.3422610 0.3318013 0.3131929 0.3205974 0.3357192 0.5528747 0.3606902 0.3227515 0.3041878 0.2888851 0.6864048 0.8565733 0.3060969 0.3349644 0.5528747 0.3173735 0.3319520 0.3224472 0.3242171 0.3188251 0.0737525 0.3088522 0.3255489 0.3120142 0.3170707 0.3336358 0.3297674 0.3361518 0.3120117 0.3353159 0.3305459 0.3263879 0.5528747 0.3351193 0.3066488 0.5528747 0.3019379 0.3302109 0.3151430 0.1415046 0.2202853 0.2967091 0.2762965 0.3375761 0.3207967 0.2974561 0.2946108 0.3097309 0.2135351 0.5528747 0.3167776 0.0000010 0.3391211 0.2968195 0.3413712 0.3297194 0.3110350 0.3188873 0.3209176 0.3349982 0.2981815 0.3302109 0.3172588 0.5528747 0.3056703 
Amauria_rotundifolia_SRR9119150            0.0571366 0.2946454 0.0000000 0.4603869 0.2522203 0.4279307 0.2910766 0.2194235 0.2532050 0.2355995 0.2334440 0.1993972 0.1439302 0.2500324 0.2209277 0.1637425 0.3435622 0.1860530 0.2337589 0.2193349 0.4040882 0.2390955 0.2090322 0.2128868 0.0859670 0.1863940 0.0844059 0.1566723 0.2418365 0.2411242 0.1653575 0.0775877 0.2066519 0.1499797 0.1359927 0.1713448 0.0938002 0.2216001 0.2166887 0.4466262 0.1370080 0.1951608 0.1316776 0.1297617 0.2252235 0.2148711 0.2157627 0.1239947 0.1988058 0.2376323 0.2064119 0.0812319 0.2152186 0.0788322 0.1953301 0.2609220 0.2070434 0.1903295 0.4011712 0.2468050 0.1986509 0.0584886 0.2145314 0.1136736 0.0740179 0.1023439 0.2331289 0.1819345 0.0932997 0.2099012 0.5826738 0.2521175 0.1217860 0.2101722 0.1479974 0.1013933 0.1357282 0.2303586 0.2205256 0.1798412 0.1820232 0.3936333 0.1252390 0.1953093 
Conoclinium_coelestinum_SRR9119114         0.4507531 0.3927300 0.4603869 0.0000000 0.4593857 0.5095844 0.4574102 0.6223584 0.4473548 0.4485626 0.4420133 0.4538814 0.4281704 0.4790396 0.4562347 0.4793070 0.4732128 0.4491741 0.4629307 0.4436455 0.5333065 0.4487216 0.4474346 0.4416316 0.4286812 0.4048466 0.4759434 0.4518000 0.4576920 0.4852308 0.4563079 0.4614456 0.4516548 0.4284380 0.4752604 0.4352751 0.4698747 0.4623350 0.4456212 0.5023540 0.4610554 0.4408555 0.4720080 0.4706981 0.4544197 0.4426440 0.4442116 0.4663570 0.4526982 0.4469966 0.4422139 0.4304631 0.4497826 0.4371067 0.4090345 0.3653077 0.4432536 0.4373953 0.4261526 0.3933096 0.5369074 0.3582030 0.4470456 0.4924314 0.4609780 0.4536562 0.5478269 0.2723739 0.4291903 0.4402770 0.0000010 0.4447913 0.4543680 0.4401438 0.3776334 0.4674720 0.4679729 0.4516225 0.4519490 0.5213145 0.4318915 0.6728553 0.4555147 0.4247068 
Eutetras_palmeri_63                        0.2187865 0.3494269 0.2522203 0.4593857 0.0000000 0.4284757 0.2748872 0.3181797 0.2056442 0.1528396 0.1218127 0.1074725 0.0687332 0.1563841 0.1312047 0.2506789 0.2343050 0.0815171 0.0984528 0.1350776 0.3309322 0.1687158 0.1171577 0.1328952 0.0735427 0.1608076 0.3604935 0.1312290 0.1364024 0.1884970 0.1540918 0.1939663 0.1099514 0.0963977 0.2041939 0.0775508 0.2262231 0.1122746 0.1177793 0.5027759 0.2210606 0.0889592 0.1908463 0.2768994 0.1179312 0.1271058 0.1203399 0.2013627 0.0996569 0.1306548 0.0919642 0.0723689 0.1077759 0.2524273 0.1586074 0.2727856 0.1123221 0.0931387 0.4213828 0.1709313 0.2444845 0.1254387 0.1320091 0.3740127 0.1806433 0.2421211 0.2688755 0.1165225 0.0872125 0.1202178 0.1454662 0.1364567 0.2138248 0.1204913 0.0673922 0.2335943 0.2120524 0.1352715 0.1372280 0.3399876 0.0968901 0.3340547 0.0808110 0.2479227 
Eutrochium_fistulosum_SRR9119106           0.4363667 0.2550557 0.4279307 0.5095844 0.4284757 0.0000000 0.4451713 0.4530362 0.4121707 0.4261857 0.4132104 0.4162381 0.3892502 0.4283300 0.4146330 0.4263189 0.4396094 0.4259753 0.4226559 0.4283939 0.4709447 0.4071527 0.4097697 0.4184073 0.5090237 0.5621433 0.4275486 0.4168991 0.3758573 0.6762378 0.5905766 0.4264241 0.4281598 0.5302587 0.4375535 0.4130297 0.4326506 0.3997275 0.4129807 0.2706693 0.4234130 0.4085412 0.4333242 0.4424605 0.4145630 0.4176288 0.4228810 0.4307720 0.4268690 0.4190390 0.4034214 0.5090237 0.4086672 0.4201701 0.5567005 0.4271475 0.4158278 0.4087549 0.3264911 0.2768805 0.4271376 0.3224057 0.4209630 0.4306887 0.4264285 0.4206826 0.4185966 0.2205778 0.5085240 0.4131254 0.4148181 0.4234512 0.3976927 0.4232741 0.3857683 0.4310600 0.4382223 0.4066121 0.4163580 0.4163538 0.4096974 0.4520269 0.5600157 0.3958376 
Galeana_pratensis_104_mex                  0.2861669 0.3362105 0.2910766 0.4574102 0.2748872 0.4451713 0.0000000 0.3370253 0.2847483 0.2875114 0.2742318 0.2774718 0.2746454 0.2715044 0.2670539 0.3033588 0.2522486 0.2739336 0.2829023 0.2749606 0.2771845 0.2731271 0.2912263 0.2723173 0.4333147 0.4115524 0.2401753 0.3090810 0.2043386 0.4455050 0.4492603 0.2853408 0.2689986 0.4338439 0.2933867 0.2743930 0.2938467 0.2774407 0.2657104 0.4754440 0.2780781 0.2706132 0.2980715 0.2837460 0.2809469 0.2665001 0.2779119 0.2919825 0.2730562 0.2823720 0.2776342 0.4391015 0.2717480 0.2194466 0.4265352 0.3071290 0.2736138 0.2768213 0.3957576 0.1501632 0.2974062 0.2428145 0.2773475 0.2441332 0.2939310 0.2990842 0.3773800 0.1640643 0.4296767 0.2710670 0.0000010 0.2766258 0.2804572 0.2755391 0.2432950 0.3019851 0.3064735 0.2709076 0.2778495 0.2952893 0.2750292 0.4748850 0.4230255 0.3049327 
Lycapsus_tenuifolius_17                    0.2302910 0.3181453 0.2194235 0.6223584 0.3181797 0.4530362 0.3370253 0.0000000 0.4296773 0.4617397 0.3661044 0.3961764 0.3552020 0.4536965 0.4059623 0.2516001 0.4312959 0.3930625 0.2575511 0.4215043 0.3576136 0.4588678 0.3984534 0.3997570 0.8753165 0.5379852 0.0880285 0.1629876 0.1544864 0.6534574 1.0945393 0.1156231 0.3969120 0.2239892 0.1747038 0.3791555 0.2145618 0.3940247 0.3689261 0.4397738 0.1544037 0.3988103 0.1853728 0.2857394 0.4018364 0.4095919 0.3977834 0.1669956 0.3919464 0.4011503 0.3970610 0.9468727 0.3778516 0.1025576 0.4356693 0.1839453 0.4158755 0.4291381 0.5103114 0.0958237 0.1224518 0.1693269 0.4196052 0.0994728 0.1993685 0.2430575 0.1625514 0.0799447 0.9005097 0.4070206 0.0112872 0.3918611 0.2712805 0.3873262 0.2900778 0.2092783 0.1793798 0.4308479 0.4044642 0.1206767 0.4444513 0.2724675 0.9370059 0.2000075 
Pericome_caudata_50_silver                 0.2159811 0.3215517 0.2532050 0.4473548 0.2056442 0.4121707 0.2847483 0.4296773 0.0000000 0.1627534 0.1522362 0.1140238 0.0781518 0.2179680 0.1245039 0.2894179 0.2511926 0.0978527 0.1526967 0.1440475 0.3683225 0.1691425 0.1121744 0.1510928 0.0907965 0.1912312 0.3706321 0.1795650 0.1833756 0.2538181 0.1576723 0.2389258 0.1176051 0.1595690 0.2910385 0.0920648 0.2371844 0.1632280 0.1545284 0.4922916 0.3211870 0.1084028 0.2579490 0.3423892 0.1717785 0.1466203 0.1713672 0.2744116 0.1236496 0.2088609 0.1109497 0.0918312 0.1653303 0.2483094 0.1897723 0.3903388 0.1725224 0.1021031 0.4023541 0.3562329 0.3525358 0.1409626 0.1814022 0.3968074 0.2115313 0.2539325 0.4166203 0.3137169 0.1103875 0.1402782 0.6933043 0.2212253 0.2581892 0.1286471 0.0640765 0.2470768 0.2978012 0.1501666 0.1485156 0.3537523 0.0997663 0.3827684 0.0995190 0.2329954 
Perityle_aglossa_84_dead_horse             0.1996537 0.3450084 0.2355995 0.4485626 0.1528396 0.4261857 0.2875114 0.4617397 0.1627534 0.0000000 0.0872182 0.0393565 0.0439229 0.1562742 0.1003628 0.2539097 0.2376003 0.0532649 0.0945313 0.0503071 0.3621233 0.0589362 0.0799039 0.0499552 0.0477782 0.0979709 0.3493525 0.1462362 0.1339519 0.1716004 0.1106920 0.2628287 0.0396600 0.0901843 0.3052099 0.0533028 0.2344567 0.0944364 0.0755791 0.4962431 0.3368970 0.0686874 0.2669129 0.2708232 0.0937961 0.0501644 0.0737034 0.2992127 0.0667086 0.0811623 0.0556442 0.0479883 0.0747657 0.2479312 0.0895513 0.3992448 0.0881027 0.0433184 0.4051733 0.2983832 0.4075987 0.1247822 0.0416490 0.3831371 0.1633394 0.2428510 0.4636543 0.2440256 0.0753591 0.0716832 0.9221658 0.0781358 0.1821658 0.0687599 0.0415559 0.2397259 0.2997987 0.0651779 0.0295650 0.3424585 0.0615270 0.3465315 0.1019806 0.2359038 
Perityle_ajoensis_204                      0.2224336 0.3294657 0.2334440 0.4420133 0.1218127 0.4132104 0.2742318 0.3661044 0.1522362 0.0872182 0.0000000 0.0422558 0.0369912 0.1327092 0.0707695 0.2707101 0.2027945 0.0438225 0.1170073 0.0496722 0.3324455 0.1091763 0.0748994 0.0427968 0.0788566 0.2449805 0.3099927 0.1664064 0.1254657 0.2430392 0.1461933 0.2393235 0.0455761 0.1718734 0.2598226 0.0443230 0.2098059 0.0660611 0.0487489 0.4823532 0.2652609 0.0502735 0.2557096 0.2626207 0.0601428 0.0442531 0.0447116 0.2590469 0.0570210 0.1066652 0.0271396 0.0321238 0.0502279 0.2481889 0.1791694 0.3229120 0.0597759 0.0538249 0.3958692 0.2068156 0.3410077 0.1143456 0.0613587 0.3440495 0.1578204 0.2229318 0.3820986 0.1780276 0.0343016 0.0587143 0.3363897 0.0884740 0.1755350 0.0491869 0.0227572 0.2165888 0.2657791 0.0690643 0.0393080 0.3406952 0.0599745 0.3584833 0.1031396 0.2330791 
Perityle_ambrosiifolia_67_green            0.1776726 0.3377400 0.1993972 0.4538814 0.1074725 0.4162381 0.2774718 0.3961764 0.1140238 0.0393565 0.0422558 0.0000000 0.0391886 0.1223075 0.0864369 0.2305118 0.2267964 0.0447672 0.0701941 0.0424401 0.3383553 0.0305868 0.0702539 0.0341023 0.0520320 0.0454208 0.3197128 0.1239262 0.0934492 0.1383234 0.1033169 0.2060693 0.0300540 0.0410930 0.2190752 0.0415843 0.2130374 0.0616571 0.0379944 0.4874248 0.2233602 0.0509532 0.2144712 0.2145834 0.0572100 0.0353248 0.0429857 0.2204500 0.0524939 0.0524466 0.0388631 0.0424623 0.0552719 0.2434178 0.0410225 0.3614241 0.0495352 0.0329496 0.4018969 0.2537447 0.3287037 0.1096491 0.0346017 0.3456572 0.1554495 0.2088942 0.3935367 0.1768388 0.0745008 0.0456976 0.0000010 0.0338747 0.1591806 0.0504019 0.0373605 0.2123763 0.2204767 0.0424563 0.0393658 0.3347549 0.0351626 0.3161241 0.0950758 0.2337580 
Perityle_angustifolia_13_Eagle_creek       0.1484586 0.3384764 0.1439302 0.4281704 0.0687332 0.3892502 0.2746454 0.3552020 0.0781518 0.0439229 0.0369912 0.0391886 0.0000000 0.0439781 0.0376053 0.1686261 0.2107299 0.0224452 0.0538309 0.0400392 0.3078389 0.0324495 0.0467119 0.0392806 0.0271359 0.0253431 0.2215545 0.1171802 0.0872720 0.0874949 0.0859923 0.1650468 0.0343587 0.0246411 0.1511230 0.0173434 0.1575449 0.0448015 0.0228798 0.4766506 0.1492353 0.0316448 0.1499014 0.1544782 0.0279698 0.0393952 0.0424191 0.1482368 0.0322316 0.0523737 0.0362947 0.0288604 0.0149282 0.2205853 0.0353918 0.3155839 0.0400979 0.0373800 0.3376589 0.2367633 0.3017098 0.1122459 0.0376722 0.2373642 0.1116953 0.1443072 0.3583690 0.1816555 0.0372207 0.0210119 0.0000010 0.0394861 0.0959795 0.0262363 0.0403969 0.1546100 0.1533974 0.0285549 0.0439896 0.3273376 0.0401352 0.3357521 0.0972226 0.2080459 
Perityle_batopilensis_97                   0.2043529 0.3386739 0.2500324 0.4790396 0.1563841 0.4283300 0.2715044 0.4536965 0.2179680 0.1562742 0.1327092 0.1223075 0.0439781 0.0000000 0.1684382 0.2740501 0.2921644 0.0919916 0.1295987 0.1475913 0.3503279 0.1438463 0.1427370 0.1443938 0.0532570 0.0619983 0.4127056 0.1383290 0.1015837 0.1707761 0.1175249 0.2325565 0.1230913 0.0547562 0.2930521 0.0767442 0.2582814 0.0884059 0.1567051 0.4758867 0.3250670 0.0985404 0.2437753 0.2775512 0.1320025 0.1428396 0.1352587 0.2778338 0.1234668 0.1368565 0.1206021 0.0426971 0.1294469 0.2914644 0.0523768 0.3636297 0.1175022 0.1042761 0.4009036 0.2796329 0.3738220 0.1287738 0.1438076 0.4345267 0.1905911 0.2534597 0.4468857 0.1856607 0.0710707 0.1326182 0.0000010 0.1599912 0.2143792 0.1327948 0.0520692 0.2618969 0.2942782 0.1570801 0.1500965 0.3720604 0.0872568 0.3618271 0.0796811 0.2426530 
Perityle_bisetosa_9                        0.1873756 0.3297670 0.2209277 0.4562347 0.1312047 0.4146330 0.2670539 0.4059623 0.1245039 0.1003628 0.0707695 0.0864369 0.0376053 0.1684382 0.0000000 0.2263961 0.2277505 0.0397689 0.0591143 0.0992741 0.3327962 0.0861282 0.1005698 0.0916538 0.0948257 0.1036516 0.3384550 0.1173049 0.0855521 0.1955474 0.1441820 0.2181457 0.0821329 0.1048696 0.2643878 0.0349420 0.2617330 0.1065463 0.0512656 0.4642578 0.2414945 0.0863410 0.2523159 0.2583664 0.0546886 0.0930388 0.0993212 0.2521241 0.0744288 0.1062345 0.0717835 0.1010171 0.0308164 0.2407405 0.0425496 0.3506446 0.1078571 0.0785715 0.3855163 0.2502381 0.2986329 0.1113944 0.0923404 0.3710141 0.2046463 0.2342910 0.3680835 0.1769014 0.0943691 0.0779607 0.0000010 0.1068133 0.2247099 0.0881493 0.0378587 0.2259497 0.2723028 0.0977925 0.0925594 0.3297250 0.0794938 0.3239780 0.0948014 0.2354610 
Perityle_californica_76_positas            0.1631111 0.3127716 0.1637425 0.4793070 0.2506789 0.4263189 0.3033588 0.2516001 0.2894179 0.2539097 0.2707101 0.2305118 0.1686261 0.2740501 0.2263961 0.0000000 0.3585860 0.2189672 0.2815608 0.2414172 0.3964825 0.2758377 0.2245175 0.2302290 0.1211574 0.1999826 0.1272814 0.1857959 0.2362713 0.2503161 0.1662608 0.1703417 0.2316447 0.2080590 0.1784864 0.2049294 0.1300380 0.2451309 0.2254489 0.4644468 0.1735276 0.2211496 0.1714769 0.1825023 0.2251935 0.2277502 0.2330434 0.1756470 0.2230072 0.2738224 0.2327417 0.0961663 0.2233394 0.1165629 0.1597156 0.2856889 0.2326709 0.2226093 0.4298051 0.1980713 0.2408870 0.0649163 0.2291732 0.1401348 0.1073019 0.1573401 0.2968104 0.1570731 0.1144385 0.2265788 0.3872074 0.2735935 0.1400467 0.2241760 0.1661475 0.1492955 0.1904788 0.2306760 0.2359872 0.1882769 0.2182138 0.3595686 0.1118257 0.2459090 
Perityle_canescens_77                      0.3246969 0.3430709 0.3435622 0.4732128 0.2343050 0.4396094 0.2522486 0.4312959 0.2511926 0.2376003 0.2027945 0.2267964 0.2107299 0.2921644 0.2277505 0.3585860 0.0000000 0.2053293 0.2287284 0.2225873 0.3312727 0.2225550 0.2145136 0.2247058 0.3822094 0.4252152 0.3317118 0.2420161 0.0940139 0.4564141 0.4174485 0.3259870 0.2264567 0.4172969 0.3818078 0.2012044 0.3672463 0.2381487 0.2151699 0.5005654 0.3506725 0.2258610 0.3888138 0.3753174 0.2188142 0.2194786 0.2260120 0.3762756 0.2198019 0.2172745 0.2011313 0.3938183 0.2169903 0.2595960 0.3772197 0.3598990 0.2290503 0.2183932 0.3839336 0.2738548 0.3298877 0.2536928 0.2213388 0.3462220 0.3532525 0.3555642 0.3686928 0.1983778 0.3927943 0.2246084 0.6374377 0.2287032 0.3712547 0.2251519 0.1609582 0.3490467 0.3826000 0.2246479 0.2345565 0.3582439 0.2134278 0.3589351 0.3591504 0.2565337 
Perityle_castillonii_96                    0.1794492 0.3323824 0.1860530 0.4491741 0.0815171 0.4259753 0.2739336 0.3930625 0.0978527 0.0532649 0.0438225 0.0447672 0.0224452 0.0919916 0.0397689 0.2189672 0.2053293 0.0000000 0.0634147 0.0540749 0.3363359 0.0405786 0.0579855 0.0466186 0.0315709 0.0295432 0.2913822 0.1240447 0.0934781 0.1150433 0.0937253 0.1951159 0.0443058 0.0279580 0.1947612 0.0235501 0.2006452 0.0603446 0.0361539 0.4701676 0.1954356 0.0472832 0.1968624 0.1970380 0.0329098 0.0445242 0.0512065 0.1914934 0.0341479 0.0606138 0.0440573 0.0311846 0.0247210 0.2472829 0.0393062 0.3423829 0.0512990 0.0478466 0.3830443 0.2655985 0.3085710 0.1123915 0.0464094 0.3125954 0.1556704 0.1952955 0.3565760 0.1860357 0.0420760 0.0324616 0.0000010 0.0494902 0.1527020 0.0367932 0.0353474 0.2036851 0.1937154 0.0512295 0.0520166 0.3357884 0.0411672 0.3251441 0.0929331 0.2422868 
Perityle_cernua_84                         0.2299711 0.3289329 0.2337589 0.4629307 0.0984528 0.4226559 0.2829023 0.2575511 0.1526967 0.0945313 0.1170073 0.0701941 0.0538309 0.1295987 0.0591143 0.2815608 0.2287284 0.0634147 0.0000000 0.0758484 0.3283870 0.1126892 0.0678124 0.0782233 0.0714706 0.1695265 0.2856880 0.1008076 0.0724186 0.2315238 0.1912893 0.1591504 0.0677272 0.0581253 0.1916236 0.0512009 0.2219012 0.0916759 0.0613242 0.4815878 0.1852928 0.0794843 0.2012127 0.2674810 0.0771076 0.0790864 0.0832603 0.1929367 0.0660571 0.1357679 0.0699709 0.0917880 0.0657082 0.2356514 0.1320788 0.2754022 0.0799735 0.0763736 0.3952013 0.1741642 0.2427972 0.1099508 0.0781762 0.3046926 0.2119880 0.2328179 0.2609590 0.1246004 0.0775783 0.0684300 0.0057887 0.1398766 0.1878951 0.0679042 0.0415710 0.2123361 0.1975264 0.0853710 0.0842944 0.3340788 0.0811400 0.3175135 0.1515158 0.2283799 
Perityle_cfvillosa_25_tin                  0.1885643 0.3422610 0.2193349 0.4436455 0.1350776 0.4283939 0.2749606 0.4215043 0.1440475 0.0503071 0.0496722 0.0424401 0.0400392 0.1475913 0.0992741 0.2414172 0.2225873 0.0540749 0.0758484 0.0000000 0.3373076 0.0467318 0.0762447 0.0314988 0.0538800 0.0465803 0.3553453 0.1269026 0.1012418 0.1505057 0.1114893 0.2320148 0.0370987 0.0457194 0.2699459 0.0506566 0.2390753 0.0922489 0.0622602 0.4796775 0.2801242 0.0359374 0.2343667 0.2501060 0.0839924 0.0392728 0.0550894 0.2675542 0.0633577 0.0555727 0.0457805 0.0424450 0.0642229 0.2533231 0.0377294 0.3609121 0.0598654 0.0249565 0.3986753 0.2620944 0.3593365 0.1191961 0.0444390 0.3760120 0.1723241 0.2331246 0.4344569 0.1820669 0.0623453 0.0604550 0.3281263 0.0628841 0.1746237 0.0567688 0.0197311 0.2391202 0.2736938 0.0488913 0.0446765 0.3473178 0.0234392 0.3275007 0.0995006 0.2438185 
Perityle_cinerea_113_Powell1310            0.4042932 0.3318013 0.4040882 0.5333065 0.3309322 0.4709447 0.2771845 0.3576136 0.3683225 0.3621233 0.3324455 0.3383553 0.3078389 0.3503279 0.3327962 0.3964825 0.3312727 0.3363359 0.3283870 0.3373076 0.0000000 0.3647749 0.3236937 0.3420213 0.4690511 0.4149886 0.3092081 0.3245974 0.2499800 0.5106874 0.5542463 0.3502994 0.3443378 0.3670271 0.3523634 0.3280225 0.3645532 0.3353074 0.3243358 0.4910595 0.3488439 0.3280059 0.3574269 0.4070252 0.3481344 0.3411556 0.3422489 0.3528622 0.3355302 0.3301041 0.3389536 0.4468474 0.3327058 0.2940839 0.4312157 0.3440116 0.3478933 0.3244700 0.4678131 0.2601833 0.3290075 0.2542140 0.3405017 0.3337744 0.3685348 0.3887007 0.3394066 0.2041832 0.4677480 0.3233951 0.2431728 0.3385237 0.3765053 0.3306742 0.2257715 0.3843909 0.3529117 0.3359146 0.3471775 0.3877904 0.3490381 0.4898627 0.3562259 0.2792448 
Perityle_coahuilensis_24                   0.2099407 0.3131929 0.2390955 0.4487216 0.1687158 0.4071527 0.2731271 0.4588678 0.1691425 0.0589362 0.1091763 0.0305868 0.0324495 0.1438463 0.0861282 0.2758377 0.2225550 0.0405786 0.1126892 0.0467318 0.3647749 0.0000000 0.0686878 0.0437397 0.0440596 0.1256102 0.3409105 0.1695750 0.1830771 0.1977175 0.1157928 0.2718400 0.0399083 0.1285650 0.3081244 0.0391855 0.2293852 0.0838485 0.0507838 0.4740922 0.3371693 0.0540094 0.2737155 0.2674707 0.0746629 0.0427351 0.0666087 0.3079409 0.0597331 0.0964927 0.0476405 0.0376971 0.0631032 0.2469474 0.1533449 0.3997110 0.0748110 0.0388550 0.3931726 0.3711713 0.4215089 0.1055457 0.0439570 0.3770845 0.1599284 0.2494432 0.4642667 0.3273748 0.0635463 0.0445062 0.7971022 0.0997238 0.1767344 0.0619736 0.0291254 0.2308932 0.3180335 0.0499943 0.0483201 0.3465534 0.0419313 0.3686158 0.0823380 0.2365627 
Perityle_cochisensis_44_cave_creek         0.1809584 0.3205974 0.2090322 0.4474346 0.1171577 0.4097697 0.2912263 0.3984534 0.1121744 0.0799039 0.0748994 0.0702539 0.0467119 0.1427370 0.1005698 0.2245175 0.2145136 0.0579855 0.0678124 0.0762447 0.3236937 0.0686878 0.0000000 0.0756575 0.0678226 0.0796668 0.3396802 0.1192757 0.0932868 0.1581072 0.1132579 0.2088495 0.0673233 0.0682541 0.2492997 0.0549725 0.2303061 0.0804665 0.0534256 0.4806851 0.2499998 0.0543670 0.2293111 0.2358553 0.0731664 0.0718231 0.0754716 0.2513551 0.0764169 0.0461903 0.0645932 0.0662532 0.0694302 0.2429047 0.0481894 0.3580029 0.0843381 0.0677776 0.3787942 0.2485823 0.3410020 0.1143639 0.0741866 0.3623794 0.1766726 0.2202936 0.4089183 0.1733522 0.0865366 0.0638952 0.0000010 0.0678359 0.1982169 0.0676003 0.0272449 0.2290083 0.2398045 0.0699615 0.0796335 0.3374863 0.0599793 0.3140189 0.0914021 0.2349885 
Perityle_congesta_202                      0.1870035 0.3357192 0.2128868 0.4416316 0.1328952 0.4184073 0.2723173 0.3997570 0.1510928 0.0499552 0.0427968 0.0341023 0.0392806 0.1443938 0.0916538 0.2302290 0.2247058 0.0466186 0.0782233 0.0314988 0.3420213 0.0437397 0.0756575 0.0000000 0.0535305 0.0542820 0.3439409 0.1271112 0.0993367 0.1507686 0.1108619 0.2215391 0.0351748 0.0502950 0.2651530 0.0449138 0.2345795 0.0831958 0.0586315 0.4816284 0.2811754 0.0396992 0.2297926 0.2486748 0.0771309 0.0241424 0.0436127 0.2650267 0.0481071 0.0552383 0.0349397 0.0411349 0.0516704 0.2440043 0.0368340 0.3575138 0.0497229 0.0152031 0.3970528 0.2620207 0.3540342 0.1180458 0.0422876 0.3758219 0.1626083 0.2242547 0.4224820 0.1775856 0.0655247 0.0562138 0.3261530 0.0431337 0.1691188 0.0545750 0.0197565 0.2293425 0.2705117 0.0541242 0.0461673 0.3409225 0.0143654 0.3249661 0.0952126 0.2385154 
Perityle_cordifolia_27                     0.0795990 0.5528747 0.0859670 0.4286812 0.0735427 0.5090237 0.4333147 0.8753165 0.0907965 0.0477782 0.0788566 0.0520320 0.0271359 0.0532570 0.0948257 0.1211574 0.3822094 0.0315709 0.0714706 0.0538800 0.4690511 0.0440596 0.0678226 0.0535305 0.0000000 0.0521304 0.4193446 0.0688705 0.0000010 0.0873371 0.0880142 0.1916997 0.0424517 0.0413415 0.1950279 0.0312178 0.1161034 0.0550357 0.0297777 0.7249813 0.1819773 0.0492654 0.1418979 0.1444256 0.0414809 0.0485506 0.0537756 0.1900479 0.0369891 0.0742715 0.0556940 0.0161752 0.0342722 0.0000010 0.0373681 0.4650591 0.0502867 0.0504483 0.3555301 0.8153480 0.7934646 0.0100337 0.0423497 0.6223726 0.0217946 0.0704141 0.8700307 0.0000010 0.0644754 0.0414095 0.7678655 0.0495120 0.0382511 0.0380544 0.0363571 0.0731647 0.1761861 0.0578640 0.0459805 0.8446665 0.0499850 0.9831767 0.0958045 0.5146540 
Perityle_cordifolia_68_tecolote            0.1787143 0.3606902 0.1863940 0.4048466 0.1608076 0.5621433 0.4115524 0.5379852 0.1912312 0.0979709 0.2449805 0.0454208 0.0253431 0.0619983 0.1036516 0.1999826 0.4252152 0.0295432 0.1695265 0.0465803 0.4149886 0.1256102 0.0796668 0.0542820 0.0521304 0.0000000 0.3701992 0.1897617 0.2744621 0.2067490 0.1471545 0.2722057 0.0473736 0.1618391 0.3208697 0.0323539 0.1229335 0.0631859 0.0303038 0.7475238 0.3307158 0.0502600 0.2828007 0.2520789 0.0486339 0.0506774 0.0556683 0.3356383 0.0397023 0.3143034 0.0487880 0.0369880 0.0331961 0.0000010 0.0239531 0.4120824 0.0522974 0.0477988 0.3566593 0.2898607 0.5315164 0.0203791 0.0487824 0.5303049 0.0490586 0.1480889 0.6514333 0.2448718 0.0622202 0.0423747 0.4427690 0.3094874 0.0454292 0.0400970 0.0263536 0.1213915 0.3126396 0.0648940 0.0513993 0.7792852 0.0693688 0.5629718 0.0952214 0.5041622 
Perityle_coronopifolia_28_patagonia        0.0848255 0.3227515 0.0844059 0.4759434 0.3604935 0.4275486 0.2401753 0.0880285 0.3706321 0.3493525 0.3099927 0.3197128 0.2215545 0.4127056 0.3384550 0.1272814 0.3317118 0.2913822 0.2856880 0.3553453 0.3092081 0.3409105 0.3396802 0.3439409 0.4193446 0.3701992 0.0000000 0.1742936 0.1981607 0.7933704 0.6693125 0.0838487 0.3170503 0.4193446 0.1026313 0.2638670 0.0722096 0.3531864 0.3278337 0.3710092 0.1159277 0.2893116 0.1080841 0.0768238 0.3448644 0.3402833 0.3526872 0.0923623 0.3009062 0.3145274 0.3222093 0.4634647 0.3210070 0.0461997 0.4193446 0.1232664 0.3348093 0.3038024 0.4358173 0.0666812 0.0702734 0.0765938 0.3412053 0.0599457 0.0782651 0.1160905 0.0962541 0.0469252 0.4351312 0.3326030 0.0000010 0.3548253 0.1697644 0.3313236 0.2129120 0.1130424 0.1158631 0.3369050 0.3505016 0.0858798 0.2682531 0.1949295 0.3725362 0.1340685 
Perityle_crassifolia_70_ventanas           0.1642701 0.3041878 0.1566723 0.4518000 0.1312290 0.4168991 0.3090810 0.1629876 0.1795650 0.1462362 0.1664064 0.1239262 0.1171802 0.1383290 0.1173049 0.1857959 0.2420161 0.1240447 0.1008076 0.1269026 0.3245974 0.1695750 0.1192757 0.1271112 0.0688705 0.1897617 0.1742936 0.0000000 0.0661075 0.2286952 0.1618306 0.0894229 0.1190327 0.0448909 0.1180246 0.1167497 0.1416862 0.1304435 0.1135374 0.4621464 0.1132269 0.1153096 0.1209135 0.1873732 0.1308875 0.1234860 0.1280338 0.1187215 0.1238378 0.1676370 0.1251071 0.0709609 0.1248062 0.1725890 0.1629852 0.2327827 0.1251628 0.1266727 0.3635265 0.1200033 0.1922277 0.0841849 0.1220968 0.1874537 0.1157331 0.1589934 0.2168529 0.0722296 0.0736694 0.1200978 0.0092841 0.1692996 0.1172234 0.1221520 0.1171130 0.1474284 0.1332890 0.1212392 0.1313432 0.2437259 0.1400971 0.2876253 0.1040451 0.1855311 
Perityle_crassifolia_74_playa_balandra     0.2658068 0.2888851 0.2418365 0.4576920 0.1364024 0.3758573 0.2043386 0.1544864 0.1833756 0.1339519 0.1254657 0.0934492 0.0872720 0.1015837 0.0855521 0.2362713 0.0940139 0.0934781 0.0724186 0.1012418 0.2499800 0.1830771 0.0932868 0.0993367 0.0000010 0.2744621 0.1981607 0.0661075 0.0000000 0.3726886 1.4082619 0.1454996 0.0953899 0.0214586 0.1771726 0.0842935 0.2174083 0.0958113 0.0896897 0.3594188 0.1774250 0.0841530 0.1837357 0.2744740 0.1009721 0.0956330 0.1013304 0.1788999 0.0933532 0.1300514 0.0915834 0.0000010 0.0908510 0.2076079 0.2728085 0.1852956 0.0974918 0.0991482 0.3217242 0.1337402 0.1760909 0.1846563 0.1011016 0.2047157 0.1999440 0.2451244 0.1815821 0.1392775 0.3432121 0.0898130 0.0127830 0.1315259 0.2099407 0.0924620 0.0846571 0.2272450 0.1892655 0.0879158 0.1049008 0.2328394 0.1186743 0.0900316 0.0000010 0.1433665 
Perityle_cuneata_34_cuneata_San_antonio    0.2344965 0.6864048 0.2411242 0.4852308 0.1884970 0.6762378 0.4455050 0.6534574 0.2538181 0.1716004 0.2430392 0.1383234 0.0874949 0.1707761 0.1955474 0.2503161 0.4564141 0.1150433 0.2315238 0.1505057 0.5106874 0.1977175 0.1581072 0.1507686 0.0873371 0.2067490 0.7933704 0.2286952 0.3726886 0.0000000 0.1141615 0.2640265 0.1337080 0.1793186 0.2413671 0.1118983 0.1783267 0.1564491 0.1295256 0.7699722 0.2587931 0.1439880 0.2261286 0.2478724 0.1342093 0.1455460 0.1475789 0.2503480 0.1418207 0.2757392 0.1413032 0.0819265 0.1285119 0.8342369 0.1721602 0.4838979 0.1441967 0.1399959 0.4494085 0.5079153 0.5739909 0.0662215 0.1440034 0.8741730 0.1443605 0.2148688 0.6565472 0.3792354 0.1193019 0.1418391 0.4525391 0.2682126 0.1503409 0.1276916 0.0923692 0.1999024 0.2464477 0.1572966 0.1418310 0.8076617 0.1492662 0.4899202 0.1116882 0.6397117 
Perityle_cuneata_4                         0.1559292 0.8565733 0.1653575 0.4563079 0.1540918 0.5905766 0.4492603 1.0945393 0.1576723 0.1106920 0.1461933 0.1033169 0.0859923 0.1175249 0.1441820 0.1662608 0.4174485 0.0937253 0.1912893 0.1114893 0.5542463 0.1157928 0.1132579 0.1108619 0.0880142 0.1471545 0.6693125 0.1618306 1.4082619 0.1141615 0.0000000 0.2004111 0.1029677 0.1388585 0.1741007 0.0855130 0.1418717 0.1206494 0.0812694 0.8339768 0.1779892 0.1085089 0.1692082 0.1884328 0.0970688 0.1052418 0.1092709 0.1709778 0.1067006 0.1702311 0.1020531 0.0913492 0.0903955 0.0000010 0.1495431 0.5305738 0.1108497 0.1089282 0.4201222 0.9412576 0.8471901 0.0518953 0.1002295 0.8497748 0.1058607 0.1206983 1.0308929 0.9420714 0.1122249 0.1017117 1.4082619 0.1589232 0.1050756 0.0921550 0.0774010 0.1384935 0.1722503 0.1204537 0.1105457 0.8107587 0.1093221 0.9117326 0.1421129 0.5169014 
Perityle_discoidea_81                      0.0720814 0.3060969 0.0775877 0.4614456 0.1939663 0.4264241 0.2853408 0.1156231 0.2389258 0.2628287 0.2393235 0.2060693 0.1650468 0.2325565 0.2181457 0.1703417 0.3259870 0.1951159 0.1591504 0.2320148 0.3502994 0.2718400 0.2088495 0.2215391 0.1916997 0.2722057 0.0838487 0.0894229 0.1454996 0.2640265 0.2004111 0.0000000 0.2060210 0.1062080 0.1168826 0.1916394 0.1239006 0.2075848 0.1849345 0.4613434 0.1038724 0.2133653 0.1255237 0.1801480 0.2011082 0.2245085 0.2143056 0.1161828 0.2028957 0.2703174 0.2081839 0.1303816 0.1860726 0.0919255 0.1912192 0.1974939 0.2281358 0.2402465 0.3891406 0.1237507 0.1483815 0.0661971 0.2297007 0.1031393 0.0972560 0.1244561 0.1724765 0.0689421 0.1322346 0.2089711 0.0128060 0.2651737 0.1305658 0.2002302 0.1602690 0.1040579 0.1327907 0.2462319 0.2122445 0.1815007 0.2519776 0.3404154 0.1450395 0.1938949 
Perityle_dissecta_201                      0.1841685 0.3349644 0.2066519 0.4516548 0.1099514 0.4281598 0.2689986 0.3969120 0.1176051 0.0396600 0.0455761 0.0300540 0.0343587 0.1230913 0.0821329 0.2316447 0.2264567 0.0443058 0.0677272 0.0370987 0.3443378 0.0399083 0.0673233 0.0351748 0.0424517 0.0473736 0.3170503 0.1190327 0.0953899 0.1337080 0.1029677 0.2060210 0.0000000 0.0356321 0.2254022 0.0397421 0.2117026 0.0646834 0.0440285 0.4794628 0.2305937 0.0549452 0.2194887 0.2215437 0.0644861 0.0380022 0.0444840 0.2301086 0.0508931 0.0550141 0.0356546 0.0316049 0.0565631 0.2455144 0.0454540 0.3536130 0.0530446 0.0340178 0.3906725 0.2535297 0.3368516 0.1083324 0.0293724 0.3513514 0.1587493 0.2108035 0.4125915 0.1731803 0.0587216 0.0448559 0.0000010 0.0383209 0.1674206 0.0544524 0.0280911 0.2164547 0.2262127 0.0472695 0.0355552 0.3454449 0.0328817 0.3231329 0.0861245 0.2352581 
Perityle_emoryi_47_punta_san_jose          0.1554116 0.5528747 0.1499797 0.4284380 0.0963977 0.5302587 0.4338439 0.2239892 0.1595690 0.0901843 0.1718734 0.0410930 0.0246411 0.0547562 0.1048696 0.2080590 0.4172969 0.0279580 0.0581253 0.0457194 0.3670271 0.1285650 0.0682541 0.0502950 0.0413415 0.1618391 0.4193446 0.0448909 0.0214586 0.1793186 0.1388585 0.1062080 0.0356321 0.0000000 0.1545701 0.0253596 0.1061962 0.0553503 0.0250413 0.7908995 0.1493408 0.0448798 0.1230492 0.2182013 0.0375903 0.0454349 0.0516199 0.1520924 0.0349239 0.1676603 0.0521295 0.0261813 0.0315925 0.0000010 0.1493805 0.2969858 0.0471706 0.0545791 0.3650328 0.1529865 0.3020862 0.0126010 0.0543294 0.6223726 0.0352813 0.1210979 0.3536472 0.0719988 0.0675092 0.0372303 0.0648866 0.1506952 0.0376448 0.0322717 0.0389575 0.0999491 0.1473879 0.0666555 0.0478162 0.7750156 0.0836023 0.5611847 0.1028201 0.5538490 
Perityle_feddemae_99                       0.1378953 0.3173735 0.1359927 0.4752604 0.2041939 0.4375535 0.2933867 0.1747038 0.2910385 0.3052099 0.2598226 0.2190752 0.1511230 0.2930521 0.2643878 0.1784864 0.3818078 0.1947612 0.1916236 0.2699459 0.3523634 0.3081244 0.2492997 0.2651530 0.1950279 0.3208697 0.1026313 0.1180246 0.1771726 0.2413671 0.1741007 0.1168826 0.2254022 0.1545701 0.0000000 0.1780532 0.0877267 0.2464419 0.2360805 0.4779784 0.0441263 0.2310884 0.0487281 0.1546951 0.2539197 0.2660526 0.2738136 0.0434226 0.2073682 0.3142001 0.2209252 0.0911118 0.2192828 0.0853938 0.1667899 0.2046754 0.2705296 0.2495042 0.4120414 0.1002197 0.1390922 0.0574578 0.2762723 0.1386157 0.0970067 0.1293069 0.2324488 0.0587428 0.1290172 0.2606424 0.1293878 0.3427419 0.1781120 0.2350450 0.1592113 0.1091915 0.1004051 0.2951999 0.2404416 0.1515667 0.2505199 0.3728082 0.0775426 0.2183136 
Perityle_fosteri_93                        0.1785095 0.3319520 0.1713448 0.4352751 0.0775508 0.4130297 0.2743930 0.3791555 0.0920648 0.0533028 0.0443230 0.0415843 0.0173434 0.0767442 0.0349420 0.2049294 0.2012044 0.0235501 0.0512009 0.0506566 0.3280225 0.0391855 0.0549725 0.0449138 0.0312178 0.0323539 0.2638670 0.1167497 0.0842935 0.1118983 0.0855130 0.1916394 0.0397421 0.0253596 0.1780532 0.0000000 0.1809364 0.0591008 0.0317548 0.4676068 0.1767471 0.0443033 0.1820987 0.1833904 0.0288274 0.0462736 0.0490758 0.1747969 0.0375074 0.0599695 0.0438043 0.0256940 0.0245569 0.2494220 0.0354890 0.3360604 0.0469222 0.0470127 0.3832298 0.2539272 0.3111947 0.1070059 0.0489156 0.2894289 0.1396434 0.1723548 0.3453799 0.1814743 0.0324519 0.0303606 0.0000010 0.0486068 0.1279666 0.0375039 0.0373600 0.1766351 0.1720062 0.0518600 0.0497784 0.3341567 0.0442243 0.3196336 0.0789039 0.2336636 
Perityle_gamon_221                         0.0931009 0.3224472 0.0938002 0.4698747 0.2262231 0.4326506 0.2938467 0.2145618 0.2371844 0.2344567 0.2098059 0.2130374 0.1575449 0.2582814 0.2617330 0.1300380 0.3672463 0.2006452 0.2219012 0.2390753 0.3645532 0.2293852 0.2303061 0.2345795 0.1161034 0.1229335 0.0722096 0.1416862 0.2174083 0.1783267 0.1418717 0.1239006 0.2117026 0.1061962 0.0877267 0.1809364 0.0000000 0.2268704 0.2243838 0.4687784 0.0916274 0.2069739 0.0824451 0.0413686 0.2411629 0.2317839 0.2420288 0.0853168 0.2127512 0.2189914 0.2189368 0.1134631 0.2218583 0.0623870 0.0951446 0.2601615 0.2285686 0.2114867 0.4166057 0.1470712 0.1486617 0.0611505 0.2298704 0.1005053 0.0987713 0.1100188 0.2299116 0.0583010 0.1421864 0.2234672 0.0000010 0.2354889 0.1426205 0.2207520 0.1589239 0.1055332 0.1046500 0.2338316 0.2348662 0.1504977 0.1951138 0.3742137 0.1028855 0.1941983 
Perityle_gentryi_8_san_francisco           0.1878861 0.3242171 0.2216001 0.4623350 0.1122746 0.3997275 0.2774407 0.3940247 0.1632280 0.0944364 0.0660611 0.0616571 0.0448015 0.0884059 0.1065463 0.2451309 0.2381487 0.0603446 0.0916759 0.0922489 0.3353074 0.0838485 0.0804665 0.0831958 0.0550357 0.0631859 0.3531864 0.1304435 0.0958113 0.1564491 0.1206494 0.2075848 0.0646834 0.0553503 0.2464419 0.0591008 0.2268704 0.0000000 0.0810441 0.4752771 0.2766843 0.0623069 0.2193753 0.2540783 0.0862229 0.0785371 0.0808365 0.2371283 0.0733345 0.0856860 0.0675913 0.0454873 0.0720912 0.2491258 0.0576964 0.3637656 0.0864114 0.0658122 0.3885395 0.2484155 0.3267916 0.1331974 0.0825820 0.3776244 0.1744217 0.2217988 0.3829900 0.1811782 0.0725109 0.0731518 0.0000010 0.0964863 0.1927010 0.0713319 0.0521872 0.2264640 0.2539890 0.0918724 0.0872153 0.3410121 0.0625382 0.3340987 0.0818596 0.2357913 
Perityle_gilensis_22_Superstition          0.1811855 0.3188251 0.2166887 0.4456212 0.1177793 0.4129807 0.2657104 0.3689261 0.1545284 0.0755791 0.0487489 0.0379944 0.0228798 0.1567051 0.0512656 0.2254489 0.2151699 0.0361539 0.0613242 0.0622602 0.3243358 0.0507838 0.0534256 0.0586315 0.0297777 0.0303038 0.3278337 0.1135374 0.0896897 0.1295256 0.0812694 0.1849345 0.0440285 0.0250413 0.2360805 0.0317548 0.2243838 0.0810441 0.0000000 0.4516455 0.2692384 0.0412163 0.2166861 0.2711255 0.0769813 0.0560295 0.0800359 0.2248059 0.0585431 0.1080679 0.0524767 0.0273382 0.0799785 0.2316476 0.0337247 0.3197800 0.0927949 0.0466038 0.3754493 0.2437579 0.2917598 0.1031296 0.0798121 0.3618668 0.1775363 0.2255535 0.3349690 0.1686194 0.0224451 0.0286936 0.0000010 0.0930537 0.1963789 0.0473085 0.0384735 0.2230947 0.2522721 0.0823743 0.0649811 0.3294557 0.0391089 0.3135203 0.0795342 0.2437067 
Perityle_gilensis_salensis_225             0.4443160 0.0737525 0.4466262 0.5023540 0.5027759 0.2706693 0.4754440 0.4397738 0.4922916 0.4962431 0.4823532 0.4874248 0.4766506 0.4758867 0.4642578 0.4644468 0.5005654 0.4701676 0.4815878 0.4796775 0.4910595 0.4740922 0.4806851 0.4816284 0.7249813 0.7475238 0.3710092 0.4621464 0.3594188 0.7699722 0.8339768 0.4613434 0.4794628 0.7908995 0.4779784 0.4676068 0.4687784 0.4752771 0.4516455 0.0000000 0.4492114 0.4714356 0.4789793 0.4949821 0.4692991 0.4751587 0.4774531 0.4541089 0.4817819 0.5135083 0.4656870 0.7308018 0.4785445 0.3536131 0.7964493 0.4726945 0.4767487 0.4821191 0.2230982 0.2416121 0.4298102 0.3225232 0.4809150 0.3909938 0.4684282 0.4651209 0.4800221 0.2186913 0.7319010 0.4716547 1.0317359 0.5248948 0.4285526 0.4830233 0.4124646 0.4435349 0.4972384 0.4723633 0.4839118 0.3732831 0.4779964 0.5290884 0.7736570 0.3933878 
Perityle_glaucescens_94                    0.1301162 0.3088522 0.1370080 0.4610554 0.2210606 0.4234130 0.2780781 0.1544037 0.3211870 0.3368970 0.2652609 0.2233602 0.1492353 0.3250670 0.2414945 0.1735276 0.3506725 0.1954356 0.1852928 0.2801242 0.3488439 0.3371693 0.2499998 0.2811754 0.1819773 0.3307158 0.1159277 0.1132269 0.1774250 0.2587931 0.1779892 0.1038724 0.2305937 0.1493408 0.0441263 0.1767471 0.0916274 0.2766843 0.2692384 0.4492114 0.0000000 0.2304001 0.0565524 0.1646696 0.2780501 0.2809628 0.2896477 0.0395391 0.2138031 0.3338453 0.2225946 0.0554554 0.2289659 0.0852339 0.1728646 0.1786154 0.2853429 0.2508941 0.3922412 0.1001193 0.1324573 0.0550144 0.3062788 0.1333650 0.0785708 0.1249568 0.1963704 0.0568905 0.0712728 0.3000704 0.1343290 0.3798491 0.1834695 0.2416527 0.1568305 0.1037629 0.0987128 0.3224772 0.2656948 0.1509167 0.2500408 0.3572398 0.0610493 0.2057880 
Perityle_gracilis_11                       0.1827397 0.3255489 0.1951608 0.4408555 0.0889592 0.4085412 0.2706132 0.3988103 0.1084028 0.0686874 0.0502735 0.0509532 0.0316448 0.0985404 0.0863410 0.2211496 0.2258610 0.0472832 0.0794843 0.0359374 0.3280059 0.0540094 0.0543670 0.0396992 0.0492654 0.0502600 0.2893116 0.1153096 0.0841530 0.1439880 0.1085089 0.2133653 0.0549452 0.0448798 0.2310884 0.0443033 0.2069739 0.0623069 0.0412163 0.4714356 0.2304001 0.0000000 0.2122831 0.2101588 0.0581901 0.0371993 0.0425989 0.2350996 0.0515980 0.0635586 0.0407628 0.0412996 0.0468113 0.2358554 0.0317832 0.3583890 0.0402038 0.0386543 0.3877476 0.2479179 0.3510896 0.1143159 0.0552234 0.3093403 0.1619493 0.1926331 0.4150877 0.1732384 0.0549614 0.0398514 0.0000010 0.0475748 0.1447930 0.0422218 0.0108156 0.1989514 0.2165923 0.0624931 0.0600462 0.3364917 0.0301781 0.3159225 0.0934836 0.2345175 
Perityle_harkerae_31                       0.1405089 0.3120142 0.1316776 0.4720080 0.1908463 0.4333242 0.2980715 0.1853728 0.2579490 0.2669129 0.2557096 0.2144712 0.1499014 0.2437753 0.2523159 0.1714769 0.3888138 0.1968624 0.2012127 0.2343667 0.3574269 0.2737155 0.2293111 0.2297926 0.1418979 0.2828007 0.1080841 0.1209135 0.1837357 0.2261286 0.1692082 0.1255237 0.2194887 0.1230492 0.0487281 0.1820987 0.0824451 0.2193753 0.2166861 0.4789793 0.0565524 0.2122831 0.0000000 0.1396755 0.2206462 0.2282071 0.2259985 0.0351159 0.2134432 0.3078832 0.2124152 0.0850723 0.2126556 0.0997460 0.1735006 0.1990440 0.2328889 0.2340999 0.4216481 0.0985684 0.1653079 0.0611372 0.2394756 0.1335785 0.0968620 0.1295070 0.2327739 0.0533686 0.1176579 0.2246049 0.1309176 0.3083782 0.1425427 0.2156220 0.1707797 0.1095025 0.1044467 0.2559857 0.2240864 0.1525985 0.2354089 0.3832971 0.0799172 0.2182465 
Perityle_hofmeisteria_4_nombre_de_dios     0.1258718 0.3170707 0.1297617 0.4706981 0.2768994 0.4424605 0.2837460 0.2857394 0.3423892 0.2708232 0.2626207 0.2145834 0.1544782 0.2775512 0.2583664 0.1825023 0.3753174 0.1970380 0.2674810 0.2501060 0.4070252 0.2674707 0.2358553 0.2486748 0.1444256 0.2520789 0.0768238 0.1873732 0.2744740 0.2478724 0.1884328 0.1801480 0.2215437 0.2182013 0.1546951 0.1833904 0.0413686 0.2540783 0.2711255 0.4949821 0.1646696 0.2101588 0.1396755 0.0000000 0.2654639 0.2463064 0.2597349 0.1525416 0.2255879 0.3539677 0.2152301 0.1152413 0.2681700 0.0568565 0.2269430 0.3068618 0.2509943 0.2376694 0.4375192 0.2545854 0.2489113 0.0625016 0.3144045 0.1164602 0.1110221 0.1310401 0.3201343 0.2241072 0.1465589 0.2756475 0.8488291 0.3337504 0.1609456 0.2268075 0.1542752 0.1127667 0.1886763 0.2673029 0.2698081 0.1506490 0.2138069 0.4254791 0.1123657 0.2189793 
Perityle_huecosensis_48                    0.1900856 0.3336358 0.2252235 0.4544197 0.1179312 0.4145630 0.2809469 0.4018364 0.1717785 0.0937961 0.0601428 0.0572100 0.0279698 0.1320025 0.0546886 0.2251935 0.2188142 0.0329098 0.0771076 0.0839924 0.3481344 0.0746629 0.0731664 0.0771309 0.0414809 0.0486339 0.3448644 0.1308875 0.1009721 0.1342093 0.0970688 0.2011082 0.0644861 0.0375903 0.2539197 0.0288274 0.2411629 0.0862229 0.0769813 0.4692991 0.2780501 0.0581901 0.2206462 0.2654639 0.0000000 0.0728065 0.0694040 0.2326904 0.0455011 0.0687728 0.0623497 0.0395697 0.0480155 0.2487485 0.0420770 0.3474416 0.0815740 0.0508876 0.3972093 0.2579141 0.3154000 0.1148407 0.0763688 0.3799056 0.1642641 0.2325741 0.3561991 0.1822287 0.0391367 0.0694204 0.0000010 0.0960214 0.1902392 0.0665359 0.0415869 0.2362876 0.2583222 0.0847802 0.0869791 0.3435953 0.0457676 0.3346612 0.1016067 0.2565215 
