83
Amauria_brandeegeana_62                    0.0000000 0.3217456 0.2004333 0.5277348 0.1996313 0.0621446 0.5454186 0.1556411 0.4282352 0.1967239 0.2049788 0.1780375 0.1718751 0.1777521 0.0633695 0.1795463 0.1789608 0.6758361 0.1625382 0.2179948 0.1968110 0.1793791 0.2422850 0.1781078 0.1717811 0.4513876 0.4011809 0.4249917 0.1915091 0.2599240 0.2059816 0.5655273 0.1795206 0.0896595 0.5337031 0.3421483 0.2620599 0.2082308 0.1817333 0.1573120 0.4871195 0.1663516 0.2927625 0.2172370 0.2780404 0.1861925 0.1816701 0.3183672 0.1394017 0.1611672 0.1737967 0.2084754 0.1835431 0.3575663 0.3080331 0.1366047 0.1812897 0.5219114 0.3959635 0.1680294 0.2098402 0.3747203 0.1726776 0.4139327 0.2079143 0.3713409 0.3473442 0.1829392 0.1730957 0.1759605 0.1957357 0.1812804 0.1377921 0.3035499 0.3694659 0.3530283 0.5392771 0.1825506 0.2157318 0.1234235 0.1818282 0.1760012 0.3583701 
Amauria_carterae_99_mesa                   0.3217456 0.0000000 0.3053737 0.4775411 0.3170822 0.1383422 0.4965262 0.1507113 0.3721739 0.3216864 0.3492044 0.3230457 0.3168636 0.3256736 0.2429598 0.2378578 0.3119141 0.7026302 0.2857514 0.3119872 0.1985770 0.3105283 0.2641978 0.3211283 0.2950367 0.4374381 0.4169298 0.4547749 0.3033965 0.3625378 0.2809944 0.4178835 0.3115018 0.3102679 0.4636584 0.3806977 0.3638229 0.3079609 0.3173294 0.3046975 0.4909050 0.3120742 0.3678256 0.2493099 0.3580209 0.3133387 0.3115390 0.3727899 0.2938924 0.3185992 0.3021309 0.3258754 0.2960293 0.4101597 0.2485486 0.2209549 0.3187283 0.4532279 0.4497662 0.1799619 0.3043981 0.4491144 0.3237723 0.4464964 0.3218533 0.3904674 0.3848785 0.1781765 0.3179286 0.2153607 0.3305355 0.3080660 0.3066368 0.3588390 0.4035390 0.4148804 0.5107953 0.3133082 0.0809672 0.0952177 0.3136681 0.3192617 0.2886649 
Amauria_rotundifolia_SRR9119150            0.2004333 0.3053737 0.0000000 0.5304271 0.1231941 0.0666660 0.5609397 0.1473854 0.4112449 0.1324968 0.3111325 0.2224374 0.2153738 0.1815213 0.0724758 0.1876220 0.2165028 0.6506132 0.1032335 0.2124664 0.1798077 0.1679410 0.2274742 0.2199943 0.2182164 0.5256810 0.4619365 0.4415332 0.1346655 0.2311453 0.1895599 0.6701993 0.1999732 0.0970058 0.5748721 0.3039725 0.2224312 0.2103614 0.1396830 0.2012294 0.5984463 0.1689115 0.2385857 0.2442600 0.3170010 0.2047970 0.2152288 0.2917691 0.1857918 0.2156890 0.2376343 0.2615817 0.2453860 0.3690362 0.2630761 0.0886576 0.2200081 0.5205364 0.4211875 0.1612988 0.2131660 0.3542585 0.1207147 0.4037458 0.2538690 0.3244057 0.3531032 0.1638328 0.1759414 0.2500582 0.1893283 0.2024381 0.0890336 0.2419755 0.3597418 0.3505572 0.5722382 0.2466330 0.2807364 0.0887081 0.1825118 0.1361345 0.3248062 
Conoclinium_coelestinum_SRR9119114         0.5277348 0.4775411 0.5304271 0.0000000 0.4751041 0.2065848 0.1522922 0.1100291 0.5192282 0.4795370 0.5699170 0.5093322 0.5051579 0.5125539 0.3238745 0.4552384 0.5026239 0.7763385 0.4772699 0.5135063 0.4152940 0.5083065 0.2480204 0.5239479 0.5222423 0.4893103 0.4928452 0.4712312 0.4849494 0.2835610 0.5461872 0.6139524 0.5070633 0.3960242 0.4530953 0.5681599 0.5966108 0.5179499 0.4980403 0.5073651 0.4805520 0.5046232 0.5497707 0.5014509 0.5333129 0.5153093 0.5210441 0.5493539 0.4756740 0.5057037 0.5049777 0.5629106 0.4965737 0.4196699 0.2447416 0.3585489 0.5179696 0.4638472 0.4998156 0.1268991 0.5461817 0.3611198 0.4751773 0.4589018 0.5516484 0.5105059 0.5594817 0.1635105 0.5074725 0.4432870 0.5419700 0.5121672 0.4563685 0.5162972 0.5027499 0.4427146 0.4653647 0.5199786 0.3908670 0.2489237 0.5126328 0.4895140 0.2956378 
Eutetras_palmeri_63                        0.1996313 0.3170822 0.1231941 0.4751041 0.0000000 0.0283981 0.4999579 0.1443299 0.4004198 0.1047689 0.1560634 0.1168117 0.1145482 0.1228920 0.0601697 0.1133327 0.1143159 0.6860467 0.0860322 0.1401266 0.1259066 0.1162208 0.2320218 0.1137091 0.1175847 0.4070171 0.3745802 0.3901063 0.1231143 0.2406735 0.1054334 0.5555827 0.1179886 0.0912029 0.5144984 0.2477396 0.1783027 0.1249179 0.1119800 0.1146422 0.4916351 0.1192313 0.1749095 0.1157773 0.2066192 0.1208542 0.1178699 0.1999949 0.1011230 0.1215804 0.1173499 0.2003448 0.1125355 0.3623233 0.2686367 0.0734718 0.1172323 0.4428571 0.3682569 0.1653227 0.1419198 0.3488351 0.0982003 0.3714185 0.1805275 0.3024471 0.2219181 0.1722168 0.1171786 0.1107477 0.1524981 0.1212197 0.0846501 0.2277180 0.3673344 0.3212193 0.5081985 0.1189081 0.1044783 0.0720930 0.1178807 0.1233962 0.3266903 
Eutetras_pringlei_149_quer                 0.0621446 0.1383422 0.0666660 0.2065848 0.0283981 0.0000000 0.2057409 0.1136424 0.2198100 0.0560511 0.0452518 0.0534908 0.0579720 0.0602515 0.0428656 0.0534212 0.0513318 0.6804462 0.0540566 0.0708413 0.0505813 0.0599267 0.1720410 0.0576494 0.0601228 0.1708857 0.1626064 0.1987929 0.0753090 0.2002455 0.0497639 0.3375262 0.0557805 0.0495425 0.1503839 0.1312660 0.0521165 0.0536136 0.0577773 0.0556033 0.1866609 0.0599387 0.0605910 0.0571511 0.0621721 0.0534643 0.0620993 0.0716579 0.0577413 0.0622169 0.0513604 0.0578683 0.0624025 0.1912122 0.1685120 0.0686027 0.0513203 0.1659834 0.2045665 0.1649487 0.0616619 0.2181742 0.0557183 0.1818769 0.0578328 0.1325455 0.0222365 0.1596132 0.0513921 0.0555644 0.0626164 0.0579292 0.0557288 0.0536925 0.3364519 0.1591384 0.1936971 0.0556175 0.0330293 0.0477446 0.0535874 0.0540141 0.1974335 
Eutrochium_fistulosum_SRR9119106           0.5454186 0.4965262 0.5609397 0.1522922 0.4999579 0.2057409 0.0000000 0.0959276 0.5645205 0.4904131 0.5945109 0.5261070 0.5264075 0.5211435 0.3231186 0.4581040 0.5196968 0.8345486 0.4678940 0.4992830 0.4504268 0.5305444 0.2343800 0.5354311 0.5428329 0.5411656 0.4944014 0.4501357 0.5000275 0.2931991 0.5474428 0.6554248 0.5259438 0.4282985 0.4522222 0.5655112 0.5805904 0.5197052 0.5051777 0.5204413 0.4678057 0.5264996 0.5919865 0.5015238 0.5388781 0.5254222 0.5342572 0.5657227 0.4828181 0.5210368 0.5228839 0.5768038 0.5126123 0.3802147 0.2166080 0.3386443 0.5326012 0.4552525 0.4762957 0.1275796 0.5489552 0.3760381 0.4708902 0.4339555 0.5916337 0.4989478 0.5757832 0.1592040 0.5317626 0.4431870 0.5436630 0.5345495 0.4567275 0.5325854 0.5869828 0.4401260 0.4606313 0.5350699 0.3994865 0.2297472 0.5321385 0.5022067 0.2811527 
Galeana_pratensis_104_mex                  0.1556411 0.1507113 0.1473854 0.1100291 0.1443299 0.1136424 0.0959276 0.0000000 0.1732838 0.1526927 0.1527307 0.1644940 0.1613425 0.1585795 0.1561518 0.1497652 0.1612047 0.7772583 0.1577820 0.1581981 0.1612047 0.1612992 0.1163006 0.1685967 0.1677283 0.1026363 0.1178178 0.1234386 0.1526927 0.1204893 0.1519237 0.3964466 0.1557792 0.1580475 0.0948542 0.1557339 0.1594204 0.1415512 0.1611832 0.1611832 0.1050676 0.1641319 0.1612149 0.1641698 0.1501181 0.1670712 0.1670712 0.1611884 0.1701868 0.1670072 0.1613811 0.1639510 0.1612047 0.0977417 0.1209418 0.1523636 0.1642283 0.1164316 0.0973362 0.0886893 0.1605251 0.1110001 0.1699574 0.1262168 0.1638156 0.1640394 0.1402717 0.1277339 0.1584623 0.1694885 0.1554289 0.1646575 0.1671141 0.1642032 0.2977612 0.1270634 0.0857965 0.1668100 0.1302518 0.1445526 0.1671697 0.1607463 0.1080632 
Helianthus_annuus_SRR9119062               0.4282352 0.3721739 0.4112449 0.5192282 0.4004198 0.2198100 0.5645205 0.1732838 0.0000000 0.3716264 0.4202342 0.4173739 0.4082078 0.4068290 0.2540272 0.3657232 0.4081685 0.7243853 0.3707089 0.4106883 0.3228850 0.4058049 0.2851937 0.4022918 0.4030605 0.4989015 0.5119849 0.5156221 0.3787160 0.3277675 0.4295938 0.5652719 0.4186875 0.3185944 0.4890549 0.4848598 0.4623184 0.4119250 0.3962468 0.3964324 0.4992718 0.3931431 0.4509377 0.3924330 0.4309520 0.4016502 0.4063398 0.4368905 0.3717033 0.4018129 0.4081825 0.4626431 0.4079313 0.5335996 0.3444040 0.2894696 0.4029360 0.4948978 0.5320086 0.1914979 0.4588325 0.4248012 0.3601447 0.5112299 0.4514142 0.4369590 0.4571429 0.2134610 0.4151927 0.3678318 0.4457407 0.3999492 0.3568091 0.4044709 0.4453625 0.4543216 0.5230084 0.3994665 0.2987878 0.1997502 0.4061714 0.3863146 0.3491222 
Lycapsus_tenuifolius_17                    0.1967239 0.3216864 0.1324968 0.4795370 0.1047689 0.0560511 0.4904131 0.1526927 0.3716264 0.0000000 0.1888161 0.1235648 0.1157691 0.1195122 0.0717887 0.1085868 0.1164475 0.7150663 0.1165341 0.1354487 0.1177351 0.1185747 0.2390039 0.1220492 0.1126978 0.4067590 0.3518555 0.3947635 0.0296326 0.2587868 0.1074794 0.4967651 0.1153139 0.0958320 0.4761821 0.2533809 0.1754261 0.1240520 0.1191596 0.1118088 0.4458295 0.1179298 0.1860724 0.1178553 0.2065625 0.1211398 0.1209358 0.2344911 0.1025221 0.1225729 0.1127929 0.1658948 0.1078855 0.3261561 0.2661412 0.0930741 0.1143975 0.4911425 0.3763470 0.1732865 0.1387160 0.3716944 0.1218093 0.3721383 0.1436398 0.3101612 0.2703281 0.1904672 0.1149243 0.1026633 0.0925826 0.1222911 0.0985554 0.2367424 0.4136724 0.3346155 0.5033784 0.1521352 0.0950471 0.0877735 0.1167889 0.1181947 0.3225465 
Pericome_caudata_50_silver                 0.2049788 0.3492044 0.3111325 0.5699170 0.1560634 0.0452518 0.5945109 0.1527307 0.4202342 0.1888161 0.0000000 0.2489712 0.2416868 0.1967501 0.0691637 0.1969879 0.2358051 0.6843589 0.1579719 0.2261176 0.1978837 0.1919345 0.2487924 0.2342352 0.2552090 0.5675595 0.5395890 0.4854516 0.1913864 0.2343661 0.3014298 0.6776205 0.2237182 0.1133408 0.6661688 0.3389235 0.3034472 0.2313165 0.1598435 0.2176875 0.6455204 0.1921116 0.3224001 0.3169803 0.3286579 0.2117405 0.2374724 0.3678130 0.2042588 0.2279345 0.2542826 0.2717579 0.2702390 0.4019023 0.3172085 0.1333998 0.2429798 0.5606876 0.4570297 0.1743447 0.2752028 0.3850200 0.1571789 0.4456351 0.2834259 0.3967132 0.4105379 0.1834326 0.1950992 0.2691841 0.2161592 0.2158455 0.1420481 0.3032680 0.3741983 0.3972805 0.6466255 0.2554185 0.3328042 0.1258196 0.1984892 0.1883064 0.3716814 
Perityle_aglossa_84_dead_horse             0.1780375 0.3230457 0.2224374 0.5093322 0.1168117 0.0534908 0.5261070 0.1644940 0.4173739 0.1235648 0.2489712 0.0000000 0.0345745 0.0362764 0.0254653 0.0373269 0.0285609 0.6639578 0.0913588 0.0644410 0.0265771 0.0367048 0.2258502 0.0393377 0.0357331 0.5059660 0.4551454 0.4231561 0.1231884 0.2422337 0.2111521 0.6138822 0.0281125 0.0366038 0.5738130 0.1691186 0.2074742 0.0802576 0.0376897 0.0286446 0.5643630 0.0359163 0.2242342 0.1606832 0.1162250 0.0323837 0.0342709 0.2338829 0.0316012 0.0380206 0.0722528 0.2217613 0.0333501 0.3690660 0.2602541 0.0367763 0.0331792 0.5065048 0.3799708 0.1588616 0.1733167 0.3807982 0.0351620 0.3924427 0.2048779 0.3153454 0.3270768 0.1747910 0.0337283 0.0359311 0.1473293 0.0349918 0.0298132 0.1512710 0.3315374 0.3542407 0.5810037 0.0641914 0.0850334 0.0619706 0.0351214 0.0430508 0.3046291 
Perityle_ajoensis_204                      0.1718751 0.3168636 0.2153738 0.5051579 0.1145482 0.0579720 0.5264075 0.1613425 0.4082078 0.1157691 0.2416868 0.0345745 0.0000000 0.0322411 0.0270192 0.0394954 0.0266848 0.6775123 0.0902496 0.0654875 0.0234421 0.0269159 0.2281750 0.0320827 0.0293933 0.4545738 0.4347861 0.4051007 0.1211416 0.2375631 0.2030382 0.6012162 0.0273175 0.0312293 0.5373383 0.1689562 0.2089134 0.0784660 0.0286860 0.0235276 0.5425398 0.0291320 0.2200950 0.1638036 0.1111696 0.0329282 0.0269631 0.1979537 0.0242556 0.0281451 0.0580705 0.2157243 0.0313822 0.3634624 0.2623867 0.0368275 0.0301745 0.4492571 0.3686510 0.1500906 0.1726560 0.3668489 0.0310505 0.3774053 0.2069905 0.3049690 0.3118781 0.1738774 0.0293866 0.0340035 0.1402962 0.0297904 0.0194105 0.1594099 0.3504905 0.3239549 0.5379789 0.0300040 0.0823999 0.0697484 0.0286279 0.0399210 0.3047785 
Perityle_ambrosiifolia_67_green            0.1777521 0.3256736 0.1815213 0.5125539 0.1228920 0.0602515 0.5211435 0.1585795 0.4068290 0.1195122 0.1967501 0.0362764 0.0322411 0.0000000 0.0255566 0.0416443 0.0275487 0.6754957 0.0952319 0.0614185 0.0325634 0.0368375 0.2207081 0.0325100 0.0290266 0.4323703 0.3857221 0.3775420 0.1262024 0.2296018 0.1791502 0.5249127 0.0325612 0.0419798 0.5046935 0.1766431 0.2017361 0.0817928 0.0318676 0.0321212 0.4970771 0.0359113 0.2214989 0.1514902 0.1104494 0.0353860 0.0291757 0.2142407 0.0283513 0.0385647 0.0316019 0.2177971 0.0285184 0.3604113 0.2575851 0.0341780 0.0335133 0.4670874 0.3738063 0.1501938 0.1788905 0.3609121 0.0249303 0.3626276 0.1886645 0.3196553 0.2971474 0.1745635 0.0374378 0.0288208 0.1430486 0.0334073 0.0320716 0.1595121 0.3406248 0.3401041 0.5223819 0.0453726 0.0295559 0.0716932 0.0361362 0.0464963 0.2965127 
Perityle_angustifolia_13_Eagle_creek       0.0633695 0.2429598 0.0724758 0.3238745 0.0601697 0.0428656 0.3231186 0.1561518 0.2540272 0.0717887 0.0691637 0.0254653 0.0270192 0.0255566 0.0000000 0.0346547 0.0178520 0.6629895 0.0523424 0.0378624 0.0181311 0.0254012 0.2149372 0.0254175 0.0239509 0.2369297 0.2217525 0.2920814 0.0813970 0.2205394 0.0515951 0.4128525 0.0269816 0.0300486 0.2503814 0.1276751 0.0639418 0.0516802 0.0239097 0.0223828 0.2790960 0.0223803 0.0638652 0.0694981 0.0331993 0.0258349 0.0238981 0.0688376 0.0269457 0.0285184 0.0193488 0.0470114 0.0148458 0.2373280 0.2297511 0.0414598 0.0238792 0.2288728 0.2581021 0.1470929 0.0598933 0.3014839 0.0284485 0.2639029 0.0501818 0.1759858 0.0899402 0.1659086 0.0148399 0.0308861 0.0717937 0.0224206 0.0254286 0.0244563 0.3179882 0.2091926 0.2792163 0.0239169 0.0212554 0.0583536 0.0224111 0.0349658 0.2389460 
Perityle_batopilensis_97                   0.1795463 0.2378578 0.1876220 0.4552384 0.1133327 0.0534212 0.4581040 0.1497652 0.3657232 0.1085868 0.1969879 0.0373269 0.0394954 0.0416443 0.0346547 0.0000000 0.0362262 0.6694682 0.0807674 0.0461690 0.0364394 0.0421609 0.2237623 0.0393968 0.0384181 0.3612004 0.3653561 0.3770133 0.1199583 0.2419418 0.1760152 0.5347383 0.0426771 0.0255122 0.3793869 0.1165753 0.1432890 0.0743798 0.0376749 0.0381891 0.4202463 0.0458781 0.1541836 0.1592771 0.0416073 0.0409571 0.0372876 0.1308385 0.0393132 0.0429976 0.0436985 0.2334689 0.0437911 0.3511646 0.2610632 0.0354615 0.0383655 0.3374080 0.3486962 0.1499326 0.1654909 0.2962709 0.0364546 0.3584983 0.2162433 0.2242551 0.1858673 0.1688321 0.0417600 0.0433596 0.1567198 0.0426980 0.0312268 0.0499543 0.3273530 0.3060132 0.3868007 0.0404862 0.0510075 0.0698741 0.0428300 0.0423721 0.2929871 
Perityle_bisetosa_9                        0.1789608 0.3119141 0.2165028 0.5026239 0.1143159 0.0513318 0.5196968 0.1612047 0.4081685 0.1164475 0.2358051 0.0285609 0.0266848 0.0275487 0.0178520 0.0362262 0.0000000 0.6557383 0.0863158 0.0612966 0.0216012 0.0286287 0.2205525 0.0347269 0.0307974 0.4784139 0.4315537 0.4135756 0.1193831 0.2348656 0.1965230 0.5955672 0.0238654 0.0326038 0.5585113 0.1678149 0.2003944 0.0755023 0.0329023 0.0243357 0.5537665 0.0316684 0.2173402 0.1598106 0.1096930 0.0327296 0.0273647 0.2314741 0.0242206 0.0326441 0.0566487 0.2079434 0.0261417 0.3688014 0.2553464 0.0353505 0.0320547 0.5133071 0.3893232 0.1528626 0.1616287 0.3607437 0.0345809 0.3884589 0.1946610 0.3063659 0.3300815 0.1772163 0.0275199 0.0349488 0.1445501 0.0307528 0.0224612 0.1533137 0.3209000 0.3371480 0.5832843 0.0752654 0.0837258 0.0657858 0.0317898 0.0405847 0.3022946 
Perityle_californica_76_positas            0.6758361 0.7026302 0.6506132 0.7763385 0.6860467 0.6804462 0.8345486 0.7772583 0.7243853 0.7150663 0.6843589 0.6639578 0.6775123 0.6754957 0.6629895 0.6694682 0.6557383 0.0000000 0.6758880 0.6515707 0.6155878 0.6509274 0.7855122 0.6795219 0.6621559 0.7359646 0.7859620 0.7408523 0.7044078 0.7177297 0.6420853 0.8242713 0.6614029 0.6587957 0.7267822 0.6814141 0.6934382 0.6777897 0.6665291 0.6677302 0.7547808 0.6530358 0.6815902 0.6977978 0.6780528 0.6687147 0.6530358 0.7101660 0.6636198 0.6584841 0.6557383 0.6729321 0.6519960 0.7504118 0.8020199 0.6681931 0.6638854 0.7560138 0.7698206 0.7542585 0.6779401 0.7520058 0.6726591 0.7207307 0.6780625 0.6769771 0.7152798 0.7519761 0.6645731 0.6813292 0.7121184 0.6530358 0.6611325 0.6647888 0.0528311 0.7591934 0.7400236 0.6752254 0.6029923 0.6410069 0.6693182 0.6532869 0.7262857 
Perityle_canescens_77                      0.1625382 0.2857514 0.1032335 0.4772699 0.0860322 0.0540566 0.4678940 0.1577820 0.3707089 0.1165341 0.1579719 0.0913588 0.0902496 0.0952319 0.0523424 0.0807674 0.0863158 0.6758880 0.0000000 0.1261510 0.0770341 0.0948005 0.2434671 0.0925161 0.0913851 0.3238557 0.3561046 0.3660999 0.1261331 0.2235845 0.0978300 0.5082863 0.0901200 0.0799921 0.4069933 0.2353943 0.1550057 0.1042242 0.0913526 0.0759285 0.4101207 0.0876095 0.1614375 0.0846789 0.1599114 0.0963982 0.0900377 0.1695912 0.0893372 0.0795583 0.0949925 0.1285231 0.0954747 0.3459772 0.2785545 0.0758331 0.0912856 0.3823408 0.3443729 0.1639615 0.1053053 0.3651763 0.0986557 0.3493107 0.1188304 0.2468535 0.1863790 0.1824277 0.0936627 0.0795067 0.1306894 0.0938374 0.0942629 0.1741775 0.3504094 0.3190207 0.4204842 0.0913212 0.0599905 0.0623398 0.0937076 0.1056607 0.2956610 
Perityle_castillonii_96                    0.2179948 0.3119872 0.2124664 0.5135063 0.1401266 0.0708413 0.4992830 0.1581981 0.4106883 0.1354487 0.2261176 0.0644410 0.0654875 0.0614185 0.0378624 0.0461690 0.0612966 0.6515707 0.1261510 0.0000000 0.0585565 0.0602230 0.2327604 0.0663890 0.0603344 0.4089366 0.4132141 0.4121780 0.1508996 0.2445092 0.2047259 0.5519323 0.0665248 0.0722272 0.4315441 0.1690943 0.1872821 0.1009017 0.0620879 0.0594205 0.4475512 0.0650690 0.1933492 0.1642354 0.0326137 0.0619328 0.0581989 0.1638499 0.0617341 0.0685938 0.0623842 0.2585996 0.0624156 0.3811691 0.2665683 0.0463854 0.0622636 0.3608545 0.3882383 0.1738877 0.1895085 0.3619581 0.0682839 0.3856500 0.2282150 0.2802960 0.2219152 0.1829651 0.0602285 0.0456316 0.1817481 0.0644955 0.0652609 0.1013988 0.3288862 0.3532536 0.4326052 0.0643211 0.0438374 0.0721123 0.0669543 0.0775380 0.3168617 
Perityle_cernua_84                         0.1968110 0.1985770 0.1798077 0.4152940 0.1259066 0.0505813 0.4504268 0.1612047 0.3228850 0.1177351 0.1978837 0.0265771 0.0234421 0.0325634 0.0181311 0.0364394 0.0216012 0.6155878 0.0770341 0.0585565 0.0000000 0.0273024 0.1857765 0.0249483 0.0201200 0.4544366 0.3711564 0.3690332 0.1135313 0.1841464 0.1890064 0.5215676 0.0263617 0.0382616 0.4429677 0.0712601 0.2118059 0.0662256 0.0348778 0.0215504 0.4292500 0.0194241 0.2314601 0.1698050 0.1244208 0.0268203 0.0221384 0.2597071 0.0208586 0.0217675 0.0255542 0.2233694 0.0261140 0.3272067 0.2395626 0.0350692 0.0264283 0.5159829 0.3480263 0.1343842 0.1928688 0.2651664 0.0549675 0.3547185 0.1837606 0.2267391 0.2821715 0.1554435 0.0304466 0.0247784 0.1595246 0.0254537 0.0229094 0.1341619 0.1250243 0.3206280 0.4874837 0.0928574 0.0274688 0.0574177 0.0277533 0.0481840 0.2878024 
Perityle_cfvillosa_25_tin                  0.1793791 0.3105283 0.1679410 0.5083065 0.1162208 0.0599267 0.5305444 0.1612992 0.4058049 0.1185747 0.1919345 0.0367048 0.0269159 0.0368375 0.0254012 0.0421609 0.0286287 0.6509274 0.0948005 0.0602230 0.0273024 0.0000000 0.2315889 0.0321379 0.0176458 0.3929620 0.3815798 0.4005003 0.1256596 0.2384447 0.1770049 0.5335680 0.0277157 0.0365748 0.4901309 0.1732973 0.1983329 0.0792484 0.0336236 0.0260324 0.4980000 0.0192756 0.2025634 0.1573102 0.1105187 0.0361329 0.0128523 0.1949730 0.0346770 0.0358090 0.0292390 0.1999177 0.0337114 0.3752450 0.2653551 0.0394158 0.0294984 0.4360169 0.3764138 0.1585901 0.1769859 0.3707587 0.0344366 0.3810190 0.1809603 0.2976382 0.2706088 0.1761781 0.0330416 0.0326528 0.1480978 0.0224612 0.0131543 0.1495350 0.3172828 0.3165151 0.4972175 0.0377844 0.0346363 0.0638421 0.0180673 0.0424471 0.3075788 
Perityle_cinerea_113_Powell1310            0.2422850 0.2641978 0.2274742 0.2480204 0.2320218 0.1720410 0.2343800 0.1163006 0.2851937 0.2390039 0.2487924 0.2258502 0.2281750 0.2207081 0.2149372 0.2237623 0.2205525 0.7855122 0.2434671 0.2327604 0.1857765 0.2315889 0.0000000 0.2339550 0.2375357 0.1157968 0.0606653 0.1835593 0.2432945 0.1421022 0.2395864 0.4604226 0.2374656 0.2040091 0.1514294 0.2596025 0.2404162 0.2371306 0.2342522 0.2317931 0.1545998 0.2342661 0.2473675 0.2512963 0.2209267 0.2262434 0.2367744 0.2376898 0.2255508 0.2342246 0.2277923 0.2495333 0.2235904 0.1477679 0.0653367 0.2176164 0.2253663 0.0607869 0.1451842 0.0912941 0.2640780 0.1627482 0.2399952 0.1728469 0.2442230 0.2824994 0.2368735 0.0236749 0.2229487 0.2340803 0.2450974 0.2348800 0.2392743 0.2234851 0.4372732 0.1521154 0.1649698 0.2318408 0.1707335 0.2183926 0.2345958 0.2242526 0.1358306 
Perityle_coahuilensis_24                   0.1781078 0.3211283 0.2199943 0.5239479 0.1137091 0.0576494 0.5354311 0.1685967 0.4022918 0.1220492 0.2342352 0.0393377 0.0320827 0.0325100 0.0254175 0.0393968 0.0347269 0.6795219 0.0925161 0.0663890 0.0249483 0.0321379 0.2339550 0.0000000 0.0292619 0.5177156 0.4576625 0.4400323 0.1233475 0.2452700 0.2023706 0.6026233 0.0308561 0.0348618 0.5634631 0.1710413 0.2120294 0.0792529 0.0302567 0.0208953 0.5533185 0.0289606 0.2250474 0.1654107 0.1151060 0.0340893 0.0286920 0.2616476 0.0333868 0.0411070 0.0788192 0.2152187 0.0374873 0.3695502 0.2675199 0.0340138 0.0343688 0.5395878 0.3796713 0.1552781 0.1699794 0.3755646 0.0783309 0.3885185 0.2045746 0.3204060 0.3207470 0.1842249 0.0328255 0.0233419 0.1435772 0.0298942 0.0255546 0.1537891 0.3286503 0.3360252 0.6128726 0.0904923 0.0836375 0.0657299 0.0293300 0.0442745 0.3016721 
Perityle_congesta_202                      0.1717811 0.2950367 0.2182164 0.5222423 0.1175847 0.0601228 0.5428329 0.1677283 0.4030605 0.1126978 0.2552090 0.0357331 0.0293933 0.0290266 0.0239509 0.0384181 0.0307974 0.6621559 0.0913851 0.0603344 0.0201200 0.0176458 0.2375357 0.0292619 0.0000000 0.4631734 0.4652207 0.4290852 0.1211404 0.2438684 0.2058503 0.5990064 0.0274570 0.0303766 0.5444095 0.1637992 0.2109993 0.0765657 0.0269862 0.0210534 0.5576024 0.0140784 0.2031202 0.1647770 0.0982775 0.0245994 0.0134790 0.1849271 0.0297350 0.0341612 0.0704476 0.2148972 0.0360548 0.3764881 0.2709484 0.0381447 0.0223641 0.4135123 0.3822831 0.1622490 0.1582887 0.3762186 0.0293041 0.3998780 0.2139417 0.2882254 0.2881338 0.1825964 0.0282689 0.0322426 0.1424318 0.0073885 0.0143350 0.1353698 0.3299896 0.3312641 0.5454120 0.0285988 0.0726719 0.0660068 0.0204536 0.0365252 0.3085711 
Perityle_cordifolia_27                     0.4513876 0.4374381 0.5256810 0.4893103 0.4070171 0.1708857 0.5411656 0.1026363 0.4989015 0.4067590 0.5675595 0.5059660 0.4545738 0.4323703 0.2369297 0.3612004 0.4784139 0.7359646 0.3238557 0.4089366 0.4544366 0.3929620 0.1157968 0.5177156 0.4631734 0.0000000 0.1771197 0.2746850 0.3724817 0.1370848 0.4835961 0.7134809 0.4474418 0.3412882 0.2939272 0.5060012 0.5003407 0.4142114 0.4206096 0.4046303 0.4682399 0.4730737 0.4911844 0.4646561 0.4911309 0.4772528 0.5006226 0.5057686 0.3757633 0.5049565 0.4508865 0.4752787 0.4363028 0.2119026 0.1030486 0.2666925 0.4763483 0.3055649 0.2856707 0.0900897 0.4158766 0.2094438 0.4664739 0.2863885 0.5623091 0.5029247 0.5882909 0.0932342 0.4055531 0.4206545 0.3893542 0.4546740 0.3375584 0.4837668 0.4662742 0.2247542 0.3386428 0.4887481 0.4347746 0.2161184 0.4994290 0.4190481 0.1402071 
Perityle_cordifolia_68_tecolote            0.4011809 0.4169298 0.4619365 0.4928452 0.3745802 0.1626064 0.4944014 0.1178178 0.5119849 0.3518555 0.5395890 0.4551454 0.4347861 0.3857221 0.2217525 0.3653561 0.4315537 0.7859620 0.3561046 0.4132141 0.3711564 0.3815798 0.0606653 0.4576625 0.4652207 0.1771197 0.0000000 0.2526636 0.3442623 0.1526175 0.4659430 0.7243282 0.4076079 0.2751429 0.2785540 0.4900963 0.4792969 0.4286922 0.3791139 0.4076640 0.4603497 0.4180839 0.4954377 0.4809740 0.4897149 0.4119081 0.4364106 0.5716180 0.3739648 0.4455509 0.4596933 0.4545552 0.4491727 0.2334011 0.0074134 0.2532791 0.4315524 0.2189549 0.2082817 0.0998385 0.4358088 0.2503704 0.3560972 0.2210605 0.4905695 0.4704295 0.5997160 0.0390078 0.3998073 0.4322076 0.4007250 0.4092368 0.3337186 0.4806437 0.4256013 0.1686356 0.3285273 0.4699611 0.4339862 0.2331553 0.4307824 0.3680280 0.1348266 
Perityle_coronopifolia_28_patagonia        0.4249917 0.4547749 0.4415332 0.4712312 0.3901063 0.1987929 0.4501357 0.1234386 0.5156221 0.3947635 0.4854516 0.4231561 0.4051007 0.3775420 0.2920814 0.3770133 0.4135756 0.7408523 0.3660999 0.4121780 0.3690332 0.4005003 0.1835593 0.4400323 0.4290852 0.2746850 0.2526636 0.0000000 0.3767470 0.1521936 0.4164580 0.6401472 0.4040094 0.3039915 0.3257151 0.4867815 0.4707016 0.4201558 0.3855073 0.3989032 0.3730299 0.3814593 0.4791307 0.4349436 0.4724593 0.4306013 0.4432481 0.4902980 0.3816012 0.4278476 0.4138595 0.4630555 0.4211468 0.1611137 0.1617084 0.3078685 0.4051905 0.3648693 0.1346253 0.0506181 0.4364560 0.2926649 0.4271359 0.0278698 0.5105095 0.5139311 0.5469720 0.1290021 0.4006243 0.4007784 0.4263080 0.4204545 0.3575271 0.4898550 0.4553604 0.2157561 0.3781474 0.4697938 0.3835917 0.2398228 0.4284684 0.3790550 0.1261161 
Perityle_crassifolia_70_ventanas           0.1915091 0.3033965 0.1346655 0.4849494 0.1231143 0.0753090 0.5000275 0.1526927 0.3787160 0.0296326 0.1913864 0.1231884 0.1211416 0.1262024 0.0813970 0.1199583 0.1193831 0.7044078 0.1261331 0.1508996 0.1135313 0.1256596 0.2432945 0.1233475 0.1211404 0.3724817 0.3442623 0.3767470 0.0000000 0.2579572 0.1199650 0.5162320 0.1210811 0.0919300 0.4513507 0.2528886 0.1894624 0.1328872 0.1258637 0.1203406 0.4412994 0.1235810 0.1903118 0.1340575 0.2096431 0.1259404 0.1233622 0.2047074 0.1169786 0.1238911 0.1199364 0.1692652 0.1231789 0.3328921 0.2746798 0.1152306 0.1241706 0.4188126 0.3529520 0.1702753 0.1415114 0.3576616 0.1305407 0.3536241 0.1413345 0.2894215 0.2579608 0.1847806 0.1230650 0.1202059 0.0839805 0.1258628 0.1099154 0.2386004 0.4019931 0.3177276 0.4633595 0.1287616 0.1045558 0.0934949 0.1198384 0.1172496 0.3191474 
Perityle_crassifolia_74_playa_balandra     0.2599240 0.3625378 0.2311453 0.2835610 0.2406735 0.2002455 0.2931991 0.1204893 0.3277675 0.2587868 0.2343661 0.2422337 0.2375631 0.2296018 0.2205394 0.2419418 0.2348656 0.7177297 0.2235845 0.2445092 0.1841464 0.2384447 0.1421022 0.2452700 0.2438684 0.1370848 0.1526175 0.1521936 0.2579572 0.0000000 0.2342669 0.4118637 0.2369357 0.2369124 0.1776554 0.3583314 0.2604945 0.2413280 0.2384562 0.2410257 0.1873886 0.2410108 0.2447768 0.2597086 0.2316650 0.2445182 0.2454612 0.2621964 0.2337510 0.2488323 0.2325958 0.2496765 0.2431604 0.1374008 0.1585039 0.2195458 0.2370543 0.1492013 0.1568389 0.0893788 0.2543195 0.2033455 0.2340714 0.1443697 0.2609912 0.3646464 0.2648240 0.1325344 0.2351441 0.2332308 0.2630198 0.2414322 0.2383551 0.2588213 0.4807060 0.1201682 0.1932868 0.2390822 0.1566960 0.1667119 0.2369954 0.2446102 0.1172935 
Perityle_cuneata_34_cuneata_San_antonio    0.2059816 0.2809944 0.1895599 0.5461872 0.1054334 0.0497639 0.5474428 0.1519237 0.4295938 0.1074794 0.3014298 0.2111521 0.2030382 0.1791502 0.0515951 0.1760152 0.1965230 0.6420853 0.0978300 0.2047259 0.1890064 0.1770049 0.2395864 0.2023706 0.2058503 0.4835961 0.4659430 0.4164580 0.1199650 0.2342669 0.0000000 0.6636988 0.1919642 0.0934506 0.5509959 0.2907657 0.2384030 0.2028967 0.1425077 0.1825661 0.5363997 0.1850463 0.2301990 0.2213737 0.2882662 0.1930574 0.1985348 0.2395590 0.1776788 0.2042684 0.2146218 0.2581287 0.2028349 0.3657382 0.2716944 0.0730765 0.1992861 0.4469903 0.3969282 0.1696462 0.2134861 0.3384953 0.1142335 0.3998272 0.2590665 0.2645490 0.3079720 0.1792276 0.1801339 0.2161460 0.1772159 0.1944053 0.0993244 0.2457842 0.3312851 0.3913499 0.5479023 0.1889558 0.2183602 0.0658928 0.1915181 0.1299847 0.3145945 
Perityle_discoidea_81                      0.5655273 0.4178835 0.6701993 0.6139524 0.5555827 0.3375262 0.6554248 0.3964466 0.5652719 0.4967651 0.6776205 0.6138822 0.6012162 0.5249127 0.4128525 0.5347383 0.5955672 0.8242713 0.5082863 0.5519323 0.5215676 0.5335680 0.4604226 0.6026233 0.5990064 0.7134809 0.7243282 0.6401472 0.5162320 0.4118637 0.6636988 0.0000000 0.5726405 0.4098652 0.7677380 0.5473550 0.6186281 0.5840671 0.5101274 0.5606697 0.8433756 0.5693536 0.5949455 0.6577423 0.5936979 0.5519796 0.5924029 0.5819325 0.5418029 0.5824472 0.6318192 0.6648324 0.6151457 0.5959646 0.5219986 0.4839184 0.5893396 0.5831476 0.6039092 0.3552855 0.5751901 0.5366935 0.4849086 0.6195096 0.7063494 0.5399083 0.6467672 0.3771713 0.5433150 0.6031354 0.5726162 0.5610099 0.4736911 0.5011584 0.4711031 0.6472272 0.7350137 0.5603334 0.5911710 0.4334934 0.5807056 0.5151578 0.5696763 
Perityle_dissecta_201                      0.1795206 0.3115018 0.1999732 0.5070633 0.1179886 0.0557805 0.5259438 0.1557792 0.4186875 0.1153139 0.2237182 0.0281125 0.0273175 0.0325612 0.0269816 0.0426771 0.0238654 0.6614029 0.0901200 0.0665248 0.0263617 0.0277157 0.2374656 0.0308561 0.0274570 0.4474418 0.4076079 0.4040094 0.1210811 0.2369357 0.1919642 0.5726405 0.0000000 0.0360604 0.5212370 0.1757875 0.2088585 0.0794166 0.0299624 0.0251871 0.5299468 0.0289613 0.2239168 0.1573343 0.1138549 0.0364197 0.0237945 0.2244560 0.0288387 0.0317146 0.0273662 0.2166079 0.0225870 0.3723989 0.2708759 0.0394652 0.0358306 0.4793122 0.3845975 0.1473760 0.1727139 0.3764660 0.0295009 0.3811646 0.2010603 0.3209299 0.3180205 0.1849428 0.0328427 0.0311019 0.1446731 0.0309664 0.0224315 0.1573262 0.3292268 0.3341059 0.5416829 0.0400596 0.0680527 0.0737635 0.0284747 0.0417445 0.3082927 
Perityle_emoryi_47_punta_san_jose          0.0896595 0.3102679 0.0970058 0.3960242 0.0912029 0.0495425 0.4282985 0.1580475 0.3185944 0.0958320 0.1133408 0.0366038 0.0312293 0.0419798 0.0300486 0.0255122 0.0326038 0.6587957 0.0799921 0.0722272 0.0382616 0.0365748 0.2040091 0.0348618 0.0303766 0.3412882 0.2751429 0.3039915 0.0919300 0.2369124 0.0934506 0.4098652 0.0360604 0.0000000 0.4057427 0.2309740 0.1598040 0.0854521 0.0349370 0.0288985 0.3739862 0.0337469 0.1751810 0.0702156 0.1414741 0.0377547 0.0348805 0.2071524 0.0380033 0.0396585 0.0327194 0.0810598 0.0336430 0.2543814 0.1971737 0.0344086 0.0372121 0.3809458 0.2916510 0.1538226 0.0976926 0.3583149 0.0453200 0.2837632 0.0867847 0.2843638 0.2496691 0.1644952 0.0354007 0.0283353 0.0727259 0.0338157 0.0301109 0.1991767 0.3301209 0.2729656 0.4340547 0.0408821 0.0230094 0.0534189 0.0325754 0.0055551 0.2131053 
Perityle_feddemae_99                       0.5337031 0.4636584 0.5748721 0.4530953 0.5144984 0.1503839 0.4522222 0.0948542 0.4890549 0.4761821 0.6661688 0.5738130 0.5373383 0.5046935 0.2503814 0.3793869 0.5585113 0.7267822 0.4069933 0.4315441 0.4429677 0.4901309 0.1514294 0.5634631 0.5444095 0.2939272 0.2785540 0.3257151 0.4513507 0.1776554 0.5509959 0.7677380 0.5212370 0.4057427 0.0000000 0.4658107 0.5659571 0.4928646 0.5018315 0.4766761 0.2030270 0.5478474 0.5471015 0.5203949 0.5059228 0.5362029 0.5444868 0.5637252 0.4486439 0.5498065 0.5555920 0.5895606 0.5059626 0.2719950 0.1259079 0.2737366 0.5525924 0.3362032 0.3168288 0.0409442 0.5142918 0.2497871 0.4872887 0.3258328 0.6134755 0.4845327 0.5955506 0.1094779 0.5078609 0.4215140 0.4821211 0.5256792 0.4350360 0.4217998 0.4556508 0.3094666 0.0905534 0.5189361 0.4183355 0.2318991 0.5600533 0.4753152 0.0939701 
Perityle_fosteri_93                        0.3421483 0.3806977 0.3039725 0.5681599 0.2477396 0.1312660 0.5655112 0.1557339 0.4848598 0.2533809 0.3389235 0.1691186 0.1689562 0.1766431 0.1276751 0.1165753 0.1678149 0.6814141 0.2353943 0.1690943 0.0712601 0.1732973 0.2596025 0.1710413 0.1637992 0.5060012 0.4900963 0.4867815 0.2528886 0.3583314 0.2907657 0.5473550 0.1757875 0.2309740 0.4658107 0.0000000 0.2877998 0.1769825 0.1799092 0.1605858 0.5249834 0.1747904 0.2881370 0.2431090 0.1748968 0.1653186 0.1662718 0.2624654 0.1765336 0.1768695 0.1688942 0.3671303 0.1631131 0.4621812 0.2943163 0.1217289 0.1667970 0.4648320 0.4842729 0.1443789 0.3046349 0.4208918 0.1921337 0.4726289 0.3308295 0.3179780 0.3204994 0.1765276 0.1729235 0.1002420 0.3159233 0.1735210 0.1914364 0.2087244 0.3659394 0.4272480 0.5229225 0.1732023 0.0330363 0.0742068 0.1710666 0.2006752 0.3427108 
Perityle_gamon_221                         0.2620599 0.3638229 0.2224312 0.5966108 0.1783027 0.0521165 0.5805904 0.1594204 0.4623184 0.1754261 0.3034472 0.2074742 0.2089134 0.2017361 0.0639418 0.1432890 0.2003944 0.6934382 0.1550057 0.1872821 0.2118059 0.1983329 0.2404162 0.2120294 0.2109993 0.5003407 0.4792969 0.4707016 0.1894624 0.2604945 0.2384030 0.6186281 0.2088585 0.1598040 0.5659571 0.2877998 0.0000000 0.2204863 0.1976617 0.2057977 0.5337239 0.2038381 0.1377013 0.0530128 0.2561709 0.2133135 0.2074142 0.1337008 0.1878084 0.2161543 0.2071576 0.3011766 0.1992093 0.4102162 0.2724191 0.0781297 0.2070138 0.4932798 0.4605482 0.1809770 0.2235842 0.4061441 0.1616389 0.4540437 0.2838734 0.3417113 0.3142632 0.1919215 0.1969652 0.1747063 0.2259413 0.2132608 0.1436004 0.2475535 0.3851958 0.4504566 0.5642356 0.2157882 0.1706912 0.0815106 0.2021687 0.1796004 0.3628910 
Perityle_gentryi_8_san_francisco           0.2082308 0.3079609 0.2103614 0.5179499 0.1249179 0.0536136 0.5197052 0.1415512 0.4119250 0.1240520 0.2313165 0.0802576 0.0784660 0.0817928 0.0516802 0.0743798 0.0755023 0.6777897 0.1042242 0.1009017 0.0662256 0.0792484 0.2371306 0.0792529 0.0765657 0.4142114 0.4286922 0.4201558 0.1328872 0.2413280 0.2028967 0.5840671 0.0794166 0.0854521 0.4928646 0.1769825 0.2204863 0.0000000 0.0842819 0.0704187 0.5213210 0.0810465 0.2186379 0.1683334 0.1355213 0.0831078 0.0736250 0.1910886 0.0820355 0.0826782 0.0803455 0.2210060 0.0776527 0.3672023 0.2753332 0.0724906 0.0774685 0.4153682 0.3893896 0.1674976 0.1673080 0.3529776 0.0839445 0.4000412 0.2143626 0.2916043 0.2794635 0.1797500 0.0784995 0.0622559 0.1644788 0.0813044 0.0804550 0.1641846 0.3424678 0.3197174 0.4955146 0.0821458 0.0733354 0.0717169 0.0795715 0.0910963 0.3229367 
Perityle_gilensis_22_Superstition          0.1817333 0.3173294 0.1396830 0.4980403 0.1119800 0.0577773 0.5051777 0.1611832 0.3962468 0.1191596 0.1598435 0.0376897 0.0286860 0.0318676 0.0239097 0.0376749 0.0329023 0.6665291 0.0913526 0.0620879 0.0348778 0.0336236 0.2342522 0.0302567 0.0269862 0.4206096 0.3791139 0.3855073 0.1258637 0.2384562 0.1425077 0.5101274 0.0299624 0.0349370 0.5018315 0.1799092 0.1976617 0.0842819 0.0000000 0.0225212 0.4702914 0.0267805 0.1899458 0.1409016 0.1240023 0.0349696 0.0293868 0.2310863 0.0334049 0.0328898 0.0344814 0.1766123 0.0264175 0.3715675 0.2701588 0.0394360 0.0318860 0.4945358 0.3740879 0.1527392 0.1474086 0.3734857 0.0373186 0.3653085 0.1617087 0.3194072 0.2760570 0.1817207 0.0355621 0.0252136 0.1386547 0.0320188 0.0297361 0.1610253 0.3286503 0.3387099 0.5208257 0.0534320 0.0326855 0.0717698 0.0293520 0.0462096 0.3099571 
Perityle_gilensis_salensis_225             0.1573120 0.3046975 0.2012294 0.5073651 0.1146422 0.0556033 0.5204413 0.1611832 0.3964324 0.1118088 0.2176875 0.0286446 0.0235276 0.0321212 0.0223828 0.0381891 0.0243357 0.6677302 0.0759285 0.0594205 0.0215504 0.0260324 0.2317931 0.0208953 0.0210534 0.4046303 0.4076640 0.3989032 0.1203406 0.2410257 0.1825661 0.5606697 0.0251871 0.0288985 0.4766761 0.1605858 0.2057977 0.0704187 0.0225212 0.0000000 0.5130045 0.0251170 0.2018563 0.1498739 0.1042800 0.0275064 0.0191895 0.1808135 0.0270406 0.0245315 0.0304093 0.1967178 0.0283732 0.3652632 0.2655419 0.0368523 0.0286157 0.4029421 0.3624376 0.1556609 0.1621141 0.3691827 0.0317694 0.3721933 0.1914122 0.2894836 0.2874216 0.1789593 0.0267754 0.0234325 0.1420497 0.0260763 0.0217449 0.1419859 0.3192037 0.3131633 0.4842743 0.0271959 0.0589606 0.0657928 0.0258291 0.0381372 0.2870069 
Perityle_glaucescens_94                    0.4871195 0.4909050 0.5984463 0.4805520 0.4916351 0.1866609 0.4678057 0.1050676 0.4992718 0.4458295 0.6455204 0.5643630 0.5425398 0.4970771 0.2790960 0.4202463 0.5537665 0.7547808 0.4101207 0.4475512 0.4292500 0.4980000 0.1545998 0.5533185 0.5576024 0.4682399 0.4603497 0.3730299 0.4412994 0.1873886 0.5363997 0.8433756 0.5299468 0.3739862 0.2030270 0.5249834 0.5337239 0.5213210 0.4702914 0.5130045 0.0000000 0.5122675 0.5221033 0.5189363 0.5279264 0.5324659 0.5481068 0.5467203 0.4814214 0.5538052 0.5601770 0.5420678 0.5442115 0.2614850 0.1417083 0.2921955 0.5500722 0.3548738 0.3592930 0.0480229 0.4978418 0.2838476 0.4467972 0.3612651 0.5810321 0.4855066 0.5652129 0.1127973 0.5045311 0.4449900 0.4691201 0.5300896 0.4380376 0.4391959 0.4951497 0.4089206 0.2082706 0.5248422 0.4569052 0.2257452 0.5214817 0.4513575 0.1030490 
Perityle_gracilis_11                       0.1663516 0.3120742 0.1689115 0.5046232 0.1192313 0.0599387 0.5264996 0.1641319 0.3931431 0.1179298 0.1921116 0.0359163 0.0291320 0.0359113 0.0223803 0.0458781 0.0316684 0.6530358 0.0876095 0.0650690 0.0194241 0.0192756 0.2342661 0.0289606 0.0140784 0.4730737 0.4180839 0.3814593 0.1235810 0.2410108 0.1850463 0.5693536 0.0289613 0.0337469 0.5478474 0.1747904 0.2038381 0.0810465 0.0267805 0.0251170 0.5122675 0.0000000 0.2116425 0.1654548 0.1170572 0.0274668 0.0151134 0.2213480 0.0285850 0.0459870 0.0682710 0.1905141 0.0357508 0.3719697 0.2678472 0.0380647 0.0300041 0.4691776 0.3736262 0.1616044 0.1713816 0.3743604 0.0298841 0.3606264 0.1818055 0.3126402 0.2995609 0.1791224 0.0352066 0.0325328 0.1430558 0.0163567 0.0132665 0.1569796 0.3188444 0.3215002 0.5573342 0.0436265 0.0431262 0.0638538 0.0173534 0.0422748 0.2969040 
Perityle_harkerae_31                       0.2927625 0.3678256 0.2385857 0.5497707 0.1749095 0.0605910 0.5919865 0.1612149 0.4509377 0.1860724 0.3224001 0.2242342 0.2200950 0.2214989 0.0638652 0.1541836 0.2173402 0.6815902 0.1614375 0.1933492 0.2314601 0.2025634 0.2473675 0.2250474 0.2031202 0.4911844 0.4954377 0.4791307 0.1903118 0.2447768 0.2301990 0.5949455 0.2239168 0.1751810 0.5471015 0.2881370 0.1377013 0.2186379 0.1899458 0.2018563 0.5221033 0.2116425 0.0000000 0.1560229 0.2539478 0.2217705 0.2200379 0.0765022 0.1955671 0.2327067 0.2140492 0.3075286 0.1959444 0.3749195 0.2775898 0.0941100 0.2154307 0.4869080 0.4415865 0.1733982 0.2263107 0.4031608 0.1808035 0.4631751 0.2813338 0.3513660 0.2963023 0.1824659 0.2085850 0.1608419 0.2281467 0.2180149 0.1556399 0.2505341 0.3572106 0.4776015 0.5312292 0.2309149 0.1603100 0.0779676 0.2095662 0.2029067 0.3445954 
Perityle_hofmeisteria_4_nombre_de_dios     0.2172370 0.2493099 0.2442600 0.5014509 0.1157773 0.0571511 0.5015238 0.1641698 0.3924330 0.1178553 0.3169803 0.1606832 0.1638036 0.1514902 0.0694981 0.1592771 0.1598106 0.6977978 0.0846789 0.1642354 0.1698050 0.1573102 0.2512963 0.1654107 0.1647770 0.4646561 0.4809740 0.4349436 0.1340575 0.2597086 0.2213737 0.6577423 0.1573343 0.0702156 0.5203949 0.2431090 0.0530128 0.1683334 0.1409016 0.1498739 0.5189363 0.1654548 0.1560229 0.0000000 0.1664795 0.1615035 0.1627549 0.1375800 0.1361050 0.1835056 0.2143036 0.2888456 0.1686115 0.3905621 0.2851197 0.0814744 0.1607636 0.3626531 0.4197695 0.1879663 0.1843582 0.3291479 0.0931499 0.4055615 0.2658635 0.2608019 0.2322129 0.1952663 0.1554154 0.1856449 0.1923188 0.1624337 0.0793384 0.1326184 0.3672768 0.3740819 0.4999333 0.1518307 0.2189998 0.0816717 0.1686811 0.1168580 0.3566694 
Perityle_huecosensis_48                    0.2780404 0.3580209 0.3170010 0.5333129 0.2066192 0.0621721 0.5388781 0.1501181 0.4309520 0.2065625 0.3286579 0.1162250 0.1111696 0.1104494 0.0331993 0.0416073 0.1096930 0.6780528 0.1599114 0.0326137 0.1244208 0.1105187 0.2209267 0.1151060 0.0982775 0.4911309 0.4897149 0.4724593 0.2096431 0.2316650 0.2882662 0.5936979 0.1138549 0.1414741 0.5059228 0.1748968 0.2561709 0.1355213 0.1240023 0.1042800 0.5279264 0.1170572 0.2539478 0.1664795 0.0000000 0.1209863 0.1078667 0.2387547 0.1008144 0.1231560 0.1212138 0.3154227 0.0730792 0.3733943 0.2580654 0.0395588 0.1122652 0.4378964 0.4311163 0.1532342 0.2521757 0.3603523 0.1337025 0.4402193 0.3042302 0.3342809 0.3295266 0.1747453 0.1114414 0.0428294 0.2035312 0.1140877 0.1199877 0.1743756 0.3612335 0.4066181 0.5063110 0.1074484 0.0917328 0.0717671 0.1188728 0.1304959 0.3007471 
