85
Amauria_brandeegeana_62                    0.0000000 0.3613412 0.0919161 0.5688251 0.1428528 0.3622278 0.6545240 0.6029064 0.5795784 0.0322990 0.1935107 0.5897551 0.1287149 0.1468997 0.4362246 0.5675368 0.7377600 0.4626803 0.2206446 0.5388638 0.6083190 0.1258061 0.4395471 0.1301210 0.1727217 0.1268785 0.2327919 0.1585327 0.1433125 0.1648302 0.1557599 0.6149996 0.6312541 0.5921734 0.5874871 0.5573378 0.5654720 0.5803826 0.1600893 0.5662230 0.1268377 0.1326376 0.1593826 0.1267596 0.5441840 0.1578750 0.1499199 0.3800569 0.1352219 0.5497572 0.1287352 0.1471468 0.1283467 0.6261100 0.7195030 0.2040151 0.1689237 0.3339126 0.1257712 0.1270442 0.1442954 0.1380815 0.2105919 0.1246385 0.6577119 0.1541490 0.5602085 0.5908459 0.1727056 0.1040907 0.1570148 0.1282598 0.1622893 0.1293109 0.1292541 1.1173652 0.1178402 0.5902066 0.1603628 1.0021675 0.5909861 0.1890152 0.1331681 0.1660651 0.1526412 
Amauria_carterae_99_mesa                   0.3613412 0.0000000 0.3225477 0.2313485 0.3583568 0.0730265 0.1580543 0.2752580 0.3425942 0.3859249 0.3895001 0.1141021 0.3510319 0.3361581 0.5313738 0.1102985 0.5632619 0.3079672 0.3607386 0.1166735 0.5939106 0.3529073 0.0829978 0.3503679 0.3399501 0.3510319 0.3624124 0.3439437 0.3324369 0.3664194 0.3713578 0.0965870 0.1192120 0.1088752 0.1107892 0.0707960 0.1131491 0.1117994 0.3452729 0.1047588 0.3510319 0.3556997 0.3647138 0.3510319 0.1221818 0.3598541 0.3664886 0.3856180 0.3529073 0.1240844 0.3447958 0.3550646 0.3503095 0.1235731 0.6022211 0.3601131 0.3283425 0.4233498 0.3521590 0.3529073 0.3076547 0.2708573 0.3653427 0.2700594 0.1214865 0.3367964 0.1231643 0.1238964 0.3375036 0.2308067 0.3716518 0.3395071 0.3811662 0.3510319 0.3561368 3.1637536 0.3438737 0.1159880 0.3523336 0.0000010 0.1141021 0.3704166 0.3608870 0.3567425 0.3499411 
Amauria_rotundifolia_SRR9119150            0.0919161 0.3225477 0.0000000 0.5550413 0.1501749 0.3402590 0.6024469 0.5498290 0.5727650 0.0868025 0.2335353 0.5403371 0.1406542 0.1535345 0.4527969 0.5817276 0.7072092 0.4619078 0.2413630 0.5173444 0.6075569 0.1369548 0.3878950 0.1441981 0.2415277 0.1449020 0.2523603 0.1725578 0.1837354 0.1913968 0.1906518 0.5797284 0.5950603 0.5672648 0.5869981 0.5316521 0.5255811 0.6109357 0.1719594 0.5427452 0.1449784 0.2095153 0.1716660 0.1389917 0.4978052 0.1672560 0.1662926 0.3875640 0.1442391 0.5506392 0.2008317 0.1574336 0.1452350 0.5537210 0.7096944 0.2289239 0.1637097 0.3212311 0.1419485 0.1439342 0.1433436 0.1204739 0.2107254 0.0973127 0.6030918 0.1586996 0.5514596 0.6245444 0.1737985 0.0941639 0.1627564 0.1428333 0.1875071 0.1498557 0.1543556 0.9914866 0.1282954 0.6009006 0.1779980 0.9144227 0.5584687 0.1930753 0.1503054 0.1703365 0.1694829 
Conoclinium_coelestinum_SRR9119114         0.5688251 0.2313485 0.5550413 0.0000000 0.5583711 0.1749173 0.1935897 0.4903358 0.4875713 0.5788990 0.6067985 0.3355261 0.5783414 0.5768003 0.5839303 0.3441577 0.7641611 0.4629317 0.6269536 0.3413564 0.7219811 0.5870473 0.2833430 0.5965671 0.5960784 0.5815006 0.6347819 0.5994047 0.5710277 0.5972681 0.5208449 0.3145090 0.3545112 0.3758197 0.3552319 0.3362414 0.3402240 0.3558665 0.5865120 0.3192656 0.5807348 0.6146163 0.5815955 0.5808893 0.3327638 0.5189531 0.6072869 0.7176545 0.5879992 0.3676302 0.6170947 0.6145591 0.5817843 0.3445191 0.7611422 0.5916725 0.5611775 0.6176917 0.5864854 0.5826385 0.3935058 0.3332434 0.5935798 0.3589033 0.3630532 0.5814445 0.3531768 0.3730318 0.5684325 0.2837366 0.5945935 0.5923865 0.5918406 0.5776455 0.5796007 0.9994282 0.4173561 0.3454417 0.5916868 0.7426002 0.3529952 0.4196133 0.5851423 0.6166527 0.5541707 
Eutetras_palmeri_63                        0.1428528 0.3583568 0.1501749 0.5583711 0.0000000 0.3544882 0.6289899 0.5781967 0.6009635 0.1400991 0.2118848 0.5814244 0.0943524 0.1455350 0.4474192 0.5674288 0.7162995 0.4811524 0.2113231 0.5442100 0.5630680 0.0969743 0.4634429 0.1118206 0.1802682 0.1014752 0.2471412 0.1585893 0.0732278 0.1660907 0.1345248 0.5952236 0.6360534 0.5800813 0.5769935 0.5640624 0.5701882 0.5842206 0.1182344 0.5626534 0.0993387 0.1241355 0.1054480 0.0970894 0.5530440 0.1160381 0.1614103 0.3027499 0.1051599 0.5623360 0.1371196 0.1568460 0.1290410 0.6173003 0.6860071 0.1867787 0.1444820 0.3435765 0.1001779 0.1026853 0.0648059 0.0662232 0.1843784 0.0890009 0.6444058 0.0763022 0.5529075 0.5749391 0.1349776 0.0772551 0.1565436 0.1128784 0.1517336 0.1046861 0.1036174 1.0279391 0.0765429 0.5777091 0.1074755 1.0130252 0.5717541 0.1339343 0.1092002 0.1482470 0.0923293 
Eutetras_pringlei_149_quer                 0.3622278 0.0730265 0.3402590 0.1749173 0.3544882 0.0000000 0.1132334 0.2432570 0.1585396 0.3707631 0.3342508 0.1068835 0.3517780 0.3356546 0.5609657 0.0823618 0.5039145 0.3208293 0.3343838 0.0848414 0.5594920 0.3475263 0.0815795 0.3513323 0.3527589 0.3517780 0.3345937 0.3282560 0.3340098 0.3503539 0.3651867 0.0816103 0.0854658 0.0925237 0.0825061 0.0706294 0.0885321 0.0851701 0.3355363 0.0900002 0.3517780 0.3518312 0.3254999 0.3517780 0.0955305 0.3410561 0.3518522 0.3484906 0.3475263 0.0955305 0.3452012 0.3207213 0.3396806 0.0740799 0.5462530 0.3496230 0.3171770 0.3641440 0.3475263 0.3475263 0.3361672 0.2959115 0.3647793 0.2981680 0.1142139 0.3291637 0.0850092 0.1225927 0.3635720 0.2457861 0.3523945 0.3452012 0.3616011 0.3517780 0.3515676 3.7993094 0.3525967 0.1225049 0.3316118 0.0000010 0.1104814 0.4161466 0.3618755 0.3391353 0.3447582 
Eutrochium_fistulosum_SRR9119106           0.6545240 0.1580543 0.6024469 0.1935897 0.6289899 0.1132334 0.0000000 0.3625282 0.4042005 0.6023574 0.6657182 0.2226655 0.5754198 0.6308161 0.6022464 0.2010568 0.8903364 0.3832353 0.5794765 0.1704426 0.7694778 0.6150581 0.1588258 0.6700781 0.5728644 0.6528810 0.6874486 0.7477187 0.6169033 0.5735699 0.5247346 0.1764065 0.2730660 0.1593175 0.1577369 0.1520554 0.1831517 0.2023400 0.6193987 0.2077899 0.6540456 0.6639319 0.6701991 0.6048268 0.1731792 0.6141088 0.6820707 0.8629166 0.6300969 0.1771716 0.6324034 0.6363315 0.6739893 0.3146671 0.8300956 0.5887672 0.5919741 0.6115302 0.6359912 0.6474766 0.5748497 0.3420395 0.5856044 0.3646407 0.3100282 0.6059204 0.1811182 0.1827812 0.6547580 0.2584339 0.6346451 0.6507059 0.5649549 0.6414667 0.6544842 1.2075377 0.4164097 0.1646177 0.6686892 0.0000010 0.1860847 0.4472765 0.6501590 0.6634584 0.5500277 
Galeana_pratensis_104_mex                  0.6029064 0.2752580 0.5498290 0.4903358 0.5781967 0.2432570 0.3625282 0.0000000 0.3664143 0.5840581 0.5875168 0.3577915 0.5962225 0.5481329 0.6501022 0.2504445 0.7431980 0.3035192 0.5692154 0.3463033 0.7961803 0.5996609 0.3528563 0.5848405 0.5435495 0.5962225 0.5338492 0.5137958 0.5422187 0.5266933 0.5192169 0.3271718 0.3275746 0.3590973 0.3475346 0.3265300 0.3382961 0.3436555 0.5503511 0.2370896 0.5896490 0.5726321 0.5769564 0.5962225 0.3561538 0.5290906 0.5471349 0.5942025 0.5996609 0.3561538 0.5591775 0.5249646 0.5571260 0.3496811 0.7776694 0.5475063 0.5041336 0.4995342 0.5996609 0.5996609 0.4044527 0.3428557 0.5373299 0.3966132 0.3670256 0.5236275 0.3549087 0.2986595 0.5484576 0.2441746 0.5219896 0.5717981 0.5337669 0.5896490 0.5896490 3.7599589 0.5069159 0.3035101 0.5406159 0.0000010 0.3668969 0.4065445 0.6017692 0.5303183 0.5391590 
Helianthus_annuus_SRR9119062               0.5795784 0.3425942 0.5727650 0.4875713 0.6009635 0.1585396 0.4042005 0.3664143 0.0000000 0.5803360 0.6464388 0.3692404 0.6176399 0.5914173 0.5933166 0.3983963 0.8329373 0.3833858 0.7044392 0.3545511 0.7619315 0.6292030 0.2008200 0.6156960 0.5905138 0.6176399 0.6506920 0.5975504 0.5643770 0.6226376 0.5599513 0.4027764 0.3604058 0.3395661 0.3638904 0.3409890 0.3713416 0.3659388 0.5754573 0.3899408 0.6132544 0.6191851 0.6237615 0.6176399 0.3803119 0.5423730 0.6135218 0.6988934 0.6244167 0.3628694 0.6008915 0.6033007 0.6117100 0.3683606 0.8011592 0.6299908 0.5998154 0.5771078 0.6234520 0.6288752 0.4604696 0.4086089 0.6005308 0.3657259 0.3659340 0.5775024 0.3744830 0.4419179 0.6152070 0.2496237 0.6217319 0.6150894 0.6197909 0.6132544 0.6204724 1.1999761 0.4902918 0.4317415 0.6245201 0.0000010 0.3580291 0.4738493 0.6298805 0.6026115 0.6178318 
Lycapsus_tenuifolius_17                    0.0322990 0.3859249 0.0868025 0.5788990 0.1400991 0.3707631 0.6023574 0.5840581 0.5803360 0.0000000 0.2418572 0.5866875 0.1395752 0.1438434 0.4882109 0.6094347 0.6892406 0.6598515 0.2112547 0.5484339 0.5867032 0.1369845 0.4366012 0.1312698 0.2717061 0.1395717 0.2236983 0.1702268 0.1593061 0.1634343 0.1355830 0.6318448 0.6183349 0.5875490 0.6251150 0.5619570 0.5701342 0.6679569 0.1520213 0.5727832 0.1335086 0.2235091 0.1575977 0.1368732 0.5513910 0.1491166 0.1580555 0.3869967 0.1363943 0.5935377 0.2183746 0.1630087 0.1273368 0.5870461 0.6945887 0.2078446 0.1693710 0.3076645 0.1336614 0.1349779 0.1184700 0.1201311 0.2118884 0.1015295 0.6395776 0.1472318 0.6047229 0.6651892 0.1667715 0.0991979 0.1526145 0.1300095 0.1608725 0.1360539 0.1465051 1.0188300 0.1024898 0.6458471 0.1636465 0.8861420 0.5860098 0.1677809 0.1444375 0.1759445 0.1547284 
Pericome_caudata_50_silver                 0.1935107 0.3895001 0.2335353 0.6067985 0.2118848 0.3342508 0.6657182 0.5875168 0.6464388 0.2418572 0.0000000 0.6371431 0.2196947 0.1916136 0.4353856 0.6202389 0.8145625 0.4821729 0.2942013 0.5993784 0.5939296 0.2234623 0.4980695 0.2351781 0.2618317 0.1888005 0.2364616 0.2406472 0.1993869 0.2359365 0.1900981 0.6223907 0.6812714 0.6025230 0.6545172 0.6134299 0.6340448 0.6642032 0.2216114 0.6009615 0.2095593 0.2558261 0.2268732 0.2199374 0.6072195 0.1801841 0.2291397 0.5029729 0.2333697 0.6107470 0.2566527 0.2592650 0.1990604 0.6799378 0.7179695 0.2724145 0.2337426 0.3410508 0.1638438 0.1883472 0.1020594 0.1095985 0.2833012 0.0864789 0.7163198 0.2355773 0.6136368 0.6674706 0.1923758 0.0797414 0.2208249 0.2011521 0.2308152 0.1886246 0.2155201 1.0972824 0.0967779 0.6654526 0.2050146 0.8611744 0.6570599 0.1606097 0.1856447 0.2782870 0.2470439 
Perityle_aglossa_84_dead_horse             0.5897551 0.1141021 0.5403371 0.3355261 0.5814244 0.1068835 0.2226655 0.3577915 0.3692404 0.5866875 0.6371431 0.0000000 0.5985563 0.6000143 0.6392330 0.0448959 0.8257845 0.3349407 0.6503472 0.0408619 0.7604815 0.5935708 0.0565846 0.6052329 0.5912871 0.6050184 0.6599428 0.6066557 0.5639037 0.5807135 0.5211237 0.1424412 0.1142071 0.0911044 0.0245144 0.0712170 0.0606747 0.0330861 0.5527654 0.0466141 0.6050975 0.6169751 0.5905146 0.6026611 0.0616366 0.5273192 0.6186766 0.7750630 0.6079405 0.0571217 0.5966726 0.6041003 0.6018967 0.0603579 0.8268053 0.6252010 0.5692773 0.6490408 0.6001523 0.6003912 0.4709484 0.3770750 0.6077229 0.3227798 0.0122397 0.5801379 0.0628998 0.1365041 0.6081969 0.2504492 0.6039925 0.6050247 0.5851513 0.6101259 0.6047039 1.4261349 0.4371773 0.1314147 0.5899360 1.4040933 0.0105180 0.4971470 0.6082686 0.5967691 0.5633494 
Perityle_ajoensis_204                      0.1287149 0.3510319 0.1406542 0.5783414 0.0943524 0.3517780 0.5754198 0.5962225 0.6176399 0.1395752 0.2196947 0.5985563 0.0000000 0.0993360 0.4372554 0.6313137 0.7170103 0.4597502 0.2363970 0.5650197 0.5485840 0.0074646 0.4501770 0.0519869 0.1647334 0.0053152 0.2398143 0.1622596 0.1119019 0.1530547 0.1078408 0.5990108 0.6253079 0.6042788 0.6199760 0.5776383 0.5850571 0.6532909 0.0997786 0.5907830 0.0063829 0.0866733 0.1305828 0.0063884 0.5562642 0.1037534 0.1482108 0.2063664 0.0074724 0.6006299 0.0960620 0.1427325 0.0984595 0.5973310 0.6806863 0.1804161 0.1396450 0.3071153 0.0046068 0.0063927 0.0824522 0.0744599 0.1925032 0.0789785 0.6424334 0.1012480 0.5932600 0.6209284 0.1448996 0.0543049 0.1505261 0.0530766 0.1384199 0.0095909 0.0106726 1.1237121 0.0027058 0.6080027 0.1331129 1.0537189 0.5997069 0.1318359 0.0123174 0.1441463 0.1211942 
Perityle_ambrosiifolia_67_green            0.1468997 0.3361581 0.1535345 0.5768003 0.1455350 0.3356546 0.6308161 0.5481329 0.5914173 0.1438434 0.1916136 0.6000143 0.0993360 0.0000000 0.3938951 0.5640510 0.7316192 0.4337253 0.2457352 0.5737817 0.5563994 0.0978836 0.4289292 0.1181291 0.0136803 0.0931578 0.1862523 0.0914172 0.1463980 0.1730218 0.1253374 0.5890422 0.5854303 0.5611759 0.5620218 0.5425817 0.5773659 0.5859511 0.1372247 0.5671173 0.0943723 0.1170155 0.1448834 0.0932458 0.5560081 0.1230194 0.0604295 0.3563361 0.0958586 0.5510581 0.1179474 0.0701641 0.0626219 0.5720595 0.6786726 0.1182766 0.1056576 0.3209702 0.0944880 0.0957796 0.0975556 0.0712499 0.1600576 0.0601529 0.6020036 0.1447266 0.5457823 0.5643734 0.1570099 0.0551605 0.0619339 0.1191679 0.1661544 0.0956148 0.0968943 1.2021590 0.0334291 0.5623277 0.1353905 1.3065911 0.5702463 0.1317650 0.0995837 0.1705999 0.1474917 
Perityle_angustifolia_13_Eagle_creek       0.4362246 0.5313738 0.4527969 0.5839303 0.4474192 0.5609657 0.6022464 0.6501022 0.5933166 0.4882109 0.4353856 0.6392330 0.4372554 0.3938951 0.0000000 0.6444355 0.1009889 0.9706310 0.4097567 0.6070156 0.1591329 0.4476319 0.5704458 0.5148653 0.5338702 0.4439962 0.4494365 0.4859418 0.5126439 0.4446422 0.4527699 0.6190075 0.6764783 0.6305183 0.6307514 0.6085747 0.5999792 0.4722561 0.5139665 0.6177230 0.4649174 0.3976896 0.4996779 0.4341135 0.6045767 0.5271163 0.5072993 0.2422411 0.4706925 0.6489186 0.3723127 0.5180103 0.3979355 0.6707604 0.0824209 0.4063124 0.4146665 0.4288650 0.3966427 0.4706925 0.4333590 0.3866253 0.4894321 0.3841528 0.7330913 0.4584638 0.6529648 0.6966802 0.4205729 0.3837739 0.3990250 0.5250774 0.4230615 0.4693558 0.4495143 0.0540516 0.3951061 0.6741877 0.5133208 0.0792042 0.6455420 0.3701863 0.4091449 0.5261522 0.4308425 
Perityle_batopilensis_97                   0.5675368 0.1102985 0.5817276 0.3441577 0.5674288 0.0823618 0.2010568 0.2504445 0.3983963 0.6094347 0.6202389 0.0448959 0.6313137 0.5640510 0.6444355 0.0000000 0.8396362 0.3477497 0.6023428 0.0539594 0.7159026 0.6217792 0.0750439 0.6111102 0.6326819 0.6271739 0.6821493 0.6073635 0.5797508 0.5569020 0.4740789 0.1363509 0.1439368 0.0919823 0.0398438 0.0757346 0.0616867 0.0883206 0.5800978 0.0135644 0.6278325 0.6377891 0.5910445 0.6130073 0.0625415 0.5539123 0.6234643 0.7685249 0.6312071 0.0569900 0.6242889 0.6071386 0.5585978 0.0582666 0.8481191 0.6405097 0.5416276 0.5640460 0.5851914 0.6230152 0.4484794 0.3599726 0.5949424 0.2801493 0.0473174 0.5773996 0.0619619 0.1907534 0.6096432 0.2495407 0.5687116 0.6104010 0.5604265 0.6298889 0.6280491 1.2421342 0.3882107 0.1636330 0.5726475 1.0762200 0.0502860 0.4850531 0.5916212 0.6247606 0.5307196 
Perityle_bisetosa_9                        0.7377600 0.5632619 0.7072092 0.7641611 0.7162995 0.5039145 0.8903364 0.7431980 0.8329373 0.6892406 0.8145625 0.8257845 0.7170103 0.7316192 0.1009889 0.8396362 0.0000000 0.9108733 0.7710188 0.7965611 0.0761257 0.7214934 0.6212807 0.7459671 0.7777939 0.7335773 0.7715795 0.7482591 0.7484629 0.7141651 0.5718897 0.8660214 0.9280120 0.8357444 0.8149208 0.8072672 0.8475021 0.5802153 0.7914679 0.8326101 0.7367451 0.4744240 0.7597259 0.7085769 0.8199646 0.7503053 0.7513162 0.5629499 0.7312437 0.8275498 0.4491515 0.7383942 0.7051257 0.8308309 0.0732080 0.7417564 0.6504064 0.6586880 0.7254933 0.7460841 0.6127623 0.3473237 0.7522312 0.3651439 0.8694244 0.7461904 0.7906373 0.8145074 0.7527653 0.3556784 0.7293078 0.7525900 0.7080926 0.7331277 0.7405537 0.1964838 0.4293622 0.8517971 0.7689563 0.1362938 0.8018368 0.4383734 0.7368240 0.7786220 0.6821761 
Perityle_californica_76_positas            0.4626803 0.3079672 0.4619078 0.4629317 0.4811524 0.3208293 0.3832353 0.3035192 0.3833858 0.6598515 0.4821729 0.3349407 0.4597502 0.4337253 0.9706310 0.3477497 0.9108733 0.0000000 0.5215745 0.3252314 0.8128850 0.4489564 0.3252314 0.5989963 0.3494990 0.4861479 0.4909497 0.5884705 0.6013513 0.4753940 0.4822848 0.3279164 0.3090942 0.3484991 0.3837044 0.3346460 0.4143184 0.4960869 0.5735772 0.3197603 0.5857575 0.5649744 0.6321200 0.4597502 0.4143184 0.6693913 0.6192439 0.5766102 0.5735196 0.4143184 0.5044825 0.6147130 0.4463013 0.4595376 0.8873277 0.4289343 0.4463013 0.5835179 0.4489564 0.5735196 0.5002616 0.4660714 0.5252283 0.4484668 0.4582974 0.4555202 0.4731532 0.3758433 0.4824725 0.4417114 0.4440756 0.5842803 0.4896986 0.5706108 0.4597502 1.7568867 0.4362505 0.3780777 0.6101104 1.4843646 0.3349407 0.4916169 0.4520216 0.5415460 0.4781090 
Perityle_canescens_77                      0.2206446 0.3607386 0.2413630 0.6269536 0.2113231 0.3343838 0.5794765 0.5692154 0.7044392 0.2112547 0.2942013 0.6503472 0.2363970 0.2457352 0.4097567 0.6023428 0.7710188 0.5215745 0.0000000 0.6238790 0.5870686 0.2410044 0.4619287 0.2255243 0.2477692 0.2365813 0.2591951 0.2391985 0.1843419 0.2768989 0.1472561 0.6721800 0.6363991 0.6259513 0.6376046 0.6122885 0.6140639 0.6235581 0.2443903 0.6003214 0.2346097 0.2284858 0.2460663 0.2345081 0.6170988 0.2094893 0.2454820 0.4644011 0.2366775 0.6170093 0.2274275 0.2376370 0.2230558 0.5505835 0.7274982 0.2588825 0.2228074 0.3956825 0.2388146 0.2387599 0.0688640 0.0245979 0.2714107 0.0745656 0.6495527 0.2232583 0.5578464 0.6200890 0.2696209 0.0632633 0.2491847 0.2250149 0.2669321 0.2365631 0.2384580 3.3806617 0.0680221 0.6151086 0.2160592 3.1158735 0.6606953 0.1207366 0.2394716 0.2514420 0.2131643 
Perityle_castillonii_96                    0.5388638 0.1166735 0.5173444 0.3413564 0.5442100 0.0848414 0.1704426 0.3463033 0.3545511 0.5484339 0.5993784 0.0408619 0.5650197 0.5737817 0.6070156 0.0539594 0.7965611 0.3252314 0.6238790 0.0000000 0.6772396 0.5606178 0.0364684 0.5654875 0.5765179 0.5650197 0.6247155 0.5720667 0.4976799 0.5463130 0.4681273 0.1378819 0.1278257 0.0950436 0.0296254 0.0748251 0.0569407 0.0128380 0.5286651 0.0581133 0.5615464 0.5724545 0.5549266 0.5650197 0.0640419 0.5011140 0.5777256 0.6621743 0.5690897 0.0615747 0.5569930 0.5675853 0.5680307 0.0538560 0.7810545 0.5808928 0.5203543 0.6100158 0.5595373 0.5637087 0.3946171 0.3626747 0.6100225 0.3191400 0.0407793 0.5417209 0.0510306 0.1399176 0.5449100 0.2512250 0.5722824 0.5552142 0.5553171 0.5685077 0.5688991 1.3472759 0.4215434 0.1397958 0.5541885 1.5910021 0.0414378 0.4741933 0.5659408 0.5543617 0.5258933 
Perityle_cernua_84                         0.6083190 0.5939106 0.6075569 0.7219811 0.5630680 0.5594920 0.7694778 0.7961803 0.7619315 0.5867032 0.5939296 0.7604815 0.5485840 0.5563994 0.1591329 0.7159026 0.0761257 0.8128850 0.5870686 0.6772396 0.0000000 0.5530242 0.6241220 0.5416306 0.5833682 0.5485840 0.5640314 0.5451456 0.5530594 0.5667639 0.5736853 0.7902856 0.7969622 0.7246335 0.7236581 0.7471230 0.7771716 0.7239743 0.5790107 0.7150476 0.5442379 0.5507522 0.5785780 0.5485840 0.7301223 0.5625183 0.5584796 0.6162168 0.5544083 0.7165264 0.5538195 0.5512107 0.5433779 0.7477140 0.0865265 0.5688673 0.5557004 0.4647545 0.5453292 0.5500233 0.5144654 0.3497031 0.5953617 0.3778709 0.7641711 0.5764675 0.7582932 0.7147908 0.5459800 0.3739324 0.5620137 0.5459959 0.5506665 0.5441211 0.5442379 0.9943762 0.4371832 0.7722764 0.5322491 0.0000010 0.7132648 0.4268743 0.5618615 0.5606022 0.5763540 
Perityle_cfvillosa_25_tin                  0.1258061 0.3529073 0.1369548 0.5870473 0.0969743 0.3475263 0.6150581 0.5996609 0.6292030 0.1369845 0.2234623 0.5935708 0.0074646 0.0978836 0.4476319 0.6217792 0.7214934 0.4489564 0.2410044 0.5606178 0.5530242 0.0000000 0.4424923 0.0512152 0.1697351 0.0060328 0.2308350 0.1532685 0.1197998 0.1532941 0.1103380 0.6099006 0.6292943 0.6092092 0.6187912 0.5756632 0.5881806 0.6462856 0.1068649 0.5808510 0.0070430 0.0897382 0.1311991 0.0071330 0.5548983 0.1098534 0.1390687 0.2248386 0.0060427 0.5980945 0.1008265 0.1327640 0.0947798 0.5903387 0.6860244 0.1770977 0.1399189 0.3063671 0.0043839 0.0050265 0.0861722 0.0781540 0.1963925 0.0829660 0.6360200 0.1057768 0.5892362 0.6294674 0.1481112 0.0590185 0.1425881 0.0511330 0.1386373 0.0100778 0.0121335 1.1193962 0.0081643 0.6085415 0.1352699 1.0432693 0.5949016 0.1391675 0.0117398 0.1454019 0.1230777 
Perityle_cinerea_113_Powell1310            0.4395471 0.0829978 0.3878950 0.2833430 0.4634429 0.0815795 0.1588258 0.3528563 0.2008200 0.4366012 0.4980695 0.0565846 0.4501770 0.4289292 0.5704458 0.0750439 0.6212807 0.3252314 0.4619287 0.0364684 0.6241220 0.4424923 0.0000000 0.4498701 0.4306483 0.4501770 0.4144745 0.4119328 0.4326831 0.4542816 0.4122451 0.0944115 0.0960698 0.0910291 0.0418312 0.0514594 0.0539484 0.0365694 0.4228894 0.0781281 0.4549764 0.4549484 0.4559967 0.4501770 0.0588835 0.3807421 0.4485797 0.4530703 0.4424923 0.0588835 0.4343288 0.4150850 0.4305659 0.0463586 0.6210127 0.4517625 0.3758052 0.4715497 0.4424923 0.4424923 0.3174576 0.3018133 0.4317819 0.2947020 0.0515442 0.4405053 0.0540595 0.1376338 0.4397554 0.2327502 0.4485065 0.4445590 0.4602388 0.4549764 0.4549764 2.0256496 0.3641727 0.1407358 0.4524356 9.0000000 0.0540517 0.3987675 0.4553927 0.4400958 0.4270608 
Perityle_coahuilensis_24                   0.1301210 0.3503679 0.1441981 0.5965671 0.1118206 0.3513323 0.6700781 0.5848405 0.6156960 0.1312698 0.2351781 0.6052329 0.0519869 0.1181291 0.5148653 0.6111102 0.7459671 0.5989963 0.2255243 0.5654875 0.5416306 0.0512152 0.4498701 0.0000000 0.2253544 0.0531659 0.2003892 0.1246356 0.1297548 0.1606609 0.1264177 0.6365808 0.6532968 0.5983114 0.6313266 0.5893815 0.5772171 0.6731239 0.1221958 0.5758360 0.0502302 0.1654367 0.1473811 0.0509874 0.5641015 0.1267678 0.1226727 0.3013830 0.0554981 0.6056946 0.1781912 0.1325538 0.0695275 0.6675631 0.6900853 0.1768718 0.1206192 0.3178768 0.0497158 0.0552490 0.1167591 0.0709972 0.1858375 0.0712268 0.6958742 0.1247620 0.6132145 0.6290955 0.1655327 0.0542369 0.1262572 0.0193004 0.1474735 0.0559619 0.0568824 1.0658494 0.0275048 0.6115442 0.1544810 1.0041891 0.6044977 0.1493884 0.0553216 0.1718428 0.1067782 
Perityle_cochisensis_44_cave_creek         0.1727217 0.3399501 0.2415277 0.5960784 0.1802682 0.3527589 0.5728644 0.5435495 0.5905138 0.2717061 0.2618317 0.5912871 0.1647334 0.0136803 0.5338702 0.6326819 0.7777939 0.3494990 0.2477692 0.5765179 0.5833682 0.1697351 0.4306483 0.2253544 0.0000000 0.1845083 0.2678872 0.1810635 0.2439795 0.1786613 0.1364345 0.5993144 0.6194691 0.5795482 0.6495068 0.5853847 0.5772573 0.6823162 0.2089315 0.5745159 0.2033918 0.2361329 0.2394986 0.1590792 0.5617029 0.2088927 0.1650936 0.3786403 0.2052131 0.6401615 0.2174096 0.1709982 0.0646088 0.6436505 0.7516286 0.1594801 0.1101400 0.3464046 0.1277976 0.2051468 0.0822407 0.0855283 0.1995386 0.0719635 0.6609704 0.1961956 0.6476480 0.6363309 0.1968040 0.0649156 0.0952111 0.2238997 0.1734496 0.2061259 0.1801200 1.2364064 0.0453012 0.6168992 0.2034832 1.3142942 0.5883235 0.1398612 0.1541802 0.2711184 0.1521521 
Perityle_congesta_202                      0.1268785 0.3510319 0.1449020 0.5815006 0.1014752 0.3517780 0.6528810 0.5962225 0.6176399 0.1395717 0.1888005 0.6050184 0.0053152 0.0931578 0.4439962 0.6271739 0.7335773 0.4861479 0.2365813 0.5650197 0.5485840 0.0060328 0.4501770 0.0531659 0.1845083 0.0000000 0.1872330 0.1339299 0.1111529 0.1531554 0.1078408 0.5990108 0.6553354 0.5986604 0.6201559 0.5703107 0.5802325 0.6643278 0.1105697 0.5847350 0.0051736 0.0981441 0.1276336 0.0029955 0.5514220 0.1104379 0.1236676 0.2494601 0.0065914 0.6015448 0.1057535 0.1396399 0.0867309 0.6733683 0.6791303 0.1769511 0.1377432 0.3122302 0.0042286 0.0062015 0.0890358 0.0744599 0.1944435 0.0789785 0.7086135 0.1135903 0.5975066 0.6194986 0.1428885 0.0543049 0.1415245 0.0513882 0.1385113 0.0085305 0.0096597 1.0789614 0.0027058 0.5999290 0.1281947 0.9740961 0.5910216 0.1318359 0.0097957 0.1611096 0.1212830 
Perityle_cordifolia_27                     0.2327919 0.3624124 0.2523603 0.6347819 0.2471412 0.3345937 0.6874486 0.5338492 0.6506920 0.2236983 0.2364616 0.6599428 0.2398143 0.1862523 0.4494365 0.6821493 0.7715795 0.4909497 0.2591951 0.6247155 0.5640314 0.2308350 0.4144745 0.2003892 0.2678872 0.1872330 0.0000000 0.1612098 0.2207166 0.2682052 0.1559608 0.6431753 0.7148738 0.6837378 0.6909777 0.6587272 0.6684163 0.7116749 0.2341676 0.6558248 0.2124196 0.2489042 0.2171833 0.2350654 0.6444441 0.2123826 0.1480771 0.5369256 0.2329502 0.6883576 0.2672855 0.1327417 0.1042680 0.6827545 0.7337645 0.2887093 0.0893300 0.3417628 0.1799601 0.1856189 0.0994286 0.0850343 0.1828717 0.0275777 0.7534643 0.2486330 0.6108906 0.7652539 0.2307325 0.0408580 0.1684277 0.1707012 0.2585831 0.1858270 0.2167784 1.3054106 0.0779158 0.7308838 0.2163280 1.1121443 0.6784976 0.1617592 0.2142102 0.2557955 0.1860540 
Perityle_cordifolia_68_tecolote            0.1585327 0.3439437 0.1725578 0.5994047 0.1585893 0.3282560 0.7477187 0.5137958 0.5975504 0.1702268 0.2406472 0.6066557 0.1622596 0.0914172 0.4859418 0.6073635 0.7482591 0.5884705 0.2391985 0.5720667 0.5451456 0.1532685 0.4119328 0.1246356 0.1810635 0.1339299 0.1612098 0.0000000 0.1825104 0.1921540 0.1473329 0.6096823 0.6431895 0.5975272 0.6301285 0.5942873 0.5605268 0.6487416 0.1613293 0.5673741 0.1403790 0.1802350 0.1554729 0.1537297 0.5630459 0.1958311 0.0696831 0.4123419 0.1537342 0.6118901 0.1838288 0.0646495 0.0590411 0.6653096 0.6941108 0.1707129 0.0207455 0.3256879 0.1518210 0.1475920 0.1162315 0.0813344 0.1561289 0.0381961 0.7059562 0.1761691 0.5978437 0.6371631 0.1715915 0.0360725 0.0590683 0.1437124 0.1853514 0.1432549 0.1473744 1.0707495 0.0836355 0.6101424 0.1991703 0.9929352 0.5906358 0.1531263 0.1380531 0.2153801 0.1362700 
Perityle_coronopifolia_28_patagonia        0.1433125 0.3324369 0.1837354 0.5710277 0.0732278 0.3340098 0.6169033 0.5422187 0.5643770 0.1593061 0.1993869 0.5639037 0.1119019 0.1463980 0.5126439 0.5797508 0.7484629 0.6013513 0.1843419 0.4976799 0.5530594 0.1197998 0.4326831 0.1297548 0.2439795 0.1111529 0.2207166 0.1825104 0.0000000 0.1506057 0.1302329 0.5529063 0.6189133 0.5297977 0.5978766 0.5264234 0.5318012 0.6427898 0.1317028 0.5305698 0.1189242 0.1977397 0.1153980 0.1213459 0.5146436 0.1354470 0.1613894 0.3632716 0.1318552 0.5634177 0.2186447 0.1866181 0.1240115 0.6682827 0.7154309 0.1739278 0.1330329 0.3133345 0.0973665 0.1111915 0.0595374 0.0664317 0.1587625 0.0707220 0.6798065 0.0553546 0.6082834 0.5919679 0.1473199 0.0586559 0.1568370 0.1225911 0.1399873 0.1096054 0.1280472 1.1602068 0.0709889 0.5641093 0.1187747 1.0358662 0.5303052 0.1072913 0.1035624 0.1871623 0.0982129 
Perityle_crassifolia_70_ventanas           0.1648302 0.3664194 0.1913968 0.5972681 0.1660907 0.3503539 0.5735699 0.5266933 0.6226376 0.1634343 0.2359365 0.5807135 0.1530547 0.1730218 0.4446422 0.5569020 0.7141651 0.4753940 0.2768989 0.5463130 0.5667639 0.1532941 0.4542816 0.1606609 0.1786613 0.1531554 0.2682052 0.1921540 0.1506057 0.0000000 0.0283511 0.6262495 0.5731885 0.5715878 0.5595811 0.5438907 0.5796854 0.5580880 0.1442055 0.5528007 0.1500004 0.1607293 0.1809274 0.1515261 0.5684950 0.1432669 0.1890858 0.3545306 0.1566740 0.5624814 0.1557833 0.1857339 0.1660337 0.5290683 0.7099270 0.1912497 0.1865351 0.3563323 0.1548754 0.1565206 0.1160789 0.1150164 0.2388890 0.1188276 0.5657069 0.1632091 0.5408400 0.5721836 0.1814640 0.1030468 0.1948911 0.1619932 0.0291477 0.1546622 0.1544721 1.2824344 0.1057993 0.5715851 0.1613107 3.2647164 0.5632052 0.1813663 0.1597700 0.1688983 0.1694959 
Perityle_crassifolia_74_playa_balandra     0.1557599 0.3713578 0.1906518 0.5208449 0.1345248 0.3651867 0.5247346 0.5192169 0.5599513 0.1355830 0.1900981 0.5211237 0.1078408 0.1253374 0.4527699 0.4740789 0.5718897 0.4822848 0.1472561 0.4681273 0.5736853 0.1103380 0.4122451 0.1264177 0.1364345 0.1078408 0.1559608 0.1473329 0.1302329 0.0283511 0.0000000 0.5295673 0.4960418 0.4719417 0.4937110 0.4776919 0.5023046 0.4907071 0.1165599 0.4645755 0.1078408 0.1265312 0.1602829 0.1078408 0.4879550 0.1134297 0.1627303 0.2928017 0.1128555 0.4791807 0.1238747 0.1527879 0.1297957 0.4953284 0.5720110 0.1530835 0.1552272 0.2781710 0.1128940 0.1104857 0.1146920 0.1082189 0.1770150 0.1310247 0.5157203 0.1328278 0.4981127 0.4959345 0.1670339 0.1082275 0.1611995 0.1192006 0.0139964 0.1101970 0.1125646 2.1911082 0.1060566 0.5023739 0.1337705 0.0000010 0.5010200 0.1797210 0.1179692 0.1542296 0.1468347 
Perityle_cuneata_34_cuneata_San_antonio    0.6149996 0.0965870 0.5797284 0.3145090 0.5952236 0.0816103 0.1764065 0.3271718 0.4027764 0.6318448 0.6223907 0.1424412 0.5990108 0.5890422 0.6190075 0.1363509 0.8660214 0.3279164 0.6721800 0.1378819 0.7902856 0.6099006 0.0944115 0.6365808 0.5993144 0.5990108 0.6431753 0.6096823 0.5529063 0.6262495 0.5295673 0.0000000 0.0850580 0.1376869 0.1292212 0.1113252 0.1418340 0.1327469 0.5616396 0.1319602 0.6022062 0.6353452 0.6020725 0.5990108 0.1439694 0.5253413 0.6190756 0.7248219 0.6082823 0.1448553 0.6204912 0.6070479 0.6035487 0.1295409 0.8522019 0.6344515 0.5796584 0.6229702 0.6001087 0.6044331 0.4240055 0.3737038 0.6069042 0.3210657 0.1434894 0.5761527 0.1306372 0.1561129 0.5962312 0.2374601 0.6156299 0.6250529 0.6316507 0.6021060 0.5992644 1.7146013 0.4519440 0.1509980 0.6085355 9.0000000 0.1396099 0.4776678 0.6068647 0.6177220 0.5966446 
Perityle_cuneata_4                         0.6312541 0.1192120 0.5950603 0.3545112 0.6360534 0.0854658 0.2730660 0.3275746 0.3604058 0.6183349 0.6812714 0.1142071 0.6253079 0.5854303 0.6764783 0.1439368 0.9280120 0.3090942 0.6363991 0.1278257 0.7969622 0.6292943 0.0960698 0.6532968 0.6194691 0.6553354 0.7148738 0.6431895 0.6189133 0.5731885 0.4960418 0.0850580 0.0000000 0.1273073 0.1415268 0.1197216 0.1133056 0.1403660 0.6046319 0.1187567 0.6603542 0.6567464 0.6518023 0.6223137 0.1286194 0.5817600 0.6524561 0.8199539 0.6435530 0.1595188 0.6531800 0.6172543 0.6077433 0.1436047 0.9157461 0.6607427 0.5585205 0.6357107 0.6415298 0.6583967 0.5135243 0.3701821 0.5885307 0.3124834 0.1463720 0.6148269 0.1500289 0.1980496 0.6434426 0.2445101 0.6062680 0.6481884 0.5764022 0.6623225 0.6549470 1.3967933 0.4131122 0.1873163 0.6473684 1.5157458 0.1242097 0.4744630 0.6540746 0.6592260 0.5533877 
Perityle_discoidea_81                      0.5921734 0.1088752 0.5672648 0.3758197 0.5800813 0.0925237 0.1593175 0.3590973 0.3395661 0.5875490 0.6025230 0.0911044 0.6042788 0.5611759 0.6305183 0.0919823 0.8357444 0.3484991 0.6259513 0.0950436 0.7246335 0.6092092 0.0910291 0.5983114 0.5795482 0.5986604 0.6837378 0.5975272 0.5297977 0.5715878 0.4719417 0.1376869 0.1273073 0.0000000 0.0804155 0.0813256 0.0899548 0.0876326 0.5381275 0.0972728 0.5993858 0.6052297 0.5906085 0.5955715 0.0963885 0.5055062 0.6115390 0.6831506 0.6093576 0.0962093 0.5956603 0.6019697 0.5685401 0.0945678 0.8534562 0.6260181 0.5262411 0.6288240 0.5997240 0.6039140 0.3625116 0.3635035 0.5804043 0.3174886 0.0978139 0.5553718 0.0975802 0.1608991 0.5792323 0.2503086 0.5955830 0.5946913 0.5786231 0.6021073 0.6025080 1.4361348 0.4057570 0.1562687 0.5898548 1.5378241 0.0937054 0.4339455 0.6097656 0.6046481 0.5382673 
Perityle_dissecta_201                      0.5874871 0.1107892 0.5869981 0.3552319 0.5769935 0.0825061 0.1577369 0.3475346 0.3638904 0.6251150 0.6545172 0.0245144 0.6199760 0.5620218 0.6307514 0.0398438 0.8149208 0.3837044 0.6376046 0.0296254 0.7236581 0.6187912 0.0418312 0.6313266 0.6495068 0.6201559 0.6909777 0.6301285 0.5978766 0.5595811 0.4937110 0.1292212 0.1415268 0.0804155 0.0000000 0.0655331 0.0469072 0.0941978 0.5766118 0.0429741 0.6208273 0.6577617 0.6169991 0.6085655 0.0528789 0.5580720 0.6343193 0.7245731 0.6242720 0.0545422 0.6522945 0.6215420 0.5688403 0.0633117 0.8204114 0.6480000 0.5403575 0.6357669 0.5813351 0.6163588 0.4355175 0.3608379 0.5981770 0.2997199 0.0359650 0.5910289 0.0662937 0.1877380 0.6026987 0.2441364 0.5880935 0.6253863 0.5649556 0.6229492 0.6249743 1.1901804 0.4164457 0.1590010 0.5957034 1.0614437 0.0312627 0.4797944 0.5894636 0.6285592 0.5459572 
Perityle_emoryi_47_punta_san_jose          0.5573378 0.0707960 0.5316521 0.3362414 0.5640624 0.0706294 0.1520554 0.3265300 0.3409890 0.5619570 0.6134299 0.0712170 0.5776383 0.5425817 0.6085747 0.0757346 0.8072672 0.3346460 0.6122885 0.0748251 0.7471230 0.5756632 0.0514594 0.5893815 0.5853847 0.5703107 0.6587272 0.5942873 0.5264234 0.5438907 0.4776919 0.1113252 0.1197216 0.0813256 0.0655331 0.0000000 0.0723111 0.0875504 0.5313240 0.0814487 0.5740330 0.5961660 0.5692807 0.5733182 0.0730011 0.5033892 0.5949741 0.6861187 0.5832115 0.0753089 0.5868616 0.5826403 0.5616709 0.0592827 0.8106619 0.6393085 0.5305741 0.6141555 0.5669967 0.5718208 0.4088198 0.3434806 0.5801938 0.2989482 0.0780080 0.5369008 0.0591158 0.1372685 0.5764818 0.2319669 0.5806431 0.5824952 0.5520460 0.5732351 0.5705166 1.3680619 0.3991412 0.1333798 0.5582409 1.2091319 0.0736243 0.4467756 0.5756299 0.6042446 0.5293107 
Perityle_feddemae_99                       0.5654720 0.1131491 0.5255811 0.3402240 0.5701882 0.0885321 0.1831517 0.3382961 0.3713416 0.5701342 0.6340448 0.0606747 0.5850571 0.5773659 0.5999792 0.0616867 0.8475021 0.4143184 0.6140639 0.0569407 0.7771716 0.5881806 0.0539484 0.5772171 0.5772573 0.5802325 0.6684163 0.5605268 0.5318012 0.5796854 0.5023046 0.1418340 0.1133056 0.0899548 0.0469072 0.0723111 0.0000000 0.0571041 0.5443297 0.0639964 0.5803097 0.5797380 0.5771496 0.5797379 0.0319165 0.5081294 0.5833774 0.7391674 0.5883020 0.0301010 0.5662311 0.5739759 0.5742024 0.0586323 0.8291801 0.6162631 0.5343702 0.6183136 0.5805794 0.5834807 0.4559403 0.3554090 0.5954913 0.2976592 0.0628882 0.5624183 0.0638255 0.1165964 0.5896141 0.2356177 0.5760952 0.5710881 0.5807001 0.5853183 0.5786944 1.3217289 0.4073114 0.1131941 0.5655846 1.2823378 0.0575602 0.4686650 0.5886118 0.5905371 0.5428725 
Perityle_fosteri_93                        0.5803826 0.1117994 0.6109357 0.3558665 0.5842206 0.0851701 0.2023400 0.3436555 0.3659388 0.6679569 0.6642032 0.0330861 0.6532909 0.5859511 0.4722561 0.0883206 0.5802153 0.4960869 0.6235581 0.0128380 0.7239743 0.6462856 0.0365694 0.6731239 0.6823162 0.6643278 0.7116749 0.6487416 0.6427898 0.5580880 0.4907071 0.1327469 0.1403660 0.0876326 0.0941978 0.0875504 0.0571041 0.0000000 0.6083738 0.0469882 0.6786804 0.5204350 0.6616547 0.6394823 0.0572302 0.5949580 0.6877104 0.6830814 0.6869170 0.1050359 0.4796946 0.6660178 0.5809644 0.1615127 0.5865566 0.6542835 0.5477762 0.6302948 0.5966866 0.6789612 0.4477646 0.3608379 0.6462402 0.3065488 0.1623003 0.6141504 0.1469591 0.2250399 0.6308190 0.2505963 0.6028379 0.6783581 0.5557318 0.6853256 0.6546868 0.5658192 0.4178127 0.1864629 0.6469386 0.6154436 0.0378915 0.4710207 0.6140646 0.7016453 0.5450614 
Perityle_gamon_221                         0.1600893 0.3452729 0.1719594 0.5865120 0.1182344 0.3355363 0.6193987 0.5503511 0.5754573 0.1520213 0.2216114 0.5527654 0.0997786 0.1372247 0.5139665 0.5800978 0.7914679 0.5735772 0.2443903 0.5286651 0.5790107 0.1068649 0.4228894 0.1221958 0.2089315 0.1105697 0.2341676 0.1613293 0.1317028 0.1442055 0.1165599 0.5616396 0.6046319 0.5381275 0.5766118 0.5313240 0.5443297 0.6083738 0.0000000 0.5452587 0.1131377 0.1857587 0.1367023 0.1046904 0.5236224 0.0090208 0.1544038 0.3571390 0.1211086 0.5658152 0.1741003 0.1604808 0.1311995 0.6388542 0.7495302 0.1792779 0.1565759 0.3539808 0.1005968 0.1084526 0.0828990 0.0769169 0.2058738 0.0900939 0.6562340 0.1277126 0.5779673 0.5777871 0.1475663 0.0875856 0.1476683 0.1173931 0.1341005 0.1121565 0.1195771 1.1150081 0.0656323 0.5567761 0.1448342 1.0444266 0.5445550 0.1352340 0.1108160 0.1856935 0.1318440 
Perityle_gentryi_8_san_francisco           0.5662230 0.1047588 0.5427452 0.3192656 0.5626534 0.0900002 0.2077899 0.2370896 0.3899408 0.5727832 0.6009615 0.0466141 0.5907830 0.5671173 0.6177230 0.0135644 0.8326101 0.3197603 0.6003214 0.0581133 0.7150476 0.5808510 0.0781281 0.5758360 0.5745159 0.5847350 0.6558248 0.5673741 0.5305698 0.5528007 0.4645755 0.1319602 0.1187567 0.0972728 0.0429741 0.0814487 0.0639964 0.0469882 0.5452587 0.0000000 0.5848129 0.5845448 0.5535271 0.5842340 0.0625339 0.5195819 0.5841290 0.7547806 0.5875829 0.0622661 0.5761558 0.5758708 0.5586551 0.0556104 0.8420358 0.6158431 0.5324694 0.5631674 0.5798570 0.5827602 0.4511675 0.3555320 0.5796410 0.2749562 0.0525166 0.5479805 0.0577575 0.1433144 0.5962731 0.2437622 0.5676166 0.5751516 0.5562860 0.5898498 0.5819087 1.3419409 0.3835834 0.1392024 0.5562662 1.2865518 0.0548103 0.4804113 0.5871787 0.5904503 0.5236461 
Perityle_gilensis_22_Superstition          0.1268377 0.3510319 0.1449784 0.5807348 0.0993387 0.3517780 0.6540456 0.5896490 0.6132544 0.1335086 0.2095593 0.6050975 0.0063829 0.0943723 0.4649174 0.6278325 0.7367451 0.5857575 0.2346097 0.5615464 0.5442379 0.0070430 0.4549764 0.0502302 0.2033918 0.0051736 0.2124196 0.1403790 0.1189242 0.1500004 0.1078408 0.6022062 0.6603542 0.5993858 0.6208273 0.5740330 0.5803097 0.6786804 0.1131377 0.5848129 0.0000000 0.1272972 0.1427086 0.0060004 0.5520451 0.1196347 0.1278052 0.2594834 0.0070995 0.5996176 0.1389383 0.1465310 0.0866674 0.6771703 0.6876880 0.1768894 0.1395994 0.3122302 0.0038083 0.0057230 0.0990755 0.0744599 0.1895929 0.0789785 0.7100142 0.1136001 0.6144611 0.6208894 0.1527906 0.0543049 0.1427719 0.0500148 0.1353786 0.0066884 0.0131985 1.0703769 0.0027058 0.6031335 0.1448216 0.9914439 0.5917169 0.1318359 0.0092975 0.1682416 0.1178511 
Perityle_gilensis_salensis_225             0.1326376 0.3556997 0.2095153 0.6146163 0.1241355 0.3518312 0.6639319 0.5726321 0.6191851 0.2235091 0.2558261 0.6169751 0.0866733 0.1170155 0.3976896 0.6377891 0.4744240 0.5649744 0.2284858 0.5724545 0.5507522 0.0897382 0.4549484 0.1654367 0.2361329 0.0981441 0.2489042 0.1802350 0.1977397 0.1607293 0.1265312 0.6353452 0.6567464 0.6052297 0.6577617 0.5961660 0.5797380 0.5204350 0.1857587 0.5845448 0.1272972 0.0000000 0.2472392 0.0846360 0.5705470 0.2196462 0.1951526 0.2966644 0.1451305 0.6396954 0.1182628 0.1959641 0.0685001 0.7211031 0.4594104 0.1798795 0.1169618 0.3234550 0.0524869 0.1764346 0.1269583 0.0745915 0.2303235 0.0675772 0.7646345 0.1636198 0.6741270 0.6516557 0.1925439 0.0543012 0.1251713 0.1948896 0.1475367 0.1200300 0.0915070 0.3802209 0.0331831 0.6153507 0.3216349 0.6270567 0.6071174 0.1534139 0.0624645 0.2516605 0.1051787 
Perityle_glaucescens_94                    0.1593826 0.3647138 0.1716660 0.5815955 0.1054480 0.3254999 0.6701991 0.5769564 0.6237615 0.1575977 0.2268732 0.5905146 0.1305828 0.1448834 0.4996779 0.5910445 0.7597259 0.6321200 0.2460663 0.5549266 0.5785780 0.1311991 0.4559967 0.1473811 0.2394986 0.1276336 0.2171833 0.1554729 0.1153980 0.1809274 0.1602829 0.6020725 0.6518023 0.5906085 0.6169991 0.5692807 0.5771496 0.6616547 0.1367023 0.5535271 0.1427086 0.2472392 0.0000000 0.1315662 0.5506019 0.1383448 0.1590587 0.3890717 0.1454649 0.5966172 0.2592119 0.1691870 0.1326534 0.6716516 0.7384728 0.1659678 0.1394242 0.3532120 0.1239409 0.1334650 0.0744870 0.0759718 0.1838849 0.0767567 0.6906181 0.1157170 0.6080711 0.6129735 0.1485460 0.0639668 0.1546288 0.1379360 0.1754790 0.1318368 0.1423512 1.1319876 0.0884810 0.5952471 0.0726643 1.1075620 0.5794470 0.1416509 0.1353066 0.1904297 0.1546599 
Perityle_gracilis_11                       0.1267596 0.3510319 0.1389917 0.5808893 0.0970894 0.3517780 0.6048268 0.5962225 0.6176399 0.1368732 0.2199374 0.6026611 0.0063884 0.0932458 0.4341135 0.6130073 0.7085769 0.4597502 0.2345081 0.5650197 0.5485840 0.0071330 0.4501770 0.0509874 0.1590792 0.0029955 0.2350654 0.1537297 0.1213459 0.1515261 0.1078408 0.5990108 0.6223137 0.5955715 0.6085655 0.5733182 0.5797379 0.6394823 0.1046904 0.5842340 0.0060004 0.0846360 0.1315662 0.0000000 0.5514220 0.1062982 0.1384434 0.2201774 0.0070243 0.5868165 0.0911203 0.1321618 0.0913214 0.6028581 0.6737048 0.1740501 0.1377432 0.3095491 0.0032247 0.0060090 0.0813124 0.0744599 0.1908605 0.0789785 0.6370079 0.1048837 0.5905170 0.6191678 0.1464225 0.0543049 0.1425580 0.0509059 0.1368979 0.0070056 0.0080177 1.1136560 0.0027058 0.6023775 0.1362254 1.0366308 0.5880269 0.1318359 0.0125867 0.1447265 0.1195209 
