83
Amauria_brandeegeana_62                    0.0000000 0.1059517 0.1263617 0.3873403 0.2700487 0.4221427 0.2278180 0.4276159 0.2875461 0.3573774 0.1520841 0.1381790 0.2100692 0.1300544 0.2836377 0.2565715 0.2618440 0.2244492 0.1419971 0.1300376 0.1716843 0.1402176 0.2133989 0.6098940 0.2249640 0.4334637 0.1406028 0.4276658 0.1185971 0.1212728 0.1565718 0.2058437 0.3816075 0.2490026 0.2477765 0.4174284 0.1151244 0.2981752 0.1413876 0.1857056 0.3337994 0.4733959 0.0997899 0.2644310 0.4363700 0.1929834 0.1814733 0.3905168 0.1802301 0.1474757 0.1689348 0.3662955 0.2816497 0.2317394 0.1391504 0.2475099 0.1063573 0.0960376 0.3706734 0.2615344 0.1903784 0.2179325 0.3514803 0.2650504 0.2348600 0.2726754 0.2074354 0.1751496 0.2265289 0.1106917 0.2674310 0.3233453 0.1623397 0.1638583 0.3560520 0.3813054 0.0876517 0.2292609 0.2538823 0.2337811 0.2013419 0.1290900 0.2498243 
Amauria_carterae_99_mesa                   0.1059517 0.0000000 0.1034214 0.2477064 0.2497614 0.2481759 0.1690518 0.3102190 0.2940820 0.2278625 0.1405852 0.1406636 0.1996347 0.1557512 0.1846246 0.1605126 0.1465614 0.2341400 0.1907633 0.1707923 0.1447544 0.1312088 0.1745598 0.2764777 0.1408260 0.2606793 0.1357115 0.2800638 0.1469473 0.0986921 0.1730907 0.1467407 0.2997979 0.1433169 0.2404903 0.2730771 0.1386942 0.2352108 0.1422402 0.1672348 0.1676916 0.2977996 0.1456814 0.2576910 0.2602482 0.1399490 0.1473948 0.2948107 0.1714280 0.1401441 0.1383238 0.2557467 0.1405852 0.2150905 0.1363717 0.2386259 0.1533922 0.1372613 0.2832712 0.2193975 0.1657599 0.1495342 0.2741974 0.2656078 0.2313506 0.1456044 0.2092696 0.1452277 0.1580563 0.1353893 0.1449583 0.1581322 0.1329114 0.1555933 0.2732872 0.2378544 0.1411558 0.1405852 0.2033887 0.1347110 0.1382048 0.1827697 0.2367535 
Amauria_rotundifolia_SRR9119150            0.1263617 0.1034214 0.0000000 0.4062086 0.2483331 0.3948759 0.2171026 0.3088515 0.3069177 0.2459392 0.1245670 0.1120924 0.2108379 0.1446496 0.3266764 0.1363109 0.1355853 0.2166750 0.1653881 0.1432043 0.1246603 0.1387705 0.1299791 0.5176118 0.1144199 0.2717122 0.1112949 0.3046619 0.1364814 0.1125308 0.1728307 0.1236860 0.3915156 0.1237418 0.2433310 0.3303480 0.1222525 0.2786616 0.1266982 0.1228805 0.2687618 0.3847517 0.1296690 0.2553287 0.3071798 0.1158841 0.1098684 0.3088890 0.1422642 0.1124298 0.1149094 0.2686959 0.1091441 0.2311879 0.1319671 0.2485855 0.1244207 0.1119770 0.3632297 0.2442586 0.1576797 0.1156468 0.3126699 0.2625391 0.2201189 0.1240496 0.2155124 0.1318352 0.1223599 0.1257663 0.1243328 0.3372391 0.1115026 0.1761676 0.2830317 0.2392960 0.1093008 0.1174064 0.2264787 0.1138579 0.1239669 0.1556110 0.2349746 
Conoclinium_coelestinum_SRR9119114         0.3873403 0.2477064 0.4062086 0.0000000 0.3072421 0.3658191 0.2553356 0.4775828 0.5314172 0.3209554 0.5173232 0.5021198 0.3481775 0.3424836 0.4844515 0.5139865 0.5021027 0.3407308 0.5213971 0.4537771 0.5357304 0.2468922 0.5044688 0.6844409 0.5172455 0.2837329 0.5192903 0.3390589 0.4221430 0.2588026 0.5085937 0.4504422 0.5577309 0.5152246 0.2570311 0.2862354 0.5095867 0.3670982 0.5160334 0.4974458 0.5437645 0.3075808 0.4857685 0.3005786 0.3235682 0.5037893 0.5156860 0.3005786 0.4981592 0.5088419 0.5202755 0.2905488 0.5134323 0.3178317 0.4364527 0.2416693 0.5174705 0.5046576 0.2755829 0.3370087 0.1601864 0.5123384 0.3956305 0.2918241 0.3761634 0.4855106 0.3301390 0.5228919 0.4996265 0.4456699 0.5157885 0.5385041 0.5060371 0.2012011 0.3203664 0.3349104 0.5209363 0.5034274 0.1823769 0.5045860 0.4270286 0.3064918 0.3357355 
Eutetras_palmeri_63                        0.2700487 0.2497614 0.2483331 0.3072421 0.0000000 0.3046435 0.2655207 0.3044743 0.6649057 0.0573296 0.4228388 0.4154326 0.1719247 0.1681865 0.4909502 0.4277618 0.3165955 0.0603179 0.4117819 0.2937110 0.3533955 0.2616124 0.4115966 0.6953627 0.4151366 0.1330061 0.3887952 0.0646547 0.3030036 0.2787578 0.3932042 0.3491564 0.6567427 0.3942512 0.1324965 0.0828864 0.3551789 0.1461460 0.3612442 0.4005167 0.5033568 0.0767310 0.4054350 0.0641770 0.0646221 0.4017314 0.4067373 0.0679404 0.3884736 0.4045948 0.4074877 0.1529407 0.4133716 0.0701052 0.3276844 0.1120864 0.4063538 0.4284191 0.0889251 0.0618078 0.1169263 0.4115289 0.1784251 0.1575939 0.1327871 0.3872966 0.3965333 0.4029402 0.4157408 0.3123943 0.3979835 0.4744221 0.3819499 0.2581404 0.0701152 0.0722871 0.4100553 0.4242761 0.0387624 0.4112685 0.3755585 0.2522956 0.0664674 
Eutrochium_fistulosum_SRR9119106           0.4221427 0.2481759 0.3948759 0.3658191 0.3046435 0.0000000 0.2600437 0.4224458 0.6421700 0.2984786 0.5514052 0.5410050 0.2962395 0.3703429 0.5337960 0.5634720 0.5525497 0.2920131 0.5768580 0.4905900 0.5628812 0.2558542 0.5710841 0.7075248 0.5441692 0.2980270 0.5716568 0.3264837 0.4572919 0.2897872 0.5439960 0.4818220 0.6552446 0.5518331 0.2914235 0.3136323 0.5275838 0.3224135 0.5387208 0.5631119 0.5783129 0.3135378 0.5311420 0.3052784 0.3353015 0.5415718 0.5408111 0.3071441 0.5605725 0.5407328 0.5352040 0.2984643 0.5412663 0.2896318 0.4197727 0.1831899 0.5419289 0.5448868 0.2876617 0.3270404 0.1088516 0.5538929 0.3381411 0.2995969 0.3372085 0.4887703 0.4059610 0.5400178 0.5682031 0.5010249 0.5335442 0.5020982 0.5326532 0.2591204 0.3055769 0.3437976 0.5481606 0.5394214 0.1617349 0.5367068 0.4886618 0.3114010 0.2877185 
Galeana_pratensis_104_mex                  0.2278180 0.1690518 0.2171026 0.2553356 0.2655207 0.2600437 0.0000000 0.2907503 0.3237960 0.2822977 0.3144370 0.3067272 0.2908668 0.1616454 0.2839909 0.3084939 0.3124444 0.2778582 0.3159309 0.2889378 0.3103256 0.2020449 0.3258022 0.3396796 0.3028111 0.2761286 0.3175318 0.2916091 0.3027660 0.2400032 0.2827231 0.2858919 0.3182038 0.3057172 0.2562484 0.2612575 0.3023495 0.2695997 0.3050614 0.3276145 0.3330485 0.2836382 0.2924609 0.2871478 0.2483150 0.3195389 0.3083801 0.2871478 0.3201824 0.3116993 0.2964962 0.2865984 0.3059839 0.2734836 0.2909025 0.2474869 0.3048562 0.2867761 0.2528119 0.2982453 0.1954531 0.3142770 0.3044051 0.2806885 0.2862153 0.3490213 0.2614636 0.2944670 0.3024697 0.2954810 0.2993208 0.3213599 0.2856052 0.1481389 0.2794966 0.2824758 0.3120984 0.3065521 0.2443131 0.3058683 0.3028712 0.2329457 0.2791835 
Helianthus_annuus_SRR9119062               0.4276159 0.3102190 0.3088515 0.4775828 0.3044743 0.4224458 0.2907503 0.0000000 0.5991035 0.2810644 0.4406282 0.4258512 0.1925292 0.2181931 0.4834071 0.4630041 0.3815984 0.2834442 0.4543793 0.3711930 0.3964406 0.3130851 0.4301598 0.6862417 0.4455192 0.3384116 0.4194999 0.3138057 0.3580537 0.3312260 0.4222809 0.3961534 0.6123490 0.4221661 0.2797009 0.3575469 0.4303235 0.3546557 0.4161866 0.4262386 0.5442656 0.3454703 0.4310868 0.3089345 0.3262273 0.4330879 0.4151566 0.3685518 0.4427477 0.4232259 0.4202730 0.3565831 0.4299768 0.3189459 0.4025614 0.1655634 0.4388177 0.4270182 0.3319498 0.3150750 0.1244087 0.4212245 0.3681668 0.3018177 0.3569026 0.5047121 0.3544544 0.4375664 0.4449018 0.4232830 0.4157880 0.5521106 0.4108997 0.2250501 0.3438269 0.3196317 0.4391256 0.4677920 0.2299194 0.4226614 0.4057494 0.3479705 0.2734476 
Lycapsus_tenuifolius_17                    0.2875461 0.2940820 0.3069177 0.5314172 0.6649057 0.6421700 0.3237960 0.5991035 0.0000000 0.5545008 0.2519274 0.2277307 0.5303299 0.4563908 0.3802886 0.2521698 0.2963328 0.5780609 0.3245736 0.3714096 0.3248516 0.1935195 0.2409429 0.3807038 0.2525586 0.6728005 0.2860300 0.6794761 0.2992258 0.1260234 0.3072170 0.2307184 0.0058008 0.2765805 0.7010926 0.6798294 0.2891301 0.7517848 0.3220228 0.2537853 0.2843056 0.6862756 0.2905853 0.6345771 0.6859397 0.2707363 0.2331881 0.6742450 0.2930110 0.2369819 0.2625963 0.6761245 0.2458808 0.6588164 0.3279221 0.5559426 0.2686290 0.2362519 0.6906081 0.6266327 0.3511544 0.2307110 0.7546773 0.6688137 0.6720485 0.2535416 0.3044104 0.2720013 0.2426648 0.2844382 0.2864121 0.3880989 0.2692251 0.2262293 0.6621121 0.6887987 0.2304448 0.2574429 0.4677298 0.2463467 0.2160813 0.3490834 0.5906303 
Pericome_caudata_50_silver                 0.3573774 0.2278625 0.2459392 0.3209554 0.0573296 0.2984786 0.2822977 0.2810644 0.5545008 0.0000000 0.3583476 0.3368727 0.1814303 0.2004771 0.3706351 0.3531416 0.3096304 0.0852296 0.3979828 0.3189827 0.3417615 0.2687802 0.3456213 0.7103322 0.3824419 0.1925813 0.3697978 0.0718776 0.2995091 0.2810503 0.3577668 0.2854972 0.5699888 0.3270907 0.1490228 0.1046398 0.3248541 0.0787164 0.3542987 0.3513939 0.5160023 0.0858545 0.3429980 0.0854966 0.0771889 0.3306358 0.3232993 0.1115924 0.3544641 0.3358915 0.3320286 0.1980339 0.3971512 0.0783438 0.3529985 0.1351343 0.3300036 0.3439627 0.0905022 0.0789082 0.1161050 0.3356131 0.0955614 0.1722894 0.0956581 0.3209404 0.3937514 0.3392379 0.3473839 0.3001201 0.3321102 0.4804767 0.3302156 0.2710586 0.0782920 0.0868023 0.3306486 0.3863199 0.0514199 0.3375341 0.2990259 0.2801631 0.0778480 
Perityle_aglossa_84_dead_horse             0.1520841 0.1405852 0.1245670 0.5173232 0.4228388 0.5514052 0.3144370 0.4406282 0.2519274 0.3583476 0.0000000 0.0458194 0.2439634 0.1323008 0.1229437 0.1256087 0.1448036 0.3232564 0.1387512 0.1241311 0.0626849 0.1220475 0.0904868 0.3399030 0.0448288 0.4404667 0.1406758 0.4495341 0.1048996 0.0639533 0.1155876 0.1000118 0.2876770 0.0604950 0.4440972 0.4337281 0.0356218 0.4591155 0.0505605 0.0930978 0.1615377 0.4517268 0.0448239 0.3955053 0.4403354 0.0453975 0.0453712 0.4442906 0.1000629 0.0602640 0.0430458 0.4413876 0.0314239 0.4086412 0.1368632 0.2966979 0.0504685 0.0518387 0.5111636 0.4087459 0.1745668 0.0242297 0.5109076 0.4397870 0.4191703 0.1440412 0.1829890 0.0562388 0.1090873 0.1069477 0.0502525 0.2322043 0.0369774 0.0905544 0.4476781 0.4068740 0.0443631 0.0212155 0.3600122 0.0418256 0.1071780 0.1225478 0.3320456 
Perityle_ajoensis_204                      0.1381790 0.1406636 0.1120924 0.5021198 0.4154326 0.5410050 0.3067272 0.4258512 0.2277307 0.3368727 0.0458194 0.0000000 0.2283040 0.1352102 0.1458575 0.1189084 0.1351756 0.3120969 0.1323954 0.1205738 0.0598733 0.1228045 0.0719227 0.3439274 0.0113248 0.4222132 0.1233092 0.4451230 0.1031716 0.0674065 0.1364240 0.0905670 0.2761404 0.0512039 0.4262039 0.4367404 0.0372230 0.4590362 0.0474494 0.0722512 0.1558301 0.4583801 0.0363582 0.3903451 0.4412333 0.0379464 0.0334117 0.4465211 0.0799124 0.0459533 0.0427892 0.4248510 0.0342401 0.4138846 0.1262659 0.2877354 0.0402103 0.0205553 0.5156613 0.4014794 0.1669300 0.0443269 0.4943968 0.4239273 0.4035120 0.1322548 0.1970620 0.0590665 0.0950945 0.0981637 0.0254829 0.1960761 0.0368672 0.1023120 0.4440908 0.3964220 0.0361618 0.0490304 0.3637890 0.0279886 0.0941305 0.1259080 0.3395320 
Perityle_ambrosiifolia_67_green            0.2100692 0.1996347 0.2108379 0.3481775 0.1719247 0.2962395 0.2908668 0.1925292 0.5303299 0.1814303 0.2439634 0.2283040 0.0000000 0.1929309 0.2502434 0.2507267 0.2535554 0.1847602 0.2734308 0.2563253 0.2493014 0.2689534 0.2597119 0.5608814 0.2311458 0.0456890 0.2459526 0.1987429 0.2321760 0.2337757 0.2612869 0.2387114 0.5420815 0.2377300 0.0609431 0.2116146 0.2357193 0.1966460 0.2509266 0.2498608 0.3092856 0.2074090 0.2353396 0.2077430 0.1959754 0.2363468 0.2269830 0.2051182 0.2577776 0.2286806 0.2316123 0.0477798 0.2353517 0.1872732 0.2501545 0.0536771 0.2269830 0.2388056 0.2002179 0.1773853 0.0205996 0.2389653 0.1988976 0.0439057 0.1864190 0.2615477 0.3538986 0.2382652 0.2633304 0.2530903 0.2255917 0.3629509 0.2364349 0.2591937 0.1941796 0.1993232 0.2363208 0.2305226 0.1521251 0.2278200 0.2497597 0.2954778 0.1947880 
Perityle_angustifolia_13_Eagle_creek       0.1300544 0.1557512 0.1446496 0.3424836 0.1681865 0.3703429 0.1616454 0.2181931 0.4563908 0.2004771 0.1323008 0.1352102 0.1929309 0.0000000 0.1349224 0.0265858 0.0996657 0.1945260 0.0421891 0.0231160 0.1086197 0.0472638 0.0545198 0.4532189 0.1353521 0.1797542 0.1221992 0.1787608 0.1336007 0.0827357 0.1228932 0.1243405 0.4803609 0.1385105 0.1935116 0.1984922 0.1245485 0.1923935 0.1426420 0.0495704 0.1115296 0.2060776 0.1265080 0.1970187 0.1857673 0.1219189 0.1277890 0.1940264 0.0495115 0.1035962 0.1277890 0.1917018 0.1269497 0.1845510 0.1391774 0.1869116 0.1277890 0.1118840 0.2212318 0.1832524 0.1941224 0.1351525 0.1789186 0.1922375 0.1842223 0.1507700 0.2059056 0.1087016 0.0357391 0.1246500 0.1351859 0.3228410 0.1300599 0.1890419 0.1902292 0.2022566 0.1296706 0.1269906 0.1739998 0.1321493 0.1356153 0.1466525 0.2008658 
Perityle_batopilensis_97                   0.2836377 0.1846246 0.3266764 0.4844515 0.4909502 0.5337960 0.2839909 0.4834071 0.3802886 0.3706351 0.1229437 0.1458575 0.2502434 0.1349224 0.0000000 0.2381874 0.1439573 0.3477803 0.1417234 0.1296385 0.0538567 0.1195572 0.2389703 0.2431079 0.1040662 0.5073949 0.2812636 0.5484766 0.0952328 0.0595591 0.2902018 0.2034220 0.3567155 0.0500529 0.4599980 0.5538242 0.0434569 0.5293491 0.0082274 0.1818538 0.1649570 0.6136554 0.0487769 0.4252224 0.5553729 0.0805693 0.1731165 0.5548456 0.1027543 0.1612423 0.0960891 0.4929440 0.1089770 0.4412549 0.1309843 0.2888654 0.1040366 0.1470915 0.6005129 0.4505343 0.1670515 0.1961167 0.6042147 0.5089291 0.4346719 0.2859898 0.1882123 0.0863780 0.2641840 0.0968365 0.0557605 0.1621132 0.1104900 0.0988018 0.5264323 0.4465075 0.1863078 0.1014213 0.3657690 0.0936267 0.2078211 0.1233848 0.3558655 
Perityle_bisetosa_9                        0.2565715 0.1605126 0.1363109 0.5139865 0.4277618 0.5634720 0.3084939 0.4630041 0.2521698 0.3531416 0.1256087 0.1189084 0.2507267 0.0265858 0.2381874 0.0000000 0.1186644 0.3242696 0.0272959 0.0134800 0.0943348 0.0270999 0.0821793 0.4457740 0.1473842 0.4595404 0.1305116 0.4282055 0.1262422 0.0967544 0.1387470 0.1162085 0.3001819 0.1010983 0.4745382 0.4559226 0.1212247 0.4950052 0.1288670 0.0703791 0.2246797 0.4552830 0.1187836 0.4131136 0.4494956 0.1131610 0.1156842 0.4946374 0.0745691 0.0931930 0.1122091 0.4700817 0.2238683 0.4378649 0.1441439 0.3092498 0.1230202 0.1018982 0.5611992 0.4260727 0.2006501 0.1121235 0.5125710 0.4455575 0.4225897 0.1392895 0.2640879 0.0958665 0.0500789 0.1167411 0.1180255 0.2881431 0.1174349 0.1775927 0.4503870 0.4176014 0.1235053 0.1649471 0.4012832 0.1209956 0.1202881 0.1528193 0.3617220 
Perityle_californica_76_positas            0.2618440 0.1465614 0.1355853 0.5021027 0.3165955 0.5525497 0.3124444 0.3815984 0.2963328 0.3096304 0.1448036 0.1351756 0.2535554 0.0996657 0.1439573 0.1186644 0.0000000 0.3218133 0.1173330 0.1032994 0.1257744 0.1035602 0.1393047 0.4078465 0.1700785 0.3951442 0.1429543 0.3254270 0.1332582 0.1156961 0.1158237 0.1308356 0.2965708 0.1377256 0.3551689 0.3388911 0.1390199 0.3332947 0.1536144 0.1282207 0.2777446 0.3590146 0.1439308 0.3705210 0.3274530 0.1225905 0.1340294 0.4154028 0.1386046 0.1289155 0.1236040 0.4074685 0.1348255 0.3129081 0.1661557 0.3186270 0.1510927 0.1267352 0.3609164 0.3357612 0.1391791 0.1260101 0.3387589 0.3726006 0.3151159 0.1268999 0.2080755 0.1354172 0.1154726 0.1414010 0.1310084 0.2966074 0.1297027 0.1138375 0.3319117 0.3272026 0.1476229 0.1964248 0.3741405 0.1256600 0.1394714 0.1265524 0.3328854 
Perityle_canescens_77                      0.2244492 0.2341400 0.2166750 0.3407308 0.0603179 0.2920131 0.2778582 0.2834442 0.5780609 0.0852296 0.3232564 0.3120969 0.1847602 0.1945260 0.3477803 0.3242696 0.3218133 0.0000000 0.3664004 0.3130854 0.3052900 0.2726214 0.3209840 0.6237652 0.3079837 0.1495500 0.3036856 0.0843617 0.2773636 0.2894798 0.3194685 0.2562727 0.5811017 0.3172621 0.1554380 0.0882344 0.2957178 0.0762825 0.3205864 0.3192239 0.4134469 0.0985651 0.3200672 0.0938035 0.0775730 0.3063003 0.3003869 0.0922247 0.3197452 0.3017716 0.3073424 0.1582868 0.3053162 0.0715489 0.3232556 0.1426227 0.3009833 0.3165107 0.0985977 0.0860168 0.1342715 0.3020038 0.0857868 0.1656647 0.0795224 0.3161286 0.4010719 0.3030749 0.3213033 0.2775195 0.3050194 0.4908582 0.2934659 0.2851464 0.0762379 0.0831920 0.3041695 0.3121200 0.0830621 0.3114155 0.2749640 0.2601898 0.0822451 
Perityle_castillonii_96                    0.1419971 0.1907633 0.1653881 0.5213971 0.4117819 0.5768580 0.3159309 0.4543793 0.3245736 0.3979828 0.1387512 0.1323954 0.2734308 0.0421891 0.1417234 0.0272959 0.1173330 0.3664004 0.0000000 0.0306435 0.1211978 0.0456733 0.0844474 0.3204680 0.1319382 0.4228462 0.1493888 0.4167589 0.1365790 0.1025398 0.1256184 0.1317338 0.3301579 0.1280544 0.4452002 0.4232542 0.1304077 0.4340844 0.1437972 0.0788959 0.1149920 0.4493427 0.1381900 0.4406518 0.4281367 0.1306000 0.1359724 0.4387824 0.0808325 0.1185480 0.1357574 0.4351634 0.1283417 0.4201594 0.1675110 0.3306580 0.1377864 0.1200290 0.4722417 0.4385348 0.2209959 0.1389904 0.4383508 0.4407316 0.4153261 0.1436334 0.2768420 0.1218436 0.0348024 0.1335867 0.1352728 0.2536623 0.1355920 0.1820990 0.4202309 0.4198545 0.1338047 0.1388807 0.4270039 0.1332373 0.1354974 0.1734065 0.3828424 
Perityle_cernua_84                         0.1300376 0.1707923 0.1432043 0.4537771 0.2937110 0.4905900 0.2889378 0.3711930 0.3714096 0.3189827 0.1241311 0.1205738 0.2563253 0.0231160 0.1296385 0.0134800 0.1032994 0.3130854 0.0306435 0.0000000 0.1062924 0.0271342 0.0724639 0.3435999 0.1206692 0.3222354 0.1245683 0.3121577 0.1299965 0.0958682 0.1125628 0.1139856 0.3764051 0.1279879 0.3355853 0.3098408 0.1208555 0.3196919 0.1323558 0.0666623 0.1082095 0.3299912 0.1320729 0.3245810 0.3186377 0.1228396 0.1293520 0.3219021 0.0684087 0.1047626 0.1211655 0.3304597 0.1184640 0.3091760 0.1455475 0.3099535 0.1314846 0.1069428 0.3585694 0.3354122 0.2092019 0.1245805 0.3148580 0.3322626 0.3012860 0.1327346 0.2618525 0.1088104 0.0238332 0.1203164 0.1226470 0.2418180 0.1189925 0.1776619 0.3068938 0.3182319 0.1285819 0.1205894 0.3579876 0.1241750 0.1220857 0.1602695 0.3284221 
Perityle_cfvillosa_25_tin                  0.1716843 0.1447544 0.1246603 0.5357304 0.3533955 0.5628812 0.3103256 0.3964406 0.3248516 0.3417615 0.0626849 0.0598733 0.2493014 0.1086197 0.0538567 0.0943348 0.1257744 0.3052900 0.1211978 0.1062924 0.0000000 0.1254283 0.0796188 0.3658777 0.0711949 0.3916043 0.1206034 0.3672995 0.0978618 0.0640024 0.1168023 0.0980439 0.3471070 0.0560118 0.3998200 0.3634533 0.0490044 0.3626861 0.0670337 0.0725128 0.1999328 0.3887430 0.0556274 0.3880602 0.3587992 0.0581733 0.0641603 0.4106116 0.0771299 0.0340050 0.0509909 0.4099399 0.0474473 0.3763375 0.1323597 0.3078416 0.0668819 0.0415967 0.4108062 0.3730092 0.1864557 0.0511246 0.3905018 0.3878844 0.3654673 0.1511147 0.1833369 0.0315731 0.0970900 0.0977572 0.0663207 0.2341577 0.0520101 0.0830842 0.3704500 0.3537386 0.0601768 0.0770716 0.3664502 0.0461126 0.0980983 0.1279024 0.3308510 
Perityle_cinerea_113_Powell1310            0.1402176 0.1312088 0.1387705 0.2468922 0.2616124 0.2558542 0.2020449 0.3130851 0.1935195 0.2687802 0.1220475 0.1228045 0.2689534 0.0472638 0.1195572 0.0270999 0.1035602 0.2726214 0.0456733 0.0271342 0.1254283 0.0000000 0.1024092 0.1239447 0.1192921 0.2899452 0.1160031 0.2801395 0.1050369 0.0987944 0.1149345 0.1119535 0.1895741 0.1191862 0.2945205 0.2619584 0.1118351 0.2825983 0.1265414 0.0984473 0.0984473 0.2963513 0.1270443 0.2923239 0.2818694 0.1156437 0.1270443 0.2923239 0.0984473 0.1189711 0.1159599 0.2997688 0.1151557 0.2831609 0.1198565 0.2942164 0.1270443 0.1157966 0.2924697 0.2933031 0.1562346 0.1222728 0.2801395 0.2967958 0.2688849 0.0962605 0.1993541 0.1084781 0.0366275 0.1086213 0.1192921 0.1123501 0.1091607 0.1449686 0.2731880 0.2861840 0.1155567 0.1151855 0.2672756 0.1187686 0.1186483 0.1529596 0.2841704 
Perityle_coahuilensis_24                   0.2133989 0.1745598 0.1299791 0.5044688 0.4115966 0.5710841 0.3258022 0.4301598 0.2409429 0.3456213 0.0904868 0.0719227 0.2597119 0.0545198 0.2389703 0.0821793 0.1393047 0.3209840 0.0844474 0.0724639 0.0796188 0.1024092 0.0000000 0.4000650 0.1066740 0.4494052 0.1302224 0.4155752 0.1241212 0.0847615 0.1802888 0.1130933 0.2893838 0.0767430 0.4695051 0.4597121 0.0895953 0.4695162 0.0954121 0.0192419 0.1516018 0.4615712 0.0753026 0.3963292 0.4449093 0.0817816 0.0711414 0.4875677 0.0128147 0.0563300 0.0776781 0.4607584 0.1344117 0.4324425 0.1555845 0.3202840 0.0791877 0.0557163 0.5509531 0.3999311 0.2080879 0.0807401 0.4804792 0.4462026 0.4052185 0.1533366 0.2366936 0.0776688 0.0383947 0.1161907 0.0828539 0.2552419 0.0850964 0.1360805 0.4445898 0.3959886 0.0712885 0.1362504 0.3890135 0.0916267 0.1134664 0.1698076 0.3457538 
Perityle_cochisensis_44_cave_creek         0.6098940 0.2764777 0.5176118 0.6844409 0.6953627 0.7075248 0.3396796 0.6862417 0.3807038 0.7103322 0.3399030 0.3439274 0.5608814 0.4532189 0.2431079 0.4457740 0.4078465 0.6237652 0.3204680 0.3435999 0.3658777 0.1239447 0.4000650 0.0000000 0.3658908 0.8038252 0.4472574 0.7584526 0.3620479 0.0839064 0.3305118 0.4404788 0.4508061 0.4052615 0.6305825 0.6924790 0.3102959 0.6853107 0.3419062 0.3844259 0.3912069 0.7215120 0.2706340 0.6853418 0.7105466 0.3707475 0.3777936 0.7380790 0.3590395 0.3584942 0.3624452 0.7687405 0.3886926 0.6698823 0.2550460 0.5012405 0.3331714 0.2700567 0.6195869 0.7443672 0.2972761 0.3813382 0.7363987 0.7217991 0.6668816 0.4362045 0.2005727 0.3542447 0.4444861 0.3713468 0.3905333 0.4195233 0.3423052 0.0774321 0.6971342 0.7016622 0.3273987 0.3697748 0.4562374 0.3545202 0.4151291 0.2526607 0.6061817 
Perityle_congesta_202                      0.2249640 0.1408260 0.1144199 0.5172455 0.4151366 0.5441692 0.3028111 0.4455192 0.2525586 0.3824419 0.0448288 0.0113248 0.2311458 0.1353521 0.1040662 0.1473842 0.1700785 0.3079837 0.1319382 0.1206692 0.0711949 0.1192921 0.1066740 0.3658908 0.0000000 0.4714259 0.1307492 0.4617149 0.0982857 0.0642019 0.1204661 0.1278961 0.2747830 0.0824355 0.4372664 0.4453765 0.0332177 0.4444211 0.0480063 0.0930474 0.1930007 0.4778423 0.0358914 0.3935761 0.4507908 0.0604145 0.0613555 0.4788044 0.0787306 0.0431038 0.0541516 0.4681276 0.0686518 0.4244783 0.1242441 0.2880438 0.0376941 0.0162821 0.4966209 0.4032983 0.1711097 0.0717278 0.4858050 0.4311761 0.4055933 0.1701566 0.1938718 0.0591232 0.1309458 0.0953655 0.0560140 0.1999216 0.0361992 0.1023120 0.4460685 0.4297844 0.0363983 0.0866937 0.3689923 0.0606927 0.1305353 0.1260484 0.3372753 
Perityle_cordifolia_27                     0.4334637 0.2606793 0.2717122 0.2837329 0.1330061 0.2980270 0.2761286 0.3384116 0.6728005 0.1925813 0.4404667 0.4222132 0.0456890 0.1797542 0.5073949 0.4595404 0.3951442 0.1495500 0.4228462 0.3222354 0.3916043 0.2899452 0.4494052 0.8038252 0.4714259 0.0000000 0.4171943 0.1967839 0.3135040 0.2886806 0.4163135 0.4020382 0.6815859 0.4175456 0.0229944 0.2232007 0.3734576 0.2565973 0.3825364 0.4576615 0.6076608 0.2057663 0.4249103 0.1537028 0.1932942 0.4374222 0.4386121 0.1963222 0.4204109 0.4243475 0.4415194 0.0275587 0.5284046 0.1468790 0.3665009 0.0271163 0.4173785 0.4390285 0.1699439 0.1497756 0.0236774 0.4372988 0.2930998 0.0357231 0.2227730 0.4399160 0.4183764 0.4285159 0.4567623 0.3326455 0.4128313 0.4543861 0.4201693 0.2810245 0.1904589 0.1959034 0.4254290 0.4830216 0.1069559 0.4258354 0.4277906 0.2855154 0.1496447 
Perityle_cordifolia_68_tecolote            0.1406028 0.1357115 0.1112949 0.5192903 0.3887952 0.5716568 0.3175318 0.4194999 0.2860300 0.3697978 0.1406758 0.1233092 0.2459526 0.1221992 0.2812636 0.1305116 0.1429543 0.3036856 0.1493888 0.1245683 0.1206034 0.1160031 0.1302224 0.4472574 0.1307492 0.4171943 0.0000000 0.4346732 0.1215286 0.1042932 0.1605291 0.1181912 0.3515982 0.1292197 0.4152382 0.4572727 0.1348033 0.4260317 0.1334504 0.1237512 0.2399844 0.4948559 0.1346561 0.4093558 0.4281274 0.1313306 0.1188387 0.4420730 0.1387768 0.1124927 0.1320780 0.4174581 0.1217587 0.3907216 0.0236487 0.3035297 0.1360995 0.1166676 0.4859631 0.4002783 0.1713275 0.1270273 0.4735663 0.4167274 0.3814626 0.1500501 0.2650771 0.1220625 0.1239577 0.1163105 0.1324592 0.2921698 0.1302024 0.1195758 0.4203201 0.3757010 0.1179350 0.1428784 0.3757715 0.1374444 0.1168711 0.1409905 0.3410740 
Perityle_coronopifolia_28_patagonia        0.4276658 0.2800638 0.3046619 0.3390589 0.0646547 0.3264837 0.2916091 0.3138057 0.6794761 0.0718776 0.4495341 0.4451230 0.1987429 0.1787608 0.5484766 0.4282055 0.3254270 0.0843617 0.4167589 0.3121577 0.3672995 0.2801395 0.4155752 0.7584526 0.4617149 0.1967839 0.4346732 0.0000000 0.3320398 0.3126744 0.4199155 0.3703175 0.6756582 0.3813856 0.1546846 0.1172176 0.3730187 0.1885821 0.3888185 0.4161236 0.5509787 0.0942981 0.4155691 0.0810175 0.0965386 0.4015864 0.4170747 0.1179200 0.3946346 0.4314760 0.4072418 0.2123051 0.5206840 0.0777283 0.3672160 0.1427207 0.4270678 0.4516179 0.1015677 0.0927375 0.1445027 0.4178964 0.1438851 0.1826862 0.1610159 0.4260549 0.4190779 0.4146353 0.4315067 0.3347392 0.3864540 0.5153139 0.3947780 0.2869253 0.0910297 0.0949364 0.4419845 0.4760264 0.0636621 0.3984328 0.3987130 0.2794751 0.0788959 
Perityle_crassifolia_70_ventanas           0.1185971 0.1469473 0.1364814 0.4221430 0.3030036 0.4572919 0.3027660 0.3580537 0.2992258 0.2995091 0.1048996 0.1031716 0.2321760 0.1336007 0.0952328 0.1262422 0.1332582 0.2773636 0.1365790 0.1299965 0.0978618 0.1050369 0.1241212 0.3620479 0.0982857 0.3135040 0.1215286 0.3320398 0.0000000 0.0058129 0.1242937 0.0642704 0.3341024 0.0911246 0.3427235 0.3278823 0.0918996 0.3201599 0.1060853 0.1201153 0.1804866 0.3561201 0.0924797 0.3407788 0.3144334 0.0921204 0.0969628 0.3438840 0.1200854 0.0906929 0.0968395 0.3248067 0.0949853 0.3283156 0.1328126 0.2812083 0.0969628 0.0908092 0.3594593 0.3238798 0.1639520 0.1000036 0.3433603 0.3340970 0.3352572 0.1496082 0.2118441 0.0936047 0.1301418 0.0597123 0.0983677 0.2578928 0.0968999 0.1224748 0.3292293 0.3191896 0.0920602 0.0966200 0.3064273 0.0968263 0.0627004 0.1305311 0.2894746 
Perityle_crassifolia_74_playa_balandra     0.1212728 0.0986921 0.1125308 0.2588026 0.2787578 0.2897872 0.2400032 0.3312260 0.1260234 0.2810503 0.0639533 0.0674065 0.2337757 0.0827357 0.0595591 0.0967544 0.1156961 0.2894798 0.1025398 0.0958682 0.0640024 0.0987944 0.0847615 0.0839064 0.0642019 0.2886806 0.1042932 0.3126744 0.0058129 0.0000000 0.1028775 0.0545239 0.1341727 0.0614960 0.3016878 0.2769746 0.0608301 0.2918684 0.0707998 0.0808992 0.0944560 0.3110787 0.0629904 0.3070265 0.2956456 0.0671978 0.0709529 0.3070265 0.0808992 0.0674973 0.0643693 0.3023518 0.0607597 0.2822498 0.0968681 0.2972242 0.0709529 0.0561283 0.2958578 0.3022607 0.1232438 0.0638872 0.3126744 0.3036733 0.2945168 0.1225511 0.1422890 0.0640675 0.0873637 0.0451391 0.0642019 0.0940423 0.0580673 0.0635722 0.2988965 0.2827332 0.0640771 0.0607597 0.2823222 0.0672439 0.0513083 0.1299268 0.2922957 
Perityle_cuneata_34_cuneata_San_antonio    0.1565718 0.1730907 0.1728307 0.5085937 0.3932042 0.5439960 0.2827231 0.4222809 0.3072170 0.3577668 0.1155876 0.1364240 0.2612869 0.1228932 0.2902018 0.1387470 0.1158237 0.3194685 0.1256184 0.1125628 0.1168023 0.1149345 0.1802888 0.3305118 0.1204661 0.4163135 0.1605291 0.4199155 0.1242937 0.1028775 0.0000000 0.1116804 0.3140612 0.1212642 0.4129294 0.4667341 0.1138636 0.4303215 0.1339882 0.1300645 0.1580138 0.4698952 0.1294483 0.4125129 0.4501687 0.1159971 0.1595634 0.4513271 0.1464591 0.1199755 0.1194554 0.4055955 0.1060869 0.3854463 0.1385778 0.3010265 0.1245044 0.1184026 0.4938660 0.4090814 0.1897429 0.1528496 0.4683795 0.4159356 0.3945025 0.1585539 0.2485317 0.1153985 0.1587468 0.1153696 0.1250770 0.2505766 0.1155998 0.1389483 0.4271216 0.3774336 0.1518496 0.1135152 0.3817210 0.1191125 0.1315842 0.1018567 0.3469590 
Perityle_cuneata_4                         0.2058437 0.1467407 0.1236860 0.4504422 0.3491564 0.4818220 0.2858919 0.3961534 0.2307184 0.2854972 0.1000118 0.0905670 0.2387114 0.1243405 0.2034220 0.1162085 0.1308356 0.2562727 0.1317338 0.1139856 0.0980439 0.1119535 0.1130933 0.4404788 0.1278961 0.4020382 0.1181912 0.3703175 0.0642704 0.0545239 0.1116804 0.0000000 0.2690731 0.1033505 0.3966085 0.3907683 0.0890109 0.3991173 0.1044113 0.1039958 0.2410709 0.3910776 0.0907132 0.3438337 0.3723835 0.0958223 0.0916938 0.4233910 0.1146603 0.0830431 0.0929266 0.4153379 0.1269609 0.3492162 0.1257088 0.2911911 0.0931347 0.0832037 0.4405373 0.3340017 0.1662276 0.0984832 0.4364318 0.3870220 0.3412014 0.1456771 0.2182969 0.0947979 0.1125481 0.0650539 0.1003556 0.2806850 0.0915684 0.1306719 0.3789607 0.3497436 0.0879075 0.1373634 0.3100443 0.0944343 0.0725269 0.1379858 0.2860747 
Perityle_discoidea_81                      0.3816075 0.2997979 0.3915156 0.5577309 0.6567427 0.6552446 0.3182038 0.6123490 0.0058008 0.5699888 0.2876770 0.2761404 0.5420815 0.4803609 0.3567155 0.3001819 0.2965708 0.5811017 0.3301579 0.3764051 0.3471070 0.1895741 0.2893838 0.4508061 0.2747830 0.6815859 0.3515982 0.6756582 0.3341024 0.1341727 0.3140612 0.2690731 0.0000000 0.3017869 0.6970838 0.6701713 0.3134961 0.7345028 0.3500905 0.2937182 0.3283742 0.6811233 0.2909705 0.6409353 0.6726349 0.2990775 0.2855691 0.6706560 0.3163261 0.2797877 0.2881504 0.6844306 0.2721558 0.6771131 0.3245658 0.5514218 0.2923162 0.2635722 0.6594540 0.6429959 0.3459463 0.2794816 0.7352827 0.6697078 0.6815650 0.3120155 0.3147872 0.2996238 0.2927030 0.3138058 0.3054856 0.4597235 0.3024135 0.2215154 0.6636303 0.6909866 0.2842605 0.2813145 0.4630754 0.2700533 0.2665727 0.3449982 0.6071850 
Perityle_dissecta_201                      0.2490026 0.1433169 0.1237418 0.5152246 0.3942512 0.5518331 0.3057172 0.4221661 0.2765805 0.3270907 0.0604950 0.0512039 0.2377300 0.1385105 0.0500529 0.1010983 0.1377256 0.3172621 0.1280544 0.1279879 0.0560118 0.1191862 0.0767430 0.4052615 0.0824355 0.4175456 0.1292197 0.3813856 0.0911246 0.0614960 0.1212642 0.1033505 0.3017869 0.0000000 0.4518917 0.3945814 0.0441364 0.4263796 0.0521506 0.0817566 0.2305288 0.4092713 0.0284214 0.4000026 0.3874244 0.0423392 0.0424750 0.4551144 0.0786990 0.0458077 0.0441468 0.4456478 0.1096158 0.4289102 0.1321967 0.2913592 0.0363395 0.0503635 0.4775059 0.3943452 0.1768865 0.0558775 0.4536518 0.4235091 0.4075035 0.1440958 0.1845691 0.0472644 0.0917201 0.0960654 0.0573740 0.2322553 0.0499459 0.1025676 0.4065427 0.3970944 0.0329290 0.0956399 0.3787741 0.0560488 0.1025517 0.1212154 0.3431549 
Perityle_emoryi_47_punta_san_jose          0.2477765 0.2404903 0.2433310 0.2570311 0.1324965 0.2914235 0.2562484 0.2797009 0.7010926 0.1490228 0.4440972 0.4262039 0.0609431 0.1935116 0.4599980 0.4745382 0.3551689 0.1554380 0.4452002 0.3355853 0.3998200 0.2945205 0.4695051 0.6305825 0.4372664 0.0229944 0.4152382 0.1546846 0.3427235 0.3016878 0.4129294 0.3966085 0.6970838 0.4518917 0.0000000 0.1529812 0.4059211 0.2537573 0.4139481 0.4526586 0.4935673 0.1591195 0.4357110 0.1461592 0.1553939 0.4354201 0.4345727 0.1509600 0.4607652 0.4205879 0.4360372 0.0388698 0.4379697 0.1501803 0.3719815 0.0344638 0.4364800 0.4376896 0.1682049 0.1427821 0.0387027 0.4406527 0.2651758 0.0402889 0.2364121 0.4605421 0.4093763 0.4440861 0.4773802 0.3693327 0.4271542 0.3975359 0.3941310 0.2907520 0.1578724 0.1485347 0.4438554 0.4371810 0.1046624 0.4270482 0.4009585 0.2987442 0.1503169 
Perityle_feddemae_99                       0.4174284 0.2730771 0.3303480 0.2862354 0.0828864 0.3136323 0.2612575 0.3575469 0.6798294 0.1046398 0.4337281 0.4367404 0.2116146 0.1984922 0.5538242 0.4559226 0.3388911 0.0882344 0.4232542 0.3098408 0.3634533 0.2619584 0.4597121 0.6924790 0.4453765 0.2232007 0.4572727 0.1172176 0.3278823 0.2769746 0.4667341 0.3907683 0.6701713 0.3945814 0.1529812 0.0000000 0.3767325 0.1850969 0.3757115 0.4165118 0.5906636 0.0636654 0.4081324 0.0314623 0.1226510 0.3936712 0.4257114 0.0735679 0.3964486 0.4256719 0.4000729 0.2269147 0.4390867 0.0915123 0.3415748 0.1466815 0.4127493 0.4505040 0.1284195 0.0878839 0.1588054 0.4516051 0.2053045 0.2015132 0.1606588 0.4549255 0.4034897 0.4005827 0.4530966 0.3280785 0.3962738 0.4663204 0.4048179 0.2588946 0.1017053 0.1147311 0.4577906 0.4614375 0.0638402 0.4095580 0.4171751 0.2541153 0.0881745 
Perityle_fosteri_93                        0.1151244 0.1386942 0.1222525 0.5095867 0.3551789 0.5275838 0.3023495 0.4303235 0.2891301 0.3248541 0.0356218 0.0372230 0.2357193 0.1245485 0.0434569 0.1212247 0.1390199 0.2957178 0.1304077 0.1208555 0.0490044 0.1118351 0.0895953 0.3102959 0.0332177 0.3734576 0.1348033 0.3730187 0.0918996 0.0608301 0.1138636 0.0890109 0.3134961 0.0441364 0.4059211 0.3767325 0.0000000 0.3752254 0.0481666 0.0915065 0.1576540 0.3953916 0.0370390 0.3846526 0.3582484 0.0344927 0.0368478 0.3894062 0.0852772 0.0510612 0.0344039 0.3842862 0.0158108 0.3732409 0.1243874 0.2873182 0.0386339 0.0484300 0.4282204 0.3869323 0.1747518 0.0262539 0.4130620 0.3992178 0.3839592 0.1398588 0.1731619 0.0367250 0.1107780 0.0925654 0.0367298 0.2269884 0.0229802 0.0830719 0.3723663 0.3600086 0.0349998 0.0250151 0.3477584 0.0208467 0.0937117 0.1226685 0.3201703 
Perityle_gamon_221                         0.2981752 0.2352108 0.2786616 0.3670982 0.1461460 0.3224135 0.2695997 0.3546557 0.7517848 0.0787164 0.4591155 0.4590362 0.1966460 0.1923935 0.5293491 0.4950052 0.3332947 0.0762825 0.4340844 0.3196919 0.3626861 0.2825983 0.4695162 0.6853107 0.4444211 0.2565973 0.4260317 0.1885821 0.3201599 0.2918684 0.4303215 0.3991173 0.7345028 0.4263796 0.2537573 0.1850969 0.3752254 0.0000000 0.3704143 0.4561062 0.5634569 0.1994398 0.4411244 0.1304313 0.1336638 0.4270177 0.4506364 0.2012443 0.4336621 0.4454887 0.4245226 0.2578328 0.4433591 0.1692980 0.3362006 0.1349282 0.4355452 0.4764857 0.2301221 0.1445789 0.1379734 0.4538240 0.2009333 0.2625453 0.1608113 0.4216649 0.4028626 0.4324660 0.4714284 0.3277012 0.4235195 0.4873605 0.4078510 0.2626131 0.1761483 0.1625098 0.4541986 0.4431822 0.0781275 0.4310023 0.4265961 0.2604162 0.0851045 
Perityle_gentryi_8_san_francisco           0.1413876 0.1422402 0.1266982 0.5160334 0.3612442 0.5387208 0.3050614 0.4161866 0.3220228 0.3542987 0.0505605 0.0474494 0.2509266 0.1426420 0.0082274 0.1288670 0.1536144 0.3205864 0.1437972 0.1323558 0.0670337 0.1265414 0.0954121 0.3419062 0.0480063 0.3825364 0.1334504 0.3888185 0.1060853 0.0707998 0.1339882 0.1044113 0.3500905 0.0521506 0.4139481 0.3757115 0.0481666 0.3704143 0.0000000 0.0960417 0.1914626 0.3991724 0.0516926 0.3923337 0.3644848 0.0493972 0.0469528 0.3929059 0.0923316 0.0579295 0.0493897 0.3948598 0.0467747 0.3959362 0.1332761 0.2951524 0.0503343 0.0605805 0.4277760 0.3984038 0.1710181 0.0505236 0.4080901 0.3959763 0.3802833 0.1476052 0.2052982 0.0641021 0.1155051 0.1030561 0.0479994 0.2328846 0.0505423 0.1027627 0.3823535 0.3724224 0.0515075 0.0504533 0.3657106 0.0490149 0.1051432 0.1290194 0.3494638 
Perityle_gilensis_22_Superstition          0.1857056 0.1672348 0.1228805 0.4974458 0.4005167 0.5631119 0.3276145 0.4262386 0.2537853 0.3513939 0.0930978 0.0722512 0.2498608 0.0495704 0.1818538 0.0703791 0.1282207 0.3192239 0.0788959 0.0666623 0.0725128 0.0984473 0.0192419 0.3844259 0.0930474 0.4576615 0.1237512 0.4161236 0.1201153 0.0808992 0.1300645 0.1039958 0.2937182 0.0817566 0.4526586 0.4165118 0.0915065 0.4561062 0.0960417 0.0000000 0.1220842 0.4428451 0.0787966 0.3879660 0.4376420 0.0788914 0.0740360 0.4681321 0.0182888 0.0405157 0.0769823 0.4598616 0.0813751 0.4126949 0.1502496 0.3154011 0.0832121 0.0527234 0.5158326 0.3907406 0.2064505 0.0852103 0.4626887 0.4361363 0.3902014 0.1499875 0.2277618 0.0725106 0.0468460 0.1124482 0.0816528 0.2365415 0.0820900 0.1308401 0.4352533 0.3986913 0.0798786 0.1241831 0.3828018 0.0897974 0.1109157 0.1686995 0.3411144 
Perityle_gilensis_salensis_225             0.3337994 0.1676916 0.2687618 0.5437645 0.5033568 0.5783129 0.3330485 0.5442656 0.2843056 0.5160023 0.1615377 0.1558301 0.3092856 0.1115296 0.1649570 0.2246797 0.2777446 0.4134469 0.1149920 0.1082095 0.1999328 0.0984473 0.1516018 0.3912069 0.1930007 0.6076608 0.2399844 0.5509787 0.1804866 0.0944560 0.1580138 0.2410709 0.3283742 0.2305288 0.4935673 0.5906636 0.1576540 0.5634569 0.1914626 0.1220842 0.0000000 0.6086637 0.0940468 0.5098276 0.5889910 0.1864932 0.1896263 0.5656587 0.1052749 0.1519890 0.1765196 0.5849341 0.2335430 0.4637610 0.1527826 0.3154011 0.1334370 0.0810830 0.5112942 0.5231816 0.2064505 0.2153133 0.5687032 0.5338910 0.5064617 0.2780777 0.2245516 0.1796395 0.1944343 0.1840507 0.2177945 0.2541280 0.1737480 0.1308401 0.5637685 0.5587066 0.1362291 0.2099609 0.3863089 0.2138461 0.2514821 0.1686995 0.3900067 
Perityle_glaucescens_94                    0.4733959 0.2977996 0.3847517 0.3075808 0.0767310 0.3135378 0.2836382 0.3454703 0.6862756 0.0858545 0.4517268 0.4583801 0.2074090 0.2060776 0.6136554 0.4552830 0.3590146 0.0985651 0.4493427 0.3299912 0.3887430 0.2963513 0.4615712 0.7215120 0.4778423 0.2057663 0.4948559 0.0942981 0.3561201 0.3110787 0.4698952 0.3910776 0.6811233 0.4092713 0.1591195 0.0636654 0.3953916 0.1994398 0.3991724 0.4428451 0.6086637 0.0000000 0.4341760 0.0110647 0.0979142 0.4229779 0.4354178 0.0417793 0.4257278 0.4518282 0.4234484 0.2200134 0.4963103 0.0951782 0.3808340 0.1413373 0.4355932 0.4689270 0.1128158 0.0970314 0.1603025 0.4559530 0.2232820 0.1899072 0.1641270 0.4463952 0.4131273 0.4420286 0.4520045 0.3534041 0.4023235 0.4956373 0.4179416 0.3000443 0.0918694 0.0995144 0.4933775 0.4837442 0.0750093 0.4146323 0.4329614 0.2803881 0.0889366 
Perityle_gracilis_11                       0.0997899 0.1456814 0.1296690 0.4857685 0.4054350 0.5311420 0.2924609 0.4310868 0.2905853 0.3429980 0.0448239 0.0363582 0.2353396 0.1265080 0.0487769 0.1187836 0.1439308 0.3200672 0.1381900 0.1320729 0.0556274 0.1270443 0.0753026 0.2706340 0.0358914 0.4249103 0.1346561 0.4155691 0.0924797 0.0629904 0.1294483 0.0907132 0.2909705 0.0284214 0.4357110 0.4081324 0.0370390 0.4411244 0.0516926 0.0787966 0.0940468 0.4341760 0.0000000 0.4045117 0.4083482 0.0233049 0.0048320 0.4273430 0.0764767 0.0440956 0.0295351 0.4373361 0.0332975 0.4108313 0.1356517 0.2840646 0.0036151 0.0458958 0.4605421 0.4224140 0.1607036 0.0423161 0.4744559 0.4397836 0.4218535 0.1485282 0.1880337 0.0410079 0.1118732 0.0975568 0.0307922 0.1633159 0.0415948 0.1072151 0.4176210 0.4178821 0.0220238 0.0409847 0.3631274 0.0392605 0.0937673 0.1292533 0.3296972 
Perityle_harkerae_31                       0.2644310 0.2576910 0.2553287 0.3005786 0.0641770 0.3052784 0.2871478 0.3089345 0.6345771 0.0854966 0.3955053 0.3903451 0.2077430 0.1970187 0.4252224 0.4131136 0.3705210 0.0938035 0.4406518 0.3245810 0.3880602 0.2923239 0.3963292 0.6853418 0.3935761 0.1537028 0.4093558 0.0810175 0.3407788 0.3070265 0.4125129 0.3438337 0.6409353 0.4000026 0.1461592 0.0314623 0.3846526 0.1304313 0.3923337 0.3879660 0.5098276 0.0110647 0.4045117 0.0000000 0.0832292 0.3947743 0.3845407 0.0049428 0.3968370 0.3898402 0.3871063 0.1792603 0.3981787 0.0905760 0.3744181 0.1415006 0.3824829 0.4045342 0.1026411 0.0930235 0.1605895 0.3937844 0.1398561 0.1863185 0.1413819 0.4039444 0.4178890 0.4031243 0.4002734 0.3425574 0.4025120 0.4989157 0.3896860 0.3051957 0.0819988 0.0827595 0.3946673 0.3931328 0.0728750 0.3960013 0.3628122 0.2803343 0.0852979 
Perityle_hofmeisteria_4_nombre_de_dios     0.4363700 0.2602482 0.3071798 0.3235682 0.0646221 0.3353015 0.2483150 0.3262273 0.6859397 0.0771889 0.4403354 0.4412333 0.1959754 0.1857673 0.5553729 0.4494956 0.3274530 0.0775730 0.4281367 0.3186377 0.3587992 0.2818694 0.4449093 0.7105466 0.4507908 0.1932942 0.4281274 0.0965386 0.3144334 0.2956456 0.4501687 0.3723835 0.6726349 0.3874244 0.1553939 0.1226510 0.3582484 0.1336638 0.3644848 0.4376420 0.5889910 0.0979142 0.4083482 0.0832292 0.0000000 0.3950292 0.4282993 0.1246104 0.4080879 0.4366953 0.4061132 0.2039774 0.4754398 0.0813213 0.3404622 0.1343866 0.4128977 0.4560881 0.1189868 0.0777465 0.1362231 0.4242530 0.2138165 0.1784079 0.1475818 0.4174675 0.4017972 0.4095457 0.4434703 0.3126375 0.3821497 0.4930151 0.3934374 0.2668197 0.0994926 0.0949474 0.4458924 0.4597218 0.0674253 0.3941239 0.4087080 0.2596716 0.0850294 
