86
Amauria_brandeegeana_62                    0.0000000 0.0285246 0.0274405 0.4502669 0.2363932 0.4491203 0.3042270 0.2990666 0.3740030 0.1021672 0.0952634 0.0810599 0.2016847 0.0802095 0.1016823 0.0803934 0.0827320 0.3654355 0.3188845 0.0766570 0.1201586 0.1107005 0.1465237 0.0949931 0.2483377 0.1047959 0.1073260 0.1097221 0.3286995 0.1187064 0.1372562 0.0810421 0.1277376 0.1111315 0.0785793 0.1153919 0.4211318 0.0826646 0.6116714 0.0846005 0.0947097 0.3643928 0.1694235 0.1060635 0.3446232 0.3236712 0.0832981 0.1048395 0.0857225 0.4536946 0.0847724 0.0856450 0.1120179 0.3873080 0.0908469 0.3675133 0.4854587 0.0885390 0.1014112 0.1098855 0.3300408 0.2293084 0.3602898 0.0984172 0.0776941 0.3170890 0.3461204 0.1098591 0.1166959 0.2647328 0.0871674 0.0629188 0.1149246 0.1272174 0.0918645 0.0934557 0.0936497 0.1080927 0.3079318 0.0907541 0.1132739 0.1375432 0.0755695 0.1127046 0.0776167 0.0751616 
Amauria_carterae_99_mesa                   0.0285246 0.0000000 0.0196248 0.3912608 0.1917465 0.2971063 0.2270255 0.2982869 0.2945982 0.1198524 0.0872418 0.0864117 0.0865749 0.0920346 0.0989435 0.0722318 0.0677627 0.1402051 0.1408908 0.0792149 0.1216838 0.0791880 0.1309402 0.0963698 0.2719337 0.0818672 0.0915093 0.0883144 0.1454848 0.1169786 0.1395645 0.0871308 0.1429140 0.1149871 0.0791628 0.1225561 0.3773023 0.0947190 0.3887514 0.0722318 0.0651423 0.3452027 0.1235383 0.0796078 0.3733122 0.1293839 0.0772846 0.0820315 0.0966990 0.3659369 0.0891615 0.0892057 0.0964459 0.3239705 0.0771228 0.1455690 0.3279047 0.0845902 0.0771655 0.0841989 0.1563987 0.1405995 0.1621835 0.0750300 0.0790712 0.1388496 0.3281190 0.1086201 0.1111115 0.2762130 0.0973395 0.0719667 0.1274015 0.0843766 0.0844279 0.0939966 0.0817877 0.1112297 0.1311388 0.1037431 0.0843420 0.1394980 0.0771655 0.1225561 0.0731765 0.0732403 
Amauria_rotundifolia_SRR9119150            0.0274405 0.0196248 0.0000000 0.4627792 0.2523173 0.4376478 0.2929787 0.3033374 0.3771914 0.1090333 0.0890096 0.0895140 0.1907523 0.0872939 0.1095089 0.0905114 0.0608639 0.3625800 0.3273126 0.0706368 0.1121358 0.1066419 0.1391476 0.0967286 0.2422861 0.1036631 0.1000615 0.1076291 0.3444641 0.1090849 0.1241180 0.0751746 0.1231954 0.1131387 0.0876209 0.1166128 0.4573205 0.0876220 0.6659597 0.0889482 0.0840113 0.3624789 0.1540723 0.1044138 0.3318418 0.3100962 0.0935163 0.1011660 0.1073146 0.4684899 0.0927357 0.1083176 0.1111409 0.4143021 0.0936431 0.3543727 0.5126326 0.0772082 0.0980570 0.1051183 0.3578620 0.2226153 0.3432284 0.0904591 0.0866264 0.3300389 0.3425723 0.1098580 0.1179779 0.2522610 0.0958888 0.0503821 0.1108921 0.1179850 0.0860308 0.0938611 0.0780167 0.1105734 0.3535977 0.0936190 0.1042626 0.1313593 0.0804594 0.1179648 0.0726036 0.0602794 
Conoclinium_coelestinum_SRR9119114         0.4502669 0.3912608 0.4627792 0.0000000 0.5296674 0.3810478 0.5124746 0.2807415 0.5415299 0.5188197 0.5061768 0.4629503 0.5351065 0.4747960 0.4883600 0.4661357 0.3965836 0.6913202 0.7107799 0.4167980 0.2297835 0.4764100 0.3411330 0.4656335 0.1620290 0.5009703 0.5176607 0.4904524 0.7158687 0.4748830 0.4068874 0.4612835 0.5038534 0.5111632 0.4805819 0.5094054 0.4485722 0.4410028 1.0207879 0.4583460 0.5249763 0.3669494 0.5119212 0.5242497 0.2526755 0.7419126 0.4740683 0.4969420 0.4863836 0.5079099 0.4672323 0.5170202 0.5164812 0.4867397 0.4486328 0.7513639 0.3218771 0.3684322 0.4735030 0.5276235 0.7192677 0.4237331 0.7463888 0.3631696 0.4889242 0.7225399 0.3365452 0.5221106 0.5492371 0.1720829 0.5114392 0.2409260 0.4976624 0.5554789 0.4411037 0.4730830 0.3813006 0.4748556 0.7200733 0.4413419 0.5312492 0.4261838 0.4216501 0.5215524 0.4914547 0.3408450 
Eutetras_palmeri_63                        0.2363932 0.1917465 0.2523173 0.5296674 0.0000000 0.4369858 0.1986999 0.2915695 0.3778772 0.2712555 0.2385648 0.2590759 0.2702624 0.2662782 0.3093360 0.2542687 0.2248020 0.5315111 0.5739207 0.2208700 0.1421349 0.2453911 0.1869616 0.2696960 0.2561692 0.2422487 0.2472979 0.2564761 0.5605226 0.3054368 0.1688693 0.2538806 0.3103782 0.2962350 0.2475236 0.2643952 0.4718129 0.2360818 0.8263689 0.2602019 0.2332863 0.4165688 0.3364581 0.2529479 0.3833624 0.5125724 0.2423973 0.2525981 0.2550677 0.5257973 0.2596327 0.2658243 0.2617386 0.4626643 0.2532876 0.5516939 0.4377431 0.1772953 0.2436793 0.2500554 0.5870792 0.2521684 0.5502786 0.1737779 0.2600228 0.5610865 0.3918246 0.2532595 0.2629975 0.2716420 0.2765678 0.0738403 0.2671728 0.3110991 0.2746110 0.2642224 0.1869981 0.2470262 0.5666147 0.2508017 0.2618692 0.2386240 0.2319905 0.2745410 0.3121473 0.1463170 
Eutetras_pringlei_149_quer                 0.4491203 0.2971063 0.4376478 0.3810478 0.4369858 0.0000000 0.4437134 0.2334813 0.4773610 0.4745490 0.4541304 0.4440999 0.4274325 0.4513022 0.4249361 0.4391246 0.3067974 0.4911204 0.5389265 0.4433451 0.2509899 0.4447572 0.2921127 0.4377686 0.2693443 0.4318364 0.4521436 0.4389049 0.5625043 0.3000892 0.3840764 0.4830967 0.4882643 0.4709110 0.4443898 0.4651561 0.3491979 0.4433244 0.7742545 0.4451342 0.4493649 0.2988004 0.4354001 0.4334770 0.3127586 0.5228524 0.4428322 0.4349936 0.4480096 0.3329363 0.4381645 0.4453050 0.4442852 0.3024109 0.4622452 0.5352473 0.3198802 0.3689711 0.4249272 0.4348801 0.5591557 0.4525683 0.5390312 0.3055301 0.4535565 0.5451482 0.2968281 0.4648903 0.4543048 0.2378379 0.4714675 0.4312326 0.4738032 0.3448265 0.4153763 0.4448167 0.2568222 0.4557611 0.5285926 0.4602682 0.4645684 0.3371235 0.4259856 0.4706575 0.2833391 0.3584450 
Eutrochium_fistulosum_SRR9119106           0.3042270 0.2270255 0.2929787 0.5124746 0.1986999 0.4437134 0.0000000 0.2616631 0.3715752 0.3248074 0.3071533 0.3152428 0.3375982 0.3303974 0.3654030 0.3103025 0.2204880 0.5924773 0.6190437 0.3019944 0.1958168 0.2979284 0.2483739 0.3183563 0.2508978 0.3064049 0.3066600 0.3113304 0.6290967 0.3334083 0.2038158 0.3207081 0.3422374 0.3373126 0.3133232 0.3351112 0.4421638 0.3001392 0.8108921 0.3067401 0.2981560 0.4006059 0.3635764 0.3120637 0.3654365 0.5875627 0.3201505 0.3101592 0.3003201 0.4943934 0.3221657 0.3194316 0.3023821 0.4192905 0.3253424 0.6308999 0.4558889 0.2334208 0.3077619 0.3215717 0.6375773 0.2912442 0.6076764 0.2362225 0.3119168 0.6292650 0.3908469 0.3085399 0.3090426 0.2634104 0.3220970 0.1567356 0.3338486 0.3526949 0.3553017 0.3202815 0.2255646 0.3016988 0.6281687 0.3170952 0.3180431 0.2428438 0.3035666 0.3301802 0.3833939 0.2058761 
Galeana_pratensis_104_mex                  0.2990666 0.2982869 0.3033374 0.2807415 0.2915695 0.2334813 0.2616631 0.0000000 0.2574726 0.3111507 0.2927503 0.2713135 0.2755471 0.2660766 0.2677932 0.2980380 0.2321951 0.2887680 0.3182528 0.2605555 0.2846638 0.2760801 0.3023708 0.2755471 0.1969888 0.2749312 0.2764193 0.2529770 0.3197858 0.2972280 0.3226374 0.2935225 0.3404082 0.3111507 0.2749312 0.2997758 0.2476406 0.2803543 0.4063692 0.2980380 0.2755898 0.2412426 0.2924878 0.2757556 0.2522139 0.2845241 0.2976538 0.2723158 0.2760801 0.2513439 0.2760438 0.2716183 0.2848403 0.2548334 0.2908223 0.3091924 0.2695733 0.3078853 0.2654638 0.2727631 0.3045118 0.3073831 0.2757183 0.2928160 0.2914406 0.3210332 0.2610041 0.2947694 0.3017080 0.2361333 0.2896007 0.2364034 0.3159276 0.2749312 0.2764768 0.2814924 0.2654015 0.2943149 0.2989522 0.2659364 0.2840472 0.3050298 0.2701938 0.2997758 0.2903090 0.2931189 
Helianthus_annuus_SRR9119062               0.3740030 0.2945982 0.3771914 0.5415299 0.3778772 0.4773610 0.3715752 0.2574726 0.0000000 0.3953513 0.3694209 0.3840894 0.3956119 0.3909194 0.4131283 0.3909474 0.2159918 0.5803755 0.6640377 0.3219018 0.1671959 0.3796422 0.2221517 0.3707945 0.2642919 0.3723310 0.3588515 0.3700047 0.6433941 0.3505621 0.2557928 0.3388920 0.4000534 0.4180380 0.3788778 0.3821049 0.4757266 0.3647960 0.8387065 0.4011708 0.3748041 0.4347429 0.4479955 0.3725132 0.3557108 0.6759391 0.3759978 0.3704589 0.3829505 0.5142186 0.3846282 0.3819862 0.3571335 0.4849461 0.3931631 0.6705753 0.4346726 0.2588882 0.3661905 0.3719920 0.6519896 0.3274728 0.6734133 0.2472739 0.3761659 0.6452727 0.4052746 0.3868507 0.3942652 0.2841694 0.3825971 0.1746033 0.3716067 0.4440589 0.3609862 0.3799722 0.2479295 0.3813744 0.6223822 0.3515928 0.3696561 0.2689312 0.3254037 0.3918128 0.4319864 0.2392566 
Lycapsus_tenuifolius_17                    0.1021672 0.1198524 0.1090333 0.5188197 0.2712555 0.4745490 0.3248074 0.3111507 0.3953513 0.0000000 0.1392780 0.1138886 0.2399811 0.1017905 0.1099732 0.1212193 0.0899344 0.3661737 0.3417682 0.0995054 0.1263807 0.1446592 0.1695851 0.1267121 0.2663253 0.1355175 0.1488222 0.1531175 0.3142360 0.1404087 0.0236737 0.1023728 0.1284102 0.0030908 0.1040991 0.0268939 0.4916446 0.1169598 0.7198665 0.1205196 0.1387920 0.3973472 0.1945953 0.1432907 0.3734046 0.3654030 0.1155070 0.1432272 0.1198194 0.5119730 0.1202008 0.1056033 0.1484227 0.4548034 0.1115782 0.3963372 0.4738939 0.1297294 0.1345799 0.1457994 0.3279187 0.2362815 0.3811709 0.1475020 0.1093388 0.3088148 0.3751331 0.1449030 0.1654408 0.2803372 0.1194820 0.0958372 0.0220295 0.1547549 0.1135153 0.1161956 0.1270223 0.1388185 0.3165110 0.1046081 0.1579237 0.1530590 0.1015413 0.0273181 0.1097921 0.1090040 
Pericome_caudata_50_silver                 0.0952634 0.0872418 0.0890096 0.5061768 0.2385648 0.4541304 0.3071533 0.2927503 0.3694209 0.1392780 0.0000000 0.1000803 0.1844515 0.1060009 0.1232335 0.1124261 0.0966726 0.3793862 0.3548099 0.0818394 0.1213272 0.0889978 0.1313696 0.1099413 0.2706565 0.0911788 0.0941069 0.1002978 0.3641717 0.1359044 0.1501351 0.1001380 0.1375932 0.1447207 0.1128618 0.1468838 0.4504852 0.1069394 0.6733739 0.1134501 0.0840058 0.3779804 0.1348970 0.0943390 0.3521631 0.2683127 0.1030707 0.0925688 0.1137491 0.4744026 0.1012618 0.1149481 0.0915887 0.4140224 0.1028596 0.3359315 0.4869540 0.0931077 0.0867030 0.0837435 0.3682080 0.2317247 0.3166648 0.1028350 0.1044568 0.3477146 0.3639483 0.0864898 0.0940953 0.2789002 0.1386455 0.0600752 0.1325479 0.0986185 0.0945898 0.1065424 0.0906908 0.0816137 0.3805606 0.1055824 0.0882878 0.1277380 0.0848077 0.1453075 0.0921081 0.0866275 
Perityle_aglossa_84_dead_horse             0.0810599 0.0864117 0.0895140 0.4629503 0.2590759 0.4440999 0.3152428 0.2713135 0.3840894 0.1138886 0.1000803 0.0000000 0.1844282 0.0698426 0.0913194 0.0781826 0.0469277 0.3601416 0.2956968 0.0430904 0.1000663 0.0679742 0.1183672 0.0687166 0.2512211 0.0814652 0.0759275 0.0839230 0.3181973 0.1090082 0.1291104 0.0773238 0.1368031 0.1182781 0.0658498 0.1217258 0.4773808 0.0511405 0.6922770 0.0750481 0.0722473 0.3654678 0.1509315 0.0833328 0.3477435 0.3006836 0.0730776 0.0817016 0.0601774 0.4809772 0.0880347 0.0921825 0.0896207 0.4134516 0.0815607 0.3523164 0.5095715 0.0714513 0.0777602 0.0877271 0.3346208 0.2189241 0.3243905 0.0725600 0.0223415 0.3028041 0.3493917 0.1074495 0.1174702 0.2617240 0.0570863 0.0317902 0.1173999 0.1039501 0.0686097 0.0625549 0.0677627 0.1068743 0.3361814 0.0702979 0.0850793 0.1316555 0.0562322 0.1216019 0.0458413 0.0458583 
Perityle_ajoensis_204                      0.2016847 0.0865749 0.1907523 0.5351065 0.2702624 0.4274325 0.3375982 0.2755471 0.3956119 0.2399811 0.1844515 0.1844282 0.0000000 0.1851999 0.1935163 0.1886460 0.0131098 0.3846209 0.4680184 0.1195259 0.0962741 0.1763209 0.1086283 0.1340634 0.2520235 0.1771879 0.1797104 0.1782593 0.4586790 0.1368159 0.1420158 0.1739591 0.2402192 0.2573200 0.1742461 0.2460517 0.4891539 0.1799020 0.7235604 0.1928527 0.1658462 0.3889656 0.2589627 0.1803080 0.3495011 0.4292715 0.1790883 0.1800812 0.1984339 0.5110322 0.1293691 0.1792615 0.1823496 0.4517231 0.1791467 0.4732416 0.4359751 0.0780603 0.1765310 0.1800455 0.4825938 0.2163077 0.4519694 0.0770199 0.1857666 0.4490352 0.3478498 0.1940797 0.2054529 0.2564013 0.1978227 0.0394788 0.2227614 0.2212150 0.1553939 0.1912413 0.0092873 0.1888934 0.4429685 0.1622380 0.1744334 0.1199190 0.1358775 0.2413652 0.2016271 0.0476693 
Perityle_ambrosiifolia_67_green            0.0802095 0.0920346 0.0872939 0.4747960 0.2662782 0.4513022 0.3303974 0.2660766 0.3909194 0.1017905 0.1060009 0.0698426 0.1851999 0.0000000 0.0606573 0.0566001 0.0400620 0.3362190 0.2860800 0.0607383 0.1042066 0.0963137 0.1116739 0.0636064 0.2548221 0.0725339 0.0976771 0.1062172 0.2823961 0.1215749 0.1171182 0.0839972 0.1302702 0.1028277 0.0580525 0.1097165 0.4785856 0.0615646 0.6432047 0.0581925 0.0869457 0.3757480 0.1453127 0.0714263 0.3590231 0.3024822 0.0696323 0.0736829 0.0644277 0.4861609 0.0750091 0.0346089 0.0855067 0.4344961 0.0751940 0.3374827 0.4637465 0.0811649 0.0692191 0.0772524 0.2900353 0.2142553 0.3231434 0.0905962 0.0719919 0.2721923 0.3633407 0.1157964 0.1270872 0.2713300 0.0605387 0.0566904 0.1077306 0.0875912 0.0519456 0.0549994 0.0629141 0.1161010 0.2677630 0.0499421 0.1049152 0.1120890 0.0441607 0.1085297 0.0674806 0.0753151 
Perityle_angustifolia_13_Eagle_creek       0.1016823 0.0989435 0.1095089 0.4883600 0.3093360 0.4249361 0.3654030 0.2677932 0.4131283 0.1099732 0.1232335 0.0913194 0.1935163 0.0606573 0.0000000 0.0826789 0.0332847 0.2703976 0.2397411 0.0640338 0.1002011 0.1124894 0.1018206 0.0714218 0.2579009 0.0860887 0.1133088 0.1173991 0.2268379 0.1162396 0.1217920 0.1019652 0.1391114 0.1062103 0.0614020 0.1195613 0.5196498 0.0824036 0.6161267 0.0838810 0.0974816 0.4227920 0.1541193 0.0847923 0.3639841 0.2838820 0.0823769 0.0860951 0.0812932 0.5247366 0.0615858 0.0484579 0.0892637 0.5000308 0.0866765 0.2912603 0.3929200 0.0888208 0.0819876 0.0887965 0.2363919 0.2143690 0.2916812 0.0887160 0.0912498 0.2189680 0.3950558 0.1355089 0.1471386 0.2778325 0.0828821 0.0541626 0.1191925 0.0920211 0.0550098 0.0555352 0.0404438 0.1330218 0.2137949 0.0238748 0.0985928 0.1173270 0.0504695 0.1192952 0.0710399 0.0689437 
Perityle_batopilensis_97                   0.0803934 0.0722318 0.0905114 0.4661357 0.2542687 0.4391246 0.3103025 0.2980380 0.3909474 0.1212193 0.1124261 0.0781826 0.1886460 0.0566001 0.0826789 0.0000000 0.0610218 0.3453559 0.3008963 0.0576393 0.1119745 0.0961601 0.1156708 0.0882255 0.2600314 0.0827186 0.0962861 0.1050569 0.2930852 0.1212343 0.1299420 0.0864808 0.1363811 0.1203538 0.0624202 0.1219561 0.4769640 0.0677856 0.6676801 0.0147486 0.0893325 0.3832939 0.1631209 0.0863258 0.3577402 0.3234714 0.0767077 0.0862327 0.0806616 0.4862460 0.0836570 0.0622040 0.0962362 0.4359781 0.0755222 0.3671368 0.4666611 0.0697519 0.0841171 0.0870745 0.3045675 0.2150599 0.3496311 0.0732494 0.0781408 0.2826595 0.3550073 0.1175233 0.1272938 0.2670961 0.0763852 0.0509410 0.1233796 0.0910370 0.0652471 0.0784889 0.0651793 0.1178250 0.2809641 0.0714099 0.1024230 0.1202458 0.0549785 0.1244824 0.0616301 0.0532419 
Perityle_bisetosa_9                        0.0827320 0.0677627 0.0608639 0.3965836 0.2248020 0.3067974 0.2204880 0.2321951 0.2159918 0.0899344 0.0966726 0.0469277 0.0131098 0.0400620 0.0332847 0.0610218 0.0000000 0.0898902 0.0923750 0.0469277 0.1230642 0.0469277 0.1838826 0.0131098 0.1993450 0.0469277 0.0904387 0.0615020 0.0885664 0.1192642 0.0980528 0.0829038 0.0978882 0.0899344 0.0605753 0.0902247 0.3578289 0.0629850 0.2682008 0.0610218 0.0401290 0.3184213 0.0829494 0.0539742 0.3347060 0.0753865 0.0755764 0.0469277 0.0610150 0.3254003 0.0198123 0.0197802 0.0610840 0.3427030 0.0681225 0.1203647 0.3593033 0.0908876 0.0469277 0.0537380 0.1038292 0.0605045 0.1131003 0.0543253 0.0608265 0.0885664 0.3427030 0.0827320 0.0829506 0.2485059 0.0692701 0.0247201 0.0754699 0.0538169 0.0539574 0.0610840 0.0131098 0.0827320 0.0891313 0.0471572 0.0609061 0.0895806 0.0469277 0.0902247 0.0541644 0.0541644 
Perityle_californica_76_positas            0.3654355 0.1402051 0.3625800 0.6913202 0.5315111 0.4911204 0.5924773 0.2887680 0.5803755 0.3661737 0.3793862 0.3601416 0.3846209 0.3362190 0.2703976 0.3453559 0.0898902 0.0000000 0.3888858 0.3312827 0.0845785 0.3570328 0.1609745 0.3710651 0.5001368 0.3546665 0.3749483 0.3636558 0.4054039 0.1118968 0.2089629 0.3223753 0.3848015 0.3127618 0.3536584 0.3437918 0.7353830 0.3715981 0.7697399 0.3674934 0.3475481 0.7071771 0.2915090 0.3588313 0.5432880 0.3272806 0.3259258 0.3562364 0.3613469 0.6869879 0.3318634 0.3687850 0.3627808 0.6987592 0.3629398 0.3792056 0.6296445 0.2267186 0.3537003 0.3260390 0.4234456 0.2440454 0.3300618 0.1633682 0.3605356 0.3981802 0.6318455 0.3687523 0.3871401 0.4479937 0.3558200 0.3108043 0.3409400 0.2160845 0.2698859 0.3701513 0.1099381 0.3720764 0.3812652 0.3575164 0.3076771 0.1378766 0.3531723 0.3454344 0.1504889 0.1835393 
Perityle_canescens_77                      0.3188845 0.1408908 0.3273126 0.7107799 0.5739207 0.5389265 0.6190437 0.3182528 0.6640377 0.3417682 0.3548099 0.2956968 0.4680184 0.2860800 0.2397411 0.3008963 0.0923750 0.3888858 0.0000000 0.3160309 0.1208746 0.3403780 0.1672924 0.2987195 0.5002555 0.3493037 0.3601474 0.3480735 0.0766948 0.1372635 0.2194071 0.3323091 0.3504892 0.2930050 0.3064337 0.3243862 0.7890619 0.3045996 0.7345140 0.3014094 0.3337299 0.7131608 0.3113893 0.3447361 0.5554774 0.1709595 0.3057581 0.3492518 0.3035229 0.7619786 0.2922174 0.3074213 0.3432359 0.7224794 0.3072677 0.1624561 0.6785485 0.2379472 0.3442652 0.3471225 0.0773114 0.0432187 0.2005107 0.1568495 0.2943417 0.0674007 0.6573304 0.3655799 0.3766930 0.4765608 0.2987718 0.3220614 0.3259909 0.2320732 0.2545472 0.3036955 0.1124932 0.3642433 0.0562084 0.3085720 0.3257269 0.0553061 0.3166391 0.3320753 0.1131005 0.2118883 
Perityle_castillonii_96                    0.0766570 0.0792149 0.0706368 0.4167980 0.2208700 0.4433451 0.3019944 0.2605555 0.3219018 0.0995054 0.0818394 0.0430904 0.1195259 0.0607383 0.0640338 0.0576393 0.0469277 0.3312827 0.3160309 0.0000000 0.0999389 0.0493828 0.1105607 0.0639949 0.2538849 0.0518486 0.0504019 0.0483062 0.3084781 0.1041174 0.1317130 0.0815789 0.1252019 0.1014764 0.0319637 0.0990609 0.3994977 0.0483966 0.6238258 0.0587686 0.0493922 0.3745995 0.1161508 0.0531038 0.3315881 0.2798430 0.0481559 0.0553694 0.0509480 0.4104141 0.0482627 0.0496075 0.0599259 0.3668378 0.0567233 0.3288043 0.4508944 0.0656852 0.0531546 0.0556412 0.3273421 0.2242367 0.3133291 0.0728032 0.0453108 0.2959394 0.3410870 0.0830893 0.0927382 0.2637318 0.0589307 0.0427204 0.1059670 0.0611515 0.0614069 0.0627144 0.0624386 0.0842170 0.2975332 0.0576931 0.0434852 0.1284030 0.0506824 0.0986417 0.0507643 0.0510212 
Perityle_cernua_84                         0.1201586 0.1216838 0.1121358 0.2297835 0.1421349 0.2509899 0.1958168 0.2846638 0.1671959 0.1263807 0.1213272 0.1000663 0.0962741 0.1042066 0.1002011 0.1119745 0.1230642 0.0845785 0.1208746 0.0999389 0.0000000 0.0961578 0.0847954 0.0962741 0.2605724 0.0880596 0.1002805 0.0924537 0.1162165 0.0211588 0.1308623 0.0963915 0.1213480 0.1263807 0.0959835 0.1216419 0.2671714 0.1012925 0.2442265 0.1119745 0.0890285 0.2682134 0.1215435 0.0882721 0.2608741 0.1201864 0.1004712 0.0803696 0.0961578 0.2608741 0.1000855 0.0922658 0.0878248 0.2607837 0.0973904 0.1174323 0.2728783 0.1162423 0.0843004 0.0843004 0.1291203 0.1175668 0.1163925 0.1119636 0.1079077 0.1200839 0.2514562 0.1205505 0.1202197 0.2646561 0.1093430 0.0748390 0.1217961 0.0880596 0.0882079 0.0999831 0.0962741 0.1164966 0.1216568 0.0959153 0.0964540 0.1374465 0.0843004 0.1216419 0.1083062 0.1083062 
Perityle_cfvillosa_25_tin                  0.1107005 0.0791880 0.1066419 0.4764100 0.2453911 0.4447572 0.2979284 0.2760801 0.3796422 0.1446592 0.0889978 0.0679742 0.1763209 0.0963137 0.1124894 0.0961601 0.0469277 0.3570328 0.3403780 0.0493828 0.0961578 0.0000000 0.1116603 0.0869957 0.2678053 0.0367165 0.0573534 0.0730409 0.3696720 0.1041284 0.1322229 0.0916956 0.1661199 0.1516651 0.0798397 0.1494661 0.4511162 0.0851086 0.6803481 0.0987942 0.0319163 0.3802718 0.1147824 0.0424318 0.3546817 0.2532159 0.0954159 0.0381474 0.0803483 0.4615035 0.0994638 0.1003775 0.0640544 0.4042109 0.0986482 0.3102482 0.5000746 0.0641647 0.0353564 0.0376289 0.3907122 0.2146976 0.2949662 0.0681249 0.0680257 0.3544836 0.3558972 0.0900326 0.0970840 0.2698495 0.1075534 0.0328816 0.1238727 0.0357037 0.0445409 0.0957285 0.0599973 0.0878256 0.3733500 0.0867538 0.0336252 0.1227308 0.0370628 0.1546278 0.0635116 0.0429864 
Perityle_cinerea_113_Powell1310            0.1465237 0.1309402 0.1391476 0.3411330 0.1869616 0.2921127 0.2483739 0.3023708 0.2221517 0.1695851 0.1313696 0.1183672 0.1086283 0.1116739 0.1018206 0.1156708 0.1838826 0.1609745 0.1672924 0.1105607 0.0847954 0.1116603 0.0000000 0.1119312 0.2544992 0.1039609 0.1322781 0.1259816 0.1534001 0.1664004 0.1827424 0.1465418 0.2072558 0.1695851 0.1116697 0.1764120 0.3813075 0.0983544 0.3451150 0.1189901 0.1001802 0.3334921 0.1367594 0.0975872 0.3734739 0.1320783 0.1226741 0.1008498 0.1115151 0.3734739 0.1154963 0.0919421 0.1048148 0.3147803 0.1299292 0.1513084 0.2958999 0.1393572 0.0975872 0.0943104 0.1660132 0.1279060 0.1397453 0.1001220 0.1282464 0.1533912 0.3206516 0.1496253 0.1563696 0.2682603 0.1061482 0.0334457 0.1908430 0.0975052 0.1008687 0.0948738 0.1118345 0.1495913 0.1588581 0.1016743 0.1255908 0.1837197 0.0975872 0.1764120 0.1161333 0.1172813 
Perityle_coahuilensis_24                   0.0949931 0.0963698 0.0967286 0.4656335 0.2696960 0.4377686 0.3183563 0.2755471 0.3707945 0.1267121 0.1099413 0.0687166 0.1340634 0.0636064 0.0714218 0.0882255 0.0131098 0.3710651 0.2987195 0.0639949 0.0962741 0.0869957 0.1119312 0.0000000 0.2578450 0.0949880 0.1079035 0.1031210 0.3059010 0.1112886 0.1423256 0.1034593 0.1489225 0.1252468 0.0783317 0.1271058 0.4541589 0.0685146 0.6693064 0.0862675 0.0873187 0.3741701 0.1615411 0.0962218 0.3549385 0.3139292 0.0864201 0.0961197 0.0814064 0.4821254 0.0580965 0.0698233 0.0953108 0.4275127 0.0935508 0.3679776 0.4725795 0.0855551 0.0929565 0.1026469 0.3149575 0.2166094 0.3395734 0.0892036 0.0652262 0.2934110 0.3537241 0.1177462 0.1318899 0.2625243 0.0744384 0.0476128 0.1189756 0.1117789 0.0749830 0.0732620 0.0116240 0.1171234 0.2948339 0.0646764 0.0906529 0.1173487 0.0681571 0.1316168 0.0605458 0.0580384 
Perityle_cochisensis_44_cave_creek         0.2483377 0.2719337 0.2422861 0.1620290 0.2561692 0.2693443 0.2508978 0.1969888 0.2642919 0.2663253 0.2706565 0.2512211 0.2520235 0.2548221 0.2579009 0.2600314 0.1993450 0.5001368 0.5002555 0.2538849 0.2605724 0.2678053 0.2544992 0.2578450 0.0000000 0.2505330 0.2619727 0.2339855 0.5315431 0.2830022 0.2715194 0.2886310 0.2983691 0.2637314 0.2495199 0.2569171 0.1202767 0.2597135 0.6464360 0.2634519 0.2548402 0.0422880 0.2758903 0.2512635 0.1134549 0.5015093 0.2563084 0.2592466 0.2556093 0.1134134 0.2546100 0.2527145 0.2545641 0.0478254 0.2632275 0.5010650 0.1184012 0.2576199 0.2544058 0.2474442 0.5250277 0.4275905 0.4973586 0.2914858 0.2624000 0.5112439 0.0563820 0.2533186 0.2570360 0.0379639 0.2567285 0.2378087 0.2627344 0.2564754 0.2539959 0.2584765 0.2442544 0.2486818 0.4844767 0.2519819 0.2621637 0.2839149 0.2479667 0.2610834 0.2444280 0.2565862 
Perityle_congesta_202                      0.1047959 0.0818672 0.1036631 0.5009703 0.2422487 0.4318364 0.3064049 0.2749312 0.3723310 0.1355175 0.0911788 0.0814652 0.1771879 0.0725339 0.0860887 0.0827186 0.0469277 0.3546665 0.3493037 0.0518486 0.0880596 0.0367165 0.1039609 0.0949880 0.2505330 0.0000000 0.0575509 0.0692268 0.3756207 0.1139215 0.1146385 0.0862340 0.1571564 0.1446708 0.0739708 0.1442233 0.4447702 0.0897760 0.6853566 0.0858568 0.0346689 0.3627529 0.1159242 0.0141064 0.3397542 0.2497239 0.0923132 0.0105324 0.0572378 0.4552878 0.1017274 0.0708103 0.0544626 0.4011141 0.1049277 0.3089494 0.4925295 0.0742735 0.0072727 0.0106724 0.3975884 0.2191009 0.2998153 0.0862614 0.0803476 0.3602833 0.3464394 0.0922455 0.0977071 0.2636306 0.1149501 0.0495556 0.1237610 0.0094260 0.0089203 0.0733852 0.0524813 0.0884634 0.3966828 0.0620493 0.0405326 0.1198452 0.0049365 0.1411494 0.0781393 0.0602573 
Perityle_cordifolia_27                     0.1073260 0.0915093 0.1000615 0.5176607 0.2472979 0.4521436 0.3066600 0.2764193 0.3588515 0.1488222 0.0941069 0.0759275 0.1797104 0.0976771 0.1133088 0.0962861 0.0904387 0.3749483 0.3601474 0.0504019 0.1002805 0.0573534 0.1322781 0.1079035 0.2619727 0.0575509 0.0000000 0.0678382 0.3945075 0.1193729 0.1478289 0.0992568 0.1660825 0.1538855 0.0764330 0.1556342 0.4707884 0.0926198 0.7240901 0.1000079 0.0602155 0.3756231 0.1328378 0.0609756 0.3602986 0.2490471 0.0900451 0.0611144 0.0849111 0.4937808 0.1009795 0.1123348 0.0663683 0.4181872 0.1089107 0.3121512 0.5297104 0.0525378 0.0563712 0.0611665 0.4084554 0.2374043 0.2995816 0.0882226 0.0868463 0.3778943 0.3575486 0.0943522 0.1145661 0.2756883 0.1241828 0.0382976 0.1378184 0.0707794 0.0696300 0.0924659 0.0779291 0.0925035 0.4622321 0.0927105 0.0652155 0.1493219 0.0570018 0.1536350 0.0807071 0.0613971 
Perityle_cordifolia_68_tecolote            0.1097221 0.0883144 0.1076291 0.4904524 0.2564761 0.4389049 0.3113304 0.2529770 0.3700047 0.1531175 0.1002978 0.0839230 0.1782593 0.1062172 0.1173991 0.1050569 0.0615020 0.3636558 0.3480735 0.0483062 0.0924537 0.0730409 0.1259816 0.1031210 0.2339855 0.0692268 0.0678382 0.0000000 0.4437966 0.1117888 0.1398954 0.0943840 0.1607842 0.1529364 0.0863446 0.1592027 0.4547189 0.0888102 0.6946286 0.1099084 0.1039582 0.3655059 0.1325355 0.0711913 0.3250297 0.2415531 0.0974914 0.0774430 0.0958099 0.4818977 0.0993427 0.1244736 0.0781336 0.4115298 0.1155227 0.3028877 0.6134927 0.0585371 0.0706989 0.0783441 0.3949613 0.2255212 0.2917253 0.0832850 0.1162364 0.3663763 0.3487425 0.0982190 0.1195212 0.2519315 0.1310486 0.0464489 0.1407587 0.0842181 0.0814160 0.1058938 0.0655706 0.0902620 0.4801349 0.1054214 0.0790789 0.1264688 0.0656739 0.1556949 0.0797192 0.0637714 
Perityle_coronopifolia_28_patagonia        0.3286995 0.1454848 0.3444641 0.7158687 0.5605226 0.5625043 0.6290967 0.3197858 0.6433941 0.3142360 0.3641717 0.3181973 0.4586790 0.2823961 0.2268379 0.2930852 0.0885664 0.4054039 0.0766948 0.3084781 0.1162165 0.3696720 0.1534001 0.3059010 0.5315431 0.3756207 0.3945075 0.4437966 0.0000000 0.1362567 0.2120450 0.3297061 0.3525311 0.2891559 0.3129070 0.3082542 0.8179879 0.3335211 0.7843396 0.3278041 0.4136427 0.7484679 0.3018399 0.3727673 0.5768643 0.1666057 0.2889935 0.3740583 0.3301277 0.7662807 0.2744188 0.3293457 0.3694867 0.7607071 0.3379122 0.1662985 0.7520332 0.2423985 0.3731165 0.3283147 0.0779196 0.0623917 0.1891042 0.1449363 0.3342917 0.0231605 0.6584292 0.3407840 0.3839595 0.5014098 0.2854525 0.3364297 0.3175129 0.2298579 0.2491967 0.3045264 0.1070424 0.3415890 0.1231734 0.3437285 0.3079878 0.0605807 0.3456965 0.3064878 0.1075698 0.2003720 
Perityle_crassifolia_70_ventanas           0.1187064 0.1169786 0.1090849 0.4748830 0.3054368 0.3000892 0.3334083 0.2972280 0.3505621 0.1404087 0.1359044 0.1090082 0.1368159 0.1215749 0.1162396 0.1212343 0.1192642 0.1118968 0.1372635 0.1041174 0.0211588 0.1041284 0.1664004 0.1112886 0.2830022 0.1139215 0.1193729 0.1117888 0.1362567 0.0000000 0.1368969 0.1093965 0.1314261 0.1379700 0.1038774 0.1431286 0.4002420 0.1177927 0.3729795 0.1237666 0.0976167 0.4475556 0.1434797 0.1140930 0.3795014 0.1401278 0.1167308 0.1140947 0.1293277 0.4524485 0.1137308 0.1237421 0.1135711 0.4615662 0.1146429 0.1509846 0.3508964 0.1197369 0.1115657 0.1165685 0.1527916 0.1331892 0.1735917 0.1151312 0.0991394 0.1387463 0.4515660 0.1318165 0.1415428 0.3014831 0.1172396 0.0868311 0.1378023 0.1114951 0.1215297 0.1312648 0.0975446 0.1291325 0.1374595 0.1163218 0.1066984 0.1353343 0.1115657 0.1431286 0.1119096 0.1141715 
Perityle_crassifolia_74_playa_balandra     0.1372562 0.1395645 0.1241180 0.4068874 0.1688693 0.3840764 0.2038158 0.3226374 0.2557928 0.0236737 0.1501351 0.1291104 0.1420158 0.1171182 0.1217920 0.1299420 0.0980528 0.2089629 0.2194071 0.1317130 0.1308623 0.1322229 0.1827424 0.1423256 0.2715194 0.1146385 0.1478289 0.1398954 0.2120450 0.1368969 0.0000000 0.1085623 0.1260899 0.0218409 0.1343232 0.0432727 0.3783592 0.1567504 0.4564702 0.1299420 0.1201654 0.3186229 0.1528423 0.1123659 0.3627397 0.2385065 0.1327169 0.1173598 0.1249253 0.3560813 0.1499239 0.1248047 0.1325960 0.3025417 0.1305190 0.2399938 0.3222289 0.1406725 0.1151175 0.1144623 0.2301800 0.2113515 0.2442797 0.1652656 0.1289062 0.1929385 0.3129942 0.1429400 0.1478491 0.2820913 0.1312186 0.1283459 0.0219008 0.1197734 0.1173354 0.1271839 0.1325924 0.1304283 0.2082818 0.1321085 0.1349767 0.1648243 0.1098302 0.0426383 0.1425732 0.1399454 
Perityle_cuneata_34_cuneata_San_antonio    0.0810421 0.0871308 0.0751746 0.4612835 0.2538806 0.4830967 0.3207081 0.2935225 0.3388920 0.1023728 0.1001380 0.0773238 0.1739591 0.0839972 0.1019652 0.0864808 0.0829038 0.3223753 0.3323091 0.0815789 0.0963915 0.0916956 0.1465418 0.1034593 0.2886310 0.0862340 0.0992568 0.0943840 0.3297061 0.1093965 0.1085623 0.0000000 0.1080482 0.1006056 0.0911790 0.1098159 0.4280491 0.0921524 0.6479381 0.0880236 0.0871368 0.3918666 0.1556224 0.0887546 0.3576480 0.3042197 0.0873719 0.0874935 0.0839942 0.4493772 0.0973718 0.0911137 0.0976556 0.3932562 0.0998953 0.3424007 0.4958734 0.0960218 0.0864538 0.0881719 0.3479193 0.2371266 0.3462435 0.1170377 0.0748873 0.3176240 0.3801431 0.1073929 0.1154663 0.3013327 0.0900388 0.0844716 0.1050941 0.0973529 0.0925129 0.0983433 0.0965364 0.1082179 0.3203703 0.0987546 0.0963238 0.1287592 0.0828011 0.1078339 0.0803271 0.0931541 
Perityle_cuneata_4                         0.1277376 0.1429140 0.1231954 0.5038534 0.3103782 0.4882643 0.3422374 0.3404082 0.4000534 0.1284102 0.1375932 0.1368031 0.2402192 0.1302702 0.1391114 0.1363811 0.0978882 0.3848015 0.3504892 0.1252019 0.1213480 0.1661199 0.2072558 0.1489225 0.2983691 0.1571564 0.1660825 0.1607842 0.3525311 0.1314261 0.1260899 0.1080482 0.0000000 0.1270074 0.1273535 0.1388891 0.5000214 0.1407004 0.7099213 0.1405231 0.1550995 0.4216538 0.2080845 0.1585809 0.3852464 0.3719461 0.1288707 0.1559712 0.1448469 0.5190161 0.1305280 0.1310143 0.1586262 0.4633681 0.1326475 0.4043098 0.5113783 0.1432129 0.1562739 0.1545846 0.3561181 0.2582928 0.4006244 0.1636280 0.1363793 0.3481813 0.3994170 0.1597157 0.1678763 0.3175001 0.1446020 0.1259729 0.1355857 0.1704603 0.1384020 0.1519951 0.1346827 0.1550127 0.3373444 0.1380830 0.1662789 0.1650793 0.1306593 0.1331850 0.1376470 0.1289932 
Perityle_discoidea_81                      0.1111315 0.1149871 0.1131387 0.5111632 0.2962350 0.4709110 0.3373126 0.3111507 0.4180380 0.0030908 0.1447207 0.1182781 0.2573200 0.1028277 0.1062103 0.1203538 0.0899344 0.3127618 0.2930050 0.1014764 0.1263807 0.1516651 0.1695851 0.1252468 0.2637314 0.1446708 0.1538855 0.1529364 0.2891559 0.1379700 0.0218409 0.1006056 0.1270074 0.0000000 0.1057072 0.0272019 0.5118983 0.1207939 0.6619993 0.1245273 0.1423334 0.4216328 0.1869702 0.1433641 0.3687030 0.3546177 0.1114853 0.1433455 0.1175940 0.5115459 0.1240374 0.1083977 0.1493653 0.4724643 0.1181658 0.3465947 0.4106625 0.1259367 0.1434422 0.1445270 0.2913922 0.2362815 0.3512555 0.1430087 0.1143192 0.2768527 0.3955487 0.1517736 0.1647422 0.2775926 0.1222408 0.0980330 0.0189514 0.1533542 0.1121621 0.1225356 0.1243860 0.1451388 0.2760303 0.1092840 0.1586939 0.1530590 0.1065930 0.0262640 0.1081875 0.1068819 
Perityle_dissecta_201                      0.0785793 0.0791628 0.0876209 0.4805819 0.2475236 0.4443898 0.3133232 0.2749312 0.3788778 0.1040991 0.1128618 0.0658498 0.1742461 0.0580525 0.0614020 0.0624202 0.0605753 0.3536584 0.3064337 0.0319637 0.0959835 0.0798397 0.1116697 0.0783317 0.2495199 0.0739708 0.0764330 0.0863446 0.3129070 0.1038774 0.1343232 0.0911790 0.1273535 0.1057072 0.0000000 0.1075369 0.4603291 0.0562436 0.6817398 0.0644860 0.0766932 0.3620531 0.1625628 0.0787699 0.3445039 0.3147970 0.0587581 0.0747861 0.0766410 0.4682222 0.0678268 0.0682250 0.0819589 0.4131144 0.0666399 0.3610815 0.5072565 0.0568287 0.0742033 0.0801007 0.3401419 0.2211072 0.3327178 0.0654684 0.0660832 0.3071240 0.3470781 0.1069894 0.1208353 0.2655938 0.0949883 0.0387328 0.1110898 0.0933874 0.0622555 0.0678128 0.0599353 0.1086116 0.3323139 0.0507158 0.0777968 0.1310754 0.0535707 0.1078437 0.0581194 0.0449713 
Perityle_emoryi_47_punta_san_jose          0.1153919 0.1225561 0.1166128 0.5094054 0.2643952 0.4651561 0.3351112 0.2997758 0.3821049 0.0268939 0.1468838 0.1217258 0.2460517 0.1097165 0.1195613 0.1219561 0.0902247 0.3437918 0.3243862 0.0990609 0.1216419 0.1494661 0.1764120 0.1271058 0.2569171 0.1442233 0.1556342 0.1592027 0.3082542 0.1431286 0.0432727 0.1098159 0.1388891 0.0272019 0.1075369 0.0000000 0.4575332 0.1254190 0.6689864 0.1247871 0.1379485 0.3881993 0.1918889 0.1457456 0.3561170 0.3607057 0.1130594 0.1428333 0.1183039 0.4675015 0.1246478 0.1079730 0.1486746 0.4227114 0.1159324 0.3817035 0.4384716 0.1336448 0.1430611 0.1440877 0.3250249 0.2421478 0.3827986 0.1443642 0.1164515 0.2956381 0.3657156 0.1482351 0.1619180 0.2765309 0.1214289 0.0994283 0.0290973 0.1629591 0.1211524 0.1245038 0.1297876 0.1419234 0.3025333 0.1095194 0.1555320 0.1588543 0.1096361 0.0000010 0.1166138 0.1152741 
Perityle_feddemae_99                       0.4211318 0.3773023 0.4573205 0.4485722 0.4718129 0.3491979 0.4421638 0.2476406 0.4757266 0.4916446 0.4504852 0.4773808 0.4891539 0.4785856 0.5196498 0.4769640 0.3578289 0.7353830 0.7890619 0.3994977 0.2671714 0.4511162 0.3813075 0.4541589 0.1202767 0.4447702 0.4707884 0.4547189 0.8179879 0.4002420 0.3783592 0.4280491 0.5000214 0.5118983 0.4603291 0.4575332 0.0000000 0.4553754 0.9454896 0.4755989 0.4632890 0.1638480 0.5145856 0.4620656 0.0426440 0.7605641 0.4631068 0.4672316 0.4707872 0.0361409 0.4764424 0.4911976 0.4549295 0.1767623 0.4800141 0.7983540 0.3840614 0.3613730 0.4424191 0.4596053 0.8303984 0.4702164 0.7610517 0.3744926 0.4833867 0.8160394 0.1431248 0.4582677 0.4587121 0.1472599 0.4765025 0.2771007 0.4487840 0.5029938 0.4452965 0.4705447 0.3847809 0.4370098 0.8379054 0.4585847 0.4558485 0.4203187 0.4170577 0.4774124 0.5164863 0.3539946 
Perityle_fosteri_93                        0.0826646 0.0947190 0.0876220 0.4410028 0.2360818 0.4433244 0.3001392 0.2803543 0.3647960 0.1169598 0.1069394 0.0511405 0.1799020 0.0615646 0.0824036 0.0677856 0.0629850 0.3715981 0.3045996 0.0483966 0.1012925 0.0851086 0.0983544 0.0685146 0.2597135 0.0897760 0.0926198 0.0888102 0.3335211 0.1177927 0.1567504 0.0921524 0.1407004 0.1207939 0.0562436 0.1254190 0.4553754 0.0000000 0.7015989 0.0703554 0.0818348 0.3697432 0.1643866 0.0915710 0.3488807 0.3162528 0.0614341 0.0909035 0.0661130 0.4615773 0.0662885 0.0777776 0.0897559 0.3911420 0.0812800 0.3558727 0.5086143 0.0868546 0.0880136 0.0970013 0.3595795 0.2306029 0.3433074 0.0969298 0.0521363 0.3152235 0.3524675 0.1174607 0.1292443 0.2759125 0.0642998 0.0490564 0.1266373 0.1187427 0.0797485 0.0705453 0.0708858 0.1179875 0.3447796 0.0674415 0.0968629 0.1329564 0.0635552 0.1230086 0.0521669 0.0473348 
Perityle_gamon_221                         0.6116714 0.3887514 0.6659597 1.0207879 0.8263689 0.7742545 0.8108921 0.4063692 0.8387065 0.7198665 0.6733739 0.6922770 0.7235604 0.6432047 0.6161267 0.6676801 0.2682008 0.7697399 0.7345140 0.6238258 0.2442265 0.6803481 0.3451150 0.6693064 0.6464360 0.6853566 0.7240901 0.6946286 0.7843396 0.3729795 0.4564702 0.6479381 0.7099213 0.6619993 0.6817398 0.6689864 0.9454896 0.7015989 0.0000000 0.6699805 0.7067104 0.9105636 0.6828891 0.6982924 0.7621142 0.7603582 0.6620539 0.7169702 0.6876916 0.9351762 0.6558599 0.7343658 0.7062676 0.9241212 0.6882815 0.7389749 0.8426640 0.4778157 0.6771429 0.6665539 0.8070734 0.4808914 0.7823375 0.3413478 0.6884068 0.7755917 0.8342570 0.6697176 0.7103939 0.6348301 0.6795916 0.5081126 0.6733322 0.5708590 0.5913758 0.6679851 0.3494579 0.6509769 0.7981443 0.6913343 0.6490460 0.3667686 0.6740225 0.7054017 0.4897333 0.4558840 
Perityle_gentryi_8_san_francisco           0.0846005 0.0722318 0.0889482 0.4583460 0.2602019 0.4451342 0.3067401 0.2980380 0.4011708 0.1205196 0.1134501 0.0750481 0.1928527 0.0581925 0.0838810 0.0147486 0.0610218 0.3674934 0.3014094 0.0587686 0.1119745 0.0987942 0.1189901 0.0862675 0.2634519 0.0858568 0.1000079 0.1099084 0.3278041 0.1237666 0.1299420 0.0880236 0.1405231 0.1245273 0.0644860 0.1247871 0.4755989 0.0703554 0.6699805 0.0000000 0.0922205 0.3822605 0.1678777 0.0893379 0.3635013 0.3276993 0.0744095 0.0892451 0.0744644 0.4907391 0.0829031 0.0620893 0.0988695 0.4322828 0.0842962 0.3713912 0.4763436 0.0752915 0.0872129 0.0919533 0.3393290 0.2152034 0.3478982 0.0732494 0.0750080 0.3123914 0.3562718 0.1192062 0.1324763 0.2671378 0.0726645 0.0530085 0.1248114 0.0955587 0.0667021 0.0786150 0.0676773 0.1185664 0.3182708 0.0728266 0.1063631 0.1230288 0.0581771 0.1239701 0.0616630 0.0573209 
Perityle_gilensis_22_Superstition          0.0947097 0.0651423 0.0840113 0.5249763 0.2332863 0.4493649 0.2981560 0.2755898 0.3748041 0.1387920 0.0840058 0.0722473 0.1658462 0.0869457 0.0974816 0.0893325 0.0401290 0.3475481 0.3337299 0.0493922 0.0890285 0.0319163 0.1001802 0.0873187 0.2548402 0.0346689 0.0602155 0.1039582 0.4136427 0.0976167 0.1201654 0.0871368 0.1550995 0.1423334 0.0766932 0.1379485 0.4632890 0.0818348 0.7067104 0.0922205 0.0000000 0.3678228 0.1066108 0.0399954 0.3490161 0.2266687 0.0902529 0.0391205 0.0842086 0.4870374 0.0862765 0.1090573 0.0625062 0.4123450 0.0959690 0.2997652 0.5834858 0.0601136 0.0352186 0.0390006 0.3771706 0.2034033 0.2849328 0.0609745 0.0843762 0.3478336 0.3572884 0.0879319 0.1008239 0.2594707 0.1098063 0.0037435 0.1216150 0.0387405 0.0420607 0.0846746 0.0478356 0.0810967 0.4712583 0.0788035 0.0385115 0.1120784 0.0346974 0.1364536 0.0522445 0.0351075 
Perityle_gilensis_salensis_225             0.3643928 0.3452027 0.3624789 0.3669494 0.4165688 0.2988004 0.4006059 0.2412426 0.4347429 0.3973472 0.3779804 0.3654678 0.3889656 0.3757480 0.4227920 0.3832939 0.3184213 0.7071771 0.7131608 0.3745995 0.2682134 0.3802718 0.3334921 0.3741701 0.0422880 0.3627529 0.3756231 0.3655059 0.7484679 0.4475556 0.3186229 0.3918666 0.4216538 0.4216328 0.3620531 0.3881993 0.1638480 0.3697432 0.9105636 0.3822605 0.3678228 0.0000000 0.4554880 0.3634224 0.1309045 0.6818226 0.3794993 0.3661831 0.3697476 0.1240857 0.3918622 0.3763877 0.3642062 0.0534653 0.3914415 0.7452635 0.2762851 0.3372130 0.3585313 0.3716890 0.7595136 0.4511268 0.7053001 0.3428418 0.3829292 0.7344551 0.0549580 0.3877369 0.3876273 0.0626277 0.3825315 0.2440172 0.3902317 0.4349201 0.4154393 0.3767462 0.3420655 0.3839909 0.7374672 0.3674280 0.3810142 0.3986384 0.3609644 0.3872322 0.4630995 0.3238331 
Perityle_glaucescens_94                    0.1694235 0.1235383 0.1540723 0.5119212 0.3364581 0.4354001 0.3635764 0.2924878 0.4479955 0.1945953 0.1348970 0.1509315 0.2589627 0.1453127 0.1541193 0.1631209 0.0829494 0.2915090 0.3113893 0.1161508 0.1215435 0.1147824 0.1367594 0.1615411 0.2758903 0.1159242 0.1328378 0.1325355 0.3018399 0.1434797 0.1528423 0.1556224 0.2080845 0.1869702 0.1625628 0.1918889 0.5145856 0.1643866 0.6828891 0.1678777 0.1066108 0.4554880 0.0000000 0.1147612 0.3664499 0.1749222 0.1623035 0.1257143 0.1488130 0.5402391 0.1710111 0.1534312 0.1164791 0.4895629 0.1668343 0.2005557 0.3895203 0.1207477 0.1146368 0.1216887 0.2979468 0.2273055 0.2014223 0.1291981 0.1510129 0.2883808 0.4291646 0.1478523 0.1689068 0.2791720 0.1577715 0.0958911 0.1694326 0.1135393 0.1195164 0.1523862 0.0977316 0.1404452 0.3176548 0.1447052 0.1400727 0.1488009 0.1139293 0.1930419 0.1132867 0.0962392 
Perityle_gracilis_11                       0.1060635 0.0796078 0.1044138 0.5242497 0.2529479 0.4334770 0.3120637 0.2757556 0.3725132 0.1432907 0.0943390 0.0833328 0.1803080 0.0714263 0.0847923 0.0863258 0.0539742 0.3588313 0.3447361 0.0531038 0.0882721 0.0424318 0.0975872 0.0962218 0.2512635 0.0141064 0.0609756 0.0711913 0.3727673 0.1140930 0.1123659 0.0887546 0.1585809 0.1433641 0.0787699 0.1457456 0.4620656 0.0915710 0.6982924 0.0893379 0.0399954 0.3634224 0.1147612 0.0000000 0.3407620 0.2383961 0.0935941 0.0134080 0.0612318 0.4842158 0.1030625 0.0790984 0.0629318 0.4094136 0.1062002 0.3047642 0.5031237 0.0743882 0.0118226 0.0157163 0.3913354 0.2196557 0.2889680 0.0838821 0.0841762 0.3573737 0.3515899 0.0992425 0.1088690 0.2671719 0.1168690 0.0517049 0.1252559 0.0142064 0.0127968 0.0745416 0.0501064 0.0908956 0.4088775 0.0639705 0.0484910 0.1172641 0.0088820 0.1426323 0.0730530 0.0603625 
