85
Amauria_brandeegeana_62                    0.0000000 0.0760304 0.2253012 0.1723500 0.1236118 0.1120320 0.1385073 0.4597847 0.6714353 0.0499321 0.0970064 0.0888676 0.1135684 0.1076861 0.0974653 0.1118492 0.1161072 0.1139173 0.1171704 0.0846379 0.0981112 0.1107119 0.0809160 0.1138964 0.0884646 0.1164407 0.1167270 0.1261494 0.0913247 0.0886639 0.1268287 0.1208868 0.1019846 0.0552821 0.1107442 0.0925288 0.1079366 0.1070902 0.1761018 0.1062340 0.1068386 0.1182830 0.1140626 0.1078694 0.1036363 0.1153906 0.1108178 0.1078923 0.1121428 0.1032511 0.1018219 0.1178597 0.1042653 0.1075932 0.1113486 0.0870895 0.0859314 0.1132352 0.1107119 0.0900713 0.1511351 0.0987822 0.0634870 0.0931141 0.0968109 0.3524345 0.0961266 0.5821141 0.0711010 0.0994138 0.1125770 0.0792827 0.1109176 0.1093544 0.1012690 0.4485380 0.1213626 0.1142903 0.1069421 0.0953526 0.0662829 0.1118533 0.0925288 0.1003173 0.1019186 
Amauria_carterae_99_mesa                   0.0760304 0.0000000 0.2091994 0.0980955 0.1229143 0.1286310 0.0786454 0.3357003 0.5068021 0.0816060 0.1065201 0.0708463 0.1014668 0.1079064 0.0789050 0.0846341 0.0902118 0.0700835 0.0966204 0.0789688 0.0852185 0.1013609 0.0688057 0.0985908 0.0983314 0.0928550 0.0875559 0.1015569 0.0956793 0.0713578 0.1146902 0.0845722 0.0926505 0.0844505 0.0903753 0.0873595 0.0990988 0.0845214 0.1289845 0.0903168 0.0989930 0.0938889 0.0907367 0.0846916 0.0946083 0.1036237 0.0816121 0.0984480 0.1043686 0.0888357 0.0959524 0.0985430 0.0847687 0.0790396 0.1111002 0.1260168 0.0808340 0.0958670 0.1013609 0.0868915 0.1517186 0.0746000 0.0901906 0.0680946 0.1008691 0.0930227 0.0835686 0.4527206 0.0810439 0.0734467 0.0985908 0.0823179 0.0930395 0.1014470 0.0733623 0.2734603 0.1112162 0.1013893 0.0901400 0.0465298 0.0822837 0.1040525 0.0873595 0.0992914 0.0830134 
Amauria_rotundifolia_SRR9119150            0.2253012 0.2091994 0.0000000 0.3867739 0.2750523 0.1954502 0.3138285 0.6521593 0.7989333 0.2680571 0.2725273 0.2561511 0.2464691 0.2426891 0.2112319 0.2729004 0.3442776 0.2872076 0.3017605 0.2262166 0.2271067 0.2507970 0.1742484 0.2669348 0.2192856 0.2757700 0.2546911 0.2791335 0.2438010 0.3608450 0.3983277 0.2686840 0.2814201 0.2465566 0.2616952 0.2801727 0.3004291 0.2251161 0.3057186 0.2823701 0.2639188 0.2679470 0.3148405 0.3050453 0.2955031 0.3052240 0.2579157 0.2578524 0.2647780 0.2914282 0.2567662 0.2720729 0.2247378 0.2601360 0.2356106 0.1455177 0.3414317 0.2601385 0.2631174 0.2514122 0.3559367 0.4434493 0.1104396 0.2460163 0.2419266 0.5513761 0.3395195 0.7858630 0.1076203 0.2378844 0.2654962 0.2789223 0.2698475 0.2614589 0.2474780 0.7090245 0.2845145 0.3038482 0.2631852 0.3399743 0.2840850 0.2640679 0.2795187 0.3122537 0.3096062 
Conoclinium_coelestinum_SRR9119114         0.1723500 0.0980955 0.3867739 0.0000000 0.2415140 0.1527199 0.0939170 0.4386979 0.6898640 0.1948702 0.2012724 0.1899174 0.1934819 0.1927781 0.1415437 0.2160177 0.2000750 0.2173328 0.2140020 0.1608414 0.1661691 0.2041692 0.0740067 0.2092624 0.1302017 0.1923852 0.2117183 0.2292985 0.1633205 0.1776643 0.1302419 0.1938159 0.2067376 0.1724609 0.1919986 0.2139315 0.2185813 0.1630779 0.2567664 0.2148271 0.2077541 0.2087572 0.2106043 0.1828849 0.2172220 0.2280469 0.1859150 0.1937714 0.2079465 0.2152190 0.2000402 0.2126205 0.1535109 0.1748406 0.1601761 0.1178728 0.1908171 0.1963150 0.2021764 0.1644683 0.1715460 0.1112057 0.0933363 0.1790920 0.1743580 0.3220718 0.1378397 0.5127741 0.1037298 0.1790029 0.2092624 0.2081958 0.1887857 0.1980296 0.1925918 0.3201351 0.2083246 0.2239918 0.2177871 0.1396553 0.1140588 0.2015114 0.2139315 0.1568482 0.1187036 
Eutetras_palmeri_63                        0.1236118 0.1229143 0.2750523 0.2415140 0.0000000 0.0142662 0.1793656 0.5216371 0.6806530 0.1243894 0.1312308 0.1115885 0.1022401 0.1031690 0.0965356 0.1167498 0.1150289 0.1323305 0.1334682 0.1098451 0.0896144 0.1106672 0.1015141 0.1176147 0.0891235 0.1074663 0.1144251 0.1286485 0.1167796 0.1074545 0.1552629 0.1191329 0.1322751 0.1267403 0.1075673 0.1122074 0.1346534 0.1008030 0.1927409 0.1137853 0.1120384 0.1140041 0.1133372 0.1072419 0.1221853 0.1410499 0.1076784 0.1097761 0.1134232 0.1215404 0.1035822 0.1105593 0.0913799 0.1096769 0.1194942 0.1186691 0.1112579 0.1062187 0.1106609 0.1215755 0.1732366 0.1078086 0.0849142 0.1167347 0.1227144 0.3093990 0.0977394 0.6272586 0.0946575 0.0944846 0.1176147 0.1053440 0.1036026 0.1080400 0.0944070 0.4672022 0.1329023 0.1313648 0.1223216 0.0921850 0.0987491 0.1130250 0.1122074 0.1019165 0.1119611 
Eutetras_pringlei_149_quer                 0.1120320 0.1286310 0.1954502 0.1527199 0.0142662 0.0000000 0.1007846 0.4666047 0.5669372 0.1123413 0.1101714 0.0865315 0.1080978 0.1114295 0.0916564 0.0905259 0.0971867 0.1229730 0.1212842 0.0966044 0.0924852 0.1079100 0.1057986 0.1132390 0.1049679 0.0996170 0.0915930 0.1136309 0.0951228 0.0875215 0.1704832 0.1001065 0.1033466 0.1124112 0.0993676 0.0905093 0.1182061 0.0970887 0.1092890 0.0961744 0.1028373 0.1007598 0.1069180 0.0916647 0.1052683 0.1058470 0.0938230 0.1050881 0.1108272 0.1023750 0.0972317 0.1082936 0.0837667 0.0993391 0.1096106 0.1152297 0.0892741 0.1107351 0.1079100 0.1085278 0.1821109 0.0959954 0.0816569 0.0810878 0.1057728 0.1545541 0.0739641 0.5025428 0.0911054 0.0890337 0.1132390 0.0977058 0.0944531 0.1079986 0.0937265 0.3885456 0.1019053 0.1084523 0.1083872 0.0764845 0.0826865 0.1105042 0.0905093 0.0890568 0.1257875 
Eutrochium_fistulosum_SRR9119106           0.1385073 0.0786454 0.3138285 0.0939170 0.1793656 0.1007846 0.0000000 0.4800296 0.6608201 0.1716915 0.1604639 0.1539481 0.1429997 0.1441611 0.1116990 0.1669117 0.1687141 0.1791766 0.1841391 0.1122185 0.1216703 0.1553431 0.0474505 0.1678206 0.0866695 0.1638510 0.1683212 0.1840307 0.1370044 0.1394442 0.1133129 0.1660102 0.1687221 0.1459848 0.1534215 0.1776561 0.1840314 0.1145221 0.2240981 0.1746787 0.1650065 0.1650998 0.1680511 0.1515629 0.1732746 0.1963192 0.1486651 0.1497967 0.1642577 0.1757588 0.1527942 0.1637668 0.1191070 0.1306920 0.1151694 0.0806230 0.1469058 0.1593325 0.1596966 0.1239203 0.1526825 0.1044183 0.0533702 0.1371296 0.1358921 0.3864623 0.0915931 0.5098308 0.0475467 0.1339608 0.1663813 0.1549053 0.1580664 0.1596240 0.1436582 0.4056284 0.1900928 0.1916780 0.1839167 0.1102373 0.0745843 0.1636426 0.1763883 0.1188355 0.0882731 
Galeana_pratensis_104_mex                  0.4597847 0.3357003 0.6521593 0.4386979 0.5216371 0.4666047 0.4800296 0.0000000 0.8574091 0.4613194 0.4591575 0.4697610 0.4717126 0.4710606 0.4625798 0.4603932 0.3689614 0.4773459 0.4674134 0.4597207 0.4702361 0.4620378 0.2073980 0.4507388 0.4737874 0.4727026 0.4829771 0.4824320 0.4822211 0.3009615 0.2185925 0.4762853 0.4644176 0.4360219 0.4650884 0.4361977 0.4622923 0.4692193 0.5092458 0.4629063 0.4667872 0.4591508 0.4614788 0.4124864 0.4555835 0.5017799 0.4663316 0.4575846 0.4585840 0.4677102 0.4625354 0.4685509 0.4742881 0.4661632 0.4981496 0.3468301 0.2897455 0.4627785 0.4620378 0.4498652 0.2005839 0.1648302 0.3451317 0.4741071 0.4776343 0.5200834 0.2993487 0.7889130 0.3689170 0.4404854 0.4507388 0.4583647 0.4598295 0.4655138 0.4612837 0.2636174 0.4747287 0.5112472 0.4653765 0.2304869 0.2852687 0.4641123 0.4361977 0.3364062 0.2340569 
Helianthus_annuus_SRR9119062               0.6714353 0.5068021 0.7989333 0.6898640 0.6806530 0.5669372 0.6608201 0.8574091 0.0000000 0.7027764 0.6831045 0.6896559 0.6518725 0.6500451 0.6050293 0.6509157 0.6070812 0.6559090 0.6548607 0.6294854 0.6556220 0.6517022 0.3722246 0.6685223 0.6274626 0.6277101 0.6738765 0.6704879 0.6456099 0.5603565 0.4731906 0.6418633 0.6469000 0.6729583 0.6365131 0.6801114 0.6712353 0.6004204 0.6481113 0.6495181 0.6640311 0.6691989 0.6744208 0.5954723 0.6662457 0.6270863 0.6272483 0.6539770 0.6592187 0.6699277 0.6556929 0.6570406 0.6497793 0.6118169 0.6422090 0.4899650 0.5658783 0.6295509 0.6562021 0.6275274 0.4583091 0.4073223 0.5291782 0.6858176 0.6451720 0.7707178 0.5263529 0.8128208 0.4929107 0.5988708 0.6685098 0.6411696 0.6189994 0.6558820 0.6298136 0.7266244 0.7113622 0.6298048 0.6569673 0.4722082 0.4956706 0.6395958 0.6801114 0.5933130 0.4329830 
Lycapsus_tenuifolius_17                    0.0499321 0.0816060 0.2680571 0.1948702 0.1243894 0.1123413 0.1716915 0.4613194 0.7027764 0.0000000 0.1939300 0.0915261 0.0972848 0.0910632 0.0727190 0.1256199 0.1430730 0.1278270 0.1049014 0.0990371 0.0761410 0.1009617 0.0605432 0.1638621 0.0652083 0.1419945 0.1098135 0.1491850 0.1580310 0.0877118 0.1169851 0.1464712 0.1722164 0.0042433 0.1573185 0.1231595 0.1640994 0.0881282 0.3000358 0.1492331 0.1248777 0.1290949 0.1524270 0.1251148 0.1523435 0.1871315 0.1530169 0.1603699 0.1613191 0.1235554 0.0953917 0.1639959 0.0788736 0.0866584 0.1041160 0.0837650 0.0847493 0.1274055 0.1485705 0.1503974 0.1505727 0.0892030 0.0603762 0.0867281 0.1317667 0.2979461 0.0890741 0.5646681 0.0644519 0.0865719 0.1676786 0.0757266 0.1598768 0.1216056 0.0826320 0.3399481 0.1544942 0.1666803 0.1450540 0.0717963 0.0686855 0.1461679 0.1231595 0.0920063 0.0821426 
Pericome_caudata_50_silver                 0.0970064 0.1065201 0.2725273 0.2012724 0.1312308 0.1101714 0.1604639 0.4591575 0.6831045 0.1939300 0.0000000 0.1216677 0.1085079 0.0933529 0.0882592 0.1272631 0.1222128 0.1362676 0.1339341 0.1038048 0.0829361 0.1215435 0.0870435 0.1375507 0.0774197 0.1427987 0.1320118 0.1700935 0.1381460 0.1039043 0.1145235 0.1687364 0.1456135 0.1000596 0.1386881 0.1239562 0.1652154 0.1194982 0.2996745 0.1566070 0.1229340 0.1212122 0.2262675 0.1223340 0.1471434 0.2028007 0.1330669 0.1354193 0.1387317 0.1376699 0.0977690 0.1334347 0.1153208 0.1130695 0.1208523 0.0789608 0.0978722 0.1261472 0.1326509 0.1442470 0.1794033 0.1059500 0.0552239 0.1166121 0.1344020 0.3167402 0.0899083 0.6070039 0.0721468 0.1404623 0.1453923 0.1060482 0.1421725 0.1210079 0.1101280 0.4593408 0.1482481 0.1616315 0.1422359 0.1135551 0.0838415 0.1279712 0.1242861 0.0656071 0.1062491 
Perityle_aglossa_84_dead_horse             0.0888676 0.0708463 0.2561511 0.1899174 0.1115885 0.0865315 0.1539481 0.4697610 0.6896559 0.0915261 0.1216677 0.0000000 0.0725008 0.0763422 0.0537736 0.0838892 0.0933273 0.1232564 0.1114645 0.0655361 0.0529809 0.0805970 0.0411728 0.0875499 0.0496382 0.0968562 0.0895024 0.1154351 0.0845638 0.0792758 0.1137142 0.1405948 0.1094161 0.0769038 0.0788219 0.0630120 0.1187951 0.0757427 0.2083421 0.0851161 0.0870394 0.0881061 0.1517751 0.0866772 0.1020809 0.1487131 0.0767631 0.0822619 0.0852629 0.1028353 0.0800081 0.0949335 0.0895736 0.0696898 0.1061919 0.0595147 0.0616005 0.0843748 0.0830577 0.0787652 0.1510728 0.0923322 0.0251740 0.0386844 0.0887261 0.3104461 0.0775451 0.5604890 0.0299453 0.0902051 0.0886198 0.0807951 0.0945595 0.0798841 0.0754168 0.4527244 0.1068069 0.1271037 0.0709798 0.0769999 0.0665219 0.0908938 0.0665476 0.0669324 0.0885239 
Perityle_ajoensis_204                      0.1135684 0.1014668 0.2464691 0.1934819 0.1022401 0.1080978 0.1429997 0.4717126 0.6518725 0.0972848 0.1085079 0.0725008 0.0000000 0.0415475 0.0315057 0.0665785 0.0423008 0.0875273 0.1110566 0.0410727 0.0265100 0.0257340 0.0296427 0.0467395 0.0312715 0.0439348 0.0632484 0.1048564 0.0888097 0.0823775 0.1222959 0.1091644 0.1026827 0.1017445 0.0360327 0.0785531 0.1085512 0.0368764 0.1917680 0.0692565 0.0372912 0.0415594 0.1206026 0.0298260 0.0993371 0.1302086 0.0384953 0.0246697 0.0280427 0.1014203 0.0337672 0.0516042 0.0693051 0.0302004 0.1035626 0.0712286 0.0726680 0.0220329 0.0257340 0.0745030 0.1686616 0.1017937 0.0393140 0.0724768 0.0959942 0.3002376 0.0845397 0.5987861 0.0328758 0.0364669 0.0479177 0.0841600 0.0415329 0.0245952 0.0314685 0.4060354 0.1069062 0.1254832 0.0711413 0.0381149 0.0850951 0.0268279 0.0785531 0.0695252 0.0849390 
Perityle_ambrosiifolia_67_green            0.1076861 0.1079064 0.2426891 0.1927781 0.1031690 0.1114295 0.1441611 0.4710606 0.6500451 0.0910632 0.0933529 0.0763422 0.0415475 0.0000000 0.0432339 0.0710020 0.0288218 0.0860270 0.1088714 0.0575872 0.0344278 0.0322117 0.0609704 0.0386719 0.0266523 0.0486709 0.0623809 0.0972303 0.0853671 0.0836527 0.1160147 0.1315449 0.1012959 0.0986178 0.0382940 0.0744172 0.1088845 0.0480885 0.1902066 0.0745513 0.0183915 0.0285538 0.1520269 0.0336879 0.0940050 0.1497737 0.0426114 0.0312864 0.0365852 0.0961226 0.0219049 0.0375417 0.0681605 0.0393083 0.0983943 0.0567139 0.0768196 0.0427986 0.0333276 0.0772146 0.1655287 0.0982081 0.0484820 0.0749230 0.0879238 0.2798258 0.0865986 0.6075613 0.0679114 0.0630593 0.0376149 0.0822054 0.0444778 0.0296739 0.0330763 0.4158204 0.1043097 0.1223116 0.0641711 0.0398347 0.0825826 0.0319056 0.0759797 0.0736564 0.0759231 
Perityle_angustifolia_13_Eagle_creek       0.0974653 0.0789050 0.2112319 0.1415437 0.0965356 0.0916564 0.1116990 0.4625798 0.6050293 0.0727190 0.0882592 0.0537736 0.0315057 0.0432339 0.0000000 0.0607084 0.0322093 0.0832234 0.0870666 0.0217496 0.0306402 0.0354166 0.0183720 0.0423390 0.0343249 0.0367113 0.0503818 0.1017536 0.0897642 0.0715768 0.1092211 0.0873843 0.0950133 0.0788583 0.0247727 0.0677953 0.1014076 0.0220430 0.1502766 0.0606474 0.0381032 0.0411086 0.0934814 0.0207929 0.0895443 0.1137834 0.0234279 0.0326991 0.0367871 0.0967385 0.0305836 0.0488885 0.0593501 0.0117674 0.1011725 0.0535480 0.0616527 0.0313657 0.0354166 0.0703262 0.1613244 0.1103423 0.0251102 0.0596051 0.0937686 0.2913919 0.0798840 0.5650204 0.0177123 0.0247440 0.0437023 0.0773287 0.0340986 0.0340728 0.0220527 0.3796089 0.0973420 0.1033222 0.0553971 0.0241023 0.0731746 0.0366883 0.0677953 0.0686209 0.0786462 
Perityle_batopilensis_97                   0.1118492 0.0846341 0.2729004 0.2160177 0.1167498 0.0905259 0.1669117 0.4603932 0.6509157 0.1256199 0.1272631 0.0838892 0.0665785 0.0710020 0.0607084 0.0000000 0.0931438 0.1242035 0.1122337 0.0874021 0.0623504 0.0808497 0.0411855 0.0934951 0.0642918 0.0990653 0.0806212 0.0973395 0.0944065 0.0834470 0.1127959 0.1164661 0.1348107 0.0975209 0.0857465 0.0815979 0.1252812 0.0751885 0.2280282 0.0169375 0.0880184 0.0913416 0.1472140 0.0912121 0.1100548 0.1358453 0.0869626 0.0879872 0.0911256 0.1123160 0.0754769 0.0889929 0.0753260 0.0701566 0.1071507 0.0565567 0.0679425 0.0899919 0.0888350 0.0845774 0.1506902 0.0860691 0.0223296 0.0761802 0.1002035 0.2865595 0.0753369 0.6005918 0.0392013 0.0767219 0.0957146 0.0804503 0.0932541 0.0844349 0.0663340 0.4338337 0.1235170 0.1345665 0.0999093 0.0501240 0.0848474 0.0906466 0.0806238 0.0691638 0.0787607 
Perityle_bisetosa_9                        0.1161072 0.0902118 0.3442776 0.2000750 0.1150289 0.0971867 0.1687141 0.3689614 0.6070812 0.1430730 0.1222128 0.0933273 0.0423008 0.0288218 0.0322093 0.0931438 0.0000000 0.1219064 0.1181060 0.0534750 0.0362965 0.0247440 0.0410211 0.0321773 0.0240383 0.0352119 0.0661372 0.1041261 0.1070686 0.0700841 0.1095271 0.1065958 0.1428132 0.1004101 0.0296127 0.1126843 0.1525842 0.0352822 0.2980865 0.1188928 0.0313307 0.0299209 0.1394588 0.0286528 0.1328110 0.1612764 0.0357555 0.0250424 0.0249874 0.1214390 0.0244140 0.0274159 0.0535583 0.0338961 0.1099672 0.0390379 0.0725370 0.0364160 0.0225446 0.1115594 0.1496540 0.0947025 0.0336833 0.0965213 0.1180622 0.1118241 0.0841437 0.5406457 0.0390810 0.0204414 0.0358819 0.0885057 0.0339213 0.0231148 0.0275708 0.2147052 0.1411323 0.1500175 0.0854723 0.0296285 0.0686594 0.0285695 0.1104967 0.0733696 0.0756067 
Perityle_californica_76_positas            0.1139173 0.0700835 0.2872076 0.2173328 0.1323305 0.1229730 0.1791766 0.4773459 0.6559090 0.1278270 0.1362676 0.1232564 0.0875273 0.0860270 0.0832234 0.1242035 0.1219064 0.0000000 0.1300948 0.1189344 0.0788893 0.1132937 0.0527857 0.1234942 0.0706759 0.1170242 0.1243790 0.1385215 0.1194049 0.0687924 0.1004431 0.0940274 0.1404850 0.1080058 0.1133974 0.1350796 0.1466861 0.0896480 0.2052230 0.1235106 0.1161691 0.1186277 0.1365121 0.1077150 0.1357375 0.1494664 0.1137248 0.1146887 0.1194970 0.1356707 0.1057894 0.1191255 0.0951990 0.0855502 0.1112454 0.0804038 0.0785974 0.1158200 0.1155175 0.1092023 0.1547228 0.0895736 0.0601554 0.1014403 0.1283047 0.3148859 0.0846981 0.5605284 0.0483916 0.0998019 0.1256245 0.1013825 0.1155240 0.1142459 0.0870238 0.4151596 0.1190303 0.1442823 0.1351562 0.0575848 0.0842326 0.1183496 0.1350796 0.0501608 0.0725944 
Perityle_canescens_77                      0.1171704 0.0966204 0.3017605 0.2140020 0.1334682 0.1212842 0.1841391 0.4674134 0.6548607 0.1049014 0.1339341 0.1114645 0.1110566 0.1088714 0.0870666 0.1122337 0.1181060 0.1300948 0.0000000 0.1118812 0.0900684 0.1141892 0.0861302 0.1156174 0.0875025 0.1062774 0.1190144 0.1282891 0.0999422 0.1106905 0.1273415 0.1239827 0.1309765 0.1039108 0.1096916 0.1115888 0.1225019 0.1035012 0.2080194 0.1172405 0.1084015 0.1147921 0.1104150 0.1133089 0.1109067 0.1372638 0.1109134 0.1101607 0.1158012 0.1032466 0.1069622 0.1167383 0.0955180 0.1081577 0.1200363 0.0942605 0.1090629 0.1094012 0.1141335 0.0984848 0.1375334 0.0992308 0.0703496 0.1139855 0.1045755 0.2841155 0.0943125 0.5973611 0.0688527 0.1003843 0.1156174 0.1084666 0.1033580 0.1111991 0.1027520 0.3712991 0.1313870 0.1186210 0.1118736 0.0979579 0.0758377 0.1124808 0.1115888 0.0946421 0.1021836 
Perityle_castillonii_96                    0.0846379 0.0789688 0.2262166 0.1608414 0.1098451 0.0966044 0.1122185 0.4597207 0.6294854 0.0990371 0.1038048 0.0655361 0.0410727 0.0575872 0.0217496 0.0874021 0.0534750 0.1189344 0.1118812 0.0000000 0.0311827 0.0467587 0.0109711 0.0585848 0.0314583 0.0499820 0.0734492 0.1133807 0.0921382 0.0835702 0.1068477 0.1015557 0.1150248 0.0748000 0.0332131 0.0901763 0.1226018 0.0316936 0.1876269 0.0954408 0.0557796 0.0561870 0.1136149 0.0405247 0.1115505 0.1212686 0.0345425 0.0457980 0.0496368 0.1127685 0.0515563 0.0607579 0.0583662 0.0299301 0.0899319 0.0536513 0.0573424 0.0424368 0.0470804 0.0777425 0.1503022 0.0982912 0.0279766 0.0594269 0.0944731 0.2983955 0.0776428 0.5473397 0.0117927 0.0348716 0.0611493 0.0923687 0.0462971 0.0445897 0.0317085 0.3601598 0.1091188 0.1086415 0.0753019 0.0488659 0.0710609 0.0519125 0.0901763 0.0689797 0.0698247 
Perityle_cernua_84                         0.0981112 0.0852185 0.2271067 0.1661691 0.0896144 0.0924852 0.1216703 0.4702361 0.6556220 0.0761410 0.0829361 0.0529809 0.0265100 0.0344278 0.0306402 0.0623504 0.0362965 0.0788893 0.0900684 0.0311827 0.0000000 0.0336444 0.0296447 0.0462758 0.0297551 0.0380871 0.0536830 0.0928606 0.0870221 0.0571718 0.1040873 0.0943152 0.0901163 0.0823369 0.0297487 0.0583636 0.0996022 0.0319255 0.1647950 0.0622279 0.0313292 0.0409824 0.1135251 0.0262499 0.0898162 0.1109921 0.0310516 0.0311590 0.0348971 0.0934636 0.0282464 0.0415982 0.0636169 0.0269392 0.1067421 0.0569113 0.0558692 0.0338368 0.0336444 0.0707585 0.1579158 0.0980509 0.0310535 0.0556298 0.0924024 0.3035609 0.0749016 0.5979433 0.0270697 0.0301352 0.0475341 0.0681973 0.0341504 0.0324147 0.0239062 0.4098630 0.0921701 0.1114795 0.0577198 0.0315449 0.0737247 0.0348112 0.0583636 0.0553748 0.0725780 
Perityle_cfvillosa_25_tin                  0.1107119 0.1013609 0.2507970 0.2041692 0.1106672 0.1079100 0.1553431 0.4620378 0.6517022 0.1009617 0.1215435 0.0805970 0.0257340 0.0322117 0.0354166 0.0808497 0.0247440 0.1132937 0.1141892 0.0467587 0.0336444 0.0000000 0.0334306 0.0356738 0.0220826 0.0501533 0.0706641 0.1084661 0.0953319 0.0835605 0.1221767 0.1275758 0.1202786 0.0966665 0.0434700 0.0868153 0.1336300 0.0447618 0.1985544 0.0835343 0.0341470 0.0336220 0.1810841 0.0279495 0.1082488 0.1506905 0.0425495 0.0073483 0.0045684 0.1113146 0.0283171 0.0385393 0.0859263 0.0381828 0.1044983 0.0504678 0.0784427 0.0248451 0.0027352 0.0838476 0.1530553 0.1007160 0.0451604 0.0805692 0.0988634 0.2733703 0.0841130 0.5859604 0.0390823 0.0572843 0.0376005 0.0907380 0.0477362 0.0082511 0.0384205 0.4074786 0.1118171 0.1411728 0.0699457 0.0336325 0.0821571 0.0137719 0.0888323 0.0811933 0.0754994 
Perityle_cinerea_113_Powell1310            0.0809160 0.0688057 0.1742484 0.0740067 0.1015141 0.1057986 0.0474505 0.2073980 0.3722246 0.0605432 0.0870435 0.0411728 0.0296427 0.0609704 0.0183720 0.0411855 0.0410211 0.0527857 0.0861302 0.0109711 0.0296447 0.0334306 0.0000000 0.0489418 0.0641853 0.0258243 0.0686271 0.0803967 0.0811687 0.0614171 0.0706121 0.0565182 0.0768144 0.0645589 0.0146677 0.0607162 0.0862715 0.0109711 0.1337655 0.0334775 0.0527958 0.0415913 0.0739343 0.0183583 0.0752922 0.0886982 0.0220758 0.0334306 0.0371956 0.0751632 0.0449634 0.0487960 0.0569444 0.0109711 0.0942539 0.0652933 0.0411952 0.0221066 0.0334306 0.0649043 0.1126671 0.1005161 0.0391323 0.0334109 0.0851963 0.0685225 0.0897142 0.3488807 0.0201759 0.0184011 0.0489418 0.0572324 0.0259371 0.0373155 0.0183720 0.1269184 0.0940301 0.0892996 0.0450062 0.0296304 0.0701101 0.0371865 0.0607162 0.0648123 0.0971764 
Perityle_coahuilensis_24                   0.1138964 0.0985908 0.2669348 0.2092624 0.1176147 0.1132390 0.1678206 0.4507388 0.6685223 0.1638621 0.1375507 0.0875499 0.0467395 0.0386719 0.0423390 0.0934951 0.0321773 0.1234942 0.1156174 0.0585848 0.0462758 0.0356738 0.0489418 0.0000000 0.0235422 0.0573372 0.0699008 0.1202482 0.1182301 0.0892028 0.1189958 0.1765412 0.1430430 0.1015516 0.0396635 0.0997117 0.1437252 0.0557310 0.2913492 0.1212072 0.0411710 0.0368716 0.2001789 0.0358280 0.1294915 0.1958708 0.0442852 0.0359162 0.0362451 0.1244930 0.0392128 0.0487587 0.0909021 0.0462683 0.1061589 0.0447661 0.0805703 0.0430090 0.0336639 0.1129413 0.1610522 0.1008290 0.0394084 0.0782836 0.1106239 0.2512707 0.0819508 0.5979866 0.0422576 0.0808079 0.0096696 0.0927529 0.0580061 0.0316744 0.0458096 0.4289009 0.1281647 0.1535540 0.0891088 0.0376986 0.0775757 0.0365464 0.0967640 0.0891778 0.0755852 
Perityle_cochisensis_44_cave_creek         0.0884646 0.0983314 0.2192856 0.1302017 0.0891235 0.1049679 0.0866695 0.4737874 0.6274626 0.0652083 0.0774197 0.0496382 0.0312715 0.0266523 0.0343249 0.0642918 0.0240383 0.0706759 0.0875025 0.0314583 0.0297551 0.0220826 0.0641853 0.0235422 0.0000000 0.0418765 0.0573466 0.0665785 0.0806413 0.0620223 0.1187931 0.0732735 0.0832864 0.0690236 0.0344604 0.0581666 0.0954593 0.0358586 0.1275519 0.0692125 0.0220804 0.0267016 0.0836707 0.0369951 0.0808403 0.1030072 0.0359356 0.0175916 0.0235970 0.0805697 0.0161250 0.0355904 0.0526908 0.0310119 0.0898507 0.0532279 0.0585620 0.0373679 0.0220826 0.0739303 0.1639581 0.1021375 0.0479436 0.0512707 0.0903963 0.2633109 0.0813017 0.5473179 0.0576609 0.0344444 0.0235422 0.0646680 0.0358195 0.0205886 0.0295793 0.3203025 0.0890192 0.0881721 0.0372885 0.0445529 0.0774274 0.0220437 0.0581666 0.0643710 0.0782839 
Perityle_congesta_202                      0.1164407 0.0928550 0.2757700 0.1923852 0.1074663 0.0996170 0.1638510 0.4727026 0.6277101 0.1419945 0.1427987 0.0968562 0.0439348 0.0486709 0.0367113 0.0990653 0.0352119 0.1170242 0.1062774 0.0499820 0.0380871 0.0501533 0.0258243 0.0573372 0.0418765 0.0000000 0.0728155 0.1328357 0.1212726 0.0832500 0.1094893 0.1203173 0.1525142 0.0936066 0.0458351 0.1089275 0.1526495 0.0494920 0.2553943 0.1146182 0.0561753 0.0490200 0.1639303 0.0216075 0.1321633 0.1694727 0.0449334 0.0535331 0.0534609 0.1275875 0.0407529 0.0535563 0.0799835 0.0278418 0.1071834 0.0593791 0.0650930 0.0312202 0.0524443 0.1147980 0.1611260 0.1103745 0.0307896 0.0867629 0.1333405 0.2506976 0.0823245 0.5700754 0.0359641 0.0601568 0.0564099 0.0913629 0.0115625 0.0496728 0.0450067 0.4066980 0.1399992 0.1580940 0.0888186 0.0296695 0.0823613 0.0571449 0.1052890 0.0719764 0.0816797 
Perityle_cordifolia_27                     0.1167270 0.0875559 0.2546911 0.2117183 0.1144251 0.0915930 0.1683212 0.4829771 0.6738765 0.1098135 0.1320118 0.0895024 0.0632484 0.0623809 0.0503818 0.0806212 0.0661372 0.1243790 0.1190144 0.0734492 0.0536830 0.0706641 0.0686271 0.0699008 0.0573466 0.0728155 0.0000000 0.1221705 0.1012052 0.0863176 0.1158447 0.1753955 0.1336697 0.1110120 0.0610989 0.0751974 0.1340136 0.0665387 0.1942314 0.0835744 0.0648971 0.0627514 0.1931431 0.0620396 0.1138087 0.1792580 0.0590259 0.0679964 0.0708330 0.1184083 0.0582540 0.0722736 0.0751285 0.0618164 0.1185206 0.0715765 0.0875410 0.0680383 0.0668893 0.0972867 0.1542094 0.0920987 0.0367017 0.0897816 0.1080577 0.2213243 0.0888878 0.6134698 0.0580760 0.0929409 0.0698592 0.1007733 0.0666749 0.0658093 0.0617276 0.4616212 0.1144062 0.1447435 0.0910855 0.0442811 0.0848926 0.0668066 0.0766730 0.0819596 0.0883624 
Perityle_cordifolia_68_tecolote            0.1261494 0.1015569 0.2791335 0.2292985 0.1286485 0.1136309 0.1840307 0.4824320 0.6704879 0.1491850 0.1700935 0.1154351 0.1048564 0.0972303 0.1017536 0.0973395 0.1041261 0.1385215 0.1282891 0.1133807 0.0928606 0.1084661 0.0803967 0.1202482 0.0665785 0.1328357 0.1221705 0.0000000 0.1109491 0.0929148 0.1321650 0.1887911 0.1422335 0.1070380 0.1324005 0.1178641 0.1281019 0.1098530 0.2907662 0.0930333 0.1121614 0.1034217 0.1719811 0.1151250 0.1057590 0.1966719 0.1289316 0.1330569 0.1222589 0.1064258 0.0878466 0.1146352 0.1089455 0.1012236 0.1138656 0.0504497 0.0822797 0.1257133 0.1127002 0.0974437 0.1756528 0.1049208 0.0451464 0.1086408 0.1165389 0.3075472 0.0863901 0.6374728 0.0640793 0.1449334 0.1487466 0.0884131 0.1318916 0.1092841 0.1019613 0.4621395 0.1408105 0.1460663 0.1177029 0.0858121 0.0962808 0.1150005 0.1219385 0.0834813 0.0971605 
Perityle_coronopifolia_28_patagonia        0.0913247 0.0956793 0.2438010 0.1633205 0.1167796 0.0951228 0.1370044 0.4822211 0.6456099 0.1580310 0.1381460 0.0845638 0.0888097 0.0853671 0.0897642 0.0944065 0.1070686 0.1194049 0.0999422 0.0921382 0.0870221 0.0953319 0.0811687 0.1182301 0.0806413 0.1212726 0.1012052 0.1109491 0.0000000 0.0773248 0.1265596 0.1200408 0.1182855 0.0881510 0.1172223 0.0935422 0.1225605 0.0821220 0.2375929 0.1067965 0.1020320 0.1031940 0.1157633 0.0990843 0.1069781 0.1225917 0.1177874 0.1214689 0.1223269 0.1000889 0.0899715 0.1195346 0.0866678 0.0806204 0.0673059 0.0903611 0.0932059 0.1070100 0.1113744 0.0686177 0.1471562 0.0983067 0.0607316 0.0793343 0.0353065 0.3225164 0.0806801 0.5762511 0.0682449 0.0849707 0.1229202 0.0850781 0.1327671 0.0972336 0.0795821 0.4155209 0.1106599 0.1169217 0.1028563 0.0734464 0.0548494 0.1136492 0.0900970 0.0831846 0.0981925 
Perityle_crassifolia_70_ventanas           0.0886639 0.0713578 0.3608450 0.1776643 0.1074545 0.0875215 0.1394442 0.3009615 0.5603565 0.0877118 0.1039043 0.0792758 0.0823775 0.0836527 0.0715768 0.0834470 0.0700841 0.0687924 0.1106905 0.0835702 0.0571718 0.0835605 0.0614171 0.0892028 0.0620223 0.0832500 0.0863176 0.0929148 0.0773248 0.0000000 0.0799878 0.0775786 0.0942373 0.0908876 0.0840869 0.0819421 0.1017984 0.0836086 0.2325128 0.0873171 0.0780219 0.0858289 0.0880742 0.0751447 0.0944062 0.1152246 0.0860100 0.0818942 0.0892927 0.0884264 0.0799620 0.0835482 0.0684200 0.0823115 0.1129624 0.0749989 0.0747617 0.0853309 0.0852929 0.0747300 0.1489979 0.0806680 0.0373848 0.0836870 0.0815372 0.1014523 0.0850295 0.5137755 0.0489653 0.0712942 0.0892028 0.0476979 0.0792800 0.0833850 0.0665721 0.2318562 0.0986916 0.1142935 0.0988577 0.0701505 0.0548051 0.0851618 0.0819421 0.0683562 0.0829798 
Perityle_crassifolia_74_playa_balandra     0.1268287 0.1146902 0.3983277 0.1302419 0.1552629 0.1704832 0.1133129 0.2185925 0.4731906 0.1169851 0.1145235 0.1137142 0.1222959 0.1160147 0.1092211 0.1127959 0.1095271 0.1004431 0.1273415 0.1068477 0.1040873 0.1221767 0.0706121 0.1189958 0.1187931 0.1094893 0.1158447 0.1321650 0.1265596 0.0799878 0.0000000 0.1129187 0.1163927 0.1203277 0.1159531 0.1134658 0.1248853 0.1093885 0.1731671 0.1127065 0.1068247 0.1100957 0.1150624 0.1098104 0.1216803 0.1466705 0.1092869 0.1221767 0.1221767 0.1150624 0.1097482 0.1157598 0.1197495 0.1064366 0.1445625 0.1472971 0.0894591 0.1159791 0.1221767 0.1037202 0.0729026 0.0787655 0.1081169 0.1136879 0.1298665 0.1222333 0.0995837 0.4024807 0.0985637 0.0968138 0.1189958 0.0661890 0.1034762 0.1256258 0.1032216 0.1756707 0.1540988 0.1467132 0.1294079 0.0471121 0.1138060 0.1252692 0.1134658 0.1139914 0.0976459 
Perityle_cuneata_34_cuneata_San_antonio    0.1208868 0.0845722 0.2686840 0.1938159 0.1191329 0.1001065 0.1660102 0.4762853 0.6418633 0.1464712 0.1687364 0.1405948 0.1091644 0.1315449 0.0873843 0.1164661 0.1065958 0.0940274 0.1239827 0.1015557 0.0943152 0.1275758 0.0565182 0.1765412 0.0732735 0.1203173 0.1753955 0.1887911 0.1200408 0.0775786 0.1129187 0.0000000 0.1483557 0.1015672 0.1450320 0.1306726 0.1843367 0.1124286 0.2662777 0.1275070 0.1537411 0.1202762 0.2213830 0.0921607 0.1360337 0.2049304 0.1413961 0.1707454 0.1764549 0.1250955 0.0876095 0.1341160 0.1157896 0.0901068 0.1069645 0.0769938 0.0882504 0.1168645 0.1736777 0.1152971 0.1690032 0.1146251 0.0422120 0.1704329 0.1246383 0.3107564 0.0862765 0.5903758 0.0545900 0.1490511 0.1785852 0.0923891 0.1702931 0.1361296 0.1107969 0.4825747 0.1448670 0.2058329 0.1938698 0.0734230 0.0732804 0.1292820 0.1519242 0.0291514 0.0846813 
Perityle_cuneata_4                         0.1019846 0.0926505 0.2814201 0.2067376 0.1322751 0.1033466 0.1687221 0.4644176 0.6469000 0.1722164 0.1456135 0.1094161 0.1026827 0.1012959 0.0950133 0.1348107 0.1428132 0.1404850 0.1309765 0.1150248 0.0901163 0.1202786 0.0768144 0.1430430 0.0832864 0.1525142 0.1336697 0.1422335 0.1182855 0.0942373 0.1163927 0.1483557 0.0000000 0.1015130 0.1431509 0.1207433 0.1420871 0.1182747 0.2710646 0.1555157 0.1333710 0.1364075 0.1567877 0.1361023 0.1371467 0.1426618 0.1408048 0.1353724 0.1361785 0.1280996 0.1194523 0.1406991 0.0979877 0.1241081 0.1138279 0.0963978 0.1043401 0.1376588 0.1335640 0.1129838 0.1582030 0.1013981 0.0726095 0.1164067 0.1138468 0.3379530 0.0958929 0.5915464 0.0808588 0.1173938 0.1409055 0.0991330 0.1490619 0.1235921 0.1140107 0.4380568 0.1257054 0.1340904 0.1262070 0.1014471 0.0730811 0.1346039 0.1217804 0.0867215 0.0980581 
Perityle_discoidea_81                      0.0552821 0.0844505 0.2465566 0.1724609 0.1267403 0.1124112 0.1459848 0.4360219 0.6729583 0.0042433 0.1000596 0.0769038 0.1017445 0.0986178 0.0788583 0.0975209 0.1004101 0.1080058 0.1039108 0.0748000 0.0823369 0.0966665 0.0645589 0.1015516 0.0690236 0.0936066 0.1110120 0.1070380 0.0881510 0.0908876 0.1203277 0.1015672 0.1015130 0.0000000 0.0976665 0.0914227 0.1064842 0.0971543 0.2003740 0.0997490 0.0936534 0.1007428 0.1014496 0.0889340 0.0968161 0.1232676 0.0957113 0.0933309 0.0983850 0.0898420 0.0889313 0.1031358 0.0854066 0.0907822 0.1113212 0.0868924 0.0899548 0.0987931 0.0966665 0.0878664 0.1543280 0.0957909 0.0634250 0.0870934 0.0933589 0.2484317 0.0938787 0.5537103 0.0677192 0.0871598 0.1015516 0.0777508 0.0937053 0.0967185 0.0900056 0.3025039 0.1259998 0.1096134 0.0878592 0.0797182 0.0733319 0.0981804 0.0914227 0.0942021 0.0853133 
Perityle_dissecta_201                      0.1107442 0.0903753 0.2616952 0.1919986 0.1075673 0.0993676 0.1534215 0.4650884 0.6365131 0.1573185 0.1386881 0.0788219 0.0360327 0.0382940 0.0247727 0.0857465 0.0296127 0.1133974 0.1096916 0.0332131 0.0297487 0.0434700 0.0146677 0.0396635 0.0344604 0.0458351 0.0610989 0.1324005 0.1172223 0.0840869 0.1159531 0.1450320 0.1431509 0.0976665 0.0000000 0.0967941 0.1419666 0.0342520 0.2660485 0.1096228 0.0448451 0.0434665 0.1929230 0.0228034 0.1228571 0.1718121 0.0246970 0.0430071 0.0421322 0.1185198 0.0381443 0.0496000 0.0836396 0.0128734 0.0999543 0.0566136 0.0683811 0.0360618 0.0398383 0.1065411 0.1578874 0.1045029 0.0308487 0.0739402 0.1137514 0.2598976 0.0846222 0.5682485 0.0207612 0.0520671 0.0446829 0.0891711 0.0422897 0.0391043 0.0309310 0.4233000 0.1293956 0.1525063 0.0840152 0.0237319 0.0778255 0.0418262 0.0941408 0.0789975 0.0787661 
Perityle_emoryi_47_punta_san_jose          0.0925288 0.0873595 0.2801727 0.2139315 0.1122074 0.0905093 0.1776561 0.4361977 0.6801114 0.1231595 0.1239562 0.0630120 0.0785531 0.0744172 0.0677953 0.0815979 0.1126843 0.1350796 0.1115888 0.0901763 0.0583636 0.0868153 0.0607162 0.0997117 0.0581666 0.1089275 0.0751974 0.1178641 0.0935422 0.0819421 0.1134658 0.1306726 0.1207433 0.0914227 0.0967941 0.0000000 0.1240573 0.0833584 0.2173371 0.0903394 0.0965252 0.0985029 0.1389873 0.1038256 0.1107679 0.1323436 0.0948682 0.0987890 0.1019139 0.1151746 0.0889274 0.1023577 0.0572537 0.0785596 0.1054283 0.0625766 0.0606600 0.1001253 0.0996099 0.0940524 0.1362367 0.0830693 0.0280520 0.0629489 0.0956670 0.2825193 0.0732223 0.5826403 0.0485661 0.0814254 0.1008136 0.0743509 0.1043017 0.0945058 0.0736400 0.4432750 0.1222165 0.1306050 0.0811027 0.0712330 0.0599665 0.1038643 0.0000010 0.0738048 0.0825175 
Perityle_feddemae_99                       0.1079366 0.0990988 0.3004291 0.2185813 0.1346534 0.1182061 0.1840314 0.4622923 0.6712353 0.1640994 0.1652154 0.1187951 0.1085512 0.1088845 0.1014076 0.1252812 0.1525842 0.1466861 0.1225019 0.1226018 0.0996022 0.1336300 0.0862715 0.1437252 0.0954593 0.1526495 0.1340136 0.1281019 0.1225605 0.1017984 0.1248853 0.1843367 0.1420871 0.1064842 0.1419666 0.1240573 0.0000000 0.1185366 0.2702611 0.1370125 0.1403882 0.1293264 0.0937428 0.1410568 0.0279154 0.1803986 0.1419849 0.1449367 0.1478521 0.0308866 0.1251349 0.1417350 0.1214629 0.1131919 0.1166595 0.1033123 0.0975989 0.1386238 0.1415283 0.1094731 0.1594000 0.0962824 0.0731043 0.1167383 0.1212367 0.3348706 0.0850115 0.5969946 0.0751874 0.1575894 0.1407731 0.1013770 0.1460654 0.1330778 0.1155607 0.4815522 0.1302705 0.1381251 0.1302059 0.0913620 0.0872131 0.1420927 0.1277273 0.1029953 0.0993276 
Perityle_fosteri_93                        0.1070902 0.0845214 0.2251161 0.1630779 0.1008030 0.0970887 0.1145221 0.4692193 0.6004204 0.0881282 0.1194982 0.0757427 0.0368764 0.0480885 0.0220430 0.0751885 0.0352822 0.0896480 0.1035012 0.0316936 0.0319255 0.0447618 0.0109711 0.0557310 0.0358586 0.0494920 0.0665387 0.1098530 0.0821220 0.0836086 0.1093885 0.1124286 0.1182747 0.0971543 0.0342520 0.0833584 0.1185366 0.0000000 0.1889445 0.0678765 0.0482998 0.0448469 0.1126855 0.0261159 0.0974002 0.1260766 0.0354910 0.0425023 0.0471803 0.0990220 0.0397703 0.0528580 0.0774786 0.0188349 0.0934665 0.0536513 0.0674578 0.0435449 0.0447618 0.0722108 0.1575077 0.1069536 0.0251576 0.0872293 0.0931618 0.2892089 0.0752233 0.5619403 0.0117631 0.0365516 0.0545465 0.0850936 0.0471777 0.0435780 0.0388392 0.4116308 0.1164978 0.1256655 0.0709919 0.0297170 0.0732563 0.0447578 0.0881976 0.0678838 0.0787651 
Perityle_gamon_221                         0.1761018 0.1289845 0.3057186 0.2567664 0.1927409 0.1092890 0.2240981 0.5092458 0.6481113 0.3000358 0.2996745 0.2083421 0.1917680 0.1902066 0.1502766 0.2280282 0.2980865 0.2052230 0.2080194 0.1876269 0.1647950 0.1985544 0.1337655 0.2913492 0.1275519 0.2553943 0.1942314 0.2907662 0.2375929 0.2325128 0.1731671 0.2662777 0.2710646 0.2003740 0.2660485 0.2173371 0.2702611 0.1889445 0.0000000 0.2659987 0.2289064 0.2309301 0.2999789 0.2525246 0.2641927 0.2919465 0.2575080 0.2741195 0.2713721 0.2433714 0.2241531 0.3017655 0.1594361 0.1893326 0.1304027 0.1267284 0.2461058 0.2185807 0.2486066 0.2591548 0.1306151 0.1432781 0.1114639 0.1748541 0.1824868 0.4874985 0.1843281 0.6124206 0.1159283 0.1976631 0.2938157 0.1964438 0.2894098 0.2225386 0.1845411 0.5507785 0.2181935 0.2517485 0.2595610 0.2171268 0.1020394 0.2465912 0.2145266 0.2097864 0.1166144 
Perityle_gentryi_8_san_francisco           0.1062340 0.0903168 0.2823701 0.2148271 0.1137853 0.0961744 0.1746787 0.4629063 0.6495181 0.1492331 0.1566070 0.0851161 0.0692565 0.0745513 0.0606474 0.0169375 0.1188928 0.1235106 0.1172405 0.0954408 0.0622279 0.0835343 0.0334775 0.1212072 0.0692125 0.1146182 0.0835744 0.0930333 0.1067965 0.0873171 0.1127065 0.1275070 0.1555157 0.0997490 0.1096228 0.0903394 0.1370125 0.0678765 0.2659987 0.0000000 0.0931054 0.0919076 0.1298721 0.1041050 0.1243127 0.1603371 0.1133359 0.1137567 0.1147921 0.1130332 0.0819530 0.1073044 0.0597867 0.0763212 0.1017693 0.0595317 0.0719601 0.0957246 0.1122392 0.1038915 0.1502837 0.0859999 0.0251813 0.0770953 0.1119215 0.2737748 0.0799230 0.6197232 0.0423278 0.0607076 0.1223629 0.0892822 0.1149102 0.0873238 0.0641393 0.3675534 0.1215264 0.1497734 0.1166220 0.0566815 0.0917766 0.1133249 0.0844836 0.0772132 0.0849830 
Perityle_gilensis_22_Superstition          0.1068386 0.0989930 0.2639188 0.2077541 0.1120384 0.1028373 0.1650065 0.4667872 0.6640311 0.1248777 0.1229340 0.0870394 0.0372912 0.0183915 0.0381032 0.0880184 0.0313307 0.1161691 0.1084015 0.0557796 0.0313292 0.0341470 0.0527958 0.0411710 0.0220804 0.0561753 0.0648971 0.1121614 0.1020320 0.0780219 0.1068247 0.1537411 0.1333710 0.0936534 0.0448451 0.0965252 0.1403882 0.0482998 0.2289064 0.0931054 0.0000000 0.0337395 0.1735296 0.0407264 0.1194567 0.1797024 0.0485964 0.0365430 0.0383893 0.1193942 0.0310781 0.0376978 0.0831116 0.0395333 0.0985175 0.0449338 0.0707146 0.0482014 0.0355304 0.0939216 0.1504925 0.0916178 0.0366996 0.0774959 0.1040761 0.2489172 0.0841355 0.5981726 0.0548816 0.0712672 0.0430812 0.0859965 0.0520234 0.0323819 0.0369789 0.3927619 0.1229131 0.1397093 0.0862504 0.0336438 0.0733186 0.0346150 0.0985314 0.0696157 0.0665299 
Perityle_gilensis_salensis_225             0.1182830 0.0938889 0.2679470 0.2087572 0.1140041 0.1007598 0.1650998 0.4591508 0.6691989 0.1290949 0.1212122 0.0881061 0.0415594 0.0285538 0.0411086 0.0913416 0.0299209 0.1186277 0.1147921 0.0561870 0.0409824 0.0336220 0.0415913 0.0368716 0.0267016 0.0490200 0.0627514 0.1034217 0.1031940 0.0858289 0.1100957 0.1202762 0.1364075 0.1007428 0.0434665 0.0985029 0.1293264 0.0448469 0.2309301 0.0919076 0.0337395 0.0000000 0.1269884 0.0287201 0.1194856 0.1524684 0.0435887 0.0338445 0.0348140 0.1205678 0.0268274 0.0398252 0.0707612 0.0370218 0.1052197 0.0394091 0.0732241 0.0427421 0.0327476 0.0927252 0.1550765 0.0988294 0.0254168 0.0835500 0.1051699 0.2500026 0.0801828 0.6023733 0.0458577 0.0398141 0.0368499 0.0930863 0.0447005 0.0317222 0.0361543 0.3911218 0.1255161 0.1489810 0.0900305 0.0298276 0.0713968 0.0370250 0.0985954 0.0679567 0.0699880 
Perityle_glaucescens_94                    0.1140626 0.0907367 0.3148405 0.2106043 0.1133372 0.1069180 0.1680511 0.4614788 0.6744208 0.1524270 0.2262675 0.1517751 0.1206026 0.1520269 0.0934814 0.1472140 0.1394588 0.1365121 0.1104150 0.1136149 0.1135251 0.1810841 0.0739343 0.2001789 0.0836707 0.1639303 0.1931431 0.1719811 0.1157633 0.0880742 0.1150624 0.2213830 0.1567877 0.1014496 0.1929230 0.1389873 0.0937428 0.1126855 0.2999789 0.1298721 0.1735296 0.1269884 0.0000000 0.1298438 0.0379805 0.2008372 0.1940223 0.1972700 0.2002761 0.0316866 0.1124949 0.1411825 0.1767168 0.1004629 0.1053428 0.0907633 0.0913550 0.1618330 0.1950385 0.1046609 0.1522354 0.0929290 0.0609171 0.1881430 0.1397666 0.3316522 0.0802953 0.5908007 0.0621190 0.1662821 0.1981288 0.0885002 0.1869119 0.1803207 0.1369497 0.5173613 0.1548054 0.1907931 0.1931077 0.0845361 0.0756441 0.1599428 0.1866280 0.0906721 0.0897644 
Perityle_gracilis_11                       0.1078694 0.0846916 0.3050453 0.1828849 0.1072419 0.0916647 0.1515629 0.4124864 0.5954723 0.1251148 0.1223340 0.0866772 0.0298260 0.0336879 0.0207929 0.0912121 0.0286528 0.1077150 0.1133089 0.0405247 0.0262499 0.0279495 0.0183583 0.0358280 0.0369951 0.0216075 0.0620396 0.1151250 0.0990843 0.0751447 0.1098104 0.0921607 0.1361023 0.0889340 0.0228034 0.1038256 0.1410568 0.0261159 0.2525246 0.1041050 0.0407264 0.0287201 0.1298438 0.0000000 0.1205550 0.1431408 0.0253019 0.0262160 0.0273716 0.1186387 0.0356957 0.0432631 0.0509724 0.0226642 0.0974409 0.0594762 0.0630369 0.0222028 0.0249216 0.0987944 0.1574150 0.1037446 0.0308386 0.0807691 0.1018050 0.1583017 0.0751869 0.5364806 0.0238004 0.0283364 0.0358280 0.0901464 0.0216111 0.0259323 0.0223049 0.2565071 0.1317828 0.1378847 0.0858013 0.0216180 0.0778702 0.0337496 0.1019519 0.0678524 0.0787488 
