86
Amauria_brandeegeana_62                    0.0000000 0.1741666 0.2444227 0.2043313 0.1445358 0.2351552 0.1982582 0.5119840 0.3039410 0.2115621 0.2393004 0.2031849 0.2451596 0.3740018 0.1322463 0.1379222 0.2195583 0.1957415 0.2594163 0.2489904 0.6877324 0.2657927 0.3350148 0.1149831 0.1404302 0.2429948 0.1335319 0.2451084 0.2303635 0.2528076 0.1344389 0.1980548 0.2453013 0.1642289 0.1385227 0.2529591 0.2426290 0.2562584 0.2218644 0.1389640 0.2230038 0.2488984 0.2439498 0.6256961 0.2636170 0.1536221 0.2468540 0.1341919 0.2280836 0.3455660 0.2286672 0.2354830 0.2446951 0.2447051 0.1286342 0.2566907 0.1461842 0.2696378 0.1253089 0.2283486 0.2536510 0.2101302 0.2734123 0.1150113 0.1152681 0.2480378 0.1687930 0.2734488 0.2451520 0.3149823 0.1301120 0.1187663 0.2431475 0.2289361 0.1318988 0.1189922 0.2115985 0.2765215 0.2504549 0.2149693 0.2508126 0.1406791 0.2462502 0.1149488 0.1928975 0.2688111 
Amauria_carterae_99_mesa                   0.1741666 0.0000000 0.2772611 0.2773613 0.1884652 0.2426132 0.2473564 0.3179086 0.2872378 0.2849707 0.2842228 0.2755423 0.2727313 0.2794510 0.1987849 0.1981587 0.2727152 0.1932142 0.2840010 0.2836609 0.6297175 0.2835370 0.3545860 0.1993863 0.1734843 0.2810168 0.1896004 0.2876363 0.2872257 0.2628645 0.1682889 0.2223861 0.2960189 0.1916085 0.0856181 0.2716514 0.2944200 0.2809180 0.2762956 0.1993884 0.2869659 0.2844426 0.2923122 0.5734855 0.2874585 0.1981045 0.2806254 0.1995383 0.2731079 0.2906434 0.2884047 0.2733445 0.2808461 0.2915494 0.1950181 0.2946869 0.1385408 0.2810867 0.2022767 0.2753689 0.2744019 0.2201093 0.3301051 0.1133616 0.2044345 0.2895380 0.1915090 0.2903821 0.2957097 0.3361346 0.2014002 0.2020572 0.2943999 0.2729360 0.2023783 0.2013722 0.2232057 0.2818876 0.3038218 0.2414213 0.2771940 0.1463181 0.2758263 0.1259358 0.1952067 0.3023747 
Amauria_rotundifolia_SRR9119150            0.2444227 0.2772611 0.0000000 0.3672056 0.3304025 0.0849580 0.2973721 0.5488631 0.2270462 0.1221828 0.0860602 0.1588310 0.0718439 0.1340365 0.3037460 0.3039365 0.0728132 0.3012445 0.0806688 0.0831266 0.6410468 0.0872209 0.2477407 0.3208524 0.2957119 0.0793746 0.3030166 0.1069801 0.0689256 0.3773993 0.2489162 0.3851806 0.0974621 0.2800855 0.0660290 0.0879034 0.0973154 0.0788185 0.0951707 0.2847626 0.0806770 0.0842994 0.0975324 0.5988368 0.1026534 0.2721927 0.0810113 0.2585993 0.0755062 0.0965347 0.1061788 0.0776369 0.0819286 0.1209401 0.2966082 0.0789955 0.2739524 0.1072373 0.3199010 0.0810100 0.0967919 0.0777167 0.1007793 0.2658304 0.3192031 0.0698626 0.2869781 0.1021162 0.1078638 0.2363479 0.2807829 0.3120546 0.1309804 0.0833500 0.2784928 0.2904297 0.0835081 0.0951602 0.1366662 0.1050664 0.0843308 0.2757397 0.0778262 0.3135586 0.2351340 0.1134035 
Conoclinium_coelestinum_SRR9119114         0.2043313 0.2773613 0.3672056 0.0000000 0.2490520 0.2635867 0.1303960 0.5076764 0.2814941 0.2916393 0.2953787 0.3011917 0.3463315 0.4622729 0.2453654 0.2522744 0.3324751 0.2859070 0.3485249 0.3611218 0.6893015 0.3537416 0.3537513 0.2580317 0.2153884 0.3393966 0.2711684 0.3277849 0.3118765 0.4151719 0.2186764 0.2495624 0.3294979 0.2294509 0.3509010 0.2967764 0.3042147 0.3548447 0.3035123 0.2216050 0.3320477 0.3246920 0.3394760 0.6098760 0.3678551 0.2794959 0.3499889 0.2496716 0.3063053 0.4166798 0.3256786 0.3219617 0.3306672 0.3432314 0.2370390 0.3204522 0.2283410 0.2998405 0.2545186 0.3325367 0.3078094 0.2403710 0.3658561 0.1995161 0.2595483 0.3342196 0.2334952 0.3860129 0.3367667 0.3463696 0.2391599 0.2547229 0.3027852 0.3068199 0.2151008 0.2358483 0.2369381 0.3558119 0.3268930 0.2937498 0.3375656 0.1989774 0.3538010 0.2251188 0.2625113 0.3670509 
Eutetras_palmeri_63                        0.1445358 0.1884652 0.3304025 0.2490520 0.0000000 0.2069382 0.1845564 0.4586299 0.2717049 0.2478547 0.2434445 0.2460772 0.3138129 0.2484572 0.1244405 0.1235450 0.3097463 0.2574521 0.2600514 0.2788659 0.6909541 0.2567911 0.4095469 0.1587421 0.1547019 0.3197915 0.1504257 0.2615691 0.3019883 0.2454659 0.1429988 0.2159003 0.2628276 0.1392746 0.4769019 0.2404525 0.2658672 0.2528146 0.2760003 0.1209575 0.2926388 0.2563238 0.3333029 0.5710885 0.3022984 0.1668501 0.2792077 0.1275685 0.2408076 0.3284870 0.2292109 0.2444196 0.2601397 0.2843427 0.1312909 0.2464252 0.1400671 0.2323122 0.1594407 0.3181962 0.2282960 0.1939764 0.2788058 0.1353317 0.1555348 0.3105189 0.1877505 0.3033715 0.3023815 0.3234237 0.1465022 0.1453915 0.2457623 0.2485903 0.1315184 0.1306092 0.2044311 0.2624630 0.2791849 0.2526331 0.2550646 0.1545465 0.3141947 0.1540374 0.1989190 0.2686716 
Eutetras_pringlei_149_quer                 0.2351552 0.2426132 0.0849580 0.2635867 0.2069382 0.0000000 0.2631904 0.4645188 0.2080613 0.1125656 0.0803480 0.0734464 0.0617772 0.0687338 0.2452712 0.2474887 0.0615424 0.2938008 0.0755854 0.0638664 0.6036525 0.0675505 0.1870588 0.2512673 0.2461086 0.0638139 0.2456862 0.1248426 0.0717965 0.2877123 0.2354591 0.2926984 0.0656630 0.2443339 0.0000010 0.0596719 0.0779486 0.0615229 0.0714417 0.2524354 0.0714175 0.0753458 0.0817066 0.5812824 0.0777478 0.2473532 0.0634634 0.2518969 0.0599872 0.0779346 0.0759066 0.0658309 0.0656108 0.1308186 0.2509241 0.0845452 0.2590618 0.0796828 0.2518969 0.0580022 0.0871109 0.0601874 0.0983383 0.2428994 0.2533636 0.0757579 0.2827633 0.1006257 0.0950110 0.1977979 0.2630225 0.2513747 0.1068591 0.0639710 0.2537210 0.2532627 0.0549632 0.0999712 0.1192884 0.1139384 0.0654854 0.2411491 0.0676847 0.2427160 0.2090298 0.0798743 
Eutrochium_fistulosum_SRR9119106           0.1982582 0.2473564 0.2973721 0.1303960 0.1845564 0.2631904 0.0000000 0.4945821 0.3086480 0.2675132 0.2928554 0.2738316 0.2951426 0.3021892 0.1919503 0.2028169 0.2904978 0.2959411 0.3056388 0.2969359 0.7217060 0.3098532 0.3557514 0.2035116 0.1914327 0.3023741 0.1979483 0.3022511 0.2770642 0.2820101 0.1793000 0.1833165 0.3122068 0.1995774 1.0178688 0.2903389 0.2984523 0.2993461 0.2951576 0.2002277 0.3015472 0.2993657 0.3065224 0.5890059 0.3034660 0.2104219 0.2963668 0.1955321 0.2948873 0.2995848 0.2781830 0.2927114 0.2992703 0.3160807 0.2019542 0.2988485 0.2162285 0.2930412 0.2005835 0.2967370 0.2990965 0.2042920 0.3172120 0.1469661 0.2091956 0.2792664 0.2291937 0.3333232 0.3177295 0.3259508 0.2003466 0.2022201 0.2743089 0.2905745 0.1968637 0.1965136 0.2013058 0.3316835 0.3164729 0.2833155 0.2961404 0.1978543 0.2976613 0.1762690 0.2450652 0.3110302 
Galeana_pratensis_104_mex                  0.5119840 0.3179086 0.5488631 0.5076764 0.4586299 0.4645188 0.4945821 0.0000000 0.5719818 0.5034878 0.5365726 0.5364142 0.5135742 0.5309908 0.4533364 0.4428127 0.5223480 0.4491380 0.5186465 0.5306146 0.6595670 0.5226014 0.3305823 0.4586612 0.4710253 0.5324255 0.4431978 0.5355232 0.5168311 0.5007576 0.3282876 0.5446993 0.5306067 0.5051496 0.0000010 0.5233775 0.5402697 0.5223349 0.5255835 0.4576590 0.5289333 0.5299253 0.5422108 0.5270220 0.5349753 0.4679070 0.5255007 0.4455321 0.5199374 0.5345394 0.5496747 0.5265267 0.5326245 0.5517250 0.4678426 0.5312208 0.4411257 0.4654913 0.4527470 0.5269081 0.4456105 0.4185527 0.5361893 0.2603142 0.4702734 0.5188511 0.5159230 0.5309309 0.5467231 0.3608156 0.4588375 0.4594535 0.5133378 0.5281655 0.4487491 0.4549044 0.4144817 0.5241862 0.5256908 0.5448595 0.5268851 0.4635239 0.5280757 0.4716252 0.4047368 0.4607699 
Helianthus_annuus_SRR9119062               0.3039410 0.2872378 0.2270462 0.2814941 0.2717049 0.2080613 0.3086480 0.5719818 0.0000000 0.2010025 0.1984169 0.2137825 0.1965019 0.4146656 0.3090974 0.2972929 0.1964962 0.3007350 0.2154557 0.2128490 0.6431342 0.2155548 0.3597120 0.3006146 0.3220904 0.1979042 0.3004972 0.1910261 0.2087740 0.3233354 0.2635406 0.3758539 0.1984340 0.3066698 0.2093469 0.2090792 0.2163713 0.2075157 0.1915963 0.3172891 0.2267937 0.2052602 0.2030492 0.5910531 0.2258843 0.2725975 0.2025073 0.2738443 0.1895769 0.3353708 0.2283946 0.2064091 0.1962379 0.2020613 0.3223720 0.2219430 0.3333576 0.2117199 0.3051410 0.1964208 0.2196840 0.1944552 0.2266976 0.3099920 0.3211471 0.2023669 0.3483246 0.2405359 0.1969890 0.3665209 0.2875796 0.3029266 0.2199157 0.2073954 0.3216617 0.2896310 0.1860093 0.2416315 0.2127851 0.2198706 0.2079808 0.3083264 0.2067036 0.3063987 0.2944953 0.2039868 
Lycapsus_tenuifolius_17                    0.2115621 0.2849707 0.1221828 0.2916393 0.2478547 0.1125656 0.2675132 0.5034878 0.2010025 0.0000000 0.1117746 0.1273643 0.1184609 0.2427790 0.2718001 0.2828512 0.1110841 0.2854682 0.1301062 0.1291028 0.6287683 0.1349132 0.2192545 0.2580726 0.2498414 0.1225146 0.2541929 0.0961863 0.1132845 0.3659762 0.2291121 0.2909227 0.1283941 0.2652562 0.0740665 0.1197329 0.1143727 0.1250641 0.1229933 0.2584895 0.1183854 0.1253662 0.1188515 0.5973799 0.1276993 0.2091316 0.1272237 0.2261716 0.1074531 0.1768707 0.1293243 0.1209528 0.1222687 0.1120990 0.2738286 0.1274543 0.2565703 0.1520498 0.2759715 0.1181046 0.1450643 0.1046850 0.1391212 0.2592220 0.2612571 0.1193840 0.2603628 0.1559547 0.1369999 0.2350583 0.2398614 0.2598300 0.0123251 0.1185644 0.2567819 0.2604734 0.1066700 0.1456746 0.1654650 0.1637133 0.1283533 0.2367766 0.1241463 0.2367037 0.2193047 0.1431037 
Pericome_caudata_50_silver                 0.2393004 0.2842228 0.0860602 0.2953787 0.2434445 0.0803480 0.2928554 0.5365726 0.1984169 0.1117746 0.0000000 0.0954093 0.0636251 0.1627935 0.2990862 0.2921584 0.0663679 0.2836515 0.0824941 0.0752452 0.6482066 0.0687057 0.1986031 0.2710388 0.2712131 0.0698122 0.2732384 0.0949921 0.0550410 0.3757665 0.2529770 0.3088261 0.0924244 0.2810179 0.0633030 0.0708720 0.0812637 0.0685570 0.0862333 0.2758818 0.0695584 0.0753995 0.0775960 0.6061531 0.0759113 0.2186564 0.0712696 0.2443143 0.0615924 0.1135179 0.0940025 0.0715656 0.0719675 0.1106780 0.2883723 0.0667588 0.2639714 0.0861524 0.2779919 0.0696113 0.0910086 0.0782676 0.0772209 0.2459561 0.2692250 0.0541312 0.2937791 0.0686339 0.0629322 0.2083765 0.2579113 0.2690569 0.1306662 0.0718549 0.2708506 0.2681879 0.0659216 0.0687191 0.1291944 0.1133890 0.0768567 0.2755599 0.0732726 0.2468394 0.2263235 0.0984820 
Perityle_aglossa_84_dead_horse             0.2031849 0.2755423 0.1588310 0.3011917 0.2460772 0.0734464 0.2738316 0.5364142 0.2137825 0.1273643 0.0954093 0.0000000 0.0893618 0.2302265 0.2550214 0.2620846 0.0766298 0.2780104 0.1125898 0.0866506 0.6190792 0.0503554 0.1472587 0.1995579 0.2252488 0.0898766 0.2249567 0.1298258 0.1334313 0.3520233 0.2349340 0.3059846 0.1173966 0.2398260 0.0256915 0.1047953 0.1356574 0.0482603 0.1223029 0.2394747 0.0962377 0.0640641 0.1655357 0.5725430 0.1761008 0.1919597 0.0858040 0.2007174 0.0384545 0.2253582 0.0406199 0.0550483 0.0662873 0.1716112 0.2365711 0.1064938 0.2459548 0.0935304 0.2119684 0.0870051 0.0895238 0.0649494 0.1203736 0.2344406 0.2054753 0.1387738 0.2317830 0.1713565 0.1457582 0.1762783 0.2282737 0.2031000 0.1441231 0.0515960 0.2015470 0.2188724 0.0194378 0.1270910 0.1627134 0.1621505 0.0528947 0.2464809 0.0955547 0.2337066 0.2124378 0.1023675 
Perityle_ajoensis_204                      0.2451596 0.2727313 0.0718439 0.3463315 0.3138129 0.0617772 0.2951426 0.5135742 0.1965019 0.1184609 0.0636251 0.0893618 0.0000000 0.0829746 0.2921325 0.2945777 0.0090531 0.3044139 0.0875074 0.0194016 0.6337290 0.0155225 0.1445343 0.3021869 0.2938406 0.0151784 0.2921789 0.1082569 0.0540976 0.3552957 0.2273976 0.3725801 0.0918520 0.2690461 0.0084652 0.0731677 0.0932008 0.0131419 0.0912475 0.2738450 0.0174762 0.0178401 0.0885845 0.5647907 0.0925237 0.2653359 0.0152880 0.2418808 0.0097611 0.1014634 0.0408536 0.0181880 0.0146468 0.1089564 0.2837476 0.0679832 0.2576234 0.0874922 0.3007720 0.0145667 0.0878796 0.0602547 0.0753941 0.2269162 0.2994129 0.0548455 0.2782906 0.0932191 0.0792681 0.1722506 0.2754481 0.2954817 0.1261369 0.0140975 0.2666615 0.2766131 0.0145373 0.0908181 0.1353092 0.0636231 0.0165292 0.2624309 0.0131997 0.2907372 0.2199678 0.0993899 
Perityle_ambrosiifolia_67_green            0.3740018 0.2794510 0.1340365 0.4622729 0.2484572 0.0687338 0.3021892 0.5309908 0.4146656 0.2427790 0.1627935 0.2302265 0.0829746 0.0000000 0.2959440 0.3043640 0.1835279 0.4957112 0.0966261 0.0728267 0.6272686 0.0210189 0.1623967 0.4657530 0.2651662 0.1120970 0.4009028 0.2207130 0.1886552 0.4069690 0.2206398 0.2891296 0.1810518 0.2658887 0.5848303 0.0785533 0.2104099 0.0418778 0.2400168 0.2775648 0.1560865 0.0849118 0.2028195 0.5698337 0.1002328 0.4022940 0.0754992 0.3899874 0.1232004 0.2392228 0.1019510 0.0876589 0.0900350 0.2266636 0.2843941 0.0822193 0.2656202 0.0950825 0.3620937 0.1255807 0.0926372 0.0651805 0.0875569 0.2320198 0.4126237 0.1254980 0.2806773 0.1018276 0.1932205 0.1808116 0.3799190 0.4111342 0.1292019 0.1252676 0.2645284 0.3760315 0.0195077 0.1036418 0.2526373 0.0735742 0.0776449 0.2698470 0.0731193 0.4545425 0.2285819 0.1061595 
Perityle_angustifolia_13_Eagle_creek       0.1322463 0.1987849 0.3037460 0.2453654 0.1244405 0.2452712 0.1919503 0.4533364 0.3090974 0.2718001 0.2990862 0.2550214 0.2921325 0.2959440 0.0000000 0.0448843 0.2893227 0.2747409 0.2973272 0.2916929 0.6948455 0.3071390 0.3982856 0.0166892 0.1109593 0.2978085 0.0539414 0.3001140 0.2778845 0.2969196 0.1785610 0.2172014 0.3024932 0.1554890 0.5331098 0.2764606 0.2976685 0.2940811 0.3008277 0.0375874 0.3010427 0.2990491 0.3145745 0.5796197 0.3112818 0.1694562 0.2949429 0.0179047 0.2878446 0.3142510 0.2660292 0.2893990 0.2974550 0.3029603 0.0219111 0.2974624 0.1173408 0.2860690 0.0179121 0.2948378 0.2690048 0.2343129 0.3171831 0.0443546 0.0252420 0.2839804 0.1154182 0.3203229 0.3103093 0.3592672 0.0772839 0.0203411 0.2848008 0.2894831 0.0171526 0.0082946 0.2300815 0.3224059 0.3139583 0.2307370 0.2904783 0.1426086 0.2921428 0.1624924 0.1437150 0.3265389 
Perityle_batopilensis_97                   0.1379222 0.1981587 0.3039365 0.2522744 0.1235450 0.2474887 0.2028169 0.4428127 0.2972929 0.2828512 0.2921584 0.2620846 0.2945777 0.3043640 0.0448843 0.0000000 0.2918490 0.2586059 0.3077731 0.2993753 0.7208232 0.3081787 0.3420107 0.0417719 0.1298251 0.2984666 0.0688855 0.3055630 0.2845401 0.3258057 0.1740772 0.2226078 0.3111528 0.1537056 0.4355060 0.2768711 0.3078123 0.2964660 0.3080681 0.0293572 0.2976171 0.2977099 0.3166423 0.6257095 0.3134446 0.1871886 0.2954209 0.0430386 0.2938813 0.3195480 0.2726914 0.2919236 0.2997096 0.3021105 0.0444411 0.2995773 0.1142767 0.2770882 0.0418250 0.2990825 0.2791398 0.2281741 0.3157763 0.0537405 0.0539472 0.2885431 0.1349785 0.3253052 0.3168501 0.3314795 0.0723936 0.0465956 0.3036525 0.2973952 0.0428319 0.0430049 0.2170483 0.3249123 0.3150709 0.2337300 0.2965575 0.1392044 0.2962326 0.1563725 0.1519581 0.3261331 
Perityle_bisetosa_9                        0.2195583 0.2727152 0.0728132 0.3324751 0.3097463 0.0615424 0.2904978 0.5223480 0.1964962 0.1110841 0.0663679 0.0766298 0.0090531 0.1835279 0.2893227 0.2918490 0.0000000 0.2691814 0.0847151 0.0147352 0.6263952 0.0128820 0.1370281 0.2743639 0.2915329 0.0130930 0.2833872 0.1045267 0.0583773 0.3657739 0.2310714 0.3715250 0.0901302 0.2683458 0.0205233 0.0700762 0.0899508 0.0076283 0.0849686 0.2711458 0.0287751 0.0159337 0.0875414 0.5688294 0.0901930 0.2234020 0.0125634 0.2290113 0.0082577 0.1436198 0.0408063 0.0181739 0.0136525 0.1058345 0.2831559 0.0691352 0.2567659 0.0871476 0.3001484 0.0133187 0.0875536 0.0624384 0.0741006 0.2305843 0.2805863 0.0556596 0.2772177 0.0918974 0.0764079 0.1759927 0.2581148 0.2747961 0.1229042 0.0140881 0.2678626 0.2691315 0.0120961 0.0893663 0.1281418 0.0584661 0.0165162 0.2639015 0.0126554 0.2603299 0.2213878 0.0973886 
Perityle_californica_76_positas            0.1957415 0.1932142 0.3012445 0.2859070 0.2574521 0.2938008 0.2959411 0.4491380 0.3007350 0.2854682 0.2836515 0.2780104 0.3044139 0.4957112 0.2747409 0.2586059 0.2691814 0.0000000 0.3292406 0.3184981 0.7778647 0.3550721 0.3640533 0.2082775 0.2571501 0.2999246 0.2447522 0.3043334 0.2820464 0.3735898 0.1509544 0.1729506 0.2990022 0.2619642 0.2431182 0.3262550 0.3084789 0.3185297 0.2806096 0.2758807 0.2812965 0.3099550 0.3016022 0.6351721 0.3247236 0.2354105 0.3127510 0.2461165 0.2924669 0.3896032 0.3410905 0.3002255 0.3100509 0.3028956 0.2780194 0.2995284 0.2071118 0.3383727 0.2392296 0.2953412 0.3328072 0.2375677 0.3310938 0.1562189 0.2185112 0.2927992 0.2211662 0.3232405 0.3031364 0.3375006 0.2390851 0.2274603 0.3385503 0.2940928 0.2594090 0.2274778 0.2332444 0.3103500 0.3071847 0.2749745 0.3081303 0.1663414 0.3132338 0.1157003 0.3003760 0.3876940 
Perityle_canescens_77                      0.2594163 0.2840010 0.0806688 0.3485249 0.2600514 0.0755854 0.3056388 0.5186465 0.2154557 0.1301062 0.0824941 0.1125898 0.0875074 0.0966261 0.2973272 0.3077731 0.0847151 0.3292406 0.0000000 0.0892811 0.6750750 0.0991900 0.1843312 0.2984871 0.2757311 0.0942018 0.3027068 0.1274051 0.0666481 0.3715089 0.2261517 0.3066079 0.0925231 0.2858525 0.0658989 0.0788124 0.1102094 0.0888375 0.1051946 0.3019055 0.0940570 0.0966864 0.1043522 0.6063306 0.1013621 0.2520257 0.0886323 0.2962472 0.0876538 0.1042520 0.1145255 0.0914832 0.0914826 0.1329679 0.3100861 0.0853842 0.2730985 0.0831406 0.2959877 0.0915409 0.0998775 0.0499619 0.1025859 0.2343252 0.2997769 0.0693603 0.2863579 0.1093212 0.1094702 0.1897798 0.2894934 0.2995299 0.1388686 0.0916352 0.2812898 0.2973806 0.0600541 0.1119318 0.1422463 0.1165163 0.0933247 0.2655933 0.0900922 0.2711813 0.2291552 0.0972116 
Perityle_castillonii_96                    0.2489904 0.2836609 0.0831266 0.3611218 0.2788659 0.0638664 0.2969359 0.5306146 0.2128490 0.1291028 0.0752452 0.0866506 0.0194016 0.0728267 0.2916929 0.2993753 0.0147352 0.3184981 0.0892811 0.0000000 0.6357251 0.0234908 0.1394358 0.3039395 0.2945333 0.0223660 0.3038153 0.1143321 0.0624491 0.3627304 0.2386817 0.3283513 0.1004166 0.2772056 0.0304632 0.0748925 0.0978617 0.0176531 0.0992462 0.2805617 0.0231650 0.0241888 0.0986297 0.5698632 0.0996839 0.2581296 0.0203181 0.2587609 0.0172747 0.0985553 0.0497567 0.0267977 0.0228837 0.1186314 0.2935569 0.0720145 0.2620681 0.0876456 0.3063504 0.0250273 0.0934260 0.0674447 0.0849284 0.2381825 0.3077412 0.0656992 0.2825618 0.1012354 0.0929797 0.1757680 0.2823101 0.3048931 0.1323946 0.0234685 0.2714376 0.2826533 0.0169859 0.0961509 0.1509303 0.0675888 0.0247886 0.2714165 0.0222317 0.2853420 0.2260227 0.1025687 
Perityle_cernua_84                         0.6877324 0.6297175 0.6410468 0.6893015 0.6909541 0.6036525 0.7217060 0.6595670 0.6431342 0.6287683 0.6482066 0.6190792 0.6337290 0.6272686 0.6948455 0.7208232 0.6263952 0.7778647 0.6750750 0.6357251 0.0000000 0.6448245 0.4685277 0.7087139 0.7122594 0.6445979 0.7019907 0.6604994 0.6551100 0.7373176 0.4599630 0.6820177 0.6925219 0.6924083 0.2377067 0.6597999 0.6856504 0.6359895 0.6633310 0.7088144 0.6313906 0.6324812 0.6760021 0.1250676 0.6749291 0.7060726 0.6368752 0.7032013 0.6239201 0.6784834 0.6285977 0.6310008 0.6340666 0.6808125 0.7064644 0.6753694 0.6849787 0.6437635 0.7010862 0.6302023 0.6512878 0.5214565 0.6748157 0.4197843 0.6842018 0.6628723 0.6265214 0.6661822 0.6709514 0.4304762 0.7032523 0.7061835 0.6406625 0.6269179 0.6937033 0.7136170 0.4930647 0.6672884 0.7318341 0.6500999 0.6309647 0.6253071 0.6325671 0.6711467 0.6691030 0.6608188 
Perityle_cfvillosa_25_tin                  0.2657927 0.2835370 0.0872209 0.3537416 0.2567911 0.0675505 0.3098532 0.5226014 0.2155548 0.1349132 0.0687057 0.0503554 0.0155225 0.0210189 0.3071390 0.3081787 0.0128820 0.3550721 0.0991900 0.0234908 0.6448245 0.0000000 0.1445170 0.3092774 0.2839919 0.0221157 0.3029886 0.1221807 0.0628674 0.3485628 0.2350684 0.3236275 0.1098441 0.2809515 0.0000010 0.0823031 0.1063648 0.0168328 0.1105587 0.2980428 0.0207424 0.0233736 0.1073878 0.5702521 0.1041261 0.2729734 0.0167923 0.3065882 0.0142413 0.1058623 0.0396262 0.0260810 0.0115793 0.1251571 0.2998993 0.0832095 0.2622633 0.0914750 0.3062853 0.0129350 0.0935872 0.0727276 0.0802075 0.2345744 0.3079903 0.0674037 0.3057834 0.1034428 0.0914558 0.1800374 0.2952724 0.3080008 0.1358141 0.0168652 0.2818086 0.3073870 0.0219180 0.1079415 0.1522148 0.0834863 0.0182508 0.2697040 0.0128853 0.2732928 0.2258105 0.1009547 
Perityle_cinerea_113_Powell1310            0.3350148 0.3545860 0.2477407 0.3537513 0.4095469 0.1870588 0.3557514 0.3305823 0.3597120 0.2192545 0.1986031 0.1472587 0.1445343 0.1623967 0.3982856 0.3420107 0.1370281 0.3640533 0.1843312 0.1394358 0.4685277 0.1445170 0.0000000 0.3847865 0.3663520 0.1423200 0.3504645 0.2780191 0.1810140 0.3137096 0.2735695 0.4719268 0.1928704 0.3155562 0.0000010 0.1991552 0.2214333 0.1444120 0.1947013 0.3902095 0.1469908 0.1495709 0.2149445 0.4752318 0.2246039 0.3776999 0.1444120 0.3799919 0.1523836 0.2369820 0.1508505 0.1600015 0.1445343 0.2869944 0.3918035 0.1891027 0.3786965 0.1871735 0.3952865 0.1420139 0.2349342 0.1852712 0.2331576 0.3602357 0.3841373 0.1895863 0.5316629 0.2232160 0.2177316 0.0492625 0.3218809 0.3778132 0.2271870 0.1520533 0.3927742 0.3910676 0.1137747 0.2090465 0.2379723 0.1498422 0.1548337 0.3984164 0.1550917 0.3287815 0.3689205 0.2151068 
Perityle_coahuilensis_24                   0.1149831 0.1993863 0.3208524 0.2580317 0.1587421 0.2512673 0.2035116 0.4586612 0.3006146 0.2580726 0.2710388 0.1995579 0.3021869 0.4657530 0.0166892 0.0417719 0.2743639 0.2082775 0.2984871 0.3039395 0.7087139 0.3092774 0.3847865 0.0000000 0.1392219 0.2962964 0.0737522 0.2783918 0.2911277 0.3408327 0.1793103 0.2712093 0.2912444 0.1525890 0.2391993 0.2766940 0.2857448 0.2854026 0.2651659 0.0451298 0.2642705 0.2759726 0.3162867 0.6032972 0.3362267 0.1945064 0.3038936 0.0318174 0.2559433 0.3940944 0.2573776 0.2704840 0.2833679 0.3076041 0.0221561 0.2800813 0.1120809 0.2873163 0.0134368 0.2921850 0.2819173 0.2418164 0.3100478 0.0415486 0.0214534 0.3075610 0.1238156 0.3532339 0.3039610 0.3654377 0.0874703 0.0087726 0.2914773 0.2611346 0.0092439 0.0122004 0.2309463 0.3141104 0.2859802 0.2593810 0.2786172 0.1462692 0.3073974 0.1546824 0.1435936 0.3325555 
Perityle_cochisensis_44_cave_creek         0.1404302 0.1734843 0.2957119 0.2153884 0.1547019 0.2461086 0.1914327 0.4710253 0.3220904 0.2498414 0.2712131 0.2252488 0.2938406 0.2651662 0.1109593 0.1298251 0.2915329 0.2571501 0.2757311 0.2945333 0.7122594 0.2839919 0.3663520 0.1392219 0.0000000 0.3001510 0.1284666 0.2789656 0.2880399 0.2455537 0.1649580 0.2213844 0.2798519 0.1677059 0.9747181 0.2702373 0.2869369 0.2717483 0.2728738 0.1200412 0.2952783 0.2648831 0.3128179 0.5672693 0.3122837 0.1654764 0.2929806 0.1262571 0.2590794 0.3124541 0.2266178 0.2516762 0.2700188 0.3035929 0.1188667 0.2724564 0.0980722 0.2885087 0.1343802 0.2986509 0.2683726 0.2283753 0.2898073 0.1074446 0.1395649 0.2898669 0.1238584 0.3339843 0.3209807 0.3305017 0.1294711 0.1391197 0.2408530 0.2607580 0.1225511 0.1173085 0.2245487 0.2928116 0.2821834 0.2380082 0.2660857 0.1380154 0.2908370 0.1951165 0.1743013 0.2970612 
Perityle_congesta_202                      0.2429948 0.2810168 0.0793746 0.3393966 0.3197915 0.0638139 0.3023741 0.5324255 0.1979042 0.1225146 0.0698122 0.0898766 0.0151784 0.1120970 0.2978085 0.2984666 0.0130930 0.2999246 0.0942018 0.0223660 0.6445979 0.0221157 0.1423200 0.2962964 0.3001510 0.0000000 0.2928617 0.1098023 0.0640501 0.3725520 0.2391240 0.3795805 0.0970945 0.2754007 0.0147884 0.0762063 0.0969471 0.0164949 0.0996017 0.2796417 0.0213755 0.0227422 0.0964206 0.5838771 0.0986993 0.2639924 0.0172267 0.2385032 0.0142077 0.1248295 0.0463319 0.0250549 0.0211926 0.1108770 0.2895254 0.0771673 0.2654134 0.0937833 0.3069136 0.0164245 0.0937195 0.0653457 0.0825128 0.2386231 0.2960046 0.0648183 0.2834622 0.0998737 0.0878850 0.1841555 0.2738546 0.2921474 0.1322482 0.0201226 0.2745943 0.2768759 0.0121136 0.0999019 0.1430779 0.0667884 0.0234914 0.2755955 0.0164258 0.2906309 0.2282897 0.1045234 
Perityle_cordifolia_27                     0.1335319 0.1896004 0.3030166 0.2711684 0.1504257 0.2456862 0.1979483 0.4431978 0.3004972 0.2541929 0.2732384 0.2249567 0.2921789 0.4009028 0.0539414 0.0688855 0.2833872 0.2447522 0.3027068 0.3038153 0.7019907 0.3029886 0.3504645 0.0737522 0.1284666 0.2928617 0.0000000 0.2763251 0.2891475 0.3445741 0.1787702 0.2406211 0.2950311 0.1580314 0.2885250 0.2752292 0.2795477 0.2826787 0.2866350 0.0655718 0.2826306 0.2743333 0.3099446 0.5901939 0.3266648 0.1964722 0.3050116 0.0842384 0.2634337 0.3814989 0.2554321 0.2700903 0.2805341 0.2979667 0.0522611 0.2879914 0.1230582 0.2892403 0.0721662 0.2899801 0.2721951 0.2380445 0.2978617 0.0444664 0.0817730 0.2939981 0.1155209 0.3444036 0.3010395 0.3507557 0.0918020 0.0732362 0.2796630 0.2661248 0.0563327 0.0685917 0.2243012 0.3062442 0.2895683 0.2556718 0.2769171 0.1426033 0.2971326 0.1765155 0.1510515 0.3212612 
Perityle_cordifolia_68_tecolote            0.2451084 0.2876363 0.1069801 0.3277849 0.2615691 0.1248426 0.3022511 0.5355232 0.1910261 0.0961863 0.0949921 0.1298258 0.1082569 0.2207130 0.3001140 0.3055630 0.1045267 0.3043334 0.1274051 0.1143321 0.6604994 0.1221807 0.2780191 0.2783918 0.2789656 0.1098023 0.2763251 0.0000000 0.0988572 0.4050663 0.2517780 0.2954443 0.1331051 0.2850708 0.0797976 0.1160033 0.1275103 0.1174630 0.1226028 0.2992335 0.1114613 0.1180061 0.1228765 0.6090680 0.1297660 0.2209768 0.1149328 0.2473092 0.1047448 0.1575697 0.1356921 0.1111472 0.1135471 0.0591511 0.3075109 0.1203799 0.2760976 0.1610017 0.2901254 0.1092200 0.1377677 0.1093147 0.1306107 0.2574139 0.2781046 0.1029290 0.3029715 0.1236580 0.1249788 0.2623189 0.2624696 0.2804615 0.1094889 0.1105181 0.2793313 0.2780144 0.1196868 0.1292485 0.1690087 0.1767462 0.1166842 0.2631481 0.1114610 0.2491960 0.2182992 0.1329387 
Perityle_coronopifolia_28_patagonia        0.2303635 0.2872257 0.0689256 0.3118765 0.3019883 0.0717965 0.2770642 0.5168311 0.2087740 0.1132845 0.0550410 0.1334313 0.0540976 0.1886552 0.2778845 0.2845401 0.0583773 0.2820464 0.0666481 0.0624491 0.6551100 0.0628674 0.1810140 0.2911277 0.2880399 0.0640501 0.2891475 0.0988572 0.0000000 0.3703077 0.2315399 0.3735044 0.0854646 0.2645780 0.0862150 0.0631351 0.0849260 0.0577789 0.0766203 0.2618905 0.0757542 0.0648537 0.0819425 0.5998861 0.0820076 0.2602894 0.0629394 0.2369344 0.0561634 0.1399614 0.0867189 0.0606813 0.0586641 0.1090976 0.2772401 0.0386250 0.2625329 0.0875837 0.3029972 0.0619619 0.0865977 0.0525626 0.0730886 0.2269135 0.2862908 0.0072132 0.2794740 0.0873036 0.0757264 0.1980831 0.2640091 0.2823499 0.1211701 0.0626162 0.2633460 0.2668488 0.0498932 0.0814584 0.1167455 0.0950007 0.0641526 0.2566942 0.0604260 0.2912399 0.2218365 0.0887911 
Perityle_crassifolia_70_ventanas           0.2528076 0.2628645 0.3773993 0.4151719 0.2454659 0.2877123 0.2820101 0.5007576 0.3233354 0.3659762 0.3757665 0.3520233 0.3552957 0.4069690 0.2969196 0.3258057 0.3657739 0.3735898 0.3715089 0.3627304 0.7373176 0.3485628 0.3137096 0.3408327 0.2455537 0.3725520 0.3445741 0.4050663 0.3703077 0.0000000 0.0224448 0.2296555 0.3823731 0.2513105 0.7990293 0.3180924 0.3710003 0.3513291 0.3959508 0.2703526 0.3753016 0.3606045 0.4005216 0.6600133 0.3816905 0.3248371 0.3525233 0.3432770 0.3662474 0.4265714 0.3442558 0.3585031 0.3648029 0.4105444 0.2878362 0.3595028 0.2408235 0.3107141 0.3295316 0.3693949 0.3178827 0.2246903 0.3870911 0.1803126 0.3532385 0.3478359 0.2185732 0.3813242 0.3936713 0.3011968 0.3251525 0.3441960 0.3274469 0.3696633 0.2477906 0.3349118 0.2234210 0.3897761 0.4141769 0.2787624 0.3583435 0.1768587 0.3575505 0.2779470 0.2869540 0.4147487 
Perityle_crassifolia_74_playa_balandra     0.1344389 0.1682889 0.2489162 0.2186764 0.1429988 0.2354591 0.1793000 0.3282876 0.2635406 0.2291121 0.2529770 0.2349340 0.2273976 0.2206398 0.1785610 0.1740772 0.2310714 0.1509544 0.2261517 0.2386817 0.4599630 0.2350684 0.2735695 0.1793103 0.1649580 0.2391240 0.1787702 0.2517780 0.2315399 0.0224448 0.0000000 0.2321621 0.2294798 0.1397146 0.0000010 0.2306690 0.2425807 0.2310714 0.2339602 0.1784941 0.2430628 0.2394557 0.2514038 0.4611000 0.2477622 0.1789206 0.2310714 0.1721896 0.2278650 0.2526054 0.2422447 0.2313866 0.2353016 0.2484409 0.1827184 0.2465946 0.1804196 0.2470260 0.1799364 0.2311457 0.2217016 0.2345178 0.2742446 0.1898073 0.1864650 0.2311504 0.2470244 0.2491687 0.2542825 0.2929613 0.1653305 0.1790854 0.2324705 0.2238455 0.1828836 0.1827113 0.2388195 0.2396231 0.2380255 0.2425854 0.2313592 0.1650876 0.2278650 0.1486360 0.1793832 0.2527321 
Perityle_cuneata_34_cuneata_San_antonio    0.1980548 0.2223861 0.3851806 0.2495624 0.2159003 0.2926984 0.1833165 0.5446993 0.3758539 0.2909227 0.3088261 0.3059846 0.3725801 0.2891296 0.2172014 0.2226078 0.3715250 0.1729506 0.3066079 0.3283513 0.6820177 0.3236275 0.4719268 0.2712093 0.2213844 0.3795805 0.2406211 0.2954443 0.3735044 0.2296555 0.2321621 0.0000000 0.3082401 0.2236510 0.0000010 0.3083160 0.3313197 0.2992085 0.3117139 0.2148499 0.3448579 0.3029923 0.4081025 0.6101594 0.3725230 0.2174455 0.3330337 0.2265813 0.2859327 0.3976859 0.2620599 0.2838546 0.3065427 0.3470652 0.2226621 0.3114274 0.2507969 0.3314227 0.2701602 0.3743403 0.3051149 0.2896276 0.3035815 0.2486117 0.2553233 0.3791238 0.1768773 0.3696338 0.3725040 0.4431592 0.2107648 0.2480640 0.2711195 0.2957141 0.2279165 0.2280725 0.2899590 0.3133873 0.2935033 0.3375292 0.2945080 0.2039221 0.3749506 0.1059193 0.2297251 0.3349196 
Perityle_cuneata_4                         0.2453013 0.2960189 0.0974621 0.3294979 0.2628276 0.0656630 0.3122068 0.5306067 0.1984340 0.1283941 0.0924244 0.1173966 0.0918520 0.1810518 0.3024932 0.3111528 0.0901302 0.2990022 0.0925231 0.1004166 0.6925219 0.1098441 0.1928704 0.2912444 0.2798519 0.0970945 0.2950311 0.1331051 0.0854646 0.3823731 0.2294798 0.3082401 0.0000000 0.2843963 0.0965948 0.0772343 0.0957548 0.0993906 0.1013071 0.2925100 0.0980814 0.1021509 0.0975557 0.6133898 0.0968754 0.2244177 0.0979811 0.2559827 0.0903613 0.1210849 0.1221269 0.0990927 0.0959069 0.1341338 0.3088268 0.0982182 0.2612885 0.0854879 0.2929691 0.0958736 0.1015229 0.0696610 0.1123666 0.2260109 0.2922957 0.0875832 0.2800445 0.1154895 0.1094312 0.2130464 0.2831616 0.2934624 0.1410166 0.0949021 0.2791622 0.2874697 0.0601415 0.1174485 0.1603973 0.1201096 0.0994255 0.2600345 0.0979759 0.2553067 0.2235270 0.1106002 
Perityle_discoidea_81                      0.1642289 0.1916085 0.2800855 0.2294509 0.1392746 0.2443339 0.1995774 0.5051496 0.3066698 0.2652562 0.2810179 0.2398260 0.2690461 0.2658887 0.1554890 0.1537056 0.2683458 0.2619642 0.2858525 0.2772056 0.6924083 0.2809515 0.3155562 0.1525890 0.1677059 0.2754007 0.1580314 0.2850708 0.2645780 0.2513105 0.1397146 0.2236510 0.2843963 0.0000000 0.0000010 0.2780469 0.2941928 0.2708991 0.2767465 0.1497721 0.2705882 0.2648285 0.2890718 0.5795179 0.2864444 0.1665464 0.2700499 0.1540670 0.2563196 0.2846847 0.2401982 0.2544857 0.2704405 0.2897158 0.1491351 0.2742754 0.1587211 0.2584144 0.1573644 0.2685789 0.2591802 0.2156034 0.2881122 0.1272698 0.1586043 0.2664945 0.1981324 0.3032035 0.2903828 0.3392669 0.1684685 0.1544314 0.2712241 0.2620509 0.1541023 0.1583039 0.2109195 0.2859207 0.2942103 0.2497033 0.2676083 0.1700397 0.2712394 0.1834718 0.2152530 0.2796183 
Perityle_dissecta_201                      0.1385227 0.0856181 0.0660290 0.3509010 0.4769019 0.0000010 1.0178688 0.0000010 0.2093469 0.0740665 0.0633030 0.0256915 0.0084652 0.5848303 0.5331098 0.4355060 0.0205233 0.2431182 0.0658989 0.0304632 0.2377067 0.0000010 0.0000010 0.2391993 0.9747181 0.0147884 0.2885250 0.0797976 0.0862150 0.7990293 0.0000010 0.0000010 0.0965948 0.0000010 0.0000000 0.1279193 0.0736371 0.0194969 0.0985050 0.5615554 0.0753863 0.0224088 0.0740036 0.8037786 0.1042948 0.0701713 0.0230311 0.1356417 0.0100036 0.3215522 0.0148588 0.0129335 0.0209357 0.0897202 0.7794795 0.0359734 0.0000010 0.0000010 0.3111661 0.0165486 0.0000010 0.0000010 0.0694176 0.0000010 0.2500511 0.0597292 0.0000010 0.0831672 0.0825177 0.0000010 0.2314369 0.2350190 0.1427251 0.0163453 0.0000010 0.2660995 0.0000010 0.0755780 0.1572982 0.0000010 0.0189009 0.0000010 0.0142667 0.2172157 0.1279193 0.1575100 
Perityle_emoryi_47_punta_san_jose          0.2529591 0.2716514 0.0879034 0.2967764 0.2404525 0.0596719 0.2903389 0.5233775 0.2090792 0.1197329 0.0708720 0.1047953 0.0731677 0.0785533 0.2764606 0.2768711 0.0700762 0.3262550 0.0788124 0.0748925 0.6597999 0.0823031 0.1991552 0.2766940 0.2702373 0.0762063 0.2752292 0.1160033 0.0631351 0.3180924 0.2306690 0.3083160 0.0772343 0.2780469 0.1279193 0.0000000 0.0915784 0.0701193 0.0757740 0.2781658 0.0775354 0.0820106 0.0885690 0.5792814 0.0882588 0.2625650 0.0700469 0.2758203 0.0703697 0.0884689 0.1101094 0.0776287 0.0746131 0.1267910 0.2750135 0.0818847 0.2585994 0.0791860 0.2755459 0.0747501 0.0838044 0.0573838 0.0943553 0.2150805 0.2772039 0.0661264 0.2906892 0.1098775 0.0973263 0.2012769 0.2767878 0.2774993 0.1221292 0.0748498 0.2700213 0.2728024 0.0525023 0.1143863 0.1246077 0.1090272 0.0781721 0.2594694 0.0776394 0.2569566 0.1998844 0.0811204 
Perityle_feddemae_99                       0.2426290 0.2944200 0.0973154 0.3042147 0.2658672 0.0779486 0.2984523 0.5402697 0.2163713 0.1143727 0.0812637 0.1356574 0.0932008 0.2104099 0.2976685 0.3078123 0.0899508 0.3084789 0.1102094 0.0978617 0.6856504 0.1063648 0.2214333 0.2857448 0.2869369 0.0969471 0.2795477 0.1275103 0.0849260 0.3710003 0.2425807 0.3313197 0.0957548 0.2941928 0.0736371 0.0915784 0.0000000 0.0997614 0.0850040 0.2844776 0.0994251 0.1014143 0.0194614 0.6123642 0.0176520 0.2257961 0.0946135 0.2451647 0.0873042 0.0683320 0.1302710 0.0966244 0.0914518 0.1288388 0.2919959 0.0963433 0.2784513 0.0986182 0.3016203 0.0944937 0.1062022 0.0912548 0.1096658 0.2474287 0.2876330 0.0907470 0.2892806 0.1119066 0.0922324 0.2302458 0.2850544 0.2849427 0.1183694 0.0937170 0.2945174 0.2893766 0.0758282 0.1054588 0.1260082 0.1365883 0.0997955 0.2829864 0.0958538 0.2703963 0.2234278 0.0911508 
Perityle_fosteri_93                        0.2562584 0.2809180 0.0788185 0.3548447 0.2528146 0.0615229 0.2993461 0.5223349 0.2075157 0.1250641 0.0685570 0.0482603 0.0131419 0.0418778 0.2940811 0.2964660 0.0076283 0.3185297 0.0888375 0.0176531 0.6359895 0.0168328 0.1444120 0.2854026 0.2717483 0.0164949 0.2826787 0.1174630 0.0577789 0.3513291 0.2310714 0.2992085 0.0993906 0.2708991 0.0194969 0.0701193 0.0997614 0.0000000 0.0922025 0.2863953 0.0186975 0.0209162 0.1001626 0.5739819 0.0946375 0.2332465 0.0087277 0.2752778 0.0131633 0.1013280 0.0473273 0.0231774 0.0175821 0.1268441 0.2942417 0.0765278 0.2591297 0.0871183 0.2879822 0.0164825 0.0895268 0.0624384 0.0752701 0.2305843 0.2880227 0.0616630 0.2858592 0.0930812 0.0902619 0.1759927 0.2771219 0.2862873 0.1293935 0.0164974 0.2713184 0.2826332 0.0120961 0.0955715 0.1411757 0.0697037 0.0176715 0.2686950 0.0153582 0.2579069 0.2235378 0.1010653 
Perityle_gamon_221                         0.2218644 0.2762956 0.0951707 0.3035123 0.2760003 0.0714417 0.2951576 0.5255835 0.1915963 0.1229933 0.0862333 0.1223029 0.0912475 0.2400168 0.3008277 0.3080681 0.0849686 0.2806096 0.1051946 0.0992462 0.6633310 0.1105587 0.1947013 0.2651659 0.2728738 0.0996017 0.2866350 0.1226028 0.0766203 0.3959508 0.2339602 0.3117139 0.1013071 0.2767465 0.0985050 0.0757740 0.0850040 0.0922025 0.0000000 0.2903898 0.1064409 0.0998446 0.0871962 0.5925169 0.0931430 0.1938798 0.0936860 0.2394784 0.0871578 0.1513597 0.1256452 0.0936192 0.0971619 0.1362673 0.3012472 0.0905503 0.2604446 0.0794336 0.2876508 0.0938023 0.0979385 0.0696450 0.1079250 0.2299814 0.2739553 0.0794997 0.2807194 0.1120587 0.1051622 0.2211255 0.2772428 0.2689032 0.1345719 0.0931446 0.2727311 0.2792611 0.0601115 0.1075982 0.1338554 0.1136169 0.0986955 0.2697444 0.1012819 0.2523915 0.2107710 0.1097067 
Perityle_gentryi_8_san_francisco           0.1389640 0.1993884 0.2847626 0.2216050 0.1209575 0.2524354 0.2002277 0.4576590 0.3172891 0.2584895 0.2758818 0.2394747 0.2738450 0.2775648 0.0375874 0.0293572 0.2711458 0.2758807 0.3019055 0.2805617 0.7088144 0.2980428 0.3902095 0.0451298 0.1200412 0.2796417 0.0655718 0.2992335 0.2618905 0.2703526 0.1784941 0.2148499 0.2925100 0.1497721 0.5615554 0.2781658 0.2844776 0.2863953 0.2903898 0.0000000 0.2807116 0.2787756 0.2907848 0.5937131 0.2898485 0.1662912 0.2745372 0.0453512 0.2696803 0.2942454 0.2466899 0.2694913 0.2751230 0.2894922 0.0426401 0.2812347 0.1249421 0.2853857 0.0439311 0.2765401 0.2660999 0.2312474 0.2958730 0.0647477 0.0515056 0.2656448 0.1255141 0.3018519 0.2940852 0.3691803 0.0755960 0.0489766 0.2700030 0.2712923 0.0468784 0.0388848 0.2299212 0.3039012 0.2936956 0.2266471 0.2721225 0.1500976 0.2738531 0.1599137 0.1563934 0.3189620 
Perityle_gilensis_22_Superstition          0.2230038 0.2869659 0.0806770 0.3320477 0.2926388 0.0714175 0.3015472 0.5289333 0.2267937 0.1183854 0.0695584 0.0962377 0.0174762 0.1560865 0.3010427 0.2976171 0.0287751 0.2812965 0.0940570 0.0231650 0.6313906 0.0207424 0.1469908 0.2642705 0.2952783 0.0213755 0.2826306 0.1114613 0.0757542 0.3753016 0.2430628 0.3448579 0.0980814 0.2705882 0.0753863 0.0775354 0.0994251 0.0186975 0.1064409 0.2807116 0.0000000 0.0065183 0.0954239 0.5750286 0.0993868 0.2458218 0.0207650 0.2304259 0.0184918 0.1564628 0.0495124 0.0240191 0.0201249 0.1118339 0.2921637 0.0797027 0.2613508 0.0976123 0.3025542 0.0240900 0.0935498 0.0726029 0.0800021 0.2424174 0.2693820 0.0672334 0.2903237 0.1014154 0.0850798 0.1836799 0.2625712 0.2716772 0.1302724 0.0239463 0.2735437 0.2748847 0.0219408 0.0997377 0.1402984 0.0610733 0.0244372 0.2709955 0.0197109 0.2508874 0.2277420 0.1111410 
Perityle_gilensis_salensis_225             0.2488984 0.2844426 0.0842994 0.3246920 0.2563238 0.0753458 0.2993657 0.5299253 0.2052602 0.1253662 0.0753995 0.0640641 0.0178401 0.0849118 0.2990491 0.2977099 0.0159337 0.3099550 0.0966864 0.0241888 0.6324812 0.0233736 0.1495709 0.2759726 0.2648831 0.0227422 0.2743333 0.1180061 0.0648537 0.3606045 0.2394557 0.3029923 0.1021509 0.2648285 0.0224088 0.0820106 0.1014143 0.0209162 0.0998446 0.2787756 0.0065183 0.0000000 0.0953579 0.5750286 0.0974217 0.2252322 0.0207900 0.2508194 0.0188510 0.1062676 0.0516646 0.0251539 0.0216534 0.1221012 0.2870892 0.0796932 0.2614351 0.1017549 0.2797332 0.0226371 0.0974329 0.0751535 0.0822697 0.2388173 0.2797668 0.0670820 0.2902825 0.1038585 0.0927294 0.1836635 0.2788591 0.2769788 0.1316644 0.0229132 0.2694750 0.2765638 0.0244206 0.1035522 0.1439829 0.0673814 0.0254236 0.2713686 0.0219763 0.2618427 0.2299685 0.1127942 
Perityle_glaucescens_94                    0.2439498 0.2923122 0.0975324 0.3394760 0.3333029 0.0817066 0.3065224 0.5422108 0.2030492 0.1188515 0.0775960 0.1655357 0.0885845 0.2028195 0.3145745 0.3166423 0.0875414 0.3016022 0.1043522 0.0986297 0.6760021 0.1073878 0.2149445 0.3162867 0.3128179 0.0964206 0.3099446 0.1228765 0.0819425 0.4005216 0.2514038 0.4081025 0.0975557 0.2890718 0.0740036 0.0885690 0.0194614 0.1001626 0.0871962 0.2907848 0.0954239 0.0953579 0.0000000 0.6259612 0.0047901 0.2609502 0.0942265 0.2564640 0.0883477 0.0490687 0.1276058 0.0960905 0.0881595 0.1289002 0.3113040 0.0881236 0.2730208 0.1025259 0.3287678 0.0926778 0.1077799 0.0884716 0.1070944 0.2514779 0.3128143 0.0886844 0.2890250 0.1069139 0.0893790 0.2248339 0.2805940 0.3088816 0.1283244 0.0938020 0.2922096 0.2913681 0.0758506 0.0993941 0.1352751 0.1302038 0.0990754 0.2762953 0.0944360 0.3058123 0.2232667 0.1066003 
Perityle_gracilis_11                       0.6256961 0.5734855 0.5988368 0.6098760 0.5710885 0.5812824 0.5890059 0.5270220 0.5910531 0.5973799 0.6061531 0.5725430 0.5647907 0.5698337 0.5796197 0.6257095 0.5688294 0.6351721 0.6063306 0.5698632 0.1250676 0.5702521 0.4752318 0.6032972 0.5672693 0.5838771 0.5901939 0.6090680 0.5998861 0.6600133 0.4611000 0.6101594 0.6133898 0.5795179 0.8037786 0.5792814 0.6123642 0.5739819 0.5925169 0.5937131 0.5750286 0.5750286 0.6259612 0.0000000 0.6292044 0.6098730 0.5777386 0.5955126 0.5697667 0.6287404 0.5707038 0.5612127 0.5782603 0.6073863 0.5903498 0.6266348 0.6302851 0.6119380 0.5942157 0.5691240 0.5934528 0.4967190 0.6257076 0.4264117 0.5848355 0.6039461 0.5831676 0.6147599 0.6198587 0.4305202 0.6133313 0.5981605 0.6044210 0.5692843 0.5898100 0.6083631 0.4909561 0.6038001 0.6129288 0.5792303 0.5777909 0.5773430 0.5721881 0.5734246 0.6033135 0.6297911 
