83
Amauria_brandeegeana_62                    0.0000000 0.2393655 0.2751164 0.0000010 0.3116378 0.0000010 0.5002943 0.1910546 0.4955014 0.0306943 0.4813903 0.4467481 0.4420168 0.0000010 0.4324125 0.9444948 0.3541266 0.3582061 0.2920478 0.0000010 0.4041539 0.1508681 0.4413785 0.2316190 0.3760094 0.3752664 0.4782496 0.6041906 0.0000010 0.1001834 0.3248113 0.0277691 0.3621744 0.3520767 0.5435265 0.0000010 0.4840375 0.3006752 0.4144571 0.4700328 0.5767032 0.4189504 0.5408986 0.4568338 0.4829662 0.3768381 0.4181249 0.2999682 0.6442100 0.3397098 0.4490475 0.0000010 0.5010641 0.2515837 0.1594488 0.8480402 0.3660797 0.2248224 0.1203778 0.0000010 0.1546227 0.4405704 0.3032395 1.6805886 0.5217933 2.1908674 0.3691382 0.3819570 0.4614075 0.4011263 0.3598660 0.1151600 0.0000010 0.1459634 0.3738078 0.4651115 0.4154245 0.4393009 0.7754430 0.3978087 0.4364948 0.3675914 0.1738492 
Amauria_carterae_99_mesa                   0.2393655 0.0000000 0.2218084 0.2922117 0.1558156 0.1291166 0.2578315 0.2849016 0.3042219 0.2259551 0.2735801 0.2873326 0.2974066 0.2954951 0.2707043 0.3808717 0.2143031 0.2828490 0.2434078 0.3539354 0.3028125 0.2610587 0.2399131 0.2946074 0.3082078 0.3275118 0.3918581 0.3308819 0.2153273 0.1938708 0.2044687 0.2014412 0.3912593 0.2635897 0.2558744 0.3226892 0.2823529 0.3241516 0.2413278 0.3139295 0.2541931 0.3063217 0.2512648 0.2927659 0.2535673 0.3077578 0.3028396 0.2401005 0.2753799 0.3026541 0.2520790 0.2170702 0.3244904 0.3014890 0.2134372 0.3740085 0.3040483 0.2729834 0.2423715 0.4141917 0.1817983 0.3198689 0.2843607 0.5247136 0.2958478 0.3304141 0.2687496 0.2622648 0.3818580 0.2608807 0.2728110 0.2280688 0.2625286 0.2223721 0.2834070 0.2428982 0.3001166 0.2808579 0.2211106 0.3217096 0.2284053 0.1942557 0.2022896 
Amauria_rotundifolia_SRR9119150            0.2751164 0.2218084 0.0000000 0.2349888 0.2284346 0.0925922 0.2602459 0.2149825 0.3750756 0.1688619 0.3094528 0.3167229 0.4020536 0.3157128 0.2842343 0.3411751 0.1953104 0.2888800 0.2718248 0.3903154 0.4212010 0.2252797 0.4546682 0.3646797 0.3739952 0.4710876 0.5326039 0.2748674 0.1280370 0.1452164 0.1966611 0.1589161 0.4665498 0.2600501 0.2938888 0.3890518 0.2440264 0.3507901 0.2820522 0.4234030 0.3038058 0.3796749 0.2883001 0.2551747 0.3114943 0.4123144 0.4032947 0.2184153 0.3201909 0.4054585 0.2639933 0.1844593 0.2835467 0.3207226 0.2021364 0.4728554 0.4301809 0.3232498 0.2389764 0.3190037 0.1554684 0.4072377 0.2380307 0.5232834 0.3667210 0.2609519 0.3083287 0.3670461 0.6056331 0.2234841 0.4093855 0.2810180 0.2505710 0.1525115 0.3571945 0.2585983 0.3959042 0.2965045 0.2222793 0.4567094 0.2137071 0.1969728 0.2283484 
Conoclinium_coelestinum_SRR9119114         0.0000010 0.2922117 0.2349888 0.0000000 0.2852801 0.1872319 0.1020684 0.3159665 0.3006658 0.2377867 0.2913542 0.2667701 0.3707759 0.3774310 0.2297896 0.2150640 0.2240070 0.3722558 0.2458086 0.3657918 0.3663672 0.2920667 1.3430515 0.3833795 0.3649068 0.4678290 0.6282200 0.2290786 0.2449087 0.2210383 0.2542543 0.2482123 0.5853326 0.2239698 0.2351355 0.3712995 0.2271199 0.3817675 0.2208143 0.3649652 0.2380136 0.3653671 0.2336552 0.2418448 0.2346771 0.3663145 0.3560140 0.2364022 0.2932296 0.3713142 0.2268041 0.2068956 0.2235375 0.3780316 0.2693586 0.3685881 0.3847317 0.3168808 0.3837835 0.3285798 0.0000010 0.3788183 0.2002409 0.2898375 0.2707405 0.2689001 0.2384517 0.3810406 0.5248011 0.2340471 0.3502527 0.2900991 0.2341778 0.0000010 0.3389420 0.2743327 0.3562162 0.2585217 0.2424373 0.3696734 0.2462541 0.1658237 0.2829145 
Eutetras_palmeri_63                        0.3116378 0.1558156 0.2284346 0.2852801 0.0000000 0.1125435 0.3181211 0.3029786 0.3596248 0.2396665 0.3466758 0.3286813 0.4034858 0.3211082 0.3414749 0.4230705 0.2608667 0.3639503 0.2728258 0.3899216 0.3975430 0.2343182 0.4768708 0.3589397 0.4067946 0.4386348 0.5554597 0.3423076 0.1699201 0.1968576 0.2252227 0.2106788 0.4861348 0.2981636 0.2891898 0.3584553 0.3320448 0.2886989 0.2951462 0.4274899 0.3114926 0.4062297 0.2963667 0.3412447 0.3178977 0.4068538 0.3740989 0.2408387 0.2411321 0.3922986 0.2885097 0.1835491 0.3181057 0.3191792 0.2466824 0.4260040 0.4022473 0.3568679 0.2443905 0.3160786 0.2025765 0.4172056 0.3082777 0.4925641 0.4054974 0.2992066 0.3058969 0.3670182 0.5626205 0.2836975 0.3775420 0.2381686 0.2171676 0.2905575 0.3870093 0.2930778 0.3998134 0.3044627 0.2142364 0.4428430 0.2764173 0.2110378 0.2393388 
Eutetras_pringlei_149_quer                 0.0000010 0.1291166 0.0925922 0.1872319 0.1125435 0.0000000 0.1379718 0.1296916 0.1447459 0.1321965 0.1326756 0.1513851 0.2089783 0.2155879 0.1461764 0.6784331 0.0957615 0.3661299 0.1890260 0.2081373 0.2160217 0.2782558 0.5248421 0.2078005 0.2086774 0.1518679 0.1621480 0.0577805 0.1464399 0.1469667 0.1053520 0.1321965 0.1977423 0.0957810 0.0483497 0.1612715 0.0816291 0.1836823 0.1729644 0.2274883 0.0483789 0.2106249 0.0438168 0.0749927 0.1570916 0.2219106 0.2274957 0.0482693 0.1736581 0.2094683 0.0856660 0.1462196 0.1459578 0.1670680 0.1154125 0.2160217 0.2160217 0.1648254 0.0719744 0.1955709 0.0000010 0.2203653 0.0623186 0.1514859 0.0671626 0.0767871 0.1619563 0.1586586 0.1781768 0.1411549 0.2269321 0.1796577 0.1573611 0.0000010 0.0671481 0.1406821 0.2320949 0.1513851 0.1366340 0.2106249 0.1104062 0.0920585 0.1621224 
Eutrochium_fistulosum_SRR9119106           0.5002943 0.2578315 0.2602459 0.1020684 0.3181211 0.1379718 0.0000000 0.2485638 0.3391923 0.3100088 0.3801674 0.2771022 0.3166934 0.3361537 0.2330450 0.2472633 0.2035436 0.3041484 0.2583960 0.3062029 0.3383703 0.2407870 0.4775581 0.3331327 0.3302588 0.4395418 0.5402242 0.2898031 0.1775561 0.1768049 0.2178468 0.3095552 0.4833068 0.1999006 0.3140422 0.3493115 0.2845134 0.3109080 0.2503998 0.3853523 0.3081809 0.3230567 0.3058386 0.2962459 0.3044634 0.3320628 0.3351868 0.2493934 0.2485093 0.3503807 0.2839678 0.1579632 0.2782264 0.3261799 0.2369587 0.3169122 0.3406092 0.2770676 0.2894524 0.2797107 0.2469864 0.3448458 0.2551267 0.5300385 0.3308057 0.2936220 0.3254374 0.3643200 0.4972893 0.2242903 0.3158253 0.2503031 0.1947525 0.2417671 0.3328559 0.2775234 0.3111516 0.2685187 0.1951965 0.3834995 0.2456294 0.1751675 0.2583091 
Galeana_pratensis_104_mex                  0.1910546 0.2849016 0.2149825 0.3159665 0.3029786 0.1296916 0.2485638 0.0000000 0.2695830 0.2316581 0.2213015 0.3023386 0.2794492 0.2854395 0.2415881 0.3698095 0.2136884 0.2953272 0.2530396 0.3060246 0.2796294 0.2673584 0.2368001 0.2927499 0.2788281 0.3722405 0.3983972 0.2211278 0.1825922 0.2042353 0.2254137 0.2291860 0.3698086 0.2372600 0.2564249 0.2995121 0.2477550 0.3878426 0.2580891 0.2876985 0.2510520 0.2771334 0.2562465 0.2571304 0.2727917 0.2821479 0.2908303 0.2506579 0.2450340 0.2866306 0.2425004 0.2360572 0.2401781 0.3525151 0.2488579 0.2993186 0.2828487 0.2586115 0.2892986 0.4345607 0.2320988 0.2880289 0.2269623 0.5459535 0.2815295 0.3200343 0.2931670 0.2677940 0.3910772 0.2177876 0.2788276 0.2495062 0.2941277 0.2225533 0.2833064 0.2717068 0.2771774 0.2999160 0.2608361 0.2751046 0.2115290 0.1559352 0.2328963 
Helianthus_annuus_SRR9119062               0.4955014 0.3042219 0.3750756 0.3006658 0.3596248 0.1447459 0.3391923 0.2695830 0.0000000 0.4078965 0.4801026 0.4305748 0.4788024 0.4058201 0.4119748 0.5150124 0.3321484 0.3767415 0.4048721 0.4211514 0.4701492 0.2917351 0.4931631 0.4328395 0.4418856 0.5460006 0.6125234 0.4796267 0.2445497 0.2375920 0.3729296 0.3505006 0.4954856 0.4196693 0.4490295 0.3908270 0.4153849 0.4869353 0.4024904 0.4645199 0.4671646 0.4271765 0.4347788 0.4254841 0.4011030 0.4866894 0.4811034 0.3758426 0.4497665 0.4820669 0.4152145 0.2489325 0.4330106 0.3616761 0.3617192 0.5549979 0.4871736 0.4429849 0.2348708 0.2264762 0.3472600 0.4764361 0.3387346 0.7075099 0.4531785 0.4220201 0.3999202 0.4661096 0.6632568 0.3462866 0.4742483 0.4139891 0.3675655 0.3871118 0.4493795 0.4067221 0.4619303 0.4011536 0.2729655 0.5197138 0.3751226 0.2688639 0.2946858 
Lycapsus_tenuifolius_17                    0.0306943 0.2259551 0.1688619 0.2377867 0.2396665 0.1321965 0.3100088 0.2316581 0.4078965 0.0000000 0.3654444 0.3425683 0.4338964 0.3161238 0.2983122 0.4539824 0.2695863 0.3730092 0.2678357 0.3950485 0.4036804 0.2357103 0.4181824 0.3748349 0.4022046 0.4450236 0.5920028 0.3199668 0.1598952 0.1648238 0.2295936 0.0041230 0.4742028 0.2900214 0.2966046 0.3758272 0.2904938 0.3430696 0.3267789 0.4196534 0.3198934 0.3949047 0.2992454 0.2793645 0.3178772 0.4189190 0.3957155 0.2218391 0.3004971 0.3960301 0.2719496 0.1870893 0.3082716 0.3416678 0.2046310 0.4480358 0.4032198 0.3303232 0.2624365 0.3253013 0.1545638 0.4451930 0.2493065 0.5027454 0.3769038 0.2662376 0.3326947 0.4011052 0.5998988 0.2671257 0.3875423 0.2706538 0.2434641 0.1643601 0.3480498 0.2859170 0.4167055 0.3397463 0.2082396 0.4236334 0.2536836 0.2363304 0.2323747 
Pericome_caudata_50_silver                 0.4813903 0.2735801 0.3094528 0.2913542 0.3466758 0.1326756 0.3801674 0.2213015 0.4801026 0.3654444 0.0000000 0.3584849 0.4204037 0.3301174 0.3467923 0.4901016 0.3104704 0.3396069 0.2570172 0.4467630 0.4143385 0.2358345 0.3706390 0.3778633 0.3904691 0.4145307 0.4714279 0.3503270 0.2375376 0.1990841 0.2735850 0.3334393 0.4330731 0.3484442 0.3323134 0.4114947 0.3420488 0.3926666 0.3247666 0.3963982 0.3248753 0.3884489 0.3090252 0.3340270 0.3116177 0.4300012 0.4184800 0.2422970 0.3723820 0.3851830 0.2893032 0.2210564 0.3675505 0.3178261 0.2450672 0.5438607 0.4237897 0.3503392 0.2576912 0.3405156 0.2021901 0.4519918 0.2741963 0.5705918 0.4112908 0.3588481 0.3286127 0.4059684 0.5481957 0.3028363 0.3995648 0.3187188 0.3086753 0.2642295 0.4328806 0.3217908 0.4389294 0.3279769 0.2531437 0.4685574 0.3331929 0.2504945 0.2385831 
Perityle_aglossa_84_dead_horse             0.4467481 0.2873326 0.3167229 0.2667701 0.3286813 0.1513851 0.2771022 0.3023386 0.4305748 0.3425683 0.3584849 0.0000000 0.2071028 0.3832125 0.1626036 0.0923506 0.2203230 0.2346610 0.1147156 0.3301266 0.2302725 0.1023375 0.3241156 0.2080089 0.2962843 0.2580195 0.4332282 0.2784873 0.2455795 0.2021850 0.2486514 0.3195363 0.3899320 0.2184107 0.3034758 0.2743801 0.3048835 0.1745381 0.1145519 0.3124653 0.2906805 0.2453243 0.2773762 0.3506050 0.1817823 0.3462508 0.2453428 0.2301875 0.0751715 0.2854488 0.1868867 0.0627991 0.2402081 0.2367485 0.1764871 0.3908552 0.3034382 0.2708087 0.2687976 0.3013999 0.0978614 0.1976976 0.2167204 0.2765071 0.3668782 0.3722634 0.2243575 0.1323281 0.4545437 0.1857928 0.2194335 0.0897510 0.0677389 0.1489180 0.4021245 0.2989357 0.2096144 0.0347339 0.2435855 0.4195039 0.3046756 0.1795461 0.0808838 
Perityle_ajoensis_204                      0.4420168 0.2974066 0.4020536 0.3707759 0.4034858 0.2089783 0.3166934 0.2794492 0.4788024 0.4338964 0.4204037 0.2071028 0.0000000 0.1535885 0.3137430 0.0482956 0.2335538 0.2322273 0.2556123 0.0227948 0.0637879 0.1992010 0.3251918 0.0363678 0.1170184 0.4570178 0.4641959 0.3511950 0.3566572 0.2242925 0.3480964 0.3805028 0.2778703 0.2491957 0.3691787 0.3059080 0.3477720 0.5968617 0.1916809 0.1473053 0.3487559 0.0917920 0.3271617 0.3792949 0.2870918 0.1069469 0.2086531 0.3133000 0.6234840 0.0655992 0.2508746 0.2815423 0.4061461 0.3061951 0.2240046 0.0347957 0.0691642 0.3775672 0.3141055 0.3782648 0.0853800 0.0475943 0.2305899 0.7671315 0.4370970 0.5669281 0.2804593 0.3305637 0.5263565 0.2309665 0.0340783 0.4054128 0.3517620 0.1437223 0.4260973 0.3883532 0.0598234 0.1763544 0.3340665 0.1612677 0.3360093 0.2629520 0.2956902 
Perityle_ambrosiifolia_67_green            0.0000010 0.2954951 0.3157128 0.3774310 0.3211082 0.2155879 0.3361537 0.2854395 0.4058201 0.3161238 0.3301174 0.3832125 0.1535885 0.0000000 0.4038077 0.0428117 0.2919429 0.3763035 0.3167481 0.1033679 0.1175323 0.3446526 0.4276958 0.1436344 0.0882205 0.5343456 0.3818429 0.2826116 0.3073840 0.2802492 0.2833204 0.2956166 0.1585030 0.3333831 0.2989506 0.2711653 0.2838773 0.4986445 0.3895041 0.0547816 0.2813856 0.0618616 0.2984647 0.2960355 0.2475042 0.1667424 0.2106153 0.2915001 0.4714324 0.1492880 0.2853414 0.2477293 0.4809940 0.4170851 0.2455678 0.1667604 0.1701903 0.3371036 0.4103905 0.4748257 0.0000010 0.1694964 0.2606197 0.4415582 0.4559927 0.4201493 0.2081918 0.4951112 0.6030191 0.2728772 0.1751841 0.4687426 0.3324605 0.0000010 0.4078418 0.3663538 0.1630911 0.3480491 0.3153871 0.1749039 0.3273978 0.3659478 0.3291799 
Perityle_batopilensis_97                   0.4324125 0.2707043 0.2842343 0.2297896 0.3414749 0.1461764 0.2330450 0.2415881 0.4119748 0.2983122 0.3467923 0.1626036 0.3137430 0.4038077 0.0000000 0.2872515 0.2033674 0.2763042 0.1225692 0.3934456 0.2920332 0.1571207 0.2040913 0.2978393 0.2862080 0.2727244 0.4682798 0.3214864 0.1673263 0.1675662 0.2302796 0.2708844 0.4156004 0.2382978 0.2870881 0.3167423 0.2808830 0.1891371 0.1870938 0.3027020 0.2934554 0.2741768 0.2778924 0.3004192 0.1789047 0.3338595 0.3003053 0.2370396 0.1149388 0.3162464 0.1987063 0.0954651 0.2493597 0.2768844 0.1983651 0.4681118 0.3354502 0.2820241 0.2757285 0.3551317 0.1421044 0.3180133 0.2327744 0.3315536 0.3252476 0.3683143 0.2673906 0.1995626 0.4245922 0.1853402 0.3068804 0.1413234 0.1328547 0.1207933 0.3306153 0.2854711 0.3039703 0.1655556 0.2544175 0.4043441 0.2616403 0.1897700 0.1298876 
Perityle_bisetosa_9                        0.9444948 0.3808717 0.3411751 0.2150640 0.4230705 0.6784331 0.2472633 0.3698095 0.5150124 0.4539824 0.4901016 0.0923506 0.0482956 0.0428117 0.2872515 0.0000000 0.2558040 0.2902979 0.1894670 0.0162450 0.0841300 0.7410671 1.2209388 0.0507667 0.1709315 0.9324302 0.9023526 0.1965657 0.2945062 0.2358989 0.2791610 0.4379053 0.8069554 0.1272620 0.3805065 0.0492294 0.2689278 0.5052444 0.0472882 0.2929210 0.3275600 0.1104879 0.3475760 0.2891572 0.3039255 0.1641683 0.0738323 0.2151866 0.4984444 0.1593978 0.2654363 0.0188769 0.2140795 0.9922579 0.1621462 0.0399267 0.0891999 0.2427547 1.0578113 0.4260693 0.2054593 0.0458374 0.2422977 0.6217056 0.4711192 0.4869271 0.4495583 0.3528981 1.0529194 0.1828850 0.0440077 0.6397232 0.0523036 0.0000010 0.4825616 0.2918594 0.0631416 0.0855669 0.4841518 0.3142953 0.2772565 0.2589332 0.4509323 
Perityle_californica_76_positas            0.3541266 0.2143031 0.1953104 0.2240070 0.2608667 0.0957615 0.2035436 0.2136884 0.3321484 0.2695863 0.3104704 0.2203230 0.2335538 0.2919429 0.2033674 0.2558040 0.0000000 0.2630303 0.1942863 0.2612482 0.2593831 0.1887247 0.3292798 0.2312672 0.2413141 0.4428710 0.4779512 0.2094935 0.1300948 0.1317810 0.2888320 0.1849737 0.4445211 0.1625781 0.2300179 0.3196668 0.1965529 0.3261372 0.1892444 0.2979662 0.2142635 0.2384062 0.2088698 0.1919694 0.2375169 0.2417790 0.2560224 0.1743925 0.2615443 0.2620784 0.2025353 0.1674329 0.1905373 0.2937672 0.1662847 0.2759939 0.2396256 0.2473541 0.2003559 0.3231603 0.1237802 0.2431023 0.1866917 0.4773147 0.2695280 0.2955046 0.3161108 0.3475164 0.5092394 0.1582126 0.2197855 0.2307330 0.2165894 0.1053608 0.2869464 0.2553726 0.2256377 0.2090522 0.1985370 0.2977685 0.1216811 0.0968694 0.2074212 
Perityle_canescens_77                      0.3582061 0.2828490 0.2888800 0.3722558 0.3639503 0.3661299 0.3041484 0.2953272 0.3767415 0.3730092 0.3396069 0.2346610 0.2322273 0.3763035 0.2763042 0.2902979 0.2630303 0.0000000 0.2323453 0.3234638 0.2553377 0.2866218 0.2924140 0.2132748 0.2326976 0.3850263 0.4131320 0.3357904 0.4290346 0.2405213 0.2448205 0.3502919 0.3375074 0.2434265 0.3571164 0.3296902 0.2548271 0.4161597 0.2147452 0.3073867 0.3109818 0.2220684 0.3332127 0.2611198 0.3323551 0.2256025 0.2306397 0.2180464 0.3840502 0.2408884 0.3136573 0.2832149 0.3252726 0.3460557 0.2716339 0.3220317 0.2284088 0.2349492 0.3120190 0.4019808 0.1800406 0.2269080 0.2389764 0.8059972 0.3693298 0.4809622 0.3853948 0.3004939 0.3796204 0.2413915 0.2127213 0.2117961 0.3398880 0.1579327 0.2944362 0.2551961 0.2173878 0.2185166 0.4250790 0.3184884 0.2504608 0.2444194 0.2209120 
Perityle_castillonii_96                    0.2920478 0.2434078 0.2718248 0.2458086 0.2728258 0.1890260 0.2583960 0.2530396 0.4048721 0.2678357 0.2570172 0.1147156 0.2556123 0.3167481 0.1225692 0.1894670 0.1942863 0.2323453 0.0000000 0.3083472 0.2173756 0.1090767 0.2235208 0.2436220 0.2857721 0.2199212 0.3435888 0.2865709 0.1999250 0.1859065 0.2208202 0.2337230 0.3246237 0.2352547 0.2392745 0.2476456 0.2868960 0.1458674 0.1383804 0.2513054 0.2547183 0.2487980 0.2169528 0.3032484 0.1266454 0.3367804 0.2329214 0.2370087 0.0848679 0.2498510 0.1563491 0.0340496 0.2293850 0.1834278 0.1552173 0.4015068 0.2766661 0.2508855 0.2709350 0.3133024 0.0732531 0.2518238 0.2106762 0.2848596 0.3251750 0.3392580 0.1416632 0.1399908 0.3683647 0.1698965 0.2526806 0.0740682 0.0564191 0.1685073 0.3626391 0.2678461 0.2520726 0.1203211 0.2361392 0.3448048 0.2487684 0.1597030 0.0763774 
Perityle_cernua_84                         0.0000010 0.3539354 0.3903154 0.3657918 0.3899216 0.2081373 0.3062029 0.3060246 0.4211514 0.3950485 0.4467630 0.3301266 0.0227948 0.1033679 0.3934456 0.0162450 0.2612482 0.3234638 0.3083472 0.0000000 0.0170519 0.3374101 0.4276958 0.0286156 0.0174213 0.6562794 0.7047515 0.3506160 0.3667530 0.2844752 0.4164315 0.3611044 0.3771174 0.2558365 0.3131334 0.2596615 0.3192150 0.5485115 0.2620015 0.0235556 0.3383093 0.0264705 0.3285170 0.3402195 0.2722067 0.0170479 0.2148603 0.3335329 0.5361406 0.0228230 0.2698567 0.2747395 0.3851698 0.4001278 0.2905173 0.0204932 0.0262053 0.4441041 0.4062148 0.3644323 0.0000010 0.0263680 0.2158157 0.5452989 0.4526874 0.4671904 0.2598491 0.6048595 0.6606600 0.2823772 0.0273217 0.5619064 0.2799263 0.0000010 0.4506942 0.4521426 0.0253077 0.3135991 0.3068910 0.0286629 0.3916435 0.3333826 0.4822339 
Perityle_cfvillosa_25_tin                  0.4041539 0.3028125 0.4212010 0.3663672 0.3975430 0.2160217 0.3383703 0.2796294 0.4701492 0.4036804 0.4143385 0.2302725 0.0637879 0.1175323 0.2920332 0.0841300 0.2593831 0.2553377 0.2173756 0.0170519 0.0000000 0.1834455 0.2042447 0.0549306 0.0722864 0.4118535 0.4771564 0.3435276 0.3537986 0.2361163 0.3544845 0.3519918 0.2526538 0.2483985 0.3121566 0.2814244 0.3595290 0.5672723 0.2057576 0.0828932 0.3068938 0.0636184 0.3128943 0.3902844 0.2320628 0.0641354 0.1261306 0.2898502 0.5494086 0.0603588 0.1948830 0.2784462 0.4082748 0.2599088 0.2157845 0.0090276 0.0335865 0.3842833 0.3115201 0.3684227 0.0936002 0.0809764 0.2327084 0.7306467 0.4355891 0.5488296 0.2756143 0.3965523 0.4156753 0.2444450 0.0582775 0.3532321 0.2970381 0.1498247 0.4610646 0.3838293 0.0704748 0.2281846 0.3268022 0.0958526 0.3963133 0.2869213 0.2944382 
Perityle_cinerea_113_Powell1310            0.1508681 0.2610587 0.2252797 0.2920667 0.2343182 0.2782558 0.2407870 0.2673584 0.2917351 0.2357103 0.2358345 0.1023375 0.1992010 0.3446526 0.1571207 0.7410671 0.1887247 0.2866218 0.1090767 0.3374101 0.1834455 0.0000000 0.1253999 0.2014064 0.2195350 0.1351809 0.1459666 0.1985995 0.3104405 0.2386069 0.1976617 0.2357103 0.2285826 0.2343318 0.2253554 0.2850547 0.2523336 0.2083039 0.1047538 0.2224969 0.2284814 0.2084594 0.2312171 0.2437348 0.1615451 0.2258848 0.1820976 0.2145850 0.1385207 0.1827793 0.1652773 0.1358110 0.2108727 0.1535131 0.1754535 0.3271611 0.1897950 0.2190906 0.2018558 0.2791344 0.0944197 0.1911726 0.2003049 0.4555904 0.2591889 0.2730049 0.1720250 0.1102657 0.1419535 0.2581331 0.1995797 0.1130438 0.1682285 0.1169043 0.2470829 0.2225085 0.1964958 0.0956937 0.2993463 0.2086250 0.1847721 0.1839219 0.1255435 
Perityle_coahuilensis_24                   0.4413785 0.2399131 0.4546682 1.3430515 0.4768708 0.5248421 0.4775581 0.2368001 0.4931631 0.4181824 0.3706390 0.3241156 0.3251918 0.4276958 0.2040913 1.2209388 0.3292798 0.2924140 0.2235208 0.4276958 0.2042447 0.1253999 0.0000000 0.2126901 0.1332042 0.2533793 0.2979601 0.6982726 0.5248421 0.1528971 0.2933294 0.4060123 0.1312435 0.3257536 0.5004240 0.4276958 0.5018747 0.4278946 0.3701311 0.0871256 0.5335687 0.1423111 0.4226415 0.5515553 0.3380052 0.1478163 0.2360994 0.3191240 0.4214475 0.1552209 0.2818746 0.4488761 0.4264996 0.1191595 0.1571531 0.8739124 0.1631541 0.2266499 0.1339618 0.3027234 0.0977046 0.3414047 0.3883386 1.7091022 0.4454094 1.4589125 0.2953229 0.3593174 0.0442206 0.2418063 0.2770067 0.1338929 0.4488761 0.0117952 0.4986492 0.3472750 0.3293744 0.3418625 0.6506554 0.0506049 0.4639241 0.3397117 0.0792638 
Perityle_cochisensis_44_cave_creek         0.2316190 0.2946074 0.3646797 0.3833795 0.3589397 0.2078005 0.3331327 0.2927499 0.4328395 0.3748349 0.3778633 0.2080089 0.0363678 0.1436344 0.2978393 0.0507667 0.2312672 0.2132748 0.2436220 0.0286156 0.0549306 0.2014064 0.2126901 0.0000000 0.0979853 0.4577568 0.4347974 0.3516257 0.3667035 0.2275094 0.3484801 0.3117876 0.2646322 0.2383315 0.3153343 0.2939868 0.3160923 0.5935787 0.1765640 0.0938879 0.3247579 0.0820228 0.2948625 0.3312287 0.2389371 0.0950010 0.1818568 0.3133455 0.5760275 0.0736531 0.2303820 0.2834585 0.3934191 0.2552217 0.2209254 0.0338747 0.0646682 0.3812467 0.3185089 0.3907380 0.0810476 0.0466409 0.2280638 0.7511487 0.3948845 0.5446111 0.2738769 0.3186819 0.4675602 0.2405375 0.0367683 0.3522397 0.3070486 0.1248208 0.4124565 0.3605346 0.0531354 0.2023360 0.3487123 0.1012368 0.3207159 0.2619215 0.2833176 
Perityle_congesta_202                      0.3760094 0.3082078 0.3739952 0.3649068 0.4067946 0.2086774 0.3302588 0.2788281 0.4418856 0.4022046 0.3904691 0.2962843 0.1170184 0.0882205 0.2862080 0.1709315 0.2413141 0.2326976 0.2857721 0.0174213 0.0722864 0.2195350 0.1332042 0.0979853 0.0000000 0.4797089 0.4530007 0.4027860 0.3556292 0.2263773 0.3138596 0.3667318 0.2635417 0.2146640 0.3530998 0.2713302 0.3314748 0.5347805 0.2409335 0.0690240 0.3501479 0.0373354 0.3349035 0.3511609 0.3212079 0.0155563 0.1776212 0.3014038 0.5271270 0.0905739 0.2722574 0.2732262 0.3723947 0.2635888 0.2350819 0.0157805 0.0578494 0.3660014 0.3041519 0.3716982 0.0977548 0.1329592 0.2936207 0.7669237 0.4210916 0.5282432 0.2679113 0.4429370 0.3664928 0.2344789 0.1243929 0.3591348 0.2764021 0.0118310 0.4438005 0.3335725 0.1229789 0.2780612 0.3365713 0.0674677 0.2982784 0.2563169 0.2882755 
Perityle_cordifolia_27                     0.3752664 0.3275118 0.4710876 0.4678290 0.4386348 0.1518679 0.4395418 0.3722405 0.5460006 0.4450236 0.4145307 0.2580195 0.4570178 0.5343456 0.2727244 0.9324302 0.4428710 0.3850263 0.2199212 0.6562794 0.4118535 0.1351809 0.2533793 0.4577568 0.4797089 0.0000000 0.4383043 0.4945407 0.3087591 0.2793478 0.4105848 0.3807208 0.4369584 0.4508715 0.3944457 0.5493966 0.4414128 0.2079246 0.3220399 0.4336756 0.4167571 0.4257997 0.3703035 0.4485823 0.2868857 0.5136650 0.4111526 0.4079488 0.1196557 0.4328569 0.3082090 0.2679237 0.3851816 0.1763435 0.2776456 0.7115282 0.4366949 0.4192818 0.2483783 0.5695662 0.0385714 0.4488176 0.3919169 0.2538684 0.4579962 0.5405513 0.2179487 0.2474476 0.4459463 0.3461363 0.4489106 0.1278988 0.2692379 0.1729501 0.4869713 0.4281609 0.4486393 0.2729115 0.2843067 0.5284617 0.4082918 0.2855563 0.0830721 
Perityle_cordifolia_68_tecolote            0.4782496 0.3918581 0.5326039 0.6282200 0.5554597 0.1621480 0.5402242 0.3983972 0.6125234 0.5920028 0.4714279 0.4332282 0.4641959 0.3818429 0.4682798 0.9023526 0.4779512 0.4131320 0.3435888 0.7047515 0.4771564 0.1459666 0.2979601 0.4347974 0.4530007 0.4383043 0.0000000 0.5364594 0.5086869 0.3388734 0.4507067 0.5373197 0.3524136 0.5432325 0.5195470 0.6220623 0.5096553 0.5070818 0.4039485 0.4306109 0.4996501 0.4227602 0.5170511 0.5192360 0.4316573 0.4608876 0.4917707 0.4303367 0.4610246 0.4236377 0.4064560 0.5118007 0.6024080 0.0159660 0.3231995 0.7061798 0.4331346 0.4300363 0.2953558 0.5887575 0.1094400 0.5061570 0.4025781 0.6482986 0.5996902 0.7094914 0.1665532 0.3905119 0.5447443 0.4928057 0.4398515 0.3409984 0.5830640 0.1031066 0.5978443 0.4927466 0.4906475 0.3889303 0.3545895 0.5210218 0.4827405 0.3644915 0.2154879 
Perityle_coronopifolia_28_patagonia        0.6041906 0.3308819 0.2748674 0.2290786 0.3423076 0.0577805 0.2898031 0.2211278 0.4796267 0.3199668 0.3503270 0.2784873 0.3511950 0.2826116 0.3214864 0.1965657 0.2094935 0.3357904 0.2865709 0.3506160 0.3435276 0.1985995 0.6982726 0.3516257 0.4027860 0.4945407 0.5364594 0.0000000 0.1447602 0.1683922 0.2371256 0.3087332 0.5101067 0.2277900 0.3189890 0.3772212 0.2701965 0.3650255 0.2787271 0.4474302 0.2857243 0.3767319 0.2577833 0.2642104 0.3473605 0.4493021 0.3552215 0.2332500 0.3472868 0.4253968 0.2353371 0.1585067 0.2987773 0.3510653 0.1679952 0.3858816 0.3979721 0.3086563 0.2005830 0.3003535 0.1922553 0.3666016 0.0918478 0.5704680 0.3841849 0.2448379 0.2761936 0.3891617 0.7312032 0.2113997 0.3677280 0.3708242 0.2539572 0.2014600 0.4230591 0.2771652 0.3381272 0.2338150 0.1877743 0.5211857 0.2474309 0.1472737 0.2584553 
Perityle_crassifolia_70_ventanas           0.0000010 0.2153273 0.1280370 0.2449087 0.1699201 0.1464399 0.1775561 0.1825922 0.2445497 0.1598952 0.2375376 0.2455795 0.3566572 0.3073840 0.1673263 0.2945062 0.1300948 0.4290346 0.1999250 0.3667530 0.3537986 0.3104405 0.5248421 0.3667035 0.3556292 0.3087591 0.5086869 0.1447602 0.0000000 0.0274635 0.1503246 0.1600068 0.4754784 0.1427837 0.1308150 0.4170156 0.1338170 0.3446808 0.1970303 0.3707761 0.1502217 0.3612113 0.1374679 0.1508416 0.2040215 0.3574042 0.3574132 0.1367865 0.2118040 0.3567587 0.1292346 0.1755055 0.1732491 0.3853306 0.1799238 0.3575193 0.4007856 0.3007305 0.3082867 0.3781001 0.0000010 0.3655818 0.1680456 0.2079503 0.1637851 0.1739340 0.2165845 0.2146561 0.3342950 0.0126002 0.3409046 0.2227852 0.2119287 0.0000010 0.2122376 0.1760640 0.3640722 0.2468902 0.1891109 0.3584566 0.1591205 0.1415298 0.2145888 
Perityle_crassifolia_74_playa_balandra     0.1001834 0.1938708 0.1452164 0.2210383 0.1968576 0.1469667 0.1768049 0.2042353 0.2375920 0.1648238 0.1990841 0.2021850 0.2242925 0.2802492 0.1675662 0.2358989 0.1317810 0.2405213 0.1859065 0.2844752 0.2361163 0.2386069 0.1528971 0.2275094 0.2263773 0.2793478 0.3388734 0.1683922 0.0274635 0.0000000 0.1592677 0.1649135 0.3427378 0.1025377 0.1355680 0.3105395 0.1393662 0.3446485 0.1734218 0.2308710 0.1469281 0.2259817 0.1404575 0.1405989 0.1796483 0.2298233 0.2525693 0.1368358 0.2365540 0.2228143 0.1374411 0.1746806 0.2038170 0.2950536 0.1607019 0.2759126 0.2424813 0.1826826 0.2493906 0.4248853 0.1702352 0.2315216 0.1542046 0.4522182 0.1731452 0.1928034 0.2764342 0.2093813 0.2910829 0.0332832 0.2124253 0.1922323 0.2075779 0.1557790 0.1734522 0.1842803 0.2299708 0.1940904 0.2082720 0.2282351 0.1574136 0.1345919 0.1951295 
Perityle_cuneata_4                         0.3248113 0.2044687 0.1966611 0.2542543 0.2252227 0.1053520 0.2178468 0.2254137 0.3729296 0.2295936 0.2735850 0.2486514 0.3480964 0.2833204 0.2302796 0.2791610 0.2888320 0.2448205 0.2208202 0.4164315 0.3544845 0.1976617 0.2933294 0.3484801 0.3138596 0.4105848 0.4507067 0.2371256 0.1503246 0.1592677 0.0000000 0.1795979 0.3965081 0.2468977 0.2284619 0.4122997 0.2095933 0.3351342 0.2256714 0.3633703 0.2124996 0.3140031 0.2158940 0.2146044 0.2532788 0.3557728 0.3320558 0.1760057 0.3041026 0.3897449 0.2137076 0.1925835 0.2995712 0.2208361 0.1810204 0.4745047 0.3727248 0.3351141 0.2498384 0.3290716 0.1354656 0.3730557 0.2098205 0.4622108 0.3177902 0.2854241 0.2535813 0.3232995 0.5504277 0.1968128 0.3587253 0.2582749 0.2654373 0.1018784 0.3161842 0.2485795 0.3433053 0.2342837 0.1690543 0.4179313 0.2340482 0.1803243 0.1871808 
Perityle_discoidea_81                      0.0277691 0.2014412 0.1589161 0.2482123 0.2106788 0.1321965 0.3095552 0.2291860 0.3505006 0.0041230 0.3334393 0.3195363 0.3805028 0.2956166 0.2708844 0.4379053 0.1849737 0.3502919 0.2337230 0.3611044 0.3519918 0.2357103 0.4060123 0.3117876 0.3667318 0.3807208 0.5373197 0.3087332 0.1600068 0.1649135 0.1795979 0.0000000 0.4302486 0.2170157 0.2838651 0.3759232 0.2755739 0.3232793 0.2946370 0.3900407 0.3176053 0.3628841 0.3057325 0.2697360 0.3152671 0.3634155 0.3495269 0.2048221 0.2419434 0.3201120 0.2532030 0.1932664 0.3026017 0.3395828 0.1948553 0.3605759 0.3365467 0.2724251 0.2629524 0.3569170 0.1545638 0.3910914 0.2261173 0.4798277 0.3484715 0.2357298 0.2560648 0.3377457 0.4710119 0.2310930 0.3153876 0.1968791 0.2213135 0.1643601 0.2999074 0.2610502 0.3628580 0.3102905 0.2085482 0.3725351 0.2144755 0.2333554 0.2141129 
Perityle_dissecta_201                      0.3621744 0.3912593 0.4665498 0.5853326 0.4861348 0.1977423 0.4833068 0.3698086 0.4954856 0.4742028 0.4330731 0.3899320 0.2778703 0.1585030 0.4156004 0.8069554 0.4445211 0.3375074 0.3246237 0.3771174 0.2526538 0.2285826 0.1312435 0.2646322 0.2635417 0.4369584 0.3524136 0.5101067 0.4754784 0.3427378 0.3965081 0.4302486 0.0000000 0.5064314 0.4287215 0.5362209 0.4624065 0.5514219 0.4139869 0.2263037 0.4102939 0.2312717 0.4386605 0.4780503 0.3422563 0.2909536 0.3308969 0.3894719 0.5694569 0.2430992 0.3382892 0.5454700 0.6086623 0.3151420 0.3290520 0.4109650 0.2683560 0.4324006 0.3540381 0.6345786 0.0930417 0.2608966 0.3949671 0.7806253 0.5238775 0.6664833 0.3036458 0.3847059 0.4723453 0.4112031 0.2674187 0.3810430 0.6568335 0.1113447 0.5093678 0.4850325 0.2646578 0.3455392 0.3915720 0.3146791 0.4270794 0.3712464 0.2184589 
Perityle_emoryi_47_punta_san_jose          0.3520767 0.2635897 0.2600501 0.2239698 0.2981636 0.0957810 0.1999006 0.2372600 0.4196693 0.2900214 0.3484442 0.2184107 0.2491957 0.3333831 0.2382978 0.1272620 0.1625781 0.2434265 0.2352547 0.2558365 0.2483985 0.2343318 0.3257536 0.2383315 0.2146640 0.4508715 0.5432325 0.2277900 0.1427837 0.1025377 0.2468977 0.2170157 0.5064314 0.0000000 0.2193194 0.3073063 0.2024819 0.4207447 0.2029847 0.2446457 0.2088790 0.2028195 0.2035771 0.2152841 0.2210170 0.2550201 0.2546977 0.1675378 0.3846087 0.2876389 0.1470247 0.1534172 0.2905508 0.3230955 0.1222950 0.2829220 0.2638700 0.2704833 0.2362954 0.3067391 0.2055004 0.2757552 0.1354699 0.6285594 0.3057305 0.3569031 0.3280126 0.3930951 0.5202219 0.0960667 0.2403453 0.3181283 0.2159293 0.1998997 0.2916340 0.2523463 0.2508219 0.2005030 0.1971696 0.3047302 0.2309402 0.1374309 0.2282884 
Perityle_feddemae_99                       0.5435265 0.2558744 0.2938888 0.2351355 0.2891898 0.0483497 0.3140422 0.2564249 0.4490295 0.2966046 0.3323134 0.3034758 0.3691787 0.2989506 0.2870881 0.3805065 0.2300179 0.3571164 0.2392745 0.3131334 0.3121566 0.2253554 0.5004240 0.3153343 0.3530998 0.3944457 0.5195470 0.3189890 0.1308150 0.1355680 0.2284619 0.2838651 0.4287215 0.2193194 0.0000000 0.3612110 0.2585959 0.3316272 0.2951631 0.3605682 0.1155524 0.3351474 0.1311843 0.2409460 0.2901777 0.3838498 0.3107362 0.0394479 0.2791906 0.3222270 0.2116318 0.1359530 0.3250039 0.3393918 0.1555073 0.3547310 0.3020423 0.2879455 0.2250842 0.3007150 0.1838551 0.4175175 0.1887931 0.4699948 0.3078990 0.2267480 0.3053011 0.3898453 0.5841112 0.2203632 0.3387853 0.2616072 0.1702039 0.1951301 0.3325509 0.2331925 0.3871104 0.2771367 0.1921600 0.4054596 0.2581809 0.1850385 0.1934445 
Perityle_fosteri_93                        0.0000010 0.3226892 0.3890518 0.3712995 0.3584553 0.1612715 0.3493115 0.2995121 0.3908270 0.3758272 0.4114947 0.2743801 0.3059080 0.2711653 0.3167423 0.0492294 0.3196668 0.3296902 0.2476456 0.2596615 0.2814244 0.2850547 0.4276958 0.2939868 0.2713302 0.5493966 0.6220623 0.3772212 0.4170156 0.3105395 0.4122997 0.3759232 0.5362209 0.3073063 0.3612110 0.0000000 0.3415404 0.4459994 0.2154020 0.2851373 0.3594319 0.2740597 0.3360100 0.3684162 0.1860151 0.3215732 0.2998297 0.3490131 0.3843241 0.3130228 0.2827225 0.1724223 0.3103100 0.3455075 0.3393770 0.3183317 0.3217732 0.4351124 0.4283335 0.3942547 0.0000010 0.3255079 0.2447260 0.3645810 0.4868718 0.4832507 0.1443285 0.4556141 0.6178583 0.3151907 0.3108434 0.3731950 0.2360860 0.0000010 0.4886119 0.4207884 0.3222824 0.2268872 0.3069436 0.3194969 0.4062546 0.3471808 0.3182475 
Perityle_gamon_221                         0.4840375 0.2823529 0.2440264 0.2271199 0.3320448 0.0816291 0.2845134 0.2477550 0.4153849 0.2904938 0.3420488 0.3048835 0.3477720 0.2838773 0.2808830 0.2689278 0.1965529 0.2548271 0.2868960 0.3192150 0.3595290 0.2523336 0.5018747 0.3160923 0.3314748 0.4414128 0.5096553 0.2701965 0.1338170 0.1393662 0.2095933 0.2755739 0.4624065 0.2024819 0.2585959 0.3415404 0.0000000 0.3283660 0.2425186 0.3687715 0.2544969 0.3410934 0.2508958 0.0962771 0.3254870 0.3567792 0.3547056 0.1829277 0.3158708 0.3904165 0.2555277 0.1439430 0.2655824 0.3480277 0.1780232 0.3524373 0.3471000 0.2759849 0.2267808 0.3257536 0.2398073 0.3834615 0.2333499 0.5646423 0.3485475 0.2630142 0.3354456 0.3815574 0.5965780 0.1837056 0.3662311 0.2992551 0.2074970 0.2949552 0.4063839 0.2124962 0.3680214 0.2714035 0.1919469 0.4028114 0.2165486 0.1799219 0.2031309 
Perityle_gentryi_8_san_francisco           0.3006752 0.3241516 0.3507901 0.3817675 0.2886989 0.1836823 0.3109080 0.3878426 0.4869353 0.3430696 0.3926666 0.1745381 0.5968617 0.4986445 0.1891371 0.5052444 0.3261372 0.4161597 0.1458674 0.5485115 0.5672723 0.2083039 0.4278946 0.5935787 0.5347805 0.2079246 0.5070818 0.3650255 0.3446808 0.3446485 0.3351342 0.3232793 0.5514219 0.4207447 0.3316272 0.4459994 0.3283660 0.0000000 0.2298784 0.5211424 0.3372182 0.5380677 0.2913808 0.3701863 0.1809439 0.6214565 0.5508401 0.3344522 0.1077358 0.5910864 0.2662293 0.1297917 0.2832146 0.3045811 0.3284026 0.6373916 0.6162407 0.4010023 0.4093140 0.4070263 0.4279930 0.6103053 0.3281768 0.1193469 0.4324047 0.3740154 0.1515248 0.1068203 0.4568667 0.3252326 0.6315708 0.1176616 0.1478470 0.4279930 0.4154097 0.3633681 0.6155739 0.1872755 0.2752229 0.6355421 0.3581050 0.2514968 0.1195318 
Perityle_gilensis_22_Superstition          0.4144571 0.2413278 0.2820522 0.2208143 0.2951462 0.1729644 0.2503998 0.2580891 0.4024904 0.3267789 0.3247666 0.1145519 0.1916809 0.3895041 0.1870938 0.0472882 0.1892444 0.2147452 0.1383804 0.2620015 0.2057576 0.1047538 0.3701311 0.1765640 0.2409335 0.3220399 0.4039485 0.2787271 0.1970303 0.1734218 0.2256714 0.2946370 0.4139869 0.2029847 0.2951631 0.2154020 0.2425186 0.2298784 0.0000000 0.2784782 0.2690915 0.2043283 0.2428330 0.2892590 0.1699722 0.2963729 0.2180387 0.2049812 0.2080003 0.2767146 0.1778701 0.0352366 0.2355878 0.2235635 0.1465862 0.3115713 0.2628001 0.2385612 0.2715973 0.3267853 0.0691267 0.2175054 0.1984781 0.4278219 0.3376729 0.3610835 0.1822316 0.2024750 0.4576736 0.1681591 0.2104134 0.1939607 0.1284338 0.1200099 0.3414987 0.2693291 0.2010887 0.0818292 0.2403992 0.3742252 0.2248736 0.1736660 0.0770384 
Perityle_gilensis_salensis_225             0.4700328 0.3139295 0.4234030 0.3649652 0.4274899 0.2274883 0.3853523 0.2876985 0.4645199 0.4196534 0.3963982 0.3124653 0.1473053 0.0547816 0.3027020 0.2929210 0.2979662 0.3073867 0.2513054 0.0235556 0.0828932 0.2224969 0.0871256 0.0938879 0.0690240 0.4336756 0.4306109 0.4474302 0.3707761 0.2308710 0.3633703 0.3900407 0.2263037 0.2446457 0.3605682 0.2851373 0.3687715 0.5211424 0.2784782 0.0000000 0.3800272 0.0691589 0.3427122 0.3738607 0.2989053 0.0698712 0.1760931 0.2961921 0.5236280 0.0867942 0.2638516 0.2643398 0.4004964 0.2706822 0.2459172 0.0256932 0.0707300 0.3620832 0.3150141 0.3744049 0.1018383 0.1609088 0.2910610 0.7671454 0.4312011 0.5449383 0.2875517 0.4520541 0.3067177 0.2647008 0.1298545 0.3439442 0.2773288 0.0439855 0.4613815 0.3946072 0.1492699 0.2932731 0.3141723 0.0665439 0.3543622 0.3375005 0.2918308 
Perityle_glaucescens_94                    0.5767032 0.2541931 0.3038058 0.2380136 0.3114926 0.0483789 0.3081809 0.2510520 0.4671646 0.3198934 0.3248753 0.2906805 0.3487559 0.2813856 0.2934554 0.3275600 0.2142635 0.3109818 0.2547183 0.3383093 0.3068938 0.2284814 0.5335687 0.3247579 0.3501479 0.4167571 0.4996501 0.2857243 0.1502217 0.1469281 0.2124996 0.3176053 0.4102939 0.2088790 0.1155524 0.3594319 0.2544969 0.3372182 0.2690915 0.3800272 0.0000000 0.3260481 0.1262695 0.2340918 0.3033410 0.3796779 0.2948577 0.0205267 0.3002954 0.3404077 0.2114406 0.1519734 0.3403008 0.3473910 0.1640180 0.3690624 0.3126875 0.3000517 0.2275345 0.3152819 0.1900638 0.3929779 0.1989603 0.4738434 0.3037822 0.2420907 0.3175604 0.3960480 0.6050568 0.2147076 0.3306174 0.2684027 0.1889929 0.1879409 0.3475197 0.2183495 0.3840555 0.2585466 0.2074295 0.4354640 0.2401557 0.1612438 0.1944545 
Perityle_gracilis_11                       0.4189504 0.3063217 0.3796749 0.3653671 0.4062297 0.2106249 0.3230567 0.2771334 0.4271765 0.3949047 0.3884489 0.2453243 0.0917920 0.0618616 0.2741768 0.1104879 0.2384062 0.2220684 0.2487980 0.0264705 0.0636184 0.2084594 0.1423111 0.0820228 0.0373354 0.4257997 0.4227602 0.3767319 0.3612113 0.2259817 0.3140031 0.3628841 0.2312717 0.2028195 0.3351474 0.2740597 0.3410934 0.5380677 0.2043283 0.0691589 0.3260481 0.0000000 0.3069377 0.3598227 0.2865380 0.0282666 0.1515891 0.3050606 0.5246210 0.0884937 0.2453187 0.2695992 0.3698654 0.2664968 0.2363615 0.0107608 0.0572344 0.3570840 0.3026964 0.3725675 0.1020842 0.1020697 0.2916858 0.7727152 0.4033422 0.5229058 0.2760219 0.4017477 0.3697071 0.2348372 0.0856424 0.3413787 0.2755839 0.0654543 0.4325079 0.3465950 0.0980670 0.2255532 0.3351083 0.0835017 0.3143701 0.2550129 0.2950016 
Perityle_harkerae_31                       0.5408986 0.2512648 0.2883001 0.2336552 0.2963667 0.0438168 0.3058386 0.2562465 0.4347788 0.2992454 0.3090252 0.2773762 0.3271617 0.2984647 0.2778924 0.3475760 0.2088698 0.3332127 0.2169528 0.3285170 0.3128943 0.2312171 0.4226415 0.2948625 0.3349035 0.3703035 0.5170511 0.2577833 0.1374679 0.1404575 0.2158940 0.3057325 0.4386605 0.2035771 0.1311843 0.3360100 0.2508958 0.2913808 0.2428330 0.3427122 0.1262695 0.3069377 0.0000000 0.2331621 0.2730191 0.3399582 0.3001685 0.0627048 0.2417252 0.3099230 0.2089063 0.1421943 0.3003090 0.3401139 0.1587329 0.3164191 0.2911981 0.2854148 0.2244835 0.3132213 0.1954371 0.3821736 0.1736016 0.4405083 0.2920787 0.2033963 0.2928153 0.3594245 0.5217451 0.2248916 0.3006134 0.2328261 0.1554862 0.2000361 0.3465756 0.2241864 0.3509079 0.2602469 0.2064384 0.3570082 0.2330856 0.1675414 0.1886438 
Perityle_hofmeisteria_4_nombre_de_dios     0.4568338 0.2927659 0.2551747 0.2418448 0.3412447 0.0749927 0.2962459 0.2571304 0.4254841 0.2793645 0.3340270 0.3506050 0.3792949 0.2960355 0.3004192 0.2891572 0.1919694 0.2611198 0.3032484 0.3402195 0.3902844 0.2437348 0.5515553 0.3312287 0.3511609 0.4485823 0.5192360 0.2642104 0.1508416 0.1405989 0.2146044 0.2697360 0.4780503 0.2152841 0.2409460 0.3684162 0.0962771 0.3701863 0.2892590 0.3738607 0.2340918 0.3598227 0.2331621 0.0000000 0.3489842 0.4121021 0.4230477 0.1853734 0.3673481 0.4304063 0.2464801 0.1577502 0.3161318 0.3256429 0.1865551 0.3970772 0.3958520 0.2832590 0.2253770 0.3288216 0.2163484 0.4735489 0.2263168 0.6208065 0.3367165 0.2668623 0.3372234 0.4194658 0.6536641 0.2025365 0.4095564 0.3510695 0.2724294 0.2879686 0.3973237 0.2252790 0.4377714 0.2943741 0.1930455 0.4465660 0.2497720 0.1687220 0.2008169 
Perityle_huecosensis_48                    0.4829662 0.2535673 0.3114943 0.2346771 0.3178977 0.1570916 0.3044634 0.2727917 0.4011030 0.3178772 0.3116177 0.1817823 0.2870918 0.2475042 0.1789047 0.3039255 0.2375169 0.3323551 0.1266454 0.2722067 0.2320628 0.1615451 0.3380052 0.2389371 0.3212079 0.2868857 0.4316573 0.3473605 0.2040215 0.1796483 0.2532788 0.3152671 0.3422563 0.2210170 0.2901777 0.1860151 0.3254870 0.1809439 0.1699722 0.2989053 0.3033410 0.2865380 0.2730191 0.3489842 0.0000000 0.3242422 0.2340645 0.2135500 0.1022264 0.2326835 0.2125789 0.0321448 0.2317527 0.2357541 0.1883645 0.2821158 0.2467872 0.2203650 0.2852833 0.3217712 0.1290326 0.2705256 0.2602721 0.3244584 0.3601844 0.3092342 0.2014571 0.2511101 0.3737494 0.2073221 0.2443380 0.1248408 0.0374369 0.1552278 0.3796733 0.2810261 0.2800620 0.1861997 0.2333405 0.3519992 0.3173110 0.2439029 0.0900889 
