85
Amauria_brandeegeana_62                    0.0000000 0.0550668 0.0662172 0.3590372 0.1479159 0.2912030 0.3207786 0.0847799 0.2514007 0.0027552 0.1675795 0.1510848 0.1208275 0.2250078 0.0726472 0.1274040 0.1408029 0.4175130 0.1341773 0.0943315 0.2939400 0.1243134 0.0577761 0.2347081 0.1575635 0.1128133 0.1763755 0.2002717 0.5021019 0.1370447 0.0803353 0.1103375 0.4151813 0.0025398 0.1487858 0.2724604 0.1746860 0.1111173 0.1891215 0.1101822 0.1054681 0.1789588 0.3783636 0.1004101 0.2981997 0.1863473 0.1330775 0.1510217 0.1469777 0.3184739 0.1591443 0.1578492 0.1634765 0.1756265 0.1198598 0.1035073 0.0766992 0.1096953 0.1337803 0.1151370 0.0994505 0.1019121 0.1506760 0.0845878 0.1524307 0.1299540 0.1415774 0.2211590 0.1830083 0.0547056 0.0456817 0.0518830 0.1370698 0.1690867 0.0998721 0.1390429 0.0579333 0.1785411 0.1571486 0.1303378 0.1509040 0.1010117 0.1331178 0.2723137 0.2188515 
Amauria_carterae_99_mesa                   0.0550668 0.0000000 0.0430912 0.3082599 0.0846635 0.2775552 0.2565052 0.0907906 0.1655884 0.0548380 0.0925008 0.0756604 0.0715560 0.0731217 0.0635069 0.0756750 0.0610355 0.4631345 0.0741490 0.0663490 0.2350127 0.0664820 0.0635724 0.0699307 0.0681785 0.0666073 0.0931453 0.0707313 0.3487480 0.0772854 0.0738274 0.0668533 0.2931159 0.0515166 0.0645516 0.2462957 0.0914100 0.0572306 0.1026209 0.0668839 0.0749015 0.0663693 0.2532691 0.0662867 0.2501361 0.1010195 0.0660206 0.0626996 0.0699777 0.2577512 0.0717935 0.0592324 0.0663256 0.0915847 0.0642761 0.0652362 0.0704964 0.0874490 0.0684371 0.0665599 0.0744609 0.1062740 0.1174132 0.0756335 0.0622580 0.0753606 0.0634405 0.1060566 0.1114962 0.0622603 0.0524114 0.0652311 0.0902568 0.0665094 0.0638255 0.0662446 0.0637964 0.1180077 0.0626700 0.0644176 0.0679612 0.0908810 0.0665229 0.1262995 0.0755509 
Amauria_rotundifolia_SRR9119150            0.0662172 0.0430912 0.0000000 0.3458769 0.1625916 0.2857799 0.3044397 0.0759677 0.2439130 0.0790611 0.1947980 0.1511282 0.1265747 0.2414443 0.0719827 0.1453926 0.1447413 0.4155119 0.1217839 0.0885061 0.2840663 0.1238613 0.0609819 0.2431360 0.1635323 0.1152363 0.1970459 0.2083516 0.4989102 0.1408085 0.0721722 0.1055351 0.4165547 0.0285315 0.1555731 0.2790236 0.2029377 0.1142818 0.2009792 0.1108507 0.1071350 0.1777195 0.4071575 0.0949110 0.3097866 0.1947536 0.1479308 0.1604211 0.1568828 0.3239767 0.1532225 0.1670111 0.1681290 0.1939714 0.1143246 0.1085885 0.0688041 0.1013704 0.1438562 0.1221434 0.0843233 0.0971997 0.1488496 0.0758165 0.1642162 0.1373275 0.1543549 0.2424274 0.2060893 0.0493560 0.0355764 0.0483446 0.1314550 0.1852662 0.1166361 0.1403279 0.0574101 0.1815443 0.1655277 0.1407860 0.1477855 0.0950362 0.1423823 0.2717772 0.2113946 
Conoclinium_coelestinum_SRR9119114         0.3590372 0.3082599 0.3458769 0.0000000 0.3300291 0.3260897 0.1012811 0.1934285 0.3910030 0.3633710 0.3095677 0.3910975 0.3504645 0.3746906 0.2943158 0.3536118 0.3570518 0.4417581 0.3857724 0.3386396 0.2786318 0.3576077 0.2465899 0.3893626 0.3610852 0.3526433 0.3202306 0.3907588 0.4079855 0.2554392 0.2522436 0.3456064 0.3300553 0.3479872 0.3539566 0.4531392 0.3352157 0.3488785 0.3660063 0.3544687 0.3282037 0.3930844 0.3637515 0.3592513 0.3303741 0.3644903 0.3487734 0.3615921 0.3745981 0.3064137 0.3999447 0.3544431 0.3589600 0.3166457 0.3453412 0.2279623 0.3385439 0.2982905 0.3514851 0.3581435 0.3563381 0.1681251 0.3309622 0.2443159 0.3292848 0.3556507 0.3650024 0.3337811 0.3395959 0.1786542 0.1063509 0.1437516 0.3543617 0.3666963 0.3591261 0.3656106 0.2150326 0.3429739 0.3641144 0.3540602 0.3448192 0.3282762 0.3555801 0.3752014 0.3872056 
Eutetras_palmeri_63                        0.1479159 0.0846635 0.1625916 0.3300291 0.0000000 0.2811921 0.2897840 0.0792485 0.2221915 0.1764528 0.1763966 0.1733007 0.1314529 0.2341136 0.0971956 0.1439852 0.1853001 0.4359757 0.1441834 0.1200810 0.2603564 0.1400830 0.0671439 0.2534682 0.2152431 0.1380491 0.1542630 0.2832336 0.4489117 0.1226474 0.0960636 0.1226786 0.3879698 0.0959743 0.1626034 0.2547699 0.1557398 0.1355007 0.1514968 0.1267447 0.1207315 0.1839089 0.3743063 0.1212120 0.3068388 0.1523324 0.1821309 0.2280960 0.1724568 0.3084183 0.1661933 0.1835827 0.1905588 0.1489708 0.1451756 0.1147238 0.1158194 0.0843051 0.1668186 0.1332604 0.1212393 0.0889398 0.1465058 0.0684579 0.1907723 0.1535470 0.1321289 0.1659327 0.1468202 0.0572144 0.0489130 0.0653893 0.1403354 0.2138781 0.1308112 0.1540237 0.0634901 0.1444251 0.2025439 0.1581772 0.1613298 0.1235081 0.1593173 0.2933191 0.2396824 
Eutetras_pringlei_149_quer                 0.2912030 0.2775552 0.2857799 0.3260897 0.2811921 0.0000000 0.2279974 0.2593757 0.3056663 0.2912030 0.2922587 0.3045971 0.3012397 0.2931097 0.3085057 0.3080401 0.2918825 0.0000010 0.3288517 0.2860194 0.1938816 0.3034890 0.2704628 0.3205540 0.2848473 0.2922689 0.2920335 0.2851245 0.4334525 0.2617365 0.2344767 0.3119891 0.2200204 0.2912030 0.2860194 0.3729447 0.2850707 0.2957839 0.2923062 0.3026049 0.3097293 0.3088787 0.2546821 0.2848385 0.2380471 0.2992118 0.2959033 0.2850343 0.3034890 0.2423690 0.3204906 0.2850065 0.2850039 0.2920335 0.3122544 0.2877003 0.2902945 0.2983133 0.2881314 0.2980599 0.2843619 0.2459715 0.3356766 0.2979069 0.3032179 0.3112740 0.3372725 0.3015274 0.3126200 0.2619256 0.2142267 0.2736334 0.2625471 0.3045382 0.2924996 0.3076746 0.2765636 0.3188666 0.3287060 0.2897130 0.3083897 0.2842303 0.2862970 0.2765725 0.3341368 
Eutrochium_fistulosum_SRR9119106           0.3207786 0.2565052 0.3044397 0.1012811 0.2897840 0.2279974 0.0000000 0.1517034 0.3422747 0.3223619 0.2803579 0.3432328 0.3127439 0.3461830 0.2582524 0.3135460 0.3173619 0.4322617 0.3294633 0.2877615 0.2302550 0.3156799 0.2028930 0.3799457 0.3220899 0.3142713 0.3175975 0.3494892 0.3706940 0.2440792 0.2112509 0.2882917 0.2674360 0.3013242 0.3124659 0.3940156 0.3078248 0.3147682 0.3252613 0.3077119 0.2919043 0.3737986 0.2834147 0.3127872 0.2617963 0.3259126 0.3118155 0.3226864 0.3217898 0.2374126 0.3743862 0.3189782 0.3232776 0.3119153 0.3199071 0.2044151 0.2901186 0.2872355 0.3122628 0.3145763 0.2947306 0.1734520 0.3180292 0.2371582 0.3120661 0.3287646 0.3355660 0.3111547 0.3127225 0.1765041 0.0988840 0.1570621 0.3330950 0.3220763 0.3038440 0.3310146 0.1877471 0.3164012 0.3234137 0.3117817 0.3017323 0.2743592 0.3161014 0.3088652 0.3257987 
Galeana_pratensis_104_mex                  0.0847799 0.0907906 0.0759677 0.1934285 0.0792485 0.2593757 0.1517034 0.0000000 0.1171731 0.0875316 0.0883477 0.0945378 0.1000915 0.0884733 0.0922340 0.0909432 0.0915831 0.4040837 0.0973597 0.0890368 0.1573206 0.0971982 0.1138168 0.1108419 0.1024602 0.0945430 0.0907139 0.1080667 0.2651446 0.0769678 0.0766853 0.0930072 0.1543065 0.0797949 0.0862216 0.1606981 0.0964103 0.0888492 0.1075081 0.0853919 0.0942493 0.0998989 0.1766026 0.0917709 0.1793159 0.1048929 0.0969719 0.0886187 0.0943615 0.1836824 0.0998989 0.0885968 0.0969479 0.0915083 0.0942363 0.0921987 0.0954583 0.0825605 0.0918526 0.0912917 0.0889829 0.1414479 0.1070819 0.0884482 0.0715748 0.0975138 0.1049085 0.0931580 0.1058784 0.0641624 0.0628580 0.0899859 0.0762923 0.0860044 0.0916883 0.0969846 0.0867794 0.1067659 0.1047560 0.0889145 0.0884627 0.1079085 0.0945080 0.1064191 0.1155865 
Helianthus_annuus_SRR9119062               0.2514007 0.1655884 0.2439130 0.3910030 0.2221915 0.3056663 0.3422747 0.1171731 0.0000000 0.2480872 0.2304483 0.2432787 0.2145815 0.2863869 0.1528134 0.2249565 0.2323548 0.4725055 0.2484388 0.1963491 0.2702430 0.2305132 0.1308826 0.3007649 0.2391201 0.2026033 0.2633800 0.2538454 0.4622462 0.1746425 0.1311979 0.2015059 0.3924294 0.2110867 0.2308535 0.3570176 0.2622852 0.2349596 0.2783688 0.2050162 0.1974382 0.2897329 0.3647149 0.2114129 0.3283532 0.2708358 0.2413572 0.2445366 0.2298230 0.3222138 0.2665105 0.2354250 0.2402462 0.2639041 0.2095107 0.1236374 0.1785853 0.2061701 0.2287760 0.2343928 0.2417693 0.1439998 0.2304401 0.1475613 0.2339837 0.2603220 0.2394398 0.2635494 0.2768160 0.1007870 0.0803653 0.1055341 0.2201195 0.2373093 0.2073458 0.2365614 0.1105754 0.2779576 0.2461126 0.2296532 0.2334871 0.1927480 0.2318285 0.2860283 0.2512288 
Lycapsus_tenuifolius_17                    0.0027552 0.0548380 0.0790611 0.3633710 0.1764528 0.2912030 0.3223619 0.0875316 0.2480872 0.0000000 0.2123979 0.1522216 0.1219400 0.2350193 0.0745502 0.1534796 0.1556978 0.4280113 0.1340494 0.0955998 0.3029429 0.1254368 0.0577761 0.2547277 0.1750458 0.1099743 0.2203538 0.2460329 0.5056713 0.1351109 0.0803353 0.1005394 0.4205733 0.0012666 0.1470805 0.2724604 0.2086925 0.1122337 0.1994910 0.0933209 0.1034617 0.1789744 0.3804448 0.1015855 0.2882594 0.2148246 0.1505108 0.1732010 0.1483388 0.3212354 0.1603318 0.1561183 0.1600989 0.2057980 0.1173059 0.0996353 0.0784747 0.1096953 0.1417647 0.1162706 0.1012431 0.1019121 0.1532922 0.0845878 0.1749134 0.1301374 0.1709744 0.2561549 0.2268541 0.0571826 0.0490127 0.0518830 0.1338282 0.1735949 0.0932841 0.1369160 0.0602415 0.1811476 0.1966669 0.1282168 0.1478040 0.1010117 0.1389430 0.2663278 0.2129946 
Pericome_caudata_50_silver                 0.1675795 0.0925008 0.1947980 0.3095677 0.1763966 0.2922587 0.2803579 0.0883477 0.2304483 0.2123979 0.0000000 0.1847042 0.1510842 0.2788691 0.1176921 0.2546793 0.1996728 0.4259478 0.1424966 0.1286727 0.2787124 0.1613119 0.1080594 0.3413218 0.2473325 0.2070072 0.2450331 0.3592425 0.4737603 0.1482960 0.1148152 0.2121097 0.3658595 0.1137210 0.2276677 0.2857438 0.2613903 0.1484048 0.1899961 0.2127562 0.2046941 0.2097684 0.4296394 0.1345376 0.3106552 0.2507445 0.2583717 0.2481368 0.2028806 0.3304175 0.1862601 0.2363693 0.2091290 0.1882815 0.1466820 0.1932893 0.1291188 0.0754854 0.1911642 0.1486837 0.1308693 0.0945424 0.1452463 0.0722833 0.2611841 0.2343758 0.2042107 0.2049796 0.2455635 0.0681514 0.0422290 0.0624091 0.1648259 0.2818904 0.2409829 0.1990212 0.0902595 0.1484347 0.2748229 0.1827509 0.1815207 0.1422219 0.1940513 0.3283783 0.2160279 
Perityle_aglossa_84_dead_horse             0.1510848 0.0756604 0.1511282 0.3910975 0.1733007 0.3045971 0.3432328 0.0945378 0.2432787 0.1522216 0.1847042 0.0000000 0.0719667 0.1782711 0.0423586 0.1380130 0.0811028 0.4149251 0.1520164 0.0380613 0.2956242 0.0874503 0.0378996 0.1864678 0.1279551 0.0406947 0.2024980 0.1638560 0.4536851 0.1559217 0.0569229 0.0998434 0.3987180 0.1024550 0.0827563 0.2927575 0.2039263 0.0669075 0.2199046 0.1006103 0.0429735 0.1369958 0.3746240 0.0635554 0.3005526 0.2195501 0.0897822 0.1240188 0.0853045 0.3334674 0.1280134 0.1196940 0.1230516 0.2045862 0.0459764 0.0745350 0.0470092 0.1254412 0.0844196 0.0694441 0.0640411 0.1166871 0.1647474 0.1056271 0.0802966 0.1048634 0.1377541 0.2242994 0.2111676 0.0288039 0.0323919 0.0452864 0.1191614 0.1269382 0.0313267 0.0899894 0.0311531 0.2093994 0.1602138 0.0856490 0.0803047 0.0812764 0.0854911 0.2489773 0.1917162 
Perityle_ajoensis_204                      0.1208275 0.0715560 0.1265747 0.3504645 0.1314529 0.3012397 0.3127439 0.1000915 0.2145815 0.1219400 0.1510842 0.0719667 0.0000000 0.1153429 0.0291209 0.1011259 0.0324485 0.4456304 0.1489661 0.0313635 0.2543916 0.0384265 0.0417860 0.1382609 0.0923360 0.0306596 0.1571063 0.1140763 0.4362213 0.1051424 0.0568147 0.1019033 0.3816731 0.1004561 0.0397366 0.2875437 0.1703442 0.0313774 0.1802609 0.0880174 0.0402289 0.1169151 0.3321530 0.0523692 0.2974089 0.1766532 0.0425022 0.0853391 0.0382969 0.3002957 0.1201355 0.0776908 0.0830751 0.1589638 0.0367985 0.0572729 0.0412354 0.1220427 0.0342071 0.0315911 0.0641081 0.1294724 0.1557731 0.1006597 0.0310373 0.0798447 0.0981007 0.2048986 0.1691861 0.0214375 0.0192042 0.0385229 0.1080859 0.0854958 0.0319713 0.0679517 0.0220395 0.1718981 0.1199960 0.0269520 0.0374406 0.0839976 0.0346262 0.2696446 0.2209775 
Perityle_ambrosiifolia_67_green            0.2250078 0.0731217 0.2414443 0.3746906 0.2341136 0.2931097 0.3461830 0.0884733 0.2863869 0.2350193 0.2788691 0.1782711 0.1153429 0.0000000 0.0412399 0.2090112 0.1479037 0.4245413 0.1910667 0.0571521 0.3579870 0.1550285 0.0638008 0.1354287 0.1515618 0.0853290 0.2818330 0.2139821 0.4957600 0.2250458 0.0620272 0.1267062 0.4469784 0.1185822 0.1592473 0.2687085 0.2797163 0.1274970 0.2809731 0.1450475 0.0096199 0.0642846 0.4402041 0.0654266 0.3321094 0.2815944 0.1603282 0.1387493 0.1651847 0.3914481 0.0567204 0.1344034 0.1264986 0.2832926 0.0954471 0.1040798 0.0460107 0.1315030 0.1538760 0.1394347 0.0774635 0.1122235 0.2105923 0.0919475 0.1639476 0.1629821 0.2096654 0.3251862 0.2809238 0.0262714 0.0322982 0.0288518 0.1572777 0.1547549 0.0390408 0.0883551 0.0339944 0.2735570 0.2285125 0.1513446 0.1520475 0.0953015 0.1585051 0.3005233 0.2224044 
Perityle_angustifolia_13_Eagle_creek       0.0726472 0.0635069 0.0719827 0.2943158 0.0971956 0.3085057 0.2582524 0.0922340 0.1528134 0.0745502 0.1176921 0.0423586 0.0291209 0.0412399 0.0000000 0.0847912 0.0236270 0.4231957 0.0774927 0.0273521 0.2181175 0.0273479 0.0416179 0.0310900 0.0292578 0.0236452 0.1019226 0.0363188 0.3160709 0.0588711 0.0527313 0.0835077 0.2622068 0.0725773 0.0254883 0.2307426 0.0922875 0.0179652 0.1158975 0.0769816 0.0412031 0.0292608 0.2567865 0.0273791 0.2508532 0.1160943 0.0162224 0.0236538 0.0254303 0.2652034 0.0348532 0.0236683 0.0292404 0.1025135 0.0089371 0.0479979 0.0305377 0.0974085 0.0255121 0.0254736 0.0454255 0.1296857 0.1158449 0.0995082 0.0289567 0.0518289 0.0695924 0.1093186 0.1278972 0.0166178 0.0095430 0.0350721 0.0565587 0.0254532 0.0272850 0.0292197 0.0175446 0.1352359 0.0767859 0.0234932 0.0328955 0.0710476 0.0255018 0.1088701 0.0868545 
Perityle_batopilensis_97                   0.1274040 0.0756750 0.1453926 0.3536118 0.1439852 0.3080401 0.3135460 0.0909432 0.2249565 0.1534796 0.2546793 0.1380130 0.1011259 0.2090112 0.0847912 0.0000000 0.1546013 0.4373874 0.1048836 0.0873900 0.2873309 0.1143858 0.0493417 0.2295264 0.1766117 0.1237536 0.1404757 0.2759970 0.4471097 0.1350328 0.0618527 0.1159882 0.3846031 0.0828372 0.1546161 0.2643614 0.1731346 0.1017293 0.1685231 0.0114592 0.1130686 0.1653197 0.3928629 0.0942445 0.3189755 0.1834312 0.1885510 0.1964678 0.1546219 0.3344797 0.1499432 0.1345469 0.1396177 0.1141035 0.0985385 0.1475950 0.0861661 0.0864763 0.1494564 0.1063329 0.0769079 0.0801614 0.1653850 0.0719878 0.1691155 0.1657687 0.0777563 0.1444653 0.1954947 0.0889270 0.0523949 0.0651603 0.1334268 0.1687806 0.1542694 0.1195138 0.0795857 0.1640111 0.1744902 0.1256716 0.1249031 0.0908930 0.1486371 0.2088555 0.1383384 
Perityle_bisetosa_9                        0.1408029 0.0610355 0.1447413 0.3570518 0.1853001 0.2918825 0.3173619 0.0915831 0.2323548 0.1556978 0.1996728 0.0811028 0.0324485 0.1479037 0.0236270 0.1546013 0.0000000 0.4245413 0.1389005 0.0290745 0.2997205 0.0347937 0.0262710 0.1505326 0.1110191 0.0273064 0.2231807 0.1761147 0.4819572 0.1106621 0.0465718 0.0962467 0.4207770 0.0955276 0.0387792 0.2814787 0.2333136 0.0155518 0.2179174 0.0792845 0.0297727 0.0958442 0.3817724 0.0289047 0.2896715 0.2197999 0.1184206 0.1443253 0.0794406 0.3178245 0.0902284 0.0759478 0.0750911 0.1966839 0.0346862 0.0588097 0.0291327 0.1145349 0.0827405 0.0275855 0.0555248 0.1072812 0.1592539 0.0893796 0.1041483 0.0797845 0.1384283 0.2444720 0.2299056 0.0117802 0.0159533 0.0254385 0.0986635 0.0992680 0.0188716 0.0503483 0.0153349 0.1818938 0.1542160 0.0337394 0.0423805 0.0699622 0.0715687 0.2618741 0.2102190 
Perityle_californica_76_positas            0.4175130 0.4631345 0.4155119 0.4417581 0.4359757 0.0000010 0.4322617 0.4040837 0.4725055 0.4280113 0.4259478 0.4149251 0.4456304 0.4245413 0.4231957 0.4373874 0.4245413 0.0000000 0.4063661 0.4150067 0.3917772 0.4228997 0.0000010 0.4245413 0.4259383 0.4493927 0.4268285 0.4462725 0.4071843 0.4356321 0.4176921 0.4155119 0.3829421 0.4175130 0.4133018 0.2420430 0.4072882 0.4245413 0.4303036 0.4138591 0.4364580 0.4245413 0.4300593 0.4245413 0.4404560 0.4174576 0.4335653 0.4245413 0.4345365 0.4416555 0.4245413 0.4225374 0.4374183 0.4160854 0.4133018 0.4015600 0.4245413 0.4492281 0.4228997 0.4231957 0.4133018 0.1895648 0.4408783 0.4268285 0.4133018 0.4377075 0.4373874 0.4371167 0.4302575 0.4135488 0.4136165 0.2841878 0.4251302 0.4231957 0.4245413 0.4245413 0.4231957 0.4194738 0.4403950 0.4231957 0.4133018 0.3351387 0.4228997 0.2281366 0.4175312 
Perityle_canescens_77                      0.1341773 0.0741490 0.1217839 0.3857724 0.1441834 0.3288517 0.3294633 0.0973597 0.2484388 0.1340494 0.1424966 0.1520164 0.1489661 0.1910667 0.0774927 0.1048836 0.1389005 0.4063661 0.0000000 0.1295696 0.2572616 0.1372208 0.0773721 0.2075576 0.1512576 0.1428895 0.1265338 0.1727908 0.4168122 0.1226319 0.0785398 0.1266084 0.3828100 0.1298476 0.1348459 0.2687309 0.1346905 0.1376218 0.1545164 0.1019613 0.1297341 0.2042577 0.3645138 0.1472225 0.3460001 0.1518707 0.1423842 0.1507737 0.1413607 0.3044974 0.2066505 0.1495691 0.1494481 0.1262149 0.1410276 0.1069974 0.0968203 0.1384093 0.1446910 0.1381959 0.1477621 0.0581080 0.1566030 0.0745232 0.1409243 0.1528522 0.1138827 0.1479072 0.1460437 0.0767960 0.0564510 0.0758776 0.1698688 0.1515780 0.1281239 0.1602546 0.0707529 0.1433064 0.1072381 0.1366683 0.1412356 0.0913916 0.1446497 0.2158467 0.0179496 
Perityle_castillonii_96                    0.0943315 0.0663490 0.0885061 0.3386396 0.1200810 0.2860194 0.2877615 0.0890368 0.1963491 0.0955998 0.1286727 0.0380613 0.0313635 0.0571521 0.0273521 0.0873900 0.0290745 0.4150067 0.1295696 0.0000000 0.2132228 0.0319953 0.0378356 0.0475286 0.0344520 0.0301785 0.1457267 0.0426354 0.3933682 0.0706885 0.0491656 0.0956672 0.3419368 0.0915559 0.0035321 0.2859864 0.1610236 0.0266495 0.1626441 0.0814560 0.0380969 0.0450183 0.2936115 0.0312928 0.2830605 0.1646367 0.0313180 0.0337304 0.0325942 0.2647803 0.0488008 0.0288464 0.0325365 0.1478369 0.0325886 0.0574007 0.0325905 0.1194702 0.0314409 0.0305361 0.0522330 0.1211967 0.1612514 0.0960673 0.0351226 0.0564050 0.0737826 0.1770827 0.1612277 0.0141726 0.0127764 0.0385043 0.0931339 0.0338920 0.0294406 0.0398836 0.0220219 0.1630220 0.0888609 0.0301224 0.0412701 0.0723372 0.0314324 0.2481996 0.1883970 
Perityle_cernua_84                         0.2939400 0.2350127 0.2840663 0.2786318 0.2603564 0.1938816 0.2302550 0.1573206 0.2702430 0.3029429 0.2787124 0.2956242 0.2543916 0.3579870 0.2181175 0.2873309 0.2997205 0.3917772 0.2572616 0.2132228 0.0000000 0.2812751 0.2073616 0.4099525 0.3220546 0.2332945 0.2535765 0.3768213 0.3377370 0.2368171 0.1714432 0.2284192 0.2055719 0.2352285 0.2800241 0.3542612 0.2658457 0.2605524 0.2866293 0.2604737 0.2178451 0.3296292 0.2463509 0.2401560 0.1467762 0.2871117 0.3056242 0.3228853 0.3081948 0.1914031 0.3168516 0.3165451 0.3228238 0.2491147 0.2416157 0.1823061 0.2408030 0.1973335 0.3038352 0.2610885 0.2239796 0.1394628 0.2088305 0.1929244 0.2950859 0.2654201 0.2873368 0.2570637 0.2809091 0.1445749 0.0945837 0.1418654 0.2355890 0.3378716 0.2282034 0.2708583 0.1776737 0.2740496 0.2899051 0.2815523 0.2896720 0.2611379 0.3075404 0.2511206 0.2335178 
Perityle_cfvillosa_25_tin                  0.1243134 0.0664820 0.1238613 0.3576077 0.1400830 0.3034890 0.3156799 0.0971982 0.2305132 0.1254368 0.1613119 0.0874503 0.0384265 0.1550285 0.0273479 0.1143858 0.0347937 0.4228997 0.1372208 0.0319953 0.2812751 0.0000000 0.0301083 0.1736664 0.1151884 0.0126248 0.1738546 0.1370955 0.4539308 0.1211467 0.0491043 0.0891599 0.3897103 0.0938303 0.0399418 0.2899262 0.1779677 0.0322614 0.2018089 0.0892765 0.0363161 0.1320485 0.3740832 0.0564811 0.2991931 0.2012955 0.0517706 0.1054194 0.0128330 0.3257838 0.1206379 0.0977719 0.1055646 0.1758012 0.0357153 0.0620620 0.0379680 0.1240098 0.0098664 0.0161714 0.0639870 0.1164789 0.1618952 0.1008123 0.0409821 0.0843413 0.1156183 0.1967933 0.1856221 0.0239175 0.0224145 0.0319199 0.1075297 0.1026339 0.0203530 0.0840539 0.0132047 0.1853064 0.1460134 0.0290369 0.0462717 0.0741499 0.0078845 0.2365207 0.1844701 
Perityle_cinerea_113_Powell1310            0.0577761 0.0635724 0.0609819 0.2465899 0.0671439 0.2704628 0.2028930 0.1138168 0.1308826 0.0577761 0.1080594 0.0378996 0.0417860 0.0638008 0.0416179 0.0493417 0.0262710 0.0000010 0.0773721 0.0378356 0.2073616 0.0301083 0.0000000 0.0536188 0.0378342 0.0263206 0.0913067 0.0495588 0.3344953 0.0650745 0.0515858 0.0731779 0.2256146 0.0577761 0.0378356 0.2133248 0.0882074 0.0377489 0.1139297 0.0415434 0.0554701 0.0457276 0.2157322 0.0378888 0.2247835 0.1189876 0.0338948 0.0301120 0.0263013 0.2247202 0.0457276 0.0301117 0.0417018 0.0913067 0.0532641 0.0643842 0.0456269 0.0770602 0.0225785 0.0301579 0.0455898 0.1006434 0.1187934 0.0960209 0.0297166 0.0495698 0.0697320 0.1003583 0.1156807 0.0279619 0.0370991 0.0639484 0.0515858 0.0302010 0.0301727 0.0455936 0.0263206 0.1198116 0.0738023 0.0302505 0.0378103 0.0494872 0.0263534 0.0652053 0.0896514 
Perityle_coahuilensis_24                   0.2347081 0.0699307 0.2431360 0.3893626 0.2534682 0.3205540 0.3799457 0.1108419 0.3007649 0.2547277 0.3413218 0.1864678 0.1382609 0.1354287 0.0310900 0.2295264 0.1505326 0.4245413 0.2075576 0.0475286 0.4099525 0.1736664 0.0536188 0.0000000 0.1876421 0.0826958 0.2979521 0.2103027 0.5453716 0.2613627 0.0518433 0.1206548 0.4817740 0.1323654 0.1614905 0.3007560 0.3028657 0.1215337 0.2902540 0.1730911 0.0230731 0.0064671 0.4586336 0.1089903 0.3484191 0.2910596 0.1514225 0.1773401 0.1803628 0.3671699 0.0149011 0.1462452 0.1514360 0.3052077 0.1029118 0.1216396 0.0397563 0.1344991 0.1777065 0.1541930 0.0640653 0.1170957 0.2100227 0.0983308 0.1768921 0.2068912 0.2029016 0.3365106 0.2725160 0.0286503 0.0323330 0.0000010 0.1760520 0.1644953 0.1083643 0.1095355 0.0287905 0.2782352 0.2357165 0.1623941 0.1697473 0.0840189 0.1812784 0.2852283 0.2228359 
Perityle_cochisensis_44_cave_creek         0.1575635 0.0681785 0.1635323 0.3610852 0.2152431 0.2848473 0.3220899 0.1024602 0.2391201 0.1750458 0.2473325 0.1279551 0.0923360 0.1515618 0.0292578 0.1766117 0.1110191 0.4259383 0.1512576 0.0344520 0.3220546 0.1151884 0.0378342 0.1876421 0.0000000 0.0374310 0.2351040 0.2017362 0.4684098 0.1830681 0.0569063 0.0928104 0.4083099 0.0994171 0.1072764 0.2875709 0.2290003 0.0720801 0.2161913 0.1048701 0.0248639 0.1293250 0.3643715 0.0213303 0.2887274 0.2374273 0.1131850 0.0280973 0.1335199 0.3220587 0.1229055 0.0248665 0.0178718 0.2196387 0.0403715 0.0596838 0.0380012 0.1139904 0.1330355 0.1032734 0.0640492 0.1075332 0.1566166 0.0917229 0.1339642 0.1135097 0.1646305 0.2471116 0.2425580 0.0213795 0.0257547 0.0222791 0.1338608 0.0394678 0.0255078 0.0327047 0.0242883 0.2070087 0.1788133 0.1157574 0.1164071 0.0839915 0.1307588 0.2245782 0.1690522 
Perityle_congesta_202                      0.1128133 0.0666073 0.1152363 0.3526433 0.1380491 0.2922689 0.3142713 0.0945430 0.2026033 0.1099743 0.2070072 0.0406947 0.0306596 0.0853290 0.0236452 0.1237536 0.0273064 0.4493927 0.1428895 0.0301785 0.2332945 0.0126248 0.0263206 0.0826958 0.0374310 0.0000000 0.1691507 0.0704689 0.4233670 0.0839766 0.0568595 0.1109997 0.3469258 0.0966687 0.0530488 0.2841884 0.1802131 0.0250224 0.1918786 0.1112838 0.0384115 0.0817856 0.3534840 0.0314243 0.3209850 0.1848995 0.0386299 0.0338016 0.0190073 0.2798747 0.0878784 0.0384305 0.0352851 0.1730807 0.0393084 0.0826727 0.0362353 0.1258114 0.0129462 0.0125157 0.0606416 0.1164269 0.1752705 0.1010474 0.0355197 0.0959057 0.0918340 0.2082279 0.1836060 0.0166562 0.0192271 0.0352192 0.1054182 0.0272322 0.0741056 0.0410027 0.0087782 0.1768755 0.1024920 0.0225330 0.0401020 0.0742824 0.0109313 0.2864116 0.2231715 
Perityle_cordifolia_27                     0.1763755 0.0931453 0.1970459 0.3202306 0.1542630 0.2920335 0.3175975 0.0907139 0.2633800 0.2203538 0.2450331 0.2024980 0.1571063 0.2818330 0.1019226 0.1404757 0.2231807 0.4268285 0.1265338 0.1457267 0.2535765 0.1738546 0.0913067 0.2979521 0.2351040 0.1691507 0.0000000 0.3211989 0.4668753 0.1450253 0.1017138 0.1622324 0.4117543 0.1072036 0.1976447 0.2163178 0.1307915 0.1606809 0.1052502 0.1308206 0.1669799 0.2325276 0.4273732 0.1523572 0.3265283 0.1021023 0.2414464 0.2679411 0.2134180 0.3219426 0.2131428 0.2199381 0.2219570 0.0077636 0.1632603 0.1862472 0.1172458 0.0274283 0.2092156 0.1587925 0.1417138 0.0886072 0.1025657 0.0097657 0.2451695 0.2659283 0.1151374 0.1458665 0.1075168 0.0768884 0.0557919 0.0826943 0.1799557 0.2550043 0.2635733 0.1881861 0.0836634 0.0939344 0.2177009 0.1870949 0.1919759 0.1238037 0.2031330 0.3235828 0.2483459 
Perityle_cordifolia_68_tecolote            0.2002717 0.0707313 0.2083516 0.3907588 0.2832336 0.2851245 0.3494892 0.1080667 0.2538454 0.2460329 0.3592425 0.1638560 0.1140763 0.2139821 0.0363188 0.2759970 0.1761147 0.4462725 0.1727908 0.0426354 0.3768213 0.1370955 0.0495588 0.2103027 0.2017362 0.0704689 0.3211989 0.0000000 0.5517401 0.1955143 0.0619566 0.1343256 0.4698561 0.1026170 0.1325175 0.2937414 0.3260116 0.0960225 0.2838273 0.1569804 0.0687074 0.1544891 0.4742793 0.0870150 0.3540937 0.2911599 0.1644202 0.2095617 0.1726534 0.3588011 0.1454853 0.1645167 0.1696202 0.3013479 0.0868180 0.0995502 0.0050488 0.1296121 0.1697818 0.1274036 0.0687000 0.1297291 0.1926396 0.1080190 0.2045971 0.1712342 0.2040341 0.3660044 0.3157482 0.0316858 0.0224708 0.0418353 0.1451720 0.1875385 0.1187202 0.1185834 0.0315165 0.2419076 0.2255624 0.1453901 0.1513229 0.0884799 0.1627413 0.2909524 0.2414549 
Perityle_coronopifolia_28_patagonia        0.5021019 0.3487480 0.4989102 0.4079855 0.4489117 0.4334525 0.3706940 0.2651446 0.4622462 0.5056713 0.4737603 0.4536851 0.4362213 0.4957600 0.3160709 0.4471097 0.4819572 0.4071843 0.4168122 0.3933682 0.3377370 0.4539308 0.3344953 0.5453716 0.4684098 0.4233670 0.4668753 0.5517401 0.0000000 0.3082745 0.2568406 0.4577151 0.4560724 0.3844328 0.4819732 0.5112873 0.4897508 0.4629082 0.4819854 0.4134220 0.4196077 0.4896804 0.5256730 0.4251579 0.4371265 0.4874113 0.4838197 0.4831082 0.4682894 0.3770337 0.4928025 0.4886187 0.4905694 0.4562160 0.4210233 0.3304897 0.3758358 0.3399409 0.4657115 0.4439886 0.4071889 0.2202797 0.3993937 0.2936557 0.4655917 0.4737748 0.4671702 0.4761281 0.4802269 0.2156837 0.1235905 0.2202319 0.4052930 0.4863940 0.4602859 0.4637506 0.2564686 0.4676885 0.4695493 0.4698463 0.4724870 0.3690810 0.4735206 0.5442290 0.5076339 
Perityle_crassifolia_70_ventanas           0.1370447 0.0772854 0.1408085 0.2554392 0.1226474 0.2617365 0.2440792 0.0769678 0.1746425 0.1351109 0.1482960 0.1559217 0.1051424 0.2250458 0.0588711 0.1350328 0.1106621 0.4356321 0.1226319 0.0706885 0.2368171 0.1211467 0.0650745 0.2613627 0.1830681 0.0839766 0.1450253 0.1955143 0.3082745 0.0000000 0.0112976 0.0775494 0.2660169 0.1027190 0.1202979 0.0898079 0.1317779 0.1065003 0.1605904 0.1232466 0.0680193 0.2189136 0.3078352 0.1164524 0.2183650 0.1586422 0.1162837 0.1825193 0.1154024 0.2747858 0.2024560 0.1758636 0.1827519 0.1476650 0.0874637 0.0781699 0.0615470 0.0988146 0.1187896 0.1108027 0.0572338 0.0986628 0.1146081 0.0927979 0.1231246 0.1171195 0.1524791 0.1427878 0.1563299 0.0491311 0.0421776 0.0506242 0.0080320 0.1827384 0.0628537 0.1575694 0.0502809 0.1549996 0.1606450 0.1167612 0.1243834 0.0747747 0.1189730 0.0538194 0.0899437 
Perityle_crassifolia_74_playa_balandra     0.0803353 0.0738274 0.0721722 0.2522436 0.0960636 0.2344767 0.2112509 0.0766853 0.1311979 0.0803353 0.1148152 0.0569229 0.0568147 0.0620272 0.0527313 0.0618527 0.0465718 0.4176921 0.0785398 0.0491656 0.1714432 0.0491043 0.0515858 0.0518433 0.0569063 0.0568595 0.1017138 0.0619566 0.2568406 0.0112976 0.0000000 0.0672002 0.2244923 0.0803353 0.0466083 0.2013161 0.1060189 0.0516248 0.1148763 0.0593931 0.0594402 0.0518106 0.1970476 0.0542713 0.1996579 0.1117514 0.0594072 0.0491274 0.0465999 0.2029517 0.0543601 0.0466107 0.0568327 0.1025537 0.0542163 0.0438060 0.0593782 0.1046939 0.0542439 0.0517330 0.0542783 0.0990420 0.1229708 0.1024278 0.0496979 0.0697907 0.0753100 0.1090247 0.1126378 0.0418889 0.0396634 0.0506242 0.0000010 0.0542917 0.0542955 0.0567784 0.0423079 0.1104986 0.0754744 0.0568922 0.0517425 0.0746508 0.0568784 0.1019420 0.0752474 
Perityle_cuneata_34_cuneata_San_antonio    0.1103375 0.0668533 0.1055351 0.3456064 0.1226786 0.3119891 0.2882917 0.0930072 0.2015059 0.1005394 0.2121097 0.0998434 0.1019033 0.1267062 0.0835077 0.1159882 0.0962467 0.4155119 0.1266084 0.0956672 0.2284192 0.0891599 0.0731779 0.1206548 0.0928104 0.1109997 0.1622324 0.1343256 0.4577151 0.0775494 0.0672002 0.0000000 0.3692056 0.0779781 0.1261074 0.2694649 0.1771113 0.0936886 0.1681254 0.1122456 0.1162780 0.1117522 0.3594083 0.0992295 0.3336695 0.1750414 0.1148032 0.1022273 0.1077417 0.2691376 0.1094649 0.1031518 0.1096226 0.1578423 0.1141097 0.1276846 0.0909401 0.0978942 0.0938034 0.0928429 0.0921902 0.0892360 0.1718785 0.0726267 0.1164078 0.1647295 0.1024073 0.1955435 0.1796331 0.0737962 0.0456399 0.0653639 0.1216366 0.1240189 0.1521696 0.1101037 0.0705160 0.1646201 0.1192678 0.1125575 0.1097960 0.1071848 0.0966564 0.2597561 0.2231440 
Perityle_cuneata_4                         0.4151813 0.2931159 0.4165547 0.3300553 0.3879698 0.2200204 0.2674360 0.1543065 0.3924294 0.4205733 0.3658595 0.3987180 0.3816731 0.4469784 0.2622068 0.3846031 0.4207770 0.3829421 0.3828100 0.3419368 0.2055719 0.3897103 0.2256146 0.4817740 0.4083099 0.3469258 0.4117543 0.4698561 0.4560724 0.2660169 0.2244923 0.3692056 0.0000000 0.3401151 0.3992056 0.3926074 0.4279150 0.3945553 0.4343162 0.3547291 0.3580071 0.4393580 0.3958427 0.3681131 0.3248109 0.4410096 0.4120211 0.4140484 0.3865477 0.2492727 0.4238840 0.4105018 0.4131226 0.4053307 0.3670435 0.2342027 0.3117945 0.3041489 0.3904831 0.3812233 0.3675975 0.1553730 0.3673956 0.2294470 0.4064300 0.4082954 0.4057069 0.4461835 0.4264876 0.1578402 0.0912727 0.1355317 0.3790453 0.4116117 0.3726690 0.3908138 0.1884023 0.4308365 0.4412054 0.3945916 0.4113953 0.3045442 0.3921434 0.4341625 0.4408699 
Perityle_discoidea_81                      0.0025398 0.0515166 0.0285315 0.3479872 0.0959743 0.2912030 0.3013242 0.0797949 0.2110867 0.0012666 0.1137210 0.1024550 0.1004561 0.1185822 0.0725773 0.0828372 0.0955276 0.4175130 0.1298476 0.0915559 0.2352285 0.0938303 0.0577761 0.1323654 0.0994171 0.0966687 0.1072036 0.1026170 0.3844328 0.1027190 0.0803353 0.0779781 0.3401151 0.0000000 0.0943473 0.2672330 0.1206467 0.0926808 0.1272614 0.0769256 0.0895455 0.1293183 0.2828298 0.0947402 0.2701309 0.1323930 0.0946495 0.0932398 0.1009685 0.2684300 0.1325525 0.0948158 0.0977226 0.1058679 0.0957802 0.0819365 0.0766303 0.1080740 0.0982469 0.0979937 0.0995380 0.1019121 0.1321165 0.0824493 0.1016791 0.1091083 0.0855294 0.1222747 0.1356548 0.0546374 0.0456817 0.0518830 0.1198340 0.0965790 0.0788342 0.1063466 0.0578660 0.1314173 0.0963688 0.0874648 0.1018873 0.1010117 0.0966222 0.1675850 0.1325624 
Perityle_dissecta_201                      0.1487858 0.0645516 0.1555731 0.3539566 0.1626034 0.2860194 0.3124659 0.0862216 0.2308535 0.1470805 0.2276677 0.0827563 0.0397366 0.1592473 0.0254883 0.1546161 0.0387792 0.4133018 0.1348459 0.0035321 0.2800241 0.0399418 0.0378356 0.1614905 0.1072764 0.0530488 0.1976447 0.1325175 0.4819732 0.1202979 0.0466083 0.1261074 0.3992056 0.0943473 0.0000000 0.2857253 0.2050040 0.0284446 0.2243092 0.1286641 0.0603515 0.1193689 0.4138726 0.0505449 0.3349682 0.2208920 0.0697943 0.1005784 0.0473478 0.3151921 0.1116099 0.1023631 0.1073112 0.2014641 0.0476952 0.0980126 0.0308291 0.1202296 0.0405385 0.0319451 0.0505288 0.1211967 0.1761315 0.0938077 0.0545326 0.1173394 0.1101744 0.2157095 0.2062903 0.0117865 0.0095562 0.0351982 0.1138955 0.1192163 0.1015607 0.0860843 0.0197821 0.1990418 0.1548777 0.0521696 0.0497492 0.0700113 0.0410545 0.2939449 0.2284175 
Perityle_emoryi_47_punta_san_jose          0.2724604 0.2462957 0.2790236 0.4531392 0.2547699 0.3729447 0.3940156 0.1606981 0.3570176 0.2724604 0.2857438 0.2927575 0.2875437 0.2687085 0.2307426 0.2643614 0.2814787 0.2420430 0.2687309 0.2859864 0.3542612 0.2899262 0.2133248 0.3007560 0.2875709 0.2841884 0.2163178 0.2937414 0.5112873 0.0898079 0.2013161 0.2694649 0.3926074 0.2672330 0.2857253 0.0000000 0.2589821 0.2778627 0.2775273 0.2554805 0.2747476 0.2916278 0.3683256 0.2945020 0.3744676 0.2744018 0.2871214 0.2879168 0.2958584 0.3569190 0.2912796 0.2850858 0.2940999 0.2163178 0.2967761 0.1661520 0.2785871 0.2077369 0.2785624 0.2841372 0.2878196 0.0600838 0.2286335 0.1426368 0.2557679 0.3066254 0.2670722 0.2688005 0.2817132 0.0774986 0.0557179 0.0791720 0.2567321 0.2876238 0.2899427 0.2935278 0.1625646 0.2810354 0.2760012 0.2851935 0.2904146 0.2643407 0.2845714 0.2414818 0.2710090 
Perityle_feddemae_99                       0.1746860 0.0914100 0.2029377 0.3352157 0.1557398 0.2850707 0.3078248 0.0964103 0.2622852 0.2086925 0.2613903 0.2039263 0.1703442 0.2797163 0.0922875 0.1731346 0.2333136 0.4072882 0.1346905 0.1610236 0.2658457 0.1779677 0.0882074 0.3028657 0.2290003 0.1802131 0.1307915 0.3260116 0.4897508 0.1317779 0.1060189 0.1771113 0.4279150 0.1206467 0.2050040 0.2589821 0.0000000 0.1695636 0.0842354 0.1597772 0.1847984 0.2275664 0.3859787 0.1608766 0.3082929 0.0955324 0.2377482 0.2623985 0.2248025 0.3000587 0.2134853 0.2196985 0.2218993 0.1013851 0.1656502 0.1819174 0.1191008 0.0589012 0.2194432 0.1659648 0.1569677 0.0841991 0.0995193 0.0400365 0.2502180 0.3117675 0.1568232 0.1484710 0.1057323 0.0705175 0.0557581 0.0827581 0.1804046 0.2839798 0.3016652 0.1949754 0.0811827 0.0933344 0.2242713 0.1908825 0.1953203 0.1324568 0.2061274 0.3124690 0.2546330 
Perityle_fosteri_93                        0.1111173 0.0572306 0.1142818 0.3488785 0.1355007 0.2957839 0.3147682 0.0888492 0.2349596 0.1122337 0.1484048 0.0669075 0.0313774 0.1274970 0.0179652 0.1017293 0.0155518 0.4245413 0.1376218 0.0266495 0.2605524 0.0322614 0.0377489 0.1215337 0.0720801 0.0250224 0.1606809 0.0960225 0.4629082 0.1065003 0.0516248 0.0936886 0.3945553 0.0926808 0.0284446 0.2778627 0.1695636 0.0000000 0.1807445 0.0842619 0.0298884 0.0954585 0.3539468 0.0258584 0.2960704 0.1799398 0.0282271 0.0655962 0.0336404 0.3229156 0.0873285 0.0612803 0.0645710 0.1625803 0.0223484 0.0553342 0.0255070 0.1179300 0.0304696 0.0287801 0.0555052 0.1154432 0.1568810 0.0914559 0.0335553 0.0771070 0.0966056 0.2002383 0.1745082 0.0117851 0.0095464 0.0254530 0.1021321 0.0725726 0.0184379 0.0491515 0.0219799 0.1744344 0.1283126 0.0292626 0.0358883 0.0718352 0.0304625 0.2463353 0.1929979 
Perityle_gamon_221                         0.1891215 0.1026209 0.2009792 0.3660063 0.1514968 0.2923062 0.3252613 0.1075081 0.2783688 0.1994910 0.1899961 0.2199046 0.1802609 0.2809731 0.1158975 0.1685231 0.2179174 0.4303036 0.1545164 0.1626441 0.2866293 0.2018089 0.1139297 0.2902540 0.2161913 0.1918786 0.1052502 0.2838273 0.4819854 0.1605904 0.1148763 0.1681254 0.4343162 0.1272614 0.2243092 0.2775273 0.0842354 0.1807445 0.0000000 0.1651909 0.1812808 0.2312956 0.4027982 0.1678629 0.3221046 0.0258714 0.2308153 0.2230705 0.2239362 0.3104356 0.2123017 0.2292309 0.2309582 0.1029489 0.1862633 0.1740645 0.1314805 0.0683651 0.2085792 0.1847899 0.1591535 0.0887938 0.1071783 0.0524398 0.2272005 0.2124521 0.1670260 0.1638029 0.1046574 0.0919183 0.0695193 0.0969512 0.1972145 0.2564704 0.2015322 0.2012496 0.1040598 0.1057305 0.2002166 0.2084494 0.2100668 0.1482102 0.2100823 0.3191185 0.2446266 
Perityle_gentryi_8_san_francisco           0.1101822 0.0668839 0.1108507 0.3544687 0.1267447 0.3026049 0.3077119 0.0853919 0.2050162 0.0933209 0.2127562 0.1006103 0.0880174 0.1450475 0.0769816 0.0114592 0.0792845 0.4138591 0.1019613 0.0814560 0.2604737 0.0892765 0.0415434 0.1730911 0.1048701 0.1112838 0.1308206 0.1569804 0.4134220 0.1232466 0.0593931 0.1122456 0.3547291 0.0769256 0.1286641 0.2554805 0.1597772 0.0842619 0.1651909 0.0000000 0.1007975 0.1625618 0.3507561 0.0885603 0.3157768 0.1724585 0.1173764 0.1059263 0.0981499 0.3038448 0.1438958 0.1095720 0.1075869 0.1115355 0.0945452 0.1415870 0.0788875 0.0817555 0.0876074 0.0906272 0.0731519 0.0758042 0.1624982 0.0636606 0.1009965 0.1493046 0.0679972 0.1378339 0.1828617 0.0839619 0.0524693 0.0619020 0.1303476 0.1247028 0.1347764 0.1170689 0.0725085 0.1564760 0.1142956 0.1059403 0.0939259 0.0863252 0.0890905 0.2012102 0.1320539 
Perityle_gilensis_22_Superstition          0.1054681 0.0749015 0.1071350 0.3282037 0.1207315 0.3097293 0.2919043 0.0942493 0.1974382 0.1034617 0.2046941 0.0429735 0.0402289 0.0096199 0.0412031 0.1130686 0.0297727 0.4364580 0.1297341 0.0380969 0.2178451 0.0363161 0.0554701 0.0230731 0.0248639 0.0384115 0.1669799 0.0687074 0.4196077 0.0680193 0.0594402 0.1162780 0.3580071 0.0895455 0.0603515 0.2747476 0.1847984 0.0298884 0.1812808 0.1007975 0.0000000 0.0210800 0.3485796 0.0242326 0.3248752 0.1720312 0.0417032 0.0255956 0.0417151 0.2719641 0.0237270 0.0241029 0.0245398 0.1704899 0.0475987 0.0877284 0.0459719 0.1022918 0.0325713 0.0346872 0.0738842 0.1031168 0.1753688 0.0897206 0.0387108 0.0941903 0.0818001 0.2072697 0.1737881 0.0238426 0.0290021 0.0255873 0.0970719 0.0434694 0.0824279 0.0267347 0.0316700 0.1707448 0.1009608 0.0388361 0.0481040 0.0951974 0.0344071 0.3006033 0.2203132 
Perityle_gilensis_salensis_225             0.1789588 0.0663693 0.1777195 0.3930844 0.1839089 0.3088787 0.3737986 0.0998989 0.2897329 0.1789744 0.2097684 0.1369958 0.1169151 0.0642846 0.0292608 0.1653197 0.0958442 0.4245413 0.2042577 0.0450183 0.3296292 0.1320485 0.0457276 0.0064671 0.1293250 0.0817856 0.2325276 0.1544891 0.4896804 0.2189136 0.0518106 0.1117522 0.4393580 0.1293183 0.1193689 0.2916278 0.2275664 0.0954585 0.2312956 0.1625618 0.0210800 0.0000000 0.3596865 0.1054022 0.3389526 0.2329516 0.1177959 0.1184251 0.1313402 0.3372003 0.0108935 0.1120604 0.1066044 0.2344214 0.0996473 0.1035758 0.0362168 0.1310519 0.1273212 0.1253577 0.0606482 0.1078075 0.2069230 0.0938859 0.1237083 0.1455353 0.1367351 0.2829548 0.2132671 0.0238016 0.0257601 0.0062902 0.1732517 0.1252383 0.0239960 0.1103147 0.0242913 0.2360456 0.1506432 0.1234948 0.1259731 0.0793649 0.1303222 0.2770796 0.2198995 
Perityle_glaucescens_94                    0.3783636 0.2532691 0.4071575 0.3637515 0.3743063 0.2546821 0.2834147 0.1766026 0.3647149 0.3804448 0.4296394 0.3746240 0.3321530 0.4402041 0.2567865 0.3928629 0.3817724 0.4300593 0.3645138 0.2936115 0.2463509 0.3740832 0.2157322 0.4586336 0.3643715 0.3534840 0.4273732 0.4742793 0.5256730 0.3078352 0.1970476 0.3594083 0.3958427 0.2828298 0.4138726 0.3683256 0.3859787 0.3539468 0.4027982 0.3507561 0.3485796 0.3596865 0.0000000 0.3013450 0.0269617 0.4013424 0.4202394 0.3759697 0.3954978 0.0176154 0.3313220 0.4023937 0.3988957 0.4106826 0.3198106 0.3075408 0.2681931 0.2627790 0.3803688 0.3520055 0.2876507 0.1697559 0.3271256 0.2276889 0.4148097 0.4130847 0.4192954 0.3945599 0.4004927 0.1825757 0.1244968 0.1743106 0.3104360 0.4431030 0.3679986 0.3600459 0.2080856 0.3696290 0.4306306 0.4123196 0.3923509 0.2767918 0.3928113 0.4330573 0.4585382 
Perityle_gracilis_11                       0.1004101 0.0662867 0.0949110 0.3592513 0.1212120 0.2848385 0.3127872 0.0917709 0.2114129 0.1015855 0.1345376 0.0635554 0.0523692 0.0654266 0.0273791 0.0942445 0.0289047 0.4245413 0.1472225 0.0312928 0.2401560 0.0564811 0.0378888 0.1089903 0.0213303 0.0314243 0.1523572 0.0870150 0.4251579 0.1164524 0.0542713 0.0992295 0.3681131 0.0947402 0.0505449 0.2945020 0.1608766 0.0258584 0.1678629 0.0885603 0.0242326 0.1054022 0.3013450 0.0000000 0.2911754 0.1683155 0.0502291 0.0072980 0.0578076 0.2751221 0.1067500 0.0178291 0.0125343 0.1526275 0.0377189 0.0543433 0.0344291 0.1203559 0.0545178 0.0547480 0.0605320 0.1169686 0.1564253 0.0937232 0.0531671 0.0789211 0.0822965 0.2000080 0.1578306 0.0141617 0.0224879 0.0320183 0.1272303 0.0254981 0.0168724 0.0252557 0.0198099 0.1610777 0.0970057 0.0522507 0.0573851 0.0792201 0.0545147 0.2515506 0.1981801 
