86
Amauria_brandeegeana_62                    0.0000000 0.3424387 0.4029271 0.5538827 0.3859656 0.0799808 0.4521072 0.4680946 0.4178506 0.4053167 0.3611492 0.5142031 0.4963903 0.5957080 0.5093788 1.1383226 0.4184012 0.4935924 0.4265691 0.4314568 0.4380665 0.4236172 0.4281099 0.3960276 0.4525382 0.4236779 0.4147875 0.4053964 0.3867738 0.3606188 0.3914375 0.3549026 0.4179581 0.4523578 0.5127925 0.1945696 0.4787634 0.4979247 0.4765451 0.4272893 0.3961341 0.4950291 0.4808175 0.5175221 0.4831695 0.1647660 0.4052000 0.4201535 0.4204922 0.4835694 0.4227476 0.4162757 0.5214988 0.4383225 0.5064024 0.4145155 0.2293660 0.3555103 0.4173315 0.4186170 0.4133346 0.4736918 0.4466500 0.3266809 0.4135582 0.3810901 0.2009547 0.3781979 0.3951856 0.1761170 0.4162718 0.2421904 0.4348938 0.4225228 0.4886259 0.5628356 0.4005598 0.4649170 0.4203615 0.4205501 0.4081012 0.2338446 0.4230087 0.1490124 0.3870677 0.3255193 
Amauria_carterae_99_mesa                   0.3424387 0.0000000 0.1596379 0.4174766 0.1356835 0.1798148 0.2536055 0.1964714 0.2101670 0.1407094 0.1589131 0.4372178 0.4396614 0.4114334 0.4535976 1.0492294 0.1363802 0.1602884 0.3880451 0.3063057 0.2135836 0.1362279 0.4427376 0.1290213 0.4079453 0.1385008 0.1410197 0.1490546 0.1570877 0.1525203 0.3846526 0.4543729 0.1394152 0.3934732 0.4443810 0.3433478 0.1477649 0.4327066 0.2000911 0.1353036 0.1331641 0.4285888 0.1363716 0.4463774 0.1363716 0.3708311 0.1353428 0.1373501 0.1361047 0.1363716 0.1431862 0.1395753 0.4481900 0.1525804 0.4468932 0.1566525 0.1152919 0.1291362 0.1383327 0.1361138 0.1588002 0.3405243 0.4162368 0.1205046 0.1343927 0.1506826 0.3625897 0.1623186 0.1682489 0.1017460 0.1376191 0.3904216 0.4140487 0.1403084 0.4429008 0.4557424 0.3750003 0.1721559 0.1553102 0.1275558 0.1350899 0.1368817 0.1419988 0.3723590 0.2026725 0.1236700 
Amauria_rotundifolia_SRR9119150            0.4029271 0.1596379 0.0000000 0.4838228 0.1205800 0.2141202 0.2783149 0.1879958 0.2931123 0.1243280 0.2218601 0.5135205 0.5064225 0.5475352 0.5326421 0.9745142 0.2105754 0.1549572 0.4502837 0.3127525 0.2586034 0.2051627 0.4574977 0.2106937 0.4681260 0.2050401 0.2092736 0.2303069 0.1854976 0.1994530 0.4238981 0.5232627 0.1759272 0.4639275 0.5799208 0.5238355 0.2364238 0.4980329 0.2040665 0.2289487 0.2050206 0.4957481 0.2329945 0.5488585 0.2341227 0.4849352 0.2056914 0.2010183 0.1997464 0.2301686 0.2131724 0.2012088 0.5193927 0.2520449 0.5253508 0.1911456 0.1522609 0.1305397 0.2026289 0.2009946 0.1078281 0.4573676 0.4729012 0.1400788 0.2123938 0.1692474 0.5197831 0.2682277 0.2464609 0.1319150 0.2074089 0.5871037 0.4742234 0.2047587 0.5008821 0.5281570 0.4407970 0.2652546 0.2113506 0.2753174 0.2066606 0.0860519 0.2053259 0.4508629 0.2726894 0.2418465 
Conoclinium_coelestinum_SRR9119114         0.5538827 0.4174766 0.4838228 0.0000000 0.5060178 0.4542121 0.5785286 0.3884245 0.5568449 0.5322097 0.5390175 0.2698570 0.2875544 0.2662283 0.2842625 1.1935032 0.4750202 0.5440556 0.2693146 0.4864868 0.5005282 0.4786786 0.5425198 0.4911565 0.2653983 0.5047092 0.5037771 0.4869112 0.5255715 0.5025505 0.2654992 0.4108189 0.5275622 0.2876322 0.4379528 0.5590500 0.5677358 0.2725717 0.5541162 0.5000660 0.4948049 0.2739386 0.5833777 0.3268836 0.5863903 0.5355968 0.4811462 0.5036955 0.5007621 0.5847593 0.4960909 0.5045467 0.2739203 0.4946009 0.2837752 0.5496080 0.4397476 0.4442456 0.5000527 0.5036955 0.5159028 0.5054618 0.2790986 0.4427782 0.4923220 0.5152478 0.5782517 0.5499125 0.5248741 0.3635591 0.4970458 0.5800832 0.2760637 0.5037356 0.2694142 0.2783209 0.2640158 0.4875543 0.5174228 0.4926223 0.4950908 0.4413758 0.5098125 0.5534412 0.5009515 0.4707554 
Eutetras_palmeri_63                        0.3859656 0.1356835 0.1205800 0.5060178 0.0000000 0.2168940 0.2074056 0.1715156 0.2482689 0.0928486 0.1394954 0.5073469 0.5049039 0.4175807 0.5133249 0.9537722 0.1290831 0.0998980 0.4381866 0.2831847 0.1942044 0.1226979 0.4569258 0.1261302 0.4528899 0.1292163 0.1340290 0.1478504 0.1006882 0.1344953 0.4060518 0.4820989 0.1071876 0.4553934 0.5680375 0.4600325 0.1776071 0.4920394 0.1405736 0.1313071 0.1273642 0.4990421 0.1603826 0.5336926 0.1589054 0.4044052 0.1255849 0.1249768 0.1253568 0.1592012 0.1306324 0.1251242 0.5063832 0.1496284 0.5106752 0.1073269 0.1365393 0.1220631 0.1268493 0.1241898 0.0776537 0.4557597 0.4506129 0.1275753 0.1313520 0.0964842 0.4478012 0.1703054 0.1714517 0.1114183 0.1318392 0.4771402 0.4764906 0.1302183 0.4928051 0.5088478 0.4108489 0.2156643 0.0822674 0.1392431 0.1229749 0.0731066 0.1277580 0.4067362 0.1782856 0.1373308 
Eutetras_pringlei_149_quer                 0.0799808 0.1798148 0.2141202 0.4542121 0.2168940 0.0000000 0.2781288 0.3140665 0.2780468 0.2490566 0.1902801 0.2865881 0.2874634 0.2656173 0.2872638 1.0192459 0.1801927 0.1948996 0.2807399 0.1645790 0.1749367 0.1562705 0.2067775 0.1865310 0.2789689 0.1893515 0.1801678 0.1702788 0.2089298 0.2378259 0.2869886 0.2816006 0.2032260 0.3446905 0.2770729 0.1346505 0.2650007 0.3099810 0.2553234 0.1696743 0.1807892 0.2748219 0.2086508 0.3386523 0.2139355 0.0992762 0.1697180 0.1778203 0.1777885 0.2139355 0.1755738 0.1780708 0.2822125 0.1807544 0.2870411 0.2242827 0.1755630 0.1592333 0.1732867 0.1778203 0.2190001 0.2083279 0.2873532 0.1806190 0.1753941 0.2109093 0.1062472 0.2227289 0.2241792 0.1266369 0.1814213 0.0873496 0.2937233 0.1778203 0.2808460 0.2809184 0.2804561 0.2316862 0.2585545 0.1759268 0.1749822 0.1542832 0.1945022 0.1065045 0.2052877 0.1727187 
Eutrochium_fistulosum_SRR9119106           0.4521072 0.2536055 0.2783149 0.5785286 0.2074056 0.2781288 0.0000000 0.2964828 0.2783955 0.2325694 0.1847542 0.5451667 0.5336847 0.4197222 0.5584280 0.9417102 0.2187380 0.2225320 0.4981480 0.4021462 0.2941726 0.2218024 0.5180937 0.2346295 0.4809490 0.2198602 0.2234480 0.2322266 0.2283074 0.2187381 0.4629693 0.5115796 0.2197273 0.5107838 0.5773456 0.5179113 0.2796600 0.5234809 0.2650284 0.2217312 0.2194317 0.5351077 0.2739593 0.5698610 0.2785049 0.4378685 0.2171333 0.2167470 0.2166701 0.2792838 0.2317213 0.2170085 0.5438822 0.2267275 0.5638182 0.2214308 0.2586102 0.2499191 0.2169818 0.2153242 0.2485991 0.6046497 0.4694967 0.2464278 0.2156114 0.2228785 0.4409501 0.1993093 0.2054689 0.2518539 0.2176705 0.4654818 0.4969598 0.2183875 0.5362261 0.5469339 0.4753167 0.2432675 0.2273444 0.2198190 0.2181376 0.2395329 0.2218619 0.4603012 0.2873461 0.2318416 
Galeana_pratensis_104_mex                  0.4680946 0.1964714 0.1879958 0.3884245 0.1715156 0.3140665 0.2964828 0.0000000 0.2803955 0.1904391 0.2374447 0.4940532 0.4866676 0.4645454 0.4957509 1.0560200 0.2008957 0.2052822 0.4223492 0.4010655 0.2799069 0.1877830 0.4982188 0.1984127 0.4439489 0.2008902 0.2065342 0.2096011 0.1963660 0.2173233 0.4093645 0.5062503 0.2018405 0.4243286 0.4990241 0.4511540 0.1777491 0.4821085 0.2077494 0.1993620 0.1964362 0.4853361 0.1722161 0.4858461 0.1741804 0.5088042 0.1973510 0.2011928 0.2002485 0.1741804 0.2077304 0.1996015 0.4916369 0.2078315 0.4920717 0.1990008 0.2409569 0.2069062 0.2029758 0.1983322 0.1863973 0.4426568 0.4416451 0.2050502 0.2027830 0.1861905 0.4522080 0.2500044 0.2390731 0.2201744 0.1995792 0.4973593 0.4497671 0.2026383 0.4807491 0.4944920 0.4118118 0.2498869 0.2095785 0.1936777 0.2041519 0.2194185 0.2042284 0.4982907 0.2596714 0.2282749 
Helianthus_annuus_SRR9119062               0.4178506 0.2101670 0.2931123 0.5568449 0.2482689 0.2780468 0.2783955 0.2803955 0.0000000 0.2546953 0.2370650 0.4588848 0.4358589 0.3891922 0.4556311 1.0485882 0.2301606 0.2555702 0.4647111 0.3619085 0.2856668 0.2252437 0.4882939 0.2476588 0.4568087 0.2314388 0.2349460 0.2201132 0.2556032 0.2120619 0.4291906 0.5190117 0.2584437 0.4643024 0.5580152 0.4420708 0.2973205 0.4601463 0.2766292 0.2391935 0.2256186 0.4486418 0.2835203 0.4783562 0.2866255 0.3933530 0.2228222 0.2285450 0.2264395 0.2796140 0.2427950 0.2302982 0.4575711 0.2383944 0.4599822 0.2750679 0.1663084 0.1809217 0.2285125 0.2264502 0.2626045 0.5457726 0.4775075 0.2014304 0.2179861 0.2473116 0.4240464 0.2404377 0.2397140 0.1459935 0.2351453 0.4376807 0.4546979 0.2251888 0.4386872 0.4552341 0.4327104 0.2753339 0.2578284 0.2243999 0.2185679 0.1642353 0.2304319 0.4474690 0.2818419 0.2265295 
Lycapsus_tenuifolius_17                    0.4053167 0.1407094 0.1243280 0.5322097 0.0928486 0.2490566 0.2325694 0.1904391 0.2546953 0.0000000 0.1764544 0.5243594 0.5249980 0.4131410 0.5337217 0.9572064 0.1507386 0.1139105 0.4754098 0.3159066 0.2689225 0.1479818 0.4769786 0.1525986 0.4902974 0.1510644 0.1606982 0.1740866 0.1521448 0.1570334 0.4424905 0.5353243 0.1552719 0.4816496 0.5937726 0.5236707 0.2013924 0.5289356 0.1703640 0.1693701 0.1463124 0.5258053 0.2115788 0.5594948 0.2125729 0.4459453 0.1429338 0.1484130 0.1487681 0.2116935 0.1502983 0.1538960 0.5291759 0.2312031 0.5310440 0.1531384 0.1605608 0.1344200 0.1500786 0.1467592 0.1372947 0.4921743 0.4928091 0.1487467 0.1533069 0.1319605 0.4616184 0.2073625 0.2045673 0.1345923 0.1551192 0.5303839 0.5061461 0.1500084 0.5154619 0.5289100 0.4596527 0.2340040 0.1899668 0.2262685 0.1417961 0.0930720 0.1512485 0.4296967 0.2333962 0.1570279 
Pericome_caudata_50_silver                 0.3611492 0.1589131 0.2218601 0.5390175 0.1394954 0.1902801 0.1847542 0.2374447 0.2370650 0.1764544 0.0000000 0.5054232 0.5014897 0.3829836 0.5090960 0.9730189 0.1607207 0.1610195 0.4706320 0.3021239 0.2768346 0.1621229 0.4723939 0.1830493 0.4799481 0.1609102 0.1858719 0.1724897 0.1733456 0.1429657 0.4317973 0.5011780 0.1788307 0.4752836 0.5587008 0.5023742 0.2476812 0.5106696 0.2207403 0.1725326 0.1609450 0.5027504 0.2383297 0.5373928 0.2450348 0.3961132 0.1586424 0.1669264 0.1591261 0.2409422 0.1632788 0.1580509 0.4971257 0.2083846 0.5096334 0.1766856 0.1208366 0.1562973 0.1532237 0.1547761 0.1848183 0.5088065 0.4673023 0.1318895 0.1660359 0.1570669 0.4124895 0.0967916 0.0754184 0.1023247 0.1584674 0.4678477 0.4899170 0.1663805 0.5007032 0.5044013 0.4475120 0.1285455 0.2054761 0.1836360 0.1561355 0.1131270 0.1698729 0.4210726 0.2327626 0.1367031 
Perityle_aglossa_84_dead_horse             0.5142031 0.4372178 0.5135205 0.2698570 0.5073469 0.2865881 0.5451667 0.4940532 0.4588848 0.5243594 0.5054232 0.0000000 0.0461302 0.1179975 0.0481024 1.2132452 0.5449054 0.5699617 0.0531576 0.5851163 0.5851622 0.5152339 0.5793245 0.5282429 0.0241638 0.5414229 0.5643387 0.5447703 0.5363780 0.5180696 0.0879825 0.2582570 0.5232277 0.1200135 0.1229496 0.5228987 0.5119194 0.0863599 0.5588204 0.5537696 0.5325350 0.0440486 0.5145945 0.1461983 0.5157238 0.5297348 0.5494527 0.5367726 0.5336583 0.5157238 0.5604726 0.5375070 0.0350061 0.5495478 0.0462838 0.5156183 0.3598183 0.4902138 0.5351017 0.5367726 0.5192377 0.5619286 0.0841378 0.4670149 0.5587614 0.5197924 0.4948065 0.5293816 0.5226191 0.3164284 0.5425058 0.5517996 0.0926917 0.5429114 0.0421984 0.0443761 0.0436350 0.5178437 0.5111157 0.5472604 0.5292375 0.3978054 0.5403973 0.5141415 0.4617698 0.4351223 
Perityle_ajoensis_204                      0.4963903 0.4396614 0.5064225 0.2875544 0.5049039 0.2874634 0.5336847 0.4866676 0.4358589 0.5249980 0.5014897 0.0461302 0.0000000 0.0844813 0.0204866 1.2356025 0.5274561 0.5300319 0.0645335 0.5762835 0.5578538 0.4824148 0.6137273 0.5135115 0.0332672 0.5239424 0.5459422 0.5212947 0.5218087 0.4949120 0.0897683 0.1293594 0.5025877 0.1231102 0.0485281 0.5084586 0.5129200 0.0501225 0.5397795 0.5303737 0.5178829 0.0449520 0.5113902 0.0826987 0.5125275 0.5047695 0.5321513 0.5159975 0.5128322 0.5125275 0.5368913 0.5167180 0.0367641 0.5350834 0.0145173 0.5151966 0.3635674 0.4851212 0.5142569 0.5159975 0.4951714 0.5609260 0.0838953 0.4786991 0.5349988 0.5051118 0.4861088 0.5087557 0.5052515 0.3200311 0.5217387 0.5422529 0.0955842 0.5187697 0.0436974 0.0169471 0.0310590 0.4997867 0.5033078 0.5300473 0.5203691 0.4117686 0.5196658 0.5126564 0.4714904 0.4117572 
Perityle_ambrosiifolia_67_green            0.5957080 0.4114334 0.5475352 0.2662283 0.4175807 0.2656173 0.4197222 0.4645454 0.3891922 0.4131410 0.3829836 0.1179975 0.0844813 0.0000000 0.1000482 1.2399094 0.4246455 0.5804413 0.0508014 0.6337048 0.6142726 0.4009035 0.6036394 0.4376181 0.0365875 0.4257032 0.4455724 0.4204371 0.4135746 0.3915985 0.0825849 0.1660410 0.3918735 0.1106261 0.1327279 0.6016987 0.3946813 0.0797604 0.5785371 0.4328869 0.4186207 0.0863311 0.3952654 0.0963763 0.3984695 0.6018962 0.4310185 0.4205644 0.4183418 0.3984226 0.4412115 0.4188661 0.1329281 0.4392481 0.1180443 0.4162421 0.3518310 0.4628315 0.4191706 0.4204928 0.4946496 0.6386185 0.0764932 0.4612739 0.4257094 0.4041650 0.5616244 0.3814777 0.3908690 0.3150054 0.4297317 0.5699260 0.1138184 0.4231155 0.0757197 0.1712608 0.0312725 0.3792635 0.3904294 0.4280963 0.4235715 0.3982729 0.4229973 0.6400770 0.3617032 0.3642043 
Perityle_angustifolia_13_Eagle_creek       0.5093788 0.4535976 0.5326421 0.2842625 0.5133249 0.2872638 0.5584280 0.4957509 0.4556311 0.5337217 0.5090960 0.0481024 0.0204866 0.1000482 0.0000000 1.2323111 0.5516727 0.5535372 0.0562289 0.5998009 0.5969565 0.5158440 0.5982410 0.5413760 0.0294441 0.5513394 0.5766301 0.5487699 0.5391181 0.5149679 0.0856665 0.1326315 0.5267098 0.1196987 0.0504319 0.5090102 0.5244061 0.0503491 0.5641838 0.5545023 0.5457471 0.0447594 0.5189814 0.0771437 0.5201155 0.5185746 0.5554334 0.5466287 0.5434880 0.5201155 0.5640485 0.5473815 0.0378772 0.5621917 0.0088192 0.5256167 0.3662490 0.4873047 0.5449631 0.5466287 0.5100090 0.5717204 0.0819966 0.4810212 0.5623426 0.5225758 0.4900821 0.5335473 0.5272432 0.3228651 0.5492452 0.5443332 0.0925773 0.5528150 0.0424658 0.0186336 0.0292806 0.5246891 0.5113393 0.5574321 0.5420410 0.4073427 0.5502919 0.5120835 0.4819800 0.4485004 
Perityle_batopilensis_97                   1.1383226 1.0492294 0.9745142 1.1935032 0.9537722 1.0192459 0.9417102 1.0560200 1.0485882 0.9572064 0.9730189 1.2132452 1.2356025 1.2399094 1.2323111 0.0000000 0.9848177 0.9940585 1.2760913 1.0770477 0.9902120 0.9806751 1.1835514 0.9723706 1.2982979 0.9949203 0.9633127 1.0428987 0.9813522 1.0311612 1.3016858 1.1173974 0.9831895 1.2633984 1.3150319 1.1233644 1.0207032 1.2826321 0.9606856 1.0006807 0.9844952 1.2469417 1.0149589 1.2809097 1.0192515 1.0890090 0.9802932 0.9836291 0.9781371 1.0149589 0.9878874 0.9753690 1.2312223 0.9967737 1.2586931 0.9855357 1.0538149 1.0411713 0.9917145 0.9836291 0.9824893 1.1921052 1.3153886 1.0326769 0.9624103 0.9574688 1.1240642 0.9444129 0.9378692 1.0434694 0.9892842 1.1614065 1.2489155 0.9836291 1.2463228 1.2173945 1.2874952 1.0068529 0.9573321 0.9863642 0.9797250 1.0278433 0.9832202 1.0869500 1.0087368 0.9785281 
Perityle_bisetosa_9                        0.4184012 0.1363802 0.2105754 0.4750202 0.1290831 0.1801927 0.2187380 0.2008957 0.2301606 0.1507386 0.1607207 0.5449054 0.5274561 0.4246455 0.5516727 0.9848177 0.0000000 0.1666138 0.4771692 0.2006327 0.1394539 0.0287953 0.5292432 0.0554595 0.4789334 0.0311117 0.0430652 0.0495395 0.1529182 0.1085203 0.4413185 0.5632792 0.1501794 0.4867838 0.6225572 0.5426968 0.2187513 0.5280434 0.2067975 0.0673587 0.0303771 0.5320024 0.2089888 0.5466215 0.2127998 0.4601487 0.0256878 0.0300931 0.0283603 0.2109233 0.0285514 0.0310311 0.5483217 0.0709500 0.5432932 0.1731046 0.0344321 0.0349950 0.0284113 0.0265627 0.1784602 0.5029860 0.4860195 0.0446655 0.0296015 0.1503720 0.4849642 0.1889655 0.1675777 0.0097128 0.0274452 0.5390924 0.4928463 0.0283908 0.5239192 0.5492166 0.4415032 0.1907108 0.1881280 0.0723455 0.0338042 0.1310954 0.0311009 0.4950652 0.2389136 0.0270070 
Perityle_californica_76_positas            0.4935924 0.1602884 0.1549572 0.5440556 0.0998980 0.1948996 0.2225320 0.2052822 0.2555702 0.1139105 0.1610195 0.5699617 0.5300319 0.5804413 0.5535372 0.9940585 0.1666138 0.0000000 0.4806712 0.3500316 0.2586469 0.1645923 0.4417352 0.1974515 0.4921700 0.1678836 0.2035051 0.1821010 0.1336495 0.1488180 0.4486756 0.5227560 0.1074295 0.5139454 0.6289241 0.5521194 0.1766566 0.5335063 0.2091562 0.1725536 0.1701295 0.5334269 0.1759921 0.5670936 0.1759196 0.4509401 0.1675624 0.1660386 0.1642929 0.1786993 0.1672015 0.1670883 0.5849195 0.1782271 0.5610221 0.1409012 0.1614294 0.1240805 0.1661846 0.1645525 0.1241542 0.5086041 0.4947194 0.1451542 0.1630757 0.1326365 0.4972938 0.1854240 0.1764968 0.1215084 0.1718489 0.5343388 0.5087648 0.1656306 0.5263594 0.6325542 0.4579741 0.2300726 0.1236173 0.1714859 0.1736012 0.1118042 0.1637469 0.4823764 0.1968595 0.1976129 
Perityle_canescens_77                      0.4265691 0.3880451 0.4502837 0.2693146 0.4381866 0.2807399 0.4981480 0.4223492 0.4647111 0.4754098 0.4706320 0.0531576 0.0645335 0.0508014 0.0562289 1.2760913 0.4771692 0.4806712 0.0000000 0.5065626 0.4855501 0.4349050 0.5831888 0.4542984 0.0446642 0.4713797 0.5048927 0.4681946 0.4638322 0.4624411 0.0753411 0.0932235 0.4612108 0.1076103 0.0517606 0.4318524 0.4559878 0.0559037 0.4818639 0.4780231 0.4585982 0.0489105 0.4549102 0.0587031 0.4559736 0.4332069 0.4693537 0.4633031 0.4632928 0.4559736 0.4841656 0.4635840 0.0490627 0.4794467 0.0576181 0.4569819 0.3616764 0.4726688 0.4613933 0.4633031 0.4455362 0.5277875 0.0891827 0.4816113 0.4787500 0.4509025 0.4254011 0.4760651 0.4880871 0.3317133 0.4650141 0.4430865 0.0805547 0.4633031 0.0601497 0.0602074 0.0563436 0.4699651 0.4468778 0.4746883 0.4682243 0.4022107 0.4695869 0.4525301 0.4148379 0.3683613 
Perityle_castillonii_96                    0.4314568 0.3063057 0.3127525 0.4864868 0.2831847 0.1645790 0.4021462 0.4010655 0.3619085 0.3159066 0.3021239 0.5851163 0.5762835 0.6337048 0.5998009 1.0770477 0.2006327 0.3500316 0.5065626 0.0000000 0.1965478 0.2192522 0.6156229 0.2069286 0.5317585 0.2031847 0.2188361 0.2378554 0.3097225 0.2946124 0.4609265 0.5854210 0.3041199 0.5112080 0.6404698 0.5021512 0.4230184 0.5566982 0.3508582 0.2286569 0.1999041 0.5621263 0.3949980 0.6081187 0.3964438 0.4652381 0.2035544 0.1974412 0.1987746 0.3975378 0.1946191 0.2042975 0.5944093 0.2254809 0.5938085 0.3250924 0.0303543 0.1465642 0.2006001 0.1987746 0.2788419 0.5440905 0.5231131 0.1077456 0.2052746 0.3072941 0.5512459 0.3302801 0.3164241 0.0097268 0.2014873 0.5629396 0.5292027 0.1991204 0.5745855 0.6060740 0.4910617 0.3494962 0.3131218 0.2101224 0.2030541 0.1313711 0.2045211 0.4731225 0.3763937 0.1441292 
Perityle_cernua_84                         0.4380665 0.2135836 0.2586034 0.5005282 0.1942044 0.1749367 0.2941726 0.2799069 0.2856668 0.2689225 0.2768346 0.5851622 0.5578538 0.6142726 0.5969565 0.9902120 0.1394539 0.2586469 0.4855501 0.1965478 0.0000000 0.1586116 0.5385411 0.2710948 0.5061099 0.1732702 0.2251564 0.3145203 0.2581527 0.1841329 0.4457110 0.6046911 0.2441064 0.4989440 0.6511585 0.6110957 0.3319190 0.5522831 0.2852465 0.1825731 0.2141178 0.5528957 0.3970679 0.5873207 0.3405006 0.5528275 0.1511691 0.2020973 0.1973349 0.3382520 0.1082195 0.2067595 0.5886295 0.2233023 0.5871097 0.2415381 0.0401261 0.0456778 0.1834616 0.2489857 0.2631851 0.4912693 0.4979176 0.0369368 0.2467657 0.2102814 0.5658335 0.2788335 0.2958176 0.0219943 0.1739184 0.6818428 0.5069919 0.2300598 0.5572141 0.5974432 0.4561888 0.3653721 0.3516830 0.2222059 0.1207616 0.1191710 0.1907012 0.4990035 0.3639437 0.1476855 
Perityle_cfvillosa_25_tin                  0.4236172 0.1362279 0.2051627 0.4786786 0.1226979 0.1562705 0.2218024 0.1877830 0.2252437 0.1479818 0.1621229 0.5152339 0.4824148 0.4009035 0.5158440 0.9806751 0.0287953 0.1645923 0.4349050 0.2192522 0.1586116 0.0000000 0.5153575 0.0591762 0.4436622 0.0178635 0.0417095 0.0459633 0.1593217 0.1032615 0.4249091 0.5181622 0.1481113 0.4346611 0.5935828 0.5470651 0.2029582 0.4931785 0.2110190 0.0657064 0.0267936 0.4946966 0.1958276 0.5126697 0.1982822 0.4525138 0.0264319 0.0169859 0.0152681 0.1995872 0.0281659 0.0240658 0.5184953 0.0839253 0.5071868 0.1686491 0.0335298 0.0286038 0.0152829 0.0118485 0.1768266 0.5073602 0.4454074 0.0344178 0.0322264 0.1532222 0.4734757 0.1813974 0.1706357 0.0171820 0.0266003 0.5430023 0.4519299 0.0152839 0.4896242 0.5174472 0.4052180 0.2081525 0.1901779 0.0797181 0.0316034 0.1335841 0.0204839 0.4806386 0.2447749 0.0273176 
Perityle_cinerea_113_Powell1310            0.4281099 0.4427376 0.4574977 0.5425198 0.4569258 0.2067775 0.5180937 0.4982188 0.4882939 0.4769786 0.4723939 0.5793245 0.6137273 0.6036394 0.5982410 1.1835514 0.5292432 0.4417352 0.5831888 0.6156229 0.5385411 0.5153575 0.0000000 0.5270723 0.6046980 0.5233424 0.5297277 0.5069826 0.4852777 0.4248740 0.5794288 0.5871490 0.4513851 0.6011035 0.6077154 0.3819091 0.4547585 0.6015595 0.4677971 0.5096896 0.5195305 0.6076081 0.4673662 0.5994318 0.4673662 0.4327700 0.5216070 0.5142590 0.5142590 0.4673662 0.5260057 0.5150082 0.5975604 0.5165380 0.6060256 0.5058120 0.3292338 0.5007994 0.5203687 0.5142590 0.4590509 0.4340454 0.6204623 0.4901853 0.5056383 0.4647472 0.4173433 0.5076024 0.5283479 0.3295712 0.4993215 0.4306169 0.5893924 0.5142590 0.6056975 0.5999018 0.6033316 0.5115623 0.5016527 0.5087058 0.5132935 0.3483833 0.5098707 0.4857473 0.4742529 0.3689713 
Perityle_coahuilensis_24                   0.3960276 0.1290213 0.2106937 0.4911565 0.1261302 0.1865310 0.2346295 0.1984127 0.2476588 0.1525986 0.1830493 0.5282429 0.5135115 0.4376181 0.5413760 0.9723706 0.0554595 0.1974515 0.4542984 0.2069286 0.2710948 0.0591762 0.5270723 0.0000000 0.4691312 0.0615472 0.0816538 0.1169723 0.1932996 0.1376016 0.4240777 0.5333560 0.1673214 0.4659267 0.5978461 0.5427725 0.2408470 0.5040895 0.2087204 0.1089199 0.0323111 0.5080768 0.2450832 0.5393750 0.2463256 0.4123659 0.0487875 0.0596923 0.0578131 0.2436990 0.0403063 0.0589565 0.5348370 0.1472967 0.5329925 0.1762248 0.0383755 0.0394561 0.0587616 0.0529604 0.1858126 0.5154398 0.4704525 0.0445795 0.0587166 0.1672000 0.4505832 0.2074043 0.1968411 0.0272133 0.0641630 0.5295376 0.4755567 0.0545038 0.5101432 0.5418437 0.4315025 0.2466428 0.2828096 0.1251671 0.0670120 0.1351524 0.0616446 0.4779531 0.2744239 0.0421438 
Perityle_cochisensis_44_cave_creek         0.4525382 0.4079453 0.4681260 0.2653983 0.4528899 0.2789689 0.4809490 0.4439489 0.4568087 0.4902974 0.4799481 0.0241638 0.0332672 0.0365875 0.0294441 1.2982979 0.4789334 0.4921700 0.0446642 0.5317585 0.5061099 0.4436622 0.6046980 0.4691312 0.0000000 0.4789365 0.5117423 0.4668657 0.4832523 0.4761038 0.0796751 0.0902418 0.4756068 0.1043052 0.0267331 0.4548591 0.4687352 0.0280454 0.4903591 0.4821137 0.4734233 0.0293187 0.4690864 0.0357659 0.4701603 0.4634875 0.4840209 0.4709913 0.4709809 0.4701603 0.4914808 0.4683531 0.0228996 0.4833039 0.0312278 0.4708063 0.3568536 0.4802182 0.4691333 0.4709913 0.4531489 0.5545739 0.0676060 0.4759889 0.4861687 0.4685204 0.4335867 0.4885078 0.4975791 0.3241840 0.4703444 0.4885466 0.0851239 0.4709913 0.0305961 0.0306232 0.0276133 0.4826054 0.4596518 0.4821877 0.4791224 0.4016491 0.4742321 0.4686577 0.4139760 0.3630937 
Perityle_congesta_202                      0.4236779 0.1385008 0.2050401 0.5047092 0.1292163 0.1893515 0.2198602 0.2008902 0.2314388 0.1510644 0.1609102 0.5414229 0.5239424 0.4257032 0.5513394 0.9949203 0.0311117 0.1678836 0.4713797 0.2031847 0.1732702 0.0178635 0.5233424 0.0615472 0.4789365 0.0000000 0.0591107 0.0540277 0.1580313 0.1093052 0.4459904 0.5460984 0.1551114 0.4772361 0.6124914 0.5541580 0.2177879 0.5277998 0.2286571 0.0734061 0.0293981 0.5252648 0.2137503 0.5459928 0.2168513 0.4423413 0.0279177 0.0094738 0.0073751 0.2240898 0.0334548 0.0155907 0.5448216 0.1149288 0.5398201 0.1738776 0.0385772 0.0330834 0.0052272 0.0082943 0.1814208 0.5201779 0.4769213 0.0372574 0.0345797 0.1532705 0.4801371 0.1820895 0.1670233 0.0221317 0.0301734 0.5669388 0.4898085 0.0124181 0.5172529 0.5457865 0.4417021 0.2160731 0.2035305 0.1000463 0.0319368 0.1350328 0.0102268 0.4874914 0.2383189 0.0322160 
Perityle_cordifolia_27                     0.4147875 0.1410197 0.2092736 0.5037771 0.1340290 0.1801678 0.2234480 0.2065342 0.2349460 0.1606982 0.1858719 0.5643387 0.5459422 0.4455724 0.5766301 0.9633127 0.0430652 0.2035051 0.5048927 0.2188361 0.2251564 0.0417095 0.5297277 0.0816538 0.5117423 0.0591107 0.0000000 0.0855932 0.1933814 0.1170378 0.4524743 0.5628412 0.1563955 0.5045744 0.6411469 0.5524355 0.2460583 0.5456255 0.2311150 0.1047970 0.0623562 0.5510655 0.2430251 0.5739656 0.2479714 0.4824565 0.0378223 0.0612923 0.0579092 0.2281366 0.0410822 0.0461642 0.5705056 0.1435879 0.5681418 0.1814987 0.0539677 0.0343822 0.0580161 0.0604040 0.1864312 0.5294722 0.4973824 0.0172830 0.0632084 0.1559208 0.4799627 0.1992747 0.1925214 0.0294486 0.0585262 0.5563687 0.5185708 0.0604111 0.5454234 0.5735473 0.4753736 0.2305265 0.2681873 0.1180313 0.0653678 0.1442622 0.0608244 0.4962283 0.2788188 0.0459122 
Perityle_cordifolia_68_tecolote            0.4053964 0.1490546 0.2303069 0.4869112 0.1478504 0.1702788 0.2322266 0.2096011 0.2201132 0.1740866 0.1724897 0.5447703 0.5212947 0.4204371 0.5487699 1.0428987 0.0495395 0.1821010 0.4681946 0.2378554 0.3145203 0.0459633 0.5069826 0.1169723 0.4668657 0.0540277 0.0855932 0.0000000 0.1753484 0.1234217 0.4350228 0.5766307 0.1671288 0.4803838 0.5685038 0.5254843 0.1828118 0.5186169 0.2437316 0.0910631 0.0523210 0.5255472 0.2315604 0.5474044 0.1910553 0.4594482 0.0503348 0.0539056 0.0505945 0.1882157 0.0477532 0.0518350 0.5422945 0.1355236 0.5404339 0.1817038 0.0150861 0.0457355 0.0511682 0.0846738 0.2097555 0.5106433 0.4693485 0.0535008 0.0740261 0.1552970 0.4472360 0.1702124 0.1753588 0.0295363 0.0547725 0.5457726 0.4865145 0.0648345 0.5238447 0.5489553 0.4418073 0.2218515 0.2813929 0.1232739 0.0530323 0.1466848 0.0555860 0.5103386 0.2179786 0.0495439 
Perityle_coronopifolia_28_patagonia        0.3867738 0.1570877 0.1854976 0.5255715 0.1006882 0.2089298 0.2283074 0.1963660 0.2556032 0.1521448 0.1733456 0.5363780 0.5218087 0.4135746 0.5391181 0.9813522 0.1529182 0.1336495 0.4638322 0.3097225 0.2581527 0.1593217 0.4852777 0.1932996 0.4832523 0.1580313 0.1933814 0.1753484 0.0000000 0.1364910 0.4124489 0.4929293 0.1508665 0.4779000 0.6071559 0.5095726 0.2158709 0.5198041 0.2040532 0.1608948 0.1669784 0.5189817 0.2018286 0.5481975 0.2038923 0.4081025 0.1456052 0.1664803 0.1564697 0.2091976 0.1569022 0.1669493 0.5293703 0.2102522 0.5338473 0.1394629 0.1483460 0.1318184 0.1580998 0.1615877 0.1400549 0.5071168 0.4751450 0.1332224 0.1657278 0.0423442 0.4488924 0.1828959 0.1820306 0.1260173 0.1609161 0.5289168 0.4798188 0.1690836 0.5090615 0.5316978 0.4392512 0.2376113 0.1684191 0.2053605 0.1417523 0.0522474 0.1635998 0.4070053 0.2336419 0.1726509 
Perityle_crassifolia_70_ventanas           0.3606188 0.1525203 0.1994530 0.5025505 0.1344953 0.2378259 0.2187381 0.2173233 0.2120619 0.1570334 0.1429657 0.5180696 0.4949120 0.3915985 0.5149679 1.0311612 0.1085203 0.1488180 0.4624411 0.2946124 0.1841329 0.1032615 0.4248740 0.1376016 0.4761038 0.1093052 0.1170378 0.1234217 0.1364910 0.0000000 0.4294164 0.4844247 0.1243434 0.4872107 0.5218358 0.3886478 0.1761649 0.5164082 0.1856153 0.1134886 0.1057338 0.5029386 0.1614236 0.5433963 0.1653465 0.3531965 0.1014711 0.1075222 0.1053664 0.1629579 0.1131222 0.1052577 0.5080140 0.1203301 0.5165975 0.1596596 0.1145538 0.1156087 0.1056191 0.1041589 0.1688475 0.4657102 0.4890859 0.1193079 0.1040140 0.1384999 0.3637528 0.1447941 0.1450239 0.0943972 0.1112073 0.4025125 0.4833834 0.1067462 0.5068505 0.5077943 0.4459112 0.1994922 0.1556819 0.1054725 0.1033596 0.1290006 0.1095226 0.3829860 0.1792694 0.1160008 
Perityle_crassifolia_74_playa_balandra     0.3914375 0.3846526 0.4238981 0.2654992 0.4060518 0.2869886 0.4629693 0.4093645 0.4291906 0.4424905 0.4317973 0.0879825 0.0897683 0.0825849 0.0856665 1.3016858 0.4413185 0.4486756 0.0753411 0.4609265 0.4457110 0.4249091 0.5794288 0.4240777 0.0796751 0.4459904 0.4524743 0.4350228 0.4124489 0.4294164 0.0000000 0.0793999 0.4351293 0.1073247 0.0837526 0.3892541 0.4108404 0.0798901 0.4395538 0.4384999 0.4284380 0.0798237 0.4070792 0.0837448 0.4075650 0.3963451 0.4302264 0.4376813 0.4376711 0.4075650 0.4472307 0.4379543 0.0779816 0.4501553 0.0857397 0.4214996 0.3169616 0.4363496 0.4356417 0.4376813 0.3948510 0.5046599 0.1086534 0.4403463 0.4385669 0.4032898 0.3832500 0.4344529 0.4429736 0.3118315 0.4354793 0.3948682 0.0538653 0.4376813 0.0898285 0.0856871 0.0868541 0.4279643 0.4154201 0.4339203 0.4309309 0.3478666 0.4476321 0.4141240 0.3849810 0.3152356 
Perityle_cuneata_34_cuneata_San_antonio    0.3549026 0.4543729 0.5232627 0.4108189 0.4820989 0.2816006 0.5115796 0.5062503 0.5190117 0.5353243 0.5011780 0.2582570 0.1293594 0.1660410 0.1326315 1.1173974 0.5632792 0.5227560 0.0932235 0.5854210 0.6046911 0.5181622 0.5871490 0.5333560 0.0902418 0.5460984 0.5628412 0.5766307 0.4929293 0.4844247 0.0793999 0.0000000 0.5307456 0.1189140 0.2352857 0.5537104 0.6003744 0.3674538 0.5472055 0.5579194 0.5380238 0.1916198 0.6060320 0.3164425 0.6070685 0.3638271 0.5481917 0.5411069 0.5389967 0.6075764 0.5519949 0.5429401 0.1829451 0.5855032 0.1017660 0.5145685 0.3911877 0.5054203 0.5399816 0.5402616 0.5232244 0.6284971 0.1067496 0.4917185 0.5597114 0.4671639 0.5179761 0.5028286 0.5310551 0.3427750 0.5502792 0.5905998 0.0697363 0.5452374 0.1229560 0.1346902 0.0879086 0.6522814 0.5434328 0.5933236 0.4994076 0.4091435 0.5456055 0.2926934 0.5446728 0.4852066 
Perityle_cuneata_4                         0.4179581 0.1394152 0.1759272 0.5275622 0.1071876 0.2032260 0.2197273 0.2018405 0.2584437 0.1552719 0.1788307 0.5232277 0.5025877 0.3918735 0.5267098 0.9831895 0.1501794 0.1074295 0.4612108 0.3041199 0.2441064 0.1481113 0.4513851 0.1673214 0.4756068 0.1551114 0.1563955 0.1671288 0.1508665 0.1243434 0.4351293 0.5307456 0.0000000 0.4835584 0.6146154 0.4990653 0.2074769 0.5157426 0.2031284 0.1553377 0.1556231 0.5175001 0.1890740 0.5527609 0.1915598 0.4397349 0.1537226 0.1509721 0.1514010 0.1891779 0.1472023 0.1522880 0.5218314 0.1716890 0.5316198 0.1576275 0.1305868 0.1153330 0.1528708 0.1502982 0.1345659 0.5287812 0.4824928 0.1188835 0.1491508 0.1513266 0.4470720 0.1790033 0.1905425 0.0996935 0.1597852 0.4941101 0.4905940 0.1561630 0.5111781 0.5247949 0.4393098 0.2324567 0.1603918 0.1740222 0.1306739 0.1396824 0.1518894 0.4573281 0.2393333 0.1695441 
Perityle_discoidea_81                      0.4523578 0.3934732 0.4639275 0.2876322 0.4553934 0.3446905 0.5107838 0.4243286 0.4643024 0.4816496 0.4752836 0.1200135 0.1231102 0.1106261 0.1196987 1.2633984 0.4867838 0.5139454 0.1076103 0.5112080 0.4989440 0.4346611 0.6011035 0.4659267 0.1043052 0.4772361 0.5045744 0.4803838 0.4779000 0.4872107 0.1073247 0.1189140 0.4835584 0.0000000 0.1149157 0.4525249 0.4707364 0.1166077 0.4917131 0.4905893 0.4704184 0.1133111 0.4661050 0.1165722 0.4672299 0.4708086 0.4815414 0.4723788 0.4723679 0.4672299 0.4969811 0.4755648 0.0985246 0.4994580 0.1197187 0.4663018 0.3909230 0.4856650 0.4704202 0.4723788 0.4576731 0.5426975 0.1259258 0.5018506 0.4913711 0.4714408 0.4452251 0.4862479 0.4832049 0.3484355 0.4770856 0.4471085 0.1011505 0.4723788 0.1198893 0.1213439 0.1099783 0.4804503 0.4674108 0.4871362 0.4834987 0.4337651 0.4823104 0.4821458 0.4574128 0.3982120 
Perityle_dissecta_201                      0.5127925 0.4443810 0.5799208 0.4379528 0.5680375 0.2770729 0.5773456 0.4990241 0.5580152 0.5937726 0.5587008 0.1229496 0.0485281 0.1327279 0.0504319 1.3150319 0.6225572 0.6289241 0.0517606 0.6404698 0.6511585 0.5935828 0.6077154 0.5978461 0.0267331 0.6124914 0.6411469 0.5685038 0.6071559 0.5218358 0.0837526 0.2352857 0.6146154 0.1149157 0.0000000 0.3377232 0.6272009 0.2362471 0.6419314 0.6299623 0.6008710 0.0705253 0.6365148 0.2346005 0.6350034 0.5337409 0.6163202 0.6084669 0.6059148 0.6345187 0.6372628 0.6090975 0.0574460 0.6172928 0.0475502 0.5793972 0.3739707 0.4778539 0.6072098 0.6084669 0.5965720 0.6670516 0.0783958 0.4534339 0.6249651 0.5976187 0.3160772 0.5706670 0.5881105 0.3160660 0.6196848 0.3413297 0.0927440 0.6155454 0.0445622 0.0425261 0.0382175 0.6217068 0.5817980 0.6267054 0.5883392 0.4035790 0.6172700 0.5425229 0.5645189 0.5443508 
Perityle_emoryi_47_punta_san_jose          0.1945696 0.3433478 0.5238355 0.5590500 0.4600325 0.1346505 0.5179113 0.4511540 0.4420708 0.5236707 0.5023742 0.5228987 0.5084586 0.6016987 0.5090102 1.1233644 0.5426968 0.5521194 0.4318524 0.5021512 0.6110957 0.5470651 0.3819091 0.5427725 0.4548591 0.5541580 0.5524355 0.5254843 0.5095726 0.3886478 0.3892541 0.5537104 0.4990653 0.4525249 0.3377232 0.0000000 0.5084653 0.5063105 0.6015700 0.5512632 0.5398367 0.5069679 0.5209493 0.5346131 0.5190204 0.3163514 0.5391345 0.5507659 0.5527154 0.5186542 0.5297640 0.5515975 0.5300102 0.5701913 0.5212789 0.4892235 0.2359061 0.3581419 0.5495815 0.5506844 0.5274377 0.4584580 0.4419201 0.3274458 0.5456772 0.4913432 0.0667919 0.4630253 0.5305352 0.1729092 0.5578071 0.1210593 0.4290528 0.5535279 0.4974514 0.5724046 0.4071391 0.5520725 0.5251134 0.5641710 0.4788503 0.2153013 0.5536602 0.2917437 0.4770634 0.4719642 
Perityle_feddemae_99                       0.4787634 0.1477649 0.2364238 0.5677358 0.1776071 0.2650007 0.2796600 0.1777491 0.2973205 0.2013924 0.2476812 0.5119194 0.5129200 0.3946813 0.5244061 1.0207032 0.2187513 0.1766566 0.4559878 0.4230184 0.3319190 0.2029582 0.4547585 0.2408470 0.4687352 0.2177879 0.2460583 0.1828118 0.2158709 0.1761649 0.4108404 0.6003744 0.2074769 0.4707364 0.6272009 0.5084653 0.0000000 0.5142976 0.2834200 0.2180052 0.2106595 0.5093395 0.0397206 0.5398193 0.0388385 0.4683567 0.2055139 0.2181430 0.2128302 0.0397817 0.2234710 0.2200939 0.5146215 0.2435194 0.5162450 0.2043264 0.1475235 0.1314537 0.2155968 0.2128459 0.2305537 0.5471409 0.4580443 0.1453654 0.2069078 0.2050577 0.4694691 0.2245448 0.2622701 0.1053423 0.2142636 0.5231417 0.4802673 0.2140993 0.5034960 0.5170892 0.4342921 0.3126848 0.2147157 0.2373158 0.1911419 0.1054692 0.2168956 0.4890706 0.2604854 0.2539861 
Perityle_fosteri_93                        0.4979247 0.4327066 0.4980329 0.2725717 0.4920394 0.3099810 0.5234809 0.4821085 0.4601463 0.5289356 0.5106696 0.0863599 0.0501225 0.0797604 0.0503491 1.2826321 0.5280434 0.5335063 0.0559037 0.5566982 0.5522831 0.4931785 0.6015595 0.5040895 0.0280454 0.5277998 0.5456255 0.5186169 0.5198041 0.5164082 0.0798901 0.3674538 0.5157426 0.1166077 0.2362471 0.5063105 0.5142976 0.0000000 0.5363505 0.5309879 0.5084320 0.0386055 0.5051957 0.1441984 0.5063198 0.5081522 0.5256323 0.5197336 0.5165235 0.5063198 0.5352847 0.5176605 0.0449209 0.5347241 0.0435575 0.5131425 0.3600139 0.4915673 0.5179761 0.5197336 0.4899388 0.5635147 0.0711681 0.4795872 0.5356618 0.5033093 0.4806175 0.5280279 0.5285140 0.3200194 0.5227415 0.5268851 0.0973470 0.5225422 0.0499084 0.0477125 0.0418531 0.5197018 0.4921414 0.5243870 0.5146700 0.4011573 0.5201705 0.4984774 0.4608556 0.4026713 
Perityle_gamon_221                         0.4765451 0.2000911 0.2040665 0.5541162 0.1405736 0.2553234 0.2650284 0.2077494 0.2766292 0.1703640 0.2207403 0.5588204 0.5397795 0.5785371 0.5641838 0.9606856 0.2067975 0.2091562 0.4818639 0.3508582 0.2852465 0.2110190 0.4677971 0.2087204 0.4903591 0.2286571 0.2311150 0.2437316 0.2040532 0.1856153 0.4395538 0.5472055 0.2031284 0.4917131 0.6419314 0.6015700 0.2834200 0.5363505 0.0000000 0.2398012 0.2179701 0.5315540 0.2829015 0.5695533 0.2828967 0.5426688 0.2004032 0.2370863 0.2259862 0.2552162 0.2013069 0.2067507 0.5611068 0.2898441 0.5650500 0.1942452 0.1360583 0.1199420 0.2211149 0.2156198 0.1502239 0.5311148 0.4857048 0.1214721 0.2390647 0.1673472 0.5556207 0.2411305 0.2312582 0.1112300 0.2239475 0.6049955 0.5042982 0.2322968 0.5300021 0.6369044 0.4565144 0.2562052 0.2565244 0.2515454 0.2236584 0.0952468 0.2361863 0.5007009 0.3162086 0.2152975 
Perityle_gentryi_8_san_francisco           0.4272893 0.1353036 0.2289487 0.5000660 0.1313071 0.1696743 0.2217312 0.1993620 0.2391935 0.1693701 0.1725326 0.5537696 0.5303737 0.4328869 0.5545023 1.0006807 0.0673587 0.1725536 0.4780231 0.2286569 0.1825731 0.0657064 0.5096896 0.1089199 0.4821137 0.0734061 0.1047970 0.0910631 0.1608948 0.1134886 0.4384999 0.5579194 0.1553377 0.4905893 0.6299623 0.5512632 0.2180052 0.5309879 0.2398012 0.0000000 0.0774352 0.5342782 0.2123354 0.5490326 0.2170820 0.4651900 0.0647802 0.0696184 0.0706406 0.2215989 0.0612355 0.0733957 0.5511559 0.0976153 0.5461471 0.1834950 0.0625934 0.0459199 0.0707628 0.0688747 0.1842959 0.5127458 0.4835329 0.0444066 0.0776143 0.1507229 0.4987097 0.1915804 0.1889836 0.0171220 0.0751828 0.5514623 0.4960304 0.0724822 0.5328824 0.5551934 0.4481818 0.2392456 0.1843363 0.1044084 0.0594797 0.1324655 0.0744115 0.4839333 0.2518640 0.0808934 
Perityle_gilensis_22_Superstition          0.3961341 0.1331641 0.2050206 0.4948049 0.1273642 0.1807892 0.2194317 0.1964362 0.2256186 0.1463124 0.1609450 0.5325350 0.5178829 0.4186207 0.5457471 0.9844952 0.0303771 0.1701295 0.4585982 0.1999041 0.2141178 0.0267936 0.5195305 0.0323111 0.4734233 0.0293981 0.0623562 0.0523210 0.1669784 0.1057338 0.4284380 0.5380238 0.1556231 0.4704184 0.6008710 0.5398367 0.2106595 0.5084320 0.2179701 0.0774352 0.0000000 0.5123404 0.2097482 0.5436157 0.2150529 0.4520377 0.0235489 0.0308021 0.0272847 0.2181610 0.0317340 0.0308061 0.5391616 0.1140151 0.5373261 0.1726217 0.0325635 0.0346722 0.0273175 0.0267038 0.1844604 0.5013177 0.4703758 0.0409105 0.0344182 0.1494424 0.4636189 0.1833726 0.1759206 0.0222413 0.0311514 0.5486011 0.4799176 0.0267243 0.5144479 0.5461178 0.4356996 0.2258552 0.2288991 0.1035178 0.0295571 0.1303572 0.0309981 0.4719181 0.2437369 0.0325049 
Perityle_gilensis_salensis_225             0.4950291 0.4285888 0.4957481 0.2739386 0.4990421 0.2748219 0.5351077 0.4853361 0.4486418 0.5258053 0.5027504 0.0440486 0.0449520 0.0863311 0.0447594 1.2469417 0.5320024 0.5334269 0.0489105 0.5621263 0.5528957 0.4946966 0.6076081 0.5080768 0.0293187 0.5252648 0.5510655 0.5255472 0.5189817 0.5029386 0.0798237 0.1916198 0.5175001 0.1133111 0.0705253 0.5069679 0.5093395 0.0386055 0.5315540 0.5342782 0.5123404 0.0000000 0.5120933 0.1493768 0.5155210 0.5164658 0.5296059 0.5206132 0.5174754 0.5132206 0.5413341 0.5213332 0.0367427 0.5428073 0.0412983 0.5115512 0.3578559 0.4830929 0.5188972 0.5206132 0.5016983 0.5620300 0.0748485 0.4700995 0.5394657 0.5035429 0.4839841 0.5244304 0.5242959 0.3131351 0.5263233 0.5372605 0.0941270 0.5268066 0.0421835 0.0387555 0.0382544 0.5155718 0.5025958 0.5279675 0.5156753 0.3946731 0.5242531 0.4994369 0.4687998 0.4118434 
Perityle_glaucescens_94                    0.4808175 0.1363716 0.2329945 0.5833777 0.1603826 0.2086508 0.2739593 0.1722161 0.2835203 0.2115788 0.2383297 0.5145945 0.5113902 0.3952654 0.5189814 1.0149589 0.2089888 0.1759921 0.4549102 0.3949980 0.3970679 0.1958276 0.4673662 0.2450832 0.4690864 0.2137503 0.2430251 0.2315604 0.2018286 0.1614236 0.4070792 0.6060320 0.1890740 0.4661050 0.6365148 0.5209493 0.0397206 0.5051957 0.2829015 0.2123354 0.2097482 0.5120933 0.0000000 0.5350045 0.0047842 0.4723401 0.1946032 0.2174384 0.2117267 0.0051529 0.2122715 0.2193681 0.5126276 0.2504255 0.5109412 0.1989126 0.1316525 0.1226081 0.2144709 0.2167825 0.2251989 0.5461465 0.4663346 0.1267425 0.2148774 0.1786674 0.4769200 0.2172238 0.2502698 0.0942297 0.2161642 0.5341180 0.4834383 0.2194576 0.4978766 0.5118294 0.4258554 0.3037443 0.2377140 0.2386501 0.1791284 0.1009173 0.2179197 0.4968749 0.2575956 0.2463567 
Perityle_gracilis_11                       0.5175221 0.4463774 0.5488585 0.3268836 0.5336926 0.3386523 0.5698610 0.4858461 0.4783562 0.5594948 0.5373928 0.1461983 0.0826987 0.0963763 0.0771437 1.2809097 0.5466215 0.5670936 0.0587031 0.6081187 0.5873207 0.5126697 0.5994318 0.5393750 0.0357659 0.5459928 0.5739656 0.5474044 0.5481975 0.5433963 0.0837448 0.3164425 0.5527609 0.1165722 0.2346005 0.5346131 0.5398193 0.1441984 0.5695533 0.5490326 0.5436157 0.1493768 0.5350045 0.0000000 0.5361255 0.5385973 0.5541507 0.5413356 0.5382977 0.5361255 0.5617496 0.5394161 0.1325637 0.5559299 0.0324388 0.5357001 0.3681895 0.4813990 0.5397146 0.5413356 0.5359950 0.5913286 0.0765428 0.4748666 0.5600884 0.5344827 0.5042802 0.5610681 0.5504360 0.3158559 0.5442836 0.5562053 0.0956632 0.5473209 0.0503896 0.0878667 0.0016951 0.5444901 0.5346004 0.5533088 0.5435253 0.3926308 0.5480340 0.5341357 0.4924134 0.4460345 
