85
Amauria_brandeegeana_62                    0.0000000 0.1035524 0.1353540 0.3366671 0.2095609 0.0299744 0.3008415 0.0983041 0.3449194 0.1521289 0.2080734 0.2455399 0.1649475 0.2072270 0.1766960 0.2376764 0.2555667 0.1628720 0.1656619 0.2031813 0.1906609 0.2066352 0.2620483 0.2197195 0.1890192 0.2455543 0.2230364 0.3342768 0.2142732 0.1346094 0.1018911 0.4106486 0.2956874 0.2736558 0.1562778 0.1332038 0.2224226 0.2008760 0.2187392 0.2609558 0.1649329 0.1885197 0.1967270 0.1582460 0.2128745 0.2570658 0.2194522 0.2157211 0.2170936 0.1767967 0.2148754 0.2149017 0.2176134 0.2083086 0.1042486 0.1485805 0.0973662 0.1030091 0.2130850 0.2168857 0.1937795 0.0931037 0.2628910 0.0710448 0.2505564 0.2299930 0.2155055 0.2261090 0.1267035 0.2001600 0.2189231 0.2378866 0.2149089 0.2105427 0.1994826 0.0534968 0.2233381 0.2711216 0.2102063 0.2345891 0.1906314 0.2206786 0.2801785 0.1435292 0.0780425 
Amauria_carterae_99_mesa                   0.1035524 0.0000000 0.0853793 0.2606456 0.1091684 0.0259783 0.1959697 0.1222943 0.2327313 0.1515510 0.1501999 0.1210717 0.1121359 0.1164183 0.0934196 0.1115218 0.1247449 0.1219041 0.1780421 0.1070092 0.1057196 0.1109860 0.1675436 0.1204663 0.1138933 0.1057841 0.1176949 0.2221945 0.1212123 0.1202626 0.1019225 0.2829682 0.2016494 0.2109263 0.1173772 0.1046376 0.1163417 0.1072551 0.1586080 0.1037945 0.1155133 0.1195933 0.1240919 0.1141932 0.1209140 0.1663703 0.1083612 0.1120321 0.1089305 0.1109830 0.1121466 0.1031995 0.1122167 0.1130848 0.0975817 0.0899805 0.0907715 0.1077759 0.1109678 0.1089305 0.1278818 0.0892819 0.1224167 0.0594528 0.1161938 0.1287991 0.1152426 0.1218340 0.0955034 0.1081395 0.1174257 0.1415154 0.1082633 0.1110140 0.1120864 0.0847560 0.1198458 0.1259870 0.1127817 0.1087333 0.1242226 0.1109844 0.2011110 0.1187089 0.0700629 
Amauria_rotundifolia_SRR9119150            0.1353540 0.0853793 0.0000000 0.3343521 0.1316230 0.0380534 0.2741876 0.1109242 0.2833601 0.1280641 0.1917912 0.1355595 0.1091717 0.1680509 0.0895540 0.1385393 0.1521156 0.0946968 0.1766663 0.1243879 0.1082645 0.1185516 0.2300244 0.1222937 0.1151732 0.1525896 0.1538732 0.2610703 0.1522557 0.1204840 0.1000443 0.3667073 0.2422553 0.2457039 0.1108754 0.0401687 0.1657080 0.1242427 0.1705089 0.1777071 0.0915781 0.1135790 0.1454613 0.0963041 0.1269086 0.1988714 0.1268191 0.1129785 0.1219609 0.1022089 0.1169814 0.1194651 0.1389592 0.1401400 0.0758564 0.1176036 0.0743703 0.0749236 0.1179956 0.1286031 0.1303308 0.0850862 0.1650991 0.0564899 0.1351971 0.1715049 0.1500555 0.1707485 0.1173039 0.1246420 0.1211875 0.1751975 0.1379842 0.1117222 0.1213572 0.0605053 0.1613501 0.1906427 0.1329348 0.1329491 0.1239871 0.1621121 0.2004738 0.0932545 0.0615377 
Conoclinium_coelestinum_SRR9119114         0.3366671 0.2606456 0.3343521 0.0000000 0.3362570 0.0812379 0.3039458 0.1809310 0.3086026 0.3823481 0.3314297 0.3450757 0.3212992 0.3318257 0.1948056 0.3463223 0.3579821 0.2792202 0.3741552 0.3006561 0.3210402 0.3206179 0.3013623 0.3365392 0.3250336 0.3262361 0.3021204 0.4198651 0.3595991 0.3337252 0.2617915 0.4598769 0.4532598 0.4618872 0.3166449 0.3478583 0.3237676 0.3194220 0.3303650 0.3410367 0.3181561 0.3283216 0.3350516 0.3248393 0.3306884 0.3577049 0.3248017 0.3227823 0.3237946 0.3059700 0.3203748 0.3184038 0.3235008 0.3047429 0.2610716 0.3087011 0.2481869 0.2900515 0.3225061 0.3199921 0.3275685 0.2548753 0.3293906 0.1391932 0.3325898 0.3654689 0.3071308 0.3199902 0.2269863 0.3212289 0.3351361 0.3667560 0.3231759 0.3197778 0.3196645 0.2125343 0.3237776 0.3392599 0.3359104 0.3345134 0.2074045 0.3226403 0.4091873 0.3069704 0.2130840 
Eutetras_palmeri_63                        0.2095609 0.1091684 0.1316230 0.3362570 0.0000000 0.0138270 0.2905205 0.1124610 0.2816779 0.1465274 0.1946022 0.1756746 0.1342351 0.1749886 0.0985783 0.1452203 0.1694340 0.0680536 0.1734155 0.1488437 0.1280169 0.1331880 0.2091307 0.1373570 0.1401493 0.1759458 0.1717845 0.2863909 0.1756921 0.1153359 0.1019969 0.3579175 0.2494639 0.2578868 0.1285529 0.1836404 0.1864855 0.1473135 0.2145608 0.1807065 0.0939987 0.1360660 0.1642131 0.1192703 0.1642118 0.2469747 0.1454109 0.1401515 0.1366009 0.1176273 0.1404583 0.1340096 0.1609908 0.1713357 0.0838392 0.1248067 0.0803159 0.0813657 0.1372218 0.1354351 0.1438881 0.0937530 0.1691072 0.0693789 0.1745197 0.1879574 0.1732987 0.1809968 0.1517628 0.1436181 0.1378979 0.1622993 0.1393482 0.1311485 0.1340987 0.0615407 0.1771001 0.2001000 0.1582349 0.1639431 0.1357768 0.1624131 0.2389827 0.0788139 0.0738976 
Eutetras_pringlei_149_quer                 0.0299744 0.0259783 0.0380534 0.0812379 0.0138270 0.0000000 0.0590217 0.0640919 0.0782416 0.1224934 0.0239337 0.0279407 0.0320337 0.0279360 0.0224353 0.0443816 0.0262728 0.0299330 0.0341211 0.0299510 0.0279325 0.0259069 0.0273213 0.0279653 0.0299742 0.0259069 0.0319962 0.1112327 0.0278407 0.0259441 0.0318900 0.1093624 0.1104780 0.1250077 0.0299622 0.0286642 0.0259885 0.0300069 0.0279148 0.0401114 0.0279442 0.0279214 0.0239714 0.0299826 0.0239936 0.0244177 0.0242061 0.0259069 0.0259069 0.0239936 0.0259037 0.0259069 0.0259037 0.0319962 0.0137905 0.0217762 0.0402135 0.0381833 0.0279360 0.0259069 0.0278116 0.0334779 0.0548024 0.0319962 0.0259248 0.0257885 0.0340225 0.0281135 0.0279924 0.0300069 0.0259069 0.0279967 0.0299540 0.0279564 0.0299345 0.0259069 0.0259795 0.0382643 0.0340914 0.0259172 0.0326290 0.0279564 0.0769577 0.0360901 0.0342001 
Eutrochium_fistulosum_SRR9119106           0.3008415 0.1959697 0.2741876 0.3039458 0.2905205 0.0590217 0.0000000 0.1469341 0.3405228 0.2827564 0.2693364 0.2967382 0.2811831 0.2914994 0.1774311 0.2887156 0.3140564 0.2537503 0.3043547 0.2386484 0.2748396 0.2742707 0.2708838 0.2807878 0.2774962 0.2839211 0.2737191 0.3734612 0.2948343 0.2764708 0.1860774 0.4363384 0.3772591 0.3869501 0.2498409 0.2908265 0.2740277 0.2621032 0.2770130 0.2941494 0.2588325 0.2763575 0.2664856 0.2798671 0.2814117 0.3043751 0.2833176 0.2818125 0.2784280 0.2513231 0.2788116 0.2743407 0.2808534 0.2678178 0.2552133 0.2163736 0.1916862 0.2378032 0.2756706 0.2762891 0.2830292 0.1652616 0.2869522 0.1113164 0.2937597 0.2956143 0.2699173 0.3047143 0.2089531 0.2636314 0.2796982 0.2999097 0.2783927 0.2736447 0.2806687 0.1421891 0.2991994 0.3090181 0.2876526 0.2893246 0.2340710 0.2778051 0.3854096 0.2474785 0.1413701 
Galeana_pratensis_104_mex                  0.0983041 0.1222943 0.1109242 0.1809310 0.1124610 0.0640919 0.1469341 0.0000000 0.1338425 0.1557821 0.1230169 0.1078268 0.1095112 0.1066979 0.1088329 0.1156378 0.1170857 0.1102124 0.1387005 0.1062203 0.1036227 0.1065351 0.1523036 0.1082123 0.1080681 0.1015053 0.1127738 0.1975819 0.1229351 0.1355728 0.1350383 0.2034803 0.1705036 0.1834285 0.1113585 0.0981038 0.1160934 0.1098696 0.1381308 0.1152355 0.1111135 0.1051196 0.1193233 0.1066151 0.1162175 0.1397092 0.1001575 0.1051113 0.1050721 0.1191883 0.1035298 0.1004267 0.1094912 0.1067829 0.1014306 0.1330033 0.1130807 0.1221676 0.1052387 0.1050721 0.1276366 0.1295717 0.1318308 0.0880867 0.1093001 0.1258449 0.1081937 0.1074656 0.0998934 0.1082576 0.1066457 0.1415661 0.1037647 0.1051647 0.1036007 0.0986403 0.1041771 0.1221535 0.1191524 0.1078658 0.1664046 0.1065892 0.1621061 0.1087040 0.1069676 
Helianthus_annuus_SRR9119062               0.3449194 0.2327313 0.2833601 0.3086026 0.2816779 0.0782416 0.3405228 0.1338425 0.0000000 0.3329850 0.2853502 0.2945424 0.2626058 0.2777029 0.2597570 0.2672569 0.2889860 0.2538485 0.3092444 0.2724966 0.2673169 0.2637690 0.2714412 0.2868017 0.2734359 0.2773428 0.2785021 0.3805369 0.3013434 0.2662602 0.1995291 0.4598392 0.4010824 0.4116402 0.2600608 0.2416806 0.3369426 0.2650395 0.2715186 0.2877029 0.2679904 0.2643698 0.2873101 0.2628127 0.2756884 0.2933623 0.2678122 0.2750676 0.2771075 0.2555611 0.2663473 0.2726164 0.2947622 0.2814287 0.2578564 0.2376887 0.1910636 0.2180644 0.2664727 0.2837919 0.2796460 0.1912451 0.3018438 0.1235632 0.2818341 0.3028145 0.2820925 0.3283301 0.2295506 0.2807639 0.2856855 0.2957473 0.2788058 0.2608679 0.2749817 0.1534975 0.3341688 0.3008504 0.2922428 0.2843091 0.2816992 0.2853411 0.3274299 0.2537132 0.1447953 
Lycapsus_tenuifolius_17                    0.1521289 0.1515510 0.1280641 0.3823481 0.1465274 0.1224934 0.2827564 0.1557821 0.3329850 0.0000000 0.1626025 0.2177618 0.1545636 0.1619922 0.6312033 0.1736179 0.2407517 0.1171582 0.2060617 0.1787020 0.1401395 0.1567517 0.2736107 0.1632385 0.1645992 0.1541418 0.1852753 0.3998895 0.2367603 0.1686556 0.1346379 0.2080019 0.1643166 0.1465820 0.1441926 0.0932485 0.1779631 0.1776342 0.1897271 0.1666101 0.1340713 0.1597576 0.1830487 0.1516379 0.1762732 0.2556411 0.1668512 0.1571665 0.1553570 0.1319574 0.1581488 0.1553431 0.1809914 0.1899651 0.5537483 0.1387660 0.1239401 0.1176498 0.1566685 0.1563955 0.1979615 0.1345458 0.2226125 0.1346856 0.2203995 0.2403199 0.1914999 0.2155790 0.1624456 0.1823451 0.1616051 0.2193869 0.1513590 0.1542742 0.1540498 0.1176666 0.2142123 0.1915753 0.1829602 0.2080301 0.6032921 0.1580142 0.1668518 0.1152063 0.1211206 
Pericome_caudata_50_silver                 0.2080734 0.1501999 0.1917912 0.3314297 0.1946022 0.0239337 0.2693364 0.1230169 0.2853502 0.1626025 0.0000000 0.2131346 0.1626343 0.1861557 0.2198808 0.1944961 0.2503769 0.1369092 0.1674819 0.2043726 0.1648493 0.1741530 0.2116565 0.1874099 0.1753810 0.2249375 0.2112125 0.2873250 0.2134669 0.1446015 0.1268592 0.2959949 0.2839857 0.2882483 0.1779820 0.2264672 0.1788811 0.1962787 0.1780563 0.1983695 0.1277600 0.1739540 0.1673815 0.1445830 0.1411214 0.2624081 0.2088722 0.1835859 0.1854483 0.1241832 0.1799607 0.1807441 0.1774438 0.2000976 0.1400580 0.1258331 0.0987824 0.1011735 0.1772384 0.1829492 0.1749351 0.1052485 0.2530105 0.0818747 0.2196129 0.2286392 0.2099419 0.1472266 0.1004350 0.1975795 0.1873481 0.2286571 0.1843736 0.1785330 0.1739266 0.0846914 0.1428910 0.1600501 0.2134004 0.2140785 0.2667090 0.1791303 0.2449100 0.1111882 0.0959041 
Perityle_aglossa_84_dead_horse             0.2455399 0.1210717 0.1355595 0.3450757 0.1756746 0.0279407 0.2967382 0.1078268 0.2945424 0.2177618 0.2131346 0.0000000 0.0935187 0.1304179 0.0043453 0.1242927 0.1187233 0.1201574 0.1985078 0.1032115 0.0849103 0.0924498 0.2071324 0.1215585 0.1082091 0.1539910 0.1153364 0.2480412 0.1724805 0.1533608 0.1336771 0.4121857 0.2823218 0.3117839 0.0958516 0.2184193 0.1765395 0.1020223 0.1943721 0.1505023 0.0746762 0.1079653 0.1616704 0.0885759 0.1621078 0.2114737 0.1209116 0.1082396 0.1175057 0.1126660 0.1016589 0.1139858 0.1346688 0.1139876 0.0341595 0.1279430 0.0600661 0.0615946 0.1126544 0.1239903 0.1618656 0.0997505 0.1796055 0.0541547 0.0071354 0.1794611 0.1186794 0.1973106 0.1215170 0.1053544 0.1185538 0.1929810 0.1280146 0.0970478 0.0840010 0.0223823 0.1877065 0.2070519 0.1256604 0.0753417 0.1325027 0.1353661 0.2206572 0.1179814 0.0683097 
Perityle_ajoensis_204                      0.1649475 0.1121359 0.1091717 0.3212992 0.1342351 0.0320337 0.2811831 0.1095112 0.2626058 0.1545636 0.1626343 0.0935187 0.0000000 0.0276822 0.0431414 0.0789229 0.1030367 0.0890504 0.1555644 0.0886388 0.0332718 0.0177732 0.1814789 0.0266323 0.0229829 0.0550907 0.0869821 0.2411674 0.1546859 0.1433224 0.1339662 0.3229933 0.2398878 0.2864176 0.0659229 0.1077937 0.1468556 0.0878084 0.1491219 0.0803038 0.0249430 0.0284910 0.1200160 0.0193299 0.1131873 0.1905657 0.0752426 0.0156443 0.0151201 0.0797463 0.0317205 0.0187971 0.0501505 0.0916824 0.0402816 0.1071178 0.0576365 0.0496933 0.0182981 0.0156468 0.1318512 0.0942838 0.1388536 0.0319698 0.0939121 0.1613326 0.0917063 0.1719884 0.0971603 0.0857280 0.0266254 0.1758809 0.0204653 0.0156643 0.0190726 0.0077212 0.1721519 0.1382040 0.0871499 0.0895944 0.1275495 0.0175671 0.1564865 0.1021309 0.0653232 
Perityle_ambrosiifolia_67_green            0.2072270 0.1164183 0.1680509 0.3318257 0.1749886 0.0279360 0.2914994 0.1066979 0.2777029 0.1619922 0.1861557 0.1304179 0.0276822 0.0000000 0.1342471 0.1234759 0.1594698 0.1268883 0.1777798 0.1452188 0.0706795 0.0371251 0.2234502 0.0538598 0.0610883 0.1005715 0.1576196 0.3146048 0.2067843 0.1395548 0.1404117 0.3860809 0.2505942 0.2948639 0.1051753 0.1276595 0.2033125 0.1001758 0.2284078 0.1279405 0.0584187 0.0541453 0.1711276 0.0284760 0.1626846 0.2699389 0.1307855 0.0703617 0.0720876 0.1296103 0.0585122 0.0666750 0.0745195 0.1418166 0.0343748 0.1209702 0.0557381 0.0467467 0.0479669 0.0700790 0.1617102 0.0981353 0.1664438 0.0328354 0.1406103 0.2186644 0.1438429 0.1911044 0.1004690 0.1344131 0.0533309 0.1986209 0.0757147 0.0431958 0.0712175 0.0118417 0.2009765 0.2054899 0.1305636 0.1302997 0.1511492 0.0863654 0.1522790 0.1129497 0.0677154 
Perityle_angustifolia_13_Eagle_creek       0.1766960 0.0934196 0.0895540 0.1948056 0.0985783 0.0224353 0.1774311 0.1088329 0.2597570 0.6312033 0.2198808 0.0043453 0.0431414 0.1342471 0.0000000 0.0657855 0.0365264 0.1319994 0.1847712 0.0604932 0.0384548 0.0307977 0.1589319 0.0447335 0.0326217 0.0376490 0.0720143 0.0880164 0.1003697 0.1130798 0.0770502 0.5592990 0.7102044 0.6260157 0.0404214 0.0000010 0.0906145 0.0511820 0.2152335 0.1306851 0.0463146 0.0479252 0.0865712 0.0445951 0.0883391 0.1558912 0.0416235 0.0372283 0.0340715 0.0935109 0.0376185 0.0276148 0.0388187 0.0687841 0.0402258 0.1243709 0.0571994 0.0631327 0.0312170 0.0325514 0.1108777 0.0809262 0.0884952 0.0237716 0.0014459 0.1060616 0.0656592 0.1071508 0.0261640 0.0596034 0.0431460 0.1436560 0.0357634 0.0279272 0.0386498 0.0123207 0.1088551 0.0933333 0.0564387 0.0179253 0.1015855 0.0386577 0.6263202 0.1157756 0.0749752 
Perityle_batopilensis_97                   0.2376764 0.1115218 0.1385393 0.3463223 0.1452203 0.0443816 0.2887156 0.1156378 0.2672569 0.1736179 0.1944961 0.1242927 0.0789229 0.1234759 0.0657855 0.0000000 0.1283960 0.1124164 0.1896379 0.1093624 0.0912050 0.0948601 0.2270034 0.1265929 0.0929493 0.1716769 0.1494879 0.2520606 0.1501761 0.1470062 0.1411729 0.3685098 0.2546113 0.2874447 0.0883420 0.2059249 0.1779911 0.1075348 0.1867158 0.0912182 0.0764508 0.0929045 0.1365857 0.0857917 0.1275413 0.2085568 0.1089028 0.1225894 0.1214749 0.1113897 0.1094068 0.1237050 0.1169483 0.1193191 0.0575149 0.1232696 0.0654736 0.0534551 0.1134218 0.1251269 0.1313833 0.1013273 0.1649961 0.0696107 0.1391378 0.1679897 0.1285656 0.1775334 0.1112920 0.1083019 0.1254192 0.2122031 0.1318734 0.1114992 0.0919195 0.0351243 0.1723604 0.1827293 0.1065056 0.1304810 0.1348905 0.1117675 0.1938392 0.1088509 0.0776255 
Perityle_bisetosa_9                        0.2555667 0.1247449 0.1521156 0.3579821 0.1694340 0.0262728 0.3140564 0.1170857 0.2889860 0.2407517 0.2503769 0.1187233 0.1030367 0.1594698 0.0365264 0.1283960 0.0000000 0.1314739 0.2315388 0.1085586 0.0918507 0.1059061 0.2010397 0.1055177 0.0961478 0.1514142 0.1486616 0.2908871 0.1629563 0.1533889 0.1407972 0.4405451 0.2881495 0.3115695 0.0914241 0.2309152 0.2010686 0.1083081 0.2214010 0.1609462 0.0636010 0.0961392 0.1793233 0.0916634 0.1751270 0.2368903 0.0934775 0.1048329 0.1032177 0.1299921 0.1054085 0.1040473 0.1267441 0.1383665 0.0187440 0.1311916 0.0826926 0.0882810 0.1059101 0.1110683 0.1564655 0.1053041 0.1777584 0.0323411 0.1204530 0.1823773 0.1509232 0.2115521 0.1472218 0.1084138 0.1044816 0.2003495 0.1221051 0.1041475 0.1032710 0.0518656 0.1956107 0.2344987 0.1253005 0.1227862 0.1198691 0.1578940 0.2339897 0.1397760 0.0663907 
Perityle_californica_76_positas            0.1628720 0.1219041 0.0946968 0.2792202 0.0680536 0.0299330 0.2537503 0.1102124 0.2538485 0.1171582 0.1369092 0.1201574 0.0890504 0.1268883 0.1319994 0.1124164 0.1314739 0.0000000 0.1722401 0.1017750 0.0902692 0.0918541 0.2177496 0.1034194 0.1005363 0.1042882 0.1134023 0.2620371 0.1420467 0.1187819 0.1074418 0.2692129 0.1916786 0.2359291 0.0893453 0.0767949 0.1524219 0.0961035 0.1767693 0.1373821 0.1032748 0.0990368 0.1180103 0.0914934 0.1199609 0.1690201 0.0939162 0.0966110 0.0951285 0.1104630 0.0981034 0.0938863 0.1226873 0.1139932 0.0911229 0.1214562 0.0833531 0.0857420 0.0903130 0.0944362 0.1409178 0.0862662 0.1362912 0.0592049 0.1195001 0.1486322 0.1148182 0.1527798 0.0981969 0.1024056 0.1019837 0.1468706 0.0968516 0.0875123 0.0979478 0.0658852 0.1509348 0.1229360 0.1038264 0.1205752 0.1638585 0.0951178 0.1711231 0.0590364 0.0786288 
Perityle_canescens_77                      0.1656619 0.1780421 0.1766663 0.3741552 0.1734155 0.0341211 0.3043547 0.1387005 0.3092444 0.2060617 0.1674819 0.1985078 0.1555644 0.1777798 0.1847712 0.1896379 0.2315388 0.1722401 0.0000000 0.1847486 0.1609204 0.1660014 0.2571067 0.1741668 0.1725538 0.1903644 0.1687316 0.3022726 0.2175687 0.1637219 0.1629590 0.3861732 0.3313371 0.3460794 0.1580895 0.1908404 0.1547797 0.1735496 0.2226107 0.1876206 0.1616460 0.1756537 0.1449522 0.1521054 0.1520295 0.2425300 0.1874696 0.1640480 0.1662833 0.1434943 0.1692442 0.1653877 0.1630457 0.1657595 0.1269858 0.1551623 0.1301637 0.1269167 0.1646159 0.1670097 0.2111465 0.1475833 0.2167815 0.0712667 0.1978957 0.2201640 0.1701155 0.1880043 0.1241215 0.1748547 0.1724797 0.2148991 0.1667013 0.1607768 0.1680935 0.1129691 0.1924129 0.1766057 0.1814632 0.1933529 0.2084277 0.1662463 0.2997941 0.1475540 0.0990526 
Perityle_castillonii_96                    0.2031813 0.1070092 0.1243879 0.3006561 0.1488437 0.0299510 0.2386484 0.1062203 0.2724966 0.1787020 0.2043726 0.1032115 0.0886388 0.1452188 0.0604932 0.1093624 0.1085586 0.1017750 0.1847486 0.0000000 0.0788200 0.0919330 0.1962426 0.1094798 0.1014278 0.1314456 0.1173532 0.2658875 0.1545080 0.1426524 0.1408796 0.3804493 0.2471269 0.2705537 0.0923986 0.1413063 0.1706827 0.0174453 0.1911573 0.1490851 0.0730973 0.1033478 0.1474831 0.0809368 0.1432958 0.2167911 0.1055850 0.1004419 0.1092195 0.1053459 0.0918734 0.1023065 0.1308135 0.1112403 0.0432197 0.1265315 0.0560661 0.0469236 0.1001591 0.1120800 0.1438692 0.0956634 0.1487554 0.0296589 0.1092510 0.1688337 0.1165582 0.1846656 0.0459377 0.0433562 0.1089228 0.1798907 0.1186093 0.0860281 0.0932601 0.0276927 0.1717186 0.2068368 0.0835362 0.1048319 0.1037036 0.1325436 0.1833520 0.0988936 0.0663577 
Perityle_cernua_84                         0.1906609 0.1057196 0.1082645 0.3210402 0.1280169 0.0279325 0.2748396 0.1036227 0.2673169 0.1401395 0.1648493 0.0849103 0.0332718 0.0706795 0.0384548 0.0912050 0.0918507 0.0902692 0.1609204 0.0788200 0.0000000 0.0329230 0.1993533 0.0322130 0.0300182 0.0678286 0.0910986 0.2509303 0.1380222 0.1265039 0.1233732 0.3518481 0.2323923 0.2710789 0.0538677 0.1213260 0.1511287 0.0750549 0.1888328 0.1213711 0.0231435 0.0317091 0.1222832 0.0323016 0.1164576 0.2021114 0.0734382 0.0313961 0.0313348 0.0876478 0.0326934 0.0266808 0.0555668 0.0932488 0.0264217 0.1230845 0.0520274 0.0392892 0.0309711 0.0303298 0.1275253 0.0939804 0.1334767 0.0280499 0.0844381 0.1523600 0.0932321 0.1540249 0.0825169 0.0724617 0.0311931 0.1676952 0.0344201 0.0299966 0.0304094 0.0106132 0.1507022 0.1536873 0.0739411 0.0851247 0.1186581 0.0480371 0.1457375 0.0994136 0.0600394 
Perityle_cfvillosa_25_tin                  0.2066352 0.1109860 0.1185516 0.3206179 0.1331880 0.0259069 0.2742707 0.1065351 0.2637690 0.1567517 0.1741530 0.0924498 0.0177732 0.0371251 0.0307977 0.0948601 0.1059061 0.0918541 0.1660014 0.0919330 0.0329230 0.0000000 0.1916819 0.0240776 0.0220812 0.0549083 0.0980626 0.2417279 0.1509582 0.1385798 0.1311386 0.3439417 0.2472050 0.2853314 0.0655237 0.1543785 0.1575582 0.0909159 0.1753207 0.1169688 0.0178634 0.0248115 0.1255075 0.0165655 0.1225744 0.1939519 0.0821651 0.0132593 0.0032782 0.0855945 0.0265854 0.0154557 0.0526217 0.1007957 0.0328319 0.1178430 0.0528845 0.0443763 0.0075488 0.0037476 0.1342534 0.0912762 0.1419869 0.0316718 0.0922426 0.1636284 0.1007484 0.1648503 0.0988130 0.0858661 0.0235627 0.1694888 0.0166344 0.0109226 0.0149237 0.0028840 0.1649622 0.1565853 0.0836132 0.0868259 0.1264010 0.0134551 0.1618540 0.0985200 0.0621949 
Perityle_cinerea_113_Powell1310            0.2620483 0.1675436 0.2300244 0.3013623 0.2091307 0.0273213 0.2708838 0.1523036 0.2714412 0.2736107 0.2116565 0.2071324 0.1814789 0.2234502 0.1589319 0.2270034 0.2010397 0.2177496 0.2571067 0.1962426 0.1993533 0.1916819 0.0000000 0.2006227 0.1966711 0.1975031 0.1700166 0.3516274 0.2222432 0.1923741 0.2041608 0.3564398 0.3661091 0.3054971 0.1711872 0.2369215 0.2554385 0.1839056 0.2286616 0.2424396 0.2018801 0.1998296 0.2028619 0.1775623 0.2157528 0.2322873 0.2036031 0.2000215 0.2013944 0.2175447 0.2007171 0.1954372 0.2016948 0.1686614 0.0721304 0.2119364 0.1561857 0.1547036 0.1869287 0.1963866 0.2133671 0.1902768 0.2190337 0.0726511 0.2065884 0.2287805 0.1698613 0.2503288 0.0969039 0.1979803 0.1991742 0.2267197 0.1986749 0.1835983 0.1943165 0.1191508 0.2544265 0.2503577 0.2142666 0.2043982 0.1974205 0.2003949 0.2818460 0.2176149 0.1638254 
Perityle_coahuilensis_24                   0.2197195 0.1204663 0.1222937 0.3365392 0.1373570 0.0279653 0.2807878 0.1082123 0.2868017 0.1632385 0.1874099 0.1215585 0.0266323 0.0538598 0.0447335 0.1265929 0.1055177 0.1034194 0.1741668 0.1094798 0.0322130 0.0240776 0.2006227 0.0000000 0.0275439 0.0695287 0.1622000 0.3060165 0.1576219 0.1395112 0.1389732 0.3771757 0.2444552 0.2959233 0.0953770 0.1785254 0.1772556 0.0853850 0.2325397 0.1316716 0.0056734 0.0104472 0.1501718 0.0266007 0.1346206 0.2643204 0.0921703 0.0260008 0.0266495 0.1162099 0.0183140 0.0239170 0.0423986 0.1225181 0.0298160 0.1242097 0.0557383 0.0475294 0.0247120 0.0327962 0.1345503 0.0982077 0.1447697 0.0468619 0.1387109 0.1621728 0.1495832 0.1668870 0.1015811 0.0931145 0.0027991 0.1815032 0.0451118 0.0223368 0.0341078 0.0128429 0.1601862 0.1917949 0.1012356 0.1048638 0.1317045 0.1022664 0.1536534 0.1069066 0.0666833 
Perityle_cochisensis_44_cave_creek         0.1890192 0.1138933 0.1151732 0.3250336 0.1401493 0.0299742 0.2774962 0.1080681 0.2734359 0.1645992 0.1753810 0.1082091 0.0229829 0.0610883 0.0326217 0.0929493 0.0961478 0.1005363 0.1725538 0.1014278 0.0300182 0.0220812 0.1966711 0.0275439 0.0000000 0.0716638 0.1185277 0.2615162 0.1646797 0.1388777 0.1352684 0.3532055 0.2490960 0.2920894 0.0812636 0.1097557 0.1625686 0.0831006 0.2004374 0.1139703 0.0248281 0.0282861 0.1368148 0.0246285 0.1224962 0.2153835 0.0857741 0.0198879 0.0208234 0.1004751 0.0276373 0.0177949 0.0497418 0.1031290 0.0302992 0.1248032 0.0529197 0.0474012 0.0223136 0.0201953 0.1364327 0.0955455 0.1337499 0.0306820 0.1149250 0.1596350 0.1230453 0.1705774 0.0959422 0.0952733 0.0256719 0.1772550 0.0319550 0.0203364 0.0206228 0.0077028 0.1614772 0.1508797 0.0930591 0.0909161 0.1325079 0.0248375 0.1608161 0.1038149 0.0651615 
Perityle_congesta_202                      0.2455543 0.1057841 0.1525896 0.3262361 0.1759458 0.0259069 0.2839211 0.1015053 0.2773428 0.1541418 0.2249375 0.1539910 0.0550907 0.1005715 0.0376490 0.1716769 0.1514142 0.1042882 0.1903644 0.1314456 0.0678286 0.0549083 0.1975031 0.0695287 0.0716638 0.0000000 0.1851229 0.3173463 0.2106064 0.1820957 0.1298199 0.3804137 0.2541558 0.2840167 0.1371810 0.1753152 0.2107283 0.1204689 0.2481425 0.1539784 0.0689348 0.0745176 0.2004449 0.0679229 0.1656083 0.2584075 0.1260646 0.0596938 0.0589702 0.1620511 0.0643417 0.0628162 0.1026610 0.1711837 0.1049213 0.1594204 0.0629385 0.0669525 0.0635878 0.0577953 0.1583793 0.0918053 0.1618247 0.0316014 0.1624788 0.2066087 0.1790822 0.1992203 0.0915087 0.1354585 0.0685625 0.2201718 0.0585758 0.0543114 0.0687500 0.0009596 0.2100228 0.2043050 0.1476246 0.1473010 0.1227719 0.0864611 0.1572659 0.1353176 0.0580125 
Perityle_cordifolia_27                     0.2230364 0.1176949 0.1538732 0.3021204 0.1717845 0.0319962 0.2737191 0.1127738 0.2785021 0.1852753 0.2112125 0.1153364 0.0869821 0.1576196 0.0720143 0.1494879 0.1486616 0.1134023 0.1687316 0.1173532 0.0910986 0.0980626 0.1700166 0.1622000 0.1185277 0.1851229 0.0000000 0.2422318 0.1641525 0.1411150 0.1275907 0.4121483 0.2738546 0.2775413 0.0997009 0.2303563 0.1768646 0.1163231 0.1967750 0.1621208 0.1150968 0.1156230 0.1456867 0.0898428 0.1481015 0.2112881 0.1396390 0.1315131 0.1506180 0.1184564 0.1168249 0.1453466 0.1363823 0.0416889 0.0531967 0.1286294 0.0508253 0.0551818 0.1254754 0.1533101 0.1415167 0.0964436 0.1751988 0.0255535 0.1217841 0.1834703 0.0546333 0.1631851 0.0887172 0.1108042 0.1611466 0.2006444 0.1618561 0.1243751 0.1092632 0.0276608 0.1549912 0.2310836 0.1052709 0.1398295 0.1450009 0.1739421 0.1840723 0.1088604 0.0640650 
Perityle_cordifolia_68_tecolote            0.3342768 0.2221945 0.2610703 0.4198651 0.2863909 0.1112327 0.3734612 0.1975819 0.3805369 0.3998895 0.2873250 0.2480412 0.2411674 0.3146048 0.0880164 0.2520606 0.2908871 0.2620371 0.3022726 0.2658875 0.2509303 0.2417279 0.3516274 0.3060165 0.2615162 0.3173463 0.2422318 0.0000000 0.2730220 0.2530620 0.2617399 0.5180348 0.4561672 0.4687850 0.2105974 0.4178011 0.2805596 0.2672206 0.3098490 0.2971356 0.2858383 0.2784445 0.2582974 0.2628957 0.2875117 0.3153091 0.2875361 0.2741166 0.2889256 0.2571938 0.2649258 0.2884878 0.2622395 0.2396461 0.0738911 0.2459317 0.1796322 0.2295309 0.2775322 0.2889751 0.2991885 0.2421834 0.2535483 0.1395170 0.2404092 0.2889378 0.2468982 0.2832586 0.2626980 0.2720865 0.3019135 0.2938519 0.2941707 0.2598685 0.2629475 0.1889774 0.2747838 0.3317967 0.2608918 0.2725402 0.1402141 0.2940720 0.4549722 0.2551105 0.1908839 
Perityle_coronopifolia_28_patagonia        0.2142732 0.1212123 0.1522557 0.3595991 0.1756921 0.0278407 0.2948343 0.1229351 0.3013434 0.2367603 0.2134669 0.1724805 0.1546859 0.2067843 0.1003697 0.1501761 0.1629563 0.1420467 0.2175687 0.1545080 0.1380222 0.1509582 0.2222432 0.1576219 0.1646797 0.2106064 0.1641525 0.2730220 0.0000000 0.1480661 0.1265270 0.3892986 0.3109545 0.3207844 0.1435946 0.2271735 0.1719156 0.1443431 0.1758320 0.1762839 0.1305116 0.1621152 0.1534932 0.1560161 0.1496115 0.2061016 0.1638180 0.1599380 0.1571150 0.1165662 0.1494676 0.1551908 0.1632880 0.1588525 0.0749930 0.0630512 0.0875152 0.1152581 0.1606420 0.1565271 0.0439763 0.0478456 0.1816616 0.0731805 0.1603316 0.0192775 0.1670535 0.1951836 0.1617554 0.1599371 0.1589073 0.1993593 0.1636016 0.1455815 0.1604862 0.0754212 0.1894412 0.2003786 0.1640814 0.1730227 0.0778533 0.2143215 0.3127683 0.1254434 0.0691683 
Perityle_crassifolia_70_ventanas           0.1346094 0.1202626 0.1204840 0.3337252 0.1153359 0.0259441 0.2764708 0.1355728 0.2662602 0.1686556 0.1446015 0.1533608 0.1433224 0.1395548 0.1130798 0.1470062 0.1533889 0.1187819 0.1637219 0.1426524 0.1265039 0.1385798 0.1923741 0.1395112 0.1388777 0.1820957 0.1411150 0.2530620 0.1480661 0.0000000 0.0089884 0.3230165 0.2895460 0.2012329 0.1366508 0.1618709 0.1498729 0.1409357 0.1400683 0.1398625 0.1402613 0.1387400 0.1348360 0.1373481 0.1361741 0.1542077 0.1433684 0.1370100 0.1368180 0.1295959 0.1386854 0.1337650 0.1509893 0.1374756 0.1020611 0.1207142 0.1047672 0.1344152 0.1377458 0.1368180 0.1550947 0.1290171 0.1737226 0.0691866 0.1499098 0.1509453 0.1403068 0.1489915 0.1312431 0.1392605 0.1385620 0.0632805 0.1321271 0.1353980 0.1405950 0.1068695 0.1430754 0.1498795 0.1498780 0.1464888 0.1540786 0.1400470 0.2797313 0.1131018 0.0755223 
Perityle_crassifolia_74_playa_balandra     0.1018911 0.1019225 0.1000443 0.2617915 0.1019969 0.0318900 0.1860774 0.1350383 0.1995291 0.1346379 0.1268592 0.1336771 0.1339662 0.1404117 0.0770502 0.1411729 0.1407972 0.1074418 0.1629590 0.1408796 0.1233732 0.1311386 0.2041608 0.1389732 0.1352684 0.1298199 0.1275907 0.2617399 0.1265270 0.0089884 0.0000000 0.1905328 0.1770119 0.1612500 0.1336642 0.1389510 0.1311144 0.1378868 0.1341388 0.1345556 0.1446705 0.1402840 0.1328188 0.1299211 0.1322252 0.1327816 0.1283039 0.1324480 0.1297520 0.1336173 0.1361619 0.1258886 0.1404163 0.1258965 0.0772785 0.1081494 0.1145553 0.1378471 0.1296802 0.1297520 0.1382182 0.1218975 0.1459175 0.0682028 0.1337358 0.1280807 0.1272619 0.1017176 0.1189002 0.1350821 0.1404361 0.0699736 0.1270950 0.1312010 0.1310788 0.1170021 0.0947933 0.1270271 0.1431029 0.1338711 0.0968946 0.1326236 0.2126828 0.1059364 0.0680872 
Perityle_cuneata_34_cuneata_San_antonio    0.4106486 0.2829682 0.3667073 0.4598769 0.3579175 0.1093624 0.4363384 0.2034803 0.4598392 0.2080019 0.2959949 0.4121857 0.3229933 0.3860809 0.5592990 0.3685098 0.4405451 0.2692129 0.3861732 0.3804493 0.3518481 0.3439417 0.3564398 0.3771757 0.3532055 0.3804137 0.4121483 0.5180348 0.3892986 0.3230165 0.1905328 0.0000000 0.2824701 0.3467379 0.3476251 0.1848246 0.3992745 0.3561078 0.4225871 0.3877657 0.3581883 0.3547530 0.3468175 0.3278048 0.3458130 0.4700187 0.3874511 0.3753245 0.3758188 0.3478244 0.3656890 0.3707966 0.3655334 0.4039550 0.5193714 0.3337336 0.2264290 0.2487955 0.3478945 0.3863124 0.3620932 0.1915717 0.3802207 0.2317208 0.4298120 0.3926525 0.4108714 0.3759524 0.2372953 0.3908611 0.3778297 0.4329454 0.3814965 0.3461635 0.3747115 0.2192932 0.3784870 0.3851141 0.3680326 0.4038362 0.5515394 0.3987078 0.2923923 0.2268917 0.2574396 
Perityle_cuneata_4                         0.2956874 0.2016494 0.2422553 0.4532598 0.2494639 0.1104780 0.3772591 0.1705036 0.4010824 0.1643166 0.2839857 0.2823218 0.2398878 0.2505942 0.7102044 0.2546113 0.2881495 0.1916786 0.3313371 0.2471269 0.2323923 0.2472050 0.3661091 0.2444552 0.2490960 0.2541558 0.2738546 0.4561672 0.3109545 0.2895460 0.1770119 0.2824701 0.0000000 0.2767701 0.2437678 0.1711361 0.3221092 0.2386992 0.2641743 0.2661280 0.1981280 0.2418899 0.2850698 0.2312175 0.2622486 0.3535955 0.2633850 0.2475630 0.2508758 0.2146910 0.2347371 0.2475230 0.2409406 0.2638836 0.5717070 0.2200458 0.1712953 0.1770771 0.2462385 0.2495854 0.2761248 0.1585402 0.3102017 0.1818701 0.2745579 0.3108564 0.2677944 0.3306049 0.2542731 0.2606897 0.2430242 0.3267317 0.2455744 0.2384423 0.2451783 0.1575202 0.3287649 0.2881688 0.2883660 0.2741349 0.8024005 0.2521315 0.2145686 0.1873041 0.1757405 
Perityle_discoidea_81                      0.2736558 0.2109263 0.2457039 0.4618872 0.2578868 0.1250077 0.3869501 0.1834285 0.4116402 0.1465820 0.2882483 0.3117839 0.2864176 0.2948639 0.6260157 0.2874447 0.3115695 0.2359291 0.3460794 0.2705537 0.2710789 0.2853314 0.3054971 0.2959233 0.2920894 0.2840167 0.2775413 0.4687850 0.3207844 0.2012329 0.1612500 0.3467379 0.2767701 0.0000000 0.2876440 0.2215344 0.2876777 0.2767012 0.2783794 0.2768822 0.2438611 0.2941410 0.3076144 0.2856383 0.2954560 0.3589479 0.3003112 0.2893165 0.2838031 0.2271653 0.2875895 0.2868414 0.3146508 0.2820552 0.5209378 0.1833839 0.2043199 0.2278199 0.2851761 0.2813058 0.3000501 0.1683518 0.3306660 0.1312459 0.3079271 0.3240566 0.2819283 0.3321730 0.2821275 0.2743750 0.2939285 0.2537420 0.2753751 0.2876214 0.2800722 0.2060150 0.3223075 0.3155474 0.3172785 0.3102990 0.5851532 0.2866066 0.2848618 0.2241004 0.1273790 
Perityle_dissecta_201                      0.1562778 0.1173772 0.1108754 0.3166449 0.1285529 0.0299622 0.2498409 0.1113585 0.2600608 0.1441926 0.1779820 0.0958516 0.0659229 0.1051753 0.0404214 0.0883420 0.0914241 0.0893453 0.1580895 0.0923986 0.0538677 0.0655237 0.1711872 0.0953770 0.0812636 0.1371810 0.0997009 0.2105974 0.1435946 0.1366508 0.1336642 0.3476251 0.2437678 0.2876440 0.0000000 0.1363388 0.1197134 0.0841473 0.1712462 0.1045663 0.0589578 0.0847840 0.1317146 0.0756431 0.1135034 0.1874842 0.0778418 0.0886838 0.0933936 0.0927080 0.0745785 0.0912996 0.0844658 0.0912560 0.0251505 0.1175157 0.0647499 0.0452443 0.0917721 0.0926690 0.1338412 0.1019143 0.1594542 0.0332378 0.0997184 0.1560362 0.1046172 0.1358128 0.0891521 0.0871863 0.0947852 0.1851964 0.1020432 0.0777301 0.0676975 0.0234514 0.1346829 0.1491894 0.0808568 0.0992786 0.1287085 0.0677868 0.1793263 0.0945041 0.0688561 
Perityle_emoryi_47_punta_san_jose          0.1332038 0.1046376 0.0401687 0.3478583 0.1836404 0.0286642 0.2908265 0.0981038 0.2416806 0.0932485 0.2264672 0.2184193 0.1077937 0.1276595 0.0000010 0.2059249 0.2309152 0.0767949 0.1908404 0.1413063 0.1213260 0.1543785 0.2369215 0.1785254 0.1097557 0.1753152 0.2303563 0.4178011 0.2271735 0.1618709 0.1389510 0.1848246 0.1711361 0.2215344 0.1363388 0.0000000 0.2490231 0.1460171 0.1358347 0.2042451 0.0506112 0.1062635 0.1996685 0.0793031 0.1415488 0.2245252 0.1705489 0.1766572 0.1841225 0.0792544 0.1660578 0.1789257 0.1728995 0.1881483 0.0000010 0.0964246 0.0779235 0.0569216 0.1711984 0.1776038 0.1761039 0.0803676 0.2515234 0.0713242 0.2342686 0.2631841 0.2188872 0.2640306 0.1347930 0.1400374 0.1771571 0.2910662 0.1844372 0.1775216 0.1300605 0.0471882 0.2536166 0.2503934 0.1533829 0.1926323 0.3755532 0.1630506 0.1101399 0.0986219 0.0594588 
Perityle_feddemae_99                       0.2224226 0.1163417 0.1657080 0.3237676 0.1864855 0.0259885 0.2740277 0.1160934 0.3369426 0.1779631 0.1788811 0.1765395 0.1468556 0.2033125 0.0906145 0.1779911 0.2010686 0.1524219 0.1547797 0.1706827 0.1511287 0.1575582 0.2554385 0.1772556 0.1625686 0.2107283 0.1768646 0.2805596 0.1719156 0.1498729 0.1311144 0.3992745 0.3221092 0.2876777 0.1197134 0.2490231 0.0000000 0.1671575 0.1895864 0.2146174 0.1534582 0.1629272 0.0701649 0.1575911 0.1000058 0.1956477 0.1800365 0.1702533 0.1726286 0.0818378 0.1576020 0.1715390 0.1785593 0.1664423 0.0701621 0.1360216 0.1006617 0.1059184 0.1711791 0.1720643 0.1701886 0.0864291 0.2044417 0.0580830 0.1756511 0.1888651 0.1781560 0.1732472 0.1203383 0.1660454 0.1765871 0.2083898 0.1765671 0.1571504 0.1632119 0.0582385 0.1695414 0.2151689 0.1636867 0.1802059 0.1299790 0.1766330 0.2702396 0.1479279 0.0582546 
Perityle_fosteri_93                        0.2008760 0.1072551 0.1242427 0.3194220 0.1473135 0.0300069 0.2621032 0.1098696 0.2650395 0.1776342 0.1962787 0.1020223 0.0878084 0.1001758 0.0511820 0.1075348 0.1083081 0.0961035 0.1735496 0.0174453 0.0750549 0.0909159 0.1839056 0.0853850 0.0831006 0.1204689 0.1163231 0.2672206 0.1443431 0.1409357 0.1378868 0.3561078 0.2386992 0.2767012 0.0841473 0.1460171 0.1671575 0.0000000 0.1833910 0.1329751 0.0437687 0.0821465 0.1434673 0.0694751 0.1358593 0.2106280 0.0947520 0.0850051 0.0863805 0.0958066 0.0895876 0.0819687 0.1135394 0.1188650 0.0494224 0.1223064 0.0588380 0.0489114 0.0870148 0.0869594 0.1377954 0.1013889 0.1495759 0.0349549 0.1024887 0.1567319 0.1154105 0.1711147 0.0407605 0.0373821 0.0853916 0.1779744 0.0862517 0.0844336 0.0879203 0.0307060 0.1651681 0.1847060 0.0912291 0.0955454 0.1201278 0.1014833 0.1800781 0.0991650 0.0653291 
Perityle_gamon_221                         0.2187392 0.1586080 0.1705089 0.3303650 0.2145608 0.0279148 0.2770130 0.1381308 0.2715186 0.1897271 0.1780563 0.1943721 0.1491219 0.2284078 0.2152335 0.1867158 0.2214010 0.1767693 0.2226107 0.1911573 0.1888328 0.1753207 0.2286616 0.2325397 0.2004374 0.2481425 0.1967750 0.3098490 0.1758320 0.1400683 0.1341388 0.4225871 0.2641743 0.2783794 0.1712462 0.1358347 0.1895864 0.1833910 0.0000000 0.1966046 0.2357016 0.2137689 0.1695131 0.1761529 0.1669748 0.0351385 0.2087653 0.2021209 0.2204779 0.1650660 0.2021386 0.2182890 0.2102582 0.1994852 0.1460494 0.1514908 0.1116515 0.1235533 0.2008520 0.2212550 0.1956410 0.0992694 0.2128933 0.0468394 0.1849812 0.1818357 0.2042045 0.2157851 0.1336876 0.1957013 0.2331161 0.2096979 0.2230851 0.1876249 0.1941024 0.1018441 0.2066198 0.2303832 0.1884930 0.2063053 0.2592252 0.2213610 0.2377471 0.1521806 0.0642983 
Perityle_gentryi_8_san_francisco           0.2609558 0.1037945 0.1777071 0.3410367 0.1807065 0.0401114 0.2941494 0.1152355 0.2877029 0.1666101 0.1983695 0.1505023 0.0803038 0.1279405 0.1306851 0.0912182 0.1609462 0.1373821 0.1876206 0.1490851 0.1213711 0.1169688 0.2424396 0.1316716 0.1139703 0.1539784 0.1621208 0.2971356 0.1762839 0.1398625 0.1345556 0.3877657 0.2661280 0.2768822 0.1045663 0.2042451 0.2146174 0.1329751 0.1966046 0.0000000 0.0959745 0.1158933 0.1597160 0.0738976 0.1513885 0.2440213 0.1431882 0.1289891 0.1277086 0.1307813 0.1333808 0.1265206 0.1315149 0.1483342 0.0575641 0.1122541 0.0615484 0.0533027 0.1169422 0.1300546 0.1398887 0.0996747 0.1843080 0.0443539 0.1561634 0.1873609 0.1483282 0.1974368 0.0998012 0.1398644 0.1316086 0.2124270 0.1311512 0.1126472 0.1240663 0.0329163 0.1970608 0.2103373 0.1364979 0.1477593 0.1582347 0.1333093 0.1996146 0.1126004 0.0709809 
Perityle_gilensis_22_Superstition          0.1649329 0.1155133 0.0915781 0.3181561 0.0939987 0.0279442 0.2588325 0.1111135 0.2679904 0.1340713 0.1277600 0.0746762 0.0249430 0.0584187 0.0463146 0.0764508 0.0636010 0.1032748 0.1616460 0.0730973 0.0231435 0.0178634 0.2018801 0.0056734 0.0248281 0.0689348 0.1150968 0.2858383 0.1305116 0.1402613 0.1446705 0.3581883 0.1981280 0.2438611 0.0589578 0.0506112 0.1534582 0.0437687 0.2357016 0.0959745 0.0000000 0.0093062 0.1218225 0.0231069 0.1075824 0.2224293 0.0486269 0.0199577 0.0204072 0.1191850 0.0160559 0.0194025 0.0405144 0.0831877 0.0324810 0.1242227 0.0575899 0.0490460 0.0182800 0.0259148 0.1209566 0.1010888 0.1009390 0.0291844 0.0846827 0.1252257 0.1028464 0.1339315 0.0638520 0.0616715 0.0053213 0.1573417 0.0398802 0.0160696 0.0309130 0.0138264 0.1294247 0.1442006 0.0754483 0.0508679 0.1337230 0.0941278 0.1185803 0.1084076 0.0687611 
Perityle_gilensis_salensis_225             0.1885197 0.1195933 0.1135790 0.3283216 0.1360660 0.0279214 0.2763575 0.1051196 0.2643698 0.1597576 0.1739540 0.1079653 0.0284910 0.0541453 0.0479252 0.0929045 0.0961392 0.0990368 0.1756537 0.1033478 0.0317091 0.0248115 0.1998296 0.0104472 0.0282861 0.0745176 0.1156230 0.2784445 0.1621152 0.1387400 0.1402840 0.3547530 0.2418899 0.2941410 0.0847840 0.1062635 0.1629272 0.0821465 0.2137689 0.1158933 0.0093062 0.0000000 0.1511752 0.0283631 0.1357558 0.2270335 0.0819391 0.0238736 0.0228941 0.1179112 0.0198123 0.0217380 0.0433514 0.1132325 0.0364603 0.1230976 0.0566316 0.0452121 0.0252682 0.0224265 0.1316955 0.0951448 0.1342414 0.0314690 0.1073242 0.1571641 0.1240866 0.1663960 0.1016000 0.0944485 0.0095302 0.1783025 0.0288085 0.0218878 0.0247779 0.0108393 0.1595095 0.1487170 0.1020510 0.0897048 0.1359195 0.0453844 0.1528643 0.1074457 0.0666048 
Perityle_glaucescens_94                    0.1967270 0.1240919 0.1454613 0.3350516 0.1642131 0.0239714 0.2664856 0.1193233 0.2873101 0.1830487 0.1673815 0.1616704 0.1200160 0.1711276 0.0865712 0.1365857 0.1793233 0.1180103 0.1449522 0.1474831 0.1222832 0.1255075 0.2028619 0.1501718 0.1368148 0.2004449 0.1456867 0.2582974 0.1534932 0.1348360 0.1328188 0.3468175 0.2850698 0.3076144 0.1317146 0.1996685 0.0701649 0.1434673 0.1695131 0.1597160 0.1218225 0.1511752 0.0000000 0.1402298 0.0258727 0.2052016 0.1673867 0.1478987 0.1453645 0.0243963 0.1367114 0.1434659 0.1425525 0.1477813 0.0697789 0.1342699 0.0949430 0.0870988 0.1461420 0.1528226 0.1444989 0.0935862 0.1979238 0.0594318 0.1601852 0.1679400 0.1571377 0.1296887 0.1327078 0.1532608 0.1501464 0.1968041 0.1574820 0.1297932 0.1340920 0.0612664 0.1219087 0.1636381 0.1523894 0.1575754 0.1275963 0.1530878 0.2615715 0.1094311 0.0570248 
Perityle_gracilis_11                       0.1582460 0.1141932 0.0963041 0.3248393 0.1192703 0.0299826 0.2798671 0.1066151 0.2628127 0.1516379 0.1445830 0.0885759 0.0193299 0.0284760 0.0445951 0.0857917 0.0916634 0.0914934 0.1521054 0.0809368 0.0323016 0.0165655 0.1775623 0.0266007 0.0246285 0.0679229 0.0898428 0.2628957 0.1560161 0.1373481 0.1299211 0.3278048 0.2312175 0.2856383 0.0756431 0.0793031 0.1575911 0.0694751 0.1761529 0.0738976 0.0231069 0.0283631 0.1402298 0.0000000 0.1260164 0.2033539 0.0658657 0.0160156 0.0139957 0.1086522 0.0297574 0.0174541 0.0536610 0.0986526 0.0399902 0.1125263 0.0564652 0.0466467 0.0160253 0.0145003 0.1358617 0.0941234 0.1359861 0.0307248 0.0883259 0.1485578 0.0967731 0.1682962 0.0994538 0.0843846 0.0260504 0.1610753 0.0175880 0.0136918 0.0174444 0.0077172 0.1662665 0.1439680 0.0937882 0.0733563 0.1386905 0.0232355 0.1528267 0.0999432 0.0652868 
