83
Amauria_brandeegeana_62                    0.0000000 0.0000010 0.1222821 0.4880561 0.1114864 0.0799182 0.4626006 1.0435416 0.4321826 0.0585591 0.2424242 0.1029662 0.0965434 0.6850283 0.0000010 0.0715159 0.1017315 0.1922148 0.2159826 0.9893201 0.0000010 0.0821653 0.1115394 0.0966422 0.0000010 0.0000010 0.1177718 0.1983381 0.1245469 0.2070337 0.0946967 0.9417982 0.0000010 0.1124352 0.1475993 0.7052281 0.1951144 0.3021155 0.1104797 0.0586879 0.0000010 0.0000010 0.0855398 0.0000010 0.6495273 0.1093713 0.0969278 0.0948983 0.4671981 0.2768721 0.0000010 0.0000010 0.3305817 0.0681502 0.1674586 0.1093701 0.0586668 0.2181988 0.7577845 0.0000010 0.1824200 0.0000010 0.0893058 0.9836649 0.1819457 0.0000010 0.0000010 0.0842251 0.0000010 0.1631341 0.0000010 0.0000010 0.0905469 0.0000010 0.0000010 0.8366823 0.1086197 0.6369930 0.1491820 0.1081622 0.0000010 0.0935863 0.0000010 
Amauria_carterae_99_mesa                   0.0000010 0.0000000 0.0000010 0.9750318 0.1215869 0.0000010 1.1506423 0.2030042 0.7061490 0.0000010 1.0617400 0.0929303 0.0000010 0.1033350 0.1045402 0.7526642 0.1106157 0.5682503 0.1080593 0.1081818 0.1027440 0.1032460 0.1025161 0.1105329 0.1012542 0.0970585 0.5617094 0.4950784 0.0000010 0.0000010 0.0000010 0.0828232 0.1401606 0.1103196 0.0000010 0.1251923 0.0000010 2.1390401 0.3570003 0.1103667 0.1104828 0.0979849 0.1030123 0.0921385 0.0671380 0.1177129 0.1030123 0.1030123 0.1036768 0.1105278 0.1014798 0.1223354 0.1136015 0.0983410 0.1305916 0.0000010 0.1031397 0.1030123 0.1012542 0.2074966 0.0000010 0.1011991 0.0000010 0.0913620 0.0000010 0.0981659 0.1149235 0.0000010 0.1058466 0.0000010 0.1113055 0.1062367 0.1027440 0.1030123 0.1091305 0.1229883 0.7906754 0.1056952 0.0000010 0.1030123 0.0915851 0.0000010 0.0885168 
Amauria_rotundifolia_SRR9119150            0.1222821 0.0000010 0.0000000 0.4202898 0.1062938 0.0651326 0.3849516 1.0851014 0.4738469 0.1058717 0.1468800 0.1151495 0.1146249 0.6554818 0.0000010 0.0574732 0.1080560 0.2298070 0.1874714 0.9119501 0.0000010 0.0939003 0.1052559 0.0994250 0.0000010 0.0000010 0.1404007 0.1182076 0.0374402 0.1686608 0.1056868 0.9504044 0.0000010 0.1148258 0.2495633 0.6891206 0.2695020 0.3311000 0.1025521 0.0505214 0.0000010 0.0000010 0.1043625 0.0000010 0.5318695 0.1141734 0.1084361 0.1051770 0.0000010 0.3575426 0.0000010 0.0000010 0.4277975 0.0719047 0.1136537 0.1013621 0.0456837 0.2832291 0.5225539 0.0000010 0.0817101 0.0000010 0.0554194 0.9169171 0.1136856 0.0000010 0.0000010 0.1071655 0.0000010 0.1062402 0.0000010 0.0000010 0.1051841 0.0000010 0.0000010 0.7537315 0.1485872 1.2544550 0.1227891 0.1139174 0.0000010 0.1060832 0.0000010 
Conoclinium_coelestinum_SRR9119114         0.4880561 0.9750318 0.4202898 0.0000000 0.5577208 0.3849783 0.3590553 1.2801025 0.5722363 0.5355312 0.4178390 0.5097466 0.4955147 0.5984687 0.5615193 0.4255267 0.5034051 0.6004884 0.5424392 0.6949212 0.5728826 0.5081483 0.5012997 0.4985644 0.5717794 0.5615802 0.5400268 0.5610913 0.3054708 0.3462007 0.4948205 0.6172648 1.0695638 0.5090664 0.5480477 0.7020348 0.5597880 0.5641850 0.3936877 0.4529563 0.5591746 0.6009833 0.5128144 0.6009833 0.6998773 0.5063248 0.5053279 0.5146811 0.6542353 0.5756276 0.5812771 0.5859971 0.5706172 0.4570205 0.5581275 0.5163080 0.3820297 0.5026803 0.5963380 0.5672988 0.3801791 0.5907895 0.3154215 0.6618959 0.5430587 0.5495328 0.5817442 0.4611407 0.5688146 0.4483496 0.5841571 0.5841571 0.5129127 0.4808638 0.6228132 0.8683068 0.6243810 0.6455824 0.3503455 0.5134834 0.5998651 0.4727165 0.5545582 
Eutetras_palmeri_63                        0.1114864 0.1215869 0.1062938 0.5577208 0.0000000 0.0025175 0.5028984 0.2910555 0.5608236 0.1275436 0.3233604 0.1328495 0.1743283 0.2260985 0.1099876 0.2312657 0.1599271 0.3626087 0.2087678 0.2749851 0.1161599 0.1409694 0.1614105 0.0961422 0.1437872 0.1447536 0.2213765 0.3391587 0.0810178 0.1997690 0.1570238 0.1291946 0.2534487 0.1540314 0.2238787 0.2200861 0.2943379 0.3288530 0.1954887 0.1552753 0.1386301 0.1373953 0.1562139 0.1313165 0.2346611 0.1646905 0.1514466 0.1481668 0.1470659 0.2638224 0.1249861 0.1255874 0.1593804 0.1029089 0.2118969 0.1060024 0.0828459 0.1863950 0.1520668 0.1467893 0.1599567 0.1387208 0.0639479 0.2132810 0.2412762 0.1427866 0.1296648 0.1820140 0.1361304 0.1600973 0.1459651 0.1177081 0.1527007 0.1149491 0.1409158 0.4867244 0.4782161 0.1583228 0.1463472 0.1468521 0.1359123 0.1017742 0.0992410 
Eutetras_pringlei_149_quer                 0.0799182 0.0000010 0.0651326 0.3849783 0.0025175 0.0000000 0.2924232 1.0246137 0.1647303 0.0768263 0.1953875 0.0640830 0.0583398 0.6768116 0.0000010 0.0716380 0.0543161 0.2162139 0.1103694 1.0601473 0.0000010 0.0516571 0.0658285 0.0739978 0.0000010 0.0000010 0.0886934 0.1440944 0.0812988 0.1280625 0.0758233 0.7604133 0.0000010 0.0569867 0.0777350 0.7603470 0.0802487 0.1249127 0.0626943 0.0544760 0.0000010 0.0000010 0.0489685 0.0000010 0.7134082 0.0629455 0.0460116 0.0572695 0.5750216 0.0895494 0.0000010 0.0000010 0.3419987 0.0571305 0.1309884 0.0821709 0.0533547 0.0584358 0.5401752 0.0000010 0.1210768 0.0000010 0.0681663 0.8581407 0.1371863 0.0000010 0.0000010 0.0689625 0.0000010 0.1036407 0.0000010 0.0000010 0.0569921 0.0000010 0.0000010 0.6019577 0.0790608 0.4766677 0.1509176 0.0527420 0.0000010 0.0907845 0.0000010 
Eutrochium_fistulosum_SRR9119106           0.4626006 1.1506423 0.3849516 0.3590553 0.5028984 0.2924232 0.0000000 1.2583073 0.5370309 0.4299949 0.4019068 0.4963001 0.4498408 0.7406189 0.6593682 0.4102567 0.4783386 0.6195118 0.5126812 0.8289991 0.7888306 0.4767976 0.4912756 0.4721712 0.7364094 0.6399325 0.4826737 0.5157543 0.2244787 0.2825717 0.4340349 0.8177813 1.3034668 0.4826530 0.5234570 0.7474246 0.5245673 0.5659799 0.3348124 0.4377169 0.7622604 0.7890009 0.4850232 0.7890009 0.8451273 0.4762867 0.4836397 0.4813960 0.8337418 0.5294612 0.6799104 0.6598084 0.6127549 0.4508355 0.5272602 0.4049484 0.3090042 0.4889539 0.6545524 0.8474470 0.3786504 0.6888048 0.2095470 0.8029257 0.4989346 0.6399325 0.7091911 0.4822327 0.7622604 0.4493979 0.7364094 0.7364094 0.4812088 0.7578644 0.7903497 0.9465511 0.5143340 0.7147385 0.2674351 0.4893847 0.7279814 0.4217746 0.7719342 
Galeana_pratensis_104_mex                  1.0435416 0.2030042 1.0851014 1.2801025 0.2910555 1.0246137 1.2583073 0.0000000 1.0531261 1.0185304 1.3581837 0.2870708 1.1220993 0.2401649 0.1785290 1.0134176 0.2898338 0.9891360 0.3057059 0.1919253 0.1927589 0.2884535 0.2929627 0.2887581 0.1936644 0.1926472 2.2522705 0.9554654 0.0000010 0.9294207 1.0759016 0.1860181 0.1928818 0.3069190 1.0214755 0.2129245 1.0494779 1.5142349 0.8192613 0.3077747 0.1989058 0.1976792 0.2625423 0.1907553 0.2190645 0.3240834 0.2877604 0.2884535 0.1907553 0.2970233 0.2005400 0.1986830 0.2047018 0.3002347 0.3446706 0.7099619 0.2889530 0.2904632 0.2256734 0.3759334 1.0214755 0.2001884 1.0788756 0.1943263 1.0320776 0.1917213 0.2531165 1.0822814 0.1932073 0.9294207 0.2062868 0.1939124 0.2981408 0.1936644 0.2141876 0.3274307 0.7955639 0.2171781 1.0887307 0.2844616 0.2000474 1.0759016 0.1840287 
Helianthus_annuus_SRR9119062               0.4321826 0.7061490 0.4738469 0.5722363 0.5608236 0.1647303 0.5370309 1.0531261 0.0000000 0.4695711 0.6573002 0.4654998 0.4226159 0.6816014 0.7391727 0.4038214 0.4525694 0.4979465 0.4630080 0.8849031 0.6693347 0.4337575 0.4551130 0.4998493 0.6443523 0.6693322 0.4925809 0.4791066 0.1078761 0.2978253 0.4070369 0.6645347 0.6625603 0.4409445 0.5054734 0.6633194 0.4263481 0.5435111 0.3194659 0.3400414 0.6947162 0.7250892 0.4510599 0.7367038 0.8907527 0.4684509 0.4325680 0.4380322 0.7768000 0.4664744 0.6693322 0.7391727 0.6558826 0.4190550 0.5381061 0.5665173 0.2553922 0.4732727 0.6871991 0.7269412 0.2081364 0.6627511 0.1229448 0.8783720 0.4608956 0.6693322 0.7045310 0.4552165 0.6693322 0.3502717 0.6784323 0.6443523 0.4478546 0.6790195 0.6338958 0.8370363 0.4153077 0.6934244 0.1927021 0.4446527 0.7204996 0.4690259 0.7278677 
Lycapsus_tenuifolius_17                    0.0585591 0.0000010 0.1058717 0.5355312 0.1275436 0.0768263 0.4299949 1.0185304 0.4695711 0.0000000 0.2288315 0.1331362 0.1161142 0.5922995 0.0000010 0.1103833 0.1108775 0.2557230 0.2514702 0.9382754 0.0000010 0.1116407 0.1139446 0.0939688 0.0000010 0.0000010 0.1554578 0.1920405 0.1029464 0.1937867 0.1352159 0.7604133 0.0000010 0.1177503 0.1544696 0.7396021 0.2149003 0.3370005 0.1265061 0.0927434 0.0000010 0.0000010 0.1042245 0.0000010 0.7911839 0.1125475 0.1085367 0.1161191 0.5750216 0.2806881 0.0000010 0.0000010 0.3341070 0.0901454 0.1902724 0.1069383 0.0558740 0.2268098 0.5597269 0.0000010 0.1760788 0.0000010 0.0887952 1.0032168 0.1830981 0.0000010 0.0000010 0.1120554 0.0000010 0.1631041 0.0000010 0.0000010 0.1139052 0.0000010 0.0000010 0.8378734 0.1422172 0.4766677 0.1415567 0.1133616 0.0000010 0.0961648 0.0000010 
Pericome_caudata_50_silver                 0.2424242 1.0617400 0.1468800 0.4178390 0.3233604 0.1953875 0.4019068 1.3581837 0.6573002 0.2288315 0.0000000 0.3384580 0.1996995 0.7239799 0.6867345 0.2343676 0.3005192 0.4028546 0.4439677 0.8502749 0.8206721 0.3010064 0.3345924 0.2759262 0.7813493 0.8021566 0.2365878 0.2508424 0.1930396 0.2317149 0.1804629 0.7970601 1.1521225 0.3207943 0.3836187 0.7847232 0.4664015 0.4758267 0.2303441 0.3342032 0.8552264 0.7238638 0.2974954 0.7100053 0.7832609 0.2925695 0.2793952 0.3175165 0.6770842 0.5637058 0.7983384 0.7042951 0.8083941 0.3042870 0.4007755 0.1411045 0.2043838 0.3932141 0.7572687 0.6801918 0.1745984 0.8133488 0.1012507 0.8141403 0.2194395 0.8157717 0.8092093 0.1736068 0.8515040 0.2059213 0.8017245 0.8017245 0.3149779 0.5836639 0.8486009 0.8044764 0.4771246 0.8267880 0.1659820 0.2715491 0.8146363 0.1865758 0.6439273 
Perityle_aglossa_84_dead_horse             0.1029662 0.0929303 0.1151495 0.5097466 0.1328495 0.0640830 0.4963001 0.2870708 0.4654998 0.1331362 0.3384580 0.0000000 0.0591597 0.1113314 0.0311898 0.1510274 0.0659903 0.2809989 0.1351296 0.1437562 0.0263359 0.0427731 0.0456263 0.0500653 0.0388238 0.0408717 0.0914857 0.2734549 0.1237657 0.2154750 0.1006868 0.1252046 0.2791255 0.0371200 0.1817424 0.1813983 0.2014333 0.2714252 0.0542254 0.0375137 0.0334815 0.1079667 0.0536475 0.1035465 0.1640099 0.0550684 0.0448853 0.0452508 0.1290251 0.1474430 0.0287790 0.0405946 0.0579291 0.0374030 0.1279596 0.0740892 0.0350412 0.1007379 0.0480870 0.0958824 0.1913610 0.0793257 0.0593157 0.1139248 0.1735284 0.0376127 0.1554089 0.0540573 0.0327125 0.1356536 0.0373076 0.0281668 0.0450986 0.0217878 0.0602595 0.4257626 0.3669069 0.0309066 0.1552276 0.0449022 0.0371656 0.0966994 0.0634386 
Perityle_ajoensis_204                      0.0965434 0.0000010 0.1146249 0.4955147 0.1743283 0.0583398 0.4498408 1.1220993 0.4226159 0.1161142 0.1996995 0.0591597 0.0000000 0.7044033 0.6147326 0.0768781 0.0507980 0.1621826 0.1804382 0.9253520 0.5123899 0.0133079 0.0490472 0.0571289 0.3966531 0.5222711 0.0747869 0.1575419 0.1070986 0.2106053 0.0912749 0.5791302 1.0033709 0.0532102 0.1809420 0.7127147 0.1793705 0.2594976 0.0514769 0.0429509 0.5107423 0.6467169 0.0081572 0.6467169 0.7063763 0.0481538 0.0211486 0.0103708 0.6422073 0.2114888 0.5380612 0.5107423 0.4799807 0.0425096 0.2164429 0.0572423 0.0238786 0.0934747 0.4460746 0.5123899 0.1761333 0.6530059 0.0486061 0.8593262 0.1543012 0.6708092 0.4139999 0.0397441 0.5107423 0.1304719 0.3966531 0.3966531 0.0425628 0.0000010 0.5123899 0.7649070 0.1088247 0.5973352 0.1421990 0.0068716 0.5107423 0.0836139 0.0000010 
Perityle_ambrosiifolia_67_green            0.6850283 0.1033350 0.6554818 0.5984687 0.2260985 0.6768116 0.7406189 0.2401649 0.6816014 0.5922995 0.7239799 0.1113314 0.7044033 0.0000000 0.0711267 0.6516974 0.1479319 0.7773537 0.1148634 0.1343736 0.1104331 0.0692777 0.1377178 0.0829159 0.1063094 0.1124766 0.7314297 1.1071104 0.7232768 0.6414846 0.5400985 0.1904147 0.3189674 0.1298658 0.6915581 0.1907136 0.5922794 0.5958559 0.5243126 0.1285595 0.0828390 0.1897142 0.0999166 0.1499797 0.1684832 0.1540664 0.1364163 0.1329068 0.2082147 0.0825496 0.0673777 0.0825461 0.1161747 0.0743370 0.1480617 0.8458142 0.0798045 0.1477187 0.1107544 0.0921603 0.6154415 0.1120591 0.6202717 0.1245625 0.8435846 0.1043807 0.2206574 0.6768056 0.1131974 0.6676130 0.1104830 0.0304667 0.0992802 0.0312566 0.0718657 0.1466875 0.9220638 0.1084910 0.7693236 0.1373258 0.1177253 0.6345279 0.0785543 
Perityle_angustifolia_13_Eagle_creek       0.0000010 0.1045402 0.0000010 0.5615193 0.1099876 0.0000010 0.6593682 0.1785290 0.7391727 0.0000010 0.6867345 0.0311898 0.6147326 0.0711267 0.0000000 0.6712167 0.0270403 0.8033688 0.0718469 0.0422311 0.0293331 0.0391207 0.0269160 0.0142975 0.0441281 0.0355131 0.1790063 1.2294503 0.0000010 0.0000010 0.0000010 0.1179924 0.3016501 0.0375177 0.0000010 0.1198660 0.0000010 0.6157046 0.1928120 0.0356017 0.0311263 0.1185807 0.0701391 0.1101387 0.0779807 0.0507225 0.0441948 0.0419498 0.1154487 0.0386975 0.0323321 0.0248449 0.0418286 0.0287159 0.0759774 0.0000010 0.0416799 0.0423715 0.0440758 0.0911143 0.0000010 0.0768697 0.0000010 0.0505002 1.9754849 0.0354509 0.1787522 0.0000010 0.0269160 0.0000010 0.0463053 0.0403407 0.0290842 0.0348182 0.0579882 0.0685478 0.9506614 0.0419662 0.0000010 0.0419498 0.0418075 0.0000010 0.0626248 
Perityle_batopilensis_97                   0.0715159 0.7526642 0.0574732 0.4255267 0.2312657 0.0716380 0.4102567 1.0134176 0.4038214 0.1103833 0.2343676 0.1510274 0.0768781 0.6516974 0.6712167 0.0000000 0.1351631 0.2264333 0.2365092 0.8094817 0.7283461 0.1406129 0.1446662 0.1443483 0.6871800 0.6899107 0.1153056 0.1991883 0.1244613 0.1724180 0.0995449 0.7547927 0.8967695 0.1379298 0.0837720 0.7556582 0.1108024 0.1832550 0.0941742 0.1324314 0.7029430 0.8656243 0.1417882 0.8338171 0.6704428 0.1267421 0.1353621 0.1436137 0.8132822 0.2177211 0.6676303 0.6909080 0.6165782 0.1161544 0.2538939 0.0824826 0.1378970 0.1448065 0.6481673 0.9020443 0.1678359 0.7277194 0.0472562 0.8177531 0.1829694 0.6825352 0.7392493 0.0831696 0.7176132 0.1676209 0.7094611 0.7081964 0.1397436 0.6871800 0.7984277 0.7437006 0.1807008 0.7344999 0.1414798 0.1405427 0.6951090 0.0940630 0.7629308 
Perityle_bisetosa_9                        0.1017315 0.1106157 0.1080560 0.5034051 0.1599271 0.0543161 0.4783386 0.2898338 0.4525694 0.1108775 0.3005192 0.0659903 0.0507980 0.1479319 0.0270403 0.1351631 0.0000000 0.2620928 0.1564884 0.2039625 0.0819303 0.0388724 0.0719553 0.0337962 0.0801705 0.0756437 0.0791238 0.2429337 0.1152398 0.1961583 0.0837014 0.1890122 0.3023951 0.0752995 0.1782199 0.2492207 0.1843368 0.2689495 0.0456958 0.0501889 0.0897327 0.1675055 0.0481704 0.1450046 0.2012686 0.0710266 0.0674731 0.0578956 0.1646183 0.1590737 0.0685277 0.0462081 0.1481255 0.0288278 0.1680936 0.0626842 0.0335747 0.0995240 0.0935507 0.1026169 0.1759817 0.1203121 0.0430906 0.1551611 0.1564952 0.0799774 0.2053729 0.0412533 0.0841077 0.1376096 0.0819001 0.0785938 0.0573223 0.0384168 0.1236797 0.5166638 0.3474071 0.0991206 0.1330596 0.0405300 0.0804151 0.0840723 0.0652235 
Perityle_californica_76_positas            0.1922148 0.5682503 0.2298070 0.6004884 0.3626087 0.2162139 0.6195118 0.9891360 0.4979465 0.2557230 0.4028546 0.2809989 0.1621826 0.7773537 0.8033688 0.2264333 0.2620928 0.0000000 0.3185992 0.8658212 0.8071829 0.2643735 0.2656907 0.2926437 0.8205332 0.7540901 0.1740980 0.2297503 0.0499413 0.3195883 0.0896332 0.8795602 0.9449689 0.2614714 0.3195004 0.7821711 0.2983887 0.2800052 0.1230849 0.2385358 0.8161470 0.7754959 0.2600111 0.7754959 0.8110608 0.2636479 0.2617208 0.2697130 0.7881192 0.3741746 0.8386794 0.8266543 0.7519059 0.2457954 0.3650074 0.2199818 0.3063494 0.2486999 0.8346899 0.8543150 0.2916620 0.7723048 0.1731109 0.8648779 0.2237305 0.7732215 0.7362813 0.1580642 0.8161290 0.2078338 0.8374513 0.8205332 0.2672877 0.7321338 0.8093445 0.7075024 0.3513999 0.8153473 0.3079260 0.2657710 0.7844185 0.0884902 0.7953386 
Perityle_canescens_77                      0.2159826 0.1080593 0.1874714 0.5424392 0.2087678 0.1103694 0.5126812 0.3057059 0.4630080 0.2514702 0.4439677 0.1351296 0.1804382 0.1148634 0.0718469 0.2365092 0.1564884 0.3185992 0.0000000 0.1679484 0.0584541 0.1346235 0.1249973 0.1349511 0.0749269 0.0907619 0.1900956 0.2899720 0.1120527 0.1927478 0.1910504 0.1619134 0.3123186 0.1227002 0.2924202 0.1746396 0.2498118 0.1692631 0.1780665 0.1068526 0.0801870 0.0675468 0.1435968 0.0662854 0.1786676 0.1427160 0.1249023 0.1240007 0.0922649 0.1879576 0.0764710 0.0801395 0.1068087 0.1007942 0.1754820 0.2248039 0.0937947 0.1325864 0.0863422 0.0951696 0.2562140 0.0859847 0.1333243 0.1662863 0.1987721 0.0791969 0.1600709 0.1601078 0.0767045 0.1571495 0.0692453 0.0667988 0.1207676 0.0639860 0.0824547 0.4217197 0.4223678 0.0878203 0.1682186 0.1302801 0.0780849 0.1749714 0.0800288 
Perityle_castillonii_96                    0.9893201 0.1081818 0.9119501 0.6949212 0.2749851 1.0601473 0.8289991 0.1919253 0.8849031 0.9382754 0.8502749 0.1437562 0.9253520 0.1343736 0.0422311 0.8094817 0.2039625 0.8658212 0.1679484 0.0000000 0.0984230 0.1330880 0.1710124 0.1422527 0.0827544 0.0875057 0.9271933 1.0963008 1.0508730 1.0424036 0.9316605 0.2053094 0.3158892 0.1591009 0.9316605 0.2048026 1.0424707 0.8241758 0.8404486 0.1861498 0.0679313 0.1592726 0.1637825 0.1242916 0.1681140 0.1886571 0.1755710 0.1564162 0.2060486 0.1325074 0.0538795 0.0491086 0.1043532 0.1369676 0.1724924 1.0467457 0.1685002 0.1956990 0.0854651 0.1082406 0.9509305 0.0932850 1.0335366 0.1200014 1.0191511 0.0900818 0.2248714 0.9909050 0.0921450 1.0402650 0.0849615 0.0337526 0.1404654 0.0385104 0.0717350 0.1990355 0.9564831 0.0960039 0.9590805 0.1798057 0.0963236 1.0098013 0.0786222 
Perityle_cernua_84                         0.0000010 0.1027440 0.0000010 0.5728826 0.1161599 0.0000010 0.7888306 0.1927589 0.6693347 0.0000010 0.8206721 0.0263359 0.5123899 0.1104331 0.0293331 0.7283461 0.0819303 0.8071829 0.0584541 0.0984230 0.0000000 0.0348696 0.0175646 0.0318472 0.0387523 0.0430227 0.2783334 1.1254625 0.0000010 0.0000010 0.0000010 0.1143139 0.2839821 0.0344735 0.0000010 0.1060316 0.0000010 0.6283464 0.3150452 0.0389518 0.0220239 0.1027411 0.0594502 0.0912528 0.0670277 0.0582931 0.0404662 0.0406072 0.1208532 0.0589403 0.0268204 0.0391776 0.0422982 0.0310533 0.0735099 0.0000010 0.0379825 0.0418924 0.0373703 0.0957677 0.0000010 0.0671124 0.0000010 0.0477730 1.1054779 0.0358997 0.1455600 0.0000010 0.0175646 0.0000010 0.0388050 0.0260615 0.0389614 0.0248918 0.0490423 0.1050434 0.9455823 0.0312655 0.0000010 0.0406944 0.0355615 0.0000010 0.0632102 
Perityle_cfvillosa_25_tin                  0.0821653 0.1032460 0.0939003 0.5081483 0.1409694 0.0516571 0.4767976 0.2884535 0.4337575 0.1116407 0.3010064 0.0427731 0.0133079 0.0692777 0.0391207 0.1406129 0.0388724 0.2643735 0.1346235 0.1330880 0.0348696 0.0000000 0.0419307 0.0436926 0.0057389 0.0356112 0.0675506 0.2452952 0.1039042 0.1779162 0.0980418 0.1266322 0.2883897 0.0341605 0.1626358 0.2058310 0.1596596 0.2070073 0.0598109 0.0344942 0.0372806 0.0996971 0.0184688 0.0996453 0.1859768 0.0390457 0.0082417 0.0067398 0.1150537 0.1195922 0.0293113 0.0269592 0.0583870 0.0264026 0.1390157 0.0575730 0.0309752 0.0116945 0.0184945 0.0804399 0.1684174 0.0906222 0.0471655 0.1300359 0.1488211 0.0355809 0.1637705 0.0477785 0.0332856 0.1304770 0.0076632 0.0058952 0.0349075 0.0123363 0.0667155 0.4112938 0.3320306 0.0466565 0.1375767 0.0044823 0.0452092 0.0829162 0.0643688 
Perityle_coahuilensis_24                   0.1115394 0.1025161 0.1052559 0.5012997 0.1614105 0.0658285 0.4912756 0.2929627 0.4551130 0.1139446 0.3345924 0.0456263 0.0490472 0.1377178 0.0269160 0.1446662 0.0719553 0.2656907 0.1249973 0.1710124 0.0175646 0.0419307 0.0000000 0.0401503 0.0467970 0.0503114 0.0792110 0.2394245 0.0962381 0.1955028 0.0870616 0.1550455 0.2955044 0.0529212 0.1769555 0.2066781 0.1880446 0.2593721 0.0444881 0.0625279 0.0029404 0.1288707 0.0479534 0.1079931 0.1623157 0.0698375 0.0521294 0.0430409 0.1718903 0.1630758 0.0315915 0.0407496 0.0961807 0.0298769 0.1469247 0.0606673 0.0348106 0.0970853 0.0596976 0.0996623 0.1753172 0.0804824 0.0718867 0.1199537 0.1567071 0.0537121 0.1545099 0.0261315 0.0000010 0.1337344 0.0477198 0.0330073 0.0360906 0.0185754 0.0675538 0.4920468 0.3576156 0.0449985 0.1464479 0.0451543 0.0438591 0.0826114 0.0683141 
Perityle_cochisensis_44_cave_creek         0.0966422 0.1105329 0.0994250 0.4985644 0.0961422 0.0739978 0.4721712 0.2887581 0.4998493 0.0939688 0.2759262 0.0500653 0.0571289 0.0829159 0.0142975 0.1443483 0.0337962 0.2926437 0.1349511 0.1422527 0.0318472 0.0436926 0.0401503 0.0000000 0.0318047 0.0289506 0.0686415 0.2130485 0.1118207 0.1852316 0.1095046 0.1253763 0.2791216 0.0358047 0.1796976 0.2034562 0.1971548 0.2046472 0.0589148 0.0388130 0.0408234 0.0705363 0.0425116 0.0668201 0.1647918 0.0466604 0.0406150 0.0447737 0.0794390 0.1308351 0.0230761 0.0085495 0.0546595 0.0342160 0.1290156 0.0629360 0.0356364 0.0457605 0.0438463 0.0871325 0.1901273 0.0621897 0.0677809 0.0974420 0.1607208 0.0259345 0.1420415 0.0445750 0.0377956 0.1364290 0.0347736 0.0317961 0.0336792 0.0384077 0.0656121 0.4149713 0.2692799 0.0456069 0.1501911 0.0429190 0.0318305 0.1011901 0.0574991 
Perityle_congesta_202                      0.0000010 0.1012542 0.0000010 0.5717794 0.1437872 0.0000010 0.7364094 0.1936644 0.6443523 0.0000010 0.7813493 0.0388238 0.3966531 0.1063094 0.0441281 0.6871800 0.0801705 0.8205332 0.0749269 0.0827544 0.0387523 0.0057389 0.0467970 0.0318047 0.0000000 0.0443105 0.2783334 1.1567555 0.0000010 0.0000010 0.0000010 0.1302085 0.2922613 0.0315708 0.0000010 0.1210324 0.0000010 0.6496113 0.2982528 0.0549761 0.0426147 0.1203279 0.0355926 0.0978483 0.0839333 0.0740294 0.0057087 0.0098141 0.1481175 0.0488495 0.0274975 0.0334547 0.0586196 0.0221085 0.0784794 0.0000010 0.0380896 0.0048130 0.0106840 0.0915219 0.0000010 0.0788244 0.0000010 0.0488942 1.1359930 0.0462577 0.1614884 0.0000010 0.0417568 0.0000010 0.0088690 0.0046707 0.0419019 0.0061393 0.0621512 0.1712045 0.9184484 0.0469972 0.0000010 0.0032582 0.0432614 0.0000010 0.0708362 
Perityle_cordifolia_27                     0.0000010 0.0970585 0.0000010 0.5615802 0.1447536 0.0000010 0.6399325 0.1926472 0.6693322 0.0000010 0.8021566 0.0408717 0.5222711 0.1124766 0.0355131 0.6899107 0.0756437 0.7540901 0.0907619 0.0875057 0.0430227 0.0356112 0.0503114 0.0289506 0.0443105 0.0000000 0.2783334 1.0956047 0.0000010 0.0000010 0.0000010 0.1310797 0.3086013 0.0364858 0.0000010 0.1195623 0.0000010 0.6292514 0.1928120 0.0326485 0.0509900 0.1205461 0.0715078 0.1128797 0.0856958 0.0563037 0.0502552 0.0429010 0.1398064 0.0617041 0.0289097 0.0334728 0.0127548 0.0288633 0.0790907 0.0000010 0.0360292 0.0394179 0.0414638 0.1068080 0.0000010 0.0796723 0.0000010 0.0522784 0.8510622 0.0102209 0.1609130 0.0000010 0.0509635 0.0000010 0.0411068 0.0354218 0.0476206 0.0313892 0.0714764 0.1005665 0.9288904 0.0509610 0.0000010 0.0410494 0.0403181 0.0000010 0.0653496 
Perityle_cordifolia_68_tecolote            0.1177718 0.5617094 0.1404007 0.5400268 0.2213765 0.0886934 0.4826737 2.2522705 0.4925809 0.1554578 0.2365878 0.0914857 0.0747869 0.7314297 0.1790063 0.1153056 0.0791238 0.1740980 0.1900956 0.9271933 0.2783334 0.0675506 0.0792110 0.0686415 0.2783334 0.2783334 0.0000000 0.1670959 0.1254268 0.2374234 0.1077278 0.5638719 0.7314793 0.0726842 0.2068205 0.7392906 0.2002609 0.2315271 0.0826029 0.0693509 0.2783334 0.2923921 0.0671372 0.2923921 0.7172579 0.0749432 0.0878969 0.0752374 0.5269263 0.2208718 0.2783334 0.1790063 0.3154398 0.0609313 0.2257515 0.0188897 0.0669675 0.0856813 0.3681896 0.2923921 0.2060058 0.2923921 0.0944693 0.8740075 0.1639217 0.2783334 0.6014730 0.0552980 0.2783334 0.1696139 0.2783334 0.4043728 0.0742630 0.2783334 0.4276264 0.7539397 0.1265520 0.5231481 0.1219870 0.0746047 0.2783334 0.1082776 0.2923921 
Perityle_coronopifolia_28_patagonia        0.1983381 0.4950784 0.1182076 0.5610913 0.3391587 0.1440944 0.5157543 0.9554654 0.4791066 0.1920405 0.2508424 0.2734549 0.1575419 1.1071104 1.2294503 0.1991883 0.2429337 0.2297503 0.2899720 1.0963008 1.1254625 0.2452952 0.2394245 0.2130485 1.1567555 1.0956047 0.1670959 0.0000000 0.1525538 0.2621507 0.1635655 1.1379927 1.1864786 0.2410608 0.2772123 0.9440684 0.2731051 0.3101271 0.1695340 0.2580902 1.1114431 1.4319754 0.2340545 1.4189102 0.8988905 0.2426888 0.2432344 0.2508458 1.3814921 0.3707240 1.0938083 1.2318893 0.9936958 0.2572171 0.2346787 0.1373368 0.2836906 0.3399499 1.0723560 0.2138254 0.2331905 1.0970012 0.1526527 1.0769391 0.0150376 1.0550654 1.1747335 0.1563525 1.1114431 0.1806860 1.1567555 1.0202596 0.2505851 0.8402935 1.0937880 0.9247929 0.3284626 1.0968204 0.0493735 0.2488017 1.1412528 0.1532080 1.3149043 
Perityle_crassifolia_70_ventanas           0.1245469 0.0000010 0.0374402 0.3054708 0.0810178 0.0812988 0.2244787 0.0000010 0.1078761 0.1029464 0.1930396 0.1237657 0.1070986 0.7232768 0.0000010 0.1244613 0.1152398 0.0499413 0.1120527 1.0508730 0.0000010 0.1039042 0.0962381 0.1118207 0.0000010 0.0000010 0.1254268 0.1525538 0.0000000 0.0206345 0.1274843 1.8440626 0.0000010 0.1077942 0.1379324 0.8763623 0.1211144 0.1400000 0.1118802 0.1115014 0.0000010 0.0000010 0.0994758 0.0000010 1.0264676 0.1154543 0.0994758 0.1117972 1.8267174 0.0994758 0.0000010 0.0000010 0.3419987 0.1111839 0.1487358 0.1318009 0.1251458 0.1072968 0.0000010 0.0000010 0.1763539 0.0000010 0.1052556 0.9928098 0.1398285 0.0000010 0.0000010 0.0968492 0.0000010 0.0571136 0.0000010 0.0000010 0.1077977 0.0000010 0.0000010 0.5438230 0.1159153 0.0000010 0.1082183 0.1039042 0.0000010 0.1283217 0.0000010 
Perityle_crassifolia_74_playa_balandra     0.2070337 0.0000010 0.1686608 0.3462007 0.1997690 0.1280625 0.2825717 0.9294207 0.2978253 0.1937867 0.2317149 0.2154750 0.2106053 0.6414846 0.0000010 0.1724180 0.1961583 0.3195883 0.1927478 1.0424036 0.0000010 0.1779162 0.1955028 0.1852316 0.0000010 0.0000010 0.2374234 0.2621507 0.0206345 0.0000000 0.1802334 0.7604257 0.0000010 0.1903528 0.1997143 0.7602251 0.1946570 0.1932660 0.1085236 0.1652138 0.0000010 0.0000010 0.2146762 0.0000010 0.9312977 0.2006417 0.1919578 0.2001729 8.9999985 0.2401868 0.0000010 0.0000010 0.4277975 0.1733252 0.2714043 0.2311056 0.1474236 0.2163225 0.3536780 0.0000010 0.1707197 0.0000010 0.0861562 0.9321831 0.2517050 0.0000010 0.0000010 0.2015866 0.0000010 0.0937219 0.0000010 0.0000010 0.1986661 0.0000010 0.0000010 0.6247455 0.2041407 0.4766677 0.1912418 0.2060633 0.0000010 0.1762265 0.0000010 
Perityle_cuneata_34_cuneata_San_antonio    0.0946967 0.0000010 0.1056868 0.4948205 0.1570238 0.0758233 0.4340349 1.0759016 0.4070369 0.1352159 0.1804629 0.1006868 0.0912749 0.5400985 0.0000010 0.0995449 0.0837014 0.0896332 0.1910504 0.9316605 0.0000010 0.0980418 0.0870616 0.1095046 0.0000010 0.0000010 0.1077278 0.1635655 0.1274843 0.1802334 0.0000000 0.7604133 0.0000010 0.0807707 0.1996122 0.7048338 0.1864818 0.2022453 0.0862148 0.0718231 0.0000010 0.0000010 0.0887110 0.0000010 0.7453467 0.0914007 0.0864383 0.0968283 0.5438011 0.2094459 0.0000010 0.0000010 0.3341070 0.0782603 0.1752356 0.1092697 0.0566473 0.0896936 0.6830961 0.0000010 0.2156911 0.0000010 0.0743945 1.0302343 0.1546443 0.0000010 0.0000010 0.0943977 0.0000010 0.1558543 0.0000010 0.0000010 0.0927447 0.0000010 0.0000010 0.7026739 0.1132317 0.4766677 0.1456326 0.0882272 0.0000010 0.0345637 0.0000010 
Perityle_cuneata_4                         0.9417982 0.0828232 0.9504044 0.6172648 0.1291946 0.7604133 0.8177813 0.1860181 0.6645347 0.7604133 0.7970601 0.1252046 0.5791302 0.1904147 0.1179924 0.7547927 0.1890122 0.8795602 0.1619134 0.2053094 0.1143139 0.1266322 0.1550455 0.1253763 0.1302085 0.1310797 0.5638719 1.1379927 1.8440626 0.7604257 0.7604133 0.0000000 0.2858870 0.1531794 0.7604133 0.1424669 0.6438611 0.7589300 0.3851453 0.1745354 0.1284978 0.1419593 0.1556125 0.1133017 0.1647249 0.1966032 0.1522130 0.1392721 0.1635415 0.1633785 0.1150354 0.1313899 0.1436383 0.1313600 0.1616680 0.9831496 0.1368050 0.1450125 0.1319121 0.1375195 0.8278566 0.1278345 0.6011029 0.1660673 0.7890904 0.1417256 0.1252238 0.6428651 0.1527250 0.8834582 0.1328901 0.1100396 0.1464544 0.1010850 0.1392719 0.2573893 0.9455676 0.1423939 0.9387694 0.1428832 0.1305565 0.7604133 0.1056979 
Perityle_discoidea_81                      0.0000010 0.1401606 0.0000010 1.0695638 0.2534487 0.0000010 1.3034668 0.1928818 0.6625603 0.0000010 1.1521225 0.2791255 1.0033709 0.3189674 0.3016501 0.8967695 0.3023951 0.9449689 0.3123186 0.3158892 0.2839821 0.2883897 0.2955044 0.2791216 0.2922613 0.3086013 0.7314793 1.1864786 0.0000010 0.0000010 0.0000010 0.2858870 0.0000000 0.3166471 0.0000010 0.3235678 0.0000010 1.6614017 0.2298644 0.3217703 0.2954992 0.3049479 0.2922613 0.3002797 0.2868679 0.3356288 0.2920327 0.2878571 0.3038216 0.3042788 0.2929192 0.3023246 0.3215566 0.3122147 0.3124101 0.0000010 0.2143158 0.2716943 0.2878571 0.4509363 0.0000010 0.2902688 0.0000010 0.2909632 0.0000010 0.3030149 0.2795444 0.0000010 0.2990336 0.0000010 0.2925195 0.2921514 0.2924804 0.2237536 0.3100773 0.3120750 1.0173876 0.3086987 0.0000010 0.2878571 0.2869347 0.0000010 0.2675412 
Perityle_dissecta_201                      0.1124352 0.1103196 0.1148258 0.5090664 0.1540314 0.0569867 0.4826530 0.3069190 0.4409445 0.1177503 0.3207943 0.0371200 0.0532102 0.1298658 0.0375177 0.1379298 0.0752995 0.2614714 0.1227002 0.1591009 0.0344735 0.0341605 0.0529212 0.0358047 0.0315708 0.0364858 0.0726842 0.2410608 0.1077942 0.1903528 0.0807707 0.1531794 0.3166471 0.0000000 0.1731620 0.2035072 0.1816272 0.2609545 0.0473972 0.0601443 0.0386159 0.1264415 0.0470960 0.1038621 0.1640843 0.0662906 0.0467731 0.0407890 0.1704536 0.1469588 0.0254182 0.0260956 0.0708987 0.0279663 0.1407601 0.0523223 0.0308243 0.0948668 0.0429980 0.0937072 0.1821347 0.0842709 0.0593574 0.1147389 0.1526891 0.0421482 0.1562681 0.0333351 0.0387847 0.1364820 0.0336248 0.0227246 0.0369066 0.0278111 0.0620127 0.5102677 0.3364465 0.0571786 0.1409604 0.0425838 0.0386759 0.0803390 0.0626027 
Perityle_emoryi_47_punta_san_jose          0.1475993 0.0000010 0.2495633 0.5480477 0.2238787 0.0777350 0.5234570 1.0214755 0.5054734 0.1544696 0.3836187 0.1817424 0.1809420 0.6915581 0.0000010 0.0837720 0.1782199 0.3195004 0.2924202 0.9316605 0.0000010 0.1626358 0.1769555 0.1796976 0.0000010 0.0000010 0.2068205 0.2772123 0.1379324 0.1997143 0.1996122 0.7604133 0.0000010 0.1731620 0.0000000 0.7052679 0.2445194 0.2923683 0.1594410 0.0939677 0.0000010 0.0000010 0.1743815 0.0000010 0.6003022 0.1688659 0.1688231 0.1813478 0.5750216 0.2807203 0.0000010 0.0000010 0.3567368 0.1221854 0.2680913 0.2288577 0.0208968 0.1964522 0.5815792 0.0000010 0.1645780 0.0000010 0.0473441 0.8581407 0.2634575 0.0000010 0.0000010 0.1932313 0.0000010 0.2266174 0.0000010 0.0000010 0.1852160 0.0000010 0.0000010 0.8820281 0.1395127 0.3013981 0.1414959 0.1776099 0.0000010 0.2032372 0.0000010 
Perityle_feddemae_99                       0.7052281 0.1251923 0.6891206 0.7020348 0.2200861 0.7603470 0.7474246 0.2129245 0.6633194 0.7396021 0.7847232 0.1813983 0.7127147 0.1907136 0.1198660 0.7556582 0.2492207 0.7821711 0.1746396 0.2048026 0.1060316 0.2058310 0.2066781 0.2034562 0.1210324 0.1195623 0.7392906 0.9440684 0.8763623 0.7602251 0.7048338 0.1424669 0.3235678 0.2035072 0.7052679 0.0000000 0.7228971 0.7453875 0.6704163 0.2439201 0.1258905 0.0390951 0.2335080 0.0331926 0.1372663 0.2460927 0.2159443 0.1860568 0.0582717 0.2233986 0.1076787 0.1238683 0.1360096 0.2136592 0.2114787 0.7849028 0.2268841 0.2239152 0.1351791 0.1055090 0.7032434 0.1134307 0.7232344 0.1310276 0.7594930 0.1318914 0.1627509 0.6410262 0.1199744 0.7432399 0.1217233 0.0916365 0.2075610 0.0776562 0.1238318 0.3244912 0.9147238 0.1381636 0.7294988 0.2129279 0.1181050 0.7868436 0.0962972 
Perityle_fosteri_93                        0.1951144 0.0000010 0.2695020 0.5597880 0.2943379 0.0802487 0.5245673 1.0494779 0.4263481 0.2149003 0.4664015 0.2014333 0.1793705 0.5922794 0.0000010 0.1108024 0.1843368 0.2983887 0.2498118 1.0424707 0.0000010 0.1596596 0.1880446 0.1971548 0.0000010 0.0000010 0.2002609 0.2731051 0.1211144 0.1946570 0.1864818 0.6438611 0.0000010 0.1816272 0.2445194 0.7228971 0.0000000 0.2711959 0.1606413 0.0927223 0.0000010 0.0000010 0.1788153 0.0000010 0.8158666 0.1766850 0.1725933 0.1731121 0.8380325 0.2055152 0.0000010 0.0000010 0.3341070 0.1361451 0.2942607 0.2646089 0.0316723 0.1941836 0.5761687 0.0000010 0.1874442 0.0000010 0.0552499 0.9822409 0.2672315 0.0000010 0.0000010 0.1983918 0.0000010 0.2254710 0.0000010 0.0000010 0.1828912 0.0000010 0.0000010 0.8152319 0.1332357 0.4766677 0.1509020 0.1766024 0.0000010 0.2192099 0.0000010 
Perityle_gamon_221                         0.3021155 2.1390401 0.3311000 0.5641850 0.3288530 0.1249127 0.5659799 1.5142349 0.5435111 0.3370005 0.4758267 0.2714252 0.2594976 0.5958559 0.6157046 0.1832550 0.2689495 0.2800052 0.1692631 0.8241758 0.6283464 0.2070073 0.2593721 0.2046472 0.6496113 0.6292514 0.2315271 0.3101271 0.1400000 0.1932660 0.2022453 0.7589300 1.6614017 0.2609545 0.2923683 0.7453875 0.2711959 0.0000000 0.2669753 0.1460238 0.6733575 0.5862511 0.2369412 0.5862511 0.8264181 0.2743756 0.2623627 0.2714037 0.6213685 0.3500765 0.6292514 0.6292514 0.5064824 0.1544149 0.3057428 0.2458035 0.1574911 0.3000458 0.5795121 0.6935205 0.2301363 0.7192946 0.1324248 0.9588351 0.3043948 0.6292514 0.8913138 0.2103910 0.7138541 0.2245777 0.6496113 0.6496113 0.2565421 0.7873833 0.8092138 0.8676600 0.2098764 0.6981272 0.2197447 0.2706574 0.7186081 0.1818917 0.6959275 
Perityle_gentryi_8_san_francisco           0.1104797 0.3570003 0.1025521 0.3936877 0.1954887 0.0626943 0.3348124 0.8192613 0.3194659 0.1265061 0.2303441 0.0542254 0.0514769 0.5243126 0.1928120 0.0941742 0.0456958 0.1230849 0.1780665 0.8404486 0.3150452 0.0598109 0.0444881 0.0589148 0.2982528 0.1928120 0.0826029 0.1695340 0.1118802 0.1085236 0.0862148 0.3851453 0.2298644 0.0473972 0.1594410 0.6704163 0.1606413 0.2669753 0.0000000 0.0478702 0.2982528 0.1928120 0.0548917 0.1928120 0.8235457 0.0524243 0.0467058 0.0539906 0.4199294 0.1360490 0.1928120 0.2982528 0.2873658 0.0460550 0.2196066 0.0753858 0.0394884 0.1361231 0.4381015 0.4117780 0.1982791 0.1928120 0.0592949 0.8247428 0.1648101 0.1928120 0.3350074 0.0371753 0.2982528 0.1265668 0.2982528 0.2982528 0.0484020 0.3570003 0.2442333 0.7340945 0.1177318 0.3531654 0.1472562 0.0515248 0.1928120 0.0848641 0.2442333 
Perityle_gilensis_22_Superstition          0.0586879 0.1103667 0.0505214 0.4529563 0.1552753 0.0544760 0.4377169 0.3077747 0.3400414 0.0927434 0.3342032 0.0375137 0.0429509 0.1285595 0.0356017 0.1324314 0.0501889 0.2385358 0.1068526 0.1861498 0.0389518 0.0344942 0.0625279 0.0388130 0.0549761 0.0326485 0.0693509 0.2580902 0.1115014 0.1652138 0.0718231 0.1745354 0.3217703 0.0601443 0.0939677 0.2439201 0.0927223 0.1460238 0.0478702 0.0000000 0.0367900 0.1485634 0.0446032 0.1154150 0.2014313 0.0527921 0.0645960 0.0377650 0.1842475 0.0858526 0.0249397 0.0303036 0.1290205 0.0231266 0.1442068 0.0497134 0.0254506 0.0478982 0.0753671 0.0878828 0.1653786 0.0843774 0.0432237 0.1520489 0.1442159 0.0639601 0.1697557 0.0377262 0.0353649 0.1232438 0.0587728 0.0302981 0.0416882 0.0384471 0.0631579 0.4232103 0.2991578 0.0849144 0.1334883 0.0336961 0.0389695 0.0698353 0.0625266 
Perityle_gilensis_salensis_225             0.0000010 0.1104828 0.0000010 0.5591746 0.1386301 0.0000010 0.7622604 0.1989058 0.6947162 0.0000010 0.8552264 0.0334815 0.5107423 0.0828390 0.0311263 0.7029430 0.0897327 0.8161470 0.0801870 0.0679313 0.0220239 0.0372806 0.0029404 0.0408234 0.0426147 0.0509900 0.2783334 1.1114431 0.0000010 0.0000010 0.0000010 0.1284978 0.2954992 0.0386159 0.0000010 0.1258905 0.0000010 0.6733575 0.2982528 0.0367900 0.0000000 0.1174266 0.0667490 0.1120209 0.0881575 0.0617320 0.0469390 0.0383662 0.1317051 0.0702074 0.0360528 0.0450388 0.0553276 0.0310953 0.0817410 0.0000010 0.0432320 0.0376356 0.0398702 0.1081153 0.0000010 0.0840974 0.0000010 0.0531130 1.1054779 0.0441363 0.1565166 0.0000010 0.0055047 0.0000010 0.0427878 0.0367652 0.0343111 0.0216914 0.0710637 0.0903718 0.9588632 0.0428250 0.0000010 0.0431344 0.0479285 0.0000010 0.0683129 
Perityle_glaucescens_94                    0.0000010 0.0979849 0.0000010 0.6009833 0.1373953 0.0000010 0.7890009 0.1976792 0.7250892 0.0000010 0.7238638 0.1079667 0.6467169 0.1897142 0.1185807 0.8656243 0.1675055 0.7754959 0.0675468 0.1592726 0.1027411 0.0996971 0.1288707 0.0705363 0.1203279 0.1205461 0.2923921 1.4319754 0.0000010 0.0000010 0.0000010 0.1419593 0.3049479 0.1264415 0.0000010 0.0390951 0.0000010 0.5862511 0.1928120 0.1485634 0.1174266 0.0000000 0.1309498 0.0122743 0.1271772 0.1764054 0.1303687 0.1101671 0.0283124 0.1156586 0.0993876 0.1209929 0.1376681 0.1038348 0.1220730 0.0000010 0.0947728 0.1259408 0.1244010 0.1099304 0.0000010 0.1003081 0.0000010 0.1178299 0.9211667 0.1324526 0.1613753 0.0000010 0.1127972 0.0000010 0.1161502 0.0816738 0.1208315 0.0694283 0.1132548 0.2046754 0.9426282 0.1314002 0.0000010 0.1197548 0.1125393 0.0000010 0.0874961 
Perityle_gracilis_11                       0.0855398 0.1030123 0.1043625 0.5128144 0.1562139 0.0489685 0.4850232 0.2625423 0.4510599 0.1042245 0.2974954 0.0536475 0.0081572 0.0999166 0.0701391 0.1417882 0.0481704 0.2600111 0.1435968 0.1637825 0.0594502 0.0184688 0.0479534 0.0425116 0.0355926 0.0715078 0.0671372 0.2340545 0.0994758 0.2146762 0.0887110 0.1556125 0.2922613 0.0470960 0.1743815 0.2335080 0.1788153 0.2369412 0.0548917 0.0446032 0.0667490 0.1309498 0.0000000 0.1283266 0.2086844 0.0491266 0.0136286 0.0154934 0.1498629 0.1336327 0.0602170 0.0645286 0.0914652 0.0386984 0.1629515 0.0532260 0.0427442 0.0419285 0.0440183 0.0804399 0.1698917 0.1167567 0.0429761 0.1609076 0.1525648 0.0714466 0.1896980 0.0410182 0.0625654 0.1251086 0.0376279 0.0318064 0.0407250 0.0061393 0.0905741 0.4283135 0.3460693 0.0718291 0.1275151 0.0128147 0.0643257 0.0801820 0.0915244 
Perityle_harkerae_31                       0.0000010 0.0921385 0.0000010 0.6009833 0.1313165 0.0000010 0.7890009 0.1907553 0.7367038 0.0000010 0.7100053 0.1035465 0.6467169 0.1499797 0.1101387 0.8338171 0.1450046 0.7754959 0.0662854 0.1242916 0.0912528 0.0996453 0.1079931 0.0668201 0.0978483 0.1128797 0.2923921 1.4189102 0.0000010 0.0000010 0.0000010 0.1133017 0.3002797 0.1038621 0.0000010 0.0331926 0.0000010 0.5862511 0.1928120 0.1154150 0.1120209 0.0122743 0.1283266 0.0000000 0.1016590 0.1297230 0.1068201 0.0938704 0.0119885 0.1156586 0.0966326 0.1140272 0.1171672 0.1008161 0.1187068 0.0000010 0.0914269 0.0951467 0.0964170 0.1055090 0.0000010 0.1003298 0.0000010 0.0952501 0.6943907 0.1108097 0.1628611 0.0000010 0.1079931 0.0000010 0.0959481 0.0830566 0.1056298 0.0653692 0.1138045 0.1204858 0.9858332 0.1109149 0.0000010 0.1068036 0.1076476 0.0000010 0.0816713 
Perityle_hofmeisteria_4_nombre_de_dios     0.6495273 0.0671380 0.5318695 0.6998773 0.2346611 0.7134082 0.8451273 0.2190645 0.8907527 0.7911839 0.7832609 0.1640099 0.7063763 0.1684832 0.0779807 0.6704428 0.2012686 0.8110608 0.1786676 0.1681140 0.0670277 0.1859768 0.1623157 0.1647918 0.0839333 0.0856958 0.7172579 0.8988905 1.0264676 0.9312977 0.7453467 0.1647249 0.2868679 0.1640843 0.6003022 0.1372663 0.8158666 0.8264181 0.8235457 0.2014313 0.0881575 0.1271772 0.2086844 0.1016590 0.0000000 0.2021438 0.1689998 0.1633965 0.1703058 0.2466466 0.0725325 0.0897975 0.0958999 0.1456766 0.1970230 0.6070221 0.1301149 0.1713613 0.0874931 0.1401670 0.5810111 0.0858149 0.7388199 0.0969792 0.7198243 0.0837750 0.1601957 0.6703467 0.0860010 0.7669992 0.0847257 0.0720118 0.1731780 0.0671143 0.0892454 0.3054214 0.8874472 0.0908059 0.7056051 0.1732876 0.0675155 0.6639053 0.0733458 
