86
Amauria_brandeegeana_62                    0.0000000 0.0649086 0.1795263 0.5482991 0.1608001 0.0909924 0.5240281 0.3568147 0.7009999 0.0560862 0.1757449 0.1644732 0.1785652 0.7235481 0.1256700 0.1808251 0.1646065 0.2136689 0.1815239 0.1937548 0.1617900 0.1627322 0.0444421 0.1603547 0.1341490 0.1644200 0.1686833 0.1910464 0.1769931 0.1742667 0.0737390 0.1693029 0.1663322 0.0549081 0.1696616 0.1717678 0.1830197 0.1619246 0.1288568 0.1806318 0.1693852 0.1643255 0.1738055 0.1641326 0.1767630 0.1415867 0.1724376 0.1602533 0.1643054 0.1769441 0.2423185 0.1591883 0.1648409 0.1726785 0.1305016 0.1974243 0.1479871 0.0888916 0.1618093 0.1670091 0.1359982 0.1100119 0.0838690 0.0610924 0.1874880 0.1743620 0.1765555 0.1597916 0.1731494 0.0684341 0.1643863 0.1603547 0.1683357 0.1599332 0.1602652 0.1440701 0.0684799 0.1794396 0.4648736 0.7658544 0.1708565 0.2486836 0.1762356 0.1725072 0.5062832 0.2417008 
Amauria_carterae_99_mesa                   0.0649086 0.0000000 0.0618787 0.4741822 0.0434388 0.0818680 0.2903575 0.3209002 0.5945819 0.0480757 0.0572591 0.0505868 0.0574091 0.5799421 0.0549218 0.0756072 0.0549909 0.0513968 0.1108744 0.0437507 0.0478365 0.0437838 0.0417028 0.0503483 0.0619367 0.0460863 0.0616395 0.0759147 0.0986997 0.0570383 0.0647615 0.0691322 0.0599462 0.0435249 0.0572303 0.0662536 0.0779129 0.0549500 0.0641074 0.0716056 0.0549275 0.0549722 0.0661395 0.0438230 0.0684347 0.0716574 0.0642021 0.0415457 0.0460945 0.0685713 0.0716574 0.0526033 0.0460572 0.0638682 0.0571201 0.1262618 0.0712205 0.0661225 0.0415771 0.0437838 0.1192711 0.0644628 0.0944149 0.0493204 0.0641965 0.1038411 0.0639171 0.0546354 0.0704590 0.0589264 0.0526856 0.0503483 0.0641210 0.0438230 0.0461302 0.0572050 0.0574675 0.0551011 0.2193878 0.5804441 0.0640784 0.1628487 0.0711894 0.0662536 0.4667319 0.1316144 
Amauria_rotundifolia_SRR9119150            0.1795263 0.0618787 0.0000000 0.5399195 0.2110772 0.0827567 0.6889123 0.3396982 0.7308798 0.3313541 0.2381929 0.2532822 0.1498050 0.6815463 0.1062830 0.2104646 0.2399207 0.2688962 0.1613024 0.2774220 0.1936343 0.2300647 0.0236443 0.2449422 0.1056997 0.1811397 0.1567368 0.2769999 0.2566231 0.1519516 0.0537761 0.2545912 0.2400929 0.1505876 0.2158337 0.1805260 0.2243784 0.2031857 0.2019141 0.1895614 0.2386799 0.1775961 0.2459423 0.1714943 0.2105889 0.2071907 0.1355259 0.2204859 0.2409062 0.2149359 0.2203322 0.1631516 0.1417255 0.2654923 0.1824844 0.2089801 0.1197105 0.0964353 0.2455564 0.2052724 0.1043983 0.1212601 0.0760876 0.0454242 0.2292277 0.1856804 0.1774749 0.1912487 0.2594217 0.0784007 0.2299742 0.2278425 0.2512658 0.2460635 0.1248968 0.1334367 0.0391388 0.1549956 0.5661590 0.7688477 0.1695902 0.2054183 0.2221282 0.2826267 0.4719541 0.1835615 
Conoclinium_coelestinum_SRR9119114         0.5482991 0.4741822 0.5399195 0.0000000 0.5077344 0.2799859 0.6427025 0.2260191 0.5544756 0.5374776 0.5280159 0.5327007 0.5258925 0.5597506 0.5306945 0.5542071 0.5256431 0.5141396 0.5246333 0.4872603 0.5175104 0.5200700 0.4364505 0.5116233 0.5270888 0.5294692 0.5491896 0.5307559 0.5685954 0.5180329 0.4263835 0.5246378 0.5417124 0.5266528 0.5172493 0.5485307 0.5383035 0.5292831 0.5428984 0.5320291 0.5167455 0.5292877 0.5281929 0.5261505 0.5290478 0.5627741 0.5468567 0.5244225 0.5291235 0.5294614 0.3391539 0.5247466 0.5304309 0.5508731 0.5379432 0.5844390 0.4717054 0.3910544 0.5271495 0.5318414 0.5666277 0.4370713 0.5265086 0.3457776 0.5275369 0.5706373 0.5448347 0.5079096 0.5446824 0.4109690 0.5220923 0.5116233 0.5414685 0.5244225 0.5304969 0.5258569 0.4048111 0.5254176 0.7052644 0.5703851 0.5339283 0.5210758 0.5278614 0.5455017 0.3965880 0.4759099 
Eutetras_palmeri_63                        0.1608001 0.0434388 0.2110772 0.5077344 0.0000000 0.0868049 0.3809076 0.3133129 0.6648250 0.2470058 0.0390459 0.0364886 0.0328765 0.6505219 0.0343743 0.0512517 0.0273728 0.0467069 0.0768166 0.0297815 0.0235617 0.0399855 0.0264351 0.0240701 0.0280303 0.0322319 0.0394954 0.0582022 0.0781238 0.0401071 0.0477883 0.0411721 0.0354781 0.1436487 0.0285704 0.0408377 0.0489223 0.0277893 0.0523249 0.0445896 0.0292395 0.0277996 0.0397283 0.0257856 0.0408828 0.0546689 0.0326572 0.0255624 0.0274908 0.0420295 0.0346506 0.0284095 0.0247491 0.0442354 0.0362281 0.0884611 0.0493126 0.0433123 0.0252896 0.0274902 0.0811350 0.0394619 0.0661256 0.0416279 0.1485250 0.0792132 0.0486474 0.0510141 0.0475613 0.0352739 0.0285097 0.0240701 0.0454239 0.0252749 0.0269777 0.0295012 0.0422628 0.0408600 0.2582908 0.7034502 0.0331780 0.1368113 0.0420096 0.0408850 0.4505502 0.1047275 
Eutetras_pringlei_149_quer                 0.0909924 0.0818680 0.0827567 0.2799859 0.0868049 0.0000000 0.0743945 0.3158851 0.4126611 0.1158359 0.0738554 0.1119348 0.0903706 0.4308537 0.0862265 0.1199833 0.0994451 0.0646195 0.1318358 0.0917434 0.0948053 0.1032769 0.0206430 0.0994451 0.0864736 0.0953803 0.1075688 0.1121049 0.1231582 0.0904721 0.1071091 0.1296039 0.1162067 0.0863510 0.1081474 0.1117233 0.1240129 0.0994451 0.1034814 0.1037449 0.0994451 0.0994451 0.1156278 0.0997375 0.1197545 0.1026562 0.0947824 0.0995386 0.1037361 0.1201775 0.1264853 0.1076352 0.0851840 0.0932522 0.1117112 0.1582969 0.0991241 0.0956105 0.1035842 0.0995386 0.1060442 0.0867773 0.1371531 0.0727801 0.1085805 0.1240350 0.1116463 0.0975176 0.1230194 0.0779913 0.0994451 0.0994451 0.1204668 0.0995386 0.0822388 0.0818785 0.0191591 0.0952878 0.0506945 0.4461188 0.1081340 0.1013923 0.1119239 0.1117233 0.3370419 0.1096599 
Eutrochium_fistulosum_SRR9119106           0.5240281 0.2903575 0.6889123 0.6427025 0.3809076 0.0743945 0.0000000 0.3032602 0.7769406 0.6373211 0.4516539 0.4384226 0.3547524 0.7280398 0.4381030 0.4121482 0.4200450 0.3335079 0.4336493 0.3178666 0.3618051 0.4249192 0.2372208 0.4251496 0.4197393 0.3666227 0.4103827 0.4566693 0.4228590 0.3637465 0.2534805 0.4422955 0.4433890 0.5086852 0.3955467 0.3932058 0.4098821 0.3591136 0.4429429 0.3835816 0.3605925 0.3745618 0.4288927 0.3689699 0.3999702 0.4897575 0.3999656 0.4055114 0.4264408 0.4016777 0.0512901 0.3787808 0.3893220 0.4628505 0.3914233 0.3984859 0.3381530 0.1644713 0.4106524 0.3983513 0.4663891 0.2409813 0.4536106 0.0872086 0.6029373 0.3866964 0.4010309 0.3751693 0.4189055 0.2029347 0.3867769 0.4251496 0.4397053 0.3962403 0.4033996 0.3999221 0.2333783 0.4056935 0.4975010 0.7668834 0.3833067 0.2583747 0.4039368 0.4408203 0.5420985 0.2303985 
Galeana_pratensis_104_mex                  0.3568147 0.3209002 0.3396982 0.2260191 0.3133129 0.3158851 0.3032602 0.0000000 0.3042624 0.3516754 0.3263824 0.3307354 0.3251232 0.2448476 0.3164021 0.3381172 0.3189892 0.3168429 0.3270353 0.3189892 0.3253723 0.3191244 0.3020835 0.3189892 0.3132721 0.3189892 0.3298996 0.3284528 0.3441816 0.3429044 0.3478570 0.3187344 0.3210169 0.3516754 0.3254952 0.3359171 0.3228964 0.3189892 0.3268335 0.3379452 0.3189892 0.3189892 0.3173952 0.3253314 0.3167779 0.3285620 0.3377522 0.3189892 0.3253504 0.3117202 0.3891906 0.3249386 0.3249386 0.3298996 0.3223867 0.3675906 0.3179483 0.3215987 0.3246747 0.3189892 0.3537063 0.3268076 0.3396106 0.3278047 0.3678228 0.3441816 0.3356434 0.3413536 0.3430506 0.3103741 0.3189892 0.3189892 0.3393757 0.3189892 0.3124706 0.3184274 0.2573197 0.3159636 0.2935986 0.2502546 0.3251026 0.3412351 0.3246747 0.3359171 0.2064451 0.3390179 
Helianthus_annuus_SRR9119062               0.7009999 0.5945819 0.7308798 0.5544756 0.6648250 0.4126611 0.7769406 0.3042624 0.0000000 0.7925561 0.6521298 0.6544032 0.6456506 0.5931500 0.6383226 0.6610594 0.6607636 0.6542124 0.6578253 0.6481151 0.6462616 0.6521474 0.4942507 0.6553372 0.6523863 0.6583918 0.6717973 0.6736568 0.6789566 0.6334170 0.5383911 0.6561026 0.6598415 0.6889154 0.6593622 0.6807033 0.6807971 0.6677285 0.6805659 0.6583825 0.6604835 0.6495810 0.6678518 0.6415430 0.6701563 0.6740254 0.6541880 0.6393705 0.6433118 0.6750668 0.6174964 0.6605050 0.6379512 0.6773617 0.6764630 0.7075574 0.6480591 0.5009103 0.6510757 0.6544826 0.6666189 0.5833241 0.6729575 0.3845487 0.7345410 0.6804688 0.6891076 0.6682020 0.6649344 0.5066890 0.6532718 0.6553372 0.6697755 0.6441933 0.6194740 0.6359981 0.4071769 0.6586466 0.7193873 0.6404739 0.6649262 0.6611379 0.6646734 0.6795404 0.3769673 0.5984794 
Lycapsus_tenuifolius_17                    0.0560862 0.0480757 0.3313541 0.5374776 0.2470058 0.1158359 0.6373211 0.3516754 0.7925561 0.0000000 0.2690818 0.2767685 0.1736510 0.7097207 0.1259765 0.2837192 0.2801373 0.2994629 0.1937450 0.2931083 0.2374551 0.2849546 0.0295988 0.2743906 0.1423162 0.2365656 0.2027551 0.3120680 0.2947689 0.1725988 0.0563950 0.2867836 0.2852206 0.0091403 0.2674585 0.2139591 0.2765445 0.2462651 0.2351092 0.2663096 0.2537625 0.2230552 0.2906616 0.2199981 0.2682557 0.2337081 0.1830035 0.2703225 0.2768669 0.2718271 0.2644750 0.2105838 0.1921641 0.2760182 0.2100978 0.2586511 0.1527117 0.0725049 0.2749575 0.2559161 0.1303761 0.1084563 0.0708644 0.0415752 0.2995611 0.2264084 0.2369976 0.2198207 0.2904326 0.0705059 0.2725224 0.2743906 0.2788470 0.2613462 0.1655386 0.1809580 0.0538278 0.1795360 0.5649396 0.8236256 0.2222931 0.2402260 0.2711359 0.2871291 0.4970548 0.2342443 
Pericome_caudata_50_silver                 0.1757449 0.0572591 0.2381929 0.5280159 0.0390459 0.0738554 0.4516539 0.3263824 0.6521298 0.2690818 0.0000000 0.0541713 0.0422855 0.6957601 0.0534459 0.0607077 0.0461273 0.0503787 0.0829583 0.0360111 0.0358589 0.0891337 0.0235005 0.0417523 0.0453569 0.0467514 0.0502466 0.1154613 0.0815723 0.0494955 0.0591452 0.0529262 0.0510289 0.1532507 0.0443843 0.0513760 0.0569780 0.0449101 0.0615647 0.0540558 0.0413750 0.0453558 0.0577313 0.0421013 0.0534077 0.0681780 0.0498489 0.0432037 0.0450892 0.0542036 0.0420454 0.0447723 0.0406437 0.0536954 0.0527865 0.0944072 0.0588074 0.0490272 0.0401409 0.0478702 0.0930590 0.0469142 0.0755622 0.0338279 0.1278412 0.0842286 0.0572070 0.0629668 0.0580890 0.0433352 0.0456107 0.0399871 0.0587102 0.0688017 0.0453879 0.0455420 0.0499300 0.0583839 0.2622883 0.7520047 0.0493601 0.1492443 0.0555095 0.0474448 0.4890661 0.1051227 
Perityle_aglossa_84_dead_horse             0.1644732 0.0505868 0.2532822 0.5327007 0.0364886 0.1119348 0.4384226 0.3307354 0.6544032 0.2767685 0.0541713 0.0000000 0.0330989 0.6887020 0.0329429 0.0549465 0.0370993 0.0570584 0.0830506 0.0305897 0.0339187 0.0674295 0.0177335 0.0318348 0.0333458 0.0271366 0.0461518 0.1296792 0.0801486 0.0495883 0.0568541 0.0517531 0.0504599 0.1432236 0.0349209 0.0478794 0.0570545 0.0313050 0.0639569 0.0452473 0.0325944 0.0267907 0.0535013 0.0229679 0.0537361 0.0627803 0.0353381 0.0233704 0.0239493 0.0538135 0.0382134 0.0288419 0.0189859 0.0546573 0.0371572 0.0945624 0.0553303 0.0466913 0.0270337 0.0302835 0.0901497 0.0495995 0.0664779 0.0494257 0.1302409 0.0875227 0.0537623 0.0523945 0.0559945 0.0278991 0.0358279 0.0302400 0.0565253 0.0496032 0.0213793 0.0335970 0.0357340 0.0459455 0.2576502 0.7442178 0.0295655 0.1468286 0.0476318 0.0512342 0.4938517 0.1162741 
Perityle_ajoensis_204                      0.1785652 0.0574091 0.1498050 0.5258925 0.0328765 0.0903706 0.3547524 0.3251232 0.6456506 0.1736510 0.0422855 0.0330989 0.0000000 0.6390761 0.0241508 0.0529800 0.0192048 0.0410486 0.0850456 0.0203209 0.0282948 0.0269331 0.0204219 0.0147507 0.0216399 0.0300059 0.0500777 0.0626375 0.0817384 0.0417650 0.0619796 0.0408023 0.0362708 0.1659714 0.0177688 0.0438208 0.0513695 0.0191952 0.0628139 0.0439532 0.0162520 0.0162608 0.0435296 0.0254234 0.0450713 0.0578853 0.0267485 0.0238942 0.0284560 0.0451323 0.0206148 0.0147548 0.0239109 0.0515896 0.0306990 0.0950407 0.0607043 0.0548917 0.0254577 0.0254323 0.0946227 0.0542670 0.0740004 0.0534286 0.0693270 0.0853857 0.0532024 0.0524288 0.0557804 0.0224548 0.0162082 0.0147507 0.0468371 0.0254376 0.0316079 0.0195278 0.0314798 0.0408965 0.2466807 0.6686292 0.0221963 0.1458380 0.0328467 0.0438208 0.4791213 0.1053401 
Perityle_ambrosiifolia_67_green            0.7235481 0.5799421 0.6815463 0.5597506 0.6505219 0.4308537 0.7280398 0.2448476 0.5931500 0.7097207 0.6957601 0.6887020 0.6390761 0.0000000 0.6892337 0.6989410 0.6801712 0.6099173 0.7068581 0.6282179 0.6773118 0.6776985 0.4676421 0.6778075 0.6757554 0.6827413 0.6861822 0.7011648 0.6898888 0.6432900 0.5270224 0.6750845 0.6861344 0.7328647 0.6811683 0.7024674 0.6627900 0.6854905 0.6916050 0.6935192 0.6598753 0.6809062 0.6615074 0.6851554 0.6517125 0.7067445 0.6927841 0.6810579 0.6780806 0.6516927 0.6497150 0.6783211 0.6852169 0.6786910 0.6755892 0.7207510 0.6296229 0.5262253 0.6740426 0.6805414 0.7050344 0.5711846 0.6901304 0.4201675 0.6712238 0.6949838 0.6829850 0.6878163 0.6835210 0.5256261 0.6797881 0.6778075 0.6920129 0.6824147 0.6855298 0.6738214 0.4359323 0.6720848 0.7788427 0.0278188 0.6948739 0.6635930 0.6930478 0.6876631 0.0737279 0.6247632 
Perityle_angustifolia_13_Eagle_creek       0.1256700 0.0549218 0.1062830 0.5306945 0.0343743 0.0862265 0.4381030 0.3164021 0.6383226 0.1259765 0.0534459 0.0329429 0.0241508 0.6892337 0.0000000 0.0567338 0.0211850 0.0505310 0.0855723 0.0270393 0.0375624 0.0311336 0.0145425 0.0188327 0.0243065 0.0338139 0.0528932 0.0710390 0.0779411 0.0512454 0.0562701 0.0519987 0.0422528 0.1110415 0.0212538 0.0577324 0.0610782 0.0207141 0.0593064 0.0445183 0.0206034 0.0218879 0.0529273 0.0310186 0.0541693 0.0621772 0.0262510 0.0298252 0.0322780 0.0567551 0.0355323 0.0212141 0.0299479 0.0566089 0.0106753 0.0959839 0.0621466 0.0517971 0.0315602 0.0286087 0.0881023 0.0491819 0.0662441 0.0494950 0.0465766 0.0848361 0.0545818 0.0498870 0.0609693 0.0198899 0.0242135 0.0188327 0.0577387 0.0556498 0.0351956 0.0219820 0.0279025 0.0630935 0.3056403 0.7182934 0.0252216 0.1710007 0.0357239 0.0458362 0.4912112 0.1258001 
Perityle_batopilensis_97                   0.1808251 0.0756072 0.2104646 0.5542071 0.0512517 0.1199833 0.4121482 0.3381172 0.6610594 0.2837192 0.0607077 0.0549465 0.0529800 0.6989410 0.0567338 0.0000000 0.0506653 0.0704179 0.0956566 0.0519854 0.0511670 0.0641114 0.0384030 0.0475358 0.0450145 0.0512736 0.0632553 0.0828133 0.0951299 0.0666749 0.0700681 0.0598226 0.0523455 0.1658241 0.0476152 0.0674838 0.0716386 0.0508957 0.0696230 0.0187807 0.0480302 0.0471272 0.0638510 0.0449820 0.0661294 0.0738341 0.0533528 0.0461851 0.0456240 0.0660855 0.0599177 0.0481930 0.0456432 0.0674517 0.0568717 0.1030159 0.0774083 0.0631777 0.0457738 0.0520135 0.0963241 0.0662522 0.0717139 0.0573462 0.1644902 0.0939003 0.0709748 0.0705701 0.0772080 0.0480579 0.0484974 0.0475358 0.0682815 0.0531369 0.0510358 0.0510541 0.0570073 0.0699384 0.2870735 0.7526493 0.0516163 0.1638434 0.0636271 0.0639303 0.5202466 0.1222826 
Perityle_bisetosa_9                        0.1646065 0.0549909 0.2399207 0.5256431 0.0273728 0.0994451 0.4200450 0.3189892 0.6607636 0.2801373 0.0461273 0.0370993 0.0192048 0.6801712 0.0211850 0.0506653 0.0000000 0.0436441 0.0811611 0.0244066 0.0299643 0.0698523 0.0000010 0.0194169 0.0215320 0.0274175 0.0428793 0.1033278 0.0718910 0.0431705 0.0507909 0.0471500 0.0414099 0.1435460 0.0160055 0.0480880 0.0506445 0.0083921 0.0584176 0.0401446 0.0160109 0.0166345 0.0487914 0.0220935 0.0476843 0.0596970 0.0197952 0.0273214 0.0279621 0.0484627 0.0136012 0.0179902 0.0245709 0.0476553 0.0235945 0.0900983 0.0513561 0.0490298 0.0225167 0.0298024 0.0795104 0.0468019 0.0680747 0.0416758 0.1254187 0.0815480 0.0481530 0.0497492 0.0549419 0.0049165 0.0111884 0.0170608 0.0503067 0.0520618 0.0281746 0.0183858 0.0244113 0.0542435 0.2379809 0.7392961 0.0204942 0.1481805 0.0345510 0.0414093 0.4879564 0.1051926 
Perityle_californica_76_positas            0.2136689 0.0513968 0.2688962 0.5141396 0.0467069 0.0646195 0.3335079 0.3168429 0.6542124 0.2994629 0.0503787 0.0570584 0.0410486 0.6099173 0.0505310 0.0704179 0.0436441 0.0000000 0.0869398 0.0421431 0.0417681 0.0572804 0.0416618 0.0408274 0.0394317 0.0489668 0.0636833 0.0795411 0.0887986 0.0535508 0.0683781 0.0484079 0.0484850 0.1995187 0.0408273 0.0563994 0.0674599 0.0440320 0.0741183 0.0601929 0.0437775 0.0418619 0.0584076 0.0441658 0.0613558 0.0695009 0.0498744 0.0445373 0.0482305 0.0599602 0.0503423 0.0383558 0.0407632 0.0678955 0.0487689 0.1041097 0.0672397 0.0571544 0.0453892 0.0482290 0.0916508 0.0532438 0.0699476 0.0434854 0.1961875 0.0920395 0.0695637 0.0677397 0.0640213 0.0527614 0.0451375 0.0408274 0.0662133 0.0438788 0.0480535 0.0450861 0.0481385 0.0539926 0.2273279 0.6666699 0.0413556 0.1388848 0.0551984 0.0615705 0.4981148 0.0950020 
Perityle_canescens_77                      0.1815239 0.1108744 0.1613024 0.5246333 0.0768166 0.1318358 0.4336493 0.3270353 0.6578253 0.1937450 0.0829583 0.0830506 0.0850456 0.7068581 0.0855723 0.0956566 0.0811611 0.0869398 0.0000000 0.0861656 0.0727458 0.0745169 0.0694682 0.0756786 0.0755544 0.0773676 0.0813539 0.1042007 0.0569425 0.0930314 0.1160251 0.0876200 0.0719949 0.1732102 0.0813740 0.0798767 0.0866689 0.0812120 0.0929200 0.0961910 0.0786356 0.0771571 0.0808978 0.0759408 0.0809410 0.0902271 0.0854634 0.0745141 0.0787096 0.0824260 0.1592107 0.0771151 0.0760010 0.0827061 0.0907289 0.0689557 0.1123493 0.1114552 0.0760351 0.0787258 0.0751988 0.1055521 0.0559117 0.0979978 0.1192262 0.0598560 0.0841471 0.0832945 0.0850587 0.1132170 0.0783957 0.0756786 0.0865203 0.0759795 0.0817444 0.0779763 0.0990966 0.0901112 0.3011746 0.7181891 0.0770023 0.1267594 0.0911650 0.0778157 0.5066748 0.0871763 
Perityle_castillonii_96                    0.1937548 0.0437507 0.2774220 0.4872603 0.0297815 0.0917434 0.3178666 0.3189892 0.6481151 0.2931083 0.0360111 0.0305897 0.0203209 0.6282179 0.0270393 0.0519854 0.0244066 0.0421431 0.0861656 0.0000000 0.0279649 0.0655168 0.0058655 0.0231896 0.0228793 0.0243306 0.0417215 0.0577483 0.0857432 0.0363044 0.0429860 0.0436661 0.0384896 0.1747322 0.0269967 0.0417783 0.0498865 0.0222098 0.0565284 0.0418739 0.0255598 0.0261597 0.0407562 0.0193863 0.0427170 0.0534428 0.0304145 0.0184803 0.0219143 0.0411836 0.0240375 0.0225714 0.0147409 0.0431211 0.0302191 0.0945595 0.0479534 0.0409788 0.0206998 0.0211240 0.0904338 0.0398409 0.0748176 0.0416345 0.1737315 0.0891036 0.0525307 0.0491773 0.0507372 0.0201582 0.0231775 0.0231896 0.0452051 0.0194652 0.0185188 0.0235482 0.0248275 0.0402730 0.1932906 0.6852730 0.0254275 0.1386994 0.0422038 0.0434112 0.4849462 0.1034008 
Perityle_cernua_84                         0.1617900 0.0478365 0.1936343 0.5175104 0.0235617 0.0948053 0.3618051 0.3253723 0.6462616 0.2374551 0.0358589 0.0339187 0.0282948 0.6773118 0.0375624 0.0511670 0.0299643 0.0417681 0.0727458 0.0279649 0.0000000 0.0268464 0.0233641 0.0245705 0.0302544 0.0294907 0.0386471 0.0557785 0.0749944 0.0385592 0.0504614 0.0402265 0.0324991 0.1382923 0.0278772 0.0411474 0.0467043 0.0302649 0.0486077 0.0424684 0.0275666 0.0297332 0.0388500 0.0244773 0.0388516 0.0481182 0.0357918 0.0238770 0.0257307 0.0410985 0.0275394 0.0281070 0.0246463 0.0420252 0.0357016 0.0836979 0.0492600 0.0431503 0.0249328 0.0301180 0.0792626 0.0393353 0.0640341 0.0375926 0.1307178 0.0776025 0.0461659 0.0458669 0.0486772 0.0351512 0.0278038 0.0245705 0.0432623 0.0246755 0.0304811 0.0316203 0.0422242 0.0428601 0.2602297 0.7056203 0.0338102 0.1395800 0.0443172 0.0371539 0.4840245 0.0997112 
Perityle_cfvillosa_25_tin                  0.1627322 0.0437838 0.2300647 0.5200700 0.0399855 0.1032769 0.4249192 0.3191244 0.6521474 0.2849546 0.0891337 0.0674295 0.0269331 0.6776985 0.0311336 0.0641114 0.0698523 0.0572804 0.0745169 0.0655168 0.0268464 0.0000000 0.0087920 0.0690099 0.0302775 0.0101950 0.0431286 0.1155973 0.1158142 0.0434103 0.0511560 0.0912983 0.0824632 0.1382718 0.0605375 0.0460438 0.0776035 0.0311027 0.0927465 0.0414278 0.0458623 0.0274697 0.0876662 0.0064094 0.0593886 0.1043477 0.0336239 0.0472308 0.0526662 0.0632502 0.0382037 0.0265596 0.0093096 0.0957804 0.0322268 0.0855202 0.0516238 0.0410175 0.0582523 0.0359257 0.0798134 0.0423134 0.0609190 0.0415767 0.1476158 0.0779076 0.0485543 0.0471854 0.0945961 0.0226892 0.0656019 0.0695133 0.0896999 0.0593638 0.0116367 0.0319414 0.0283502 0.0481933 0.3023502 0.7130750 0.0259601 0.1382103 0.0694453 0.0960895 0.4783871 0.1058002 
Perityle_cinerea_113_Powell1310            0.0444421 0.0417028 0.0236443 0.4364505 0.0264351 0.0206430 0.2372208 0.3020835 0.4942507 0.0295988 0.0235005 0.0177335 0.0204219 0.4676421 0.0145425 0.0384030 0.0000010 0.0416618 0.0694682 0.0058655 0.0233641 0.0087920 0.0000000 0.0086940 0.0145842 0.0058655 0.0355579 0.0479750 0.0541817 0.0324739 0.0495995 0.0417237 0.0329161 0.0295760 0.0175557 0.0416646 0.0570238 0.0000010 0.0356687 0.0297385 0.0145609 0.0116240 0.0414708 0.0058655 0.0445137 0.0451290 0.0263815 0.0058655 0.0117913 0.0446328 0.0076536 0.0087138 0.0088123 0.0385440 0.0204484 0.0823277 0.0449049 0.0389855 0.0088123 0.0058655 0.0699772 0.0371788 0.0667291 0.0359014 0.0234944 0.0605445 0.0385834 0.0458055 0.0443271 0.0031634 0.0000010 0.0086940 0.0416410 0.0058655 0.0118035 0.0086807 0.0144087 0.0480814 0.1333139 0.4680604 0.0174772 0.1271593 0.0264368 0.0416646 0.4517320 0.0740065 
Perityle_coahuilensis_24                   0.1603547 0.0503483 0.2449422 0.5116233 0.0240701 0.0994451 0.4251496 0.3189892 0.6553372 0.2743906 0.0417523 0.0318348 0.0147507 0.6778075 0.0188327 0.0475358 0.0194169 0.0408274 0.0756786 0.0231896 0.0245705 0.0690099 0.0086940 0.0000000 0.0167160 0.0274573 0.0394456 0.1279218 0.0739871 0.0401682 0.0479523 0.0437503 0.0400026 0.1399315 0.0178501 0.0435385 0.0497255 0.0137142 0.0533063 0.0370355 0.0045379 0.0051574 0.0479924 0.0221199 0.0491806 0.0605037 0.0164842 0.0261171 0.0280377 0.0491906 0.0067935 0.0129730 0.0213546 0.0447133 0.0224313 0.0890394 0.0477554 0.0407272 0.0225471 0.0271523 0.0829379 0.0396309 0.0680753 0.0416758 0.1118351 0.0816117 0.0459945 0.0472368 0.0499556 0.0098963 0.0159299 0.0020824 0.0482973 0.0531606 0.0246318 0.0162291 0.0244016 0.0491696 0.2371432 0.7454189 0.0174094 0.1424943 0.0290563 0.0393384 0.4844467 0.1053564 
Perityle_cochisensis_44_cave_creek         0.1341490 0.0619367 0.1056997 0.5270888 0.0280303 0.0864736 0.4197393 0.3132721 0.6523863 0.1423162 0.0453569 0.0333458 0.0216399 0.6757554 0.0243065 0.0450145 0.0215320 0.0394317 0.0755544 0.0228793 0.0302544 0.0302775 0.0145842 0.0167160 0.0000000 0.0317478 0.0464828 0.0579304 0.0754737 0.0414676 0.0536009 0.0466485 0.0366788 0.1280823 0.0216160 0.0485295 0.0526198 0.0189402 0.0595826 0.0390909 0.0157138 0.0191623 0.0462525 0.0264239 0.0475045 0.0611056 0.0276570 0.0278115 0.0315124 0.0488081 0.0240900 0.0203510 0.0303198 0.0472160 0.0268877 0.0880015 0.0550714 0.0492006 0.0255638 0.0278164 0.0847928 0.0493479 0.0662479 0.0496313 0.0432116 0.0779912 0.0489490 0.0514922 0.0530040 0.0224951 0.0191173 0.0167160 0.0495805 0.0504792 0.0318496 0.0215440 0.0316203 0.0521174 0.2897932 0.7012368 0.0230575 0.1541755 0.0338245 0.0373989 0.4750326 0.1054543 
Perityle_congesta_202                      0.1644200 0.0460863 0.1811397 0.5294692 0.0322319 0.0953803 0.3666227 0.3189892 0.6583918 0.2365656 0.0467514 0.0271366 0.0300059 0.6827413 0.0338139 0.0512736 0.0274175 0.0489668 0.0773676 0.0243306 0.0294907 0.0101950 0.0058655 0.0274573 0.0317478 0.0000000 0.0421889 0.0607714 0.0763294 0.0480414 0.0513039 0.0485974 0.0397649 0.1446494 0.0307111 0.0495215 0.0538905 0.0308518 0.0611574 0.0429792 0.0319333 0.0310836 0.0471546 0.0074845 0.0482574 0.0574497 0.0358789 0.0061729 0.0112127 0.0494059 0.0452534 0.0294931 0.0120440 0.0486712 0.0351932 0.0881689 0.0534883 0.0438878 0.0106298 0.0142973 0.0833514 0.0422821 0.0610043 0.0416638 0.1257467 0.0821118 0.0493862 0.0472459 0.0548907 0.0253323 0.0274293 0.0274573 0.0473118 0.0278427 0.0116356 0.0252734 0.0248275 0.0507281 0.2655464 0.7358051 0.0307957 0.1412811 0.0437396 0.0465067 0.4849462 0.1059847 
Perityle_cordifolia_27                     0.1686833 0.0616395 0.1567368 0.5491896 0.0394954 0.1075688 0.4103827 0.3298996 0.6717973 0.2027551 0.0502466 0.0461518 0.0500777 0.6861822 0.0528932 0.0632553 0.0428793 0.0636833 0.0813539 0.0417215 0.0386471 0.0431286 0.0355579 0.0394456 0.0464828 0.0421889 0.0000000 0.0691318 0.0798045 0.0588102 0.0618394 0.0573002 0.0456245 0.1531806 0.0453090 0.0207904 0.0580940 0.0426539 0.0675840 0.0550070 0.0425212 0.0418202 0.0532978 0.0423041 0.0544690 0.0684664 0.0499147 0.0407620 0.0442555 0.0556948 0.0454565 0.0417887 0.0399962 0.0055877 0.0514119 0.0978328 0.0605997 0.0349256 0.0392835 0.0454106 0.0861366 0.0514738 0.0773299 0.0033578 0.1066439 0.0876488 0.0042614 0.0570913 0.0671962 0.0484564 0.0417560 0.0394456 0.0618021 0.0645078 0.0465645 0.0382409 0.0462077 0.0634839 0.2842602 0.7330665 0.0492999 0.1422822 0.0558373 0.0108095 0.4909274 0.1150889 
Perityle_cordifolia_68_tecolote            0.1910464 0.0759147 0.2769999 0.5307559 0.0582022 0.1121049 0.4566693 0.3284528 0.6736568 0.3120680 0.1154613 0.1296792 0.0626375 0.7011648 0.0710390 0.0828133 0.1033278 0.0795411 0.1042007 0.0577483 0.0557785 0.1155973 0.0479750 0.1279218 0.0579304 0.0607714 0.0691318 0.0000000 0.1180317 0.0681939 0.0706732 0.0921804 0.1172346 0.1730925 0.0843616 0.0657895 0.0728840 0.0635760 0.0853817 0.0751410 0.0592319 0.0614927 0.0790163 0.0533119 0.1444055 0.1513573 0.0673483 0.1013713 0.0815266 0.1309833 0.0640182 0.0708234 0.0650928 0.0755829 0.0672121 0.1059028 0.0137568 0.0664133 0.0585115 0.1301566 0.0948292 0.0766617 0.0773511 0.0576998 0.2299847 0.1009359 0.0755026 0.0774641 0.0790220 0.0673058 0.0662658 0.1248749 0.0758628 0.0875020 0.0602764 0.0664095 0.0646336 0.0726680 0.2698223 0.8300683 0.0714534 0.1597243 0.1425468 0.0709166 0.4933138 0.1207180 
Perityle_coronopifolia_28_patagonia        0.1769931 0.0986997 0.2566231 0.5685954 0.0781238 0.1231582 0.4228590 0.3441816 0.6789566 0.2947689 0.0815723 0.0801486 0.0817384 0.6898888 0.0779411 0.0951299 0.0718910 0.0887986 0.0569425 0.0857432 0.0749944 0.1158142 0.0541817 0.0739871 0.0754737 0.0763294 0.0798045 0.1180317 0.0000000 0.0851313 0.1019068 0.0838579 0.0746447 0.1467715 0.0801189 0.0838649 0.0885552 0.0809314 0.0874166 0.0892363 0.0872072 0.0820783 0.0890573 0.0741617 0.0796168 0.0866037 0.0771896 0.0676273 0.0716422 0.0804105 0.1346529 0.0732663 0.0657023 0.0862551 0.0898224 0.0314783 0.0981365 0.0916321 0.0771559 0.0770051 0.0236873 0.0931755 0.0594206 0.0734433 0.1824576 0.0106453 0.0888079 0.0899024 0.0936158 0.0978536 0.0806347 0.0720409 0.0907462 0.1068956 0.0718674 0.0768085 0.0652017 0.0843269 0.2132201 0.7284942 0.0775452 0.0618695 0.0871214 0.0892326 0.5013000 0.0327149 
Perityle_crassifolia_70_ventanas           0.1742667 0.0570383 0.1519516 0.5180329 0.0401071 0.0904721 0.3637465 0.3429044 0.6334170 0.1725988 0.0494955 0.0495883 0.0417650 0.6432900 0.0512454 0.0666749 0.0431705 0.0535508 0.0930314 0.0363044 0.0385592 0.0434103 0.0324739 0.0401682 0.0414676 0.0480414 0.0588102 0.0681939 0.0851313 0.0000000 0.0289120 0.0576047 0.0435167 0.1566524 0.0432607 0.0509637 0.0601248 0.0447304 0.0663104 0.0592380 0.0417241 0.0417470 0.0522678 0.0433973 0.0538094 0.0648725 0.0509487 0.0418417 0.0464585 0.0538819 0.0525892 0.0417170 0.0418705 0.0603119 0.0570314 0.0979386 0.0568089 0.0545528 0.0434567 0.0434125 0.0928982 0.0534958 0.0767046 0.0611440 0.1014772 0.0886456 0.0634593 0.0614044 0.0615038 0.0457644 0.0432170 0.0401682 0.0102481 0.0434218 0.0458083 0.0418899 0.0498058 0.0574274 0.2713225 0.6861855 0.0462306 0.1475937 0.0587361 0.0509637 0.4920862 0.1041928 
Perityle_crassifolia_74_playa_balandra     0.0737390 0.0647615 0.0537761 0.4263835 0.0477883 0.1071091 0.2534805 0.3478570 0.5383911 0.0563950 0.0591452 0.0568541 0.0619796 0.5270224 0.0562701 0.0700681 0.0507909 0.0683781 0.1160251 0.0429860 0.0504614 0.0511560 0.0495995 0.0479523 0.0536009 0.0513039 0.0618394 0.0706732 0.1019068 0.0289120 0.0000000 0.0792352 0.0597701 0.0563551 0.0508920 0.0618018 0.0759482 0.0506851 0.0619767 0.0624014 0.0479523 0.0507452 0.0672424 0.0485091 0.0700459 0.0681238 0.0675388 0.0456969 0.0513150 0.0702168 0.0621854 0.0508001 0.0484558 0.0618394 0.0590420 0.1289650 0.0649837 0.0604820 0.0484558 0.0456969 0.1143679 0.0624178 0.1107124 0.0691306 0.0621524 0.1081529 0.0646232 0.0764982 0.0780093 0.0472732 0.0506851 0.0479523 0.0371434 0.0485091 0.0513640 0.0535295 0.0643914 0.0707068 0.1350417 0.5373570 0.0590770 0.1659009 0.0676902 0.0618018 0.4702255 0.1138641 
Perityle_cuneata_34_cuneata_San_antonio    0.1693029 0.0691322 0.2545912 0.5246378 0.0411721 0.1296039 0.4422955 0.3187344 0.6561026 0.2867836 0.0529262 0.0517531 0.0408023 0.6750845 0.0519987 0.0598226 0.0471500 0.0484079 0.0876200 0.0436661 0.0402265 0.0912983 0.0417237 0.0437503 0.0466485 0.0485974 0.0573002 0.0921804 0.0838579 0.0576047 0.0792352 0.0000000 0.0493993 0.1529168 0.0505522 0.0588658 0.0635964 0.0456249 0.0681980 0.0577166 0.0423162 0.0438348 0.0640874 0.0418689 0.0599181 0.0692266 0.0497917 0.0443936 0.0448206 0.0607089 0.0680961 0.0483861 0.0459139 0.0560934 0.0508222 0.0975526 0.0663616 0.0696300 0.0410563 0.0484231 0.0986245 0.0667819 0.0720659 0.0619803 0.1505998 0.0947002 0.0620177 0.0632428 0.0611231 0.0619753 0.0461903 0.0419700 0.0612483 0.0635953 0.0455703 0.0467553 0.0570416 0.0598766 0.2555454 0.7374836 0.0506573 0.1665734 0.0628559 0.0546134 0.4718042 0.1184371 
Perityle_cuneata_4                         0.1663322 0.0599462 0.2400929 0.5417124 0.0354781 0.1162067 0.4433890 0.3210169 0.6598415 0.2852206 0.0510289 0.0504599 0.0362708 0.6861344 0.0422528 0.0523455 0.0414099 0.0484850 0.0719949 0.0384896 0.0324991 0.0824632 0.0329161 0.0400026 0.0366788 0.0397649 0.0456245 0.1172346 0.0746447 0.0435167 0.0597701 0.0493993 0.0000000 0.1435486 0.0382948 0.0473488 0.0522406 0.0379149 0.0535720 0.0448960 0.0375075 0.0362466 0.0511609 0.0326139 0.0482057 0.0622195 0.0406108 0.0375930 0.0385703 0.0489768 0.0452657 0.0326606 0.0314260 0.0531792 0.0447364 0.0848365 0.0591155 0.0465707 0.0359281 0.0420289 0.0766594 0.0471449 0.0704164 0.0532596 0.1357409 0.0783118 0.0508647 0.0527301 0.0575022 0.0436092 0.0403798 0.0383475 0.0528381 0.0627600 0.0369815 0.0400025 0.0581957 0.0508591 0.2596764 0.7440880 0.0345159 0.1387474 0.0520783 0.0492306 0.4931371 0.1035245 
Perityle_discoidea_81                      0.0549081 0.0435249 0.1505876 0.5266528 0.1436487 0.0863510 0.5086852 0.3516754 0.6889154 0.0091403 0.1532507 0.1432236 0.1659714 0.7328647 0.1110415 0.1658241 0.1435460 0.1995187 0.1732102 0.1747322 0.1382923 0.1382718 0.0295760 0.1399315 0.1280823 0.1446494 0.1531806 0.1730925 0.1467715 0.1566524 0.0563551 0.1529168 0.1435486 0.0000000 0.1480743 0.1497911 0.1619545 0.1501482 0.1177771 0.1611343 0.1561878 0.1445844 0.1540411 0.1397544 0.1553545 0.1250997 0.1480244 0.1377669 0.1391054 0.1582781 0.2591717 0.1422792 0.1422616 0.1527078 0.1203136 0.1807139 0.1483407 0.0723689 0.1422374 0.1415475 0.1224570 0.1056300 0.0643266 0.0415341 0.1588408 0.1544964 0.1546709 0.1491049 0.1521463 0.0676519 0.1490390 0.1399315 0.1364971 0.1564928 0.1453341 0.1288582 0.0537770 0.1613144 0.4604825 0.7758709 0.1503514 0.2397894 0.1557690 0.1513986 0.4964618 0.2345576 
Perityle_dissecta_201                      0.1696616 0.0572303 0.2158337 0.5172493 0.0285704 0.1081474 0.3955467 0.3254952 0.6593622 0.2674585 0.0443843 0.0349209 0.0177688 0.6811683 0.0212538 0.0476152 0.0160055 0.0408273 0.0813740 0.0269967 0.0278772 0.0605375 0.0175557 0.0178501 0.0216160 0.0307111 0.0453090 0.0843616 0.0801189 0.0432607 0.0508920 0.0505522 0.0382948 0.1480743 0.0000000 0.0493664 0.0549816 0.0137342 0.0612089 0.0381557 0.0148967 0.0166844 0.0491656 0.0266535 0.0499610 0.0625233 0.0198712 0.0291914 0.0307180 0.0517498 0.0101921 0.0190718 0.0290132 0.0498580 0.0224469 0.0954888 0.0550935 0.0491460 0.0274076 0.0311601 0.0863487 0.0468154 0.0718636 0.0495815 0.1284651 0.0871957 0.0504761 0.0447752 0.0555583 0.0174285 0.0190306 0.0160396 0.0523883 0.0490369 0.0330574 0.0173547 0.0316450 0.0517963 0.2559776 0.7268053 0.0174433 0.1541770 0.0361453 0.0401326 0.4941910 0.1128598 
Perityle_emoryi_47_punta_san_jose          0.1717678 0.0662536 0.1805260 0.5485307 0.0408377 0.1117233 0.3932058 0.3359171 0.6807033 0.2139591 0.0513760 0.0478794 0.0438208 0.7024674 0.0577324 0.0674838 0.0480880 0.0563994 0.0798767 0.0417783 0.0411474 0.0460438 0.0416646 0.0435385 0.0485295 0.0495215 0.0207904 0.0657895 0.0838649 0.0509637 0.0618018 0.0588658 0.0473488 0.1497911 0.0493664 0.0000000 0.0585209 0.0487020 0.0704609 0.0590177 0.0359251 0.0435692 0.0537695 0.0447080 0.0549266 0.0708786 0.0543177 0.0436953 0.0471583 0.0561380 0.0418366 0.0424058 0.0417601 0.0211998 0.0538026 0.0963087 0.0624500 0.0349149 0.0441925 0.0494758 0.0827710 0.0538915 0.0716059 0.0067319 0.1269266 0.0863432 0.0267667 0.0566605 0.0641245 0.0483851 0.0469754 0.0435385 0.0514627 0.0553570 0.0481379 0.0450617 0.0535961 0.0622081 0.2872075 0.7420134 0.0527392 0.1477280 0.0609430 0.0000010 0.5016411 0.1202056 
Perityle_feddemae_99                       0.1830197 0.0779129 0.2243784 0.5383035 0.0489223 0.1240129 0.4098821 0.3228964 0.6807971 0.2765445 0.0569780 0.0570545 0.0513695 0.6627900 0.0610782 0.0716386 0.0506445 0.0674599 0.0866689 0.0498865 0.0467043 0.0776035 0.0570238 0.0497255 0.0526198 0.0538905 0.0580940 0.0728840 0.0885552 0.0601248 0.0759482 0.0635964 0.0522406 0.1619545 0.0549816 0.0585209 0.0000000 0.0521342 0.0757365 0.0634659 0.0481463 0.0535601 0.0106213 0.0485068 0.0097815 0.0751555 0.0574937 0.0493934 0.0509672 0.0107230 0.0489789 0.0499633 0.0442141 0.0620205 0.0607707 0.0991370 0.0641442 0.0602634 0.0484030 0.0550700 0.0929918 0.0539516 0.0849421 0.0573015 0.1648017 0.0883342 0.0655004 0.0641265 0.0718138 0.0589658 0.0538541 0.0497255 0.0652658 0.0694425 0.0524965 0.0517908 0.0684347 0.0632434 0.2757217 0.7114989 0.0540680 0.1481989 0.0683668 0.0548684 0.4731007 0.1200515 
Perityle_fosteri_93                        0.1619246 0.0549500 0.2031857 0.5292831 0.0277893 0.0994451 0.3591136 0.3189892 0.6677285 0.2462651 0.0449101 0.0313050 0.0191952 0.6854905 0.0207141 0.0508957 0.0083921 0.0440320 0.0812120 0.0222098 0.0302649 0.0311027 0.0000010 0.0137142 0.0189402 0.0308518 0.0426539 0.0635760 0.0809314 0.0447304 0.0506851 0.0456249 0.0379149 0.1501482 0.0137342 0.0487020 0.0521342 0.0000000 0.0595559 0.0426481 0.0152239 0.0176057 0.0442450 0.0258191 0.0464601 0.0595903 0.0226436 0.0248618 0.0267164 0.0465053 0.0170345 0.0157271 0.0272778 0.0475530 0.0212172 0.0921954 0.0568376 0.0489848 0.0245772 0.0256178 0.0812547 0.0467650 0.0700148 0.0416758 0.1336980 0.0816064 0.0489120 0.0484849 0.0552033 0.0049030 0.0073391 0.0137142 0.0522540 0.0245633 0.0332800 0.0174356 0.0244113 0.0555447 0.2534118 0.7098409 0.0202537 0.1481306 0.0308879 0.0402331 0.4865441 0.1052868 
Perityle_gamon_221                         0.1288568 0.0641074 0.2019141 0.5428984 0.0523249 0.1034814 0.4429429 0.3268335 0.6805659 0.2351092 0.0615647 0.0639569 0.0628139 0.6916050 0.0593064 0.0696230 0.0584176 0.0741183 0.0929200 0.0565284 0.0486077 0.0927465 0.0356687 0.0533063 0.0595826 0.0611574 0.0675840 0.0853817 0.0874166 0.0663104 0.0619767 0.0681980 0.0535720 0.1177771 0.0612089 0.0704609 0.0757365 0.0595559 0.0000000 0.0650266 0.0598388 0.0632921 0.0648459 0.0543415 0.0668331 0.0233755 0.0655952 0.0540068 0.0555014 0.0698905 0.0591660 0.0579591 0.0559379 0.0677162 0.0596843 0.1017552 0.0659699 0.0576043 0.0521603 0.0601146 0.0931749 0.0422989 0.0775749 0.0376563 0.1270352 0.0914794 0.0759174 0.0779741 0.0711258 0.0566118 0.0619252 0.0533063 0.0712274 0.0725126 0.0590920 0.0610056 0.0536760 0.0677732 0.2881662 0.7266259 0.0625426 0.1534679 0.0686621 0.0653770 0.5029970 0.1164185 
Perityle_gentryi_8_san_francisco           0.1806318 0.0716056 0.1895614 0.5320291 0.0445896 0.1037449 0.3835816 0.3379452 0.6583825 0.2663096 0.0540558 0.0452473 0.0439532 0.6935192 0.0445183 0.0187807 0.0401446 0.0601929 0.0961910 0.0418739 0.0424684 0.0414278 0.0297385 0.0370355 0.0390909 0.0429792 0.0550070 0.0751410 0.0892363 0.0592380 0.0624014 0.0577166 0.0448960 0.1611343 0.0381557 0.0590177 0.0634659 0.0426481 0.0650266 0.0000000 0.0388072 0.0373269 0.0563637 0.0371486 0.0585207 0.0677143 0.0445486 0.0376466 0.0403579 0.0596951 0.0454430 0.0378393 0.0383941 0.0618308 0.0459226 0.0997352 0.0684971 0.0580328 0.0395732 0.0414129 0.0885095 0.0619285 0.0702010 0.0495602 0.1353228 0.0903847 0.0610448 0.0644556 0.0721212 0.0432970 0.0423916 0.0370355 0.0627651 0.0584575 0.0430725 0.0438004 0.0429579 0.0651560 0.2795813 0.7458631 0.0417159 0.1601359 0.0529910 0.0566942 0.4994452 0.1208792 
Perityle_gilensis_22_Superstition          0.1693852 0.0549275 0.2386799 0.5167455 0.0292395 0.0994451 0.3605925 0.3189892 0.6604835 0.2537625 0.0413750 0.0325944 0.0162520 0.6598753 0.0206034 0.0480302 0.0160109 0.0437775 0.0786356 0.0255598 0.0275666 0.0458623 0.0145609 0.0045379 0.0157138 0.0319333 0.0425212 0.0592319 0.0872072 0.0417241 0.0479523 0.0423162 0.0375075 0.1561878 0.0148967 0.0359251 0.0481463 0.0152239 0.0598388 0.0388072 0.0000000 0.0024208 0.0408446 0.0237619 0.0433133 0.0598509 0.0200771 0.0258367 0.0290216 0.0432810 0.0067935 0.0125202 0.0225534 0.0480330 0.0242905 0.0938192 0.0514448 0.0435553 0.0266978 0.0290209 0.0881462 0.0444680 0.0689733 0.0416758 0.1573329 0.0856672 0.0508272 0.0506785 0.0490942 0.0098963 0.0148718 0.0045327 0.0481170 0.0266814 0.0262796 0.0195975 0.0315587 0.0412122 0.2440273 0.7044399 0.0162822 0.1480356 0.0300136 0.0409238 0.4924786 0.1104820 
Perityle_gilensis_salensis_225             0.1643255 0.0549722 0.1775961 0.5292877 0.0277996 0.0994451 0.3745618 0.3189892 0.6495810 0.2230552 0.0453558 0.0267907 0.0162608 0.6809062 0.0218879 0.0471272 0.0166345 0.0418619 0.0771571 0.0261597 0.0297332 0.0274697 0.0116240 0.0051574 0.0191623 0.0310836 0.0418202 0.0614927 0.0820783 0.0417470 0.0507452 0.0438348 0.0362466 0.1445844 0.0166844 0.0435692 0.0535601 0.0176057 0.0632921 0.0373269 0.0024208 0.0000000 0.0468670 0.0244006 0.0479629 0.0621774 0.0190818 0.0244918 0.0284667 0.0491039 0.0067935 0.0127324 0.0246719 0.0491450 0.0255107 0.0916942 0.0514786 0.0435553 0.0267684 0.0263237 0.0847317 0.0420557 0.0700509 0.0416758 0.1095901 0.0816934 0.0485194 0.0498812 0.0553794 0.0124007 0.0155974 0.0051574 0.0476613 0.0474604 0.0246500 0.0170199 0.0279805 0.0505153 0.2650910 0.7330793 0.0194235 0.1453011 0.0315200 0.0420454 0.4933256 0.1079433 
Perityle_glaucescens_94                    0.1738055 0.0661395 0.2459423 0.5281929 0.0397283 0.1156278 0.4288927 0.3173952 0.6678518 0.2906616 0.0577313 0.0535013 0.0435296 0.6615074 0.0529273 0.0638510 0.0487914 0.0584076 0.0808978 0.0407562 0.0388500 0.0876662 0.0414708 0.0479924 0.0462525 0.0471546 0.0532978 0.0790163 0.0890573 0.0522678 0.0672424 0.0640874 0.0511609 0.1540411 0.0491656 0.0537695 0.0106213 0.0442450 0.0648459 0.0563637 0.0408446 0.0468670 0.0000000 0.0414911 0.0055533 0.0733218 0.0505287 0.0420101 0.0481800 0.0036840 0.0381483 0.0439336 0.0399256 0.0629803 0.0518879 0.0925677 0.0510997 0.0516884 0.0407172 0.0470764 0.0910867 0.0441702 0.0751928 0.0454075 0.1542257 0.0840938 0.0594105 0.0549136 0.0672509 0.0508673 0.0489104 0.0479924 0.0618351 0.0615555 0.0462882 0.0464588 0.0607260 0.0554543 0.2646195 0.7009989 0.0459027 0.1476430 0.0626830 0.0553231 0.4767503 0.1171525 
Perityle_gracilis_11                       0.1641326 0.0438230 0.1714943 0.5261505 0.0257856 0.0997375 0.3689699 0.3253314 0.6415430 0.2199981 0.0421013 0.0229679 0.0254234 0.6851554 0.0310186 0.0449820 0.0220935 0.0441658 0.0759408 0.0193863 0.0244773 0.0064094 0.0058655 0.0221199 0.0264239 0.0074845 0.0423041 0.0533119 0.0741617 0.0433973 0.0485091 0.0418689 0.0326139 0.1397544 0.0266535 0.0447080 0.0485068 0.0258191 0.0543415 0.0371486 0.0237619 0.0244006 0.0414911 0.0000000 0.0426413 0.0542228 0.0333700 0.0021570 0.0074764 0.0438339 0.0381234 0.0246631 0.0101413 0.0450429 0.0335134 0.0849639 0.0498111 0.0410633 0.0064998 0.0107014 0.0816286 0.0422790 0.0609637 0.0416410 0.1148501 0.0793553 0.0485695 0.0450727 0.0505756 0.0227576 0.0232289 0.0221199 0.0402878 0.0064099 0.0083785 0.0242538 0.0248275 0.0468911 0.2666240 0.7271292 0.0269471 0.1412811 0.0379791 0.0413708 0.4849462 0.1059847 
