85
Amauria_brandeegeana_62                    0.0000000 0.1000520 0.0149406 0.3170620 0.2383422 0.0000010 0.5270264 0.3790043 0.3087226 0.1242288 0.2642732 0.1292897 0.1814169 0.1274538 0.0924024 0.1387656 0.1323865 0.1242391 0.3951233 0.2366330 0.1490427 0.1279818 0.0000010 0.1261007 0.1697697 0.1324585 0.2795540 0.1403957 0.3041217 0.3624349 0.4359610 0.1304064 0.1901403 0.1197760 0.1752315 1.0307832 0.1742735 0.8778329 0.4358814 0.1702465 0.1353911 0.3502546 0.1632858 0.0000010 0.1608852 0.4295498 0.1260857 0.1325240 0.1505930 0.1551375 0.1723256 0.1302926 0.1248180 0.7430047 0.1130795 0.3015532 0.1082192 0.1073788 0.2409194 0.1256499 0.1303755 0.1556613 0.2855962 0.0763836 0.1358731 0.3007443 0.1982662 0.1487857 0.0731568 0.1257478 0.1244673 0.5225397 0.1271456 0.1372366 0.1297323 0.1301796 0.1440532 0.1866318 0.1310774 0.2741759 0.2466774 0.1271509 0.1550446 0.1815486 0.2834129 
Amauria_carterae_99_mesa                   0.1000520 0.0000000 0.0946812 0.1829010 0.1022367 0.0674225 0.3396165 0.1367732 0.2308315 0.1078771 0.1073353 0.1244782 0.1652163 0.1047612 0.1124621 0.1107459 0.1003801 0.1117738 0.3102124 0.1540458 0.1034793 0.1083702 0.0688612 0.1061618 0.2768477 0.1077763 0.1065824 0.1074815 0.1028635 0.2341842 0.2384316 0.1042517 0.1207996 0.1356480 0.2842625 0.4586025 0.1249511 0.4579905 0.2164793 0.1114186 0.1034421 0.2818952 0.1174791 0.4342246 0.1157550 0.2214512 0.1046638 0.1065338 0.1107355 0.1210179 0.2801420 0.0946805 0.0973872 0.1815332 0.2467796 0.1010241 0.1344021 0.1131345 0.2658481 0.1083702 0.1346519 0.1134674 0.1104987 0.0975152 0.1079373 0.1015689 0.1074959 0.1438667 0.1046086 0.1078436 0.1061618 0.1864799 0.1084025 0.1046841 0.0933583 0.0986610 0.1424033 0.1144549 0.0947165 0.1093644 0.1045907 0.1120233 0.1095794 0.1425042 0.1080380 
Amauria_rotundifolia_SRR9119150            0.0149406 0.0946812 0.0000000 0.4271030 0.3447316 0.0650503 0.4313795 0.2448358 0.3655757 0.1198589 0.3156230 0.1648024 0.2241434 0.1170045 0.0991666 0.1401166 0.1208831 0.1174998 0.3926642 0.2560475 0.1417973 0.1252731 0.0844521 0.1243901 0.3196732 0.1239738 0.1901586 0.1316076 0.3262642 0.3867995 0.4953620 0.1081933 0.1849250 0.1293447 0.3261513 0.5749004 0.2149948 0.5617435 0.4753010 0.1677868 0.1278984 0.4127811 0.2065275 0.5220944 0.1319804 0.4928484 0.1201265 0.1255876 0.1447945 0.2218721 0.3201597 0.1397308 0.1131927 0.2586890 0.3225315 0.2703753 0.1060744 0.1056494 0.2858222 0.1302675 0.1361002 0.1395060 0.2825226 0.0853028 0.1324220 0.3238627 0.1771779 0.2085354 0.0753139 0.1265895 0.1237491 0.2799744 0.1331159 0.1383458 0.1227376 0.1120355 0.2103914 0.2590264 0.1478503 0.1816365 0.2181505 0.1318320 0.1371058 0.2044088 0.2710903 
Conoclinium_coelestinum_SRR9119114         0.3170620 0.1829010 0.4271030 0.0000000 0.4648966 0.1716617 0.4015352 0.2302421 0.4157804 0.3230928 0.4728219 0.4633933 0.3361152 0.4098962 0.2615779 0.4061372 0.3721458 0.2627146 0.3497430 0.4054730 0.3166743 0.3130786 0.1932587 0.4287362 0.3965038 0.3968474 0.4542950 0.3982664 0.4920864 0.3750034 0.4562981 0.3894928 0.4371819 0.3314215 0.4313260 0.4751218 0.3682075 0.4575909 0.4518181 0.3488202 0.4276393 0.4521173 0.3791660 0.5282123 0.2421992 0.4669909 0.4234446 0.4115032 0.4141809 0.3425595 0.4354768 0.2833834 0.4243750 0.4445579 0.4340483 0.3739836 0.1724707 0.3209747 0.4598746 0.3487445 0.3509704 0.1997051 0.3895357 0.1598552 0.4485222 0.4132070 0.4790438 0.3937121 0.1749194 0.3959080 0.4287362 0.3909018 0.3488691 0.3236978 0.3842119 0.1849331 0.3820615 0.4512014 0.3918513 0.4541980 0.3070450 0.3575493 0.4602014 0.2977876 0.3673018 
Eutetras_palmeri_63                        0.2383422 0.1022367 0.3447316 0.4648966 0.0000000 0.0067487 0.4380130 0.1967241 0.3505866 0.3026356 0.2782435 0.3550057 0.2880357 0.3340734 0.1389023 0.3120037 0.3080345 0.1509231 0.3310261 0.2657676 0.2679261 0.2784047 0.0691345 0.3613580 0.3322933 0.2959484 0.3782316 0.3287371 0.3074408 0.3633048 0.4383063 0.3054050 0.3400210 0.2847002 0.3623777 0.4116922 0.2207926 0.4332181 0.3182396 0.2352176 0.3318429 0.3968677 0.2481983 0.4261079 0.1667713 0.3874532 0.3241261 0.3258371 0.3403517 0.1832811 0.3687279 0.2408861 0.3160007 0.5126464 0.3371981 0.2181763 0.1378596 0.1903914 0.3620166 0.3063287 0.3554122 0.0775384 0.2580951 0.1171046 0.3656571 0.2975468 0.3850718 0.3374104 0.1300499 0.2664393 0.3611772 0.3709329 0.3411154 0.2578408 0.2903308 0.1032256 0.3234564 0.3257537 0.3051584 0.3435619 0.1447287 0.3417259 0.3423085 0.1637790 0.1958581 
Eutetras_pringlei_149_quer                 0.0000010 0.0674225 0.0650503 0.1716617 0.0067487 0.0000000 0.1877623 0.1047185 0.1047429 0.0000010 0.0362195 0.0713994 0.7563496 0.0580532 0.0000010 0.0667583 0.0596000 0.0593370 0.1500417 0.0000010 0.0594569 0.0000010 0.0745340 0.0560113 0.1319136 0.0630495 0.0740658 0.0458419 0.0476009 0.2496205 0.0000010 0.0438589 0.0857972 0.3600411 0.1400996 0.1482239 0.0379932 0.1501453 0.0862738 0.0633210 0.0596019 0.1407207 0.0308880 0.1445506 0.0309043 0.0900056 0.0670277 0.0631141 0.0558421 0.0343902 0.1407207 0.0000010 0.0491456 0.0831102 0.1903886 0.0328128 0.0000010 0.0594194 0.6324420 0.0000010 0.0000010 0.0354553 0.0691027 0.0719814 0.0631040 0.0400968 0.0666900 0.1060217 0.0000010 0.0667936 0.0560113 0.1015887 0.0000010 0.0000010 0.0522630 0.0573693 0.1060217 0.0628581 0.0522630 0.0594921 0.0474305 0.0000010 0.0450139 0.0614563 0.0820599 
Eutrochium_fistulosum_SRR9119106           0.5270264 0.3396165 0.4313795 0.4015352 0.4380130 0.1877623 0.0000000 0.3651948 0.5133303 0.4354590 0.4928899 0.4473282 0.5509086 0.4205367 0.5391810 0.4216339 0.4257853 0.4142283 0.3744326 0.5897471 0.3956633 0.4587831 0.1959521 0.4383842 0.3953362 0.4345327 0.4727266 0.4252642 0.4366122 0.4957090 0.5043938 0.4297276 0.5108616 0.4877970 0.3797480 0.3550286 0.3928631 0.3711595 0.5212126 0.4275761 0.4487457 0.4179327 0.3501517 0.3287537 0.3252071 0.5590737 0.4097234 0.4295950 0.4627274 0.3809372 0.4047225 0.5235051 0.4058727 0.5187211 0.4401120 0.3799288 0.4803436 0.4113810 0.6061623 0.5121891 0.4297914 0.3969103 0.3815347 0.3448086 0.4466175 0.5283660 0.4044261 0.4181742 0.5831707 0.4555146 0.4366015 0.5425443 0.5253769 0.5058075 0.4500339 0.3473114 0.4414348 0.4469756 0.4407234 0.4439759 0.3773661 0.4800321 0.4380126 0.3963920 0.4332515 
Galeana_pratensis_104_mex                  0.3790043 0.1367732 0.2448358 0.2302421 0.1967241 0.1047185 0.3651948 0.0000000 0.2721051 0.3792208 0.1945142 0.2389208 0.4566206 0.2408761 0.3750088 0.2260382 0.2405456 0.2124351 0.2747036 0.3752960 0.2280638 0.3863648 0.1139037 0.2347868 0.3071577 0.2486371 0.2534493 0.2288338 0.1901635 0.3326379 0.1874980 0.2591014 0.2508552 0.3774034 0.3135417 0.2940177 0.2114704 0.2677424 0.2596673 0.2317839 0.2355401 0.3341540 0.2019993 0.2723760 0.2022796 0.2577813 0.2290924 0.2468510 0.2468064 0.2051606 0.3080316 0.4008345 0.2415614 0.3093352 0.3294844 0.1860976 0.3282826 0.2175131 0.4513515 0.3863648 0.3402936 0.2393444 0.2035280 0.1642801 0.2396536 0.1851582 0.2121638 0.2164823 0.4217097 0.2398056 0.2347868 0.2447242 0.4003111 0.3857024 0.2403880 0.1911296 0.2159226 0.1934187 0.2384028 0.2519175 0.1965785 0.3914675 0.2278077 0.2049168 0.2197038 
Helianthus_annuus_SRR9119062               0.3087226 0.2308315 0.3655757 0.4157804 0.3505866 0.1047429 0.5133303 0.2721051 0.0000000 0.3142315 0.3905533 0.3622494 0.3852027 0.3520052 0.2997298 0.3610353 0.3533098 0.3023900 0.4522718 0.4314675 0.3412644 0.2967964 0.0785222 0.3491711 0.4400199 0.3547590 0.3825864 0.3534966 0.3591073 0.4867230 0.5263252 0.3710773 0.4066665 0.3237600 0.4441068 0.6009847 0.2970238 0.6032511 0.5084502 0.3440372 0.3387650 0.4959139 0.3047826 0.5906000 0.2296892 0.5287995 0.3514494 0.3503697 0.3646889 0.2973517 0.4440704 0.3166380 0.3466187 0.4573590 0.4213966 0.3296918 0.3227465 0.2916945 0.4660341 0.3028294 0.3077827 0.2879989 0.3275821 0.1996505 0.3556845 0.3259938 0.3482952 0.3741481 0.2359753 0.3533059 0.3489767 0.4693933 0.3006757 0.2951443 0.3665904 0.2238537 0.3829168 0.3682923 0.3781273 0.3735804 0.2799368 0.3048078 0.3529338 0.2928356 0.3568190 
Lycapsus_tenuifolius_17                    0.1242288 0.1078771 0.1198589 0.3230928 0.3026356 0.0000010 0.4354590 0.3792208 0.3142315 0.0000000 0.3369200 0.1110902 0.1602831 0.1037780 0.0930667 0.1297971 0.1094253 0.1523101 0.4272244 0.2214761 0.1016149 0.1164535 0.0000010 0.0988394 0.0979329 0.1154831 0.2301453 0.1209841 0.3094358 0.3675266 0.4635185 0.1315250 0.2121938 0.0012803 0.1018413 0.0000010 0.1823084 0.6482136 0.4700347 0.1335856 0.1161977 0.2647062 0.1695929 0.0000010 0.1672604 0.4732997 0.1029014 0.1095029 0.1150050 0.1872826 0.0990806 0.1270625 0.1068136 0.7054253 0.1005398 0.2963041 0.1192621 0.1201132 0.2159108 0.1135427 0.1540586 0.1572192 0.2882436 0.0719667 0.1100435 0.3332683 0.1384801 0.1927545 0.0686007 0.1029141 0.0972746 0.5085068 0.1150095 0.1256912 0.1204329 0.1085451 0.2288290 0.1879535 0.1124933 0.1842644 0.2369946 0.1104108 0.1169563 0.1656247 0.3066546 
Pericome_caudata_50_silver                 0.2642732 0.1073353 0.3156230 0.4728219 0.2782435 0.0362195 0.4928899 0.1945142 0.3905533 0.3369200 0.0000000 0.2849235 0.3300334 0.3043526 0.1583872 0.2915185 0.2749312 0.1711114 0.3913217 0.2898131 0.2436119 0.2789709 0.0519847 0.2940780 0.3318571 0.2694548 0.3088533 0.2608411 0.2757123 0.3726110 0.4492690 0.3066919 0.3387078 0.3230490 0.3385712 0.3862158 0.2426821 0.4289602 0.3204898 0.2179976 0.2929640 0.3980673 0.2573509 0.4094566 0.1647854 0.3292473 0.2928025 0.2912204 0.2906575 0.2168653 0.3591829 0.2391975 0.2759213 0.4360718 0.3108034 0.2001790 0.1597222 0.1670865 0.3687852 0.2845916 0.3402031 0.0845662 0.2336174 0.0877832 0.3082787 0.2215810 0.3307687 0.3526448 0.1125488 0.2651984 0.2940780 0.3759217 0.2947801 0.2693950 0.2624675 0.0993951 0.3159095 0.2712659 0.2780254 0.3173794 0.1399448 0.2974776 0.2875624 0.1683493 0.2042892 
Perityle_aglossa_84_dead_horse             0.1292897 0.1244782 0.1648024 0.4633933 0.3550057 0.0713994 0.4473282 0.2389208 0.3622494 0.1110902 0.2849235 0.0000000 0.1340328 0.0872272 0.0354992 0.1164153 0.0716209 0.1379529 0.3868747 0.1782342 0.0457646 0.0387448 0.0429387 0.1126455 0.2339989 0.0898857 0.1976011 0.1154115 0.3312916 0.3943504 0.5103681 0.1605988 0.2385558 0.1165847 0.2521288 0.5281245 0.2137793 0.5177435 0.4627929 0.0965475 0.1023068 0.3492319 0.2442458 0.5052813 0.1320521 0.4965736 0.1056549 0.1012079 0.1083468 0.2195262 0.2395906 0.0577535 0.1148064 0.3090218 0.2253357 0.2283919 0.0555687 0.0634436 0.2223058 0.0441820 0.1601223 0.1484799 0.2710299 0.0534228 0.1070129 0.3115394 0.1874035 0.2630035 0.0131444 0.0927818 0.1120334 0.3090578 0.0608079 0.0404997 0.0903678 0.0622424 0.2508031 0.2639556 0.1029967 0.1504426 0.1921854 0.0681214 0.1960388 0.1945589 0.2390479 
Perityle_ajoensis_204                      0.1814169 0.1652163 0.2241434 0.3361152 0.2880357 0.7563496 0.5509086 0.4566206 0.3852027 0.1602831 0.3300334 0.1340328 0.0000000 0.1183432 0.0921210 0.1487181 0.1258383 0.2234262 0.5254135 0.2574118 0.1160658 0.0897852 0.5870594 0.1199377 0.1227256 0.1382513 0.1713761 0.1432981 0.3707054 0.4512043 0.4943518 0.2239870 0.3105994 0.1645411 0.1294182 0.8433353 0.1877712 0.7278481 0.4284818 0.1760525 0.1341901 0.2047785 0.1905879 0.7749386 0.1846389 0.4330152 0.1184727 0.1412050 0.1460536 0.2008501 0.1210774 0.0468117 0.1105918 0.7087748 0.1283031 0.3298435 0.0982663 0.1476587 0.2781323 0.0877050 0.2037703 0.2781731 0.3234569 0.1220442 0.1342081 0.3665044 0.1487289 0.2212211 0.0220056 0.1390882 0.1184283 0.5936634 0.0859001 0.0863207 0.0992014 0.1302395 0.2538189 0.2486799 0.1013315 0.1446023 0.3066236 0.0876011 0.2082469 0.2568967 0.3444172 
Perityle_ambrosiifolia_67_green            0.1274538 0.1047612 0.1170045 0.4098962 0.3340734 0.0580532 0.4205367 0.2408761 0.3520052 0.1037780 0.3043526 0.0872272 0.1183432 0.0000000 0.0338808 0.0625916 0.0263507 0.1289197 0.3928390 0.1751981 0.0444278 0.0454342 0.0196818 0.0258512 0.2173267 0.0520077 0.1269368 0.0569668 0.3110593 0.3862546 0.5158703 0.1224737 0.1793184 0.1129594 0.2329274 0.5216113 0.2100047 0.5041042 0.4471115 0.0731684 0.0216910 0.3187207 0.2137580 0.4760670 0.1193328 0.4695930 0.0255981 0.0525582 0.0637047 0.2204340 0.2148098 0.0432385 0.0379649 0.2175775 0.2580446 0.2539004 0.0479364 0.0496661 0.2130247 0.0509066 0.1511390 0.1507959 0.2796595 0.0347475 0.0507152 0.3083924 0.1126289 0.2127386 0.0222006 0.0309047 0.0253091 0.2902617 0.0515856 0.0498452 0.0454877 0.0590151 0.2084928 0.2496399 0.0729369 0.1002083 0.2131647 0.0516443 0.1298573 0.1978170 0.2511824 
Perityle_angustifolia_13_Eagle_creek       0.0924024 0.1124621 0.0991666 0.2615779 0.1389023 0.0000010 0.5391810 0.3750088 0.2997298 0.0930667 0.1583872 0.0354992 0.0921210 0.0338808 0.0000000 0.0546305 0.0284452 0.1022794 0.4033350 0.0806971 0.0253072 0.0420700 0.0000010 0.0335998 0.0304757 0.0420538 0.2434878 0.0594374 0.1394935 0.2541417 0.2968526 0.1195792 0.1411896 0.0924454 0.0408922 0.0000010 0.1452247 0.3100077 0.3204784 0.0584886 0.0339227 0.2705707 0.1448803 0.0000010 0.1391553 0.3181341 0.0257530 0.0420771 0.0489901 0.1418237 0.0337499 0.0494287 0.0405230 0.7416974 0.0251411 0.1130765 0.0561870 0.0618482 0.1135871 0.0403304 0.1367747 0.1520143 0.1398342 0.0280627 0.0390166 0.1415103 0.1344362 0.1389895 0.0000010 0.0352811 0.0318617 0.4382245 0.0437853 0.0490227 0.0457700 0.0753612 0.1393683 0.1709651 0.0457759 0.1522949 0.1403517 0.0420592 0.0854141 0.1801961 0.1726546 
Perityle_batopilensis_97                   0.1387656 0.1107459 0.1401166 0.4061372 0.3120037 0.0667583 0.4216339 0.2260382 0.3610353 0.1297971 0.2915185 0.1164153 0.1487181 0.0625916 0.0546305 0.0000000 0.0692772 0.1428061 0.3916627 0.2097121 0.0922939 0.0593196 0.0382009 0.0690746 0.2660663 0.0759849 0.1581860 0.0780727 0.2923914 0.3911201 0.5034894 0.1478404 0.2018500 0.1339932 0.2876430 0.5401921 0.2289547 0.5200941 0.4559846 0.0556379 0.0761756 0.3459774 0.2233174 0.4937225 0.1311675 0.4561535 0.0718420 0.0752684 0.0964100 0.2277356 0.2734088 0.0605379 0.0656192 0.1954315 0.2834169 0.2414270 0.0633836 0.0616753 0.2382543 0.0695179 0.1693250 0.1392976 0.2566658 0.0413520 0.0821124 0.2512899 0.1299313 0.2207739 0.0240291 0.0767712 0.0684607 0.2885594 0.0674371 0.0620958 0.0677090 0.0659364 0.2183946 0.2573837 0.0855892 0.1390697 0.2078910 0.0702607 0.1506360 0.1967312 0.2570965 
Perityle_bisetosa_9                        0.1323865 0.1003801 0.1208831 0.3721458 0.3080345 0.0596000 0.4257853 0.2405456 0.3533098 0.1094253 0.2749312 0.0716209 0.1258383 0.0263507 0.0284452 0.0692772 0.0000000 0.1285232 0.3963989 0.1776803 0.0567879 0.0511707 0.0151003 0.0288024 0.2297513 0.0533006 0.1272514 0.0581029 0.2848512 0.3779712 0.5016505 0.1301990 0.1771338 0.1206162 0.2370238 0.5199342 0.1978625 0.5016452 0.4362204 0.0953055 0.0367747 0.3221379 0.1884108 0.4844256 0.1242760 0.4612699 0.0215691 0.0523967 0.0699697 0.2074389 0.2201400 0.0481957 0.0379897 0.1791654 0.2463446 0.2460146 0.0579049 0.0489752 0.2151835 0.0543531 0.1559309 0.1437947 0.2597555 0.0342755 0.0476704 0.3092706 0.0971724 0.1934399 0.0000010 0.0229267 0.0282722 0.2736467 0.0561065 0.0560743 0.0473525 0.0581278 0.2086764 0.2305301 0.0710627 0.0988101 0.2096758 0.0563299 0.1305978 0.1972525 0.2583553 
Perityle_californica_76_positas            0.1242391 0.1117738 0.1174998 0.2627146 0.1509231 0.0593370 0.4142283 0.2124351 0.3023900 0.1523101 0.1711114 0.1379529 0.2234262 0.1289197 0.1022794 0.1428061 0.1285232 0.0000000 0.3514804 0.2037046 0.1261018 0.1356193 0.0918398 0.1338524 0.2738548 0.1273874 0.1676213 0.1354390 0.1714436 0.3282371 0.3945038 0.1388722 0.1608513 0.1604460 0.2835567 0.4956850 0.1496338 0.4826013 0.3100007 0.1372405 0.1294934 0.3605640 0.1434971 0.4676998 0.1403985 0.3148301 0.1327579 0.1294913 0.1326289 0.1491763 0.2774989 0.1475938 0.1235876 0.2402972 0.2543480 0.1721833 0.1284590 0.1149459 0.2431605 0.1362185 0.1553901 0.1250838 0.1683721 0.0790939 0.1353785 0.1663180 0.1462678 0.1978902 0.0591814 0.1287713 0.1327469 0.2789412 0.1382029 0.1408638 0.1279940 0.1137328 0.1964542 0.1655693 0.1239520 0.1471624 0.1580764 0.1380200 0.0735831 0.1352423 0.1909562 
Perityle_canescens_77                      0.3951233 0.3102124 0.3926642 0.3497430 0.3310261 0.1500417 0.3744326 0.2747036 0.4522718 0.4272244 0.3913217 0.3868747 0.5254135 0.3928390 0.4033350 0.3916627 0.3963989 0.3514804 0.0000000 0.4613091 0.3807890 0.4144858 0.1795005 0.3884077 0.3418894 0.3880961 0.4412755 0.3771741 0.3264541 0.4465743 0.4143028 0.4141963 0.4652551 0.4417645 0.3430360 0.2955060 0.3014819 0.3186745 0.4219752 0.3848648 0.3981586 0.3708475 0.3011831 0.3015420 0.2836922 0.4309768 0.3946375 0.3865925 0.4003356 0.2909981 0.3481540 0.4250680 0.3843867 0.4679571 0.3268638 0.3208481 0.3330704 0.3502133 0.4989061 0.4462968 0.3887034 0.2914766 0.3017654 0.2670780 0.3913109 0.3263347 0.3872868 0.3874843 0.3775731 0.3910471 0.3884077 0.3281310 0.4551496 0.4205329 0.3867704 0.2812025 0.3829508 0.3433840 0.3910280 0.4345638 0.3104420 0.4581883 0.4071223 0.3155757 0.3417548 
Perityle_castillonii_96                    0.2366330 0.1540458 0.2560475 0.4054730 0.2657676 0.0000010 0.5897471 0.3752960 0.4314675 0.2214761 0.2898131 0.1782342 0.2574118 0.1751981 0.0806971 0.2097121 0.1776803 0.2037046 0.4613091 0.0000000 0.1526450 0.1578616 0.0000010 0.1682577 0.1788639 0.1703186 0.3829915 0.2090202 0.2534381 0.4603928 0.5310032 0.2548398 0.2286299 0.2114147 0.1878947 0.7866299 0.3261840 0.8655832 0.5005438 0.1728947 0.1886703 0.4273992 0.3093197 0.6592520 0.3302565 0.4949683 0.1750702 0.1686124 0.1777663 0.2769982 0.1785659 0.1704471 0.1792457 0.7140208 0.1064244 0.2544093 0.0588434 0.1243792 0.1585342 0.1672983 0.2808857 0.1515789 0.2301671 0.0256264 0.1895885 0.2694135 0.3091572 0.2945123 0.0220879 0.1130012 0.1663539 0.5259641 0.1689973 0.1705392 0.1750225 0.0907809 0.3173385 0.3290296 0.1811334 0.3105726 0.2138088 0.1673205 0.2241697 0.1588348 0.3274453 
Perityle_cernua_84                         0.1490427 0.1034793 0.1417973 0.3166743 0.2679261 0.0594569 0.3956633 0.2280638 0.3412644 0.1016149 0.2436119 0.0457646 0.1160658 0.0444278 0.0253072 0.0922939 0.0567879 0.1261018 0.3807890 0.1526450 0.0000000 0.0397004 0.0305362 0.0574131 0.2439603 0.0781384 0.1400985 0.0765729 0.2692739 0.3590304 0.4655851 0.1335671 0.1949823 0.1107269 0.2435511 0.5460543 0.1566126 0.5337111 0.4294677 0.1008978 0.0649257 0.3329609 0.1524329 0.4749574 0.1141885 0.4436846 0.0575440 0.0779779 0.0772635 0.1708080 0.2352518 0.0498946 0.0686947 0.1821998 0.2316662 0.2232443 0.0482472 0.0449151 0.1782537 0.0467464 0.1443050 0.1483722 0.2247907 0.0417163 0.0663041 0.2816666 0.1044778 0.2221051 0.0137827 0.0676401 0.0568032 0.2882029 0.0477840 0.0443824 0.0586630 0.0562028 0.2360325 0.2023901 0.0784793 0.1182513 0.1836528 0.0478429 0.1445470 0.1780474 0.2254636 
Perityle_cfvillosa_25_tin                  0.1279818 0.1083702 0.1252731 0.3130786 0.2784047 0.0000010 0.4587831 0.3863648 0.2967964 0.1164535 0.2789709 0.0387448 0.0897852 0.0454342 0.0420700 0.0593196 0.0511707 0.1356193 0.4144858 0.1578616 0.0397004 0.0000000 0.0000010 0.0461028 0.0486917 0.0085669 0.1942862 0.0650183 0.2806280 0.3640619 0.4663103 0.1453969 0.2079617 0.1132981 0.0560980 0.3882184 0.1598460 0.4804007 0.4576070 0.0692391 0.0608081 0.2001265 0.1539141 0.3882184 0.1518462 0.4589839 0.0445741 0.0083869 0.0082498 0.1660571 0.0513440 0.0637403 0.0501661 0.6508708 0.0540005 0.2507063 0.0553424 0.0517907 0.1446204 0.0023509 0.1517108 0.1409871 0.2426818 0.0278753 0.0375298 0.3057012 0.1170005 0.1752493 0.0131295 0.0488299 0.0448301 0.4887591 0.0106254 0.0152576 0.0549484 0.0475703 0.2045789 0.1668668 0.0537781 0.1186766 0.2225048 0.0047030 0.1215464 0.1769523 0.2854521 
Perityle_cinerea_113_Powell1310            0.0000010 0.0688612 0.0844521 0.1932587 0.0691345 0.0745340 0.1959521 0.1139037 0.0785222 0.0000010 0.0519847 0.0429387 0.5870594 0.0196818 0.0000010 0.0382009 0.0151003 0.0918398 0.1795005 0.0000010 0.0305362 0.0000010 0.0000000 0.0227722 0.1550616 0.0382931 0.0501408 0.0310166 0.0752696 0.2686798 0.0000010 0.0685471 0.0958422 0.4502020 0.1497139 0.1738554 0.0737359 0.1745125 0.1089810 0.0344261 0.0266109 0.1597503 0.0650444 0.1592954 0.0650839 0.1086880 0.0151271 0.0266397 0.0305145 0.0692795 0.1597503 0.0000010 0.0305340 0.0575661 0.1985298 0.0568800 0.0000010 0.0227722 0.6584663 0.0000010 0.0000010 0.0633820 0.1040448 0.0478273 0.0344416 0.0660524 0.0422059 0.0937889 0.0000010 0.0188999 0.0227722 0.1175535 0.0000010 0.0000010 0.0305297 0.0344372 0.0937889 0.0611363 0.0305297 0.0343986 0.0655572 0.0000010 0.0751711 0.0544455 0.0793619 
Perityle_coahuilensis_24                   0.1261007 0.1061618 0.1243901 0.4287362 0.3613580 0.0560113 0.4383842 0.2347868 0.3491711 0.0988394 0.2940780 0.1126455 0.1199377 0.0258512 0.0335998 0.0690746 0.0288024 0.1338524 0.3884077 0.1682577 0.0574131 0.0461028 0.0227722 0.0000000 0.2250349 0.0567889 0.1553972 0.0989330 0.2978388 0.3752001 0.4928490 0.1300078 0.1789721 0.1075259 0.2381278 0.5065576 0.2163541 0.4897752 0.4413640 0.0976892 0.0335275 0.3267038 0.2574929 0.4654719 0.1220229 0.5059427 0.0318306 0.0810792 0.0926089 0.2187334 0.2273700 0.0416473 0.0490079 0.3138531 0.2569162 0.2408108 0.0529197 0.0472520 0.2089023 0.0544291 0.1587293 0.1373802 0.2834798 0.0301184 0.0890870 0.3240579 0.1713611 0.2193926 0.0131576 0.0323046 0.0008586 0.2873402 0.0699687 0.0508309 0.0461567 0.0608704 0.2132198 0.2670789 0.0754453 0.1090793 0.2036611 0.0729650 0.1507729 0.1835403 0.2448031 
Perityle_cochisensis_44_cave_creek         0.1697697 0.2768477 0.3196732 0.3965038 0.3322933 0.1319136 0.3953362 0.3071577 0.4400199 0.0979329 0.3318571 0.2339989 0.1227256 0.2173267 0.0304757 0.2660663 0.2297513 0.2738548 0.3418894 0.1788639 0.2439603 0.0486917 0.1550616 0.2250349 0.0000000 0.2559564 0.3238883 0.2453412 0.3263310 0.3771882 0.4847228 0.3005453 0.3890891 0.1256669 0.0315108 0.0538459 0.2282809 0.0454357 0.5550648 0.2821716 0.2313900 0.0802341 0.2254441 0.0400740 0.1743101 0.5530895 0.2321298 0.2505870 0.2680665 0.2364997 0.0202368 0.0658676 0.2359598 0.5164129 0.1978582 0.2855906 0.0457881 0.2036699 0.2091044 0.0672208 0.1527505 0.1560720 0.2836547 0.1514504 0.2489127 0.3098037 0.3056510 0.3567221 0.0131528 0.2638918 0.2242038 0.5375284 0.0692543 0.0606177 0.2384845 0.2245138 0.3722321 0.2711380 0.2536388 0.3056032 0.2581479 0.0705903 0.3048474 0.2448022 0.3116304 
Perityle_congesta_202                      0.1324585 0.1077763 0.1239738 0.3968474 0.2959484 0.0630495 0.4345327 0.2486371 0.3547590 0.1154831 0.2694548 0.0898857 0.1382513 0.0520077 0.0420538 0.0759849 0.0533006 0.1273874 0.3880961 0.1703186 0.0781384 0.0085669 0.0382931 0.0567889 0.2559564 0.0000000 0.1306005 0.0671936 0.2762144 0.3672345 0.4894272 0.1414388 0.1873271 0.1171757 0.2691750 0.5314308 0.2169906 0.5138906 0.4342344 0.1038620 0.0610192 0.3546823 0.2114721 0.4881241 0.1284471 0.4419602 0.0552971 0.0077537 0.0254796 0.2179977 0.2591329 0.0588910 0.0541336 0.2008340 0.2756410 0.2388926 0.0553122 0.0490375 0.1876144 0.0187094 0.1506992 0.1341675 0.2509633 0.0342381 0.0478527 0.2450744 0.1079378 0.2116517 0.0131163 0.0566135 0.0562091 0.2820711 0.0264876 0.0123359 0.0373674 0.0271021 0.2151706 0.2512905 0.0638225 0.1000074 0.2034314 0.0276920 0.1372654 0.1829433 0.2415794 
Perityle_cordifolia_27                     0.2795540 0.1065824 0.1901586 0.4542950 0.3782316 0.0740658 0.4727266 0.2534493 0.3825864 0.2301453 0.3088533 0.1976011 0.1713761 0.1269368 0.2434878 0.1581860 0.1272514 0.1676213 0.4412755 0.3829915 0.1400985 0.1942862 0.0501408 0.1553972 0.3238883 0.1306005 0.0000000 0.1586159 0.3148194 0.3759565 0.4897742 0.2089285 0.2557067 0.2670045 0.3196416 0.5129792 0.2261595 0.5099685 0.4671354 0.1737366 0.1433882 0.3497360 0.2593534 0.5035431 0.1337537 0.5234220 0.1393156 0.1434324 0.1581110 0.2339040 0.3175940 0.2100466 0.1360970 0.2399923 0.3545361 0.2676302 0.1749389 0.0803010 0.4235586 0.1813860 0.2321040 0.1730007 0.3015242 0.0248258 0.1525132 0.3331600 0.0767287 0.2481740 0.0880161 0.1451316 0.1554059 0.3073258 0.1960299 0.2064631 0.1235065 0.0657156 0.2452647 0.2807919 0.1573533 0.1535674 0.2306779 0.2102550 0.2154593 0.2165426 0.2697323 
Perityle_cordifolia_68_tecolote            0.1403957 0.1074815 0.1316076 0.3982664 0.3287371 0.0458419 0.4252642 0.2288338 0.3534966 0.1209841 0.2608411 0.1154115 0.1432981 0.0569668 0.0594374 0.0780727 0.0581029 0.1354390 0.3771741 0.2090202 0.0765729 0.0650183 0.0310166 0.0989330 0.2453412 0.0671936 0.1586159 0.0000000 0.2659208 0.4058084 0.5291993 0.1375057 0.1925379 0.1259948 0.2531391 0.5228372 0.1924191 0.5044296 0.4275831 0.1052007 0.0679382 0.3365694 0.2377374 0.4859410 0.1220767 0.4960118 0.0643074 0.0951255 0.1018373 0.1923060 0.2413442 0.0627301 0.0592041 0.3073120 0.2521392 0.2235948 0.0046355 0.0555002 0.2334289 0.0667147 0.1634827 0.1424822 0.2590847 0.0358611 0.0926597 0.3001333 0.1827619 0.2032631 0.0414733 0.0636578 0.1005950 0.2706088 0.0795401 0.0708028 0.0559909 0.0662948 0.2171090 0.2321639 0.0765515 0.1259120 0.2032282 0.0919237 0.1554057 0.1885308 0.2516362 
Perityle_coronopifolia_28_patagonia        0.3041217 0.1028635 0.3262642 0.4920864 0.3074408 0.0476009 0.4366122 0.1901635 0.3591073 0.3094358 0.2757123 0.3312916 0.3707054 0.3110593 0.1394935 0.2923914 0.2848512 0.1714436 0.3264541 0.2534381 0.2692739 0.2806280 0.0752696 0.2978388 0.3263310 0.2762144 0.3148194 0.2659208 0.0000000 0.3295611 0.3014002 0.2992573 0.3238274 0.2963801 0.3470563 0.3607197 0.2750919 0.3859537 0.2761925 0.2381748 0.3036390 0.3991001 0.2708714 0.3894067 0.1933497 0.2778103 0.2998600 0.2864855 0.2907065 0.2546431 0.3542381 0.2692793 0.2884153 0.4204286 0.3132183 0.1075993 0.1419415 0.1751121 0.2708217 0.3081220 0.3178588 0.0601622 0.1695608 0.1228506 0.2947199 0.0153707 0.3197129 0.3464582 0.1244095 0.2715785 0.2984406 0.3343169 0.3089909 0.2770528 0.2770759 0.0883509 0.3140404 0.2619176 0.2744625 0.3155180 0.0824076 0.3115873 0.2726760 0.1352308 0.2429449 
Perityle_crassifolia_70_ventanas           0.3624349 0.2341842 0.3867995 0.3750034 0.3633048 0.2496205 0.4957090 0.3326379 0.4867230 0.3675266 0.3726110 0.3943504 0.4512043 0.3862546 0.2541417 0.3911201 0.3779712 0.3282371 0.4465743 0.4603928 0.3590304 0.3640619 0.2686798 0.3752001 0.3771882 0.3672345 0.3759565 0.4058084 0.3295611 0.0000000 0.1784269 0.3680223 0.3276327 0.3702084 0.3808138 0.3654299 0.3815076 0.4583064 0.4406893 0.3493378 0.3872371 0.4394854 0.3579051 0.2981746 0.3739287 0.4470457 0.3852048 0.3714660 0.3720558 0.3257060 0.3798923 0.3607527 0.3705377 0.5496157 0.2952873 0.3344871 0.2130760 0.2990861 0.4298094 0.3737655 0.4038101 0.3097461 0.3355361 0.1976214 0.3837501 0.3414156 0.3667164 0.3658965 0.1208200 0.3245948 0.3752001 0.5199054 0.3896566 0.3678599 0.3582694 0.2144246 0.3757353 0.4064480 0.3758526 0.4151157 0.2930045 0.3794593 0.3805717 0.2903615 0.3821522 
Perityle_crassifolia_74_playa_balandra     0.4359610 0.2384316 0.4953620 0.4562981 0.4383063 0.0000010 0.5043938 0.1874980 0.5263252 0.4635185 0.4492690 0.5103681 0.4943518 0.5158703 0.2968526 0.5034894 0.5016505 0.3945038 0.4143028 0.5310032 0.4655851 0.4663103 0.0000010 0.4928490 0.4847228 0.4894272 0.4897742 0.5291993 0.3014002 0.1784269 0.0000000 0.4860282 0.4472226 0.4649922 0.4834044 0.0000010 0.4921934 1.7855072 0.4907164 0.4022048 0.5259558 0.5068353 0.4613248 0.0000010 0.4859353 0.5174440 0.4990182 0.4900804 0.4807362 0.3864375 0.4943822 0.4684259 0.4912899 0.9989149 0.3729004 0.3108086 0.1952164 0.3247974 0.4947035 0.4772211 0.5204899 0.0846223 0.2810869 0.1446392 0.4906945 0.3138172 0.4827937 0.4365218 0.0479440 0.3706637 0.4928490 0.5842540 0.4856744 0.4669031 0.4699873 0.2161979 0.4380938 0.4785592 0.4984333 0.4862954 0.2412201 0.4854874 0.5226651 0.2417286 0.5058834 
Perityle_cuneata_34_cuneata_San_antonio    0.1304064 0.1042517 0.1081933 0.3894928 0.3054050 0.0438589 0.4297276 0.2591014 0.3710773 0.1315250 0.3066919 0.1605988 0.2239870 0.1224737 0.1195792 0.1478404 0.1301990 0.1388722 0.4141963 0.2548398 0.1335671 0.1453969 0.0685471 0.1300078 0.3005453 0.1414388 0.2089285 0.1375057 0.2992573 0.3680223 0.4860282 0.0000000 0.1889639 0.1401394 0.2992037 0.5515745 0.2084349 0.5375522 0.4451438 0.1551031 0.1338740 0.3913356 0.1988259 0.5246917 0.1448809 0.4532815 0.1303771 0.1376700 0.1472694 0.2198950 0.2910490 0.1449096 0.1251584 0.2430570 0.3264297 0.2621981 0.1185637 0.1199486 0.2891373 0.1476481 0.1310218 0.1604008 0.2634667 0.0944687 0.1382885 0.2934384 0.1719901 0.2046642 0.0878970 0.1351943 0.1292888 0.2775040 0.1479876 0.1547968 0.1375825 0.1293349 0.2191333 0.2488206 0.1551499 0.1817346 0.2139836 0.1453710 0.1139023 0.2207682 0.2661721 
Perityle_cuneata_4                         0.1901403 0.1207996 0.1849250 0.4371819 0.3400210 0.0857972 0.5108616 0.2508552 0.4066665 0.2121938 0.3387078 0.2385558 0.3105994 0.1793184 0.1411896 0.2018500 0.1771338 0.1608513 0.4652551 0.2286299 0.1949823 0.2079617 0.0958422 0.1789721 0.3890891 0.1873271 0.2557067 0.1925379 0.3238274 0.3276327 0.4472226 0.1889639 0.0000000 0.2250561 0.3964273 0.5957943 0.2982578 0.5973057 0.4482974 0.2189255 0.1803901 0.5227221 0.2943805 0.5189423 0.1947428 0.4544032 0.1811123 0.1908551 0.2170498 0.2727561 0.3982956 0.2042467 0.1722474 0.3127953 0.3488312 0.2646382 0.1432426 0.1432921 0.2841352 0.2231487 0.2448772 0.1549298 0.3154296 0.1132289 0.1981139 0.2671699 0.2387787 0.2489458 0.1134197 0.1733354 0.1781443 0.2778997 0.2393859 0.2170976 0.1816282 0.1385252 0.2391054 0.3622353 0.2029693 0.2558171 0.2314757 0.2315190 0.1982256 0.2267442 0.2360892 
Perityle_discoidea_81                      0.1197760 0.1356480 0.1293447 0.3314215 0.2847002 0.3600411 0.4877970 0.3774034 0.3237600 0.0012803 0.3230490 0.1165847 0.1645411 0.1129594 0.0924454 0.1339932 0.1206162 0.1604460 0.4417645 0.2114147 0.1107269 0.1132981 0.4502020 0.1075259 0.1256669 0.1171757 0.2670045 0.1259948 0.2963801 0.3702084 0.4649922 0.1401394 0.2250561 0.0000000 0.1317109 0.8052693 0.1964619 0.6220742 0.4733130 0.1378966 0.1292215 0.3099471 0.1836094 0.7226282 0.1808392 0.4771383 0.1128825 0.1143684 0.1226550 0.1967223 0.1267947 0.1241766 0.1122766 0.5946508 0.1296442 0.3000090 0.1192621 0.1336000 0.2084103 0.1102401 0.1560435 0.1582591 0.2981621 0.0884728 0.1154090 0.3039845 0.1730215 0.2061346 0.0686007 0.1120726 0.1060226 0.4835985 0.1116628 0.1230140 0.1223665 0.1410301 0.2390356 0.1998013 0.1191728 0.2174143 0.2437279 0.1072075 0.1276921 0.1827423 0.3151840 
Perityle_dissecta_201                      0.1752315 0.2842625 0.3261513 0.4313260 0.3623777 0.1400996 0.3797480 0.3135417 0.4441068 0.1018413 0.3385712 0.2521288 0.1294182 0.2329274 0.0408922 0.2876430 0.2370238 0.2835567 0.3430360 0.1878947 0.2435511 0.0560980 0.1497139 0.2381278 0.0315108 0.2691750 0.3196416 0.2531391 0.3470563 0.3808138 0.4834044 0.2992037 0.3964273 0.1317109 0.0000000 0.0592914 0.2316709 0.0643033 0.5535545 0.3007974 0.2435661 0.0837082 0.2370443 0.0288471 0.1695818 0.5523620 0.2513787 0.2657791 0.2734427 0.2495550 0.0327836 0.0746163 0.2492633 0.5440447 0.2059433 0.2820739 0.0578509 0.2063922 0.2316454 0.0723599 0.1535802 0.1597081 0.2949153 0.1558396 0.2594918 0.3155822 0.3096031 0.3721568 0.0264749 0.2851055 0.2372841 0.5375853 0.0757679 0.0675024 0.2492265 0.2139297 0.3781580 0.2644531 0.2578876 0.3080469 0.2521865 0.0758669 0.3157633 0.2489557 0.3038741 
Perityle_emoryi_47_punta_san_jose          1.0307832 0.4586025 0.5749004 0.4751218 0.4116922 0.1482239 0.3550286 0.2940177 0.6009847 0.0000010 0.3862158 0.5281245 0.8433353 0.5216113 0.0000010 0.5401921 0.5199342 0.4956850 0.2955060 0.7866299 0.5460543 0.3882184 0.1738554 0.5065576 0.0538459 0.5314308 0.5129792 0.5228372 0.3607197 0.3654299 0.0000010 0.5515745 0.5957943 0.8052693 0.0592914 0.0000000 0.3658533 0.0657999 0.6665814 0.5585721 0.5048728 0.0581526 0.3650154 0.0587378 0.2670865 0.6619267 0.5255410 0.5297395 0.5573191 0.3583130 0.0570943 1.1948773 0.5155268 0.5165014 0.4027930 0.3303184 0.0000010 0.4162354 0.5931624 0.9200857 0.2530647 0.1874269 0.3428722 0.2962169 0.5367221 0.3496893 0.5143426 0.5512941 0.0000010 0.5225404 0.5065576 0.6034100 0.9869909 2.7472992 0.5211068 0.4269962 0.5731483 0.4042876 0.5536700 0.5470082 0.3163199 0.9869909 0.5562173 0.3541054 0.3687444 
Perityle_feddemae_99                       0.1742735 0.1249511 0.2149948 0.3682075 0.2207926 0.0379932 0.3928631 0.2114704 0.2970238 0.1823084 0.2426821 0.2137793 0.1877712 0.2100047 0.1452247 0.2289547 0.1978625 0.1496338 0.3014819 0.3261840 0.1566126 0.1598460 0.0737359 0.2163541 0.2282809 0.2169906 0.2261595 0.1924191 0.2750919 0.3815076 0.4921934 0.2084349 0.2982578 0.1964619 0.2316709 0.3658533 0.0000000 0.3836759 0.2811737 0.1986358 0.2191571 0.2601397 0.0196650 0.3471618 0.0173298 0.3272144 0.2105991 0.2143176 0.2203774 0.0198461 0.2307637 0.1735106 0.2036145 0.4136235 0.3003406 0.1865311 0.1565176 0.1711767 0.4178393 0.1691726 0.1646934 0.0865793 0.2194778 0.1119881 0.2148835 0.3019628 0.2267869 0.2466714 0.1152571 0.2280099 0.2141040 0.3519523 0.1695795 0.1630840 0.2233975 0.1146099 0.2531233 0.1713679 0.2166275 0.2287595 0.1474038 0.1715143 0.2270968 0.1398468 0.1771402 
Perityle_fosteri_93                        0.8778329 0.4579905 0.5617435 0.4575909 0.4332181 0.1501453 0.3711595 0.2677424 0.6032511 0.6482136 0.4289602 0.5177435 0.7278481 0.5041042 0.3100077 0.5200941 0.5016452 0.4826013 0.3186745 0.8655832 0.5337111 0.4804007 0.1745125 0.4897752 0.0454357 0.5138906 0.5099685 0.5044296 0.3859537 0.4583064 1.7855072 0.5375522 0.5973057 0.6220742 0.0643033 0.0657999 0.3836759 0.0000000 0.6940381 0.5396431 0.5004225 0.0675985 0.3890591 0.0525392 0.3039256 0.6872008 0.5014657 0.5100455 0.5526754 0.3518362 0.0565175 0.7660698 0.4995221 0.4973001 0.4062110 0.3546646 0.0000010 0.3974457 0.9726101 0.6052539 0.5101138 0.1787602 0.3816008 0.2786115 0.5139194 0.3705621 0.5130552 0.5169436 0.0000010 0.5046122 0.4897752 0.5988234 0.6299044 0.6236268 0.4999602 0.4153872 0.5361865 0.4234787 0.5294548 0.5376379 0.3195986 0.6349691 0.5477899 0.3491538 0.3869341 
Perityle_gamon_221                         0.4358814 0.2164793 0.4753010 0.4518181 0.3182396 0.0862738 0.5212126 0.2596673 0.5084502 0.4700347 0.3204898 0.4627929 0.4284818 0.4471115 0.3204784 0.4559846 0.4362204 0.3100007 0.4219752 0.5005438 0.4294677 0.4576070 0.1089810 0.4413640 0.5550648 0.4342344 0.4671354 0.4275831 0.2761925 0.4406893 0.4907164 0.4451438 0.4482974 0.4733130 0.5535545 0.6665814 0.2811737 0.6940381 0.0000000 0.4281195 0.4372174 0.6017027 0.2905231 0.6652980 0.2391180 0.0261953 0.4402352 0.4371797 0.4465227 0.2392912 0.5766619 0.4206786 0.4332493 0.5218474 0.4941382 0.1943322 0.2008809 0.2517958 0.5387256 0.4723561 0.4833756 0.1488543 0.2231302 0.1431486 0.4513544 0.2334473 0.4667403 0.4513557 0.1448886 0.4042526 0.4413640 0.4808857 0.4784225 0.4437582 0.4205840 0.2272945 0.4572896 0.3364369 0.4322459 0.4792567 0.1304281 0.4706861 0.4427685 0.2310739 0.2251398 
Perityle_gentryi_8_san_francisco           0.1702465 0.1114186 0.1677868 0.3488202 0.2352176 0.0633210 0.4275761 0.2317839 0.3440372 0.1335856 0.2179976 0.0965475 0.1760525 0.0731684 0.0584886 0.0556379 0.0953055 0.1372405 0.3848648 0.1728947 0.1008978 0.0692391 0.0344261 0.0976892 0.2821716 0.1038620 0.1737366 0.1052007 0.2381748 0.3493378 0.4022048 0.1551031 0.2189255 0.1378966 0.3007974 0.5585721 0.1986358 0.5396431 0.4281195 0.0000000 0.0978109 0.3686700 0.1898323 0.4654286 0.1365182 0.4333604 0.0976723 0.1030241 0.0938906 0.1905779 0.2838830 0.0878693 0.0912741 0.1424971 0.2541624 0.2040224 0.0689797 0.0600415 0.2163354 0.0802429 0.1756500 0.1289699 0.2147746 0.0399227 0.1060436 0.2337951 0.1262135 0.2114287 0.0179309 0.0995236 0.0969532 0.3009504 0.0762356 0.0756795 0.0694394 0.0647952 0.2098839 0.2180992 0.0997848 0.1549985 0.2051435 0.0825343 0.1768142 0.1820010 0.2384851 
Perityle_gilensis_22_Superstition          0.1353911 0.1034421 0.1278984 0.4276393 0.3318429 0.0596019 0.4487457 0.2355401 0.3387650 0.1161977 0.2929640 0.1023068 0.1341901 0.0216910 0.0339227 0.0761756 0.0367747 0.1294934 0.3981586 0.1886703 0.0649257 0.0608081 0.0266109 0.0335275 0.2313900 0.0610192 0.1433882 0.0679382 0.3036390 0.3872371 0.5259558 0.1338740 0.1803901 0.1292215 0.2435661 0.5048728 0.2191571 0.5004225 0.4372174 0.0978109 0.0000000 0.3245853 0.2290365 0.4600805 0.1282397 0.4644829 0.0396239 0.0629162 0.0825314 0.2148494 0.2288200 0.0578676 0.0490025 0.2419909 0.2555995 0.2435723 0.0478003 0.0469507 0.2231197 0.0624785 0.1688803 0.1522700 0.2811112 0.0328299 0.0628373 0.3268579 0.1358434 0.2163626 0.0225376 0.0370936 0.0329577 0.2787096 0.0614098 0.0619522 0.0555429 0.0607188 0.2101830 0.2619359 0.0848313 0.1156418 0.2046588 0.0636598 0.1391965 0.1903246 0.2484192 
Perityle_gilensis_salensis_225             0.3502546 0.2818952 0.4127811 0.4521173 0.3968677 0.1407207 0.4179327 0.3341540 0.4959139 0.2647062 0.3980673 0.3492319 0.2047785 0.3187207 0.2705707 0.3459774 0.3221379 0.3605640 0.3708475 0.4273992 0.3329609 0.2001265 0.1597503 0.3267038 0.0802341 0.3546823 0.3497360 0.3365694 0.3991001 0.4394854 0.5068353 0.3913356 0.5227221 0.3099471 0.0837082 0.0581526 0.2601397 0.0675985 0.6017027 0.3686700 0.3245853 0.0000000 0.2816186 0.0444383 0.1978363 0.5972272 0.3365749 0.3499952 0.3641073 0.2849979 0.0704841 0.2260440 0.3295887 0.5773528 0.3116738 0.3338139 0.2515252 0.2857062 0.4578280 0.2086900 0.2563971 0.2442936 0.3612848 0.1950302 0.3430830 0.3686240 0.3523292 0.4187495 0.2834461 0.3864097 0.3265945 0.5825063 0.2115796 0.2162454 0.3367455 0.2611859 0.4279981 0.3113659 0.3420045 0.3609649 0.3074879 0.2118921 0.4015135 0.3052329 0.3466138 
Perityle_glaucescens_94                    0.1632858 0.1174791 0.2065275 0.3791660 0.2481983 0.0308880 0.3501517 0.2019993 0.3047826 0.1695929 0.2573509 0.2442458 0.1905879 0.2137580 0.1448803 0.2233174 0.1884108 0.1434971 0.3011831 0.3093197 0.1524329 0.1539141 0.0650444 0.2574929 0.2254441 0.2114721 0.2593534 0.2377374 0.2708714 0.3579051 0.4613248 0.1988259 0.2943805 0.1836094 0.2370443 0.3650154 0.0196650 0.3890591 0.2905231 0.1898323 0.2290365 0.2816186 0.0000000 0.3464073 0.0088453 0.3734743 0.2280251 0.2378763 0.2438079 0.0174462 0.2419949 0.1672192 0.2251438 0.5097212 0.2996089 0.1812184 0.1508014 0.1671210 0.3758167 0.1562296 0.1580679 0.0762342 0.2367495 0.1063912 0.2508567 0.2744383 0.2791963 0.2498012 0.1152571 0.2324653 0.2573836 0.3451789 0.1783415 0.1589892 0.2133414 0.1085115 0.2439910 0.1872714 0.1931587 0.2362575 0.1426394 0.1948926 0.2388638 0.1362356 0.1737206 
Perityle_gracilis_11                       0.0000010 0.4342246 0.5220944 0.5282123 0.4261079 0.1445506 0.3287537 0.2723760 0.5906000 0.0000010 0.4094566 0.5052813 0.7749386 0.4760670 0.0000010 0.4937225 0.4844256 0.4676998 0.3015420 0.6592520 0.4749574 0.3882184 0.1592954 0.4654719 0.0400740 0.4881241 0.5035431 0.4859410 0.3894067 0.2981746 0.0000010 0.5246917 0.5189423 0.7226282 0.0288471 0.0587378 0.3471618 0.0525392 0.6652980 0.4654286 0.4600805 0.0444383 0.3464073 0.0000000 0.2250934 0.6491862 0.4850815 0.4864968 0.4980584 0.3364466 0.0417707 0.0000010 0.4714702 0.5202583 0.3722600 0.3295725 0.0000010 0.3923180 0.5636314 0.5974895 0.4310598 0.1798758 0.3434151 0.2605995 0.5000998 0.3460538 0.5095618 0.5369960 0.0000010 0.4874487 0.4654719 0.5397049 0.6742484 0.0000010 0.4850826 0.3938749 0.5434260 0.4278857 0.5352565 0.4885992 0.3056348 0.6742484 0.5086849 0.3369249 0.3498294 
