83
Amauria_brandeegeana_62                    0.0000000 0.0654201 0.0721744 0.1960808 0.1372944 0.0886962 0.1914037 0.1525902 0.1734502 0.0115943 0.0909129 0.0880433 0.0933327 0.0927983 0.0614272 0.1399217 0.0892095 0.1362357 0.1446369 0.0624011 0.0781444 0.0860258 0.0760638 0.0912659 0.0667205 0.0955298 0.1688404 0.0958702 0.1485836 0.1158968 0.1077606 0.0843100 0.1533989 0.0125568 0.0898222 0.0780129 0.1225850 0.0811900 0.1643425 0.1298906 0.0887384 0.0900348 0.1145294 0.1249729 0.1236878 0.1183591 0.0975163 0.0807358 0.0907189 0.1086046 0.0749726 0.0977820 0.0951609 0.1596146 0.0762014 0.1694154 0.0837391 0.1156126 0.0917569 0.0881811 0.0731555 0.1364976 0.0687471 0.0839100 0.1663575 0.1387472 0.1730719 0.0873335 0.0865034 0.1184582 0.0990622 0.0799275 0.0902913 0.0650541 0.1597410 0.1842887 0.0815888 0.0689165 0.1166944 0.0853870 0.1361625 0.1048115 0.1248149 
Amauria_carterae_99_mesa                   0.0654201 0.0000000 0.0652391 0.1311384 0.0761296 0.0818363 0.1051732 0.1303428 0.1431077 0.0654358 0.0688648 0.0514346 0.0687087 0.0569769 0.0661169 0.0912564 0.0557570 0.1003771 0.0874599 0.0344069 0.0454891 0.0668040 0.0304720 0.0517823 0.0528044 0.0683510 0.0761064 0.0725601 0.0902799 0.0705164 0.1002491 0.0882854 0.1132090 0.0616678 0.0650451 0.0661743 0.0859947 0.0539744 0.0976143 0.0779765 0.0493084 0.0557635 0.0871807 0.0827670 0.0859416 0.0365506 0.0660686 0.0613620 0.0696871 0.0848041 0.0561742 0.0724483 0.0685838 0.0833275 0.0643852 0.0964331 0.0674130 0.1047667 0.0706937 0.0645667 0.0396618 0.1022833 0.0585662 0.0548586 0.0898930 0.0738842 0.1188319 0.0524070 0.0504979 0.0819227 0.0696314 0.0695931 0.0479028 0.0541356 0.1200837 0.1074244 0.0569814 0.0547053 0.0799255 0.0707081 0.0714658 0.0694413 0.1066930 
Amauria_rotundifolia_SRR9119150            0.0721744 0.0652391 0.0000000 0.1922893 0.1647195 0.0778751 0.2201996 0.1362055 0.2046747 0.0958845 0.1412952 0.1120293 0.1175833 0.0990685 0.0679754 0.1354369 0.0952383 0.1298838 0.1744048 0.1178844 0.0637778 0.0871313 0.0721536 0.1165059 0.0915507 0.0944434 0.1805916 0.1264136 0.1525544 0.1093501 0.1135509 0.1125533 0.1704526 0.0513488 0.1232368 0.0844878 0.1418745 0.1097065 0.2082461 0.1625495 0.0854769 0.1043562 0.1319245 0.1530660 0.1204752 0.1575437 0.1080803 0.0885371 0.0967846 0.1104607 0.0969041 0.1062040 0.0983792 0.1596162 0.0771906 0.1782995 0.0745736 0.1135896 0.1120388 0.1205278 0.0600681 0.1378151 0.0718787 0.1081493 0.1812262 0.1673682 0.2098767 0.0976291 0.1097043 0.1162352 0.1297825 0.1174503 0.1100053 0.0614036 0.1759754 0.2168134 0.1022020 0.1149753 0.1174248 0.1139498 0.1631539 0.0920146 0.1169490 
Conoclinium_coelestinum_SRR9119114         0.1960808 0.1311384 0.1922893 0.0000000 0.1815897 0.0981005 0.1436678 0.1510160 0.2092110 0.2034802 0.1907332 0.2050266 0.1769342 0.1746445 0.1374134 0.1539530 0.1679016 0.1590544 0.1854770 0.2398104 0.2044326 0.1579404 0.0956382 0.1953275 0.1890673 0.1600477 0.1806615 0.1939335 0.1611158 0.1450798 0.1427065 0.1911027 0.1819694 0.1925883 0.1850882 0.1752191 0.1942942 0.1866749 0.1900253 0.1975072 0.1802419 0.1829324 0.2048776 0.2070300 0.1600323 0.1780380 0.1865034 0.1674145 0.1667115 0.1779783 0.1931107 0.1864513 0.1721795 0.1347637 0.1729100 0.1635749 0.1436023 0.1547221 0.1799001 0.1722411 0.1023276 0.1598056 0.1051831 0.1962029 0.1733445 0.1963693 0.1937017 0.1606064 0.1915790 0.1747760 0.1810470 0.1851917 0.1741025 0.0979751 0.1928573 0.1929186 0.1900644 0.2542730 0.1179622 0.1842222 0.1952475 0.1112307 0.1439529 
Eutetras_palmeri_63                        0.1372944 0.0761296 0.1647195 0.1815897 0.0000000 0.0237036 0.1617726 0.1453199 0.1689322 0.1346817 0.1254963 0.1198977 0.1219917 0.1166963 0.0968503 0.0805283 0.1245610 0.1341079 0.0732214 0.1310011 0.1478950 0.1021168 0.0593703 0.1208203 0.1173792 0.1158488 0.0802706 0.1284328 0.0742071 0.1328066 0.1258504 0.1221364 0.0672737 0.1724294 0.1261866 0.1216336 0.1320269 0.1200051 0.0789752 0.1162324 0.1193063 0.1155314 0.1330990 0.1656440 0.1184347 0.1268675 0.1173432 0.1207046 0.1238543 0.1251474 0.1252587 0.1259937 0.1216654 0.1004034 0.1144442 0.0900258 0.0916891 0.0665578 0.1271963 0.1172242 0.0881238 0.0838692 0.0735375 0.1190150 0.0800799 0.1285165 0.1419560 0.1025901 0.1192749 0.1355297 0.1445672 0.1112896 0.1141618 0.0815433 0.1425917 0.0647857 0.1182443 0.1607628 0.0682733 0.1255615 0.1234614 0.0855990 0.0823436 
Eutetras_pringlei_149_quer                 0.0886962 0.0818363 0.0778751 0.0981005 0.0237036 0.0000000 0.1229462 0.1104763 0.1466795 0.0910290 0.0910870 0.0861659 0.0859158 0.0838798 0.0863884 0.0784767 0.0863499 0.1084002 0.0787026 0.0748574 0.0792655 0.0949882 0.0163271 0.0819934 0.0841911 0.0926525 0.0602631 0.0981927 0.0687863 0.1132672 0.1275873 0.0742750 0.1482717 0.0794754 0.0819371 0.0998372 0.0885442 0.0712522 0.0858441 0.0831723 0.0842197 0.0816972 0.0839156 0.0948038 0.0840013 0.0610763 0.0884947 0.0904585 0.0930028 0.0864554 0.0797152 0.0847635 0.0886314 0.1070582 0.0840013 0.1038279 0.0888982 0.1173659 0.0904116 0.0926525 0.0680662 0.1065147 0.0832975 0.0858480 0.0712470 0.1047131 0.1022301 0.0706199 0.0821085 0.1139037 0.0927819 0.0950136 0.0711058 0.0929257 0.1044348 0.0953459 0.0795076 0.0996249 0.0785619 0.0949003 0.1067322 0.1113847 0.1083426 
Eutrochium_fistulosum_SRR9119106           0.1914037 0.1051732 0.2201996 0.1436678 0.1617726 0.1229462 0.0000000 0.1233998 0.2088754 0.2272987 0.2136903 0.2089541 0.1844088 0.1553937 0.1389894 0.1474344 0.1471367 0.1666394 0.1816903 0.2432696 0.1733069 0.1306283 0.0553347 0.2155717 0.1913907 0.1441865 0.2024228 0.1963930 0.1743340 0.1314836 0.1594863 0.2065280 0.2230486 0.1797964 0.1812664 0.1631831 0.2148645 0.1713489 0.2240004 0.1985866 0.1758127 0.1721547 0.2186642 0.2013726 0.1741716 0.2311612 0.1920791 0.1515104 0.1485692 0.1796461 0.1881931 0.1666791 0.1520349 0.1665946 0.1348381 0.1728474 0.1304170 0.1401897 0.1636015 0.1779948 0.0866690 0.1431640 0.1089516 0.2080890 0.1996564 0.2262122 0.2225691 0.1408968 0.2102982 0.1793846 0.1942205 0.1820913 0.1744258 0.0977661 0.1979799 0.2268483 0.1950965 0.2792611 0.0941311 0.1785594 0.2229744 0.0916955 0.1415516 
Galeana_pratensis_104_mex                  0.1525902 0.1303428 0.1362055 0.1510160 0.1453199 0.1104763 0.1233998 0.0000000 0.1863413 0.1525871 0.1539757 0.1629722 0.1513934 0.1551989 0.1348745 0.1554394 0.1550253 0.1427277 0.1458369 0.2015425 0.1994615 0.1396861 0.0786839 0.1549661 0.1480718 0.1492324 0.1496992 0.1629861 0.1464036 0.1459079 0.1657256 0.1438917 0.1287828 0.2159714 0.1466079 0.1552965 0.1577944 0.1468434 0.1370671 0.1456254 0.1550479 0.1540995 0.1540945 0.1439513 0.1542603 0.1617048 0.1584628 0.1567053 0.1507646 0.1543365 0.1615594 0.1525592 0.1447349 0.1159888 0.1478079 0.1436633 0.1451621 0.1597549 0.1511165 0.1406888 0.1135474 0.1388570 0.1158270 0.1548861 0.1526081 0.1590453 0.1519433 0.1490206 0.1520914 0.1640965 0.1492225 0.1468401 0.1439443 0.1219131 0.1545905 0.1538439 0.1523930 0.2157664 0.1225402 0.1523010 0.1601895 0.1088410 0.1683791 
Helianthus_annuus_SRR9119062               0.1734502 0.1431077 0.2046747 0.2092110 0.1689322 0.1466795 0.2088754 0.1863413 0.0000000 0.1733624 0.1843221 0.1955937 0.1890306 0.1825285 0.1559664 0.1796613 0.1876403 0.2110832 0.1964254 0.1712327 0.1650919 0.1646241 0.1304953 0.1911645 0.1734678 0.1814895 0.1821555 0.1986972 0.1770143 0.1773681 0.1887955 0.1807956 0.2159333 0.1872863 0.1835115 0.1964442 0.2026509 0.1847644 0.1951652 0.1925862 0.1878288 0.1914468 0.1934766 0.2161349 0.1834876 0.1940756 0.1936326 0.1856182 0.1811313 0.1862161 0.1850818 0.1876969 0.1807026 0.2062504 0.1717367 0.2071588 0.1619392 0.1632131 0.1811144 0.1776030 0.1292026 0.1679151 0.1240796 0.1917845 0.1895536 0.2059911 0.2122947 0.1804347 0.1874565 0.2008977 0.1908538 0.1799743 0.1863784 0.1281968 0.2084966 0.2169487 0.1881192 0.2031175 0.1429352 0.1846271 0.1983869 0.1343737 0.1561342 
Lycapsus_tenuifolius_17                    0.0115943 0.0654358 0.0958845 0.2034802 0.1346817 0.0910290 0.2272987 0.1525871 0.1733624 0.0000000 0.1184661 0.1028677 0.1055522 0.1023532 0.0718858 0.1393967 0.1005591 0.1361281 0.1453383 0.0585329 0.0706659 0.0833720 0.0817159 0.1058720 0.0639308 0.1054978 0.1827506 0.1070616 0.1718392 0.1172461 0.1157098 0.0872253 0.1775692 0.0064018 0.0973742 0.0802557 0.1160428 0.0957820 0.1887898 0.1530990 0.1032351 0.1038118 0.1155923 0.1454253 0.1205041 0.1345951 0.1018145 0.0933310 0.1033468 0.1042091 0.0765134 0.1093411 0.1051344 0.1570867 0.0772069 0.1736539 0.0827329 0.1154715 0.1026127 0.1010451 0.0695408 0.1461553 0.0750676 0.0966126 0.1840373 0.1350912 0.1728813 0.1044868 0.1011787 0.1180392 0.1307931 0.0825366 0.0877612 0.0663566 0.1582172 0.1985410 0.0945628 0.0726030 0.1189475 0.0855827 0.1346648 0.1048098 0.1257365 
Pericome_caudata_50_silver                 0.0909129 0.0688648 0.1412952 0.1907332 0.1254963 0.0910870 0.2136903 0.1539757 0.1843221 0.1184661 0.0000000 0.1200483 0.1096448 0.0926001 0.0659925 0.1261978 0.0899470 0.1386736 0.1385733 0.0712054 0.0830434 0.0722733 0.0778099 0.1308515 0.0727506 0.0904425 0.1766999 0.1129491 0.1676870 0.1043637 0.1109223 0.0877513 0.1753169 0.0912561 0.1173727 0.0936306 0.1155191 0.0832638 0.2118984 0.1389233 0.1234567 0.0991169 0.1170322 0.1477345 0.1135408 0.1642379 0.0992770 0.1125760 0.0933952 0.1043773 0.0730279 0.1174772 0.1143897 0.1451502 0.0718285 0.1648620 0.0698892 0.1082588 0.0917778 0.1219160 0.0573889 0.1325312 0.0651861 0.1231111 0.1842533 0.1446289 0.1684297 0.1003429 0.1255820 0.1131760 0.1509958 0.0783861 0.0836354 0.0528823 0.1508449 0.1945907 0.0972471 0.0859461 0.1129318 0.0842227 0.1400117 0.0833341 0.1138533 
Perityle_aglossa_84_dead_horse             0.0880433 0.0514346 0.1120293 0.2050266 0.1198977 0.0861659 0.2089541 0.1629722 0.1955937 0.1028677 0.1200483 0.0000000 0.0887989 0.0680846 0.0537092 0.1363515 0.0815197 0.1392534 0.1441226 0.0410638 0.0599053 0.0770396 0.0786472 0.0553521 0.0567257 0.0850406 0.1674119 0.1175500 0.1639710 0.0994800 0.1145780 0.0813511 0.1655500 0.0810777 0.1032762 0.0887770 0.1049566 0.0687096 0.1993024 0.1495885 0.0585740 0.0749448 0.1021027 0.1409685 0.1113495 0.1438043 0.0610870 0.0961601 0.0883157 0.0993103 0.0551086 0.1050146 0.1088931 0.1466400 0.0697825 0.1606293 0.0697833 0.1165304 0.0860655 0.1046661 0.0508887 0.1420421 0.0703233 0.0378070 0.1759019 0.1231273 0.1673664 0.0969644 0.0555165 0.1067299 0.1362824 0.0738916 0.0657315 0.0535875 0.1533224 0.1870186 0.0525248 0.0360648 0.1120411 0.0694681 0.1304290 0.0843411 0.1239879 
Perityle_ajoensis_204                      0.0933327 0.0687087 0.1175833 0.1769342 0.1219917 0.0859158 0.1844088 0.1513934 0.1890306 0.1055522 0.1096448 0.0887989 0.0000000 0.0437953 0.0589625 0.1256937 0.0646166 0.1367950 0.1339941 0.0130639 0.0517890 0.0613117 0.0787433 0.0867442 0.0574082 0.0676276 0.1541284 0.0948392 0.1481148 0.1079952 0.1173039 0.0837119 0.1669527 0.0674408 0.0676214 0.0842308 0.1091475 0.0528492 0.1814918 0.1260754 0.0929042 0.0425042 0.1076042 0.0970924 0.1049121 0.1080047 0.0819871 0.0455441 0.0689174 0.0960822 0.0493429 0.0630840 0.0503356 0.1490607 0.0604304 0.1641273 0.0786690 0.1224991 0.0654775 0.0643096 0.0587835 0.1440075 0.0668633 0.0799996 0.1642352 0.1329503 0.1648309 0.0581709 0.0864418 0.1064431 0.0856670 0.0655376 0.0376312 0.0435826 0.1478426 0.1839354 0.0830181 0.0517846 0.1151974 0.0645032 0.1330556 0.1051329 0.1212342 
Perityle_ambrosiifolia_67_green            0.0927983 0.0569769 0.0990685 0.1746445 0.1166963 0.0838798 0.1553937 0.1551989 0.1825285 0.1023532 0.0926001 0.0680846 0.0437953 0.0000000 0.0560337 0.1229981 0.0672899 0.1238098 0.1238888 0.0177153 0.0541562 0.0684873 0.0741603 0.0811216 0.0569344 0.0734419 0.1491179 0.0801183 0.1341885 0.0992486 0.1123504 0.0762651 0.1522300 0.0705382 0.0661251 0.0878519 0.1008358 0.0516054 0.1682607 0.1070305 0.0810030 0.0353599 0.0990412 0.0957375 0.0995402 0.1013311 0.0760996 0.0555211 0.0708223 0.0913587 0.0479310 0.0647116 0.0598907 0.1455747 0.0694618 0.1529003 0.0733954 0.1124271 0.0712598 0.0689286 0.0546903 0.1419113 0.0639049 0.0665883 0.1530603 0.1288950 0.1557514 0.0592106 0.0818373 0.1041797 0.0734892 0.0732010 0.0352142 0.0574004 0.1414791 0.1728481 0.0770058 0.0544970 0.1069391 0.0715063 0.1301415 0.0881436 0.1129302 
Perityle_angustifolia_13_Eagle_creek       0.0614272 0.0661169 0.0679754 0.1374134 0.0968503 0.0863884 0.1389894 0.1348745 0.1559664 0.0718858 0.0659925 0.0537092 0.0589625 0.0560337 0.0000000 0.0911072 0.0687494 0.1254756 0.0980074 0.0288839 0.0913066 0.0639460 0.0400807 0.0567649 0.0445969 0.0801825 0.0889393 0.0815066 0.0982218 0.0659139 0.0834585 0.0854816 0.0782608 0.0950176 0.0740950 0.0716388 0.0879968 0.0444830 0.1273450 0.0945059 0.0552866 0.0549415 0.0815981 0.0667364 0.0885265 0.0543527 0.0771494 0.0688095 0.0802618 0.0845026 0.0547577 0.0841456 0.0788032 0.1107822 0.0806351 0.1164934 0.0689054 0.1139254 0.0782502 0.0754288 0.0558230 0.1242369 0.0574222 0.0602642 0.0979005 0.1071277 0.1212219 0.0575716 0.0571306 0.0710640 0.0820668 0.0681980 0.0477990 0.0578614 0.1349173 0.1142236 0.0574946 0.0886051 0.1032770 0.0810984 0.1031518 0.0781522 0.1040167 
Perityle_batopilensis_97                   0.1399217 0.0912564 0.1354369 0.1539530 0.0805283 0.0784767 0.1474344 0.1554394 0.1796613 0.1393967 0.1261978 0.1363515 0.1256937 0.1229981 0.0911072 0.0000000 0.1309082 0.1216801 0.0797063 0.1245143 0.1422548 0.1133585 0.0722180 0.1292023 0.1149819 0.1286908 0.0405325 0.1330580 0.0605665 0.1301325 0.1437870 0.1071345 0.1031022 0.1665607 0.1268205 0.1268282 0.1218390 0.1238037 0.0699418 0.0521582 0.1276867 0.1244955 0.1227950 0.1291245 0.1226523 0.1264864 0.1301383 0.1232938 0.1269303 0.1219530 0.1197115 0.1312939 0.1236518 0.0879484 0.1245120 0.0844326 0.1051196 0.0652583 0.1285959 0.1197647 0.0918177 0.0682719 0.0815083 0.1347967 0.0592870 0.1167833 0.1338370 0.1142059 0.1261961 0.1487542 0.1278238 0.1195208 0.1200625 0.0874204 0.1374939 0.0943109 0.1302297 0.1498233 0.0600797 0.1278530 0.1114799 0.0890092 0.0828735 
Perityle_bisetosa_9                        0.0892095 0.0557570 0.0952383 0.1679016 0.1245610 0.0863499 0.1471367 0.1550253 0.1876403 0.1005591 0.0899470 0.0815197 0.0646166 0.0672899 0.0687494 0.1309082 0.0000000 0.1436105 0.1329219 0.0265134 0.0362071 0.0333051 0.0756182 0.0635240 0.0396910 0.0392158 0.1589308 0.0770014 0.1526959 0.1069768 0.1141662 0.0878291 0.1736339 0.0752573 0.0366480 0.0886733 0.1122149 0.0383744 0.1777084 0.1134966 0.0580467 0.0680376 0.1099349 0.0508850 0.1085588 0.1182549 0.0779821 0.0324211 0.0387360 0.1015036 0.0399119 0.0656152 0.0501509 0.1503115 0.0333640 0.1598366 0.0695015 0.1150137 0.0383604 0.0352131 0.0611973 0.1385702 0.0727091 0.0747692 0.1708151 0.1393221 0.1719806 0.0431068 0.0608294 0.1110669 0.0396717 0.0408691 0.0540101 0.0216226 0.1501352 0.1824621 0.0725097 0.0349636 0.1198259 0.0392329 0.1368352 0.0972787 0.1226530 
Perityle_californica_76_positas            0.1362357 0.1003771 0.1298838 0.1590544 0.1341079 0.1084002 0.1666394 0.1427277 0.2110832 0.1361281 0.1386736 0.1392534 0.1367950 0.1238098 0.1254756 0.1216801 0.1436105 0.0000000 0.1222400 0.0800974 0.1230913 0.1201459 0.0733188 0.1308915 0.1284340 0.1464359 0.1247128 0.1475234 0.1206093 0.1190372 0.1428456 0.1137823 0.1639346 0.1313439 0.1434885 0.1404130 0.1416248 0.1315215 0.1555725 0.1153091 0.1385604 0.1347217 0.1378128 0.1493409 0.1324944 0.0934326 0.1525287 0.1342665 0.1424632 0.1384685 0.1469119 0.1406710 0.1374215 0.1662104 0.1117835 0.1595934 0.0981780 0.1284013 0.1432065 0.1402771 0.1070283 0.1622816 0.0942864 0.1345639 0.1247570 0.1521941 0.1683983 0.1252971 0.1362041 0.1363736 0.1428476 0.1171157 0.1272962 0.0966822 0.1653802 0.1769493 0.1326015 0.1599353 0.1215647 0.1428932 0.1467554 0.0781071 0.1120592 
Perityle_canescens_77                      0.1446369 0.0874599 0.1744048 0.1854770 0.0732214 0.0787026 0.1816903 0.1458369 0.1964254 0.1453383 0.1385733 0.1441226 0.1339941 0.1238888 0.0980074 0.0797063 0.1329219 0.1222400 0.0000000 0.1461564 0.1489239 0.1249096 0.0571472 0.1365951 0.1268317 0.1312205 0.0712883 0.1438303 0.0766232 0.1399368 0.1406679 0.1263375 0.1080595 0.1640071 0.1356038 0.1273681 0.1333913 0.1331405 0.0872212 0.1220274 0.1341445 0.1295245 0.1394073 0.1811650 0.1193083 0.1378760 0.1337416 0.1339044 0.1326125 0.1217011 0.1284911 0.1351039 0.1242298 0.0918465 0.1292532 0.0944195 0.1096551 0.0738737 0.1349584 0.1316219 0.0801786 0.0803006 0.0776306 0.1378180 0.0795514 0.1227053 0.1515762 0.1211531 0.1360101 0.1534225 0.1608275 0.1347662 0.1257510 0.0930912 0.1501556 0.0864312 0.1425813 0.1645023 0.0646219 0.1355043 0.1228024 0.0977101 0.0874274 
Perityle_castillonii_96                    0.0624011 0.0344069 0.1178844 0.2398104 0.1310011 0.0748574 0.2432696 0.2015425 0.1712327 0.0585329 0.0712054 0.0410638 0.0130639 0.0177153 0.0288839 0.1245143 0.0265134 0.0800974 0.1461564 0.0000000 0.0425581 0.0433486 0.0185762 0.0401694 0.0304800 0.0488303 0.1347605 0.0679022 0.1215287 0.0632600 0.1312560 0.0821531 0.3540952 0.0588894 0.0446890 0.0505027 0.0809277 0.0218785 0.1332841 0.1489003 0.0299939 0.0225982 0.0872433 0.1589778 0.0772814 0.0650630 0.0439093 0.0185063 0.0516371 0.0742723 0.0233004 0.0506039 0.0548837 0.0919954 0.0430606 0.1446453 0.0547665 0.1137694 0.0564451 0.0490479 0.0496659 0.1419306 0.0840419 0.0293569 0.1272840 0.0770912 0.1652884 0.0179717 0.0438782 0.0500250 0.1061741 0.0596200 0.0196659 0.0426210 0.1665307 0.1384101 0.0381397 0.0486780 0.1019832 0.0586463 0.0646355 0.1269165 0.1467096 
Perityle_cernua_84                         0.0781444 0.0454891 0.0637778 0.2044326 0.1478950 0.0792655 0.1733069 0.1994615 0.1650919 0.0706659 0.0830434 0.0599053 0.0517890 0.0541562 0.0913066 0.1422548 0.0362071 0.1230913 0.1489239 0.0425581 0.0000000 0.0202121 0.0480204 0.0404404 0.0381544 0.0199863 0.1445839 0.0631229 0.1320406 0.1231791 0.1724916 0.0718468 0.3882917 0.0763640 0.0350742 0.0707664 0.0685243 0.0520267 0.1300008 0.1140068 0.0374504 0.0537053 0.0724910 0.0622152 0.0686614 0.0731144 0.0549693 0.0426521 0.0232162 0.0687231 0.0462578 0.0200782 0.0224494 0.1136935 0.0182470 0.1589445 0.0526651 0.1096205 0.0254121 0.0194659 0.0605903 0.1537557 0.0979189 0.0495081 0.1389169 0.1036256 0.1710701 0.0524599 0.0374553 0.1064185 0.0232086 0.0192452 0.0494946 0.0200743 0.1617323 0.1636359 0.0426714 0.0407821 0.1353489 0.0234603 0.0933995 0.1325325 0.1543688 
Perityle_cfvillosa_25_tin                  0.0860258 0.0668040 0.0871313 0.1579404 0.1021168 0.0949882 0.1306283 0.1396861 0.1646241 0.0833720 0.0722733 0.0770396 0.0613117 0.0684873 0.0639460 0.1133585 0.0333051 0.1201459 0.1249096 0.0433486 0.0202121 0.0000000 0.0376976 0.0599920 0.0462161 0.0064667 0.1325090 0.0650840 0.1189298 0.0872397 0.1122618 0.0749498 0.1509713 0.0754236 0.0354677 0.0841603 0.1105561 0.0459039 0.1443077 0.0987260 0.0547484 0.0699075 0.1036268 0.0363030 0.1092018 0.1074486 0.0821715 0.0206750 0.0057528 0.1007490 0.0440977 0.0447943 0.0369538 0.1358339 0.0258021 0.1411509 0.0662195 0.1151699 0.0069400 0.0023055 0.0637291 0.1115383 0.0787391 0.0737937 0.1407083 0.1287523 0.1600791 0.0463365 0.0562018 0.0975964 0.0069061 0.0087845 0.0587413 0.0059374 0.1424164 0.1455358 0.0681167 0.0436174 0.1030097 0.0064609 0.1274270 0.0969359 0.1137932 
Perityle_cinerea_113_Powell1310            0.0760638 0.0304720 0.0721536 0.0956382 0.0593703 0.0163271 0.0553347 0.0786839 0.1304953 0.0817159 0.0778099 0.0786472 0.0787433 0.0741603 0.0400807 0.0722180 0.0756182 0.0733188 0.0571472 0.0185762 0.0480204 0.0376976 0.0000000 0.0696893 0.0427482 0.0770511 0.0626716 0.0898445 0.0660139 0.0306990 0.0355563 0.0941965 0.1215189 0.0623741 0.0696390 0.0708760 0.0820863 0.0577093 0.1062603 0.0747438 0.0682130 0.0756470 0.0819255 0.0643440 0.0567682 0.0429523 0.0695705 0.0801937 0.0745451 0.0835627 0.0732278 0.0740193 0.0756633 0.0927490 0.0386520 0.1107823 0.0340539 0.0533928 0.0785147 0.0770511 0.0453804 0.0837326 0.0404270 0.0784551 0.0681935 0.0878688 0.0953767 0.0623964 0.0682130 0.0377717 0.0801315 0.0335822 0.0668586 0.0292451 0.0736229 0.0970959 0.0756192 0.1065892 0.0763796 0.0800645 0.0892220 0.0427461 0.0613796 
Perityle_coahuilensis_24                   0.0912659 0.0517823 0.1165059 0.1953275 0.1208203 0.0819934 0.2155717 0.1549661 0.1911645 0.1058720 0.1308515 0.0553521 0.0867442 0.0811216 0.0567649 0.1292023 0.0635240 0.1308915 0.1365951 0.0401694 0.0404404 0.0599920 0.0696893 0.0000000 0.0276889 0.0680649 0.1636665 0.1206305 0.1599326 0.0978183 0.1127709 0.0841365 0.1793693 0.0705992 0.1077056 0.0919369 0.1150540 0.0728657 0.2122401 0.1472577 0.0260641 0.0864951 0.1087616 0.1522436 0.1136977 0.1361970 0.0594904 0.1035185 0.0733921 0.1027620 0.0221817 0.1019154 0.0923355 0.1495820 0.0569108 0.1568140 0.0696753 0.1128724 0.0714885 0.1158853 0.0531284 0.1397798 0.0702874 0.0543465 0.1707621 0.1331208 0.1700877 0.1020545 0.0059554 0.1072441 0.1458046 0.0625803 0.0588759 0.0373467 0.1518055 0.1932759 0.0495387 0.0337658 0.1123100 0.0552391 0.1335363 0.0845287 0.1122548 
Perityle_cochisensis_44_cave_creek         0.0667205 0.0528044 0.0915507 0.1890673 0.1173792 0.0841911 0.1913907 0.1480718 0.1734678 0.0639308 0.0727506 0.0567257 0.0574082 0.0569344 0.0445969 0.1149819 0.0396910 0.1284340 0.1268317 0.0304800 0.0381544 0.0462161 0.0427482 0.0276889 0.0000000 0.0520655 0.1121440 0.0786595 0.1097603 0.0797533 0.1020579 0.0812186 0.1021370 0.0695142 0.0566988 0.0736934 0.0885226 0.0462396 0.1274155 0.1291267 0.0202385 0.0520011 0.0830671 0.1174178 0.0848968 0.0672760 0.0561330 0.0427877 0.0507337 0.0794279 0.0284602 0.0598275 0.0441223 0.1105506 0.0517510 0.1363993 0.0689694 0.1105166 0.0517118 0.0507775 0.0550289 0.1322167 0.0630769 0.0381518 0.1123347 0.0979424 0.1435449 0.0564126 0.0241874 0.0763065 0.0830661 0.0591986 0.0394069 0.0338638 0.1416044 0.1393857 0.0388437 0.0433440 0.1039006 0.0560415 0.0952680 0.0844788 0.1136122 
Perityle_congesta_202                      0.0955298 0.0683510 0.0944434 0.1600477 0.1158488 0.0926525 0.1441865 0.1492324 0.1814895 0.1054978 0.0904425 0.0850406 0.0676276 0.0734419 0.0801825 0.1286908 0.0392158 0.1464359 0.1312205 0.0488303 0.0199863 0.0064667 0.0770511 0.0680649 0.0520655 0.0000000 0.1576994 0.0719109 0.1451220 0.1185184 0.1261056 0.0782504 0.1707753 0.0794118 0.0376312 0.0904972 0.1095594 0.0498649 0.1751922 0.1094771 0.0630534 0.0732450 0.1033088 0.0283911 0.1070175 0.1233951 0.0865779 0.0221541 0.0048013 0.0990050 0.0460748 0.0468660 0.0375694 0.1465052 0.0294608 0.1588382 0.0675945 0.1201115 0.0057780 0.0034061 0.0599605 0.1354859 0.0772095 0.0831062 0.1634952 0.1390032 0.1703412 0.0534966 0.0648319 0.1186214 0.0052694 0.0092444 0.0585548 0.0035541 0.1485267 0.1762833 0.0766339 0.0463000 0.1158832 0.0059745 0.1396584 0.0969243 0.1187106 
Perityle_cordifolia_27                     0.1688404 0.0761064 0.1805916 0.1806615 0.0802706 0.0602631 0.2024228 0.1496992 0.1821555 0.1827506 0.1766999 0.1674119 0.1541284 0.1491179 0.0889393 0.0405325 0.1589308 0.1247128 0.0712883 0.1347605 0.1445839 0.1325090 0.0626716 0.1636665 0.1121440 0.1576994 0.0000000 0.1659495 0.0631339 0.1271410 0.1280836 0.1112150 0.1018852 0.1679747 0.1573733 0.1358244 0.1245650 0.1524521 0.0817041 0.0684114 0.1623932 0.1521273 0.1260651 0.1680945 0.1179680 0.1341718 0.1571753 0.1475103 0.1585344 0.1181087 0.1205194 0.1623740 0.1498195 0.0792193 0.1235116 0.0842789 0.1005667 0.0448419 0.1609240 0.1552888 0.0839106 0.0660030 0.0583173 0.1650473 0.0673704 0.1366807 0.1409318 0.1487011 0.1615100 0.1491909 0.1614930 0.1294923 0.1403638 0.0851249 0.1368338 0.0906163 0.1616944 0.1554218 0.0614551 0.1429195 0.1425863 0.0884668 0.0774995 
Perityle_cordifolia_68_tecolote            0.0958702 0.0725601 0.1264136 0.1939335 0.1284328 0.0981927 0.1963930 0.1629861 0.1986972 0.1070616 0.1129491 0.1175500 0.0948392 0.0801183 0.0815066 0.1330580 0.0770014 0.1475234 0.1438303 0.0679022 0.0631229 0.0650840 0.0898445 0.1206305 0.0786595 0.0719109 0.1659495 0.0000000 0.1642100 0.1219211 0.1176650 0.0911534 0.1646438 0.0887386 0.0863391 0.0943235 0.1110805 0.0678535 0.2050309 0.1483321 0.1226189 0.0845374 0.1036893 0.1225075 0.1113645 0.1553507 0.0965098 0.0916981 0.0724447 0.1022762 0.0731659 0.0968983 0.0910781 0.1596586 0.0683271 0.1635477 0.0160216 0.1199802 0.0716086 0.0958347 0.0682722 0.1441033 0.0819686 0.1114477 0.1825606 0.1363970 0.1767758 0.0702850 0.1240353 0.1175531 0.1216148 0.0755149 0.0796437 0.0731281 0.1589651 0.1971495 0.1031218 0.0792177 0.1187501 0.0775221 0.1398904 0.0967190 0.1273468 
Perityle_coronopifolia_28_patagonia        0.1485836 0.0902799 0.1525544 0.1611158 0.0742071 0.0687863 0.1743340 0.1464036 0.1770143 0.1718392 0.1676870 0.1639710 0.1481148 0.1341885 0.0982218 0.0605665 0.1526959 0.1206093 0.0766232 0.1215287 0.1320406 0.1189298 0.0660139 0.1599326 0.1097603 0.1451220 0.0631339 0.1642100 0.0000000 0.1266300 0.1389993 0.1044327 0.1134454 0.1609270 0.1521197 0.1237381 0.1118501 0.1450891 0.0765609 0.0728352 0.1566975 0.1542670 0.1189966 0.1274161 0.1109914 0.1255064 0.1397948 0.1543709 0.1521736 0.1108059 0.1168839 0.1538696 0.1446866 0.0894316 0.1234818 0.0781504 0.0999290 0.0719946 0.1497720 0.1573292 0.0897569 0.0759370 0.0724941 0.1659455 0.0161031 0.1223197 0.1332666 0.1537336 0.1585985 0.1457086 0.1592985 0.1207821 0.1232858 0.0857969 0.1361597 0.0863926 0.1538562 0.1439613 0.0599474 0.1275063 0.1256372 0.0860778 0.0735370 
Perityle_crassifolia_70_ventanas           0.1158968 0.0705164 0.1093501 0.1450798 0.1328066 0.1132672 0.1314836 0.1459079 0.1773681 0.1172461 0.1043637 0.0994800 0.1079952 0.0992486 0.0659139 0.1301325 0.1069768 0.1190372 0.1399368 0.0632600 0.1231791 0.0872397 0.0306990 0.0978183 0.0797533 0.1185184 0.1271410 0.1219211 0.1266300 0.0000000 0.1048438 0.1180799 0.1216779 0.1287811 0.1112225 0.1061598 0.1213726 0.0924414 0.1371312 0.1253057 0.0946253 0.0969663 0.1229041 0.1033652 0.1171529 0.0846427 0.0966024 0.1055794 0.1168025 0.1199623 0.1021803 0.1198124 0.1106131 0.1413628 0.1044338 0.1696158 0.0907110 0.1216999 0.1193855 0.1117086 0.0812847 0.1322396 0.0735418 0.1020037 0.1274549 0.1351130 0.1393592 0.0925844 0.0955896 0.0290160 0.1176351 0.0933268 0.0909057 0.0783046 0.1484068 0.1581334 0.1011516 0.1129495 0.1252136 0.1202674 0.1296790 0.1020017 0.1260737 
Perityle_crassifolia_74_playa_balandra     0.1077606 0.1002491 0.1135509 0.1427065 0.1258504 0.1275873 0.1594863 0.1657256 0.1887955 0.1157098 0.1109223 0.1145780 0.1173039 0.1123504 0.0834585 0.1437870 0.1141662 0.1428456 0.1406679 0.1312560 0.1724916 0.1122618 0.0355563 0.1127709 0.1020579 0.1261056 0.1280836 0.1176650 0.1389993 0.1048438 0.0000000 0.1199553 0.1090041 0.1394598 0.1217811 0.1045685 0.1300020 0.1015791 0.1401989 0.1309543 0.1140726 0.1112514 0.1205474 0.1212635 0.1258096 0.0932097 0.1081297 0.1116158 0.1273133 0.1301282 0.1198261 0.1353191 0.1274853 0.1366348 0.1195579 0.1583851 0.1056885 0.1166306 0.1264198 0.1219777 0.1044594 0.1418650 0.0863780 0.1115003 0.1410176 0.1220188 0.1397898 0.1102891 0.1175814 0.0986667 0.1299148 0.1166407 0.1029885 0.1181639 0.1468895 0.1621338 0.1153553 0.1452112 0.1270085 0.1297339 0.1160675 0.1193412 0.1547789 
Perityle_cuneata_34_cuneata_San_antonio    0.0843100 0.0882854 0.1125533 0.1911027 0.1221364 0.0742750 0.2065280 0.1438917 0.1807956 0.0872253 0.0877513 0.0813511 0.0837119 0.0762651 0.0854816 0.1071345 0.0878291 0.1137823 0.1263375 0.0821531 0.0718468 0.0749498 0.0941965 0.0841365 0.0812186 0.0782504 0.1112150 0.0911534 0.1044327 0.1180799 0.1199553 0.0000000 0.0896424 0.0987082 0.0818401 0.0874081 0.0813983 0.0768400 0.1325357 0.1296054 0.0887157 0.0696811 0.0732922 0.1483305 0.0800766 0.0772886 0.0814686 0.0781985 0.0774022 0.0746620 0.0803107 0.0763029 0.0753438 0.1209598 0.0718939 0.1303948 0.0797018 0.1109834 0.0774113 0.0758118 0.0573658 0.1312361 0.0777294 0.0808512 0.1073219 0.1133111 0.1454357 0.0801881 0.0809380 0.1094527 0.1109383 0.0862352 0.0747477 0.0704579 0.1397646 0.1470821 0.0714915 0.0848172 0.0933283 0.0804905 0.1129442 0.0776798 0.1041982 
Perityle_cuneata_4                         0.1533989 0.1132090 0.1704526 0.1819694 0.0672737 0.1482717 0.2230486 0.1287828 0.2159333 0.1775692 0.1753169 0.1655500 0.1669527 0.1522300 0.0782608 0.1031022 0.1736339 0.1639346 0.1080595 0.3540952 0.3882917 0.1509713 0.1215189 0.1793693 0.1021370 0.1707753 0.1018852 0.1646438 0.1134454 0.1216779 0.1090041 0.0896424 0.0000000 0.4425334 0.1784722 0.1265533 0.1019525 0.1548381 0.1300565 0.0932405 0.1735882 0.1497498 0.0922129 0.1539537 0.1023149 0.1277670 0.1671231 0.1536094 0.1669907 0.0909529 0.1008564 0.1684199 0.1544752 0.1368187 0.1351903 0.1245637 0.1018916 0.1178997 0.1654595 0.1678457 0.0692654 0.1340310 0.0702782 0.1683102 0.1135023 0.1737227 0.1402138 0.1696787 0.1714921 0.1541262 0.1708699 0.1362928 0.1432714 0.0915077 0.1309698 0.1323191 0.1627286 0.1549313 0.1034753 0.1362608 0.1883426 0.0854991 0.1066025 
Perityle_discoidea_81                      0.0125568 0.0616678 0.0513488 0.1925883 0.1724294 0.0794754 0.1797964 0.2159714 0.1872863 0.0064018 0.0912561 0.0810777 0.0674408 0.0705382 0.0950176 0.1665607 0.0752573 0.1313439 0.1640071 0.0588894 0.0763640 0.0754236 0.0623741 0.0705992 0.0695142 0.0794118 0.1679747 0.0887386 0.1609270 0.1287811 0.1394598 0.0987082 0.4425334 0.0000000 0.0758787 0.0428368 0.0912004 0.0702223 0.1350707 0.1401521 0.0697730 0.0719182 0.0931231 0.1003137 0.0975314 0.0828292 0.0863730 0.0651171 0.0807694 0.0927400 0.0705310 0.0782379 0.0795660 0.1222149 0.0726632 0.1753285 0.0834359 0.1390661 0.0821720 0.0732986 0.0818486 0.1694868 0.0914839 0.0710210 0.1608146 0.1062613 0.1645534 0.0746890 0.0670121 0.1125301 0.0796206 0.0777729 0.0666457 0.0759385 0.1641897 0.1746680 0.0744267 0.0668404 0.1512496 0.0804081 0.0933807 0.1592464 0.1709813 
Perityle_dissecta_201                      0.0898222 0.0650451 0.1232368 0.1850882 0.1261866 0.0819371 0.1812664 0.1466079 0.1835115 0.0973742 0.1173727 0.1032762 0.0676214 0.0661251 0.0740950 0.1268205 0.0366480 0.1434885 0.1356038 0.0446890 0.0350742 0.0354677 0.0696390 0.1077056 0.0566988 0.0376312 0.1573733 0.0863391 0.1521197 0.1112225 0.1217811 0.0818401 0.1784722 0.0758787 0.0000000 0.0907094 0.1041872 0.0468069 0.2061016 0.1382519 0.1002829 0.0738426 0.0987411 0.0914622 0.1014722 0.1468984 0.0815478 0.0682026 0.0397642 0.0951628 0.0495127 0.0779657 0.0693557 0.1456468 0.0329650 0.1553215 0.0637399 0.1123948 0.0375724 0.0632310 0.0611120 0.1363225 0.0760511 0.1081285 0.1717336 0.1327460 0.1725564 0.0606487 0.1068471 0.1131234 0.0893049 0.0426773 0.0520112 0.0250531 0.1528016 0.1854791 0.0860499 0.0645939 0.1168355 0.0414284 0.1311481 0.0958393 0.1179436 
Perityle_emoryi_47_punta_san_jose          0.0780129 0.0661743 0.0844878 0.1752191 0.1216336 0.0998372 0.1631831 0.1552965 0.1964442 0.0802557 0.0936306 0.0887770 0.0842308 0.0878519 0.0716388 0.1268282 0.0886733 0.1404130 0.1273681 0.0505027 0.0707664 0.0841603 0.0708760 0.0919369 0.0736934 0.0904972 0.1358244 0.0943235 0.1237381 0.1061598 0.1045685 0.0874081 0.1265533 0.0428368 0.0907094 0.0000000 0.0956932 0.0750957 0.1423844 0.1092787 0.0898596 0.0819931 0.0867381 0.0971090 0.0947511 0.0951697 0.0979646 0.0794032 0.0889218 0.0905956 0.0735540 0.0926619 0.0899947 0.1378755 0.0811035 0.1519457 0.0760717 0.1172855 0.0867916 0.0844003 0.0669171 0.1356337 0.0683326 0.0878582 0.1348843 0.1057017 0.1564711 0.0815524 0.0891627 0.0991697 0.0904108 0.0947622 0.0805249 0.0629844 0.1497160 0.1602944 0.0871627 0.0689552 0.1218379 0.0895621 0.1027972 0.1110401 0.1199707 
Perityle_feddemae_99                       0.1225850 0.0859947 0.1418745 0.1942942 0.1320269 0.0885442 0.2148645 0.1577944 0.2026509 0.1160428 0.1155191 0.1049566 0.1091475 0.1008358 0.0879968 0.1218390 0.1122149 0.1416248 0.1333913 0.0809277 0.0685243 0.1105561 0.0820863 0.1150540 0.0885226 0.1095594 0.1245650 0.1110805 0.1118501 0.1213726 0.1300020 0.0813983 0.1019525 0.0912004 0.1041872 0.0956932 0.0000000 0.1062591 0.1326546 0.1292196 0.1150499 0.1018142 0.0454858 0.1558493 0.0268242 0.0990221 0.1193167 0.0995426 0.1075237 0.0240489 0.0846778 0.1097066 0.1031066 0.1199840 0.0880859 0.1362011 0.0813756 0.1176568 0.1067446 0.1031157 0.0570689 0.1292447 0.0773274 0.1064779 0.1170393 0.1320396 0.1585122 0.1118043 0.1102675 0.1292097 0.1256825 0.1012795 0.1031602 0.0740695 0.1482796 0.1400754 0.1056603 0.0886568 0.1080948 0.1013472 0.1322833 0.0959584 0.1183394 
Perityle_fosteri_93                        0.0811900 0.0539744 0.1097065 0.1866749 0.1200051 0.0712522 0.1713489 0.1468434 0.1847644 0.0957820 0.0832638 0.0687096 0.0528492 0.0516054 0.0444830 0.1238037 0.0383744 0.1315215 0.1331405 0.0218785 0.0520267 0.0459039 0.0577093 0.0728657 0.0462396 0.0498649 0.1524521 0.0678535 0.1450891 0.0924414 0.1015791 0.0768400 0.1548381 0.0702223 0.0468069 0.0750957 0.1062591 0.0000000 0.1704879 0.1240539 0.0685788 0.0499472 0.1004743 0.0830203 0.0991855 0.1134793 0.0742411 0.0383847 0.0493394 0.0915098 0.0410035 0.0697406 0.0617692 0.1370174 0.0491350 0.1509612 0.0601195 0.1084220 0.0518082 0.0493360 0.0490490 0.1271256 0.0642991 0.0641716 0.1652632 0.1282719 0.1629298 0.0280019 0.0730345 0.0933518 0.0636151 0.0595317 0.0436689 0.0489283 0.1461333 0.1747815 0.0712492 0.0510565 0.1084268 0.0557668 0.1255444 0.0910302 0.1120470 
Perityle_gamon_221                         0.1643425 0.0976143 0.2082461 0.1900253 0.0789752 0.0858441 0.2240004 0.1370671 0.1951652 0.1887898 0.2118984 0.1993024 0.1814918 0.1682607 0.1273450 0.0699418 0.1777084 0.1555725 0.0872212 0.1332841 0.1300008 0.1443077 0.1062603 0.2122401 0.1274155 0.1751922 0.0817041 0.2050309 0.0765609 0.1371312 0.1401989 0.1325357 0.1300565 0.1350707 0.2061016 0.1423844 0.1326546 0.1704879 0.0000000 0.1260800 0.2023317 0.1776339 0.1313409 0.2094006 0.1177634 0.1156040 0.1825060 0.2158676 0.1839513 0.1244022 0.1444039 0.2022806 0.1968048 0.1178580 0.1418204 0.0772661 0.1130998 0.0918370 0.1774923 0.2188850 0.0671960 0.0547074 0.0786983 0.2074251 0.0825993 0.1553550 0.1489562 0.2003979 0.2093323 0.1741976 0.2486798 0.1543351 0.1571644 0.1003555 0.1444210 0.0835337 0.1891928 0.1525875 0.0570323 0.1590816 0.1545795 0.0793006 0.0678184 
Perityle_gentryi_8_san_francisco           0.1298906 0.0779765 0.1625495 0.1975072 0.1162324 0.0831723 0.1985866 0.1456254 0.1925862 0.1530990 0.1389233 0.1495885 0.1260754 0.1070305 0.0945059 0.0521582 0.1134966 0.1153091 0.1220274 0.1489003 0.1140068 0.0987260 0.0747438 0.1472577 0.1291267 0.1094771 0.0684114 0.1483321 0.0728352 0.1253057 0.1309543 0.1296054 0.0932405 0.1401521 0.1382519 0.1092787 0.1292196 0.1240539 0.1260800 0.0000000 0.1143653 0.1127556 0.1399446 0.1690722 0.1113677 0.1435774 0.1334221 0.1091500 0.1100650 0.1065433 0.1366461 0.1149950 0.1048447 0.0829040 0.1030940 0.0894758 0.0975389 0.0726220 0.1220419 0.1386352 0.0891283 0.0869970 0.0738790 0.1482411 0.0756863 0.1268653 0.1624802 0.1090983 0.1438455 0.1306643 0.1471202 0.1364457 0.1353103 0.0821104 0.1579283 0.1248060 0.1393097 0.1679950 0.0646744 0.1408026 0.1108504 0.0860804 0.0927485 
Perityle_gilensis_22_Superstition          0.0887384 0.0493084 0.0854769 0.1802419 0.1193063 0.0842197 0.1758127 0.1550479 0.1878288 0.1032351 0.1234567 0.0585740 0.0929042 0.0810030 0.0552866 0.1276867 0.0580467 0.1385604 0.1341445 0.0299939 0.0374504 0.0547484 0.0682130 0.0260641 0.0202385 0.0630534 0.1623932 0.1226189 0.1566975 0.0946253 0.1140726 0.0887157 0.1735882 0.0697730 0.1002829 0.0898596 0.1150499 0.0685788 0.2023317 0.1143653 0.0000000 0.0838991 0.1074794 0.1007304 0.1099333 0.1529853 0.0600124 0.0875270 0.0689447 0.1007382 0.0180497 0.0988832 0.0872958 0.1483330 0.0526081 0.1555534 0.0680185 0.1117424 0.0667097 0.0998540 0.0499448 0.1393558 0.0640212 0.0551961 0.1700894 0.1392479 0.1715013 0.0984218 0.0127310 0.1041485 0.1008078 0.0575976 0.0551076 0.0291799 0.1527337 0.1953036 0.0500239 0.0301549 0.1132968 0.0558574 0.1386235 0.0857905 0.1133173 
Perityle_gilensis_salensis_225             0.0900348 0.0557635 0.1043562 0.1829324 0.1155314 0.0816972 0.1721547 0.1540995 0.1914468 0.1038118 0.0991169 0.0749448 0.0425042 0.0353599 0.0549415 0.1244955 0.0680376 0.1347217 0.1295245 0.0225982 0.0537053 0.0699075 0.0756470 0.0864951 0.0520011 0.0732450 0.1521273 0.0845374 0.1542670 0.0969663 0.1112514 0.0696811 0.1497498 0.0719182 0.0738426 0.0819931 0.1018142 0.0499472 0.1776339 0.1127556 0.0838991 0.0000000 0.0979198 0.1007696 0.1016740 0.1187875 0.0655665 0.0572295 0.0722387 0.0905248 0.0407873 0.0645517 0.0537263 0.1377986 0.0650924 0.1491137 0.0675846 0.1084447 0.0717660 0.0726870 0.0496483 0.1378103 0.0595938 0.0759248 0.1714106 0.1261833 0.1583310 0.0632638 0.0847035 0.0984737 0.0796062 0.0745566 0.0340233 0.0535836 0.1471532 0.1769166 0.0778422 0.0466362 0.1069727 0.0702614 0.1262053 0.0895628 0.1118598 
Perityle_glaucescens_94                    0.1145294 0.0871807 0.1319245 0.2048776 0.1330990 0.0839156 0.2186642 0.1540945 0.1934766 0.1155923 0.1170322 0.1021027 0.1076042 0.0990412 0.0815981 0.1227950 0.1099349 0.1378128 0.1394073 0.0872433 0.0724910 0.1036268 0.0819255 0.1087616 0.0830671 0.1033088 0.1260651 0.1036893 0.1189966 0.1229041 0.1205474 0.0732922 0.0922129 0.0931231 0.0987411 0.0867381 0.0454858 0.1004743 0.1313409 0.1399446 0.1074794 0.0979198 0.0000000 0.1502660 0.0483414 0.1061815 0.1164576 0.0965905 0.1024139 0.0372455 0.0780977 0.1045234 0.0979708 0.1190512 0.0836655 0.1349254 0.0744742 0.1175588 0.1017128 0.0999138 0.0570111 0.1316634 0.0870633 0.1035934 0.1210881 0.1325922 0.1529652 0.1009520 0.1056290 0.1242547 0.1283424 0.1017996 0.0997735 0.0662883 0.1473694 0.1394467 0.1005959 0.0898394 0.1105109 0.0966325 0.1364101 0.0937071 0.1162570 
Perityle_gracilis_11                       0.1249729 0.0827670 0.1530660 0.2070300 0.1656440 0.0948038 0.2013726 0.1439513 0.2161349 0.1454253 0.1477345 0.1409685 0.0970924 0.0957375 0.0667364 0.1291245 0.0508850 0.1493409 0.1811650 0.1589778 0.0622152 0.0363030 0.0643440 0.1522436 0.1174178 0.0283911 0.1680945 0.1225075 0.1274161 0.1033652 0.1212635 0.1483305 0.1539537 0.1003137 0.0914622 0.0971090 0.1558493 0.0830203 0.2094006 0.1690722 0.1007304 0.1007696 0.1502660 0.0000000 0.1117653 0.1839787 0.1307519 0.0530975 0.0438353 0.1164256 0.1182326 0.0754364 0.0671217 0.1446408 0.0492388 0.1589046 0.0716151 0.1256227 0.0561807 0.0916456 0.0652763 0.1231567 0.0865260 0.1495267 0.1613525 0.1792951 0.2138398 0.0504914 0.1480764 0.1048354 0.0956318 0.0807929 0.1105199 0.0275269 0.1855188 0.2017916 0.1160954 0.1531824 0.1056257 0.0839907 0.1798269 0.1102483 0.1273265 
Perityle_harkerae_31                       0.1236878 0.0859416 0.1204752 0.1600323 0.1184347 0.0840013 0.1741716 0.1542603 0.1834876 0.1205041 0.1135408 0.1113495 0.1049121 0.0995402 0.0885265 0.1226523 0.1085588 0.1324944 0.1193083 0.0772814 0.0686614 0.1092018 0.0567682 0.1136977 0.0848968 0.1070175 0.1179680 0.1113645 0.1109914 0.1171529 0.1258096 0.0800766 0.1023149 0.0975314 0.1014722 0.0947511 0.0268242 0.0991855 0.1177634 0.1113677 0.1099333 0.1016740 0.0483414 0.1117653 0.0000000 0.1036192 0.1228661 0.0987499 0.1057772 0.0181102 0.0798799 0.1104743 0.0999456 0.1155814 0.0888473 0.1208707 0.0854171 0.1157636 0.1044185 0.1046409 0.0535013 0.1204550 0.0804010 0.1099970 0.1149351 0.1452452 0.1398468 0.1033344 0.1092143 0.1293353 0.1077563 0.1038090 0.1007139 0.0708133 0.1343234 0.1331647 0.1112546 0.0881231 0.1090465 0.1028103 0.1410299 0.0934929 0.1166166 
