85
Amauria_brandeegeana_62                    0.0000000 0.0448692 0.0410580 0.2679241 0.2224315 0.0676450 0.2354951 0.1868930 0.2732926 0.0369885 0.2411240 0.1897615 0.1770213 0.1569179 0.1352817 0.1943500 0.2678436 0.2462571 0.1847479 0.1760400 0.2257644 0.1396574 0.1521592 0.1735043 0.1321243 0.1690096 0.2011781 0.3144107 0.2160937 0.1699703 0.1128247 0.2333289 0.1882738 0.0495569 0.2123863 0.1412820 0.1704681 0.1448286 0.1674023 0.2002641 0.2147919 0.1487526 0.1820734 0.1509889 0.1713229 0.2108033 0.1826961 0.1437188 0.2081269 0.1476052 0.1720702 0.1902495 0.2019958 0.1579183 0.1800659 0.1484619 0.1488588 0.1493171 0.1731914 0.1391143 0.1806188 0.1127745 0.1893764 0.1662579 0.2019747 0.2306855 0.1767623 0.2305147 0.1487961 0.1327237 0.1648388 0.1746543 0.1783889 0.1630773 0.1969109 0.2204108 0.2436729 0.2416422 0.3553857 0.1822498 0.1333458 0.1341652 0.2589106 0.1802016 0.1701984 
Amauria_carterae_99_mesa                   0.0448692 0.0000000 0.0400125 0.2061543 0.0880839 0.0537798 0.1667585 0.1715564 0.1806160 0.0565101 0.1244595 0.1269883 0.1313252 0.1227047 0.1158915 0.1839657 0.1391785 0.1689217 0.1520158 0.1429372 0.1326780 0.1104574 0.1213204 0.1205109 0.1178482 0.1122525 0.1441420 0.1308875 0.1648300 0.1336842 0.0986343 0.1206434 0.1161210 0.0775677 0.1410700 0.1333440 0.1152793 0.0940284 0.1358197 0.1810721 0.1467155 0.0989990 0.1277504 0.1273956 0.1252364 0.1782550 0.1367848 0.1357504 0.1576482 0.1562983 0.1277347 0.1235070 0.1239998 0.1486591 0.1237788 0.1375957 0.1477415 0.1510741 0.1375101 0.1025683 0.1539160 0.1220407 0.1806122 0.1068491 0.1129255 0.1636230 0.1423235 0.1574330 0.0904214 0.0861391 0.1221082 0.1341137 0.1178412 0.1313660 0.1367900 0.1025573 0.1559905 0.1907106 0.1814322 0.1127819 0.1093815 0.0990841 0.1384010 0.1028569 0.1201682 
Amauria_rotundifolia_SRR9119150            0.0410580 0.0400125 0.0000000 0.2591772 0.2272258 0.0676704 0.2311159 0.1822881 0.2678889 0.0492834 0.2410823 0.1853846 0.1810000 0.1599415 0.1228368 0.1889711 0.2471376 0.2427381 0.1833182 0.1771747 0.2237319 0.1357580 0.1274436 0.1738520 0.1326627 0.1501189 0.1823604 0.3018686 0.2175964 0.1676918 0.1183883 0.2527635 0.1975448 0.0667322 0.2079487 0.1251453 0.1743439 0.1428760 0.1569919 0.1905759 0.2176307 0.1497389 0.1872852 0.1500909 0.1698039 0.2136871 0.1795936 0.1379829 0.2023134 0.1585879 0.1803277 0.1843856 0.1995967 0.1610932 0.1758590 0.1570732 0.1434096 0.1456913 0.1624079 0.1321386 0.1828403 0.1162305 0.1947445 0.1602103 0.2051067 0.2250645 0.1721143 0.2361861 0.1418222 0.1263559 0.1645440 0.1725767 0.1640747 0.1590029 0.1792510 0.2149620 0.2596424 0.2553832 0.3491678 0.1739384 0.1358654 0.1301044 0.2555707 0.1666719 0.1699199 
Conoclinium_coelestinum_SRR9119114         0.2679241 0.2061543 0.2591772 0.0000000 0.3114182 0.1598762 0.2179639 0.2329186 0.3282057 0.2797929 0.3514373 0.2206120 0.2434025 0.2536560 0.2220514 0.2604125 0.2414363 0.3746252 0.3371810 0.2564257 0.2435021 0.2091868 0.1611986 0.2541030 0.2171629 0.2225675 0.2482999 0.2514534 0.2945935 0.2335991 0.2460650 0.3016885 0.3199049 0.2949397 0.2854130 0.2362847 0.2874255 0.2009358 0.2697099 0.2548914 0.2989860 0.2022922 0.2955548 0.2300187 0.2966552 0.3473274 0.2527767 0.2340668 0.2805855 0.3178005 0.2574697 0.2437403 0.2565628 0.2406748 0.2458572 0.2974515 0.2239255 0.2467857 0.2241320 0.2073109 0.2913023 0.2550857 0.3632587 0.2298219 0.2273559 0.2974410 0.2444457 0.3379859 0.2349585 0.1846418 0.2464675 0.2819115 0.2280104 0.2359818 0.2260761 0.2682884 0.3363446 0.3649008 0.3757521 0.2203128 0.2418820 0.2088597 0.2834462 0.2725413 0.3101142 
Eutetras_palmeri_63                        0.2224315 0.0880839 0.2272258 0.3114182 0.0000000 0.0150815 0.2414808 0.1771763 0.2732455 0.1202500 0.1987970 0.2589856 0.2685515 0.2530375 0.1446427 0.2966647 0.2821332 0.2294672 0.1876350 0.2722786 0.3033511 0.2377799 0.1095411 0.2928459 0.2295759 0.2589193 0.2884644 0.3650819 0.2324293 0.1865987 0.1277174 0.2568984 0.1914327 0.1364794 0.3361657 0.2276934 0.2181457 0.2537938 0.2727099 0.2780512 0.3280455 0.2673042 0.2180298 0.2399913 0.2104116 0.2447706 0.2751289 0.1966785 0.3670565 0.1427233 0.2601002 0.2454180 0.2912844 0.2402804 0.2877674 0.1422240 0.1697321 0.2149320 0.2742229 0.2659385 0.1549641 0.1362709 0.1848159 0.1873895 0.2754846 0.2654713 0.2492735 0.1990941 0.1850193 0.2307028 0.2836100 0.2071586 0.2753709 0.2425229 0.2649155 0.2544034 0.2189650 0.2952262 0.2982720 0.2567889 0.1330846 0.2656355 0.2838008 0.1716625 0.1514177 
Eutetras_pringlei_149_quer                 0.0676450 0.0537798 0.0676704 0.1598762 0.0150815 0.0000000 0.1354490 0.1376879 0.1270036 0.0716319 0.0752641 0.0919867 0.0984613 0.1021925 0.0981643 0.1288814 0.0661626 0.0885020 0.1064088 0.0974701 0.0743505 0.0952487 0.0873553 0.1032727 0.0893275 0.0967577 0.0983419 0.1143420 0.0781437 0.0953046 0.0951283 0.1023129 0.0757028 0.0752908 0.1221612 0.0944523 0.0950207 0.0816265 0.1250958 0.1383824 0.1055496 0.0783165 0.0915594 0.0919318 0.0917338 0.1278445 0.0990846 0.0946787 0.1020574 0.0914665 0.1042573 0.1111998 0.0968764 0.1018357 0.1021198 0.0983906 0.1139412 0.0931724 0.0915805 0.0921425 0.0985941 0.1521258 0.1437644 0.0980862 0.0992662 0.0852132 0.1056646 0.1039339 0.1109454 0.0696061 0.1031343 0.0956558 0.0930654 0.0880768 0.1014413 0.0877995 0.1004250 0.1334170 0.1271957 0.0992666 0.0918770 0.1189567 0.0944523 0.0636727 0.1021275 
Eutrochium_fistulosum_SRR9119106           0.2354951 0.1667585 0.2311159 0.2179639 0.2414808 0.1354490 0.0000000 0.1684268 0.2901053 0.1822245 0.2912634 0.2364319 0.2528861 0.2703373 0.1779809 0.2698676 0.2406103 0.3115242 0.2502789 0.2629574 0.2767316 0.2238239 0.1483697 0.2407709 0.2196232 0.2196079 0.2322914 0.2441921 0.2826820 0.2317343 0.1528264 0.2573701 0.2624397 0.2088443 0.2683295 0.2073369 0.2343276 0.2329231 0.2731162 0.2606351 0.2834244 0.2184273 0.2393397 0.2303038 0.2374822 0.3036927 0.2683207 0.2239526 0.2819178 0.2208152 0.2445026 0.2421465 0.2407497 0.2196645 0.2593612 0.2143902 0.1905414 0.2181348 0.2336015 0.2240710 0.2382088 0.1839735 0.2717844 0.1662210 0.2382816 0.2944041 0.2267342 0.2607362 0.1672777 0.2208518 0.2371337 0.2440188 0.2334769 0.2329071 0.2426683 0.2466978 0.2733051 0.3017637 0.3574275 0.2244049 0.1918382 0.2266321 0.2436001 0.2327254 0.2042894 
Galeana_pratensis_104_mex                  0.1868930 0.1715564 0.1822881 0.2329186 0.1771763 0.1376879 0.1684268 0.0000000 0.2093611 0.1515679 0.1950799 0.2261290 0.2185675 0.2023446 0.2053552 0.2312144 0.1439584 0.1988405 0.1871179 0.2048360 0.1829173 0.1632561 0.1682545 0.2116995 0.2249743 0.2270246 0.2579616 0.1686506 0.1953886 0.2157876 0.1626916 0.2022856 0.2107881 0.1544515 0.2301927 0.2517350 0.1676663 0.1250561 0.1609408 0.2348066 0.2167440 0.1248887 0.1823134 0.2120363 0.1881961 0.2302981 0.1972645 0.2141987 0.2274593 0.1620623 0.2197623 0.2187927 0.2146031 0.2539182 0.1962862 0.1847796 0.1666294 0.2472401 0.2171771 0.1523003 0.2013085 0.1632610 0.2371926 0.1905958 0.2170303 0.1953886 0.2558301 0.2111181 0.1826436 0.1213868 0.2099656 0.2177210 0.2105419 0.2065160 0.2180945 0.1679189 0.2079351 0.2100969 0.2233675 0.2138402 0.1709847 0.1602899 0.2517350 0.1324991 0.2026106 
Helianthus_annuus_SRR9119062               0.2732926 0.1806160 0.2678889 0.3282057 0.2732455 0.1270036 0.2901053 0.2093611 0.0000000 0.2032144 0.3198525 0.3082779 0.2980400 0.3187029 0.1924595 0.3133627 0.2923387 0.2735479 0.3090600 0.3040614 0.3223200 0.2775019 0.2082991 0.2992717 0.2881895 0.3080746 0.3077520 0.2993446 0.2992569 0.2724022 0.1964307 0.2896758 0.2954775 0.2163978 0.3539120 0.2721264 0.2673082 0.2810520 0.2901080 0.3055184 0.3414739 0.2622599 0.2757382 0.3008260 0.2729220 0.3225563 0.3239883 0.2858911 0.3327043 0.2289100 0.3077456 0.2988443 0.2986489 0.2938407 0.2939780 0.2385804 0.2366022 0.2674178 0.3026251 0.2640351 0.2323690 0.1983788 0.2769810 0.2291372 0.2966359 0.3155838 0.2928196 0.3308525 0.2248247 0.2655634 0.2982590 0.3012343 0.3043754 0.2959358 0.3306731 0.3131300 0.3227074 0.3539589 0.4060212 0.2937111 0.2217864 0.2794554 0.3314844 0.2131799 0.2741567 
Lycapsus_tenuifolius_17                    0.0369885 0.0565101 0.0492834 0.2797929 0.1202500 0.0716319 0.1822245 0.1515679 0.2032144 0.0000000 0.1507209 0.1590266 0.1324253 0.1369846 0.1290727 0.1785139 0.1341943 0.1880977 0.1585571 0.1476476 0.0991794 0.0915610 0.1205624 0.1407645 0.1385985 0.1375264 0.1907704 0.1602946 0.2132133 0.1730724 0.0915657 0.1621103 0.1535219 0.0023252 0.1561205 0.1888044 0.1425567 0.0829802 0.1439971 0.1823559 0.1550566 0.0675447 0.1551918 0.1464361 0.1572701 0.2271584 0.1396114 0.1564062 0.1439394 0.1546423 0.1351701 0.1523305 0.1360984 0.1942921 0.1414962 0.1825287 0.1731358 0.1724534 0.1471150 0.0854963 0.1768171 0.1030328 0.1998697 0.1199503 0.1540352 0.2114645 0.1916696 0.1610111 0.0904746 0.0798236 0.1361313 0.1518426 0.1575386 0.1442748 0.1686776 0.0937962 0.1720910 0.2214515 0.2498742 0.1462052 0.0825349 0.0885458 0.1888044 0.1369270 0.1479936 
Pericome_caudata_50_silver                 0.2411240 0.1244595 0.2410823 0.3514373 0.1987970 0.0752641 0.2912634 0.1950799 0.3198525 0.1507209 0.0000000 0.2864274 0.2990916 0.2737083 0.1742545 0.3220200 0.2894343 0.2615416 0.2358591 0.2920891 0.3580782 0.2506550 0.1912118 0.2861224 0.2701964 0.2746092 0.3325609 0.3716532 0.3113419 0.2020997 0.1286207 0.2756614 0.2137342 0.1725982 0.3369648 0.2507051 0.2670306 0.2523481 0.2943021 0.3398110 0.3216824 0.2661401 0.2625445 0.2825365 0.2491355 0.3053182 0.2916581 0.2344188 0.3592277 0.1920544 0.2747379 0.2811911 0.3377751 0.2759189 0.2953429 0.2037910 0.2318930 0.2515276 0.2727595 0.2813533 0.2161067 0.1710846 0.2479211 0.2031737 0.3157775 0.3347620 0.2777348 0.2112690 0.2006403 0.2490668 0.2817377 0.2040635 0.2925531 0.2839557 0.2984261 0.2805087 0.2323759 0.3339945 0.4191582 0.2859925 0.1856811 0.2780292 0.3174729 0.1892845 0.1651855 
Perityle_aglossa_84_dead_horse             0.1897615 0.1269883 0.1853846 0.2206120 0.2589856 0.0919867 0.2364319 0.2261290 0.3082779 0.1590266 0.2864274 0.0000000 0.0686398 0.0523720 0.0849641 0.0955884 0.1097619 0.2095842 0.2388597 0.0623849 0.1777975 0.0471022 0.1278035 0.0714565 0.0437395 0.0558368 0.0976602 0.2018230 0.2385635 0.2006687 0.1579975 0.2166882 0.2128567 0.2105400 0.0873547 0.0708883 0.2241362 0.0456516 0.1853002 0.1058328 0.1029645 0.0573568 0.2212433 0.0502981 0.2152749 0.2784735 0.0605161 0.0466876 0.1029777 0.1848325 0.0781408 0.0780581 0.0754322 0.0674665 0.0636196 0.1805029 0.1072131 0.0621742 0.0575929 0.0648897 0.2005127 0.1695614 0.2424840 0.0955852 0.0618907 0.2693820 0.0850027 0.2824661 0.0933739 0.0318042 0.0682880 0.2153602 0.0590807 0.0540680 0.0870196 0.1647390 0.3112819 0.3127606 0.3314882 0.0272328 0.1628654 0.0634298 0.1649819 0.1633163 0.1350327 
Perityle_ajoensis_204                      0.1770213 0.1313252 0.1810000 0.2434025 0.2685515 0.0984613 0.2528861 0.2185675 0.2980400 0.1324253 0.2990916 0.0686398 0.0000000 0.0741850 0.0432112 0.1213866 0.1309732 0.1838118 0.2473015 0.0404958 0.1776620 0.0640598 0.1392048 0.0615402 0.0516314 0.0581657 0.1358246 0.2010781 0.2593125 0.1961427 0.1612261 0.2027896 0.2002829 0.1754165 0.0703175 0.1299663 0.2091322 0.0668907 0.1890991 0.1098156 0.0758418 0.0717764 0.2171661 0.0580023 0.2176687 0.2850095 0.0852915 0.0574447 0.1034418 0.2114303 0.0622015 0.0930748 0.0600928 0.1192174 0.0367240 0.1895475 0.1099921 0.1219588 0.0595709 0.0617365 0.2136089 0.1396259 0.2379102 0.1290074 0.0710083 0.2725919 0.1330272 0.2767276 0.0779316 0.0599547 0.0621190 0.2110751 0.0714709 0.0599611 0.0708720 0.1708370 0.3100840 0.3143924 0.3288641 0.0753266 0.1723766 0.0687223 0.2314293 0.1644426 0.1180577 
Perityle_ambrosiifolia_67_green            0.1569179 0.1227047 0.1599415 0.2536560 0.2530375 0.1021925 0.2703373 0.2023446 0.3187029 0.1369846 0.2737083 0.0523720 0.0741850 0.0000000 0.1026162 0.0966449 0.1244329 0.2228249 0.2149547 0.0663932 0.1694994 0.0486175 0.1374268 0.0452763 0.0433844 0.0486223 0.1126674 0.1814599 0.2616641 0.1759361 0.1444250 0.2117912 0.1897762 0.1808115 0.0776227 0.1096887 0.2194960 0.0467546 0.1947408 0.1022447 0.0582058 0.0479179 0.2120470 0.0484419 0.2172046 0.2921383 0.0659338 0.0498362 0.1091123 0.2013104 0.0471736 0.0791101 0.0566386 0.0960302 0.0701572 0.1719143 0.1078187 0.0998996 0.0545726 0.0484886 0.2158996 0.1681777 0.2275881 0.1459376 0.0589616 0.2588932 0.1090510 0.2776954 0.1009377 0.0423092 0.0382311 0.1887516 0.0660932 0.0558910 0.0555215 0.1506891 0.3071700 0.2950552 0.3098518 0.0618406 0.1663685 0.0528746 0.1985733 0.1868364 0.1223491 
Perityle_angustifolia_13_Eagle_creek       0.1352817 0.1158915 0.1228368 0.2220514 0.1446427 0.0981643 0.1779809 0.2053552 0.1924595 0.1290727 0.1742545 0.0849641 0.0432112 0.1026162 0.0000000 0.1138347 0.1083818 0.1781947 0.1624466 0.0151760 0.1196641 0.0677836 0.1142150 0.0809299 0.0675824 0.0684833 0.1162729 0.0934726 0.1987704 0.1317718 0.1365664 0.1532596 0.1663676 0.1556408 0.0759803 0.1129060 0.1543881 0.0887445 0.1774281 0.1112391 0.0881495 0.0859483 0.1648573 0.0694948 0.1623726 0.2022075 0.1220487 0.0836216 0.1182746 0.1830619 0.0808166 0.0777980 0.0700234 0.1207504 0.0127996 0.1606409 0.0908505 0.1116006 0.0734102 0.0644903 0.1718473 0.1581316 0.1633341 0.1006341 0.0778857 0.2011125 0.1250261 0.1798267 0.0784262 0.0868205 0.0855866 0.1625118 0.0765343 0.0679110 0.0742622 0.0648034 0.1762239 0.2310765 0.1575690 0.0878044 0.1434715 0.0867847 0.1103827 0.1563562 0.0986339 
Perityle_batopilensis_97                   0.1943500 0.1839657 0.1889711 0.2604125 0.2966647 0.1288814 0.2698676 0.2312144 0.3133627 0.1785139 0.3220200 0.0955884 0.1213866 0.0966449 0.1138347 0.0000000 0.1609852 0.2083320 0.2764124 0.1163629 0.2265534 0.1044031 0.2051479 0.1009945 0.1299585 0.1181633 0.1562443 0.2087679 0.3146492 0.2221034 0.1737190 0.2641802 0.2217689 0.2290683 0.1038233 0.1414718 0.2597329 0.1134813 0.2071573 0.0320488 0.1231298 0.0980493 0.2480698 0.1356825 0.2628766 0.3087259 0.1175953 0.1143145 0.1337179 0.2336709 0.1145035 0.1656854 0.1186287 0.1428826 0.1031379 0.2245831 0.1399916 0.1346821 0.1175247 0.1249324 0.2556317 0.2062225 0.2794618 0.1397160 0.1094260 0.3221367 0.1441657 0.3082197 0.1493065 0.0960234 0.1001700 0.2409318 0.1075869 0.1281140 0.1322232 0.2117432 0.3491475 0.3280565 0.3625099 0.1133657 0.2193685 0.1076802 0.2533601 0.1786651 0.1390029 
Perityle_bisetosa_9                        0.2678436 0.1391785 0.2471376 0.2414363 0.2821332 0.0661626 0.2406103 0.1439584 0.2923387 0.1341943 0.2894343 0.1097619 0.1309732 0.1244329 0.1083818 0.1609852 0.0000000 0.1928209 0.2485932 0.1224292 0.1700694 0.1352145 0.1899124 0.1182605 0.1659527 0.1289133 0.2112515 0.1748250 0.3436381 0.2228039 0.1554549 0.2953011 0.2185662 0.1754367 0.1258837 0.1716761 0.3138277 0.1079540 0.2649082 0.2094945 0.1453246 0.1347486 0.2759379 0.1614766 0.3127341 0.3986498 0.1216504 0.1186872 0.1508708 0.1923568 0.1318359 0.1550853 0.1346283 0.1903278 0.1375540 0.2458353 0.1949065 0.1694832 0.1349110 0.1699988 0.2687890 0.1717870 0.3378483 0.1288990 0.1212737 0.3524038 0.1806644 0.2983720 0.1032160 0.0966893 0.1152613 0.2519457 0.1414490 0.1585597 0.1488764 0.2269171 0.2905829 0.3341470 0.4219045 0.1343526 0.2097704 0.1372854 0.2080266 0.1326539 0.1455905 
Perityle_californica_76_positas            0.2462571 0.1689217 0.2427381 0.3746252 0.2294672 0.0885020 0.3115242 0.1988405 0.2735479 0.1880977 0.2615416 0.2095842 0.1838118 0.2228249 0.1781947 0.2083320 0.1928209 0.0000000 0.2335561 0.2235155 0.1417485 0.1505077 0.1485203 0.1936787 0.1691585 0.1756361 0.2333566 0.1686454 0.3225923 0.1804816 0.1674876 0.1780313 0.2304135 0.2087086 0.2112633 0.2248703 0.2560482 0.1920555 0.2341713 0.2116941 0.2095402 0.1577629 0.2591893 0.1742885 0.2506970 0.3491544 0.2321890 0.1907685 0.1931105 0.2674898 0.1950263 0.2245303 0.1907795 0.2261250 0.2099430 0.2970118 0.1844147 0.2174531 0.1910248 0.1520670 0.2632478 0.1737856 0.2739932 0.1808690 0.2000402 0.3221402 0.2314437 0.2440129 0.1950033 0.1843820 0.1798082 0.2434340 0.2007094 0.1857072 0.1913541 0.1370231 0.2686862 0.3330691 0.3316160 0.2046623 0.1772879 0.1494343 0.2248703 0.1321060 0.2413098 
Perityle_canescens_77                      0.1847479 0.1520158 0.1833182 0.3371810 0.1876350 0.1064088 0.2502789 0.1871179 0.3090600 0.1585571 0.2358591 0.2388597 0.2473015 0.2149547 0.1624466 0.2764124 0.2485932 0.2335561 0.0000000 0.2475877 0.2515438 0.2235301 0.1532435 0.2386903 0.2255078 0.2410113 0.2346080 0.2824053 0.2055154 0.2117213 0.1447735 0.2297445 0.2177490 0.1746327 0.2727522 0.2165800 0.1256816 0.1873245 0.2093561 0.2735011 0.2724858 0.1874869 0.1245731 0.2415980 0.1250937 0.2309602 0.2303504 0.2259964 0.3175016 0.0600147 0.2364732 0.2168715 0.2522037 0.2255027 0.2403558 0.1224968 0.2007669 0.2033082 0.2458487 0.2311934 0.1198019 0.1065513 0.1702580 0.1754395 0.2451116 0.2207062 0.2182668 0.2220153 0.1665911 0.1774869 0.2310745 0.1999382 0.2372799 0.2453897 0.2344497 0.2201360 0.2238281 0.1968840 0.3065144 0.2299679 0.1147208 0.2277908 0.2392712 0.2060626 0.1763886 
Perityle_castillonii_96                    0.1760400 0.1429372 0.1771747 0.2564257 0.2722786 0.0974701 0.2629574 0.2048360 0.3040614 0.1476476 0.2920891 0.0623849 0.0404958 0.0663932 0.0151760 0.1163629 0.1224292 0.2235155 0.2475877 0.0000000 0.1866492 0.0680151 0.1604258 0.0674297 0.0632438 0.0643017 0.1262683 0.1891252 0.2713412 0.1943686 0.1532738 0.2214685 0.1927969 0.1925018 0.0731405 0.1266770 0.2218910 0.0640389 0.2026218 0.1172183 0.0781687 0.0654812 0.2167371 0.0694413 0.2256132 0.2920226 0.0872815 0.0674391 0.1094065 0.2197830 0.0696206 0.0947414 0.0639960 0.1165300 0.0218514 0.2020102 0.1131883 0.1159601 0.0678415 0.0686281 0.2217508 0.1637077 0.2218228 0.1376869 0.0644437 0.2802510 0.1215794 0.2921444 0.0935196 0.0610749 0.0691313 0.2108387 0.0742971 0.0677092 0.0825776 0.1751042 0.3243332 0.3046963 0.3398417 0.0736088 0.1842145 0.0748915 0.2294866 0.1608504 0.1196324 
Perityle_cernua_84                         0.2257644 0.1326780 0.2237319 0.2435021 0.3033511 0.0743505 0.2767316 0.1829173 0.3223200 0.0991794 0.3580782 0.1777975 0.1776620 0.1694994 0.1196641 0.2265534 0.1700694 0.1417485 0.2515438 0.1866492 0.0000000 0.1541648 0.0740361 0.1757791 0.1228617 0.1517533 0.2068510 0.2363396 0.2454921 0.1919824 0.1732546 0.2389328 0.2375385 0.1406422 0.1969371 0.1352330 0.2433177 0.1840980 0.2954899 0.2004064 0.1919332 0.1825479 0.2457490 0.1519408 0.2403061 0.2635397 0.1526460 0.0982578 0.2002207 0.1723065 0.1665265 0.1878965 0.1796443 0.1704325 0.1498994 0.1847474 0.1268052 0.1122558 0.1593576 0.1737541 0.1901099 0.1500266 0.1813842 0.1256367 0.1692366 0.3040075 0.1839988 0.3337975 0.1186406 0.1311658 0.1774556 0.2496918 0.1595175 0.1433192 0.1373751 0.2373438 0.3712650 0.2909634 0.2383264 0.1758228 0.2150712 0.1650957 0.2602753 0.1427783 0.1567892 
Perityle_cfvillosa_25_tin                  0.1396574 0.1104574 0.1357580 0.2091868 0.2377799 0.0952487 0.2238239 0.1632561 0.2775019 0.0915610 0.2506550 0.0471022 0.0640598 0.0486175 0.0677836 0.1044031 0.1352145 0.1505077 0.2235301 0.0680151 0.1541648 0.0000000 0.1013211 0.0570899 0.0371099 0.0149144 0.1459852 0.1481818 0.1754711 0.1621658 0.1384389 0.1739235 0.1455003 0.1453145 0.0474507 0.1527326 0.1787512 0.0520665 0.1849585 0.1191993 0.0705958 0.0446107 0.1702252 0.0215410 0.1732002 0.2010839 0.0598692 0.0119894 0.0488619 0.1366955 0.0546064 0.0932151 0.0609829 0.1475811 0.0988690 0.1523935 0.0834364 0.1443851 0.0176515 0.0103363 0.1535228 0.1719632 0.1867677 0.1022104 0.0534874 0.1962783 0.1225711 0.2538313 0.1163814 0.0391648 0.0546329 0.1728148 0.0211245 0.0159960 0.0584529 0.1816665 0.2814965 0.2353390 0.2649042 0.0557899 0.1724335 0.0168471 0.2682458 0.1181571 0.0979128 
Perityle_cinerea_113_Powell1310            0.1521592 0.1213204 0.1274436 0.1611986 0.1095411 0.0873553 0.1483697 0.1682545 0.2082991 0.1205624 0.1912118 0.1278035 0.1392048 0.1374268 0.1142150 0.2051479 0.1899124 0.1485203 0.1532435 0.1604258 0.0740361 0.1013211 0.0000000 0.1450679 0.0772403 0.1230755 0.1270052 0.1686382 0.1568938 0.1413577 0.1132162 0.1536115 0.1973147 0.1762489 0.1324457 0.1048513 0.1484528 0.0847021 0.1492477 0.1847638 0.1495386 0.1094871 0.1765955 0.0791043 0.1540387 0.1761707 0.1383386 0.1280288 0.1086357 0.1483781 0.1387111 0.0906382 0.1274153 0.1076061 0.1181945 0.1378352 0.1397049 0.1067102 0.1141480 0.0982380 0.1541388 0.1468537 0.2023872 0.0764898 0.1316038 0.1568626 0.1425833 0.1780602 0.0580196 0.0952187 0.1393018 0.1472078 0.1267167 0.1039370 0.1044685 0.0612174 0.1752081 0.2026960 0.1160164 0.1288718 0.1221910 0.1071257 0.0925384 0.1641504 0.1195008 
Perityle_coahuilensis_24                   0.1735043 0.1205109 0.1738520 0.2541030 0.2928459 0.1032727 0.2407709 0.2116995 0.2992717 0.1407645 0.2861224 0.0714565 0.0615402 0.0452763 0.0809299 0.1009945 0.1182605 0.1936787 0.2386903 0.0674297 0.1757791 0.0570899 0.1450679 0.0000000 0.0382833 0.0540355 0.1345060 0.1891117 0.2760205 0.1636556 0.1388343 0.2097913 0.1868699 0.1814789 0.0413789 0.1292219 0.2329410 0.0659483 0.2041838 0.1107601 0.0180019 0.0402240 0.2266673 0.0549638 0.2188679 0.2820451 0.0773811 0.0481254 0.0999533 0.2230947 0.0104433 0.1086474 0.0198786 0.1134554 0.0528733 0.1929520 0.0977218 0.1181485 0.0590989 0.0707459 0.2350600 0.1658276 0.2595916 0.1119862 0.1062442 0.2942478 0.1226232 0.2775129 0.0354369 0.0671243 0.0062478 0.2009308 0.0644194 0.0567320 0.0922259 0.1377428 0.3190225 0.3246955 0.3256152 0.0757181 0.1666223 0.0661733 0.2171479 0.1790088 0.1184075 
Perityle_cochisensis_44_cave_creek         0.1321243 0.1178482 0.1326627 0.2171629 0.2295759 0.0893275 0.2196232 0.2249743 0.2881895 0.1385985 0.2701964 0.0437395 0.0516314 0.0433844 0.0675824 0.1299585 0.1659527 0.1691585 0.2255078 0.0632438 0.1228617 0.0371099 0.0772403 0.0382833 0.0000000 0.0320367 0.0738765 0.1360619 0.2245990 0.1775477 0.1248562 0.1747004 0.1588167 0.1615979 0.0534156 0.0888414 0.1576821 0.0342462 0.1686814 0.1206927 0.0591652 0.0339953 0.1686203 0.0310404 0.1713700 0.2279076 0.0599237 0.0389690 0.0709110 0.1843903 0.0415078 0.0416606 0.0439174 0.0777608 0.0554793 0.1688878 0.0865096 0.0892540 0.0332146 0.0342598 0.1847492 0.1528174 0.2345150 0.0970723 0.0471595 0.2320146 0.0801857 0.2513622 0.0575392 0.0323131 0.0381907 0.1862556 0.0333796 0.0314744 0.0480926 0.1266179 0.2547528 0.2600533 0.2373004 0.0414974 0.1615295 0.0478624 0.1720308 0.1433076 0.0939654 
Perityle_congesta_202                      0.1690096 0.1122525 0.1501189 0.2225675 0.2589193 0.0967577 0.2196079 0.2270246 0.3080746 0.1375264 0.2746092 0.0558368 0.0581657 0.0486223 0.0684833 0.1181633 0.1289133 0.1756361 0.2410113 0.0643017 0.1517533 0.0149144 0.1230755 0.0540355 0.0320367 0.0000000 0.1070747 0.1983733 0.2394681 0.1634778 0.1245754 0.2015337 0.1729879 0.1874270 0.0548131 0.0939294 0.1970403 0.0515086 0.1701005 0.1273747 0.0644528 0.0497334 0.1963944 0.0142715 0.1917797 0.2677350 0.0588275 0.0132727 0.0413456 0.1887216 0.0466777 0.0864700 0.0547876 0.0845441 0.0612880 0.1740271 0.0942690 0.0757490 0.0162171 0.0132708 0.1863246 0.1585848 0.2553770 0.0984110 0.1011469 0.2510545 0.0925540 0.2590253 0.0679578 0.0397177 0.0531395 0.1874763 0.0412085 0.0112005 0.0646363 0.1147684 0.2915706 0.3306361 0.2963800 0.0532512 0.1580609 0.0214709 0.1811567 0.1370165 0.0923747 
Perityle_cordifolia_27                     0.2011781 0.1441420 0.1823604 0.2482999 0.2884644 0.0983419 0.2322914 0.2579616 0.3077520 0.1907704 0.3325609 0.0976602 0.1358246 0.1126674 0.1162729 0.1562443 0.2112515 0.2333566 0.2346080 0.1262683 0.2068510 0.1459852 0.1270052 0.1345060 0.0738765 0.1070747 0.0000000 0.2795851 0.2526669 0.1837953 0.1828861 0.2341361 0.2585117 0.2333829 0.1555413 0.0392632 0.2153786 0.1105761 0.1898771 0.1431158 0.1530896 0.1110586 0.2303161 0.0841091 0.2110848 0.2597402 0.1268704 0.1049616 0.1595048 0.1980344 0.1320907 0.1362601 0.1252291 0.0191213 0.1409619 0.1870435 0.1198818 0.1006551 0.1036153 0.1081759 0.2250687 0.1957674 0.2699975 0.0898410 0.1504116 0.2720586 0.0321115 0.2985494 0.1819479 0.0974352 0.1264305 0.2241460 0.1202552 0.0921410 0.1282411 0.1918022 0.3336289 0.3442264 0.3085228 0.0960100 0.1772561 0.1161512 0.1123341 0.2102185 0.1442641 
Perityle_cordifolia_68_tecolote            0.3144107 0.1308875 0.3018686 0.2514534 0.3650819 0.1143420 0.2441921 0.1686506 0.2993446 0.1602946 0.3716532 0.2018230 0.2010781 0.1814599 0.0934726 0.2087679 0.1748250 0.1686454 0.2824053 0.1891252 0.2363396 0.1481818 0.1686382 0.1891117 0.1360619 0.1983733 0.2795851 0.0000000 0.2540016 0.1870607 0.1484989 0.2647344 0.2748204 0.2105889 0.1965317 0.1382706 0.2745247 0.1835440 0.2904756 0.2325404 0.2324616 0.1807336 0.2675249 0.2111959 0.2743212 0.2999334 0.1483673 0.0920034 0.2274032 0.1777623 0.1816857 0.2055704 0.2104188 0.2073083 0.1486281 0.1796983 0.0582268 0.1062596 0.2253258 0.2264438 0.2059500 0.1456564 0.2032960 0.1132488 0.1917957 0.3673001 0.1843068 0.2932096 0.0934038 0.1135287 0.1899366 0.2731055 0.1996456 0.2021615 0.2033949 0.2543664 0.3707628 0.3407491 0.3817509 0.2260330 0.1742685 0.1781312 0.3266701 0.1583385 0.1246832 
Perityle_coronopifolia_28_patagonia        0.2160937 0.1648300 0.2175964 0.2945935 0.2324293 0.0781437 0.2826820 0.1953886 0.2992569 0.2132133 0.3113419 0.2385635 0.2593125 0.2616641 0.1987704 0.3146492 0.3436381 0.3225923 0.2055154 0.2713412 0.2454921 0.1754711 0.1568938 0.2760205 0.2245990 0.2394681 0.2526669 0.2540016 0.0000000 0.2634896 0.1516931 0.2847815 0.2796048 0.2604171 0.2760689 0.2353941 0.2182003 0.1981144 0.2127641 0.2965980 0.3075047 0.1923845 0.2277646 0.2335754 0.2235529 0.3063280 0.2544597 0.2335490 0.2677328 0.2191933 0.2710760 0.2319730 0.2825917 0.2308839 0.2569857 0.1220454 0.2198844 0.1886818 0.2477508 0.1785029 0.1221334 0.0769923 0.2123770 0.1937586 0.2376683 0.0368080 0.2425275 0.2977081 0.1870345 0.1743234 0.2719437 0.2687174 0.2347214 0.2454133 0.2456720 0.2137206 0.3106296 0.2011346 0.3705730 0.2338594 0.0384164 0.1866799 0.2772776 0.2312779 0.2437579 
Perityle_crassifolia_70_ventanas           0.1699703 0.1336842 0.1676918 0.2335991 0.1865987 0.0953046 0.2317343 0.2157876 0.2724022 0.1730724 0.2020997 0.2006687 0.1961427 0.1759361 0.1317718 0.2221034 0.2228039 0.1804816 0.2117213 0.1943686 0.1919824 0.1621658 0.1413577 0.1636556 0.1775477 0.1634778 0.1837953 0.1870607 0.2634896 0.0000000 0.0222550 0.1452524 0.1290533 0.1976960 0.2210989 0.1622819 0.1795821 0.1644309 0.2121228 0.2170494 0.2038748 0.1492906 0.1966375 0.1746207 0.1869925 0.2725059 0.1969327 0.1862084 0.1747129 0.1973421 0.1666901 0.2089774 0.1695434 0.1799168 0.1891635 0.2065626 0.1727800 0.1595213 0.1735559 0.1623206 0.1992846 0.1690743 0.2441948 0.1612056 0.1946192 0.2712934 0.1843956 0.2191930 0.1367833 0.1582861 0.1650839 0.0106623 0.1922776 0.1813883 0.1860040 0.2159957 0.2257071 0.2946284 0.3560579 0.1939771 0.1895794 0.1591413 0.2238243 0.0969269 0.1510277 
Perityle_crassifolia_74_playa_balandra     0.1128247 0.0986343 0.1183883 0.2460650 0.1277174 0.0951283 0.1528264 0.1626916 0.1964307 0.0915657 0.1286207 0.1579975 0.1612261 0.1444250 0.1365664 0.1737190 0.1554549 0.1674876 0.1447735 0.1532738 0.1732546 0.1384389 0.1132162 0.1388343 0.1248562 0.1245754 0.1828861 0.1484989 0.1516931 0.0222550 0.0000000 0.1256534 0.1296151 0.1182329 0.1841425 0.1849843 0.1450761 0.1408253 0.1580748 0.1771622 0.1643866 0.1290892 0.1495437 0.1229459 0.1430090 0.1577987 0.1672714 0.1289228 0.1744745 0.1233382 0.1467891 0.1558253 0.1377761 0.1886291 0.1418123 0.1518713 0.1639126 0.1997391 0.1317529 0.1359123 0.1492300 0.1649264 0.1469901 0.1637985 0.1523166 0.1569304 0.1866679 0.1646082 0.1447556 0.1318935 0.1428009 0.0228965 0.1243791 0.1257487 0.1292939 0.1464519 0.1662126 0.1780350 0.1598630 0.1520501 0.1480226 0.1365409 0.1897940 0.0949375 0.1251852 
Perityle_cuneata_34_cuneata_San_antonio    0.2333289 0.1206434 0.2527635 0.3016885 0.2568984 0.1023129 0.2573701 0.2022856 0.2896758 0.1621103 0.2756614 0.2166882 0.2027896 0.2117912 0.1532596 0.2641802 0.2953011 0.1780313 0.2297445 0.2214685 0.2389328 0.1739235 0.1536115 0.2097913 0.1747004 0.2015337 0.2341361 0.2647344 0.2847815 0.1452524 0.1256534 0.0000000 0.2197223 0.1967673 0.2514741 0.2023906 0.2647195 0.1949293 0.2381316 0.2584973 0.2532329 0.1716707 0.2666533 0.1868502 0.2147415 0.3472872 0.2221566 0.1873443 0.2637984 0.2720212 0.2006576 0.2021705 0.2290093 0.2063704 0.2161843 0.2515309 0.1800938 0.2070962 0.2052186 0.1845173 0.2410860 0.1545960 0.2378110 0.1967751 0.2214820 0.2956613 0.2150276 0.2640062 0.1884058 0.1786816 0.2027087 0.1634286 0.2214189 0.2056379 0.2020112 0.2386593 0.3041408 0.3419488 0.3678834 0.2031864 0.1890168 0.1920275 0.2718688 0.1100752 0.1537030 
Perityle_cuneata_4                         0.1882738 0.1161210 0.1975448 0.3199049 0.1914327 0.0757028 0.2624397 0.2107881 0.2954775 0.1535219 0.2137342 0.2128567 0.2002829 0.1897762 0.1663676 0.2217689 0.2185662 0.2304135 0.2177490 0.1927969 0.2375385 0.1455003 0.1973147 0.1868699 0.1588167 0.1729879 0.2585117 0.2748204 0.2796048 0.1290533 0.1296151 0.2197223 0.0000000 0.1912826 0.2387511 0.1986026 0.2192511 0.1848544 0.2360160 0.2323143 0.2310309 0.1815202 0.2274902 0.1607614 0.2133586 0.2828056 0.2084583 0.1577427 0.2135082 0.1949711 0.1725930 0.2078274 0.2311665 0.2045008 0.1899872 0.2038739 0.1709582 0.2035318 0.1818097 0.1618715 0.2349570 0.1623247 0.2459735 0.1959149 0.2245188 0.2820153 0.2139873 0.2221753 0.1824381 0.1706145 0.1799424 0.1489959 0.2026939 0.1789974 0.1879617 0.2396399 0.2342291 0.3121219 0.4034657 0.2133824 0.1903223 0.1571377 0.2758603 0.1864583 0.1769173 
Perityle_discoidea_81                      0.0495569 0.0775677 0.0667322 0.2949397 0.1364794 0.0752908 0.2088443 0.1544515 0.2163978 0.0023252 0.1725982 0.2105400 0.1754165 0.1808115 0.1556408 0.2290683 0.1754367 0.2087086 0.1746327 0.1925018 0.1406422 0.1453145 0.1762489 0.1814789 0.1615979 0.1874270 0.2333829 0.2105889 0.2604171 0.1976960 0.1182329 0.1967673 0.1912826 0.0000000 0.1880291 0.2314716 0.1754111 0.1615060 0.1685097 0.2328114 0.1942691 0.1346892 0.1834515 0.1790751 0.1850276 0.2662413 0.1938986 0.1990363 0.1902476 0.1617128 0.1766311 0.1892149 0.2158473 0.2245926 0.1884804 0.2036973 0.1965990 0.2040986 0.1899754 0.1340972 0.2054499 0.1386702 0.2318094 0.1601533 0.1981204 0.2531082 0.2518104 0.1906150 0.1271209 0.1638334 0.1771844 0.1675451 0.1942457 0.1917530 0.2130543 0.1328849 0.1945920 0.2508486 0.3182529 0.1909262 0.1156036 0.1371842 0.2320186 0.1367670 0.1768342 
Perityle_dissecta_201                      0.2123863 0.1410700 0.2079487 0.2854130 0.3361657 0.1221612 0.2683295 0.2301927 0.3539120 0.1561205 0.3369648 0.0873547 0.0703175 0.0776227 0.0759803 0.1038233 0.1258837 0.2112633 0.2727522 0.0731405 0.1969371 0.0474507 0.1324457 0.0413789 0.0534156 0.0548131 0.1555413 0.1965317 0.2760689 0.2210989 0.1841425 0.2514741 0.2387511 0.1880291 0.0000000 0.1491516 0.2646033 0.0869450 0.2350781 0.1135830 0.0604509 0.0848112 0.2495850 0.0571474 0.2555173 0.3110187 0.1049861 0.0505676 0.1093716 0.2670314 0.0421365 0.1318643 0.0439311 0.1377452 0.0582869 0.2315657 0.1009649 0.1243280 0.0557556 0.0569826 0.2696663 0.1708343 0.2407530 0.1318996 0.1052064 0.2911119 0.1483820 0.3074891 0.0197945 0.0710100 0.0419325 0.2653288 0.0617239 0.0573439 0.0925524 0.1602198 0.3387691 0.3665399 0.3542075 0.0974332 0.2060030 0.0635554 0.2499009 0.1953305 0.1666480 
Perityle_emoryi_47_punta_san_jose          0.1412820 0.1333440 0.1251453 0.2362847 0.2276934 0.0944523 0.2073369 0.2517350 0.2721264 0.1888044 0.2507051 0.0708883 0.1299663 0.1096887 0.1129060 0.1414718 0.1716761 0.2248703 0.2165800 0.1266770 0.1352330 0.1527326 0.1048513 0.1292219 0.0888414 0.0939294 0.0392632 0.1382706 0.2353941 0.1622819 0.1849843 0.2023906 0.1986026 0.2314716 0.1491516 0.0000000 0.1661048 0.1023849 0.1688262 0.1406069 0.1471645 0.0991218 0.1624356 0.0943737 0.1612269 0.2357861 0.1131720 0.0940715 0.1559054 0.1844237 0.1282874 0.1028768 0.1203440 0.0372743 0.1586236 0.1758866 0.1264164 0.1038565 0.0886994 0.0795805 0.2002715 0.2170629 0.2600410 0.0903002 0.0765641 0.2368814 0.0341058 0.2710893 0.1796036 0.0880406 0.1177587 0.1858735 0.1009688 0.0977346 0.0931375 0.1858981 0.2674727 0.2454690 0.2536405 0.0728258 0.1885221 0.0929367 0.0568361 0.2132900 0.1440202 
Perityle_feddemae_99                       0.1704681 0.1152793 0.1743439 0.2874255 0.2181457 0.0950207 0.2343276 0.1676663 0.2673082 0.1425567 0.2670306 0.2241362 0.2091322 0.2194960 0.1543881 0.2597329 0.3138277 0.2560482 0.1256816 0.2218910 0.2433177 0.1787512 0.1484528 0.2329410 0.1576821 0.1970403 0.2153786 0.2745247 0.2182003 0.1795821 0.1450761 0.2647195 0.2192511 0.1754111 0.2646033 0.1661048 0.0000000 0.2124592 0.1442708 0.2414387 0.2653699 0.1971582 0.0370098 0.1709461 0.0259168 0.1641287 0.2265955 0.1815883 0.2659441 0.0298313 0.2169883 0.1882032 0.2516775 0.1772326 0.2212206 0.1297064 0.1672596 0.1676006 0.2095635 0.1834225 0.1599673 0.1135269 0.2071880 0.1794341 0.2256981 0.2219678 0.2145402 0.2591130 0.1792590 0.1915552 0.2224153 0.1845623 0.2094452 0.1936889 0.1916363 0.2317179 0.2616709 0.2352441 0.3858309 0.2137992 0.1289011 0.1933878 0.2528977 0.2207883 0.1672931 
Perityle_fosteri_93                        0.1448286 0.0940284 0.1428760 0.2009358 0.2537938 0.0816265 0.2329231 0.1250561 0.2810520 0.0829802 0.2523481 0.0456516 0.0668907 0.0467546 0.0887445 0.1134813 0.1079540 0.1920555 0.1873245 0.0640389 0.1840980 0.0520665 0.0847021 0.0659483 0.0342462 0.0515086 0.1105761 0.1835440 0.1981144 0.1644309 0.1408253 0.1949293 0.1848544 0.1615060 0.0869450 0.1023849 0.2124592 0.0000000 0.1747991 0.1154603 0.0974340 0.0548716 0.1930035 0.0494556 0.1959753 0.2020067 0.0552262 0.0414238 0.1174841 0.1493772 0.0725437 0.0750357 0.0710184 0.0983372 0.0623800 0.1370883 0.0926105 0.0971258 0.0525611 0.0511463 0.1762914 0.1416686 0.1999517 0.1126384 0.0648857 0.2120245 0.0990949 0.2642272 0.0818780 0.0232407 0.0608996 0.1755454 0.0509899 0.0528703 0.0612477 0.1549054 0.3002729 0.2314113 0.2519719 0.0613883 0.1706481 0.0525036 0.2049347 0.1604292 0.1417575 
Perityle_gamon_221                         0.1674023 0.1358197 0.1569919 0.2697099 0.2727099 0.1250958 0.2731162 0.1609408 0.2901080 0.1439971 0.2943021 0.1853002 0.1890991 0.1947408 0.1774281 0.2071573 0.2649082 0.2341713 0.2093561 0.2026218 0.2954899 0.1849585 0.1492477 0.2041838 0.1686814 0.1701005 0.1898771 0.2904756 0.2127641 0.2121228 0.1580748 0.2381316 0.2360160 0.1685097 0.2350781 0.1688262 0.1442708 0.1747991 0.0000000 0.1840132 0.2275214 0.1836666 0.1449447 0.1875195 0.1336884 0.0434214 0.2124046 0.1642091 0.2476208 0.1373377 0.2024669 0.2131810 0.2068157 0.1892402 0.1928292 0.1501760 0.1662313 0.1881439 0.1856146 0.1831506 0.1790957 0.1387460 0.1971209 0.1811583 0.2076920 0.2320962 0.1861710 0.2871584 0.1948360 0.1589435 0.1972537 0.2378015 0.1728955 0.1844317 0.2006195 0.2677560 0.3192826 0.2283334 0.3244341 0.1806964 0.1697786 0.1774075 0.2758398 0.2431219 0.1873596 
Perityle_gentryi_8_san_francisco           0.2002641 0.1810721 0.1905759 0.2548914 0.2780512 0.1383824 0.2606351 0.2348066 0.3055184 0.1823559 0.3398110 0.1058328 0.1098156 0.1022447 0.1112391 0.0320488 0.2094945 0.2116941 0.2735011 0.1172183 0.2004064 0.1191993 0.1847638 0.1107601 0.1206927 0.1273747 0.1431158 0.2325404 0.2965980 0.2170494 0.1771622 0.2584973 0.2323143 0.2328114 0.1135830 0.1406069 0.2414387 0.1154603 0.1840132 0.0000000 0.1192122 0.1103648 0.2546924 0.1247562 0.2447445 0.2906334 0.1334693 0.1317556 0.1435751 0.2291472 0.1156561 0.1607393 0.1161273 0.1442942 0.0978458 0.2183071 0.1384822 0.1304642 0.1154178 0.1216901 0.2507549 0.2025793 0.2909005 0.1447540 0.1183314 0.3033966 0.1563076 0.2937561 0.1453977 0.1133138 0.1078762 0.2367047 0.1141103 0.1198255 0.1233708 0.1895051 0.3310101 0.3220042 0.3169106 0.1049284 0.2241163 0.1229220 0.2344355 0.1796533 0.1391151 
Perityle_gilensis_22_Superstition          0.2147919 0.1467155 0.2176307 0.2989860 0.3280455 0.1055496 0.2834244 0.2167440 0.3414739 0.1550566 0.3216824 0.1029645 0.0758418 0.0582058 0.0881495 0.1231298 0.1453246 0.2095402 0.2724858 0.0781687 0.1919332 0.0705958 0.1495386 0.0180019 0.0591652 0.0644528 0.1530896 0.2324616 0.3075047 0.2038748 0.1643866 0.2532329 0.2310309 0.1942691 0.0604509 0.1471645 0.2653699 0.0974340 0.2275214 0.1192122 0.0000000 0.0769323 0.2597865 0.0714256 0.2522802 0.3118487 0.1160696 0.0684148 0.1157062 0.2624413 0.0151352 0.1365694 0.0290953 0.1428354 0.0650467 0.2254977 0.1131195 0.1331884 0.0706573 0.0717474 0.2713552 0.1654739 0.2647962 0.1116869 0.1239081 0.3233003 0.1472545 0.3068211 0.0476594 0.0974277 0.0181913 0.2472247 0.0817296 0.0738133 0.1003852 0.1574224 0.3438091 0.3600939 0.3301832 0.1002560 0.2045541 0.0784590 0.2378622 0.1799404 0.1681900 
Perityle_gilensis_salensis_225             0.1487526 0.0989990 0.1497389 0.2022922 0.2673042 0.0783165 0.2184273 0.1248887 0.2622599 0.0675447 0.2661401 0.0573568 0.0717764 0.0479179 0.0859483 0.0980493 0.1347486 0.1577629 0.1874869 0.0654812 0.1825479 0.0446107 0.1094871 0.0402240 0.0339953 0.0497334 0.1110586 0.1807336 0.1923845 0.1492906 0.1290892 0.1716707 0.1815202 0.1346892 0.0848112 0.0991218 0.1971582 0.0548716 0.1836666 0.1103648 0.0769323 0.0000000 0.1954959 0.0450339 0.1848077 0.1826610 0.0617876 0.0342355 0.1113059 0.1463567 0.0487557 0.1050015 0.0613581 0.0983354 0.0666099 0.1408221 0.0887896 0.1095704 0.0507965 0.0481450 0.1805850 0.1356500 0.1868692 0.1021526 0.0970171 0.2161583 0.0990309 0.2568041 0.0983647 0.0481847 0.0356145 0.1763737 0.0535573 0.0502417 0.0931038 0.1327111 0.3024418 0.2490457 0.2387900 0.0671811 0.1666352 0.0475986 0.2058889 0.1379366 0.1379708 
Perityle_glaucescens_94                    0.1820734 0.1277504 0.1872852 0.2955548 0.2180298 0.0915594 0.2393397 0.1823134 0.2757382 0.1551918 0.2625445 0.2212433 0.2171661 0.2120470 0.1648573 0.2480698 0.2759379 0.2591893 0.1245731 0.2167371 0.2457490 0.1702252 0.1765955 0.2266673 0.1686203 0.1963944 0.2303161 0.2675249 0.2277646 0.1966375 0.1495437 0.2666533 0.2274902 0.1834515 0.2495850 0.1624356 0.0370098 0.1930035 0.1449447 0.2546924 0.2597865 0.1954959 0.0000000 0.1797786 0.0212674 0.1735879 0.2174825 0.1840382 0.2551819 0.0140961 0.2108040 0.1879524 0.2382360 0.1792835 0.2138067 0.1303418 0.1738996 0.1640701 0.2157499 0.1831824 0.1618209 0.1184745 0.1988828 0.1810397 0.2297959 0.2358441 0.1995453 0.2547234 0.1765337 0.1741545 0.2216235 0.1932843 0.2074736 0.1933521 0.2146658 0.2347712 0.2622393 0.2251120 0.3995072 0.2206900 0.1310527 0.1875779 0.2486729 0.2215898 0.1794189 
Perityle_gracilis_11                       0.1509889 0.1273956 0.1500909 0.2300187 0.2399913 0.0919318 0.2303038 0.2120363 0.3008260 0.1464361 0.2825365 0.0502981 0.0580023 0.0484419 0.0694948 0.1356825 0.1614766 0.1742885 0.2415980 0.0694413 0.1519408 0.0215410 0.0791043 0.0549638 0.0310404 0.0142715 0.0841091 0.2111959 0.2335754 0.1746207 0.1229459 0.1868502 0.1607614 0.1790751 0.0571474 0.0943737 0.1709461 0.0494556 0.1875195 0.1247562 0.0714256 0.0450339 0.1797786 0.0000000 0.1818759 0.2580776 0.0610840 0.0151852 0.0543553 0.1836768 0.0527627 0.0788237 0.0594995 0.0890346 0.0657657 0.1701557 0.0987674 0.0830017 0.0197932 0.0163965 0.1802002 0.1575166 0.2460552 0.0908382 0.0530876 0.2537608 0.0909324 0.2578749 0.0575607 0.0341956 0.0519134 0.1825913 0.0478281 0.0121370 0.0576877 0.1350024 0.2921038 0.3014443 0.2896835 0.0488040 0.1598037 0.0253524 0.1984917 0.1375570 0.0910027 
