86
Amauria_brandeegeana_62                    0.0000000 0.1404136 0.2867340 0.2955778 0.2507495 0.1145318 0.1672080 0.1745395 0.2907721 0.0233181 0.3060158 0.2921206 0.2584200 0.2657183 0.2375707 0.3276430 0.1080970 0.2700709 0.2309027 0.1085405 0.2629735 0.1077210 0.2814438 0.1150985 0.0973253 0.1138630 0.2844649 0.2896764 0.3056443 0.1796250 0.2117235 0.1142311 0.2798019 0.0047392 0.3019758 0.3077634 0.1207037 0.1064296 0.2713342 0.2693261 0.1152712 0.1211240 0.1316662 0.1124108 0.1087321 0.2819544 0.2989210 0.2784107 0.2866143 0.1102967 0.1126561 0.2599455 0.1081533 0.2151689 0.2821188 0.2540888 0.1698195 0.0692825 0.1128693 0.2865971 0.2423270 0.1810800 0.3052246 0.2805709 0.1135202 0.3028604 0.2876876 0.1174534 0.2985894 0.1695132 0.1205924 0.1123806 0.2383577 0.2873790 0.1229757 0.2735485 0.0633785 0.1068829 0.3029515 0.2868762 0.1129449 0.1928693 0.1167520 0.2845027 0.0000010 0.0635503 
Amauria_carterae_99_mesa                   0.1404136 0.0000000 0.0604529 0.1195494 0.0762381 0.0725689 0.1885288 0.0823524 0.1338602 0.1299502 0.0843036 0.0917340 0.0882580 0.0882356 0.0819398 0.0866762 0.1510948 0.0698207 0.0720345 0.1505522 0.0867640 0.1499405 0.1687398 0.1516377 0.1517306 0.1520608 0.0864119 0.0848467 0.1073996 0.0603087 0.2322468 0.1419391 0.0533579 0.1421454 0.0910207 0.0835580 0.1608180 0.1448622 0.0552381 0.0866762 0.1533909 0.1516127 0.1727776 0.1533543 0.1738902 0.0537851 0.0895839 0.0882498 0.0898037 0.1655534 0.1500675 0.0895934 0.1516377 0.0943623 0.0820483 0.0882394 0.0823177 0.1521701 0.1516377 0.0898037 0.0944616 0.0967731 0.0967784 0.2686967 0.1532686 0.1070575 0.0879857 0.1484539 0.0959996 0.0985227 0.1521856 0.1516377 0.0603405 0.0858354 0.1550209 0.0835913 0.1481439 0.1569432 0.0848378 0.0897217 0.1533576 0.1094880 0.1516377 0.0587464 0.0000010 0.1416401 
Amauria_rotundifolia_SRR9119150            0.2867340 0.0604529 0.0000000 0.2369644 0.1143787 0.0838701 0.2746532 0.0984123 0.2238211 0.2371240 0.1830628 0.1510423 0.0996200 0.1037959 0.0977848 0.1429651 0.2942022 0.2075990 0.1161831 0.2593260 0.0948351 0.2521014 0.2178406 0.3714987 0.2284924 0.3062053 0.1125816 0.1354193 0.1777806 0.0986181 0.2783958 0.2870286 0.1434906 0.2511312 0.1320429 0.1041322 0.2623605 0.2484641 0.1427587 0.1071872 0.3177432 0.2716214 0.2823774 0.2648289 0.2254715 0.2160239 0.1319959 0.1016393 0.1214840 0.2230518 0.2511906 0.1043326 0.2567692 0.1896409 0.1006729 0.1133327 0.0973096 0.1532827 0.2656045 0.1419154 0.1105181 0.1150814 0.1733244 0.3462234 0.2979229 0.1392811 0.1027264 0.2764342 0.1282863 0.1434120 0.2846056 0.3132727 0.1124790 0.1357058 0.3013451 0.1214851 0.1526821 0.2294367 0.1940967 0.1061925 0.2695608 0.1345457 0.2788356 0.1425565 0.0000010 0.1549472 
Conoclinium_coelestinum_SRR9119114         0.2955778 0.1195494 0.2369644 0.0000000 0.2305695 0.1287059 0.2967115 0.1514299 0.2634136 0.2598844 0.2539546 0.2424830 0.2243146 0.2393906 0.2167210 0.2530617 0.2865920 0.2513880 0.2128943 0.2839600 0.2258214 0.2735260 0.2876295 0.2840779 0.2424069 0.2847621 0.2414846 0.2399816 0.2447321 0.1708505 0.3166139 0.2967451 0.2432421 0.2972432 0.2500245 0.2415198 0.2797137 0.2805692 0.2289545 0.2499239 0.2877283 0.2841886 0.3101411 0.2857281 0.2571785 0.2276716 0.2473577 0.2479964 0.2494387 0.2571420 0.2705998 0.2432015 0.2840779 0.2428897 0.2396137 0.2345847 0.1563288 0.1944284 0.2876536 0.2494387 0.2312847 0.1533393 0.2648162 0.3681656 0.2815054 0.2453373 0.2460004 0.3080398 0.2443690 0.1632939 0.2870856 0.2840779 0.2244726 0.2442009 0.2908067 0.2375023 0.1940622 0.2748261 0.2569656 0.2414631 0.2834981 0.1758106 0.2857281 0.2374090 0.0000010 0.2090949 
Eutetras_palmeri_63                        0.2507495 0.0762381 0.1143787 0.2305695 0.0000000 0.0138163 0.2752449 0.1215120 0.2033092 0.2233518 0.1120423 0.0940809 0.0935849 0.0959304 0.0844407 0.1066081 0.2453425 0.1751797 0.0857584 0.2345923 0.0912511 0.2327104 0.1815232 0.2380284 0.2143416 0.2349841 0.0969452 0.1023764 0.1196280 0.0940548 0.3062358 0.2490845 0.1100247 0.2463504 0.0989042 0.1009925 0.2529997 0.2415693 0.1233852 0.1045225 0.2410843 0.2395851 0.2725904 0.2392493 0.2152615 0.1222751 0.0940454 0.0928908 0.0969184 0.2210117 0.2326186 0.0860301 0.2381338 0.1186031 0.0852229 0.1141748 0.0760299 0.1576535 0.2410533 0.0958924 0.1068306 0.0958122 0.1763794 0.3529182 0.2397403 0.1169870 0.0939868 0.2576476 0.1088486 0.0742326 0.2389309 0.2392799 0.1017336 0.0922839 0.2419831 0.0903119 0.1552841 0.2394071 0.1166330 0.0938367 0.2413308 0.1302091 0.2405017 0.1092331 0.0000010 0.1610880 
Eutetras_pringlei_149_quer                 0.1145318 0.0725689 0.0838701 0.1287059 0.0138163 0.0000000 0.1298742 0.1127823 0.1267968 0.1141797 0.0801533 0.0792395 0.0714426 0.0602166 0.0565676 0.0676632 0.1067505 0.0725731 0.0545341 0.1026768 0.0712674 0.1104712 0.1065678 0.1104712 0.1065381 0.1104712 0.0638052 0.0712127 0.0795003 0.0688136 0.1970813 0.1189855 0.0578968 0.1145318 0.0637893 0.0674999 0.1236673 0.1067505 0.0648794 0.0676632 0.1145170 0.1144234 0.1279332 0.1144536 0.1279332 0.0648794 0.0603338 0.0640569 0.0679520 0.1279881 0.1065381 0.0495002 0.1104712 0.0675120 0.0565676 0.0833586 0.0675340 0.1101181 0.1104712 0.0679520 0.0869893 0.0873033 0.1060645 0.1931492 0.1027744 0.0830538 0.0676122 0.1196453 0.0797318 0.0567753 0.1026768 0.1104712 0.0764700 0.0640569 0.1106054 0.0604092 0.1147469 0.1350054 0.0613782 0.0751466 0.1067233 0.0985905 0.1104712 0.0726209 0.0000010 0.1219698 
Eutrochium_fistulosum_SRR9119106           0.1672080 0.1885288 0.2746532 0.2967115 0.2752449 0.1298742 0.0000000 0.1984980 0.2912611 0.1670720 0.2964694 0.2622343 0.2591059 0.2628498 0.2452174 0.2710533 0.1698652 0.2893395 0.2596389 0.1602118 0.2617772 0.1638783 0.3015794 0.1641483 0.1557186 0.1659030 0.2623003 0.2698909 0.2712739 0.2115798 0.2595671 0.1612676 0.3031298 0.1677157 0.2591347 0.2661211 0.1689179 0.1659258 0.2981964 0.2694656 0.1640855 0.1672931 0.1774946 0.1654703 0.1709306 0.3013355 0.2522593 0.2587153 0.2593061 0.1612391 0.1630632 0.2676343 0.1633203 0.2442495 0.2603355 0.2501995 0.1913344 0.1308749 0.1631856 0.2593061 0.2620589 0.1851184 0.3441264 0.2786590 0.1636623 0.2761081 0.2669186 0.1572509 0.2608533 0.2819197 0.1641307 0.1641483 0.2737596 0.2539813 0.1724086 0.2532416 0.1225992 0.1642495 0.2678390 0.2655279 0.1674650 0.2505618 0.1628154 0.2848305 0.0000010 0.1347734 
Galeana_pratensis_104_mex                  0.1745395 0.0823524 0.0984123 0.1514299 0.1215120 0.1127823 0.1984980 0.0000000 0.1525454 0.1703216 0.1074682 0.1152903 0.1128238 0.1077888 0.1091994 0.1128049 0.1651622 0.1063058 0.1038454 0.1728629 0.1179635 0.1721999 0.1912595 0.1721999 0.1742083 0.1707635 0.1107126 0.1090304 0.1271125 0.0914180 0.2436746 0.1576084 0.0950278 0.1725775 0.1191241 0.1046475 0.1808207 0.1603375 0.0942630 0.1128049 0.1741263 0.1740615 0.1912259 0.1740808 0.1916894 0.0958904 0.1192624 0.1161836 0.1178945 0.1838358 0.1742086 0.1209778 0.1721999 0.1161752 0.1091994 0.1163391 0.1052262 0.1766234 0.1721999 0.1178945 0.1213837 0.1212695 0.1145616 0.2678938 0.1774207 0.1306145 0.1140915 0.1760831 0.1179177 0.1328242 0.1709805 0.1721999 0.0947350 0.1089199 0.1741360 0.1043854 0.1716861 0.1852718 0.1126961 0.1144041 0.1775338 0.1208155 0.1721999 0.0849824 0.0000010 0.1686528 
Helianthus_annuus_SRR9119062               0.2907721 0.1338602 0.2238211 0.2634136 0.2033092 0.1267968 0.2912611 0.1525454 0.0000000 0.2412379 0.2236259 0.2236341 0.1850801 0.1934477 0.1906062 0.2222748 0.3079756 0.2541198 0.1904504 0.2852648 0.1995028 0.2618064 0.2618571 0.2920134 0.2312236 0.2874264 0.2127668 0.2100100 0.2431068 0.1581234 0.3206046 0.2868951 0.2236901 0.2936790 0.2262009 0.2128150 0.2857878 0.3030612 0.2345712 0.2196132 0.2882500 0.2883864 0.3081616 0.2915400 0.2361906 0.2302948 0.2232474 0.2146224 0.2137725 0.2340965 0.2677935 0.2222804 0.2899193 0.2253583 0.2176625 0.2115412 0.1360942 0.1772943 0.2918094 0.2144472 0.2149616 0.1620684 0.2607764 0.3340394 0.2860938 0.2412711 0.2094890 0.2967898 0.2242607 0.1629005 0.2894046 0.2899193 0.1902161 0.2182081 0.2948795 0.2163527 0.1668210 0.2500031 0.2190378 0.2178005 0.2921706 0.2021975 0.2913816 0.2384936 0.0000010 0.1889514 
Lycapsus_tenuifolius_17                    0.0233181 0.1299502 0.2371240 0.2598844 0.2233518 0.1141797 0.1670720 0.1703216 0.2412379 0.0000000 0.2393647 0.2540235 0.2414300 0.2446026 0.2173489 0.2581114 0.0985110 0.2439590 0.2161539 0.0954716 0.2448565 0.1040537 0.2666067 0.1039329 0.0974914 0.1033561 0.2462161 0.2522061 0.2595513 0.1759959 0.1760809 0.0869185 0.2508723 0.0208300 0.2503683 0.2460625 0.1132113 0.0995611 0.2460550 0.2522108 0.1052089 0.1039557 0.1194382 0.1060477 0.1081826 0.2528667 0.2387125 0.2507212 0.2507573 0.1148179 0.1006650 0.2284341 0.1039717 0.1881487 0.2433651 0.2301521 0.1609898 0.0650331 0.1039717 0.2507260 0.2170763 0.1670064 0.2860546 0.2808216 0.1048777 0.2624355 0.2443991 0.1070820 0.2432845 0.1563734 0.0995675 0.1028284 0.2233570 0.2512052 0.1085491 0.2285356 0.0617992 0.1022184 0.2622803 0.2453230 0.1048148 0.1885767 0.1060080 0.2489466 0.0000010 0.0543580 
Pericome_caudata_50_silver                 0.3060158 0.0843036 0.1830628 0.2539546 0.1120423 0.0801533 0.2964694 0.1074682 0.2236259 0.2393647 0.0000000 0.1325102 0.1025352 0.1074312 0.1073258 0.1348457 0.3357674 0.1933096 0.1068341 0.2723317 0.1147760 0.2599830 0.1328589 0.3480977 0.2374695 0.3077353 0.1155325 0.1299777 0.1326203 0.1098708 0.2920940 0.3311817 0.1368302 0.2586138 0.1341153 0.1676747 0.2843277 0.2605196 0.1587613 0.1269306 0.3043009 0.2770606 0.3151779 0.2791738 0.2506697 0.1896791 0.1348108 0.1189609 0.1397026 0.2568195 0.2602804 0.1127792 0.2727409 0.1734295 0.1062492 0.1215925 0.0826620 0.1624121 0.2783890 0.1338152 0.1184490 0.1133736 0.1789632 0.3020513 0.3234202 0.1404593 0.1163220 0.3051541 0.1083811 0.0835469 0.3018784 0.3008309 0.1223481 0.1333307 0.3003668 0.1185526 0.1577078 0.2444300 0.1398895 0.1147367 0.2883636 0.1367931 0.3175564 0.1388064 0.0565155 0.1665935 
Perityle_aglossa_84_dead_horse             0.2921206 0.0917340 0.1510423 0.2424830 0.0940809 0.0792395 0.2622343 0.1152903 0.2236341 0.2540235 0.1325102 0.0000000 0.0197334 0.0344445 0.0272769 0.0698272 0.2648652 0.1983229 0.0595159 0.2578713 0.0399705 0.2502303 0.1489877 0.2824956 0.2358153 0.2664249 0.0386290 0.0586552 0.0711338 0.1098215 0.3121409 0.3311266 0.1302415 0.2722383 0.0478802 0.1102237 0.2668453 0.2596326 0.1334785 0.0389332 0.2695686 0.2689725 0.2840746 0.2631693 0.2424331 0.1457468 0.0661516 0.0250405 0.0336837 0.2402709 0.2582731 0.0309520 0.2564334 0.0993034 0.0328122 0.0584250 0.0368615 0.1636756 0.2626868 0.0333977 0.0529918 0.0508140 0.1639030 0.3530805 0.2658787 0.0674962 0.0351860 0.2786747 0.0791210 0.0313627 0.2724561 0.2662091 0.1158755 0.0292167 0.2751078 0.0439716 0.1665131 0.2497249 0.0775937 0.0211189 0.2628700 0.1327026 0.2654138 0.1013692 0.0000010 0.1780520 
Perityle_ajoensis_204                      0.2584200 0.0882580 0.0996200 0.2243146 0.0935849 0.0714426 0.2591059 0.1128238 0.1850801 0.2414300 0.1025352 0.0197334 0.0000000 0.0339628 0.0238972 0.0317652 0.2436502 0.1697542 0.0530023 0.2358284 0.0308091 0.2468993 0.1351660 0.2454443 0.2290741 0.2439125 0.0308060 0.0414045 0.0604745 0.1048134 0.2975090 0.2630016 0.1186541 0.2416166 0.0346237 0.0441607 0.2614621 0.2380257 0.1170749 0.0307711 0.2485749 0.2470402 0.2685950 0.2466880 0.2310046 0.1159551 0.0356989 0.0175725 0.0213032 0.2324561 0.2418464 0.0310296 0.2455550 0.0947324 0.0288966 0.0592976 0.0318654 0.1652514 0.2469458 0.0203678 0.0522761 0.0526651 0.1476704 0.3423479 0.2428310 0.0577326 0.0299104 0.2590946 0.0602402 0.0244520 0.2404707 0.2467189 0.1093859 0.0197540 0.2509472 0.0288864 0.1699167 0.2345460 0.0630449 0.0036623 0.2430126 0.1242656 0.2479636 0.0899387 0.0000010 0.1695984 
Perityle_ambrosiifolia_67_green            0.2657183 0.0882356 0.1037959 0.2393906 0.0959304 0.0602166 0.2628498 0.1077888 0.1934477 0.2446026 0.1074312 0.0344445 0.0339628 0.0000000 0.0303531 0.0462510 0.2548809 0.1758628 0.0533331 0.2443803 0.0419552 0.2496225 0.1416960 0.2488536 0.2288397 0.2473620 0.0386141 0.0443306 0.0631508 0.1048497 0.2948185 0.2642293 0.1245409 0.2464742 0.0329182 0.0542000 0.2697045 0.2392706 0.1251699 0.0466519 0.2519361 0.2504255 0.2780280 0.2500752 0.2358298 0.1272343 0.0358345 0.0339484 0.0367287 0.2373173 0.2459933 0.0345342 0.2489639 0.1014995 0.0368049 0.0559478 0.0304189 0.1548072 0.2504917 0.0357945 0.0514054 0.0540228 0.1552767 0.3412597 0.2510136 0.0613894 0.0386966 0.2650720 0.0628074 0.0285876 0.2483926 0.2501054 0.1124016 0.0354315 0.2542633 0.0203766 0.1505828 0.2365487 0.0635810 0.0320602 0.2512001 0.1335614 0.2513279 0.0973715 0.0000010 0.1694643 
Perityle_angustifolia_13_Eagle_creek       0.2375707 0.0819398 0.0977848 0.2167210 0.0844407 0.0565676 0.2452174 0.1091994 0.1906062 0.2173489 0.1073258 0.0272769 0.0238972 0.0303531 0.0000000 0.0333860 0.2266123 0.1633904 0.0513647 0.2246172 0.0214028 0.2283664 0.1144906 0.2280832 0.2075054 0.2270165 0.0267826 0.0389288 0.0562624 0.0976604 0.2839069 0.2354640 0.1154175 0.2373614 0.0300851 0.0468304 0.2487664 0.2262010 0.1151076 0.0333815 0.2296558 0.2297030 0.2557119 0.2296071 0.2128882 0.1113900 0.0334180 0.0235769 0.0246519 0.2158074 0.2252882 0.0312446 0.2280832 0.0692738 0.0052939 0.0522335 0.0261738 0.1563739 0.2297727 0.0246519 0.0542702 0.0468524 0.1698188 0.2937044 0.2255806 0.0520148 0.0301641 0.2282468 0.0486319 0.0182193 0.2212158 0.2280832 0.1088453 0.0262329 0.2308921 0.0301628 0.1562151 0.2193117 0.0546695 0.0235635 0.2257169 0.1301445 0.2310152 0.0912776 0.0000010 0.1661394 
Perityle_batopilensis_97                   0.3276430 0.0866762 0.1429651 0.2530617 0.1066081 0.0676632 0.2710533 0.1128049 0.2222748 0.2581114 0.1348457 0.0698272 0.0317652 0.0462510 0.0333860 0.0000000 0.3404748 0.1855411 0.0620347 0.2884382 0.0855057 0.2878989 0.0974881 0.3496235 0.2565361 0.3101875 0.0601285 0.0871812 0.0807494 0.1019696 0.2959769 0.3340909 0.1469745 0.2690954 0.0788587 0.0631442 0.3054998 0.2662560 0.1862513 0.0464338 0.3051259 0.2790018 0.3245953 0.3035806 0.2794904 0.2111048 0.0812868 0.0737751 0.0756116 0.2829873 0.2649634 0.0416515 0.2982247 0.1354976 0.0395819 0.0669555 0.0360576 0.1700192 0.3028561 0.0703183 0.0597353 0.0511422 0.1745349 0.2907378 0.3219925 0.0889684 0.0427782 0.3160661 0.1183573 0.0264449 0.2816709 0.3018762 0.1130821 0.0732956 0.2986296 0.0520473 0.1698674 0.2449601 0.0962261 0.0305654 0.3040329 0.1313737 0.3231414 0.1223851 0.0524760 0.1789634 
Perityle_bisetosa_9                        0.1080970 0.1510948 0.2942022 0.2865920 0.2453425 0.1067505 0.1698652 0.1651622 0.3079756 0.0985110 0.3357674 0.2648652 0.2436502 0.2548809 0.2266123 0.3404748 0.0000000 0.2784459 0.2281276 0.0322598 0.2464668 0.0452897 0.3397782 0.0654044 0.0375793 0.0454444 0.2932343 0.2704464 0.3221314 0.1751111 0.2411294 0.1337740 0.2991005 0.0946429 0.3193782 0.3086101 0.0813588 0.0445553 0.2620544 0.2596950 0.0471772 0.0464490 0.0900831 0.0411267 0.0764920 0.2771724 0.3225066 0.2568679 0.2630180 0.0782932 0.0453303 0.2459833 0.0413009 0.1866279 0.2562358 0.2406976 0.1642168 0.0440600 0.0449378 0.2649765 0.2263524 0.1824145 0.3043128 0.2762065 0.0357399 0.2762562 0.2650268 0.1129841 0.3247443 0.1793959 0.0335561 0.0454365 0.2212195 0.2600231 0.0473824 0.2980074 0.0472204 0.1025268 0.3258665 0.2636031 0.0380010 0.2028659 0.0408552 0.2963830 0.6088286 0.0677144 
Perityle_californica_76_positas            0.2700709 0.0698207 0.2075990 0.2513880 0.1751797 0.0725731 0.2893395 0.1063058 0.2541198 0.2439590 0.1933096 0.1983229 0.1697542 0.1758628 0.1633904 0.1855411 0.2784459 0.0000000 0.1677995 0.2741670 0.1712174 0.2589338 0.2341073 0.2696941 0.2383989 0.2678770 0.1801665 0.1852302 0.2087100 0.1009096 0.3131156 0.2861164 0.1523394 0.2605087 0.1967744 0.2016114 0.2921353 0.2780240 0.1974393 0.1814683 0.2714298 0.2700944 0.3121905 0.2698200 0.2587674 0.1949404 0.1957508 0.1804333 0.1889927 0.2514101 0.2578610 0.1923507 0.2686400 0.2176148 0.1748935 0.1853047 0.0903125 0.1599712 0.2690572 0.1902092 0.1804129 0.1184166 0.2006466 0.3778421 0.2732582 0.2075990 0.1769022 0.2781789 0.1839161 0.1007035 0.2746087 0.2710273 0.1534410 0.1901429 0.2739955 0.1834852 0.1596851 0.2580712 0.1990328 0.1813757 0.2740455 0.1246465 0.2694023 0.1791218 0.0000010 0.1806687 
Perityle_canescens_77                      0.2309027 0.0720345 0.1161831 0.2128943 0.0857584 0.0545341 0.2596389 0.1038454 0.1904504 0.2161539 0.1068341 0.0595159 0.0530023 0.0533331 0.0513647 0.0620347 0.2281276 0.1677995 0.0000000 0.2273476 0.0573382 0.2285497 0.1404147 0.2282738 0.2159359 0.2272358 0.0561694 0.0596945 0.0667172 0.1022566 0.2834050 0.2256741 0.1171774 0.2319933 0.0605709 0.0731812 0.2348698 0.2213983 0.0985570 0.0620273 0.2299909 0.2298506 0.2430371 0.2297572 0.2029573 0.0962197 0.0574124 0.0518140 0.0573384 0.2056573 0.2255533 0.0540100 0.2282738 0.0880829 0.0517113 0.0547494 0.0322230 0.1584178 0.2297572 0.0562267 0.0581222 0.0489832 0.1471123 0.3205568 0.2295931 0.0623481 0.0573876 0.2310660 0.0706503 0.0352965 0.2245801 0.2282738 0.1177055 0.0561826 0.2324770 0.0516994 0.1504778 0.2270428 0.0771218 0.0540801 0.2312850 0.1056271 0.2311277 0.1128485 0.0000010 0.1593796 
Perityle_castillonii_96                    0.1085405 0.1505522 0.2593260 0.2839600 0.2345923 0.1026768 0.1602118 0.1728629 0.2852648 0.0954716 0.2723317 0.2578713 0.2358284 0.2443803 0.2246172 0.2884382 0.0322598 0.2741670 0.2273476 0.0000000 0.2417082 0.0205242 0.2866837 0.0198795 0.0133129 0.0217468 0.2583358 0.2653589 0.2754076 0.1774366 0.2174522 0.1037199 0.2692066 0.0989035 0.2611066 0.2567240 0.0761732 0.0613588 0.2616332 0.2573917 0.0216368 0.0211913 0.0851796 0.0198519 0.0746471 0.2684911 0.2697199 0.2550922 0.2564468 0.0725905 0.0195281 0.2492718 0.0190074 0.1765294 0.2481779 0.2363249 0.1648415 0.0346004 0.0225361 0.2550965 0.2257119 0.1850582 0.2979512 0.2412799 0.0208262 0.2710906 0.2566637 0.1132616 0.2601008 0.1749371 0.0175763 0.0190086 0.2234316 0.2544206 0.0243130 0.2387181 0.0138447 0.0954441 0.2726179 0.2529486 0.0224746 0.1994368 0.0216039 0.2618456 0.0000010 0.0689034 
Perityle_cernua_84                         0.2629735 0.0867640 0.0948351 0.2258214 0.0912511 0.0712674 0.2617772 0.1179635 0.1995028 0.2448565 0.1147760 0.0399705 0.0308091 0.0419552 0.0214028 0.0855057 0.2464668 0.1712174 0.0573382 0.2417082 0.0000000 0.2428518 0.1410137 0.2427785 0.2276149 0.2394453 0.0405699 0.0524581 0.0644145 0.1075766 0.2981208 0.2569093 0.1255388 0.2435493 0.0559054 0.0538574 0.2628122 0.2371667 0.1214951 0.0399796 0.2439144 0.2479085 0.2692385 0.2424682 0.2328158 0.1209636 0.0752848 0.0346431 0.0379832 0.2342582 0.2444974 0.0348063 0.2405337 0.1065667 0.0191325 0.0563162 0.0318521 0.1650464 0.2405031 0.0366568 0.0504152 0.0483657 0.1529583 0.3474700 0.2415887 0.0627332 0.0345944 0.2611136 0.0795268 0.0244168 0.2491112 0.2415797 0.1115592 0.0351392 0.2512177 0.0456045 0.1641547 0.2342554 0.0715666 0.0286671 0.2426288 0.1353965 0.2434741 0.0940743 0.0000010 0.1711556 
Perityle_cfvillosa_25_tin                  0.1077210 0.1499405 0.2521014 0.2735260 0.2327104 0.1104712 0.1638783 0.1721999 0.2618064 0.1040537 0.2599830 0.2502303 0.2468993 0.2496225 0.2283664 0.2878989 0.0452897 0.2589338 0.2285497 0.0205242 0.2428518 0.0000000 0.2900634 0.0051131 0.0084529 0.0059980 0.2506057 0.2567962 0.2722610 0.1769948 0.2248365 0.1039361 0.2643220 0.0992310 0.2546181 0.2544502 0.0773748 0.0645350 0.2568936 0.2513667 0.0068203 0.0062082 0.0823047 0.0042549 0.0739860 0.2648386 0.2668095 0.2461687 0.2475055 0.0718330 0.0164731 0.2404877 0.0034046 0.1702972 0.2427688 0.2414650 0.1625560 0.0372782 0.0025521 0.2461732 0.2322538 0.1808947 0.2937402 0.2448582 0.0209281 0.2649812 0.2538978 0.1153391 0.2506331 0.1767636 0.0253288 0.0051126 0.2256021 0.2453745 0.0148865 0.2297179 0.0015181 0.1014618 0.2577218 0.2528451 0.0244566 0.1932425 0.0025484 0.2531109 0.0000010 0.0728275 
Perityle_cinerea_113_Powell1310            0.2814438 0.1687398 0.2178406 0.2876295 0.1815232 0.1065678 0.3015794 0.1912595 0.2618571 0.2666067 0.1328589 0.1489877 0.1351660 0.1416960 0.1144906 0.0974881 0.3397782 0.2341073 0.1404147 0.2866837 0.1410137 0.2900634 0.0000000 0.3463550 0.2858371 0.3096628 0.0973649 0.1351773 0.1198377 0.2191173 0.2748495 0.2793377 0.1750765 0.2841161 0.0809625 0.1352388 0.2838755 0.2766064 0.2491269 0.1381129 0.2898609 0.2928120 0.3202586 0.2893168 0.3092566 0.2518555 0.0743314 0.1299912 0.1298103 0.3129903 0.2825074 0.1285606 0.2893168 0.1472616 0.1327491 0.1565581 0.0773095 0.2233429 0.2884096 0.1298103 0.1534282 0.1059958 0.2571441 0.2845244 0.3314130 0.1645268 0.1407089 0.2750731 0.1148749 0.0130691 0.2797913 0.2868013 0.2474098 0.1387306 0.2930616 0.1014884 0.2128826 0.2822833 0.1169322 0.1353300 0.2824571 0.2352496 0.3414038 0.1632271 0.0317430 0.2490064 
Perityle_coahuilensis_24                   0.1150985 0.1516377 0.3714987 0.2840779 0.2380284 0.1104712 0.1641483 0.1721999 0.2920134 0.1039329 0.3480977 0.2824956 0.2454443 0.2488536 0.2280832 0.3496235 0.0654044 0.2696941 0.2282738 0.0198795 0.2427785 0.0051131 0.3463550 0.0000000 0.0075098 0.0040555 0.3268948 0.2720548 0.3717782 0.1783611 0.2371642 0.1755692 0.3396206 0.1042502 0.3505497 0.3596896 0.0745455 0.0645930 0.2619397 0.2571174 0.0034951 0.0033554 0.0793661 0.0023278 0.0674062 0.3127793 0.3507354 0.2690255 0.2861586 0.0664965 0.0146212 0.2508473 0.0015881 0.1935773 0.2538987 0.2410697 0.1642534 0.0386411 0.0061784 0.2792962 0.2319812 0.1826260 0.2960476 0.2735090 0.0193413 0.2763297 0.2627684 0.1111858 0.3522279 0.1767636 0.0242715 0.0020365 0.2253375 0.2838984 0.0121763 0.3164914 0.0015181 0.0990211 0.3461373 0.2638548 0.0222675 0.1929183 0.0047589 0.3275724 0.6024590 0.0714225 
Perityle_cochisensis_44_cave_creek         0.0973253 0.1517306 0.2284924 0.2424069 0.2143416 0.1065381 0.1557186 0.1742083 0.2312236 0.0974914 0.2374695 0.2358153 0.2290741 0.2288397 0.2075054 0.2565361 0.0375793 0.2383989 0.2159359 0.0133129 0.2276149 0.0084529 0.2858371 0.0075098 0.0000000 0.0084922 0.2362935 0.2375569 0.2549452 0.1784623 0.2153857 0.0931645 0.2482176 0.0848480 0.2377174 0.2288169 0.0731652 0.0559168 0.2406436 0.2353577 0.0084529 0.0076350 0.0773609 0.0065608 0.0738420 0.2481789 0.2432651 0.2301619 0.2315886 0.0716320 0.0097267 0.2227542 0.0056199 0.1487372 0.2230583 0.2236090 0.1643538 0.0372438 0.0065629 0.2301671 0.2169336 0.1827382 0.2718145 0.2450150 0.0151625 0.2475980 0.2336027 0.1072925 0.2350784 0.1745648 0.0183638 0.0075025 0.2111755 0.2290560 0.0122528 0.2101298 0.0030426 0.0959388 0.2415456 0.2341523 0.0189872 0.1930468 0.0075029 0.2360027 0.0000010 0.0700295 
Perityle_congesta_202                      0.1138630 0.1520608 0.3062053 0.2847621 0.2349841 0.1104712 0.1659030 0.1707635 0.2874264 0.1033561 0.3077353 0.2664249 0.2439125 0.2473620 0.2270165 0.3101875 0.0454444 0.2678770 0.2272358 0.0217468 0.2394453 0.0059980 0.3096628 0.0040555 0.0084922 0.0000000 0.2613250 0.2689141 0.2925375 0.1771416 0.2234984 0.1341338 0.2789820 0.1044703 0.2901155 0.3142208 0.0758041 0.0648718 0.2584826 0.2537975 0.0042782 0.0050662 0.0786553 0.0031192 0.0666347 0.2717586 0.2870015 0.2536348 0.2647602 0.0681213 0.0146781 0.2498836 0.0023926 0.1857255 0.2523294 0.2392479 0.1629250 0.0401291 0.0062014 0.2667279 0.2309743 0.1813084 0.2945110 0.2442460 0.0206793 0.2742692 0.2613935 0.1125865 0.2845498 0.1747976 0.0227328 0.0034403 0.2243272 0.2629114 0.0130008 0.2533199 0.0015221 0.0993221 0.2934294 0.2624999 0.0231492 0.1915359 0.0049680 0.2798737 0.6041801 0.0702661 
Perityle_cordifolia_27                     0.2844649 0.0864119 0.1125816 0.2414846 0.0969452 0.0638052 0.2623003 0.1107126 0.2127668 0.2462161 0.1155325 0.0386290 0.0308060 0.0386141 0.0267826 0.0601285 0.2932343 0.1801665 0.0561694 0.2583358 0.0405699 0.2506057 0.0973649 0.3268948 0.2362935 0.2613250 0.0000000 0.0520941 0.0658327 0.1058536 0.2948966 0.2883919 0.1140132 0.2640156 0.0544876 0.0552232 0.2722070 0.2538680 0.1462640 0.0433759 0.2590390 0.2690228 0.2836920 0.2584954 0.2412373 0.1678184 0.0599279 0.0364957 0.0454610 0.2455971 0.2536210 0.0344691 0.2534227 0.0955740 0.0350831 0.0585619 0.0275371 0.1645438 0.2550987 0.0338897 0.0542269 0.0496059 0.1665550 0.2920791 0.2734973 0.0668279 0.0206224 0.2801977 0.0992304 0.0161514 0.2694791 0.2537777 0.1102640 0.0345932 0.2694401 0.0425872 0.1635939 0.2457112 0.0700505 0.0304555 0.2551408 0.1363069 0.2750087 0.0843290 0.0520328 0.1766936 
Perityle_cordifolia_68_tecolote            0.2896764 0.0848467 0.1354193 0.2399816 0.1023764 0.0712127 0.2698909 0.1090304 0.2100100 0.2522061 0.1299777 0.0586552 0.0414045 0.0443306 0.0389288 0.0871812 0.2704464 0.1852302 0.0596945 0.2653589 0.0524581 0.2567962 0.1351773 0.2720548 0.2375569 0.2689141 0.0520941 0.0000000 0.0796428 0.1044806 0.3105470 0.3088779 0.1385143 0.2679834 0.0589663 0.0903985 0.2696051 0.2599016 0.1354939 0.0566901 0.2731648 0.2756706 0.2791179 0.2648106 0.2384048 0.1387323 0.0776014 0.0453344 0.0526343 0.2413515 0.2577236 0.0467498 0.2617067 0.1121983 0.0477978 0.0658360 0.0081619 0.1696322 0.2678627 0.0515047 0.0618866 0.0524737 0.1710845 0.3572170 0.2710225 0.0733012 0.0463832 0.2816194 0.0880119 0.0263633 0.2783088 0.2708768 0.1210702 0.0490398 0.2774877 0.0546639 0.1673473 0.2374164 0.0870897 0.0415004 0.2666504 0.1384976 0.2694891 0.1102215 0.0000010 0.1753026 
Perityle_coronopifolia_28_patagonia        0.3056443 0.1073996 0.1777806 0.2447321 0.1196280 0.0795003 0.2712739 0.1271125 0.2431068 0.2595513 0.1326203 0.0711338 0.0604745 0.0631508 0.0562624 0.0807494 0.3221314 0.2087100 0.0667172 0.2754076 0.0644145 0.2722610 0.1198377 0.3717782 0.2549452 0.2925375 0.0658327 0.0796428 0.0000000 0.1267690 0.3042352 0.3449808 0.1306807 0.2708311 0.0778333 0.1342868 0.2838145 0.2594970 0.1695633 0.0773833 0.2896660 0.2774742 0.3085886 0.2813039 0.2640777 0.2004225 0.0751924 0.0669048 0.0774470 0.2680510 0.2720451 0.0617905 0.2768122 0.1243372 0.0563373 0.0387763 0.0547308 0.1860245 0.2807029 0.0684438 0.0375057 0.0521539 0.1792008 0.3212662 0.3083484 0.0167978 0.0585429 0.3047170 0.0908420 0.0523405 0.2797577 0.2851953 0.1322197 0.0682698 0.2879913 0.0715153 0.1871215 0.2617090 0.0897787 0.0595045 0.2818861 0.1372683 0.3020335 0.1178027 0.0604904 0.1949063 
Perityle_crassifolia_70_ventanas           0.1796250 0.0603087 0.0986181 0.1708505 0.0940548 0.0688136 0.2115798 0.0914180 0.1581234 0.1759959 0.1098708 0.1098215 0.1048134 0.1048497 0.0976604 0.1019696 0.1751111 0.1009096 0.1022566 0.1774366 0.1075766 0.1769948 0.2191173 0.1783611 0.1784623 0.1771416 0.1058536 0.1044806 0.1267690 0.0000000 0.2611885 0.1793265 0.0837439 0.1810533 0.1072189 0.1097703 0.1913951 0.1734036 0.0969182 0.1019550 0.1800139 0.1799567 0.1991700 0.1799736 0.2037763 0.0955251 0.1045360 0.0991399 0.1060759 0.1989859 0.1769070 0.1045477 0.1783611 0.1185593 0.0977775 0.1138178 0.0937998 0.1502246 0.1783611 0.1060759 0.1161500 0.1116105 0.1107309 0.2940643 0.1799204 0.1230629 0.1101808 0.1755118 0.1267448 0.1041724 0.1759367 0.1783611 0.0024487 0.0929023 0.1815290 0.0991156 0.1588101 0.1867653 0.1181659 0.1046876 0.1800184 0.1163553 0.1783611 0.0248376 0.0000010 0.1603788 
Perityle_crassifolia_74_playa_balandra     0.2117235 0.2322468 0.2783958 0.3166139 0.3062358 0.1970813 0.2595671 0.2436746 0.3206046 0.1760809 0.2920940 0.3121409 0.2975090 0.2948185 0.2839069 0.2959769 0.2411294 0.3131156 0.2834050 0.2174522 0.2981208 0.2248365 0.2748495 0.2371642 0.2153857 0.2234984 0.2948966 0.3105470 0.3042352 0.2611885 0.0000000 0.2126910 0.2929104 0.2135133 0.2918997 0.2863455 0.2305868 0.2363215 0.3138040 0.3109265 0.2226898 0.2212944 0.2463627 0.2246161 0.2367059 0.3091138 0.2930672 0.3069773 0.3107246 0.2379855 0.2191149 0.3031616 0.2229182 0.3033525 0.3003441 0.3000290 0.2619102 0.1814768 0.2229182 0.3089056 0.2982796 0.2635019 0.3262629 0.1161431 0.2365979 0.3192245 0.3146093 0.2372459 0.2888090 0.1624088 0.2157863 0.2229182 0.2802016 0.3089232 0.2267245 0.2841233 0.1295625 0.2291999 0.3007374 0.3069142 0.2256531 0.3170018 0.2354380 0.2790954 0.1372128 0.1766837 
Perityle_cuneata_34_cuneata_San_antonio    0.1142311 0.1419391 0.2870286 0.2967451 0.2490845 0.1189855 0.1612676 0.1576084 0.2868951 0.0869185 0.3311817 0.3311266 0.2630016 0.2642293 0.2354640 0.3340909 0.1337740 0.2861164 0.2256741 0.1037199 0.2569093 0.1039361 0.2793377 0.1755692 0.0931645 0.1341338 0.2883919 0.3088779 0.3449808 0.1793265 0.2126910 0.0000000 0.3075137 0.0892202 0.3117125 0.2900171 0.1104020 0.0988752 0.2882058 0.2772317 0.1418227 0.1073224 0.1143326 0.1068408 0.0966888 0.3521336 0.3065115 0.2766357 0.2968357 0.1027538 0.1040194 0.2584439 0.1032795 0.2542315 0.2730794 0.2536536 0.1675057 0.0657594 0.1023612 0.3157482 0.2480030 0.1769894 0.3069363 0.2844812 0.1336755 0.3123908 0.2881551 0.1146234 0.2856589 0.1693698 0.1234402 0.1383000 0.2385617 0.3119167 0.1328628 0.2698837 0.0559831 0.1001932 0.3426585 0.2952917 0.1110221 0.2090504 0.1206740 0.3125096 0.0000010 0.0427489 
Perityle_cuneata_4                         0.2798019 0.0533579 0.1434906 0.2432421 0.1100247 0.0578968 0.3031298 0.0950278 0.2236901 0.2508723 0.1368302 0.1302415 0.1186541 0.1245409 0.1154175 0.1469745 0.2991005 0.1523394 0.1171774 0.2692066 0.1255388 0.2643220 0.1750765 0.3396206 0.2482176 0.2789820 0.1140132 0.1385143 0.1306807 0.0837439 0.2929104 0.3075137 0.0000000 0.2622936 0.1344568 0.1453411 0.2720857 0.2682535 0.1399766 0.1272302 0.2790987 0.2777879 0.2880078 0.2695585 0.2393504 0.1636330 0.1319955 0.1224181 0.1275040 0.2363248 0.2678964 0.1167410 0.2651035 0.1618414 0.1153068 0.1327512 0.0974157 0.1601581 0.2654038 0.1283802 0.1321722 0.1132120 0.1801007 0.3005303 0.2905024 0.1519098 0.1212277 0.2854013 0.1471060 0.1055241 0.2830309 0.2721770 0.1022936 0.1225089 0.2854524 0.1168999 0.1619666 0.2575640 0.1329801 0.1254665 0.2659961 0.1128077 0.2855190 0.1101791 0.0921999 0.1800083 
Perityle_discoidea_81                      0.0047392 0.1421454 0.2511312 0.2972432 0.2463504 0.1145318 0.1677157 0.1725775 0.2936790 0.0208300 0.2586138 0.2722383 0.2416166 0.2464742 0.2373614 0.2690954 0.0946429 0.2605087 0.2319933 0.0989035 0.2435493 0.0992310 0.2841161 0.1042502 0.0848480 0.1044703 0.2640156 0.2679834 0.2708311 0.1810533 0.2135133 0.0892202 0.2622936 0.0000000 0.2639407 0.2599064 0.1132656 0.1037919 0.2480229 0.2632512 0.1065410 0.1075474 0.1258220 0.1053489 0.1031437 0.2521680 0.2521160 0.2629813 0.2645304 0.1048807 0.0928362 0.2614012 0.1042502 0.2166009 0.2527621 0.2432407 0.1696947 0.0693170 0.1065093 0.2644970 0.2422302 0.1809163 0.2833256 0.2638642 0.1035497 0.2733615 0.2637679 0.1095425 0.2643850 0.1693278 0.0998326 0.1042502 0.2399773 0.2654016 0.1064825 0.2559209 0.0634154 0.1014906 0.2815271 0.2589735 0.1051221 0.1927433 0.1053023 0.2608869 0.0000010 0.0608950 
Perityle_dissecta_201                      0.3019758 0.0910207 0.1320429 0.2500245 0.0989042 0.0637893 0.2591347 0.1191241 0.2262009 0.2503683 0.1341153 0.0478802 0.0346237 0.0329182 0.0300851 0.0788587 0.3193782 0.1967744 0.0605709 0.2611066 0.0559054 0.2546181 0.0809625 0.3505497 0.2377174 0.2901155 0.0544876 0.0589663 0.0778333 0.1072189 0.2918997 0.3117125 0.1344568 0.2639407 0.0000000 0.0835344 0.2812686 0.2528610 0.1636995 0.0633589 0.2859244 0.2692152 0.3046110 0.2770201 0.2613680 0.1856311 0.0551457 0.0506212 0.0527327 0.2681993 0.2578533 0.0223731 0.2728960 0.1089233 0.0359308 0.0657716 0.0331458 0.1648184 0.2788497 0.0400471 0.0585121 0.0552879 0.1673039 0.2768749 0.3026005 0.0663444 0.0373360 0.2993425 0.1031722 0.0099673 0.2710669 0.2828997 0.1184521 0.0458309 0.2722709 0.0244048 0.1638788 0.2475477 0.0747735 0.0293421 0.2786794 0.1346798 0.2986624 0.1091537 0.0602518 0.1770000 
Perityle_emoryi_47_punta_san_jose          0.3077634 0.0835580 0.1041322 0.2415198 0.1009925 0.0674999 0.2661211 0.1046475 0.2128150 0.2460625 0.1676747 0.1102237 0.0441607 0.0542000 0.0468304 0.0631442 0.3086101 0.2016114 0.0731812 0.2567240 0.0538574 0.2544502 0.1352388 0.3596896 0.2288169 0.3142208 0.0552232 0.0903985 0.1342868 0.1097703 0.2863455 0.2900171 0.1453411 0.2599064 0.0835344 0.0000000 0.2734795 0.2529901 0.1439037 0.0586016 0.3250877 0.2706808 0.2872877 0.2799899 0.2324664 0.1901935 0.0695887 0.0494415 0.0731298 0.2327029 0.2470847 0.0521184 0.2597290 0.1527566 0.0582391 0.0763809 0.0334696 0.1506427 0.2701374 0.0969841 0.0705480 0.0599860 0.1729342 0.3500825 0.3084624 0.0984675 0.0474144 0.2872773 0.0885999 0.0215583 0.2880655 0.3210471 0.1169680 0.1001733 0.3105165 0.0710299 0.1529365 0.2423839 0.1593262 0.0594851 0.2862627 0.1346603 0.2970869 0.1324433 0.0000010 0.1641929 
Perityle_feddemae_99                       0.1207037 0.1608180 0.2623605 0.2797137 0.2529997 0.1236673 0.1689179 0.1808207 0.2857878 0.1132113 0.2843277 0.2668453 0.2614621 0.2697045 0.2487664 0.3054998 0.0813588 0.2921353 0.2348698 0.0761732 0.2628122 0.0773748 0.2838755 0.0745455 0.0731652 0.0758041 0.2722070 0.2696051 0.2838145 0.1913951 0.2305868 0.1104020 0.2720857 0.1132656 0.2812686 0.2734795 0.0000000 0.0797257 0.2724081 0.2668735 0.0764961 0.0787811 0.0207668 0.0754220 0.0177382 0.2785823 0.2846536 0.2645521 0.2645766 0.0215335 0.0786633 0.2569514 0.0735302 0.1896130 0.2633038 0.2539355 0.1840049 0.0615680 0.0764906 0.2631672 0.2480003 0.2001684 0.3166029 0.2855191 0.0744821 0.2783087 0.2769603 0.1137869 0.2716356 0.1941900 0.0848869 0.0744735 0.2454738 0.2612781 0.0831525 0.2527221 0.0612365 0.1033164 0.2819015 0.2698151 0.0763373 0.2057571 0.0763768 0.2674602 0.0000010 0.0902719 
Perityle_fosteri_93                        0.1064296 0.1448622 0.2484641 0.2805692 0.2415693 0.1067505 0.1659258 0.1603375 0.3030612 0.0995611 0.2605196 0.2596326 0.2380257 0.2392706 0.2262010 0.2662560 0.0445553 0.2780240 0.2213983 0.0613588 0.2371667 0.0645350 0.2766064 0.0645930 0.0559168 0.0648718 0.2538680 0.2599016 0.2594970 0.1734036 0.2363215 0.0988752 0.2682535 0.1037919 0.2528610 0.2529901 0.0797257 0.0000000 0.2568853 0.2540120 0.0666350 0.0675764 0.0870646 0.0665342 0.0724673 0.2620725 0.2418688 0.2502270 0.2495126 0.0774591 0.0606741 0.2378301 0.0645930 0.1929809 0.2430553 0.2397541 0.1632158 0.0373363 0.0676184 0.2494831 0.2268140 0.1790836 0.2878766 0.2612264 0.0667889 0.2615589 0.2544876 0.1013878 0.2535262 0.1732333 0.0643919 0.0636005 0.2210844 0.2473918 0.0656399 0.2393468 0.0490823 0.0988015 0.2649136 0.2500476 0.0684073 0.2038361 0.0675072 0.2505558 0.0000010 0.0706924 
Perityle_gamon_221                         0.2713342 0.0552381 0.1427587 0.2289545 0.1233852 0.0648794 0.2981964 0.0942630 0.2345712 0.2460550 0.1587613 0.1334785 0.1170749 0.1251699 0.1151076 0.1862513 0.2620544 0.1974393 0.0985570 0.2616332 0.1214951 0.2568936 0.2491269 0.2619397 0.2406436 0.2584826 0.1462640 0.1354939 0.1695633 0.0969182 0.3138040 0.2882058 0.1399766 0.2480229 0.1636995 0.1439037 0.2724081 0.2568853 0.0000000 0.1234755 0.2672168 0.2738687 0.2800688 0.2623286 0.2348946 0.0083437 0.1862752 0.1251244 0.1334433 0.2275052 0.2621403 0.1222167 0.2597695 0.1729238 0.1199449 0.1305542 0.0887976 0.1707887 0.2616750 0.1334503 0.1353452 0.1089650 0.1551376 0.3677304 0.2587801 0.1532579 0.1274946 0.2741683 0.1918938 0.1041397 0.2776492 0.2587769 0.1181934 0.1289362 0.2759225 0.1473982 0.1615510 0.2459063 0.1657733 0.1275118 0.2579095 0.1095984 0.2626655 0.1598445 0.4462204 0.1715846 
Perityle_gentryi_8_san_francisco           0.2693261 0.0866762 0.1071872 0.2499239 0.1045225 0.0676632 0.2694656 0.1128049 0.2196132 0.2522108 0.1269306 0.0389332 0.0307711 0.0466519 0.0333815 0.0464338 0.2596950 0.1814683 0.0620273 0.2573917 0.0399796 0.2513667 0.1381129 0.2571174 0.2353577 0.2537975 0.0433759 0.0566901 0.0773833 0.1019550 0.3109265 0.2772317 0.1272302 0.2632512 0.0633589 0.0586016 0.2668735 0.2540120 0.1234755 0.0000000 0.2571959 0.2649109 0.2755217 0.2556428 0.2324891 0.1229097 0.0735862 0.0335033 0.0359994 0.2327617 0.2622019 0.0426527 0.2535358 0.1062597 0.0386454 0.0656046 0.0360576 0.1700192 0.2547621 0.0356447 0.0630072 0.0525853 0.1718625 0.3436809 0.2524081 0.0714561 0.0419018 0.2785698 0.0931842 0.0264449 0.2633840 0.2548209 0.1118651 0.0331467 0.2664519 0.0499240 0.1698674 0.2449270 0.0839060 0.0293910 0.2523926 0.1313511 0.2566190 0.0938171 0.0000010 0.1789361 
Perityle_gilensis_22_Superstition          0.1152712 0.1533909 0.3177432 0.2877283 0.2410843 0.1145170 0.1640855 0.1741263 0.2882500 0.1052089 0.3043009 0.2695686 0.2485749 0.2519361 0.2296558 0.3051259 0.0471772 0.2714298 0.2299909 0.0216368 0.2439144 0.0068203 0.2898609 0.0034951 0.0084529 0.0042782 0.2590390 0.2731648 0.2896660 0.1800139 0.2226898 0.1418227 0.2790987 0.1065410 0.2859244 0.3250877 0.0764961 0.0666350 0.2672168 0.2571959 0.0000000 0.0050413 0.0833444 0.0031201 0.0720633 0.2807932 0.2850707 0.2566514 0.2676219 0.0699686 0.0164781 0.2525183 0.0023992 0.1880046 0.2568688 0.2426948 0.1660110 0.0400180 0.0063682 0.2696248 0.2336599 0.1844245 0.2990533 0.2429551 0.0206855 0.2774854 0.2657429 0.1146021 0.2723226 0.1767636 0.0259307 0.0035165 0.2269985 0.2658134 0.0137036 0.2466162 0.0030398 0.1015027 0.2881669 0.2665316 0.0235708 0.1948858 0.0052328 0.2701744 0.0000010 0.0727763 
Perityle_gilensis_salensis_225             0.1211240 0.1516127 0.2716214 0.2841886 0.2395851 0.1144234 0.1672931 0.1740615 0.2883864 0.1039557 0.2770606 0.2689725 0.2470402 0.2504255 0.2297030 0.2790018 0.0464490 0.2700944 0.2298506 0.0211913 0.2479085 0.0062082 0.2928120 0.0033554 0.0076350 0.0050662 0.2690228 0.2756706 0.2774742 0.1799567 0.2212944 0.1073224 0.2777879 0.1075474 0.2692152 0.2706808 0.0787811 0.0675764 0.2738687 0.2649109 0.0050413 0.0000000 0.0880063 0.0033546 0.0764437 0.2809107 0.2685970 0.2639612 0.2657598 0.0741843 0.0110474 0.2523723 0.0025445 0.1874600 0.2554141 0.2398483 0.1659543 0.0413587 0.0059037 0.2657299 0.2307074 0.1809370 0.2976162 0.2463809 0.0216069 0.2757722 0.2642874 0.1173923 0.2633854 0.1793294 0.0266057 0.0041987 0.2268641 0.2652021 0.0135538 0.2441071 0.0030387 0.0990132 0.2810289 0.2651957 0.0258652 0.1948129 0.0050377 0.2710227 0.0000010 0.0740645 
Perityle_glaucescens_94                    0.1316662 0.1727776 0.2823774 0.3101411 0.2725904 0.1279332 0.1774946 0.1912259 0.3081616 0.1194382 0.3151779 0.2840746 0.2685950 0.2780280 0.2557119 0.3245953 0.0900831 0.3121905 0.2430371 0.0851796 0.2692385 0.0823047 0.3202586 0.0793661 0.0773609 0.0786553 0.2836920 0.2791179 0.3085886 0.1991700 0.2463627 0.1143326 0.2880078 0.1258220 0.3046110 0.2872877 0.0207668 0.0870646 0.2800688 0.2755217 0.0833444 0.0880063 0.0000000 0.0818425 0.0119143 0.2870702 0.3022208 0.2763426 0.2776762 0.0263273 0.0850920 0.2719186 0.0798827 0.2044767 0.2794473 0.2689950 0.1905742 0.0683326 0.0806174 0.2776450 0.2632502 0.2116552 0.3302158 0.2894812 0.0796077 0.2989353 0.2928499 0.1198669 0.3047193 0.2306147 0.0919362 0.0779770 0.2492673 0.2736184 0.0891486 0.2728699 0.0659794 0.1076357 0.3051944 0.2828467 0.0820001 0.2030200 0.0801376 0.2925218 0.6076642 0.0941449 
Perityle_gracilis_11                       0.1124108 0.1533543 0.2648289 0.2857281 0.2392493 0.1144536 0.1654703 0.1740808 0.2915400 0.1060477 0.2791738 0.2631693 0.2466880 0.2500752 0.2296071 0.3035806 0.0411267 0.2698200 0.2297572 0.0198519 0.2424682 0.0042549 0.2893168 0.0023278 0.0065608 0.0031192 0.2584954 0.2648106 0.2813039 0.1799736 0.2246161 0.1068408 0.2695585 0.1053489 0.2770201 0.2799899 0.0754220 0.0665342 0.2623286 0.2556428 0.0031201 0.0033546 0.0818425 0.0000000 0.0704644 0.2699204 0.2817177 0.2552351 0.2582188 0.0683969 0.0146175 0.2522734 0.0007944 0.1771433 0.2550714 0.2422093 0.1626333 0.0400103 0.0047444 0.2590144 0.2334285 0.1843797 0.2973243 0.2477362 0.0183118 0.2754537 0.2639353 0.1118322 0.2728792 0.1767636 0.0252973 0.0023276 0.2267748 0.2563539 0.0122637 0.2439183 0.0030391 0.1002139 0.2737747 0.2648079 0.0206365 0.1948340 0.0031008 0.2614413 0.0000010 0.0727627 
