84
Amauria_brandeegeana_62                    0.0000000 0.0820995 0.3507819 0.4867982 0.4052694 0.3714730 0.3645832 0.3608973 0.3959997 0.4206014 0.3868852 0.3838336 0.3543236 0.3566046 0.4124021 0.3887584 0.3318396 0.4057113 0.3826656 0.3731870 0.4354855 0.3949655 0.3759524 0.4021104 0.3867516 0.3694241 0.4171575 0.4395995 0.3178335 0.3637819 0.3691685 0.4932328 0.1173900 0.5049975 0.4521531 0.3567938 0.3353534 0.1173900 0.3677678 0.3679663 0.4507550 0.4230144 0.4791519 0.3443609 0.3672559 0.3875152 0.3873998 0.5352843 0.4033687 0.3748463 0.3782195 0.3842135 0.3712770 0.4021072 0.3754010 0.3658150 0.3809826 0.3772222 0.3872892 0.3056121 0.3816968 0.3411719 0.3877421 0.4485026 0.3714827 0.4198836 0.4624956 0.2410880 0.3064168 0.3742670 0.4763076 0.3834802 0.3842944 0.3711671 0.3642511 0.4398859 0.3883126 0.3948755 0.3847642 0.3607719 0.3981233 0.4390548 0.2907053 0.3080101 
Amauria_carterae_99_mesa                   0.0820995 0.0000000 0.3137207 0.3384949 0.3000384 0.3149409 0.2228961 0.3372743 0.2758760 0.3212174 0.2577631 0.2619237 0.2571609 0.2777484 0.3280823 0.2688621 0.2632054 0.3579967 0.2626211 0.2775985 0.2848608 0.3281656 0.2656654 0.2772743 0.2616198 0.2643607 0.2830572 0.3079565 0.2957272 0.2759166 0.2943933 0.3269028 0.1343503 0.3372288 0.3773306 0.2612437 0.3161662 0.1343503 0.2617942 0.2659920 0.3737313 0.2798320 0.3659442 0.3216441 0.2738128 0.2622166 0.2619510 0.3687020 0.2819882 0.2631993 0.2660119 0.2713588 0.2464642 0.3001308 0.2984355 0.2891484 0.2582694 0.2501491 0.3488488 0.3189507 0.2682492 0.3083189 0.2785195 0.3418847 0.2654826 0.2979764 0.3348077 0.2592514 0.2613626 0.2605496 0.3373411 0.2619510 0.2623502 0.2613968 0.2849337 0.3232167 0.3320674 0.2733093 0.2657666 0.2840633 0.2742732 0.3151255 0.2579623 0.2916727 
Amauria_rotundifolia_SRR9119150            0.3507819 0.3137207 0.0000000 0.4301134 0.3170576 0.0825388 0.4182716 0.1747501 0.5037025 0.4289859 0.3221870 0.3013456 0.2450374 0.2177582 0.2503284 0.2575365 0.6331160 0.1604433 0.3696275 0.1965458 0.2820752 0.1617199 0.2690740 0.1998020 0.3245855 0.3831924 0.2910080 0.3852809 0.0997817 0.5999532 0.3559868 0.2080801 0.4491760 0.2470630 0.3697907 0.2590993 0.3246571 0.1612591 0.2663615 0.2380989 0.3816692 0.2215302 0.3570551 0.3562196 0.2568947 0.3130496 0.3526332 0.6104319 0.2194810 0.2268603 0.1961259 0.4250247 0.3402831 0.2548515 0.2184970 0.1633746 0.3145102 0.3746705 0.3341208 0.1331721 0.3748786 0.1123344 0.2590605 0.4401551 0.3652770 0.3797158 0.4392874 0.1017293 0.2908612 0.2761767 0.2773257 0.3667390 0.3177144 0.2333499 0.1724717 0.2579612 0.3190136 0.2476955 0.1860073 0.3579966 0.3670615 0.2869968 0.3338732 0.2535515 
Conoclinium_coelestinum_SRR9119114         0.4867982 0.3384949 0.4301134 0.0000000 0.4029699 0.2515155 0.5147796 0.2470604 0.5472060 0.3737793 0.3981191 0.3780881 0.3424262 0.3244329 0.3755767 0.3553218 0.5789226 0.3628139 0.3666721 0.3183221 0.4896170 0.3335859 0.3703661 0.4264671 0.3820026 0.3851612 0.4069244 0.5172796 0.2298010 0.5425787 0.4157709 0.4301221 0.1515288 0.4390843 0.4366915 0.3631414 0.2863851 0.1441522 0.3790527 0.3934357 0.4496469 0.4256519 0.4233193 0.2841772 0.3068061 0.3685540 0.3925656 0.5512772 0.3786226 0.3819868 0.3775481 0.4021743 0.4049897 0.3591952 0.3393355 0.3123075 0.4072632 0.3823550 0.3349954 0.2160229 0.4825084 0.2659877 0.3707839 0.4352251 0.3916767 0.4737974 0.4477540 0.1884108 0.2667699 0.3677269 0.3840120 0.3892591 0.3972597 0.3514194 0.3334408 0.4642764 0.3544416 0.3688106 0.3741310 0.4231326 0.3877632 0.3989528 0.4263540 0.3238146 
Eutetras_palmeri_63                        0.4052694 0.3000384 0.3170576 0.4029699 0.0000000 0.0092225 0.4874263 0.1342992 0.3952585 0.3806855 0.2148487 0.1498931 0.1147151 0.1504250 0.1437114 0.1493070 0.4874508 0.1064210 0.1976092 0.1301739 0.2546106 0.1860840 0.2836122 0.1656482 0.1795327 0.3107520 0.2714180 0.5345619 0.1090720 0.6732426 0.2808711 0.1118387 0.0972596 0.1153220 0.3068076 0.3146596 0.2105886 0.1104927 0.1841992 0.1240127 0.2864898 0.1302351 0.2167668 0.2306333 0.1425894 0.1462424 0.2115109 0.4934582 0.1459495 0.1428632 0.1369648 0.3306325 0.1865132 0.1796432 0.1888359 0.1609705 0.1875160 0.2092441 0.1796491 0.0904471 0.5029256 0.1488635 0.2194970 0.3171873 0.3024974 0.1394108 0.3142304 0.0977109 0.1542240 0.2830697 0.1209561 0.2423809 0.1790109 0.1018039 0.1206879 0.1401552 0.2867186 0.1441623 0.1733810 0.4462370 0.2331927 0.1769786 0.4419667 0.2291240 
Eutetras_pringlei_149_quer                 0.3714730 0.3149409 0.0825388 0.2515155 0.0092225 0.0000000 0.4511162 0.1016247 0.3260361 0.1243025 0.1152990 0.1087431 0.0979394 0.1136408 0.1284496 0.1045371 0.4074622 0.1013194 0.1066455 0.0991353 0.1052883 0.1425455 0.0957407 0.1056380 0.1159307 0.1125182 0.1225554 0.4661594 0.1043738 0.4204002 0.1014879 0.1085751 0.0000010 0.0979423 0.0828577 0.1012303 0.0762710 0.0000010 0.1012961 0.0980557 0.0827828 0.1063282 0.0938568 0.0834774 0.1134174 0.1123107 0.1051938 0.0863369 0.1086932 0.0916189 0.1011007 0.1268828 0.1154783 0.1051963 0.1225998 0.1002870 0.1053458 0.1014817 0.1459301 0.0850023 0.4570316 0.1216939 0.1168209 0.1303609 0.1095194 0.0525787 0.0702984 0.0753759 0.1067437 0.0957407 0.1014681 0.1051938 0.1088809 0.1049998 0.1051938 0.0570663 0.0976642 0.1098984 0.1061174 0.4419529 0.1087060 0.0979423 0.4228016 0.0853203 
Eutrochium_fistulosum_SRR9119106           0.3645832 0.2228961 0.4182716 0.5147796 0.4874263 0.4511162 0.0000000 0.4054073 0.4459507 0.5194773 0.5032848 0.4764883 0.4478284 0.4087053 0.4840342 0.4714726 0.4425042 0.4779050 0.4323620 0.4335811 0.6054446 0.4276636 0.4538161 0.5229604 0.4769907 0.4906104 0.4874172 0.4140414 0.3707902 0.3404663 0.5327583 0.5631461 0.2850019 0.5588465 0.5105362 0.4286540 0.3784117 0.1223654 0.4759808 0.4795482 0.5474586 0.5672082 0.5428699 0.3822683 0.4309505 0.4768106 0.4973479 0.6901670 0.4612677 0.4638142 0.4428667 0.5525734 0.4308141 0.4295218 0.3838756 0.4201641 0.4990423 0.4906334 0.4130176 0.3270322 0.3229877 0.3934210 0.4593299 0.5225487 0.4857994 0.6465890 0.5259270 0.2929553 0.3751642 0.4538161 0.5292122 0.4986838 0.4846769 0.4378577 0.4401942 0.5432580 0.4423559 0.4619213 0.4436084 0.3444441 0.5015596 0.4946126 0.2459954 0.3700494 
Galeana_pratensis_104_mex                  0.3608973 0.3372743 0.1747501 0.2470604 0.1342992 0.1016247 0.4054073 0.0000000 0.4571502 0.2268199 0.1917553 0.1680898 0.1650038 0.1844777 0.2002274 0.1708586 0.4335949 0.1545828 0.2331057 0.1884931 0.1746620 0.2195145 0.1765832 0.1806915 0.1707875 0.1969584 0.1857586 0.5412964 0.1374508 0.4432870 0.1486231 0.1662820 0.0000010 0.1660598 0.1313599 0.1657516 0.1178381 0.0000010 0.1652803 0.1653944 0.1205184 0.1612935 0.1259043 0.1180375 0.1843996 0.1707966 0.1680999 0.1793183 0.1975768 0.1812248 0.1802412 0.2329407 0.1653446 0.1776106 0.1829237 0.1703484 0.1628232 0.1624881 0.1815999 0.1305528 0.5133112 0.1633051 0.1750863 0.1997907 0.1947696 0.1353022 0.2020334 0.1203618 0.1687073 0.1796495 0.1621274 0.1653340 0.1681901 0.1601180 0.1633832 0.1822426 0.1360239 0.1882861 0.1768551 0.5146820 0.1760670 0.1634731 0.4581524 0.1520190 
Helianthus_annuus_SRR9119062               0.3959997 0.2758760 0.5037025 0.5472060 0.3952585 0.3260361 0.4459507 0.4571502 0.0000000 0.4577339 0.4544791 0.4134170 0.4036085 0.3807427 0.4653176 0.4425019 0.5561698 0.4668863 0.3939763 0.3908223 0.5141171 0.4005580 0.4311303 0.4619336 0.4319230 0.4328654 0.4514016 0.5031469 0.3523014 0.4596193 0.4486213 0.4988460 0.3067487 0.5027851 0.5112926 0.3570667 0.3689322 0.1014474 0.4325187 0.4122226 0.5228831 0.4812449 0.5271085 0.3712259 0.4180372 0.4430704 0.4466738 0.6293097 0.4465586 0.4476396 0.3933881 0.4657669 0.5145356 0.4378863 0.3833577 0.4030624 0.4177634 0.4350194 0.3723071 0.2962182 0.4400512 0.3691245 0.4233292 0.4400305 0.4246079 0.5804021 0.4677901 0.2626367 0.3858387 0.4253706 0.4815578 0.4465213 0.4026404 0.3985595 0.4382888 0.4681717 0.4556508 0.4545493 0.3951911 0.3826892 0.4468507 0.4487006 0.4058104 0.3480672 
Pericome_caudata_50_silver                 0.4206014 0.3212174 0.4289859 0.3737793 0.3806855 0.1243025 0.5194773 0.2268199 0.4577339 0.0000000 0.3486738 0.2906024 0.2138968 0.2241058 0.2745927 0.2870547 0.5980222 0.2572739 0.3676214 0.2216428 0.4288569 0.2183712 0.3689159 0.3502462 0.2973476 0.4143572 0.3771160 0.5517787 0.0976120 0.6083132 0.3919455 0.2580271 0.0641524 0.2554219 0.4746164 0.4355435 0.2859606 0.0601507 0.3398271 0.2955007 0.4597995 0.3492418 0.3744020 0.2843599 0.2019859 0.2684776 0.3172429 0.5911901 0.2979496 0.2868175 0.3025477 0.4740093 0.3838158 0.2913329 0.2114612 0.2729399 0.3157604 0.3097031 0.1893287 0.1182439 0.4795463 0.1464315 0.3547454 0.3411779 0.3736081 0.2935634 0.3109570 0.1043445 0.1909370 0.3674988 0.1954210 0.3555441 0.2962576 0.2790090 0.2482324 0.3514324 0.3998446 0.2885967 0.3321206 0.4617638 0.3489160 0.2835492 0.4284728 0.2548078 
Perityle_aglossa_84_dead_horse             0.3868852 0.2577631 0.3221870 0.3981191 0.2148487 0.1152990 0.5032848 0.1917553 0.4544791 0.3486738 0.0000000 0.1488091 0.0892020 0.0481019 0.0869546 0.0597830 0.5708799 0.1813376 0.0920474 0.0458285 0.2052391 0.1305882 0.1022143 0.0814135 0.1772460 0.2162547 0.1292954 0.5525746 0.1310855 0.6582732 0.3216798 0.1715721 0.0149885 0.1829855 0.3131237 0.1539287 0.1933530 0.0220490 0.1394846 0.1092640 0.3355043 0.1396689 0.2550990 0.2216133 0.0443913 0.1427603 0.1814866 0.6027291 0.0579303 0.0486033 0.0589511 0.1999301 0.2447327 0.1547695 0.1144226 0.1030348 0.1731626 0.1852779 0.2322567 0.1325659 0.4822563 0.1119884 0.1571519 0.3298178 0.2082852 0.3001952 0.3606447 0.0845304 0.0476960 0.1050737 0.1792938 0.1817963 0.1750092 0.0846787 0.0995922 0.2124577 0.1924243 0.0674921 0.0977023 0.4345663 0.1854551 0.2026348 0.4363622 0.1907354 
Perityle_ajoensis_204                      0.3838336 0.2619237 0.3013456 0.3780881 0.1498931 0.1087431 0.4764883 0.1680898 0.4134170 0.2906024 0.1488091 0.0000000 0.0353994 0.0959628 0.1311199 0.1295166 0.4542324 0.1385410 0.1966679 0.0886934 0.0134154 0.1463644 0.1321476 0.1305714 0.0134870 0.2102519 0.1833993 0.5082100 0.1175905 0.5510181 0.1945814 0.1525946 0.0567182 0.1589466 0.2804202 0.0987505 0.1709183 0.0713912 0.0628378 0.0611461 0.2944217 0.0913525 0.2605269 0.1791541 0.0935863 0.0320273 0.0154795 0.4479329 0.1175927 0.1150291 0.1179243 0.2378227 0.1615726 0.1949670 0.1653172 0.1344653 0.0155588 0.0125027 0.2091868 0.1002351 0.4821184 0.0867746 0.0876022 0.2724885 0.2091572 0.1694672 0.2875268 0.0553720 0.0977841 0.1361655 0.1605142 0.0096065 0.0125430 0.0403580 0.0148086 0.2141132 0.1754650 0.1358695 0.1399139 0.4474835 0.0164335 0.1958007 0.4028639 0.1910515 
Perityle_ambrosiifolia_67_green            0.3543236 0.2571609 0.2450374 0.3424262 0.1147151 0.0979394 0.4478284 0.1650038 0.4036085 0.2138968 0.0892020 0.0353994 0.0000000 0.0922617 0.1291312 0.0801267 0.4218122 0.1327256 0.1657038 0.0820834 0.0438367 0.1381457 0.0794440 0.0880635 0.0365796 0.1139773 0.1372787 0.4843708 0.1084164 0.4267770 0.1271759 0.1410143 0.0621731 0.1468642 0.2518296 0.0570245 0.1349788 0.0687467 0.0272265 0.0301668 0.2641512 0.0528225 0.2046511 0.1411061 0.0870765 0.0354216 0.0355477 0.3614734 0.0759781 0.0733175 0.0801778 0.2036352 0.1368750 0.1588615 0.1624479 0.1286128 0.0354149 0.0353974 0.2114037 0.1058188 0.4683498 0.0864551 0.0533162 0.2173236 0.1126041 0.1582149 0.2154177 0.0551438 0.0940361 0.0809208 0.1512320 0.0342497 0.0342486 0.0365584 0.0453705 0.1577633 0.1446683 0.0894478 0.0852232 0.4643603 0.0400983 0.1389978 0.4082623 0.1518744 
Perityle_angustifolia_13_Eagle_creek       0.3566046 0.2777484 0.2177582 0.3244329 0.1504250 0.1136408 0.4087053 0.1844777 0.3807427 0.2241058 0.0481019 0.0959628 0.0922617 0.0000000 0.0859890 0.0358947 0.4104603 0.1638963 0.0557681 0.0256485 0.0990527 0.0976306 0.0330719 0.0529459 0.1008671 0.0835433 0.0911603 0.4732974 0.1248381 0.4040930 0.1340060 0.1731170 0.0103040 0.1724905 0.2911440 0.1008667 0.1388509 0.0098841 0.0877266 0.0939994 0.2954327 0.0923554 0.2012003 0.1390272 0.0227914 0.0976835 0.0998050 0.3777999 0.0449763 0.0435424 0.0537849 0.1191948 0.1613325 0.1391146 0.1034587 0.1005416 0.0977216 0.0960675 0.2274370 0.1289088 0.4645573 0.0868408 0.0957295 0.2220186 0.0854146 0.1582843 0.2073550 0.0929782 0.0300031 0.0345570 0.1685375 0.0976884 0.0976840 0.0938961 0.1052935 0.1562111 0.1464679 0.0463578 0.0301940 0.4658783 0.1024617 0.1512184 0.4306134 0.1433784 
Perityle_batopilensis_97                   0.4124021 0.3280823 0.2503284 0.3755767 0.1437114 0.1284496 0.4840342 0.2002274 0.4653176 0.2745927 0.0869546 0.1311199 0.1291312 0.0859890 0.0000000 0.0844373 0.5945937 0.1783108 0.1063516 0.0761060 0.1401784 0.1889291 0.0747335 0.0946484 0.1351905 0.1508372 0.1064580 0.5347710 0.1514049 0.5811388 0.2868795 0.1648638 0.0269509 0.1741321 0.2629334 0.1245819 0.1592342 0.0220849 0.1176447 0.1238455 0.2828010 0.1318024 0.2613697 0.1893018 0.0821295 0.1360962 0.1380051 0.4993306 0.0818888 0.0817492 0.0853495 0.1506565 0.2646607 0.1489352 0.1460110 0.1087573 0.1329906 0.1464851 0.2487942 0.1479584 0.4894317 0.1302619 0.1352876 0.2996228 0.1376768 0.3123076 0.2920778 0.1251075 0.0850504 0.0769061 0.1726065 0.1374507 0.1332073 0.1230343 0.1570857 0.1759456 0.1664441 0.0745511 0.0782665 0.4570317 0.1461502 0.1407718 0.4344985 0.1480365 
Perityle_bisetosa_9                        0.3887584 0.2688621 0.2575365 0.3553218 0.1493070 0.1045371 0.4714726 0.1708586 0.4425019 0.2870547 0.0597830 0.1295166 0.0801267 0.0358947 0.0844373 0.0000000 0.5773062 0.1556295 0.0590701 0.0379534 0.1420483 0.1229180 0.0550022 0.0503534 0.1356925 0.1541061 0.0861653 0.5266003 0.1218806 0.5950767 0.2364802 0.1649078 0.0326343 0.1740568 0.2625252 0.0777834 0.1469837 0.0072761 0.0770491 0.0770037 0.2819222 0.0891483 0.2346853 0.1722799 0.0381865 0.1328867 0.1331798 0.5299204 0.0360685 0.0374237 0.0340596 0.1509002 0.1997980 0.1441553 0.1060574 0.0933162 0.1283592 0.1406334 0.2231031 0.1186716 0.4864500 0.0956815 0.0948358 0.3047092 0.1540402 0.2782262 0.3160644 0.0758037 0.0318317 0.0569956 0.1714917 0.1359875 0.1305358 0.0827472 0.0883368 0.1502749 0.1468014 0.0451429 0.0376453 0.4463217 0.1410307 0.1461705 0.4212299 0.1417911 
Perityle_californica_76_positas            0.3318396 0.2632054 0.6331160 0.5789226 0.4874508 0.4074622 0.4425042 0.4335949 0.5561698 0.5980222 0.5708799 0.4542324 0.4218122 0.4104603 0.5945937 0.5773062 0.0000000 0.4900601 0.4747393 0.4588435 0.5108078 0.4440517 0.5769862 0.4669434 0.5047939 0.5727708 0.5736666 0.5969797 0.3791173 0.4052726 0.6575978 0.5198726 0.7275538 0.5219249 0.5401725 0.4504715 0.5003062 0.3264292 0.5192668 0.4231333 0.5732324 0.4975477 0.5342573 0.5498259 0.5287092 0.5361550 0.5458231 0.7685743 0.5257982 0.5345574 0.4666609 0.4868727 0.6603252 0.5138597 0.4109669 0.4224200 0.4588671 0.5718187 0.5040110 0.3504304 0.3847928 0.4018076 0.5050160 0.5646998 0.5515033 0.7196065 0.5673171 0.2969085 0.5509886 0.5733746 0.5031191 0.5455278 0.4734794 0.4745632 0.4452680 0.4921963 0.5416961 0.5742798 0.4575437 0.4225909 0.5624808 0.5638821 0.2606285 0.4554111 
Perityle_canescens_77                      0.4057113 0.3579967 0.1604433 0.3628139 0.1064210 0.1013194 0.4779050 0.1545828 0.4668863 0.2572739 0.1813376 0.1385410 0.1327256 0.1638963 0.1783108 0.1556295 0.4900601 0.0000000 0.2213359 0.1661099 0.1454317 0.2039103 0.1513684 0.1589243 0.1446631 0.2094136 0.1749791 0.6117521 0.1053611 0.5233110 0.1308134 0.1243718 0.0000010 0.1222858 0.0859157 0.1485106 0.0985358 0.0000010 0.1341767 0.1342902 0.0855072 0.1366068 0.1379245 0.0982729 0.1661894 0.1446700 0.1469095 0.1922914 0.1653145 0.1659225 0.1673688 0.2180785 0.1520966 0.1454081 0.1754206 0.1813602 0.1386143 0.1426050 0.1704128 0.0584214 0.5718603 0.1445594 0.1513893 0.2093135 0.2030216 0.1416923 0.2283369 0.0984913 0.1630486 0.1490570 0.1133428 0.1426927 0.1426845 0.1355597 0.1408335 0.1399170 0.1015049 0.1826789 0.1648745 0.5774171 0.1488886 0.1227679 0.4985819 0.1308726 
Perityle_castillonii_96                    0.3826656 0.2626211 0.3696275 0.3666721 0.1976092 0.1066455 0.4323620 0.2331057 0.3939763 0.3676214 0.0920474 0.1966679 0.1657038 0.0557681 0.1063516 0.0590701 0.4747393 0.2213359 0.0000000 0.0556446 0.1707269 0.0975801 0.0644393 0.0798765 0.2038267 0.1817847 0.1186245 0.4904764 0.1250304 0.5314579 0.2487793 0.2499604 0.0068258 0.2604209 0.3245301 0.1644663 0.2295022 0.0072761 0.1557060 0.1603649 0.3452071 0.1661421 0.3281014 0.2324833 0.0477146 0.2094620 0.2015562 0.5410815 0.0704801 0.0713271 0.0725757 0.2411691 0.2517918 0.1923334 0.1432189 0.1376385 0.1998794 0.2018982 0.3049321 0.1324914 0.4833539 0.0837463 0.1601907 0.3613762 0.1792002 0.2589479 0.3651076 0.0845102 0.0513101 0.0679580 0.2677488 0.2007838 0.1994605 0.1526964 0.1457988 0.2200837 0.2194417 0.0681391 0.0606264 0.4436373 0.2075875 0.2189972 0.4191212 0.1717725 
Perityle_cernua_84                         0.3731870 0.2775985 0.1965458 0.3183221 0.1301739 0.0991353 0.4335811 0.1884931 0.3908223 0.2216428 0.0458285 0.0886934 0.0820834 0.0256485 0.0761060 0.0379534 0.4588435 0.1661099 0.0556446 0.0000000 0.0882473 0.1046187 0.0330196 0.0496346 0.0961347 0.0843291 0.0849987 0.4722522 0.1060810 0.4174038 0.1567541 0.1653625 0.0000010 0.1691857 0.2818971 0.0847057 0.1288597 0.0072761 0.0819404 0.0843331 0.3002107 0.0831659 0.1967808 0.1307293 0.0255447 0.0933943 0.0952006 0.4507672 0.0393468 0.0370501 0.0427683 0.1119392 0.1602243 0.1373167 0.1015161 0.1049605 0.0884458 0.0933750 0.2226532 0.1187383 0.4575637 0.0745648 0.0873791 0.2548072 0.0859408 0.1941417 0.2373174 0.0715678 0.0358386 0.0355330 0.1672048 0.0933983 0.0899163 0.0850810 0.1027809 0.1495685 0.1419625 0.0393124 0.0288948 0.4358115 0.0960747 0.1351381 0.4024465 0.1347676 
Perityle_cfvillosa_25_tin                  0.4354855 0.2848608 0.2820752 0.4896170 0.2546106 0.1052883 0.6054446 0.1746620 0.5141171 0.4288569 0.2052391 0.0134154 0.0438367 0.0990527 0.1401784 0.1420483 0.5108078 0.1454317 0.1707269 0.0882473 0.0000000 0.1463098 0.2104311 0.1403833 0.0191448 0.3129964 0.2612529 0.6543872 0.1131726 0.7439501 0.3052746 0.1536438 0.0000010 0.1611357 0.2565121 0.1906172 0.2708050 0.0000010 0.1470389 0.0796932 0.2480150 0.1180093 0.2003554 0.2765922 0.0968826 0.0453060 0.0190545 0.4391886 0.1248065 0.1219786 0.1290007 0.2535801 0.1058205 0.2171613 0.1638249 0.1354872 0.0173731 0.0165102 0.2448872 0.1067245 0.5878047 0.0929390 0.1741155 0.3920457 0.3140170 0.1388738 0.4303653 0.0513241 0.0986568 0.2154975 0.1539058 0.0202168 0.0177683 0.0486317 0.0167668 0.2490344 0.2614649 0.1520418 0.1757693 0.5538535 0.0118635 0.2664726 0.5263262 0.2886961 
Perityle_cinerea_113_Powell1310            0.3949655 0.3281656 0.1617199 0.3335859 0.1860840 0.1425455 0.4276636 0.2195145 0.4005580 0.2183712 0.1305882 0.1463644 0.1381457 0.0976306 0.1889291 0.1229180 0.4440517 0.2039103 0.0975801 0.1046187 0.1463098 0.0000000 0.1083533 0.1242974 0.1499343 0.1280451 0.1777306 0.4826490 0.1200813 0.4574108 0.1335610 0.2186373 0.0000010 0.2101188 0.1653554 0.1406690 0.1796457 0.0000010 0.1346465 0.1385325 0.1571776 0.1123196 0.1572691 0.1796157 0.1045926 0.1465332 0.1463897 0.1610425 0.1499532 0.1276576 0.1412400 0.1634035 0.1346408 0.1953455 0.1856362 0.1292651 0.1504656 0.1428929 0.2167999 0.1994725 0.5018423 0.1247483 0.1233857 0.2164993 0.1249565 0.1419060 0.1936383 0.1845632 0.0940584 0.1085128 0.2101188 0.1463897 0.1424871 0.1344443 0.1463897 0.2070136 0.1955149 0.1189107 0.1011549 0.4644061 0.1502083 0.2101188 0.4656122 0.1834110 
Perityle_coahuilensis_24                   0.3759524 0.2656654 0.2690740 0.3703661 0.2836122 0.0957407 0.4538161 0.1765832 0.4311303 0.3689159 0.1022143 0.1321476 0.0794440 0.0330719 0.0747335 0.0550022 0.5769862 0.1513684 0.0644393 0.0330196 0.2104311 0.1083533 0.0000000 0.0586009 0.1631623 0.2053438 0.1225849 0.5282827 0.1062046 0.6803040 0.2960515 0.1569306 0.0147879 0.1666397 0.2659725 0.1792054 0.1669698 0.0145885 0.1067480 0.0835591 0.2793367 0.0790074 0.2434244 0.2070096 0.0347147 0.1333130 0.1874178 0.5520520 0.0474584 0.0415278 0.0499522 0.1944421 0.2307679 0.1477203 0.0976581 0.0957842 0.1621825 0.1921268 0.2120454 0.1120001 0.4575430 0.0625699 0.1412151 0.3330678 0.1915474 0.3055822 0.3787022 0.0675695 0.0356368 0.0047722 0.1619191 0.2241355 0.1605308 0.0839059 0.0829672 0.1649943 0.2234358 0.0362605 0.0455337 0.4230735 0.2189045 0.1486393 0.4196240 0.1434967 
Perityle_cochisensis_44_cave_creek         0.4021104 0.2772743 0.1998020 0.4264671 0.1656482 0.1056380 0.5229604 0.1806915 0.4619336 0.3502462 0.0814135 0.1305714 0.0880635 0.0529459 0.0946484 0.0503534 0.4669434 0.1589243 0.0798765 0.0496346 0.1403833 0.1242974 0.0586009 0.0000000 0.1351515 0.1836474 0.1118971 0.5607551 0.1128146 0.6272329 0.1725615 0.1650772 0.0000010 0.1781604 0.2569599 0.1053732 0.1601118 0.0000010 0.0871464 0.0917751 0.2554769 0.0920494 0.2236081 0.1616556 0.0559016 0.1333942 0.1355515 0.4876276 0.0527502 0.0388941 0.0449022 0.1639068 0.1470825 0.1550187 0.1124784 0.1079583 0.1336232 0.1347311 0.2408668 0.1095784 0.5398980 0.0718227 0.1112723 0.3301606 0.1857149 0.1407230 0.3572605 0.0725207 0.0523110 0.0623720 0.1743849 0.1333901 0.1343654 0.0766786 0.0887915 0.1595013 0.1509149 0.0628196 0.0659966 0.4919912 0.1394965 0.1823183 0.4651793 0.1668254 
Perityle_congesta_202                      0.3867516 0.2616198 0.3245855 0.3820026 0.1795327 0.1159307 0.4769907 0.1707875 0.4319230 0.2973476 0.1772460 0.0134870 0.0365796 0.1008671 0.1351905 0.1356925 0.5047939 0.1446631 0.2038267 0.0961347 0.0191448 0.1499343 0.1631623 0.1351515 0.0000000 0.2352765 0.2047201 0.5126296 0.1176695 0.5609853 0.2348611 0.1508808 0.0886027 0.1573179 0.3061126 0.1267252 0.1979612 0.0674818 0.0810049 0.0633482 0.3182789 0.1008985 0.2621995 0.2028816 0.1012499 0.0284960 0.0088480 0.4733787 0.1231176 0.1239752 0.1214402 0.2648884 0.1693746 0.2001199 0.1693242 0.1396118 0.0121249 0.0123685 0.2059862 0.1035862 0.4649723 0.0897112 0.1073613 0.2786349 0.2358451 0.1992318 0.3013828 0.0636909 0.1088563 0.1669110 0.1571147 0.0079336 0.0082209 0.0424021 0.0092209 0.2376954 0.2002277 0.1406900 0.1599502 0.4379013 0.0150723 0.2107435 0.4061238 0.2148715 
Perityle_cordifolia_27                     0.3694241 0.2643607 0.3831924 0.3851612 0.3107520 0.1125182 0.4906104 0.1969584 0.4328654 0.4143572 0.2162547 0.2102519 0.1139773 0.0835433 0.1508372 0.1541061 0.5727708 0.2094136 0.1817847 0.0843291 0.3129964 0.1280451 0.2053438 0.1836474 0.2352765 0.0000000 0.2467704 0.5538284 0.1185684 0.6889730 0.4257697 0.2087625 0.1283302 0.2219131 0.3942665 0.2500541 0.2763118 0.0146400 0.2323711 0.1968481 0.4055510 0.2246277 0.2938822 0.3019539 0.0842228 0.1879642 0.2551306 0.5980822 0.1472008 0.1430815 0.1569079 0.2925432 0.3519966 0.2170347 0.1485704 0.0977151 0.2443367 0.2483441 0.2039169 0.1142483 0.4402644 0.0725652 0.2464030 0.3773152 0.0068558 0.4016141 0.3560324 0.0885893 0.1125537 0.2047266 0.1887936 0.2600833 0.2363934 0.1846134 0.1275483 0.2912045 0.3171902 0.1626540 0.1656056 0.4386724 0.2638499 0.2305942 0.3898609 0.2367892 
Perityle_cordifolia_68_tecolote            0.4171575 0.2830572 0.2910080 0.4069244 0.2714180 0.1225554 0.4874172 0.1857586 0.4514016 0.3771160 0.1292954 0.1833993 0.1372787 0.0911603 0.1064580 0.0861653 0.5736666 0.1749791 0.1186245 0.0849987 0.2612529 0.1777306 0.1225849 0.1118971 0.2047201 0.2467704 0.0000000 0.5482890 0.1183110 0.6756258 0.2759861 0.1792996 0.0269092 0.1940127 0.2688915 0.1667584 0.1663419 0.0295598 0.1401147 0.1339329 0.2890798 0.1359377 0.2577058 0.1921338 0.0799821 0.1794525 0.2282479 0.5768269 0.0842391 0.0881151 0.0916343 0.2492513 0.2744380 0.1598078 0.0146301 0.1395430 0.2088534 0.2298583 0.2516258 0.1399531 0.4972799 0.1250157 0.1669813 0.3848799 0.2398710 0.3195254 0.3878568 0.1068503 0.0829607 0.1258327 0.1881128 0.2683740 0.2076036 0.1339978 0.1647721 0.1882087 0.1980617 0.0814352 0.0830941 0.4345543 0.2550390 0.1623396 0.4415122 0.1520074 
Perityle_coronopifolia_28_patagonia        0.4395995 0.3079565 0.3852809 0.5172796 0.5345619 0.4661594 0.4140414 0.5412964 0.5031469 0.5517787 0.5525746 0.5082100 0.4843708 0.4732974 0.5347710 0.5266003 0.5969797 0.6117521 0.4904764 0.4722522 0.6543872 0.4826490 0.5282827 0.5607551 0.5126296 0.5538284 0.5482890 0.0000000 0.4168840 0.4219699 0.5601511 0.5857282 0.3444047 0.5681711 0.6564752 0.5049414 0.4735244 0.1321253 0.5209075 0.5181442 0.6501972 0.6300936 0.6795142 0.4871130 0.4752595 0.5115466 0.5506888 0.8295578 0.5163265 0.5286195 0.4737523 0.5547212 0.4729448 0.5009540 0.4789252 0.5163255 0.5363077 0.5316158 0.4150817 0.4173956 0.3449950 0.4793711 0.5042007 0.5347170 0.5553770 0.7154631 0.5384713 0.3553061 0.4642494 0.5289658 0.5407546 0.5436249 0.5149425 0.4847228 0.5512893 0.6194178 0.5596541 0.5056092 0.4939819 0.0257935 0.5486627 0.5180128 0.3037981 0.4186670 
Perityle_crassifolia_74_playa_balandra     0.3178335 0.2957272 0.0997817 0.2298010 0.1090720 0.1043738 0.3707902 0.1374508 0.3523014 0.0976120 0.1310855 0.1175905 0.1084164 0.1248381 0.1514049 0.1218806 0.3791173 0.1053611 0.1250304 0.1060810 0.1131726 0.1200813 0.1062046 0.1128146 0.1176695 0.1185684 0.1183110 0.4168840 0.0000000 0.3773709 0.0602748 0.1093480 0.0000010 0.1002730 0.0963955 0.1084557 0.0832592 0.0000010 0.1040164 0.1085817 0.0830867 0.1154600 0.0964459 0.0922285 0.1292514 0.1177540 0.1132487 0.0873680 0.1223072 0.1040932 0.1219857 0.1575223 0.1220877 0.1101432 0.1139680 0.1127797 0.1134577 0.1134045 0.1197844 0.1004259 0.4103990 0.1295171 0.1155888 0.1194854 0.1147509 0.1009083 0.0950807 0.0955278 0.1200525 0.1062046 0.1002730 0.1132487 0.1132487 0.1085547 0.1132487 0.1282262 0.0925506 0.1199431 0.1153520 0.4101702 0.1177540 0.1002730 0.3974375 0.0993147 
Perityle_cuneata_34_cuneata_San_antonio    0.3637819 0.2759166 0.5999532 0.5425787 0.6732426 0.4204002 0.3404663 0.4432870 0.4596193 0.6083132 0.6582732 0.5510181 0.4267770 0.4040930 0.5811388 0.5950767 0.4052726 0.5233110 0.5314579 0.4174038 0.7439501 0.4574108 0.6803040 0.6272329 0.5609853 0.6889730 0.6756258 0.4219699 0.3773709 0.0000000 0.7846732 0.5765151 0.5325907 0.5832212 0.6767053 0.5928292 0.5054163 0.1222785 0.6085449 0.5596108 0.6433111 0.6679729 0.5641289 0.5405699 0.4411847 0.5630753 0.6195870 0.8691830 0.5515732 0.5560271 0.5316658 0.6710285 0.5748375 0.5293662 0.4184219 0.4109439 0.5821711 0.6296061 0.4222999 0.3370652 0.3088302 0.4181359 0.6002131 0.6903892 0.6408905 0.7324449 0.6462869 0.2880332 0.4738488 0.6684059 0.5091116 0.6328665 0.5596533 0.4970446 0.4357017 0.6529145 0.5654881 0.6204497 0.5611283 0.3419208 0.6422457 0.6197189 0.1200796 0.4849041 
Perityle_cuneata_4                         0.3691685 0.2943933 0.3559868 0.4157709 0.2808711 0.1014879 0.5327583 0.1486231 0.4486213 0.3919455 0.3216798 0.1945814 0.1271759 0.1340060 0.2868795 0.2364802 0.6575978 0.1308134 0.2487793 0.1567541 0.3052746 0.1335610 0.2960515 0.1725615 0.2348611 0.4257697 0.2759861 0.5601511 0.0602748 0.7846732 0.0000000 0.0994647 0.5117308 0.1098670 0.2664206 0.2189551 0.1861672 0.1508261 0.1696474 0.1408014 0.2872408 0.1421688 0.2662625 0.2123449 0.2076540 0.2278365 0.2783948 0.5591336 0.1996496 0.2086232 0.1572268 0.3700783 0.2366835 0.2106267 0.1593301 0.1516539 0.2171869 0.3030101 0.1608226 0.1047198 0.4731516 0.1181287 0.1723680 0.3397637 0.3777626 0.2342288 0.3471575 0.0846043 0.2778268 0.2796244 0.0967256 0.2941921 0.2249718 0.1536128 0.1271990 0.1962118 0.2715094 0.2407374 0.1536743 0.3802926 0.3087991 0.1689973 0.4378240 0.1781594 
Perityle_discoidea_81                      0.4932328 0.3269028 0.2080801 0.4301221 0.1118387 0.1085751 0.5631461 0.1662820 0.4988460 0.2580271 0.1715721 0.1525946 0.1410143 0.1731170 0.1648638 0.1649078 0.5198726 0.1243718 0.2499604 0.1653625 0.1536438 0.2186373 0.1569306 0.1650772 0.1508808 0.2087625 0.1792996 0.5857282 0.1093480 0.5765151 0.0994647 0.0000000 0.0000010 0.0184509 0.1390243 0.1519114 0.1369982 0.0000010 0.1416834 0.1418376 0.1352278 0.1371817 0.1913070 0.1501238 0.1702076 0.1526128 0.1527578 0.2791286 0.1708224 0.1598041 0.1686040 0.2713511 0.1566576 0.1886363 0.1917508 0.1857041 0.1458369 0.1491619 0.2205667 0.1058361 0.5866706 0.1605161 0.1555916 0.2823109 0.2071279 0.1358566 0.2601469 0.0978583 0.1774992 0.1568082 0.0086307 0.1492395 0.1492324 0.1430298 0.1584121 0.1574406 0.1489930 0.1605363 0.1606988 0.5359586 0.1599186 0.0144560 0.5251821 0.1678758 
Perityle_dissecta_201                      0.1173900 0.1343503 0.4491760 0.1515288 0.0972596 0.0000010 0.2850019 0.0000010 0.3067487 0.0641524 0.0149885 0.0567182 0.0621731 0.0103040 0.0269509 0.0326343 0.7275538 0.0000010 0.0068258 0.0000010 0.0000010 0.0000010 0.0147879 0.0000010 0.0886027 0.1283302 0.0269092 0.3444047 0.0000010 0.5325907 0.5117308 0.0000010 0.0000000 0.0000010 0.9157453 0.0278742 0.1140855 0.0075011 0.0835403 0.0629711 0.8414244 0.2863211 0.8587845 0.2051022 0.0121303 0.0953483 0.0957355 0.8924033 0.0046713 0.0176561 0.0072045 0.0000010 0.4932040 0.1107247 0.0230557 0.0000010 0.0612927 0.1327827 0.1455480 0.0000010 0.1970151 0.0000010 0.0802540 0.1342279 0.0780751 0.7587058 0.0785522 0.0000010 0.0213100 0.0147879 0.0000010 0.1004601 0.0661738 0.0886232 0.0000010 0.0541235 0.1043385 0.0063551 0.0000010 0.1713885 0.1135759 0.0550155 0.2435618 0.0934953 
Perityle_emoryi_47_punta_san_jose          0.5049975 0.3372288 0.2470630 0.4390843 0.1153220 0.0979423 0.5588465 0.1660598 0.5027851 0.2554219 0.1829855 0.1589466 0.1468642 0.1724905 0.1741321 0.1740568 0.5219249 0.1222858 0.2604209 0.1691857 0.1611357 0.2101188 0.1666397 0.1781604 0.1573179 0.2219131 0.1940127 0.5681711 0.1002730 0.5832212 0.1098670 0.0184509 0.0000010 0.0000000 0.1697473 0.1553425 0.1340730 0.0000010 0.1451755 0.1436703 0.1714118 0.1456834 0.1933716 0.1462402 0.1742836 0.1589641 0.1591075 0.3090490 0.1781472 0.1691141 0.1754023 0.2865097 0.1929674 0.1976576 0.2022150 0.1872991 0.1541231 0.1572225 0.2262952 0.0961751 0.5903649 0.1570347 0.1615952 0.2840147 0.2161106 0.1450858 0.2580937 0.0934795 0.1792146 0.1665154 0.0135244 0.1557606 0.1557535 0.1499778 0.1584868 0.1689491 0.1544152 0.1698505 0.1701947 0.5247971 0.1659179 0.0036752 0.5180460 0.1854748 
Perityle_feddemae_99                       0.4521531 0.3773306 0.3697907 0.4366915 0.3068076 0.0828577 0.5105362 0.1313599 0.5112926 0.4746164 0.3131237 0.2804202 0.2518296 0.2911440 0.2629334 0.2625252 0.5401725 0.0859157 0.3245301 0.2818971 0.2565121 0.1653554 0.2659725 0.2569599 0.3061126 0.3942665 0.2688915 0.6564752 0.0963955 0.6767053 0.2664206 0.1390243 0.9157453 0.1697473 0.0000000 0.2708475 0.1737865 0.9519510 0.2287524 0.2360062 0.0294708 0.2029411 0.0999838 0.1775474 0.2959028 0.2857952 0.3302732 0.2537880 0.2599143 0.2661071 0.2720516 0.4227901 0.2744180 0.2283661 0.2787024 0.1805099 0.3074880 0.3288946 0.2748216 0.0900049 0.6200907 0.1505780 0.2421060 0.3977262 0.3948655 0.2435435 0.4434944 0.0845930 0.2990160 0.2707881 0.2131017 0.3539810 0.3053184 0.2341224 0.1429232 0.2447003 0.1620401 0.2698347 0.2475408 0.6019447 0.3549597 0.2477230 0.5566744 0.2462646 
Perityle_fosteri_93                        0.3567938 0.2612437 0.2590993 0.3631414 0.3146596 0.1012303 0.4286540 0.1657516 0.3570667 0.4355435 0.1539287 0.0987505 0.0570245 0.1008667 0.1245819 0.0777834 0.4504715 0.1485106 0.1644663 0.0847057 0.1906172 0.1406690 0.1792054 0.1053732 0.1267252 0.2500541 0.1667584 0.5049414 0.1084557 0.5928292 0.2189551 0.1519114 0.0278742 0.1553425 0.2708475 0.0000000 0.1894781 0.0442932 0.0622528 0.0484115 0.2696459 0.0502067 0.2741524 0.2175562 0.0961681 0.0950016 0.1499859 0.5088491 0.0774483 0.0860490 0.0793543 0.2947975 0.1220064 0.1794057 0.1732985 0.1310140 0.1238599 0.1494555 0.1856749 0.1068245 0.4550556 0.0892326 0.0888381 0.3121873 0.2432311 0.1796756 0.3336637 0.0117884 0.0947787 0.1828202 0.1577135 0.1959782 0.1229710 0.0411428 0.0575455 0.1679307 0.2857810 0.0827480 0.0819159 0.4236385 0.1753976 0.1395098 0.3887694 0.1603172 
Perityle_gamon_221                         0.3353534 0.3161662 0.3246571 0.2863851 0.2105886 0.0762710 0.3784117 0.1178381 0.3689322 0.2859606 0.1933530 0.1709183 0.1349788 0.1388509 0.1592342 0.1469837 0.5003062 0.0985358 0.2295022 0.1288597 0.2708050 0.1796457 0.1669698 0.1601118 0.1979612 0.2763118 0.1663419 0.4735244 0.0832592 0.5054163 0.1861672 0.1369982 0.1140855 0.1340730 0.1737865 0.1894781 0.0000000 0.1022195 0.1447990 0.1436954 0.1955777 0.1525170 0.1540083 0.0325287 0.1369424 0.1714771 0.2188634 0.3560392 0.1380104 0.1425034 0.1440810 0.3229333 0.2482666 0.1355851 0.1591653 0.1542533 0.1984854 0.2215318 0.1293251 0.0837622 0.4151423 0.1326058 0.1640572 0.2235596 0.2475388 0.2427449 0.2403496 0.0898147 0.1432539 0.1695780 0.1405072 0.2302540 0.1959646 0.1431322 0.1387000 0.1766471 0.1580434 0.1431541 0.1408072 0.4070197 0.2381619 0.1497835 0.3703966 0.1426600 
Perityle_gentryi_8_san_francisco           0.1173900 0.1343503 0.1612591 0.1441522 0.1104927 0.0000010 0.1223654 0.0000010 0.1014474 0.0601507 0.0220490 0.0713912 0.0687467 0.0098841 0.0220849 0.0072761 0.3264292 0.0000010 0.0072761 0.0072761 0.0000010 0.0000010 0.0145885 0.0000010 0.0674818 0.0146400 0.0295598 0.1321253 0.0000010 0.1222785 0.1508261 0.0000010 0.0075011 0.0000010 0.9519510 0.0442932 0.1022195 0.0000000 0.0674818 0.0706659 0.9263018 0.2055891 0.9102560 0.0937895 0.0072761 0.0674818 0.0674818 0.9563084 0.0220738 0.0220932 0.0146161 0.0119578 0.1961045 0.1172426 0.0210530 0.0000010 0.0678051 0.0753281 0.1527525 0.0000010 0.1421766 0.0000010 0.0674818 0.1177401 0.0146400 0.4219636 0.0920570 0.0000010 0.0146161 0.0145885 0.0000010 0.0674818 0.0674818 0.0751757 0.0000010 0.0503704 0.1102093 0.0072761 0.0072761 0.1321253 0.0753281 0.0371677 0.1222785 0.0840958 
Perityle_gilensis_22_Superstition          0.3677678 0.2617942 0.2663615 0.3790527 0.1841992 0.1012961 0.4759808 0.1652803 0.4325187 0.3398271 0.1394846 0.0628378 0.0272265 0.0877266 0.1176447 0.0770491 0.5192668 0.1341767 0.1557060 0.0819404 0.1470389 0.1346465 0.1067480 0.0871464 0.0810049 0.2323711 0.1401147 0.5209075 0.1040164 0.6085449 0.1696474 0.1416834 0.0835403 0.1451755 0.2287524 0.0622528 0.1447990 0.0674818 0.0000000 0.0105712 0.2511990 0.0391441 0.2507541 0.1513486 0.0885757 0.0547956 0.1044994 0.4938277 0.0638668 0.0768120 0.0692904 0.2728156 0.1329966 0.1618220 0.1628818 0.1222453 0.0884639 0.1042323 0.2023212 0.0970647 0.4568308 0.0776939 0.0355631 0.3128567 0.2328757 0.2015734 0.3401558 0.0471174 0.0963759 0.1098054 0.1536446 0.1320607 0.0810701 0.0223549 0.0242875 0.1601329 0.1549028 0.0815117 0.0709577 0.4374756 0.1328703 0.1349913 0.4201023 0.1522130 
Perityle_gilensis_salensis_225             0.3679663 0.2659920 0.2380989 0.3934357 0.1240127 0.0980557 0.4795482 0.1653944 0.4122226 0.2955007 0.1092640 0.0611461 0.0301668 0.0939994 0.1238455 0.0770037 0.4231333 0.1342902 0.1603649 0.0843331 0.0796932 0.1385325 0.0835591 0.0917751 0.0633482 0.1968481 0.1339329 0.5181442 0.1085817 0.5596108 0.1408014 0.1418376 0.0629711 0.1436703 0.2360062 0.0484115 0.1436954 0.0706659 0.0105712 0.0000000 0.2429615 0.0426338 0.2471264 0.1447013 0.0910795 0.0631569 0.0634747 0.4352034 0.0664133 0.0769509 0.0763227 0.2296697 0.1139965 0.1751832 0.1669718 0.1247173 0.0654198 0.0588178 0.2141712 0.0971491 0.4910362 0.0837724 0.0404748 0.2763363 0.1957224 0.1360954 0.2974893 0.0472167 0.0952991 0.0872920 0.1520604 0.0610375 0.0603147 0.0267765 0.0224126 0.1563937 0.1409613 0.0841784 0.0816437 0.4638397 0.0644218 0.1443499 0.4209273 0.1616378 
Perityle_glaucescens_94                    0.4507550 0.3737313 0.3816692 0.4496469 0.2864898 0.0827828 0.5474586 0.1205184 0.5228831 0.4597995 0.3355043 0.2944217 0.2641512 0.2954327 0.2828010 0.2819222 0.5732324 0.0855072 0.3452071 0.3002107 0.2480150 0.1571776 0.2793367 0.2554769 0.3182789 0.4055510 0.2890798 0.6501972 0.0830867 0.6433111 0.2872408 0.1352278 0.8414244 0.1714118 0.0294708 0.2696459 0.1955777 0.9263018 0.2511990 0.2429615 0.0000000 0.2056777 0.0864709 0.1965300 0.3146413 0.2975717 0.3362850 0.1956088 0.2775502 0.2859435 0.2895582 0.4117496 0.2848695 0.2510201 0.2804313 0.1719714 0.3137845 0.3371194 0.2824710 0.0933813 0.6323068 0.1439262 0.2622542 0.3667944 0.4088973 0.2949558 0.4379233 0.0893539 0.3181115 0.2826426 0.2109384 0.3410317 0.3157045 0.2520934 0.1405029 0.2422229 0.1796895 0.2912125 0.2680246 0.6003628 0.3435778 0.2713628 0.5330478 0.2680282 
Perityle_gracilis_11                       0.4230144 0.2798320 0.2215302 0.4256519 0.1302351 0.1063282 0.5672082 0.1612935 0.4812449 0.3492418 0.1396689 0.0913525 0.0528225 0.0923554 0.1318024 0.0891483 0.4975477 0.1366068 0.1661421 0.0831659 0.1180093 0.1123196 0.0790074 0.0920494 0.1008985 0.2246277 0.1359377 0.6300936 0.1154600 0.6679729 0.1421688 0.1371817 0.2863211 0.1456834 0.2029411 0.0502067 0.1525170 0.2055891 0.0391441 0.0426338 0.2056777 0.0000000 0.2271743 0.1632393 0.0922821 0.0825679 0.1011189 0.4163368 0.0861438 0.0840685 0.0832398 0.2452572 0.0995126 0.1775094 0.1738099 0.1287221 0.0960527 0.0991980 0.2152679 0.0994023 0.5634934 0.0654556 0.0500634 0.2993844 0.2234089 0.1242392 0.3387448 0.0635596 0.0932643 0.0817144 0.1491601 0.0993629 0.0977423 0.0367640 0.0457940 0.1535678 0.1511962 0.0792235 0.0784994 0.5520924 0.1033166 0.1487536 0.4865326 0.1665588 
Perityle_harkerae_31                       0.4791519 0.3659442 0.3570551 0.4233193 0.2167668 0.0938568 0.5428699 0.1259043 0.5271085 0.3744020 0.2550990 0.2605269 0.2046511 0.2012003 0.2613697 0.2346853 0.5342573 0.1379245 0.3281014 0.1967808 0.2003554 0.1572691 0.2434244 0.2236081 0.2621995 0.2938822 0.2577058 0.6795142 0.0964459 0.5641289 0.2662625 0.1913070 0.8587845 0.1933716 0.0999838 0.2741524 0.1540083 0.9102560 0.2507541 0.2471264 0.0864709 0.2271743 0.0000000 0.1615854 0.2034439 0.2622044 0.2623444 0.2028716 0.2494912 0.2417518 0.2536838 0.3388341 0.2812137 0.2195997 0.1874929 0.1805103 0.2563577 0.2620058 0.2235547 0.1000279 0.6204922 0.1404899 0.2684348 0.3025224 0.2949069 0.2645498 0.3551954 0.0938346 0.2039127 0.2432171 0.1634374 0.2602806 0.2580335 0.2521728 0.1403993 0.2354268 0.1690126 0.2613135 0.2404828 0.6024864 0.2629098 0.2501093 0.5114636 0.1929929 
Perityle_hofmeisteria_4_nombre_de_dios     0.3443609 0.3216441 0.3562196 0.2841772 0.2306333 0.0834774 0.3822683 0.1180375 0.3712259 0.2843599 0.2216133 0.1791541 0.1411061 0.1390272 0.1893018 0.1722799 0.5498259 0.0982729 0.2324833 0.1307293 0.2765922 0.1796157 0.2070096 0.1616556 0.2028816 0.3019539 0.1921338 0.4871130 0.0922285 0.5405699 0.2123449 0.1501238 0.2051022 0.1462402 0.1775474 0.2175562 0.0325287 0.0937895 0.1513486 0.1447013 0.1965300 0.1632393 0.1615854 0.0000000 0.1561868 0.1928220 0.2338818 0.3738075 0.1451687 0.1600888 0.1437362 0.3402974 0.2855035 0.1322669 0.1574814 0.1599176 0.2051059 0.2441331 0.1341097 0.0871695 0.4179943 0.1360808 0.1693620 0.2287756 0.2728458 0.2873289 0.2467869 0.0987479 0.1732633 0.2063369 0.1521099 0.2525374 0.1993965 0.1455861 0.1414152 0.1763314 0.1685794 0.1700833 0.1433562 0.4017256 0.2603036 0.1746249 0.3756807 0.1383872 
Perityle_huecosensis_48                    0.3672559 0.2738128 0.2568947 0.3068061 0.1425894 0.1134174 0.4309505 0.1843996 0.4180372 0.2019859 0.0443913 0.0935863 0.0870765 0.0227914 0.0821295 0.0381865 0.5287092 0.1661894 0.0477146 0.0255447 0.0968826 0.1045926 0.0347147 0.0559016 0.1012499 0.0842228 0.0799821 0.4752595 0.1292514 0.4411847 0.2076540 0.1702076 0.0121303 0.1742836 0.2959028 0.0961681 0.1369424 0.0072761 0.0885757 0.0910795 0.3146413 0.0922821 0.2034439 0.1561868 0.0000000 0.0983776 0.1002438 0.4531973 0.0411580 0.0417076 0.0492433 0.1153108 0.2015535 0.1338557 0.1108866 0.1002108 0.0933927 0.1018146 0.2210801 0.1286081 0.4454955 0.0896846 0.0950814 0.2227819 0.0857330 0.2577848 0.2132914 0.0929573 0.0331597 0.0359114 0.1682463 0.0997158 0.0947753 0.0926096 0.1072595 0.1617125 0.1423443 0.0383083 0.0277864 0.4371777 0.1071893 0.1347899 0.4162350 0.1350281 
