85
Amauria_brandeegeana_62                    0.0000000 0.0731453 0.2274359 0.5215529 0.2298206 0.0896630 0.3760456 0.2526549 0.5433929 0.3280189 0.3076106 0.3537024 0.3416922 0.3882054 0.1912661 0.3313803 0.3330513 0.1458363 0.2738608 0.3354587 0.3181001 0.3494752 0.3270759 0.3279003 0.3417639 0.3285028 0.3179594 0.3336396 0.3135073 0.1537133 0.2664981 0.2910199 0.3130473 0.3156488 0.3477094 0.2793423 0.3321833 0.2689602 0.3025964 0.4327481 0.4323862 0.2794148 0.3463477 0.2620016 0.2930275 0.3500204 0.3466988 0.3352049 0.2803027 0.3946203 0.2391686 0.3372080 0.3309830 0.0899057 0.3229648 0.2087227 0.1042044 0.3405638 0.3360157 0.2529880 0.0791165 0.4102271 0.1057241 0.2369634 0.2901736 0.3288206 0.3501760 0.3691126 0.0664004 0.3402627 0.3274277 0.3120176 0.3482661 0.3473956 0.3277276 0.0986976 0.2490473 0.3881738 0.3419409 0.3422417 0.1147009 0.3533758 0.3503565 0.1558034 0.1119248 
Amauria_carterae_99_mesa                   0.0731453 0.0000000 0.0499683 0.2606749 0.0668744 0.0555734 0.1570719 0.2340137 0.3285089 0.0798188 0.0831046 0.0874917 0.0771068 0.1406937 0.0718759 0.0799181 0.0744834 0.0745724 0.0908350 0.0771304 0.0770956 0.0825010 0.0772824 0.0854357 0.0771068 0.0782428 0.1390277 0.0801669 0.0799118 0.0886030 0.0894407 0.0849743 0.0824613 0.0698231 0.0784691 0.0843271 0.0823480 0.0989073 0.0800754 0.1562655 0.1532656 0.0864253 0.0877829 0.0791601 0.0857936 0.0900614 0.0877258 0.0797668 0.0914200 0.1532587 0.0797565 0.0772108 0.0808153 0.0748069 0.1073249 0.1037277 0.0851640 0.0850756 0.0850282 0.1005749 0.0772073 0.1444902 0.0938128 0.0772789 0.0920173 0.0783490 0.1029127 0.0857774 0.0704683 0.0746638 0.0800457 0.0852848 0.0824022 0.0827534 0.0901610 0.0956760 0.0697614 0.0862806 0.0777972 0.0907958 0.0865091 0.0877520 0.0900885 0.0830392 0.0776280 
Amauria_rotundifolia_SRR9119150            0.2274359 0.0499683 0.0000000 0.5970766 0.1774057 0.0577923 0.5047992 0.2460930 0.6505492 0.3937865 0.2553636 0.4723889 0.3520598 0.5114351 0.2057688 0.3211140 0.4089079 0.1259105 0.2622954 0.3442612 0.3245177 0.4548376 0.4762852 0.3006341 0.4710960 0.4551316 0.3036342 0.3418785 0.3134134 0.1394344 0.2126907 0.2567162 0.2981264 0.4260443 0.4455893 0.2564462 0.2971927 0.2220670 0.2789437 0.5734907 0.5117684 0.2603154 0.3822900 0.2577972 0.2562647 0.4362382 0.4552976 0.4574879 0.2558088 0.4821907 0.4423131 0.4046526 0.4338144 0.1061962 0.2744834 0.1799919 0.0901610 0.3744281 0.3961823 0.1954553 0.0620312 0.3714531 0.0907534 0.2059604 0.2511143 0.4566481 0.3769410 0.4473219 0.0556351 0.3748090 0.5030626 0.4157855 0.4117216 0.3925255 0.3757380 0.0869492 0.2386954 0.5093205 0.4565965 0.4178205 0.0912795 0.4625077 0.4342597 0.1448912 0.1136943 
Conoclinium_coelestinum_SRR9119114         0.5215529 0.2606749 0.5970766 0.0000000 0.4911146 0.2260481 0.4368406 0.3147756 0.4316689 0.4043449 0.5772123 0.5567956 0.5089095 0.5987040 0.3215886 0.4522806 0.5424918 0.3862470 0.4672504 0.4875567 0.5137070 0.5603698 0.5636153 0.4905696 0.5722915 0.5551239 0.5844807 0.4964027 0.4136883 0.3306912 0.5427488 0.5563919 0.4882746 0.5446390 0.4129638 0.5575804 0.4952862 0.5637592 0.4354175 0.6436375 0.6403829 0.5397039 0.5410239 0.5480972 0.5756176 0.5586337 0.5672487 0.5588609 0.5273302 0.5883657 0.4937286 0.5630589 0.5464546 0.2509365 0.4646067 0.3274370 0.2822332 0.5567075 0.5562387 0.3550858 0.1813980 0.6018659 0.2391857 0.3797524 0.5440707 0.5533416 0.5303843 0.6429848 0.1880083 0.5362412 0.5694494 0.4242453 0.5375366 0.5435192 0.5430686 0.2334824 0.4977067 0.6887382 0.5569370 0.5547061 0.2799457 0.5596093 0.4093239 0.3608700 0.2674702 
Eutetras_palmeri_63                        0.2298206 0.0668744 0.1774057 0.4911146 0.0000000 0.0259559 0.4031672 0.2313228 0.5564428 0.1947880 0.0473192 0.1951604 0.1736030 0.3210283 0.1695284 0.1512848 0.1689386 0.0413341 0.0818872 0.1580058 0.1797697 0.1902209 0.1869023 0.1686550 0.1898399 0.1809312 0.2021353 0.1698399 0.1727120 0.1022595 0.0489806 0.0487490 0.1250983 0.1868301 0.2299457 0.0874090 0.1676672 0.0968496 0.1192551 0.3062738 0.3041357 0.0843900 0.1880923 0.0757595 0.0772955 0.1827259 0.1900165 0.1898595 0.0897798 0.3204433 0.2023778 0.1810750 0.1783968 0.0586093 0.1094802 0.0948798 0.0785483 0.1854371 0.1818667 0.0988476 0.0466700 0.2032405 0.0708313 0.0717891 0.1046296 0.1844961 0.1892436 0.2126346 0.0431068 0.1817266 0.1886384 0.2817189 0.1918193 0.1886746 0.2040764 0.0716177 0.0681965 0.2615665 0.1906585 0.1936063 0.0708617 0.1934717 0.1605948 0.0795616 0.0657628 
Eutetras_pringlei_149_quer                 0.0896630 0.0555734 0.0577923 0.2260481 0.0259559 0.0000000 0.2226308 0.1504023 0.2303434 0.1104078 0.0423033 0.1102913 0.0980184 0.0953769 0.1010438 0.1137075 0.1039615 0.0370658 0.0441601 0.1069191 0.1008347 0.0983890 0.0980514 0.1074222 0.0951935 0.0988636 0.0474885 0.0957405 0.1016280 0.1022164 0.0288073 0.0365931 0.1104078 0.0923111 0.1110677 0.0478584 0.1009865 0.0503075 0.1105366 0.0980514 0.0952685 0.0505888 0.1011574 0.0425236 0.0448904 0.1097803 0.0981466 0.0980335 0.0556993 0.0951470 0.1009729 0.0980305 0.0988636 0.0346839 0.0840894 0.0388034 0.0402871 0.1011096 0.1038236 0.0630806 0.0450986 0.1234957 0.0424856 0.0398592 0.0672169 0.0988636 0.0997539 0.0817026 0.0398213 0.1043603 0.0981845 0.1137074 0.1010081 0.0952363 0.0983146 0.0367239 0.0263701 0.0700001 0.0981062 0.1071480 0.0579567 0.0981955 0.1015919 0.0694716 0.0425044 
Eutrochium_fistulosum_SRR9119106           0.3760456 0.1570719 0.5047992 0.4368406 0.4031672 0.2226308 0.0000000 0.3047496 0.5879071 0.4245102 0.4734826 0.4719671 0.4073481 0.4809584 0.2935220 0.3534412 0.4403910 0.2848460 0.2957495 0.3787487 0.4005320 0.4718006 0.4655359 0.3705298 0.4588148 0.4609947 0.5084451 0.3911462 0.3647017 0.2370520 0.4217130 0.4519644 0.3437176 0.4618782 0.4266259 0.4501397 0.3689919 0.4467720 0.3413315 0.5299051 0.5276578 0.4411489 0.4615386 0.4270574 0.4262583 0.4448369 0.4712901 0.4586879 0.4459567 0.4736024 0.3751957 0.4508003 0.4544989 0.1607135 0.3691958 0.2122115 0.2035401 0.4412041 0.4194417 0.2281061 0.1426664 0.4206025 0.2109656 0.2692746 0.4693904 0.4643875 0.4044327 0.4689856 0.1619376 0.4308263 0.4709675 0.4551353 0.4595671 0.4596750 0.4554370 0.1886199 0.4119585 0.5026724 0.4567524 0.4360522 0.1863961 0.4612851 0.4335241 0.2662286 0.1740922 
Galeana_pratensis_104_mex                  0.2526549 0.2340137 0.2460930 0.3147756 0.2313228 0.1504023 0.3047496 0.0000000 0.4408631 0.2329728 0.2482406 0.2219972 0.2384999 0.2539983 0.1801032 0.2349613 0.2504244 0.2275780 0.2516502 0.2567212 0.2455689 0.2446784 0.2396570 0.2453555 0.2438794 0.2519355 0.2777401 0.2424606 0.2219295 0.2314981 0.2014906 0.2468553 0.2329728 0.2392313 0.2412179 0.2430608 0.2512743 0.2441392 0.2418611 0.2578953 0.2467931 0.2553117 0.2565065 0.2372500 0.2458545 0.2613407 0.2503320 0.2438794 0.2657788 0.2527131 0.2531034 0.2387128 0.2519355 0.2471102 0.2989332 0.2786784 0.2476149 0.2390497 0.2440893 0.2767018 0.1682632 0.2814917 0.2552111 0.2458312 0.2479664 0.2515290 0.2517105 0.2712664 0.2264804 0.2513121 0.2402477 0.2222197 0.2384999 0.2444595 0.2382521 0.2526438 0.2392002 0.2622029 0.2480688 0.2532480 0.2686936 0.2445166 0.2195912 0.2531667 0.2471102 
Helianthus_annuus_SRR9119062               0.5433929 0.3285089 0.6505492 0.4316689 0.5564428 0.2303434 0.5879071 0.4408631 0.0000000 0.4352729 0.6090351 0.5582833 0.5250910 0.5501188 0.3381200 0.4667069 0.5297328 0.4445776 0.4489542 0.4947745 0.5366672 0.5461424 0.5519357 0.5167472 0.5591280 0.5439254 0.5832162 0.4851094 0.4606731 0.3897355 0.5831869 0.5659690 0.5204206 0.5385127 0.4405650 0.5595965 0.5220899 0.5809344 0.4441403 0.5716202 0.5741642 0.5692371 0.5514327 0.5618591 0.5561855 0.5361499 0.5500026 0.5439659 0.5647318 0.5539312 0.5055763 0.5501462 0.5290078 0.3174782 0.4501674 0.4219615 0.3208163 0.5598106 0.5441794 0.3988049 0.1788517 0.5563943 0.3556333 0.4129418 0.5520380 0.5403607 0.5590347 0.5823927 0.2237997 0.5544623 0.5521281 0.4728902 0.5473572 0.5506299 0.5552446 0.2842759 0.5248763 0.6725403 0.5533864 0.5634413 0.3373038 0.5456584 0.4252085 0.4137720 0.3487858 
Lycapsus_tenuifolius_17                    0.3280189 0.0798188 0.3937865 0.4043449 0.1947880 0.1104078 0.4245102 0.2329728 0.4352729 0.0000000 0.2518335 0.2525635 0.1976793 0.4163843 0.2012506 0.1604672 0.2338268 0.1699612 0.1819613 0.1667784 0.2079814 0.2643845 0.2549801 0.1848226 0.2622417 0.2487737 0.3971448 0.1810702 0.0428102 0.0352346 0.2621169 0.2492335 0.0062403 0.2527041 0.1695780 0.2508583 0.1897391 0.2515169 0.1360419 0.3548399 0.3481292 0.2440945 0.2277793 0.2549871 0.2546714 0.2505140 0.2687459 0.2639617 0.2440455 0.4080934 0.2910125 0.2589341 0.2440153 0.0540229 0.1641607 0.0942579 0.0859449 0.2648330 0.2686463 0.1211361 0.0627228 0.2600134 0.0711753 0.0824163 0.2512384 0.2522252 0.1608799 0.3193179 0.0543071 0.2085944 0.2535223 0.1587163 0.2443436 0.2359130 0.2274293 0.0657265 0.1519698 0.4531555 0.2652395 0.2755100 0.1005064 0.2671642 0.0784228 0.1397976 0.0597220 
Pericome_caudata_50_silver                 0.3076106 0.0831046 0.2553636 0.5772123 0.0473192 0.0423033 0.4734826 0.2482406 0.6090351 0.2518335 0.0000000 0.2537078 0.1633620 0.4397942 0.1916582 0.1506906 0.2236800 0.0646511 0.1396333 0.1562758 0.1859332 0.2515480 0.2581986 0.1812860 0.2594461 0.2479041 0.2826575 0.1671900 0.1796410 0.1219754 0.0734200 0.0758040 0.1515693 0.2921453 0.3628550 0.1216808 0.1856235 0.1232038 0.1237707 0.3627183 0.3160022 0.1225606 0.2119048 0.1234285 0.2074882 0.2442091 0.2592572 0.2576410 0.1462136 0.4117322 0.3235672 0.2395279 0.2363436 0.0714538 0.1155070 0.1165439 0.0935526 0.2471537 0.2642364 0.1205763 0.0602466 0.2310977 0.0757627 0.0888648 0.1236029 0.2507147 0.2023336 0.3780224 0.0661498 0.1809698 0.2569117 0.3839194 0.2134982 0.2091657 0.1978082 0.0818895 0.0951996 0.4421478 0.2567206 0.2799464 0.0884441 0.2571230 0.1995004 0.0905148 0.0756133 
Perityle_aglossa_84_dead_horse             0.3537024 0.0874917 0.4723889 0.5567956 0.1951604 0.1102913 0.4719671 0.2219972 0.5582833 0.2525635 0.2537078 0.0000000 0.0370088 0.1940715 0.0387618 0.0638698 0.0484520 0.1904166 0.1421973 0.0426895 0.0383085 0.0465394 0.0509058 0.0461438 0.0521464 0.0518258 0.4339523 0.0596400 0.1969076 0.1174259 0.2978673 0.2407853 0.1268090 0.0695887 0.3044346 0.2376073 0.0413956 0.3068845 0.0514191 0.1377376 0.1426811 0.2419868 0.0405567 0.2799443 0.3395290 0.0534045 0.0474832 0.0488284 0.2412344 0.1805240 0.0510216 0.0466132 0.0551063 0.0323096 0.1332094 0.0954509 0.0552938 0.0520830 0.0456063 0.0952339 0.0628510 0.1603887 0.0559418 0.0361463 0.2221098 0.0518792 0.1762910 0.3263375 0.0320798 0.0546087 0.0471967 0.3746096 0.0490988 0.0416141 0.0570158 0.0501899 0.1705606 0.3772233 0.0568845 0.0260870 0.0730924 0.0495938 0.2442556 0.1361122 0.0384229 
Perityle_ajoensis_204                      0.3416922 0.0771068 0.3520598 0.5089095 0.1736030 0.0980184 0.4073481 0.2384999 0.5250910 0.1976793 0.1633620 0.0370088 0.0000000 0.1887523 0.0140071 0.0463920 0.0258011 0.1661229 0.1314585 0.0236796 0.0245858 0.0069113 0.0326767 0.0305873 0.0104750 0.0393072 0.3729280 0.0502617 0.1877565 0.1123094 0.1968566 0.1790861 0.1231945 0.0900899 0.2489484 0.1538792 0.0247522 0.1891477 0.0357466 0.1226935 0.1198965 0.1574982 0.0056384 0.1625210 0.3021645 0.0274918 0.0073138 0.0182652 0.2096369 0.1745119 0.0244074 0.0090519 0.0319433 0.0155804 0.1254064 0.0861057 0.0385105 0.0203247 0.0102714 0.0875111 0.0561252 0.1527891 0.0246014 0.0230641 0.1693364 0.0433258 0.1645126 0.2516057 0.0128442 0.0305641 0.0317536 0.3212644 0.0095202 0.0053529 0.0363496 0.0196158 0.1549383 0.2943356 0.0235488 0.0330417 0.0689249 0.0082240 0.1865993 0.1285938 0.0227638 
Perityle_ambrosiifolia_67_green            0.3882054 0.1406937 0.5114351 0.5987040 0.3210283 0.0953769 0.4809584 0.2539983 0.5501188 0.4163843 0.4397942 0.1940715 0.1887523 0.0000000 0.0202762 0.2238896 0.1714968 0.2630480 0.2525539 0.1962977 0.1542636 0.1749012 0.1746579 0.1677517 0.1715844 0.1796259 0.4248930 0.2149708 0.3245304 0.1802311 0.4033125 0.4496762 0.2914260 0.1700894 0.4106470 0.3951035 0.1646277 0.4030886 0.2095962 0.0534980 0.0541839 0.3800093 0.1694812 0.3844683 0.4269425 0.1757513 0.1778254 0.1715607 0.3466874 0.0146313 0.1045414 0.1570088 0.1791377 0.1135920 0.2981603 0.2176359 0.1234182 0.1486666 0.1479064 0.2297846 0.0597256 0.2163373 0.0823856 0.2081417 0.4524252 0.1750792 0.3239695 0.3858053 0.0290438 0.1962625 0.1732441 0.4002815 0.1779247 0.1803979 0.1821230 0.0899356 0.3186209 0.3817949 0.1678814 0.1643870 0.1282441 0.1776742 0.4548833 0.2384574 0.1464150 
Perityle_angustifolia_13_Eagle_creek       0.1912661 0.0718759 0.2057688 0.3215886 0.1695284 0.1010438 0.2935220 0.1801032 0.3381200 0.2012506 0.1916582 0.0387618 0.0140071 0.0202762 0.0000000 0.0414014 0.0140519 0.1726675 0.0719867 0.0221830 0.0160539 0.0201439 0.0242340 0.0203379 0.0160300 0.0286149 0.1911982 0.0389745 0.1983898 0.1133024 0.1786303 0.1906880 0.1209890 0.0181743 0.1686028 0.1744263 0.0221404 0.1631159 0.0285969 0.0180561 0.0241663 0.1670847 0.0201122 0.1666730 0.1452208 0.0268540 0.0160493 0.0201044 0.1715840 0.0262168 0.0201222 0.0140150 0.0265503 0.0084373 0.1371622 0.0609452 0.0311934 0.0143004 0.0163340 0.0641506 0.0577929 0.0893079 0.0243872 0.0136402 0.2069367 0.0265503 0.1729378 0.1362381 0.0081533 0.0246865 0.0263245 0.1961308 0.0160380 0.0160345 0.0242078 0.0259854 0.1657431 0.1363784 0.0262458 0.0324750 0.0651250 0.0200937 0.1975094 0.1350226 0.0162248 
Perityle_batopilensis_97                   0.3313803 0.0799181 0.3211140 0.4522806 0.1512848 0.1137075 0.3534412 0.2349613 0.4667069 0.1604672 0.1506906 0.0638698 0.0463920 0.2238896 0.0414014 0.0000000 0.0476002 0.1401883 0.1354747 0.0479517 0.0464284 0.0496543 0.0539222 0.0563647 0.0504321 0.0510161 0.3511471 0.0723866 0.1609016 0.1175803 0.1697770 0.1584343 0.1353540 0.1145881 0.2038423 0.1423115 0.0458415 0.1759861 0.0117175 0.1577538 0.1564225 0.1417753 0.0508079 0.1444201 0.2974936 0.0529378 0.0528565 0.0530716 0.1975049 0.2070125 0.0448657 0.0442864 0.0537939 0.0224457 0.1340806 0.0910747 0.0474653 0.0538579 0.0489487 0.0938796 0.0597075 0.1746318 0.0320058 0.0358346 0.1522995 0.0553876 0.1534096 0.2187280 0.0207098 0.0524694 0.0539309 0.2700891 0.0529037 0.0506617 0.0593336 0.0341518 0.1483709 0.2587801 0.0509720 0.0641500 0.0715968 0.0542317 0.1496249 0.1313207 0.0270369 
Perityle_bisetosa_9                        0.3330513 0.0744834 0.4089079 0.5424918 0.1689386 0.1039615 0.4403910 0.2504244 0.5297328 0.2338268 0.2236800 0.0484520 0.0258011 0.1714968 0.0140519 0.0476002 0.0000000 0.1679403 0.1258016 0.0259586 0.0272999 0.0311387 0.0339925 0.0346255 0.0328039 0.0352613 0.3935498 0.0498330 0.1823254 0.1121148 0.2687398 0.2307921 0.1216072 0.0884350 0.2763895 0.1952812 0.0234129 0.2723769 0.0329563 0.1207967 0.1171826 0.1987388 0.0294110 0.2338141 0.3582461 0.0347271 0.0338019 0.0331596 0.2195098 0.1617998 0.0292409 0.0264423 0.0395830 0.0133411 0.1174107 0.0814194 0.0384470 0.0325733 0.0280965 0.0873750 0.0626031 0.1561983 0.0245969 0.0167781 0.2116401 0.0379990 0.1628226 0.2948897 0.0051082 0.0254050 0.0339972 0.3594636 0.0329656 0.0277851 0.0436811 0.0253407 0.1577296 0.3530452 0.0471964 0.0466315 0.0688028 0.0371620 0.2206676 0.1261977 0.0185501 
Perityle_californica_76_positas            0.1458363 0.0745724 0.1259105 0.3862470 0.0413341 0.0370658 0.2848460 0.2275780 0.4445776 0.1699612 0.0646511 0.1904166 0.1661229 0.2630480 0.1726675 0.1401883 0.1679403 0.0000000 0.0694297 0.1628598 0.1712423 0.1875884 0.1830919 0.1802733 0.1805336 0.1882013 0.1294063 0.1710221 0.1510935 0.1091723 0.0669740 0.0499664 0.1139852 0.1815488 0.1744074 0.0979240 0.1671620 0.1140751 0.1142420 0.2699850 0.2673975 0.0948616 0.1864482 0.0922499 0.0938770 0.1802772 0.1895370 0.1868142 0.0981753 0.2673422 0.1870363 0.1779915 0.1790559 0.0562281 0.1118396 0.0762457 0.0834251 0.1793880 0.1792083 0.0884673 0.0434736 0.1951156 0.0631045 0.0663002 0.1104098 0.1904600 0.1945275 0.1909745 0.0458891 0.1688100 0.1831755 0.1789891 0.1818721 0.1824838 0.1880354 0.0654255 0.0724650 0.1800830 0.1924556 0.1939790 0.0780899 0.1937474 0.1400193 0.0883833 0.0630206 
Perityle_canescens_77                      0.2738608 0.0908350 0.2622954 0.4672504 0.0818872 0.0441601 0.2957495 0.2516502 0.4489542 0.1819613 0.1396333 0.1421973 0.1314585 0.2525539 0.0719867 0.1354747 0.1258016 0.0694297 0.0000000 0.1359218 0.1319531 0.1370517 0.1276002 0.1361626 0.1349240 0.1359509 0.2838296 0.1352961 0.1635133 0.1167400 0.1078657 0.1459522 0.1807239 0.1279220 0.2242635 0.1308338 0.1158881 0.1243395 0.1363259 0.2730370 0.2708271 0.1216332 0.1378401 0.1191463 0.1646957 0.1454337 0.1403821 0.1384197 0.1220605 0.2568671 0.0962365 0.1339953 0.1393949 0.0650420 0.1583240 0.1107376 0.0914117 0.1298104 0.1164475 0.1097155 0.0533498 0.1921222 0.0850236 0.1230334 0.1487770 0.1377671 0.1762555 0.1315848 0.0504082 0.1331803 0.1312076 0.2680165 0.1369384 0.1344721 0.1459926 0.0763980 0.1400354 0.2297341 0.1356104 0.1333344 0.0863003 0.1387402 0.1623193 0.0744030 0.0687740 
Perityle_castillonii_96                    0.3354587 0.0771304 0.3442612 0.4875567 0.1580058 0.1069191 0.3787487 0.2567212 0.4947745 0.1667784 0.1562758 0.0426895 0.0236796 0.1962977 0.0221830 0.0479517 0.0259586 0.1628598 0.1359218 0.0000000 0.0257304 0.0294655 0.0329437 0.0347161 0.0295877 0.0272307 0.3569168 0.0441191 0.1769587 0.1148150 0.1832829 0.1630453 0.1151660 0.0422128 0.2255668 0.1441889 0.0297569 0.1687322 0.0357312 0.1350651 0.1402845 0.1446812 0.0300340 0.1475447 0.2353470 0.0170337 0.0317519 0.0307630 0.2000395 0.1831493 0.0226088 0.0263693 0.0318666 0.0155993 0.1191158 0.0863206 0.0385378 0.0337758 0.0273890 0.0875264 0.0627237 0.1594572 0.0282100 0.0214796 0.1496207 0.0295725 0.1569568 0.1878387 0.0128385 0.0332481 0.0341203 0.2960003 0.0317696 0.0284035 0.0411224 0.0282359 0.1511250 0.2762991 0.0318669 0.0401476 0.0713828 0.0329265 0.1674824 0.1174792 0.0185817 
Perityle_cernua_84                         0.3181001 0.0770956 0.3245177 0.5137070 0.1797697 0.1008347 0.4005320 0.2455689 0.5366672 0.2079814 0.1859332 0.0383085 0.0245858 0.1542636 0.0160539 0.0464284 0.0272999 0.1712423 0.1319531 0.0257304 0.0000000 0.0291985 0.0316451 0.0346771 0.0303738 0.0296292 0.3627088 0.0413754 0.1881249 0.1098734 0.2063453 0.2027968 0.1239948 0.0247146 0.2500391 0.1747220 0.0314519 0.1985044 0.0374670 0.1357961 0.1400058 0.1754464 0.0304117 0.1745816 0.1859278 0.0333133 0.0267007 0.0315985 0.1847090 0.1596846 0.0270369 0.0291377 0.0325662 0.0201564 0.1266684 0.0862762 0.0429788 0.0303909 0.0243669 0.0853643 0.0593966 0.1362759 0.0282353 0.0232988 0.1888368 0.0309037 0.1699158 0.1908880 0.0128471 0.0307135 0.0329041 0.3227535 0.0291610 0.0292186 0.0429856 0.0282562 0.1635068 0.2742535 0.0267695 0.0389532 0.0640610 0.0316447 0.2053130 0.1241821 0.0206940 
Perityle_cfvillosa_25_tin                  0.3494752 0.0825010 0.4548376 0.5603698 0.1902209 0.0983890 0.4718006 0.2446784 0.5461424 0.2643845 0.2515480 0.0465394 0.0069113 0.1749012 0.0201439 0.0496543 0.0311387 0.1875884 0.1370517 0.0294655 0.0291985 0.0000000 0.0372577 0.0361017 0.0192592 0.0358720 0.4205564 0.0431891 0.1901191 0.1199173 0.3005266 0.2534774 0.1293154 0.0901553 0.3029824 0.2209951 0.0301221 0.3039957 0.0398839 0.1225527 0.1189845 0.2235020 0.0087039 0.2684765 0.3589366 0.0283201 0.0118586 0.0228560 0.2317260 0.1656500 0.0354788 0.0174760 0.0412621 0.0178332 0.1287202 0.0862865 0.0408290 0.0233919 0.0158420 0.0937927 0.0594876 0.1597987 0.0282448 0.0278106 0.2281302 0.0368149 0.1710478 0.3289504 0.0180935 0.0382920 0.0372694 0.3861215 0.0131978 0.0092725 0.0407004 0.0083567 0.1610890 0.3772173 0.0422107 0.0388083 0.0763748 0.0153115 0.2537576 0.1356191 0.0291609 
Perityle_coahuilensis_24                   0.3270759 0.0772824 0.4762852 0.5636153 0.1869023 0.0980514 0.4655359 0.2396570 0.5519357 0.2549801 0.2581986 0.0509058 0.0326767 0.1746579 0.0242340 0.0539222 0.0339925 0.1830919 0.1276002 0.0329437 0.0316451 0.0372577 0.0000000 0.0387913 0.0426283 0.0595171 0.4161381 0.0581735 0.1831248 0.1124685 0.3071874 0.2463926 0.1233365 0.0899588 0.2937382 0.2359388 0.0301357 0.3182666 0.0356941 0.1184489 0.1233942 0.2379017 0.0368022 0.2804552 0.3958020 0.0361960 0.0372463 0.0422081 0.2251018 0.1622352 0.0388969 0.0344524 0.0382844 0.0156281 0.1253883 0.0839557 0.0363881 0.0391619 0.0333769 0.0895691 0.0561537 0.1595498 0.0246807 0.0183516 0.2256808 0.0507791 0.1757680 0.3326756 0.0076875 0.0434916 0.0066616 0.3850994 0.0409411 0.0380386 0.0502096 0.0254098 0.1595611 0.3799280 0.0502197 0.0503224 0.0690265 0.0416329 0.2508881 0.1199122 0.0165071 
Perityle_cochisensis_44_cave_creek         0.3279003 0.0854357 0.3006341 0.4905696 0.1686550 0.1074222 0.3705298 0.2453555 0.5167472 0.1848226 0.1812860 0.0461438 0.0305873 0.1677517 0.0203379 0.0563647 0.0346255 0.1802733 0.1361626 0.0347161 0.0346771 0.0361017 0.0387913 0.0000000 0.0346411 0.0390075 0.3314606 0.0506633 0.1889755 0.1221808 0.1887087 0.1885931 0.1335199 0.0299355 0.2290246 0.1602445 0.0369239 0.1791462 0.0492206 0.1437450 0.1483989 0.1595814 0.0360561 0.1564727 0.1826856 0.0421423 0.0387846 0.0360370 0.1636560 0.1737019 0.0362128 0.0333010 0.0417862 0.0270320 0.1417098 0.1032846 0.0494555 0.0410027 0.0332531 0.0978232 0.0627266 0.1333965 0.0429403 0.0354440 0.1739129 0.0404097 0.1694337 0.1547926 0.0258736 0.0406342 0.0415633 0.2899861 0.0388382 0.0347585 0.0291829 0.0399968 0.1738674 0.2457646 0.0361458 0.0445407 0.0762944 0.0374246 0.1849839 0.1375398 0.0355698 
Perityle_congesta_202                      0.3417639 0.0771068 0.4710960 0.5722915 0.1898399 0.0951935 0.4588148 0.2438794 0.5591280 0.2622417 0.2594461 0.0521464 0.0104750 0.1715844 0.0160300 0.0504321 0.0328039 0.1805336 0.1349240 0.0295877 0.0303738 0.0192592 0.0426283 0.0346411 0.0000000 0.0384126 0.4176505 0.0458303 0.1933103 0.1099624 0.3116229 0.2551454 0.1231507 0.0648185 0.3047818 0.2407606 0.0314025 0.3232033 0.0400646 0.1241635 0.1260775 0.2440155 0.0164932 0.2864218 0.3529979 0.0358128 0.0202470 0.0206082 0.2345491 0.1623958 0.0390574 0.0185943 0.0434789 0.0155804 0.1246443 0.0861057 0.0385105 0.0293318 0.0204331 0.0894555 0.0561252 0.1585641 0.0246014 0.0261679 0.2255089 0.0394332 0.1661917 0.3122595 0.0128442 0.0415571 0.0401462 0.3888131 0.0200182 0.0177127 0.0452508 0.0196158 0.1580974 0.3818642 0.0463593 0.0444720 0.0689249 0.0253490 0.2611178 0.1264458 0.0227638 
Perityle_cordifolia_27                     0.3285028 0.0782428 0.4551316 0.5551239 0.1809312 0.0988636 0.4609947 0.2519355 0.5439254 0.2487737 0.2479041 0.0518258 0.0393072 0.1796259 0.0286149 0.0510161 0.0352613 0.1882013 0.1359509 0.0272307 0.0296292 0.0358720 0.0595171 0.0390075 0.0384126 0.0000000 0.4092963 0.0663643 0.1837690 0.1178657 0.2956197 0.2390099 0.1207056 0.0912922 0.2773570 0.2197318 0.0318982 0.2954130 0.0345615 0.1242745 0.1209904 0.2210419 0.0338428 0.2671590 0.3856389 0.0797800 0.0377182 0.0483858 0.2262266 0.1641226 0.0396859 0.0338328 0.0076661 0.0203631 0.1198239 0.0920091 0.0434003 0.0373280 0.0339042 0.0899398 0.0599826 0.1608710 0.0034681 0.0216104 0.2165344 0.0056304 0.1725849 0.3366239 0.0130088 0.0388086 0.0715800 0.3738660 0.0346891 0.0308835 0.0413076 0.0315929 0.1584797 0.3701658 0.0498458 0.0522476 0.0742042 0.0416306 0.2441618 0.1248282 0.0229905 
Perityle_cordifolia_68_tecolote            0.3179594 0.1390277 0.3036342 0.5844807 0.2021353 0.0474885 0.5084451 0.2777401 0.5832162 0.3971448 0.2826575 0.4339523 0.3729280 0.4248930 0.1911982 0.3511471 0.3935498 0.1294063 0.2838296 0.3569168 0.3627088 0.4205564 0.4161381 0.3314606 0.4176505 0.4092963 0.0000000 0.3638549 0.3333954 0.1735118 0.2378730 0.2613473 0.3305498 0.4198446 0.4326644 0.2837273 0.3376381 0.2384717 0.3098869 0.4525553 0.4507494 0.2848569 0.4073346 0.2600911 0.3180395 0.4124039 0.4176981 0.4156874 0.2777090 0.4185239 0.3383327 0.4059191 0.4005774 0.1241076 0.2940334 0.1514960 0.1266184 0.3988162 0.3917390 0.2297068 0.0749537 0.4123706 0.1053344 0.2564048 0.2764967 0.4093567 0.3708774 0.4275409 0.0587244 0.3864517 0.4142544 0.4366139 0.4218939 0.4188820 0.4011135 0.1038182 0.2301155 0.4748554 0.4164917 0.4125152 0.1287930 0.4201958 0.4157702 0.1805949 0.1518976 
Perityle_coronopifolia_28_patagonia        0.3336396 0.0801669 0.3418785 0.4964027 0.1698399 0.0957405 0.3911462 0.2424606 0.4851094 0.1810702 0.1671900 0.0596400 0.0502617 0.2149708 0.0389745 0.0723866 0.0498330 0.1710221 0.1352961 0.0441191 0.0413754 0.0431891 0.0581735 0.0506633 0.0458303 0.0663643 0.3638549 0.0000000 0.1834194 0.1083637 0.1939582 0.1735108 0.1279721 0.1111950 0.2367390 0.1548589 0.0491844 0.1805842 0.0474120 0.1429558 0.1412916 0.1596829 0.0422829 0.1550394 0.3021670 0.0581512 0.0469923 0.0562053 0.2093237 0.1986487 0.0468941 0.0410238 0.0535074 0.0248911 0.1241579 0.0869107 0.0456036 0.0516787 0.0440891 0.0911079 0.0595683 0.1743450 0.0356151 0.0297354 0.1680241 0.0696313 0.1769456 0.2521877 0.0207858 0.0502045 0.0592204 0.2954675 0.0518656 0.0435756 0.0589967 0.0255651 0.1620919 0.2880532 0.0463005 0.0551754 0.0742869 0.0472805 0.1704752 0.1298758 0.0293708 
Perityle_crassifolia_70_ventanas           0.3135073 0.0799118 0.3134134 0.4136883 0.1727120 0.1016280 0.3647017 0.2219295 0.4606731 0.0428102 0.1796410 0.1969076 0.1877565 0.3245304 0.1983898 0.1609016 0.1823254 0.1510935 0.1635133 0.1769587 0.1881249 0.1901191 0.1831248 0.1889755 0.1933103 0.1837690 0.3333954 0.1834194 0.0000000 0.0331032 0.1852571 0.1810479 0.0456841 0.1840007 0.1654305 0.1953880 0.1915421 0.1737012 0.1375086 0.2906463 0.2925559 0.1948840 0.1916673 0.1900373 0.1629231 0.1859285 0.1933332 0.1915064 0.1992553 0.3264120 0.2038919 0.1896052 0.1892498 0.0540747 0.1570523 0.0947734 0.0813936 0.1977954 0.1902518 0.1325138 0.0594504 0.2179629 0.0634171 0.0793622 0.1905495 0.1856419 0.1653620 0.2082940 0.0515561 0.1815280 0.1850043 0.1457715 0.1973208 0.1902547 0.2030689 0.0565226 0.1541940 0.3438599 0.1929636 0.2008879 0.1006480 0.1898553 0.0672031 0.1378862 0.0598964 
Perityle_crassifolia_74_playa_balandra     0.1537133 0.0886030 0.1394344 0.3306912 0.1022595 0.1022164 0.2370520 0.2314981 0.3897355 0.0352346 0.1219754 0.1174259 0.1123094 0.1802311 0.1133024 0.1175803 0.1121148 0.1091723 0.1167400 0.1148150 0.1098734 0.1199173 0.1124685 0.1221808 0.1099624 0.1178657 0.1735118 0.1083637 0.0331032 0.0000000 0.1157611 0.1115602 0.0331347 0.1056345 0.0587136 0.1339525 0.1145985 0.1206939 0.1152235 0.1905505 0.1825199 0.1241585 0.1222177 0.1294324 0.1115348 0.1267041 0.1221475 0.1170248 0.1329484 0.1877826 0.1171370 0.1122602 0.1201981 0.0665844 0.1438375 0.0923178 0.0929348 0.1197024 0.1195265 0.1065947 0.0700159 0.1535049 0.0841447 0.0722863 0.1309485 0.1203466 0.0947976 0.1214117 0.0604914 0.1102411 0.1125945 0.0204979 0.1172176 0.1176700 0.1190746 0.0791577 0.1123063 0.1145399 0.1229058 0.1198919 0.1063889 0.1197321 0.0546127 0.1236689 0.0690129 
Perityle_cuneata_34_cuneata_San_antonio    0.2664981 0.0894407 0.2126907 0.5427488 0.0489806 0.0288073 0.4217130 0.2014906 0.5831869 0.2621169 0.0734200 0.2978673 0.1968566 0.4033125 0.1786303 0.1697770 0.2687398 0.0669740 0.1078657 0.1832829 0.2063453 0.3005266 0.3071874 0.1887087 0.3116229 0.2956197 0.2378730 0.1939582 0.1852571 0.1157611 0.0000000 0.0744137 0.1468563 0.2727965 0.3239936 0.1039138 0.1911547 0.1163168 0.1358400 0.4281615 0.3785179 0.1074079 0.2410737 0.1240519 0.1051961 0.2885767 0.2994707 0.3129312 0.0993616 0.3946137 0.3462469 0.2718030 0.2747087 0.0747981 0.1298266 0.1136174 0.0921622 0.2680665 0.2763993 0.1085211 0.0470584 0.2108968 0.0808839 0.0844517 0.1170245 0.2959047 0.2047938 0.3239768 0.0525246 0.2163969 0.3104418 0.3674050 0.2607144 0.2473672 0.2352434 0.0862230 0.0836574 0.4147315 0.2971670 0.2963993 0.0843662 0.3068519 0.2312136 0.0973753 0.0829673 
Perityle_cuneata_4                         0.2910199 0.0849743 0.2567162 0.5563919 0.0487490 0.0365931 0.4519644 0.2468553 0.5659690 0.2492335 0.0758040 0.2407853 0.1790861 0.4496762 0.1906880 0.1584343 0.2307921 0.0499664 0.1459522 0.1630453 0.2027968 0.2534774 0.2463926 0.1885931 0.2551454 0.2390099 0.2613473 0.1735108 0.1810479 0.1115602 0.0744137 0.0000000 0.1528815 0.2581902 0.3579134 0.1121955 0.1943615 0.1229872 0.1337795 0.3597646 0.3496597 0.1182019 0.2261478 0.1096989 0.1728853 0.2466637 0.2533676 0.2551514 0.1415962 0.4245251 0.3080951 0.2569260 0.2326380 0.0684523 0.1175160 0.0954759 0.0856752 0.2660724 0.2736586 0.1117451 0.0564113 0.2238774 0.0784769 0.0888354 0.1237005 0.2437087 0.2002642 0.3386693 0.0570530 0.1954383 0.2463646 0.3845514 0.2357704 0.2216707 0.2174082 0.0841292 0.0908664 0.4180835 0.2498847 0.2816646 0.0804199 0.2533818 0.1929438 0.0961890 0.0751666 
Perityle_discoidea_81                      0.3130473 0.0824613 0.2981264 0.4882746 0.1250983 0.1104078 0.3437176 0.2329728 0.5204206 0.0062403 0.1515693 0.1268090 0.1231945 0.2914260 0.1209890 0.1353540 0.1216072 0.1139852 0.1807239 0.1151660 0.1239948 0.1293154 0.1233365 0.1335199 0.1231507 0.1207056 0.3305498 0.1279721 0.0456841 0.0331347 0.1468563 0.1528815 0.0000000 0.1795676 0.2046661 0.1578582 0.1165173 0.1410374 0.1295111 0.2112968 0.2194469 0.1540135 0.1275269 0.1457060 0.2330898 0.1241253 0.1284931 0.1289522 0.1977368 0.2720301 0.1215442 0.1259101 0.1229167 0.0540229 0.1600891 0.0918725 0.0836072 0.1345169 0.1262514 0.1189815 0.0627228 0.2213892 0.0673271 0.0787598 0.1442606 0.1237774 0.1041506 0.2129152 0.0515365 0.1234814 0.1219214 0.1799915 0.1323141 0.1267350 0.1352289 0.0626627 0.1203652 0.3229226 0.1194951 0.1306264 0.1030185 0.1323145 0.0832521 0.1261119 0.0574589 
Perityle_dissecta_201                      0.3156488 0.0698231 0.4260443 0.5446390 0.1868301 0.0923111 0.4618782 0.2392313 0.5385127 0.2527041 0.2921453 0.0695887 0.0900899 0.1700894 0.0181743 0.1145881 0.0884350 0.1815488 0.1279220 0.0422128 0.0247146 0.0901553 0.0899588 0.0299355 0.0648185 0.0912922 0.4198446 0.1111950 0.1840007 0.1056345 0.2727965 0.2581902 0.1795676 0.0000000 0.2948352 0.2637378 0.0253624 0.2712369 0.0310389 0.1500783 0.1809001 0.2585023 0.0328077 0.2365542 0.3706744 0.0697899 0.0627822 0.0861714 0.2340351 0.1521724 0.0336766 0.0306715 0.0606709 0.0089035 0.1295385 0.0823251 0.0320722 0.0324974 0.0309303 0.0761246 0.0529690 0.1589373 0.0176624 0.0172910 0.2863717 0.0934816 0.1965894 0.3305757 0.0051424 0.1020890 0.0910299 0.3632148 0.0927613 0.0444297 0.0893345 0.0197930 0.2176008 0.3578819 0.0527090 0.0443674 0.0597206 0.0764134 0.2546486 0.1158118 0.0144814 
Perityle_emoryi_47_punta_san_jose          0.3477094 0.0784691 0.4455893 0.4129638 0.2299457 0.1110677 0.4266259 0.2412179 0.4405650 0.1695780 0.3628550 0.3044346 0.2489484 0.4106470 0.1686028 0.2038423 0.2763895 0.1744074 0.2242635 0.2255668 0.2500391 0.3029824 0.2937382 0.2290246 0.3047818 0.2773570 0.4326644 0.2367390 0.1654305 0.0587136 0.3239936 0.3579134 0.2046661 0.2948352 0.0000000 0.3562665 0.2170693 0.3369600 0.1802946 0.4421154 0.4462295 0.3580550 0.2775572 0.3526687 0.3574986 0.3007495 0.3042462 0.3052223 0.3409204 0.4076799 0.2404583 0.2991780 0.2704863 0.0296365 0.2334313 0.0922198 0.0570746 0.2944984 0.2794649 0.1023517 0.0665685 0.3669332 0.0139921 0.1372691 0.3248443 0.2809817 0.3183304 0.3840775 0.0182925 0.2652591 0.2956729 0.1731484 0.2848014 0.2799515 0.2802920 0.0316413 0.2757897 0.4788244 0.3025965 0.3052559 0.0915395 0.3005891 0.1547448 0.1406646 0.0339216 
Perityle_feddemae_99                       0.2793423 0.0843271 0.2564462 0.5575804 0.0874090 0.0478584 0.4501397 0.2430608 0.5595965 0.2508583 0.1216808 0.2376073 0.1538792 0.3951035 0.1744263 0.1423115 0.1952812 0.0979240 0.1308338 0.1441889 0.1747220 0.2209951 0.2359388 0.1602445 0.2407606 0.2197318 0.2837273 0.1548589 0.1953880 0.1339525 0.1039138 0.1121955 0.1578582 0.2637378 0.3562665 0.0000000 0.1604112 0.0898232 0.1109455 0.3240026 0.2919353 0.0455804 0.1876450 0.0546436 0.1825317 0.2024828 0.2249499 0.2356469 0.0764472 0.3765835 0.3608396 0.2102564 0.2045039 0.0605260 0.1004924 0.0958747 0.0823437 0.2282886 0.2289622 0.1019324 0.0574641 0.2449667 0.0698510 0.0688147 0.1233862 0.2226755 0.1846485 0.3682770 0.0562927 0.1727849 0.2644993 0.3965276 0.2012545 0.1941318 0.1851930 0.0584564 0.1035485 0.4019627 0.2200557 0.2500793 0.0884718 0.2266221 0.2364971 0.0861284 0.0644585 
Perityle_fosteri_93                        0.3321833 0.0823480 0.2971927 0.4952862 0.1676672 0.1009865 0.3689919 0.2512743 0.5220899 0.1897391 0.1856235 0.0413956 0.0247522 0.1646277 0.0221404 0.0458415 0.0234129 0.1671620 0.1158881 0.0297569 0.0314519 0.0301221 0.0301357 0.0369239 0.0314025 0.0318982 0.3376381 0.0491844 0.1915421 0.1145985 0.1911547 0.1943615 0.1165173 0.0253624 0.2170693 0.1604112 0.0000000 0.1833740 0.0379448 0.1506680 0.1552826 0.1635133 0.0274121 0.1585495 0.1553093 0.0386777 0.0327486 0.0287587 0.1639385 0.1667885 0.0280061 0.0287531 0.0346289 0.0178415 0.1328976 0.0884986 0.0406647 0.0358380 0.0291637 0.0895483 0.0659260 0.1317688 0.0282042 0.0230066 0.1848362 0.0332737 0.1635820 0.1658497 0.0128368 0.0358701 0.0328310 0.2904837 0.0327929 0.0288077 0.0463555 0.0282313 0.1730798 0.2365853 0.0302249 0.0463291 0.0712501 0.0327558 0.2015004 0.1262017 0.0206796 
Perityle_gamon_221                         0.2689602 0.0989073 0.2220670 0.5637592 0.0968496 0.0503075 0.4467720 0.2441392 0.5809344 0.2515169 0.1232038 0.3068845 0.1891477 0.4030886 0.1631159 0.1759861 0.2723769 0.1140751 0.1243395 0.1687322 0.1985044 0.3039957 0.3182666 0.1791462 0.3232033 0.2954130 0.2384717 0.1805842 0.1737012 0.1206939 0.1163168 0.1229872 0.1410374 0.2712369 0.3369600 0.0898232 0.1833740 0.0000000 0.1408086 0.4269273 0.3602516 0.0988537 0.2290683 0.1250396 0.0256914 0.2854163 0.3047898 0.3149301 0.0947999 0.3844264 0.3747438 0.2717223 0.2757003 0.0842494 0.1297699 0.1238064 0.0936757 0.2663717 0.2818186 0.1315238 0.0565099 0.2138278 0.0845897 0.0963309 0.1328987 0.2997314 0.1801197 0.3047077 0.0584805 0.2156270 0.3437756 0.3600659 0.2538857 0.2370910 0.2305360 0.0853686 0.0972248 0.4112060 0.3113076 0.3053305 0.0879532 0.3071326 0.2690037 0.0967823 0.0852822 
Perityle_gentryi_8_san_francisco           0.3025964 0.0800754 0.2789437 0.4354175 0.1192551 0.1105366 0.3413315 0.2418611 0.4441403 0.1360419 0.1237707 0.0514191 0.0357466 0.2095962 0.0285969 0.0117175 0.0329563 0.1142420 0.1363259 0.0357312 0.0374670 0.0398839 0.0356941 0.0492206 0.0400646 0.0345615 0.3098869 0.0474120 0.1375086 0.1152235 0.1358400 0.1337795 0.1295111 0.0310389 0.1802946 0.1109455 0.0379448 0.1408086 0.0000000 0.1649632 0.1712602 0.1134457 0.0414003 0.1110333 0.1946589 0.0438116 0.0411868 0.0401007 0.1445163 0.2114915 0.0333135 0.0359244 0.0386513 0.0179184 0.1341794 0.0912342 0.0429848 0.0434341 0.0380677 0.0937746 0.0630186 0.1725255 0.0284435 0.0326282 0.1133321 0.0386817 0.1224150 0.1395617 0.0181186 0.0452718 0.0384270 0.2508259 0.0439254 0.0399273 0.0494887 0.0313005 0.1188229 0.2200431 0.0386188 0.0542998 0.0715083 0.0453591 0.1306609 0.1221728 0.0249283 
Perityle_gilensis_22_Superstition          0.4327481 0.1562655 0.5734907 0.6436375 0.3062738 0.0980514 0.5299051 0.2578953 0.5716202 0.3548399 0.3627183 0.1377376 0.1226935 0.0534980 0.0180561 0.1577538 0.1207967 0.2699850 0.2730370 0.1350651 0.1357961 0.1225527 0.1184489 0.1437450 0.1241635 0.1242745 0.4525553 0.1429558 0.2906463 0.1905505 0.4281615 0.3597646 0.2112968 0.1500783 0.4421154 0.3240026 0.1506680 0.4269273 0.1649632 0.0000000 0.0056015 0.3242678 0.1344444 0.4032398 0.4585377 0.1236866 0.1243577 0.1260646 0.3270360 0.0344175 0.1063671 0.1240280 0.1327060 0.1122474 0.2276193 0.2360365 0.1220909 0.1368201 0.1302153 0.2467461 0.0627870 0.2371209 0.0811323 0.1702271 0.3328088 0.1222449 0.2705900 0.4265720 0.0287088 0.1363442 0.1212155 0.4718959 0.1226739 0.1229112 0.1242956 0.0951885 0.2573616 0.4845868 0.1334857 0.1519854 0.1409690 0.1222885 0.3687746 0.2433187 0.1472708 
Perityle_gilensis_salensis_225             0.4323862 0.1532656 0.5117684 0.6403829 0.3041357 0.0952685 0.5276578 0.2467931 0.5741642 0.3481292 0.3160022 0.1426811 0.1198965 0.0541839 0.0241663 0.1564225 0.1171826 0.2673975 0.2708271 0.1402845 0.1400058 0.1189845 0.1233942 0.1483989 0.1260775 0.1209904 0.4507494 0.1412916 0.2925559 0.1825199 0.3785179 0.3496597 0.2194469 0.1809001 0.4462295 0.2919353 0.1552826 0.3602516 0.1712602 0.0056015 0.0000000 0.2810538 0.1395446 0.3333465 0.4265977 0.1267447 0.1283518 0.1186449 0.3232842 0.0343759 0.1070084 0.1312593 0.1354951 0.1199719 0.2276806 0.2330420 0.1294142 0.1423197 0.1380132 0.2441384 0.0596043 0.2369518 0.0928745 0.1758174 0.3298869 0.1199388 0.2704052 0.4051643 0.0367233 0.1329307 0.1234352 0.4606920 0.1211235 0.1276771 0.1257513 0.1045389 0.2517966 0.4333933 0.1235535 0.1584464 0.1382482 0.1250135 0.3423489 0.2406155 0.1546767 
Perityle_glaucescens_94                    0.2794148 0.0864253 0.2603154 0.5397039 0.0843900 0.0505888 0.4411489 0.2553117 0.5692371 0.2440945 0.1225606 0.2419868 0.1574982 0.3800093 0.1670847 0.1417753 0.1987388 0.0948616 0.1216332 0.1446812 0.1754464 0.2235020 0.2379017 0.1595814 0.2440155 0.2210419 0.2848569 0.1596829 0.1948840 0.1241585 0.1074079 0.1182019 0.1540135 0.2585023 0.3580550 0.0455804 0.1635133 0.0988537 0.1134457 0.3242678 0.2810538 0.0000000 0.1914662 0.0697020 0.1894190 0.2032566 0.2283666 0.2330422 0.0549844 0.3665012 0.3537673 0.2070472 0.2053889 0.0601988 0.1013144 0.0954275 0.0865569 0.2167154 0.2240863 0.0951829 0.0535883 0.2439438 0.0812476 0.0699607 0.1241558 0.2240065 0.1777506 0.3396416 0.0531587 0.1735491 0.2652320 0.3812599 0.2049855 0.1962141 0.1895741 0.0702726 0.1058199 0.3920223 0.2222602 0.2430775 0.0762369 0.2312668 0.2304503 0.0797508 0.0641263 
Perityle_gracilis_11                       0.3463477 0.0877829 0.3822900 0.5410239 0.1880923 0.1011574 0.4615386 0.2565065 0.5514327 0.2277793 0.2119048 0.0405567 0.0056384 0.1694812 0.0201122 0.0508079 0.0294110 0.1864482 0.1378401 0.0300340 0.0304117 0.0087039 0.0368022 0.0360561 0.0164932 0.0338428 0.4073346 0.0422829 0.1916673 0.1222177 0.2410737 0.2261478 0.1275269 0.0328077 0.2775572 0.1876450 0.0274121 0.2290683 0.0414003 0.1344444 0.1395446 0.1914662 0.0000000 0.1986506 0.2368214 0.0337461 0.0076054 0.0209977 0.2102952 0.1723079 0.0291073 0.0164192 0.0365803 0.0223554 0.1320944 0.0909716 0.0429925 0.0244262 0.0123099 0.0937405 0.0660115 0.1508944 0.0391107 0.0309423 0.2143875 0.0361874 0.1687286 0.2295513 0.0206870 0.0413964 0.0379618 0.3517624 0.0119959 0.0054348 0.0418638 0.0196296 0.1693606 0.2983036 0.0277350 0.0379105 0.0787171 0.0108998 0.2190295 0.1377111 0.0312548 
Perityle_harkerae_31                       0.2620016 0.0791601 0.2577972 0.5480972 0.0757595 0.0425236 0.4270574 0.2372500 0.5618591 0.2549871 0.1234285 0.2799443 0.1625210 0.3844683 0.1666730 0.1444201 0.2338141 0.0922499 0.1191463 0.1475447 0.1745816 0.2684765 0.2804552 0.1564727 0.2864218 0.2671590 0.2600911 0.1550394 0.1900373 0.1294324 0.1240519 0.1096989 0.1457060 0.2365542 0.3526687 0.0546436 0.1585495 0.1250396 0.1110333 0.4032398 0.3333465 0.0697020 0.1986506 0.0000000 0.1508582 0.2477692 0.2728214 0.2811739 0.0257128 0.3705304 0.3281351 0.2283679 0.2450978 0.0557336 0.1017528 0.0911999 0.0777110 0.2261459 0.2483577 0.0978967 0.0576365 0.2066337 0.0663409 0.0649721 0.1167438 0.2692752 0.1732650 0.3241890 0.0507909 0.1835714 0.2816057 0.3864126 0.2203945 0.2076919 0.2065570 0.0584681 0.0930306 0.3946392 0.2682840 0.2730288 0.0837794 0.2810579 0.2515425 0.0820929 0.0598733 
