85
Amauria_brandeegeana_62                    0.0000000 0.0426365 0.0514349 0.2749819 0.1285474 0.0435805 0.3034727 0.1297981 0.1777816 0.0578043 0.1477929 0.0729724 0.0723678 0.0740581 0.0661714 0.0798575 0.0704037 0.1320929 0.0697339 0.0727727 0.0715376 0.0784955 0.0607648 0.0737627 0.0751963 0.0726655 0.0807948 0.1933116 0.0792788 0.1304841 0.0876892 0.1811068 0.1530244 0.0607763 0.0704852 0.0956006 0.0698575 0.0773259 0.0958894 0.0812729 0.0736849 0.0714917 0.0630098 0.0753513 0.0710496 0.0913309 0.0771224 0.0786024 0.0784955 0.0676938 0.0738223 0.0762787 0.0726123 0.0865326 0.0759996 0.0778751 0.0529570 0.0589850 0.0774120 0.0774598 0.0861151 0.0709582 0.0898354 0.0571524 0.0751325 0.0778758 0.0819462 0.2392155 0.2377170 0.0357485 0.0776861 0.0737627 0.1513919 0.1261782 0.0762932 0.0772187 0.0466215 0.2104435 0.0797000 0.0845919 0.0813033 0.0699784 0.0774598 0.1776019 0.0773622 
Amauria_carterae_99_mesa                   0.0426365 0.0000000 0.0403336 0.1259041 0.0720177 0.0380983 0.1001393 0.1104536 0.1641247 0.0290034 0.0870261 0.0339867 0.0384013 0.0417959 0.0363133 0.0450587 0.0353996 0.0971033 0.0471066 0.0370325 0.0322088 0.0468549 0.0480504 0.0417232 0.0354915 0.0379288 0.0424294 0.0574628 0.0504274 0.1096011 0.0636881 0.0954483 0.0914242 0.0305647 0.0354956 0.0751618 0.0431040 0.0401026 0.0641239 0.0450488 0.0464471 0.0401340 0.0352908 0.0434248 0.0456749 0.0626286 0.0424890 0.0449880 0.0468549 0.0384857 0.0433765 0.0401959 0.0353838 0.0473691 0.0425717 0.0451456 0.0369119 0.0474585 0.0433683 0.0434064 0.0648048 0.0374228 0.0521606 0.0460131 0.0402099 0.0537220 0.0465178 0.0917079 0.0814473 0.0252210 0.0401977 0.0417232 0.0871971 0.0434784 0.0453243 0.0402219 0.0403992 0.0961883 0.0386366 0.0337796 0.0502002 0.0638166 0.0434064 0.0982609 0.0400626 
Amauria_rotundifolia_SRR9119150            0.0514349 0.0403336 0.0000000 0.3237920 0.1488096 0.0491887 0.3201008 0.1199344 0.1835240 0.0488006 0.1724724 0.0715378 0.0678684 0.0669936 0.0541671 0.0769831 0.0615383 0.1787396 0.0686169 0.0589914 0.0618861 0.0715696 0.0681811 0.0721284 0.0679620 0.0696387 0.0710287 0.2149203 0.0791921 0.1470591 0.0908017 0.2405942 0.1752655 0.0474471 0.0642164 0.1146502 0.0831168 0.0612932 0.0914742 0.0747085 0.0729746 0.0660488 0.0784951 0.0619974 0.0747064 0.0905297 0.0684057 0.0741101 0.0715696 0.0668449 0.0724614 0.0712691 0.0608905 0.0774096 0.0633830 0.0766063 0.0547047 0.0601936 0.0749331 0.0731312 0.0864420 0.0708622 0.0834504 0.0544940 0.0714569 0.0792716 0.0703239 0.2763572 0.2634122 0.0487033 0.0705105 0.0728693 0.1758246 0.1555713 0.0712288 0.0635170 0.0501241 0.2092619 0.0713998 0.0842491 0.0713004 0.0665349 0.0740414 0.2114619 0.0612316 
Conoclinium_coelestinum_SRR9119114         0.2749819 0.1259041 0.3237920 0.0000000 0.2632590 0.0723592 0.2807667 0.1458481 0.3415832 0.3160244 0.3237889 0.3165299 0.3039836 0.3075057 0.1587946 0.3170760 0.3177895 0.2518801 0.2228961 0.2910276 0.3154667 0.3251899 0.1327974 0.3292116 0.3250391 0.3207406 0.3234998 0.3526250 0.3272970 0.1895046 0.1630583 0.1812651 0.3385308 0.1910663 0.3139466 0.3291690 0.3272054 0.2837718 0.3127828 0.2618972 0.3290104 0.3254084 0.3118640 0.3074462 0.2156975 0.3186125 0.3193974 0.3286964 0.3251899 0.2991505 0.3236161 0.3285203 0.3201380 0.3212805 0.3021836 0.2473084 0.1195912 0.1292646 0.3216508 0.3252010 0.3522523 0.1789569 0.2567559 0.1364409 0.3179053 0.3233637 0.3194988 0.3054683 0.3751218 0.1329803 0.3243023 0.3292116 0.3171998 0.3399233 0.3253909 0.3262829 0.1340981 0.2292093 0.3064488 0.2700117 0.3155003 0.1456075 0.3252010 0.2016917 0.2071176 
Eutetras_palmeri_63                        0.1285474 0.0720177 0.1488096 0.2632590 0.0000000 0.0000010 0.2680540 0.1073429 0.1981572 0.1403079 0.0440941 0.1415967 0.1483022 0.1487241 0.0928785 0.1510727 0.1207835 0.0411236 0.1211800 0.1195818 0.1373826 0.1488075 0.0899020 0.1507779 0.1321463 0.1436644 0.1496511 0.1990897 0.1526367 0.0757115 0.0462004 0.1203072 0.0532419 0.1385441 0.1410682 0.1194091 0.1503881 0.1229087 0.1603643 0.1515072 0.1494347 0.1457069 0.1431572 0.1046967 0.1279041 0.1582041 0.1430091 0.1464748 0.1488075 0.1233170 0.1482925 0.1498309 0.1301973 0.1592746 0.1415009 0.1563451 0.0730994 0.0865940 0.1485616 0.1486546 0.1654383 0.1038439 0.1479523 0.0874078 0.1436936 0.1523378 0.1541188 0.1930773 0.1626385 0.0682955 0.1480388 0.1415601 0.0456767 0.1520886 0.1465897 0.1235286 0.0847499 0.1369689 0.1456621 0.1591287 0.1373028 0.0951404 0.1486546 0.1155540 0.1333995 
Eutetras_pringlei_149_quer                 0.0435805 0.0380983 0.0491887 0.0723592 0.0000010 0.0000000 0.0435147 0.0349123 0.0519967 0.0381554 0.0053261 0.0325496 0.0325496 0.0437430 0.0325496 0.0492668 0.0381537 0.0106714 0.0551318 0.0325496 0.0380983 0.0325496 0.0381537 0.0380380 0.0325496 0.0325496 0.0492668 0.0380380 0.0437188 0.0107118 0.0107118 0.0161293 0.0160941 0.0381554 0.0325496 0.0107201 0.0493860 0.0437465 0.0549225 0.0437188 0.0380380 0.0325496 0.0493860 0.0325496 0.0610408 0.0439168 0.0493032 0.0325496 0.0325496 0.0493860 0.0325496 0.0325496 0.0325496 0.0492709 0.0437793 0.0380691 0.0381287 0.0437188 0.0325496 0.0325496 0.0380983 0.0381225 0.0326009 0.0437188 0.0382172 0.0436837 0.0492709 0.0214920 0.0270296 0.0381537 0.0492989 0.0380380 0.0107201 0.0325496 0.0325496 0.0325496 0.0381537 0.0269300 0.0380983 0.0325496 0.0382172 0.0547465 0.0325496 0.0106714 0.0492668 
Eutrochium_fistulosum_SRR9119106           0.3034727 0.1001393 0.3201008 0.2807667 0.2680540 0.0435147 0.0000000 0.1546937 0.3579465 0.2957096 0.2902671 0.3029867 0.3159510 0.3086813 0.1434582 0.3088205 0.2965659 0.2684101 0.2229474 0.2818735 0.2977271 0.3061479 0.0999153 0.3179753 0.3049757 0.3019651 0.3125932 0.3478733 0.3100982 0.1729344 0.1260035 0.2155220 0.2921058 0.2417246 0.2998575 0.3206314 0.2884229 0.3021394 0.3282914 0.3162310 0.3160747 0.3097334 0.2820518 0.2560384 0.2198433 0.3225871 0.3084924 0.3120035 0.3061479 0.2855570 0.3094369 0.3140561 0.3032623 0.3095100 0.3083707 0.2924569 0.0898298 0.0970533 0.3093333 0.3075628 0.3143812 0.1642991 0.2932107 0.1055284 0.3066386 0.3137403 0.3050635 0.3059691 0.3067866 0.0927734 0.3038999 0.3163000 0.2832249 0.3066811 0.3063687 0.2960758 0.0932959 0.2342576 0.2758109 0.3011763 0.3013378 0.1162624 0.3075628 0.2467428 0.2256603 
Galeana_pratensis_104_mex                  0.1297981 0.1104536 0.1199344 0.1458481 0.1073429 0.0349123 0.1546937 0.0000000 0.1904746 0.1101534 0.1211040 0.1058310 0.1108057 0.1155929 0.1014640 0.1254945 0.1108057 0.1111148 0.1205239 0.1105164 0.1058310 0.1108057 0.1302662 0.1155929 0.1058310 0.1108057 0.1199093 0.1077769 0.1306168 0.1831336 0.1244704 0.1365954 0.1309617 0.1101534 0.1057561 0.1416741 0.1302653 0.1112294 0.1205482 0.1203502 0.1252094 0.1108057 0.1303472 0.1156758 0.1360247 0.1105792 0.1063081 0.1156758 0.1108057 0.1358291 0.1157571 0.1108057 0.1055555 0.1361642 0.1063081 0.1188559 0.1136381 0.1357434 0.1258207 0.1261541 0.1413214 0.1004692 0.1251399 0.1347695 0.1105947 0.1305212 0.1356738 0.1148586 0.1150515 0.0803808 0.1158134 0.1155929 0.1416741 0.1108849 0.1133206 0.1108057 0.1209717 0.1093856 0.1100745 0.1009395 0.1438452 0.1399738 0.1261541 0.1358865 0.1203502 
Helianthus_annuus_SRR9119062               0.1777816 0.1641247 0.1835240 0.3415832 0.1981572 0.0519967 0.3579465 0.1904746 0.0000000 0.1803240 0.2126161 0.1726632 0.1535596 0.1727738 0.1761217 0.1831994 0.1737699 0.1940842 0.2015101 0.1692721 0.1669541 0.1771475 0.1160145 0.1775416 0.1770354 0.1659334 0.1710335 0.2455131 0.1697057 0.2309866 0.1559700 0.2649854 0.2247671 0.1933279 0.1709865 0.1784832 0.1834085 0.1752812 0.1934834 0.1902530 0.1761824 0.1786751 0.1734530 0.1689031 0.1869952 0.1925150 0.1787397 0.1790409 0.1770814 0.1692666 0.1785298 0.1763938 0.1777044 0.1742389 0.1754791 0.1812234 0.1144042 0.1373607 0.1749520 0.1763416 0.1762707 0.1763044 0.1813593 0.1349865 0.1709502 0.1690544 0.1715212 0.2792533 0.2704011 0.1089259 0.1790721 0.1775416 0.2205067 0.2142839 0.1792731 0.1761452 0.1279687 0.2702479 0.1777452 0.1972412 0.1712729 0.1663683 0.1776786 0.2445601 0.1781201 
Lycapsus_tenuifolius_17                    0.0578043 0.0290034 0.0488006 0.3160244 0.1403079 0.0381554 0.2957096 0.1101534 0.1803240 0.0000000 0.1596255 0.0708113 0.0646877 0.0655422 0.0470429 0.0747256 0.0639088 0.1640107 0.0673836 0.0627004 0.0609076 0.0702321 0.0528835 0.0696051 0.0660801 0.0706175 0.0668646 0.2031489 0.0740932 0.1248178 0.0686172 0.2273984 0.1716595 0.0021150 0.0663432 0.1061353 0.0776532 0.0660723 0.0862649 0.0689532 0.0704126 0.0643852 0.0707895 0.0626568 0.0649268 0.0835881 0.0659849 0.0733250 0.0717583 0.0625688 0.0719580 0.0697212 0.0652419 0.0772455 0.0629233 0.0721208 0.0417473 0.0473018 0.0732158 0.0732251 0.0864585 0.0593705 0.0794886 0.0436482 0.0715856 0.0715402 0.0695600 0.2662562 0.2557825 0.0302924 0.0698308 0.0711749 0.1695611 0.1517374 0.0717558 0.0692683 0.0377793 0.1880673 0.0671821 0.0809380 0.0727715 0.0583065 0.0740950 0.2049098 0.0630328 
Pericome_caudata_50_silver                 0.1477929 0.0870261 0.1724724 0.3237889 0.0440941 0.0053261 0.2902671 0.1211040 0.2126161 0.1596255 0.0000000 0.1504784 0.1794378 0.1684882 0.1070710 0.1945920 0.1255268 0.0581146 0.1347792 0.1371391 0.1491540 0.2000537 0.0870036 0.1775498 0.1436118 0.1754928 0.1922725 0.2451136 0.1847034 0.1029311 0.0507895 0.1943021 0.0777040 0.1529514 0.1490772 0.1695699 0.1743568 0.1408274 0.2263697 0.1718830 0.2055282 0.1631867 0.1612011 0.1223818 0.1513603 0.2136964 0.1683616 0.1827575 0.1893523 0.1395864 0.1851723 0.2059743 0.1397196 0.1934299 0.1581678 0.1874615 0.0806219 0.0917202 0.1602492 0.2077339 0.1965588 0.1106697 0.1617639 0.0892353 0.1887779 0.2227309 0.1550289 0.2326104 0.2166143 0.0626216 0.2019816 0.1972485 0.0627765 0.1882457 0.2073972 0.1302737 0.0811896 0.1495599 0.1930708 0.2225771 0.1499608 0.1163216 0.1917734 0.1455941 0.1540337 
Perityle_aglossa_84_dead_horse             0.0729724 0.0339867 0.0715378 0.3165299 0.1415967 0.0325496 0.3029867 0.1058310 0.1726632 0.0708113 0.1504784 0.0000000 0.0266522 0.0225565 0.0171250 0.0460329 0.0151727 0.1657759 0.0663234 0.0086765 0.0152622 0.0287499 0.0333848 0.0254075 0.0226501 0.0292822 0.0427316 0.1894359 0.0597504 0.1368286 0.0715540 0.2330410 0.1671175 0.0642971 0.0120924 0.0923196 0.0728959 0.0205148 0.0838910 0.0468799 0.0261477 0.0231905 0.0632392 0.0221508 0.0663347 0.0787735 0.0266688 0.0293051 0.0289250 0.0606337 0.0285608 0.0262085 0.0194243 0.0455580 0.0250774 0.0569595 0.0436443 0.0311432 0.0306318 0.0300363 0.0691527 0.0433892 0.0492387 0.0267750 0.0088621 0.0632352 0.0405996 0.2664147 0.2582153 0.0100099 0.0232252 0.0243575 0.1674049 0.1018216 0.0297198 0.0221758 0.0139820 0.1949935 0.0589334 0.0358873 0.0117922 0.0567599 0.0308789 0.2043336 0.0327967 
Perityle_ajoensis_204                      0.0723678 0.0384013 0.0678684 0.3039836 0.1483022 0.0325496 0.3159510 0.1108057 0.1535596 0.0646877 0.1794378 0.0266522 0.0000000 0.0100037 0.0221909 0.0429719 0.0202014 0.1833172 0.0653591 0.0208945 0.0196828 0.0060650 0.0332267 0.0128408 0.0140273 0.0034722 0.0432499 0.2213175 0.0561568 0.1451667 0.0822928 0.2539261 0.1843117 0.0634029 0.0225790 0.1100385 0.0652970 0.0250136 0.0808649 0.0476151 0.0136926 0.0096963 0.0664263 0.0060816 0.0613249 0.0810147 0.0293371 0.0094135 0.0060650 0.0596857 0.0171872 0.0068244 0.0121943 0.0433047 0.0294038 0.0556590 0.0453240 0.0326207 0.0078039 0.0076824 0.0670754 0.0519258 0.0479546 0.0309386 0.0269280 0.0579651 0.0391976 0.2749795 0.2928178 0.0099603 0.0272002 0.0131402 0.1821877 0.1155622 0.0052042 0.0058045 0.0092417 0.2004577 0.0553150 0.0456086 0.0299110 0.0548905 0.0076824 0.2037616 0.0372132 
Perityle_ambrosiifolia_67_green            0.0740581 0.0417959 0.0669936 0.3075057 0.1487241 0.0437430 0.3086813 0.1155929 0.1727738 0.0655422 0.1684882 0.0225565 0.0100037 0.0000000 0.0229024 0.0429557 0.0217454 0.1699305 0.0697393 0.0223814 0.0188176 0.0136282 0.0405163 0.0106795 0.0147670 0.0110286 0.0385403 0.2047525 0.0588355 0.1466817 0.0853792 0.2108145 0.1754726 0.0676378 0.0197433 0.0779273 0.0683682 0.0284308 0.0854128 0.0487489 0.0115657 0.0070971 0.0644583 0.0120015 0.0697532 0.0865552 0.0273243 0.0152248 0.0136282 0.0645665 0.0079924 0.0115948 0.0129086 0.0404463 0.0289496 0.0571749 0.0471873 0.0357774 0.0124933 0.0124996 0.0672583 0.0550678 0.0513066 0.0330410 0.0252681 0.0607283 0.0385266 0.2740135 0.2500993 0.0149940 0.0237959 0.0109386 0.1709602 0.0958548 0.0127342 0.0114371 0.0115677 0.2027783 0.0547055 0.0389076 0.0293437 0.0598034 0.0124996 0.2077133 0.0374086 
Perityle_angustifolia_13_Eagle_creek       0.0661714 0.0363133 0.0541671 0.1587946 0.0928785 0.0325496 0.1434582 0.1014640 0.1761217 0.0470429 0.1070710 0.0171250 0.0221909 0.0229024 0.0000000 0.0316940 0.0084632 0.0981575 0.0612237 0.0199571 0.0141532 0.0288763 0.0235856 0.0242724 0.0185845 0.0220196 0.0336518 0.1237358 0.0549799 0.1270908 0.0665805 0.1176757 0.1318272 0.0485666 0.0185346 0.0700847 0.0587536 0.0141638 0.0831482 0.0348401 0.0286052 0.0213470 0.0526157 0.0258370 0.0621917 0.0833280 0.0202690 0.0272792 0.0288763 0.0541981 0.0242726 0.0228902 0.0170313 0.0366493 0.0206996 0.0482154 0.0401157 0.0326423 0.0258060 0.0258270 0.0658348 0.0431443 0.0398159 0.0246489 0.0228558 0.0532858 0.0330582 0.1164343 0.1048009 0.0024734 0.0144614 0.0242724 0.1115995 0.0333201 0.0259936 0.0228401 0.0115978 0.1138070 0.0452673 0.0216096 0.0318415 0.0597153 0.0258270 0.1190856 0.0286221 
Perityle_batopilensis_97                   0.0798575 0.0450587 0.0769831 0.3170760 0.1510727 0.0492668 0.3088205 0.1254945 0.1831994 0.0747256 0.1945920 0.0460329 0.0429719 0.0429557 0.0316940 0.0000000 0.0396857 0.1899531 0.0686869 0.0394454 0.0363096 0.0462289 0.0454072 0.0472269 0.0469205 0.0478589 0.0373117 0.2499082 0.0662830 0.1427729 0.0781571 0.2443355 0.2077203 0.0724042 0.0408496 0.1240174 0.0782546 0.0415659 0.0890570 0.0190754 0.0470287 0.0436518 0.0718719 0.0365074 0.0686875 0.0896428 0.0479067 0.0487473 0.0465417 0.0657797 0.0552593 0.0455684 0.0430643 0.0397910 0.0470567 0.0656708 0.0565299 0.0247452 0.0490109 0.0479244 0.0769302 0.0586621 0.0633530 0.0225783 0.0464251 0.0668306 0.0364515 0.2675729 0.2880719 0.0225817 0.0461505 0.0464200 0.1847178 0.1347800 0.0476047 0.0422507 0.0377598 0.1952260 0.0621711 0.0741435 0.0485205 0.0647700 0.0487076 0.2013639 0.0247644 
Perityle_bisetosa_9                        0.0704037 0.0353996 0.0615383 0.3177895 0.1207835 0.0381537 0.2965659 0.1108057 0.1737699 0.0639088 0.1255268 0.0151727 0.0202014 0.0217454 0.0084632 0.0396857 0.0000000 0.1291554 0.0609018 0.0154761 0.0119005 0.0229449 0.0235396 0.0377875 0.0212523 0.0234018 0.0326787 0.1449460 0.0555719 0.1383652 0.0711667 0.1807417 0.1405690 0.0616086 0.0149297 0.0648399 0.0624050 0.0057703 0.0779575 0.0423056 0.0385479 0.0194342 0.0525722 0.0220586 0.0609763 0.0742707 0.0197243 0.0357815 0.0362880 0.0551104 0.0217147 0.0370689 0.0160686 0.0374163 0.0211103 0.0562328 0.0434099 0.0310202 0.0226911 0.0356897 0.0629262 0.0430759 0.0447602 0.0267035 0.0187564 0.0567074 0.0341218 0.2257352 0.2007932 0.0000010 0.0059614 0.0340592 0.1351445 0.0799140 0.0237786 0.0212073 0.0162642 0.1943009 0.0523917 0.0334308 0.0230763 0.0581796 0.0233120 0.1724800 0.0303852 
Perityle_californica_76_positas            0.1320929 0.0971033 0.1787396 0.2518801 0.0411236 0.0106714 0.2684101 0.1111148 0.1940842 0.1640107 0.0581146 0.1657759 0.1833172 0.1699305 0.0981575 0.1899531 0.1291554 0.0000000 0.1274330 0.1279747 0.1633096 0.1814375 0.1002940 0.1882133 0.1420783 0.1819777 0.1946633 0.2035528 0.1924226 0.0898735 0.0542810 0.1639585 0.0586298 0.1413304 0.1649322 0.1653500 0.1797266 0.1302903 0.1973651 0.1652886 0.1901679 0.1730045 0.1737175 0.1132549 0.1347103 0.1902887 0.1675222 0.1864682 0.1814375 0.1330952 0.1889856 0.1861531 0.1402042 0.1895857 0.1551940 0.1800866 0.0868145 0.1093009 0.1791625 0.1875818 0.2053497 0.1049345 0.1519101 0.1059259 0.1798930 0.1934247 0.1634167 0.2085311 0.2047671 0.0790989 0.1860909 0.1732879 0.0553102 0.1957349 0.1805057 0.1297307 0.0977876 0.1264613 0.1872619 0.1928243 0.1500837 0.1152079 0.1875818 0.1140127 0.1435026 
Perityle_canescens_77                      0.0697339 0.0471066 0.0686169 0.2228961 0.1211800 0.0551318 0.2229474 0.1205239 0.2015101 0.0673836 0.1347792 0.0663234 0.0653591 0.0697393 0.0612237 0.0686869 0.0609018 0.1274330 0.0000000 0.0660537 0.0596261 0.0714023 0.0619340 0.0696060 0.0648631 0.0636541 0.0719432 0.1539717 0.0740668 0.1355153 0.0724770 0.1492745 0.1476238 0.0665089 0.0635927 0.0953092 0.0652551 0.0683996 0.0712446 0.0739564 0.0695591 0.0658549 0.0628974 0.0677054 0.0631021 0.0688611 0.0630554 0.0672606 0.0714023 0.0653584 0.0684418 0.0673300 0.0621206 0.0732426 0.0684995 0.0696521 0.0594950 0.0679140 0.0673079 0.0673538 0.0924386 0.0673848 0.0732074 0.0669170 0.0674735 0.0752063 0.0710032 0.2052856 0.2013709 0.0390807 0.0682507 0.0696060 0.1366295 0.1002899 0.0715421 0.0672712 0.0614738 0.1999745 0.0680989 0.0690958 0.0755430 0.0803998 0.0673538 0.1457126 0.0665860 
Perityle_castillonii_96                    0.0727727 0.0370325 0.0589914 0.2910276 0.1195818 0.0325496 0.2818735 0.1105164 0.1692721 0.0627004 0.1371391 0.0086765 0.0208945 0.0223814 0.0199571 0.0394454 0.0154761 0.1279747 0.0660537 0.0000000 0.0144852 0.0254483 0.0405771 0.0243122 0.0204454 0.0227925 0.0367350 0.1676328 0.0554416 0.1404970 0.0783363 0.1743702 0.1450284 0.0631550 0.0038267 0.0696822 0.0637296 0.0217413 0.0765415 0.0475351 0.0242991 0.0203536 0.0562973 0.0234139 0.0660649 0.0766330 0.0226008 0.0253663 0.0254483 0.0605751 0.0213380 0.0233842 0.0193687 0.0417621 0.0229147 0.0539744 0.0490869 0.0326390 0.0233783 0.0233912 0.0667275 0.0491117 0.0458146 0.0330564 0.0125441 0.0564152 0.0372158 0.2202545 0.2049758 0.0150078 0.0217602 0.0243122 0.1383305 0.0673548 0.0244998 0.0233046 0.0186342 0.1855207 0.0498825 0.0344508 0.0165282 0.0581239 0.0233912 0.1596239 0.0305170 
Perityle_cernua_84                         0.0715376 0.0322088 0.0618861 0.3154667 0.1373826 0.0380983 0.2977271 0.1058310 0.1669541 0.0609076 0.1491540 0.0152622 0.0196828 0.0188176 0.0141532 0.0363096 0.0119005 0.1633096 0.0596261 0.0144852 0.0000000 0.0206514 0.0331520 0.0184374 0.0172922 0.0210358 0.0335293 0.1909157 0.0505321 0.1299741 0.0711489 0.2137086 0.1609322 0.0570123 0.0120488 0.0795924 0.0645355 0.0184354 0.0772074 0.0416037 0.0192334 0.0156725 0.0565229 0.0189983 0.0609156 0.0761614 0.0184293 0.0225786 0.0212387 0.0561304 0.0211447 0.0192814 0.0140192 0.0366549 0.0211792 0.0513715 0.0452249 0.0294052 0.0225460 0.0217353 0.0604646 0.0430572 0.0425081 0.0287619 0.0168599 0.0545187 0.0332364 0.2630530 0.2364090 0.0099371 0.0154271 0.0180114 0.1621088 0.1026500 0.0213519 0.0176164 0.0162495 0.1838327 0.0486187 0.0293649 0.0219027 0.0549260 0.0225512 0.1949084 0.0291865 
Perityle_cfvillosa_25_tin                  0.0784955 0.0468549 0.0715696 0.3251899 0.1488075 0.0325496 0.3061479 0.1108057 0.1771475 0.0702321 0.2000537 0.0287499 0.0060650 0.0136282 0.0288763 0.0462289 0.0229449 0.1814375 0.0714023 0.0254483 0.0206514 0.0000000 0.0458256 0.0134306 0.0175805 0.0078954 0.0427335 0.2577676 0.0609328 0.1441396 0.0884478 0.2530656 0.1974860 0.0702807 0.0241773 0.1118615 0.0729580 0.0307639 0.0833430 0.0505721 0.0135871 0.0116383 0.0674091 0.0099563 0.0689167 0.0830624 0.0302806 0.0108231 0.0000010 0.0653947 0.0220448 0.0078451 0.0142847 0.0484389 0.0321087 0.0589868 0.0512524 0.0408150 0.0112469 0.0114423 0.0698682 0.0593018 0.0534396 0.0418327 0.0260864 0.0616604 0.0439691 0.2746349 0.2974129 0.0227923 0.0266468 0.0123882 0.1723765 0.1031210 0.0067125 0.0087857 0.0187489 0.2061635 0.0594272 0.0635593 0.0328333 0.0633132 0.0111120 0.1961969 0.0422120 
Perityle_cinerea_113_Powell1310            0.0607648 0.0480504 0.0681811 0.1327974 0.0899020 0.0381537 0.0999153 0.1302662 0.1160145 0.0528835 0.0870036 0.0333848 0.0332267 0.0405163 0.0235856 0.0454072 0.0235396 0.1002940 0.0619340 0.0405771 0.0331520 0.0458256 0.0000000 0.0380292 0.0356382 0.0332267 0.0528403 0.0491832 0.0668613 0.0950175 0.0745965 0.0984852 0.1056621 0.0528835 0.0382006 0.0794807 0.0630139 0.0259301 0.0805307 0.0454072 0.0404357 0.0356262 0.0579600 0.0356632 0.0682171 0.0782243 0.0358772 0.0356988 0.0458256 0.0605627 0.0405329 0.0332267 0.0332259 0.0530375 0.0433663 0.0613888 0.0445161 0.0528225 0.0356993 0.0381588 0.0625652 0.0539941 0.0504108 0.0411464 0.0381875 0.0667855 0.0530375 0.0975478 0.1006444 0.0049643 0.0283080 0.0380292 0.0933956 0.0333576 0.0360251 0.0356988 0.0315533 0.1034677 0.0553830 0.0331411 0.0384673 0.0720124 0.0381588 0.0999337 0.0503680 
Perityle_coahuilensis_24                   0.0737627 0.0417232 0.0721284 0.3292116 0.1507779 0.0380380 0.3179753 0.1155929 0.1775416 0.0696051 0.1775498 0.0254075 0.0128408 0.0106795 0.0242724 0.0472269 0.0377875 0.1882133 0.0696060 0.0243122 0.0184374 0.0134306 0.0380292 0.0000000 0.0172859 0.0136695 0.0460889 0.2052076 0.0573740 0.1423976 0.0804646 0.2591249 0.1823401 0.0708940 0.0254982 0.1070002 0.0716878 0.0303514 0.0832867 0.0516443 0.0039440 0.0081533 0.0658424 0.0129209 0.0722604 0.0994048 0.0280661 0.0146313 0.0138885 0.0666440 0.0162023 0.0135458 0.0140141 0.0451620 0.0315444 0.0598932 0.0528550 0.0405916 0.0161592 0.0156433 0.0790560 0.0527997 0.0533252 0.0372953 0.0316411 0.0623182 0.0412843 0.2783454 0.2739339 0.0124597 0.0249912 0.0000010 0.1796549 0.1167202 0.0138656 0.0104996 0.0139047 0.2079519 0.0594453 0.0489132 0.0321803 0.0629856 0.0167101 0.2107407 0.0407633 
Perityle_cochisensis_44_cave_creek         0.0751963 0.0354915 0.0679620 0.3250391 0.1321463 0.0325496 0.3049757 0.1058310 0.1770354 0.0660801 0.1436118 0.0226501 0.0140273 0.0147670 0.0185845 0.0469205 0.0212523 0.1420783 0.0648631 0.0204454 0.0172922 0.0175805 0.0356382 0.0172859 0.0000000 0.0160100 0.0380761 0.1694591 0.0605208 0.1372387 0.0762707 0.1864098 0.1519550 0.0631070 0.0199521 0.0742201 0.0707172 0.0254706 0.0802151 0.0474863 0.0181445 0.0138208 0.0621813 0.0139637 0.0648119 0.0806297 0.0265448 0.0181911 0.0175805 0.0604643 0.0150229 0.0155419 0.0114000 0.0426713 0.0293123 0.0570234 0.0434544 0.0325943 0.0172849 0.0172934 0.0676203 0.0492485 0.0481252 0.0309145 0.0261565 0.0604215 0.0395012 0.2438969 0.2173919 0.0124644 0.0237567 0.0172859 0.1496896 0.0789729 0.0151633 0.0152218 0.0139010 0.1968646 0.0554120 0.0348120 0.0294586 0.0518208 0.0181674 0.1833453 0.0362818 
Perityle_congesta_202                      0.0726655 0.0379288 0.0696387 0.3207406 0.1436644 0.0325496 0.3019651 0.1108057 0.1659334 0.0706175 0.1754928 0.0292822 0.0034722 0.0110286 0.0220196 0.0478589 0.0234018 0.1819777 0.0636541 0.0227925 0.0210358 0.0078954 0.0332267 0.0136695 0.0160100 0.0000000 0.0464882 0.2178947 0.0605202 0.1415322 0.0805937 0.2523518 0.1841878 0.0641871 0.0246317 0.1151768 0.0712448 0.0281379 0.0814196 0.0479751 0.0150196 0.0100874 0.0659440 0.0070578 0.0598723 0.0834482 0.0280608 0.0110669 0.0078954 0.0620009 0.0197987 0.0086698 0.0126496 0.0474301 0.0305400 0.0543436 0.0453240 0.0326207 0.0114504 0.0110525 0.0697549 0.0492710 0.0462895 0.0309386 0.0288776 0.0611656 0.0421064 0.2688774 0.2822370 0.0099603 0.0283261 0.0137219 0.1761884 0.1051436 0.0064743 0.0089287 0.0092417 0.1898566 0.0584908 0.0571094 0.0303774 0.0563096 0.0118476 0.1936402 0.0369872 
Perityle_cordifolia_27                     0.0807948 0.0424294 0.0710287 0.3234998 0.1496511 0.0492668 0.3125932 0.1199093 0.1710335 0.0668646 0.1922725 0.0427316 0.0432499 0.0385403 0.0336518 0.0373117 0.0326787 0.1946633 0.0719432 0.0367350 0.0335293 0.0427335 0.0528403 0.0460889 0.0380761 0.0464882 0.0000000 0.2477312 0.0616033 0.1270095 0.0781841 0.2523953 0.2085930 0.0637582 0.0397288 0.1099569 0.0706044 0.0398961 0.0852014 0.0401374 0.0454398 0.0387051 0.0655486 0.0378930 0.0694713 0.0819557 0.0429574 0.0482340 0.0477236 0.0599611 0.0521305 0.0462011 0.0341316 0.0317293 0.0415241 0.0629020 0.0538373 0.0219719 0.0427187 0.0490015 0.0739705 0.0578360 0.0584122 0.0125263 0.0442481 0.0638519 0.0214504 0.2665024 0.2892864 0.0302661 0.0453473 0.0434774 0.1829609 0.1331813 0.0462321 0.0378998 0.0338467 0.1970175 0.0644092 0.0756307 0.0440640 0.0624727 0.0450810 0.2054763 0.0250450 
Perityle_cordifolia_68_tecolote            0.1933116 0.0574628 0.2149203 0.3526250 0.1990897 0.0380380 0.3478733 0.1077769 0.2455131 0.2031489 0.2451136 0.1894359 0.2213175 0.2047525 0.1237358 0.2499082 0.1449460 0.2035528 0.1539717 0.1676328 0.1909157 0.2577676 0.0491832 0.2052076 0.1694591 0.2178947 0.2477312 0.0000000 0.2283413 0.1806088 0.1110577 0.3438773 0.2670048 0.2005072 0.1771783 0.2672616 0.2056349 0.1747072 0.3120518 0.2105346 0.2769317 0.2027819 0.1991082 0.1298763 0.1393004 0.2861918 0.2189155 0.2126676 0.2120078 0.1599233 0.2451474 0.2688443 0.1717383 0.2400140 0.2006599 0.2215282 0.0105559 0.0573676 0.1984335 0.2536945 0.2204737 0.1505243 0.2223269 0.0539883 0.2584432 0.3077274 0.1816693 0.3120998 0.3532286 0.0332755 0.2524729 0.2702104 0.2338457 0.1899870 0.2583079 0.1489777 0.0516968 0.2551463 0.2433959 0.2685594 0.1798093 0.0886597 0.2308030 0.2809234 0.1911840 
Perityle_coronopifolia_28_patagonia        0.0792788 0.0504274 0.0791921 0.3272970 0.1526367 0.0437188 0.3100982 0.1306168 0.1697057 0.0740932 0.1847034 0.0597504 0.0561568 0.0588355 0.0549799 0.0662830 0.0555719 0.1924226 0.0740668 0.0554416 0.0505321 0.0609328 0.0668613 0.0573740 0.0605208 0.0605202 0.0616033 0.2283413 0.0000000 0.1382399 0.0910436 0.2603284 0.1954046 0.0719511 0.0565282 0.1324844 0.0794418 0.0612104 0.0851251 0.0718205 0.0609786 0.0555605 0.0739513 0.0529065 0.0753795 0.0828364 0.0627830 0.0619036 0.0605584 0.0691090 0.0711977 0.0603059 0.0568185 0.0643919 0.0643189 0.0274005 0.0512709 0.0559262 0.0586892 0.0602901 0.0374180 0.0728522 0.0688110 0.0483976 0.0619712 0.0082819 0.0568107 0.2792962 0.3053589 0.0405815 0.0636829 0.0590565 0.1720387 0.1451487 0.0638651 0.0569554 0.0452586 0.2130985 0.0725592 0.0961891 0.0661557 0.0301217 0.0610818 0.2041751 0.0622412 
Perityle_crassifolia_70_ventanas           0.1304841 0.1096011 0.1470591 0.1895046 0.0757115 0.0107118 0.1729344 0.1831336 0.2309866 0.1248178 0.1029311 0.1368286 0.1451667 0.1466817 0.1270908 0.1427729 0.1383652 0.0898735 0.1355153 0.1404970 0.1299741 0.1441396 0.0950175 0.1423976 0.1372387 0.1415322 0.1270095 0.1806088 0.1382399 0.0000000 0.0306543 0.0731867 0.0919030 0.1268655 0.1385396 0.0925578 0.1411207 0.1422942 0.1587574 0.1459792 0.1463227 0.1422818 0.1310572 0.1433455 0.1486328 0.1549027 0.1393807 0.1429995 0.1441396 0.1353585 0.1467346 0.1429995 0.1382935 0.1304767 0.1376595 0.1358373 0.1130860 0.1508224 0.1452153 0.1473493 0.1477759 0.1330622 0.1441744 0.1322743 0.1363191 0.1425891 0.1421416 0.1159061 0.1082177 0.0708982 0.1398904 0.1423976 0.0427842 0.1416109 0.1403403 0.1446784 0.1301040 0.1020232 0.1360910 0.1404895 0.1456401 0.1466937 0.1473493 0.0839820 0.1370028 
Perityle_crassifolia_74_playa_balandra     0.0876892 0.0636881 0.0908017 0.1630583 0.0462004 0.0107118 0.1260035 0.1244704 0.1559700 0.0686172 0.0507895 0.0715540 0.0822928 0.0853792 0.0665805 0.0781571 0.0711667 0.0542810 0.0724770 0.0783363 0.0711489 0.0884478 0.0745965 0.0804646 0.0762707 0.0805937 0.0781841 0.1110577 0.0910436 0.0306543 0.0000000 0.0530044 0.0616717 0.0686172 0.0761172 0.0153511 0.0755644 0.0781524 0.0921108 0.0804743 0.0827579 0.0781744 0.0663401 0.0829744 0.0789611 0.0876046 0.0761050 0.0805937 0.0884478 0.0711009 0.0854138 0.0805937 0.0736037 0.0830382 0.0833930 0.0829053 0.0666119 0.0816409 0.0853595 0.0854682 0.0876016 0.0669839 0.0782527 0.0764829 0.0783851 0.0959821 0.0806346 0.0718231 0.0569858 0.0571517 0.0766537 0.0804646 0.0288475 0.0808917 0.0839037 0.0830522 0.0830939 0.0594103 0.0710092 0.0806700 0.0888791 0.0922127 0.0854682 0.0616784 0.0805067 
Perityle_cuneata_34_cuneata_San_antonio    0.1811068 0.0954483 0.2405942 0.1812651 0.1203072 0.0161293 0.2155220 0.1365954 0.2649854 0.2273984 0.1943021 0.2330410 0.2539261 0.2108145 0.1176757 0.2443355 0.1807417 0.1639585 0.1492745 0.1743702 0.2137086 0.2530656 0.0984852 0.2591249 0.1864098 0.2523518 0.2523953 0.3438773 0.2603284 0.0731867 0.0530044 0.0000000 0.1865630 0.1795713 0.2129778 0.2264888 0.2317708 0.1868315 0.2746491 0.1954009 0.2621904 0.2292400 0.2327118 0.1422527 0.1530391 0.2721026 0.2442352 0.2588914 0.2530656 0.1740844 0.2599154 0.2556846 0.1833099 0.2637469 0.2037261 0.2165232 0.0933962 0.1093081 0.2430604 0.2605359 0.2697127 0.1324055 0.1930814 0.1130201 0.2556618 0.2601679 0.2034230 0.1657993 0.2027647 0.0770999 0.2570311 0.2450023 0.1649490 0.2667157 0.2549981 0.1753181 0.0978544 0.1725893 0.2471369 0.2518959 0.1957519 0.1156804 0.2605359 0.1274798 0.1809966 
Perityle_cuneata_4                         0.1530244 0.0914242 0.1752655 0.3385308 0.0532419 0.0160941 0.2921058 0.1309617 0.2247671 0.1716595 0.0777040 0.1671175 0.1843117 0.1754726 0.1318272 0.2077203 0.1405690 0.0586298 0.1476238 0.1450284 0.1609322 0.1974860 0.1056621 0.1823401 0.1519550 0.1841878 0.2085930 0.2670048 0.1954046 0.0919030 0.0616717 0.1865630 0.0000000 0.1725614 0.1653019 0.1736764 0.1749760 0.1499507 0.2160448 0.1843330 0.2043339 0.1693901 0.1648693 0.1329227 0.1577974 0.2138255 0.1676038 0.1899059 0.1875402 0.1433863 0.1932504 0.2007824 0.1502040 0.2018466 0.1606977 0.1881243 0.0861385 0.1033269 0.1735397 0.2040138 0.2051282 0.1349202 0.1728448 0.1025540 0.1997139 0.2126479 0.1673995 0.2306287 0.2183233 0.0792099 0.2009250 0.1967675 0.0578077 0.1992096 0.2026824 0.1432325 0.0967279 0.1575187 0.2003487 0.2340079 0.1608674 0.1130956 0.2050476 0.1398691 0.1615577 
Perityle_discoidea_81                      0.0607763 0.0305647 0.0474471 0.1910663 0.1385441 0.0381554 0.2417246 0.1101534 0.1933279 0.0021150 0.1529514 0.0642971 0.0634029 0.0676378 0.0485666 0.0724042 0.0616086 0.1413304 0.0665089 0.0631550 0.0570123 0.0702807 0.0528835 0.0708940 0.0631070 0.0641871 0.0637582 0.2005072 0.0719511 0.1268655 0.0686172 0.1795713 0.1725614 0.0000000 0.0606415 0.0896130 0.0712274 0.0691071 0.0841898 0.0726567 0.0719729 0.0639159 0.0665123 0.0654088 0.0677464 0.0819843 0.0636460 0.0689110 0.0702807 0.0670183 0.0674187 0.0663820 0.0638796 0.0778939 0.0640242 0.0764107 0.0417473 0.0473018 0.0675770 0.0676194 0.0889416 0.0593705 0.0813292 0.0436482 0.0688052 0.0743127 0.0698198 0.2042800 0.2047581 0.0302924 0.0676645 0.0708940 0.1601342 0.1344957 0.0691828 0.0689037 0.0377793 0.1900177 0.0659859 0.0682106 0.0743692 0.0583065 0.0676194 0.1858650 0.0648919 
Perityle_dissecta_201                      0.0704852 0.0354956 0.0642164 0.3139466 0.1410682 0.0325496 0.2998575 0.1057561 0.1709865 0.0663432 0.1490772 0.0120924 0.0225790 0.0197433 0.0185346 0.0408496 0.0149297 0.1649322 0.0635927 0.0038267 0.0120488 0.0241773 0.0382006 0.0254982 0.0199521 0.0246317 0.0397288 0.1771783 0.0565282 0.1385396 0.0761172 0.2129778 0.1653019 0.0606415 0.0000000 0.0783196 0.0677628 0.0194683 0.0796371 0.0446970 0.0262419 0.0191472 0.0573567 0.0210663 0.0636037 0.0755015 0.0211403 0.0294113 0.0290315 0.0594020 0.0221418 0.0263032 0.0167038 0.0420259 0.0221678 0.0513807 0.0472784 0.0278858 0.0254693 0.0293813 0.0625492 0.0491522 0.0458606 0.0309978 0.0141545 0.0577089 0.0361948 0.2696005 0.2422038 0.0125093 0.0178593 0.0252416 0.1656551 0.0999863 0.0250055 0.0202873 0.0186643 0.1945060 0.0578453 0.0304277 0.0145221 0.0549862 0.0275398 0.2007948 0.0304362 
Perityle_emoryi_47_punta_san_jose          0.0956006 0.0751618 0.1146502 0.3291690 0.1194091 0.0107201 0.3206314 0.1416741 0.1784832 0.1061353 0.1695699 0.0923196 0.1100385 0.0779273 0.0700847 0.1240174 0.0648399 0.1653500 0.0953092 0.0696822 0.0795924 0.1118615 0.0794807 0.1070002 0.0742201 0.1151768 0.1099569 0.2672616 0.1324844 0.0925578 0.0153511 0.2264888 0.1736764 0.0896130 0.0783196 0.0000000 0.1167355 0.0699736 0.1482740 0.0855723 0.1143409 0.0885700 0.1155808 0.0753287 0.0980291 0.1451119 0.0979409 0.1120519 0.1099614 0.0856124 0.1122353 0.1119924 0.0667091 0.1181855 0.0710918 0.1054845 0.0727046 0.0814542 0.1008439 0.1165141 0.1440627 0.0859159 0.0875875 0.0851004 0.1149757 0.1376141 0.0713932 0.2526207 0.2452540 0.0567808 0.1128492 0.1151698 0.1252421 0.1880809 0.1158326 0.0727160 0.0875633 0.1815497 0.1181694 0.1384855 0.0703173 0.1006548 0.1174206 0.1681903 0.0711775 
Perityle_feddemae_99                       0.0698575 0.0431040 0.0831168 0.3272054 0.1503881 0.0493860 0.2884229 0.1302653 0.1834085 0.0776532 0.1743568 0.0728959 0.0652970 0.0683682 0.0587536 0.0782546 0.0624050 0.1797266 0.0652551 0.0637296 0.0645355 0.0729580 0.0630139 0.0716878 0.0707172 0.0712448 0.0706044 0.2056349 0.0794418 0.1411207 0.0755644 0.2317708 0.1749760 0.0712274 0.0677628 0.1167355 0.0000000 0.0627898 0.0880323 0.0795481 0.0725190 0.0697887 0.0210975 0.0632455 0.0204587 0.0861706 0.0711968 0.0718261 0.0729580 0.0201541 0.0744906 0.0708509 0.0652111 0.0734118 0.0678287 0.0771642 0.0507662 0.0568522 0.0708944 0.0726793 0.0875612 0.0665324 0.0774405 0.0544137 0.0728148 0.0774250 0.0748090 0.2773687 0.2701568 0.0407355 0.0637651 0.0714971 0.1725062 0.1555833 0.0751729 0.0703231 0.0498749 0.1992532 0.0692218 0.0786120 0.0748435 0.0692195 0.0717955 0.2099332 0.0679109 
Perityle_fosteri_93                        0.0773259 0.0401026 0.0612932 0.2837718 0.1229087 0.0437465 0.3021394 0.1112294 0.1752812 0.0660723 0.1408274 0.0205148 0.0250136 0.0284308 0.0141638 0.0415659 0.0057703 0.1302903 0.0683996 0.0217413 0.0184354 0.0307639 0.0259301 0.0303514 0.0254706 0.0281379 0.0398961 0.1747072 0.0612104 0.1422942 0.0781524 0.1868315 0.1499507 0.0691071 0.0194683 0.0699736 0.0627898 0.0000000 0.0865477 0.0488424 0.0313193 0.0263424 0.0596428 0.0291178 0.0672438 0.0855926 0.0256431 0.0304243 0.0307639 0.0617566 0.0273597 0.0284236 0.0223823 0.0429908 0.0260007 0.0624058 0.0471177 0.0373958 0.0284164 0.0284322 0.0693711 0.0508486 0.0517082 0.0330344 0.0234600 0.0600092 0.0394106 0.2303541 0.2203662 0.0024726 0.0048936 0.0303514 0.1420547 0.0793874 0.0298091 0.0287100 0.0233698 0.2020925 0.0531947 0.0391565 0.0295776 0.0646005 0.0284322 0.1724965 0.0361511 
Perityle_gamon_221                         0.0958894 0.0641239 0.0914742 0.3127828 0.1603643 0.0549225 0.3282914 0.1205482 0.1934834 0.0862649 0.2263697 0.0838910 0.0808649 0.0854128 0.0831482 0.0890570 0.0779575 0.1973651 0.0712446 0.0765415 0.0772074 0.0833430 0.0805307 0.0832867 0.0802151 0.0814196 0.0852014 0.3120518 0.0851251 0.1587574 0.0921108 0.2746491 0.2160448 0.0841898 0.0796371 0.1482740 0.0880323 0.0865477 0.0000000 0.0922456 0.0809558 0.0777816 0.0833036 0.0834931 0.0790298 0.0092100 0.0830366 0.0902749 0.0872607 0.0754158 0.0944122 0.0826138 0.0770647 0.0924297 0.0890603 0.0910908 0.0602564 0.0734527 0.0876930 0.0884418 0.0928818 0.0919275 0.0908954 0.0698517 0.0835777 0.0811630 0.0891163 0.2789438 0.3116411 0.0510680 0.0866603 0.0802052 0.1915736 0.1699443 0.0869008 0.0843759 0.0699180 0.2192519 0.0817099 0.1230049 0.0880140 0.0938810 0.0912407 0.2318114 0.0866411 
Perityle_gentryi_8_san_francisco           0.0812729 0.0450488 0.0747085 0.2618972 0.1515072 0.0437188 0.3162310 0.1203502 0.1902530 0.0689532 0.1718830 0.0468799 0.0476151 0.0487489 0.0348401 0.0190754 0.0423056 0.1652886 0.0739564 0.0475351 0.0416037 0.0505721 0.0454072 0.0516443 0.0474863 0.0479751 0.0401374 0.2105346 0.0718205 0.1459792 0.0804743 0.1954009 0.1843330 0.0726567 0.0446970 0.0855723 0.0795481 0.0488424 0.0922456 0.0000000 0.0526002 0.0475790 0.0752865 0.0419274 0.0726743 0.0945735 0.0471952 0.0507132 0.0505721 0.0734455 0.0486242 0.0486055 0.0445559 0.0431877 0.0507224 0.0719539 0.0565451 0.0263164 0.0485936 0.0486203 0.0812124 0.0590056 0.0625099 0.0205006 0.0508347 0.0727684 0.0396734 0.2682175 0.2466001 0.0225817 0.0482684 0.0514627 0.1797507 0.1092808 0.0506529 0.0484255 0.0353495 0.1960612 0.0655845 0.0622634 0.0547272 0.0679679 0.0486203 0.1948509 0.0341224 
Perityle_gilensis_22_Superstition          0.0736849 0.0464471 0.0729746 0.3290104 0.1494347 0.0380380 0.3160747 0.1252094 0.1761824 0.0704126 0.2055282 0.0261477 0.0136926 0.0115657 0.0286052 0.0470287 0.0385479 0.1901679 0.0695591 0.0242991 0.0192334 0.0135871 0.0404357 0.0039440 0.0181445 0.0150196 0.0454398 0.2769317 0.0609786 0.1463227 0.0827579 0.2621904 0.2043339 0.0719729 0.0262419 0.1143409 0.0725190 0.0313193 0.0809558 0.0526002 0.0000000 0.0089659 0.0666456 0.0149161 0.0747157 0.0945215 0.0288829 0.0150285 0.0141940 0.0676291 0.0192194 0.0115412 0.0148852 0.0467931 0.0324612 0.0609032 0.0546980 0.0437487 0.0169240 0.0154586 0.0803400 0.0547161 0.0532711 0.0436221 0.0293371 0.0618228 0.0420973 0.2752104 0.2945484 0.0149629 0.0250454 0.0035596 0.1783635 0.1158618 0.0149457 0.0131384 0.0209164 0.2044041 0.0615741 0.0614669 0.0330887 0.0661106 0.0164347 0.2104395 0.0430526 
Perityle_gilensis_salensis_225             0.0714917 0.0401340 0.0660488 0.3254084 0.1457069 0.0325496 0.3097334 0.1108057 0.1786751 0.0643852 0.1631867 0.0231905 0.0096963 0.0070971 0.0213470 0.0436518 0.0194342 0.1730045 0.0658549 0.0203536 0.0156725 0.0116383 0.0356262 0.0081533 0.0138208 0.0100874 0.0387051 0.2027819 0.0555605 0.1422818 0.0781744 0.2292400 0.1693901 0.0639159 0.0191472 0.0885700 0.0697887 0.0263424 0.0777816 0.0475790 0.0089659 0.0000000 0.0616756 0.0089146 0.0671591 0.0774680 0.0234102 0.0131270 0.0116383 0.0623769 0.0099990 0.0098082 0.0104777 0.0421718 0.0268084 0.0555547 0.0452907 0.0357394 0.0131077 0.0122853 0.0649702 0.0489207 0.0468227 0.0309126 0.0239995 0.0579423 0.0387335 0.2705398 0.2507660 0.0099603 0.0217676 0.0083341 0.1710259 0.0986483 0.0117886 0.0088935 0.0092331 0.2007100 0.0500086 0.0362538 0.0284086 0.0581055 0.0131108 0.2075100 0.0349517 
Perityle_glaucescens_94                    0.0630098 0.0352908 0.0784951 0.3118640 0.1431572 0.0493860 0.2820518 0.1303472 0.1734530 0.0707895 0.1612011 0.0632392 0.0664263 0.0644583 0.0526157 0.0718719 0.0525722 0.1737175 0.0628974 0.0562973 0.0565229 0.0674091 0.0579600 0.0658424 0.0621813 0.0659440 0.0655486 0.1991082 0.0739513 0.1310572 0.0663401 0.2327118 0.1648693 0.0665123 0.0573567 0.1155808 0.0210975 0.0596428 0.0833036 0.0752865 0.0666456 0.0616756 0.0000000 0.0611314 0.0170334 0.0804709 0.0624746 0.0685421 0.0678539 0.0104973 0.0709434 0.0667703 0.0574850 0.0690167 0.0628529 0.0749094 0.0452387 0.0487478 0.0678494 0.0693661 0.0816748 0.0565102 0.0728892 0.0501194 0.0669060 0.0755166 0.0657542 0.2714907 0.2616862 0.0355120 0.0607410 0.0655365 0.1675286 0.1462096 0.0697263 0.0615705 0.0475299 0.1909598 0.0623774 0.0786840 0.0657200 0.0645109 0.0702274 0.2013839 0.0617650 
Perityle_gracilis_11                       0.0753513 0.0434248 0.0619974 0.3074462 0.1046967 0.0325496 0.2560384 0.1156758 0.1689031 0.0626568 0.1223818 0.0221508 0.0060816 0.0120015 0.0258370 0.0365074 0.0220586 0.1132549 0.0677054 0.0234139 0.0189983 0.0099563 0.0356632 0.0129209 0.0139637 0.0070578 0.0378930 0.1298763 0.0529065 0.1433455 0.0829744 0.1422527 0.1329227 0.0654088 0.0210663 0.0753287 0.0632455 0.0291178 0.0834931 0.0419274 0.0149161 0.0089146 0.0611314 0.0000000 0.0687060 0.0824971 0.0274700 0.0069352 0.0099563 0.0628021 0.0109204 0.0079283 0.0139329 0.0411246 0.0278011 0.0507568 0.0472392 0.0358341 0.0039549 0.0039571 0.0670566 0.0569912 0.0458031 0.0352023 0.0241628 0.0539149 0.0385077 0.2183998 0.2067099 0.0124732 0.0275123 0.0129209 0.1257094 0.0325238 0.0089719 0.0079360 0.0069331 0.1913098 0.0525656 0.0405370 0.0315101 0.0614507 0.0039571 0.1366724 0.0358761 
