83
Amauria_brandeegeana_62                    0.0000000 0.5005170 0.3231564 0.1447528 0.1798557 0.6165324 0.3597523 0.3353987 0.3242036 0.2293498 0.1674975 0.3222334 0.5289148 0.2720456 0.2472196 0.3497537 0.6551273 0.4972739 0.7281301 0.3054098 0.5509024 0.3633019 0.6818307 0.3651323 0.4162567 0.3689567 0.3702284 0.3645976 0.5040818 0.3421206 0.2717295 0.4504656 0.3755404 0.0783477 0.4672656 0.3971683 0.3929684 0.6972653 0.2354037 0.3767496 0.4285203 0.5829145 0.3283484 0.7662333 0.4130837 0.3615969 0.3531094 0.4500298 0.5006831 0.3065785 0.4325205 0.5590272 0.2754320 0.4164508 0.4959796 0.5359746 0.2363141 0.3582149 0.2915899 0.5566909 0.3273020 0.1483540 0.3668505 0.3860786 0.3243683 0.3971731 0.2963201 0.4177059 0.3720374 0.4697571 0.3683268 0.3850817 0.8373546 0.4827431 0.3216319 0.3863401 0.3440843 0.3601765 0.3646603 0.3619078 0.3536035 0.3525431 0.5737402 
Amauria_carterae_99_mesa                   0.5005170 0.0000000 0.0000010 0.4764136 0.0000010 0.1168000 0.0000010 0.0000010 0.4409871 0.4971861 0.0000010 0.0000010 0.1426240 0.0000010 1.3815888 0.1035216 0.1064788 0.3285818 0.1604964 0.0000010 0.0000010 0.3285818 0.3419107 0.3285818 0.3285818 0.3285818 0.3285818 0.0000010 0.1007462 0.9131350 0.4813960 0.4085803 0.3285818 0.4681487 0.0875950 0.0000010 1.4291196 0.0924820 0.0000010 0.3285818 0.3999005 0.0845206 0.0824368 0.1107453 0.2718501 0.3285818 0.3285818 0.0908445 0.0936028 0.0000010 0.3285818 0.1007688 0.0000010 0.0842272 0.0730087 0.0653991 0.0000010 0.3285818 0.0000010 0.0700804 0.0000010 0.0000010 0.0000010 0.3285818 0.0000010 0.0000010 0.1130316 0.1001946 0.3285818 0.6667212 0.3285818 0.0000010 0.0937069 0.0742646 0.0000010 0.5016330 0.4883296 0.0000010 0.0754748 0.3285818 0.3285818 0.0000010 0.1136992 
Conoclinium_coelestinum_SRR9119114         0.3231564 0.0000010 0.0000000 0.2808394 0.1796306 0.5345333 0.2842278 0.2830147 0.2154125 0.4172671 0.3903341 0.2058461 0.0000010 0.3993933 0.3994408 0.1742642 1.0000608 0.3800027 1.0159360 0.1926101 0.4905004 0.2127913 0.8366178 0.1973553 0.2273343 0.1997482 0.2345470 0.2206202 0.0000010 0.2017371 0.1809450 0.4206489 0.1925029 0.3571689 0.2500225 0.3480154 0.2185486 0.9727496 0.3911786 0.1931030 0.2083469 1.0170694 0.3320130 0.7440089 0.2690093 0.1927177 0.1963013 0.2517288 0.3559312 0.2052109 0.3173861 1.9917742 0.1365855 0.2530443 0.0000010 1.1171933 0.3838729 0.1894958 0.1554252 1.4191196 0.2371619 0.2756531 0.2120454 0.2213739 0.1956508 0.2195838 0.2218904 0.2412370 0.2084813 0.2392360 0.2196859 0.2026286 0.8447315 0.0000010 0.2093713 0.2317178 0.2406105 0.2002906 0.2198962 0.1996943 0.1978292 0.2258211 1.0490159 
Eutetras_palmeri_63                        0.1447528 0.4764136 0.2808394 0.0000000 0.0153274 0.5321924 0.3336287 0.3037145 0.2563073 0.1811754 0.1618788 0.3065268 0.8032802 0.1801400 0.1607196 0.2752532 1.3817017 0.4454539 1.1783093 0.2875540 0.5106289 0.3015782 0.8004490 0.3016073 0.3321228 0.2988827 0.2937221 0.3311707 0.4764136 0.2965722 0.2837799 0.3927283 0.2998111 0.1664953 0.3190340 0.4071184 0.3260585 1.0553066 0.1565982 0.3121041 0.3159934 1.2541857 0.2121873 0.8393675 0.2993336 0.2926165 0.2839311 0.3200458 0.4764136 0.2902278 0.4076294 0.9064961 0.2589940 0.3200823 0.4764136 0.9038098 0.1540412 0.2865516 0.2751669 0.4764136 0.2829743 0.0928737 0.3117931 0.3429030 0.2903524 0.3176626 0.0903297 0.3087353 0.3034287 0.3782702 0.3042049 0.3266754 0.8607105 0.4764136 0.3019515 0.3405405 0.3147358 0.3182742 0.2836133 0.2882622 0.3077983 0.2960977 2.2242585 
Eutetras_pringlei_149_quer                 0.1798557 0.0000010 0.1796306 0.0153274 0.0000000 0.6285188 0.2564584 0.3122793 0.2303095 0.0677978 0.0558628 0.3438858 0.0000010 0.0678851 0.0556827 0.3383110 0.0000010 0.3380095 0.8023774 0.3453416 0.1174823 0.3455351 0.6484049 0.3498623 0.3783742 0.3253992 0.3328360 0.3374543 0.0000010 0.3482437 0.3277617 0.2251547 0.3110354 0.2111614 0.3409785 0.3234493 0.3458106 0.6997045 0.0554047 0.3520971 0.3368080 0.0000010 0.3174507 1.2601064 0.3159214 0.3312722 0.3414971 0.3371171 0.0000010 0.3334756 0.3352375 0.0000010 0.3061946 0.3381199 0.0000010 0.0000010 0.0429201 0.3452913 1.0228093 0.0000010 0.3200078 0.0642839 0.3508525 0.3729786 0.3374715 0.3531479 0.0728480 0.3251361 0.3592608 0.3979850 0.3492266 0.3429970 0.6375757 0.0000010 0.3579404 0.3674626 0.3194383 0.3232325 0.2351063 0.3297823 0.3366279 0.2867457 0.0000010 
Eutrochium_fistulosum_SRR9119106           0.6165324 0.1168000 0.5345333 0.5321924 0.6285188 0.0000000 0.7509849 0.2497592 0.4417975 0.5029012 0.9290792 0.4236568 0.1648841 0.9166103 0.5059538 0.2378970 0.1409534 0.5414656 0.2902272 0.4099418 0.6661726 0.3473804 0.7360876 0.4794528 0.3458682 0.3143764 0.6339609 0.8996524 0.1906297 0.3960965 0.4614176 0.5467027 0.3918508 0.5493627 0.2512571 0.5174219 0.4990274 0.1984516 0.8996385 0.4821675 0.4352702 0.1813722 0.2757754 0.4343096 0.6006388 0.3449163 0.4450273 0.2414397 0.1967127 0.4179604 0.3973838 0.2980245 0.3000174 0.2649236 0.1272838 0.1480754 0.9667340 0.3319543 0.3509278 0.1540545 0.5309183 0.7541163 0.4843053 0.3401798 0.3494128 0.5408579 0.1630665 0.3047966 0.3434937 1.0080001 0.3152250 0.5605066 0.4271838 0.1122305 0.3726257 0.4341973 0.5317916 0.4434571 0.1395569 0.3391533 0.3175036 0.5570155 0.1651971 
Galeana_pratensis_104_mex                  0.3597523 0.0000010 0.2842278 0.3336287 0.2564584 0.7509849 0.0000000 0.3916630 0.3453530 0.2542685 0.2455288 0.3173581 0.0000010 0.2546953 0.2383353 0.3481379 0.0000010 0.4183689 0.9916770 0.3426830 0.2201006 0.3619234 0.8454637 0.3470250 0.3940905 0.3411127 0.3685854 0.3803838 0.0000010 0.3526874 0.4067827 0.3753474 0.3529657 0.3737825 0.3784030 0.3953248 0.3526814 0.6907810 0.2475208 0.3608272 0.3786035 0.0000010 0.3845484 1.2281551 0.3375543 0.3556497 0.3469622 0.3704410 0.0000010 0.3508074 0.4103209 0.0000010 0.3450965 0.3893940 0.0000010 0.0000010 0.2530560 0.3426830 0.6405726 0.0000010 0.3825382 0.2518458 0.3282752 0.3569035 0.3552429 0.3791632 0.2368951 0.3644956 0.3489622 0.4002834 0.3516159 0.3108042 0.8039833 0.0000010 0.3882950 0.3409145 0.3370828 0.2940224 0.3138288 0.3617177 0.3920375 0.3477374 0.0000010 
Helianthus_annuus_SRR9119062               0.3353987 0.0000010 0.2830147 0.3037145 0.3122793 0.2497592 0.3916630 0.0000000 0.3084577 0.2635325 0.2814713 0.2987512 0.0000010 0.2768600 0.2705514 0.3176285 0.0000010 0.3971435 1.0926318 0.2898036 0.4868320 0.2819217 0.8308636 0.2897404 0.3083376 0.3199667 0.3177323 0.2915838 0.0000010 0.2997517 0.3060407 0.3540646 0.2695626 0.3317040 0.3259531 0.3219751 0.3109079 0.8421920 0.2659127 0.2920022 0.3222069 0.0000010 0.5107820 0.7700091 0.2757946 0.2936291 0.2915999 0.3194893 0.0000010 0.2884639 0.3195441 0.0000010 0.2714828 0.3255646 0.0000010 0.0000010 0.2713195 0.2879987 0.4208613 0.0000010 0.3029379 0.2433580 0.3199066 0.3434973 0.3091177 0.3364386 0.2275952 0.2931317 0.2778263 0.3909812 0.2929065 0.2903201 0.9106023 0.0000010 0.3366114 0.3310344 0.3003570 0.2932735 0.2563394 0.2853596 0.3184246 0.2560208 0.0000010 
Lycapsus_tenuifolius_17                    0.3242036 0.4409871 0.2154125 0.2563073 0.2303095 0.4417975 0.3453530 0.3084577 0.0000000 0.2998198 0.2531510 0.1242554 0.6162565 0.3322747 0.2831487 0.1367135 2.1211363 0.2473788 1.1282372 0.1199547 0.4014450 0.1462498 0.7280780 0.1584802 0.1762355 0.1424464 0.1948817 0.1897817 0.9615749 0.1398106 0.1560817 0.1336637 0.1384009 0.3191188 0.1806885 0.1724901 0.1674625 1.0861849 0.2945963 0.1536061 0.1368462 1.5967825 0.3882367 0.7613064 0.1715094 0.1470405 0.1574489 0.1928894 0.8608211 0.1116576 0.1665238 0.3951244 0.1012023 0.1922513 0.4389386 2.6224000 0.2901954 0.1445553 0.1127798 2.0672026 0.1766132 0.2035315 0.1454381 0.1791966 0.1325329 0.1987299 0.1872592 0.1851233 0.1485294 0.3230167 0.1498542 0.1347960 0.8706845 0.0000010 0.1507903 0.1535498 0.1690528 0.1181345 0.1718884 0.1505422 0.1572737 0.1739977 1.5343581 
Perityle_aglossa_84_dead_horse             0.2293498 0.4971861 0.4172671 0.1811754 0.0677978 0.5029012 0.2542685 0.2635325 0.2998198 0.0000000 0.0419067 0.2869030 0.5261490 0.0832347 0.0801913 0.3710283 0.6117297 0.1752494 0.6833743 0.3146655 0.5554309 0.3273755 0.7330307 0.3306941 0.3710850 0.2761342 0.4633151 0.3042828 0.4801883 0.2943509 0.3122090 0.4741709 0.2962898 0.2785386 0.4256790 0.3743404 0.3490007 0.6454381 0.0380463 0.3118499 0.3633138 0.6321602 0.2632329 0.7349793 0.4476312 0.2903471 0.3334821 0.4205060 0.6287123 0.3407896 0.1890100 0.4977242 0.2322351 0.4240642 0.5163042 0.6219067 0.0434725 0.3138566 0.5250382 0.6144461 0.3702977 0.0598446 0.3011342 0.3056654 0.3030258 0.3729806 0.2514238 0.4636216 0.3180219 0.3458182 0.3292768 0.3090770 0.7319185 0.5106746 0.2992088 0.4302401 0.3559058 0.2935827 0.3388862 0.2884082 0.2967624 0.2767068 0.5497655 
Perityle_ajoensis_204                      0.1674975 0.0000010 0.3903341 0.1618788 0.0558628 0.9290792 0.2455288 0.2814713 0.2531510 0.0419067 0.0000000 0.2775003 0.0000010 0.0534252 0.0331736 0.2444161 0.0000010 0.1611880 1.2341589 0.2999138 0.5559455 0.3746247 0.7788149 0.3009989 0.3951806 0.3017369 0.3650635 0.3007421 0.0000010 0.2934616 0.3319612 0.3506166 0.2844061 0.2400781 0.3264497 0.3818967 0.2928602 1.1057603 0.0237663 0.2803639 0.3206295 0.0000010 0.1443975 1.1797936 0.3901779 0.3026644 0.3168529 0.3181249 0.0000010 0.3243921 0.1788681 0.0000010 0.2295016 0.3089687 0.0000010 0.0000010 0.0314604 0.3394903 0.5285839 0.0000010 0.3390392 0.0454571 0.2646156 0.3474040 0.3073421 0.2716076 0.0539577 0.3377113 0.3593378 0.3245977 0.3732677 0.2873420 0.7832115 0.0000010 0.2966162 0.3785628 0.2864079 0.2749161 0.2809101 0.3046129 0.3303392 0.2766769 0.0000010 
Perityle_ambrosiifolia_67_green            0.3222334 0.0000010 0.2058461 0.3065268 0.3438858 0.4236568 0.3173581 0.2987512 0.1242554 0.2869030 0.2775003 0.0000000 0.0000010 0.2723761 0.2638992 0.1136168 0.0000010 0.1955800 0.8500607 0.0266165 0.4122956 0.0295675 0.6701678 0.0266207 0.0693099 0.1347748 0.1271730 0.1795030 0.0000010 0.1312131 0.1215464 0.1233881 0.1087996 0.3267527 0.1456234 0.1282580 0.1271858 0.7412019 0.2536039 0.0295579 0.1435548 0.0000010 0.4206200 0.9389871 0.1288027 0.0294619 0.0256628 0.1462552 0.0000010 0.0296025 0.1210630 0.0000010 0.1404222 0.1427473 0.0000010 0.0000010 0.2756985 0.0233568 0.1579913 0.0000010 0.1441091 0.2192505 0.1266132 0.1246667 0.1198234 0.1401171 0.2426483 0.1293889 0.0323209 0.2546696 0.0298952 0.0273237 0.8687832 0.0000010 0.1307400 0.1433734 0.1187161 0.1157111 0.1176243 0.0301166 0.0538928 0.1045149 0.0000010 
Perityle_angustifolia_13_Eagle_creek       0.5289148 0.1426240 0.0000010 0.8032802 0.0000010 0.1648841 0.0000010 0.0000010 0.6162565 0.5261490 0.0000010 0.0000010 0.0000000 0.0000010 1.1654971 0.1893531 0.1464314 7.1830516 0.0084904 0.0000010 0.0000010 7.1830516 0.3879188 7.1830516 7.1830516 7.1830516 7.1830516 0.0000010 0.1614673 0.8779240 0.5513830 0.4334607 7.1830516 0.5185461 0.1736832 0.0000010 1.0993262 0.1332150 0.0000010 7.1830516 0.4763040 0.1590856 0.1605572 0.1864582 1.0501252 7.1830516 7.1830516 0.1745473 0.1653856 0.0000010 7.1830516 0.1625602 0.0000010 0.1664694 0.1260221 0.1295866 0.0000010 7.1830516 0.0000010 0.1416423 0.0000010 0.0000010 0.0000010 7.1830516 0.0000010 0.0000010 0.1454307 0.1728237 7.1830516 0.3888140 7.1830516 0.0000010 0.1655905 0.1100926 0.0000010 0.5555445 0.5420341 0.0000010 0.1293032 7.1830516 7.1830516 0.0000010 0.1527052 
Perityle_batopilensis_97                   0.2720456 0.0000010 0.3993933 0.1801400 0.0678851 0.9166103 0.2546953 0.2768600 0.3322747 0.0832347 0.0534252 0.2723761 0.0000010 0.0000000 0.0544577 0.2589104 1.1796256 0.2092629 1.1343965 0.3046728 0.5676648 0.3808651 0.8026724 0.3304435 0.4215220 0.3226737 0.4099672 0.3017881 0.0000010 0.3089889 0.3427243 0.4396963 0.3135440 0.3330365 0.3800257 0.3832845 0.3357135 1.1594591 0.0490577 0.3112510 0.3398389 1.5388642 0.2015601 1.1161961 0.4177152 0.3256571 0.3413190 0.3774267 1.2832886 0.3400345 0.2198498 2.0561187 0.2310591 0.3430646 0.0000010 1.3393248 0.0553581 0.3552023 0.5229880 1.7711394 0.3666527 0.0571183 0.2909584 0.3555893 0.3042016 0.3148808 0.0709957 0.3982124 0.3705220 0.3250288 0.3838150 0.3081837 0.8365358 0.0000010 0.2952606 0.4232816 0.3248313 0.2922885 0.2965865 0.3351546 0.3359287 0.2785940 2.5537197 
Perityle_bisetosa_9                        0.2472196 1.3815888 0.3994408 0.1607196 0.0556827 0.5059538 0.2383353 0.2705514 0.2831487 0.0801913 0.0331736 0.2638992 1.1654971 0.0544577 0.0000000 0.2887941 1.4479648 0.1577649 1.1181337 0.2922504 0.5319826 0.3628984 0.8082289 0.3097576 0.3635667 0.2716863 0.4620335 0.2843041 0.9936296 0.2686080 0.3081332 0.4319575 0.2791269 0.3151504 0.3870007 0.3532006 0.3405935 1.0801859 0.0273339 0.2850689 0.3217692 1.3794652 0.1901945 0.9180229 0.4422838 0.2704528 0.3169758 0.3810507 1.1559460 0.3215447 0.1815070 0.4670362 0.2193814 0.3575899 0.0000010 1.3506584 0.0289274 0.2973347 0.4994906 1.9417156 0.3566501 0.0396416 0.2749342 0.3137023 0.2964648 0.3563223 0.0625977 0.4180447 0.3168708 0.3103686 0.3379059 0.2883536 0.8341789 0.0000010 0.2918217 0.3619963 0.3178116 0.2719469 0.2950024 0.2841898 0.2873151 0.2641188 1.2459687 
Perityle_californica_76_positas            0.3497537 0.1035216 0.1742642 0.2752532 0.3383110 0.2378970 0.3481379 0.3176285 0.1367135 0.3710283 0.2444161 0.1136168 0.1893531 0.2589104 0.2887941 0.0000000 0.1555514 0.3096187 0.3036307 0.1157452 0.3469969 0.1256263 0.6726749 0.1156990 0.1417154 0.1695623 0.1579339 0.1919642 0.1690557 0.1509417 0.2257446 0.2531786 0.1489751 0.3358209 0.1488694 0.1928800 0.1402190 0.1773015 0.2325696 0.1152438 0.1711761 0.1379939 0.2815246 0.4029391 0.1662342 0.1260002 0.1186243 0.1485155 0.1569412 0.1131222 0.1979912 0.1703575 0.1441763 0.1668183 0.1210096 0.1101712 0.2424620 0.1211917 0.1453772 0.1502893 0.1357203 0.2486851 0.1558187 0.1800707 0.1212631 0.1470051 0.1758242 0.1498015 0.1253368 0.2830602 0.1275821 0.1216025 0.4711010 0.0957753 0.1211771 0.2595485 0.2482986 0.1666876 0.1200905 0.1355113 0.1345815 0.1154794 0.1438689 
Perityle_canescens_77                      0.6551273 0.1064788 1.0000608 1.3817017 0.0000010 0.1409534 0.0000010 0.0000010 2.1211363 0.6117297 0.0000010 0.0000010 0.1464314 1.1796256 1.4479648 0.1555514 0.0000000 0.8406057 0.1324917 0.0000010 0.7995268 0.8920110 0.5920985 0.9125764 0.8534118 0.7768055 1.7539862 0.0000010 0.1293871 1.1463770 0.6174714 0.5108111 0.7924304 0.6362577 0.1223863 1.6448652 0.7137388 0.1206530 1.0994702 0.8920110 0.4809683 0.1332859 0.1318101 0.1871963 1.2144670 0.7924304 0.9125764 0.1340614 0.1379723 0.0000010 0.8406057 0.1476482 0.0000010 0.1488680 0.0898368 0.1076989 1.4356040 0.7924304 0.0000010 0.1263068 1.1239803 0.0000010 0.0000010 0.8534118 0.0000010 0.8301403 0.1054062 0.2076595 0.7945356 1.0183020 0.7924304 0.0000010 0.2359352 0.0783933 0.0000010 0.6137566 0.6207660 0.0000010 0.0792403 0.9125764 0.8747834 2.1504273 0.1541869 
Perityle_castillonii_96                    0.4972739 0.3285818 0.3800027 0.4454539 0.3380095 0.5414656 0.4183689 0.3971435 0.2473788 0.1752494 0.1611880 0.1955800 7.1830516 0.2092629 0.1577649 0.3096187 0.8406057 0.0000000 1.0461967 0.2322689 0.3620139 0.2483152 0.8164402 0.2116165 0.2796460 0.1453180 0.3528142 0.1229805 0.8875824 0.2590490 0.2781804 0.3613970 0.1158568 0.5350284 0.3053355 0.2225755 0.2706860 0.9435293 0.1652567 0.1958023 0.2738058 0.8282287 0.5432809 0.9318281 0.2540069 0.1951987 0.2096481 0.3019695 0.6409294 0.2304767 0.0729508 0.3128913 0.1382344 0.2750826 0.0000010 0.7937335 0.1793917 0.2150372 0.5244288 0.9627777 0.3235001 0.2229792 0.2265942 0.1674042 0.2633146 0.2969682 0.2198711 0.2104752 0.2249019 0.1926968 0.2540414 0.1298194 0.8922446 0.0000010 0.2703274 0.2808997 0.1503531 0.0818378 0.1854276 0.1989023 0.2083025 0.1904120 1.3670716 
Perityle_cernua_84                         0.7281301 0.1604964 1.0159360 1.1783093 0.8023774 0.2902272 0.9916770 1.0926318 1.1282372 0.6833743 1.2341589 0.8500607 0.0084904 1.1343965 1.1181337 0.3036307 0.1324917 1.0461967 0.0000000 0.8384924 1.3305944 0.9372072 0.8314773 0.8973642 0.9900730 0.9643139 1.2184552 0.8205838 0.1713137 0.9647723 0.6875733 0.6732959 0.8716148 0.7256914 0.3293332 0.8098344 0.9006407 0.1161650 1.1188127 0.9114009 0.7408554 0.1718077 0.3530356 0.3682087 0.9763383 0.8650381 0.9213401 0.3311799 0.1628280 0.8248206 0.8975729 0.2257446 0.7471506 0.3261253 0.1328153 0.1349745 1.1798108 0.8962107 1.0642089 0.1457144 1.0300522 0.8254734 0.8686330 0.8999787 0.8639716 1.0164590 0.1933821 0.3404060 0.9119825 0.9934716 0.9019655 0.7885740 0.3696358 0.1135327 0.9162633 0.7051777 0.6950233 0.7614483 0.1817899 0.9271247 0.8877158 0.7898461 0.1832857 
Perityle_cfvillosa_25_tin                  0.3054098 0.0000010 0.1926101 0.2875540 0.3453416 0.4099418 0.3426830 0.2898036 0.1199547 0.3146655 0.2999138 0.0266165 0.0000010 0.3046728 0.2922504 0.1157452 0.0000010 0.2322689 0.8384924 0.0000000 0.4097927 0.0321429 0.7042119 0.0072005 0.0777552 0.1329354 0.1254298 0.1949863 0.0000010 0.1345562 0.1185620 0.2089806 0.1059052 0.3188426 0.1428824 0.1773245 0.1400746 0.6976251 0.2836280 0.0337699 0.1411938 0.0000010 0.3760434 0.8133857 0.1185433 0.0286211 0.0109814 0.1446773 0.0000010 0.0285944 0.1595786 0.0000010 0.1347964 0.1432262 0.0000010 0.0000010 0.2966756 0.0035904 0.1406990 0.0000010 0.1396709 0.2310676 0.1306581 0.1494185 0.1278679 0.1492324 0.2377318 0.1301349 0.0355227 0.2699402 0.0099384 0.0102587 0.8752248 0.0000010 0.1459466 0.1362444 0.1241529 0.1097878 0.1236587 0.0240331 0.0599014 0.1177572 0.0000010 
Perityle_cinerea_113_Powell1310            0.5509024 0.0000010 0.4905004 0.5106289 0.1174823 0.6661726 0.2201006 0.4868320 0.4014450 0.5554309 0.5559455 0.4122956 0.0000010 0.5676648 0.5319826 0.3469969 0.7995268 0.3620139 1.3305944 0.4097927 0.0000000 0.4157053 0.9173489 0.4133915 0.4194832 0.3690828 0.4267621 0.3974563 0.0000010 0.4797141 0.4390569 0.4135942 0.3507401 0.5345045 0.4779465 0.3356508 0.4368488 1.3049972 0.5282934 0.4165307 0.4635158 2.1945986 0.5432949 1.2095878 0.3819799 0.4161943 0.4184228 0.4774174 0.0000010 0.3975401 0.3551239 2.4243553 0.2220596 0.4488705 0.0000010 2.1945986 0.5416082 0.4059316 0.6482692 0.8894982 0.4459994 0.1906415 0.4232362 0.3389010 0.4032847 0.4339447 0.1550580 0.3576991 0.4185511 0.4016557 0.4173619 0.4225537 0.8721297 0.0000010 0.4175827 0.4635600 0.3494062 0.3473561 0.3101778 0.4054230 0.3500078 0.3837373 0.0000010 
Perityle_coahuilensis_24                   0.3633019 0.3285818 0.2127913 0.3015782 0.3455351 0.3473804 0.3619234 0.2819217 0.1462498 0.3273755 0.3746247 0.0295675 7.1830516 0.3808651 0.3628984 0.1256263 0.8920110 0.2483152 0.9372072 0.0321429 0.4157053 0.0000000 0.7305926 0.0341230 0.0942446 0.1207346 0.1661003 0.2032579 1.0164672 0.1414612 0.1201196 0.3184061 0.0923610 0.3816627 0.1848217 0.2344821 0.1629832 0.8207439 0.3777905 0.0087003 0.1547236 1.0138889 0.3991417 0.7385785 0.1273865 0.0403172 0.0343505 0.1795555 0.5683610 0.0407349 0.1849479 0.3332456 0.1337858 0.1699039 0.0000010 1.0860182 0.3860615 0.0315672 0.1316567 1.3432497 0.1376499 0.2307015 0.1375483 0.1416609 0.1237428 0.1986601 0.2342987 0.1715323 0.0043496 0.2785799 0.0381231 0.0325783 0.8975744 0.0000010 0.1399178 0.1867173 0.1551371 0.1108472 0.1290128 0.0369440 0.0556282 0.1282955 1.6716132 
Perityle_cochisensis_44_cave_creek         0.6818307 0.3419107 0.8366178 0.8004490 0.6484049 0.7360876 0.8454637 0.8308636 0.7280780 0.7330307 0.7788149 0.6701678 0.3879188 0.8026724 0.8082289 0.6726749 0.5920985 0.8164402 0.8314773 0.7042119 0.9173489 0.7305926 0.0000000 0.7222573 0.7210156 0.7599264 0.7340010 0.7712751 0.3879188 0.7172507 0.6925269 0.7805551 0.7342907 0.7138377 0.7298485 0.8036555 0.7603159 0.7362005 0.7868528 0.7205398 0.7442638 0.6063357 0.7811363 1.2048550 0.7825205 0.6878136 0.7123810 0.7448856 0.4062414 0.6911285 0.7947273 0.6013881 0.7143186 0.7146693 0.3219921 0.5995916 0.7939993 0.7188180 0.7097772 0.5395149 0.7445772 0.6464770 0.6752560 0.7784055 0.7239097 0.7610309 0.5544338 0.7229781 0.7487875 0.8183611 0.7254339 0.6961347 1.2225944 0.3442571 0.7205750 0.7116356 0.6599171 0.7229404 0.6523789 0.7102687 0.7028164 0.7168109 0.5645527 
Perityle_congesta_202                      0.3651323 0.3285818 0.1973553 0.3016073 0.3498623 0.4794528 0.3470250 0.2897404 0.1584802 0.3306941 0.3009989 0.0266207 7.1830516 0.3304435 0.3097576 0.1156990 0.9125764 0.2116165 0.8973642 0.0072005 0.4133915 0.0341230 0.7222573 0.0000000 0.1006432 0.1324902 0.1504127 0.1951317 1.0150214 0.1445005 0.1293122 0.2517543 0.1009642 0.3784979 0.1754764 0.1845092 0.1566779 0.8156410 0.3016348 0.0368606 0.1517423 0.6807904 0.4103042 0.8193574 0.1504801 0.0275195 0.0115750 0.1710287 0.1019452 0.0303469 0.1483735 0.7297827 0.1350935 0.1635058 0.0000010 0.6825059 0.3125105 0.0048738 0.1404571 1.2547662 0.1505326 0.2310914 0.1373351 0.1461112 0.1274242 0.1638673 0.2377318 0.1549857 0.0354337 0.2703541 0.0131023 0.0097094 0.8789809 0.0000010 0.1483523 0.1627189 0.1559864 0.1068092 0.1282406 0.0233613 0.0583110 0.1226394 1.3670716 
Perityle_cordifolia_27                     0.4162567 0.3285818 0.2273343 0.3321228 0.3783742 0.3458682 0.3940905 0.3083376 0.1762355 0.3710850 0.3951806 0.0693099 7.1830516 0.4215220 0.3635667 0.1417154 0.8534118 0.2796460 0.9900730 0.0777552 0.4194832 0.0942446 0.7210156 0.1006432 0.0000000 0.1580874 0.2263599 0.2096889 1.0977097 0.1666843 0.1515624 0.2920579 0.1421826 0.3811300 0.2361989 0.2376773 0.2126308 0.9244367 0.4022719 0.0996986 0.2028275 1.0652537 0.4537190 0.7210893 0.1709628 0.0913412 0.0940236 0.2239798 0.7298662 0.0950203 0.2131404 0.3285978 0.1357046 0.2037979 0.0000010 1.0165610 0.4193633 0.0880853 0.1496650 1.1884197 0.1887880 0.2828461 0.1931228 0.1313290 0.1506896 0.2458643 0.2398492 0.1726798 0.0936158 0.2852604 0.0950463 0.1232394 0.8918088 0.0000010 0.1619229 0.2080624 0.2023747 0.1805721 0.1554718 0.0961725 0.0364615 0.1473260 1.8031342 
Perityle_cordifolia_68_tecolote            0.3689567 0.3285818 0.1997482 0.2988827 0.3253992 0.3143764 0.3411127 0.3199667 0.1424464 0.2761342 0.3017369 0.1347748 7.1830516 0.3226737 0.2716863 0.1695623 0.7768055 0.1453180 0.9643139 0.1329354 0.3690828 0.1207346 0.7599264 0.1324902 0.1580874 0.0000000 0.2077734 0.1421501 0.8795921 0.1567528 0.1586839 0.2501708 0.0586255 0.3724382 0.2382327 0.1206972 0.1980001 0.8380484 0.2965835 0.1266262 0.2127581 0.8534166 0.4156990 0.7173220 0.1089099 0.1199330 0.1283171 0.2283359 0.6348807 0.1240191 0.0830900 0.3138037 0.0553795 0.1941688 0.0000010 0.8073962 0.3065115 0.1183097 0.1040791 1.1884197 0.1912813 0.2729053 0.1866898 0.1135875 0.1473928 0.2334429 0.2291062 0.1196749 0.1202811 0.2152494 0.1313868 0.1489840 0.8474491 0.0000010 0.1546853 0.1803180 0.1054300 0.0603336 0.1796235 0.1258031 0.1208638 0.2001812 1.1427487 
Perityle_coronopifolia_28_patagonia        0.3702284 0.3285818 0.2345470 0.2937221 0.3328360 0.6339609 0.3685854 0.3177323 0.1948817 0.4633151 0.3650635 0.1271730 7.1830516 0.4099672 0.4620335 0.1579339 1.7539862 0.3528142 1.2184552 0.1254298 0.4267621 0.1661003 0.7340010 0.1504127 0.2263599 0.2077734 0.0000000 0.2095955 1.4368346 0.1881334 0.1698859 0.3593518 0.1876251 0.4315200 0.1991081 0.2713418 0.1538429 1.0479534 0.3998136 0.1531139 0.1638667 1.8868344 0.4207183 0.9515381 0.1715877 0.1749423 0.1472376 0.2129961 1.2151003 0.1265682 0.2840673 1.3577293 0.1517386 0.1859588 0.0000010 9.0000000 0.3965879 0.1688820 0.0986639 9.0000000 0.1415319 0.2514035 0.0188668 0.2393560 0.1375749 0.1640091 0.2132063 0.2051066 0.1707751 0.2854060 0.1690103 0.1386069 0.9441884 0.0000010 0.1479030 0.1751197 0.2253493 0.1756699 0.1794665 0.1765240 0.1977985 0.1682903 1.6400599 
Perityle_crassifolia_70_ventanas           0.3645976 0.0000010 0.2206202 0.3311707 0.3374543 0.8996524 0.3803838 0.2915838 0.1897817 0.3042828 0.3007421 0.1795030 0.0000010 0.3017881 0.2843041 0.1919642 0.0000010 0.1229805 0.8205838 0.1949863 0.3974563 0.2032579 0.7712751 0.1951317 0.2096889 0.1421501 0.2095955 0.0000000 0.0000010 0.2201287 0.2134726 0.1867683 0.1115284 0.3600159 0.2407401 0.1399293 0.2211350 0.8798662 0.2790658 0.2073509 0.2382043 0.0000010 0.4395652 1.2806529 0.1520993 0.1933812 0.1922888 0.2386083 0.0000010 0.1875305 0.1346472 0.0000010 0.1387061 0.2248018 0.0000010 0.0000010 0.3091711 0.1930869 0.3503720 0.0000010 0.2377830 0.2945028 0.2093385 0.1452576 0.2194324 0.2328304 0.2639209 0.1549327 0.2006256 0.0086153 0.2035592 0.1968665 0.8432131 0.0000010 0.2300022 0.1800824 0.1322643 0.1271474 0.2330489 0.2001517 0.1929309 0.2227307 0.0000010 
Perityle_crassifolia_74_playa_balandra     0.5040818 0.1007462 0.0000010 0.4764136 0.0000010 0.1906297 0.0000010 0.0000010 0.9615749 0.4801883 0.0000010 0.0000010 0.1614673 0.0000010 0.9936296 0.1690557 0.1293871 0.8875824 0.1713137 0.0000010 0.0000010 1.0164672 0.3879188 1.0150214 1.0977097 0.8795921 1.4368346 0.0000010 0.0000000 0.9191476 0.4779984 0.4219764 1.0150214 0.4818654 0.1175012 0.0000010 2.5521061 0.1167621 0.0000010 1.0150214 0.5239670 0.1051164 0.1031749 0.1677630 0.2718501 0.7997410 1.0150214 0.1247666 0.1077022 0.0000010 0.8559657 0.1654112 0.0000010 0.1149686 0.1063227 0.1111911 0.0000010 0.8795921 0.0000010 0.1167159 0.0000010 0.0000010 0.0000010 0.7305826 0.0000010 2.4320695 0.1321674 0.1110371 1.0164672 1.5750856 0.8795921 0.0000010 0.1048026 0.1059448 0.0000010 0.5335761 0.4951026 0.0000010 0.1214902 1.0164672 1.0620302 0.0000010 0.0945721 
Perityle_cuneata_34_cuneata_San_antonio    0.3421206 0.9131350 0.2017371 0.2965722 0.3482437 0.3960965 0.3526874 0.2997517 0.1398106 0.2943509 0.2934616 0.1312131 0.8779240 0.3089889 0.2686080 0.1509417 1.1463770 0.2590490 0.9647723 0.1345562 0.4797141 0.1414612 0.7172507 0.1445005 0.1666843 0.1567528 0.1881334 0.2201287 0.9191476 0.0000000 0.1143430 0.2822318 0.1498941 0.3275543 0.1976119 0.2229749 0.1663320 0.8650857 0.2982992 0.1409322 0.1557538 1.0094211 0.4353807 0.7553431 0.2055961 0.1336193 0.1407971 0.1996818 0.7557046 0.1312879 0.1974304 0.4002324 0.1545042 0.2018108 0.8371215 1.1859416 0.2970608 0.1349822 0.1311523 1.4117341 0.1631650 0.2250749 0.1570922 0.1871596 0.1390884 0.1832489 0.2577449 0.2197158 0.1413584 0.2818446 0.1396988 0.1425103 0.9108665 0.8029405 0.1502002 0.1651062 0.2067311 0.1663777 0.2019777 0.1393994 0.1485414 0.1487476 0.7458411 
Perityle_cuneata_4                         0.2717295 0.4813960 0.1809450 0.2837799 0.3277617 0.4614176 0.4067827 0.3060407 0.1560817 0.3122090 0.3319612 0.1215464 0.5513830 0.3427243 0.3081332 0.2257446 0.6174714 0.2781804 0.6875733 0.1185620 0.4390569 0.1201196 0.6925269 0.1293122 0.1515624 0.1586839 0.1698859 0.2134726 0.4779984 0.1143430 0.0000000 0.3481657 0.1546545 0.2758044 0.2617035 0.2357311 0.1597823 0.6184022 0.3330393 0.1277003 0.1723728 0.6309505 0.4230282 0.6759681 0.1924832 0.1223669 0.1224255 0.2597825 0.6039076 0.1183816 0.2104689 0.5153115 0.1489481 0.2558037 0.5192763 0.6129138 0.3460449 0.1163459 0.1168941 0.5708864 0.1509279 0.2584529 0.1475994 0.1881625 0.1259327 0.1771555 0.3540256 0.2762561 0.1237006 0.2673212 0.1206834 0.1287217 0.7620817 0.4747310 0.1429240 0.2888205 0.2799348 0.1742710 0.2736964 0.1250957 0.1337656 0.1552742 0.5283294 
Perityle_discoidea_81                      0.4504656 0.4085803 0.4206489 0.3927283 0.2251547 0.5467027 0.3753474 0.3540646 0.1336637 0.4741709 0.3506166 0.1233881 0.4334607 0.4396963 0.4319575 0.2531786 0.5108111 0.3613970 0.6732959 0.2089806 0.4135942 0.3184061 0.7805551 0.2517543 0.2920579 0.2501708 0.3593518 0.1867683 0.4219764 0.2822318 0.3481657 0.0000000 0.2378059 0.4893133 0.2767567 0.3137435 0.2593460 0.5971448 0.4086927 0.2330471 0.2229225 0.4625603 0.4609160 0.7066111 0.3479673 0.2564206 0.2590831 0.2648669 0.4137091 0.2100093 0.2921092 0.4402393 0.1393613 0.2775930 0.3556595 0.4127099 0.3912755 0.2627112 0.3230690 0.4649066 0.3141357 0.2675581 0.1600411 0.2509474 0.2156698 0.2942415 0.3014566 0.2984474 0.2791985 0.3506624 0.2997106 0.1618478 0.7293534 0.3556356 0.2200510 0.3722102 0.2752718 0.1422480 0.2726559 0.2596808 0.2487306 0.1711217 0.4271055 
Perityle_dissecta_201                      0.3755404 0.3285818 0.1925029 0.2998111 0.3110354 0.3918508 0.3529657 0.2695626 0.1384009 0.2962898 0.2844061 0.1087996 7.1830516 0.3135440 0.2791269 0.1489751 0.7924304 0.1158568 0.8716148 0.1059052 0.3507401 0.0923610 0.7342907 0.1009642 0.1421826 0.0586255 0.1876251 0.1115284 1.0150214 0.1498941 0.1546545 0.2378059 0.0000000 0.3849712 0.1987023 0.0768781 0.1722180 0.8379175 0.2891944 0.0975730 0.1753835 0.8200389 0.4114233 0.7580700 0.0810514 0.0916086 0.1013319 0.1948405 0.1019452 0.0938784 0.0618918 0.2605366 0.0485465 0.1659781 0.0000010 0.8915045 0.3109916 0.0934244 0.1287340 1.1800863 0.1856228 0.2443338 0.1597360 0.0820968 0.1350543 0.1800652 0.2149074 0.0866536 0.0916635 0.1806190 0.1016078 0.1229316 0.8537262 0.0000010 0.1451373 0.1494141 0.0763313 0.0271702 0.1750342 0.1031964 0.0924999 0.1759047 1.3670716 
Perityle_emoryi_47_punta_san_jose          0.0783477 0.4681487 0.3571689 0.1664953 0.2111614 0.5493627 0.3737825 0.3317040 0.3191188 0.2785386 0.2400781 0.3267527 0.5185461 0.3330365 0.3151504 0.3358209 0.6362577 0.5350284 0.7256914 0.3188426 0.5345045 0.3816627 0.7138377 0.3784979 0.3811300 0.3724382 0.4315200 0.3600159 0.4818654 0.3275543 0.2758044 0.4893133 0.3849712 0.0000000 0.4604623 0.4883397 0.4304151 0.7008292 0.3224503 0.3980407 0.4199119 0.5581798 0.3408883 0.7118054 0.4577938 0.3545805 0.3605796 0.4542858 0.4822473 0.3217703 0.4835516 0.4593917 0.2819116 0.4237990 0.4716384 0.5014660 0.3243156 0.3454711 0.3160865 0.5316644 0.3595827 0.1334226 0.3781386 0.3640481 0.3291998 0.4231584 0.2791538 0.4246396 0.3682479 0.4644424 0.3783065 0.3996971 0.8263031 0.4583932 0.3252017 0.3949150 0.3814328 0.3987244 0.3536961 0.3497332 0.3312451 0.3441595 0.5416050 
Perityle_feddemae_99                       0.4672656 0.0875950 0.2500225 0.3190340 0.3409785 0.2512571 0.3784030 0.3259531 0.1806885 0.4256790 0.3264497 0.1456234 0.1736832 0.3800257 0.3870007 0.1488694 0.1223863 0.3053355 0.3293332 0.1428824 0.4779465 0.1848217 0.7298485 0.1754764 0.2361989 0.2382327 0.1991081 0.2407401 0.1175012 0.1976119 0.2617035 0.2767567 0.1987023 0.4604623 0.0000000 0.2081998 0.1745463 0.2441038 0.3515280 0.1800692 0.0352303 0.1350168 0.2601155 0.4767117 0.2267928 0.1855064 0.1761116 0.0377779 0.1583109 0.1493931 0.2354562 0.1795340 0.1657666 0.1444562 0.1180021 0.1332347 0.3646620 0.1788201 0.1439537 0.1349052 0.2048407 0.3148716 0.1740278 0.2218073 0.1547609 0.1938670 0.1757151 0.1840395 0.1874449 0.3386665 0.1860061 0.1637491 0.5450589 0.1005578 0.1741934 0.2741226 0.2784787 0.1957897 0.1642293 0.1799837 0.1992900 0.1784176 0.1438845 
Perityle_fosteri_93                        0.3971683 0.0000010 0.3480154 0.4071184 0.3234493 0.5174219 0.3953248 0.3219751 0.1724901 0.3743404 0.3818967 0.1282580 0.0000010 0.3832845 0.3532006 0.1928800 1.6448652 0.2225755 0.8098344 0.1773245 0.3356508 0.2344821 0.8036555 0.1845092 0.2376773 0.1206972 0.2713418 0.1399293 0.0000010 0.2229749 0.2357311 0.3137435 0.0768781 0.4883397 0.2081998 0.0000000 0.1953197 0.7569973 0.3529667 0.1540811 0.2002700 0.0000010 0.4510640 0.9185813 0.1796058 0.1824446 0.1933043 0.2095869 0.0000010 0.1891350 0.1743815 0.0000010 0.0707621 0.2033261 0.0000010 0.0000010 0.3628748 0.2011853 0.3152647 0.0000010 0.2810347 0.3048137 0.1694821 0.1166328 0.2085234 0.2038306 0.2269257 0.1260091 0.2129381 0.2107202 0.2414555 0.1492640 0.8735237 0.0000010 0.2113372 0.2448307 0.0452171 0.0386346 0.1906120 0.1874715 0.1784034 0.1925870 0.0000010 
Perityle_gamon_221                         0.3929684 1.4291196 0.2185486 0.3260585 0.3458106 0.4990274 0.3526814 0.3109079 0.1674625 0.3490007 0.2928602 0.1271858 1.0993262 0.3357135 0.3405935 0.1402190 0.7137388 0.2706860 0.9006407 0.1400746 0.4368488 0.1629832 0.7603159 0.1566779 0.2126308 0.1980001 0.1538429 0.2211350 2.5521061 0.1663320 0.1597823 0.2593460 0.1722180 0.4304151 0.1745463 0.1953197 0.0000000 0.7813117 0.3105270 0.1494198 0.1637192 0.6607261 0.4143421 0.8627788 0.1894590 0.1699628 0.1524557 0.1807324 1.0191724 0.1477652 0.2035747 0.7517678 0.1491405 0.1703840 0.0000010 0.6695212 0.3364900 0.1654841 0.1320705 0.0000010 0.1738379 0.2628976 0.1399906 0.2070710 0.1314401 0.1404412 0.2207740 0.1899816 0.1652478 0.2846827 0.1725018 0.1509151 0.8718312 0.0000010 0.1323992 0.1758129 0.1990107 0.1689626 0.1423280 0.1654028 0.1725801 0.1687700 0.9067147 
Perityle_gentryi_8_san_francisco           0.6972653 0.0924820 0.9727496 1.0553066 0.6997045 0.1984516 0.6907810 0.8421920 1.0861849 0.6454381 1.1057603 0.7412019 0.1332150 1.1594591 1.0801859 0.1773015 0.1206530 0.9435293 0.1161650 0.6976251 1.3049972 0.8207439 0.7362005 0.8156410 0.9244367 0.8380484 1.0479534 0.8798662 0.1167621 0.8650857 0.6184022 0.5971448 0.8379175 0.7008292 0.2441038 0.7569973 0.7813117 0.0000000 1.1459773 0.8261165 0.6453630 0.0979388 0.2709602 0.2729713 0.9206338 0.7659098 0.8442357 0.2449170 0.0800161 0.6982467 0.8213247 0.1471178 0.5741117 0.2472799 0.0761349 0.0950212 1.1503824 0.7655448 0.6672602 0.1364865 0.9460121 0.7180441 0.7981713 0.8103260 0.6843953 0.8792233 0.1240727 0.2441832 0.7933593 1.0804964 0.7659635 0.7650622 0.2624907 0.0704178 0.7169953 0.6416044 0.6299628 0.7721520 0.1318108 0.8171733 0.7811629 0.7513875 0.1781346 
Perityle_gilensis_22_Superstition          0.2354037 0.0000010 0.3911786 0.1565982 0.0554047 0.8996385 0.2475208 0.2659127 0.2945963 0.0380463 0.0237663 0.2536039 0.0000010 0.0490577 0.0273339 0.2325696 1.0994702 0.1652567 1.1188127 0.2836280 0.5282934 0.3777905 0.7868528 0.3016348 0.4022719 0.2965835 0.3998136 0.2790658 0.0000010 0.2982992 0.3330393 0.4086927 0.2891944 0.3224503 0.3515280 0.3529667 0.3105270 1.1459773 0.0000000 0.2812369 0.3249393 1.2670162 0.1667471 1.1603675 0.4030491 0.2966915 0.3156832 0.3408368 0.0000010 0.3137069 0.1782514 2.1880657 0.2084987 0.2913662 0.0000010 1.0696687 0.0230573 0.3290940 0.4994906 0.7995268 0.3518168 0.0281540 0.2622911 0.3311859 0.2863353 0.2936553 0.0579987 0.3667710 0.3483417 0.3080245 0.3714793 0.2838981 0.8185738 0.0000010 0.2788334 0.3924906 0.2990954 0.2653544 0.2561884 0.3072463 0.3078537 0.2631981 1.4242667 
Perityle_gilensis_salensis_225             0.3767496 0.3285818 0.1931030 0.3121041 0.3520971 0.4821675 0.3608272 0.2920022 0.1536061 0.3118499 0.2803639 0.0295579 7.1830516 0.3112510 0.2850689 0.1152438 0.8920110 0.1958023 0.9114009 0.0337699 0.4165307 0.0087003 0.7205398 0.0368606 0.0996986 0.1266262 0.1531139 0.2073509 1.0150214 0.1409322 0.1277003 0.2330471 0.0975730 0.3980407 0.1800692 0.1540811 0.1494198 0.8261165 0.2812369 0.0000000 0.1569683 0.9432519 0.4066235 0.8471117 0.1565541 0.0388047 0.0373867 0.1766973 0.2106675 0.0368223 0.1336650 1.0154934 0.1388018 0.1608694 0.0000010 1.0860182 0.3038503 0.0322547 0.1253879 1.3432497 0.1453745 0.2210002 0.1370019 0.1336648 0.1256722 0.1500342 0.2385584 0.1703326 0.0123607 0.2809967 0.0406584 0.0350393 0.9070578 0.0000010 0.1363698 0.1721436 0.1471299 0.1108110 0.1263891 0.0421900 0.0570806 0.1283585 1.6716132 
Perityle_glaucescens_94                    0.4285203 0.3999005 0.2083469 0.3159934 0.3368080 0.4352702 0.3786035 0.3222069 0.1368462 0.3633138 0.3206295 0.1435548 0.4763040 0.3398389 0.3217692 0.1711761 0.4809683 0.2738058 0.7408554 0.1411938 0.4635158 0.1547236 0.7442638 0.1517423 0.2028275 0.2127581 0.1638667 0.2382043 0.5239670 0.1557538 0.1723728 0.2229225 0.1753835 0.4199119 0.0352303 0.2002700 0.1637192 0.6453630 0.3249393 0.1569683 0.0000000 0.5049029 0.4236474 0.7756885 0.1713477 0.1586206 0.1524424 0.0318898 0.5170303 0.1488097 0.2036109 0.5170303 0.1627206 0.1596311 0.4304777 0.4591471 0.3386149 0.1505544 0.1376937 0.4255485 0.1886027 0.3001594 0.1786020 0.1911249 0.1567201 0.1762513 0.2925279 0.1983355 0.1581248 0.3051661 0.1577705 0.1612543 0.8522674 0.5170303 0.1797048 0.1968106 0.2132552 0.1932977 0.2343565 0.1505473 0.1661482 0.1633740 0.4616958 
Perityle_gracilis_11                       0.5829145 0.0845206 1.0170694 1.2541857 0.0000010 0.1813722 0.0000010 0.0000010 1.5967825 0.6321602 0.0000010 0.0000010 0.1590856 1.5388642 1.3794652 0.1379939 0.1332859 0.8282287 0.1718077 0.0000010 2.1945986 1.0138889 0.6063357 0.6807904 1.0652537 0.8534166 1.8868344 0.0000010 0.1051164 1.0094211 0.6309505 0.4625603 0.8200389 0.5581798 0.1350168 0.0000010 0.6607261 0.0979388 1.2670162 0.9432519 0.5049029 0.0000000 0.1486453 0.1479923 1.1596405 0.9039450 0.6807904 0.1441524 0.0343383 0.0000010 0.8452793 0.0779509 0.0000010 0.1245105 0.0706944 0.0215646 1.5206967 0.9039450 0.0000010 0.1093552 1.0978497 0.0000010 0.0000010 0.9735225 0.0000010 1.3090313 0.0640857 0.0403140 0.9057724 0.9804453 0.9039450 0.0000010 0.0357197 0.0101299 0.0000010 0.5966316 0.5574809 0.0000010 0.0865088 0.7738258 1.0622045 0.0000010 0.1253830 
Perityle_harkerae_31                       0.3283484 0.0824368 0.3320130 0.2121873 0.3174507 0.2757754 0.3845484 0.5107820 0.3882367 0.2632329 0.1443975 0.4206200 0.1605572 0.2015601 0.1901945 0.2815246 0.1318101 0.5432809 0.3530356 0.3760434 0.5432949 0.3991417 0.7811363 0.4103042 0.4537190 0.4156990 0.4207183 0.4395652 0.1031749 0.4353807 0.4230282 0.4609160 0.4114233 0.3408883 0.2601155 0.4510640 0.4143421 0.2709602 0.1667471 0.4066235 0.4236474 0.1486453 0.0000000 0.5250243 0.4137591 0.4140047 0.4016458 0.2991862 0.1151473 0.3828337 0.4630571 0.1486988 0.3552099 0.2965241 0.0870032 0.1291503 0.1677137 0.4050566 0.3950650 0.1030123 0.3779479 0.1335592 0.4329661 0.4936703 0.3807200 0.4198425 0.1321954 0.3090564 0.4064738 0.5729014 0.4149317 0.4365736 0.6412337 0.0929677 0.3947649 0.4571335 0.4619313 0.4386164 0.2032904 0.4011984 0.4276474 0.3558552 0.1454663 
Perityle_hofmeisteria_4_nombre_de_dios     0.7662333 0.1107453 0.7440089 0.8393675 1.2601064 0.4343096 1.2281551 0.7700091 0.7613064 0.7349793 1.1797936 0.9389871 0.1864582 1.1161961 0.9180229 0.4029391 0.1871963 0.9318281 0.3682087 0.8133857 1.2095878 0.7385785 1.2048550 0.8193574 0.7210893 0.7173220 0.9515381 1.2806529 0.1677630 0.7553431 0.6759681 0.7066111 0.7580700 0.7118054 0.4767117 0.9185813 0.8627788 0.2729713 1.1603675 0.8471117 0.7756885 0.1479923 0.5250243 0.0000000 0.8946073 0.7473102 0.7996785 0.4634479 0.1880161 0.8158564 0.7779323 0.4360394 0.7535080 0.4456376 0.1146957 0.1226375 1.1944036 0.7230539 0.6075335 0.1234034 0.8750041 1.1954835 1.0617554 0.7444852 0.8264603 0.9067174 0.4450826 0.4446703 0.7288363 1.1893405 0.7316155 1.0968388 0.5578439 0.1008593 0.8346669 0.7119180 0.7730011 0.9770501 0.3528599 0.7138450 0.7358063 1.0162600 0.1385481 
Perityle_huecosensis_48                    0.4130837 0.2718501 0.2690093 0.2993336 0.3159214 0.6006388 0.3375543 0.2757946 0.1715094 0.4476312 0.3901779 0.1288027 1.0501252 0.4177152 0.4422838 0.1662342 1.2144670 0.2540069 0.9763383 0.1185433 0.3819799 0.1273865 0.7825205 0.1504801 0.1709628 0.1089099 0.1715877 0.1520993 0.2718501 0.2055961 0.1924832 0.3479673 0.0810514 0.4577938 0.2267928 0.1796058 0.1894590 0.9206338 0.4030491 0.1565541 0.1713477 1.1596405 0.4137591 0.8946073 0.0000000 0.1537479 0.1500896 0.2350685 0.5576925 0.1165083 0.1920445 0.9645000 0.0225782 0.2251072 0.0000010 1.3267962 0.4093666 0.1419097 0.1521245 1.2938051 0.1968008 0.2600063 0.1659958 0.1549472 0.1426189 0.1964358 0.2418918 0.1078834 0.1394554 0.2547862 0.1371795 0.1421569 0.9015695 0.0000010 0.1698622 0.1754378 0.0994749 0.0571676 0.1830211 0.1553458 0.1429625 0.2012101 1.6461399 
