83
Amauria_brandeegeana_62                    0.0000000 0.0712548 0.3624953 0.3967038 0.1336233 0.6335853 0.3192607 0.1522111 0.4566004 0.1656052 0.6737071 0.1539326 0.6935448 0.1439481 0.1253579 0.7052349 0.7060460 0.2850617 0.1185437 0.1328582 0.1441018 0.1489869 0.0633153 0.7118573 0.1398606 0.6999140 0.6935235 0.4788484 0.1659134 0.2363207 0.2380215 0.7073908 0.1650561 0.1466985 0.7015208 0.1327363 0.1588408 0.3986730 0.6945989 0.6970038 0.6845152 0.1307381 0.6907726 0.1275979 0.4051005 0.6994130 0.6899342 0.6999140 0.1301059 0.2876859 0.6816448 0.7034783 0.6884152 0.1339823 0.1599975 0.1766991 0.1188468 0.7051910 0.1257063 0.1578200 0.1791066 0.0896761 0.1581249 0.1524116 0.1616116 0.1910808 0.6129931 0.1588408 0.7117777 0.2349607 0.1417468 0.1544559 0.6860579 0.0628367 0.1746195 0.7357762 0.6817364 0.1549692 0.1605820 0.1417193 0.7063719 0.1568092 0.0536656 
Amauria_carterae_99_mesa                   0.0712548 0.0000000 0.0600637 0.1750444 0.1016583 0.6263232 0.1528480 0.1107775 0.1140860 0.0819681 0.5536183 0.0873673 0.5777981 0.0791335 0.0791512 0.5848257 0.5835489 0.1021874 0.0904269 0.0913708 0.0764208 0.0735763 0.0822435 0.5873300 0.0763152 0.5665637 0.5708979 0.0986830 0.0881465 0.0848181 0.0830042 0.5755389 0.0819681 0.0791195 0.5663547 0.1051018 0.0818154 0.1136018 0.5848550 0.5814692 0.5814692 0.0932569 0.5710229 0.0932569 0.1118764 0.5715801 0.5827278 0.5710229 0.0961980 0.0846949 0.5706896 0.5905004 0.5654459 0.0791512 0.0820874 0.1039079 0.0849630 0.5768121 0.0790025 0.1728626 0.0761050 0.0964373 0.0901742 0.0790856 0.0763590 0.0943819 0.5394717 0.0817818 0.5873300 0.0874459 0.0737036 0.0793926 0.5746396 0.0667033 0.1151373 0.5699161 0.5741779 0.0847551 0.0851041 0.0708715 0.5688952 0.1086115 0.0846605 
Amauria_rotundifolia_SRR9119150            0.3624953 0.0600637 0.0000000 0.4220846 0.2613976 0.6772820 0.4330103 0.1105431 0.4602862 0.2918773 0.8613396 0.2694943 0.7778997 0.3003597 0.2078310 0.8779083 0.8617670 0.4527870 0.2081029 0.3212722 0.2790567 0.2477335 0.0618608 0.9187372 0.2907077 0.8182043 0.9161000 0.3374836 0.5296004 0.2506888 0.2268294 0.7868500 0.2676308 0.2829945 0.8997344 0.2944476 0.2741746 0.6154992 0.7774688 0.8972731 0.8102600 0.2859663 0.7829611 0.2947017 0.6128912 0.7893550 0.8220505 0.8783866 0.2930862 0.3556175 0.8302470 0.7912793 0.8431821 0.2316524 0.4427576 0.2764023 0.1866630 0.8712324 0.1670787 0.1633972 0.4086743 0.0740749 0.3021638 0.4660305 0.2976391 0.3392086 0.6014045 0.2940243 0.9167884 0.2881743 0.2793021 0.3711122 0.8652502 0.0491075 0.4073704 0.8042309 0.7540318 0.3329456 0.2830729 0.2784460 0.8209175 0.2295953 0.0776238 
Conoclinium_coelestinum_SRR9119114         0.3967038 0.1750444 0.4220846 0.0000000 0.3811055 0.5735083 0.2469438 0.2268692 0.3479713 0.3960121 0.7466151 0.3880554 0.7675409 0.3846375 0.3589127 0.7746715 0.7624989 0.3953064 0.3477404 0.4240346 0.3783340 0.3690386 0.1527975 0.7636857 0.3771932 0.7634725 0.7627057 0.4496274 0.4320607 0.2541539 0.3100217 0.7499129 0.3992238 0.3682850 0.7544054 0.3883897 0.3794614 0.4697687 0.7661357 0.7610006 0.7483338 0.3789785 0.7592543 0.3829499 0.4716093 0.7358263 0.7788645 0.7725667 0.3849711 0.4000904 0.7643903 0.7736527 0.7486087 0.3490969 0.4079119 0.3792693 0.2773867 0.7766383 0.2229362 0.2766342 0.4084243 0.2457880 0.3947785 0.4320454 0.3742368 0.4430493 0.5448234 0.3888373 0.7690138 0.2935002 0.3749915 0.3328538 0.7745955 0.1689619 0.5090104 0.7950112 0.7406477 0.3934092 0.3430394 0.3709596 0.7613456 0.2851507 0.2403666 
Eutetras_palmeri_63                        0.1336233 0.1016583 0.2613976 0.3811055 0.0000000 0.6117165 0.3570791 0.1334357 0.3940974 0.1069661 0.6630564 0.1315665 0.6595815 0.1220731 0.1237396 0.6731291 0.6609208 0.1790805 0.1219582 0.1561896 0.1237269 0.1225768 0.0825122 0.6530935 0.1240910 0.6500468 0.6473754 0.2442442 0.2192837 0.1796193 0.2576722 0.6807083 0.1072432 0.1238529 0.6483706 0.1465872 0.1334876 0.3810738 0.6625292 0.6460050 0.6460050 0.1366199 0.6553496 0.1363468 0.3820998 0.6507160 0.6592772 0.6526964 0.1364026 0.1648692 0.6493758 0.6604366 0.6376237 0.1263678 0.2215093 0.1830037 0.1211391 0.6533728 0.1137631 0.1776413 0.2382020 0.1187454 0.1379014 0.2191494 0.1332348 0.0695715 0.5599887 0.1318575 0.6530421 0.1772451 0.1222293 0.1369669 0.6565246 0.0846105 0.1770367 0.6742220 0.6402419 0.1287694 0.1408192 0.1190516 0.6831243 0.1211360 0.1017779 
Eutetras_pringlei_149_quer                 0.6335853 0.6263232 0.6772820 0.5735083 0.6117165 0.0000000 0.7194623 0.6810840 0.6709383 0.6716499 0.1797336 0.6368843 0.1332929 0.6119402 0.6187951 0.1383344 0.1216883 0.6414822 0.6234157 0.5793051 0.6001490 0.5887402 0.5366293 0.1257078 0.6140957 0.1287585 0.1168340 0.7782826 0.5803136 0.7148390 0.6365904 0.1797668 0.6620696 0.5970057 0.1175072 0.6053304 0.6463921 0.5788396 0.1559237 0.1215124 0.1215124 0.6010106 0.1287585 0.5913216 0.5794398 0.1204655 0.1378639 0.1294199 0.5976492 0.5816206 0.1254812 0.1213258 0.1158149 0.6125106 0.5862327 0.5795085 0.6245742 0.1294199 0.5293624 0.5412117 0.6079965 0.5828895 0.6471299 0.5627709 0.6095956 0.5934230 0.0749144 0.6473981 0.1257078 0.6832873 0.5997910 0.5676566 0.1259602 0.5718527 0.6055065 0.1725584 0.1121643 0.6785252 0.5333648 0.5997910 0.1723958 0.5800072 0.5827829 
Eutrochium_fistulosum_SRR9119106           0.3192607 0.1528480 0.4330103 0.2469438 0.3570791 0.7194623 0.0000000 0.2098031 0.2720854 0.3670609 0.7797285 0.3621874 0.7907761 0.3516100 0.3520200 0.7942417 0.8143776 0.3358316 0.3731198 0.3282097 0.3531452 0.3535693 0.1345197 0.7915905 0.3570676 0.7808019 0.7826700 0.4287019 0.3868032 0.2632883 0.3141630 0.8135701 0.3686267 0.3557677 0.7849651 0.3636162 0.3401236 0.4396066 0.7838995 0.7810281 0.7810281 0.3595694 0.7836550 0.3622955 0.4268142 0.7901671 0.8057638 0.8020440 0.3520629 0.3536188 0.7922881 0.8009252 0.7387824 0.3192514 0.3442893 0.3057647 0.2715344 0.8064239 0.2166629 0.2611669 0.3459660 0.2296232 0.3715784 0.3852167 0.3646064 0.3984595 0.6872160 0.3540271 0.7946256 0.3136762 0.3539034 0.2717302 0.7962117 0.1544611 0.4626618 0.7967722 0.7555043 0.3585380 0.2598812 0.3512434 0.7961948 0.2778848 0.2740914 
Galeana_pratensis_104_mex                  0.1522111 0.1107775 0.1105431 0.2268692 0.1334357 0.6810840 0.2098031 0.0000000 0.1801705 0.1219878 0.5753178 0.0936025 0.6179303 0.0911337 0.1015826 0.6076157 0.6116597 0.1310585 0.1091655 0.1032492 0.0885444 0.0909639 0.0947237 0.6085458 0.0886206 0.6073501 0.5925228 0.1787683 0.1040469 0.1549020 0.1834621 0.5986013 0.1225140 0.0987572 0.5952188 0.1175745 0.0987682 0.1248733 0.5981198 0.6031640 0.6031640 0.1091683 0.6114877 0.1093045 0.1156487 0.6103650 0.6051297 0.6114877 0.1066612 0.1016094 0.6114877 0.6085458 0.5874067 0.1015826 0.1010678 0.1031951 0.0991753 0.6169510 0.1047539 0.1529357 0.1092405 0.1029785 0.0961578 0.0983157 0.0939141 0.1206057 0.6244003 0.1014421 0.6085458 0.1554858 0.0962488 0.0962651 0.6065969 0.0874515 0.1233045 0.5810631 0.6037777 0.0936948 0.0985155 0.0935988 0.5922004 0.1543845 0.0858599 
Helianthus_annuus_SRR9119062               0.4566004 0.1140860 0.4602862 0.3479713 0.3940974 0.6709383 0.2720854 0.1801705 0.0000000 0.4216952 0.8076784 0.4312549 0.8103557 0.4259825 0.3571307 0.8323607 0.8048025 0.4397845 0.3470522 0.3595254 0.4305671 0.4121669 0.1003745 0.8223720 0.4184985 0.8275244 0.8201255 0.4953092 0.4382935 0.2927402 0.2629962 0.8166139 0.4145790 0.4177950 0.8067727 0.3934315 0.4285219 0.5018599 0.7814903 0.8209000 0.7779926 0.3868034 0.8005681 0.3853879 0.4904747 0.7886602 0.8216105 0.8305542 0.3845231 0.4620256 0.7985880 0.8105002 0.8081055 0.3741587 0.4389173 0.3466438 0.2589989 0.8349375 0.1888548 0.2601662 0.4110695 0.1972499 0.4380144 0.4341547 0.4264025 0.4647188 0.5882987 0.4274165 0.8253853 0.3291335 0.4162550 0.3575968 0.8011751 0.1355724 0.4856902 0.8167733 0.7531881 0.4269895 0.2793789 0.4132271 0.8215116 0.2476642 0.2470554 
Lycapsus_tenuifolius_17                    0.1656052 0.0819681 0.2918773 0.3960121 0.1069661 0.6716499 0.3670609 0.1219878 0.4216952 0.0000000 0.7630272 0.1563325 0.7072690 0.1434833 0.1286697 0.7952369 0.7905543 0.3178795 0.1316883 0.1173033 0.1396268 0.1445306 0.0823675 0.8083950 0.1474355 0.7324593 0.8104763 0.3656158 0.3168407 0.1050126 0.1447624 0.7646136 0.0021646 0.1448999 0.8004301 0.1732639 0.1283433 0.5262207 0.6896350 0.7776502 0.7274405 0.1607173 0.7121941 0.1712780 0.5179251 0.7176218 0.7557654 0.7876966 0.1512985 0.2733422 0.7567104 0.7318724 0.7274398 0.1145292 0.2564083 0.1609600 0.1093470 0.7827541 0.0892349 0.1682819 0.2502383 0.1092266 0.1643391 0.2572966 0.1573105 0.1751101 0.5819944 0.1504497 0.8117286 0.1014590 0.1487354 0.1323633 0.7828282 0.0816555 0.2748320 0.7259863 0.6646897 0.1741812 0.1281179 0.1437404 0.7324374 0.1298908 0.1270286 
Pericome_caudata_50_silver                 0.6737071 0.5536183 0.8613396 0.7466151 0.6630564 0.1797336 0.7797285 0.5753178 0.8076784 0.7630272 0.0000000 0.7729571 0.1048067 0.6654622 0.6752687 0.1110377 0.1129181 0.7046404 0.6493482 0.6373692 0.6530910 0.6575754 0.4901128 0.1113367 0.6821475 0.1058551 0.1162663 0.8826113 0.8061196 0.6514184 0.6749524 0.1609599 0.7012630 0.7707671 0.1133953 0.7682935 0.6714956 0.8664210 0.1133847 0.1123332 0.1104177 0.6668952 0.1040323 0.7189630 0.7901455 0.1076556 0.1165704 0.1117814 0.6782667 0.6583587 0.1097743 0.1038732 0.1083910 0.6479129 0.7203742 0.6565507 0.5929304 0.1123835 0.5952164 0.7267164 0.7363375 0.5303561 0.7882318 0.7516927 0.7613947 0.6983025 0.0959146 0.7137725 0.1101473 0.6597699 0.7457245 0.6158264 0.1096010 0.5015700 0.7540162 0.1285946 0.1025246 0.7215547 0.6597642 0.7462331 0.0968709 0.6497871 0.6088166 
Perityle_aglossa_84_dead_horse             0.1539326 0.0873673 0.2694943 0.3880554 0.1315665 0.6368843 0.3621874 0.0936025 0.4312549 0.1563325 0.7729571 0.0000000 0.6944853 0.0294103 0.0475429 0.7750608 0.8037038 0.2853398 0.0708678 0.0201168 0.0494180 0.0472114 0.0332225 0.7707107 0.0485321 0.7108631 0.7730131 0.2593540 0.2745540 0.1746301 0.2392872 0.7619809 0.1530737 0.0471611 0.7651597 0.0929512 0.0244290 0.4906478 0.6822043 0.7425011 0.7207351 0.0812317 0.7004065 0.0898752 0.4737538 0.7080933 0.7415218 0.7563714 0.0751763 0.1937021 0.7499470 0.7092476 0.6955800 0.0438932 0.2166189 0.1218795 0.0474007 0.7698912 0.0973567 0.1770261 0.2186222 0.0496464 0.0051926 0.2196881 0.0546180 0.1852453 0.5791720 0.0302163 0.7970462 0.1840594 0.0488841 0.0330798 0.7997294 0.0254557 0.2758660 0.7342874 0.6710629 0.0542170 0.1275013 0.0440792 0.7319066 0.1274114 0.0467630 
Perityle_ajoensis_204                      0.6935448 0.5777981 0.7778997 0.7675409 0.6595815 0.1332929 0.7907761 0.6179303 0.8103557 0.7072690 0.1048067 0.6944853 0.0000000 0.6707477 0.6641726 0.0408645 0.0248144 0.7088918 0.6516469 0.6942260 0.6476099 0.6539927 0.5325236 0.0226401 0.6669441 0.0050432 0.0381678 0.7932972 0.7502503 0.6619422 0.7241915 0.1508866 0.7079326 0.6721461 0.0395448 0.6562994 0.6873410 0.8207247 0.0496372 0.0236881 0.0240550 0.6512683 0.0051227 0.6596989 0.8202605 0.0270038 0.0101192 0.0060550 0.6720253 0.6837010 0.0111870 0.0247154 0.0387181 0.6507718 0.7117018 0.6751531 0.6264045 0.0050419 0.6140334 0.7625959 0.7224964 0.5865987 0.6917581 0.7365311 0.6741334 0.6877728 0.0125867 0.6968055 0.0215951 0.6767691 0.6526905 0.6416332 0.0247208 0.5408739 0.7361058 0.1343055 0.0207349 0.6940847 0.6891974 0.6559603 0.1093763 0.6902149 0.6087396 
Perityle_ambrosiifolia_67_green            0.1439481 0.0791335 0.3003597 0.3846375 0.1220731 0.6119402 0.3516100 0.0911337 0.4259825 0.1434833 0.6654622 0.0294103 0.6707477 0.0000000 0.0385888 0.7357727 0.7014726 0.3388848 0.0584373 0.0221540 0.0449654 0.0403722 0.0220244 0.7895912 0.0916056 0.6942636 0.7660634 0.3709380 0.2189835 0.1723861 0.2240462 0.7043567 0.1425394 0.0424336 0.7708057 0.0757067 0.0199191 0.4919720 0.6651415 0.7332736 0.6727197 0.0700389 0.6740747 0.0716343 0.4737970 0.6850010 0.6906420 0.7120913 0.0702574 0.2262833 0.6874768 0.6866110 0.7471953 0.0357799 0.2165790 0.1095499 0.0348473 0.7065914 0.0839121 0.1595192 0.2237726 0.0377783 0.0385305 0.2174253 0.0528445 0.1793753 0.5427720 0.0247702 0.7368084 0.1802756 0.0471983 0.0283885 0.6975464 0.0177571 0.2639350 0.7211647 0.6424320 0.0373094 0.1177348 0.0388801 0.6838567 0.1273802 0.0361479 
Perityle_angustifolia_13_Eagle_creek       0.1253579 0.0791512 0.2078310 0.3589127 0.1237396 0.6187951 0.3520200 0.1015826 0.3571307 0.1286697 0.6752687 0.0475429 0.6641726 0.0385888 0.0000000 0.6847401 0.6620207 0.1937573 0.0669082 0.0359449 0.0246558 0.0324055 0.0248260 0.6678398 0.0257899 0.6526478 0.6731418 0.2002004 0.2331435 0.1719388 0.2047826 0.6823632 0.1290762 0.0245118 0.6765897 0.0718527 0.0405099 0.3690615 0.6646176 0.6609291 0.6609291 0.0649662 0.6561167 0.0702528 0.3580042 0.6516867 0.6686840 0.6656962 0.0664273 0.0998806 0.6651816 0.6669371 0.6405651 0.0013314 0.2249957 0.1159117 0.0359797 0.6691583 0.0923935 0.1553040 0.2180129 0.0438961 0.0501248 0.2315039 0.0467329 0.1592328 0.5407288 0.0411627 0.6677893 0.1829920 0.0319753 0.0359166 0.6747624 0.0101249 0.2708100 0.6993312 0.6361729 0.0548390 0.1281908 0.0294612 0.6950485 0.1154112 0.0377624 
Perityle_batopilensis_97                   0.7052349 0.5848257 0.8779083 0.7746715 0.6731291 0.1383344 0.7942417 0.6076157 0.8323607 0.7952369 0.1110377 0.7750608 0.0408645 0.7357727 0.6847401 0.0000000 0.0456314 0.7602764 0.6708312 0.6771652 0.7034897 0.6985933 0.5387750 0.0464881 0.7449987 0.0434641 0.0501250 0.8641053 0.8088696 0.6799443 0.7063029 0.1822101 0.7353071 0.7729427 0.0499070 0.7419697 0.7223318 0.8700877 0.0156767 0.0464822 0.0457430 0.7094079 0.0406621 0.7397578 0.8680031 0.0429491 0.0480201 0.0492487 0.7155495 0.7237892 0.0443628 0.0415608 0.0457705 0.6764679 0.7351690 0.6861242 0.6263746 0.0447193 0.6214653 0.7558769 0.7279078 0.5796316 0.7870235 0.7695370 0.7732931 0.7361472 0.0383629 0.7755881 0.0457991 0.7214200 0.7483828 0.7007001 0.0471488 0.5409502 0.7429518 0.1333338 0.0411138 0.7684983 0.6807964 0.7434729 0.1251400 0.6763473 0.6325069 
Perityle_bisetosa_9                        0.7060460 0.5835489 0.8617670 0.7624989 0.6609208 0.1216883 0.8143776 0.6116597 0.8048025 0.7905543 0.1129181 0.8037038 0.0248144 0.7014726 0.6620207 0.0456314 0.0000000 0.7103109 0.6612204 0.6871787 0.6620283 0.6822193 0.5337176 0.0182396 0.7044387 0.0252091 0.0392831 0.8884057 0.7908843 0.6527265 0.7106636 0.1683148 0.7409400 0.7835591 0.0389554 0.7587111 0.7075269 0.8388049 0.0515348 0.0170218 0.0174679 0.6663155 0.0245498 0.7063538 0.8237713 0.0150527 0.0292573 0.0268112 0.6760550 0.6875819 0.0270517 0.0175018 0.0376838 0.6645224 0.7194408 0.6758587 0.6242700 0.0260474 0.6134898 0.7649804 0.7333700 0.5868096 0.8063172 0.7457007 0.8031819 0.7057476 0.0211556 0.7436671 0.0169035 0.6837568 0.7636252 0.6532215 0.0284778 0.5409490 0.7490723 0.1300509 0.0240918 0.7636151 0.6792338 0.7663888 0.1120456 0.6946794 0.6231866 
Perityle_californica_76_positas            0.2850617 0.1021874 0.4527870 0.3953064 0.1790805 0.6414822 0.3358316 0.1310585 0.4397845 0.3178795 0.7046404 0.2853398 0.7088918 0.3388848 0.1937573 0.7602764 0.7103109 0.0000000 0.1760479 0.1677484 0.3033276 0.2782749 0.0709980 0.8219891 0.3530764 0.7664431 0.8018770 0.5346015 0.2823603 0.3193237 0.2554091 0.7528993 0.2651493 0.3510921 0.8241254 0.3072496 0.2828460 0.4337491 0.7023794 0.7979160 0.7014381 0.3087827 0.7221472 0.2882654 0.4596054 0.7117487 0.7223242 0.7722409 0.3155243 0.4065222 0.7118189 0.7111101 0.7822310 0.2091329 0.2474020 0.1901570 0.1512249 0.7753928 0.1179835 0.1718759 0.2394230 0.0965313 0.3357575 0.2715471 0.3496518 0.3241417 0.5864082 0.3474955 0.7838323 0.3754578 0.3530418 0.3252393 0.7235871 0.0794846 0.2628342 0.7544260 0.7142895 0.3212183 0.1597407 0.3337115 0.7161020 0.0200081 0.1340921 
Perityle_canescens_77                      0.1185437 0.0904269 0.2081029 0.3477404 0.1219582 0.6234157 0.3731198 0.1091655 0.3470522 0.1316883 0.6493482 0.0708678 0.6516469 0.0584373 0.0669082 0.6708312 0.6612204 0.1760479 0.0000000 0.0712990 0.0669801 0.0718755 0.0502426 0.6550240 0.0653855 0.6400217 0.6638193 0.1894444 0.2147093 0.1680355 0.2120863 0.6750121 0.1335976 0.0681697 0.6529438 0.0420267 0.0659574 0.3247557 0.6596243 0.6549018 0.6549018 0.0325940 0.6462395 0.0351376 0.3077255 0.6433710 0.6487712 0.6519319 0.0339619 0.0835464 0.6513916 0.6562734 0.6336959 0.0654597 0.2014544 0.1038610 0.0599623 0.6525941 0.0703753 0.1247462 0.1862462 0.0586446 0.0764175 0.2144549 0.0716118 0.1486349 0.5405361 0.0710150 0.6549734 0.1729509 0.0708385 0.0695471 0.6618933 0.0490803 0.2666947 0.6847478 0.6211008 0.0733063 0.0915337 0.0680273 0.6673449 0.1388202 0.0573890 
Perityle_castillonii_96                    0.1328582 0.0913708 0.3212722 0.4240346 0.1561896 0.5793051 0.3282097 0.1032492 0.3595254 0.1173033 0.6373692 0.0201168 0.6942260 0.0221540 0.0359449 0.6771652 0.6871787 0.1677484 0.0712990 0.0000000 0.0429718 0.0481770 0.0287645 0.6894273 0.0408336 0.6900901 0.6598207 0.3108767 0.1414985 0.2150716 0.2291028 0.6236062 0.1177812 0.0409266 0.6744174 0.0744865 0.0059692 0.2844092 0.6709397 0.6782853 0.6782853 0.0724597 0.6900901 0.0721901 0.2915427 0.6953514 0.6892103 0.6900901 0.0743647 0.1279664 0.6900467 0.6901697 0.6643352 0.0359449 0.1433942 0.1253813 0.0468212 0.6957246 0.1119380 0.1504514 0.1363389 0.0397334 0.0221473 0.1388036 0.0475811 0.1696829 0.5705564 0.0059692 0.6893449 0.2204097 0.0470833 0.0429145 0.6894507 0.0214334 0.1749480 0.6890588 0.6848187 0.0247321 0.1414183 0.0449968 0.6791891 0.1343120 0.0299851 
Perityle_cernua_84                         0.1441018 0.0764208 0.2790567 0.3783340 0.1237269 0.6001490 0.3531452 0.0885444 0.4305671 0.1396268 0.6530910 0.0494180 0.6476099 0.0449654 0.0246558 0.7034897 0.6620283 0.3033276 0.0669801 0.0429718 0.0000000 0.0304567 0.0220392 0.6922362 0.0277703 0.6749852 0.6910687 0.3129501 0.2252425 0.1728726 0.2134992 0.6861536 0.1413166 0.0288493 0.7018302 0.0762662 0.0405307 0.4467182 0.6482094 0.6716578 0.6395749 0.0712745 0.6551834 0.0759778 0.4354775 0.6535246 0.6625001 0.6830002 0.0710855 0.1918654 0.6592767 0.6628495 0.6660603 0.0221908 0.2232965 0.1056079 0.0259645 0.6777087 0.0841691 0.1597646 0.2305157 0.0348703 0.0525416 0.2258273 0.0518723 0.1896130 0.5428799 0.0439914 0.6954399 0.1851230 0.0330048 0.0415002 0.6705005 0.0075838 0.2657243 0.6987446 0.6253015 0.0530782 0.1258491 0.0289616 0.6673432 0.1131900 0.0378692 
Perityle_cfvillosa_25_tin                  0.1489869 0.0735763 0.2477335 0.3690386 0.1225768 0.5887402 0.3535693 0.0909639 0.4121669 0.1445306 0.6575754 0.0472114 0.6539927 0.0403722 0.0324055 0.6985933 0.6822193 0.2782749 0.0718755 0.0481770 0.0304567 0.0000000 0.0276068 0.6820270 0.0274288 0.6649063 0.6887967 0.2744972 0.2380481 0.1606193 0.2005044 0.6964490 0.1425592 0.0296088 0.6957173 0.0770528 0.0398528 0.4385760 0.6426564 0.6819043 0.6569012 0.0693699 0.6544449 0.0755109 0.4355919 0.6617063 0.6770894 0.6808288 0.0713776 0.1676076 0.6738969 0.6701385 0.6473047 0.0305257 0.2267351 0.1181312 0.0336554 0.6840180 0.0863600 0.1635208 0.2270498 0.0407379 0.0516353 0.2232351 0.0520721 0.1813615 0.5188782 0.0384164 0.6820794 0.1715747 0.0051794 0.0358164 0.6817104 0.0050322 0.2644831 0.6969677 0.6229005 0.0607291 0.1260933 0.0020669 0.6808553 0.1193776 0.0413641 
Perityle_cinerea_113_Powell1310            0.0633153 0.0822435 0.0618608 0.1527975 0.0825122 0.5366293 0.1345197 0.0947237 0.1003745 0.0823675 0.4901128 0.0332225 0.5325236 0.0220244 0.0248260 0.5387750 0.5337176 0.0709980 0.0502426 0.0287645 0.0220392 0.0276068 0.0000000 0.5377260 0.0220075 0.5209627 0.5195755 0.0417080 0.0697428 0.0765626 0.0800533 0.4949232 0.0823675 0.0192242 0.5148800 0.0563889 0.0275997 0.0769734 0.5388080 0.5317308 0.5317308 0.0504105 0.5256295 0.0533092 0.0658657 0.5324150 0.5315738 0.5256295 0.0504105 0.0304414 0.5256295 0.5306263 0.5140178 0.0248260 0.0636369 0.0516554 0.0333916 0.5315738 0.0520788 0.1541620 0.0635523 0.0425198 0.0360562 0.0606109 0.0360276 0.0744366 0.4273238 0.0332539 0.5377260 0.0793762 0.0276562 0.0304622 0.5355244 0.0252668 0.0774706 0.5057244 0.5243840 0.0332605 0.0636289 0.0248181 0.5100208 0.0686408 0.0332278 
Perityle_coahuilensis_24                   0.7118573 0.5873300 0.9187372 0.7636857 0.6530935 0.1257078 0.7915905 0.6085458 0.8223720 0.8083950 0.1113367 0.7707107 0.0226401 0.7895912 0.6678398 0.0464881 0.0182396 0.8219891 0.6550240 0.6894273 0.6922362 0.6820270 0.5377260 0.0000000 0.7907361 0.0279202 0.0406051 0.9034681 0.8177560 0.6808123 0.7089002 0.1638244 0.7284161 0.8239716 0.0424980 0.7951306 0.7175849 0.8823513 0.0503591 0.0103995 0.0067235 0.7536195 0.0219679 0.7391514 0.8786948 0.0159431 0.0292022 0.0332504 0.7679529 0.7237222 0.0251770 0.0131944 0.0392723 0.6629961 0.7430824 0.6730847 0.6229488 0.0272774 0.6171853 0.7710781 0.7296692 0.5910846 0.8311650 0.7646866 0.8453045 0.7215343 0.0254363 0.8181149 0.0031631 0.7736768 0.8661104 0.7532980 0.0315972 0.5446516 0.7302820 0.1271244 0.0229210 0.7722735 0.6810411 0.7932362 0.1120859 0.6920580 0.6193822 
Perityle_cochisensis_44_cave_creek         0.1398606 0.0763152 0.2907077 0.3771932 0.1240910 0.6140957 0.3570676 0.0886206 0.4184985 0.1474355 0.6821475 0.0485321 0.6669441 0.0916056 0.0257899 0.7449987 0.7044387 0.3530764 0.0653855 0.0408336 0.0277703 0.0274288 0.0220075 0.7907361 0.0000000 0.6839238 0.7530008 0.3926287 0.2468020 0.1722666 0.2131077 0.7257910 0.1395719 0.1030406 0.7539839 0.1331104 0.0370350 0.5289815 0.6627053 0.7342224 0.6867998 0.1283914 0.6647528 0.0868051 0.4817901 0.6719146 0.7028293 0.7143782 0.1464821 0.2177831 0.6965407 0.6739065 0.7374316 0.0274407 0.2200245 0.1077307 0.0277103 0.7069923 0.0840564 0.1594273 0.2263682 0.0348174 0.1389962 0.2204829 0.1351540 0.1872710 0.5510412 0.0752461 0.7360009 0.2593503 0.1133221 0.0732063 0.6989907 0.0075738 0.2644510 0.7028004 0.6446104 0.0744072 0.1258064 0.0545749 0.7198283 0.1159835 0.0343809 
Perityle_congesta_202                      0.6999140 0.5665637 0.8182043 0.7634725 0.6500468 0.1287585 0.7808019 0.6073501 0.8275244 0.7324593 0.1058551 0.7108631 0.0050432 0.6942636 0.6526478 0.0434641 0.0252091 0.7664431 0.6400217 0.6900901 0.6749852 0.6649063 0.5209627 0.0279202 0.6839238 0.0000000 0.0411558 0.7921620 0.7660620 0.6688765 0.7241915 0.1446123 0.7128743 0.6943744 0.0403494 0.6620022 0.7064099 0.8450342 0.0495707 0.0298401 0.0229693 0.6541254 0.0039126 0.6652190 0.8606195 0.0261640 0.0089729 0.0045478 0.6768738 0.7158981 0.0100204 0.0234395 0.0386368 0.6582268 0.7254055 0.6681343 0.6149226 0.0036878 0.6095775 0.7627594 0.7177997 0.5814912 0.7107280 0.7499927 0.6995557 0.7023959 0.0125867 0.7186440 0.0269714 0.6931030 0.6757515 0.6709763 0.0253852 0.5301049 0.7349658 0.1291864 0.0195890 0.7099320 0.6773157 0.6704691 0.1104399 0.6852202 0.5972184 
Perityle_cordifolia_27                     0.6935235 0.5708979 0.9161000 0.7627057 0.6473754 0.1168340 0.7826700 0.5925228 0.8201255 0.8104763 0.1162663 0.7730131 0.0381678 0.7660634 0.6731418 0.0501250 0.0392831 0.8018770 0.6638193 0.6598207 0.6910687 0.6887967 0.5195755 0.0406051 0.7530008 0.0411558 0.0000000 0.8817992 0.8148724 0.6811988 0.7006241 0.1785771 0.7422780 0.8221696 0.0330561 0.8110573 0.7082067 0.8714585 0.0540633 0.0419546 0.0369660 0.7584750 0.0369335 0.7480081 0.8869832 0.0371556 0.0432002 0.0479036 0.7702133 0.7073099 0.0387372 0.0370594 0.0094403 0.6603845 0.7322546 0.6561176 0.6000259 0.0413454 0.6001840 0.7710112 0.7099322 0.5622147 0.8139971 0.7640533 0.8169713 0.7182214 0.0194969 0.7991681 0.0405939 0.7269075 0.7999582 0.7272239 0.0381453 0.5193804 0.7286251 0.1173101 0.0370421 0.7528427 0.6716358 0.7926072 0.1136669 0.6520940 0.6260764 
Perityle_cordifolia_68_tecolote            0.4788484 0.0986830 0.3374836 0.4496274 0.2442442 0.7782826 0.4287019 0.1787683 0.4953092 0.3656158 0.8826113 0.2593540 0.7932972 0.3709380 0.2002004 0.8641053 0.8884057 0.5346015 0.1894444 0.3108767 0.3129501 0.2744972 0.0417080 0.9034681 0.3926287 0.7921620 0.8817992 0.0000000 0.5634941 0.3124634 0.3292258 0.7868774 0.3309069 0.3440772 0.8636962 0.3248223 0.2989581 0.7021198 0.7893739 0.8549546 0.7999020 0.3311659 0.7991118 0.2958493 0.6624846 0.8061856 0.8361473 0.8452441 0.3606417 0.3799611 0.8335784 0.8013941 0.8106219 0.2477255 0.4938818 0.2357331 0.1986427 0.8538997 0.2340661 0.2390725 0.4830205 0.1365298 0.3390469 0.5205628 0.3374684 0.3945309 0.6089354 0.3349052 0.8850207 0.3911145 0.3817768 0.4427699 0.9187479 0.0766448 0.4398361 0.8511960 0.7508657 0.3633816 0.3001481 0.2971514 0.8340437 0.2832530 0.0594462 
Perityle_coronopifolia_28_patagonia        0.1659134 0.0881465 0.5296004 0.4320607 0.2192837 0.5803136 0.3868032 0.1040469 0.4382935 0.3168407 0.8061196 0.2745540 0.7502503 0.2189835 0.2331435 0.8088696 0.7908843 0.2823603 0.2147093 0.1414985 0.2252425 0.2380481 0.0697428 0.8177560 0.2468020 0.7660620 0.8148724 0.5634941 0.0000000 0.2376977 0.2254176 0.8479155 0.2750746 0.2754770 0.7893714 0.2796892 0.2086257 0.3286240 0.7434843 0.7895236 0.7470298 0.2427028 0.7414735 0.2609472 0.3671063 0.7424210 0.7710355 0.7951541 0.2151466 0.3800922 0.7718229 0.7493763 0.7496632 0.1934547 0.0430051 0.1850082 0.1319993 0.8038627 0.0391012 0.0907494 0.1016240 0.0886946 0.2760700 0.0141327 0.2677978 0.2730025 0.5246752 0.2579550 0.8211389 0.2671204 0.2713713 0.1324553 0.7882973 0.0729958 0.3211570 0.7931879 0.7178777 0.2548834 0.0283839 0.2667796 0.7900785 0.1476139 0.2359248 
Perityle_crassifolia_70_ventanas           0.2363207 0.0848181 0.2506888 0.2541539 0.1796193 0.7148390 0.2632883 0.1549020 0.2927402 0.1050126 0.6514184 0.1746301 0.6619422 0.1723861 0.1719388 0.6799443 0.6527265 0.3193237 0.1680355 0.2150716 0.1728726 0.1606193 0.0765626 0.6808123 0.1722666 0.6688765 0.6811988 0.3124634 0.2376977 0.0000000 0.0179730 0.6663701 0.1096700 0.1705058 0.6810654 0.1998132 0.1754920 0.3266559 0.6548808 0.6593467 0.6481580 0.1910865 0.6513551 0.1934417 0.3198113 0.6430800 0.6650793 0.6722221 0.1913724 0.2293025 0.6483115 0.6637164 0.6702640 0.1743484 0.2422103 0.2055282 0.1785305 0.6731033 0.1876787 0.1681802 0.2577458 0.1255915 0.1745843 0.2347920 0.1763796 0.1845428 0.6285545 0.1757211 0.6763972 0.0220875 0.1683456 0.1749851 0.6505843 0.0790401 0.2379556 0.6490823 0.6596295 0.1773946 0.1910103 0.1661743 0.6474456 0.2211968 0.0954395 
Perityle_crassifolia_74_playa_balandra     0.2380215 0.0830042 0.2268294 0.3100217 0.2576722 0.6365904 0.3141630 0.1834621 0.2629962 0.1447624 0.6749524 0.2392872 0.7241915 0.2240462 0.2047826 0.7063029 0.7106636 0.2554091 0.2120863 0.2291028 0.2134992 0.2005044 0.0800533 0.7089002 0.2131077 0.7241915 0.7006241 0.3292258 0.2254176 0.0179730 0.0000000 0.6900581 0.1422181 0.2171305 0.7028246 0.2468551 0.2370277 0.2291450 0.7110479 0.7004632 0.7004632 0.2372794 0.7241915 0.2377671 0.2267426 0.7001650 0.7227827 0.7241915 0.2335208 0.2104432 0.7241915 0.7161481 0.6923583 0.2047826 0.2292077 0.2242582 0.2256558 0.7241915 0.2430012 0.0705382 0.2239644 0.1177602 0.2351140 0.2249730 0.2219347 0.2486934 0.6195490 0.2370277 0.7089002 0.0062528 0.2129795 0.2210797 0.7158825 0.0771611 0.2447506 0.6835470 0.7239148 0.2326999 0.2252872 0.2129795 0.6938419 0.2552142 0.0810772 
Perityle_cuneata_34_cuneata_San_antonio    0.7073908 0.5755389 0.7868500 0.7499129 0.6807083 0.1797668 0.8135701 0.5986013 0.8166139 0.7646136 0.1609599 0.7619809 0.1508866 0.7043567 0.6823632 0.1822101 0.1683148 0.7528993 0.6750121 0.6236062 0.6861536 0.6964490 0.4949232 0.1638244 0.7257910 0.1446123 0.1785771 0.7868774 0.8479155 0.6663701 0.6900581 0.0000000 0.7392933 0.7312932 0.1815411 0.7073004 0.6934486 0.8515882 0.1743932 0.1651239 0.1778000 0.6973662 0.1274773 0.7211895 0.8645861 0.1417406 0.1804131 0.1691716 0.7065370 0.7148226 0.1760261 0.1596940 0.1297543 0.6676800 0.7578771 0.6371416 0.5838182 0.1666805 0.5605956 0.7238335 0.7498868 0.5575203 0.7453292 0.8034220 0.7086464 0.7355580 0.1046333 0.7299104 0.1638244 0.7004448 0.7005290 0.6431597 0.1753126 0.5228565 0.8061419 0.1944777 0.1349004 0.7554044 0.6288813 0.7006442 0.1782375 0.6404166 0.6278061 
Perityle_discoidea_81                      0.1650561 0.0819681 0.2676308 0.3992238 0.1072432 0.6620696 0.3686267 0.1225140 0.4145790 0.0021646 0.7012630 0.1530737 0.7079326 0.1425394 0.1290762 0.7353071 0.7409400 0.2651493 0.1335976 0.1177812 0.1413166 0.1425592 0.0823675 0.7284161 0.1395719 0.7128743 0.7422780 0.3309069 0.2750746 0.1096700 0.1422181 0.7392933 0.0000000 0.1383204 0.7374858 0.1670336 0.1300439 0.4528150 0.6902363 0.7316659 0.7045681 0.1550378 0.7128666 0.1606749 0.4331963 0.7183120 0.7230865 0.7283863 0.1489953 0.2197322 0.7144203 0.7326080 0.6976869 0.1132996 0.2620037 0.1615477 0.1096995 0.7291140 0.0867906 0.1682819 0.2461355 0.1098135 0.1599523 0.2670448 0.1551182 0.1748128 0.5712112 0.1448046 0.7283634 0.1069502 0.1434032 0.1300070 0.7365550 0.0816555 0.2698145 0.7273150 0.6615419 0.1543335 0.1306050 0.1392870 0.6995812 0.1305132 0.1290403 
Perityle_dissecta_201                      0.1466985 0.0791195 0.2829945 0.3682850 0.1238529 0.5970057 0.3557677 0.0987572 0.4177950 0.1448999 0.7707671 0.0471611 0.6721461 0.0424336 0.0245118 0.7729427 0.7835591 0.3510921 0.0681697 0.0409266 0.0288493 0.0296088 0.0192242 0.8239716 0.1030406 0.6943744 0.8221696 0.3440772 0.2754770 0.1705058 0.2171305 0.7312932 0.1383204 0.0000000 0.8191217 0.0850545 0.0393853 0.5619078 0.6704779 0.7588210 0.6978082 0.0763816 0.6755604 0.0840387 0.5187326 0.6827252 0.7199049 0.7476217 0.0698126 0.2210614 0.7308280 0.6876506 0.7528334 0.0261288 0.2204125 0.1202883 0.0383615 0.7527060 0.0867313 0.1594599 0.2325273 0.0437177 0.0528191 0.2209318 0.0513612 0.1834451 0.5327466 0.0413466 0.8023308 0.1760983 0.0354711 0.0419559 0.7797187 0.0152196 0.2685861 0.7244924 0.6374658 0.0846204 0.1279690 0.0276268 0.7310040 0.1248850 0.0360603 
Perityle_emoryi_47_punta_san_jose          0.7015208 0.5663547 0.8997344 0.7544054 0.6483706 0.1175072 0.7849651 0.5952188 0.8067727 0.8004301 0.1133953 0.7651597 0.0395448 0.7708057 0.6765897 0.0499070 0.0389554 0.8241254 0.6529438 0.6744174 0.7018302 0.6957173 0.5148800 0.0424980 0.7539839 0.0403494 0.0330561 0.8636962 0.7893714 0.6810654 0.7028246 0.1815411 0.7374858 0.8191217 0.0000000 0.7893469 0.7171180 0.8760553 0.0591637 0.0429371 0.0393677 0.7494400 0.0393951 0.7407776 0.8809993 0.0406141 0.0413650 0.0446110 0.7606760 0.7180554 0.0375943 0.0383905 0.0383310 0.6711554 0.7278508 0.6695738 0.6106842 0.0392522 0.5931788 0.7685790 0.7115812 0.5730991 0.8121070 0.7521152 0.8136559 0.7116987 0.0254565 0.8147706 0.0411883 0.7210804 0.7955564 0.7288173 0.0387408 0.5241425 0.7232862 0.1255880 0.0397130 0.7519898 0.6582678 0.7841512 0.1171889 0.6635994 0.6177138 
Perityle_feddemae_99                       0.1327363 0.1051018 0.2944476 0.3883897 0.1465872 0.6053304 0.3636162 0.1175745 0.3934315 0.1732639 0.7682935 0.0929512 0.6562994 0.0757067 0.0718527 0.7419697 0.7587111 0.3072496 0.0420267 0.0744865 0.0762662 0.0770528 0.0563889 0.7951306 0.1331104 0.6620022 0.8110573 0.3248223 0.2796892 0.1998132 0.2468551 0.7073004 0.1670336 0.0850545 0.7893469 0.0000000 0.0778027 0.5306505 0.6581816 0.7283283 0.6799412 0.0213880 0.6421669 0.0299457 0.4999981 0.6440814 0.6918655 0.7236968 0.0263980 0.2178867 0.7019703 0.6562038 0.7343972 0.0726163 0.2108055 0.1350760 0.0713833 0.7303156 0.0812331 0.1558588 0.2155769 0.0715720 0.0983562 0.2266408 0.0954057 0.1861684 0.5346121 0.0864256 0.7687698 0.2098522 0.0846178 0.0749408 0.7605503 0.0520545 0.2834920 0.7014789 0.6215423 0.1250467 0.1178593 0.0787768 0.7179623 0.1423273 0.0763388 
Perityle_fosteri_93                        0.1588408 0.0818154 0.2741746 0.3794614 0.1334876 0.6463921 0.3401236 0.0987682 0.4285219 0.1283433 0.6714956 0.0244290 0.6873410 0.0199191 0.0405099 0.7223318 0.7075269 0.2828460 0.0659574 0.0059692 0.0405307 0.0398528 0.0275997 0.7175849 0.0370350 0.7064099 0.7082067 0.2989581 0.2086257 0.1754920 0.2370277 0.6934486 0.1300439 0.0393853 0.7171180 0.0778027 0.0000000 0.4232518 0.6731089 0.7034066 0.6777837 0.0709899 0.6939808 0.0748113 0.4126007 0.6996893 0.6983331 0.7088704 0.0708222 0.1815322 0.6950995 0.6970937 0.6952308 0.0397899 0.2185677 0.1221963 0.0439237 0.7122481 0.0950436 0.1681752 0.2297821 0.0497190 0.0278071 0.2070606 0.0478827 0.1839748 0.5903211 0.0032794 0.7142396 0.1833765 0.0415152 0.0350781 0.7028145 0.0203066 0.2541315 0.7195772 0.6643713 0.0281393 0.1261028 0.0380513 0.6884695 0.1363683 0.0365134 
Perityle_gamon_221                         0.3986730 0.1136018 0.6154992 0.4697687 0.3810738 0.5788396 0.4396066 0.1248733 0.5018599 0.5262207 0.8664210 0.4906478 0.8207247 0.4919720 0.3690615 0.8700877 0.8388049 0.4337491 0.3247557 0.2844092 0.4467182 0.4385760 0.0769734 0.8823513 0.5289815 0.8450342 0.8714585 0.7021198 0.3286240 0.3266559 0.2291450 0.8515882 0.4528150 0.5619078 0.8760553 0.5306505 0.4232518 0.0000000 0.8185052 0.8459328 0.8034697 0.4774401 0.8116024 0.4338193 0.1946111 0.7931247 0.8339140 0.8600494 0.4642393 0.4736853 0.8205428 0.8244239 0.8640303 0.3289158 0.3126536 0.2677171 0.1981767 0.8606241 0.1185806 0.1237113 0.3139463 0.0680651 0.5668277 0.3408660 0.5720833 0.4829486 0.5106006 0.5240463 0.8620251 0.4296363 0.5751976 0.3696964 0.8697110 0.0709296 0.4724822 0.8599566 0.7817634 0.5036592 0.2358822 0.5381146 0.8456203 0.2060652 0.2682427 
Perityle_gentryi_8_san_francisco           0.6945989 0.5848550 0.7774688 0.7661357 0.6625292 0.1559237 0.7838995 0.5981198 0.7814903 0.6896350 0.1133847 0.6822043 0.0496372 0.6651415 0.6646176 0.0156767 0.0515348 0.7023794 0.6596243 0.6709397 0.6482094 0.6426564 0.5388080 0.0503591 0.6627053 0.0495707 0.0540633 0.7893739 0.7434843 0.6548808 0.7110479 0.1743932 0.6902363 0.6704779 0.0591637 0.6581816 0.6731089 0.8185052 0.0000000 0.0503651 0.0503651 0.6538490 0.0481599 0.6590006 0.8036317 0.0531941 0.0559922 0.0515393 0.6739482 0.6711111 0.0495372 0.0525408 0.0532209 0.6486668 0.7016376 0.6849676 0.6245253 0.0504232 0.6259695 0.7614331 0.7137057 0.5851413 0.6794275 0.7295873 0.6700214 0.6917818 0.0472931 0.6766181 0.0492493 0.6834138 0.6521067 0.6364240 0.0570738 0.5409806 0.7355394 0.1441050 0.0483228 0.6817230 0.6786291 0.6514648 0.1222426 0.6883997 0.6204201 
Perityle_gilensis_22_Superstition          0.6970038 0.5814692 0.8972731 0.7610006 0.6460050 0.1215124 0.7810281 0.6031640 0.8209000 0.7776502 0.1123332 0.7425011 0.0236881 0.7332736 0.6609291 0.0464822 0.0170218 0.7979160 0.6549018 0.6782853 0.6716578 0.6819043 0.5317308 0.0103995 0.7342224 0.0298401 0.0419546 0.8549546 0.7895236 0.6593467 0.7004632 0.1651239 0.7316659 0.7588210 0.0429371 0.7283283 0.7034066 0.8459328 0.0503651 0.0000000 0.0009560 0.6965492 0.0219667 0.7187509 0.8704826 0.0169526 0.0282745 0.0327966 0.7093701 0.7106465 0.0237738 0.0150973 0.0383845 0.6593577 0.7229146 0.6673995 0.6186483 0.0272701 0.6113333 0.7603639 0.7234272 0.5844439 0.7715236 0.7478506 0.7678082 0.7056038 0.0211240 0.7676865 0.0106591 0.7086133 0.7404905 0.7009881 0.0308132 0.5390843 0.7274999 0.1282898 0.0218126 0.7526576 0.6721891 0.7357671 0.1120490 0.6853112 0.6149400 
Perityle_gilensis_salensis_225             0.6845152 0.5814692 0.8102600 0.7483338 0.6460050 0.1215124 0.7810281 0.6031640 0.7779926 0.7274405 0.1104177 0.7207351 0.0240550 0.6727197 0.6609291 0.0457430 0.0174679 0.7014381 0.6549018 0.6782853 0.6395749 0.6569012 0.5317308 0.0067235 0.6867998 0.0229693 0.0369660 0.7999020 0.7470298 0.6481580 0.7004632 0.1778000 0.7045681 0.6978082 0.0393677 0.6799412 0.6777837 0.8034697 0.0503651 0.0009560 0.0000000 0.6562971 0.0222637 0.6833379 0.8003516 0.0177282 0.0293646 0.0254036 0.6624384 0.6529123 0.0235046 0.0161114 0.0345141 0.6405053 0.6916205 0.6673995 0.6186483 0.0243899 0.6113333 0.7603639 0.7067534 0.5844439 0.7204896 0.7208512 0.6999853 0.6774509 0.0211240 0.7187130 0.0057590 0.6637339 0.6839065 0.6299997 0.0313058 0.5390843 0.7195733 0.1341238 0.0218126 0.7077740 0.6721891 0.6832567 0.1132009 0.6853112 0.6149400 
Perityle_glaucescens_94                    0.1307381 0.0932569 0.2859663 0.3789785 0.1366199 0.6010106 0.3595694 0.1091683 0.3868034 0.1607173 0.6668952 0.0812317 0.6512683 0.0700389 0.0649662 0.7094079 0.6663155 0.3087827 0.0325940 0.0724597 0.0712745 0.0693699 0.0504105 0.7536195 0.1283914 0.6541254 0.7584750 0.3311659 0.2427028 0.1910865 0.2372794 0.6973662 0.1550378 0.0763816 0.7494400 0.0213880 0.0709899 0.4774401 0.6538490 0.6965492 0.6562971 0.0000000 0.6398635 0.0228491 0.4544415 0.6423688 0.6578107 0.6789351 0.0190539 0.2084692 0.6557428 0.6570735 0.7322381 0.0664457 0.2074153 0.1270563 0.0618204 0.6734424 0.0810204 0.1508111 0.2102905 0.0650590 0.0900852 0.2203243 0.0841717 0.1745160 0.5364895 0.0768143 0.6934064 0.1903909 0.0750060 0.0736706 0.6714114 0.0465595 0.2743542 0.6963698 0.6190552 0.0969382 0.1161927 0.0661220 0.6922941 0.1421257 0.0593627 
Perityle_gracilis_11                       0.6907726 0.5710229 0.7829611 0.7592543 0.6553496 0.1287585 0.7836550 0.6114877 0.8005681 0.7121941 0.1040323 0.7004065 0.0051227 0.6740747 0.6561167 0.0406621 0.0245498 0.7221472 0.6462395 0.6900901 0.6551834 0.6544449 0.5256295 0.0219679 0.6647528 0.0039126 0.0369335 0.7991118 0.7414735 0.6513551 0.7241915 0.1274773 0.7128666 0.6755604 0.0393951 0.6421669 0.6939808 0.8116024 0.0481599 0.0219667 0.0222637 0.6398635 0.0000000 0.6482611 0.8185977 0.0264341 0.0080953 0.0048974 0.6632459 0.6906327 0.0101774 0.0239810 0.0367757 0.6634054 0.7158184 0.6716408 0.6181403 0.0029329 0.6140334 0.7625959 0.7212633 0.5865987 0.6977055 0.7280284 0.6783518 0.6891703 0.0125867 0.6966084 0.0209544 0.6741292 0.6531559 0.6453146 0.0250035 0.5344385 0.7379198 0.1290187 0.0195818 0.7000960 0.6805909 0.6563780 0.1119341 0.6902149 0.6007757 
Perityle_harkerae_31                       0.1275979 0.0932569 0.2947017 0.3829499 0.1363468 0.5913216 0.3622955 0.1093045 0.3853879 0.1712780 0.7189630 0.0898752 0.6596989 0.0716343 0.0702528 0.7397578 0.7063538 0.2882654 0.0351376 0.0721901 0.0759778 0.0755109 0.0533092 0.7391514 0.0868051 0.6652190 0.7480081 0.2958493 0.2609472 0.1934417 0.2377671 0.7211895 0.1606749 0.0840387 0.7407776 0.0299457 0.0748113 0.4338193 0.6590006 0.7187509 0.6833379 0.0228491 0.6482611 0.0000000 0.4447045 0.6500033 0.6958948 0.7184303 0.0227446 0.2017906 0.6907179 0.6621644 0.6898296 0.0708351 0.2048225 0.1329216 0.0674040 0.7128760 0.0810519 0.1511232 0.2058924 0.0651567 0.0949857 0.2177529 0.0900525 0.1800789 0.5261815 0.0868459 0.7269464 0.1989217 0.0827485 0.0739153 0.7057965 0.0492362 0.2744980 0.7112230 0.6249225 0.1079885 0.1137443 0.0797196 0.7342378 0.1483001 0.0666624 
Perityle_hofmeisteria_4_nombre_de_dios     0.4051005 0.1118764 0.6128912 0.4716093 0.3820998 0.5794398 0.4268142 0.1156487 0.4904747 0.5179251 0.7901455 0.4737538 0.8202605 0.4737970 0.3580042 0.8680031 0.8237713 0.4596054 0.3077255 0.2915427 0.4354775 0.4355919 0.0658657 0.8786948 0.4817901 0.8606195 0.8869832 0.6624846 0.3671063 0.3198113 0.2267426 0.8645861 0.4331963 0.5187326 0.8809993 0.4999981 0.4126007 0.1946111 0.8036317 0.8704826 0.8003516 0.4544415 0.8185977 0.4447045 0.0000000 0.8003260 0.8325784 0.8832199 0.4350349 0.4759883 0.8126908 0.8392009 0.8704880 0.3231079 0.3843636 0.2817341 0.2003702 0.8599212 0.1215504 0.1174406 0.3735171 0.0627641 0.5252842 0.3896994 0.5223936 0.5005357 0.5123126 0.5137431 0.8566914 0.4033477 0.5288094 0.3937014 0.8407422 0.0635510 0.4969131 0.8040800 0.7938553 0.4756655 0.2401339 0.5223542 0.7625016 0.2135059 0.2303717 
