84
Amauria_brandeegeana_62                    0.0000000 0.1151230 0.2247925 0.2713066 0.1553281 0.4587810 0.3042356 0.2321469 0.0162654 0.1884038 0.5236658 0.1473018 0.1750687 0.1988424 0.1885271 0.1439664 0.1554941 0.1424232 0.1363749 0.1437173 0.1416795 0.4107559 0.1566561 0.1747760 0.1939126 0.1793277 0.2142634 0.2403856 0.1642950 0.5103953 0.3649703 0.2097054 0.0087694 0.1955277 0.2890944 0.2290629 0.1989672 0.4505071 0.1499114 0.1423118 0.1976588 0.2365622 0.1616357 0.1762163 0.2298706 0.1473629 0.1528633 0.1722637 0.1731153 0.1622982 0.1370483 0.1799333 0.1744003 0.1578533 0.2153831 0.1721331 0.1921311 0.1902692 0.1448788 0.1695609 0.5633024 0.2034457 0.1674150 0.2046159 0.2104284 0.1635499 0.2672775 0.2716138 0.4320153 0.1572508 0.1909865 0.1724076 0.1496882 0.4595628 0.1860933 0.1854261 0.2704621 0.1592277 0.1622774 0.1568849 0.1865677 0.1549532 0.1190467 0.1367085 
Amauria_carterae_99_mesa                   0.1151230 0.0000000 0.0944466 0.1589917 0.1068405 0.5003891 0.3250822 0.2047940 0.1130717 0.1288441 0.3623345 0.1043856 0.1325437 0.1012484 0.1069457 0.1057192 0.1142316 0.1051244 0.1001332 0.0941979 0.1038592 0.3483810 0.0925444 0.0842013 0.1106312 0.1118027 0.1454980 0.1204359 0.1224636 0.4012021 0.1626736 0.1069002 0.1150381 0.1003126 0.0865869 0.1062265 0.0960387 0.3063928 0.1055554 0.0708467 0.0999852 0.1091040 0.1017396 0.1055381 0.1299658 0.0998835 0.0981802 0.1019108 0.1050696 0.1072656 0.0944636 0.1047561 0.1138315 0.1025762 0.1295987 0.1643013 0.1486552 0.1038153 0.1038571 0.1316759 0.4012021 0.1298301 0.1216550 0.1054614 0.1182553 0.1174967 0.1230804 0.1278147 0.4012021 0.0978826 0.0962366 0.1167895 0.1117402 0.4012021 0.1018221 0.2168826 0.1293727 0.0965781 0.1017129 0.1547691 0.1057391 0.1120464 0.1144471 0.1148695 
Amauria_rotundifolia_SRR9119150            0.2247925 0.0944466 0.0000000 0.2705912 0.1834674 0.5598871 0.3145087 0.1799820 0.2214011 0.1944554 0.5919699 0.1628205 0.1373116 0.0949795 0.1855794 0.1341500 0.1296909 0.1911203 0.1350903 0.1409337 0.1266518 0.4585700 0.1802469 0.1010379 0.2026561 0.2050448 0.2091395 0.2304902 0.2167789 0.6006924 0.3770733 0.2294317 0.2007713 0.1894218 0.2697820 0.1995400 0.1966154 0.4028081 0.1361589 0.0790351 0.1915713 0.1987920 0.1955250 0.1763306 0.2441940 0.1686727 0.1727848 0.1887652 0.1730893 0.1863371 0.1166034 0.1873824 0.2007396 0.1727931 0.1909088 0.1618314 0.1718076 0.1973507 0.1386105 0.1198580 0.5991637 0.2733949 0.1249721 0.1908663 0.2326470 0.1953399 0.2445268 0.2488135 0.5221496 0.1754155 0.1935006 0.1996385 0.1209708 0.5325788 0.1933095 0.2205486 0.2457778 0.1038163 0.1968387 0.1553879 0.1952914 0.1323554 0.2216425 0.1179853 
Conoclinium_coelestinum_SRR9119114         0.2713066 0.1589917 0.2705912 0.0000000 0.2739301 0.5130503 0.3276605 0.2663027 0.2680866 0.2754070 0.4803064 0.2676098 0.2514905 0.1761564 0.2773750 0.2504165 0.2048251 0.2428044 0.2513929 0.2555357 0.2499624 0.4256061 0.2855619 0.2478091 0.2972396 0.2788872 0.2824037 0.3157929 0.2612884 0.5111430 0.3879333 0.2633362 0.2696397 0.2937119 0.2723103 0.2617395 0.2628073 0.4509013 0.2636516 0.2305960 0.2876026 0.2734261 0.2844422 0.2593775 0.2940429 0.2815412 0.2596935 0.2775514 0.2770477 0.2826995 0.2380884 0.2820836 0.2757958 0.2732467 0.2687087 0.2421376 0.2627612 0.2790211 0.2680700 0.2794224 0.6084156 0.3241091 0.2156816 0.2832645 0.3070498 0.2741958 0.3283633 0.3361364 0.4644163 0.2890969 0.2884400 0.2541798 0.2558603 0.4987617 0.2829360 0.2908682 0.3422599 0.2149282 0.2602844 0.2150665 0.2824470 0.2155114 0.2387013 0.1890842 
Eutetras_palmeri_63                        0.1553281 0.1068405 0.1834674 0.2739301 0.0000000 0.5108018 0.2937675 0.2361840 0.1552156 0.1005458 0.5128446 0.0715160 0.0983949 0.1488755 0.0832122 0.0679084 0.1435581 0.0936500 0.0669270 0.0683124 0.0764152 0.4125921 0.0781233 0.0738240 0.0785962 0.1146345 0.0970817 0.1884110 0.1505218 0.5349473 0.3472161 0.1277976 0.1574430 0.0849273 0.1332776 0.1723042 0.0716897 0.3849154 0.0845576 0.0725488 0.0748157 0.1829877 0.0936449 0.1763725 0.1485958 0.0708286 0.0655736 0.0830921 0.1786235 0.0733495 0.0651339 0.0708890 0.1137716 0.0695422 0.1974981 0.1144180 0.1425795 0.0780410 0.0799160 0.1119751 0.5354104 0.1259666 0.0915456 0.0861637 0.1893672 0.1136009 0.2744605 0.2679401 0.4724954 0.0895581 0.0787662 0.1456319 0.0817368 0.4913521 0.0760641 0.1742345 0.2752510 0.1452169 0.0811522 0.1467820 0.0788652 0.1427241 0.1270573 0.1135119 
Eutetras_pringlei_149_quer                 0.4587810 0.5003891 0.5598871 0.5130503 0.5108018 0.0000000 0.5505570 0.4626391 0.4587810 0.4976733 0.0000010 0.4951064 0.5094310 0.6608213 0.4851381 0.4730542 0.5113788 0.5133236 0.5117205 0.5019489 0.5078417 0.0000010 0.5141348 0.6574486 0.5119794 0.5154216 0.5209277 0.4848491 0.5390845 0.0026794 0.5179461 0.5317613 0.4587810 0.5116489 0.4844890 0.4845563 0.5001607 0.6959617 0.4820873 0.5114768 0.5226911 0.4741782 0.5003502 0.4734628 0.4782055 0.5082871 0.5003556 0.4949205 0.4875994 0.5024461 0.5042861 0.5001150 0.4993557 0.4985823 0.5445897 0.7061744 0.6915792 0.5066087 0.4936068 0.5176771 0.0026794 0.5004087 0.6593733 0.5008895 0.4882039 0.5150168 0.5242070 0.5302239 0.0026794 0.5109179 0.5129223 0.5186497 0.5046318 0.0026794 0.4962154 0.7536015 0.5533779 0.4784958 0.5050648 0.5194190 0.5003502 0.5216469 0.4755647 0.5998719 
Eutrochium_fistulosum_SRR9119106           0.3042356 0.3250822 0.3145087 0.3276605 0.2937675 0.5505570 0.0000000 0.3180787 0.3038575 0.3275571 0.6702388 0.2957219 0.2077557 0.1198087 0.3130850 0.2908715 0.1737148 0.3079007 0.2967724 0.2977401 0.3077288 0.6553535 0.3096422 0.1336596 0.3246555 0.3639464 0.3448602 0.3789534 0.3120279 0.7100807 0.3035371 0.3365884 0.3058197 0.3255572 0.1385073 0.3273143 0.3004006 0.3386609 0.3196934 0.1257953 0.3257477 0.3269690 0.3069535 0.3260281 0.3769945 0.3186391 0.2992834 0.3113621 0.3302916 0.3098221 0.2898105 0.3077563 0.3688085 0.2920351 0.3032171 0.1775696 0.1725008 0.3057839 0.3097794 0.2041747 0.7590285 0.3724380 0.1591216 0.3121343 0.3757300 0.3657536 0.3795521 0.3665748 0.7049846 0.3092677 0.2997182 0.3081214 0.3220814 0.7232311 0.3080864 0.2522624 0.3549225 0.2816863 0.3085229 0.2701530 0.3116317 0.3129689 0.4051537 0.1362745 
Helianthus_annuus_SRR9119062               0.2321469 0.2047940 0.1799820 0.2663027 0.2361840 0.4626391 0.3180787 0.0000000 0.2317566 0.2326711 0.4241675 0.2320938 0.2799459 0.2627157 0.2298593 0.2291960 0.2365974 0.2580739 0.2151659 0.2219375 0.2199287 0.4062522 0.2265358 0.2265858 0.2328167 0.2549744 0.2305013 0.2443331 0.2466078 0.4241675 0.3517252 0.2128906 0.2335705 0.2287449 0.3623754 0.2267135 0.2219929 0.5965660 0.2336388 0.2183162 0.2236234 0.2349643 0.2260280 0.2412489 0.2260422 0.2152389 0.2140760 0.2196730 0.2319961 0.2260326 0.2102556 0.2273174 0.2501467 0.2325635 0.2578185 0.2618387 0.2921180 0.2199819 0.2201184 0.2697185 0.4914650 0.2121248 0.2562994 0.2458952 0.2572723 0.2581355 0.2422750 0.2534320 0.4241675 0.2210014 0.2229899 0.2264903 0.2179646 0.4241675 0.2156934 0.2499664 0.2732387 0.2211949 0.2467253 0.2891091 0.2218325 0.2114681 0.2127696 0.2112089 
Lycapsus_tenuifolius_17                    0.0162654 0.1130717 0.2214011 0.2680866 0.1552156 0.4587810 0.3038575 0.2317566 0.0000000 0.1884470 0.5236658 0.1444693 0.1724677 0.2014523 0.1667502 0.1396203 0.1482995 0.1422754 0.1378526 0.1406842 0.1418604 0.4107559 0.1543912 0.1536054 0.1643243 0.1651186 0.1879252 0.2023065 0.1629345 0.5136022 0.3680623 0.1746962 0.0103272 0.1734787 0.2680437 0.1797471 0.1722082 0.4492297 0.1469753 0.1344792 0.1707198 0.1853662 0.1568113 0.1750929 0.1984626 0.1475550 0.1464884 0.1715836 0.1679777 0.1595387 0.1350235 0.1633639 0.1602895 0.1550910 0.2139524 0.1719058 0.1851153 0.1670912 0.1441760 0.1661087 0.5622487 0.1979782 0.1642732 0.1797881 0.1992497 0.1535378 0.2676991 0.2602555 0.4353138 0.1554829 0.1660432 0.1569657 0.1463052 0.4627796 0.1561405 0.1795231 0.2658698 0.1454194 0.1593042 0.1568648 0.1670506 0.1434258 0.1152807 0.1367085 
Pericome_caudata_50_silver                 0.1884038 0.1288441 0.1944554 0.2754070 0.1005458 0.4976733 0.3275571 0.2326711 0.1884470 0.0000000 0.5313969 0.1081295 0.1305517 0.1852248 0.1135957 0.0959858 0.1663245 0.1161807 0.0995054 0.0987003 0.0920397 0.4175790 0.1110619 0.1211332 0.1185870 0.1678203 0.1342325 0.1933481 0.1925596 0.5284937 0.4092906 0.1639051 0.1750146 0.1097756 0.2821477 0.1886536 0.1250378 0.3885844 0.1029290 0.0890928 0.1066912 0.1949828 0.1298641 0.1782396 0.1933146 0.1035771 0.1053026 0.1089085 0.1724148 0.1121535 0.0858816 0.1085832 0.1643859 0.1068005 0.2222504 0.1509572 0.1939616 0.1084373 0.1005531 0.1241824 0.5707067 0.1796105 0.1445411 0.1223243 0.1947529 0.1571690 0.2597750 0.2639438 0.4692345 0.1180739 0.1129596 0.1800406 0.0985595 0.4967922 0.1082073 0.2033462 0.2634422 0.1382117 0.1262630 0.1896086 0.1093664 0.1686170 0.1637487 0.1448228 
Perityle_aglossa_84_dead_horse             0.5236658 0.3623345 0.5919699 0.4803064 0.5128446 0.0000010 0.6702388 0.4241675 0.5236658 0.5313969 0.0000000 0.4366536 0.4509181 0.5989228 0.5211416 0.4001386 0.4767597 0.4421992 0.4367739 0.4010236 0.4146929 0.0000010 0.5204047 0.5949052 0.5283077 0.4793651 0.5290724 0.5256896 0.4676479 0.0057580 0.4842347 0.5228729 0.5073474 0.5250883 0.4162719 0.4759103 0.5264149 0.6758800 0.3945596 0.4528939 0.5356515 0.4702412 0.5506473 0.4458472 0.5009977 0.4930936 0.4845106 0.5216854 0.4576270 0.4945927 0.3821302 0.5112984 0.4527868 0.4987295 0.5640157 0.6472708 0.6318737 0.5257343 0.4132922 0.4516258 0.0046635 0.5236955 0.5937783 0.5142865 0.5313068 0.4626426 0.5464063 0.5698112 0.0022534 0.5284537 0.5213102 0.4655435 0.4193605 0.0022807 0.5183698 0.6663341 0.5707374 0.3513214 0.5041851 0.4873842 0.5214099 0.3931825 0.4495091 0.5953489 
Perityle_ajoensis_204                      0.1473018 0.1043856 0.1628205 0.2676098 0.0715160 0.4951064 0.2957219 0.2320938 0.1444693 0.1081295 0.4366536 0.0000000 0.0981279 0.1526506 0.0774005 0.0241587 0.1353854 0.0997268 0.0536306 0.0786351 0.0826428 0.3872796 0.0848839 0.0776294 0.0454305 0.1083546 0.0760600 0.1844313 0.1506702 0.4833781 0.3472382 0.1343262 0.1463640 0.0894015 0.1274586 0.1586161 0.0537345 0.4013036 0.0818151 0.0824505 0.0822631 0.1689419 0.0900493 0.1645635 0.1455448 0.0796421 0.0520168 0.0899720 0.1649062 0.0294067 0.0643684 0.0286399 0.1073383 0.0262541 0.1797074 0.0876604 0.1435109 0.0865529 0.0850728 0.1127394 0.5310060 0.1237266 0.1016909 0.0346216 0.1807832 0.1062061 0.2534079 0.2426464 0.4391585 0.0820751 0.0847061 0.1451969 0.0918037 0.4600137 0.0827260 0.1708831 0.2535652 0.1355229 0.0373814 0.1460927 0.0882650 0.1387998 0.1360806 0.1222868 
Perityle_ambrosiifolia_67_green            0.1750687 0.1325437 0.1373116 0.2514905 0.0983949 0.5094310 0.2077557 0.2799459 0.1724677 0.1305517 0.4509181 0.0981279 0.0000000 0.1159304 0.1149223 0.0965903 0.1419603 0.1257908 0.0764519 0.0479954 0.0548773 0.4355332 0.0579793 0.0265137 0.0907360 0.1284155 0.1285935 0.2105645 0.1576254 0.5114903 0.3108506 0.1524249 0.1749153 0.0686771 0.0993439 0.1750591 0.0769060 0.3661272 0.1183579 0.0319666 0.0539992 0.1889633 0.0579319 0.1797646 0.1628304 0.0539348 0.0714547 0.0599119 0.1840257 0.1092677 0.0498818 0.0961873 0.1273088 0.0928871 0.1452802 0.1234365 0.1295533 0.0589958 0.0570515 0.1331891 0.5998947 0.1472091 0.1117852 0.1200714 0.2037439 0.1293372 0.2269540 0.2066011 0.5053731 0.0547505 0.0558328 0.1477851 0.0652848 0.5322822 0.0533267 0.1298506 0.2294191 0.1789984 0.1089975 0.1519425 0.0569267 0.1758437 0.1902797 0.1169082 
Perityle_angustifolia_13_Eagle_creek       0.1988424 0.1012484 0.0949795 0.1761564 0.1488755 0.6608213 0.1198087 0.2627157 0.2014523 0.1852248 0.5989228 0.1526506 0.1159304 0.0000000 0.1749593 0.1501821 0.1704872 0.1625106 0.1209285 0.1088132 0.1188643 0.5830179 0.1287645 0.1211229 0.1618159 0.1983846 0.1989267 0.1926308 0.0998167 0.6523347 0.3139622 0.1567462 0.2014523 0.1357927 0.1335405 0.1930090 0.1207361 0.2105555 0.1687611 0.1254624 0.1312711 0.1971830 0.1188654 0.1846034 0.2104120 0.1262571 0.1184482 0.1186710 0.1880164 0.1597885 0.1206575 0.1529353 0.2076906 0.1473372 0.0875115 0.2012950 0.2458407 0.1212810 0.1188643 0.1723326 0.7123695 0.2474320 0.1980200 0.1619397 0.1677687 0.2043078 0.2445950 0.2500843 0.6448776 0.1063429 0.1279519 0.0860302 0.1323199 0.6787566 0.1230896 0.2697255 0.2643523 0.1867845 0.1422026 0.0778784 0.1212828 0.1748021 0.1114152 0.2111081 
Perityle_batopilensis_97                   0.1885271 0.1069457 0.1855794 0.2773750 0.0832122 0.4851381 0.3130850 0.2298593 0.1667502 0.1135957 0.5211416 0.0774005 0.1149223 0.1749593 0.0000000 0.0710177 0.1584007 0.1183639 0.0647339 0.0887338 0.0801451 0.4216322 0.0848078 0.0926744 0.0953411 0.1178677 0.0998290 0.2284596 0.1762850 0.5357929 0.3655146 0.1427572 0.1558101 0.0957433 0.2030269 0.2283503 0.0987501 0.4020140 0.0116958 0.0818312 0.0908632 0.2340853 0.1052263 0.1756488 0.1771114 0.0808258 0.0658714 0.0884599 0.1766342 0.0795084 0.0686536 0.0738918 0.1171768 0.0720678 0.2063358 0.1277805 0.1589936 0.0872457 0.0842622 0.1151441 0.5550925 0.1366277 0.1196132 0.0875420 0.1939974 0.1138222 0.2684241 0.2723707 0.4644882 0.0948164 0.0898076 0.1785120 0.0895912 0.4861594 0.0874271 0.1686728 0.2737797 0.1420481 0.0855270 0.1618509 0.0869996 0.1471764 0.1349089 0.1209966 
Perityle_bisetosa_9                        0.1439664 0.1057192 0.1341500 0.2504165 0.0679084 0.4730542 0.2908715 0.2291960 0.1396203 0.0959858 0.4001386 0.0241587 0.0965903 0.1501821 0.0710177 0.0000000 0.1310750 0.0963869 0.0496632 0.0753586 0.0799902 0.3972024 0.0815017 0.0987810 0.0495675 0.1188427 0.0804036 0.1714272 0.1400374 0.4305895 0.3485389 0.1340665 0.1429705 0.0840584 0.2006349 0.1614595 0.0467418 0.4060558 0.0733797 0.0778822 0.0759311 0.1728822 0.0818069 0.1590661 0.1528140 0.0757732 0.0513296 0.0849265 0.1571135 0.0325665 0.0618130 0.0284358 0.1147585 0.0181110 0.1582952 0.0824194 0.1390245 0.0831091 0.0831472 0.1084220 0.5552372 0.1212298 0.0982677 0.0399355 0.1637330 0.1062475 0.2333330 0.2243470 0.4261770 0.0758495 0.0838250 0.1324095 0.0891673 0.4487160 0.0755487 0.1133986 0.2247815 0.1430639 0.0393391 0.1585718 0.0839157 0.1436751 0.1193273 0.0986030 
Perityle_californica_76_positas            0.1554941 0.1142316 0.1296909 0.2048251 0.1435581 0.5113788 0.1737148 0.2365974 0.1482995 0.1663245 0.4767597 0.1353854 0.1419603 0.1704872 0.1584007 0.1310750 0.0000000 0.1521657 0.1471421 0.1287928 0.1392473 0.4550365 0.1496326 0.1442474 0.1378491 0.1573757 0.1741560 0.1850917 0.1690811 0.5025594 0.2216770 0.1656473 0.1500224 0.1577866 0.1467347 0.1262247 0.1470264 0.3528452 0.1557491 0.1468316 0.1493587 0.1321301 0.1374231 0.1324512 0.1743874 0.1492298 0.1446162 0.1374939 0.1315732 0.1448113 0.1453930 0.1392660 0.1613385 0.1384457 0.1672320 0.1779466 0.2069447 0.1378149 0.1409658 0.1623231 0.6143808 0.1779257 0.1615432 0.1501433 0.1811718 0.1630731 0.1899072 0.1909565 0.5020427 0.1320863 0.1507674 0.1570466 0.1520130 0.5335354 0.1526620 0.2240002 0.2030013 0.1272054 0.1335428 0.1444449 0.1409198 0.0448910 0.0911191 0.1078037 
Perityle_canescens_77                      0.1424232 0.1051244 0.1911203 0.2428044 0.0936500 0.5133236 0.3079007 0.2580739 0.1422754 0.1161807 0.4421992 0.0997268 0.1257908 0.1625106 0.1183639 0.0963869 0.1521657 0.0000000 0.1037010 0.0981608 0.1112353 0.4136244 0.1143769 0.1151742 0.1077592 0.1430659 0.1329045 0.1903759 0.1623210 0.5019107 0.3452053 0.1433080 0.1444688 0.1167682 0.1389796 0.1716709 0.1051622 0.3851902 0.1237421 0.1158796 0.1081261 0.1801374 0.1104225 0.1732202 0.1660140 0.1050117 0.1009670 0.1141925 0.1778837 0.0981030 0.0999380 0.0976982 0.1432253 0.0997872 0.1987960 0.1240718 0.1561232 0.1131754 0.1134321 0.1399978 0.5477550 0.1528565 0.1249367 0.1159602 0.1833809 0.1418695 0.2549770 0.2476156 0.4797138 0.1108855 0.1140524 0.1596425 0.1167879 0.4986519 0.1087650 0.1869549 0.2445996 0.1589955 0.1033372 0.1506118 0.1130891 0.1524102 0.1376104 0.1205602 
Perityle_castillonii_96                    0.1363749 0.1001332 0.1350903 0.2513929 0.0669270 0.5117205 0.2967724 0.2151659 0.1378526 0.0995054 0.4367739 0.0536306 0.0764519 0.1209285 0.0647339 0.0496632 0.1471421 0.1037010 0.0000000 0.0564252 0.0538814 0.4071109 0.0563337 0.0707570 0.0768252 0.1145590 0.0807964 0.1615773 0.1451660 0.4876864 0.3518710 0.1290331 0.1353525 0.0594954 0.1862744 0.1539190 0.0213298 0.3924826 0.0707850 0.0457434 0.0568198 0.1662165 0.0623448 0.1560827 0.1427348 0.0463240 0.0292300 0.0601436 0.1522484 0.0591183 0.0397807 0.0541464 0.1104546 0.0518171 0.1631283 0.1071673 0.1383596 0.0585952 0.0573881 0.1046565 0.5727652 0.1237340 0.1006021 0.0689939 0.1596983 0.1038442 0.2171556 0.2100200 0.4606015 0.0583041 0.0569760 0.1338723 0.0602521 0.4812670 0.0536387 0.1432693 0.2175485 0.1346712 0.0639702 0.1502035 0.0585849 0.1489134 0.1259985 0.1042982 
Perityle_cernua_84                         0.1437173 0.0941979 0.1409337 0.2555357 0.0683124 0.5019489 0.2977401 0.2219375 0.1406842 0.0987003 0.4010236 0.0786351 0.0479954 0.1088132 0.0887338 0.0753586 0.1287928 0.0981608 0.0564252 0.0000000 0.0342915 0.3887826 0.0447520 0.0217786 0.0681745 0.1120037 0.1024719 0.1800662 0.1377042 0.4524083 0.3426917 0.1247469 0.1426682 0.0532062 0.1196499 0.1431448 0.0578480 0.3766506 0.0935986 0.0282571 0.0439478 0.1567773 0.0414853 0.1513151 0.1407047 0.0355250 0.0520928 0.0447175 0.1517105 0.0843945 0.0320088 0.0743641 0.1080025 0.0762028 0.1613441 0.1108948 0.1318987 0.0422399 0.0414898 0.1082895 0.5343606 0.1227236 0.1034669 0.0957112 0.1762869 0.1097133 0.2237756 0.2055806 0.4475961 0.0412884 0.0438373 0.1315459 0.0405480 0.4698576 0.0424859 0.1201890 0.2167733 0.1318845 0.0920228 0.1445084 0.0422320 0.1312966 0.1265869 0.1103730 
Perityle_cfvillosa_25_tin                  0.1416795 0.1038592 0.1266518 0.2499624 0.0764152 0.5078417 0.3077288 0.2199287 0.1418604 0.0920397 0.4146929 0.0826428 0.0548773 0.1188643 0.0801451 0.0799902 0.1392473 0.1112353 0.0538814 0.0342915 0.0000000 0.4026136 0.0352839 0.0633102 0.0659783 0.1143891 0.1117811 0.1673845 0.1376837 0.4650833 0.3452495 0.1267593 0.1456130 0.0393312 0.2216675 0.1691974 0.0576288 0.3960546 0.0841301 0.0304572 0.0359242 0.1815009 0.0071877 0.1597673 0.1585279 0.0323134 0.0434441 0.0086826 0.1537780 0.0863118 0.0284450 0.0740501 0.1096906 0.0792403 0.1484641 0.1196503 0.1362436 0.0063612 0.0056200 0.1120588 0.5859637 0.1233866 0.1121335 0.0953931 0.1626278 0.1037536 0.2029222 0.1941240 0.4602622 0.0305582 0.0344663 0.1264565 0.0390789 0.4822052 0.0306168 0.1174729 0.1942289 0.1554841 0.0912341 0.1564921 0.0049028 0.1457625 0.1281485 0.1140118 
Perityle_cinerea_113_Powell1310            0.4107559 0.3483810 0.4585700 0.4256061 0.4125921 0.0000010 0.6553535 0.4062522 0.4107559 0.4175790 0.0000010 0.3872796 0.4355332 0.5830179 0.4216322 0.3972024 0.4550365 0.4136244 0.4071109 0.3887826 0.4026136 0.0000000 0.4287059 0.5787940 0.4293197 0.4028500 0.4218621 0.4052931 0.4185432 0.0000010 0.4625918 0.4365289 0.4107559 0.4303605 0.3996751 0.3871775 0.4017582 0.6571198 0.3866461 0.4374934 0.4389808 0.3789540 0.4278724 0.3817019 0.3933087 0.4290777 0.3934120 0.4289354 0.3929362 0.3986550 0.3653437 0.4026673 0.3863882 0.4010360 0.4390893 0.6441169 0.6172972 0.4326043 0.4016368 0.4367767 0.0047884 0.4198814 0.5780147 0.4066463 0.4091017 0.4028546 0.4310267 0.4370117 0.0023117 0.4267838 0.4279225 0.4131090 0.4073370 0.0023404 0.4207026 0.6050540 0.4561781 0.3419535 0.4109433 0.4686622 0.4278724 0.3750929 0.4336720 0.5693421 
Perityle_coahuilensis_24                   0.1566561 0.0925444 0.1802469 0.2855619 0.0781233 0.5141348 0.3096422 0.2265358 0.1543912 0.1110619 0.5204047 0.0848839 0.0579793 0.1287645 0.0848078 0.0815017 0.1496326 0.1143769 0.0563337 0.0447520 0.0352839 0.4287059 0.0000000 0.0664085 0.0633025 0.1139169 0.1350578 0.1826161 0.1672243 0.5299088 0.3558309 0.1384273 0.1547191 0.0436551 0.2196312 0.1851930 0.0700603 0.3964606 0.0880610 0.0062982 0.0392683 0.1974225 0.0512174 0.1688090 0.1900070 0.0334830 0.0526553 0.0389782 0.1659563 0.0867164 0.0290770 0.0791195 0.1121123 0.0825549 0.2027035 0.1261832 0.1386732 0.0353799 0.0364107 0.1122415 0.5792617 0.1244301 0.1150964 0.1000361 0.1781667 0.1060198 0.2737007 0.2469547 0.4726683 0.0471598 0.0061604 0.1552484 0.0578341 0.4916499 0.0316267 0.1323416 0.2528035 0.1576223 0.1032533 0.1594261 0.0346195 0.1529225 0.1200580 0.1145301 
Perityle_cochisensis_44_cave_creek         0.1747760 0.0842013 0.1010379 0.2478091 0.0738240 0.6574486 0.1336596 0.2265858 0.1536054 0.1211332 0.5949052 0.0776294 0.0265137 0.1211229 0.0926744 0.0987810 0.1442474 0.1151742 0.0707570 0.0217786 0.0633102 0.5787940 0.0664085 0.0000000 0.0738804 0.1513968 0.1375953 0.2013202 0.1285372 0.6551902 0.3917004 0.1525981 0.1814673 0.0765997 0.2320247 0.1767383 0.0470671 0.3386746 0.0841700 0.0385193 0.0596594 0.1879179 0.0308107 0.1525330 0.1757491 0.0593126 0.0434051 0.0602954 0.1504249 0.0907050 0.0500192 0.0711194 0.1502478 0.0731758 0.1026478 0.1215395 0.1394727 0.0664324 0.0666264 0.1211008 0.7210139 0.1242264 0.1121715 0.1318717 0.1906549 0.1193988 0.2440669 0.2352504 0.6477140 0.0483616 0.0662546 0.1105940 0.0789158 0.6732553 0.0270840 0.1265419 0.2206590 0.1703396 0.0857417 0.1047617 0.0653849 0.1788153 0.1090383 0.1174931 
Perityle_congesta_202                      0.1939126 0.1106312 0.2026561 0.2972396 0.0785962 0.5119794 0.3246555 0.2328167 0.1643243 0.1185870 0.5283077 0.0454305 0.0907360 0.1618159 0.0953411 0.0495675 0.1378491 0.1077592 0.0768252 0.0681745 0.0659783 0.4293197 0.0633025 0.0738804 0.0000000 0.1054721 0.1008028 0.2179310 0.1721142 0.5425093 0.3602789 0.1468157 0.1571500 0.0681454 0.1933079 0.2073708 0.1094539 0.4103716 0.0963590 0.0724823 0.0648402 0.2185290 0.0825749 0.1800962 0.1871353 0.0644354 0.0795867 0.0692991 0.1767743 0.0561603 0.0647086 0.0558575 0.1045639 0.0511678 0.2049396 0.0942193 0.1467529 0.0620114 0.0661407 0.1197963 0.5935358 0.1256555 0.1053773 0.0653301 0.2019147 0.1029612 0.2851605 0.2824392 0.4804426 0.0634444 0.0626607 0.1790858 0.0729662 0.4993638 0.0594126 0.1821324 0.2841674 0.1432256 0.0681299 0.1641836 0.0636166 0.1371670 0.1327244 0.1300551 
Perityle_cordifolia_27                     0.1793277 0.1118027 0.2050448 0.2788872 0.1146345 0.5154216 0.3639464 0.2549744 0.1651186 0.1678203 0.4793651 0.1083546 0.1284155 0.1983846 0.1178677 0.1188427 0.1573757 0.1430659 0.1145590 0.1120037 0.1143891 0.4028500 0.1139169 0.1513968 0.1054721 0.0000000 0.1439195 0.2006698 0.1695180 0.5194347 0.3583181 0.1533071 0.1739126 0.1235572 0.2623025 0.1976607 0.1106285 0.4530107 0.1229206 0.1175366 0.1122874 0.2047968 0.1215064 0.1875411 0.1705469 0.1131256 0.1058796 0.1179871 0.1797841 0.1121475 0.1085784 0.1050810 0.0187259 0.1022834 0.2541713 0.1387151 0.0662944 0.1139144 0.1152633 0.1579755 0.5311363 0.1272544 0.0210085 0.1242294 0.1913986 0.0116163 0.2808127 0.2623828 0.4616546 0.1182020 0.1155845 0.1560038 0.1231909 0.4809353 0.1012922 0.1988799 0.2863934 0.1807988 0.1098465 0.1739643 0.1165615 0.1698468 0.1453694 0.1369339 
Perityle_cordifolia_68_tecolote            0.2142634 0.1454980 0.2091395 0.2824037 0.0970817 0.5209277 0.3448602 0.2305013 0.1879252 0.1342325 0.5290724 0.0760600 0.1285935 0.1989267 0.0998290 0.0804036 0.1741560 0.1329045 0.0807964 0.1024719 0.1117811 0.4218621 0.1350578 0.1375953 0.1008028 0.1439195 0.0000000 0.2423007 0.2035646 0.5413921 0.3805712 0.1650447 0.1895056 0.1368261 0.2527254 0.2790460 0.1139207 0.4448470 0.1043707 0.0993825 0.1047823 0.2811566 0.1152042 0.1868043 0.2519455 0.1302101 0.0715499 0.1042120 0.1845280 0.0822768 0.0905774 0.0817021 0.1406253 0.0820842 0.2234091 0.0213372 0.1786639 0.1144500 0.1303016 0.1387312 0.5791454 0.1561678 0.1403874 0.1150905 0.2034438 0.1284983 0.3202361 0.3150878 0.4676591 0.1087298 0.1356141 0.2040953 0.1364813 0.4931649 0.1038835 0.1790714 0.3096604 0.1756199 0.0928791 0.1848510 0.1291367 0.1648972 0.1639241 0.1522641 
Perityle_coronopifolia_28_patagonia        0.2403856 0.1204359 0.2304902 0.3157929 0.1884110 0.4848491 0.3789534 0.2443331 0.2023065 0.1933481 0.5256896 0.1844313 0.2105645 0.1926308 0.2284596 0.1714272 0.1850917 0.1903759 0.1615773 0.1800662 0.1673845 0.4052931 0.1826161 0.2013202 0.2179310 0.2006698 0.2423007 0.0000000 0.1835980 0.5242252 0.4043589 0.2280749 0.1905016 0.2203105 0.3413125 0.1831870 0.2288120 0.4461567 0.1796305 0.1670710 0.2124037 0.1931302 0.2059592 0.1235253 0.2216012 0.1726868 0.1743784 0.1874057 0.1279393 0.1951517 0.1556468 0.2007680 0.1966415 0.1841338 0.2634989 0.2183692 0.2285894 0.2160816 0.1709534 0.1946393 0.5761424 0.1716648 0.1514818 0.2392935 0.0207550 0.1876767 0.2743592 0.2890371 0.4576670 0.1907954 0.2210121 0.1918092 0.1730133 0.4829681 0.2032131 0.2117582 0.2893961 0.1474157 0.1864313 0.1871304 0.1968639 0.1705382 0.1484909 0.1357258 
Perityle_crassifolia_70_ventanas           0.1642950 0.1224636 0.2167789 0.2612884 0.1505218 0.5390845 0.3120279 0.2466078 0.1629345 0.1925596 0.4676479 0.1506702 0.1576254 0.0998167 0.1762850 0.1400374 0.1690811 0.1623210 0.1451660 0.1377042 0.1376837 0.4185432 0.1672243 0.1285372 0.1721142 0.1695180 0.2035646 0.1835980 0.0000000 0.4998235 0.3661646 0.1407071 0.1604555 0.1660414 0.1696390 0.1709382 0.1663558 0.3753505 0.1491260 0.1199722 0.1620414 0.1768150 0.1559793 0.1703186 0.2011982 0.1549104 0.1512748 0.1663218 0.1722100 0.1636884 0.1247024 0.1631319 0.1636737 0.1542996 0.2078304 0.1741296 0.1793552 0.1649294 0.1405534 0.1707714 0.5884998 0.2051108 0.1098174 0.1707914 0.1810915 0.1677961 0.2378693 0.2436412 0.4842751 0.1517935 0.1644487 0.0175463 0.1454645 0.5141164 0.1598682 0.2521166 0.2461373 0.1519319 0.1421339 0.1645878 0.1648699 0.1587557 0.1209881 0.1586785 
Perityle_crassifolia_74_playa_balandra     0.5103953 0.4012021 0.6006924 0.5111430 0.5349473 0.0026794 0.7100807 0.4241675 0.5136022 0.5284937 0.0057580 0.4833781 0.5114903 0.6523347 0.5357929 0.4305895 0.5025594 0.5019107 0.4876864 0.4524083 0.4650833 0.0000010 0.5299088 0.6551902 0.5425093 0.5194347 0.5413921 0.5242252 0.4998235 0.0000000 0.5649258 0.5313636 0.5136022 0.5344373 0.4925393 0.4597491 0.5268215 0.7127480 0.4453866 0.5120629 0.5486698 0.4552642 0.5688781 0.4519733 0.5076796 0.5314966 0.5095341 0.5362389 0.4576430 0.5225344 0.4365413 0.5255758 0.5063489 0.5209399 0.6063791 0.6946334 0.6924040 0.5391865 0.4621582 0.5148055 0.0039990 0.5322016 0.6690198 0.5223748 0.5287231 0.5058725 0.5618793 0.5574460 0.0019815 0.5646465 0.5340706 0.4874638 0.4637130 0.0019618 0.5290204 0.7466015 0.5978260 0.3950594 0.5303776 0.5352832 0.5356793 0.4392181 0.4480297 0.5998719 
Perityle_cuneata_34_cuneata_San_antonio    0.3649703 0.1626736 0.3770733 0.3879333 0.3472161 0.5179461 0.3035371 0.3517252 0.3680623 0.4092906 0.4842347 0.3472382 0.3108506 0.3139622 0.3655146 0.3485389 0.2216770 0.3452053 0.3518710 0.3426917 0.3452495 0.4625918 0.3558309 0.3917004 0.3602789 0.3583181 0.3805712 0.4043589 0.3661646 0.5649258 0.0000000 0.3686397 0.3699955 0.3502451 0.3781818 0.3646209 0.3433610 0.6020913 0.3565628 0.3610736 0.3504058 0.3698440 0.3337656 0.3595208 0.3776038 0.3514434 0.3306089 0.3450433 0.3727281 0.3534774 0.3504361 0.3503637 0.3566458 0.3559970 0.3830059 0.3500332 0.3774229 0.3460169 0.3511923 0.3795898 0.7062367 0.3192490 0.2826625 0.3780940 0.3949234 0.3533802 0.3808320 0.3837573 0.5490200 0.3527498 0.3621499 0.3725582 0.3393221 0.5964433 0.3511799 0.2505887 0.3845065 0.3630904 0.3189592 0.1593140 0.3489563 0.2980781 0.0703577 0.1322823 
Perityle_cuneata_4                         0.2097054 0.1069002 0.2294317 0.2633362 0.1277976 0.5317613 0.3365884 0.2128906 0.1746962 0.1639051 0.5228729 0.1343262 0.1524249 0.1567462 0.1427572 0.1340665 0.1656473 0.1433080 0.1290331 0.1247469 0.1267593 0.4365289 0.1384273 0.1525981 0.1468157 0.1533071 0.1650447 0.2280749 0.1407071 0.5313636 0.3686397 0.0000000 0.1680726 0.1426455 0.2983789 0.2184281 0.1700948 0.4117967 0.1385556 0.1267528 0.1397156 0.2279571 0.1456708 0.1665326 0.2090548 0.1324655 0.1160380 0.1347181 0.1559612 0.1304341 0.1220005 0.1249132 0.1516594 0.1304700 0.2359735 0.1912205 0.1907915 0.1409692 0.1293550 0.1624282 0.5988209 0.1639315 0.1393883 0.1488789 0.1895525 0.1407129 0.2850197 0.2922196 0.4914741 0.1475701 0.1451385 0.1496931 0.1372471 0.5248229 0.1324167 0.2420431 0.2935985 0.1514888 0.1276618 0.1653627 0.1355501 0.1501796 0.1495334 0.1468516 
Perityle_discoidea_81                      0.0087694 0.1150381 0.2007713 0.2696397 0.1574430 0.4587810 0.3058197 0.2335705 0.0103272 0.1750146 0.5073474 0.1463640 0.1749153 0.2014523 0.1558101 0.1429705 0.1500224 0.1444688 0.1353525 0.1426682 0.1456130 0.4107559 0.1547191 0.1814673 0.1571500 0.1739126 0.1895056 0.1905016 0.1604555 0.5136022 0.3699955 0.1680726 0.0000000 0.1639673 0.2935163 0.1872354 0.1603386 0.4530202 0.1488941 0.1400708 0.1604675 0.1939064 0.1587240 0.1763031 0.1996749 0.1493546 0.1504240 0.1607568 0.1705990 0.1604311 0.1359821 0.1542759 0.1683983 0.1569387 0.2152387 0.1719058 0.1851153 0.1588301 0.1469662 0.1685483 0.5622487 0.1891674 0.1642732 0.1761402 0.1873322 0.1575511 0.2515723 0.2429110 0.4353138 0.1554974 0.1578933 0.1524258 0.1544905 0.4627796 0.1488228 0.1795231 0.2496171 0.1676018 0.1613398 0.1591057 0.1587926 0.1523059 0.1170815 0.1367085 
Perityle_dissecta_201                      0.1955277 0.1003126 0.1894218 0.2937119 0.0849273 0.5116489 0.3255572 0.2287449 0.1734787 0.1097756 0.5250883 0.0894015 0.0686771 0.1357927 0.0957433 0.0840584 0.1577866 0.1167682 0.0594954 0.0532062 0.0393312 0.4303605 0.0436551 0.0765997 0.0681454 0.1235572 0.1368261 0.2203105 0.1660414 0.5344373 0.3502451 0.1426455 0.1639673 0.0000000 0.2295434 0.2430550 0.0943729 0.3871375 0.0958873 0.0454565 0.0442747 0.2444868 0.0593958 0.1768555 0.2210760 0.0409416 0.0565879 0.0432089 0.1688135 0.0902573 0.0410390 0.0834703 0.1208832 0.0867476 0.2054133 0.1276476 0.1364984 0.0397361 0.0450602 0.1162788 0.5885822 0.1364759 0.1150474 0.1074091 0.1876811 0.1127452 0.2887475 0.2733418 0.4770278 0.0545100 0.0439336 0.1726736 0.0684189 0.4959158 0.0389893 0.1239211 0.2739065 0.1553862 0.1050117 0.1547651 0.0410034 0.1537180 0.1313086 0.1240875 
Perityle_emoryi_47_punta_san_jose          0.2890944 0.0865869 0.2697820 0.2723103 0.1332776 0.4844890 0.1385073 0.3623754 0.2680437 0.2821477 0.4162719 0.1274586 0.0993439 0.1335405 0.2030269 0.2006349 0.1467347 0.1389796 0.1862744 0.1196499 0.2216675 0.3996751 0.2196312 0.2320247 0.1933079 0.2623025 0.2527254 0.3413125 0.1696390 0.4925393 0.3781818 0.2983789 0.2935163 0.2295434 0.0000000 0.3137641 0.1068092 0.4317945 0.1756277 0.1876408 0.2003134 0.3248274 0.1329261 0.2331257 0.2948895 0.2173754 0.1574728 0.2069145 0.2719576 0.1568105 0.1903409 0.1752084 0.2455212 0.1484260 0.2303583 0.1236827 0.1612410 0.2255478 0.2249015 0.2425384 0.6480544 0.1427893 0.0893934 0.2336825 0.3194158 0.2335711 0.3562095 0.3417469 0.4862570 0.1897213 0.2190876 0.2170811 0.2271347 0.5145808 0.1791919 0.1757430 0.3007262 0.3121025 0.0929451 0.1165885 0.2242712 0.3158789 0.0993118 0.1202490 
Perityle_feddemae_99                       0.2290629 0.1062265 0.1995400 0.2617395 0.1723042 0.4845563 0.3273143 0.2267135 0.1797471 0.1886536 0.4759103 0.1586161 0.1750591 0.1930090 0.2283503 0.1614595 0.1262247 0.1716709 0.1539190 0.1431448 0.1691974 0.3871775 0.1851930 0.1767383 0.2073708 0.1976607 0.2790460 0.1831870 0.1709382 0.4597491 0.3646209 0.2184281 0.1872354 0.2430550 0.3137641 0.0000000 0.2031436 0.4062865 0.1665289 0.1334734 0.2150562 0.0248101 0.1681271 0.0186999 0.2242783 0.1752542 0.1500306 0.1805103 0.0171023 0.1694899 0.1447408 0.1865808 0.1866331 0.1623518 0.2219264 0.1669512 0.1659036 0.2309783 0.1967126 0.1817684 0.5476676 0.2092162 0.1343157 0.2694755 0.1335642 0.1758274 0.2783584 0.2823158 0.4318075 0.1649281 0.2324512 0.1810463 0.1884598 0.4611232 0.1998492 0.1849534 0.2653469 0.0815149 0.1659662 0.1944377 0.2125184 0.1495243 0.1448047 0.0732475 
Perityle_fosteri_93                        0.1989672 0.0960387 0.1966154 0.2628073 0.0716897 0.5001607 0.3004006 0.2219929 0.1722082 0.1250378 0.5264149 0.0537345 0.0769060 0.1207361 0.0987501 0.0467418 0.1470264 0.1051622 0.0213298 0.0578480 0.0576288 0.4017582 0.0700603 0.0470671 0.1094539 0.1106285 0.1139207 0.2288120 0.1663558 0.5268215 0.3433610 0.1700948 0.1603386 0.0943729 0.1068092 0.2031436 0.0000000 0.3888099 0.0720109 0.0507397 0.0907099 0.2144978 0.0783825 0.1695988 0.1808058 0.0573042 0.0355571 0.0798329 0.1728500 0.0615752 0.0424337 0.0850484 0.1088186 0.0554963 0.2045253 0.1132040 0.1341672 0.0931475 0.0614058 0.1147816 0.5285315 0.1429142 0.0980749 0.0996447 0.2203712 0.1095481 0.2897408 0.2930956 0.4555877 0.0760911 0.0937024 0.1752508 0.0613095 0.4770893 0.0879809 0.1401026 0.2963670 0.1307744 0.0677157 0.1485331 0.0919743 0.1417917 0.1237925 0.1071592 
Perityle_gamon_221                         0.4505071 0.3063928 0.4028081 0.4509013 0.3849154 0.6959617 0.3386609 0.5965660 0.4492297 0.3885844 0.6758800 0.4013036 0.3661272 0.2105555 0.4020140 0.4060558 0.3528452 0.3851902 0.3924826 0.3766506 0.3960546 0.6571198 0.3964606 0.3386746 0.4103716 0.4530107 0.4448470 0.4461567 0.3753505 0.7127480 0.6020913 0.4117967 0.4530202 0.3871375 0.4317945 0.4062865 0.3888099 0.0000000 0.3984834 0.3776117 0.4039333 0.4170110 0.3895610 0.4114641 0.3330284 0.4001917 0.3893359 0.3956739 0.4095713 0.4032405 0.3857843 0.3985574 0.4491977 0.3927772 0.4166436 0.1910003 0.2249104 0.3983309 0.3982148 0.4412567 0.8846948 0.3522296 0.1282122 0.4077403 0.4293248 0.4519901 0.4609787 0.4337128 0.7070656 0.3909608 0.3973968 0.4016568 0.4064508 0.7292254 0.3974770 0.2034778 0.4067094 0.4000042 0.3590282 0.3795704 0.3965493 0.4443883 0.3570649 0.1306309 
Perityle_gentryi_8_san_francisco           0.1499114 0.1055554 0.1361589 0.2636516 0.0845576 0.4820873 0.3196934 0.2336388 0.1469753 0.1029290 0.3945596 0.0818151 0.1183579 0.1687611 0.0116958 0.0733797 0.1557491 0.1237421 0.0707850 0.0935986 0.0841301 0.3866461 0.0880610 0.0841700 0.0963590 0.1229206 0.1043707 0.1796305 0.1491260 0.4453866 0.3565628 0.1385556 0.1488941 0.0958873 0.1756277 0.1665289 0.0720109 0.3984834 0.0000000 0.0851860 0.0906435 0.1702841 0.0898636 0.1685228 0.1393614 0.0879377 0.0709140 0.0897558 0.1707159 0.0870847 0.0757060 0.0771723 0.1191523 0.0767068 0.1619308 0.1256593 0.1541007 0.0854369 0.0873270 0.1247131 0.5478967 0.1437140 0.1139417 0.0948489 0.1782004 0.1187521 0.2137318 0.2125609 0.4403677 0.0902783 0.0887416 0.1405546 0.0949354 0.4691751 0.0893676 0.1723236 0.2129970 0.1425482 0.0874264 0.1565030 0.0862992 0.1499606 0.1337407 0.1147513 
Perityle_gilensis_22_Superstition          0.1423118 0.0708467 0.0790351 0.2305960 0.0725488 0.5114768 0.1257953 0.2183162 0.1344792 0.0890928 0.4528939 0.0824505 0.0319666 0.1254624 0.0818312 0.0778822 0.1468316 0.1158796 0.0457434 0.0282571 0.0304572 0.4374934 0.0062982 0.0385193 0.0724823 0.1175366 0.0993825 0.1670710 0.1199722 0.5120629 0.3610736 0.1267528 0.1400708 0.0454565 0.1876408 0.1334734 0.0507397 0.3776117 0.0851860 0.0000000 0.0399766 0.1464246 0.0335386 0.1436914 0.1317036 0.0313884 0.0439534 0.0342155 0.1421052 0.0890939 0.0173481 0.0730429 0.1164658 0.0792137 0.1059654 0.1225640 0.1378284 0.0342712 0.0324564 0.1041551 0.6352128 0.1207498 0.1145136 0.0969765 0.1622473 0.1150592 0.1785601 0.1744587 0.5059423 0.0304059 0.0053840 0.1032863 0.0358843 0.5328442 0.0270830 0.1286466 0.1797785 0.1374632 0.0918334 0.1025523 0.0333116 0.1474050 0.0877602 0.1136566 
Perityle_gilensis_salensis_225             0.1976588 0.0999852 0.1915713 0.2876026 0.0748157 0.5226911 0.3257477 0.2236234 0.1707198 0.1066912 0.5356515 0.0822631 0.0539992 0.1312711 0.0908632 0.0759311 0.1493587 0.1081261 0.0568198 0.0439478 0.0359242 0.4389808 0.0392683 0.0596594 0.0648402 0.1122874 0.1047823 0.2124037 0.1620414 0.5486698 0.3504058 0.1397156 0.1604675 0.0442747 0.2003134 0.2150562 0.0907099 0.4039333 0.0906435 0.0399766 0.0000000 0.2300483 0.0551805 0.1787492 0.1843297 0.0349565 0.0534409 0.0402801 0.1726488 0.0842681 0.0330340 0.0797174 0.1105497 0.0801153 0.2065286 0.1349428 0.1498258 0.0373495 0.0389505 0.1122339 0.5899766 0.1295724 0.1178430 0.0965449 0.1831221 0.1050258 0.2763334 0.2709481 0.4923441 0.0500665 0.0378608 0.1690591 0.0449230 0.5160876 0.0338734 0.1471951 0.2760602 0.1432805 0.0977566 0.1606703 0.0367060 0.1433080 0.1306901 0.1333163 
Perityle_glaucescens_94                    0.2365622 0.1091040 0.1987920 0.2734261 0.1829877 0.4741782 0.3269690 0.2349643 0.1853662 0.1949828 0.4702412 0.1689419 0.1889633 0.1971830 0.2340853 0.1728822 0.1321301 0.1801374 0.1662165 0.1567773 0.1815009 0.3789540 0.1974225 0.1879179 0.2185290 0.2047968 0.2811566 0.1931302 0.1768150 0.4552642 0.3698440 0.2279571 0.1939064 0.2444868 0.3248274 0.0248101 0.2144978 0.4170110 0.1702841 0.1464246 0.2300483 0.0000000 0.1840701 0.0252791 0.2282166 0.1862908 0.1640232 0.1957036 0.0218138 0.1803351 0.1582478 0.1970091 0.1949108 0.1743931 0.2204976 0.1773663 0.1826942 0.2367260 0.1841093 0.1915014 0.5456660 0.2217079 0.1414684 0.2572889 0.1437133 0.1832266 0.2825190 0.2898229 0.4251732 0.1752369 0.2439030 0.1826359 0.1970141 0.4547155 0.2120723 0.2010096 0.2760891 0.0849060 0.1770997 0.1991123 0.2255850 0.1572238 0.1488048 0.0795125 
Perityle_gracilis_11                       0.1616357 0.1017396 0.1955250 0.2844422 0.0936449 0.5003502 0.3069535 0.2260280 0.1568113 0.1298641 0.5506473 0.0900493 0.0579319 0.1188654 0.1052263 0.0818069 0.1374231 0.1104225 0.0623448 0.0414853 0.0071877 0.4278724 0.0512174 0.0308107 0.0825749 0.1215064 0.1152042 0.2059592 0.1559793 0.5688781 0.3337656 0.1456708 0.1587240 0.0593958 0.1329261 0.1681271 0.0783825 0.3895610 0.0898636 0.0335386 0.0551805 0.1840701 0.0000000 0.1762585 0.1664210 0.0477715 0.0656204 0.0277025 0.1765806 0.1066738 0.0320646 0.0979000 0.1146425 0.0989182 0.2103071 0.1217813 0.1342290 0.0239011 0.0086073 0.1236089 0.5663779 0.1417387 0.1121301 0.1168150 0.2012086 0.1094379 0.2715183 0.2543188 0.4778917 0.0506454 0.0511162 0.1488965 0.0233340 0.5052162 0.0475289 0.1143802 0.2765745 0.1440160 0.1127028 0.1529879 0.0238678 0.1399656 0.1269454 0.1140078 
Perityle_harkerae_31                       0.1762163 0.1055381 0.1763306 0.2593775 0.1763725 0.4734628 0.3260281 0.2412489 0.1750929 0.1782396 0.4458472 0.1645635 0.1797646 0.1846034 0.1756488 0.1590661 0.1324512 0.1732202 0.1560827 0.1513151 0.1597673 0.3817019 0.1688090 0.1525330 0.1800962 0.1875411 0.1868043 0.1235253 0.1703186 0.4519733 0.3595208 0.1665326 0.1763031 0.1768555 0.2331257 0.0186999 0.1695988 0.4114641 0.1685228 0.1436914 0.1787492 0.0252791 0.1762585 0.0000000 0.1718372 0.1644940 0.1620960 0.1740210 0.0219084 0.1771426 0.1507266 0.1688733 0.1826178 0.1680402 0.2226912 0.1664996 0.1742700 0.1679139 0.1618005 0.1932310 0.5313229 0.1964225 0.1336954 0.1819894 0.1218138 0.1841268 0.2294502 0.2254809 0.4236903 0.1781295 0.1703937 0.1596431 0.1636150 0.4533783 0.1744092 0.1987539 0.2292323 0.0699178 0.1700013 0.1942712 0.1719695 0.1434711 0.1492804 0.0827439 
Perityle_hofmeisteria_4_nombre_de_dios     0.2298706 0.1299658 0.2441940 0.2940429 0.1485958 0.4782055 0.3769945 0.2260422 0.1984626 0.1933146 0.5009977 0.1455448 0.1628304 0.2104120 0.1771114 0.1528140 0.1743874 0.1660140 0.1427348 0.1407047 0.1585279 0.3933087 0.1900070 0.1757491 0.1871353 0.1705469 0.2519455 0.2216012 0.2011982 0.5076796 0.3776038 0.2090548 0.1996749 0.2210760 0.2948895 0.2242783 0.1808058 0.3330284 0.1393614 0.1317036 0.1843297 0.2282166 0.1664210 0.1718372 0.0000000 0.1834962 0.1429579 0.1747093 0.1615274 0.1496667 0.1384820 0.1718002 0.1580273 0.1454052 0.2577149 0.1912209 0.1876429 0.1974726 0.1983933 0.1713967 0.5552964 0.1861812 0.1255876 0.2412063 0.1938175 0.1519328 0.3301513 0.3100296 0.4481313 0.1595755 0.2132987 0.2080507 0.1700592 0.4654894 0.1782016 0.2071405 0.3061440 0.1465095 0.1503760 0.1834071 0.2115646 0.1833182 0.1666998 0.1299865 
