85
Amauria_brandeegeana_62                    0.0000000 0.0809469 0.0342519 0.2729510 0.1216237 0.0888495 0.2021890 0.2013139 0.3797616 0.1643727 0.1395883 0.1223909 0.1283970 0.1354912 0.1050990 0.1320563 0.1473408 0.1204025 0.1278611 0.2026430 0.1090299 0.1083644 0.1229667 0.1141821 0.1250079 0.1388950 0.1429039 0.1509115 0.1636772 0.1642322 0.1127752 0.1597244 0.1575436 0.1190884 0.1421933 0.1276072 0.1163556 0.1381675 0.1275539 0.1204890 0.1210833 0.1305209 0.1189944 0.1161382 0.1417847 0.1179305 0.1240901 0.1232027 0.1306334 0.1194754 0.1230815 0.1252310 0.1348595 0.1251939 0.1514587 0.1238531 0.1012396 0.1251554 0.1248673 0.1442155 0.2860735 0.1200238 0.0846891 0.1237387 0.1520655 0.1378052 0.1543100 0.1452337 0.1183493 0.1184935 0.1243511 0.1593976 0.1227409 0.1256234 0.1273535 0.1433946 0.1385710 0.1421431 0.1188071 0.1238612 0.1075041 0.1265039 0.1639803 0.1110924 0.1169918 
Amauria_carterae_99_mesa                   0.0809469 0.0000000 0.0669055 0.1508725 0.0905961 0.0730435 0.1291067 0.1330998 0.1681607 0.0907124 0.1058820 0.0838021 0.1019427 0.0760032 0.0778297 0.0855289 0.0980201 0.0732717 0.0996388 0.0791049 0.0760822 0.0858056 0.0761420 0.0781783 0.0905818 0.1006308 0.0983236 0.0955781 0.0850848 0.0834501 0.0758869 0.0965983 0.0851793 0.0870015 0.0653820 0.0801778 0.0762068 0.0900256 0.0888214 0.0750134 0.0776466 0.0849293 0.0889237 0.0818376 0.0931952 0.0761651 0.0857707 0.0842092 0.0873148 0.0766562 0.0814362 0.0844288 0.0966837 0.0844487 0.1076811 0.0983644 0.0837124 0.0842092 0.0857123 0.1093263 0.2143339 0.0966600 0.0734788 0.0838639 0.0929758 0.0919903 0.1107725 0.1009572 0.0998674 0.0745407 0.0761420 0.0833308 0.0859474 0.0904469 0.0900387 0.0931194 0.1124914 0.0807308 0.0812123 0.0853817 0.0786569 0.0857951 0.0869864 0.0772670 0.0806730 
Amauria_rotundifolia_SRR9119150            0.0342519 0.0669055 0.0000000 0.2654927 0.1271441 0.0832207 0.1891679 0.1886687 0.3836902 0.1603140 0.1450250 0.1248828 0.1275871 0.1357830 0.0954273 0.1329378 0.1599532 0.1136619 0.1213100 0.1945021 0.1003506 0.0975623 0.1229476 0.1154111 0.1248947 0.1406049 0.1415055 0.1536186 0.1627154 0.1648428 0.1207303 0.1654690 0.1567348 0.1234987 0.1425192 0.1307401 0.1181836 0.1398452 0.1224313 0.1196981 0.1147321 0.1355104 0.1088112 0.1122507 0.1422241 0.1218763 0.1229592 0.1214413 0.1380750 0.1218571 0.1209329 0.1262378 0.1364404 0.1244628 0.1447461 0.1159638 0.0943073 0.1261956 0.1233592 0.1429925 0.3316025 0.1118158 0.0807997 0.1263241 0.1548468 0.1353770 0.1498961 0.1449710 0.1217865 0.1161386 0.1236122 0.1586834 0.1226019 0.1247598 0.1310291 0.1390252 0.1408300 0.1388867 0.1208621 0.1263822 0.0994116 0.1261916 0.1601008 0.1045004 0.1154118 
Conoclinium_coelestinum_SRR9119114         0.2729510 0.1508725 0.2654927 0.0000000 0.2539522 0.1013837 0.2046232 0.1587186 0.3820937 0.2767878 0.2610968 0.2647168 0.3215574 0.2339718 0.1712798 0.2674574 0.3893661 0.1957847 0.2621067 0.2686507 0.2387223 0.2506230 0.2300664 0.2354453 0.2537179 0.2662056 0.2523505 0.2668614 0.2678266 0.1616957 0.2652541 0.2630635 0.2672487 0.2581933 0.2583644 0.2618772 0.2389165 0.2629771 0.2567878 0.2412098 0.2316266 0.2634945 0.2524420 0.2669251 0.2592561 0.2496507 0.2501487 0.2454390 0.1455422 0.2460808 0.2536853 0.2403200 0.2610388 0.2474537 0.2813379 0.1690735 0.1882282 0.2537510 0.2551250 0.2956418 0.2522457 0.1910308 0.1429112 0.2617841 0.2716371 0.2584668 0.2544260 0.2574793 0.2228705 0.2158114 0.2316266 0.2595877 0.2495101 0.2561509 0.2604830 0.1345027 0.2642272 0.2607581 0.2537878 0.2588052 0.1039652 0.2539932 0.2792244 0.1850654 0.1873928 
Eutetras_palmeri_63                        0.1216237 0.0905961 0.1271441 0.2539522 0.0000000 0.0160715 0.2178179 0.1798916 0.3813890 0.1121045 0.0725943 0.0824973 0.0793464 0.0961536 0.0652079 0.0847663 0.0736849 0.1366980 0.0897385 0.1442247 0.0690288 0.0710679 0.0766479 0.0707089 0.0737107 0.0967549 0.0969511 0.1021747 0.1091514 0.0968651 0.1437424 0.1168782 0.1092617 0.0810120 0.1038562 0.0859924 0.0693671 0.0907662 0.0885028 0.0742357 0.0734085 0.0860237 0.0753234 0.0845415 0.0975664 0.0766116 0.0743049 0.0758099 0.0892427 0.0745333 0.0744630 0.0811139 0.0914971 0.0731719 0.1047950 0.0917627 0.0627546 0.0752473 0.0726183 0.1202288 0.2665553 0.0788810 0.0521328 0.0866742 0.1041446 0.0935695 0.1091791 0.0980610 0.0727584 0.0726252 0.0754143 0.1037452 0.0715071 0.0758685 0.0840736 0.0987770 0.1068907 0.1101741 0.0764186 0.0840085 0.1024015 0.0749575 0.1212174 0.1047117 0.0975719 
Eutetras_pringlei_149_quer                 0.0888495 0.0730435 0.0832207 0.1013837 0.0160715 0.0000000 0.1058449 0.1754139 0.1806872 0.0947044 0.0597899 0.0657685 0.0744070 0.0655637 0.0346694 0.0707808 0.1404307 0.0884277 0.0783059 0.0655214 0.0681233 0.0704309 0.0680885 0.0628213 0.0782186 0.0740282 0.0908081 0.0831978 0.0837852 0.0835039 0.0883631 0.0813885 0.0837093 0.0657685 0.0618343 0.0753969 0.0631237 0.0899226 0.0613346 0.0627606 0.0680861 0.0705374 0.0704546 0.0781073 0.0802004 0.0558399 0.0729292 0.0678460 0.0779569 0.0632335 0.0654128 0.0729697 0.0683118 0.0603403 0.0931682 0.0938934 0.0485269 0.0678460 0.0704166 0.1109151 0.0741117 0.0685367 0.0387560 0.0633201 0.0863410 0.0634467 0.1211327 0.0827698 0.0000010 0.0582511 0.0680885 0.0784773 0.0706218 0.0703310 0.0706957 0.1168276 0.1014449 0.0633965 0.0678308 0.0657986 0.0883759 0.0704166 0.0811464 0.0729028 0.0991225 
Eutrochium_fistulosum_SRR9119106           0.2021890 0.1291067 0.1891679 0.2046232 0.2178179 0.1058449 0.0000000 0.1331149 0.4251422 0.2519807 0.2190711 0.2025214 0.2492154 0.2082882 0.1353912 0.2080574 0.2743078 0.1679035 0.2385217 0.2393585 0.2053956 0.2081388 0.1965950 0.2046496 0.2115477 0.2221865 0.2089565 0.2242674 0.2694595 0.1822783 0.2185304 0.2526632 0.2525504 0.1996710 0.2415278 0.2200408 0.1948452 0.2021905 0.2224499 0.1972910 0.1996967 0.2191941 0.2093850 0.2252784 0.2084902 0.1989613 0.2028136 0.2054346 0.1416212 0.2155297 0.2027578 0.1943245 0.2115783 0.2108247 0.2550973 0.1468982 0.1526047 0.2133491 0.2104723 0.2484698 0.3500439 0.1721416 0.1126551 0.2024110 0.2243461 0.2162576 0.2497727 0.2359209 0.1613296 0.1665072 0.1975951 0.2567718 0.2100814 0.2124326 0.2075704 0.1382997 0.2480885 0.2152287 0.2227651 0.2019163 0.1303390 0.2138655 0.2536302 0.1641072 0.1628839 
Galeana_pratensis_104_mex                  0.2013139 0.1330998 0.1886687 0.1587186 0.1798916 0.1754139 0.1331149 0.0000000 0.2472034 0.1831362 0.1510924 0.1840519 0.2460346 0.1833503 0.0915648 0.1810043 0.2160770 0.2009590 0.1968917 0.1862211 0.1892649 0.1968768 0.1833544 0.1849461 0.1973955 0.1922925 0.1903973 0.2060380 0.1826678 0.1806777 0.2089031 0.1876412 0.1739634 0.1898532 0.1784118 0.1808877 0.1776606 0.1842936 0.1928803 0.1849231 0.1833503 0.1842123 0.1998193 0.1901597 0.2016365 0.1894229 0.1967415 0.1937306 0.1927699 0.1948280 0.1912770 0.1968312 0.1917605 0.1913199 0.2104562 0.1904866 0.1102835 0.1937306 0.1937306 0.2183517 0.2213303 0.1939131 0.0915607 0.1840519 0.2044321 0.1861514 0.1991544 0.1690044 0.2303809 0.1803665 0.1833544 0.1797284 0.1970592 0.1998211 0.1983380 0.1667413 0.1853456 0.1821212 0.1880564 0.1840519 0.2058714 0.1968365 0.1826162 0.1927742 0.2270190 
Helianthus_annuus_SRR9119062               0.3797616 0.1681607 0.3836902 0.3820937 0.3813890 0.1806872 0.4251422 0.2472034 0.0000000 0.3452926 0.4386969 0.4090456 0.3925552 0.3373196 0.2643986 0.3929031 0.4965294 0.3127915 0.3195571 0.4120229 0.3355793 0.3286043 0.3739597 0.3407724 0.4017344 0.4010012 0.4105052 0.4181168 0.3279782 0.2509416 0.4050605 0.4246977 0.3200589 0.3999456 0.3138563 0.4049233 0.3190073 0.4077223 0.3709729 0.3660380 0.3757666 0.4091173 0.3598262 0.3435609 0.4205683 0.3923324 0.3660670 0.3723521 0.3719559 0.3622193 0.4002557 0.3795659 0.4040746 0.3853195 0.4252469 0.2162698 0.1947814 0.4029555 0.3922725 0.3386593 0.4204064 0.2938985 0.1508241 0.4063741 0.4235349 0.3895758 0.4169879 0.4239519 0.2064228 0.3410675 0.3764427 0.2561334 0.3992281 0.4062046 0.4115981 0.1978349 0.3984906 0.4075239 0.3402816 0.4052508 0.2136416 0.4049920 0.3563024 0.2595586 0.2639814 
Lycapsus_tenuifolius_17                    0.1643727 0.0907124 0.1603140 0.2767878 0.1121045 0.0947044 0.2519807 0.1831362 0.3452926 0.0000000 0.1768821 0.1560040 0.1770370 0.1062757 0.0726050 0.1518430 0.2227933 0.1244749 0.1089193 0.2091842 0.1119163 0.1105887 0.1454475 0.1256569 0.1571389 0.1716873 0.1673274 0.1727902 0.0180277 0.0162681 0.1811664 0.1307780 0.0052201 0.1551769 0.0460586 0.1266094 0.1285079 0.1618251 0.1187202 0.1463958 0.1246921 0.1266722 0.1301894 0.1045030 0.1655105 0.1422424 0.1549277 0.1506179 0.1269747 0.1127442 0.1544471 0.1503854 0.1595445 0.1375255 0.1507779 0.1040904 0.0783718 0.1509695 0.1510701 0.1317594 0.2313155 0.0976254 0.0703220 0.1533064 0.1761791 0.1660833 0.1589391 0.1747745 0.0927352 0.1364220 0.1463594 0.0133432 0.1528314 0.1589154 0.1551642 0.1017652 0.1501282 0.1553731 0.1092891 0.1554281 0.1009650 0.1552846 0.0205156 0.0971177 0.1191182 
Pericome_caudata_50_silver                 0.1395883 0.1058820 0.1450250 0.2610968 0.0725943 0.0597899 0.2190711 0.1510924 0.4386969 0.1768821 0.0000000 0.0998272 0.1075100 0.1308607 0.0719370 0.1082331 0.1120863 0.1493010 0.0997148 0.1652303 0.0849128 0.0862825 0.0978081 0.0902746 0.0956688 0.1189803 0.1097894 0.1171080 0.1795501 0.1834802 0.1611238 0.1611987 0.1761324 0.0992226 0.1699230 0.1029582 0.0943661 0.1156906 0.1016529 0.0935785 0.0925284 0.1033014 0.0950014 0.0999905 0.1183672 0.0950840 0.0966851 0.0965640 0.1069646 0.0883487 0.0984945 0.1054219 0.1081592 0.0923559 0.1267872 0.1034858 0.0739081 0.0948995 0.0931853 0.1251158 0.3583043 0.0908481 0.0680871 0.1047709 0.1182798 0.1165616 0.1247872 0.1162304 0.1034762 0.0931064 0.0977864 0.1794177 0.0942673 0.0985291 0.1031292 0.1023700 0.1226472 0.1374096 0.0891552 0.1024832 0.1124798 0.0984306 0.1845197 0.1208832 0.0982506 
Perityle_aglossa_84_dead_horse             0.1223909 0.0838021 0.1248828 0.2647168 0.0824973 0.0657685 0.2025214 0.1840519 0.4090456 0.1560040 0.0998272 0.0000000 0.0442231 0.0829917 0.0381049 0.0599273 0.0525112 0.1411318 0.0737236 0.1132582 0.0393893 0.0393840 0.0462190 0.0381243 0.0438205 0.0780728 0.0647283 0.0925788 0.1560102 0.1515367 0.1426406 0.1469199 0.1529187 0.0126238 0.1415807 0.0749622 0.0401981 0.0785784 0.0576137 0.0401688 0.0429423 0.0758172 0.0432064 0.0779661 0.0988883 0.0501638 0.0452612 0.0444272 0.0760370 0.0411021 0.0492232 0.0588956 0.0613152 0.0429719 0.0992272 0.0540783 0.0387448 0.0465724 0.0437769 0.1059062 0.2953051 0.0661261 0.0382175 0.0094092 0.0929599 0.0774565 0.0933566 0.0850717 0.0366030 0.0413240 0.0461930 0.1533149 0.0424685 0.0454085 0.0306732 0.0816600 0.0861029 0.1008818 0.0438623 0.0073079 0.0652232 0.0455947 0.1628105 0.0970378 0.0677939 
Perityle_ajoensis_204                      0.1283970 0.1019427 0.1275871 0.3215574 0.0793464 0.0744070 0.2492154 0.2460346 0.3925552 0.1770370 0.1075100 0.0442231 0.0000000 0.0449824 0.0237100 0.0517165 0.0232575 0.1614888 0.0761949 0.1261539 0.0205791 0.0063537 0.0273031 0.0158549 0.0077637 0.0685376 0.0596621 0.0809728 0.1768719 0.1777296 0.1340640 0.1587406 0.1734633 0.0399216 0.1609437 0.0550276 0.0244510 0.0700891 0.0543958 0.0196168 0.0242447 0.0615815 0.0077124 0.0611749 0.0762049 0.0479428 0.0093873 0.0093686 0.0571617 0.0261131 0.0157748 0.0235905 0.0634585 0.0197136 0.0936695 0.0603186 0.0396153 0.0114129 0.0086392 0.1081187 0.2627715 0.0649462 0.0472538 0.0435291 0.0812950 0.0625057 0.0943815 0.0899643 0.0366288 0.0253569 0.0265501 0.1685699 0.0070663 0.0084737 0.0469053 0.0759362 0.0905482 0.0705661 0.0189604 0.0438237 0.0735529 0.0106324 0.1757468 0.1104348 0.0864779 
Perityle_ambrosiifolia_67_green            0.1354912 0.0760032 0.1357830 0.2339718 0.0961536 0.0655637 0.2082882 0.1833503 0.3373196 0.1062757 0.1308607 0.0829917 0.0449824 0.0000000 0.0279792 0.0858639 0.0898927 0.1314365 0.0740957 0.1157161 0.0262985 0.0376920 0.0535779 0.0450603 0.0656700 0.1003256 0.0899488 0.1147176 0.1236343 0.0916100 0.1577788 0.1446302 0.1020529 0.0773745 0.0886850 0.0934575 0.0531410 0.0990418 0.0697156 0.0552840 0.0403146 0.0941269 0.0423620 0.0641339 0.1107889 0.0775334 0.0571251 0.0564350 0.0874203 0.0570138 0.0671739 0.0677336 0.0954030 0.0569268 0.1018165 0.0440511 0.0248722 0.0674038 0.0653404 0.1104172 0.2474926 0.0527469 0.0314477 0.0816721 0.1179507 0.0881930 0.1081893 0.1076160 0.0243330 0.0533115 0.0529361 0.0984927 0.0660779 0.0628239 0.0789044 0.0746036 0.0967682 0.1048228 0.0491156 0.0803117 0.0580030 0.0636364 0.1201160 0.0843822 0.0710227 
Perityle_angustifolia_13_Eagle_creek       0.1050990 0.0778297 0.0954273 0.1712798 0.0652079 0.0346694 0.1353912 0.0915648 0.2643986 0.0726050 0.0719370 0.0381049 0.0237100 0.0279792 0.0000000 0.0477687 0.0128842 0.1023951 0.0572351 0.0586165 0.0143129 0.0199713 0.0234908 0.0145208 0.0222115 0.0524976 0.0433376 0.0755263 0.0670980 0.0633587 0.1068484 0.0821464 0.0702042 0.0382008 0.0664339 0.0626454 0.0214802 0.0524137 0.0515553 0.0207649 0.0214951 0.0596688 0.0230567 0.0603878 0.0606216 0.0395617 0.0197174 0.0216344 0.0641853 0.0196129 0.0236975 0.0199702 0.0482286 0.0071048 0.0756179 0.0386902 0.0270535 0.0206309 0.0215364 0.0952249 0.1776988 0.0557765 0.0331870 0.0389848 0.0811314 0.0474444 0.0747768 0.0633023 0.0305155 0.0231726 0.0252874 0.0641785 0.0225708 0.0251879 0.0393049 0.0323688 0.0745396 0.0575572 0.0218353 0.0366663 0.0468432 0.0216579 0.0854945 0.0864334 0.0558596 
Perityle_batopilensis_97                   0.1320563 0.0855289 0.1329378 0.2674574 0.0847663 0.0707808 0.2080574 0.1810043 0.3929031 0.1518430 0.1082331 0.0599273 0.0517165 0.0858639 0.0477687 0.0000000 0.0582748 0.1463849 0.0733327 0.1255313 0.0482154 0.0494264 0.0607182 0.0481198 0.0580688 0.0729057 0.0677554 0.0946442 0.1601755 0.1540476 0.1441168 0.1506655 0.1503744 0.0572574 0.1408084 0.0706825 0.0550159 0.0784346 0.0355183 0.0542892 0.0586499 0.0753772 0.0559127 0.0717718 0.0801052 0.0483906 0.0569039 0.0576038 0.0726224 0.0524752 0.0590965 0.0612798 0.0694286 0.0563763 0.1006795 0.0541930 0.0471500 0.0602642 0.0572475 0.1065787 0.3092832 0.0638103 0.0417714 0.0621423 0.0952133 0.0682199 0.0956300 0.0892936 0.0526255 0.0585274 0.0601606 0.1515398 0.0571999 0.0564144 0.0650611 0.0855737 0.0910458 0.0806311 0.0528706 0.0618406 0.0652528 0.0605085 0.1636294 0.0902090 0.0762250 
Perityle_bisetosa_9                        0.1473408 0.0980201 0.1599532 0.3893661 0.0736849 0.1404307 0.2743078 0.2160770 0.4965294 0.2227933 0.1120863 0.0525112 0.0232575 0.0898927 0.0128842 0.0582748 0.0000000 0.1979474 0.0701363 0.1560522 0.0146055 0.0163302 0.0320479 0.0221396 0.0209111 0.0667931 0.0621883 0.0868074 0.2170490 0.2625278 0.1641198 0.1930713 0.2294768 0.0448540 0.2359132 0.0622386 0.0203478 0.0734875 0.0494822 0.0194669 0.0306780 0.0699137 0.0166654 0.0606472 0.0850813 0.0494718 0.0194706 0.0229987 0.0662267 0.0264485 0.0242639 0.0398946 0.0574065 0.0188357 0.1011384 0.0418846 0.0310080 0.0263482 0.0217724 0.0994492 0.4347770 0.0689959 0.0332618 0.0542331 0.0877887 0.0633529 0.0954379 0.0932724 0.0212111 0.0199638 0.0312063 0.2297094 0.0224373 0.0238136 0.0472976 0.0465513 0.0927466 0.1188105 0.0227372 0.0521277 0.0615672 0.0272305 0.2341380 0.1399201 0.0736778 
Perityle_californica_76_positas            0.1204025 0.0732717 0.1136619 0.1957847 0.1366980 0.0884277 0.1679035 0.2009590 0.3127915 0.1244749 0.1493010 0.1411318 0.1614888 0.1314365 0.1023951 0.1463849 0.1979474 0.0000000 0.1466720 0.1498504 0.1250100 0.1147823 0.1320277 0.1324788 0.1421756 0.1664594 0.1488985 0.1574243 0.1165253 0.1151866 0.0756673 0.1572053 0.1163859 0.1428477 0.1034970 0.1372064 0.1285501 0.1569463 0.1402331 0.1361776 0.1305687 0.1400155 0.1372490 0.1186526 0.1602172 0.1441075 0.1393961 0.1343397 0.1401523 0.1340987 0.1413931 0.1394336 0.1575356 0.1372243 0.1672989 0.1140129 0.0908591 0.1378888 0.1392792 0.1385501 0.2790692 0.1170667 0.0861124 0.1437331 0.1607762 0.1568910 0.1566256 0.1543916 0.1353282 0.1334607 0.1311358 0.1124013 0.1379038 0.1420301 0.1442670 0.1353513 0.1528980 0.1563626 0.1349841 0.1446078 0.1093974 0.1384707 0.1211241 0.0790180 0.1376072 
Perityle_canescens_77                      0.1278611 0.0996388 0.1213100 0.2621067 0.0897385 0.0783059 0.2385217 0.1968917 0.3195571 0.1089193 0.0997148 0.0737236 0.0761949 0.0740957 0.0572351 0.0733327 0.0701363 0.1466720 0.0000000 0.1543946 0.0605989 0.0623087 0.0675968 0.0656724 0.0699052 0.0790423 0.0846795 0.0508131 0.1107188 0.0920624 0.1357430 0.1094678 0.1048428 0.0687149 0.0929387 0.0528556 0.0630984 0.0683461 0.0718988 0.0657562 0.0675922 0.0550810 0.0700161 0.0547196 0.0659815 0.0632081 0.0674722 0.0649327 0.0509794 0.0648176 0.0707076 0.0685883 0.0761049 0.0684400 0.0700540 0.0842354 0.0591081 0.0699345 0.0691966 0.0773163 0.2058058 0.0654074 0.0557498 0.0729681 0.0539967 0.0755796 0.0970189 0.0827900 0.0623801 0.0606888 0.0675756 0.1012699 0.0692905 0.0729618 0.0745128 0.0947898 0.0897227 0.0629871 0.0688058 0.0714962 0.0295262 0.0675814 0.1125912 0.1019273 0.0315478 
Perityle_castillonii_96                    0.2026430 0.0791049 0.1945021 0.2686507 0.1442247 0.0655214 0.2393585 0.1862211 0.4120229 0.2091842 0.1652303 0.1132582 0.1261539 0.1157161 0.0586165 0.1255313 0.1560522 0.1498504 0.1543946 0.0000000 0.1008637 0.1065649 0.0916149 0.0926988 0.1044910 0.1319078 0.1213018 0.1532881 0.2198031 0.1157982 0.1978228 0.1917240 0.2045832 0.1079863 0.1857315 0.1358292 0.0908776 0.1445615 0.1262427 0.0929424 0.0912122 0.1454116 0.1051794 0.1529126 0.1487568 0.1229314 0.0958587 0.0970954 0.0634217 0.1011262 0.1062482 0.0902910 0.1327023 0.1018683 0.1632471 0.0874710 0.0968282 0.1031600 0.1042969 0.2042593 0.3070580 0.1004954 0.0297448 0.1126865 0.1558223 0.1274293 0.1638348 0.1556133 0.0589341 0.0761041 0.0901986 0.2017590 0.1025875 0.1044491 0.1160256 0.0675001 0.1603375 0.1479252 0.1006197 0.1105209 0.0614668 0.1056350 0.2120889 0.0927271 0.1120177 
Perityle_cernua_84                         0.1090299 0.0760822 0.1003506 0.2387223 0.0690288 0.0681233 0.2053956 0.1892649 0.3355793 0.1119163 0.0849128 0.0393893 0.0205791 0.0262985 0.0143129 0.0482154 0.0146055 0.1250100 0.0605989 0.1008637 0.0000000 0.0160796 0.0203453 0.0166460 0.0205797 0.0544200 0.0438353 0.0728577 0.1135924 0.1028129 0.1105358 0.0958775 0.1078594 0.0355921 0.0947566 0.0552314 0.0126835 0.0631634 0.0460850 0.0168499 0.0210178 0.0593598 0.0206385 0.0578132 0.0644216 0.0361601 0.0188554 0.0181638 0.0563671 0.0169665 0.0227667 0.0236140 0.0505326 0.0186742 0.0784819 0.0429554 0.0214504 0.0205861 0.0182328 0.0920906 0.2212779 0.0534959 0.0263903 0.0394201 0.0765864 0.0514386 0.0818654 0.0698882 0.0181606 0.0134653 0.0210134 0.1025481 0.0180044 0.0212171 0.0387646 0.0657103 0.0770637 0.0643498 0.0185640 0.0380982 0.0615046 0.0193838 0.1128390 0.0849439 0.0619162 
Perityle_cfvillosa_25_tin                  0.1083644 0.0858056 0.0975623 0.2506230 0.0710679 0.0704309 0.2081388 0.1968768 0.3286043 0.1105887 0.0862825 0.0393840 0.0063537 0.0376920 0.0199713 0.0494264 0.0163302 0.1147823 0.0623087 0.1065649 0.0160796 0.0000000 0.0266316 0.0141733 0.0082673 0.0558378 0.0468974 0.0791955 0.1124616 0.1021391 0.1228892 0.1020417 0.1063046 0.0358453 0.0964875 0.0611652 0.0208770 0.0634712 0.0513656 0.0152656 0.0227940 0.0612155 0.0072668 0.0647385 0.0711753 0.0408961 0.0065732 0.0059057 0.0636888 0.0210123 0.0176319 0.0333010 0.0508680 0.0177132 0.0803159 0.0492733 0.0306416 0.0042998 0.0059893 0.1002125 0.2192332 0.0589256 0.0348013 0.0398694 0.0856042 0.0507057 0.0849946 0.0751341 0.0273295 0.0215719 0.0254306 0.1054508 0.0069052 0.0070234 0.0412876 0.0555421 0.0832462 0.0922822 0.0177942 0.0385742 0.0687607 0.0064271 0.1144082 0.0885784 0.0664337 
Perityle_coahuilensis_24                   0.1229667 0.0761420 0.1229476 0.2300664 0.0766479 0.0680885 0.1965950 0.1833544 0.3739597 0.1454475 0.0978081 0.0462190 0.0273031 0.0535779 0.0234908 0.0607182 0.0320479 0.1320277 0.0675968 0.0916149 0.0203453 0.0266316 0.0000000 0.0255208 0.0254949 0.0746321 0.0637286 0.0894249 0.1444465 0.1443817 0.1411192 0.1428199 0.1430967 0.0415801 0.1297474 0.0712998 0.0264199 0.0751936 0.0554601 0.0242495 0.0046425 0.0716862 0.0249504 0.0665451 0.1028714 0.0480355 0.0285068 0.0292994 0.0740336 0.0260612 0.0325617 0.0429229 0.0577026 0.0255067 0.0938611 0.0462979 0.0249053 0.0281173 0.0263477 0.0994716 0.2942192 0.0585676 0.0297628 0.0505057 0.0917652 0.0902570 0.0851993 0.0833926 0.0242925 0.0258262 0.0028651 0.1433590 0.0239598 0.0282051 0.0470909 0.0727471 0.0820702 0.0946705 0.0273253 0.0443356 0.0633558 0.0306473 0.1490743 0.0863923 0.0686147 
Perityle_cochisensis_44_cave_creek         0.1141821 0.0781783 0.1154111 0.2354453 0.0707089 0.0628213 0.2046496 0.1849461 0.3407724 0.1256569 0.0902746 0.0381243 0.0158549 0.0450603 0.0145208 0.0481198 0.0221396 0.1324788 0.0656724 0.0926988 0.0166460 0.0141733 0.0255208 0.0000000 0.0169117 0.0591106 0.0496319 0.0716162 0.1333407 0.1284128 0.1237542 0.1215545 0.1215309 0.0356741 0.1149082 0.0525156 0.0205374 0.0628817 0.0474771 0.0175773 0.0224514 0.0580808 0.0170420 0.0563270 0.0675260 0.0402355 0.0156551 0.0156570 0.0535112 0.0180743 0.0118584 0.0145707 0.0545211 0.0163852 0.0788318 0.0466457 0.0276128 0.0188259 0.0172094 0.0912405 0.2846271 0.0568468 0.0270353 0.0394635 0.0746000 0.0532806 0.0853771 0.0779069 0.0286580 0.0212812 0.0242196 0.1246798 0.0156601 0.0175336 0.0407687 0.0620300 0.0792118 0.0653262 0.0101332 0.0394766 0.0651434 0.0182113 0.1298055 0.0851571 0.0716102 
Perityle_congesta_202                      0.1250079 0.0905818 0.1248947 0.2537179 0.0737107 0.0782186 0.2115477 0.1973955 0.4017344 0.1571389 0.0956688 0.0438205 0.0077637 0.0656700 0.0222115 0.0580688 0.0209111 0.1421756 0.0699052 0.1044910 0.0205797 0.0082673 0.0254949 0.0169117 0.0000000 0.0641789 0.0550831 0.0882740 0.1594895 0.1613173 0.1336036 0.1461256 0.1548356 0.0399883 0.1405697 0.0655057 0.0265483 0.0739358 0.0544508 0.0199507 0.0226024 0.0690641 0.0105791 0.0701000 0.0796131 0.0486058 0.0101346 0.0106594 0.0723293 0.0250504 0.0196778 0.0260508 0.0605461 0.0195072 0.0940696 0.0549790 0.0329626 0.0131615 0.0101872 0.1042018 0.3098692 0.0626173 0.0382018 0.0449224 0.0908341 0.0597999 0.0887882 0.0844876 0.0335270 0.0266583 0.0249646 0.1544275 0.0090596 0.0106717 0.0462779 0.0639937 0.0846731 0.0933960 0.0205940 0.0445889 0.0688659 0.0143492 0.1599712 0.0982483 0.0770345 
Perityle_cordifolia_27                     0.1388950 0.1006308 0.1406049 0.2662056 0.0967549 0.0740282 0.2221865 0.1922925 0.4010012 0.1716873 0.1189803 0.0780728 0.0685376 0.1003256 0.0524976 0.0729057 0.0667931 0.1664594 0.0790423 0.1319078 0.0544200 0.0558378 0.0746321 0.0591106 0.0641789 0.0000000 0.0934909 0.1146627 0.1691619 0.1761908 0.1714245 0.1608824 0.1683601 0.0734456 0.1513049 0.0904636 0.0582695 0.0903159 0.0725018 0.0619411 0.0629212 0.0920061 0.0597229 0.0865734 0.1051931 0.0560912 0.0718302 0.0721382 0.0890024 0.0564716 0.0710663 0.0718627 0.0122415 0.0625869 0.1091419 0.0752340 0.0546180 0.0729361 0.0719017 0.1130241 0.3154393 0.0809439 0.0148655 0.0797120 0.1058318 0.0076374 0.1161154 0.1047018 0.0657965 0.0611741 0.0757095 0.1650971 0.0623345 0.0668320 0.0678790 0.0855603 0.0984946 0.0990927 0.0744662 0.0642346 0.0844205 0.0731087 0.1713559 0.1046459 0.0889397 
Perityle_cordifolia_68_tecolote            0.1429039 0.0983236 0.1415055 0.2523505 0.0969511 0.0908081 0.2089565 0.1903973 0.4105052 0.1673274 0.1097894 0.0647283 0.0596621 0.0899488 0.0433376 0.0677554 0.0621883 0.1488985 0.0846795 0.1213018 0.0438353 0.0468974 0.0637286 0.0496319 0.0550831 0.0934909 0.0000000 0.1035699 0.1707679 0.1705732 0.1580095 0.1595137 0.1658966 0.0642897 0.1555019 0.0864216 0.0542283 0.0895004 0.0655630 0.0521104 0.0537744 0.0878674 0.0518303 0.0847201 0.1190542 0.0647822 0.0580383 0.0591375 0.0859993 0.0479477 0.0615668 0.0688522 0.0727884 0.0523030 0.1092288 0.0093446 0.0482806 0.0576151 0.0563308 0.1173927 0.3297232 0.0693293 0.0468710 0.0700493 0.1058580 0.0954050 0.1013079 0.0964155 0.0368308 0.0506426 0.0634219 0.1667412 0.0529595 0.0563652 0.0673859 0.0874668 0.0967479 0.1163697 0.0564013 0.0636063 0.0783818 0.0575138 0.1735572 0.1041992 0.0845889 
Perityle_coronopifolia_28_patagonia        0.1509115 0.0955781 0.1536186 0.2668614 0.1021747 0.0831978 0.2242674 0.2060380 0.4181168 0.1727902 0.1171080 0.0925788 0.0809728 0.1147176 0.0755263 0.0946442 0.0868074 0.1574243 0.0508131 0.1532881 0.0728577 0.0791955 0.0894249 0.0716162 0.0882740 0.1146627 0.1035699 0.0000000 0.1732354 0.1693894 0.1708393 0.1759180 0.1731649 0.0892274 0.1610532 0.0781417 0.0874550 0.0815816 0.0890327 0.0839399 0.0862599 0.0820714 0.0845676 0.0794018 0.0881792 0.0856821 0.0875687 0.0873441 0.0849569 0.0850686 0.0904672 0.0998291 0.0965768 0.0861508 0.0876563 0.0831589 0.0587731 0.0900883 0.0860809 0.0593548 0.3162597 0.0659731 0.0491669 0.0952242 0.0085726 0.1082753 0.1062140 0.1059042 0.0613978 0.0815409 0.0894063 0.1680007 0.0904677 0.0906527 0.0941816 0.0954076 0.1044843 0.1068373 0.0892532 0.0923127 0.0266278 0.0872340 0.1851222 0.1010015 0.0480249 
Perityle_crassifolia_70_ventanas           0.1636772 0.0850848 0.1627154 0.2678266 0.1091514 0.0837852 0.2694595 0.1826678 0.3279782 0.0180277 0.1795501 0.1560102 0.1768719 0.1236343 0.0670980 0.1601755 0.2170490 0.1165253 0.1107188 0.2198031 0.1135924 0.1124616 0.1444465 0.1333407 0.1594895 0.1691619 0.1707679 0.1732354 0.0000000 0.0076295 0.1934040 0.1304708 0.0135124 0.1538521 0.0343246 0.1261510 0.1293240 0.1648978 0.1222925 0.1497223 0.1256764 0.1245329 0.1322266 0.1059532 0.1579230 0.1449442 0.1589392 0.1563853 0.1254789 0.1126787 0.1562351 0.1668371 0.1571191 0.1421788 0.1490922 0.0998390 0.0754031 0.1533480 0.1507061 0.1342866 0.2213142 0.0953215 0.0683568 0.1558930 0.1778740 0.1700380 0.1633207 0.1718259 0.0925355 0.1390535 0.1453257 0.0074646 0.1539075 0.1627059 0.1588436 0.0998561 0.1535447 0.1897598 0.1127782 0.1528377 0.0962764 0.1609600 0.0108106 0.0902020 0.1188023 
Perityle_crassifolia_74_playa_balandra     0.1642322 0.0834501 0.1648428 0.1616957 0.0968651 0.0835039 0.1822783 0.1806777 0.2509416 0.0162681 0.1834802 0.1515367 0.1777296 0.0916100 0.0633587 0.1540476 0.2625278 0.1151866 0.0920624 0.1157982 0.1028129 0.1021391 0.1443817 0.1284128 0.1613173 0.1761908 0.1705732 0.1693894 0.0076295 0.0000000 0.1814231 0.1493872 0.0133641 0.1505677 0.0349513 0.1269369 0.1225334 0.1627553 0.1072336 0.1493493 0.1165341 0.1221334 0.1223273 0.0917545 0.1663817 0.1452649 0.1561916 0.1526285 0.1225393 0.0990116 0.1492188 0.1524889 0.1611016 0.1328568 0.1383877 0.0959898 0.0642029 0.1506128 0.1546101 0.1120799 0.2222581 0.0887433 0.0703142 0.1490891 0.1712083 0.1677572 0.1488314 0.1730748 0.0926688 0.1371160 0.1443154 0.0077537 0.1565830 0.1587299 0.1488647 0.0949064 0.1394491 0.1509751 0.0935384 0.1505565 0.0941135 0.1564179 0.0076045 0.0884399 0.1140335 
Perityle_cuneata_34_cuneata_San_antonio    0.1127752 0.0758869 0.1207303 0.2652541 0.1437424 0.0883631 0.2185304 0.2089031 0.4050605 0.1811664 0.1611238 0.1426406 0.1340640 0.1577788 0.1068484 0.1441168 0.1641198 0.0756673 0.1357430 0.1978228 0.1105358 0.1228892 0.1411192 0.1237542 0.1336036 0.1714245 0.1580095 0.1708393 0.1934040 0.1814231 0.0000000 0.1973353 0.1786227 0.1435821 0.1702876 0.1503291 0.1285261 0.1489011 0.1431121 0.1327300 0.1360945 0.1533929 0.1173510 0.1262476 0.1593584 0.1388437 0.1317410 0.1305064 0.1497560 0.1397984 0.1357647 0.1559893 0.1477279 0.1295361 0.1612117 0.1152929 0.0935150 0.1417619 0.1375928 0.1591680 0.3508196 0.1202588 0.0860366 0.1477665 0.1725018 0.1556308 0.1587113 0.1598266 0.1316149 0.1244710 0.1422795 0.1788272 0.1343466 0.1318096 0.1389468 0.1345945 0.1423494 0.1695468 0.1327030 0.1458648 0.1090776 0.1331301 0.1821215 0.0848886 0.1370394 
Perityle_cuneata_4                         0.1597244 0.0965983 0.1654690 0.2630635 0.1168782 0.0813885 0.2526632 0.1876412 0.4246977 0.1307780 0.1611987 0.1469199 0.1587406 0.1446302 0.0821464 0.1506655 0.1930713 0.1572053 0.1094678 0.1917240 0.0958775 0.1020417 0.1428199 0.1215545 0.1461256 0.1608824 0.1595137 0.1759180 0.1304708 0.1493872 0.1973353 0.0000000 0.1269991 0.1429428 0.1399731 0.1247875 0.1379990 0.1645272 0.1200969 0.1423249 0.1178454 0.1256386 0.1174168 0.1118620 0.1601725 0.1328194 0.1482849 0.1474418 0.1304161 0.1119592 0.1494041 0.1563760 0.1545752 0.1291147 0.1475939 0.1053561 0.0804617 0.1428323 0.1424709 0.1416437 0.3644411 0.1041047 0.0736244 0.1499209 0.1772876 0.1567813 0.1540831 0.1729867 0.1070539 0.1380818 0.1446568 0.1325982 0.1444649 0.1486932 0.1495188 0.1310478 0.1418313 0.1767551 0.1154194 0.1444408 0.1088849 0.1495793 0.1336982 0.1091408 0.1098477 
Perityle_discoidea_81                      0.1575436 0.0851793 0.1567348 0.2672487 0.1092617 0.0837093 0.2525504 0.1739634 0.3200589 0.0052201 0.1761324 0.1529187 0.1734633 0.1020529 0.0702042 0.1503744 0.2294768 0.1163859 0.1048428 0.2045832 0.1078594 0.1063046 0.1430967 0.1215309 0.1548356 0.1683601 0.1658966 0.1731649 0.0135124 0.0133641 0.1786227 0.1269991 0.0000000 0.1529576 0.0402962 0.1232109 0.1246286 0.1587362 0.1171902 0.1428305 0.1217038 0.1253239 0.1253168 0.1023654 0.1625785 0.1405107 0.1495375 0.1471857 0.1232154 0.1089481 0.1510413 0.1476463 0.1582939 0.1355754 0.1460587 0.0985021 0.0740446 0.1494480 0.1495331 0.1273050 0.2237291 0.0946308 0.0684243 0.1510475 0.1766483 0.1634659 0.1559887 0.1720305 0.0927352 0.1325096 0.1440314 0.0099770 0.1504045 0.1556401 0.1527927 0.0997859 0.1470202 0.1506690 0.1037598 0.1523208 0.0940387 0.1530304 0.0157944 0.0935907 0.1140708 
Perityle_dissecta_201                      0.1190884 0.0870015 0.1234987 0.2581933 0.0810120 0.0657685 0.1996710 0.1898532 0.3999456 0.1551769 0.0992226 0.0126238 0.0399216 0.0773745 0.0382008 0.0572574 0.0448540 0.1428477 0.0687149 0.1079863 0.0355921 0.0358453 0.0415801 0.0356741 0.0399883 0.0734456 0.0642897 0.0892274 0.1538521 0.1505677 0.1435821 0.1429428 0.1529576 0.0000000 0.1397426 0.0718927 0.0372903 0.0753692 0.0541155 0.0386840 0.0384564 0.0737358 0.0384589 0.0741701 0.1008555 0.0437371 0.0424146 0.0428230 0.0738837 0.0374407 0.0471696 0.0537993 0.0556570 0.0407213 0.0937784 0.0575338 0.0364864 0.0420290 0.0398603 0.1060223 0.2950484 0.0636440 0.0365642 0.0150392 0.0894548 0.0776465 0.0938164 0.0831431 0.0366624 0.0384336 0.0415568 0.1543753 0.0387011 0.0417246 0.0272884 0.0799775 0.0850852 0.0963057 0.0429236 0.0121182 0.0617651 0.0424471 0.1605058 0.0960513 0.0666612 
Perityle_emoryi_47_punta_san_jose          0.1421933 0.0653820 0.1425192 0.2583644 0.1038562 0.0618343 0.2415278 0.1784118 0.3138563 0.0460586 0.1699230 0.1415807 0.1609437 0.0886850 0.0664339 0.1408084 0.2359132 0.1034970 0.0929387 0.1857315 0.0947566 0.0964875 0.1297474 0.1149082 0.1405697 0.1513049 0.1555019 0.1610532 0.0343246 0.0349513 0.1702876 0.1399731 0.0402962 0.1397426 0.0000000 0.1132593 0.1145295 0.1474789 0.1051124 0.1334327 0.1074524 0.1143017 0.1143559 0.0902935 0.1511331 0.1266374 0.1399096 0.1358931 0.1045498 0.0949595 0.1396498 0.1375465 0.1399731 0.1233232 0.1401995 0.0816040 0.0710210 0.1342125 0.1351037 0.1184048 0.2029788 0.0813836 0.0606286 0.1397585 0.1644232 0.1461540 0.1523271 0.1644311 0.0964589 0.1198586 0.1306570 0.0321425 0.1371386 0.1422607 0.1368266 0.0891790 0.1393223 0.1457723 0.0935149 0.1409759 0.0606542 0.1397439 0.0325262 0.0758681 0.0987118 
Perityle_feddemae_99                       0.1276072 0.0801778 0.1307401 0.2618772 0.0859924 0.0753969 0.2200408 0.1808877 0.4049233 0.1266094 0.1029582 0.0749622 0.0550276 0.0934575 0.0626454 0.0706825 0.0622386 0.1372064 0.0528556 0.1358292 0.0552314 0.0611652 0.0712998 0.0525156 0.0655057 0.0904636 0.0864216 0.0781417 0.1261510 0.1269369 0.1503291 0.1247875 0.1232109 0.0718927 0.1132593 0.0000000 0.0629138 0.0675375 0.0693345 0.0635537 0.0671265 0.0184755 0.0651545 0.0188804 0.0731819 0.0634444 0.0659250 0.0668111 0.0171048 0.0658964 0.0726574 0.0774530 0.0782951 0.0679340 0.0770699 0.0638525 0.0451850 0.0690396 0.0676363 0.0913159 0.2663544 0.0571538 0.0401017 0.0782981 0.0784486 0.0864348 0.0925409 0.0855485 0.0561117 0.0678147 0.0701741 0.1202699 0.0664408 0.0681788 0.0780806 0.0838354 0.0872321 0.0930382 0.0684341 0.0752508 0.0649938 0.0692652 0.1399128 0.0903577 0.0656355 
Perityle_fosteri_93                        0.1163556 0.0762068 0.1181836 0.2389165 0.0693671 0.0631237 0.1948452 0.1776606 0.3190073 0.1285079 0.0943661 0.0401981 0.0244510 0.0531410 0.0214802 0.0550159 0.0203478 0.1285501 0.0630984 0.0908776 0.0126835 0.0208770 0.0264199 0.0205374 0.0265483 0.0582695 0.0542283 0.0874550 0.1293240 0.1225334 0.1285261 0.1379990 0.1246286 0.0372903 0.1145295 0.0629138 0.0000000 0.0702611 0.0507875 0.0200861 0.0225072 0.0690238 0.0244285 0.0631595 0.0753917 0.0474997 0.0241434 0.0217622 0.0696652 0.0224349 0.0249852 0.0288497 0.0569304 0.0242215 0.0866969 0.0463347 0.0272178 0.0267106 0.0251550 0.0985503 0.2734063 0.0566052 0.0365769 0.0396080 0.0890425 0.0525608 0.0816267 0.0777731 0.0274948 0.0134661 0.0258211 0.1250504 0.0253729 0.0265245 0.0436174 0.0747038 0.0754058 0.0697053 0.0233941 0.0410562 0.0628206 0.0272600 0.1316049 0.0804865 0.0718002 
Perityle_gamon_221                         0.1381675 0.0900256 0.1398452 0.2629771 0.0907662 0.0899226 0.2021905 0.1842936 0.4077223 0.1618251 0.1156906 0.0785784 0.0700891 0.0990418 0.0524137 0.0784346 0.0734875 0.1569463 0.0683461 0.1445615 0.0631634 0.0634712 0.0751936 0.0628817 0.0739358 0.0903159 0.0895004 0.0815816 0.1648978 0.1627553 0.1489011 0.1645272 0.1587362 0.0753692 0.1474789 0.0675375 0.0702611 0.0000000 0.0784329 0.0694078 0.0726726 0.0717972 0.0700821 0.0674757 0.0435635 0.0686148 0.0715422 0.0720442 0.0736794 0.0735319 0.0734141 0.0737114 0.0844231 0.0737313 0.0896718 0.0758386 0.0518381 0.0761155 0.0744128 0.0976999 0.3053355 0.0694199 0.0451342 0.0786325 0.0829113 0.0866967 0.0978749 0.0929657 0.0626246 0.0694667 0.0746041 0.1557980 0.0740611 0.0750342 0.0797901 0.0874002 0.0886325 0.0683059 0.0712605 0.0798311 0.0704790 0.0771739 0.1693121 0.1016972 0.0749783 
Perityle_gentryi_8_san_francisco           0.1275539 0.0888214 0.1224313 0.2567878 0.0885028 0.0613346 0.2224499 0.1928803 0.3709729 0.1187202 0.1016529 0.0576137 0.0543958 0.0697156 0.0515553 0.0355183 0.0494822 0.1402331 0.0718988 0.1262427 0.0460850 0.0513656 0.0554601 0.0474771 0.0544508 0.0725018 0.0655630 0.0890327 0.1222925 0.1072336 0.1431121 0.1200969 0.1171902 0.0541155 0.1051124 0.0693345 0.0507875 0.0784329 0.0000000 0.0539081 0.0550986 0.0707150 0.0564980 0.0727000 0.0779494 0.0477404 0.0563267 0.0558002 0.0677429 0.0479281 0.0596115 0.0697897 0.0654908 0.0558700 0.0943801 0.0588940 0.0521390 0.0550732 0.0510521 0.1065759 0.2387811 0.0634553 0.0436200 0.0621333 0.0931494 0.0708013 0.0933040 0.0769442 0.0496097 0.0545830 0.0548875 0.1155735 0.0520239 0.0569295 0.0615989 0.0838909 0.0875078 0.1033849 0.0560900 0.0581974 0.0585125 0.0547765 0.1317679 0.0924165 0.0740214 
Perityle_gilensis_22_Superstition          0.1204890 0.0750134 0.1196981 0.2412098 0.0742357 0.0627606 0.1972910 0.1849231 0.3660380 0.1463958 0.0935785 0.0401688 0.0196168 0.0552840 0.0207649 0.0542892 0.0194669 0.1361776 0.0657562 0.0929424 0.0168499 0.0152656 0.0242495 0.0175773 0.0199507 0.0619411 0.0521104 0.0839399 0.1497223 0.1493493 0.1327300 0.1423249 0.1428305 0.0386840 0.1334327 0.0635537 0.0200861 0.0694078 0.0539081 0.0000000 0.0212505 0.0677105 0.0184780 0.0643262 0.0745375 0.0446292 0.0185170 0.0201275 0.0669735 0.0220218 0.0207505 0.0245502 0.0550912 0.0199119 0.0882065 0.0458857 0.0271747 0.0206769 0.0187510 0.0988487 0.3056077 0.0617218 0.0297549 0.0412660 0.0874270 0.0583706 0.0848507 0.0814398 0.0367326 0.0208642 0.0237127 0.1410811 0.0191211 0.0205656 0.0442755 0.0674296 0.0819054 0.0694437 0.0199891 0.0403492 0.0650226 0.0227668 0.1492057 0.0881533 0.0707460 
Perityle_gilensis_salensis_225             0.1210833 0.0776466 0.1147321 0.2316266 0.0734085 0.0680861 0.1996967 0.1833503 0.3757666 0.1246921 0.0925284 0.0429423 0.0242447 0.0403146 0.0214951 0.0586499 0.0306780 0.1305687 0.0675922 0.0912122 0.0210178 0.0227940 0.0046425 0.0224514 0.0226024 0.0629212 0.0537744 0.0862599 0.1256764 0.1165341 0.1360945 0.1178454 0.1217038 0.0384564 0.1074524 0.0671265 0.0225072 0.0726726 0.0550986 0.0212505 0.0000000 0.0686582 0.0237338 0.0643789 0.0796941 0.0470185 0.0246242 0.0241474 0.0712625 0.0250944 0.0282819 0.0358481 0.0585691 0.0228109 0.0932000 0.0462971 0.0237526 0.0260357 0.0245875 0.0985992 0.2601003 0.0560739 0.0297628 0.0446100 0.0876055 0.0596300 0.0834176 0.0792020 0.0242925 0.0241893 0.0041250 0.1200116 0.0221222 0.0251297 0.0456847 0.0710109 0.0808999 0.0959436 0.0247180 0.0431330 0.0633541 0.0263899 0.1297583 0.0853894 0.0676325 
Perityle_glaucescens_94                    0.1305209 0.0849293 0.1355104 0.2634945 0.0860237 0.0705374 0.2191941 0.1842123 0.4091173 0.1266722 0.1033014 0.0758172 0.0615815 0.0941269 0.0596688 0.0753772 0.0699137 0.1400155 0.0550810 0.1454116 0.0593598 0.0612155 0.0716862 0.0580808 0.0690641 0.0920061 0.0878674 0.0820714 0.1245329 0.1221334 0.1533929 0.1256386 0.1253239 0.0737358 0.1143017 0.0184755 0.0690238 0.0717972 0.0707150 0.0677105 0.0686582 0.0000000 0.0677857 0.0109796 0.0751257 0.0662797 0.0698112 0.0695414 0.0137580 0.0674896 0.0729818 0.0817449 0.0778217 0.0696629 0.0790278 0.0661897 0.0464129 0.0699051 0.0687401 0.0937197 0.2691050 0.0597354 0.0384002 0.0795305 0.0836969 0.0892092 0.0940135 0.0877406 0.0528885 0.0703965 0.0716862 0.1204544 0.0693494 0.0705120 0.0810233 0.0856036 0.0926160 0.0942988 0.0712534 0.0758548 0.0632617 0.0701286 0.1380302 0.0934575 0.0636487 
Perityle_gracilis_11                       0.1189944 0.0889237 0.1088112 0.2524420 0.0753234 0.0704546 0.2093850 0.1998193 0.3598262 0.1301894 0.0950014 0.0432064 0.0077124 0.0423620 0.0230567 0.0559127 0.0166654 0.1372490 0.0700161 0.1051794 0.0206385 0.0072668 0.0249504 0.0170420 0.0105791 0.0597229 0.0518303 0.0845676 0.1322266 0.1223273 0.1173510 0.1174168 0.1253168 0.0384589 0.1143559 0.0651545 0.0244285 0.0700821 0.0564980 0.0184780 0.0237338 0.0677857 0.0000000 0.0683831 0.0752077 0.0456324 0.0070739 0.0106183 0.0696707 0.0264594 0.0196464 0.0240159 0.0574076 0.0213812 0.0930495 0.0492805 0.0294885 0.0111327 0.0095160 0.1046893 0.2325818 0.0609246 0.0364874 0.0432378 0.0888616 0.0573256 0.0879306 0.0798801 0.0273295 0.0241159 0.0243305 0.1228249 0.0093939 0.0105384 0.0451410 0.0587470 0.0854171 0.0679865 0.0207984 0.0428102 0.0724424 0.0129871 0.1340070 0.0941758 0.0741178 
Perityle_harkerae_31                       0.1161382 0.0818376 0.1122507 0.2669251 0.0845415 0.0781073 0.2252784 0.1901597 0.3435609 0.1045030 0.0999905 0.0779661 0.0611749 0.0641339 0.0603878 0.0717718 0.0606472 0.1186526 0.0547196 0.1529126 0.0578132 0.0647385 0.0665451 0.0563270 0.0701000 0.0865734 0.0847201 0.0794018 0.1059532 0.0917545 0.1262476 0.1118620 0.1023654 0.0741701 0.0902935 0.0188804 0.0631595 0.0674757 0.0727000 0.0643262 0.0643789 0.0109796 0.0683831 0.0000000 0.0720339 0.0638449 0.0692866 0.0669387 0.0139504 0.0668269 0.0716037 0.0710830 0.0783838 0.0709147 0.0709175 0.0674234 0.0464481 0.0694404 0.0686840 0.0964808 0.1971356 0.0609989 0.0419082 0.0765912 0.0825352 0.0806297 0.0914451 0.0832419 0.0561957 0.0660314 0.0658163 0.0966199 0.0702661 0.0722491 0.0794698 0.0879620 0.0911987 0.0723067 0.0702528 0.0772855 0.0633746 0.0676637 0.1171241 0.0906820 0.0639658 
