85
Amauria_brandeegeana_62                    0.0000000 0.0942666 0.2277722 0.1748771 0.1985485 0.8491239 0.8602167 0.3571761 0.1656382 0.2442127 0.2890505 0.2796945 0.2545288 0.2777168 0.2204960 0.1817109 0.1323640 0.1861190 0.1845764 0.1829270 0.2677127 0.1367649 0.2552441 0.3257031 0.2849563 0.1913011 0.2590127 0.2055710 0.1285685 0.1138789 0.2384220 0.1855477 0.1608607 0.2656791 0.1849412 0.2019948 0.1861968 0.2437249 0.2239791 0.2920302 0.2320250 0.1931647 0.2312756 0.2785541 0.2796299 0.2811025 0.2771891 0.2849720 0.2286555 0.2115209 0.2355719 0.3674747 0.1870568 0.2493193 0.2064882 0.1765781 0.2468626 0.2974328 0.2542236 0.2364559 0.1285781 0.1164852 0.1306526 0.2815850 0.2184866 0.1803410 0.2220470 0.2545009 0.1655546 0.1929860 0.2498172 0.1664374 0.2885519 0.2721851 0.2530170 0.1201183 0.2650894 0.2195303 0.2959272 0.2708310 0.1175921 0.2633034 0.1859344 0.1053957 0.1253653 
Amauria_carterae_99_mesa                   0.0942666 0.0000000 0.0893569 0.0919595 0.1182349 0.7296438 0.8095346 0.2263105 0.0882986 0.0885982 0.0970257 0.0959874 0.0888265 0.0940330 0.1121955 0.0767842 0.0693031 0.1090486 0.0995520 0.0662079 0.0916365 0.1108094 0.0961450 0.0873026 0.0916648 0.0973271 0.1045640 0.1017130 0.1074867 0.0897435 0.1121800 0.0823355 0.0897302 0.0952208 0.1115054 0.1007792 0.0973409 0.0996125 0.1049575 0.0914499 0.1042629 0.1065330 0.0944441 0.0990347 0.1118045 0.0964569 0.0945513 0.0929991 0.1015797 0.0949962 0.0956765 0.1403763 0.0897984 0.0930179 0.1039588 0.1139041 0.1337970 0.0929485 0.0916365 0.1124722 0.0895974 0.0976632 0.1123703 0.0917373 0.1003335 0.1027917 0.1086796 0.1054459 0.1054912 0.0995065 0.0961450 0.0866416 0.1015177 0.0893334 0.0865395 0.0857221 0.1018097 0.0904663 0.0999776 0.0957880 0.0769303 0.0916365 0.1115054 0.0688933 0.1277023 
Amauria_rotundifolia_SRR9119150            0.2277722 0.0893569 0.0000000 0.2667272 0.1933603 0.8232197 0.8178858 0.4085922 0.0916053 0.2430142 0.2761072 0.2723007 0.2661625 0.2223203 0.2530075 0.2833274 0.1043308 0.2288171 0.2164940 0.2631338 0.2600662 0.1304436 0.2599042 0.3172801 0.2672613 0.2590388 0.3350370 0.2857140 0.1322189 0.1050884 0.2386845 0.2297766 0.0754325 0.2666439 0.2023136 0.2964836 0.2240757 0.3053428 0.2592713 0.2704882 0.2627087 0.3009331 0.2631881 0.3012441 0.3408547 0.2965754 0.2680135 0.2684465 0.2992459 0.2830088 0.2656242 0.3606264 0.2470807 0.2346209 0.2730492 0.1668066 0.2326824 0.2635576 0.3007259 0.2426056 0.1031751 0.0882263 0.1449464 0.2640243 0.3314745 0.2272832 0.2815122 0.3219403 0.0937864 0.2460874 0.2588880 0.1626336 0.2740360 0.2553522 0.2396498 0.1128340 0.3138518 0.2630462 0.2730662 0.2462329 0.1163092 0.2678091 0.2116027 0.1223906 0.0971338 
Eutetras_palmeri_63                        0.1748771 0.0919595 0.2667272 0.0000000 0.0132106 0.7720022 0.7932393 0.3517164 0.2367886 0.2358203 0.2067211 0.2011059 0.1768633 0.1571627 0.1335764 0.0966697 0.1273929 0.1064788 0.1347084 0.0925327 0.2036290 0.0618579 0.2170663 0.2442794 0.2103508 0.1898239 0.2446302 0.1848192 0.1550020 0.1415877 0.3028239 0.2560783 0.1978852 0.1953811 0.1603670 0.1561966 0.1319740 0.2609647 0.1591274 0.2060207 0.2178704 0.1406244 0.1730352 0.1930195 0.3109052 0.2660956 0.2127473 0.2065205 0.1527966 0.2074964 0.2008112 0.3311028 0.1885939 0.1586881 0.1647289 0.1070020 0.1471990 0.1935328 0.2044515 0.1311918 0.0677959 0.0836002 0.1006741 0.1992262 0.2302454 0.1533824 0.1620000 0.1925815 0.1308758 0.1534248 0.2162752 0.2085921 0.2136389 0.1697191 0.1879797 0.0559517 0.1951021 0.1319975 0.2042848 0.1772676 0.0760199 0.2070899 0.1699714 0.1042435 0.1365669 
Eutetras_pringlei_149_quer                 0.1985485 0.1182349 0.1933603 0.0132106 0.0000000 0.6876515 0.7621070 0.3458324 0.2079522 0.1612533 0.1221284 0.1320867 0.1121587 0.1136026 0.1207960 0.0568565 0.1323463 0.1006512 0.1144250 0.0457865 0.1243543 0.0449698 0.1161519 0.1122538 0.1204151 0.1150067 0.1531378 0.1083729 0.1932540 0.1091758 0.1678359 0.1271447 0.2028534 0.1154473 0.1255680 0.1196083 0.1279562 0.1332653 0.1100355 0.1198483 0.1174287 0.1122521 0.1204140 0.1233654 0.1405409 0.1096102 0.1225067 0.1222901 0.1188886 0.0997031 0.1153539 0.1163690 0.1009037 0.1187331 0.0995106 0.1070577 0.1600121 0.1221977 0.1222901 0.1322660 0.0775083 0.0722686 0.1005018 0.1205228 0.0947110 0.1148859 0.1307072 0.1071811 0.1415643 0.1125418 0.1181504 0.1767814 0.1225916 0.1184294 0.1197892 0.0624520 0.1245144 0.1067372 0.1237956 0.1184666 0.0555407 0.1222901 0.1255680 0.0814057 0.1392090 
Eutrochium_fistulosum_SRR9119106           0.8491239 0.7296438 0.8232197 0.7720022 0.6876515 0.0000000 0.2763042 0.9040391 0.7373147 0.8118899 0.7680549 0.7717921 0.7630299 0.7205226 0.8035928 0.8257802 0.8097944 0.7454848 0.7963124 0.8144806 0.7526032 0.7183521 0.7797632 0.8518011 0.7590177 0.7977227 0.7728943 0.7711557 0.8079689 0.8428563 0.8209416 0.7707869 0.7310228 0.7575162 0.8272961 0.7497041 0.7894458 0.8001371 0.7975202 0.7594485 0.7813435 0.7960105 0.7633815 0.7563417 0.7937629 0.8181740 0.7622559 0.7535775 0.7518647 0.7763486 0.7862515 0.8317691 0.7635399 0.7726657 0.7979805 0.7895317 0.7338622 0.7519629 0.7505192 0.7561618 0.6923057 0.6708276 0.7014322 0.7491546 0.7850276 0.7308262 0.7858878 0.7870600 0.7394838 0.8064002 0.7797632 0.7671758 0.7595464 0.7304639 0.7400729 0.7201291 0.7671820 0.7845315 0.7642418 0.7787797 0.7137991 0.7505192 0.8272961 0.7715328 0.6826916 
Galeana_pratensis_104_mex                  0.8602167 0.8095346 0.8178858 0.7932393 0.7621070 0.2763042 0.0000000 0.8768489 0.7903947 0.7868939 0.8085701 0.7987521 0.8088079 0.7528351 0.8441915 0.8178319 0.8323852 0.8291913 0.8202373 0.7957932 0.8123504 0.7796363 0.8332392 0.8029569 0.8179413 0.8204499 0.8546728 0.8012747 0.8405922 0.8402939 0.9350799 0.8498700 0.7848300 0.8101865 0.8384937 0.8004118 0.8155189 0.8536678 0.8085647 0.8024199 0.8238177 0.8157740 0.8229104 0.7958691 0.8494817 0.8357279 0.8235208 0.8165457 0.7941907 0.8585123 0.8341954 0.8016855 0.7929315 0.8147820 0.8372379 0.8509502 0.9159104 0.8165457 0.8123504 0.7780022 0.7817589 0.8794726 0.7537301 0.7957296 0.7989148 0.7605405 0.7894620 0.8229711 0.9428648 0.8198882 0.8332392 0.8221877 0.8079085 0.7718918 0.7994908 0.7879169 0.7835161 0.8041380 0.8045274 0.8177443 0.7966797 0.8123504 0.8384937 0.8251377 0.9387397 
Helianthus_annuus_SRR9119062               0.3571761 0.2263105 0.4085922 0.3517164 0.3458324 0.9040391 0.8768489 0.0000000 0.3245892 0.3560206 0.3937374 0.3858942 0.3558707 0.3365202 0.3380877 0.3680794 0.2640438 0.2748823 0.3727825 0.3427369 0.3541831 0.2219666 0.4042778 0.3748515 0.3839464 0.4115544 0.4515093 0.3478485 0.2713762 0.2327280 0.4711587 0.3541794 0.3032416 0.3627223 0.3113977 0.3627433 0.3803508 0.4054105 0.3453954 0.3889507 0.4053283 0.3273222 0.3508700 0.3818614 0.4277687 0.4463769 0.3876387 0.3914576 0.3711158 0.4083936 0.4107217 0.4413116 0.3849855 0.3573197 0.3644820 0.2972894 0.3227671 0.3723848 0.4053349 0.3598618 0.2074598 0.2368244 0.2647379 0.3974509 0.3844274 0.4014757 0.3832222 0.4290973 0.3296553 0.3933905 0.4104129 0.3392460 0.3898015 0.3660904 0.3644224 0.2296077 0.4072160 0.3508626 0.3999649 0.3480453 0.1826597 0.3753572 0.3121017 0.2374613 0.3201802 
Lycapsus_tenuifolius_17                    0.1656382 0.0882986 0.0916053 0.2367886 0.2079522 0.7373147 0.7903947 0.3245892 0.0000000 0.1815609 0.2165862 0.2208779 0.2053567 0.1527867 0.1836019 0.1577838 0.0916624 0.2200949 0.1379779 0.1309094 0.2063376 0.1269320 0.1797496 0.2474948 0.2107599 0.1793165 0.2817622 0.2286172 0.0801144 0.0791339 0.1961683 0.1730146 0.0409271 0.2106044 0.1794691 0.2291343 0.1616091 0.2460485 0.1819591 0.2103122 0.1859179 0.2213270 0.2087723 0.2303255 0.2902466 0.1932767 0.2103398 0.2081959 0.2327884 0.1871212 0.1840835 0.2912111 0.1795466 0.1767959 0.2091894 0.1447850 0.2037251 0.2133787 0.2396919 0.2013094 0.1008515 0.1159204 0.1373645 0.2100554 0.2801570 0.1692422 0.2345720 0.2633850 0.0771195 0.1777976 0.1797496 0.0635472 0.2199925 0.1964587 0.1859323 0.1122260 0.2667048 0.2054019 0.2179242 0.1993707 0.0903155 0.2082829 0.1794691 0.0774145 0.0944775 
Pericome_caudata_50_silver                 0.2442127 0.0885982 0.2430142 0.2358203 0.1612533 0.8118899 0.7868939 0.3560206 0.1815609 0.0000000 0.2706025 0.2502270 0.2297301 0.2234540 0.2098588 0.2508616 0.1217668 0.1842382 0.2261006 0.2293563 0.2630365 0.1008145 0.3061652 0.2927231 0.2694742 0.2749574 0.3421964 0.2609796 0.1363853 0.1272095 0.2615964 0.2726025 0.1805464 0.2566619 0.1778924 0.2828031 0.1917983 0.3610378 0.2496587 0.2692727 0.2776950 0.2404285 0.2339467 0.2949271 0.4089852 0.3455306 0.2760517 0.2651790 0.2642482 0.2903443 0.2655915 0.3740885 0.2553265 0.2206294 0.2503600 0.1509107 0.1822831 0.2426545 0.2796390 0.2588475 0.0995384 0.0836475 0.1118563 0.2589266 0.3092786 0.2251016 0.2555960 0.3165026 0.0933344 0.2149016 0.3174738 0.1711602 0.2778729 0.2426160 0.2254027 0.0791947 0.2988837 0.2612901 0.2670660 0.2157501 0.1007635 0.2635070 0.1956883 0.1165211 0.1181858 
Perityle_aglossa_84_dead_horse             0.2890505 0.0970257 0.2761072 0.2067211 0.1221284 0.7680549 0.8085701 0.3937374 0.2165862 0.2706025 0.0000000 0.0476086 0.0482767 0.0304255 0.2088879 0.2993592 0.1440419 0.1418931 0.2641828 0.2559755 0.0419664 0.0725826 0.3237780 0.1004772 0.0612099 0.2900148 0.3700956 0.1995000 0.1542303 0.1378406 0.2797198 0.3039699 0.2026719 0.0425791 0.1629596 0.2267634 0.2262224 0.3821796 0.2392954 0.0623017 0.3034004 0.2110136 0.0448362 0.2453013 0.4514589 0.3835983 0.0640530 0.0507329 0.1851793 0.2860647 0.2715895 0.1731721 0.2845360 0.0342662 0.2021837 0.1417327 0.1444094 0.0552539 0.0612810 0.1957623 0.0629338 0.0663767 0.1031196 0.0286979 0.2637764 0.2450555 0.2477244 0.3196449 0.1266358 0.2523362 0.3222679 0.2197916 0.0762327 0.0415662 0.0402911 0.0227149 0.2997166 0.2788475 0.0460367 0.0357035 0.0665293 0.0436541 0.1742260 0.0860363 0.1326562 
Perityle_ajoensis_204                      0.2796945 0.0959874 0.2723007 0.2011059 0.1320867 0.7717921 0.7987521 0.3858942 0.2208779 0.2502270 0.0476086 0.0000000 0.0569696 0.0361513 0.2117013 0.2677433 0.1505829 0.1472389 0.2507441 0.2624740 0.0363291 0.0724881 0.2706438 0.1058428 0.0488843 0.2407320 0.3122362 0.1758151 0.1599617 0.1396671 0.2544759 0.2503648 0.2088003 0.0424089 0.1556023 0.2050380 0.2245726 0.3373272 0.2187283 0.0823760 0.2551935 0.2092989 0.0369592 0.2495969 0.3805654 0.3437280 0.0507654 0.0487592 0.1911189 0.2375794 0.2464786 0.1564381 0.2340778 0.0427162 0.2078851 0.1377987 0.1409255 0.0478636 0.0568976 0.1991171 0.0612632 0.0661824 0.1064315 0.0432926 0.2280541 0.2208671 0.2386322 0.2860034 0.1263700 0.2372042 0.2690569 0.2331915 0.0617866 0.0295579 0.0333281 0.0198164 0.2801857 0.2587045 0.0413423 0.0498918 0.0680498 0.0383033 0.1543743 0.0912955 0.1328744 
Perityle_ambrosiifolia_67_green            0.2545288 0.0888265 0.2661625 0.1768633 0.1121587 0.7630299 0.8088079 0.3558707 0.2053567 0.2297301 0.0482767 0.0569696 0.0000000 0.0477300 0.2084172 0.2443877 0.1419739 0.1400771 0.2191572 0.2559431 0.0504920 0.0702978 0.2311102 0.1070361 0.0566099 0.2133224 0.2689989 0.1687635 0.1505957 0.1319618 0.2597703 0.2196460 0.2022574 0.0381308 0.1532625 0.1847782 0.2092854 0.2916313 0.2127375 0.0252846 0.2351695 0.1946685 0.0428414 0.2190398 0.3386557 0.3101634 0.0553152 0.0489153 0.1819812 0.2235525 0.2257465 0.1326413 0.1996747 0.0351042 0.2007640 0.1397442 0.1426371 0.0587397 0.0684096 0.1908719 0.0628147 0.0619842 0.0969729 0.0438799 0.2102934 0.2071444 0.2275095 0.2391830 0.1230522 0.2095288 0.2295228 0.2036188 0.0588822 0.0410119 0.0423438 0.0226328 0.2646945 0.2178089 0.0482231 0.0476401 0.0648507 0.0489328 0.1528321 0.0829985 0.1257967 
Perityle_angustifolia_13_Eagle_creek       0.2777168 0.0940330 0.2223203 0.1571627 0.1136026 0.7205226 0.7528351 0.3365202 0.1527867 0.2234540 0.0304255 0.0361513 0.0477300 0.0000000 0.1897057 0.2183273 0.0993891 0.1080519 0.1807947 0.2240959 0.0335653 0.0589489 0.1825366 0.0472596 0.0417524 0.1872531 0.2015341 0.1264687 0.1444475 0.1325774 0.1715744 0.1659776 0.1468109 0.0279970 0.1054093 0.1810993 0.1881501 0.1984698 0.1882141 0.0559521 0.1900797 0.1977660 0.0354432 0.1869463 0.2069703 0.1775166 0.0408759 0.0351986 0.1771196 0.1817317 0.1820918 0.1017119 0.1840115 0.0091242 0.1635196 0.1381967 0.1329256 0.0614209 0.0333605 0.1630840 0.0563481 0.0795811 0.1020265 0.0334403 0.1394234 0.1909771 0.1865083 0.1684016 0.1191786 0.1846912 0.1811763 0.1924502 0.0445783 0.0347413 0.0354221 0.0268699 0.1821170 0.1777682 0.0260393 0.0353400 0.0551845 0.0333605 0.1054093 0.0754381 0.1294801 
Perityle_batopilensis_97                   0.2204960 0.1121955 0.2530075 0.1335764 0.1207960 0.8035928 0.8441915 0.3380877 0.1836019 0.2098588 0.2088879 0.2117013 0.2084172 0.1897057 0.0000000 0.0475715 0.1536680 0.1377988 0.0742809 0.0441472 0.1988639 0.0915917 0.0948790 0.2879033 0.2122593 0.0722765 0.1013289 0.1785662 0.1682999 0.1402042 0.2655654 0.2377080 0.1687429 0.1999698 0.0965445 0.1474263 0.0704086 0.1916370 0.0282911 0.2074349 0.0988489 0.1437942 0.1912734 0.1594450 0.2043264 0.1781149 0.2138638 0.2038509 0.1468530 0.0886932 0.0911769 0.3206152 0.0765273 0.2001925 0.1689479 0.0756950 0.1139947 0.1916874 0.2039162 0.1574211 0.0991558 0.1241222 0.0759934 0.2053002 0.1815059 0.0703884 0.1523253 0.1704373 0.0836869 0.0740864 0.0956812 0.1836291 0.2186154 0.1874418 0.2068792 0.0913164 0.1925499 0.1497329 0.2094877 0.2004427 0.1048478 0.2039162 0.0961591 0.1337524 0.0732222 
Perityle_bisetosa_9                        0.1817109 0.0767842 0.2833274 0.0966697 0.0568565 0.8257802 0.8178319 0.3680794 0.1577838 0.2508616 0.2993592 0.2677433 0.2443877 0.2183273 0.0475715 0.0000000 0.1466429 0.0763566 0.0341953 0.0262030 0.2288614 0.0703596 0.1508771 0.2463371 0.2832654 0.0537516 0.1198356 0.1563733 0.1874591 0.1104021 0.4484057 0.1925843 0.1521461 0.2597519 0.0549921 0.1581935 0.0192334 0.1832500 0.0561458 0.3186276 0.0911459 0.1508608 0.2010272 0.2794365 0.2374411 0.2010002 0.3006677 0.2998847 0.2102563 0.0642624 0.0678171 0.3119454 0.0472597 0.2326145 0.1427861 0.0391183 0.0000010 0.2326774 0.2518638 0.1077590 0.0441574 0.0000010 0.0324819 0.3212652 0.1874003 0.0437790 0.1429808 0.2599522 0.0000010 0.0200520 0.1501363 0.2426384 0.3225556 0.1967273 0.2432610 0.0336058 0.1488248 0.1688407 0.3141396 0.2279442 0.0937717 0.2552567 0.0549062 0.1295507 0.0000010 
Perityle_californica_76_positas            0.1323640 0.0693031 0.1043308 0.1273929 0.1323463 0.8097944 0.8323852 0.2640438 0.0916624 0.1217668 0.1440419 0.1505829 0.1419739 0.0993891 0.1536680 0.1466429 0.0000000 0.1333733 0.1359453 0.1440588 0.1290864 0.1088933 0.1358136 0.1932077 0.1458848 0.1416313 0.1705082 0.1665533 0.0790142 0.0937317 0.1175475 0.1205720 0.0928677 0.1438970 0.1377023 0.1632025 0.1356191 0.1603024 0.1513385 0.1417428 0.1397445 0.1614785 0.1501599 0.1621740 0.1684220 0.1611666 0.1451547 0.1471009 0.1649444 0.1366641 0.1344058 0.2052077 0.1249479 0.1441240 0.1795489 0.1506978 0.1405907 0.1291814 0.1459896 0.1393720 0.1020384 0.0932293 0.1280490 0.1408605 0.1668788 0.1190308 0.1649186 0.1568946 0.0960709 0.1371234 0.1334920 0.0831201 0.1526745 0.1194106 0.1424996 0.0848395 0.1499342 0.1396301 0.1504886 0.1359220 0.0902425 0.1459896 0.1403662 0.0877867 0.1148683 
Perityle_canescens_77                      0.1861190 0.1090486 0.2288171 0.1064788 0.1006512 0.7454848 0.8291913 0.2748823 0.2200949 0.1842382 0.1418931 0.1472389 0.1400771 0.1080519 0.1377988 0.0763566 0.1333733 0.0000000 0.1062176 0.0757522 0.1419770 0.0834394 0.1200282 0.2239262 0.1471632 0.1179057 0.1309973 0.1374589 0.1477430 0.1378509 0.2844872 0.2023002 0.2030243 0.1365967 0.1396943 0.0979097 0.1095019 0.1417052 0.1313339 0.1377193 0.1240397 0.0987802 0.1440909 0.0972921 0.1536968 0.1453671 0.1475637 0.1429580 0.0964397 0.0998884 0.1242834 0.2769060 0.1092921 0.1304074 0.1360303 0.1224898 0.1543290 0.1459713 0.1419770 0.1304658 0.0810385 0.0881497 0.1070323 0.1391814 0.1283938 0.1139274 0.1348790 0.1277727 0.1535516 0.1105476 0.1210098 0.1778640 0.1524723 0.1459494 0.1431178 0.0854086 0.1757077 0.1119743 0.1361562 0.1410138 0.0859987 0.1419770 0.1396943 0.1080091 0.1146158 
Perityle_castillonii_96                    0.1845764 0.0995520 0.2164940 0.1347084 0.1144250 0.7963124 0.8202373 0.3727825 0.1379779 0.2261006 0.2641828 0.2507441 0.2191572 0.1807947 0.0742809 0.0341953 0.1359453 0.1062176 0.0000000 0.0348443 0.2019460 0.0727022 0.0854041 0.2903288 0.2454429 0.0607658 0.1645865 0.2037931 0.1602330 0.1370473 0.1871438 0.1874215 0.1363112 0.2224911 0.0685967 0.1715015 0.0271951 0.1936644 0.0831502 0.2620226 0.0789961 0.1442040 0.1948441 0.2391272 0.2125399 0.1061153 0.2306807 0.2587888 0.2074110 0.0662338 0.0706029 0.3503339 0.0566598 0.2046312 0.1829775 0.0549145 0.0691161 0.2144960 0.2272770 0.1766895 0.0908966 0.1110484 0.0472572 0.2582125 0.2250458 0.0442813 0.1995876 0.2496809 0.0168071 0.0257307 0.0854964 0.1819060 0.2431401 0.1774757 0.2157607 0.0727390 0.2127931 0.1511800 0.2632470 0.1980851 0.0933307 0.2310285 0.0687584 0.1229554 0.0456877 
Perityle_cernua_84                         0.1829270 0.0662079 0.2631338 0.0925327 0.0457865 0.8144806 0.7957932 0.3427369 0.1309094 0.2293563 0.2559755 0.2624740 0.2559431 0.2240959 0.0441472 0.0262030 0.1440588 0.0757522 0.0348443 0.0000000 0.2299020 0.0893334 0.0579287 0.2449032 0.2603205 0.0454004 0.0658448 0.1340675 0.1775519 0.1081568 0.4484057 0.1839686 0.1252083 0.2422681 0.0558467 0.1445602 0.0339681 0.1503838 0.0457664 0.2653655 0.0515869 0.1458270 0.2106749 0.1789685 0.1623665 0.1484947 0.2530720 0.2554542 0.1535352 0.0384205 0.0395310 0.2718065 0.0349538 0.2395365 0.1369972 0.0353465 0.0000010 0.2157865 0.2529579 0.0927873 0.0442437 0.0000010 0.0261073 0.2599286 0.1637691 0.0342001 0.1051953 0.1669290 0.0000010 0.0340663 0.0579293 0.2164656 0.2695649 0.1965862 0.2454608 0.0264840 0.1029157 0.1008230 0.2602463 0.2384758 0.0939139 0.2529579 0.0578810 0.1298599 0.0000010 
Perityle_cfvillosa_25_tin                  0.2677127 0.0916365 0.2600662 0.2036290 0.1243543 0.7526032 0.8123504 0.3541831 0.2063376 0.2630365 0.0419664 0.0363291 0.0504920 0.0335653 0.1988639 0.2288614 0.1290864 0.1419770 0.2019460 0.2299020 0.0000000 0.0682752 0.2553323 0.1074042 0.0189818 0.2495804 0.3329694 0.1935055 0.1505662 0.1333340 0.2684315 0.2912895 0.1962425 0.0467666 0.1478485 0.2086262 0.1997197 0.3245373 0.2306267 0.0518246 0.2426406 0.1935539 0.0164479 0.1971402 0.3876354 0.2756448 0.0179482 0.0030227 0.1888243 0.2352903 0.2109010 0.1632489 0.2458455 0.0357315 0.2022497 0.1343699 0.1361628 0.0253330 0.0268956 0.2003125 0.0562269 0.0707991 0.0954135 0.0371418 0.2666887 0.2082994 0.2387066 0.2453340 0.1132065 0.2034978 0.2536967 0.2063571 0.0267080 0.0164896 0.0133544 0.0084029 0.2719033 0.1937583 0.0367111 0.0419032 0.0648097 0.0019017 0.1589443 0.0822598 0.1188500 
Perityle_cinerea_113_Powell1310            0.1367649 0.1108094 0.1304436 0.0618579 0.0449698 0.7183521 0.7796363 0.2219666 0.1269320 0.1008145 0.0725826 0.0724881 0.0702978 0.0589489 0.0915917 0.0703596 0.1088933 0.0834394 0.0727022 0.0893334 0.0682752 0.0000000 0.0861358 0.0639404 0.0704602 0.0818477 0.0893696 0.1027221 0.1271490 0.1415516 0.1205427 0.1358765 0.1269818 0.0687944 0.0897225 0.0872470 0.0728814 0.0828514 0.0852486 0.0701840 0.0883993 0.1135861 0.0683211 0.0903750 0.0968099 0.0682858 0.0748084 0.0682752 0.0894616 0.0818821 0.0797546 0.0915698 0.0712574 0.0661335 0.1003466 0.0838974 0.0766155 0.0724875 0.0682752 0.0876712 0.0823874 0.0962101 0.0808709 0.0704125 0.0961352 0.0884423 0.1071169 0.0791948 0.0682610 0.0748913 0.0861358 0.1227628 0.0747410 0.0704602 0.0704391 0.0612948 0.0902618 0.0828925 0.0661562 0.0639423 0.0741561 0.0682752 0.0897225 0.0968156 0.0860212 
Perityle_coahuilensis_24                   0.2552441 0.0961450 0.2599042 0.2170663 0.1161519 0.7797632 0.8332392 0.4042778 0.1797496 0.3061652 0.3237780 0.2706438 0.2311102 0.1825366 0.0948790 0.1508771 0.1358136 0.1200282 0.0854041 0.0579287 0.2553323 0.0861358 0.0000000 0.3018183 0.3142486 0.1254850 0.1939748 0.3042919 0.1496156 0.1361696 0.2338551 0.3053101 0.1740411 0.3104890 0.0704757 0.2752357 0.0603777 0.2949148 0.1161940 0.3557980 0.0100568 0.1698979 0.2330571 0.2532965 0.3661544 0.1859220 0.3222044 0.3083144 0.2466564 0.0214709 0.0267847 0.4039496 0.0705947 0.2121635 0.1882209 0.0562888 0.0768335 0.2146526 0.3111617 0.1944542 0.0890876 0.0881057 0.0558136 0.3304994 0.3253520 0.0571240 0.2988314 0.2915472 0.0398764 0.0629476 0.0018844 0.1987414 0.3332591 0.2040220 0.2237436 0.0694121 0.2841358 0.1958714 0.3447576 0.1932173 0.0919538 0.2842082 0.0822163 0.1110218 0.0424569 
Perityle_cochisensis_44_cave_creek         0.3257031 0.0873026 0.3172801 0.2442794 0.1122538 0.8518011 0.8029569 0.3748515 0.2474948 0.2927231 0.1004772 0.1058428 0.1070361 0.0472596 0.2879033 0.2463371 0.1932077 0.2239262 0.2903288 0.2449032 0.1074042 0.0639404 0.3018183 0.0000000 0.1067500 0.2973502 0.3548069 0.2351707 0.1583608 0.1349649 0.3590043 0.2492964 0.2419462 0.0923896 0.2343054 0.2529832 0.3027948 0.3349541 0.2915337 0.1352156 0.3053479 0.2823005 0.1077956 0.3037494 0.3570853 0.3510997 0.1060113 0.1100817 0.2441889 0.3090802 0.3019299 0.1428777 0.2918740 0.0964941 0.2423229 0.2091201 0.2698003 0.1301777 0.1009527 0.2676549 0.0577662 0.0705120 0.0983292 0.0957309 0.2597938 0.2995347 0.2737391 0.3046655 0.1160565 0.2959692 0.2998508 0.2697390 0.1175425 0.1184616 0.0995397 0.0168907 0.3081599 0.3117390 0.0899292 0.1068043 0.0599736 0.0949177 0.2350180 0.1512988 0.1217155 
Perityle_congesta_202                      0.2849563 0.0916648 0.2672613 0.2103508 0.1204151 0.7590177 0.8179413 0.3839464 0.2107599 0.2694742 0.0612099 0.0488843 0.0566099 0.0417524 0.2122593 0.2832654 0.1458848 0.1471632 0.2454429 0.2603205 0.0189818 0.0704602 0.3142486 0.1067500 0.0000000 0.2827427 0.3412640 0.2068341 0.1517494 0.1347980 0.2645614 0.2930227 0.2012796 0.0606729 0.1535651 0.2258853 0.2161195 0.3770421 0.2434000 0.0785968 0.2892254 0.2065013 0.0145593 0.2388688 0.4487527 0.3583839 0.0180597 0.0364895 0.2017916 0.2736742 0.2563198 0.1759032 0.2709866 0.0390823 0.2016863 0.1366320 0.1401987 0.0357786 0.0486593 0.1972196 0.0578946 0.0708081 0.0970489 0.0532650 0.2649193 0.2217021 0.2544151 0.3056530 0.1165825 0.2340441 0.3121226 0.2226736 0.0285051 0.0117416 0.0171615 0.0013936 0.2853776 0.2708089 0.0541617 0.0475362 0.0680134 0.0221624 0.1640831 0.0817974 0.1225128 
Perityle_cordifolia_27                     0.1913011 0.0973271 0.2590388 0.1898239 0.1150067 0.7977227 0.8204499 0.4115544 0.1793165 0.2749574 0.2900148 0.2407320 0.2133224 0.1872531 0.0722765 0.0537516 0.1416313 0.1179057 0.0607658 0.0454004 0.2495804 0.0818477 0.1254850 0.2973502 0.2827427 0.0000000 0.2016461 0.2424044 0.1621624 0.1360629 0.2404952 0.2505785 0.1798378 0.2554227 0.0699484 0.2088306 0.0532200 0.2846433 0.0782264 0.2868855 0.0975699 0.1595733 0.2087677 0.2467910 0.3429500 0.1737483 0.2747479 0.2758032 0.2098306 0.0781638 0.0921140 0.4000988 0.0443642 0.2110486 0.1862605 0.0553135 0.0724428 0.2221578 0.2814449 0.1855916 0.0912982 0.1060266 0.0360906 0.2740044 0.2920179 0.0222466 0.2050715 0.2978460 0.0312782 0.0586259 0.1329042 0.2071273 0.2864442 0.2081559 0.2125603 0.0729592 0.2435945 0.1812505 0.2904141 0.2019487 0.1035097 0.2655760 0.0782102 0.1241857 0.0524601 
Perityle_cordifolia_68_tecolote            0.2590127 0.1045640 0.3350370 0.2446302 0.1531378 0.7728943 0.8546728 0.4515093 0.2817622 0.3421964 0.3700956 0.3122362 0.2689989 0.2015341 0.1013289 0.1198356 0.1705082 0.1309973 0.1645865 0.0658448 0.3329694 0.0893696 0.1939748 0.3548069 0.3412640 0.2016461 0.0000000 0.2591238 0.1638712 0.1455255 0.3981466 0.3941204 0.2209248 0.3218536 0.1685146 0.2337845 0.1418535 0.3274416 0.1125966 0.3978783 0.1841037 0.1681749 0.2662562 0.2422650 0.3882029 0.2682426 0.3265073 0.3442912 0.2366962 0.1466525 0.1818667 0.4914517 0.1966624 0.2550254 0.2021909 0.0101753 0.0854484 0.2781593 0.3527648 0.1965660 0.0870166 0.1063743 0.0558369 0.3714824 0.3254001 0.1776317 0.2259748 0.3179544 0.0662601 0.1858548 0.1931823 0.2543123 0.3348835 0.2754648 0.2707300 0.0801626 0.2744811 0.1907413 0.3794506 0.2535774 0.0978205 0.3423794 0.1730652 0.1318855 0.0646062 
Perityle_coronopifolia_28_patagonia        0.2055710 0.1017130 0.2857140 0.1848192 0.1083729 0.7711557 0.8012747 0.3478485 0.2286172 0.2609796 0.1995000 0.1758151 0.1687635 0.1264687 0.1785662 0.1563733 0.1665533 0.1374589 0.2037931 0.1340675 0.1935055 0.1027221 0.3042919 0.2351707 0.2068341 0.2424044 0.2591238 0.0000000 0.1649126 0.1479859 0.3090147 0.2863038 0.2050544 0.1975960 0.1905162 0.1607879 0.1688573 0.2729327 0.2045851 0.1943197 0.2703525 0.1563551 0.1769108 0.1608238 0.3331011 0.3422890 0.2102735 0.1821956 0.1324303 0.2410126 0.2326455 0.2952995 0.2305331 0.1651543 0.1303226 0.1392412 0.1803965 0.1742721 0.1927986 0.0756111 0.0529271 0.0708678 0.1161138 0.1862688 0.0736585 0.1626844 0.1620254 0.2184698 0.1428707 0.1919832 0.3029285 0.2107060 0.2158793 0.1947403 0.1684910 0.0598457 0.1920009 0.1821154 0.1991612 0.1660159 0.0583550 0.1955200 0.2022482 0.1048923 0.1478362 
Perityle_crassifolia_70_ventanas           0.1285685 0.1074867 0.1322189 0.1550020 0.1932540 0.8079689 0.8405922 0.2713762 0.0801144 0.1363853 0.1542303 0.1599617 0.1505957 0.1444475 0.1682999 0.1874591 0.0790142 0.1477430 0.1602330 0.1775519 0.1505662 0.1271490 0.1496156 0.1583608 0.1517494 0.1621624 0.1638712 0.1649126 0.0000000 0.0401640 0.1477241 0.1337256 0.0745221 0.1541878 0.1407165 0.1686965 0.1601998 0.1517669 0.1708007 0.1529709 0.1599045 0.1681056 0.1518279 0.1676608 0.1603907 0.1820356 0.1546592 0.1505788 0.1633678 0.1528231 0.1519158 0.2012423 0.1619804 0.1506002 0.1812583 0.1734234 0.1278505 0.1514112 0.1492537 0.1693811 0.1165161 0.1160142 0.1438488 0.1519807 0.1642602 0.1460372 0.1859639 0.1630697 0.0945402 0.1574142 0.1487122 0.0616543 0.1598057 0.1430895 0.1490867 0.1245231 0.1753892 0.1540808 0.1556442 0.1544083 0.1083788 0.1492537 0.1407165 0.1023980 0.0945352 
Perityle_crassifolia_74_playa_balandra     0.1138789 0.0897435 0.1050884 0.1415877 0.1091758 0.8428563 0.8402939 0.2327280 0.0791339 0.1272095 0.1378406 0.1396671 0.1319618 0.1325774 0.1402042 0.1104021 0.0937317 0.1378509 0.1370473 0.1081568 0.1333340 0.1415516 0.1361696 0.1349649 0.1347980 0.1360629 0.1455255 0.1479859 0.0401640 0.0000000 0.2080577 0.1438297 0.0791568 0.1345240 0.1488269 0.1586389 0.1411406 0.1457262 0.1385164 0.1347587 0.1421251 0.1635977 0.1377922 0.1583464 0.1515403 0.1707178 0.1363639 0.1349025 0.1552983 0.1338689 0.1357941 0.1439524 0.1349821 0.1334847 0.1569530 0.1601275 0.1911523 0.1363296 0.1333340 0.1479618 0.1198089 0.1442277 0.1296917 0.1365862 0.1448331 0.1294635 0.1727052 0.1413302 0.1112025 0.1368270 0.1361696 0.0395505 0.1425203 0.1251032 0.1276632 0.1067590 0.1631233 0.1395704 0.1394756 0.1349825 0.1115994 0.1333340 0.1488269 0.1270552 0.1449309 
Perityle_cuneata_34_cuneata_San_antonio    0.2384220 0.1121800 0.2386845 0.3028239 0.1678359 0.8209416 0.9350799 0.4711587 0.1961683 0.2615964 0.2797198 0.2544759 0.2597703 0.1715744 0.2655654 0.4484057 0.1175475 0.2844872 0.1871438 0.4484057 0.2684315 0.1205427 0.2338551 0.3590043 0.2645614 0.2404952 0.3981466 0.3090147 0.1477241 0.2080577 0.0000000 0.2496470 0.2133501 0.2625942 0.2617922 0.3258128 0.2104935 0.3544110 0.2734227 0.2650356 0.2417882 0.3265237 0.2629136 0.3144947 0.4219416 0.2587113 0.2669954 0.2667812 0.3171714 0.2589268 0.2483924 0.4250163 0.2455473 0.2158586 0.2806709 0.2022959 0.2421919 0.2604610 0.3135886 0.2597258 0.1605340 0.0935492 0.1840242 0.2611921 0.4096599 0.2121778 0.2878974 0.3579377 0.1036821 0.2383154 0.2338551 0.1615137 0.2707434 0.2532267 0.2337421 0.1292097 0.3658175 0.2759299 0.2807378 0.2518554 0.1635311 0.2681972 0.2678065 0.0789427 0.1234329 
Perityle_cuneata_4                         0.1855477 0.0823355 0.2297766 0.2560783 0.1271447 0.7707869 0.8498700 0.3541794 0.1730146 0.2726025 0.3039699 0.2503648 0.2196460 0.1659776 0.2377080 0.1925843 0.1205720 0.2023002 0.1874215 0.1839686 0.2912895 0.1358765 0.3053101 0.2492964 0.2930227 0.2505785 0.3941204 0.2863038 0.1337256 0.1438297 0.2496470 0.0000000 0.1825727 0.2710400 0.2346058 0.2671923 0.2045559 0.3148779 0.2738443 0.3059119 0.2871763 0.2470869 0.2182931 0.3193671 0.3638441 0.2960030 0.2829654 0.2866556 0.2807103 0.2815142 0.2604498 0.3649724 0.2422969 0.1905924 0.1927924 0.1559858 0.2811759 0.2602615 0.2887311 0.2077925 0.1081860 0.1159543 0.1382744 0.2807081 0.3446548 0.1927341 0.2449192 0.3524823 0.1162610 0.2210596 0.3053861 0.1840915 0.2911147 0.2573651 0.2047838 0.0967393 0.2831893 0.2508883 0.3029234 0.2137478 0.0899524 0.2808038 0.2516242 0.0875093 0.1363721 
Perityle_discoidea_81                      0.1608607 0.0897302 0.0754325 0.1978852 0.2028534 0.7310228 0.7848300 0.3032416 0.0409271 0.1805464 0.2026719 0.2088003 0.2022574 0.1468109 0.1687429 0.1521461 0.0928677 0.2030243 0.1363112 0.1252083 0.1962425 0.1269818 0.1740411 0.2419462 0.2012796 0.1798378 0.2209248 0.2050544 0.0745221 0.0791568 0.2133501 0.1825727 0.0000000 0.2018943 0.1740033 0.1983034 0.1630965 0.1878045 0.1683475 0.1993561 0.1820471 0.1917929 0.1997546 0.2019907 0.2303864 0.1859724 0.1973772 0.1984242 0.2031511 0.1788425 0.1791013 0.2922571 0.1836195 0.1745528 0.1882363 0.1431102 0.1705562 0.2007677 0.1980334 0.1865258 0.1026044 0.1113066 0.1389813 0.1984646 0.2212433 0.1760235 0.1958358 0.1983400 0.0770210 0.1726808 0.1740411 0.0561518 0.2113797 0.1954711 0.1914391 0.1138371 0.2316463 0.1878168 0.2032652 0.1994483 0.0903460 0.1973746 0.1740033 0.0799974 0.0910214 
Perityle_dissecta_201                      0.2656791 0.0952208 0.2666439 0.1953811 0.1154473 0.7575162 0.8101865 0.3627223 0.2106044 0.2566619 0.0425791 0.0424089 0.0381308 0.0279970 0.1999698 0.2597519 0.1438970 0.1365967 0.2224911 0.2422681 0.0467666 0.0687944 0.3104890 0.0923896 0.0606729 0.2554227 0.3218536 0.1975960 0.1541878 0.1345240 0.2625942 0.2710400 0.2018943 0.0000000 0.1437186 0.2075974 0.1981175 0.3556761 0.2289787 0.0552254 0.2692845 0.1817096 0.0348299 0.2231044 0.4434587 0.3511847 0.0634278 0.0369329 0.1807243 0.2553905 0.2399812 0.1506107 0.2455386 0.0233024 0.1961161 0.1337746 0.1293531 0.0505983 0.0562307 0.2019891 0.0635267 0.0662352 0.0978292 0.0308013 0.2461045 0.2037019 0.2439268 0.2839051 0.1147850 0.2127765 0.3090209 0.2020400 0.0772212 0.0342397 0.0295527 0.0228866 0.2673908 0.2418413 0.0358602 0.0295677 0.0633526 0.0456543 0.1542209 0.0773157 0.1205547 
Perityle_emoryi_47_punta_san_jose          0.1849412 0.1115054 0.2023136 0.1603670 0.1255680 0.8272961 0.8384937 0.3113977 0.1794691 0.1778924 0.1629596 0.1556023 0.1532625 0.1054093 0.0965445 0.0549921 0.1377023 0.1396943 0.0685967 0.0558467 0.1478485 0.0897225 0.0704757 0.2343054 0.1535651 0.0699484 0.1685146 0.1905162 0.1407165 0.1488269 0.2617922 0.2346058 0.1740033 0.1437186 0.0000000 0.1506903 0.0699011 0.2207211 0.1018919 0.1585682 0.0759449 0.1261981 0.1533130 0.1640063 0.2551006 0.1507136 0.1533986 0.1564230 0.1608553 0.0739287 0.0680166 0.2982603 0.0572576 0.1469589 0.2090399 0.0767510 0.0805969 0.1470085 0.1663756 0.1744845 0.1068174 0.0924104 0.0465304 0.1577517 0.2399487 0.0773715 0.2203887 0.2174969 0.0366727 0.0724982 0.0704757 0.1542255 0.1590330 0.1387811 0.1494746 0.0935119 0.2543566 0.1416660 0.1618998 0.1488170 0.0992771 0.1466336 0.0000010 0.1253401 0.0679252 
Perityle_feddemae_99                       0.2019948 0.1007792 0.2964836 0.1561966 0.1196083 0.7497041 0.8004118 0.3627433 0.2291343 0.2828031 0.2267634 0.2050380 0.1847782 0.1810993 0.1474263 0.1581935 0.1632025 0.0979097 0.1715015 0.1445602 0.2086262 0.0872470 0.2752357 0.2529832 0.2258853 0.2088306 0.2337845 0.1607879 0.1686965 0.1586389 0.3258128 0.2671923 0.1983034 0.2075974 0.1506903 0.0000000 0.1372682 0.2200309 0.1727094 0.2394823 0.2329507 0.0303216 0.1670356 0.0867558 0.2802319 0.2945988 0.2494675 0.2214504 0.0474874 0.2063992 0.2024619 0.3430170 0.1915922 0.1725035 0.1350645 0.1006565 0.1357202 0.2046207 0.2109018 0.1071385 0.0512449 0.0877081 0.0931624 0.2397603 0.1747063 0.1379247 0.1543003 0.2236958 0.1097742 0.1655822 0.2675386 0.2265744 0.2458425 0.1961367 0.1882012 0.0661572 0.1910326 0.1758303 0.2440500 0.1889868 0.0831674 0.2098732 0.1610762 0.0917135 0.1181652 
Perityle_fosteri_93                        0.1861968 0.0973409 0.2240757 0.1319740 0.1279562 0.7894458 0.8155189 0.3803508 0.1616091 0.1917983 0.2262224 0.2245726 0.2092854 0.1881501 0.0704086 0.0192334 0.1356191 0.1095019 0.0271951 0.0339681 0.1997197 0.0728814 0.0603777 0.3027948 0.2161195 0.0532200 0.1418535 0.1688573 0.1601998 0.1411406 0.2104935 0.2045559 0.1630965 0.1981175 0.0699011 0.1372682 0.0000000 0.1803355 0.0735997 0.2204538 0.0616613 0.1189928 0.1891221 0.1614635 0.2059538 0.0914651 0.2151343 0.2187664 0.1454937 0.0515311 0.0524653 0.3365506 0.0592284 0.1979821 0.1843983 0.0553390 0.0691732 0.1969159 0.2304012 0.1572897 0.0926873 0.1017892 0.0512318 0.2194768 0.2218189 0.0500818 0.1788265 0.1948239 0.0139468 0.0245159 0.0603780 0.2012234 0.2254676 0.1868058 0.2042338 0.0760065 0.2131005 0.1289853 0.2236354 0.2004607 0.0949133 0.2134278 0.0700708 0.1145129 0.0520737 
Perityle_gamon_221                         0.2437249 0.0996125 0.3053428 0.2609647 0.1332653 0.8001371 0.8536678 0.4054105 0.2460485 0.3610378 0.3821796 0.3373272 0.2916313 0.1984698 0.1916370 0.1832500 0.1603024 0.1417052 0.1936644 0.1503838 0.3245373 0.0828514 0.2949148 0.3349541 0.3770421 0.2846433 0.3274416 0.2729327 0.1517669 0.1457262 0.3544110 0.3148779 0.1878045 0.3556761 0.2207211 0.2200309 0.1803355 0.0000000 0.2396369 0.3873469 0.2944136 0.2046343 0.3022850 0.2621608 0.0725629 0.2969794 0.3573789 0.3717382 0.2453483 0.2556817 0.2700966 0.4507086 0.2296040 0.2571066 0.1912461 0.1096924 0.2267424 0.3054358 0.3502397 0.1624606 0.0611623 0.0879785 0.1057307 0.3706674 0.3201776 0.2016763 0.2186248 0.2629334 0.1095139 0.2254493 0.2934004 0.2362115 0.3724867 0.2877720 0.2853459 0.0738700 0.2504902 0.2045444 0.3826990 0.2527232 0.1014575 0.3522720 0.2330774 0.1168132 0.1077055 
Perityle_gentryi_8_san_francisco           0.2239791 0.1049575 0.2592713 0.1591274 0.1100355 0.7975202 0.8085647 0.3453954 0.1819591 0.2496587 0.2392954 0.2187283 0.2127375 0.1882141 0.0282911 0.0561458 0.1513385 0.1313339 0.0831502 0.0457664 0.2306267 0.0852486 0.1161940 0.2915337 0.2434000 0.0782264 0.1125966 0.2045851 0.1708007 0.1385164 0.2734227 0.2738443 0.1683475 0.2289787 0.1018919 0.1727094 0.0735997 0.2396369 0.0000000 0.2368695 0.1179178 0.1592553 0.2163802 0.1716158 0.2514246 0.1969190 0.2464764 0.2369090 0.1536302 0.0984910 0.1078783 0.3640150 0.0815255 0.2085568 0.1699402 0.0786515 0.1043374 0.1996305 0.2369813 0.1526618 0.0920355 0.1104645 0.0715202 0.2349668 0.2197182 0.0712492 0.1530845 0.1999355 0.0713220 0.0745739 0.1169599 0.1836760 0.2503698 0.2189264 0.2149483 0.0847764 0.1890745 0.1705127 0.2392485 0.2042716 0.1015205 0.2366730 0.1153358 0.1371807 0.0666710 
Perityle_gilensis_22_Superstition          0.2920302 0.0914499 0.2704882 0.2060207 0.1198483 0.7594485 0.8024199 0.3889507 0.2103122 0.2692727 0.0623017 0.0823760 0.0252846 0.0559521 0.2074349 0.3186276 0.1417428 0.1377193 0.2620226 0.2653655 0.0518246 0.0701840 0.3557980 0.1352156 0.0785968 0.2868855 0.3978783 0.1943197 0.1529709 0.1347587 0.2650356 0.3059119 0.1993561 0.0552254 0.1585682 0.2394823 0.2204538 0.3873469 0.2368695 0.0000000 0.2991348 0.2118927 0.0373307 0.2530996 0.4685040 0.3851292 0.1011137 0.0652157 0.2077999 0.2848545 0.2683558 0.1598146 0.2812776 0.0372420 0.2024784 0.1373329 0.1403304 0.0522838 0.0959005 0.1926838 0.0626919 0.0619346 0.0968012 0.0719802 0.2687225 0.2381998 0.2639365 0.3178336 0.1228991 0.2497946 0.3473771 0.2133408 0.1097424 0.0359653 0.0414245 0.0211815 0.2941331 0.2747551 0.0796310 0.0473691 0.0663832 0.0651027 0.1705728 0.0818750 0.1257227 
Perityle_gilensis_salensis_225             0.2320250 0.1042629 0.2627087 0.2178704 0.1174287 0.7813435 0.8238177 0.4053283 0.1859179 0.2776950 0.3034004 0.2551935 0.2351695 0.1900797 0.0988489 0.0911459 0.1397445 0.1240397 0.0789961 0.0515869 0.2426406 0.0883993 0.0100568 0.3053479 0.2892254 0.0975699 0.1841037 0.2703525 0.1599045 0.1421251 0.2417882 0.2871763 0.1820471 0.2692845 0.0759449 0.2329507 0.0616613 0.2944136 0.1179178 0.2991348 0.0000000 0.1688804 0.2351244 0.2431154 0.3438113 0.1615677 0.2826976 0.2796709 0.2220131 0.0217467 0.0209681 0.3986712 0.0737493 0.2140190 0.1928914 0.0631037 0.0838402 0.2071225 0.3046481 0.1831212 0.0957665 0.0925586 0.0584991 0.2849276 0.3155469 0.0629771 0.2373821 0.2744006 0.0453007 0.0624793 0.0095725 0.2053150 0.2931910 0.2111733 0.2287172 0.0753243 0.2707595 0.1781455 0.3037496 0.1992921 0.1004969 0.2764740 0.0892802 0.1151302 0.0519053 
Perityle_glaucescens_94                    0.1931647 0.1065330 0.3009331 0.1406244 0.1122521 0.7960105 0.8157740 0.3273222 0.2213270 0.2404285 0.2110136 0.2092989 0.1946685 0.1977660 0.1437942 0.1508608 0.1614785 0.0987802 0.1442040 0.1458270 0.1935539 0.1135861 0.1698979 0.2823005 0.2065013 0.1595733 0.1681749 0.1563551 0.1681056 0.1635977 0.3265237 0.2470869 0.1917929 0.1817096 0.1261981 0.0303216 0.1189928 0.2046343 0.1592553 0.2118927 0.1688804 0.0000000 0.1695930 0.0604164 0.2226578 0.2282799 0.2073162 0.2101430 0.0373655 0.1668631 0.1622981 0.3646144 0.1286012 0.1751660 0.1455395 0.1020190 0.1297637 0.2035460 0.2018190 0.1288185 0.0750307 0.0791585 0.0926059 0.2088569 0.1744609 0.1095935 0.1511489 0.1987458 0.0891083 0.1345635 0.1680661 0.2278676 0.2093774 0.1938847 0.1950756 0.0802479 0.1928887 0.1431223 0.2079013 0.1904073 0.0823271 0.2010990 0.1357739 0.1043027 0.1065775 
Perityle_gracilis_11                       0.2312756 0.0944441 0.2631881 0.1730352 0.1204140 0.7633815 0.8229104 0.3508700 0.2087723 0.2339467 0.0448362 0.0369592 0.0428414 0.0354432 0.1912734 0.2010272 0.1501599 0.1440909 0.1948441 0.2106749 0.0164479 0.0683211 0.2330571 0.1077956 0.0145593 0.2087677 0.2662562 0.1769108 0.1518279 0.1377922 0.2629136 0.2182931 0.1997546 0.0348299 0.1533130 0.1670356 0.1891221 0.3022850 0.2163802 0.0373307 0.2351244 0.1695930 0.0000000 0.2045297 0.3545335 0.2960054 0.0101537 0.0160835 0.1634893 0.2164762 0.2215380 0.1461852 0.2008768 0.0362408 0.1839621 0.1353558 0.1381464 0.0182873 0.0402765 0.1973468 0.0578946 0.0752406 0.0954386 0.0383304 0.2173472 0.1828782 0.2019960 0.2409839 0.1164939 0.1908276 0.2315089 0.2013314 0.0166082 0.0096841 0.0161585 0.0013952 0.2362605 0.2036242 0.0397173 0.0396306 0.0728172 0.0147480 0.1629755 0.0838445 0.1188396 
Perityle_harkerae_31                       0.2785541 0.0990347 0.3012441 0.1930195 0.1233654 0.7563417 0.7958691 0.3818614 0.2303255 0.2949271 0.2453013 0.2495969 0.2190398 0.1869463 0.1594450 0.2794365 0.1621740 0.0972921 0.2391272 0.1789685 0.1971402 0.0903750 0.2532965 0.3037494 0.2388688 0.2467910 0.2422650 0.1608238 0.1676608 0.1583464 0.3144947 0.3193671 0.2019907 0.2231044 0.1640063 0.0867558 0.1614635 0.2621608 0.1716158 0.2530996 0.2431154 0.0604164 0.2045297 0.0000000 0.2871208 0.3250302 0.2427958 0.2379183 0.0651615 0.2065128 0.2290894 0.3467447 0.2001441 0.1878696 0.1458831 0.1055198 0.1357988 0.2011005 0.2450916 0.1070166 0.0517996 0.0900134 0.0911528 0.2603998 0.1806366 0.1774234 0.1899400 0.2323468 0.1117008 0.2157796 0.2533708 0.2338092 0.2466108 0.1876934 0.2191095 0.0666532 0.2436595 0.2252941 0.2555697 0.1959522 0.0831167 0.2304148 0.1649917 0.0963794 0.1168186 
