85
Amauria_brandeegeana_62                    0.0000000 0.1426930 0.2563141 0.2362353 0.2648824 0.1327673 0.4305973 0.2397374 0.3284555 0.2522914 0.3539183 0.3306389 0.3203838 0.2961370 0.3451002 0.2188294 0.2809256 0.3585340 0.2905862 0.2620131 0.3448638 0.3510904 0.1055447 0.3127828 0.2909523 0.3339933 0.3810208 0.2390084 0.3165444 0.2712871 0.4036062 0.3780617 0.3241717 0.3283951 0.3956816 0.3533911 0.3221728 0.2734326 0.3601791 0.3593651 0.3272517 0.3560689 0.3195394 0.3347489 0.3571995 0.3382714 0.3325134 0.2326870 0.4000704 0.3337296 0.3181005 0.3635353 0.3848736 0.3063272 0.2396523 0.1937662 0.3539953 0.2713202 0.2298248 0.3344822 0.2184634 0.4634413 0.5060243 0.3136660 0.2913997 0.3883326 0.2859390 0.2936672 0.1763093 0.2655538 0.3113280 0.3563736 0.3132914 0.2573102 0.1941541 0.2301322 0.3043045 0.2540750 0.3119769 0.3349860 0.3258317 0.3155612 0.3335892 0.3433941 0.3742455 
Amauria_carterae_99_mesa                   0.1426930 0.0000000 0.3263710 0.2427979 0.2815321 0.1346331 0.1893782 0.2488220 0.2925491 0.3027443 0.4210957 0.2661742 0.2516510 0.3307886 0.3413198 0.2052081 0.1923696 0.2829352 0.3056612 0.3186711 0.4323303 0.2992006 0.0724763 0.2431265 0.2946508 0.3166092 0.3786817 0.1666813 0.1847376 0.2426945 0.3537084 0.7912160 0.3170718 0.2317678 0.4628485 0.2582517 0.3006459 0.2136789 0.2564713 0.2604414 0.2576277 0.2382753 0.2975204 0.2470908 0.2033708 0.2448039 0.2489616 0.3092498 0.3050964 0.2498886 0.2386307 0.2465649 0.3567224 0.2434517 0.2174887 0.2132957 0.3287813 0.2166673 0.3040287 0.2670504 0.0000010 0.5566478 0.0000010 0.2813265 0.2470538 0.3827262 0.3744611 0.1958564 0.0000010 0.2211700 0.2479780 0.2497756 0.2540108 0.4200848 0.2362737 0.2310578 0.2606191 0.1573135 0.2344526 0.2539992 0.2682790 0.2597589 0.2662576 0.2291113 0.4940686 
Amauria_rotundifolia_SRR9119150            0.2563141 0.3263710 0.0000000 0.2155007 0.0888659 0.3044480 0.4135911 0.3425859 0.3256110 0.1468352 0.3314888 0.1481728 0.2795541 0.1661602 0.1345416 0.2167559 0.2439666 0.2754208 0.1765772 0.1341290 0.2754489 0.1834218 0.1696569 0.1822523 0.2011399 0.2287733 0.1669725 0.3912682 0.3800471 0.1609768 0.4210273 0.3487364 0.2070721 0.1765918 0.3826844 0.1713917 0.1837676 0.3155503 0.2201168 0.1652181 0.1577483 0.2997886 0.1847481 0.3316055 0.3910289 0.1765669 0.1845129 0.1406981 0.1802440 0.1405114 0.1835980 0.1886677 0.2076365 0.1567958 0.2171888 0.2473664 0.2449518 0.1360906 0.1396476 0.1861645 0.2140354 0.4606895 0.1941091 0.2897311 0.1502836 0.1653395 0.2131109 0.2827393 0.1019413 0.2208183 0.2846330 0.2096491 0.1363749 0.1127856 0.1787194 0.1561318 0.1631281 0.2812712 0.2819623 0.1735376 0.2706079 0.1427678 0.1398811 0.2744373 0.2578780 
Conoclinium_coelestinum_SRR9119114         0.2362353 0.2427979 0.2155007 0.0000000 0.1916248 0.0000010 0.1579170 0.2114834 0.1916267 0.2412072 0.2338774 0.2162527 0.1925427 0.1904008 0.2373978 0.1927604 0.1966602 0.2074871 0.1953047 0.1901036 0.2002358 0.2307252 0.1572657 0.1897286 0.2845712 0.1952532 0.2026971 0.1772496 0.2214408 0.1649882 0.2262481 0.2885476 0.2077761 0.1881361 0.1993453 0.1882923 0.1933359 0.3087792 0.2590788 0.2178579 0.2105071 0.1979036 0.1962824 0.2068553 0.2178639 0.1896332 0.1938699 0.1975026 0.2024810 0.1963999 0.1976647 0.1954028 0.2156180 0.1944249 0.2130045 0.2209811 0.2192895 0.2195378 0.2005569 0.3017919 0.1836398 0.2527735 0.2405247 0.2013638 0.2257255 0.1948026 0.2101023 0.2671058 0.2382019 0.2040406 0.2080632 0.1833975 0.1903986 0.2276264 0.1943186 0.1658674 0.2316817 0.2220905 0.1922427 0.1945014 0.2497221 0.2028314 0.1902586 0.2194777 0.2722951 
Eutetras_palmeri_63                        0.2648824 0.2815321 0.0888659 0.1916248 0.0000000 0.3203005 0.3981533 0.3030949 0.3081151 0.1606121 0.3528436 0.1441507 0.2696279 0.1666560 0.1303264 0.2282681 0.2319110 0.2572216 0.1799189 0.1381838 0.2681740 0.1638882 0.1867585 0.1791712 0.1980077 0.2095899 0.1571294 0.3825182 0.3840911 0.1874542 0.3958418 0.3099193 0.2029494 0.1568859 0.3709193 0.1594075 0.1792952 0.2954223 0.2290270 0.1542167 0.1509912 0.2908477 0.1756948 0.3041179 0.3548043 0.1631289 0.1667690 0.1394712 0.1749458 0.1342212 0.1638993 0.1695620 0.1930366 0.1609142 0.2200528 0.2197151 0.2413230 0.1396647 0.1357133 0.1785743 0.1794133 0.4500202 0.1763961 0.2752795 0.1473209 0.1616059 0.2043172 0.2652503 0.0936222 0.2340285 0.2621906 0.2232052 0.1398151 0.1114890 0.1704746 0.1588596 0.1510457 0.2905204 0.2593924 0.1702443 0.2425860 0.1442343 0.1344442 0.2757746 0.2421451 
Eutetras_pringlei_149_quer                 0.1327673 0.1346331 0.3044480 0.0000010 0.3203005 0.0000000 0.0000010 0.0000010 0.0000010 0.0000010 0.8527181 0.1942663 0.7296844 0.0000010 0.0000010 0.0000010 0.0000010 0.0000010 0.5429330 0.0000010 0.8479708 0.2093812 0.0000010 0.1847917 0.4324299 0.5255422 0.3180358 0.1409129 0.0000010 0.1893687 0.8324220 0.0000010 0.0000010 0.2099770 0.9552981 0.2155131 0.0000010 0.1654681 0.2066094 0.2019516 0.1995195 0.8841958 0.0000010 0.8841958 0.6689742 0.2039195 0.2035650 0.3331397 0.2154375 0.2199320 0.1825335 0.1932039 0.1780028 0.1788295 0.0000010 0.0000010 0.0000010 0.1721003 0.3359823 0.2736875 0.0000010 0.0000010 0.0000010 0.6341634 0.2045571 0.0000010 0.0000010 0.1365091 0.0000010 0.1298898 0.5419010 0.2128238 0.2035650 0.3140020 0.2772490 0.0000010 0.2462681 0.1503062 0.5199945 0.1770668 0.0000010 0.2043356 0.2850239 0.2115626 0.0000010 
Eutrochium_fistulosum_SRR9119106           0.4305973 0.1893782 0.4135911 0.1579170 0.3981533 0.0000010 0.0000000 0.1204359 0.3501159 0.3717325 0.3967282 0.3407218 0.3269449 0.3399018 0.2718331 0.3626769 0.3552217 0.3496332 0.3325920 0.3253810 0.3329985 0.3594902 0.0762038 0.3495318 0.3490040 0.3476591 0.3489777 0.4035458 0.2614642 0.3005535 0.2782550 0.4502223 0.3822539 0.3372716 0.3215940 0.2718551 0.3220004 0.5085538 0.3858643 0.3244015 0.3388721 0.3540559 0.3312262 0.3222086 0.4110228 0.3270846 0.3351998 0.3647211 0.3774897 0.3470873 0.3345040 0.3447331 0.3808997 0.3424661 0.3522836 0.2949322 0.3812985 0.3730993 0.3660405 0.3359615 0.1780212 0.3458311 0.2918334 0.3452002 0.3626856 0.3309214 0.4133803 0.3700701 0.2035060 0.4891649 0.3312537 0.3781037 0.3465615 0.3981067 0.3518181 0.1291780 0.3747480 0.3903456 0.3118932 0.3568712 0.3273660 0.3489635 0.3602117 0.3156064 0.4062923 
Galeana_pratensis_104_mex                  0.2397374 0.2488220 0.3425859 0.2114834 0.3030949 0.0000010 0.1204359 0.0000000 0.3138294 0.3082261 0.1734378 0.3487235 0.1977582 0.3612379 0.3519640 0.1794069 0.1664177 0.3275215 0.3544701 0.3424019 0.2039401 0.4866113 0.0714535 0.2881105 0.3265518 0.2975164 0.3603273 0.2435480 0.1502872 0.3210478 0.1780357 0.7444019 0.3092390 0.2906817 0.1886930 0.2793062 0.3077646 0.2880384 0.3591966 0.3718829 0.3468394 0.1769514 0.2885687 0.1740240 0.1883094 0.3001251 0.2801887 0.2941009 0.4940934 0.3372848 0.2987882 0.2869662 0.5516593 0.3376725 0.1594232 0.1693688 0.3642690 0.3319183 0.2903711 0.3027392 0.0000010 0.4946472 0.0000010 0.2077500 0.3351860 0.3608906 0.3199959 0.1998164 0.0000010 0.3367482 0.2008071 0.3171145 0.3400538 0.4800924 0.1807211 0.2227549 0.3448541 0.2375187 0.1948952 0.3435122 0.2616256 0.3320790 0.3287145 0.2768853 0.4841336 
Helianthus_annuus_SRR9119062               0.3284555 0.2925491 0.3256110 0.1916267 0.3081151 0.0000010 0.3501159 0.3138294 0.0000000 0.2398169 0.2813145 0.3299737 0.2873460 0.3453290 0.3720481 0.3096016 0.1902724 0.3233757 0.3772952 0.3146953 0.3772688 0.8291775 0.1805911 0.2572280 0.3305346 0.2733556 0.3226685 0.2802608 0.3068087 0.3454095 0.3743894 0.5012676 0.2784352 0.2790823 0.2953070 0.2651298 0.2972589 0.3463769 0.4371498 0.4297573 0.3584640 0.2656870 0.2780209 0.3278779 0.2461204 0.2897936 0.2715621 0.2773493 0.4304228 0.3299420 0.2813529 0.2715843 0.3476027 0.3051385 0.2945036 0.3216039 0.3305986 0.3209165 0.2730297 0.3302697 0.6401141 0.4460706 0.6762156 0.2897461 0.3397690 0.3160902 0.3334546 0.3019311 0.4754391 0.3077304 0.2865740 0.3178983 0.3130073 0.8090841 0.2993938 0.2331585 0.3441836 0.2811634 0.2999903 0.3160715 0.3462348 0.3244960 0.3429356 0.3220531 0.7518810 
Lycapsus_tenuifolius_17                    0.2522914 0.3027443 0.1468352 0.2412072 0.1606121 0.0000010 0.3717325 0.3082261 0.2398169 0.0000000 0.2292553 0.2487431 0.2401559 0.2160664 0.1921853 0.2099331 0.2111293 0.3249428 0.2434224 0.1776029 0.3097420 0.2223489 0.1589856 0.1640895 0.1953984 0.1902435 0.2138277 0.3073989 0.3258270 0.2484077 0.3199615 0.3602896 0.1721110 0.1870119 0.2659372 0.1716723 0.1820310 0.3802359 0.2720726 0.2190354 0.2179363 0.2571673 0.1739362 0.2842638 0.3363028 0.1806518 0.1793816 0.1332546 0.2290564 0.2077238 0.1759330 0.1845512 0.2649208 0.2415088 0.1964230 0.2241862 0.3002470 0.1627481 0.1263337 0.2364228 0.2209942 0.4250770 0.2900097 0.2539577 0.2248875 0.2152858 0.2789241 0.2880357 0.2003562 0.2560218 0.2477028 0.2912697 0.1897240 0.1276052 0.1790155 0.1508592 0.2496568 0.2239655 0.2418179 0.2194104 0.2416304 0.1927050 0.2638369 0.3442946 0.2795553 
Pericome_caudata_50_silver                 0.3539183 0.4210957 0.3314888 0.2338774 0.3528436 0.8527181 0.3967282 0.1734378 0.2813145 0.2292553 0.0000000 0.4560391 0.2608793 0.3147836 0.3532071 0.1549709 0.2490545 0.3851740 0.3316289 0.3003749 0.2565483 0.4831825 0.0812003 0.3469142 0.4843363 0.3180896 0.3592948 0.4520487 0.2945286 0.4565119 0.3353872 0.3281279 0.2922663 0.3824708 0.2469330 0.3827922 0.2877722 0.4305398 0.4702908 0.4305702 0.4027875 0.2612012 0.3253284 0.2744414 0.3237255 0.3738563 0.3737428 0.2553612 0.4971745 0.4152853 0.3715794 0.4039094 0.4892641 0.4435206 0.1696016 0.1477780 0.3534747 0.3840667 0.2550434 0.4900012 0.1966963 0.3981819 0.3552733 0.2712084 0.4622789 0.3568965 0.3757937 0.3886254 0.1742232 0.4388109 0.2449755 0.5337024 0.3917964 0.3277986 0.2190370 0.1926226 0.4348159 0.3282246 0.2540954 0.4350523 0.2985788 0.4114986 0.4277856 0.4211045 0.3525747 
Perityle_aglossa_84_dead_horse             0.3306389 0.2661742 0.1481728 0.2162527 0.1441507 0.1942663 0.3407218 0.3487235 0.3299737 0.2487431 0.4560391 0.0000000 0.2096902 0.0763320 0.0333944 0.3310414 0.1639042 0.2672158 0.1222300 0.1016714 0.3109237 0.0825174 0.2054190 0.1291327 0.2547276 0.1455211 0.1762063 0.3611712 0.3707171 0.1607859 0.4168169 0.3042375 0.2193634 0.1018627 0.3545337 0.1367937 0.1118955 0.3611589 0.1471989 0.0698157 0.0876134 0.2948076 0.1166455 0.2751976 0.3639885 0.0816217 0.1148931 0.1664325 0.1418420 0.0875752 0.1185232 0.1101403 0.1716923 0.0875682 0.3149399 0.3285303 0.1744319 0.2639226 0.1788723 0.1998965 0.1070705 0.3131616 0.3890528 0.2606014 0.1650814 0.1688724 0.2391853 0.2913008 0.1223923 0.1531874 0.2182598 0.1959277 0.0918738 0.1347536 0.2027707 0.1527632 0.1711881 0.3944748 0.1937923 0.1051426 0.2599153 0.1028385 0.1360400 0.2785683 0.2435261 
Perityle_ajoensis_204                      0.3203838 0.2516510 0.2795541 0.1925427 0.2696279 0.7296844 0.3269449 0.1977582 0.2873460 0.2401559 0.2608793 0.2096902 0.0000000 0.1412146 0.3332717 0.1707241 0.0391930 0.3285736 0.2115741 0.1969621 0.1478351 0.1682250 0.0757055 0.1210081 0.3510071 0.1001496 0.1732711 0.3041666 0.2362115 0.3297108 0.2254326 0.2285500 0.2110069 0.1480055 0.1787251 0.1920221 0.0915655 0.3770201 0.2583295 0.1564166 0.1623996 0.1618572 0.1042120 0.1561954 0.2426724 0.1094836 0.1113442 0.1951083 0.2634774 0.1603730 0.1121994 0.1098915 0.2337815 0.1747815 0.1807491 0.1480153 0.3076418 0.3204654 0.1924215 0.2711922 0.1038965 0.2782293 0.3474040 0.0838243 0.2726171 0.1761661 0.2228222 0.2661206 0.0913920 0.2212023 0.0455489 0.3403530 0.1691649 0.3135538 0.1300718 0.1705991 0.2493138 0.3057213 0.0459167 0.1812835 0.2900631 0.1710943 0.1926604 0.3458908 0.2662006 
Perityle_ambrosiifolia_67_green            0.2961370 0.3307886 0.1661602 0.1904008 0.1666560 0.0000010 0.3399018 0.3612379 0.3453290 0.2160664 0.3147836 0.0763320 0.1412146 0.0000000 0.0809904 0.2925560 0.1013327 0.2583027 0.1284077 0.0684310 0.1545948 0.0737152 0.2029864 0.1147430 0.1298718 0.1039846 0.0836283 0.3737775 0.3177418 0.1830474 0.3260277 0.2261454 0.1884989 0.0988841 0.1867936 0.1387016 0.0773783 0.3678050 0.1547664 0.0285828 0.0313823 0.2480571 0.0997879 0.2289142 0.3208296 0.0755917 0.0876605 0.1795750 0.1572545 0.0531762 0.0920599 0.1165961 0.1443841 0.0657026 0.3042651 0.2755252 0.1832168 0.1622495 0.1782891 0.2026521 0.0993993 0.2778266 0.1611240 0.1579682 0.1500271 0.0813919 0.1607392 0.2526238 0.0601461 0.0916369 0.1295675 0.2161007 0.0796816 0.1633970 0.2399352 0.1562363 0.1395070 0.3243495 0.1468367 0.0697783 0.2352017 0.0821101 0.1101008 0.2421937 0.2001061 
Perityle_angustifolia_13_Eagle_creek       0.3451002 0.3413198 0.1345416 0.2373978 0.1303264 0.0000010 0.2718331 0.3519640 0.3720481 0.1921853 0.3532071 0.0333944 0.3332717 0.0809904 0.0000000 0.3184021 0.2762155 0.1069667 0.1158745 0.1247967 0.2895130 0.1611910 0.1763036 0.1744354 0.1202286 0.1745226 0.0483740 0.3278927 0.3207287 0.0965899 0.3272007 0.8089750 0.1947664 0.1800232 0.3711906 0.1467964 0.1139877 0.3545140 0.1175465 0.0825540 0.0790601 0.3306314 0.1794588 0.3301596 0.2902806 0.1072471 0.1659943 0.1721201 0.1336575 0.1182834 0.1702499 0.1671557 0.2546597 0.1356980 0.3174957 0.3597978 0.0736119 0.1218600 0.1695949 0.1969351 0.0000010 0.6294356 0.0000010 0.3426100 0.1152901 0.0526988 0.1382249 0.3462963 0.0000010 0.1274013 0.3556303 0.0966753 0.1290960 0.1348626 0.3262643 0.1652452 0.1271940 0.3486719 0.3513783 0.1377704 0.1626520 0.1265004 0.1510629 0.1122361 0.2352839 
Perityle_batopilensis_97                   0.2188294 0.2052081 0.2167559 0.1927604 0.2282681 0.0000010 0.3626769 0.1794069 0.3096016 0.2099331 0.1549709 0.3310414 0.1707241 0.2925560 0.3184021 0.0000000 0.1897757 0.3731874 0.3285134 0.2739823 0.2199362 0.3464081 0.0757519 0.2453520 0.2445360 0.2436400 0.3041807 0.2674378 0.3061233 0.3510193 0.2411145 0.3702638 0.3045359 0.2277352 0.1930316 0.2417989 0.2194987 0.2982281 0.3631942 0.2975124 0.2925262 0.2195457 0.2123332 0.2187227 0.3250868 0.2198370 0.2343665 0.1679451 0.3409057 0.2826971 0.2177971 0.2488171 0.3321300 0.3197552 0.1725235 0.0780832 0.3595916 0.1873105 0.1822205 0.2851917 0.2148238 0.3961488 0.2819438 0.2177320 0.3101605 0.2819638 0.3121094 0.2468773 0.1579662 0.2969661 0.2045698 0.4030157 0.2470443 0.1687833 0.0843994 0.1887513 0.3078102 0.2038401 0.1561056 0.2939415 0.2909106 0.2467635 0.2853703 0.3423927 0.3519624 
Perityle_bisetosa_9                        0.2809256 0.1923696 0.2439666 0.1966602 0.2319110 0.0000010 0.3552217 0.1664177 0.1902724 0.2111293 0.2490545 0.1639042 0.0391930 0.1013327 0.2762155 0.1897757 0.0000000 0.3323008 0.1869112 0.1527794 0.2062063 0.0830048 0.0980213 0.0700868 0.2832861 0.0508352 0.1427682 0.2489601 0.2745963 0.2961995 0.2476453 0.1951669 0.1742944 0.0735129 0.1423266 0.1331811 0.0433528 0.3573481 0.2172636 0.0827360 0.1051006 0.1768179 0.0499344 0.1561456 0.2597587 0.0403822 0.0477474 0.1227398 0.2156181 0.1139009 0.0509146 0.0649129 0.1484033 0.1193383 0.2142258 0.1453992 0.2711562 0.2571444 0.1214779 0.2047181 0.0956678 0.2705370 0.3220386 0.0633479 0.2349652 0.1415867 0.2068034 0.2457970 0.0599024 0.1397533 0.0398441 0.3248350 0.1184602 0.2345749 0.1332165 0.0454385 0.2159114 0.2720264 0.0433027 0.1244748 0.2753498 0.1357005 0.1538364 0.3248157 0.2279778 
Perityle_californica_76_positas            0.3585340 0.2829352 0.2754208 0.2074871 0.2572216 0.0000010 0.3496332 0.3275215 0.3233757 0.3249428 0.3851740 0.2672158 0.3285736 0.2583027 0.1069667 0.3731874 0.3323008 0.0000000 0.2575322 0.2144830 0.2635767 0.3433439 0.1474291 0.2863506 0.2336010 0.3030176 0.2412692 0.3160070 0.3191844 0.2079853 0.2382339 0.4380582 0.2924377 0.2890068 0.3359944 0.2059340 0.2670589 0.4067414 0.2702957 0.2748313 0.2531875 0.3545712 0.2744891 0.3446783 0.3801670 0.2794670 0.2897494 0.3045305 0.3073721 0.2539458 0.2892960 0.2977303 0.2938142 0.2952784 0.3883324 0.3780163 0.2100500 0.2951447 0.3058492 0.3067286 0.2062822 0.3418025 0.3805631 0.3648198 0.2376338 0.2261924 0.3062642 0.4128539 0.1589213 0.3196401 0.3519728 0.2437210 0.2556242 0.3560943 0.3730673 0.1397379 0.3057690 0.3837545 0.3280340 0.2700707 0.2464776 0.2566156 0.2529660 0.2686817 0.3751086 
Perityle_canescens_77                      0.2905862 0.3056612 0.1765772 0.1953047 0.1799189 0.5429330 0.3325920 0.3544701 0.3772952 0.2434224 0.3316289 0.1222300 0.2115741 0.1284077 0.1158745 0.3285134 0.1869112 0.2575322 0.0000000 0.1270967 0.1903747 0.1500487 0.1632764 0.1647235 0.2044934 0.1669376 0.1132525 0.3957001 0.3232644 0.1863584 0.2548340 0.2025958 0.2061957 0.1618266 0.2494464 0.1238322 0.1596082 0.3295675 0.1247740 0.1264139 0.1306350 0.1583528 0.1682345 0.1576179 0.2820174 0.1525595 0.1634318 0.2211171 0.0924855 0.1393254 0.1638339 0.1700392 0.1975639 0.1355069 0.3148598 0.2809203 0.1998601 0.1945976 0.2209979 0.2201334 0.0480757 0.3080967 0.1846577 0.2450018 0.1493517 0.1048539 0.1884710 0.3033885 0.1700989 0.1747567 0.2289751 0.1927987 0.1419820 0.1906007 0.2967624 0.1931731 0.1865240 0.3297958 0.2183907 0.1507491 0.2294545 0.1405435 0.1432346 0.2744049 0.1827377 
Perityle_castillonii_96                    0.2620131 0.3186711 0.1341290 0.1901036 0.1381838 0.0000010 0.3253810 0.3424019 0.3146953 0.1776029 0.3003749 0.1016714 0.1969621 0.0684310 0.1247967 0.2739823 0.1527794 0.2144830 0.1270967 0.0000000 0.1587497 0.0480096 0.1897436 0.1018393 0.0284078 0.0955881 0.0956730 0.3366378 0.3412614 0.1573639 0.3123897 0.1971790 0.1631561 0.1103104 0.2346042 0.1497258 0.1212727 0.2660869 0.1055711 0.0788941 0.0714395 0.2091132 0.0967578 0.2192767 0.2615599 0.1240281 0.0950749 0.1373469 0.1070399 0.0324003 0.1039609 0.0922124 0.1643710 0.0480196 0.2527513 0.2841917 0.2140887 0.0636473 0.1360891 0.1826399 0.0988174 0.3588561 0.0624566 0.2168387 0.1307923 0.0948263 0.1051127 0.2226291 0.1567167 0.0353362 0.2091173 0.1474421 0.0281487 0.0960983 0.2523915 0.1034065 0.0880941 0.2818356 0.2034659 0.0534153 0.2311326 0.0278663 0.1051474 0.2421678 0.1706325 
Perityle_cernua_84                         0.3448638 0.4323303 0.2754489 0.2002358 0.2681740 0.8479708 0.3329985 0.2039401 0.3772688 0.3097420 0.2565483 0.3109237 0.1478351 0.1545948 0.2895130 0.2199362 0.2062063 0.2635767 0.1903747 0.1587497 0.0000000 0.2949693 0.1562044 0.2893372 0.3416631 0.2460259 0.2125164 0.4564248 0.2594853 0.3691181 0.2759717 0.1721415 0.2670061 0.3021614 0.2163251 0.3020226 0.2526060 0.3604338 0.2883898 0.2712415 0.2361890 0.1763663 0.2398716 0.1743154 0.2701718 0.2944497 0.2878135 0.3017622 0.3014664 0.2227405 0.2825945 0.2931640 0.3201032 0.2662280 0.2226517 0.2105836 0.2274444 0.3045437 0.3010415 0.3764726 0.1016159 0.2655025 0.2090958 0.2012463 0.3063260 0.2085689 0.2490910 0.3593683 0.1316607 0.2419652 0.1579369 0.3388545 0.2368306 0.3092627 0.2174142 0.2917651 0.3036581 0.3732892 0.1537384 0.2419558 0.3050404 0.2381212 0.2635980 0.3093824 0.2325377 
Perityle_cfvillosa_25_tin                  0.3510904 0.2992006 0.1834218 0.2307252 0.1638882 0.2093812 0.3594902 0.4866113 0.8291775 0.2223489 0.4831825 0.0825174 0.1682250 0.0737152 0.1611910 0.3464081 0.0830048 0.3433439 0.1500487 0.0480096 0.2949693 0.0000000 0.3310766 0.0802323 0.2118477 0.0385265 0.1433508 0.4284370 0.3557830 0.2041149 0.4376514 0.2238678 0.1628000 0.0810809 0.3937351 0.1369211 0.0676062 0.4196230 0.1317372 0.0684788 0.0704804 0.2987350 0.0306661 0.2682121 0.3843937 0.0548867 0.0336542 0.0845723 0.1433589 0.0531085 0.0464425 0.0571051 0.1416154 0.0776032 0.3638157 0.2708146 0.2594992 0.2256692 0.0825437 0.1769332 0.1003024 0.2889034 0.2343333 0.1871970 0.1587097 0.1376273 0.2313321 0.2883109 0.1034889 0.1336362 0.1445418 0.2339279 0.0576001 0.0780906 0.2159921 0.0303612 0.1551653 0.3672234 0.1507893 0.0817234 0.2008484 0.0497702 0.1170056 0.3557761 0.1868538 
Perityle_cinerea_113_Powell1310            0.1055447 0.0724763 0.1696569 0.1572657 0.1867585 0.0000010 0.0762038 0.0714535 0.1805911 0.1589856 0.0812003 0.2054190 0.0757055 0.2029864 0.1763036 0.0757519 0.0980213 0.1474291 0.1632764 0.1897436 0.1562044 0.3310766 0.0000000 0.1035183 0.1981329 0.1083339 0.1974600 0.0901901 0.0767849 0.1210547 0.0460198 0.5908881 0.1855793 0.1037992 0.1183238 0.1041804 0.0985909 0.1397306 0.1926012 0.1856247 0.2033440 0.0902232 0.1134766 0.0811572 0.0852865 0.1086155 0.0942370 0.1137302 0.3600980 0.1860390 0.0892251 0.1137688 0.2496620 0.1805075 0.0900772 0.0521698 0.1858715 0.2035620 0.1087783 0.0568658 0.5338222 0.4248688 0.2766506 0.0669152 0.1935116 0.1920849 0.1820350 0.0999842 0.2562572 0.1878326 0.0706554 0.1540848 0.2032048 0.2362891 0.0802252 0.0556727 0.1763120 0.0893747 0.0570551 0.2025697 0.1334280 0.2032533 0.1652251 0.1524262 0.2447947 
Perityle_coahuilensis_24                   0.3127828 0.2431265 0.1822523 0.1897286 0.1791712 0.1847917 0.3495318 0.2881105 0.2572280 0.1640895 0.3469142 0.1291327 0.1210081 0.1147430 0.1744354 0.2453520 0.0700868 0.2863506 0.1647235 0.1018393 0.2893372 0.0802323 0.1035183 0.0000000 0.2244080 0.0873235 0.2251018 0.3119361 0.2869999 0.1897303 0.3960794 0.2291640 0.1510413 0.0862146 0.3356062 0.1303343 0.0563968 0.3564281 0.1580273 0.0922186 0.1249836 0.1859274 0.0491267 0.2253352 0.2929542 0.0690122 0.0675355 0.0893894 0.1513436 0.0881243 0.0843499 0.0751842 0.1960199 0.0734901 0.2789962 0.1924339 0.2550273 0.2167683 0.0944631 0.1650656 0.0874243 0.2868853 0.5396059 0.1685719 0.1557892 0.2170603 0.2364647 0.2729423 0.0710308 0.1682250 0.1180803 0.1993611 0.0719446 0.1220299 0.1445146 0.0283246 0.1938873 0.3412175 0.1192927 0.0900501 0.1964412 0.0851675 0.1912266 0.2757242 0.1771713 
Perityle_cochisensis_44_cave_creek         0.2909523 0.2946508 0.2011399 0.2845712 0.1980077 0.4324299 0.3490040 0.3265518 0.3305346 0.1953984 0.4843363 0.2547276 0.3510071 0.1298718 0.1202286 0.2445360 0.2832861 0.2336010 0.2044934 0.0284078 0.3416631 0.2118477 0.1981329 0.2244080 0.0000000 0.2134587 0.1997089 0.3517557 0.3285834 0.2042560 0.4857155 0.4127573 0.2365927 0.2201951 0.5098505 0.2695362 0.2132626 0.3331624 0.2340148 0.2088795 0.1916070 0.3647170 0.1568751 0.3812150 0.3364846 0.2261035 0.1981640 0.1414722 0.2591774 0.1722483 0.2050973 0.2043844 0.2600022 0.2147864 0.2344403 0.2418891 0.1811425 0.0870785 0.1402241 0.2796564 0.3017260 0.3718932 0.5105647 0.3645499 0.2316374 0.2033110 0.2303009 0.3454753 0.2109746 0.1114681 0.3479940 0.2506052 0.1495434 0.1150417 0.2875491 0.1029356 0.2373462 0.3408702 0.3381083 0.1720785 0.2408932 0.1524374 0.2184760 0.2505960 0.3217669 
Perityle_congesta_202                      0.3339933 0.3166092 0.2287733 0.1952532 0.2095899 0.5255422 0.3476591 0.2975164 0.2733556 0.1902435 0.3180896 0.1455211 0.1001496 0.1039846 0.1745226 0.2436400 0.0508352 0.3030176 0.1669376 0.0955881 0.2460259 0.0385265 0.1083339 0.0873235 0.2134587 0.0000000 0.1277814 0.3520712 0.2928652 0.2387167 0.3588276 0.2316912 0.1587926 0.0919627 0.2284772 0.1629906 0.0564776 0.4039634 0.1853528 0.1012888 0.1100385 0.2249769 0.0340911 0.2145428 0.2902721 0.0631989 0.0428575 0.0944661 0.1839724 0.1032609 0.0494687 0.0758246 0.1981000 0.1201912 0.2614245 0.1979621 0.2577992 0.2134750 0.0958134 0.1877684 0.0964737 0.2932705 0.2308246 0.1089658 0.2163716 0.1244611 0.2025431 0.2656503 0.0961325 0.1409918 0.0935258 0.2858919 0.1087950 0.1401391 0.2029683 0.0152932 0.2036619 0.3203195 0.0872465 0.1213591 0.2029372 0.1074656 0.1988553 0.3232089 0.1858421 
Perityle_cordifolia_27                     0.3810208 0.3786817 0.1669725 0.2026971 0.1571294 0.3180358 0.3489777 0.3603273 0.3226685 0.2138277 0.3592948 0.1762063 0.1732711 0.0836283 0.0483740 0.3041807 0.1427682 0.2412692 0.1132525 0.0956730 0.2125164 0.1433508 0.1974600 0.2251018 0.1997089 0.1277814 0.0000000 0.4207431 0.3014093 0.2076050 0.3435993 0.2402205 0.1800383 0.2312306 0.2652830 0.2335602 0.1031956 0.3552779 0.2666018 0.1288614 0.1741665 0.2742878 0.1339976 0.2397280 0.3369035 0.1856230 0.2081739 0.2067932 0.2315850 0.1721264 0.1581440 0.2151679 0.0733575 0.1654402 0.3214550 0.2804350 0.1433914 0.2581632 0.2220489 0.2095176 0.0856544 0.2928308 0.2597583 0.1940483 0.1913025 0.0432541 0.1738754 0.3354636 0.1184301 0.1712445 0.1780449 0.2605997 0.2044095 0.1993584 0.2634476 0.1544564 0.1769847 0.3967109 0.1661069 0.1854749 0.2206042 0.2028439 0.1901231 0.2421900 0.1777521 
Perityle_coronopifolia_28_patagonia        0.2390084 0.1666813 0.3912682 0.1772496 0.3825182 0.1409129 0.4035458 0.2435480 0.2802608 0.3073989 0.4520487 0.3611712 0.3041666 0.3737775 0.3278927 0.2674378 0.2489601 0.3160070 0.3957001 0.3366378 0.4564248 0.4284370 0.0901901 0.3119361 0.3517557 0.3520712 0.4207431 0.0000000 0.2406657 0.2902354 0.4315881 0.6921362 0.2893226 0.3203923 0.5128580 0.3328682 0.3188985 0.1771434 0.3979353 0.3893879 0.3578794 0.2725533 0.3322994 0.3140835 0.1058471 0.3283528 0.3190283 0.3241321 0.3878982 0.3421845 0.3081189 0.3265669 0.4212458 0.3338165 0.2280057 0.2625155 0.3380180 0.3482420 0.3195335 0.3966940 0.8708911 0.8433795 0.7505206 0.3118209 0.3474259 0.4283836 0.4300758 0.2960647 0.0000010 0.3196104 0.2994825 0.3548726 0.3448149 0.5050587 0.2890402 0.2067893 0.3740147 0.0666201 0.3242732 0.3456897 0.2783355 0.3513714 0.3781282 0.2150401 0.5545746 
Perityle_crassifolia_70_ventanas           0.3165444 0.1847376 0.3800471 0.2214408 0.3840911 0.0000010 0.2614642 0.1502872 0.3068087 0.3258270 0.2945286 0.3707171 0.2362115 0.3177418 0.3207287 0.3061233 0.2745963 0.3191844 0.3232644 0.3412614 0.2594853 0.3557830 0.0767849 0.2869999 0.3285834 0.2928652 0.3014093 0.2406657 0.0000000 0.3350152 0.1653912 0.3901080 0.2334424 0.2869283 0.2190027 0.2334768 0.2992244 0.4181872 0.3276612 0.3307298 0.3184379 0.2545396 0.2875005 0.2470209 0.3017117 0.2944891 0.2859107 0.3384953 0.3731707 0.3056586 0.2815058 0.2835069 0.3588339 0.3622369 0.3096990 0.2782763 0.3083499 0.3786135 0.3350583 0.3789312 0.1737494 0.2420386 0.3119509 0.2680618 0.3847715 0.3032630 0.3317369 0.3068883 0.1494805 0.4636520 0.2473108 0.2233038 0.3110412 0.4307125 0.2731562 0.2113283 0.3281969 0.3085326 0.2479441 0.3279545 0.2541645 0.3117206 0.3204429 0.3541054 0.4018954 
Perityle_crassifolia_74_playa_balandra     0.2712871 0.2426945 0.1609768 0.1649882 0.1874542 0.1893687 0.3005535 0.3210478 0.3454095 0.2484077 0.4565119 0.1607859 0.3297108 0.1830474 0.0965899 0.3510193 0.2961995 0.2079853 0.1863584 0.1573639 0.3691181 0.2041149 0.1210547 0.1897303 0.2042560 0.2387167 0.2076050 0.2902354 0.3350152 0.0000000 0.3220413 0.4954021 0.2796045 0.1927272 0.4356730 0.1616325 0.2095411 0.3184331 0.1735724 0.1596818 0.1637626 0.3525311 0.2381411 0.3471195 0.3900261 0.1765731 0.1980663 0.2274029 0.2076313 0.1649509 0.1924533 0.1938257 0.2323245 0.1762561 0.3471655 0.3416929 0.1687522 0.1910026 0.2256044 0.2367767 0.0693595 0.3339967 0.1766664 0.3650899 0.1743662 0.1928510 0.2262329 0.2809655 0.1044771 0.2057815 0.3401250 0.0267708 0.1719742 0.2308015 0.2942747 0.1512774 0.1777827 0.3117618 0.3393671 0.1689949 0.1567588 0.1672731 0.1614122 0.1823087 0.3287018 
Perityle_cuneata_34_cuneata_San_antonio    0.4036062 0.3537084 0.4210273 0.2262481 0.3958418 0.8324220 0.2782550 0.1780357 0.3743894 0.3199615 0.3353872 0.4168169 0.2254326 0.3260277 0.3272007 0.2411145 0.2476453 0.2382339 0.2548340 0.3123897 0.2759717 0.4376514 0.0460198 0.3960794 0.4857155 0.3588276 0.3435993 0.4315881 0.1653912 0.3220413 0.0000000 0.2712734 0.2668175 0.3544841 0.2934676 0.3112506 0.2725894 0.4754262 0.3701759 0.3689182 0.3976710 0.1816441 0.3198151 0.1643801 0.3147934 0.3513754 0.3740587 0.4007446 0.3976246 0.3689069 0.3376458 0.3689084 0.4260001 0.4243031 0.2279863 0.2252110 0.2847152 0.4158858 0.4051712 0.3903694 0.1478909 0.2648467 0.3460618 0.3096926 0.3980211 0.3155055 0.3868457 0.3565348 0.1655803 0.5023229 0.2643854 0.3764104 0.3956161 0.4359869 0.3009393 0.2167570 0.4147253 0.3789884 0.2292022 0.4055878 0.2253767 0.3921648 0.4150188 0.3097966 0.3395566 
Perityle_cuneata_4                         0.3780617 0.7912160 0.3487364 0.2885476 0.3099193 0.0000010 0.4502223 0.7444019 0.5012676 0.3602896 0.3281279 0.3042375 0.2285500 0.2261454 0.8089750 0.3702638 0.1951669 0.4380582 0.2025958 0.1971790 0.1721415 0.2238678 0.5908881 0.2291640 0.4127573 0.2316912 0.2402205 0.6921362 0.3901080 0.4954021 0.2712734 0.0000000 0.2248043 0.2286538 0.2429374 0.1754502 0.2283148 0.4190980 0.2777173 0.2238391 0.2353704 0.2957611 0.2227472 0.2598586 0.3336965 0.2337620 0.2327083 0.3439724 0.2627257 0.2182409 0.2312784 0.2275584 0.2283067 0.2915044 0.3952054 0.2902337 0.3441438 0.3392148 0.3457907 0.3002187 0.1116035 0.3090001 0.1982488 0.2542040 0.2820890 0.2270688 0.2930622 0.3583159 0.1261663 0.3917887 0.2354023 0.4325728 0.2456489 0.3206917 0.3357552 0.5846723 0.2823095 0.3385101 0.2083904 0.2399428 0.3890502 0.2336063 0.2514820 0.4561397 0.2248923 
Perityle_discoidea_81                      0.3241717 0.3170718 0.2070721 0.2077761 0.2029494 0.0000010 0.3822539 0.3092390 0.2784352 0.1721110 0.2922663 0.2193634 0.2110069 0.1884989 0.1947664 0.3045359 0.1742944 0.2924377 0.2061957 0.1631561 0.2670061 0.1628000 0.1855793 0.1510413 0.2365927 0.1587926 0.1800383 0.2893226 0.2334424 0.2796045 0.2668175 0.2248043 0.0000000 0.1626864 0.2379494 0.1381941 0.1688267 0.3685400 0.2267073 0.1946545 0.1932535 0.2297812 0.1576504 0.2353394 0.2638003 0.1547927 0.1577158 0.1699617 0.1575472 0.1793209 0.1537898 0.1581890 0.2294519 0.2175409 0.2873857 0.2803779 0.2674404 0.2362816 0.1650125 0.1728428 0.1477128 0.3263701 0.2094362 0.2164695 0.2136921 0.1733154 0.2467683 0.2692628 0.1591786 0.2312735 0.2220295 0.2221240 0.1866825 0.1731821 0.2551061 0.1391825 0.2236517 0.2821718 0.2211612 0.1866930 0.2078517 0.1834454 0.2205399 0.3138114 0.1638677 
Perityle_dissecta_201                      0.3283951 0.2317678 0.1765918 0.1881361 0.1568859 0.2099770 0.3372716 0.2906817 0.2790823 0.1870119 0.3824708 0.1018627 0.1480055 0.0988841 0.1800232 0.2277352 0.0735129 0.2890068 0.1618266 0.1103104 0.3021614 0.0810809 0.1037992 0.0862146 0.2201951 0.0919627 0.2312306 0.3203923 0.2869283 0.1927272 0.3544841 0.2286538 0.1626864 0.0000000 0.3212654 0.1329988 0.0653264 0.3627604 0.1491362 0.0945074 0.1038682 0.2684106 0.0568603 0.2405458 0.2902873 0.0569413 0.0676778 0.1031007 0.1337414 0.0789947 0.0639246 0.0686639 0.2163768 0.0878098 0.2402515 0.1888862 0.2620203 0.2381155 0.0986207 0.1508691 0.1064365 0.2763408 0.4057168 0.1594863 0.1548841 0.2342783 0.2232155 0.2484515 0.0780435 0.1535078 0.1358206 0.2093302 0.0971402 0.1215490 0.1413506 0.0463412 0.1647373 0.3597914 0.1538852 0.1074571 0.2128059 0.1025845 0.1832476 0.3012628 0.1757383 
Perityle_emoryi_47_punta_san_jose          0.3956816 0.4628485 0.3826844 0.1993453 0.3709193 0.9552981 0.3215940 0.1886930 0.2953070 0.2659372 0.2469330 0.3545337 0.1787251 0.1867936 0.3711906 0.1930316 0.1423266 0.3359944 0.2494464 0.2346042 0.2163251 0.3937351 0.1183238 0.3356062 0.5098505 0.2284772 0.2652830 0.5128580 0.2190027 0.4356730 0.2934676 0.2429374 0.2379494 0.3212654 0.0000000 0.3642983 0.1879560 0.4699413 0.4110859 0.3494370 0.3308902 0.2408737 0.2361275 0.2225886 0.2892465 0.3212771 0.3187161 0.3327118 0.4542429 0.3349464 0.3057185 0.3273400 0.4057088 0.3483090 0.1912023 0.1537109 0.2992060 0.4364176 0.3276165 0.4569943 0.1194505 0.2869585 0.2869818 0.2043334 0.4414270 0.2555765 0.2849705 0.3806540 0.0697468 0.3574017 0.1675774 0.4811943 0.3514938 0.4162353 0.2711725 0.2300082 0.3853417 0.4148343 0.1810136 0.3590139 0.2730401 0.3609512 0.2913263 0.4013894 0.2842194 
Perityle_feddemae_99                       0.3533911 0.2582517 0.1713917 0.1882923 0.1594075 0.2155131 0.2718551 0.2793062 0.2651298 0.1716723 0.3827922 0.1367937 0.1920221 0.1387016 0.1467964 0.2417989 0.1331811 0.2059340 0.1238322 0.1497258 0.3020226 0.1369211 0.1041804 0.1303343 0.2695362 0.1629906 0.2335602 0.3328682 0.2334768 0.1616325 0.3112506 0.1754502 0.1381941 0.1329988 0.3642983 0.0000000 0.1258676 0.3423522 0.1558967 0.1216762 0.1315091 0.1190348 0.1246092 0.1225115 0.2499355 0.1223874 0.1311421 0.1586531 0.0632643 0.1214403 0.1276534 0.1128122 0.2294220 0.1353718 0.2218182 0.2419784 0.2004662 0.2715866 0.1543163 0.1604026 0.0473293 0.2495982 0.4001539 0.2246843 0.1528891 0.2322167 0.2435104 0.2658937 0.1737762 0.2188036 0.1928565 0.1699150 0.1247779 0.1564205 0.1860814 0.1088150 0.1839917 0.3671516 0.1965498 0.1441725 0.1535870 0.1297966 0.1900998 0.2353125 0.1732780 
Perityle_fosteri_93                        0.3221728 0.3006459 0.1837676 0.1933359 0.1792952 0.0000010 0.3220004 0.3077646 0.2972589 0.1820310 0.2877722 0.1118955 0.0915655 0.0773783 0.1139877 0.2194987 0.0433528 0.2670589 0.1596082 0.1212727 0.2526060 0.0676062 0.0985909 0.0563968 0.2132626 0.0564776 0.1031956 0.3188985 0.2992244 0.2095411 0.2725894 0.2283148 0.1688267 0.0653264 0.1879560 0.1258676 0.0000000 0.3593977 0.1798039 0.0612088 0.0789507 0.1976141 0.0515688 0.2015438 0.2892071 0.0317146 0.0495959 0.0937251 0.1586398 0.0925585 0.0520597 0.0496940 0.1653487 0.1137071 0.2120165 0.2036673 0.2217486 0.2193673 0.0895237 0.1586207 0.0919354 0.2799594 0.1966500 0.1197271 0.1779237 0.1005481 0.2037786 0.2632817 0.0848342 0.1482935 0.0943921 0.2311180 0.0925220 0.1285623 0.1604833 0.0449357 0.1911120 0.3030725 0.0966909 0.1176690 0.2033955 0.0947504 0.1889875 0.2843702 0.1805921 
Perityle_gamon_221                         0.2734326 0.2136789 0.3155503 0.3087792 0.2954223 0.1654681 0.5085538 0.2880384 0.3463769 0.3802359 0.4305398 0.3611589 0.3770201 0.3678050 0.3545140 0.2982281 0.3573481 0.4067414 0.3295675 0.2660869 0.3604338 0.4196230 0.1397306 0.3564281 0.3331624 0.4039634 0.3552779 0.1771434 0.4181872 0.3184331 0.4754262 0.4190980 0.3685400 0.3627604 0.4699413 0.3423522 0.3593977 0.0000000 0.3642009 0.3945767 0.3415694 0.3964438 0.3669394 0.3675954 0.3536572 0.3656677 0.3694842 0.3190640 0.3780074 0.3464573 0.3712107 0.3862499 0.3606307 0.3706673 0.3298329 0.2069166 0.3101836 0.3038260 0.3257677 0.4021317 0.1917038 0.4644129 0.3100570 0.3753834 0.3153738 0.3508640 0.4255937 0.3801671 0.2320315 0.3530785 0.3719501 0.3830953 0.3361061 0.3641568 0.3037012 0.2429033 0.3798067 0.2221077 0.3465514 0.3380663 0.3754591 0.3443620 0.3395727 0.2872626 0.4015092 
Perityle_gentryi_8_san_francisco           0.3601791 0.2564713 0.2201168 0.2590788 0.2290270 0.2066094 0.3858643 0.3591966 0.4371498 0.2720726 0.4702908 0.1471989 0.2583295 0.1547664 0.1175465 0.3631942 0.2172636 0.2702957 0.1247740 0.1055711 0.2883898 0.1317372 0.1926012 0.1580273 0.2340148 0.1853528 0.2666018 0.3979353 0.3276612 0.1735724 0.3701759 0.2777173 0.2267073 0.1491362 0.4110859 0.1558967 0.1798039 0.3642009 0.0000000 0.1277887 0.1403458 0.3158470 0.1892792 0.2899719 0.3631807 0.1478493 0.1437540 0.2214141 0.1886169 0.1205815 0.1514864 0.1380624 0.2502885 0.1487751 0.3363115 0.2725216 0.1989707 0.2816521 0.2210026 0.2084136 0.0947966 0.3407156 0.3516003 0.2943593 0.1736177 0.2591012 0.2377708 0.3378717 0.1026938 0.2170447 0.2707182 0.2107217 0.1293622 0.1902875 0.2959528 0.1373954 0.2028039 0.4203862 0.2488211 0.1477073 0.2395200 0.1303808 0.1616214 0.2855105 0.2267317 
Perityle_gilensis_22_Superstition          0.3593651 0.2604414 0.1652181 0.2178579 0.1542167 0.2019516 0.3244015 0.3718829 0.4297573 0.2190354 0.4305702 0.0698157 0.1564166 0.0285828 0.0825540 0.2975124 0.0827360 0.2748313 0.1264139 0.0788941 0.2712415 0.0684788 0.1856247 0.0922186 0.2088795 0.1012888 0.1288614 0.3893879 0.3307298 0.1596818 0.3689182 0.2238391 0.1946545 0.0945074 0.3494370 0.1216762 0.0612088 0.3945767 0.1277887 0.0000000 0.0266375 0.2699873 0.0854690 0.2462222 0.3589944 0.0484794 0.0722991 0.1629038 0.1402397 0.0504493 0.0673838 0.0798538 0.1434962 0.0760864 0.3083998 0.2689304 0.1826812 0.2359833 0.1595153 0.1880356 0.0956678 0.2819713 0.3268387 0.1874949 0.1374488 0.1272499 0.2093322 0.2867211 0.0741947 0.1335420 0.1445279 0.1945672 0.0756231 0.1468987 0.2219231 0.1599950 0.1528387 0.3725101 0.1625793 0.0794066 0.2192871 0.0784505 0.1038885 0.2657147 0.2142884 
Perityle_gilensis_salensis_225             0.3272517 0.2576277 0.1577483 0.2105071 0.1509912 0.1995195 0.3388721 0.3468394 0.3584640 0.2179363 0.4027875 0.0876134 0.1623996 0.0313823 0.0790601 0.2925262 0.1051006 0.2531875 0.1306350 0.0714395 0.2361890 0.0704804 0.2033440 0.1249836 0.1916070 0.1100385 0.1741665 0.3578794 0.3184379 0.1637626 0.3976710 0.2353704 0.1932535 0.1038682 0.3308902 0.1315091 0.0789507 0.3415694 0.1403458 0.0266375 0.0000000 0.2622491 0.0957205 0.2511618 0.3270936 0.0766609 0.0966337 0.1657394 0.1404575 0.0536139 0.0872335 0.0882406 0.1789159 0.0789274 0.3043064 0.2672216 0.1860183 0.2175832 0.1629722 0.1874523 0.0956678 0.2873092 0.5717335 0.1848221 0.1354477 0.1745523 0.1859549 0.2743520 0.0776952 0.1205138 0.1494040 0.1905528 0.0758836 0.1402679 0.2034718 0.1525700 0.1453502 0.3904184 0.1648898 0.0918509 0.2404004 0.0772367 0.1094474 0.2570931 0.2128413 
Perityle_glaucescens_94                    0.3560689 0.2382753 0.2997886 0.1979036 0.2908477 0.8841958 0.3540559 0.1769514 0.2656870 0.2571673 0.2612012 0.2948076 0.1618572 0.2480571 0.3306314 0.2195457 0.1768179 0.3545712 0.1583528 0.2091132 0.1763663 0.2987350 0.0902232 0.1859274 0.3647170 0.2249769 0.2742878 0.2725533 0.2545396 0.3525311 0.1816441 0.2957611 0.2297812 0.2684106 0.2408737 0.1190348 0.1976141 0.3964438 0.3158470 0.2699873 0.2622491 0.0000000 0.2088541 0.0210639 0.2203455 0.2301575 0.2328871 0.2616933 0.1740065 0.2509670 0.2243046 0.2362958 0.2847055 0.2573394 0.2244961 0.1773571 0.3276467 0.3508500 0.2595898 0.2796669 0.0471510 0.3314514 0.3532382 0.1982385 0.2852085 0.2541210 0.2673923 0.3171975 0.1603436 0.3192472 0.1805962 0.3872194 0.1866268 0.3495719 0.2172969 0.1922639 0.3018455 0.3011934 0.1564636 0.2762586 0.2671871 0.1931780 0.2908692 0.3614703 0.2700218 
Perityle_gracilis_11                       0.3195394 0.2975204 0.1847481 0.1962824 0.1756948 0.0000010 0.3312262 0.2885687 0.2780209 0.1739362 0.3253284 0.1166455 0.1042120 0.0997879 0.1794588 0.2123332 0.0499344 0.2744891 0.1682345 0.0967578 0.2398716 0.0306661 0.1134766 0.0491267 0.1568751 0.0340911 0.1339976 0.3322994 0.2875005 0.2381411 0.3198151 0.2227472 0.1576504 0.0568603 0.2361275 0.1246092 0.0515688 0.3669394 0.1892792 0.0854690 0.0957205 0.2088541 0.0000000 0.2174414 0.2814543 0.0443631 0.0086410 0.0421675 0.1520401 0.0803809 0.0233272 0.0360382 0.1634528 0.0977003 0.2079773 0.1931170 0.2565444 0.1763838 0.0403481 0.1598962 0.1000364 0.2911322 0.1370640 0.1211732 0.1771629 0.1336610 0.2108881 0.2613306 0.0885895 0.1532492 0.1074252 0.2411318 0.0524904 0.0636478 0.1524225 0.0137815 0.1817719 0.2971124 0.1145720 0.1109260 0.2034467 0.0595032 0.1829115 0.3070758 0.1865737 
Perityle_harkerae_31                       0.3347489 0.2470908 0.3316055 0.2068553 0.3041179 0.8841958 0.3222086 0.1740240 0.3278779 0.2842638 0.2744414 0.2751976 0.1561954 0.2289142 0.3301596 0.2187227 0.1561456 0.3446783 0.1576179 0.2192767 0.1743154 0.2682121 0.0811572 0.2253352 0.3812150 0.2145428 0.2397280 0.3140835 0.2470209 0.3471195 0.1643801 0.2598586 0.2353394 0.2405458 0.2225886 0.1225115 0.2015438 0.3675954 0.2899719 0.2462222 0.2511618 0.0210639 0.2174414 0.0000000 0.2186587 0.2222117 0.2279872 0.2782001 0.1505268 0.2507876 0.2204999 0.2273280 0.2984839 0.2639185 0.2186181 0.1716744 0.3089954 0.3716661 0.2793023 0.2675083 0.0343592 0.3029308 0.2212877 0.1794023 0.2911838 0.2277624 0.2692177 0.2947920 0.1557973 0.3366160 0.1579352 0.3694760 0.2494964 0.3440701 0.2071283 0.2005185 0.3029400 0.3248954 0.1513650 0.2750766 0.2586229 0.2481750 0.2744699 0.3509808 0.2596903 
