86
Amauria_brandeegeana_62                    0.0000000 0.0652461 0.0755357 0.2544734 0.1556909 0.1300527 0.2519614 0.1414044 0.2168210 0.0648233 0.1741178 0.1653287 0.1563260 0.1790099 0.1835915 0.1642935 0.1053681 0.1224892 0.2374691 0.1509262 0.1629646 0.1562791 0.2152226 0.1639836 0.1614922 0.1022536 0.1724420 0.1691439 0.0673659 0.1139441 0.0757275 0.1745354 0.1359821 0.0708425 0.1606821 0.0540755 0.1802805 0.1596182 0.1231792 0.1551086 0.1761795 0.1665727 0.1679218 0.1597216 0.1431899 0.1256493 0.1822185 0.1527797 0.1623758 0.1687577 0.1687555 0.1572330 0.1764410 0.1728513 0.1664687 0.1166837 0.1545200 0.1663979 0.1788686 0.1554293 0.1222517 0.2821769 0.2384055 0.1248867 0.1719712 0.1117107 0.1674313 0.1892557 0.1764942 0.1207603 0.1260501 0.1650782 0.1709732 0.1614862 0.1763788 0.1748678 0.1217709 0.2414630 0.3763281 0.1577392 0.1769363 0.0936983 0.1561262 0.1752138 0.1140819 0.1333372 
Amauria_carterae_99_mesa                   0.0652461 0.0000000 0.0561525 0.2218762 0.1491002 0.1292936 0.0927519 0.1485707 0.2007343 0.0558876 0.1561397 0.1430335 0.1427373 0.1365286 0.1747022 0.1365000 0.1052635 0.0903022 0.1586730 0.1363613 0.1398153 0.1380473 0.2512054 0.1398570 0.1436280 0.1155397 0.1214750 0.1443444 0.0821671 0.1214930 0.1228741 0.0816558 0.1049344 0.0589831 0.1265791 0.0503069 0.1429780 0.1316324 0.0968489 0.1260904 0.1272434 0.1435575 0.1343721 0.1339958 0.1360126 0.1010879 0.1397144 0.1364230 0.1420863 0.1360714 0.1395658 0.1337537 0.1362702 0.1233850 0.1524547 0.1175288 0.1496739 0.1489279 0.1462386 0.1365258 0.0997140 0.1119211 0.1670417 0.1275138 0.1486543 0.0799895 0.1186564 0.1435839 0.1291289 0.1185631 0.1337995 0.1398570 0.0840816 0.1412655 0.1458213 0.1365933 0.1611973 0.1435030 0.2604997 0.1349425 0.1501999 0.1019660 0.1351167 0.0848002 0.0812648 0.1435306 
Amauria_rotundifolia_SRR9119150            0.0755357 0.0561525 0.0000000 0.2614124 0.1694161 0.1372232 0.2442598 0.1454089 0.2336215 0.0527763 0.1759408 0.1806707 0.1758468 0.1844476 0.1863228 0.1723904 0.1156760 0.1369949 0.2340512 0.1627669 0.1704155 0.1684953 0.2168228 0.1822390 0.1738289 0.1166170 0.1861550 0.1806745 0.0727291 0.1179466 0.0793820 0.1706683 0.1467216 0.0557700 0.1716169 0.0507818 0.1876593 0.1707848 0.1359154 0.1652472 0.1764884 0.1854237 0.1726858 0.1660896 0.1529646 0.1276331 0.1878483 0.1705061 0.1715213 0.1748501 0.1777533 0.1690956 0.1796117 0.1774752 0.1765141 0.1325013 0.1663024 0.1762126 0.1903562 0.1656114 0.1353146 0.2761289 0.2277425 0.1323544 0.1814723 0.1177990 0.1696416 0.1900872 0.1785607 0.1242110 0.1405360 0.1792397 0.1647362 0.1710292 0.1903535 0.1838848 0.1296699 0.2440617 0.4062017 0.1728846 0.1863607 0.1098572 0.1701987 0.1716091 0.1231543 0.1439019 
Conoclinium_coelestinum_SRR9119114         0.2544734 0.2218762 0.2614124 0.0000000 0.2873422 0.2228829 0.3205683 0.2466343 0.2989562 0.2754795 0.3087329 0.2873891 0.2931625 0.2743715 0.3058512 0.2728368 0.2110930 0.2530645 0.3289432 0.2807374 0.2903038 0.2845414 0.3349065 0.2916847 0.2770117 0.1971365 0.2853159 0.2871764 0.1929620 0.2454888 0.2036225 0.2629558 0.3045389 0.2885121 0.2791233 0.2555208 0.3008072 0.2832076 0.3259708 0.2882670 0.2779476 0.2924661 0.2872506 0.2885750 0.2793233 0.2817347 0.2841410 0.2817628 0.2897236 0.2910509 0.3017475 0.2947482 0.2802993 0.2908312 0.3004684 0.3339652 0.2852708 0.3206894 0.3290083 0.2845309 0.3030352 0.4511411 0.2698608 0.2410946 0.2922919 0.2880036 0.2822234 0.3125229 0.2563194 0.2279409 0.2638909 0.2891974 0.2526556 0.2823945 0.3350522 0.2743353 0.2088145 0.2947317 0.4924866 0.2778410 0.2978227 0.2937034 0.2888342 0.2618432 0.2534150 0.2376511 
Eutetras_palmeri_63                        0.1556909 0.1491002 0.1694161 0.2873422 0.0000000 0.0399768 0.2989661 0.1873430 0.2286185 0.1703979 0.0831346 0.1064923 0.1005369 0.1191350 0.1586063 0.1065006 0.0607498 0.3205439 0.1514475 0.0992715 0.0997620 0.1016301 0.2245674 0.1074250 0.1033641 0.1088150 0.0997961 0.1180485 0.1752371 0.2009688 0.2042698 0.2070386 0.1905289 0.1748055 0.0980748 0.1456088 0.1190693 0.0994877 0.2113014 0.1094890 0.1110221 0.1090456 0.1028758 0.1008887 0.1047374 0.1754734 0.1206239 0.1008020 0.1044584 0.1049535 0.1135702 0.1000709 0.1155585 0.0988652 0.1173516 0.2041589 0.1292883 0.1273174 0.1153245 0.1021094 0.2149586 0.3196455 0.1386378 0.0944066 0.1059138 0.1735423 0.0949683 0.1333844 0.1130088 0.1119688 0.0996559 0.1081432 0.2033329 0.1005785 0.1096298 0.1141752 0.1682536 0.1376196 0.2479555 0.1035759 0.1079132 0.1846682 0.1018620 0.2038857 0.1844421 0.1524061 
Eutetras_pringlei_149_quer                 0.1300527 0.1292936 0.1372232 0.2228829 0.0399768 0.0000000 0.1620750 0.1564573 0.1767439 0.1347048 0.1020821 0.1069088 0.1093696 0.1026635 0.1552286 0.1082319 0.0631307 0.1870688 0.1152164 0.1053681 0.0986630 0.0987905 0.2120712 0.1067884 0.1123826 0.0988005 0.0956794 0.1122710 0.1318983 0.1428437 0.0993451 0.1211694 0.1328102 0.1371302 0.0978289 0.1397721 0.1108480 0.1059914 0.1447816 0.1054699 0.0899833 0.1092852 0.0930009 0.0988466 0.0949913 0.1455054 0.1008607 0.0967317 0.1029494 0.0929685 0.1033820 0.0992749 0.0986454 0.0933716 0.1135776 0.1461473 0.1094243 0.0958591 0.1007871 0.0968504 0.1289399 0.1214913 0.1123113 0.1009632 0.0804923 0.1308583 0.0947966 0.0895547 0.0900700 0.1103573 0.1036192 0.1067884 0.1334813 0.1022473 0.0988428 0.0967267 0.1288960 0.1034978 0.1739142 0.1005704 0.0899385 0.1324242 0.1009334 0.1320955 0.1271104 0.1003190 
Eutrochium_fistulosum_SRR9119106           0.2519614 0.0927519 0.2442598 0.3205683 0.2989661 0.1620750 0.0000000 0.1387100 0.2777544 0.2527390 0.3465358 0.3261199 0.2856333 0.3081297 0.2051737 0.3286110 0.1856549 0.1907844 0.3688454 0.3150971 0.3044709 0.3174091 0.2273920 0.3175086 0.3136194 0.1616374 0.3466455 0.3281079 0.1270761 0.1873104 0.1504632 0.2669752 0.2936099 0.2506803 0.3088536 0.2356685 0.3463478 0.3155907 0.2758809 0.3224943 0.3252658 0.3146633 0.3352549 0.3081243 0.3032300 0.2883512 0.3634007 0.3090165 0.3181941 0.3249222 0.3099933 0.3123627 0.3183104 0.3362746 0.2859159 0.2386795 0.2516118 0.2629384 0.3099136 0.3076681 0.2100311 0.3822377 0.3285120 0.1635432 0.3198284 0.2361372 0.3262867 0.3079210 0.3287019 0.1319865 0.2336795 0.3184849 0.2674594 0.3145910 0.3236575 0.3014405 0.1832068 0.3406858 0.3548320 0.3125761 0.3142746 0.1761141 0.3103945 0.2657857 0.1933438 0.2266140 
Galeana_pratensis_104_mex                  0.1414044 0.1485707 0.1454089 0.2466343 0.1873430 0.1564573 0.1387100 0.0000000 0.2467617 0.1653370 0.1928565 0.1737090 0.1766366 0.1815326 0.2117453 0.1779787 0.1811640 0.1361718 0.1950418 0.1803079 0.1670080 0.1784931 0.2708368 0.1807336 0.1763637 0.1475390 0.1714198 0.1849354 0.1337784 0.1467573 0.2082687 0.1310725 0.1449311 0.1720858 0.1702907 0.1399205 0.1957536 0.1795667 0.1654412 0.1653108 0.1724897 0.1813763 0.1906676 0.1751080 0.1896568 0.1726893 0.1704207 0.1782720 0.1838351 0.1925564 0.2011594 0.1755883 0.1785421 0.1722690 0.1712726 0.1700466 0.1649424 0.1828664 0.1770174 0.1735021 0.1674424 0.1832546 0.1998842 0.1623845 0.1804715 0.1354345 0.1724172 0.1791217 0.1775173 0.1541878 0.1738823 0.1807336 0.1411053 0.1773861 0.1823128 0.1635037 0.1786426 0.1934957 0.2060308 0.1745944 0.1833813 0.1478862 0.1771168 0.1356272 0.1294802 0.2051702 
Helianthus_annuus_SRR9119062               0.2168210 0.2007343 0.2336215 0.2989562 0.2286185 0.1767439 0.2777544 0.2467617 0.0000000 0.2220944 0.2262921 0.2326747 0.2379919 0.2309168 0.2241400 0.2196323 0.2362412 0.2074070 0.2390230 0.2321624 0.2309484 0.2314996 0.2672385 0.2443223 0.2320546 0.1917256 0.2179246 0.2437051 0.1958314 0.2200198 0.1872428 0.2180000 0.2257927 0.2255281 0.2197015 0.2200166 0.2162945 0.2233954 0.2589392 0.2293216 0.2153034 0.2485439 0.2051365 0.2314177 0.2064518 0.2381386 0.2278891 0.2267750 0.2314004 0.2067377 0.2655075 0.2399951 0.2308420 0.2208569 0.2378420 0.2499032 0.2392286 0.2252031 0.2329716 0.2283178 0.2108134 0.2046670 0.2377056 0.2029495 0.2329452 0.2228213 0.2128381 0.2013281 0.1784763 0.2175055 0.2217828 0.2427876 0.2096608 0.2334430 0.2555692 0.2258923 0.2383718 0.2235524 0.3971083 0.2325968 0.2371101 0.2074705 0.2317649 0.2138481 0.2014496 0.2160990 
Lycapsus_tenuifolius_17                    0.0648233 0.0558876 0.0527763 0.2754795 0.1703979 0.1347048 0.2527390 0.1653370 0.2220944 0.0000000 0.1749958 0.1685040 0.1604791 0.1736174 0.1961353 0.1649914 0.1163387 0.1352161 0.2496436 0.1623873 0.1662572 0.1608458 0.2610280 0.1678201 0.1651023 0.1181511 0.1708942 0.1681944 0.0902041 0.1286463 0.1565907 0.1819595 0.1366058 0.0029582 0.1624681 0.0330988 0.1897514 0.1637528 0.1158128 0.1554501 0.1801317 0.1700076 0.1733517 0.1646811 0.1583993 0.1175562 0.1827613 0.1578645 0.1680912 0.1754972 0.1674790 0.1616630 0.1865284 0.1739526 0.1764052 0.1376870 0.1547392 0.1756402 0.1823054 0.1590405 0.1326154 0.2712059 0.2440826 0.1278035 0.1766877 0.1057704 0.1678114 0.2028371 0.1821481 0.1244076 0.1378669 0.1696076 0.1761231 0.1658794 0.1885032 0.1714721 0.1642904 0.2462291 0.3512511 0.1666310 0.1793205 0.1144434 0.1607871 0.1784996 0.1268312 0.1670602 
Pericome_caudata_50_silver                 0.1741178 0.1561397 0.1759408 0.3087329 0.0831346 0.1020821 0.3465358 0.1928565 0.2262921 0.1749958 0.0000000 0.1053887 0.1019614 0.1191727 0.1285315 0.1084255 0.0775225 0.3206220 0.2033987 0.1072907 0.1016013 0.1009611 0.2015693 0.1100943 0.1026726 0.1042336 0.1131386 0.1176167 0.1727434 0.2008690 0.2126254 0.2723375 0.1979323 0.1892496 0.0989067 0.1555691 0.1250220 0.1013980 0.2166176 0.1101159 0.1201975 0.1113236 0.1032218 0.1039096 0.1113095 0.2126538 0.1229177 0.1012746 0.1072670 0.1068652 0.1137842 0.1049284 0.1337586 0.1033810 0.1158623 0.2078480 0.1289890 0.1249548 0.1142682 0.1033265 0.2162829 0.3369915 0.1917187 0.0838740 0.1094988 0.1791698 0.1011358 0.1327928 0.1125919 0.1057251 0.0990392 0.1106760 0.2526383 0.1071472 0.1099484 0.1170201 0.1508893 0.1423375 0.2648239 0.1022733 0.1070586 0.1900667 0.1036048 0.2734837 0.1810356 0.1595614 
Perityle_aglossa_84_dead_horse             0.1653287 0.1430335 0.1806707 0.2873891 0.1064923 0.1069088 0.3261199 0.1737090 0.2326747 0.1685040 0.1053887 0.0000000 0.0468596 0.0671421 0.1057917 0.0514902 0.0387377 0.2989306 0.1914582 0.0401064 0.0498205 0.0450609 0.1870006 0.0547075 0.0475284 0.0463858 0.0705734 0.0726867 0.1484245 0.1806858 0.2016382 0.3034560 0.2183215 0.1746491 0.0449692 0.1494602 0.0798456 0.0413178 0.2156756 0.0478661 0.0842093 0.0551703 0.0750382 0.0405145 0.0748999 0.2332110 0.0689573 0.0453946 0.0457469 0.0758811 0.0596593 0.0448508 0.0779360 0.0625306 0.0491238 0.1969666 0.0555784 0.0659889 0.0513645 0.0464025 0.2074212 0.3467437 0.1746609 0.0620259 0.0438686 0.1652131 0.0568321 0.1185872 0.0929923 0.0561846 0.0385891 0.0560374 0.2650038 0.0417973 0.0445425 0.0640755 0.0601944 0.1743515 0.2315480 0.0485412 0.0590527 0.1747531 0.0440220 0.2983051 0.1710379 0.1035091 
Perityle_ajoensis_204                      0.1563260 0.1427373 0.1758468 0.2931625 0.1005369 0.1093696 0.2856333 0.1766366 0.2379919 0.1604791 0.1019614 0.0468596 0.0000000 0.0529554 0.1117016 0.0540079 0.0439762 0.2964646 0.1209658 0.0383393 0.0423888 0.0141164 0.1804535 0.0528098 0.0472128 0.0394982 0.0669073 0.0708054 0.1512541 0.1771250 0.2008204 0.2058005 0.1880925 0.1694885 0.0417727 0.1478946 0.0804881 0.0386884 0.1968759 0.0502866 0.0717033 0.0548517 0.0698120 0.0217247 0.0722146 0.1650957 0.0646926 0.0285096 0.0153873 0.0730221 0.0570860 0.0187628 0.0518978 0.0650987 0.0505866 0.1988303 0.0607289 0.0668679 0.0182845 0.0128323 0.2047013 0.2846278 0.1186423 0.0637680 0.0465880 0.1652648 0.0587486 0.1092856 0.0900499 0.0490841 0.0371560 0.0561759 0.2003918 0.0167379 0.0192763 0.0583095 0.0491136 0.1555473 0.2493343 0.0458590 0.0551466 0.1707843 0.0177739 0.2014228 0.1714791 0.1094078 
Perityle_ambrosiifolia_67_green            0.1790099 0.1365286 0.1844476 0.2743715 0.1191350 0.1026635 0.3081297 0.1815326 0.2309168 0.1736174 0.1191727 0.0671421 0.0529554 0.0000000 0.1041664 0.0742172 0.0425250 0.2970338 0.1408073 0.0622105 0.0564676 0.0607503 0.1875767 0.0703897 0.0599258 0.0296055 0.0835558 0.0906467 0.1459387 0.1767109 0.1984560 0.2382979 0.2167384 0.1843200 0.0560856 0.1515713 0.1024968 0.0650210 0.2247511 0.0707814 0.0512456 0.0727582 0.0891038 0.0552089 0.0668231 0.1878853 0.0440141 0.0508649 0.0653871 0.0927818 0.0228410 0.0616561 0.0459548 0.0866948 0.0447573 0.2031468 0.0516033 0.0602707 0.0684226 0.0631988 0.1988004 0.2971070 0.1401297 0.0531420 0.0625872 0.1760374 0.0786021 0.1107880 0.1113239 0.0436790 0.0347837 0.0736269 0.2244826 0.0639359 0.0741737 0.0364094 0.0648815 0.1541337 0.2710806 0.0640309 0.0705512 0.1714381 0.0628101 0.2359421 0.1656822 0.1047140 
Perityle_angustifolia_13_Eagle_creek       0.1835915 0.1747022 0.1863228 0.3058512 0.1586063 0.1552286 0.2051737 0.2117453 0.2241400 0.1961353 0.1285315 0.1057917 0.1117016 0.1041664 0.0000000 0.1088795 0.2043071 0.2136104 0.1400103 0.1074995 0.1027339 0.1056338 0.2918145 0.1141672 0.0763512 0.1192978 0.1108861 0.1194484 0.2313956 0.1904524 0.2597164 0.1977050 0.1954385 0.1997596 0.1018001 0.1807908 0.1326562 0.1065108 0.2075839 0.1068200 0.1124407 0.1144619 0.1256811 0.1027503 0.1245643 0.2071264 0.1043618 0.1011795 0.1072532 0.1238025 0.1115099 0.1073388 0.1042180 0.1270038 0.0850423 0.2093745 0.1007725 0.1106213 0.1038262 0.1026698 0.2100420 0.1638779 0.1358151 0.1028113 0.1171826 0.1845015 0.1194024 0.1248235 0.1313717 0.1229342 0.1076217 0.1141672 0.1949359 0.1006080 0.1117974 0.0997173 0.1684006 0.1442233 0.1354702 0.1107621 0.1198832 0.1921477 0.1073024 0.2041983 0.1918118 0.2274541 
Perityle_batopilensis_97                   0.1642935 0.1365000 0.1723904 0.2728368 0.1065006 0.1082319 0.3286110 0.1779787 0.2196323 0.1649914 0.1084255 0.0514902 0.0540079 0.0742172 0.1088795 0.0000000 0.0507889 0.3237884 0.1456723 0.0517495 0.0539705 0.0522467 0.1922517 0.0593469 0.0539938 0.0498354 0.0588146 0.0688329 0.1503607 0.1990692 0.2166233 0.2629493 0.1936780 0.1705786 0.0514555 0.1441776 0.0820532 0.0480015 0.1928686 0.0296439 0.0797999 0.0616497 0.0694609 0.0484969 0.0701576 0.1727153 0.0779733 0.0495536 0.0532215 0.0728104 0.0599735 0.0503863 0.0881144 0.0641498 0.0618092 0.2057160 0.0642817 0.0668461 0.0585950 0.0541336 0.2046744 0.3085435 0.1434295 0.0579919 0.0593311 0.1604160 0.0605899 0.1058852 0.0848824 0.0593188 0.0453622 0.0597754 0.2458704 0.0498118 0.0555450 0.0729410 0.0850030 0.1681441 0.2185577 0.0485914 0.0617760 0.1722839 0.0528603 0.2589205 0.1856996 0.1016572 
Perityle_bisetosa_9                        0.1053681 0.1052635 0.1156760 0.2110930 0.0607498 0.0631307 0.1856549 0.1811640 0.2362412 0.1163387 0.0775225 0.0387377 0.0439762 0.0425250 0.2043071 0.0507889 0.0000000 0.1620356 0.0655034 0.0238045 0.0436255 0.0375059 0.1522077 0.0466781 0.0379892 0.0438004 0.0721956 0.0711929 0.1293416 0.1920559 0.1328167 0.1629364 0.1450574 0.1197118 0.0323091 0.1174425 0.0718005 0.0489318 0.1959834 0.0406243 0.0460270 0.0496689 0.0584054 0.0294168 0.0576193 0.1321221 0.0327507 0.0363176 0.0357597 0.0622823 0.0549440 0.0404029 0.0330208 0.0526080 0.0563788 0.1823829 0.0661104 0.0670515 0.0325150 0.0299078 0.1693431 0.0503617 0.0860721 0.0483404 0.0349422 0.1403011 0.0414874 0.0791642 0.0832454 0.0307533 0.0226518 0.0499847 0.1571125 0.0423580 0.0477258 0.0431694 0.0526616 0.0588677 0.4513297 0.0365875 0.0512387 0.1609071 0.0404317 0.1640296 0.1256691 0.0675425 
Perityle_californica_76_positas            0.1224892 0.0903022 0.1369949 0.2530645 0.3205439 0.1870688 0.1907844 0.1361718 0.2074070 0.1352161 0.3206220 0.2989306 0.2964646 0.2970338 0.2136104 0.3237884 0.1620356 0.0000000 0.3456262 0.2965759 0.2914143 0.3026825 0.3458495 0.3095319 0.3003394 0.2884830 0.2931683 0.3226430 0.1395964 0.0689605 0.1257636 0.0452760 0.1023977 0.1393901 0.2956856 0.1092595 0.3253985 0.3002079 0.1448823 0.3110237 0.2884189 0.3124865 0.3166643 0.2943543 0.3078898 0.1428526 0.3284873 0.2966898 0.2986707 0.3131827 0.3221707 0.2965563 0.2988163 0.2917184 0.3009047 0.1507616 0.2769843 0.2860924 0.2973212 0.2948083 0.1338675 0.2169045 0.3133504 0.2179377 0.2919818 0.1332435 0.2931151 0.3232200 0.3047888 0.2188663 0.2786686 0.3103355 0.0706171 0.3024106 0.3069962 0.2876117 0.3085358 0.3476350 0.2726605 0.2987893 0.3006165 0.1117961 0.2952618 0.0369805 0.0375947 0.3717498 
Perityle_canescens_77                      0.2374691 0.1586730 0.2340512 0.3289432 0.1514475 0.1152164 0.3688454 0.1950418 0.2390230 0.2496436 0.2033987 0.1914582 0.1209658 0.1408073 0.1400103 0.1456723 0.0655034 0.3456262 0.0000000 0.1700557 0.1456081 0.1855605 0.2018652 0.2075895 0.1373486 0.0710447 0.1900700 0.1954411 0.1833546 0.2089465 0.2279910 0.3855436 0.2922291 0.2486535 0.1816344 0.1888914 0.1515947 0.1449489 0.3713181 0.1701933 0.1926395 0.1434608 0.1594870 0.1570679 0.0950872 0.3690075 0.1433467 0.1770088 0.1930420 0.1424535 0.1097615 0.1472909 0.1385359 0.1693799 0.1043657 0.2696913 0.0907511 0.0862320 0.1891635 0.1987831 0.2507631 0.4167371 0.2172368 0.0875874 0.2047963 0.2357523 0.1713276 0.1399117 0.2110097 0.0810686 0.0763194 0.2072278 0.2922931 0.1513004 0.1755137 0.1365863 0.1102042 0.1995178 0.3347472 0.1583583 0.1399654 0.2122527 0.1609212 0.3436038 0.2088795 0.1124432 
Perityle_castillonii_96                    0.1509262 0.1363613 0.1627669 0.2807374 0.0992715 0.1053681 0.3150971 0.1803079 0.2321624 0.1623873 0.1072907 0.0401064 0.0383393 0.0622105 0.1074995 0.0517495 0.0238045 0.2965759 0.1700557 0.0000000 0.0403907 0.0388876 0.1781810 0.0427265 0.0420356 0.0396984 0.0535044 0.0648147 0.1493872 0.1756381 0.1942764 0.2863082 0.2143860 0.1697106 0.0339089 0.1411350 0.0810760 0.0321733 0.2122855 0.0455800 0.0725024 0.0449122 0.0691323 0.0374299 0.0669216 0.2081145 0.0664385 0.0376086 0.0391225 0.0710021 0.0447889 0.0387880 0.0667703 0.0614689 0.0472838 0.2014494 0.0513431 0.0602114 0.0532207 0.0394037 0.2078142 0.3352862 0.1512002 0.0511937 0.0431887 0.1664772 0.0568156 0.1077023 0.0858761 0.0422090 0.0266064 0.0419885 0.2408044 0.0388497 0.0431888 0.0616873 0.0588332 0.1656997 0.1960627 0.0392123 0.0471598 0.1730689 0.0398179 0.2714029 0.1696974 0.0979263 
Perityle_cernua_84                         0.1629646 0.1398153 0.1704155 0.2903038 0.0997620 0.0986630 0.3044709 0.1670080 0.2309484 0.1662572 0.1016013 0.0498205 0.0423888 0.0564676 0.1027339 0.0539705 0.0436255 0.2914143 0.1456081 0.0403907 0.0000000 0.0418011 0.1849316 0.0474902 0.0417785 0.0368949 0.0596461 0.0688556 0.1500565 0.1726690 0.1955913 0.2518413 0.1866949 0.1738963 0.0392956 0.1514991 0.0774101 0.0461526 0.2040389 0.0514598 0.0648298 0.0462064 0.0685527 0.0444986 0.0681385 0.1871154 0.0447649 0.0423415 0.0461515 0.0709796 0.0461503 0.0431028 0.0615441 0.0611244 0.0339775 0.2009549 0.0534873 0.0490358 0.0465098 0.0440595 0.2002944 0.3278824 0.1512129 0.0488504 0.0455449 0.1656201 0.0538902 0.1063030 0.0918481 0.0436941 0.0379457 0.0495827 0.2464580 0.0459924 0.0509728 0.0333899 0.0730387 0.1622195 0.2083561 0.0385134 0.0483032 0.1715506 0.0458252 0.2529997 0.1653336 0.1086901 
Perityle_cfvillosa_25_tin                  0.1562791 0.1380473 0.1684953 0.2845414 0.1016301 0.0987905 0.3174091 0.1784931 0.2314996 0.1608458 0.1009611 0.0450609 0.0141164 0.0607503 0.1056338 0.0522467 0.0375059 0.3026825 0.1855605 0.0388876 0.0418011 0.0000000 0.1700263 0.0479562 0.0430738 0.0310959 0.0640590 0.0663287 0.1506487 0.1741992 0.1991037 0.3012248 0.2153162 0.1719230 0.0426840 0.1403257 0.0799944 0.0328917 0.2114472 0.0462639 0.0791046 0.0511965 0.0697760 0.0185368 0.0705043 0.2293018 0.0683644 0.0244826 0.0118374 0.0716113 0.0524260 0.0152405 0.0685521 0.0626024 0.0484236 0.2002230 0.0496884 0.0658747 0.0250381 0.0074404 0.2048104 0.3339421 0.1787861 0.0575812 0.0431546 0.1644704 0.0569054 0.1115021 0.0869398 0.0420876 0.0328654 0.0508343 0.2501935 0.0104797 0.0140692 0.0566522 0.0363081 0.1708166 0.2243418 0.0431621 0.0510982 0.1723906 0.0088225 0.2894041 0.1733973 0.1117257 
Perityle_cinerea_113_Powell1310            0.2152226 0.2512054 0.2168228 0.3349065 0.2245674 0.2120712 0.2273920 0.2708368 0.2672385 0.2610280 0.2015693 0.1870006 0.1804535 0.1875767 0.2918145 0.1922517 0.1522077 0.3458495 0.2018652 0.1781810 0.1849316 0.1700263 0.0000000 0.1772614 0.1909952 0.1515357 0.1828211 0.1921954 0.1912711 0.2535995 0.2263679 0.2443990 0.2570994 0.2646170 0.1823545 0.2305737 0.2097596 0.1738567 0.2576173 0.1891350 0.1750295 0.1808823 0.1998313 0.1749845 0.1997654 0.2560728 0.1851035 0.1798255 0.1703776 0.2049745 0.2124614 0.1732523 0.1847665 0.1944191 0.1862597 0.2659647 0.1790862 0.2001290 0.1701644 0.1726382 0.2672021 0.4204070 0.1937070 0.1879576 0.1878245 0.2526768 0.1948357 0.1915394 0.1985425 0.1249419 0.1648156 0.1772614 0.2572564 0.1781075 0.1728959 0.1849262 0.0585442 0.1962306 0.2067838 0.1796888 0.1849671 0.2609355 0.1727862 0.2533450 0.2432097 0.1427607 
Perityle_coahuilensis_24                   0.1639836 0.1398570 0.1822390 0.2916847 0.1074250 0.1067884 0.3175086 0.1807336 0.2443223 0.1678201 0.1100943 0.0547075 0.0528098 0.0703897 0.1141672 0.0593469 0.0466781 0.3095319 0.2075895 0.0427265 0.0474902 0.0479562 0.1772614 0.0000000 0.0500675 0.0489703 0.0859674 0.0727651 0.1566009 0.1839712 0.1890465 0.3078658 0.2439188 0.1787414 0.0519495 0.1505316 0.0798320 0.0493007 0.2143089 0.0531532 0.0773132 0.0016190 0.0734538 0.0479317 0.0707503 0.2367432 0.0759860 0.0442997 0.0542894 0.0742217 0.0571953 0.0483201 0.0805021 0.0633011 0.0630230 0.2090070 0.0556162 0.0659942 0.0660922 0.0501472 0.2172096 0.3459226 0.1744918 0.0533904 0.0525303 0.1702362 0.0581470 0.1125341 0.0873339 0.0524238 0.0430455 0.0093933 0.2660295 0.0517502 0.0565802 0.0625119 0.0715652 0.1684644 0.2257124 0.0447622 0.0596965 0.1818908 0.0491498 0.3007363 0.1776430 0.1022812 
Perityle_cochisensis_44_cave_creek         0.1614922 0.1436280 0.1738289 0.2770117 0.1033641 0.1123826 0.3136194 0.1763637 0.2320546 0.1651023 0.1026726 0.0475284 0.0472128 0.0599258 0.0763512 0.0539938 0.0379892 0.3003394 0.1373486 0.0420356 0.0417785 0.0430738 0.1909952 0.0500675 0.0000000 0.0415386 0.0647200 0.0714739 0.1557101 0.1853595 0.2070914 0.2539371 0.1975090 0.1756671 0.0411779 0.1520326 0.0789393 0.0410847 0.2081508 0.0468538 0.0721166 0.0513226 0.0672662 0.0445730 0.0687605 0.1741959 0.0674338 0.0445433 0.0417533 0.0700612 0.0475621 0.0431810 0.0675431 0.0618591 0.0248577 0.2116738 0.0539882 0.0634637 0.0480992 0.0435470 0.2122295 0.3295935 0.1390912 0.0568272 0.0490061 0.1732800 0.0550681 0.1087207 0.0884997 0.0566663 0.0395471 0.0557972 0.2404113 0.0426922 0.0504987 0.0578898 0.0670162 0.1629848 0.2506912 0.0470757 0.0547863 0.1857782 0.0443946 0.2471103 0.1764593 0.1017976 
Perityle_congesta_202                      0.1022536 0.1155397 0.1166170 0.1971365 0.1088150 0.0988005 0.1616374 0.1475390 0.1917256 0.1181511 0.1042336 0.0463858 0.0394982 0.0296055 0.1192978 0.0498354 0.0438004 0.2884830 0.0710447 0.0396984 0.0368949 0.0310959 0.1515357 0.0489703 0.0415386 0.0000000 0.0686566 0.0699821 0.1224164 0.1513931 0.1669294 0.1420588 0.1382541 0.1245531 0.0383521 0.1039050 0.0801844 0.0419101 0.1542638 0.0469647 0.0521232 0.0519385 0.0679241 0.0224474 0.0681533 0.1287738 0.0353386 0.0163201 0.0326691 0.0722687 0.0394838 0.0355126 0.0223767 0.0588482 0.0457691 0.1651328 0.0614720 0.0672642 0.0338688 0.0319773 0.1422375 0.1484870 0.0845828 0.0611529 0.0407560 0.1229480 0.0496186 0.0746039 0.0831325 0.0424347 0.0369564 0.0573584 0.1359754 0.0345071 0.0442293 0.0345734 0.0765987 0.0994561 0.3083809 0.0443908 0.0535727 0.1341573 0.0328831 0.1460165 0.1192185 0.0788647 
Perityle_cordifolia_27                     0.1724420 0.1214750 0.1861550 0.2853159 0.0997961 0.0956794 0.3466455 0.1714198 0.2179246 0.1708942 0.1131386 0.0705734 0.0669073 0.0835558 0.1108861 0.0588146 0.0721956 0.2931683 0.1900700 0.0535044 0.0596461 0.0640590 0.1828211 0.0859674 0.0647200 0.0686566 0.0000000 0.0819266 0.1594124 0.1891859 0.2016686 0.2985232 0.2252868 0.1703799 0.0577970 0.1443095 0.0766742 0.0542452 0.2196548 0.0666167 0.0806116 0.0683442 0.0753854 0.0556995 0.0675950 0.2348809 0.0735983 0.0656560 0.0577294 0.0749453 0.0627135 0.0668857 0.0922019 0.0296475 0.0620197 0.1998051 0.0661018 0.0399744 0.0727577 0.0624632 0.2047438 0.3474056 0.1581223 0.0177705 0.0889532 0.1726494 0.0342752 0.1117176 0.0898719 0.0541651 0.0562515 0.0693278 0.2570338 0.0568739 0.0614798 0.0744750 0.0780614 0.1682083 0.2303642 0.0671905 0.0653986 0.1704853 0.0675076 0.2930618 0.1701948 0.0962686 
Perityle_cordifolia_68_tecolote            0.1691439 0.1443444 0.1806745 0.2871764 0.1180485 0.1122710 0.3281079 0.1849354 0.2437051 0.1681944 0.1176167 0.0726867 0.0708054 0.0906467 0.1194484 0.0688329 0.0711929 0.3226430 0.1954411 0.0648147 0.0688556 0.0663287 0.1921954 0.0727651 0.0714739 0.0699821 0.0819266 0.0000000 0.1640690 0.1881265 0.2160928 0.2957731 0.2061212 0.1759388 0.0684631 0.1504851 0.0945302 0.0592014 0.2134520 0.0655338 0.0923963 0.0736593 0.0837356 0.0605791 0.0845889 0.2244124 0.0948995 0.0655609 0.0647204 0.0863308 0.0741698 0.0699515 0.1043824 0.0792547 0.0720714 0.2106090 0.0337797 0.0825249 0.0658500 0.0641454 0.2127885 0.3399268 0.1811951 0.0619347 0.0775244 0.1787249 0.0754401 0.1232169 0.0981594 0.0717247 0.0602272 0.0773925 0.2675182 0.0631868 0.0663685 0.0867607 0.0800134 0.1786635 0.2380380 0.0735908 0.0773572 0.1816797 0.0647556 0.3038856 0.1850391 0.1213415 
Perityle_coronopifolia_28_patagonia        0.0673659 0.0821671 0.0727291 0.1929620 0.1752371 0.1318983 0.1270761 0.1337784 0.1958314 0.0902041 0.1727434 0.1484245 0.1512541 0.1459387 0.2313956 0.1503607 0.1293416 0.1395964 0.1833546 0.1493872 0.1500565 0.1506487 0.1912711 0.1566009 0.1557101 0.1224164 0.1594124 0.1640690 0.0000000 0.1626709 0.1991022 0.1421168 0.1577915 0.0942442 0.1385535 0.0700834 0.1910816 0.1433852 0.0605838 0.1419975 0.1563603 0.1570599 0.1739295 0.1418345 0.1776684 0.0625991 0.1996642 0.1513959 0.1534611 0.1815289 0.1571725 0.1447372 0.1513864 0.1651301 0.1707836 0.1746845 0.1413118 0.1997690 0.1704618 0.1445703 0.0766013 0.1125066 0.1866355 0.1322235 0.1504924 0.0124818 0.1613704 0.1720104 0.1784166 0.1049349 0.1407523 0.1579956 0.1404556 0.1513392 0.1894894 0.1445670 0.1566786 0.1690745 0.3455616 0.1534675 0.1551064 0.0657992 0.1487399 0.1417091 0.1303790 0.1974628 
Perityle_crassifolia_70_ventanas           0.1139441 0.1214930 0.1179466 0.2454888 0.2009688 0.1428437 0.1873104 0.1467573 0.2200198 0.1286463 0.2008690 0.1806858 0.1771250 0.1767109 0.1904524 0.1990692 0.1920559 0.0689605 0.2089465 0.1756381 0.1726690 0.1741992 0.2535995 0.1839712 0.1853595 0.1513931 0.1891859 0.1881265 0.1626709 0.0000000 0.0550862 0.0931736 0.1116657 0.1315760 0.1706148 0.1180183 0.2200635 0.1676497 0.1664972 0.1792666 0.1807509 0.1888168 0.2088490 0.1755948 0.2130084 0.1738615 0.1865591 0.1754604 0.1759746 0.2104612 0.1894450 0.1704186 0.1754615 0.1885368 0.1840571 0.1334363 0.1794499 0.1760020 0.1508343 0.1698186 0.1269140 0.1627315 0.2139679 0.1489719 0.1862729 0.1433505 0.1844221 0.2174602 0.2052105 0.1172765 0.1682969 0.1851026 0.0539335 0.1774947 0.1764865 0.1696713 0.2107966 0.2259326 0.2069475 0.1739998 0.1889799 0.1186286 0.1758786 0.1066345 0.0597839 0.2677258 
Perityle_crassifolia_74_playa_balandra     0.0757275 0.1228741 0.0793820 0.2036225 0.2042698 0.0993451 0.1504632 0.2082687 0.1872428 0.1565907 0.2126254 0.2016382 0.2008204 0.1984560 0.2597164 0.2166233 0.1328167 0.1257636 0.2279910 0.1942764 0.1955913 0.1991037 0.2263679 0.1890465 0.2070914 0.1669294 0.2016686 0.2160928 0.1991022 0.0550862 0.0000000 0.1157886 0.1358234 0.1602099 0.1988561 0.0794943 0.2143962 0.2007546 0.1840652 0.2114510 0.1922702 0.1929898 0.2012898 0.2008159 0.2041931 0.1853124 0.2139875 0.1987519 0.2013476 0.2012831 0.2241542 0.1977297 0.2024097 0.2016581 0.2036905 0.1667363 0.1850265 0.2000089 0.1956904 0.1936977 0.1764868 0.2496210 0.1994659 0.1678812 0.2108574 0.1665245 0.1997950 0.2235920 0.2019991 0.1111252 0.1963654 0.1904019 0.0828313 0.2032789 0.2107391 0.1935941 0.1658694 0.2473665 0.2259338 0.1956961 0.2135440 0.1605591 0.2012135 0.1278103 0.1131260 0.2432989 
Perityle_cuneata_34_cuneata_San_antonio    0.1745354 0.0816558 0.1706683 0.2629558 0.2070386 0.1211694 0.2669752 0.1310725 0.2180000 0.1819595 0.2723375 0.3034560 0.2058005 0.2382979 0.1977050 0.2629493 0.1629364 0.0452760 0.3855436 0.2863082 0.2518413 0.3012248 0.2443990 0.3078658 0.2539371 0.1420588 0.2985232 0.2957731 0.1421168 0.0931736 0.1157886 0.0000000 0.2195760 0.1786731 0.3023389 0.0895311 0.2586076 0.2585680 0.2625340 0.2774528 0.2922912 0.2547062 0.2704280 0.2639461 0.1787876 0.2832351 0.2922625 0.2929345 0.3042292 0.2475467 0.1921157 0.2510217 0.2441582 0.2798105 0.1847623 0.1619775 0.1639155 0.1635279 0.2642462 0.2946331 0.1502570 0.3240912 0.3378106 0.1395604 0.3053051 0.1671294 0.2846765 0.2215728 0.3182700 0.1220975 0.1584068 0.3085945 0.0828099 0.2561119 0.2717384 0.2282377 0.1902788 0.2983338 0.3505941 0.2692810 0.2479764 0.1057226 0.2680505 0.0540486 0.0362201 0.2173176 
Perityle_cuneata_4                         0.1359821 0.1049344 0.1467216 0.3045389 0.1905289 0.1328102 0.2936099 0.1449311 0.2257927 0.1366058 0.1979323 0.2183215 0.1880925 0.2167384 0.1954385 0.1936780 0.1450574 0.1023977 0.2922291 0.2143860 0.1866949 0.2153162 0.2570994 0.2439188 0.1975090 0.1382541 0.2252868 0.2061212 0.1577915 0.1116657 0.1358234 0.2195760 0.0000000 0.1415915 0.2045701 0.1128200 0.2115568 0.1786327 0.1914933 0.1885256 0.2481886 0.1989202 0.1966369 0.1913551 0.1903739 0.2329292 0.2492584 0.2042182 0.2245175 0.2034858 0.1966807 0.1871089 0.2289115 0.2059810 0.1951672 0.1850295 0.1875532 0.1894647 0.2063098 0.2371830 0.1696826 0.3341112 0.3024670 0.1504005 0.2355863 0.1548880 0.2069914 0.2111368 0.2229826 0.1325422 0.1615593 0.2387813 0.1736258 0.1862882 0.2097159 0.2024483 0.2055302 0.2731156 0.3345601 0.1876557 0.2059334 0.1287524 0.1909383 0.1907623 0.0943737 0.2122373 
Perityle_discoidea_81                      0.0708425 0.0589831 0.0557700 0.2885121 0.1748055 0.1371302 0.2506803 0.1720858 0.2255281 0.0029582 0.1892496 0.1746491 0.1694885 0.1843200 0.1997596 0.1705786 0.1197118 0.1393901 0.2486535 0.1697106 0.1738963 0.1719230 0.2646170 0.1787414 0.1756671 0.1245531 0.1703799 0.1759388 0.0942442 0.1315760 0.1602099 0.1786731 0.1415915 0.0000000 0.1685949 0.0352240 0.1936439 0.1645113 0.1200606 0.1611945 0.1904268 0.1811959 0.1833465 0.1695955 0.1663102 0.1162724 0.1899546 0.1676127 0.1725965 0.1863970 0.1705172 0.1688785 0.1933764 0.1747569 0.1810647 0.1412410 0.1577439 0.1783489 0.1878097 0.1667310 0.1378612 0.2670754 0.2439322 0.1297427 0.1867997 0.1097327 0.1736541 0.2102752 0.1885545 0.1267460 0.1462403 0.1797269 0.1730639 0.1702287 0.1939903 0.1829207 0.1668467 0.2514259 0.3207347 0.1774769 0.1872778 0.1196144 0.1708230 0.1753711 0.1309588 0.1716287 
Perityle_dissecta_201                      0.1606821 0.1265791 0.1716169 0.2791233 0.0980748 0.0978289 0.3088536 0.1702907 0.2197015 0.1624681 0.0989067 0.0449692 0.0417727 0.0560856 0.1018001 0.0514555 0.0323091 0.2956856 0.1816344 0.0339089 0.0392956 0.0426840 0.1823545 0.0519495 0.0411779 0.0383521 0.0577970 0.0684631 0.1385535 0.1706148 0.1988561 0.3023389 0.2045701 0.1685949 0.0000000 0.1433617 0.0750402 0.0375984 0.2061140 0.0497334 0.0721786 0.0504561 0.0712821 0.0394090 0.0662669 0.2252308 0.0572568 0.0413426 0.0464015 0.0706408 0.0448991 0.0416666 0.0643079 0.0607797 0.0464539 0.2009161 0.0481662 0.0569598 0.0478307 0.0442676 0.2005911 0.3318121 0.1697729 0.0449317 0.0401723 0.1610375 0.0532967 0.1070356 0.0879488 0.0336879 0.0267416 0.0528208 0.2540566 0.0395264 0.0432134 0.0553456 0.0573847 0.1631483 0.2028312 0.0424729 0.0433869 0.1687650 0.0413644 0.2953538 0.1666301 0.1013415 
Perityle_emoryi_47_punta_san_jose          0.0540755 0.0503069 0.0507818 0.2555208 0.1456088 0.1397721 0.2356685 0.1399205 0.2200166 0.0330988 0.1555691 0.1494602 0.1478946 0.1515713 0.1807908 0.1441776 0.1174425 0.1092595 0.1888914 0.1411350 0.1514991 0.1403257 0.2305737 0.1505316 0.1520326 0.1039050 0.1443095 0.1504851 0.0700834 0.1180183 0.0794943 0.0895311 0.1128200 0.0352240 0.1433617 0.0000000 0.1548888 0.1377308 0.0890916 0.1383575 0.1490429 0.1535270 0.1462197 0.1367503 0.1461836 0.0892614 0.1502414 0.1378030 0.1412181 0.1499473 0.1583280 0.1382808 0.1460804 0.1434045 0.1694205 0.1083677 0.1545472 0.1686207 0.1537457 0.1390745 0.1155901 0.2453313 0.1753619 0.1262523 0.1616582 0.0836594 0.1419519 0.1942252 0.1461838 0.1221131 0.1322447 0.1505295 0.0940323 0.1416855 0.1547638 0.1500800 0.1350249 0.1961804 0.3055696 0.1465175 0.1610721 0.0983855 0.1393429 0.0996908 0.0984110 0.1459144 
Perityle_feddemae_99                       0.1802805 0.1429780 0.1876593 0.3008072 0.1190693 0.1108480 0.3463478 0.1957536 0.2162945 0.1897514 0.1250220 0.0798456 0.0804881 0.1024968 0.1326562 0.0820532 0.0718005 0.3253985 0.1515947 0.0810760 0.0774101 0.0799944 0.2097596 0.0798320 0.0789393 0.0801844 0.0766742 0.0945302 0.1910816 0.2200635 0.2143962 0.2586076 0.2115568 0.1936439 0.0750402 0.1548888 0.0000000 0.0728249 0.2354115 0.0774623 0.1017082 0.0823794 0.0211687 0.0784898 0.0240192 0.2227564 0.1060950 0.0757028 0.0757186 0.0232300 0.0858011 0.0778391 0.1164907 0.0770055 0.0898372 0.2284350 0.0857799 0.0850521 0.0843488 0.0791776 0.2359139 0.3555955 0.1602759 0.0722861 0.0803106 0.1996134 0.0738782 0.1167217 0.0947518 0.0800978 0.0746468 0.0804447 0.2626585 0.0794883 0.0868743 0.0995373 0.1115756 0.1928489 0.1902396 0.0733892 0.0830819 0.2126953 0.0808135 0.2654855 0.1929140 0.1156488 
Perityle_fosteri_93                        0.1596182 0.1316324 0.1707848 0.2832076 0.0994877 0.1059914 0.3155907 0.1795667 0.2233954 0.1637528 0.1013980 0.0413178 0.0386884 0.0650210 0.1065108 0.0480015 0.0489318 0.3002079 0.1449489 0.0321733 0.0461526 0.0328917 0.1738567 0.0493007 0.0410847 0.0419101 0.0542452 0.0592014 0.1433852 0.1676497 0.2007546 0.2585680 0.1786327 0.1645113 0.0375984 0.1377308 0.0728249 0.0000000 0.1945658 0.0484788 0.0782991 0.0509607 0.0670760 0.0266117 0.0667257 0.1833059 0.0632999 0.0356921 0.0275881 0.0683169 0.0389261 0.0331291 0.0713406 0.0536972 0.0468154 0.1982136 0.0485510 0.0584259 0.0277027 0.0336813 0.2055788 0.3431733 0.1534552 0.0502062 0.0485386 0.1578517 0.0507871 0.1091145 0.0895691 0.0345822 0.0359789 0.0502277 0.2448546 0.0327738 0.0304402 0.0641815 0.0587921 0.1655174 0.2132428 0.0443049 0.0464296 0.1727078 0.0321824 0.2542156 0.1636956 0.0986778 
Perityle_gamon_221                         0.1231792 0.0968489 0.1359154 0.3259708 0.2113014 0.1447816 0.2758809 0.1654412 0.2589392 0.1158128 0.2166176 0.2156756 0.1968759 0.2247511 0.2075839 0.1928686 0.1959834 0.1448823 0.3713181 0.2122855 0.2040389 0.2114472 0.2576173 0.2143089 0.2081508 0.1542638 0.2196548 0.2134520 0.0605838 0.1664972 0.1840652 0.2625340 0.1914933 0.1200606 0.2061140 0.0890916 0.2354115 0.1945658 0.0000000 0.1940030 0.2479835 0.2062780 0.2258127 0.1996036 0.2140183 0.1027421 0.2810573 0.2052792 0.2129754 0.2250528 0.2085321 0.1960166 0.2507498 0.2168991 0.2037062 0.1535115 0.1834075 0.2039430 0.2084765 0.2063430 0.0774279 0.2348456 0.3389726 0.1548565 0.2253527 0.0414823 0.2159514 0.2541220 0.2366768 0.1279938 0.1871734 0.2148980 0.2459832 0.1990260 0.2058787 0.2217611 0.1997743 0.3029713 0.2472884 0.2021468 0.2164872 0.0592624 0.1989534 0.2531650 0.1376110 0.2565731 
Perityle_gentryi_8_san_francisco           0.1551086 0.1260904 0.1652472 0.2882670 0.1094890 0.1054699 0.3224943 0.1653108 0.2293216 0.1554501 0.1101159 0.0478661 0.0502866 0.0707814 0.1068200 0.0296439 0.0406243 0.3110237 0.1701933 0.0455800 0.0514598 0.0462639 0.1891350 0.0531532 0.0468538 0.0469647 0.0666167 0.0655338 0.1419975 0.1792666 0.2114510 0.2774528 0.1885256 0.1611945 0.0497334 0.1383575 0.0774623 0.0484788 0.1940030 0.0000000 0.0863258 0.0551223 0.0709311 0.0443033 0.0684278 0.1959305 0.0776466 0.0479442 0.0504531 0.0709677 0.0607026 0.0437248 0.0811601 0.0663900 0.0542038 0.1991048 0.0634953 0.0668643 0.0509099 0.0484709 0.2013229 0.3333991 0.1691575 0.0591511 0.0554487 0.1553054 0.0590032 0.1139107 0.0938577 0.0614185 0.0425910 0.0569820 0.2550736 0.0454807 0.0489527 0.0692797 0.0798714 0.1748784 0.2394032 0.0464058 0.0612315 0.1704136 0.0474669 0.2810818 0.1760197 0.1072194 
Perityle_gilensis_22_Superstition          0.1761795 0.1272434 0.1764884 0.2779476 0.1110221 0.0899833 0.3252658 0.1724897 0.2153034 0.1801317 0.1201975 0.0842093 0.0717033 0.0512456 0.1124407 0.0797999 0.0460270 0.2884189 0.1926395 0.0725024 0.0648298 0.0791046 0.1750295 0.0773132 0.0721166 0.0521232 0.0806116 0.0923963 0.1563603 0.1807509 0.1922702 0.2922912 0.2481886 0.1904268 0.0721786 0.1490429 0.1017082 0.0782991 0.2479835 0.0863258 0.0000000 0.0795446 0.0890652 0.0819989 0.0630495 0.2493256 0.0539115 0.0797946 0.0859259 0.0880902 0.0580447 0.0805176 0.0762541 0.0828425 0.0587792 0.2074135 0.0556110 0.0538615 0.1035339 0.0799226 0.2024660 0.3425369 0.1673138 0.0441003 0.0741064 0.1915126 0.0764791 0.0990482 0.1016822 0.0438415 0.0496130 0.0748385 0.2372752 0.0845005 0.0941489 0.0508188 0.0748781 0.1471130 0.2385634 0.0707996 0.0804402 0.1798672 0.0819385 0.2745960 0.1559153 0.0963634 
Perityle_gilensis_salensis_225             0.1665727 0.1435575 0.1854237 0.2924661 0.1090456 0.1092852 0.3146633 0.1813763 0.2485439 0.1700076 0.1113236 0.0551703 0.0548517 0.0727582 0.1144619 0.0616497 0.0496689 0.3124865 0.1434608 0.0449122 0.0462064 0.0511965 0.1808823 0.0016190 0.0513226 0.0519385 0.0683442 0.0736593 0.1570599 0.1888168 0.1929898 0.2547062 0.1989202 0.1811959 0.0504561 0.1535270 0.0823794 0.0509607 0.2062780 0.0551223 0.0795446 0.0000000 0.0727806 0.0492065 0.0722599 0.1750513 0.0758277 0.0459165 0.0543739 0.0762026 0.0585610 0.0488132 0.0797202 0.0674903 0.0638053 0.2114708 0.0576176 0.0669880 0.0566165 0.0522044 0.2201142 0.3232383 0.1452603 0.0548922 0.0551340 0.1726858 0.0619920 0.1140567 0.0919527 0.0543937 0.0443713 0.0064908 0.2494846 0.0539311 0.0588760 0.0637158 0.0732647 0.1694254 0.2379074 0.0432542 0.0617561 0.1833914 0.0534186 0.2594217 0.1807235 0.1043693 
Perityle_glaucescens_94                    0.1679218 0.1343721 0.1726858 0.2872506 0.1028758 0.0930009 0.3352549 0.1906676 0.2051365 0.1733517 0.1032218 0.0750382 0.0698120 0.0891038 0.1256811 0.0694609 0.0584054 0.3166643 0.1594870 0.0691323 0.0685527 0.0697760 0.1998313 0.0734538 0.0672662 0.0679241 0.0753854 0.0837356 0.1739295 0.2088490 0.2012898 0.2704280 0.1966369 0.1833465 0.0712821 0.1462197 0.0211687 0.0670760 0.2258127 0.0709311 0.0890652 0.0727806 0.0000000 0.0692149 0.0116182 0.2150566 0.0946815 0.0660501 0.0706915 0.0118944 0.0789793 0.0714340 0.1024796 0.0724947 0.0802559 0.2173670 0.0760945 0.0761333 0.0759372 0.0704842 0.2208616 0.3711432 0.1664330 0.0663144 0.0748170 0.1890200 0.0671151 0.1062395 0.0894443 0.0673021 0.0609229 0.0737258 0.2724634 0.0722347 0.0800693 0.0885524 0.1013763 0.1771826 0.2263368 0.0652033 0.0703172 0.1979219 0.0713067 0.2813491 0.1855757 0.1039246 
Perityle_gracilis_11                       0.1597216 0.1339958 0.1660896 0.2885750 0.1008887 0.0988466 0.3081243 0.1751080 0.2314177 0.1646811 0.1039096 0.0405145 0.0217247 0.0552089 0.1027503 0.0484969 0.0294168 0.2943543 0.1570679 0.0374299 0.0444986 0.0185368 0.1749845 0.0479317 0.0445730 0.0224474 0.0556995 0.0605791 0.1418345 0.1755948 0.2008159 0.2639461 0.1913551 0.1695955 0.0394090 0.1367503 0.0784898 0.0266117 0.1996036 0.0443033 0.0819989 0.0492065 0.0692149 0.0000000 0.0683934 0.2075389 0.0694778 0.0122774 0.0215314 0.0712533 0.0371142 0.0206465 0.0673852 0.0570993 0.0470014 0.1936683 0.0448899 0.0641108 0.0183992 0.0196518 0.1990613 0.3333650 0.1668080 0.0531910 0.0426043 0.1564954 0.0550717 0.1076804 0.0878469 0.0351647 0.0299778 0.0484787 0.2465455 0.0201387 0.0232022 0.0621094 0.0489228 0.1677459 0.1964988 0.0442691 0.0446340 0.1666611 0.0199167 0.2662034 0.1699293 0.1028300 
