83
Amauria_brandeegeana_62                    0.0000000 0.2461386 0.0238647 0.2124035 0.1228805 0.1386857 0.2796075 0.3356713 0.2253725 0.0230449 0.2030972 0.1669687 0.1453601 0.1682794 0.1395636 0.1465774 0.1383403 0.1973498 0.1980181 0.1272488 0.1385166 0.1253737 0.1422040 0.1660983 0.1338980 0.1627548 0.3040175 0.2304464 0.2193663 0.1821768 0.2062853 0.1890584 0.0173888 0.1431458 0.1869073 0.1584203 0.2245579 0.1527798 0.1597522 0.1576889 0.2363417 0.1301327 0.2053531 0.2371582 0.1583409 0.1577184 0.1511873 0.1744818 0.1454432 0.1395488 0.1501297 0.1918884 0.1546297 0.1917107 0.2203865 0.2368964 0.1290230 0.1476749 0.2098399 0.2461256 0.4071351 0.2793582 0.1678783 0.2166202 0.2776408 0.1542826 0.1800949 0.1487921 0.1494378 0.1673396 0.1835465 0.1602214 0.1420908 0.1603492 0.1277050 0.2756502 0.2359381 0.1640411 0.1322727 0.3163036 0.1568808 0.1899124 0.2079826 
Amauria_carterae_99_mesa                   0.2461386 0.0000000 0.2384120 0.3532300 0.2583972 0.2272465 0.3180753 0.2612061 0.2555475 0.2464369 0.2723645 0.2659541 0.2685688 0.3051222 0.2735613 0.2726213 0.1800665 0.1899533 0.2732975 0.2697162 0.2700928 0.2753099 0.3623972 0.2733607 0.2666399 0.2681659 0.1668455 0.3183560 0.3559849 0.4866009 0.2816097 0.3047387 0.2481543 0.2876795 0.2605149 0.2626976 0.2851494 0.2729106 0.2614313 0.2771176 0.2945310 0.2667833 0.2581869 0.3096204 0.2675598 0.2664358 0.2680093 0.2802498 0.2712998 0.2563813 0.2641335 0.2783573 0.2733654 0.2567242 0.1582513 0.1388484 0.2689084 0.2700345 0.3055563 0.3416760 0.2533072 0.2260116 0.2673125 0.3192933 0.1673118 0.2741030 0.2819999 0.2619985 0.2591693 0.2733607 0.1999385 0.2732915 0.2698813 0.2695512 0.2762713 0.3179695 0.3368865 0.2782043 0.2649349 0.4148662 0.2700345 0.2152055 0.1511709 
Amauria_rotundifolia_SRR9119150            0.0238647 0.2384120 0.0000000 0.2150507 0.1233226 0.1328298 0.2819473 0.3289071 0.2268166 0.0309380 0.1937700 0.1560763 0.1412647 0.1645040 0.1327809 0.1389400 0.1348618 0.2014852 0.1916000 0.1238572 0.1315405 0.1192902 0.1142962 0.1616987 0.1299850 0.1549819 0.3020865 0.2204435 0.2142979 0.1655490 0.2052865 0.1842662 0.0256798 0.1397126 0.1615868 0.1537755 0.2164279 0.1495587 0.1592522 0.1480835 0.2180435 0.1244884 0.1769356 0.2174013 0.1533889 0.1489015 0.1478957 0.1696585 0.1417843 0.1374733 0.1401960 0.1773171 0.1480165 0.1924801 0.2241184 0.2395473 0.1239048 0.1433759 0.2041941 0.2513345 0.4091648 0.2812825 0.1559405 0.2088301 0.2806717 0.1490747 0.1709317 0.1391982 0.1404388 0.1710829 0.1813724 0.1513632 0.1379473 0.1543106 0.1244395 0.2477600 0.2323475 0.1552909 0.1267339 0.3088998 0.1480634 0.2005892 0.2073872 
Conoclinium_coelestinum_SRR9119114         0.2124035 0.3532300 0.2150507 0.0000000 0.2154122 0.2462151 0.2283944 0.3318287 0.2403887 0.2207556 0.2393005 0.2135802 0.2167658 0.2363120 0.2198577 0.2282980 0.1787877 0.2240475 0.2741069 0.2205908 0.2321115 0.2191883 0.2645669 0.2265272 0.2247899 0.2267007 0.3708446 0.2946339 0.3086249 0.3293513 0.2712753 0.2937356 0.2159675 0.2241044 0.2295277 0.2374027 0.2922929 0.2365422 0.2371363 0.2281306 0.2743735 0.2108844 0.2223715 0.2765065 0.2367191 0.2180342 0.2178465 0.2530887 0.2244819 0.2224269 0.2209619 0.2349603 0.2290955 0.2495593 0.2898280 0.3028619 0.2179604 0.2191472 0.3029276 0.3501540 0.3694523 0.3438144 0.2118531 0.3133227 0.3453393 0.2264048 0.2293265 0.2082436 0.2336246 0.2265272 0.2439838 0.2244512 0.2138432 0.2177028 0.2297027 0.2945451 0.3088770 0.2227952 0.2064473 0.3586027 0.2179083 0.2230005 0.2794953 
Eutetras_palmeri_63                        0.1228805 0.2583972 0.1233226 0.2154122 0.0000000 0.0312640 0.2932703 0.3510714 0.2871687 0.1198768 0.1272634 0.1195887 0.1194161 0.1540568 0.1277204 0.1383152 0.1096005 0.1812960 0.2334636 0.1207890 0.1364348 0.1279974 0.1809568 0.1283745 0.1274110 0.1222393 0.2894908 0.2232673 0.2485278 0.2489494 0.1815387 0.2103962 0.1225286 0.1287954 0.1535512 0.1336688 0.1955302 0.1446164 0.1244623 0.1297512 0.1906072 0.1175692 0.1510948 0.2006876 0.1328133 0.1170739 0.1196639 0.1975824 0.1247094 0.1128300 0.1225149 0.1484843 0.1316745 0.2225408 0.2456362 0.2533658 0.1200343 0.1188317 0.2531569 0.2953365 0.4379994 0.2739025 0.1210956 0.2401027 0.2694877 0.1478021 0.1381383 0.1483166 0.1357445 0.1283745 0.1914442 0.1232912 0.1190606 0.1235908 0.1172085 0.2216189 0.2400790 0.1213197 0.1165369 0.3431429 0.1179640 0.1810933 0.2049628 
Eutetras_pringlei_149_quer                 0.1386857 0.2272465 0.1328298 0.2462151 0.0312640 0.0000000 0.2291119 0.3161323 0.3296056 0.1430239 0.1475134 0.1348842 0.1398258 0.2101380 0.1440670 0.1480401 0.1375580 0.1764211 0.2292660 0.1418945 0.1579479 0.1397287 0.1862398 0.1444179 0.1559585 0.1418264 0.2429256 0.2405131 0.2191410 0.2495664 0.2107845 0.2367582 0.1447833 0.1483848 0.1823450 0.1555698 0.1965595 0.1534447 0.1399042 0.1443146 0.1962467 0.1358343 0.1847116 0.2118273 0.1529709 0.1377412 0.1418945 0.2046444 0.1433753 0.1324900 0.1372020 0.1364891 0.1459024 0.2720160 0.2364030 0.2626377 0.1436544 0.1397146 0.2489135 0.2470328 0.3230051 0.2087495 0.1433353 0.2674479 0.2864465 0.1505049 0.1507241 0.1229349 0.1554947 0.1444179 0.2107075 0.1458153 0.1383923 0.1427223 0.1419154 0.1748597 0.3000448 0.1437241 0.1328629 0.3164115 0.1397146 0.1418904 0.2234923 
Eutrochium_fistulosum_SRR9119106           0.2796075 0.3180753 0.2819473 0.2283944 0.2932703 0.2291119 0.0000000 0.3559121 0.2430571 0.2826063 0.3112664 0.2962090 0.2543657 0.3053914 0.2497902 0.2903474 0.1891294 0.2838615 0.2929772 0.2829696 0.2915242 0.2842483 0.2838115 0.2914849 0.2940535 0.2936396 0.3945765 0.3301468 0.3743028 0.3670441 0.3662270 0.3088915 0.2665459 0.2934281 0.2974628 0.2909262 0.3318951 0.2672357 0.2394337 0.2925000 0.3564604 0.2622491 0.2924377 0.3513459 0.2880756 0.2869462 0.2889983 0.3358870 0.2893755 0.2281972 0.2830398 0.3142586 0.2943111 0.2684602 0.2740125 0.3038499 0.2878213 0.2902395 0.3527888 0.3511246 0.4413799 0.3697092 0.2946932 0.3856579 0.3874526 0.3232350 0.3268252 0.2540801 0.2907430 0.2914849 0.2900525 0.2897560 0.2880304 0.2857094 0.2423809 0.3998775 0.3934338 0.2910477 0.2694710 0.4329509 0.2880838 0.2898140 0.2603857 
Galeana_pratensis_104_mex                  0.3356713 0.2612061 0.3289071 0.3318287 0.3510714 0.3161323 0.3559121 0.0000000 0.3937887 0.3167670 0.3725760 0.3491229 0.3489466 0.3728506 0.3541316 0.3448852 0.2598425 0.2792607 0.3390927 0.3515872 0.3483572 0.3520006 0.3500271 0.3486980 0.3515956 0.3492482 0.2575948 0.4072885 0.3490826 0.4389034 0.3579097 0.3823544 0.3139716 0.3654081 0.3530500 0.3524867 0.3578198 0.3443452 0.3483334 0.3574254 0.3651807 0.3517156 0.3522758 0.3765690 0.3489783 0.3545944 0.3601590 0.3525148 0.3512379 0.3488262 0.3398529 0.3478294 0.3573581 0.3294924 0.2166136 0.2667539 0.3489466 0.3494633 0.3465070 0.2736620 0.3081206 0.3111249 0.3515593 0.4096199 0.2675102 0.3766773 0.3843367 0.2380942 0.3480186 0.3486980 0.3062431 0.3492858 0.3515039 0.3482844 0.2984526 0.4008382 0.3795151 0.3597800 0.3490113 0.3935281 0.3494633 0.2766377 0.2210160 
Helianthus_annuus_SRR9119062               0.2253725 0.2555475 0.2268166 0.2403887 0.2871687 0.3296056 0.2430571 0.3937887 0.0000000 0.2385799 0.2716040 0.2081584 0.2250975 0.2591815 0.2296397 0.2388468 0.2278376 0.2608969 0.3065814 0.2229061 0.2330423 0.2244655 0.2665812 0.2214367 0.2185611 0.2303365 0.2992671 0.2650670 0.3066199 0.4304561 0.2621741 0.2717599 0.2383533 0.2178517 0.2048192 0.2171874 0.2278450 0.2499771 0.2255746 0.2237395 0.2702474 0.2210202 0.2006964 0.2420426 0.2190863 0.2205359 0.2250318 0.2359698 0.2210233 0.2199431 0.2217030 0.2286573 0.2284983 0.2741792 0.3005506 0.2726269 0.2192580 0.2251561 0.3506633 0.3131066 0.3488324 0.3087203 0.2139379 0.2724819 0.2573368 0.2779860 0.2661658 0.2323396 0.2174081 0.2214367 0.2554071 0.2252162 0.2194193 0.2234929 0.2499756 0.3447270 0.3020031 0.2234192 0.2034101 0.3822852 0.2229115 0.2596377 0.2617754 
Lycapsus_tenuifolius_17                    0.0230449 0.2464369 0.0309380 0.2207556 0.1198768 0.1430239 0.2826063 0.3167670 0.2385799 0.0000000 0.1489832 0.1344191 0.1280783 0.1535671 0.1429413 0.1369249 0.1204101 0.2146835 0.2052723 0.1293043 0.1428021 0.1318532 0.1141147 0.1342528 0.1301303 0.1348107 0.2699201 0.2144692 0.2157731 0.1700522 0.1833102 0.1959520 0.0029385 0.1371224 0.1410523 0.1378712 0.1997279 0.1374837 0.1355411 0.1349243 0.1751000 0.1260402 0.1385826 0.1868829 0.1291629 0.1292838 0.1282870 0.1621293 0.1331864 0.1248459 0.1303630 0.1567180 0.1446733 0.1973275 0.2278083 0.2427982 0.1244082 0.1293150 0.2232807 0.2397257 0.4157657 0.2840848 0.1318362 0.2178155 0.2793179 0.1546979 0.1389819 0.1413063 0.1354014 0.1342528 0.1927836 0.1349839 0.1316528 0.1307254 0.1334919 0.2239853 0.2168878 0.1338117 0.1281041 0.3116061 0.1293493 0.2083447 0.2154338 
Pericome_caudata_50_silver                 0.2030972 0.2723645 0.1937700 0.2393005 0.1272634 0.1475134 0.3112664 0.3725760 0.2716040 0.1489832 0.0000000 0.1556263 0.1399943 0.1768612 0.1422670 0.1571791 0.1364043 0.1908815 0.2234467 0.1333245 0.1496222 0.1358690 0.2304105 0.1672345 0.1442399 0.1725771 0.3312993 0.2188230 0.2636668 0.2639654 0.2014305 0.2174201 0.1502355 0.1621555 0.2060006 0.1640318 0.2213479 0.1553433 0.1516355 0.1683810 0.2479994 0.1341697 0.2095936 0.2369649 0.1749437 0.1632631 0.1604792 0.1914209 0.1584899 0.1384222 0.1594999 0.1870792 0.1629147 0.2312448 0.2890251 0.2587851 0.1471224 0.1447491 0.2420844 0.3200425 0.4081045 0.3005422 0.1569165 0.2330289 0.2986541 0.1135849 0.1552631 0.1739934 0.1682358 0.1687759 0.1752053 0.1685114 0.1380717 0.1690929 0.1618211 0.2584634 0.2643869 0.1652892 0.1233944 0.3392379 0.1631991 0.1975759 0.2075334 
Perityle_aglossa_84_dead_horse             0.1669687 0.2659541 0.1560763 0.2135802 0.1195887 0.1348842 0.2962090 0.3491229 0.2081584 0.1344191 0.1556263 0.0000000 0.0214875 0.0417132 0.0270409 0.0611847 0.0253373 0.1611765 0.1460596 0.0198344 0.0265160 0.0210253 0.0663976 0.0506075 0.0233078 0.0313718 0.2726040 0.1946941 0.2167461 0.2261686 0.1518196 0.1836809 0.1336442 0.0297489 0.1336326 0.0341167 0.1542968 0.0649104 0.0287770 0.0277787 0.1808499 0.0209843 0.1376968 0.1727239 0.0419537 0.0292507 0.0243971 0.1509268 0.0203219 0.0188441 0.0267107 0.0723107 0.0322155 0.1665480 0.2019285 0.1677580 0.0187727 0.0199197 0.2042782 0.2141942 0.4031239 0.1707583 0.0290480 0.1925143 0.1881609 0.1395921 0.1579708 0.0407829 0.0371468 0.0506075 0.1546488 0.0304452 0.0231915 0.0399443 0.0174083 0.2826096 0.1963859 0.0253696 0.0082812 0.2528002 0.0285997 0.1399998 0.1569725 
Perityle_ajoensis_204                      0.1453601 0.2685688 0.1412647 0.2167658 0.1194161 0.1398258 0.2543657 0.3489466 0.2250975 0.1280783 0.1399943 0.0214875 0.0000000 0.0437549 0.0089491 0.0588005 0.0155694 0.1877235 0.1651080 0.0080414 0.0178598 0.0055923 0.0645503 0.0517338 0.0196198 0.0125486 0.2073014 0.1947773 0.2282432 0.2202240 0.1519894 0.1780519 0.1294542 0.0186435 0.1171066 0.0336796 0.1450055 0.0635510 0.0450226 0.0144286 0.1569705 0.0064150 0.1156267 0.1420327 0.0281534 0.0083033 0.0092639 0.1485657 0.0116623 0.0051756 0.0147004 0.0688629 0.0063981 0.1693482 0.1993161 0.1569562 0.0036854 0.0069777 0.2045397 0.2354873 0.4114503 0.1513760 0.0210079 0.1797331 0.1653591 0.1417610 0.1313190 0.0381296 0.0294921 0.0549058 0.1690657 0.0105296 0.0096808 0.0099407 0.0014155 0.1795288 0.1982845 0.0125219 0.0179342 0.2696371 0.0066397 0.1688565 0.1526623 
Perityle_ambrosiifolia_67_green            0.1682794 0.3051222 0.1645040 0.2363120 0.1540568 0.2101380 0.3053914 0.3728506 0.2591815 0.1535671 0.1768612 0.0417132 0.0437549 0.0000000 0.0474350 0.0945905 0.0515654 0.2330803 0.1882860 0.0400047 0.0494989 0.0339287 0.0621053 0.0346922 0.0497707 0.0419942 0.2755276 0.2064368 0.2541428 0.2158441 0.1785780 0.1990748 0.1525790 0.0470926 0.1438207 0.0548287 0.1765097 0.0936734 0.0379182 0.0345901 0.1610851 0.0417873 0.1337961 0.1651069 0.0535117 0.0413293 0.0406117 0.1630830 0.0336834 0.0399783 0.0372218 0.0864911 0.0424990 0.1858624 0.2480136 0.1869136 0.0311947 0.0394717 0.2339007 0.2691057 0.4412098 0.1945053 0.0415998 0.1978057 0.2098663 0.1632399 0.1510153 0.0940585 0.0540707 0.0346922 0.2050588 0.0413699 0.0428999 0.0423151 0.0630073 0.2538885 0.2263772 0.0412880 0.0411170 0.2866014 0.0392256 0.2202677 0.1837644 
Perityle_angustifolia_13_Eagle_creek       0.1395636 0.2735613 0.1327809 0.2198577 0.1277204 0.1440670 0.2497902 0.3541316 0.2296397 0.1429413 0.1422670 0.0270409 0.0089491 0.0474350 0.0000000 0.0724685 0.0170507 0.1866031 0.1695594 0.0132096 0.0245535 0.0161647 0.0653059 0.0182109 0.0264528 0.0237846 0.2294498 0.2045199 0.2342143 0.2195615 0.1738052 0.1998802 0.1428736 0.0256159 0.1352763 0.0399592 0.1714242 0.0758355 0.0193216 0.0182184 0.1805058 0.0146689 0.1343113 0.1696762 0.0343104 0.0170999 0.0138775 0.1693537 0.0166368 0.0079488 0.0141370 0.0582845 0.0066000 0.1843798 0.1991989 0.1580941 0.0157752 0.0162988 0.2137480 0.2465710 0.4203218 0.1597348 0.0218186 0.2077422 0.1734554 0.1437146 0.1387921 0.0446668 0.0361250 0.0182109 0.1835038 0.0163417 0.0139284 0.0123512 0.0099586 0.1750217 0.2227996 0.0147177 0.0203007 0.2704253 0.0162729 0.1703608 0.1619681 
Perityle_batopilensis_97                   0.1465774 0.2726213 0.1389400 0.2282980 0.1383152 0.1480401 0.2903474 0.3448852 0.2388468 0.1369249 0.1571791 0.0611847 0.0588005 0.0945905 0.0724685 0.0000000 0.0640767 0.2129770 0.1454505 0.0584641 0.0704710 0.0660626 0.0796194 0.0741579 0.0599823 0.0710502 0.2622079 0.1930979 0.2402304 0.2041231 0.1753712 0.1953662 0.1373125 0.0640900 0.1464693 0.0643704 0.1699068 0.0110382 0.0646180 0.0681963 0.1771614 0.0600569 0.1345611 0.1788569 0.0733551 0.0661268 0.0636050 0.1574634 0.0644443 0.0569563 0.0647247 0.0849300 0.0702785 0.1839030 0.1952185 0.1825404 0.0627218 0.0581389 0.2176294 0.2401255 0.3944754 0.1844471 0.0648792 0.2003027 0.2087393 0.1556855 0.1552054 0.0677185 0.0698678 0.0741579 0.1863008 0.0659389 0.0586069 0.0635873 0.0636815 0.2522391 0.2053941 0.0642874 0.0567840 0.2835297 0.0630429 0.1962195 0.1615245 
Perityle_bisetosa_9                        0.1383403 0.1800665 0.1348618 0.1787877 0.1096005 0.1375580 0.1891294 0.2598425 0.2278376 0.1204101 0.1364043 0.0253373 0.0155694 0.0515654 0.0170507 0.0640767 0.0000000 0.1877526 0.1653779 0.0136394 0.0087295 0.0112469 0.0260669 0.0220499 0.0148821 0.0156649 0.1618222 0.1579707 0.1950493 0.0869343 0.1268991 0.1525953 0.1219673 0.0234534 0.0760284 0.0278311 0.1035289 0.0712838 0.0237519 0.0178450 0.1259798 0.0133406 0.0724387 0.1041312 0.0211664 0.0130009 0.0137804 0.1243608 0.0162905 0.0096907 0.0201845 0.0756116 0.0133701 0.1514734 0.1604138 0.0831164 0.0129627 0.0121209 0.1877889 0.2243890 0.3705444 0.0701593 0.0271439 0.1507602 0.0942109 0.1390428 0.1269996 0.0265745 0.0237201 0.0220499 0.1649048 0.0139014 0.0156575 0.0132597 0.0163674 0.1851595 0.1760086 0.0121236 0.0244753 0.2369802 0.0112493 0.1688866 0.1029727 
Perityle_californica_76_positas            0.1973498 0.1899533 0.2014852 0.2240475 0.1812960 0.1764211 0.2838615 0.2792607 0.2608969 0.2146835 0.1908815 0.1611765 0.1877235 0.2330803 0.1866031 0.2129770 0.1877526 0.0000000 0.2060716 0.1841522 0.1922032 0.1631227 0.1171302 0.1923295 0.1754802 0.1953427 0.3026364 0.2096804 0.2013750 0.4704736 0.0476835 0.1585994 0.2168721 0.1891324 0.1292915 0.1771852 0.1839871 0.2216735 0.2021483 0.1940514 0.1750050 0.1821035 0.1353035 0.1682175 0.1845453 0.1859294 0.1876763 0.1993853 0.1874363 0.1855802 0.1791556 0.2028272 0.1919952 0.2143414 0.2308720 0.1810361 0.1790389 0.1858679 0.2405671 0.2467581 0.4056121 0.2169920 0.1684801 0.2105542 0.2355426 0.1919480 0.2051933 0.2162596 0.1757734 0.1923295 0.0457258 0.1878075 0.1812766 0.1907471 0.2180819 0.2408500 0.2588881 0.1877686 0.1570925 0.3156234 0.1858679 0.0288389 0.2037106 
Perityle_canescens_77                      0.1980181 0.2732975 0.1916000 0.2741069 0.2334636 0.2292660 0.2929772 0.3390927 0.3065814 0.2052723 0.2234467 0.1460596 0.1651080 0.1882860 0.1695594 0.1454505 0.1653779 0.2060716 0.0000000 0.1650961 0.1656524 0.1666212 0.2249638 0.1689491 0.1658382 0.1713586 0.2629540 0.1812361 0.2211909 0.1791812 0.2062294 0.2180066 0.2053899 0.1633666 0.1348019 0.1694168 0.0996547 0.1570314 0.1718011 0.1688438 0.1839996 0.1651392 0.1304497 0.1257539 0.1671748 0.1636367 0.1667541 0.1751493 0.1697133 0.1613400 0.1668220 0.1716914 0.1683872 0.1769861 0.2444892 0.2454171 0.1634198 0.1649585 0.2114371 0.2154654 0.3480183 0.2389188 0.1455091 0.1821330 0.2504303 0.2243849 0.2240184 0.1907803 0.1697726 0.1689491 0.2352255 0.1683353 0.1621191 0.1656638 0.1756016 0.2344433 0.0959853 0.1697468 0.1426456 0.2363512 0.1649585 0.1999942 0.2239638 
Perityle_castillonii_96                    0.1272488 0.2697162 0.1238572 0.2205908 0.1207890 0.1418945 0.2829696 0.3515872 0.2229061 0.1293043 0.1333245 0.0198344 0.0080414 0.0400047 0.0132096 0.0584641 0.0136394 0.1841522 0.1650961 0.0000000 0.0185714 0.0092380 0.0655130 0.0132921 0.0199778 0.0110304 0.2368837 0.1849718 0.2280578 0.2199261 0.1464389 0.1781912 0.1273724 0.0205394 0.1148617 0.0299550 0.1643906 0.0648888 0.0161105 0.0132522 0.1509159 0.0093682 0.1087846 0.1473088 0.0239894 0.0096491 0.0089510 0.1447126 0.0111628 0.0040126 0.0105142 0.0468259 0.0091079 0.1708819 0.1976792 0.1570276 0.0077360 0.0075492 0.2096366 0.2385602 0.4103425 0.1532135 0.0212099 0.1824005 0.1852400 0.1512069 0.1355715 0.0352092 0.0284964 0.0132921 0.1678611 0.0110464 0.0111124 0.0097320 0.0042546 0.2209645 0.1944161 0.0096654 0.0206669 0.2727285 0.0068774 0.1667663 0.1532217 
Perityle_cernua_84                         0.1385166 0.2700928 0.1315405 0.2321115 0.1364348 0.1579479 0.2915242 0.3483572 0.2330423 0.1428021 0.1496222 0.0265160 0.0178598 0.0494989 0.0245535 0.0704710 0.0087295 0.1922032 0.1656524 0.0185714 0.0000000 0.0182867 0.0510418 0.0201513 0.0210951 0.0256957 0.2622457 0.2048123 0.2345969 0.2200567 0.1668407 0.2064402 0.1396209 0.0273285 0.1308796 0.0325188 0.1780611 0.0751911 0.0234924 0.0209157 0.1677232 0.0183719 0.1251517 0.1531965 0.0251670 0.0183124 0.0175047 0.1595658 0.0193550 0.0138619 0.0194776 0.0622021 0.0196659 0.1882463 0.2043074 0.1557311 0.0170473 0.0168042 0.2130621 0.2499149 0.4132645 0.1717037 0.0273709 0.2018854 0.2006783 0.1584279 0.1478158 0.0314984 0.0274772 0.0201513 0.1800592 0.0191189 0.0199388 0.0192783 0.0202713 0.2275285 0.2152569 0.0183032 0.0245811 0.2752899 0.0153472 0.1741181 0.1611624 
Perityle_cfvillosa_25_tin                  0.1253737 0.2753099 0.1192902 0.2191883 0.1279974 0.1397287 0.2842483 0.3520006 0.2244655 0.1318532 0.1358690 0.0210253 0.0055923 0.0339287 0.0161647 0.0660626 0.0112469 0.1631227 0.1666212 0.0092380 0.0182867 0.0000000 0.0645503 0.0132147 0.0206273 0.0166859 0.2610662 0.1950442 0.2317451 0.2250924 0.1626996 0.1921340 0.1282429 0.0208148 0.1255514 0.0307586 0.1764427 0.0682354 0.0153288 0.0132198 0.1661788 0.0086067 0.1199048 0.1572671 0.0265789 0.0097876 0.0082882 0.1572840 0.0116555 0.0035972 0.0116985 0.0511871 0.0127167 0.1766066 0.2095101 0.1598337 0.0082484 0.0067682 0.2048491 0.2382905 0.4035098 0.1566057 0.0202920 0.1922902 0.1795365 0.1443772 0.1357174 0.0365001 0.0280826 0.0132147 0.1556036 0.0106146 0.0099179 0.0108268 0.0046097 0.2122849 0.2039839 0.0098659 0.0169225 0.2687671 0.0060047 0.1702604 0.1660407 
Perityle_cinerea_113_Powell1310            0.1422040 0.3623972 0.1142962 0.2645669 0.1809568 0.1862398 0.2838115 0.3500271 0.2665812 0.1141147 0.2304105 0.0663976 0.0645503 0.0621053 0.0653059 0.0796194 0.0260669 0.1171302 0.2249638 0.0655130 0.0510418 0.0645503 0.0000000 0.1056454 0.0470993 0.0730345 0.4173548 0.2924508 0.2498909 0.2280441 0.2339344 0.3388742 0.1141147 0.0772040 0.1948341 0.0185518 0.2658216 0.0925887 0.0707044 0.0705738 0.3802709 0.0645503 0.1862285 0.2226451 0.0532123 0.1069600 0.0686309 0.2343378 0.0621053 0.0654584 0.0621053 0.0902716 0.0698383 0.2389657 0.3916469 0.3432491 0.0603366 0.0645503 0.2834583 0.2620072 0.4560465 0.1459187 0.1136935 0.2924508 0.2537206 0.1923214 0.1824747 0.0076181 0.0468675 0.1056454 0.2772675 0.0645503 0.0645503 0.0611389 0.0637737 0.2479774 0.2489680 0.0729958 0.0620924 0.2310437 0.1026970 0.1314967 0.3635919 
Perityle_coahuilensis_24                   0.1660983 0.2733607 0.1616987 0.2265272 0.1283745 0.1444179 0.2914849 0.3486980 0.2214367 0.1342528 0.1672345 0.0506075 0.0517338 0.0346922 0.0182109 0.0741579 0.0220499 0.1923295 0.1689491 0.0132921 0.0201513 0.0132147 0.1056454 0.0000000 0.0233766 0.0325124 0.3250705 0.2142467 0.2267486 0.2208572 0.1669705 0.1826370 0.1315515 0.0306208 0.1296017 0.0418352 0.1840461 0.0712118 0.0065623 0.0227682 0.2094850 0.0143506 0.1346519 0.2100764 0.0540537 0.0545344 0.0409833 0.1470816 0.0093407 0.0261269 0.0340987 0.1012199 0.0217054 0.1739165 0.1991783 0.1609844 0.0138754 0.0460512 0.2082803 0.2420040 0.4165872 0.1604810 0.1142676 0.1844895 0.1862625 0.1558951 0.1663578 0.0430581 0.0659679 0.0005175 0.1736798 0.0360436 0.0176004 0.0336082 0.0100449 0.3316607 0.2148782 0.0522757 0.0221715 0.2749718 0.0619412 0.1732838 0.1492245 
Perityle_cochisensis_44_cave_creek         0.1338980 0.2666399 0.1299850 0.2247899 0.1274110 0.1559585 0.2940535 0.3515956 0.2185611 0.1301303 0.1442399 0.0233078 0.0196198 0.0497707 0.0264528 0.0599823 0.0148821 0.1754802 0.1658382 0.0199778 0.0210951 0.0206273 0.0470993 0.0233766 0.0000000 0.0217991 0.2417959 0.1842751 0.2287468 0.2324200 0.1484399 0.1847676 0.1282179 0.0257472 0.1290873 0.0302001 0.1627994 0.0666140 0.0291254 0.0240480 0.1584462 0.0208615 0.1229751 0.1527060 0.0225478 0.0203867 0.0196165 0.1486465 0.0219302 0.0182865 0.0213059 0.0502255 0.0233273 0.1796887 0.2018745 0.1619807 0.0164075 0.0190082 0.2118026 0.2364022 0.4060113 0.1658853 0.0247267 0.1840577 0.1857048 0.1502863 0.1410252 0.0371585 0.0278911 0.0233766 0.1539735 0.0211089 0.0222017 0.0219494 0.0194150 0.2354917 0.2027894 0.0210323 0.0246128 0.2699166 0.0182437 0.1562198 0.1535784 
Perityle_congesta_202                      0.1627548 0.2681659 0.1549819 0.2267007 0.1222393 0.1418264 0.2936396 0.3492482 0.2303365 0.1348107 0.1725771 0.0313718 0.0125486 0.0419942 0.0237846 0.0710502 0.0156649 0.1953427 0.1713586 0.0110304 0.0256957 0.0166859 0.0730345 0.0325124 0.0217991 0.0000000 0.2714993 0.1915430 0.2332828 0.2202240 0.1600049 0.1799670 0.1331006 0.0281936 0.1353463 0.0387480 0.1600309 0.0727267 0.0186340 0.0172270 0.1817057 0.0119194 0.1384754 0.1726544 0.0315112 0.0134332 0.0105776 0.1528110 0.0166591 0.0053682 0.0194720 0.0701247 0.0280706 0.1748410 0.2072889 0.1597469 0.0114902 0.0109748 0.2077517 0.2411040 0.4166909 0.1523904 0.0287849 0.1917480 0.1865526 0.1519677 0.1619574 0.0412683 0.0312831 0.0325124 0.1704492 0.0130197 0.0112668 0.0285583 0.0042779 0.2734416 0.2159841 0.0153823 0.0221204 0.2732958 0.0115827 0.1733300 0.1561958 
Perityle_cordifolia_68_tecolote            0.3040175 0.1668455 0.3020865 0.3708446 0.2894908 0.2429256 0.3945765 0.2575948 0.2992671 0.2699201 0.3312993 0.2726040 0.2073014 0.2755276 0.2294498 0.2622079 0.1618222 0.3026364 0.2629540 0.2368837 0.2622457 0.2610662 0.4173548 0.3250705 0.2417959 0.2714993 0.0000000 0.3060178 0.4137563 0.4479622 0.3246430 0.3091549 0.2620867 0.2655059 0.2690915 0.2587657 0.2399748 0.2294009 0.2297603 0.2768619 0.3065853 0.2254931 0.2688691 0.2374347 0.2759684 0.2767886 0.2539810 0.2957246 0.2462874 0.1896965 0.2723610 0.3115542 0.2730636 0.2423293 0.0212536 0.0985200 0.2443373 0.2140057 0.3190777 0.3802933 0.4486294 0.1898638 0.2508247 0.3222811 0.1876930 0.3126856 0.3317914 0.2562918 0.2923170 0.3581932 0.2673449 0.2707883 0.2357600 0.2608284 0.2372460 0.4587371 0.3170313 0.2578667 0.2285407 0.4221995 0.2628752 0.2990970 0.1546171 
Perityle_coronopifolia_28_patagonia        0.2304464 0.3183560 0.2204435 0.2946339 0.2232673 0.2405131 0.3301468 0.4072885 0.2650670 0.2144692 0.2188230 0.1946941 0.1947773 0.2064368 0.2045199 0.1930979 0.1579707 0.2096804 0.1812361 0.1849718 0.2048123 0.1950442 0.2924508 0.2142467 0.1842751 0.1915430 0.3060178 0.0000000 0.2921852 0.2811709 0.2021987 0.2265658 0.2184998 0.1941604 0.1293007 0.1921738 0.1807729 0.1987761 0.2101571 0.1899194 0.1917117 0.1815605 0.1412476 0.1915594 0.1961239 0.1853240 0.1908957 0.1637331 0.1856927 0.1874168 0.1889653 0.2085538 0.2037775 0.1132258 0.2455364 0.2731393 0.1769478 0.1969170 0.1267746 0.2399254 0.3524326 0.3231115 0.2090265 0.0226975 0.2925480 0.2131022 0.1968888 0.2144923 0.1911932 0.2254176 0.1711045 0.1904098 0.1850664 0.1899936 0.2001036 0.2629669 0.1805687 0.1914254 0.1956644 0.1877625 0.1894797 0.2187015 0.2382815 
Perityle_crassifolia_70_ventanas           0.2193663 0.3559849 0.2142979 0.3086249 0.2485278 0.2191410 0.3743028 0.3490826 0.3066199 0.2157731 0.2636668 0.2167461 0.2282432 0.2541428 0.2342143 0.2402304 0.1950493 0.2013750 0.2211909 0.2280578 0.2345969 0.2317451 0.2498909 0.2267486 0.2287468 0.2332828 0.4137563 0.2921852 0.0000000 0.0100578 0.2270661 0.2151252 0.2173017 0.2341765 0.2119471 0.2300977 0.2287064 0.2412641 0.2440048 0.2306284 0.2806448 0.2281979 0.2119407 0.2222273 0.2382374 0.2282131 0.2279711 0.2704990 0.2278657 0.2279571 0.2245620 0.2541401 0.2314935 0.2619434 0.3215558 0.3543146 0.2184176 0.2296641 0.2816611 0.2827146 0.5295297 0.3297717 0.2190258 0.3029934 0.3724918 0.2440613 0.2510078 0.2342290 0.2262991 0.2267486 0.2303826 0.2325275 0.2304962 0.2300113 0.2109857 0.2601109 0.3083384 0.2331508 0.2135541 0.3727486 0.2296641 0.1776808 0.3066154 
Perityle_crassifolia_74_playa_balandra     0.1821768 0.4866009 0.1655490 0.3293513 0.2489494 0.2495664 0.3670441 0.4389034 0.4304561 0.1700522 0.2639654 0.2261686 0.2202240 0.2158441 0.2195615 0.2041231 0.0869343 0.4704736 0.1791812 0.2199261 0.2200567 0.2250924 0.2280441 0.2208572 0.2324200 0.2202240 0.4479622 0.2811709 0.0100578 0.0000000 0.2032214 0.2007631 0.1700522 0.2411675 0.2679690 0.2108196 0.2085316 0.2197182 0.2261613 0.2257633 0.2696218 0.2202240 0.2621828 0.2083383 0.2261617 0.2202240 0.2147246 0.2644600 0.2208572 0.2202240 0.2208572 0.2144047 0.2195615 0.2704566 0.4135226 0.5149795 0.2202240 0.2202240 0.3368256 0.2707852 0.4725851 0.3933793 0.2152160 0.3072258 0.5143714 0.2272315 0.2209538 0.2124685 0.2158318 0.2208572 0.3307260 0.2304127 0.2163497 0.2248417 0.2136870 0.2153662 0.2992096 0.2355699 0.2204772 0.3490637 0.2202240 0.0000010 0.4211198 
Perityle_cuneata_34_cuneata_San_antonio    0.2062853 0.2816097 0.2052865 0.2712753 0.1815387 0.2107845 0.3662270 0.3579097 0.2621741 0.1833102 0.2014305 0.1518196 0.1519894 0.1785780 0.1738052 0.1753712 0.1268991 0.0476835 0.2062294 0.1464389 0.1668407 0.1626996 0.2339344 0.1669705 0.1484399 0.1600049 0.3246430 0.2021987 0.2270661 0.2032214 0.0000000 0.1531441 0.1790481 0.1564009 0.1644938 0.1490002 0.2192146 0.1775259 0.1792279 0.1554037 0.1912562 0.1540301 0.1648059 0.1998388 0.1551199 0.1550497 0.1476262 0.1980488 0.1538783 0.1520471 0.1531728 0.1980492 0.1749276 0.2082643 0.2501114 0.2695732 0.1486124 0.1512327 0.2671588 0.2718536 0.4021495 0.3086050 0.1523153 0.2160002 0.3027531 0.1852057 0.1779827 0.1900076 0.1519892 0.1669705 0.0514310 0.1557996 0.1491636 0.1525232 0.1873263 0.2818507 0.2353131 0.1547310 0.1481756 0.3376942 0.1509993 0.0514746 0.2003090 
Perityle_cuneata_4                         0.1890584 0.3047387 0.1842662 0.2937356 0.2103962 0.2367582 0.3088915 0.3823544 0.2717599 0.1959520 0.2174201 0.1836809 0.1780519 0.1990748 0.1998802 0.1953662 0.1525953 0.1585994 0.2180066 0.1781912 0.2064402 0.1921340 0.3388742 0.1826370 0.1847676 0.1799670 0.3091549 0.2265658 0.2151252 0.2007631 0.1531441 0.0000000 0.1986525 0.1847476 0.1421876 0.1804363 0.1882371 0.1945409 0.1817375 0.1836017 0.2016464 0.1769827 0.1407377 0.1974161 0.1862656 0.1769712 0.1779519 0.1987301 0.1821739 0.1782240 0.1782626 0.1861546 0.2034016 0.2199134 0.2774318 0.2962205 0.1780000 0.1804177 0.2757860 0.3267993 0.4140957 0.3406091 0.1822138 0.2265739 0.2600578 0.2237363 0.2022492 0.2615095 0.1885854 0.1826370 0.1476759 0.1815978 0.1751494 0.1840468 0.2106821 0.2863659 0.2119116 0.1844681 0.1837571 0.3294200 0.1792748 0.1631112 0.2147828 
Perityle_discoidea_81                      0.0173888 0.2481543 0.0256798 0.2159675 0.1225286 0.1447833 0.2665459 0.3139716 0.2383533 0.0029385 0.1502355 0.1336442 0.1294542 0.1525790 0.1428736 0.1373125 0.1219673 0.2168721 0.2053899 0.1273724 0.1396209 0.1282429 0.1141147 0.1315515 0.1282179 0.1331006 0.2620867 0.2184998 0.2173017 0.1700522 0.1790481 0.1986525 0.0000000 0.1341647 0.1386256 0.1362641 0.1949560 0.1405490 0.1372223 0.1332170 0.1768518 0.1273580 0.1360475 0.1900137 0.1272405 0.1273643 0.1263310 0.1631106 0.1314000 0.1263159 0.1284693 0.1522987 0.1414083 0.1970506 0.2296348 0.2426473 0.1222805 0.1283740 0.2254013 0.2397257 0.4187966 0.2862193 0.1309538 0.2154392 0.2707136 0.1485910 0.1374899 0.1413063 0.1319910 0.1315515 0.1924981 0.1322691 0.1287927 0.1288532 0.1354199 0.2064535 0.2137959 0.1320644 0.1295208 0.3137205 0.1274314 0.2109657 0.2151557 
Perityle_dissecta_201                      0.1431458 0.2876795 0.1397126 0.2241044 0.1287954 0.1483848 0.2934281 0.3654081 0.2178517 0.1371224 0.1621555 0.0297489 0.0186435 0.0470926 0.0256159 0.0640900 0.0234534 0.1891324 0.1633666 0.0205394 0.0273285 0.0208148 0.0772040 0.0306208 0.0257472 0.0281936 0.2655059 0.1941604 0.2341765 0.2411675 0.1564009 0.1847476 0.1341647 0.0000000 0.1344391 0.0351009 0.1672368 0.0660245 0.0256516 0.0299432 0.1752994 0.0205905 0.1297131 0.1726662 0.0403150 0.0308215 0.0295909 0.1517044 0.0213951 0.0182398 0.0266219 0.0503438 0.0283069 0.1706806 0.2103687 0.1677562 0.0187317 0.0194299 0.2103045 0.2439896 0.4262632 0.1588998 0.0303624 0.1923531 0.1855552 0.1535786 0.1663533 0.0441741 0.0361562 0.0306208 0.1727589 0.0322798 0.0212042 0.0384191 0.0231667 0.2650559 0.2134737 0.0254696 0.0210122 0.2821601 0.0287026 0.1763717 0.1575752 
Perityle_feddemae_99                       0.1869073 0.2605149 0.1615868 0.2295277 0.1535512 0.1823450 0.2974628 0.3530500 0.2048192 0.1410523 0.2060006 0.1336326 0.1171066 0.1438207 0.1352763 0.1464693 0.0760284 0.1292915 0.1348019 0.1148617 0.1308796 0.1255514 0.1948341 0.1296017 0.1290873 0.1353463 0.2690915 0.1293007 0.2119471 0.2679690 0.1644938 0.1421876 0.1386256 0.1344391 0.0000000 0.1258287 0.1266825 0.1286169 0.1262336 0.1268009 0.0330492 0.1158238 0.0108345 0.1610693 0.1334001 0.1276946 0.1238522 0.0202190 0.1264298 0.1147115 0.1278500 0.1414843 0.1551013 0.1033788 0.1989939 0.2267464 0.1212325 0.1239749 0.1658262 0.1642449 0.2702499 0.2747912 0.1348735 0.1438772 0.2445651 0.1581418 0.1954236 0.1277789 0.1348338 0.1296017 0.1099075 0.1322821 0.1142538 0.1394222 0.1444716 0.2874196 0.1693592 0.1286616 0.1241771 0.2292988 0.1255088 0.1376136 0.1726490 
Perityle_fosteri_93                        0.1584203 0.2626976 0.1537755 0.2374027 0.1336688 0.1555698 0.2909262 0.3524867 0.2171874 0.1378712 0.1640318 0.0341167 0.0336796 0.0548287 0.0399592 0.0643704 0.0278311 0.1771852 0.1694168 0.0299550 0.0325188 0.0307586 0.0185518 0.0418352 0.0302001 0.0387480 0.2587657 0.1921738 0.2300977 0.2108196 0.1490002 0.1804363 0.1362641 0.0351009 0.1258287 0.0000000 0.1663775 0.0677304 0.0369752 0.0346278 0.1615351 0.0314486 0.1187345 0.1591766 0.0318681 0.0363992 0.0314646 0.1402542 0.0304355 0.0283734 0.0319545 0.0710482 0.0431528 0.1690367 0.2061316 0.1581020 0.0276243 0.0306309 0.2071799 0.2302976 0.4061104 0.1708536 0.0390197 0.1888051 0.1868517 0.1562620 0.1558568 0.0073023 0.0126311 0.0418352 0.1665140 0.0301257 0.0334822 0.0430115 0.0356195 0.2590711 0.2114927 0.0328825 0.0318635 0.2772928 0.0343532 0.1661665 0.1557352 
Perityle_gamon_221                         0.2245579 0.2851494 0.2164279 0.2922929 0.1955302 0.1965595 0.3318951 0.3578198 0.2278450 0.1997279 0.2213479 0.1542968 0.1450055 0.1765097 0.1714242 0.1699068 0.1035289 0.1839871 0.0996547 0.1643906 0.1780611 0.1764427 0.2658216 0.1840461 0.1627994 0.1600309 0.2399748 0.1807729 0.2287064 0.2085316 0.2192146 0.1882371 0.1949560 0.1672368 0.1266825 0.1663775 0.0000000 0.1522390 0.1596945 0.1628579 0.1475008 0.1452614 0.1167858 0.0456737 0.1579908 0.1574193 0.1542250 0.1417062 0.1601744 0.1263290 0.1685878 0.1731911 0.1839415 0.1220011 0.1932761 0.2317574 0.1603442 0.1528225 0.1945955 0.1837602 0.3031632 0.2804428 0.1509974 0.1840683 0.2646890 0.2296328 0.2237142 0.1630573 0.1805642 0.1840461 0.1628918 0.1602010 0.1542033 0.1590531 0.1587393 0.3154519 0.1618361 0.1600271 0.1456599 0.2724970 0.1526763 0.1696996 0.1612325 
Perityle_gentryi_8_san_francisco           0.1527798 0.2729106 0.1495587 0.2365422 0.1446164 0.1534447 0.2672357 0.3443452 0.2499771 0.1374837 0.1553433 0.0649104 0.0635510 0.0936734 0.0758355 0.0110382 0.0712838 0.2216735 0.1570314 0.0648888 0.0751911 0.0682354 0.0925887 0.0712118 0.0666140 0.0727267 0.2294009 0.1987761 0.2412641 0.2197182 0.1775259 0.1945409 0.1405490 0.0660245 0.1286169 0.0677304 0.1522390 0.0000000 0.0746872 0.0673807 0.1623089 0.0636050 0.1178411 0.1564383 0.0723346 0.0646550 0.0648593 0.1592163 0.0661662 0.0629926 0.0665799 0.0948053 0.0738267 0.1929011 0.2010393 0.1791588 0.0619639 0.0622886 0.2204174 0.2327222 0.4001271 0.1815465 0.0658309 0.1977202 0.1879800 0.1548098 0.1458534 0.0780174 0.0695126 0.0712118 0.1944963 0.0672607 0.0618498 0.0647170 0.0749901 0.1893785 0.1929980 0.0663974 0.0632416 0.2908188 0.0613987 0.2042735 0.1675066 
Perityle_gilensis_22_Superstition          0.1597522 0.2614313 0.1592522 0.2371363 0.1244623 0.1399042 0.2394337 0.3483334 0.2255746 0.1355411 0.1516355 0.0287770 0.0450226 0.0379182 0.0193216 0.0646180 0.0237519 0.2021483 0.1718011 0.0161105 0.0234924 0.0153288 0.0707044 0.0065623 0.0291254 0.0186340 0.2297603 0.2101571 0.2440048 0.2261613 0.1792279 0.1817375 0.1372223 0.0256516 0.1262336 0.0369752 0.1596945 0.0746872 0.0000000 0.0093587 0.1809257 0.0166391 0.1232239 0.1632297 0.0347690 0.0170233 0.0371960 0.1592633 0.0094982 0.0277093 0.0152861 0.0845402 0.0143869 0.1845665 0.2004852 0.1552809 0.0140166 0.0421082 0.2141357 0.2491379 0.4128483 0.1497535 0.0556769 0.1869993 0.1504413 0.1491346 0.1345771 0.0445770 0.0350238 0.0065623 0.1825862 0.0178712 0.0193775 0.0181039 0.0128809 0.1883272 0.1946745 0.0445699 0.0247048 0.2872255 0.0348790 0.1848443 0.1509305 
Perityle_gilensis_salensis_225             0.1576889 0.2771176 0.1480835 0.2281306 0.1297512 0.1443146 0.2925000 0.3574254 0.2237395 0.1349243 0.1683810 0.0277787 0.0144286 0.0345901 0.0182184 0.0681963 0.0178450 0.1940514 0.1688438 0.0132522 0.0209157 0.0132198 0.0705738 0.0227682 0.0240480 0.0172270 0.2768619 0.1899194 0.2306284 0.2257633 0.1554037 0.1836017 0.1332170 0.0299432 0.1268009 0.0346278 0.1628579 0.0673807 0.0093587 0.0000000 0.1789146 0.0136309 0.1295390 0.1704732 0.0334118 0.0163770 0.0148147 0.1464159 0.0099701 0.0110949 0.0172295 0.0626023 0.0232404 0.1752220 0.2039103 0.1637712 0.0124829 0.0134971 0.2082390 0.2446088 0.4234417 0.1623607 0.0358494 0.1846445 0.1874867 0.1523989 0.1690090 0.0429707 0.0346023 0.0227682 0.1720605 0.0189499 0.0157669 0.0310898 0.0129294 0.2812594 0.2157448 0.0152698 0.0228735 0.2802856 0.0157426 0.1752720 0.1516747 
Perityle_glaucescens_94                    0.2363417 0.2945310 0.2180435 0.2743735 0.1906072 0.1962467 0.3564604 0.3651807 0.2702474 0.1751000 0.2479994 0.1808499 0.1569705 0.1610851 0.1805058 0.1771614 0.1259798 0.1750050 0.1839996 0.1509159 0.1677232 0.1661788 0.3802709 0.2094850 0.1584462 0.1817057 0.3065853 0.1917117 0.2806448 0.2696218 0.1912562 0.2016464 0.1768518 0.1752994 0.0330492 0.1615351 0.1475008 0.1623089 0.1809257 0.1789146 0.0000000 0.1516069 0.0384906 0.1738002 0.1936108 0.1964291 0.1699012 0.0549970 0.1560388 0.1554058 0.1841324 0.2090067 0.1895638 0.1701133 0.2457124 0.2489363 0.1577659 0.1582279 0.2367358 0.2776907 0.3227042 0.3332984 0.1956928 0.1878055 0.2770993 0.1907090 0.2321179 0.2120542 0.2024600 0.2063515 0.1775213 0.1855551 0.1480945 0.1769327 0.2198801 0.3874285 0.1940387 0.1815440 0.1554351 0.2632972 0.1885247 0.1983412 0.1995137 
Perityle_gracilis_11                       0.1301327 0.2667833 0.1244884 0.2108844 0.1175692 0.1358343 0.2622491 0.3517156 0.2210202 0.1260402 0.1341697 0.0209843 0.0064150 0.0417873 0.0146689 0.0600569 0.0133406 0.1821035 0.1651392 0.0093682 0.0183719 0.0086067 0.0645503 0.0143506 0.0208615 0.0119194 0.2254931 0.1815605 0.2281979 0.2202240 0.1540301 0.1769827 0.1273580 0.0205905 0.1158238 0.0314486 0.1452614 0.0636050 0.0166391 0.0136309 0.1516069 0.0000000 0.1104354 0.1446147 0.0281832 0.0076785 0.0070088 0.1478932 0.0129153 0.0047378 0.0159720 0.0526080 0.0110735 0.1679519 0.2008657 0.1581646 0.0057805 0.0062738 0.2044337 0.2354873 0.4127498 0.1546970 0.0202317 0.1773983 0.1686226 0.1389852 0.1269293 0.0397008 0.0291389 0.0143506 0.1735299 0.0098339 0.0084462 0.0099849 0.0042556 0.1849937 0.1958000 0.0105493 0.0191934 0.2730357 0.0055745 0.1682368 0.1538824 
Perityle_harkerae_31                       0.2053531 0.2581869 0.1769356 0.2223715 0.1510948 0.1847116 0.2924377 0.3522758 0.2006964 0.1385826 0.2095936 0.1376968 0.1156267 0.1337961 0.1343113 0.1345611 0.0724387 0.1353035 0.1304497 0.1087846 0.1251517 0.1199048 0.1862285 0.1346519 0.1229751 0.1384754 0.2688691 0.1412476 0.2119407 0.2621828 0.1648059 0.1407377 0.1360475 0.1297131 0.0108345 0.1187345 0.1167858 0.1178411 0.1232239 0.1295390 0.0384906 0.1104354 0.0000000 0.1587291 0.1389290 0.1308368 0.1210423 0.0109556 0.1176431 0.1107633 0.1364159 0.1643715 0.1527773 0.1031825 0.1965585 0.2211736 0.1171444 0.1184212 0.1581098 0.1578607 0.2657255 0.2697880 0.1426189 0.1429769 0.2357878 0.1569120 0.1988216 0.1243465 0.1429255 0.1346519 0.1137663 0.1337661 0.1096609 0.1308284 0.1388313 0.2999139 0.1703444 0.1312425 0.1169596 0.2192826 0.1298748 0.1448209 0.1690832 
Perityle_hofmeisteria_4_nombre_de_dios     0.2371582 0.3096204 0.2174013 0.2765065 0.2006876 0.2118273 0.3513459 0.3765690 0.2420426 0.1868829 0.2369649 0.1727239 0.1420327 0.1651069 0.1696762 0.1788569 0.1041312 0.1682175 0.1257539 0.1473088 0.1531965 0.1572671 0.2226451 0.2100764 0.1527060 0.1726544 0.2374347 0.1915594 0.2222273 0.2083383 0.1998388 0.1974161 0.1900137 0.1726662 0.1610693 0.1591766 0.0456737 0.1564383 0.1632297 0.1704732 0.1738002 0.1446147 0.1587291 0.0000000 0.1695331 0.1699826 0.1599788 0.1341821 0.1581789 0.1277649 0.1788742 0.1807390 0.1816533 0.1410517 0.1909411 0.2322113 0.1623314 0.1389802 0.1758577 0.2183894 0.3498678 0.2873477 0.1638543 0.1824043 0.2499350 0.2148181 0.2256544 0.1386143 0.1737894 0.2409142 0.1462933 0.1747907 0.1410115 0.1681098 0.1568615 0.3363170 0.1752717 0.1676045 0.1458407 0.2688137 0.1633018 0.1813506 0.1803477 
Perityle_huecosensis_48                    0.1583409 0.2675598 0.1533889 0.2367191 0.1328133 0.1529709 0.2880756 0.3489783 0.2190863 0.1291629 0.1749437 0.0419537 0.0281534 0.0535117 0.0343104 0.0733551 0.0211664 0.1845453 0.1671748 0.0239894 0.0251670 0.0265789 0.0532123 0.0540537 0.0225478 0.0315112 0.2759684 0.1961239 0.2382374 0.2261617 0.1551199 0.1862656 0.1272405 0.0403150 0.1334001 0.0318681 0.1579908 0.0723346 0.0347690 0.0334118 0.1936108 0.0281832 0.1389290 0.1695331 0.0000000 0.0294256 0.0271065 0.1493893 0.0292429 0.0209371 0.0332644 0.0821151 0.0368404 0.1755020 0.2083124 0.1562278 0.0265260 0.0256332 0.2094767 0.2485524 0.4102137 0.1741049 0.0529402 0.1912096 0.1905920 0.1546211 0.1730961 0.0223890 0.0275070 0.0540537 0.1668619 0.0314181 0.0277380 0.0455783 0.0233337 0.2932398 0.2128784 0.0300043 0.0324387 0.2805046 0.0285213 0.1675039 0.1529244 
