85
Amauria_brandeegeana_62                    0.0000000 0.2461212 0.1005588 0.2733962 0.1326576 0.1167173 0.1913609 0.2545021 0.3044161 0.2901855 0.0960275 0.2434706 0.2492212 0.2618162 0.2811489 0.2514214 0.3333571 0.2184431 0.1418511 0.2424196 0.0946838 0.3908373 0.2541203 0.2553391 0.2482905 0.1315707 0.3078254 0.2461711 0.2109604 0.1750602 0.2548797 0.2735993 0.3257280 0.2429204 0.0686547 0.2918274 0.2428955 0.1566341 0.2773885 0.2491745 0.1423623 0.2547576 0.2525462 0.2966221 0.1845734 0.2368885 0.2482905 0.2527655 0.1255700 0.2492879 0.2538964 0.2374184 0.1839024 0.2490990 0.1481066 0.0687161 0.1116059 0.2482793 0.1314179 0.1667639 0.0763694 0.2555960 0.0564283 0.0760065 0.1522951 0.1351423 0.2766511 0.2799840 0.0858348 0.2469232 0.2541203 0.3309971 0.2507214 0.2506180 0.1031060 0.0845942 0.2689846 0.3095562 0.2462095 0.1139682 0.1704377 0.1073940 0.0980844 0.1292237 0.0791646 
Amauria_carterae_99_mesa                   0.2461212 0.0000000 0.2435643 0.2360140 0.1425113 0.2578537 0.3427364 0.2538794 0.2318034 0.2453856 0.1851628 0.2285695 0.2410739 0.2361943 0.2434699 0.2283402 0.2562086 0.2402432 0.2191619 0.2287741 0.2428339 0.2453435 0.2349041 0.2390273 0.2359399 0.2411632 0.2396924 0.2357359 0.2311693 0.0461918 0.1836992 0.2396122 0.2358060 0.2209434 0.2501027 0.2406283 0.2331695 0.3282480 0.2418171 0.2362842 0.2282110 0.2431167 0.2319040 0.2402478 0.3416614 0.2328206 0.2306220 0.2362209 0.2360341 0.2367362 0.2283402 0.2320264 0.2412959 0.2287741 0.2553634 0.2405488 0.2454279 0.2321866 0.2428339 0.2442726 0.1262572 0.2435657 0.2479203 0.2478250 0.2557264 0.2456390 0.2510486 0.2592954 0.2433036 0.2253693 0.2349041 0.2311693 0.2454393 0.2332479 0.2279035 0.2425993 0.2511293 0.2269411 0.2268053 0.2436107 0.1408193 0.2428339 0.2413635 0.3432403 0.2547033 
Amauria_rotundifolia_SRR9119150            0.1005588 0.2435643 0.0000000 0.2179195 0.1359162 0.1286676 0.2112243 0.2586062 0.3197922 0.2667249 0.0941668 0.2733878 0.2709014 0.2881339 0.2722385 0.2723778 0.4183775 0.2086506 0.1348679 0.2090471 0.0985916 0.4201533 0.2721667 0.2677978 0.2712515 0.1190954 0.2952902 0.2757937 0.2213229 0.1847557 0.2607072 0.2759959 0.3083010 0.2641159 0.0728682 0.3279691 0.2420747 0.2056670 0.2919750 0.2682419 0.1328489 0.1968167 0.2164227 0.2824675 0.2094599 0.2671135 0.2708324 0.2752917 0.1079741 0.2136568 0.2759532 0.2367000 0.1604056 0.2747545 0.1475236 0.0865883 0.1188137 0.2208350 0.1082426 0.1552651 0.0957597 0.2467966 0.0054468 0.0872613 0.1300448 0.1022691 0.2446893 0.2631761 0.2348021 0.2103668 0.2740573 0.3054935 0.2735878 0.2163663 0.1245138 0.0976002 0.2225233 0.2951466 0.2678921 0.1056405 0.2004391 0.1066111 0.1651987 0.1406970 0.0945294 
Eutetras_palmeri_63                        0.2733962 0.2360140 0.2179195 0.0000000 0.0899210 0.1778585 0.2109594 0.2085893 0.1910427 0.1196335 0.2260115 0.0952179 0.0994344 0.1486455 0.0926484 0.0955346 0.2384645 0.0955528 0.2658991 0.1008816 0.2146071 0.4137505 0.1007636 0.1011193 0.0953495 0.2736473 0.1190086 0.1072979 0.0825612 0.0843482 0.0940417 0.0939071 0.2086073 0.0953719 0.1677675 0.1729141 0.1122164 0.2375175 0.0988013 0.0979317 0.2610189 0.1694324 0.0941650 0.1235900 0.2895837 0.0916586 0.0937670 0.0952344 0.2605081 0.0965417 0.1035183 0.0883233 0.2782834 0.0978828 0.2459535 0.1978642 0.1813890 0.0937527 0.2861806 0.2749852 0.1746657 0.1191476 0.1993644 0.2104025 0.2675216 0.2677036 0.0893026 0.1019457 0.3152651 0.0939607 0.1021061 0.2094738 0.0993971 0.0949197 0.2030791 0.2141565 0.0917261 0.1205014 0.0922464 0.2342042 0.0942916 0.2422403 0.3305573 0.2001952 0.1840203 
Eutetras_pringlei_149_quer                 0.1326576 0.1425113 0.1359162 0.0899210 0.0000000 0.1318571 0.1988611 0.2172715 0.1287697 0.1189603 0.1143125 0.1162570 0.1297220 0.1294362 0.1295651 0.1193271 0.1285333 0.1361620 0.1154310 0.1262590 0.1395519 0.0956225 0.1261661 0.1296658 0.1195725 0.1359123 0.1195760 0.1323045 0.1286421 0.1393590 0.1401859 0.1311919 0.1323018 0.1193271 0.1268444 0.1170865 0.1167824 0.1121431 0.1329828 0.1227591 0.1292351 0.1237099 0.1262741 0.1170799 0.1188694 0.1296784 0.1195725 0.1229027 0.1314514 0.1261940 0.1228093 0.1225316 0.1262464 0.1260812 0.1399700 0.1376334 0.1287375 0.1227839 0.1359842 0.1405765 0.1136114 0.1434299 0.1314188 0.1396088 0.1493129 0.1295590 0.1417315 0.1395041 0.1352029 0.1195725 0.1261661 0.1286421 0.1195725 0.1195725 0.1254706 0.1458719 0.1417315 0.1343652 0.1226499 0.1361673 0.0854880 0.1359842 0.1240087 0.1322260 0.1415250 
Eutrochium_fistulosum_SRR9119106           0.1167173 0.2578537 0.1286676 0.1778585 0.1318571 0.0000000 0.1719214 0.1789253 0.2009085 0.1855675 0.1231908 0.1953468 0.1914280 0.2733964 0.2082512 0.2029968 0.3785811 0.2042922 0.1106167 0.1971453 0.1313090 0.4685339 0.2030790 0.2055545 0.1993746 0.1076282 0.2208034 0.2049125 0.2019658 0.1755202 0.1710419 0.1870362 0.1925040 0.1944376 0.1230370 0.2356890 0.1963880 0.1469018 0.2159826 0.1982548 0.1144272 0.1804315 0.1997725 0.1955104 0.1480517 0.1939181 0.1972332 0.1995675 0.1158719 0.1914810 0.1983935 0.1935255 0.1189939 0.2030274 0.1227415 0.1109451 0.1157480 0.1993824 0.1381590 0.1436425 0.1066943 0.2215096 0.1301125 0.1306596 0.1272838 0.1166273 0.2048236 0.1971606 0.2353024 0.1978945 0.2020575 0.1923588 0.2042634 0.1969831 0.1130056 0.1309214 0.2058213 0.2087206 0.1980929 0.1291752 0.1607070 0.1335755 0.2000197 0.1251909 0.1256239 
Galeana_pratensis_104_mex                  0.1913609 0.3427364 0.2112243 0.2109594 0.1988611 0.1719214 0.0000000 0.2203059 0.2224034 0.2057548 0.1312825 0.2237376 0.2145843 0.2188959 0.2232299 0.2227334 0.2537510 0.2282982 0.1624772 0.2234809 0.1832669 0.3265911 0.2367023 0.2302087 0.2271048 0.1769873 0.2247971 0.2231366 0.2224034 0.1590155 0.2011842 0.2048106 0.2270229 0.2181739 0.1601684 0.2224640 0.2147059 0.1694830 0.2249012 0.2274691 0.1674530 0.2151634 0.2277499 0.2228185 0.1655661 0.2188090 0.2230750 0.2274015 0.1672793 0.2189767 0.2274191 0.2187733 0.1729841 0.2275906 0.1733233 0.1588366 0.1675650 0.2271216 0.1781621 0.1815900 0.1189260 0.2190735 0.2123281 0.1699381 0.1737961 0.1778156 0.2367932 0.2316996 0.1489246 0.2189881 0.2367023 0.2224034 0.2361455 0.2241262 0.1635810 0.1629330 0.2401430 0.2311245 0.2188602 0.1783306 0.2217362 0.1781621 0.1917204 0.1567923 0.1454314 
Helianthus_annuus_SRR9119062               0.2545021 0.2538794 0.2586062 0.2085893 0.2172715 0.1789253 0.2203059 0.0000000 0.2454525 0.2220654 0.2443095 0.1939270 0.1957069 0.2185433 0.2098277 0.2000066 0.3460698 0.2203778 0.2468347 0.1998666 0.2672270 0.4543235 0.2001944 0.2059853 0.1925142 0.2525291 0.2166476 0.1976506 0.2022799 0.2265079 0.2085197 0.2152809 0.2507590 0.2004331 0.1898705 0.2074040 0.1918363 0.2505491 0.2153037 0.1977186 0.2445461 0.2305356 0.1939312 0.2088964 0.2612213 0.1935712 0.1959597 0.2001897 0.2594470 0.1999835 0.1954439 0.1952432 0.2946616 0.1998007 0.2854585 0.2264378 0.2272561 0.1959513 0.2611438 0.2693422 0.2334881 0.2061733 0.1974309 0.2468199 0.2736723 0.2672900 0.2361653 0.2413078 0.2466800 0.1917087 0.1998750 0.2558180 0.2014285 0.1964301 0.2362946 0.2423968 0.2319452 0.2199608 0.1953711 0.2726217 0.1795475 0.2611438 0.2667783 0.2331586 0.1986802 
Lycapsus_tenuifolius_17                    0.3044161 0.2318034 0.3197922 0.1910427 0.1287697 0.2009085 0.2224034 0.2454525 0.0000000 0.1884491 0.2888571 0.1011321 0.1109676 0.1359830 0.1925028 0.1045998 0.3049942 0.1252591 0.3135238 0.0908856 0.2464980 0.3844557 0.1108388 0.1061938 0.1044708 0.3364022 0.1947243 0.1165761 0.0067129 0.0189649 0.2118716 0.2053456 0.0025170 0.1081551 0.1981680 0.2595093 0.1134257 0.2863111 0.1987251 0.1076554 0.3176814 0.2635706 0.0911946 0.2106095 0.3253930 0.1048269 0.1026823 0.1072538 0.3175127 0.0937603 0.1108578 0.1074137 0.3248798 0.1107553 0.3179088 0.2115907 0.2109947 0.0872293 0.3351439 0.3476081 0.1975535 0.1239780 0.2232969 0.2229833 0.3258599 0.3360794 0.2206712 0.2324839 0.3567047 0.0883529 0.1123403 0.0062220 0.1119798 0.0897156 0.2580760 0.2307628 0.2152285 0.2029250 0.1030298 0.3073064 0.0858200 0.3116131 0.3758842 0.2108268 0.2096398 
Pericome_caudata_50_silver                 0.2901855 0.2453856 0.2667249 0.1196335 0.1189603 0.1855675 0.2057548 0.2220654 0.1884491 0.0000000 0.3103490 0.1845137 0.1839574 0.2193604 0.1123682 0.1405035 0.2721740 0.0998158 0.3601241 0.1782571 0.2243317 0.4194768 0.1852512 0.1726048 0.1767935 0.3994669 0.2045004 0.1994544 0.0766747 0.0808037 0.1495983 0.1493973 0.2071905 0.1850742 0.1753698 0.2208408 0.2026480 0.2623132 0.1138393 0.1805172 0.3679840 0.2824829 0.1757073 0.1839639 0.3902991 0.1816901 0.1772038 0.1771070 0.3223427 0.1865726 0.1864913 0.1843322 0.3615220 0.1878548 0.2641766 0.2013554 0.1907245 0.1780108 0.3730890 0.3014973 0.1858779 0.1973823 0.2015524 0.2134788 0.2809729 0.3567371 0.1358706 0.1450011 0.4387768 0.1849256 0.1864561 0.2097794 0.1804306 0.1837950 0.2219155 0.2144237 0.1315336 0.2039012 0.1772495 0.3160178 0.1091219 0.3115688 0.4062804 0.1979879 0.1858142 
Perityle_aglossa_84_dead_horse             0.0960275 0.1851628 0.0941668 0.2260115 0.1143125 0.1231908 0.1312825 0.2443095 0.2888571 0.3103490 0.0000000 0.3156287 0.2663776 0.2784909 0.2605394 0.2967433 0.4428147 0.2187404 0.1254535 0.1994297 0.0153519 0.4014232 0.3438693 0.2612080 0.3190607 0.1338288 0.3308644 0.3321755 0.2172194 0.1909158 0.2856052 0.2911765 0.2732455 0.3181387 0.0402494 0.3251295 0.2360247 0.1962070 0.2908340 0.3030220 0.1890380 0.1717208 0.2122995 0.2964003 0.3076127 0.3358658 0.3432114 0.3025354 0.0453107 0.2028812 0.3462037 0.2269689 0.1164603 0.2998578 0.0916930 0.0476776 0.0896608 0.2106026 0.0295745 0.1141418 0.0543520 0.2328882 0.0817700 0.0060692 0.0817420 0.0699992 0.2526217 0.3368123 0.3488177 0.2056545 0.3456559 0.2712343 0.3143927 0.2097490 0.1037949 0.0181764 0.2294725 0.3504528 0.3386606 0.0320347 0.1705129 0.0251245 0.1996909 0.1060762 0.0474793 
Perityle_ajoensis_204                      0.2434706 0.2285695 0.2733878 0.0952179 0.1162570 0.1953468 0.2237376 0.1939270 0.1011321 0.1845137 0.3156287 0.0000000 0.0188217 0.0698077 0.0335515 0.0203913 0.3066215 0.0384394 0.3306166 0.0178011 0.2131388 0.3782844 0.0205720 0.0235979 0.0131524 0.3981061 0.0598273 0.0511724 0.0803096 0.0960941 0.1246661 0.1112447 0.0967422 0.0233267 0.1813803 0.1426606 0.0372636 0.2544020 0.0472539 0.0172242 0.3783734 0.1755183 0.0116057 0.0798700 0.3648537 0.0246898 0.0126170 0.0156441 0.2940183 0.0131579 0.0281286 0.0233618 0.3365199 0.0255057 0.2136402 0.2106643 0.1793408 0.0111649 0.3510570 0.2706872 0.1842145 0.0816558 0.2141882 0.2141833 0.2411984 0.3262736 0.1219345 0.1280227 0.4648139 0.0192994 0.0214014 0.1049606 0.0198565 0.0108107 0.2089962 0.2182584 0.1284612 0.0560401 0.0205585 0.3197681 0.0543513 0.3095790 0.3874857 0.2010470 0.1894905 
Perityle_ambrosiifolia_67_green            0.2492212 0.2410739 0.2709014 0.0994344 0.1297220 0.1914280 0.2145843 0.1957069 0.1109676 0.1839574 0.2663776 0.0188217 0.0000000 0.0722610 0.0361698 0.0166643 0.3096310 0.0414913 0.3183736 0.0177539 0.2119621 0.3740302 0.0083736 0.0334319 0.0160761 0.3719816 0.0539077 0.0370249 0.0845624 0.1090336 0.1197006 0.1178448 0.1007434 0.0197362 0.1829763 0.1413015 0.0371454 0.2544218 0.0472400 0.0055705 0.3180897 0.1727922 0.0152946 0.0735179 0.3304658 0.0198043 0.0155840 0.0183033 0.2943656 0.0050369 0.0168653 0.0243215 0.3041134 0.0207898 0.2203881 0.2175137 0.1832971 0.0161296 0.3194404 0.2699096 0.1919404 0.0791810 0.2165579 0.2179090 0.2440972 0.3048389 0.1295081 0.1341423 0.4014499 0.0198680 0.0093082 0.1089602 0.0226551 0.0175539 0.2097684 0.2224323 0.1304327 0.0504523 0.0168654 0.2800643 0.0652283 0.2715639 0.3727009 0.2030866 0.1942981 
Perityle_angustifolia_13_Eagle_creek       0.2618162 0.2361943 0.2881339 0.1486455 0.1294362 0.2733964 0.2188959 0.2185433 0.1359830 0.2193604 0.2784909 0.0698077 0.0722610 0.0000000 0.0987948 0.0711132 0.2650907 0.0981098 0.3217759 0.0290956 0.2862277 0.4316402 0.0735788 0.0728361 0.0698656 0.3378455 0.1088162 0.0854925 0.0825199 0.0991245 0.1691599 0.1610776 0.1010825 0.0665280 0.1878962 0.1389553 0.0669077 0.2552270 0.1055803 0.0708189 0.3284106 0.1672390 0.0662175 0.1259527 0.3176417 0.0644020 0.0683570 0.0698135 0.3235749 0.0721934 0.0749564 0.0707187 0.3091117 0.0640340 0.2177269 0.2122193 0.1865975 0.0696809 0.3382878 0.3113563 0.1839631 0.1161551 0.2205156 0.2130924 0.3083951 0.3101537 0.1824883 0.1830644 0.3182894 0.0632102 0.0735788 0.1131504 0.0779637 0.0626331 0.2736223 0.2170698 0.1863593 0.1087128 0.0680803 0.2869354 0.0650463 0.2885114 0.3280141 0.2033668 0.1945658 
Perityle_batopilensis_97                   0.2811489 0.2434699 0.2722385 0.0926484 0.1295651 0.2082512 0.2232299 0.2098277 0.1925028 0.1123682 0.2605394 0.0335515 0.0361698 0.0987948 0.0000000 0.0347885 0.2710459 0.0509806 0.2830807 0.0364589 0.2304429 0.3837584 0.0361331 0.0376564 0.0322672 0.2872628 0.0353208 0.0438953 0.0774555 0.1029169 0.1181846 0.1122828 0.1919120 0.0327080 0.1883770 0.1252277 0.0610231 0.2498434 0.0207223 0.0334687 0.2844399 0.1414942 0.0344456 0.0597003 0.2774552 0.0323500 0.0308800 0.0348241 0.2678102 0.0331452 0.0387650 0.0400204 0.3029701 0.0347933 0.2898384 0.2201477 0.2044010 0.0313107 0.2898087 0.3091773 0.2025485 0.0579608 0.2267844 0.2269028 0.2904507 0.2788994 0.1258836 0.1320484 0.3835871 0.0343479 0.0374417 0.1967649 0.0388271 0.0332710 0.2209642 0.2324355 0.1284977 0.0541832 0.0308327 0.2685742 0.0525474 0.2730766 0.3498052 0.2108074 0.1999677 
Perityle_bisetosa_9                        0.2514214 0.2283402 0.2723778 0.0955346 0.1193271 0.2029968 0.2227334 0.2000066 0.1045998 0.1405035 0.2967433 0.0203913 0.0166643 0.0711132 0.0347885 0.0000000 0.3091066 0.0399306 0.3183624 0.0145945 0.2161912 0.3712007 0.0170937 0.0192724 0.0149822 0.3291558 0.0518126 0.0323232 0.0748173 0.0958515 0.1245810 0.1193153 0.0936444 0.0130399 0.1857652 0.1399560 0.0322329 0.2541994 0.0458462 0.0138482 0.3337366 0.1716805 0.0164775 0.0632377 0.3139944 0.0106669 0.0138762 0.0171339 0.2855785 0.0158966 0.0203322 0.0240350 0.3224296 0.0159792 0.2174947 0.2145719 0.1830036 0.0157309 0.3367356 0.2739614 0.1836692 0.0488890 0.2163674 0.2178515 0.2461401 0.3267781 0.1263322 0.1306633 0.4439540 0.0087779 0.0181692 0.1036882 0.0225778 0.0153159 0.2138559 0.2223665 0.1303324 0.0443345 0.0127668 0.3105710 0.0543513 0.3001947 0.3819854 0.2031027 0.1972321 
Perityle_californica_76_positas            0.3333571 0.2562086 0.4183775 0.2384645 0.1285333 0.3785811 0.2537510 0.3460698 0.3049942 0.2721740 0.4428147 0.3066215 0.3096310 0.2650907 0.2710459 0.3091066 0.0000000 0.2471110 0.4379759 0.2220076 0.3861550 0.1803927 0.3115346 0.3079985 0.3050352 0.4465424 0.2821801 0.3121268 0.1320317 0.0960640 0.2803395 0.2744257 0.2274771 0.3114794 0.3141673 0.3219197 0.2828817 0.4031857 0.2805447 0.3093633 0.4327949 0.3389552 0.2329765 0.3038754 0.4129148 0.3115709 0.3023518 0.3078991 0.4341693 0.2474523 0.3153177 0.2894392 0.4772727 0.3093336 0.3001157 0.2599504 0.3061944 0.2476010 0.4390542 0.4609245 0.1805521 0.2981236 0.1963195 0.3118924 0.4358319 0.4463055 0.2649464 0.2854289 0.5331023 0.2332600 0.3115232 0.2379874 0.3119867 0.2276434 0.3770353 0.2362699 0.2283101 0.2998299 0.2961760 0.4345245 0.1087350 0.4347802 0.5193766 0.2147981 0.3043115 
Perityle_canescens_77                      0.2184431 0.2402432 0.2086506 0.0955528 0.1361620 0.2042922 0.2282982 0.2203778 0.1252591 0.0998158 0.2187404 0.0384394 0.0414913 0.0981098 0.0509806 0.0399306 0.2471110 0.0000000 0.2064065 0.0407229 0.2320591 0.3812390 0.0429913 0.0447661 0.0400602 0.2390885 0.0555130 0.0459122 0.1044162 0.1284449 0.1128108 0.1165527 0.1157211 0.0407141 0.1832997 0.0869013 0.0369990 0.2199156 0.0597776 0.0399120 0.2070959 0.1304500 0.0414829 0.0729243 0.2260971 0.0399492 0.0384384 0.0399457 0.2117513 0.0414471 0.0445173 0.0398478 0.2318654 0.0399415 0.2462159 0.2149803 0.2002843 0.0399389 0.2337892 0.2434133 0.2107884 0.0649307 0.2163255 0.2209364 0.2430094 0.2289378 0.1325569 0.1379988 0.2944118 0.0399781 0.0429913 0.1237335 0.0460671 0.0402056 0.2087032 0.2228061 0.1388866 0.0632327 0.0368552 0.2319760 0.0563043 0.2337892 0.2664792 0.2035925 0.1946578 
Perityle_castillonii_96                    0.1418511 0.2191619 0.1348679 0.2658991 0.1154310 0.1106167 0.1624772 0.2468347 0.3135238 0.3601241 0.1254535 0.3306166 0.3183736 0.3217759 0.2830807 0.3183624 0.4379759 0.2064065 0.0000000 0.2548037 0.1035202 0.4077487 0.3290969 0.3165576 0.3286628 0.1577754 0.3413168 0.3319851 0.2073442 0.1783510 0.3260890 0.3131028 0.2941394 0.3278606 0.0563301 0.3397713 0.2860718 0.1861030 0.3078296 0.3271838 0.0174789 0.2641921 0.2648710 0.3350329 0.2127810 0.3225473 0.3286628 0.3341322 0.1213163 0.2598519 0.3293646 0.2892327 0.2219786 0.3186643 0.1279376 0.0463809 0.1100660 0.2697769 0.1489354 0.1643983 0.0779020 0.2850429 0.1076890 0.0715686 0.1485042 0.1341574 0.2798005 0.3239148 0.2247178 0.2589903 0.3307832 0.2996436 0.3347971 0.2673129 0.0225360 0.0726206 0.2468059 0.3620421 0.3252008 0.1341056 0.1846104 0.1359499 0.2376364 0.1236175 0.0508991 
Perityle_cernua_84                         0.2424196 0.2287741 0.2090471 0.1008816 0.1262590 0.1971453 0.2234809 0.1998666 0.0908856 0.1782571 0.1994297 0.0178011 0.0177539 0.0290956 0.0364589 0.0145945 0.2220076 0.0407229 0.2548037 0.0000000 0.2067927 0.3585806 0.0190289 0.0230548 0.0178246 0.2853683 0.0605105 0.0293867 0.0806968 0.0993521 0.1140879 0.1117678 0.0972342 0.0141140 0.1803060 0.0666110 0.0126469 0.1976703 0.0450904 0.0164516 0.2599011 0.1220975 0.0190735 0.0757099 0.2788780 0.0126769 0.0165006 0.0190931 0.2499018 0.0177379 0.0228932 0.0177172 0.2384740 0.0075436 0.2152627 0.2097130 0.1780330 0.0177783 0.2700442 0.2350535 0.1842727 0.0728038 0.2170900 0.2109164 0.2259978 0.2412115 0.1311945 0.1345403 0.2416695 0.0151868 0.0190289 0.1054866 0.0255691 0.0190943 0.1972359 0.2146518 0.1354442 0.0571227 0.0164352 0.2116066 0.0651424 0.2090131 0.2625393 0.2009367 0.1914955 
Perityle_cfvillosa_25_tin                  0.0946838 0.2428339 0.0985916 0.2146071 0.1395519 0.1313090 0.1832669 0.2672270 0.2464980 0.2243317 0.0153519 0.2131388 0.2119621 0.2862277 0.2304429 0.2161912 0.3861550 0.2320591 0.1035202 0.2067927 0.0000000 0.4084162 0.2185408 0.2217657 0.2152364 0.0665228 0.2359640 0.2221583 0.2341660 0.1938929 0.1977330 0.2295207 0.2460472 0.2064339 0.0540259 0.2733257 0.2085597 0.1492721 0.2366995 0.2141090 0.1006450 0.1637504 0.2206192 0.2340491 0.1554830 0.2102336 0.2152364 0.2214602 0.0485766 0.2120151 0.2205306 0.2075375 0.1123926 0.2142492 0.0807576 0.0574763 0.1020936 0.2152276 0.0066051 0.0907914 0.0576091 0.2301126 0.0966059 0.0113831 0.0764093 0.0662095 0.2354777 0.2418602 0.1561932 0.2123830 0.2185408 0.2444032 0.2132405 0.2182458 0.1020576 0.0104801 0.2332304 0.2368465 0.2096163 0.0213819 0.2013103 0.0039546 0.1300488 0.1160096 0.0663506 
Perityle_cinerea_113_Powell1310            0.3908373 0.2453435 0.4201533 0.4137505 0.0956225 0.4685339 0.3265911 0.4543235 0.3844557 0.4194768 0.4014232 0.3782844 0.3740302 0.4316402 0.3837584 0.3712007 0.1803927 0.3812390 0.4077487 0.3585806 0.4084162 0.0000000 0.3814635 0.3948310 0.3743807 0.4200199 0.3755153 0.3800292 0.2469168 0.0382159 0.3992910 0.4046891 0.3288169 0.3629854 0.3821528 0.3982110 0.3671951 0.4213005 0.3853323 0.3778179 0.4096090 0.3995532 0.3808332 0.3656754 0.4383674 0.3739640 0.3778615 0.3844528 0.4117384 0.3700641 0.3713171 0.3827054 0.4391160 0.3682076 0.2895555 0.2802848 0.3656641 0.3768813 0.4064863 0.4423514 0.1212192 0.3858675 0.2206764 0.3412295 0.4224848 0.4355666 0.4320937 0.4112065 0.4625720 0.3758780 0.3814635 0.3500324 0.3821249 0.3670183 0.4082197 0.2159854 0.4396445 0.3879451 0.3707970 0.4176004 0.1057958 0.4064863 0.4662479 0.2622347 0.3503208 
Perityle_coahuilensis_24                   0.2541203 0.2349041 0.2721667 0.1007636 0.1261661 0.2030790 0.2367023 0.2001944 0.1108388 0.1852512 0.3438693 0.0205720 0.0083736 0.0735788 0.0361331 0.0170937 0.3115346 0.0429913 0.3290969 0.0190289 0.2185408 0.3814635 0.0000000 0.0334085 0.0150286 0.4142787 0.0555268 0.0505931 0.0864461 0.1089513 0.1247392 0.1219198 0.1024437 0.0181412 0.1890526 0.1427781 0.0371261 0.2599343 0.0471925 0.0051032 0.4016924 0.1748518 0.0164766 0.0729818 0.3964206 0.0186890 0.0125498 0.0176505 0.2931307 0.0070233 0.0302618 0.0222601 0.3433441 0.0217498 0.2260964 0.2233197 0.1889105 0.0150561 0.3633057 0.2720314 0.2002848 0.0836954 0.2203524 0.2260273 0.2461535 0.3280314 0.1293664 0.1277346 0.5081060 0.0182719 0.0007234 0.1104743 0.0208919 0.0164484 0.2140200 0.2314982 0.1319896 0.0551915 0.0168660 0.3199483 0.0615487 0.3097000 0.3984913 0.2086150 0.2007219 
Perityle_cochisensis_44_cave_creek         0.2553391 0.2390273 0.2677978 0.1011193 0.1296658 0.2055545 0.2302087 0.2059853 0.1061938 0.1726048 0.2612080 0.0235979 0.0334319 0.0728361 0.0376564 0.0192724 0.3079985 0.0447661 0.3165576 0.0230548 0.2217657 0.3948310 0.0334085 0.0000000 0.0278423 0.3681159 0.0569081 0.0528388 0.0866059 0.1059870 0.1162894 0.1099105 0.1025365 0.0338324 0.1930682 0.1476253 0.0429555 0.2564052 0.0479794 0.0312574 0.3177671 0.1709730 0.0163564 0.0794883 0.3297630 0.0346406 0.0267443 0.0299243 0.2999548 0.0338265 0.0366142 0.0392266 0.3050933 0.0365642 0.2274741 0.2220175 0.1930267 0.0296896 0.3180225 0.2814711 0.1967109 0.0779633 0.2254089 0.2247447 0.2515902 0.3022556 0.1282947 0.1290588 0.4135364 0.0383927 0.0344660 0.1107370 0.0330823 0.0335238 0.2194043 0.2300371 0.1340354 0.0550458 0.0302010 0.2786619 0.0686070 0.2702640 0.3720470 0.2127849 0.2017706 
Perityle_congesta_202                      0.2482905 0.2359399 0.2712515 0.0953495 0.1195725 0.1993746 0.2271048 0.1925142 0.1044708 0.1767935 0.3190607 0.0131524 0.0160761 0.0698656 0.0322672 0.0149822 0.3050352 0.0400602 0.3286628 0.0178246 0.2152364 0.3743807 0.0150286 0.0278423 0.0000000 0.3943223 0.0525311 0.0462618 0.0804640 0.0999242 0.1206988 0.1140708 0.0987318 0.0176548 0.1873747 0.1399454 0.0373000 0.2561254 0.0433732 0.0115621 0.3758682 0.1745868 0.0034631 0.0718777 0.3653182 0.0186776 0.0008933 0.0036510 0.2919754 0.0133305 0.0177153 0.0223453 0.3332487 0.0199759 0.2163252 0.2133958 0.1848660 0.0029888 0.3489108 0.2727855 0.1882332 0.0769196 0.2178908 0.2195105 0.2432246 0.3245371 0.1221095 0.1213142 0.4683523 0.0190110 0.0159179 0.1069492 0.0061171 0.0043077 0.2110297 0.2211029 0.1286667 0.0509335 0.0132390 0.3177631 0.0578813 0.3075939 0.3875695 0.2012671 0.1894204 
Perityle_cordifolia_27                     0.1315707 0.2411632 0.1190954 0.2736473 0.1359123 0.1076282 0.1769873 0.2525291 0.3364022 0.3994669 0.1338288 0.3981061 0.3719816 0.3378455 0.2872628 0.3291558 0.4465424 0.2390885 0.1577754 0.2853683 0.0665228 0.4200199 0.4142787 0.3681159 0.3943223 0.0000000 0.4019969 0.3992795 0.2283313 0.1911216 0.3168740 0.3409448 0.3383476 0.3863348 0.0585576 0.3650476 0.3333649 0.1955977 0.3108030 0.3948169 0.1972271 0.2789910 0.3028025 0.3418042 0.2510138 0.4018950 0.4054034 0.3840572 0.1081755 0.3290001 0.4108170 0.3485802 0.2144039 0.3940103 0.1197670 0.0549689 0.0831462 0.3304274 0.1521154 0.1411235 0.0748358 0.3327145 0.0723992 0.0573765 0.1093360 0.0615611 0.2795718 0.3328242 0.2945009 0.3402903 0.4169075 0.3367800 0.3985028 0.3364427 0.1124022 0.0615038 0.2525784 0.4119032 0.4122433 0.1470486 0.2067503 0.1356562 0.2000087 0.1106467 0.0581895 
Perityle_cordifolia_68_tecolote            0.3078254 0.2396924 0.2952902 0.1190086 0.1195760 0.2208034 0.2247971 0.2166476 0.1947243 0.2045004 0.3308644 0.0598273 0.0539077 0.1088162 0.0353208 0.0518126 0.2821801 0.0555130 0.3413168 0.0605105 0.2359640 0.3755153 0.0555268 0.0569081 0.0525311 0.4019969 0.0000000 0.0752703 0.0778438 0.0937130 0.1443100 0.1403119 0.2013010 0.0555478 0.1868964 0.1372672 0.0755506 0.2740175 0.0442079 0.0529279 0.3881798 0.1685500 0.0521243 0.0808378 0.3879644 0.0568152 0.0514164 0.0554590 0.3061064 0.0511513 0.0555406 0.0568481 0.3701723 0.0580660 0.2803141 0.2108167 0.2012575 0.0493824 0.3623440 0.3072650 0.1948647 0.0991849 0.2214734 0.2311630 0.2902561 0.3388388 0.1384630 0.1483381 0.4802331 0.0552386 0.0565395 0.2056771 0.0598911 0.0532207 0.2225544 0.2340686 0.1426137 0.0712189 0.0534361 0.3222157 0.0577580 0.3174615 0.4107960 0.2117364 0.1949328 
Perityle_coronopifolia_28_patagonia        0.2461711 0.2357359 0.2757937 0.1072979 0.1323045 0.2049125 0.2231366 0.1976506 0.1165761 0.1994544 0.3321755 0.0511724 0.0370249 0.0854925 0.0438953 0.0323232 0.3121268 0.0459122 0.3319851 0.0293867 0.2221583 0.3800292 0.0505931 0.0528388 0.0462618 0.3992795 0.0752703 0.0000000 0.0900818 0.1116541 0.1348855 0.1281070 0.1074199 0.0495813 0.1940131 0.1495656 0.0518409 0.2633161 0.0575002 0.0416178 0.3848140 0.1817000 0.0320981 0.0784832 0.3837774 0.0527143 0.0487223 0.0377495 0.2951734 0.0304263 0.0534848 0.0411091 0.3365788 0.0412257 0.2251901 0.2196864 0.1905853 0.0323428 0.3584165 0.2796278 0.1952559 0.0861879 0.2232702 0.2226250 0.2477496 0.3307946 0.1289622 0.1468151 0.4767281 0.0335564 0.0515482 0.1155406 0.0522306 0.0339259 0.2173662 0.2276816 0.1332700 0.0780613 0.0476366 0.3251359 0.0438985 0.3148601 0.3930817 0.2081686 0.2029906 
Perityle_crassifolia_70_ventanas           0.2109604 0.2311693 0.2213229 0.0825612 0.1286421 0.2019658 0.2224034 0.2022799 0.0067129 0.0766747 0.2172194 0.0803096 0.0845624 0.0825199 0.0774555 0.0748173 0.1320317 0.1044162 0.2073442 0.0806968 0.2341660 0.2469168 0.0864461 0.0866059 0.0804640 0.2283313 0.0778438 0.0900818 0.0000000 0.0080826 0.0996191 0.0875037 0.0084066 0.0842558 0.2044327 0.0933105 0.0750678 0.2066814 0.0814682 0.0824723 0.2103705 0.1281400 0.0821451 0.0951372 0.2163550 0.0826120 0.0782881 0.0802088 0.2133364 0.0825563 0.0845056 0.0804240 0.2289412 0.0844900 0.2311206 0.2129181 0.2052695 0.0782720 0.2312942 0.2356479 0.1973209 0.1025945 0.2230478 0.2245545 0.2276591 0.2261959 0.1052758 0.1143831 0.2047313 0.0767884 0.0864461 0.0000010 0.0879522 0.0803906 0.2098332 0.2305707 0.1069618 0.0930581 0.0766602 0.2295579 0.0857198 0.2312942 0.2134236 0.2133077 0.2055716 
Perityle_crassifolia_74_playa_balandra     0.1750602 0.0461918 0.1847557 0.0843482 0.1393590 0.1755202 0.1590155 0.2265079 0.0189649 0.0808037 0.1909158 0.0960941 0.1090336 0.0991245 0.1029169 0.0958515 0.0960640 0.1284449 0.1783510 0.0993521 0.1938929 0.0382159 0.1089513 0.1059870 0.0999242 0.1911216 0.0937130 0.1116541 0.0080826 0.0000000 0.1081603 0.0773863 0.0217392 0.0991245 0.1332042 0.1232410 0.0962752 0.1830582 0.1092788 0.1056481 0.1866767 0.1199613 0.1057832 0.1197971 0.1942771 0.1023942 0.0993028 0.1025251 0.1725944 0.1056481 0.1057396 0.0989593 0.1863609 0.0991245 0.1984960 0.1578272 0.1425238 0.0993028 0.1899057 0.2016285 0.2016436 0.1296853 0.1709491 0.1768577 0.1926090 0.1822694 0.1059568 0.1232364 0.1669075 0.0990517 0.1089513 0.0080826 0.0993028 0.0993028 0.1854811 0.1767584 0.1026743 0.1186870 0.0958515 0.1829150 0.0557928 0.1899057 0.1788009 0.1847463 0.1358423 
Perityle_cuneata_34_cuneata_San_antonio    0.2548797 0.1836992 0.2607072 0.0940417 0.1401859 0.1710419 0.2011842 0.2085197 0.2118716 0.1495983 0.2856052 0.1246661 0.1197006 0.1691599 0.1181846 0.1245810 0.2803395 0.1128108 0.3260890 0.1140879 0.1977330 0.3992910 0.1247392 0.1162894 0.1206988 0.3168740 0.1443100 0.1348855 0.0996191 0.1081603 0.0000000 0.1085206 0.2247269 0.1208998 0.1489724 0.1965668 0.1259219 0.2688601 0.1245350 0.1232559 0.3332607 0.2128289 0.1059716 0.1404102 0.3203172 0.1159745 0.1191263 0.1218558 0.2904698 0.1080749 0.1273663 0.1178025 0.3560394 0.1272301 0.2375783 0.1673884 0.1655591 0.1035539 0.3167134 0.2843339 0.1611155 0.1268550 0.1733542 0.1836607 0.2606070 0.3253976 0.1185379 0.1342097 0.4193464 0.1058600 0.1283185 0.2256538 0.1284718 0.1053637 0.2066465 0.1705025 0.1155780 0.1431322 0.1205336 0.2906918 0.1145106 0.2861360 0.3793798 0.1573958 0.1591173 
Perityle_cuneata_4                         0.2735993 0.2396122 0.2759959 0.0939071 0.1311919 0.1870362 0.2048106 0.2152809 0.2053456 0.1493973 0.2911765 0.1112447 0.1178448 0.1610776 0.1122828 0.1193153 0.2744257 0.1165527 0.3131028 0.1117678 0.2295207 0.4046891 0.1219198 0.1099105 0.1140708 0.3409448 0.1403119 0.1281070 0.0875037 0.0773863 0.1085206 0.0000000 0.2165085 0.1195367 0.1809625 0.1914057 0.1251705 0.2607709 0.1198243 0.1179241 0.3273983 0.2158096 0.1038917 0.1359518 0.3070919 0.1120276 0.1125251 0.1165939 0.2871724 0.1061331 0.1245538 0.1171792 0.3419902 0.1217322 0.2528490 0.2060396 0.1928058 0.1016729 0.3263665 0.2964331 0.1808777 0.1278467 0.2078979 0.2178815 0.2805229 0.3334360 0.1195056 0.1387605 0.4075797 0.1037700 0.1231967 0.2189616 0.1228580 0.1017012 0.2156005 0.2192994 0.1166482 0.1408111 0.1152401 0.3075988 0.1091829 0.3029531 0.3665321 0.2030636 0.1917718 
Perityle_discoidea_81                      0.3257280 0.2358060 0.3083010 0.2086073 0.1323018 0.1925040 0.2270229 0.2507590 0.0025170 0.2071905 0.2732455 0.0967422 0.1007434 0.1010825 0.1919120 0.0936444 0.2274771 0.1157211 0.2941394 0.0972342 0.2460472 0.3288169 0.1024437 0.1025365 0.0987318 0.3383476 0.2013010 0.1074199 0.0084066 0.0217392 0.2247269 0.2165085 0.0000000 0.1007353 0.2027373 0.2113068 0.0939264 0.2572530 0.1915948 0.0988195 0.2997464 0.2544048 0.1014197 0.2159853 0.3149197 0.0941861 0.0966997 0.0968857 0.3211982 0.1006217 0.1006833 0.0969378 0.3272532 0.1006651 0.3233563 0.2145351 0.2138322 0.0966819 0.3400437 0.3316987 0.2019156 0.1122363 0.2273448 0.2257799 0.3269577 0.3408550 0.2373457 0.2512187 0.2139287 0.0955390 0.1024437 0.0085023 0.1055921 0.0986515 0.2413698 0.2338981 0.2401120 0.2006676 0.0934183 0.2937308 0.0820255 0.2967002 0.3297656 0.2136962 0.2129969 
Perityle_dissecta_201                      0.2429204 0.2209434 0.2641159 0.0953719 0.1193271 0.1944376 0.2181739 0.2004331 0.1081551 0.1850742 0.3181387 0.0233267 0.0197362 0.0665280 0.0327080 0.0130399 0.3114794 0.0407141 0.3278606 0.0141140 0.2064339 0.3629854 0.0181412 0.0338324 0.0176548 0.3863348 0.0555478 0.0495813 0.0842558 0.0991245 0.1208998 0.1195367 0.1007353 0.0000000 0.1793614 0.1407563 0.0353643 0.2540354 0.0439584 0.0158655 0.3857258 0.1726669 0.0167219 0.0682600 0.3701061 0.0145198 0.0163283 0.0201871 0.2883583 0.0160868 0.0218136 0.0235705 0.3282620 0.0170664 0.2124980 0.2094147 0.1772084 0.0170189 0.3470936 0.2588376 0.1878320 0.0753134 0.2054553 0.2103914 0.2375431 0.3189326 0.1240703 0.1269436 0.4741316 0.0131956 0.0190547 0.1090855 0.0233629 0.0200939 0.2045424 0.2141436 0.1279512 0.0548018 0.0153748 0.3064244 0.0543513 0.2980266 0.3854404 0.2002513 0.1877079 
Perityle_emoryi_47_punta_san_jose          0.0686547 0.2501027 0.0728682 0.1677675 0.1268444 0.1230370 0.1601684 0.1898705 0.1981680 0.1753698 0.0402494 0.1813803 0.1829763 0.1878962 0.1883770 0.1857652 0.3141673 0.1832997 0.0563301 0.1803060 0.0540259 0.3821528 0.1890526 0.1930682 0.1873747 0.0585576 0.1868964 0.1940131 0.2044327 0.1332042 0.1489724 0.1809625 0.2027373 0.1793614 0.0000000 0.1768177 0.1832806 0.1119015 0.1942818 0.1829303 0.0564812 0.1251441 0.1904884 0.1854710 0.1227898 0.1832823 0.1873747 0.1902891 0.0490529 0.1830419 0.1799957 0.1769552 0.0251603 0.1777495 0.0688226 0.0490623 0.0160535 0.1901302 0.0540259 0.0610270 0.0523554 0.1802003 0.0672302 0.0607448 0.0688496 0.0136178 0.1841232 0.1866304 0.0442210 0.1834339 0.1890526 0.1979919 0.1904046 0.1902989 0.0588895 0.0606167 0.1868446 0.1954649 0.1854969 0.0517218 0.1883220 0.0540259 0.0686079 0.1161928 0.0534753 
Perityle_feddemae_99                       0.2918274 0.2406283 0.3279691 0.1729141 0.1170865 0.2356890 0.2224640 0.2074040 0.2595093 0.2208408 0.3251295 0.1426606 0.1413015 0.1389553 0.1252277 0.1399560 0.3219197 0.0869013 0.3397713 0.0666110 0.2733257 0.3982110 0.1427781 0.1476253 0.1399454 0.3650476 0.1372672 0.1495656 0.0933105 0.1232410 0.1965668 0.1914057 0.2113068 0.1407563 0.1768177 0.0000000 0.1288970 0.3087618 0.1369287 0.1397392 0.3414566 0.1460186 0.0809271 0.0860412 0.3419912 0.1392279 0.1395601 0.1441495 0.3384080 0.0988572 0.1429979 0.1385964 0.3777056 0.1398872 0.2827242 0.2054477 0.2051080 0.1105429 0.3580890 0.3505196 0.1845388 0.1408154 0.2032989 0.2167970 0.3470857 0.3629261 0.1975744 0.2118540 0.3876736 0.0779732 0.1441874 0.2123816 0.1483762 0.0770274 0.2540354 0.2212204 0.1674490 0.1280483 0.1369602 0.3298390 0.0634954 0.3367525 0.3807726 0.2095938 0.1880662 
Perityle_fosteri_93                        0.2428955 0.2331695 0.2420747 0.1122164 0.1167824 0.1963880 0.2147059 0.1918363 0.1134257 0.2026480 0.2360247 0.0372636 0.0371454 0.0669077 0.0610231 0.0322329 0.2828817 0.0369990 0.2860718 0.0126469 0.2085597 0.3671951 0.0371261 0.0429555 0.0373000 0.3333649 0.0755506 0.0518409 0.0750678 0.0962752 0.1259219 0.1251705 0.0939264 0.0353643 0.1832806 0.1288970 0.0000000 0.2452027 0.0721791 0.0348687 0.2891291 0.1556851 0.0153197 0.0909636 0.3278186 0.0361412 0.0361070 0.0395218 0.2806857 0.0178476 0.0404871 0.0348622 0.2699547 0.0359679 0.2131703 0.2101588 0.1807138 0.0256124 0.3057795 0.2722734 0.1846296 0.0968496 0.2170066 0.2137417 0.2588611 0.2735818 0.1455783 0.1465015 0.3626615 0.0068142 0.0371252 0.1022273 0.0451945 0.0162018 0.2073608 0.2178043 0.1241749 0.0741906 0.0348577 0.2476008 0.0581116 0.2492923 0.3432168 0.1988119 0.1946354 
Perityle_gamon_221                         0.1566341 0.3282480 0.2056670 0.2375175 0.1121431 0.1469018 0.1694830 0.2505491 0.2863111 0.2623132 0.1962070 0.2544020 0.2544218 0.2552270 0.2498434 0.2541994 0.4031857 0.2199156 0.1861030 0.1976703 0.1492721 0.4213005 0.2599343 0.2564052 0.2561254 0.1955977 0.2740175 0.2633161 0.2066814 0.1830582 0.2688601 0.2607709 0.2572530 0.2540354 0.1119015 0.3087618 0.2452027 0.0000000 0.2674846 0.2559544 0.1850437 0.3042796 0.2123745 0.2755128 0.0226333 0.2494476 0.2561254 0.2599210 0.1791407 0.2250254 0.2616794 0.2422855 0.2700922 0.2561987 0.1462657 0.1050029 0.1534923 0.2267312 0.1963254 0.1935912 0.0850481 0.2517848 0.1506315 0.1143163 0.1795092 0.2068139 0.2624680 0.2817684 0.2898156 0.2079956 0.2630672 0.2581982 0.2640700 0.2061340 0.1376834 0.1126920 0.2463327 0.2756346 0.2520315 0.2073165 0.1833452 0.1962181 0.2548056 0.1070023 0.1112311 
Perityle_gentryi_8_san_francisco           0.2773885 0.2418171 0.2919750 0.0988013 0.1329828 0.2159826 0.2249012 0.2153037 0.1987251 0.1138393 0.2908340 0.0472539 0.0472400 0.1055803 0.0207223 0.0458462 0.2805447 0.0597776 0.3078296 0.0450904 0.2366995 0.3853323 0.0471925 0.0479794 0.0433732 0.3108030 0.0442079 0.0575002 0.0814682 0.1092788 0.1245350 0.1198243 0.1915948 0.0439584 0.1942818 0.1369287 0.0721791 0.2674846 0.0000000 0.0445317 0.3066508 0.1586615 0.0455769 0.0663491 0.2841787 0.0434828 0.0419678 0.0458928 0.2811847 0.0438156 0.0498083 0.0538916 0.3266805 0.0471487 0.2852890 0.2229755 0.2047330 0.0417829 0.3057649 0.3094837 0.2028525 0.0729279 0.2238790 0.2320224 0.2967835 0.3083670 0.1298270 0.1429402 0.4208901 0.0454443 0.0484912 0.1949658 0.0498872 0.0444635 0.2267840 0.2354467 0.1314013 0.0620272 0.0419042 0.2977201 0.0598561 0.2951739 0.3709286 0.2143459 0.2062001 
Perityle_gilensis_22_Superstition          0.2491745 0.2362842 0.2682419 0.0979317 0.1227591 0.1982548 0.2274691 0.1977186 0.1076554 0.1805172 0.3030220 0.0172242 0.0055705 0.0708189 0.0334687 0.0138482 0.3093633 0.0399120 0.3271838 0.0164516 0.2141090 0.3778179 0.0051032 0.0312574 0.0115621 0.3948169 0.0529279 0.0416178 0.0824723 0.1056481 0.1232559 0.1179241 0.0988195 0.0158655 0.1829303 0.1397392 0.0348687 0.2559544 0.0445317 0.0000000 0.3685257 0.1699163 0.0140909 0.0695038 0.3608762 0.0163692 0.0109739 0.0138945 0.2901339 0.0040041 0.0128394 0.0201971 0.3289909 0.0180739 0.2203383 0.2174635 0.1832545 0.0126310 0.3479713 0.2675838 0.1960913 0.0773628 0.2164903 0.2205549 0.2418610 0.3237411 0.1263353 0.1255160 0.4569156 0.0161036 0.0059566 0.1070428 0.0174716 0.0142253 0.2097326 0.2253845 0.1286090 0.0513874 0.0119764 0.3155107 0.0579594 0.3053186 0.3859790 0.2030306 0.1942472 
Perityle_gilensis_salensis_225             0.1423623 0.2282110 0.1328489 0.2610189 0.1292351 0.1144272 0.1674530 0.2445461 0.3176814 0.3679840 0.1890380 0.3783734 0.3180897 0.3284106 0.2844399 0.3337366 0.4327949 0.2070959 0.0174789 0.2599011 0.1006450 0.4096090 0.4016924 0.3177671 0.3758682 0.1972271 0.3881798 0.3848140 0.2103705 0.1866767 0.3332607 0.3273983 0.2997464 0.3857258 0.0564812 0.3414566 0.2891291 0.1850437 0.3066508 0.3685257 0.0000000 0.2616011 0.2679097 0.3322516 0.2943818 0.3984777 0.4021861 0.3502131 0.1159988 0.2627190 0.3979107 0.2886811 0.2616177 0.3491042 0.1317502 0.0486286 0.1042544 0.2709323 0.1838009 0.1635478 0.0852045 0.2912937 0.1080530 0.0778999 0.1502021 0.1439185 0.2779092 0.3644878 0.3154643 0.2619492 0.4100209 0.3051940 0.3816595 0.2685213 0.0213131 0.0773235 0.2480565 0.4144240 0.3987002 0.1689370 0.1982544 0.1652532 0.2379480 0.1184394 0.0509326 
Perityle_glaucescens_94                    0.2547576 0.2431167 0.1968167 0.1694324 0.1237099 0.1804315 0.2151634 0.2305356 0.2635706 0.2824829 0.1717208 0.1755183 0.1727922 0.1672390 0.1414942 0.1716805 0.3389552 0.1304500 0.2641921 0.1220975 0.1637504 0.3995532 0.1748518 0.1709730 0.1745868 0.2789910 0.1685500 0.1817000 0.1281400 0.1199613 0.2128289 0.2158096 0.2544048 0.1726669 0.1251441 0.1460186 0.1556851 0.3042796 0.1586615 0.1699163 0.2616011 0.0000000 0.1298132 0.1022685 0.3784532 0.1723600 0.1753212 0.1782808 0.2160278 0.1309506 0.1724947 0.1576355 0.2549276 0.1751211 0.2436971 0.1611136 0.1549811 0.1402976 0.2415608 0.2379293 0.1851432 0.1784946 0.1781075 0.1605321 0.2013121 0.2349303 0.1940933 0.2249626 0.2978440 0.1307793 0.1760817 0.2548789 0.1810285 0.1353456 0.1754340 0.1775527 0.1793942 0.1611559 0.1736451 0.1832468 0.0792151 0.1872225 0.3544597 0.2159720 0.1277620 
Perityle_gracilis_11                       0.2525462 0.2319040 0.2164227 0.0941650 0.1262741 0.1997725 0.2277499 0.1939312 0.0911946 0.1757073 0.2122995 0.0116057 0.0152946 0.0662175 0.0344456 0.0164775 0.2329765 0.0414829 0.2648710 0.0190735 0.2206192 0.3808332 0.0164766 0.0163564 0.0034631 0.3028025 0.0521243 0.0320981 0.0821451 0.1057832 0.1059716 0.1038917 0.1014197 0.0167219 0.1904884 0.0809271 0.0153197 0.2123745 0.0455769 0.0140909 0.2679097 0.1298132 0.0000000 0.0756466 0.2976733 0.0177525 0.0023023 0.0046164 0.2633156 0.0152818 0.0188649 0.0152652 0.2565301 0.0176536 0.2217549 0.2189199 0.1877332 0.0034549 0.2775936 0.2468321 0.1920373 0.0742644 0.2178908 0.2246973 0.2396797 0.2525922 0.1264884 0.1265099 0.3039727 0.0176879 0.0164766 0.1095490 0.0104294 0.0058087 0.2092688 0.2268591 0.1317569 0.0526523 0.0152705 0.2252011 0.0615110 0.2227225 0.3118018 0.2059498 0.1926624 
Perityle_harkerae_31                       0.2966221 0.2402478 0.2824675 0.1235900 0.1170799 0.1955104 0.2228185 0.2088964 0.2106095 0.1839639 0.2964003 0.0798700 0.0735179 0.1259527 0.0597003 0.0632377 0.3038754 0.0729243 0.3350329 0.0757099 0.2340491 0.3656754 0.0729818 0.0794883 0.0718777 0.3418042 0.0808378 0.0784832 0.0951372 0.1197971 0.1404102 0.1359518 0.2159853 0.0682600 0.1854710 0.0860412 0.0909636 0.2755128 0.0663491 0.0695038 0.3322516 0.1022685 0.0756466 0.0000000 0.3437674 0.0710727 0.0717163 0.0752282 0.3015878 0.0694244 0.0753378 0.0815930 0.3693702 0.0718844 0.2836218 0.2109438 0.2115528 0.0709978 0.3474550 0.3059505 0.1848530 0.1088597 0.2065274 0.2195281 0.2821401 0.3370228 0.1385548 0.1492254 0.4221215 0.0716766 0.0741016 0.2169912 0.0810101 0.0775474 0.2139534 0.2242702 0.1400464 0.0654316 0.0695295 0.2983380 0.0684057 0.3029455 0.4109216 0.2204811 0.1969624 
