85
Amauria_brandeegeana_62                    0.0000000 0.1258342 0.0744942 0.2236845 0.1326761 0.1231047 0.1688560 0.1811291 0.3779598 0.1427628 0.1167125 0.2745551 0.2650817 0.2627477 0.5301041 0.1482278 0.2581341 0.1827939 0.1949340 0.2353596 0.2590908 0.2577870 0.1820948 0.2652090 0.2428263 0.1305205 0.1321277 0.2652030 0.2831284 0.1399973 0.1476245 0.1161030 0.1301991 0.2639661 0.1223366 0.1510526 0.1787144 0.2343453 0.1535836 0.2604882 0.5751950 0.1550786 0.2496737 0.1498295 0.1671914 0.2589152 0.2653175 0.2694589 0.1530999 0.2648996 0.2477975 0.2610102 0.1303267 0.2800284 0.2540288 0.2523553 0.1198896 0.2625074 0.2732432 0.2720967 0.0945530 0.2420503 0.1294695 0.2630132 0.2828349 0.1320060 0.7035520 0.7096107 0.3666878 0.2564812 0.2629373 0.1395328 0.2433374 0.2651544 0.2578646 0.3223796 0.1413342 0.2888039 0.2455404 0.2632468 0.2879426 0.2732432 0.1186591 0.1382113 0.3689220 
Amauria_carterae_99_mesa                   0.1258342 0.0000000 0.0746609 0.2159042 0.0880014 0.0646017 0.1644614 0.1519591 0.3387143 0.0980186 0.0757407 0.3067974 0.2953863 0.2917544 0.5815548 0.1031705 0.2829472 0.1273461 0.2257474 0.2857688 0.2861504 0.3027738 0.1556656 0.2978300 0.2953112 0.1213924 0.0868061 0.2803519 0.3135207 0.0981690 0.0682160 0.0762010 0.0980450 0.2931961 0.0917417 0.0699086 0.1715407 0.2429004 0.1034214 0.2853591 0.3859157 0.0751068 0.2953863 0.0723491 0.0806815 0.2886390 0.2921906 0.3013435 0.0697894 0.2950747 0.3043019 0.2824593 0.0844839 0.2917325 0.3238520 0.2730224 0.0654079 0.3013435 0.3042694 0.3155487 0.0621365 0.2932289 0.0804030 0.2910641 0.3159174 0.0844839 0.7622771 0.7577369 0.3589627 0.2723182 0.2982292 0.0881993 0.2617647 0.2984365 0.2925774 0.3059673 0.1123727 0.3336311 0.2991468 0.2914533 0.2930967 0.3042694 0.0956474 0.0629564 0.3546581 
Amauria_rotundifolia_SRR9119150            0.0744942 0.0746609 0.0000000 0.3000873 0.1082514 0.0741558 0.2611665 0.1883580 0.4306620 0.2239614 0.2085292 0.3875563 0.3566558 0.3502445 0.5310248 0.2316328 0.3861321 0.1598772 0.1857416 0.3423926 0.3106465 0.2539735 0.1721059 0.3686349 0.3223140 0.1205635 0.1921777 0.3417679 0.3603340 0.1582493 0.1042829 0.1904038 0.1909421 0.3724516 0.1084294 0.2122444 0.2018365 0.2554076 0.2350952 0.3648720 0.6910344 0.2132616 0.3611418 0.2099429 0.2169059 0.3758213 0.3428461 0.3369760 0.2134785 0.3699040 0.3372179 0.3629048 0.1903814 0.2876236 0.3558791 0.2431164 0.0721545 0.3721162 0.3800146 0.3471458 0.0659211 0.2637739 0.1036379 0.3696791 0.3753638 0.1920739 0.7876011 0.8142946 0.3616412 0.2658164 0.3689591 0.1273218 0.3523468 0.2556208 0.3660980 0.3123685 0.2041768 0.2961372 0.3431687 0.3708897 0.2771336 0.3800146 0.2040325 0.1174809 0.3577602 
Conoclinium_coelestinum_SRR9119114         0.2236845 0.2159042 0.3000873 0.0000000 0.1852177 0.1689570 0.1212630 0.2165954 0.4126726 0.3233678 0.2177732 0.3599351 0.2978868 0.3159694 0.5082064 0.3278540 0.3301057 0.2111428 0.2363250 0.2956193 0.2878431 0.2722821 0.1876280 0.3410023 0.2855201 0.1807545 0.3098250 0.3074149 0.3077346 0.2314356 0.1817922 0.3606451 0.2291529 0.3284237 0.1816083 0.2988607 0.1565251 0.2835970 0.3325401 0.3312742 0.6549232 0.2966849 0.3293342 0.2978945 0.3169149 0.3258014 0.2961608 0.3055604 0.2988783 0.3341625 0.3156682 0.3320225 0.3071581 0.3077930 0.3218389 0.2733276 0.1787592 0.3479394 0.3478966 0.2954649 0.1357381 0.2814630 0.1868323 0.3442702 0.3278264 0.3071581 0.7580130 0.7848907 0.2836478 0.2835952 0.3410023 0.1928996 0.3247268 0.2627505 0.3249112 0.3049370 0.2823240 0.2831547 0.3246997 0.3446016 0.2476361 0.3478966 0.3113222 0.1531205 0.3224187 
Eutetras_palmeri_63                        0.1326761 0.0880014 0.1082514 0.1852177 0.0000000 0.0168975 0.1408109 0.1766371 0.3306763 0.0899683 0.0999968 0.1896260 0.1995983 0.1952819 0.5305725 0.0964760 0.2143398 0.0972896 0.1835874 0.1981713 0.1920688 0.2059429 0.1767727 0.1852592 0.1969246 0.1053524 0.0808468 0.1878860 0.1952192 0.0887023 0.0758853 0.1671877 0.0847275 0.1867055 0.0869583 0.0968876 0.1643396 0.1943217 0.0875447 0.1938588 0.5901396 0.1013392 0.1937744 0.0945021 0.1107857 0.1836432 0.1939585 0.2036222 0.1015213 0.1860407 0.2076628 0.1788412 0.0790852 0.2322885 0.2185228 0.2259899 0.0926701 0.2072565 0.1934684 0.2144918 0.0615105 0.2150131 0.0894001 0.1828172 0.2115562 0.0874274 0.6511874 0.6834993 0.3103745 0.1809554 0.1851237 0.0888532 0.1695101 0.2001327 0.1935662 0.2863794 0.1413186 0.2153828 0.2070223 0.1861354 0.2711654 0.1949543 0.0844735 0.0635112 0.3083709 
Eutetras_pringlei_149_quer                 0.1231047 0.0646017 0.0741558 0.1689570 0.0168975 0.0000000 0.1278465 0.1484993 0.3202997 0.0725699 0.0485225 0.2719376 0.2601935 0.2598704 0.4506051 0.0787656 0.2520554 0.0916145 0.2294320 0.2522128 0.2522128 0.2678294 0.1567600 0.2686437 0.2601935 0.0947763 0.0760340 0.2540427 0.2896245 0.0664453 0.0843481 0.0487212 0.0694922 0.2614729 0.0694818 0.0758231 0.1894210 0.2461870 0.0821533 0.2557616 0.2598704 0.0791083 0.2601935 0.0691499 0.0792445 0.2599785 0.2601935 0.2678294 0.0725159 0.2598704 0.2745944 0.2515671 0.0698696 0.2598712 0.2932449 0.2577710 0.0665503 0.2678294 0.2715925 0.2920392 0.0531918 0.2608435 0.0698513 0.2527573 0.2793121 0.0729425 0.6083110 0.6270819 0.2821576 0.2578858 0.2681727 0.0662654 0.2134329 0.2599962 0.2565717 0.2601935 0.0881698 0.2856661 0.2691133 0.2531964 0.2723688 0.2715925 0.0694818 0.0591949 0.2822953 
Eutrochium_fistulosum_SRR9119106           0.1688560 0.1644614 0.2611665 0.1212630 0.1408109 0.1278465 0.0000000 0.1843626 0.3962114 0.2359546 0.1387341 0.3324522 0.2731054 0.2874959 0.4999474 0.2462923 0.3134932 0.2312839 0.1736158 0.2884610 0.2650323 0.2204901 0.1472278 0.2991179 0.2630490 0.1390226 0.2457182 0.2849735 0.2920034 0.1722740 0.1312563 0.2682121 0.1807304 0.2875166 0.1284553 0.2418689 0.1432607 0.2457547 0.2542925 0.2925682 0.5611606 0.2402784 0.2830901 0.2395232 0.2403941 0.3016767 0.2653853 0.2735581 0.2435582 0.2948646 0.2893184 0.2892472 0.2417398 0.2815097 0.3096414 0.2212223 0.1514523 0.2991770 0.3012085 0.2813639 0.1094215 0.2574870 0.1498483 0.3186335 0.2985755 0.2472942 0.7448496 0.7485825 0.3257906 0.2720526 0.2992666 0.1367320 0.2948815 0.2385020 0.2890011 0.2663471 0.2353768 0.2621451 0.2891670 0.3189105 0.1960302 0.3012085 0.2320542 0.0911057 0.3047468 
Galeana_pratensis_104_mex                  0.1811291 0.1519591 0.1883580 0.2165954 0.1766371 0.1484993 0.1843626 0.0000000 0.2112026 0.1753610 0.1451769 0.2724898 0.2777267 0.2830080 0.4538298 0.1653342 0.2636938 0.1702190 0.2558114 0.2724688 0.2585181 0.2635209 0.1828615 0.2934179 0.2724808 0.1403956 0.1845063 0.2771322 0.3126005 0.1617879 0.1606242 0.1658754 0.1792392 0.2719013 0.1573727 0.1359191 0.1820755 0.1968881 0.1706239 0.2778725 0.2830080 0.1314874 0.2777267 0.1312250 0.1496496 0.2724688 0.2777267 0.2774669 0.1397108 0.2830080 0.2830350 0.2679883 0.1755531 0.2631778 0.2939886 0.2578329 0.1662012 0.2774669 0.2821372 0.2992629 0.1088487 0.2585213 0.1709217 0.2674104 0.2942308 0.1799888 0.5870776 0.5798537 0.2491724 0.2468267 0.2934179 0.1614705 0.2571837 0.2635209 0.2732111 0.2683279 0.2013201 0.2694941 0.2890167 0.2679861 0.2236309 0.2821372 0.1629670 0.1079465 0.2681872 
Helianthus_annuus_SRR9119062               0.3779598 0.3387143 0.4306620 0.4126726 0.3306763 0.3202997 0.3962114 0.2112026 0.0000000 0.4155582 0.3324344 0.4561746 0.4503072 0.4485906 0.5063913 0.4170118 0.4231931 0.3793426 0.2971642 0.4149476 0.4387515 0.4077521 0.2285953 0.4580933 0.4332266 0.2260036 0.3961789 0.4605506 0.4891122 0.3873216 0.2720598 0.4302998 0.4155153 0.4446273 0.3021863 0.3547418 0.2121386 0.4134840 0.4239480 0.4471029 0.7218828 0.3590999 0.4328488 0.3571690 0.3573397 0.4371520 0.4464925 0.4477333 0.3563470 0.4502642 0.4263242 0.4425190 0.3947073 0.4541278 0.4303668 0.4151533 0.3313472 0.4347601 0.4503441 0.4589201 0.1641413 0.4263190 0.3477490 0.4470509 0.4768687 0.3947097 0.7352900 0.7298248 0.4581207 0.4284232 0.4544892 0.3458506 0.4231645 0.4186674 0.4383915 0.4512325 0.4440908 0.4282448 0.4407148 0.4443906 0.4121919 0.4503441 0.4042559 0.1864419 0.4414717 
Lycapsus_tenuifolius_17                    0.1427628 0.0980186 0.2239614 0.3233678 0.0899683 0.0725699 0.2359546 0.1753610 0.4155582 0.0000000 0.1656039 0.3713949 0.3186225 0.3317426 0.5222887 0.1276604 0.3708798 0.1745262 0.1862304 0.3366634 0.3072651 0.2359201 0.2154908 0.3532404 0.3074994 0.1132549 0.1743969 0.3302330 0.3340872 0.0143089 0.0855141 0.1456986 0.0024997 0.3475334 0.0078866 0.1314654 0.2369221 0.2455896 0.1316092 0.3471400 0.6489149 0.1271380 0.3490877 0.1281959 0.1476083 0.3481007 0.3066509 0.3122918 0.1313457 0.3486341 0.3531237 0.3457585 0.1713419 0.3157672 0.3635785 0.2555062 0.0694189 0.3536414 0.3565741 0.3125549 0.0790370 0.2937646 0.0714565 0.3563080 0.3507971 0.1742963 0.7914786 0.7914838 0.3911935 0.2681509 0.3536828 0.0115955 0.3293043 0.2502237 0.3375419 0.3316881 0.1335714 0.2826900 0.3540741 0.3565858 0.3071766 0.3565741 0.0068434 0.0822046 0.3660082 
Pericome_caudata_50_silver                 0.1167125 0.0757407 0.2085292 0.2177732 0.0999968 0.0485225 0.1387341 0.1451769 0.3324344 0.1656039 0.0000000 0.3100453 0.2447362 0.2595641 0.5446977 0.2397533 0.3659644 0.1634921 0.1330823 0.2404017 0.2491961 0.2113697 0.1423031 0.3322181 0.2109770 0.1014392 0.1800922 0.2715368 0.2611504 0.0847716 0.0926665 0.2743975 0.0759889 0.3568642 0.0546560 0.2770905 0.1168049 0.1717743 0.2163271 0.3637233 0.6505840 0.2977308 0.2603389 0.2669157 0.2974448 0.3130074 0.2493481 0.2643541 0.2907139 0.2858166 0.2371949 0.3390694 0.2573336 0.2431493 0.2863507 0.1738537 0.0514916 0.2975169 0.3206214 0.2273994 0.0668280 0.2184199 0.0529421 0.3513468 0.3165640 0.2415354 0.7267318 0.8291905 0.3013560 0.2415779 0.3328405 0.0789477 0.3280052 0.2247902 0.2526670 0.2401102 0.1598459 0.2492834 0.2739430 0.3536222 0.1857091 0.3019435 0.1539524 0.1395041 0.2770673 
Perityle_aglossa_84_dead_horse             0.2745551 0.3067974 0.3875563 0.3599351 0.1896260 0.2719376 0.3324522 0.2724898 0.4561746 0.3713949 0.3100453 0.0000000 0.0401820 0.0504344 0.5241814 0.3363076 0.0584125 0.2753436 0.0620462 0.0297147 0.0390484 0.0454606 0.1928134 0.0647375 0.0257988 0.0340114 0.3555907 0.0824712 0.0636997 0.2936161 0.1830900 0.4149868 0.3172844 0.0556396 0.2358186 0.2318942 0.1949698 0.2232486 0.3428435 0.0674602 0.3246793 0.2314110 0.0644344 0.2593213 0.2586066 0.0281915 0.0363944 0.0437785 0.2635617 0.0623613 0.0544508 0.0613641 0.3453873 0.0323142 0.0861080 0.0532253 0.2436427 0.0710357 0.0673683 0.0471338 0.1590112 0.0931778 0.2862940 0.0200735 0.0784715 0.3379616 0.7562967 0.8051470 0.0290363 0.0889304 0.0647237 0.2255224 0.0652893 0.0385493 0.0591192 0.0538287 0.3580535 0.0554009 0.0619469 0.0186140 0.0451451 0.0662231 0.3890787 0.0885231 0.0578893 
Perityle_ajoensis_204                      0.2650817 0.2953863 0.3566558 0.2978868 0.1995983 0.2601935 0.2731054 0.2777267 0.4503072 0.3186225 0.2447362 0.0401820 0.0000000 0.0121072 0.5315249 0.2737967 0.0337883 0.2663616 0.0482746 0.0211369 0.0255004 0.0136462 0.1236829 0.0182418 0.0102498 0.0118549 0.3016679 0.0685903 0.0447575 0.2811460 0.1824624 0.3322201 0.3088026 0.0096321 0.2237912 0.1968598 0.1253787 0.2261833 0.2794365 0.0133315 0.2378274 0.1983181 0.0037632 0.2044569 0.2209831 0.0229419 0.0060071 0.0133930 0.2035940 0.0145671 0.0194457 0.0121164 0.3016089 0.0186293 0.0435634 0.0370086 0.2385896 0.0085861 0.0106703 0.0351935 0.1545787 0.0770509 0.2771766 0.0290958 0.0408034 0.3055565 0.7190945 0.7222686 0.0104704 0.0871572 0.0182376 0.2182182 0.0074357 0.0065835 0.0036212 0.0191842 0.3496498 0.0387698 0.0118525 0.0303404 0.0345525 0.0106703 0.3236982 0.0729837 0.0309198 
Perityle_ambrosiifolia_67_green            0.2627477 0.2917544 0.3502445 0.3159694 0.1952819 0.2598704 0.2874959 0.2830080 0.4485906 0.3317426 0.2595641 0.0504344 0.0121072 0.0000000 0.5315249 0.2812619 0.0456315 0.2581150 0.0443531 0.0329072 0.0244637 0.0208657 0.1532129 0.0058310 0.0116678 0.0219304 0.3095653 0.0699889 0.0439181 0.2810499 0.1756534 0.3417236 0.3070115 0.0094711 0.2233236 0.2104807 0.1478386 0.2186064 0.2886190 0.0034938 0.2233220 0.2118902 0.0124260 0.2179529 0.2320591 0.0345773 0.0134527 0.0198174 0.2173724 0.0023284 0.0205530 0.0093682 0.3107240 0.0206479 0.0456751 0.0375183 0.2412944 0.0171569 0.0176387 0.0369372 0.1549420 0.0770971 0.2804646 0.0394564 0.0398921 0.3146213 0.6979996 0.7054367 0.0080050 0.0769943 0.0058297 0.2177662 0.0135039 0.0134129 0.0096320 0.0295724 0.3492890 0.0375020 0.0129972 0.0406949 0.0381010 0.0176387 0.3376399 0.0666702 0.0363589 
Perityle_angustifolia_13_Eagle_creek       0.5301041 0.5815548 0.5310248 0.5082064 0.5305725 0.4506051 0.4999474 0.4538298 0.5063913 0.5222887 0.5446977 0.5241814 0.5315249 0.5315249 0.0000000 0.5492581 0.5214722 0.5652024 0.4733847 0.5293980 0.5325207 0.5254535 0.4637636 0.5315361 0.5259452 0.5271210 0.5292043 0.5216234 0.5213136 0.5295567 0.5513944 0.5359891 0.5211129 0.5197953 0.5222746 0.5374942 0.3903181 0.5337539 0.5480281 0.5255427 0.6919851 0.5455126 0.5315517 0.5404567 0.5457807 0.5271449 0.5379308 0.5303498 0.5338766 0.5315249 0.5344186 0.5264024 0.5155431 0.5320794 0.5032688 0.5264165 0.5435313 0.5303498 0.5242719 0.5200228 0.3608961 0.5448892 0.5390890 0.5259344 0.5243198 0.5213047 0.4167747 0.4028684 0.4127642 0.5323122 0.5315361 0.5174798 0.5275080 0.5375787 0.5315517 0.4780976 0.5246264 0.5193135 0.5358986 0.5259344 0.3821395 0.5242719 0.5222746 0.4520672 0.4914466 
Perityle_batopilensis_97                   0.1482278 0.1031705 0.2316328 0.3278540 0.0964760 0.0787656 0.2462923 0.1653342 0.4170118 0.1276604 0.2397533 0.3363076 0.2737967 0.2812619 0.5492581 0.0000000 0.3884726 0.1406236 0.1926867 0.3117251 0.2982889 0.2292584 0.2484078 0.3228978 0.2750897 0.1144561 0.1659376 0.2923467 0.3001885 0.0936737 0.0787919 0.2077404 0.1079648 0.3294137 0.0885417 0.1540064 0.3345389 0.2228056 0.0119574 0.3264394 0.7047851 0.1555392 0.3407957 0.1529310 0.1702740 0.3418474 0.2660990 0.2712564 0.1472284 0.3053813 0.3140818 0.3293705 0.1747608 0.2880069 0.3662902 0.2529092 0.0988008 0.3469746 0.3410824 0.2907951 0.0747809 0.2816834 0.0942352 0.3502899 0.3422407 0.1787662 0.7797317 0.8327336 0.3447489 0.2311557 0.3226624 0.0892851 0.3150359 0.2228656 0.3061182 0.2979443 0.1626812 0.2582733 0.3525521 0.3527213 0.2953183 0.3429484 0.1354603 0.1012069 0.3401073 
Perityle_bisetosa_9                        0.2581341 0.2829472 0.3861321 0.3301057 0.2143398 0.2520554 0.3134932 0.2636938 0.4231931 0.3708798 0.3659644 0.0584125 0.0337883 0.0456315 0.5214722 0.3884726 0.0000000 0.2803536 0.0394017 0.0161072 0.0297450 0.0331862 0.1506025 0.1407916 0.0245721 0.0389184 0.3850195 0.0950441 0.0776754 0.2977761 0.1685475 0.3998834 0.3202702 0.1325713 0.2202891 0.3413135 0.1904019 0.2374386 0.3601573 0.1329697 0.3133677 0.3756734 0.0717436 0.3207694 0.3633370 0.0275356 0.0352195 0.0527465 0.3381329 0.0721941 0.0488609 0.1379029 0.4469610 0.0145925 0.1029003 0.0342221 0.2223675 0.0951024 0.1119059 0.0447990 0.1455128 0.0792495 0.2667770 0.0689390 0.1045008 0.4334582 0.7176064 0.8245530 0.0078299 0.1062761 0.1407542 0.2204760 0.1148571 0.0289072 0.0534705 0.0325010 0.3286687 0.0466934 0.0709341 0.0466516 0.0359111 0.0904608 0.3828623 0.0737864 0.0319788 
Perityle_californica_76_positas            0.1827939 0.1273461 0.1598772 0.2111428 0.0972896 0.0916145 0.2312839 0.1702190 0.3793426 0.1745262 0.1634921 0.2753436 0.2663616 0.2581150 0.5652024 0.1406236 0.2803536 0.0000000 0.1984642 0.2743065 0.2543751 0.2236531 0.1833516 0.2598769 0.2693082 0.1127403 0.1642844 0.2719020 0.2963258 0.1627060 0.0544042 0.1690121 0.1653855 0.2655457 0.1195028 0.0987816 0.1643028 0.2149831 0.1424758 0.2559182 0.5725346 0.0988534 0.2645476 0.1022887 0.1136536 0.2686990 0.2584015 0.2686750 0.1043209 0.2602082 0.2806670 0.2520804 0.1607796 0.3202372 0.2962732 0.2536666 0.1109501 0.2726500 0.2745382 0.2835572 0.0704298 0.2784038 0.1411025 0.2597627 0.2958985 0.1608450 0.7412791 0.7339133 0.3788106 0.2525387 0.2621974 0.1123741 0.2418447 0.2450505 0.2606463 0.3328161 0.1905918 0.2880635 0.2791025 0.2599875 0.2836130 0.2745382 0.1690819 0.0692285 0.3623575 
Perityle_canescens_77                      0.1949340 0.2257474 0.1857416 0.2363250 0.1835874 0.2294320 0.1736158 0.2558114 0.2971642 0.1862304 0.1330823 0.0620462 0.0482746 0.0443531 0.4733847 0.1926867 0.0394017 0.1984642 0.0000000 0.0403236 0.0403626 0.0522617 0.1235214 0.0523477 0.0442986 0.0577454 0.1734219 0.0444031 0.0622447 0.1866411 0.1912126 0.1759385 0.1837359 0.0445453 0.1790145 0.1717987 0.1130913 0.1794609 0.2000979 0.0443933 0.2668900 0.1716322 0.0463199 0.1690666 0.1768916 0.0383502 0.0463199 0.0522617 0.1716924 0.0443531 0.0484352 0.0443531 0.1731910 0.0497240 0.0558687 0.0477868 0.2000225 0.0522617 0.0542366 0.0474867 0.1619720 0.0544782 0.2114845 0.0502456 0.0600576 0.1779144 0.5926982 0.5757807 0.0233202 0.0351809 0.0503047 0.1790145 0.0478327 0.0483205 0.0463148 0.0354435 0.2026450 0.0325038 0.0463618 0.0522659 0.0565228 0.0542366 0.1790145 0.0447705 0.0386124 
Perityle_castillonii_96                    0.2353596 0.2857688 0.3423926 0.2956193 0.1981713 0.2522128 0.2884610 0.2724688 0.4149476 0.3366634 0.2404017 0.0297147 0.0211369 0.0329072 0.5293980 0.3117251 0.0161072 0.2743065 0.0403236 0.0000000 0.0167245 0.0215705 0.1500278 0.0383143 0.0133014 0.0213705 0.3355555 0.0666697 0.0469459 0.2856474 0.1625558 0.3107661 0.3104300 0.0235934 0.2192299 0.2219675 0.1472986 0.2273973 0.3136907 0.0329275 0.2139166 0.2232287 0.0325742 0.2292095 0.2427712 0.0060201 0.0160883 0.0203403 0.2293682 0.0356427 0.0343463 0.0315853 0.3334896 0.0110929 0.0518976 0.0333789 0.2296098 0.0365276 0.0365327 0.0315762 0.1492917 0.0660229 0.2731595 0.0192967 0.0454719 0.3357451 0.7127714 0.7126962 0.0078259 0.0837956 0.0383045 0.2117506 0.0342507 0.0163227 0.0299016 0.0289266 0.3082329 0.0353569 0.0236594 0.0206063 0.0310108 0.0365327 0.3351513 0.0294871 0.0308789 
Perityle_cernua_84                         0.2590908 0.2861504 0.3106465 0.2878431 0.1920688 0.2522128 0.2650323 0.2585181 0.4387515 0.3072651 0.2491961 0.0390484 0.0255004 0.0244637 0.5325207 0.2982889 0.0297450 0.2543751 0.0403626 0.0167245 0.0000000 0.0236359 0.1111902 0.0495304 0.0229472 0.0219243 0.2810124 0.0352055 0.0509705 0.2772843 0.1701945 0.3260675 0.2922153 0.0497707 0.2194405 0.2100865 0.1634209 0.2234769 0.2833093 0.0514576 0.2863815 0.2076847 0.0470940 0.2166355 0.2252366 0.0205566 0.0255232 0.0333482 0.2158249 0.0318948 0.0317382 0.0501739 0.2996257 0.0101006 0.0835737 0.0316342 0.2299180 0.0541445 0.0560875 0.0423526 0.1492917 0.0728925 0.2713772 0.0291402 0.0715702 0.2980655 0.6835132 0.6896873 0.0052130 0.0783202 0.0495180 0.2106132 0.0534895 0.0160877 0.0271089 0.0264990 0.3326613 0.0333292 0.0541000 0.0303867 0.0310108 0.0560875 0.3214208 0.0598982 0.0284855 
Perityle_cfvillosa_25_tin                  0.2577870 0.3027738 0.2539735 0.2722821 0.2059429 0.2678294 0.2204901 0.2635209 0.4077521 0.2359201 0.2113697 0.0454606 0.0136462 0.0208657 0.5254535 0.2292584 0.0331862 0.2236531 0.0522617 0.0215705 0.0236359 0.0000000 0.1276152 0.0276505 0.0207092 0.0138730 0.2143075 0.0450808 0.0503424 0.2353354 0.1836257 0.2720630 0.2334204 0.0191086 0.2325300 0.1489003 0.1288351 0.2043954 0.2336409 0.0220350 0.2957639 0.1506517 0.0102234 0.1530632 0.1675901 0.0245379 0.0120434 0.0039882 0.1546402 0.0220358 0.0241385 0.0206520 0.2132358 0.0293482 0.0536687 0.0460856 0.2418238 0.0028199 0.0053237 0.0450443 0.1593719 0.0634160 0.2904169 0.0329019 0.0488245 0.2187833 0.6795536 0.6669512 0.0225522 0.0648939 0.0262295 0.2282022 0.0155618 0.0120416 0.0125992 0.0124417 0.2904257 0.0471945 0.0213701 0.0343138 0.0451485 0.0039859 0.2306766 0.0836362 0.0447088 
Perityle_cinerea_113_Powell1310            0.1820948 0.1556656 0.1721059 0.1876280 0.1767727 0.1567600 0.1472278 0.1828615 0.2285953 0.2154908 0.1423031 0.1928134 0.1236829 0.1532129 0.4637636 0.2484078 0.1506025 0.1833516 0.1235214 0.1500278 0.1111902 0.1276152 0.0000000 0.1702683 0.1195414 0.0532068 0.2400495 0.1151165 0.1723743 0.1531783 0.1870291 0.2200437 0.1617163 0.1464506 0.1574339 0.2007930 0.0114945 0.1640626 0.2540907 0.1625874 0.1752867 0.2042057 0.1663479 0.2045747 0.2063017 0.1701288 0.1236829 0.1276152 0.2089476 0.1625874 0.1522995 0.1582764 0.2354742 0.1160260 0.1759643 0.1117546 0.1519377 0.1701216 0.1739030 0.1343353 0.1380226 0.1242158 0.1567747 0.1815020 0.1801456 0.2398406 0.5774057 0.6212268 0.0959192 0.0875690 0.1705719 0.1574330 0.1098534 0.1236857 0.1622998 0.1128395 0.1941201 0.1197676 0.1636244 0.1815005 0.1475282 0.1739030 0.2069816 0.0378929 0.1209006 
Perityle_coahuilensis_24                   0.2652090 0.2978300 0.3686349 0.3410023 0.1852592 0.2686437 0.2991179 0.2934179 0.4580933 0.3532404 0.3322181 0.0647375 0.0182418 0.0058310 0.5315361 0.3228978 0.1407916 0.2598769 0.0523477 0.0383143 0.0495304 0.0276505 0.1702683 0.0000000 0.0169146 0.0280139 0.3384518 0.0741807 0.0532825 0.2887318 0.1797007 0.4100072 0.3126361 0.0180940 0.2295874 0.2502938 0.2301001 0.2211087 0.3164837 0.0117112 0.2335200 0.2724589 0.0203076 0.2674868 0.3027112 0.0694784 0.0200076 0.0385494 0.2906035 0.0074798 0.0257270 0.0169560 0.3866494 0.0259225 0.0548383 0.0448887 0.2473132 0.0248558 0.0290811 0.0437461 0.1655006 0.0842732 0.2869025 0.1407105 0.0527899 0.3657211 0.6986629 0.7816154 0.0161168 0.0830990 0.0029214 0.2254419 0.0229820 0.0200006 0.0153189 0.0371958 0.3492207 0.0438405 0.0219648 0.0871786 0.0489127 0.0253425 0.3619808 0.0820590 0.0438991 
Perityle_cochisensis_44_cave_creek         0.2428263 0.2953112 0.3223140 0.2855201 0.1969246 0.2601935 0.2630490 0.2724808 0.4332266 0.3074994 0.2109770 0.0257988 0.0102498 0.0116678 0.5259452 0.2750897 0.0245721 0.2693082 0.0442986 0.0133014 0.0229472 0.0207092 0.1195414 0.0169146 0.0000000 0.0242797 0.3033515 0.0636598 0.0405516 0.2845055 0.1692688 0.2965814 0.3125630 0.0090000 0.2279589 0.1939208 0.1189063 0.2261931 0.2791267 0.0129784 0.2147956 0.1955016 0.0115514 0.1990542 0.2101559 0.0128304 0.0129062 0.0196203 0.2012050 0.0143010 0.0196381 0.0103694 0.3030318 0.0186266 0.0449428 0.0370028 0.2323031 0.0167281 0.0167304 0.0331308 0.1492800 0.0723660 0.2737358 0.0180077 0.0377938 0.3051708 0.6992341 0.6999631 0.0078351 0.0883169 0.0169105 0.2178574 0.0134987 0.0113787 0.0089647 0.0240741 0.3164601 0.0354668 0.0118613 0.0193157 0.0310060 0.0167304 0.3167580 0.0412573 0.0309198 
Perityle_congesta_202                      0.1305205 0.1213924 0.1205635 0.1807545 0.1053524 0.0947763 0.1390226 0.1403956 0.2260036 0.1132549 0.1014392 0.0340114 0.0118549 0.0219304 0.5271210 0.1144561 0.0389184 0.1127403 0.0577454 0.0213705 0.0219243 0.0138730 0.0532068 0.0280139 0.0242797 0.0000000 0.0919422 0.0322196 0.0502661 0.1110771 0.1147157 0.1226600 0.1061899 0.0180042 0.1037190 0.0718743 0.0642103 0.0827649 0.1190470 0.0219136 0.3688239 0.0696513 0.0099425 0.0760246 0.0894032 0.0198829 0.0098740 0.0158801 0.0804785 0.0219304 0.0270193 0.0199216 0.0918253 0.0301770 0.0434127 0.0373595 0.0987769 0.0138730 0.0158664 0.0372136 0.0994244 0.0597782 0.1055630 0.0279836 0.0480230 0.0962302 0.5532877 0.5397701 0.0258356 0.0259248 0.0280139 0.1112869 0.0059045 0.0138637 0.0138811 0.0125136 0.1550543 0.0383362 0.0275264 0.0300343 0.0359639 0.0158664 0.1044778 0.0547353 0.0380419 
Perityle_cordifolia_27                     0.1321277 0.0868061 0.1921777 0.3098250 0.0808468 0.0760340 0.2457182 0.1845063 0.3961789 0.1743969 0.1800922 0.3555907 0.3016679 0.3095653 0.5292043 0.1659376 0.3850195 0.1642844 0.1734219 0.3355555 0.2810124 0.2143075 0.2400495 0.3384518 0.3033515 0.0919422 0.0000000 0.3081485 0.3247571 0.0875963 0.0796801 0.1922476 0.1307857 0.3329941 0.0762718 0.1809415 0.2749577 0.2220726 0.1626761 0.3342742 0.6919587 0.1871832 0.3421529 0.1869951 0.1969963 0.3447713 0.2907372 0.3018891 0.1853918 0.3335222 0.3344532 0.3348733 0.0075382 0.2963582 0.3766219 0.2329124 0.0217603 0.3544483 0.3475352 0.3132433 0.0612458 0.2748035 0.0087875 0.3476755 0.3473898 0.0107944 0.8109628 0.8202504 0.3713603 0.2344324 0.3388669 0.0830201 0.3205978 0.2264273 0.3332044 0.3134256 0.1683284 0.2591917 0.3624679 0.3479420 0.2735330 0.3475352 0.1748966 0.0754025 0.3474607 
Perityle_cordifolia_68_tecolote            0.2652030 0.2803519 0.3417679 0.3074149 0.1878860 0.2540427 0.2849735 0.2771322 0.4605506 0.3302330 0.2715368 0.0824712 0.0685903 0.0699889 0.5216234 0.2923467 0.0950441 0.2719020 0.0444031 0.0666697 0.0352055 0.0450808 0.1151165 0.0741807 0.0636598 0.0322196 0.3081485 0.0000000 0.0837733 0.2802170 0.1868474 0.4047539 0.3207692 0.0683452 0.2230458 0.2062532 0.1388820 0.2223677 0.2961137 0.0741779 0.3617551 0.2154063 0.0709591 0.2284571 0.2319444 0.0684932 0.0635429 0.0699647 0.2340757 0.0677972 0.0785541 0.0706918 0.3084882 0.0350100 0.0873900 0.0017126 0.2341727 0.0784156 0.0807030 0.0707801 0.1590923 0.0882207 0.2771573 0.0781312 0.0780953 0.3047980 0.7268110 0.7450843 0.0328258 0.0893584 0.0741636 0.2157483 0.0783819 0.0380574 0.0687776 0.0528915 0.3793362 0.0427431 0.0689195 0.0823203 0.0453539 0.0779675 0.3356558 0.0823347 0.0341946 
Perityle_coronopifolia_28_patagonia        0.2831284 0.3135207 0.3603340 0.3077346 0.1952192 0.2896245 0.2920034 0.3126005 0.4891122 0.3340872 0.2611504 0.0636997 0.0447575 0.0439181 0.5213136 0.3001885 0.0776754 0.2963258 0.0622447 0.0469459 0.0509705 0.0503424 0.1723743 0.0532825 0.0405516 0.0502661 0.3247571 0.0837733 0.0000000 0.3027656 0.1956066 0.4022039 0.3273894 0.0474318 0.2455202 0.2003745 0.1648678 0.2230436 0.2952448 0.0481059 0.3263231 0.2049850 0.0436184 0.2248703 0.2237717 0.0485307 0.0490376 0.0530401 0.2239139 0.0507733 0.0489145 0.0487350 0.3218390 0.0468685 0.0432066 0.0530143 0.2440370 0.0455119 0.0517321 0.0289488 0.1496300 0.0947847 0.3001528 0.0597935 0.0151841 0.3136430 0.6883885 0.7332669 0.0441365 0.1064671 0.0532708 0.2393027 0.0524748 0.0444066 0.0422416 0.0712028 0.3660645 0.0532866 0.0422183 0.0614526 0.0309957 0.0511473 0.3453190 0.1083337 0.0537310 
Perityle_crassifolia_70_ventanas           0.1399973 0.0981690 0.1582493 0.2314356 0.0887023 0.0664453 0.1722740 0.1617879 0.3873216 0.0143089 0.0847716 0.2936161 0.2811460 0.2810499 0.5295567 0.0936737 0.2977761 0.1627060 0.1866411 0.2856474 0.2772843 0.2353354 0.1531783 0.2887318 0.2845055 0.1110771 0.0875963 0.2802170 0.3027656 0.0000000 0.0860471 0.1077316 0.0147122 0.2821744 0.0126660 0.0959282 0.1593202 0.2372844 0.0997601 0.2788639 0.5989983 0.0956654 0.2807635 0.0957685 0.1081851 0.2749857 0.2816803 0.2871178 0.0975855 0.2831265 0.2949016 0.2774881 0.0860470 0.3186237 0.3130496 0.2588194 0.0766024 0.2865964 0.2891551 0.2956709 0.0792087 0.2889371 0.0763846 0.2783346 0.3004093 0.0890093 0.7250937 0.6913734 0.3963955 0.2654608 0.2891138 0.0190046 0.2578425 0.2497218 0.2755659 0.3283115 0.1218082 0.2847001 0.2954638 0.2785693 0.3082068 0.2891551 0.0110070 0.0714946 0.3626400 
Perityle_cuneata_34_cuneata_San_antonio    0.1476245 0.0682160 0.1042829 0.1817922 0.0758853 0.0843481 0.1312563 0.1606242 0.2720598 0.0855141 0.0926665 0.1830900 0.1824624 0.1756534 0.5513944 0.0787919 0.1685475 0.0544042 0.1912126 0.1625558 0.1701945 0.1836257 0.1870291 0.1797007 0.1692688 0.1147157 0.0796801 0.1868474 0.1956066 0.0860471 0.0000000 0.1067665 0.0775289 0.1742840 0.0753544 0.0942121 0.1742412 0.1447285 0.0807122 0.1734309 0.5336955 0.0978565 0.1660132 0.0946363 0.1110781 0.1673057 0.1776611 0.1857800 0.0979068 0.1756534 0.1732651 0.1737043 0.0759400 0.1923654 0.1808557 0.2007501 0.0659200 0.1785090 0.1856170 0.1818977 0.0836696 0.1902432 0.0786707 0.1691118 0.1932704 0.0777695 0.6235974 0.6170468 0.2474769 0.1683807 0.1798683 0.0864086 0.1499880 0.1818069 0.1712194 0.2416909 0.1420395 0.1861692 0.1742016 0.1692702 0.2762971 0.1856170 0.0727985 0.0751362 0.2447317 
Perityle_cuneata_4                         0.1161030 0.0762010 0.1904038 0.3606451 0.1671877 0.0487212 0.2682121 0.1658754 0.4302998 0.1456986 0.2743975 0.4149868 0.3322201 0.3417236 0.5359891 0.2077404 0.3998834 0.1690121 0.1759385 0.3107661 0.3260675 0.2720630 0.2200437 0.4100072 0.2965814 0.1226600 0.1922476 0.4047539 0.4022039 0.1077316 0.1067665 0.0000000 0.1008396 0.4025679 0.0730336 0.2518339 0.3115508 0.3044543 0.1685378 0.3718577 0.6777675 0.2446690 0.3434329 0.2129222 0.2602936 0.4070466 0.3487084 0.3667049 0.1998718 0.3944540 0.3213209 0.4089352 0.2692147 0.2920353 0.3427509 0.2334574 0.0655301 0.3524431 0.4125189 0.3201249 0.0707030 0.2752102 0.0721088 0.4444444 0.3933812 0.2744211 0.8187250 0.9702040 0.3648078 0.3343695 0.4121898 0.1052885 0.3872038 0.2814553 0.3415737 0.3077397 0.1045778 0.3184991 0.3278631 0.4247871 0.2703923 0.4133221 0.1257265 0.2213372 0.3416624 
Perityle_discoidea_81                      0.1301991 0.0980450 0.1909421 0.2291529 0.0847275 0.0694922 0.1807304 0.1792392 0.4155153 0.0024997 0.0759889 0.3172844 0.3088026 0.3070115 0.5211129 0.1079648 0.3202702 0.1653855 0.1837359 0.3104300 0.2922153 0.2334204 0.1617163 0.3126361 0.3125630 0.1061899 0.1307857 0.3207692 0.3273894 0.0147122 0.0775289 0.1008396 0.0000000 0.3099212 0.0078879 0.1044728 0.1607702 0.2417499 0.1140103 0.3047870 0.6050474 0.1025474 0.3088670 0.1024336 0.1147430 0.3006688 0.3082076 0.3140408 0.1041808 0.3114813 0.3289214 0.3053760 0.1276952 0.3158887 0.3368756 0.2555948 0.0717808 0.3149563 0.3169233 0.3190738 0.0790370 0.2960834 0.0739304 0.3057695 0.3269253 0.1322538 0.7601280 0.7323786 0.3964077 0.2645418 0.3130495 0.0074799 0.2866951 0.2482605 0.3031813 0.3276010 0.1184151 0.2837260 0.3215344 0.3060270 0.3071766 0.3169233 0.0064673 0.0724386 0.3662230 
Perityle_dissecta_201                      0.2639661 0.2931961 0.3724516 0.3284237 0.1867055 0.2614729 0.2875166 0.2719013 0.4446273 0.3475334 0.3568642 0.0556396 0.0096321 0.0094711 0.5197953 0.3294137 0.1325713 0.2655457 0.0445453 0.0235934 0.0497707 0.0191086 0.1464506 0.0180940 0.0090000 0.0180042 0.3329941 0.0683452 0.0474318 0.2821744 0.1742840 0.4025679 0.3099212 0.0000000 0.2244090 0.2793964 0.2192633 0.2142192 0.3168364 0.0146473 0.2373376 0.2941067 0.0129291 0.2729219 0.3305947 0.0631132 0.0116310 0.0311982 0.2921019 0.0130208 0.0126281 0.0147765 0.3839594 0.0187178 0.0487849 0.0371913 0.2370123 0.0178018 0.0207689 0.0340103 0.1492800 0.0736373 0.2726304 0.1331234 0.0463257 0.3739165 0.7090422 0.7754165 0.0131043 0.0826852 0.0190180 0.2190522 0.0196022 0.0118527 0.0070464 0.0266740 0.3528434 0.0354277 0.0131051 0.0841789 0.0345654 0.0185823 0.3604833 0.0777183 0.0311139 
Perityle_emoryi_47_punta_san_jose          0.1223366 0.0917417 0.1084294 0.1816083 0.0869583 0.0694818 0.1284553 0.1573727 0.3021863 0.0078866 0.0546560 0.2358186 0.2237912 0.2233236 0.5222746 0.0885417 0.2202891 0.1195028 0.1790145 0.2192299 0.2194405 0.2325300 0.1574339 0.2295874 0.2279589 0.1037190 0.0762718 0.2230458 0.2455202 0.0126660 0.0753544 0.0730336 0.0078879 0.2244090 0.0000000 0.0855143 0.1491293 0.2137536 0.0956801 0.2188879 0.4770705 0.0874250 0.2217938 0.0853730 0.0975841 0.2192303 0.2220077 0.2281819 0.0874485 0.2256050 0.2382269 0.2214177 0.0727507 0.2588498 0.2509948 0.2484148 0.0717726 0.2281819 0.2302422 0.2404685 0.0751256 0.2302161 0.0714480 0.2230535 0.2473358 0.0762020 0.6089068 0.5953800 0.3426182 0.2145297 0.2298082 0.0063536 0.1971376 0.2261249 0.2175492 0.2918170 0.0990311 0.2489508 0.2285605 0.2232680 0.3036422 0.2302422 0.0000010 0.0653773 0.3265917 
Perityle_feddemae_99                       0.1510526 0.0699086 0.2122444 0.2988607 0.0968876 0.0758231 0.2418689 0.1359191 0.3547418 0.1314654 0.2770905 0.2318942 0.1968598 0.2104807 0.5374942 0.1540064 0.3413135 0.0987816 0.1717987 0.2219675 0.2100865 0.1489003 0.2007930 0.2502938 0.1939208 0.0718743 0.1809415 0.2062532 0.2003745 0.0959282 0.0942121 0.2518339 0.1044728 0.2793964 0.0855143 0.0000000 0.2727527 0.1364168 0.1414940 0.2924041 0.6268943 0.0426549 0.2522055 0.0486996 0.0631007 0.2556938 0.1757453 0.1946024 0.0189351 0.2134197 0.2379344 0.2507260 0.2311227 0.1926571 0.2823219 0.1812547 0.0621626 0.2706792 0.2355759 0.1979296 0.0700288 0.1927587 0.0670624 0.2739024 0.2642399 0.2216669 0.7279500 0.7872165 0.2765382 0.1379682 0.2490353 0.0928976 0.2387145 0.1434229 0.2244847 0.2519322 0.1587901 0.1562015 0.2710732 0.2831400 0.3077360 0.2263731 0.1430447 0.0996894 0.2676380 
Perityle_fosteri_93                        0.1787144 0.1715407 0.2018365 0.1565251 0.1643396 0.1894210 0.1432607 0.1820755 0.2121386 0.2369221 0.1168049 0.1949698 0.1253787 0.1478386 0.3903181 0.3345389 0.1904019 0.1643028 0.1130913 0.1472986 0.1634209 0.1288351 0.0114945 0.2301001 0.1189063 0.0642103 0.2749577 0.1388820 0.1648678 0.1593202 0.1742412 0.3115508 0.1607702 0.2192633 0.1491293 0.2727527 0.0000000 0.1603246 0.3011204 0.2302427 0.4575656 0.2782026 0.2155072 0.2918376 0.2808327 0.2288119 0.1253787 0.1399668 0.2788906 0.1772575 0.1476657 0.2297592 0.3181207 0.1345878 0.2278633 0.1125833 0.1715407 0.2432856 0.2464173 0.1360002 0.1421892 0.1196768 0.1718651 0.2315905 0.2371891 0.3215365 0.5058837 0.6100920 0.1031545 0.0971794 0.2304385 0.1629064 0.2027129 0.1253812 0.1744360 0.1457295 0.1722614 0.1256867 0.2373285 0.2315880 0.1475282 0.2263270 0.2430535 0.0601935 0.1452674 
Perityle_gamon_221                         0.2343453 0.2429004 0.2554076 0.2835970 0.1943217 0.2461870 0.2457547 0.1968881 0.4134840 0.2455896 0.1717743 0.2232486 0.2261833 0.2186064 0.5337539 0.2228056 0.2374386 0.2149831 0.1794609 0.2273973 0.2234769 0.2043954 0.1640626 0.2211087 0.2261931 0.0827649 0.2220726 0.2223677 0.2230436 0.2372844 0.1447285 0.3044543 0.2417499 0.2142192 0.2137536 0.1364168 0.1603246 0.0000000 0.2261237 0.2203253 0.6115716 0.1427943 0.2273151 0.1422872 0.1080972 0.2096456 0.2150664 0.2183018 0.1466148 0.2157349 0.2328423 0.2120075 0.2198827 0.2565796 0.2420679 0.2358744 0.2222208 0.2317076 0.2182713 0.2351086 0.1040495 0.2369677 0.2366468 0.2114645 0.2220145 0.2216622 0.7306555 0.7079555 0.3694068 0.1882668 0.2209315 0.2145423 0.1890153 0.2044435 0.2237014 0.3381839 0.3037694 0.2155421 0.2375862 0.2116343 0.3608643 0.2201568 0.2454912 0.1033444 0.3473683 
Perityle_gentryi_8_san_francisco           0.1535836 0.1034214 0.2350952 0.3325401 0.0875447 0.0821533 0.2542925 0.1706239 0.4239480 0.1316092 0.2163271 0.3428435 0.2794365 0.2886190 0.5480281 0.0119574 0.3601573 0.1424758 0.2000979 0.3136907 0.2833093 0.2336409 0.2540907 0.3164837 0.2791267 0.1190470 0.1626761 0.2961137 0.2952448 0.0997601 0.0807122 0.1685378 0.1140103 0.3168364 0.0956801 0.1414940 0.3011204 0.2261237 0.0000000 0.3166010 0.6471290 0.1401883 0.3330116 0.1361253 0.1527591 0.3264929 0.2678160 0.2750150 0.1431197 0.3114219 0.3163550 0.3171133 0.1581890 0.2912214 0.3528740 0.2582434 0.0990519 0.3377599 0.3314540 0.2951691 0.0798644 0.2799157 0.0944800 0.3332494 0.3313614 0.1596832 0.7842849 0.7995774 0.3512935 0.2255679 0.3162361 0.0973308 0.3022460 0.2270954 0.3099474 0.2992246 0.1588213 0.2596619 0.3389644 0.3335068 0.3021566 0.3314540 0.1382506 0.0882616 0.3456317 
Perityle_gilensis_22_Superstition          0.2604882 0.2853591 0.3648720 0.3312742 0.1938588 0.2557616 0.2925682 0.2778725 0.4471029 0.3471400 0.3637233 0.0674602 0.0133315 0.0034938 0.5255427 0.3264394 0.1329697 0.2559182 0.0443933 0.0329275 0.0514576 0.0220350 0.1625874 0.0117112 0.0129784 0.0219136 0.3342742 0.0741779 0.0481059 0.2788639 0.1734309 0.3718577 0.3047870 0.0146473 0.2188879 0.2924041 0.2302427 0.2203253 0.3166010 0.0000000 0.2022849 0.3080092 0.0152695 0.2766532 0.3183930 0.0744300 0.0156111 0.0347442 0.2890344 0.0078126 0.0218132 0.0135477 0.3958468 0.0206644 0.0502577 0.0375498 0.2381427 0.0200142 0.0229424 0.0382993 0.1549420 0.0764444 0.2770758 0.1209583 0.0483885 0.3882025 0.6989849 0.7641480 0.0107081 0.0781507 0.0117091 0.2156347 0.0204859 0.0146124 0.0117559 0.0321338 0.3470607 0.0383818 0.0180100 0.0925489 0.0417401 0.0207319 0.3582361 0.0818278 0.0388987 
Perityle_gilensis_salensis_225             0.5751950 0.3859157 0.6910344 0.6549232 0.5901396 0.2598704 0.5611606 0.2830080 0.7218828 0.6489149 0.6505840 0.3246793 0.2378274 0.2233220 0.6919851 0.7047851 0.3133677 0.5725346 0.2668900 0.2139166 0.2863815 0.2957639 0.1752867 0.2335200 0.2147956 0.3688239 0.6919587 0.3617551 0.3263231 0.5989983 0.5336955 0.6777675 0.6050474 0.2373376 0.4770705 0.6268943 0.4575656 0.6115716 0.6471290 0.2022849 0.0000000 0.6367566 0.1982959 0.6176390 0.6499257 0.3146621 0.2671297 0.2882145 0.6019894 0.2514836 0.2097937 0.2414070 0.7820452 0.1278896 0.2269262 0.1931459 0.3164234 0.2043591 0.2591059 0.2578307 0.1651241 0.2989191 0.3143602 0.3493858 0.2743977 0.7707930 0.9146886 1.0348745 0.0080050 0.4012274 0.2334526 0.5306179 0.2565677 0.2762515 0.2170966 0.0295724 0.6531436 0.2911937 0.1858054 0.3400057 0.0390275 0.2690335 0.6207153 0.4317770 0.0363589 
Perityle_glaucescens_94                    0.1550786 0.0751068 0.2132616 0.2966849 0.1013392 0.0791083 0.2402784 0.1314874 0.3590999 0.1271380 0.2977308 0.2314110 0.1983181 0.2118902 0.5455126 0.1555392 0.3756734 0.0988534 0.1716322 0.2232287 0.2076847 0.1506517 0.2042057 0.2724589 0.1955016 0.0696513 0.1871832 0.2154063 0.2049850 0.0956654 0.0978565 0.2446690 0.1025474 0.2941067 0.0874250 0.0426549 0.2782026 0.1427943 0.1401883 0.3080092 0.6367566 0.0000000 0.2534517 0.0485027 0.0884685 0.2560405 0.1789066 0.1974681 0.0427629 0.2164085 0.2394927 0.2717322 0.2334980 0.1923990 0.2828935 0.1859542 0.0647730 0.2728623 0.2406067 0.1976636 0.0746511 0.1925881 0.0698421 0.3049398 0.2667246 0.2237753 0.7264301 0.8064801 0.2758015 0.1409000 0.2733706 0.0963594 0.2375420 0.1433141 0.2259128 0.2518386 0.1535613 0.1560808 0.2723340 0.2878918 0.2977021 0.2321387 0.1382318 0.1064382 0.2675347 
Perityle_gracilis_11                       0.2496737 0.2953863 0.3611418 0.3293342 0.1937744 0.2601935 0.2830901 0.2777267 0.4328488 0.3490877 0.2603389 0.0644344 0.0037632 0.0124260 0.5315517 0.3407957 0.0717436 0.2645476 0.0463199 0.0325742 0.0470940 0.0102234 0.1663479 0.0203076 0.0115514 0.0099425 0.3421529 0.0709591 0.0436184 0.2807635 0.1660132 0.3434329 0.3088670 0.0129291 0.2217938 0.2522055 0.2155072 0.2273151 0.3330116 0.0152695 0.1982959 0.2534517 0.0000000 0.2674460 0.2751328 0.0592322 0.0038205 0.0129602 0.2571614 0.0145103 0.0203056 0.0117211 0.3548331 0.0169279 0.0463731 0.0352295 0.2357908 0.0092595 0.0092607 0.0356966 0.1545787 0.0739212 0.2742159 0.0629743 0.0447159 0.3569817 0.7170020 0.7587127 0.0104704 0.0879166 0.0203030 0.2125383 0.0060412 0.0042113 0.0047693 0.0191842 0.3288223 0.0367446 0.0157924 0.0654883 0.0345525 0.0092607 0.3602268 0.0410401 0.0309198 
Perityle_harkerae_31                       0.1498295 0.0723491 0.2099429 0.2978945 0.0945021 0.0691499 0.2395232 0.1312250 0.3571690 0.1281959 0.2669157 0.2593213 0.2044569 0.2179529 0.5404567 0.1529310 0.3207694 0.1022887 0.1690666 0.2292095 0.2166355 0.1530632 0.2045747 0.2674868 0.1990542 0.0760246 0.1869951 0.2284571 0.2248703 0.0957685 0.0946363 0.2129222 0.1024336 0.2729219 0.0853730 0.0486996 0.2918376 0.1422872 0.1361253 0.2766532 0.6176390 0.0485027 0.2674460 0.0000000 0.0849551 0.2725538 0.1856722 0.1989493 0.0439603 0.2283459 0.2430937 0.2716135 0.2292475 0.1979022 0.2958324 0.1881238 0.0594905 0.2831465 0.2681982 0.2030739 0.0744872 0.1944195 0.0614293 0.2883414 0.2765666 0.2270288 0.7270186 0.7924463 0.2758033 0.1445320 0.2676852 0.0945529 0.2483213 0.1475435 0.2311270 0.2513875 0.1524448 0.1604202 0.2869590 0.2857860 0.3069257 0.2587463 0.1349376 0.0990123 0.2670526 
