86
Amauria_brandeegeana_62                    0.0000000 0.2950404 0.0669212 0.4447549 0.2137767 0.2733964 0.4682207 0.4480500 0.3763453 0.2605855 0.3902146 0.3103065 0.3517189 0.2810942 0.5158026 0.2133602 0.2146770 0.2616095 0.3317932 0.2186694 0.2369605 0.2883895 0.2002807 0.2309824 0.4405397 0.2295983 0.3117462 0.2420859 0.2482499 0.4352641 0.3968862 0.2554815 0.2552804 0.2633321 0.2352630 0.2631111 0.2363206 0.2100272 0.2404152 0.2196420 0.4721874 0.2320188 0.2419978 0.2264810 0.3111137 0.2401773 0.2059355 0.2452450 0.5594303 0.2412884 0.2300487 0.3760678 0.2348181 0.2393025 0.2437848 0.2855778 0.2230285 0.2409602 0.2346382 0.3381562 0.3304285 0.2217995 0.2573385 0.1678136 0.2204984 0.2322190 0.2267396 0.4542467 0.2536164 0.2089193 0.2456926 0.2313274 0.2888883 0.3209084 0.2199184 0.2041763 0.2561700 0.4907683 0.2334430 0.2776518 0.2836146 0.2589190 0.3306907 0.2240469 0.1835375 0.3404410 
Amauria_carterae_99_mesa                   0.2950404 0.0000000 0.3156640 0.4273325 0.2911022 0.2545354 0.3552311 0.2820645 0.3050222 0.2687420 0.1905539 0.2441580 0.2432089 0.2587097 0.4211996 0.3000777 0.2680286 0.3156524 0.2668653 0.3004626 0.2928866 0.2705942 0.2078749 0.2757182 0.2054170 0.2621741 0.3339357 0.2614180 0.2710596 0.1130485 0.1284354 0.2973668 0.3188515 0.2729354 0.3062843 0.3037496 0.2672409 0.2897672 0.2748656 0.3073156 0.3075492 0.2146183 0.2585952 0.2626005 0.2998081 0.2684989 0.2903298 0.2732931 0.5403243 0.2639439 0.2693667 0.2182238 0.2641227 0.2731616 0.2713090 0.2243162 0.1759821 0.2114171 0.2683127 0.2310279 0.2693957 0.2227074 0.2554223 0.0813560 0.3139015 0.2769542 0.2712781 0.4477471 0.2849881 0.1120154 0.2688689 0.2662849 0.2355824 0.2509949 0.2644603 0.2923880 0.1126730 0.4588830 0.2688214 0.2486833 0.2973804 0.1503057 0.2371922 0.2615278 0.2549591 0.1686075 
Amauria_rotundifolia_SRR9119150            0.0669212 0.3156640 0.0000000 0.4439094 0.2111828 0.2799117 0.4591319 0.4480913 0.3440963 0.2619046 0.3648773 0.2833400 0.3284509 0.2713078 0.5138881 0.2239887 0.2267361 0.2536514 0.3455496 0.2269263 0.2392801 0.3114498 0.2153563 0.2409420 0.3958637 0.2401280 0.3155061 0.2367482 0.2439841 0.3314456 0.3943422 0.2494629 0.2595564 0.2654400 0.2337437 0.2687647 0.2448678 0.2131933 0.2262420 0.2345370 0.4848759 0.2475881 0.2562073 0.2378059 0.3299222 0.2358302 0.2085074 0.2541243 0.5617172 0.2546415 0.2348610 0.3431838 0.2448879 0.2459392 0.2548087 0.3036442 0.2269451 0.2314046 0.2466524 0.3430248 0.3164804 0.2308195 0.2691774 0.1799748 0.2370464 0.2377035 0.2378134 0.4654362 0.2601741 0.2111056 0.2300751 0.2305013 0.2836073 0.3348084 0.2393434 0.2091758 0.2649965 0.4906392 0.2315108 0.2878420 0.2836535 0.2651353 0.3084136 0.2368312 0.1925754 0.3136639 
Conoclinium_coelestinum_SRR9119114         0.4447549 0.4273325 0.4439094 0.0000000 0.3261388 0.3067670 0.1161170 0.3912578 0.4446195 0.3529858 0.3463698 0.3229164 0.3345509 0.3374694 0.4128103 0.3323036 0.3100497 0.3464781 0.3424332 0.3410538 0.3324939 0.3268007 0.2988068 0.3160880 0.2429377 0.3151032 0.3674904 0.3177915 0.3223288 0.1277518 0.4703718 0.3441063 0.3537307 0.3587595 0.3330871 0.3506272 0.3035600 0.3190913 0.3091276 0.3316288 0.3829598 0.2790149 0.3121020 0.3198997 0.3541284 0.3095864 0.3205817 0.3212931 0.4054600 0.3097232 0.3215252 0.3494557 0.3095221 0.3078544 0.3337126 0.3367976 0.2811696 0.3143111 0.3179200 0.3577953 0.3516350 0.2942052 0.3035020 0.3063195 0.3336701 0.3200089 0.3175449 0.2953252 0.3125100 0.3473660 0.3068084 0.3158746 0.3472415 0.3558413 0.3158663 0.3299743 0.3191062 0.3084124 0.3132509 0.3328529 0.3505931 0.3910145 0.2976648 0.3124285 0.3777263 0.3155256 
Eutetras_palmeri_63                        0.2137767 0.2911022 0.2111828 0.3261388 0.0000000 0.2747899 0.3433435 0.4304900 0.3217649 0.1355563 0.2413326 0.1364629 0.1824063 0.1177944 0.5168056 0.0992679 0.1081801 0.1280630 0.2317970 0.1045436 0.1274002 0.1574399 0.1771950 0.1133683 0.1095239 0.1158248 0.1650608 0.1087966 0.1195762 0.2259008 0.3608488 0.1269067 0.1367530 0.1446927 0.1021997 0.1348918 0.1188191 0.0910855 0.1104910 0.1080972 0.2564980 0.0915466 0.1139270 0.1201674 0.1577767 0.1171848 0.0951612 0.1280091 0.1846523 0.1137350 0.1160973 0.1933449 0.1250771 0.1139591 0.1286282 0.2243760 0.1011173 0.1421348 0.1215582 0.1933590 0.1735723 0.2172801 0.1274188 0.1876747 0.1085732 0.1178945 0.1105621 0.3035710 0.1234358 0.1764922 0.1046856 0.1150683 0.1483258 0.1914620 0.1192217 0.1013183 0.1794458 0.3324000 0.1114421 0.1405070 0.1445462 0.2789565 0.1413880 0.1088024 0.1490603 0.2126109 
Eutetras_pringlei_149_quer                 0.2733964 0.2545354 0.2799117 0.3067670 0.2747899 0.0000000 0.2979348 0.3571497 0.3403821 0.2616957 0.3127768 0.3115154 0.3300037 0.2793333 0.1946253 0.2808424 0.2845079 0.3092195 0.2685763 0.2820498 0.2994709 0.2975811 0.2764923 0.2835102 0.3295989 0.2752762 0.3204310 0.2828705 0.2922568 0.3098904 0.2552550 0.2982607 0.2775927 0.2826420 0.2790196 0.3037332 0.2879305 0.2710696 0.2714716 0.2824618 0.4345703 0.2252556 0.2742680 0.2866221 0.3186013 0.2769644 0.2727550 0.2801768 0.6288174 0.2817459 0.2928287 0.3179704 0.2764980 0.2854980 0.3064029 0.2475788 0.2551680 0.2745566 0.2832288 0.3274115 0.3251779 0.2486634 0.2986235 0.2324208 0.2792154 0.3004047 0.2957700 0.3824769 0.2855517 0.2436392 0.2787130 0.2834185 0.2915548 0.3542943 0.2804225 0.2762139 0.2661050 0.3753422 0.2798463 0.3130998 0.3074648 0.2649217 0.2728837 0.2830248 0.2780132 0.2539980 
Eutrochium_fistulosum_SRR9119106           0.4682207 0.3552311 0.4591319 0.1161170 0.3433435 0.2979348 0.0000000 0.3251239 0.4405205 0.3577750 0.3537426 0.3277814 0.3330023 0.3399484 0.3810465 0.3497394 0.3192535 0.3494949 0.4314341 0.3495890 0.3410963 0.3622481 0.2990622 0.3185361 0.2348787 0.3174276 0.4006087 0.3208461 0.3285006 0.2497906 0.3923312 0.3497498 0.3528424 0.3657957 0.3437944 0.3574674 0.3067070 0.3371853 0.3072021 0.3527954 0.3636186 0.2814131 0.3113398 0.3208607 0.3752667 0.3184694 0.3409744 0.3199402 0.4597556 0.3113205 0.3260936 0.3772437 0.3135080 0.3130247 0.3506429 0.4144278 0.2554299 0.2864112 0.3166339 0.3840941 0.3506694 0.2828563 0.3519432 0.3208187 0.3485759 0.3256324 0.3186500 0.2984525 0.3249097 0.3124827 0.3176718 0.3215566 0.3297542 0.4079255 0.3182664 0.3467773 0.3138351 0.3107364 0.3124396 0.3705173 0.3643034 0.3568753 0.3394034 0.3154983 0.3865297 0.3517710 
Galeana_pratensis_104_mex                  0.4480500 0.2820645 0.4480913 0.3912578 0.4304900 0.3571497 0.3251239 0.0000000 0.3600796 0.4225444 0.3662952 0.3332671 0.3395668 0.4351916 0.3786685 0.4742370 0.4289036 0.4488379 0.4184054 0.4823743 0.4425089 0.3375834 0.2393916 0.4336777 0.2635975 0.4503811 0.5354112 0.4028259 0.4434651 0.2295914 0.2740729 0.4503675 0.4504834 0.4469653 0.4527908 0.5033846 0.4502169 0.4616005 0.4154113 0.4603570 0.4314603 0.2373154 0.4243002 0.4428248 0.5052972 0.4104426 0.4652486 0.4580032 0.6451871 0.4324808 0.4336514 0.3362473 0.4503234 0.4127510 0.4117061 0.3517123 0.2236699 0.3074705 0.4474585 0.4819793 0.3632993 0.2455983 0.3085651 0.2684612 0.4645958 0.4508640 0.4361081 0.3077938 0.3851104 0.2072711 0.4318121 0.4289179 0.3509637 0.5030672 0.4534387 0.4642333 0.1966458 0.3207267 0.4296359 0.3505042 0.4443426 0.2559696 0.2789464 0.4430944 0.4487610 0.3071700 
Helianthus_annuus_SRR9119062               0.3763453 0.3050222 0.3440963 0.4446195 0.3217649 0.3403821 0.4405205 0.3600796 0.0000000 0.3311759 0.3568458 0.3162825 0.2948425 0.3307564 0.5453039 0.3278733 0.3307707 0.3390419 0.3965050 0.3419582 0.3418969 0.2968909 0.2903650 0.3293706 0.2892834 0.3303747 0.3939496 0.3101721 0.3385399 0.2162520 0.3891599 0.3279782 0.3346852 0.3464947 0.3131326 0.3708100 0.3302085 0.3088394 0.3243512 0.3422612 0.3632264 0.2889652 0.3316473 0.3280438 0.4020579 0.3186894 0.3114759 0.3413116 0.8042208 0.3282534 0.3315848 0.3300058 0.3344830 0.3251185 0.3437532 0.3739688 0.2308596 0.2619796 0.3405444 0.4126813 0.3146952 0.2524808 0.2762595 0.2523344 0.3368653 0.3356952 0.3263750 0.4943531 0.3302907 0.2405204 0.3251435 0.3307055 0.3020517 0.4261253 0.3336520 0.3183485 0.2705926 0.4985817 0.3271138 0.3410608 0.3636166 0.2949033 0.2822322 0.3273552 0.2951068 0.3532082 
Lycapsus_tenuifolius_17                    0.2605855 0.2687420 0.2619046 0.3529858 0.1355563 0.2616957 0.3577750 0.4225444 0.3311759 0.0000000 0.2321175 0.1330802 0.1584804 0.1308928 0.4980006 0.1332934 0.1224692 0.1369460 0.2576418 0.1295489 0.1477358 0.1358932 0.1413837 0.1272479 0.0797863 0.1118579 0.1419848 0.1292937 0.1337332 0.0000010 0.3406886 0.1316619 0.1221081 0.0037381 0.1289793 0.0158081 0.1354338 0.1304403 0.1266643 0.1406207 0.2239798 0.0976828 0.1127758 0.1164694 0.1181718 0.1171779 0.1296199 0.1203831 0.1795239 0.1146417 0.1245447 0.1970129 0.1143289 0.1260257 0.1294445 0.2293175 0.1036388 0.1237657 0.1124315 0.1899454 0.1707198 0.1875761 0.1212653 0.1923705 0.1341821 0.1327591 0.1262148 0.3099901 0.1315501 0.1801903 0.1213459 0.1235214 0.0158644 0.1890766 0.1145215 0.1250539 0.1696048 0.3306542 0.1218479 0.1396739 0.1387475 0.2957330 0.1102175 0.1207882 0.1653981 0.2151153 
Pericome_caudata_50_silver                 0.3902146 0.1905539 0.3648773 0.3463698 0.2413326 0.3127768 0.3537426 0.3662952 0.3568458 0.2321175 0.0000000 0.2291505 0.1660141 0.2382875 0.5538701 0.2712159 0.2501760 0.2488450 0.2785804 0.2482244 0.2358835 0.2533328 0.2056543 0.2510261 0.1349721 0.2431943 0.2294798 0.2316873 0.2350766 0.0801189 0.2942895 0.2502553 0.2418164 0.2532732 0.2333795 0.3023473 0.2603508 0.2328973 0.2583592 0.2740612 0.1790195 0.1650168 0.2402441 0.2208143 0.2356761 0.2483819 0.2341147 0.2545537 0.2391503 0.2456877 0.2417122 0.2232121 0.2509886 0.2482747 0.2753925 0.2415169 0.1450425 0.1877852 0.2372895 0.1754884 0.1767445 0.2593604 0.2679717 0.0984126 0.2743451 0.2582993 0.2499973 0.3398665 0.2578909 0.1175067 0.2361862 0.2535119 0.1623186 0.1961431 0.2490980 0.2319674 0.1483922 0.3401974 0.2596586 0.2114075 0.2770630 0.2293367 0.2826804 0.2475434 0.2760833 0.2187066 
Perityle_aglossa_84_dead_horse             0.3103065 0.2441580 0.2833400 0.3229164 0.1364629 0.3115154 0.3277814 0.3332671 0.3162825 0.1330802 0.2291505 0.0000000 0.1049743 0.0827703 0.5034303 0.1628350 0.1254391 0.1210963 0.2884912 0.1190228 0.0874673 0.2266880 0.1471990 0.1329527 0.0972825 0.1034679 0.1400165 0.1067442 0.1230578 0.0789692 0.3576692 0.1319827 0.1412307 0.1571868 0.1151913 0.2129581 0.1607278 0.1234956 0.1817051 0.1839098 0.1002951 0.0301532 0.1852789 0.0721454 0.1733623 0.1705628 0.1310742 0.1340208 0.2308797 0.1479701 0.0646199 0.2844530 0.1072626 0.1356822 0.0320147 0.2803491 0.0751502 0.1163607 0.1216468 0.1987413 0.1225089 0.2216830 0.1912307 0.1957445 0.2006036 0.1645460 0.1526406 0.3243673 0.1701928 0.1694511 0.1012271 0.1444148 0.1560369 0.2243614 0.1343240 0.1357446 0.1949298 0.3386174 0.1621729 0.0602368 0.0444536 0.2390968 0.2494226 0.0982062 0.0932961 0.2768251 
Perityle_ajoensis_204                      0.3517189 0.2432089 0.3284509 0.3345509 0.1824063 0.3300037 0.3330023 0.3395668 0.2948425 0.1584804 0.1660141 0.1049743 0.0000000 0.1349848 0.4945383 0.1895233 0.1704516 0.1640927 0.3115326 0.1220269 0.1482040 0.1642037 0.1076488 0.1595695 0.0310574 0.1173312 0.1875874 0.1656837 0.1737523 0.0633546 0.3305793 0.1760451 0.1616874 0.1683633 0.1294623 0.2261263 0.1875131 0.1660143 0.2188150 0.2069644 0.0399138 0.0608689 0.1902709 0.0823903 0.1885492 0.2026175 0.1678532 0.1259388 0.2388901 0.1812091 0.1351909 0.1948202 0.1243943 0.1769960 0.1272862 0.2890565 0.0923554 0.1130774 0.1221406 0.2024134 0.0983864 0.2444315 0.2064517 0.1999350 0.1962248 0.1957042 0.1797973 0.3204291 0.1878817 0.1923762 0.1603790 0.1640401 0.1180677 0.2215869 0.1229956 0.1368478 0.1837685 0.3304517 0.1963391 0.0831591 0.1390271 0.2654014 0.1766218 0.1578660 0.1588594 0.2498426 
Perityle_ambrosiifolia_67_green            0.2810942 0.2587097 0.2713078 0.3374694 0.1177944 0.2793333 0.3399484 0.4351916 0.3307564 0.1308928 0.2382875 0.0827703 0.1349848 0.0000000 0.5522788 0.1179332 0.0764804 0.1030513 0.2283671 0.0930995 0.0673550 0.1080171 0.1368110 0.0588011 0.1168365 0.0649393 0.0870568 0.0854066 0.0978117 0.9546943 0.4004317 0.0971896 0.1313408 0.1324120 0.0971671 0.1629212 0.1013127 0.0981946 0.1165511 0.1271769 0.1651054 0.0214437 0.1195381 0.0649034 0.1224856 0.1027813 0.1064666 0.0818178 0.1191279 0.1070259 0.0312057 0.1924995 0.0688006 0.0796832 0.0156107 0.2289050 0.0838953 0.1125031 0.0805713 0.1509059 0.1267950 0.1961075 0.0779274 0.1923905 0.1309957 0.1149055 0.0862206 0.3229063 0.1169273 0.1713321 0.0636963 0.0532917 0.1356689 0.1652027 0.0864936 0.1194191 0.1862687 0.3378632 0.1257405 0.0575457 0.0327165 0.2708297 0.1147771 0.0540158 0.0710153 0.2305426 
Perityle_angustifolia_13_Eagle_creek       0.5158026 0.4211996 0.5138881 0.4128103 0.5168056 0.1946253 0.3810465 0.3786685 0.5453039 0.4980006 0.5538701 0.5034303 0.4945383 0.5522788 0.0000000 0.5393825 0.5075704 0.5499462 0.4478601 0.5026143 0.5090054 0.4899955 0.3598124 0.5291021 0.5180023 0.5152093 0.5670004 0.5369076 0.5394649 0.3340736 0.2311566 0.5496210 0.5388326 0.5140530 0.5461727 0.5707919 0.5019109 0.5256130 0.5220472 0.5419508 0.6033787 0.4865198 0.5235388 0.4954801 0.5766202 0.5230432 0.5195080 0.5326418 0.7714077 0.5232483 0.5255855 0.5164941 0.4974415 0.5383422 0.5103613 0.3805456 0.4050142 0.4145057 0.5037253 0.5456305 0.5232089 0.2733630 0.4697348 0.3099228 0.5444329 0.5197930 0.5167112 0.4802503 0.5422397 0.3550320 0.5249856 0.5038402 0.5060081 0.5395221 0.4997942 0.5135290 0.3659242 0.4772513 0.5417282 0.5256575 0.5430532 0.4081350 0.4795008 0.5114556 0.4438667 0.4092730 
Perityle_batopilensis_97                   0.2133602 0.3000777 0.2239887 0.3323036 0.0992679 0.2808424 0.3497394 0.4742370 0.3278733 0.1332934 0.2712159 0.1628350 0.1895233 0.1179332 0.5393825 0.0000000 0.1027317 0.1296846 0.2290662 0.0775270 0.1205503 0.1433664 0.1558783 0.1034588 0.1314655 0.0879599 0.1590308 0.0978526 0.1328138 0.3332401 0.4023485 0.1246391 0.1313481 0.1404262 0.0426332 0.1359891 0.1219150 0.0388555 0.1108953 0.0243425 0.1902801 0.0707865 0.1151292 0.0919271 0.1515704 0.1060518 0.0398642 0.1101671 0.1633003 0.1142274 0.1061412 0.2193341 0.1044257 0.1059484 0.1123270 0.2042046 0.0950961 0.1157777 0.1011355 0.1738400 0.1955371 0.2207460 0.1258039 0.1787740 0.0449365 0.1287378 0.1119169 0.3192367 0.1217433 0.1660045 0.1139895 0.1106065 0.1542866 0.1697043 0.0920563 0.0352095 0.1667634 0.3456879 0.1142487 0.1182543 0.1291189 0.2733308 0.1647820 0.1053798 0.1411347 0.2405101 
Perityle_bisetosa_9                        0.2146770 0.2680286 0.2267361 0.3100497 0.1081801 0.2845079 0.3192535 0.4289036 0.3307707 0.1224692 0.2501760 0.1254391 0.1704516 0.0764804 0.5075704 0.1027317 0.0000000 0.1007702 0.2139194 0.0892633 0.0471070 0.1176303 0.1219170 0.0353129 0.1506494 0.0552988 0.1163834 0.0708662 0.0742238 0.2928304 0.3878500 0.0893249 0.1225510 0.1262686 0.1019771 0.1114721 0.0607024 0.0797084 0.0814856 0.1050965 0.1880193 0.0310167 0.0827838 0.0595238 0.1492923 0.0803836 0.0841655 0.0728431 0.1572055 0.0836717 0.0365770 0.2249565 0.0634725 0.0438682 0.0441272 0.2108961 0.0810472 0.1162792 0.0609727 0.1771296 0.1414433 0.2173026 0.0701503 0.1897375 0.1098277 0.0709974 0.0472199 0.3017613 0.0744939 0.1574760 0.0459304 0.0571173 0.1368389 0.1737723 0.0561926 0.1039813 0.1883415 0.3300204 0.0860207 0.0701371 0.0731998 0.2649288 0.1484906 0.0422901 0.0718576 0.2412172 
Perityle_californica_76_positas            0.2616095 0.3156524 0.2536514 0.3464781 0.1280630 0.3092195 0.3494949 0.4488379 0.3390419 0.1369460 0.2488450 0.1210963 0.1640927 0.1030513 0.5499462 0.1296846 0.1007702 0.0000000 0.2383117 0.1278646 0.1193950 0.1471799 0.1617489 0.0971638 0.1099999 0.0926597 0.1587078 0.1072318 0.1148849 0.2995874 0.4035158 0.0400533 0.0914334 0.1435876 0.1227620 0.1379876 0.1027441 0.1267114 0.1065461 0.1363180 0.2113389 0.0782291 0.1070528 0.1013527 0.1618674 0.1045565 0.1299343 0.1055241 0.1979864 0.1061987 0.0962021 0.1991083 0.1037045 0.0993695 0.1138169 0.2144906 0.1094409 0.1497200 0.0987013 0.2061502 0.1602031 0.2256595 0.1074505 0.2170577 0.1288735 0.1116922 0.1029315 0.3057391 0.1041988 0.2065700 0.0970355 0.0969966 0.1464415 0.2088357 0.0949649 0.1243620 0.2191173 0.3329779 0.1008516 0.1242642 0.1246257 0.2998745 0.1195558 0.1034438 0.0969822 0.2322093 
Perityle_canescens_77                      0.3317932 0.2668653 0.3455496 0.3424332 0.2317970 0.2685763 0.4314341 0.4184054 0.3965050 0.2576418 0.2785804 0.2884912 0.3115326 0.2283671 0.4478601 0.2290662 0.2139194 0.2383117 0.0000000 0.2369094 0.2408518 0.2736583 0.2171216 0.2222872 0.2506567 0.2129023 0.2332601 0.2279841 0.2333025 0.3778660 0.2684407 0.2305738 0.2537394 0.2678739 0.2286537 0.2629706 0.2239697 0.2277307 0.2292842 0.2314038 0.3478112 0.1694818 0.2260817 0.2194639 0.2584015 0.2204383 0.2310575 0.2228190 0.2566288 0.2248197 0.2234922 0.2478520 0.2136205 0.2181932 0.2547422 0.1117168 0.2433814 0.2844524 0.2207379 0.1732026 0.2994813 0.2278520 0.3023755 0.1160884 0.2408845 0.2320650 0.2201909 0.3667249 0.2249561 0.1595787 0.2133035 0.2191956 0.3166088 0.1954777 0.2148403 0.2347835 0.1714259 0.3860498 0.2323090 0.3305428 0.2591838 0.2389075 0.2903260 0.2156897 0.2807134 0.1090994 
Perityle_castillonii_96                    0.2186694 0.3004626 0.2269263 0.3410538 0.1045436 0.2820498 0.3495890 0.4823743 0.3419582 0.1295489 0.2482244 0.1190228 0.1220269 0.0930995 0.5026143 0.0775270 0.0892633 0.1278646 0.2369094 0.0000000 0.1102188 0.0944536 0.1066942 0.0854353 0.0789877 0.0486436 0.1469880 0.1112770 0.1071797 0.3198244 0.3603458 0.1244505 0.1305167 0.1372044 0.0418768 0.1258408 0.0940303 0.0723699 0.1178654 0.0835113 0.1829765 0.0593775 0.1039706 0.0480483 0.1517443 0.1093265 0.0763240 0.0584920 0.1388793 0.1045516 0.0857897 0.2037921 0.0584815 0.0873741 0.0925787 0.2144827 0.1088020 0.1299430 0.0499558 0.1632841 0.1745840 0.2407526 0.1155239 0.1786674 0.0639447 0.1071690 0.0913559 0.3201266 0.0991590 0.1839987 0.0850304 0.0838555 0.1515449 0.1613876 0.0493766 0.0474297 0.1512867 0.3478010 0.1079994 0.1010736 0.1131315 0.2747326 0.0962795 0.0881905 0.1250101 0.2368343 
Perityle_cernua_84                         0.2369605 0.2928866 0.2392801 0.3324939 0.1274002 0.2994709 0.3410963 0.4425089 0.3418969 0.1477358 0.2358835 0.0874673 0.1482040 0.0673550 0.5090054 0.1205503 0.0471070 0.1193950 0.2408518 0.1102188 0.0000000 0.1350805 0.1952944 0.0488069 0.1281969 0.0731440 0.1365185 0.0926442 0.0879550 0.2690965 0.3762498 0.1038993 0.1438080 0.1509684 0.1249737 0.1356617 0.0769090 0.1045211 0.0978276 0.1251138 0.2188917 0.0610327 0.1003403 0.0803611 0.1648873 0.1154613 0.1072444 0.0783407 0.1547199 0.0994606 0.0480295 0.1939056 0.0733589 0.0555093 0.0620958 0.2453621 0.1102446 0.1228412 0.0741198 0.1952232 0.1417724 0.2477645 0.0956864 0.2180674 0.1305765 0.0891178 0.0629117 0.3156737 0.0879775 0.1939468 0.0379782 0.0458886 0.1530808 0.1929669 0.0761469 0.1268950 0.2077597 0.3497385 0.1041267 0.0944908 0.1018172 0.2855038 0.1280512 0.0562837 0.0993502 0.2636723 
Perityle_cfvillosa_25_tin                  0.2883895 0.2705942 0.3114498 0.3268007 0.1574399 0.2975811 0.3622481 0.3375834 0.2968909 0.1358932 0.2533328 0.2266880 0.1642037 0.1080171 0.4899955 0.1433664 0.1176303 0.1471799 0.2736583 0.0944536 0.1350805 0.0000000 0.1053437 0.1066892 0.0935846 0.0754860 0.1086663 0.1387447 0.1372947 0.2423106 0.3366412 0.1411408 0.1481806 0.1482748 0.1123378 0.1687151 0.1281500 0.1459618 0.1507922 0.1488903 0.2002186 0.0529985 0.1360107 0.0764139 0.1506947 0.1358175 0.1512938 0.0805086 0.0544453 0.1366251 0.1125422 0.1097200 0.0845986 0.1179823 0.1308856 0.2832249 0.1283055 0.1557109 0.0649593 0.0959280 0.1830529 0.2244452 0.1140636 0.1589780 0.1307779 0.1379674 0.1219229 0.3328296 0.1300349 0.1300564 0.1157413 0.1072711 0.2009655 0.1264232 0.0725008 0.1257817 0.0996362 0.3420292 0.1423082 0.2175364 0.1400469 0.2513512 0.0182477 0.1114711 0.1326939 0.2509372 
Perityle_cinerea_113_Powell1310            0.2002807 0.2078749 0.2153563 0.2988068 0.1771950 0.2764923 0.2990622 0.2393916 0.2903650 0.1413837 0.2056543 0.1471990 0.1076488 0.1368110 0.3598124 0.1558783 0.1219170 0.1617489 0.2171216 0.1066942 0.1952944 0.1053437 0.0000000 0.1429239 0.0771979 0.1029903 0.1575113 0.1713793 0.1510935 0.1170987 0.2366570 0.1504342 0.1597169 0.1490390 0.1340849 0.1562694 0.1528776 0.1569677 0.1740061 0.1689661 0.2139672 0.1160923 0.1585787 0.1068264 0.1824979 0.2166645 0.1596511 0.1067662 0.1812530 0.1611014 0.1429100 0.1920769 0.1079982 0.1420646 0.1445645 0.2743795 0.1449600 0.1358908 0.1053069 0.1714253 0.1396171 0.1852981 0.1512086 0.1855475 0.1526536 0.1478555 0.1478350 0.2881884 0.1619309 0.1835414 0.1377640 0.1414690 0.1533072 0.1758191 0.1066208 0.1314847 0.1672534 0.3159789 0.1580063 0.1356094 0.2168401 0.2275427 0.0989222 0.1446689 0.1365702 0.2086452 
Perityle_coahuilensis_24                   0.2309824 0.2757182 0.2409420 0.3160880 0.1133683 0.2835102 0.3185361 0.4336777 0.3293706 0.1272479 0.2510261 0.1329527 0.1595695 0.0588011 0.5291021 0.1034588 0.0353129 0.0971638 0.2222872 0.0854353 0.0488069 0.1066892 0.1429239 0.0000000 0.1429619 0.0493115 0.1056807 0.0684826 0.0751227 0.2961393 0.4050981 0.0863627 0.1203103 0.1291125 0.0933297 0.1252649 0.0633373 0.0866095 0.0786594 0.1065690 0.1603096 0.0231534 0.0807281 0.0507732 0.1403373 0.0806113 0.0925077 0.0583545 0.1252290 0.0748454 0.0286671 0.2250230 0.0550715 0.0464280 0.0408106 0.2085340 0.0831636 0.1164295 0.0470066 0.1467197 0.1407556 0.2198810 0.0717896 0.1902197 0.0988976 0.0757950 0.0496963 0.3025803 0.0875227 0.1689875 0.0457833 0.0507404 0.1364780 0.1689334 0.0514293 0.1086590 0.1873108 0.3257888 0.0890145 0.0649902 0.0631725 0.2670538 0.1363817 0.0369791 0.0773365 0.2387063 
Perityle_cochisensis_44_cave_creek         0.4405397 0.2054170 0.3958637 0.2429377 0.1095239 0.3295989 0.2348787 0.2635975 0.2892834 0.0797863 0.1349721 0.0972825 0.0310574 0.1168365 0.5180023 0.1314655 0.1506494 0.1099999 0.2506567 0.0789877 0.1281969 0.0935846 0.0771979 0.1429619 0.0000000 0.0984567 0.1588965 0.1092531 0.1522049 0.0820590 0.3783526 0.1426130 0.0921922 0.0854174 0.0500392 0.1714083 0.1588286 0.0948871 0.1700825 0.1332357 0.0276273 0.0804436 0.1530639 0.0456363 0.1723781 0.1645298 0.1010326 0.0936982 0.1336120 0.1489339 0.1261919 0.1085169 0.1012169 0.1525431 0.0838973 0.2657968 0.0803574 0.0483804 0.1005824 0.1165946 0.0948329 0.1809284 0.1389463 0.1685724 0.1223396 0.1586943 0.1503498 0.2746466 0.1632006 0.1688072 0.1403819 0.1412167 0.0826631 0.1456830 0.0972347 0.0505174 0.1544417 0.2587749 0.1605311 0.0556888 0.1134436 0.2701087 0.1323902 0.1600454 0.1115338 0.2550365 
Perityle_congesta_202                      0.2295983 0.2621741 0.2401280 0.3151032 0.1158248 0.2752762 0.3174276 0.4503811 0.3303747 0.1118579 0.2431943 0.1034679 0.1173312 0.0649393 0.5152093 0.0879599 0.0552988 0.0926597 0.2129023 0.0486436 0.0731440 0.0754860 0.1029903 0.0493115 0.0984567 0.0000000 0.1170356 0.0813126 0.0835883 0.2712779 0.4020365 0.0976547 0.1051379 0.1168437 0.0603998 0.1220055 0.0684377 0.0858702 0.0876596 0.0957678 0.1241863 0.0501615 0.0772972 0.0164317 0.1383213 0.0845276 0.0901992 0.0324914 0.0867592 0.0748880 0.0519654 0.1847492 0.0297463 0.0556984 0.0608520 0.2058180 0.1032303 0.0943707 0.0277557 0.1315913 0.1375308 0.2403031 0.0818809 0.1822805 0.0746746 0.0820831 0.0615882 0.3046255 0.0840650 0.1766204 0.0632517 0.0556282 0.1291476 0.1372240 0.0091383 0.0640243 0.1502171 0.3253877 0.0886090 0.0768958 0.0832814 0.2653100 0.0947123 0.0542476 0.0949036 0.2342126 
Perityle_cordifolia_27                     0.3117462 0.3339357 0.3155061 0.3674904 0.1650608 0.3204310 0.4006087 0.5354112 0.3939496 0.1419848 0.2294798 0.1400165 0.1875874 0.0870568 0.5670004 0.1590308 0.1163834 0.1587078 0.2332601 0.1469880 0.1365185 0.1086663 0.1575113 0.1056807 0.1588965 0.1170356 0.0000000 0.1331424 0.1296558 0.6831968 0.4035280 0.1453498 0.1736109 0.1511289 0.1474396 0.1896659 0.1214179 0.1525352 0.1518312 0.1657976 0.2350966 0.0490236 0.1337476 0.1301899 0.1627869 0.1354877 0.1574258 0.1263368 0.0863714 0.1341785 0.1139716 0.1594762 0.1205090 0.0948140 0.0996788 0.2387895 0.1381075 0.1920200 0.1268091 0.1285280 0.1712878 0.2510789 0.1411855 0.1684489 0.1550363 0.1386087 0.0909342 0.3492880 0.1323613 0.1965090 0.1062294 0.1113656 0.1903688 0.1399830 0.1227060 0.1666197 0.2043470 0.3630650 0.1406080 0.1398282 0.1115963 0.3274359 0.1396253 0.1049957 0.1155694 0.2522323 
Perityle_cordifolia_68_tecolote            0.2420859 0.2614180 0.2367482 0.3177915 0.1087966 0.2828705 0.3208461 0.4028259 0.3101721 0.1292937 0.2316873 0.1067442 0.1656837 0.0854066 0.5369076 0.0978526 0.0708662 0.1072318 0.2279841 0.1112770 0.0926442 0.1387447 0.1713793 0.0684826 0.1092531 0.0813126 0.1331424 0.0000000 0.0989303 0.3155803 0.4034224 0.0983044 0.1250190 0.1348772 0.0966923 0.1413627 0.0866559 0.0923593 0.0814176 0.1016541 0.1830416 0.0679491 0.0997554 0.0863290 0.1515532 0.0811853 0.0969481 0.0943900 0.1330597 0.0989055 0.0742264 0.1626637 0.0857736 0.0702513 0.0891845 0.2096001 0.0231208 0.1194024 0.0849959 0.1581891 0.1556382 0.2186150 0.1034947 0.1867655 0.1027826 0.1002236 0.0721785 0.3071108 0.1041693 0.1675182 0.0630119 0.0683379 0.1456334 0.1682479 0.0821181 0.1088145 0.1854567 0.3341998 0.1011764 0.0930502 0.0931515 0.2734756 0.1319830 0.0705066 0.1131908 0.2264785 
Perityle_coronopifolia_28_patagonia        0.2482499 0.2710596 0.2439841 0.3223288 0.1195762 0.2922568 0.3285006 0.4434651 0.3385399 0.1337332 0.2350766 0.1230578 0.1737523 0.0978117 0.5394649 0.1328138 0.0742238 0.1148849 0.2333025 0.1071797 0.0879550 0.1372947 0.1510935 0.0751227 0.1522049 0.0835883 0.1296558 0.0989303 0.0000000 0.3063411 0.4142689 0.1030561 0.1325417 0.1401897 0.1229304 0.1524752 0.0809602 0.1166146 0.0842421 0.1408586 0.2009738 0.0658079 0.0979331 0.0897380 0.1563707 0.0990151 0.1202739 0.0971446 0.1503688 0.0984415 0.0805703 0.1939139 0.0896383 0.0793757 0.0834161 0.2169748 0.1046816 0.1292053 0.0849318 0.1717251 0.1125974 0.2096254 0.0889369 0.1898732 0.1345359 0.0178720 0.0803021 0.3128202 0.0942284 0.1740184 0.0684493 0.0717779 0.1507187 0.1833017 0.0893152 0.1267896 0.1869944 0.3210191 0.0928428 0.1041218 0.1138058 0.2629805 0.1511559 0.0761088 0.1096096 0.2358013 
Perityle_crassifolia_70_ventanas           0.4352641 0.1130485 0.3314456 0.1277518 0.2259008 0.3098904 0.2497906 0.2295914 0.2162520 0.0000010 0.0801189 0.0789692 0.0633546 0.9546943 0.3340736 0.3332401 0.2928304 0.2995874 0.3778660 0.3198244 0.2690965 0.2423106 0.1170987 0.2961393 0.0820590 0.2712779 0.6831968 0.3155803 0.3063411 0.0000000 0.1068539 0.3190964 0.2452818 0.0000010 0.2370898 0.3887167 0.2938578 0.3189928 0.3189392 0.3324859 0.0646751 0.0000010 0.3212504 0.2662775 0.7312733 0.2915200 0.3189928 0.2926743 0.8339244 0.2815109 0.3105534 0.2346636 0.3054827 0.3012893 0.5648558 0.3597073 0.0695961 0.1188882 0.2920647 0.7590236 0.0856545 0.2451894 0.2717827 0.0000010 0.3310471 0.2947546 0.3139242 0.2687948 0.2915968 0.1299242 0.3050803 0.2961393 0.0022245 1.0070401 0.2712779 0.2671431 0.1458783 0.2214624 0.3045611 0.1372866 0.8075173 0.1612184 0.2424414 0.2965339 0.3821763 0.3474270 
Perityle_crassifolia_74_playa_balandra     0.3968862 0.1284354 0.3943422 0.4703718 0.3608488 0.2552550 0.3923312 0.2740729 0.3891599 0.3406886 0.2942895 0.3576692 0.3305793 0.4004317 0.2311566 0.4023485 0.3878500 0.4035158 0.2684407 0.3603458 0.3762498 0.3366412 0.2366570 0.4050981 0.3783526 0.4020365 0.4035280 0.4034224 0.4142689 0.1068539 0.0000000 0.4102084 0.4079383 0.3505882 0.4004240 0.4289387 0.3998379 0.3826490 0.4043510 0.4116672 0.4173346 0.3413585 0.4092869 0.3749164 0.3859548 0.4053774 0.3787393 0.4094945 0.5993139 0.4051131 0.3950437 0.3004755 0.3951876 0.4047845 0.3415489 0.2178643 0.2394333 0.2574622 0.3990513 0.3002657 0.3431890 0.2368304 0.3317078 0.0870597 0.4238092 0.4145560 0.3797141 0.4941962 0.4166024 0.1149783 0.4045197 0.3829548 0.3156790 0.2999141 0.3935717 0.3718213 0.1422559 0.4746349 0.4056606 0.3413294 0.4007325 0.1983730 0.3597978 0.3830867 0.2479017 0.2006292 
Perityle_cuneata_34_cuneata_San_antonio    0.2554815 0.2973668 0.2494629 0.3441063 0.1269067 0.2982607 0.3497498 0.4503675 0.3279782 0.1316619 0.2502553 0.1319827 0.1760451 0.0971896 0.5496210 0.1246391 0.0893249 0.0400533 0.2305738 0.1244505 0.1038993 0.1411408 0.1504342 0.0863627 0.1426130 0.0976547 0.1453498 0.0983044 0.1030561 0.3190964 0.4102084 0.0000000 0.0988287 0.1371583 0.1127562 0.1518144 0.1001528 0.1168694 0.1018897 0.1318207 0.1906056 0.0583906 0.1096540 0.0980735 0.1557166 0.0984040 0.1198716 0.1059717 0.1430017 0.1118720 0.0935628 0.2014262 0.1066119 0.0909570 0.0956566 0.2142824 0.0998785 0.1442993 0.0977977 0.1684278 0.1680128 0.2243653 0.0973715 0.2043844 0.1211645 0.1032040 0.0981571 0.3250119 0.1071958 0.1747159 0.0828490 0.0878941 0.1480208 0.1909447 0.0982660 0.1194846 0.1933044 0.3503549 0.1178880 0.0994271 0.1112818 0.2803130 0.1536715 0.0982549 0.0825969 0.2415632 
Perityle_cuneata_4                         0.2552804 0.3188515 0.2595564 0.3537307 0.1367530 0.2775927 0.3528424 0.4504834 0.3346852 0.1221081 0.2418164 0.1412307 0.1616874 0.1313408 0.5388326 0.1313481 0.1225510 0.0914334 0.2537394 0.1305167 0.1438080 0.1481806 0.1597169 0.1203103 0.0921922 0.1051379 0.1736109 0.1250190 0.1325417 0.2452818 0.4079383 0.0988287 0.0000000 0.1284000 0.1208798 0.1248156 0.1293061 0.1260917 0.1201100 0.1372766 0.2046370 0.1020887 0.1155594 0.1107590 0.1536650 0.1142830 0.1275428 0.1168654 0.1641217 0.1123173 0.1200535 0.2023314 0.1088232 0.1226011 0.1443900 0.2407571 0.1210484 0.1288172 0.1094873 0.1879434 0.1633736 0.2389131 0.1353524 0.2044592 0.1274869 0.1271154 0.1268826 0.3183499 0.1255277 0.2132503 0.1194791 0.1199738 0.1329189 0.1911619 0.1011913 0.1254039 0.1858473 0.3384419 0.1060836 0.1428059 0.1513572 0.3121641 0.1245690 0.1274956 0.1313448 0.2339841 
Perityle_discoidea_81                      0.2633321 0.2729354 0.2654400 0.3587595 0.1446927 0.2826420 0.3657957 0.4469653 0.3464947 0.0037381 0.2532732 0.1571868 0.1683633 0.1324120 0.5140530 0.1404262 0.1262686 0.1435876 0.2678739 0.1372044 0.1509684 0.1482748 0.1490390 0.1291125 0.0854174 0.1168437 0.1511289 0.1348772 0.1401897 0.0000010 0.3505882 0.1371583 0.1284000 0.0000000 0.1361103 0.0193280 0.1399882 0.1357254 0.1341598 0.1467811 0.2345936 0.0998088 0.1177722 0.1213587 0.1287394 0.1239343 0.1358286 0.1261057 0.2035638 0.1196058 0.1292867 0.2077487 0.1201502 0.1297642 0.1550929 0.2304069 0.1036388 0.1265391 0.1182760 0.2025663 0.1799804 0.1971475 0.1306601 0.1923705 0.1403231 0.1393264 0.1299547 0.3125403 0.1361579 0.1801903 0.1251921 0.1254779 0.0193936 0.2007613 0.1194474 0.1328986 0.1696048 0.3391975 0.1276048 0.1562091 0.1628785 0.2925323 0.1130849 0.1265875 0.1690211 0.2151153 
Perityle_dissecta_201                      0.2352630 0.3062843 0.2337437 0.3330871 0.1021997 0.2790196 0.3437944 0.4527908 0.3131326 0.1289793 0.2333795 0.1151913 0.1294623 0.0971671 0.5461727 0.0426332 0.1019771 0.1227620 0.2286537 0.0418768 0.1249737 0.1123378 0.1340849 0.0933297 0.0500392 0.0603998 0.1474396 0.0966923 0.1229304 0.2370898 0.4004240 0.1127562 0.1208798 0.1361103 0.0000000 0.1424386 0.1105758 0.0417343 0.1094255 0.0473590 0.1541344 0.0800352 0.0967463 0.0699359 0.1350860 0.0913309 0.0464414 0.0708280 0.1161103 0.0980208 0.1024095 0.1614832 0.0730897 0.0930883 0.1178781 0.2135530 0.1056081 0.0824230 0.0734883 0.1363433 0.1653797 0.2310016 0.1262978 0.1735082 0.0251555 0.1191491 0.1024252 0.3154429 0.1201748 0.1782080 0.0967899 0.1015775 0.1394804 0.1475583 0.0660848 0.0191590 0.1419497 0.3312584 0.1054073 0.1083742 0.1239996 0.2771872 0.0881951 0.1017433 0.1534032 0.2041358 
Perityle_emoryi_47_punta_san_jose          0.2631111 0.3037496 0.2687647 0.3506272 0.1348918 0.3037332 0.3574674 0.5033846 0.3708100 0.0158081 0.3023473 0.2129581 0.2261263 0.1629212 0.5707919 0.1359891 0.1114721 0.1379876 0.2629706 0.1258408 0.1356617 0.1687151 0.1562694 0.1252649 0.1714083 0.1220055 0.1896659 0.1413627 0.1524752 0.3887167 0.4289387 0.1518144 0.1248156 0.0193280 0.1424386 0.0000000 0.1236488 0.1281451 0.1393339 0.1367635 0.2506408 0.0896156 0.1222961 0.1113786 0.1707722 0.1350782 0.1300886 0.1342271 0.2137568 0.1217614 0.1194733 0.2694335 0.1179664 0.1308459 0.1557208 0.2183470 0.1178688 0.1665251 0.1221227 0.2083144 0.2116678 0.2278916 0.1406249 0.1876316 0.1460451 0.1357451 0.1167485 0.3177418 0.1434091 0.1806027 0.1449457 0.1247634 0.0437833 0.1939560 0.1085417 0.1285052 0.1774165 0.3490781 0.1334422 0.1782087 0.1782029 0.2996801 0.1766707 0.1076541 0.1723663 0.2492933 
Perityle_feddemae_99                       0.2363206 0.2672409 0.2448678 0.3035600 0.1188191 0.2879305 0.3067070 0.4502169 0.3302085 0.1354338 0.2603508 0.1607278 0.1875131 0.1013127 0.5019109 0.1219150 0.0607024 0.1027441 0.2239697 0.0940303 0.0769090 0.1281500 0.1528776 0.0633373 0.1588286 0.0684377 0.1214179 0.0866559 0.0809602 0.2938578 0.3998379 0.1001528 0.1293061 0.1399882 0.1105758 0.1236488 0.0000000 0.1051642 0.0929912 0.1264072 0.2009395 0.0526654 0.0769216 0.0743978 0.1479023 0.0889661 0.1109673 0.0848062 0.1471969 0.0789120 0.0614553 0.2484100 0.0727245 0.0626374 0.0709625 0.2139916 0.0963286 0.1333866 0.0725737 0.1837090 0.1477668 0.2303239 0.0807835 0.2072939 0.1200679 0.0784300 0.0626184 0.3062482 0.0876851 0.1891630 0.0742688 0.0922328 0.1488598 0.1775801 0.0701049 0.1178916 0.1959640 0.3365298 0.0806127 0.0916564 0.0995130 0.2730974 0.1595016 0.0601896 0.0953325 0.2532668 
Perityle_fosteri_93                        0.2100272 0.2897672 0.2131933 0.3190913 0.0910855 0.2710696 0.3371853 0.4616005 0.3088394 0.1304403 0.2328973 0.1234956 0.1660143 0.0981946 0.5256130 0.0388555 0.0797084 0.1267114 0.2277307 0.0723699 0.1045211 0.1459618 0.1569677 0.0866095 0.0948871 0.0858702 0.1525352 0.0923593 0.1166146 0.3189928 0.3826490 0.1168694 0.1260917 0.1357254 0.0417343 0.1281451 0.1051642 0.0000000 0.0962581 0.0440158 0.2066122 0.0616066 0.1009286 0.0973100 0.1395785 0.0831416 0.0121845 0.1065572 0.1723713 0.1007451 0.0931111 0.1794528 0.0987332 0.0891750 0.1012521 0.2040200 0.0875433 0.0975639 0.0983180 0.1730272 0.1766971 0.2135222 0.1104801 0.1667359 0.0362776 0.1112129 0.0900450 0.3140070 0.1084622 0.1498040 0.0798232 0.0848331 0.1468390 0.1687555 0.0917216 0.0287324 0.1624748 0.3447627 0.0993474 0.1105771 0.1173037 0.2696616 0.1345702 0.0909400 0.1277342 0.2118889 
Perityle_gamon_221                         0.2404152 0.2748656 0.2262420 0.3091276 0.1104910 0.2714716 0.3072021 0.4154113 0.3243512 0.1266643 0.2583592 0.1817051 0.2188150 0.1165511 0.5220472 0.1108953 0.0814856 0.1065461 0.2292842 0.1178654 0.0978276 0.1507922 0.1740061 0.0786594 0.1700825 0.0876596 0.1518312 0.0814176 0.0842421 0.3189392 0.4043510 0.1018897 0.1201100 0.1341598 0.1094255 0.1393339 0.0929912 0.0962581 0.0000000 0.1140970 0.2069937 0.0823651 0.0906657 0.0966772 0.1527606 0.0653636 0.1018695 0.0979142 0.1415749 0.0909800 0.0852846 0.2325749 0.0906229 0.0816485 0.0972860 0.2072265 0.0900792 0.1261397 0.0877881 0.1670282 0.1536044 0.2064347 0.0948672 0.1857532 0.1101662 0.0780448 0.0903791 0.3055186 0.1098099 0.1777155 0.0960891 0.1223974 0.1478167 0.1807426 0.0870391 0.1126439 0.1841511 0.3292519 0.0765202 0.1159099 0.1242447 0.2694923 0.1826943 0.0829112 0.1270494 0.2463557 
Perityle_gentryi_8_san_francisco           0.2196420 0.3073156 0.2345370 0.3316288 0.1080972 0.2824618 0.3527954 0.4603570 0.3422612 0.1406207 0.2740612 0.1839098 0.2069644 0.1271769 0.5419508 0.0243425 0.1050965 0.1363180 0.2314038 0.0835113 0.1251138 0.1488903 0.1689661 0.1065690 0.1332357 0.0957678 0.1657976 0.1016541 0.1408586 0.3324859 0.4116672 0.1318207 0.1372766 0.1467811 0.0473590 0.1367635 0.1264072 0.0440158 0.1140970 0.0000000 0.1909327 0.0780726 0.1180566 0.0989820 0.1585764 0.1136735 0.0452145 0.1167825 0.1561123 0.1212433 0.1118840 0.2353515 0.1112395 0.1082213 0.1184439 0.2065127 0.1019053 0.1172154 0.1057045 0.1758075 0.1985469 0.2241412 0.1334291 0.1900292 0.0506664 0.1293132 0.1127700 0.3143811 0.1225025 0.1739290 0.1240589 0.1257347 0.1590101 0.1715568 0.0972223 0.0409076 0.1727602 0.3423268 0.1180549 0.1249998 0.1309034 0.2819753 0.1767006 0.1110043 0.1502745 0.2442239 
Perityle_gilensis_22_Superstition          0.4721874 0.3075492 0.4848759 0.3829598 0.2564980 0.4345703 0.3636186 0.4314603 0.3632264 0.2239798 0.1790195 0.1002951 0.0399138 0.1651054 0.6033787 0.1902801 0.1880193 0.2113389 0.3478112 0.1829765 0.2188917 0.2002186 0.2139672 0.1603096 0.0276273 0.1241863 0.2350966 0.1830416 0.2009738 0.0646751 0.4173346 0.1906056 0.2046370 0.2345936 0.1541344 0.2506408 0.2009395 0.2066122 0.2069937 0.1909327 0.0000000 0.1358511 0.1876304 0.1413010 0.2400870 0.1845733 0.2175539 0.1328094 0.1984970 0.1910918 0.1841947 0.2178417 0.1456501 0.1744133 0.2180213 0.3244968 0.1256481 0.1534932 0.1373277 0.2073408 0.1201785 0.2987576 0.2510901 0.3064361 0.1667177 0.2080130 0.1968666 0.3671233 0.1938674 0.2525408 0.1747290 0.1828738 0.1430577 0.2523320 0.1295790 0.1933745 0.2215626 0.3681751 0.2019151 0.1059795 0.1984849 0.3410077 0.1766194 0.1903671 0.2832961 0.2540676 
Perityle_gilensis_salensis_225             0.2320188 0.2146183 0.2475881 0.2790149 0.0915466 0.2252556 0.2814131 0.2373154 0.2889652 0.0976828 0.1650168 0.0301532 0.0608689 0.0214437 0.4865198 0.0707865 0.0310167 0.0782291 0.1694818 0.0593775 0.0610327 0.0529985 0.1160923 0.0231534 0.0804436 0.0501615 0.0490236 0.0679491 0.0658079 0.0000010 0.3413585 0.0583906 0.1020887 0.0998088 0.0800352 0.0896156 0.0526654 0.0616066 0.0823651 0.0780726 0.1358511 0.0000000 0.0884380 0.0532220 0.0884769 0.0691960 0.0674971 0.0502179 0.0717848 0.0884410 0.0248947 0.1289788 0.0474484 0.0381997 0.0264012 0.1987558 0.0739015 0.0920621 0.0510805 0.1401560 0.0691280 0.1583609 0.0601933 0.1778456 0.0884817 0.0641707 0.0400765 0.2727749 0.0637419 0.1534619 0.0381359 0.0205483 0.0934395 0.1338957 0.0465033 0.0844708 0.1756664 0.2935485 0.0869779 0.0328286 0.0372049 0.2405886 0.0474448 0.0399212 0.0329590 0.2057792 
Perityle_glaucescens_94                    0.2419978 0.2585952 0.2562073 0.3121020 0.1139270 0.2742680 0.3113398 0.4243002 0.3316473 0.1127758 0.2402441 0.1852789 0.1902709 0.1195381 0.5235388 0.1151292 0.0827838 0.1070528 0.2260817 0.1039706 0.1003403 0.1360107 0.1585787 0.0807281 0.1530639 0.0772972 0.1337476 0.0997554 0.0979331 0.3212504 0.4092869 0.1096540 0.1155594 0.1177722 0.0967463 0.1222961 0.0769216 0.1009286 0.0906657 0.1180566 0.1876304 0.0884380 0.0000000 0.0847867 0.0678075 0.0873366 0.1019533 0.0873974 0.1296191 0.0132060 0.0863343 0.2269085 0.0847309 0.0768926 0.1011138 0.2178711 0.1120661 0.1196594 0.0786516 0.1609708 0.1591652 0.2287572 0.0947649 0.1900006 0.1033371 0.0926474 0.0805551 0.3049863 0.1050661 0.1879148 0.0961415 0.1203607 0.1331326 0.1683136 0.0791772 0.1064240 0.1797626 0.3329958 0.0797579 0.1158072 0.1179676 0.2628473 0.1679384 0.0786681 0.1326740 0.2460559 
Perityle_gracilis_11                       0.2264810 0.2626005 0.2378059 0.3198997 0.1201674 0.2866221 0.3208607 0.4428248 0.3280438 0.1164694 0.2208143 0.0721454 0.0823903 0.0649034 0.4954801 0.0919271 0.0595238 0.1013527 0.2194639 0.0480483 0.0803611 0.0764139 0.1068264 0.0507732 0.0456363 0.0164317 0.1301899 0.0863290 0.0897380 0.2662775 0.3749164 0.0980735 0.1107590 0.1213587 0.0699359 0.1113786 0.0743978 0.0973100 0.0966772 0.0989820 0.1413010 0.0532220 0.0847867 0.0000000 0.1503253 0.0909000 0.1028251 0.0164342 0.1029109 0.0839064 0.0507564 0.1733966 0.0255011 0.0591490 0.0626656 0.2098356 0.1053953 0.0892082 0.0185037 0.1492615 0.1360086 0.2387862 0.0899947 0.1876403 0.0835253 0.0877248 0.0628945 0.2955537 0.0798169 0.1842136 0.0583758 0.0499987 0.1280836 0.1435851 0.0102301 0.0744184 0.1542859 0.3244800 0.0833837 0.0862364 0.0777733 0.2714436 0.0530066 0.0610967 0.1027761 0.2234050 
