83
Amauria_brandeegeana_62                    0.0000000 0.1162743 0.0501149 0.2102791 0.3066209 0.1911009 0.1281501 0.3895470 0.0097295 0.1676313 0.1551702 0.1529152 0.1493371 0.1444552 0.1435122 0.1498735 0.4318200 0.1573065 0.1433204 0.1501990 0.1542384 0.1464472 0.1940646 0.3203325 0.2663667 0.1593778 0.1538713 0.1646165 0.1855840 0.2675896 0.2658062 0.1715186 0.1423684 0.0689704 0.1915450 0.1766761 0.1724636 0.1662324 0.1500508 0.1497551 0.1701931 0.1647036 0.1353089 0.1676136 0.1330697 0.1168247 0.1611399 0.1761870 0.1686010 0.1589567 0.1997211 0.3013485 0.1428960 0.1582832 0.1337328 0.1353954 0.1344029 0.1593191 0.2411082 0.1289361 0.1749378 0.1474252 0.1535966 0.1335365 0.3297282 0.1340325 0.1655383 0.5844673 0.1452428 0.1464472 0.2038020 0.1374516 0.1306932 0.1230645 0.1417130 0.2239044 0.1752634 0.1415846 0.1343500 0.1377413 0.1542990 0.1772356 0.1480708 
Amauria_carterae_99_mesa                   0.1162743 0.0000000 0.1435882 0.1633854 0.0976787 0.1175611 0.1308083 0.1474211 0.1188898 0.0741187 0.0747778 0.0747269 0.0661266 0.0771289 0.0702727 0.0610861 0.4433520 0.0959894 0.0636684 0.0592215 0.0831189 0.0636673 0.0560620 0.1143384 0.1081368 0.0743963 0.0534432 0.0802984 0.1554842 0.1105772 0.1079707 0.0678260 0.0637259 0.1214319 0.0927227 0.0713251 0.0842095 0.0701690 0.0615256 0.0715648 0.1008345 0.0964441 0.1007413 0.0763238 0.0648937 0.0773115 0.0858316 0.1007413 0.0771148 0.0780254 0.0694147 0.1001873 0.0771289 0.0690959 0.0571421 0.0486196 0.0720537 0.0831189 0.1640236 0.1012579 0.0793404 0.0945790 0.0746253 0.0509616 0.1001710 0.0985606 0.0925445 0.5095595 0.0661815 0.0636673 0.0891427 0.0662422 0.0531617 0.0615155 0.0651050 0.1064881 0.0849332 0.0748909 0.0772695 0.0477409 0.0806528 0.0834412 0.1111160 
Amauria_rotundifolia_SRR9119150            0.0501149 0.1435882 0.0000000 0.2117054 0.3188465 0.1941597 0.1436100 0.4120004 0.0473568 0.1699086 0.1599022 0.1701042 0.1611459 0.1592457 0.1439402 0.1711497 0.4565370 0.1610016 0.1593258 0.1507507 0.1593019 0.1701185 0.1970814 0.3439032 0.2563310 0.1567172 0.1772256 0.1808059 0.1725694 0.2935587 0.2462219 0.1690523 0.1673128 0.0732524 0.1998756 0.2717338 0.1636671 0.1560112 0.1729192 0.1648936 0.1782032 0.1833418 0.1464695 0.1949650 0.1459772 0.1261186 0.1696949 0.1815079 0.1842869 0.2006135 0.2022018 0.3021110 0.1547208 0.1732479 0.1371252 0.1509050 0.1449160 0.1700742 0.2233883 0.1131827 0.1786621 0.1546085 0.1670342 0.1431716 0.3199338 0.1438539 0.1770299 0.5693348 0.1683902 0.1735875 0.2155490 0.1648013 0.1421920 0.1509321 0.1489420 0.2293815 0.1948561 0.1469263 0.1577730 0.1372741 0.1648368 0.1678912 0.1401396 
Conoclinium_coelestinum_SRR9119114         0.2102791 0.1633854 0.2117054 0.0000000 0.4250661 0.2697200 0.1571101 0.3092217 0.2158063 0.3389754 0.3468784 0.3665867 0.3314953 0.3212261 0.3430101 0.3208687 0.4755963 0.3613219 0.2875063 0.3180860 0.3410607 0.3279863 0.3419903 0.4958934 0.4384233 0.3119283 0.3278211 0.2686813 0.2001513 0.3357099 0.3725267 0.2569875 0.3250803 0.2289633 0.3416376 0.3769016 0.3467537 0.3354684 0.3295351 0.3126843 0.3392104 0.3671195 0.3469429 0.3383476 0.3249576 0.3150222 0.3436480 0.3436192 0.3531029 0.3367578 0.3306923 0.4331083 0.3328613 0.2966853 0.1984279 0.2312598 0.3421052 0.3388706 0.4345859 0.1447727 0.3018000 0.1856021 0.3463893 0.3294166 0.4359703 0.3136301 0.3419393 0.5451927 0.3478553 0.3279863 0.2780659 0.3330723 0.1569431 0.3027522 0.1702983 0.3704181 0.3411725 0.3371509 0.3438993 0.1668786 0.3431569 0.2605707 0.2809010 
Eutetras_palmeri_63                        0.3066209 0.0976787 0.3188465 0.4250661 0.0000000 0.2502131 0.1287575 0.4036083 0.3174666 0.2404524 0.2436553 0.2042289 0.2281275 0.2144682 0.2342046 0.2297537 0.4353238 0.2067905 0.2214098 0.2097008 0.2378922 0.2251433 0.2595242 0.2794731 0.3958501 0.2343472 0.2419533 0.1103409 0.1796515 0.2970208 0.3705072 0.2524109 0.2275360 0.3263600 0.2567457 0.2356105 0.2379423 0.2376998 0.2294385 0.2289972 0.2838421 0.1956072 0.2855435 0.2368892 0.2468533 0.2462956 0.2380764 0.2858352 0.3546443 0.2310605 0.3598364 0.3792467 0.2263208 0.2129310 0.0809820 0.1436917 0.2402680 0.2359513 0.1712908 0.1324724 0.2175645 0.0890517 0.2429689 0.2407758 0.3866748 0.2375217 0.2689223 0.6339758 0.1802036 0.2251433 0.1618978 0.2329293 0.0778748 0.2273293 0.0901962 0.3614012 0.2328706 0.2324090 0.2428929 0.0807290 0.2350738 0.2443657 0.2609724 
Eutrochium_fistulosum_SRR9119106           0.1911009 0.1175611 0.1941597 0.2697200 0.2502131 0.0000000 0.1473736 0.4213968 0.1932040 0.1970091 0.1935825 0.1963324 0.1855817 0.1782241 0.1846609 0.1772738 0.4318430 0.2162763 0.1860808 0.1657761 0.1889406 0.1850196 0.1980937 0.3018020 0.3248021 0.1774274 0.1874146 0.1665655 0.1788331 0.1781657 0.2431121 0.1855792 0.1783126 0.1893287 0.2042071 0.2035968 0.2096433 0.1860877 0.1858086 0.1915512 0.1946319 0.2011866 0.1993103 0.2024261 0.1800874 0.1932150 0.1942337 0.1963062 0.2775206 0.1809106 0.2699197 0.3144454 0.1949530 0.1763885 0.1164780 0.1650593 0.1871385 0.1906328 0.2623853 0.1283463 0.1734032 0.1486100 0.1930629 0.1863399 0.3166696 0.1775310 0.1862050 0.5243041 0.1856021 0.1850196 0.2124684 0.1904947 0.1046705 0.1791366 0.1197052 0.2548604 0.1971681 0.1868193 0.1930771 0.0951737 0.1909319 0.1824042 0.1589365 
Galeana_pratensis_104_mex                  0.1281501 0.1308083 0.1436100 0.1571101 0.1287575 0.1473736 0.0000000 0.1180436 0.1319367 0.1392008 0.1402071 0.1436311 0.1121769 0.1431859 0.1208636 0.1086844 0.4388883 0.1255613 0.1121932 0.1166615 0.1432744 0.1087087 0.1086276 0.1088260 0.1162431 0.1277538 0.1348117 0.1410599 0.1804836 0.1343080 0.1349008 0.1139178 0.1161164 0.1312921 0.1242293 0.1197940 0.1273196 0.1206170 0.1170427 0.1087087 0.1129832 0.1548159 0.1203753 0.1273196 0.1197662 0.1432744 0.1432744 0.1203753 0.1434331 0.1397975 0.1397975 0.1127675 0.1468874 0.1393463 0.1215511 0.1306604 0.1437467 0.1432744 0.1712952 0.1460862 0.1392617 0.1145846 0.1398086 0.1347421 0.1092042 0.1311749 0.1309038 0.5198037 0.1159891 0.1087087 0.1410599 0.1121272 0.1310416 0.1207596 0.1322356 0.1315547 0.1275566 0.1443031 0.1437154 0.1110424 0.1400403 0.1398260 0.1348951 
Helianthus_annuus_SRR9119062               0.3895470 0.1474211 0.4120004 0.3092217 0.4036083 0.4213968 0.1180436 0.0000000 0.4024692 0.4390284 0.4480474 0.4278679 0.4255882 0.3800904 0.4212690 0.4234862 0.3892291 0.3859743 0.3643877 0.4272988 0.4509182 0.4156990 0.4595531 0.4571558 0.5339509 0.4403731 0.4392039 0.2460576 0.1917763 0.4862242 0.5200531 0.3862967 0.4212545 0.3924977 0.4771451 0.4301942 0.4626651 0.4309649 0.4280949 0.4103290 0.4481561 0.4314516 0.4306953 0.4573008 0.4280920 0.4366743 0.4540179 0.4537327 0.4470441 0.4536849 0.4493685 0.5428041 0.4114794 0.3303100 0.1015648 0.2095926 0.4334865 0.4468194 0.4330244 0.1609650 0.3885648 0.1128493 0.4535469 0.4314104 0.5328397 0.3883916 0.4618757 0.5466428 0.3926113 0.4168333 0.2940859 0.4157547 0.1144937 0.3970816 0.1148842 0.4900201 0.4514216 0.4483871 0.4357765 0.1154210 0.4518266 0.3783251 0.3681148 
Lycapsus_tenuifolius_17                    0.0097295 0.1188898 0.0473568 0.2158063 0.3174666 0.1932040 0.1319367 0.4024692 0.0000000 0.1780421 0.1542684 0.1566193 0.1546890 0.1464907 0.1458670 0.1619806 0.4417061 0.1570985 0.1453124 0.1565126 0.1520853 0.1590679 0.1876254 0.3524912 0.2457302 0.1574543 0.1581336 0.1669813 0.1764919 0.2748127 0.2502604 0.1700367 0.1582497 0.0717158 0.2027433 0.2444635 0.1764759 0.1636149 0.1641532 0.1595833 0.1718353 0.1642809 0.1375049 0.1873214 0.1360663 0.1157341 0.1584940 0.1753227 0.1705454 0.1564458 0.1888020 0.2960311 0.1448299 0.1624086 0.1369250 0.1377821 0.1359659 0.1565577 0.2502079 0.1326900 0.1723965 0.1471506 0.1535220 0.1361950 0.3076245 0.1360238 0.1734201 0.5858914 0.1490960 0.1613924 0.2060791 0.1528705 0.1304445 0.1386422 0.1414477 0.2205081 0.1937526 0.1402301 0.1471503 0.1374484 0.1600513 0.1775106 0.1543406 
Pericome_caudata_50_silver                 0.1676313 0.0741187 0.1699086 0.3389754 0.2404524 0.1970091 0.1392008 0.4390284 0.1780421 0.0000000 0.0812858 0.0754048 0.1176061 0.0832850 0.0722799 0.1202520 0.4561787 0.1086622 0.1307649 0.0539240 0.0743614 0.1228400 0.1977721 0.2616512 0.3211349 0.0770025 0.0986549 0.0611991 0.1306007 0.2000265 0.2523954 0.0644706 0.1095225 0.1635417 0.1453261 0.2202713 0.0848951 0.0756003 0.1250347 0.1162886 0.1974752 0.0788211 0.1804702 0.1391680 0.1184556 0.0774945 0.0782595 0.2013539 0.2034236 0.0753516 0.1987657 0.3491104 0.0793910 0.1706166 0.0615800 0.0923045 0.0811060 0.0811053 0.1416999 0.1082419 0.1735461 0.1324151 0.0798421 0.0886918 0.3471869 0.1561650 0.1825074 0.5624019 0.1223432 0.1228400 0.0904004 0.1292000 0.0601546 0.1189361 0.0616250 0.2913324 0.1180666 0.0728509 0.0819665 0.0560793 0.0726205 0.0658655 0.1190321 
Perityle_aglossa_84_dead_horse             0.1551702 0.0747778 0.1599022 0.3468784 0.2436553 0.1935825 0.1402071 0.4480474 0.1542684 0.0812858 0.0000000 0.0238100 0.1119220 0.0144002 0.0632206 0.1110948 0.4241934 0.1094656 0.1234293 0.0467465 0.0302599 0.1058528 0.1954693 0.2616672 0.3219724 0.0628249 0.0959021 0.0756039 0.1600016 0.2469068 0.2737504 0.0722777 0.1043779 0.1564576 0.0978864 0.1645100 0.0976778 0.0599375 0.1074980 0.1108491 0.1873657 0.0370799 0.1695545 0.0853874 0.1162776 0.0305497 0.0300593 0.1876998 0.1455676 0.0346483 0.1638403 0.3458206 0.0228578 0.1788085 0.0568403 0.0762995 0.0219838 0.0309614 0.1410667 0.0939131 0.1666571 0.1265458 0.0070795 0.0867944 0.3701086 0.1500301 0.1697964 0.5491323 0.1160807 0.1058528 0.1079277 0.1167918 0.0096624 0.1055071 0.0119013 0.2890973 0.0800151 0.0168661 0.0127890 0.0562119 0.0318949 0.0701150 0.1199825 
Perityle_ajoensis_204                      0.1529152 0.0747269 0.1701042 0.3665867 0.2042289 0.1963324 0.1436311 0.4278679 0.1566193 0.0754048 0.0238100 0.0000000 0.1174704 0.0115805 0.0654495 0.1145464 0.4205974 0.1111435 0.1314528 0.0514220 0.0324648 0.1161516 0.2073325 0.2132961 0.3244697 0.0688826 0.1008812 0.0736758 0.1595565 0.1770849 0.2631915 0.0764374 0.1109855 0.1502288 0.0864460 0.1281782 0.0953178 0.0693713 0.1171892 0.1217288 0.1888073 0.0370401 0.1844572 0.0920161 0.1272523 0.0324411 0.0325020 0.1906218 0.1491910 0.0288166 0.1484061 0.3113946 0.0155710 0.1822944 0.0567357 0.0781895 0.0189742 0.0300208 0.1403769 0.1013717 0.1711729 0.1300833 0.0237833 0.0889939 0.3168325 0.1590680 0.1768408 0.5788717 0.1175113 0.1161516 0.1041006 0.1218903 0.0194298 0.1177135 0.0209317 0.2968110 0.0760946 0.0154041 0.0238230 0.0634445 0.0324520 0.0758206 0.1279062 
Perityle_ambrosiifolia_67_green            0.1493371 0.0661266 0.1611459 0.3314953 0.2281275 0.1855817 0.1121769 0.4255882 0.1546890 0.1176061 0.1119220 0.1174704 0.0000000 0.1097947 0.1139418 0.0182615 0.3899442 0.1500229 0.0301675 0.0969608 0.1146343 0.0211445 0.1164683 0.1812636 0.3303936 0.1172617 0.1044601 0.1200984 0.1695215 0.2321867 0.2923572 0.1199934 0.0134550 0.1491518 0.1449977 0.0813718 0.1321101 0.1138905 0.0176130 0.0177435 0.1549913 0.1274918 0.1309092 0.1282424 0.0290142 0.1199433 0.1131271 0.1562322 0.2426118 0.1081294 0.2448812 0.3570112 0.1186669 0.1531613 0.0925545 0.0690512 0.1153258 0.1107688 0.1760324 0.1306245 0.1614579 0.0710842 0.1096755 0.0915631 0.3618858 0.1056704 0.1439428 0.5242546 0.0203933 0.0211445 0.1505758 0.0269858 0.0880797 0.0175130 0.0930876 0.2587686 0.1301053 0.1117244 0.1196369 0.1050403 0.1109370 0.1258098 0.1418104 
Perityle_angustifolia_13_Eagle_creek       0.1444552 0.0771289 0.1592457 0.3212261 0.2144682 0.1782241 0.1431859 0.3800904 0.1464907 0.0832850 0.0144002 0.0115805 0.1097947 0.0000000 0.0647320 0.1047788 0.4071340 0.1119318 0.1200276 0.0492454 0.0247659 0.1081066 0.1065164 0.2334300 0.1982270 0.0736285 0.0901298 0.0869643 0.1590730 0.1265594 0.1715210 0.0821068 0.1054219 0.1452213 0.0835294 0.1321429 0.0980183 0.0662122 0.1105376 0.1167176 0.1636593 0.0332725 0.1688474 0.0987698 0.1145532 0.0294679 0.0262845 0.1654221 0.0842614 0.0218292 0.0762801 0.1889330 0.0085734 0.1536565 0.0565779 0.0759441 0.0143841 0.0232948 0.1503737 0.1046954 0.1387534 0.1331290 0.0129279 0.0838689 0.1887415 0.1523511 0.1574729 0.5588728 0.1100627 0.1081066 0.1203934 0.1100402 0.0161127 0.1086713 0.0178608 0.2147708 0.0824937 0.0086150 0.0143631 0.0542761 0.0218172 0.0757296 0.1213340 
Perityle_batopilensis_97                   0.1435122 0.0702727 0.1439402 0.3430101 0.2342046 0.1846609 0.1208636 0.4212690 0.1458670 0.0722799 0.0632206 0.0654495 0.1139418 0.0647320 0.0000000 0.1100144 0.4214126 0.1099058 0.1274496 0.0368157 0.0627507 0.1151339 0.1579603 0.2632583 0.2616851 0.0559980 0.0972208 0.0531472 0.1314021 0.1396984 0.2048818 0.0558285 0.1105217 0.1297892 0.0902481 0.1905818 0.0848641 0.0129172 0.1160065 0.1185130 0.1703307 0.0754676 0.1751838 0.1034426 0.1226711 0.0680837 0.0644969 0.1702673 0.1915703 0.0599279 0.1631077 0.2661392 0.0675535 0.1649437 0.0339536 0.0808101 0.0605319 0.0644372 0.1397679 0.0939582 0.1365051 0.1196522 0.0585315 0.0899756 0.2555119 0.1489932 0.1593722 0.5266905 0.1208691 0.1151339 0.0805370 0.1164794 0.0465165 0.1122167 0.0490003 0.2551148 0.0836112 0.0524429 0.0684659 0.0417786 0.0660347 0.0539341 0.1098567 
Perityle_bisetosa_9                        0.1498735 0.0610861 0.1711497 0.3208687 0.2297537 0.1772738 0.1086844 0.4234862 0.1619806 0.1202520 0.1110948 0.1145464 0.0182615 0.1047788 0.1100144 0.0000000 0.3696137 0.1445587 0.0246139 0.0966462 0.1126752 0.0218491 0.1078406 0.1766335 0.3188512 0.1220944 0.1140582 0.1158577 0.1695215 0.2093232 0.2544667 0.1207254 0.0100982 0.1480848 0.1999446 0.1443054 0.1347449 0.1128203 0.0197024 0.0164156 0.1513613 0.1208034 0.1197829 0.2251893 0.0235318 0.1241988 0.1226514 0.1514790 0.2390158 0.1208253 0.2380687 0.3235860 0.1171398 0.1432226 0.0871766 0.0649708 0.1119587 0.1237850 0.1777230 0.1233303 0.1525887 0.0647129 0.1266770 0.0877428 0.3189461 0.0976970 0.1417173 0.5242546 0.0119248 0.0199947 0.1465904 0.0236265 0.0846196 0.0109033 0.0898038 0.2535363 0.1653261 0.1095055 0.1168079 0.1013252 0.1109756 0.1234745 0.1393984 
Perityle_californica_76_positas            0.4318200 0.4433520 0.4565370 0.4755963 0.4353238 0.4318430 0.4388883 0.3892291 0.4417061 0.4561787 0.4241934 0.4205974 0.3899442 0.4071340 0.4214126 0.3696137 0.0000000 0.4385041 0.3696137 0.4334209 0.4464637 0.3696137 0.3696137 0.3824804 0.4136160 0.4423309 0.4410206 0.4048753 0.3008874 0.4822006 0.4628417 0.4168436 0.3698434 0.4318437 0.4692032 0.3789646 0.4484350 0.4334209 0.3809209 0.3696137 0.3890209 0.4464637 0.3666057 0.4345691 0.3675821 0.4464637 0.4596848 0.3666057 0.4206054 0.4334911 0.4206054 0.4136160 0.4174976 0.4185682 0.4579330 0.4532467 0.4206054 0.4464637 0.4410206 0.4596017 0.4168420 0.3872938 0.4332296 0.4410206 0.4136160 0.3945860 0.4188887 0.4774338 0.3677490 0.3696137 0.4048753 0.3696137 0.4435637 0.3696137 0.4435637 0.3945860 0.4509146 0.4206054 0.4332296 0.4496128 0.4464637 0.4381434 0.4704604 
Perityle_canescens_77                      0.1573065 0.0959894 0.1610016 0.3613219 0.2067905 0.2162763 0.1255613 0.3859743 0.1570985 0.1086622 0.1094656 0.1111435 0.1500229 0.1119318 0.1099058 0.1445587 0.4385041 0.0000000 0.1665486 0.0912305 0.1130117 0.1533275 0.1531368 0.2510230 0.2588788 0.1120604 0.1294227 0.1075710 0.1590020 0.1825360 0.2317847 0.1107230 0.1436503 0.1485191 0.0974220 0.1537538 0.1257122 0.1114554 0.1499143 0.1576294 0.2102169 0.1216376 0.2158631 0.1208045 0.1538042 0.1061329 0.1149067 0.2140661 0.1986139 0.1081465 0.1929665 0.2464417 0.1193887 0.1956639 0.0965132 0.1190860 0.1179642 0.1111802 0.1893353 0.1208577 0.1861188 0.1551086 0.1057249 0.1264465 0.2481409 0.1909840 0.1954800 0.4935298 0.1512767 0.1549746 0.1450862 0.1591409 0.0781182 0.1470056 0.0883150 0.2563470 0.1077157 0.1078332 0.1023202 0.0778466 0.1081035 0.0998516 0.1532582 
Perityle_castillonii_96                    0.1433204 0.0636684 0.1593258 0.2875063 0.2214098 0.1860808 0.1121932 0.3643877 0.1453124 0.1307649 0.1234293 0.1314528 0.0301675 0.1200276 0.1274496 0.0246139 0.3696137 0.1665486 0.0000000 0.1072488 0.1269679 0.0274529 0.0365130 0.1619678 0.2226902 0.1312775 0.0994702 0.1196118 0.1698254 0.1700813 0.2021118 0.1334557 0.0261299 0.1477987 0.1358809 0.0492800 0.1427044 0.1273204 0.0320868 0.0302253 0.1304536 0.1387803 0.1336278 0.1385845 0.0378162 0.1336096 0.1288485 0.1321012 0.2074027 0.1241506 0.2019418 0.2137670 0.1298118 0.1390158 0.0900379 0.0881097 0.1267437 0.1253351 0.1837542 0.1272581 0.1256455 0.0648357 0.1214920 0.0948254 0.2135588 0.1124957 0.1267518 0.5242546 0.0274656 0.0274529 0.1524956 0.0387760 0.0847965 0.0303282 0.0899819 0.1802046 0.1350772 0.1236191 0.1248704 0.0891918 0.1239241 0.1369075 0.1596072 
Perityle_cernua_84                         0.1501990 0.0592215 0.1507507 0.3180860 0.2097008 0.1657761 0.1166615 0.4272988 0.1565126 0.0539240 0.0467465 0.0514220 0.0969608 0.0492454 0.0368157 0.0966462 0.4334209 0.0912305 0.1072488 0.0000000 0.0510798 0.0959775 0.1777459 0.2218575 0.3243219 0.0379932 0.0785755 0.0499890 0.1156268 0.1892470 0.2522026 0.0530681 0.0896992 0.1451005 0.0762067 0.1297973 0.0697721 0.0387711 0.0964611 0.0959718 0.1774501 0.0607996 0.1592509 0.0644323 0.1030186 0.0562601 0.0513793 0.1813393 0.1786835 0.0480555 0.2062683 0.3302354 0.0537133 0.1641209 0.0240472 0.0619366 0.0498010 0.0534311 0.1250400 0.0793233 0.1547105 0.1123224 0.0467190 0.0721778 0.3581494 0.1284543 0.1637968 0.5248348 0.1016729 0.0970235 0.0837132 0.0977814 0.0395626 0.0887075 0.0426647 0.2672298 0.0513780 0.0417014 0.0491162 0.0381315 0.0513881 0.0576070 0.0937620 
Perityle_cfvillosa_25_tin                  0.1542384 0.0831189 0.1593019 0.3410607 0.2378922 0.1889406 0.1432744 0.4509182 0.1520853 0.0743614 0.0302599 0.0324648 0.1146343 0.0247659 0.0627507 0.1126752 0.4464637 0.1130117 0.1269679 0.0510798 0.0000000 0.1139080 0.1907224 0.2575171 0.3048807 0.0643426 0.0903009 0.0719420 0.1669387 0.1916546 0.2371640 0.0690250 0.1062587 0.1515407 0.1009091 0.1872079 0.0945164 0.0591882 0.1146366 0.1146290 0.1849959 0.0095816 0.1726459 0.1069415 0.1128214 0.0069079 0.0047905 0.1872360 0.1480057 0.0135928 0.1495441 0.3211273 0.0281505 0.1798377 0.0597084 0.0849857 0.0272628 0.0057490 0.1319964 0.0950683 0.1630720 0.1309640 0.0274324 0.0820585 0.3081509 0.1538753 0.1714393 0.5656232 0.1177122 0.1139080 0.1045235 0.1216065 0.0000010 0.1113866 0.0000010 0.2912687 0.0799951 0.0230579 0.0367520 0.0636786 0.0095554 0.0675229 0.1331863 
Perityle_coahuilensis_24                   0.1464472 0.0636673 0.1701185 0.3279863 0.2251433 0.1850196 0.1087087 0.4156990 0.1590679 0.1228400 0.1058528 0.1161516 0.0211445 0.1081066 0.1151339 0.0218491 0.3696137 0.1533275 0.0274529 0.0959775 0.1139080 0.0000000 0.1068718 0.1686228 0.3255376 0.1213555 0.1292055 0.1163111 0.1700843 0.2798153 0.2817447 0.1199050 0.0138237 0.1462298 0.1993145 0.1388440 0.1345217 0.1135472 0.0229699 0.0105656 0.1478469 0.1224035 0.1206182 0.2025823 0.0290593 0.1316836 0.1246649 0.1470181 0.2416699 0.1510947 0.2458626 0.3533615 0.1187710 0.1479684 0.0817598 0.0670568 0.1159421 0.1238025 0.1725141 0.1231254 0.1570999 0.0583048 0.1276646 0.0906382 0.3561980 0.1002767 0.1420971 0.5242546 0.0216639 0.0014281 0.1466465 0.0257030 0.0774920 0.0164284 0.0830252 0.2585215 0.1658216 0.1132311 0.1210510 0.0973203 0.1122741 0.1210659 0.1449348 
Perityle_cochisensis_44_cave_creek         0.1940646 0.0560620 0.1970814 0.3419903 0.2595242 0.1980937 0.1086276 0.4595531 0.1876254 0.1977721 0.1954693 0.2073325 0.1164683 0.1065164 0.1579603 0.1078406 0.3696137 0.1531368 0.0365130 0.1777459 0.1907224 0.1068718 0.0000000 0.2973607 0.3118989 0.1953556 0.1624850 0.2384141 0.1698114 0.2338804 0.2884934 0.2120178 0.1096149 0.1919744 0.2123936 0.1764987 0.2137175 0.1920519 0.1135543 0.0965580 0.1955714 0.2120055 0.1607197 0.2066526 0.1060404 0.1443880 0.1923603 0.1944244 0.2441761 0.1901003 0.2290343 0.3024547 0.1519680 0.2079485 0.0817784 0.0609152 0.1576459 0.1879848 0.2806358 0.1234894 0.1983891 0.0583878 0.1930530 0.1616555 0.3068083 0.1035402 0.1871287 0.5212657 0.1163025 0.1068718 0.2523138 0.0725316 0.0775871 0.0337690 0.0864352 0.2804692 0.1989165 0.1897191 0.1664501 0.1083451 0.1941027 0.2239784 0.1413998 
Perityle_congesta_202                      0.3203325 0.1143384 0.3439032 0.4958934 0.2794731 0.3018020 0.1088260 0.4571558 0.3524912 0.2616512 0.2616672 0.2132961 0.1812636 0.2334300 0.2632583 0.1766335 0.3824804 0.2510230 0.1619678 0.2218575 0.2575171 0.1686228 0.2973607 0.0000000 0.5219598 0.2645958 0.2678568 0.1314445 0.1742379 0.3511215 0.4497605 0.2447855 0.1712606 0.3398695 0.2761639 0.1867665 0.2548290 0.2554329 0.1800809 0.1836078 0.3166526 0.2124852 0.3198643 0.2630919 0.2025415 0.2910419 0.2562796 0.3223852 0.3921802 0.2519626 0.4228322 0.5089243 0.2457683 0.2411166 0.0902110 0.1591578 0.2745657 0.2528659 0.2004015 0.1279293 0.2994349 0.0682956 0.2605368 0.2568401 0.5172043 0.2435703 0.2971911 0.6047845 0.1311387 0.1686228 0.1855885 0.1707329 0.0923665 0.1985826 0.0937486 0.4425257 0.2683284 0.2525528 0.2733780 0.1055399 0.2383230 0.2504998 0.2959629 
Perityle_cordifolia_27                     0.2663667 0.1081368 0.2563310 0.4384233 0.3958501 0.3248021 0.1162431 0.5339509 0.2457302 0.3211349 0.3219724 0.3244697 0.3303936 0.1982270 0.2616851 0.3188512 0.4136160 0.2588788 0.2226902 0.3243219 0.3048807 0.3255376 0.3118989 0.5219598 0.0000000 0.3060452 0.3450977 0.3321952 0.1695738 0.3754873 0.3661844 0.2952419 0.3221655 0.2709167 0.3595102 0.4068089 0.3627351 0.3184594 0.3290160 0.3142817 0.3195775 0.3402197 0.2409869 0.3620028 0.2851405 0.2088226 0.3037232 0.3143182 0.2887034 0.3003639 0.2717920 0.1428095 0.2567093 0.3550085 0.1783393 0.1618823 0.2353124 0.3048888 0.5571166 0.1309731 0.3405416 0.0148300 0.2937816 0.3319686 0.0110469 0.2194209 0.3160986 0.5518923 0.3363126 0.3255376 0.3333846 0.2814572 0.0988508 0.2224835 0.1352340 0.3611165 0.3492570 0.2896332 0.2840400 0.1442524 0.3466480 0.3061890 0.2010437 
Perityle_cordifolia_68_tecolote            0.1593778 0.0743963 0.1567172 0.3119283 0.2343472 0.1774274 0.1277538 0.4403731 0.1574543 0.0770025 0.0628249 0.0688826 0.1172617 0.0736285 0.0559980 0.1220944 0.4423309 0.1120604 0.1312775 0.0379932 0.0643426 0.1213555 0.1953556 0.2645958 0.3060452 0.0000000 0.1008119 0.0614626 0.1386945 0.2257005 0.2598595 0.0674065 0.1158321 0.1551974 0.1177063 0.2002734 0.0867906 0.0538360 0.1240237 0.1195037 0.1962975 0.0761427 0.1790159 0.1070789 0.1213550 0.0678079 0.0643688 0.1945716 0.1979460 0.0605644 0.1999346 0.3564869 0.0723839 0.1829392 0.0142849 0.0901210 0.0668169 0.0679998 0.1406330 0.0973053 0.1679382 0.1261580 0.0612825 0.0877027 0.3534117 0.1544234 0.1832547 0.5261673 0.1214566 0.1213555 0.0961557 0.1248901 0.0531905 0.1190601 0.0582398 0.2878214 0.0910989 0.0573213 0.0728301 0.0596570 0.0664338 0.0668922 0.1175547 
Perityle_coronopifolia_28_patagonia        0.1538713 0.0534432 0.1772256 0.3278211 0.2419533 0.1874146 0.1348117 0.4392039 0.1581336 0.0986549 0.0959021 0.1008812 0.1044601 0.0901298 0.0972208 0.1140582 0.4410206 0.1294227 0.0994702 0.0785755 0.0903009 0.1292055 0.1624850 0.2678568 0.3450977 0.1008119 0.0000000 0.0926026 0.1621988 0.3066272 0.2862452 0.1010247 0.0935803 0.1597436 0.1626300 0.2291054 0.1172269 0.0966761 0.1078112 0.0994402 0.1807813 0.0982617 0.1617131 0.1901993 0.0999081 0.0951582 0.0952411 0.1820928 0.2108929 0.1219684 0.2156482 0.3784766 0.0953037 0.1385949 0.0512385 0.0476027 0.0948296 0.0954700 0.0842506 0.0717025 0.1618739 0.1149692 0.1055244 0.0217163 0.3823858 0.1357209 0.1731723 0.5080834 0.1047589 0.1289690 0.1224309 0.1091233 0.0361329 0.0931438 0.0394824 0.2620493 0.1289044 0.0922777 0.1004324 0.0380828 0.0900232 0.1092849 0.1447399 
Perityle_crassifolia_70_ventanas           0.1646165 0.0802984 0.1808059 0.2686813 0.1103409 0.1665655 0.1410599 0.2460576 0.1669813 0.0611991 0.0756039 0.0736758 0.1200984 0.0869643 0.0531472 0.1158577 0.4048753 0.1075710 0.1196118 0.0499890 0.0719420 0.1163111 0.2384141 0.1314445 0.3321952 0.0614626 0.0926026 0.0000000 0.1369896 0.1823584 0.2579348 0.0304934 0.1160038 0.1542638 0.0674472 0.1224347 0.0825138 0.0559971 0.1182452 0.1225887 0.1796170 0.0779138 0.1746613 0.0727576 0.1280889 0.0780167 0.0719719 0.1843944 0.1914760 0.0720590 0.1969789 0.3181761 0.0787073 0.1631498 0.0579710 0.0767293 0.0727430 0.0699598 0.1387263 0.0916801 0.1427050 0.1379321 0.0774915 0.0846156 0.3239255 0.1435002 0.1739771 0.5287016 0.1224774 0.1163111 0.0052996 0.1225863 0.0786364 0.1166320 0.0787023 0.2566378 0.0651556 0.0698089 0.0797541 0.0531505 0.0760346 0.0530268 0.1264972 
Perityle_crassifolia_74_playa_balandra     0.1855840 0.1554842 0.1725694 0.2001513 0.1796515 0.1788331 0.1804836 0.1917763 0.1764919 0.1306007 0.1600016 0.1595565 0.1695215 0.1590730 0.1314021 0.1695215 0.3008874 0.1590020 0.1698254 0.1156268 0.1669387 0.1700843 0.1698114 0.1742379 0.1695738 0.1386945 0.1621988 0.1369896 0.0000000 0.1451909 0.1423752 0.1020253 0.1698574 0.1477147 0.1281863 0.1733065 0.1381734 0.1271801 0.1752447 0.1700843 0.1499509 0.1790945 0.1537545 0.1342461 0.1777376 0.1669387 0.1669387 0.1537545 0.1674307 0.1636270 0.1636270 0.1737793 0.1590730 0.1789623 0.1351706 0.1576610 0.1678132 0.1669387 0.1942560 0.1456235 0.1746715 0.1484209 0.1636270 0.1621106 0.1693371 0.1497940 0.1615785 0.6495973 0.1775812 0.1700843 0.1369896 0.1735975 0.1342027 0.1792885 0.1306083 0.1459929 0.1345029 0.1605181 0.1677603 0.1086201 0.1636270 0.1019031 0.1421004 
Perityle_cuneata_34_cuneata_San_antonio    0.2675896 0.1105772 0.2935587 0.3357099 0.2970208 0.1781657 0.1343080 0.4862242 0.2748127 0.2000265 0.2469068 0.1770849 0.2321867 0.1265594 0.1396984 0.2093232 0.4822006 0.1825360 0.1700813 0.1892470 0.1916546 0.2798153 0.2338804 0.3511215 0.3754873 0.2257005 0.3066272 0.1823584 0.1451909 0.0000000 0.2735136 0.2311483 0.2061789 0.2884507 0.2342790 0.2333190 0.2206299 0.2022894 0.2516105 0.2153215 0.2393264 0.1923764 0.1820563 0.2676307 0.1795553 0.1520341 0.2594731 0.2510014 0.2592164 0.2982269 0.2713541 0.4035003 0.1515975 0.1851213 0.1122214 0.1376553 0.1562904 0.2619423 0.3409519 0.1591634 0.2000298 0.1689384 0.2696892 0.1946009 0.4412684 0.1629070 0.2185470 0.5421436 0.1958669 0.2791338 0.1949102 0.1713394 0.1105164 0.1497912 0.1286660 0.3102953 0.2197605 0.1790036 0.1485769 0.1087433 0.1995551 0.2520389 0.0305498 
Perityle_cuneata_4                         0.2658062 0.1079707 0.2462219 0.3725267 0.3705072 0.2431121 0.1349008 0.5200531 0.2502604 0.2523954 0.2737504 0.2631915 0.2923572 0.1715210 0.2048818 0.2544667 0.4628417 0.2317847 0.2021118 0.2522026 0.2371640 0.2817447 0.2884934 0.4497605 0.3661844 0.2598595 0.2862452 0.2579348 0.1423752 0.2735136 0.0000000 0.2506427 0.2601959 0.2537586 0.3272953 0.3896523 0.2906843 0.2499144 0.2823174 0.2643555 0.2802405 0.2685201 0.2364655 0.3483161 0.2377422 0.1878651 0.2570962 0.2925416 0.2582208 0.2549847 0.2686453 0.4172966 0.2141128 0.2256715 0.1093561 0.1338831 0.2005158 0.2607835 0.4160621 0.1323218 0.2416384 0.1649383 0.2483355 0.2597434 0.3822157 0.2017967 0.2625706 0.5602969 0.2839672 0.2817447 0.2680573 0.2391823 0.1106632 0.1871407 0.1286684 0.3523453 0.3229482 0.2249324 0.2250251 0.1249187 0.2663307 0.2488321 0.0877625 
Perityle_discoidea_81                      0.1715186 0.0678260 0.1690523 0.2569875 0.2524109 0.1855792 0.1139178 0.3862967 0.1700367 0.0644706 0.0722777 0.0764374 0.1199934 0.0821068 0.0558285 0.1207254 0.4168436 0.1107230 0.1334557 0.0530681 0.0690250 0.1199050 0.2120178 0.2447855 0.2952419 0.0674065 0.1010247 0.0304934 0.1020253 0.2311483 0.2506427 0.0000000 0.1127865 0.1640998 0.0885434 0.1578094 0.0775846 0.0608158 0.1174384 0.1235484 0.1870488 0.0820217 0.1586907 0.0734389 0.1187869 0.0749687 0.0727419 0.1926156 0.1623938 0.0725696 0.1946091 0.3262774 0.0778809 0.1608109 0.0352872 0.0776580 0.0716260 0.0738173 0.1374500 0.1014567 0.1677313 0.1197778 0.0758002 0.0889056 0.3534426 0.1388102 0.1784693 0.5450635 0.1304547 0.1199050 0.0594771 0.1189235 0.0571290 0.1125596 0.0621123 0.2431846 0.0728872 0.0679689 0.0736036 0.0568277 0.0703559 0.0426798 0.0982996 
Perityle_dissecta_201                      0.1423684 0.0637259 0.1673128 0.3250803 0.2275360 0.1783126 0.1161164 0.4212545 0.1582497 0.1095225 0.1043779 0.1109855 0.0134550 0.1054219 0.1105217 0.0100982 0.3698434 0.1436503 0.0261299 0.0896992 0.1062587 0.0138237 0.1096149 0.1712606 0.3221655 0.1158321 0.0935803 0.1160038 0.1698574 0.2061789 0.2601959 0.1127865 0.0000000 0.1439920 0.1601148 0.0923978 0.1276449 0.1086395 0.0158637 0.0115867 0.1467001 0.1157525 0.1203488 0.1484404 0.0225455 0.1139909 0.1078193 0.1468864 0.2388315 0.1056429 0.2354779 0.3256333 0.1148019 0.1439889 0.0900350 0.0691902 0.1099667 0.1076638 0.1696786 0.1311034 0.1542079 0.0680592 0.1061973 0.0844219 0.3281744 0.0998501 0.1372865 0.5342471 0.0144026 0.0138237 0.1487993 0.0226613 0.0848910 0.0110755 0.0900774 0.2568468 0.1387546 0.1065277 0.1146557 0.1091767 0.1039258 0.1168180 0.1367135 
Perityle_emoryi_47_punta_san_jose          0.0689704 0.1214319 0.0732524 0.2289633 0.3263600 0.1893287 0.1312921 0.3924977 0.0717158 0.1635417 0.1564576 0.1502288 0.1491518 0.1452213 0.1297892 0.1480848 0.4318437 0.1485191 0.1477987 0.1451005 0.1515407 0.1462298 0.1919744 0.3398695 0.2709167 0.1551974 0.1597436 0.1542638 0.1477147 0.2884507 0.2537586 0.1640998 0.1439920 0.0000000 0.1882918 0.1956770 0.1676365 0.1588890 0.1511051 0.1544366 0.1646116 0.1597535 0.1352278 0.1651197 0.1280269 0.1083773 0.1603257 0.1703944 0.1735402 0.1694727 0.2029866 0.3113886 0.1416753 0.1505322 0.1172080 0.1281228 0.1392866 0.1558323 0.2466922 0.1210565 0.1707216 0.1620667 0.1564482 0.1222864 0.3407231 0.1261126 0.1589939 0.5306826 0.1477835 0.1462298 0.1921528 0.1356246 0.1153018 0.1223176 0.1265240 0.2075811 0.1705882 0.1428383 0.1446728 0.1336782 0.1527249 0.1644471 0.1422175 
Perityle_feddemae_99                       0.1915450 0.0927227 0.1998756 0.3416376 0.2567457 0.2042071 0.1242293 0.4771451 0.2027433 0.1453261 0.0978864 0.0864460 0.1449977 0.0835294 0.0902481 0.1999446 0.4692032 0.0974220 0.1358809 0.0762067 0.1009091 0.1993145 0.2123936 0.2761639 0.3595102 0.1177063 0.1626300 0.0674472 0.1281863 0.2342790 0.3272953 0.0885434 0.1601148 0.1882918 0.0000000 0.2805611 0.1093218 0.0930949 0.1889093 0.1506817 0.2203992 0.0904416 0.1862881 0.0974775 0.1364000 0.1454531 0.1432579 0.2221135 0.1939841 0.1420533 0.2570351 0.3777666 0.0868356 0.1856935 0.0644880 0.1032522 0.0933834 0.1444070 0.1731934 0.1048119 0.1844777 0.1329057 0.1457705 0.1057875 0.4231299 0.1584545 0.2389703 0.5354941 0.1360122 0.1993145 0.0928070 0.1976038 0.0604369 0.1614135 0.0618917 0.3006176 0.0938664 0.0869479 0.0889687 0.0600654 0.1000805 0.0918347 0.1252199 
Perityle_fosteri_93                        0.1766761 0.0713251 0.2717338 0.3769016 0.2356105 0.2035968 0.1197940 0.4301942 0.2444635 0.2202713 0.1645100 0.1281782 0.0813718 0.1321429 0.1905818 0.1443054 0.3789646 0.1537538 0.0492800 0.1297973 0.1872079 0.1388440 0.1764987 0.1867665 0.4068089 0.2002734 0.2291054 0.1224347 0.1733065 0.2333190 0.3896523 0.1578094 0.0923978 0.1956770 0.2805611 0.0000000 0.1616109 0.1803769 0.1212981 0.0878729 0.1944337 0.1259662 0.1976457 0.3044852 0.0896739 0.2575058 0.2472244 0.2104275 0.2744869 0.2362162 0.3530302 0.3733308 0.1458256 0.1559685 0.0981756 0.0753122 0.1923113 0.2476328 0.1810440 0.1235458 0.1982064 0.0711925 0.2484628 0.1363810 0.4145632 0.1276030 0.2359848 0.5827139 0.0192344 0.1441028 0.1547630 0.1629571 0.0918378 0.1115599 0.0966677 0.3042720 0.2447787 0.1796257 0.1629271 0.1091356 0.1473748 0.1460508 0.1658741 
Perityle_gamon_221                         0.1724636 0.0842095 0.1636671 0.3467537 0.2379423 0.2096433 0.1273196 0.4626651 0.1764759 0.0848951 0.0976778 0.0953178 0.1321101 0.0980183 0.0848641 0.1347449 0.4484350 0.1257122 0.1427044 0.0697721 0.0945164 0.1345217 0.2137175 0.2548290 0.3627351 0.0867906 0.1172269 0.0825138 0.1381734 0.2206299 0.2906843 0.0775846 0.1276449 0.1676365 0.1093218 0.1616109 0.0000000 0.0875945 0.1305416 0.1311692 0.2236482 0.1076024 0.1969927 0.0143427 0.1405753 0.0999273 0.0958231 0.2257010 0.2119811 0.0888554 0.2339308 0.3682019 0.0922542 0.1899865 0.0589334 0.1004519 0.0974980 0.0980596 0.1555853 0.1081052 0.1858885 0.1358004 0.0951971 0.1110094 0.3955395 0.1616716 0.2084091 0.5563770 0.1388590 0.1345217 0.1121370 0.1393351 0.0566388 0.1201031 0.0679743 0.3145157 0.0672307 0.0881151 0.0988921 0.0596337 0.0977157 0.0775339 0.1244867 
Perityle_gentryi_8_san_francisco           0.1662324 0.0701690 0.1560112 0.3354684 0.2376998 0.1860877 0.1206170 0.4309649 0.1636149 0.0756003 0.0599375 0.0693713 0.1138905 0.0662122 0.0129172 0.1128203 0.4334209 0.1114554 0.1273204 0.0387711 0.0591882 0.1135472 0.1920519 0.2554329 0.3184594 0.0538360 0.0966761 0.0559971 0.1271801 0.2022894 0.2499144 0.0608158 0.1086395 0.1588890 0.0930949 0.1803769 0.0875945 0.0000000 0.1143444 0.1183702 0.1924511 0.0768223 0.1734224 0.0918155 0.1185952 0.0669099 0.0593951 0.1919718 0.1979910 0.0583845 0.1972606 0.3417584 0.0674266 0.1759628 0.0363536 0.0807022 0.0612793 0.0624473 0.1368762 0.0937657 0.1634505 0.1160912 0.0570457 0.0909203 0.3486443 0.1488411 0.1738002 0.5342765 0.1181572 0.1135472 0.0874440 0.1145157 0.0464260 0.1103285 0.0520957 0.2909627 0.0737905 0.0538777 0.0695442 0.0416935 0.0658579 0.0621577 0.1114284 
Perityle_gilensis_22_Superstition          0.1500508 0.0615256 0.1729192 0.3295351 0.2294385 0.1858086 0.1170427 0.4280949 0.1641532 0.1250347 0.1074980 0.1171892 0.0176130 0.1105376 0.1160065 0.0197024 0.3809209 0.1499143 0.0320868 0.0964611 0.1146366 0.0229699 0.1135543 0.1800809 0.3290160 0.1240237 0.1078112 0.1182452 0.1752447 0.2516105 0.2823174 0.1174384 0.0158637 0.1511051 0.1889093 0.1212981 0.1305416 0.1143444 0.0000000 0.0176163 0.1522766 0.1235338 0.1279318 0.1713803 0.0272463 0.1282128 0.1168844 0.1537503 0.2431484 0.1160067 0.2438728 0.3551821 0.1184809 0.1488780 0.0933008 0.0716757 0.1168506 0.1156885 0.1678421 0.1203556 0.1622698 0.0647296 0.1174286 0.0889003 0.3601626 0.1063181 0.1455963 0.5127555 0.0243739 0.0229699 0.1474077 0.0269537 0.0810548 0.0154345 0.0864143 0.2651157 0.1683253 0.1140242 0.1193865 0.1011843 0.1105799 0.1189852 0.1456459 
Perityle_gilensis_salensis_225             0.1497551 0.0715648 0.1648936 0.3126843 0.2289972 0.1915512 0.1087087 0.4103290 0.1595833 0.1162886 0.1108491 0.1217288 0.0177435 0.1167176 0.1185130 0.0164156 0.3696137 0.1576294 0.0302253 0.0959718 0.1146290 0.0105656 0.0965580 0.1836078 0.3142817 0.1195037 0.0994402 0.1225887 0.1700843 0.2153215 0.2643555 0.1235484 0.0115867 0.1544366 0.1506817 0.0878729 0.1311692 0.1183702 0.0176163 0.0000000 0.1515433 0.1286846 0.1253147 0.1388680 0.0276606 0.1184611 0.1145886 0.1503125 0.2278952 0.1122911 0.2289935 0.3160538 0.1232986 0.1559210 0.0927974 0.0775570 0.1185456 0.1120821 0.1734435 0.1231254 0.1669729 0.0681415 0.1103884 0.0895246 0.3232840 0.1058027 0.1431337 0.5242546 0.0223815 0.0105656 0.1544137 0.0249853 0.0848749 0.0174121 0.0968589 0.2480827 0.1299728 0.1146338 0.1212318 0.0933426 0.1134369 0.1297308 0.1524048 
Perityle_glaucescens_94                    0.1701931 0.1008345 0.1782032 0.3392104 0.2838421 0.1946319 0.1129832 0.4481561 0.1718353 0.1974752 0.1873657 0.1888073 0.1549913 0.1636593 0.1703307 0.1513613 0.3890209 0.2102169 0.1304536 0.1774501 0.1849959 0.1478469 0.1955714 0.3166526 0.3195775 0.1962975 0.1807813 0.1796170 0.1499509 0.2393264 0.2802405 0.1870488 0.1467001 0.1646116 0.2203992 0.1944337 0.2236482 0.1924511 0.1522766 0.1515433 0.0000000 0.2008998 0.0139093 0.2065248 0.1381796 0.1626646 0.1914446 0.0090699 0.2596699 0.1886069 0.2651302 0.3209745 0.1700363 0.1625613 0.1498284 0.1368542 0.1618367 0.1912091 0.2720504 0.1393000 0.1532629 0.1092549 0.1869766 0.1619625 0.3425297 0.0595955 0.0663055 0.5419207 0.1449020 0.1478469 0.2007751 0.1284221 0.1032132 0.1096947 0.1407987 0.2069720 0.2002340 0.1738844 0.1744423 0.1136285 0.1903521 0.1921855 0.1721478 
Perityle_gracilis_11                       0.1647036 0.0964441 0.1833418 0.3671195 0.1956072 0.2011866 0.1548159 0.4314516 0.1642809 0.0788211 0.0370799 0.0370401 0.1274918 0.0332725 0.0754676 0.1208034 0.4464637 0.1216376 0.1387803 0.0607996 0.0095816 0.1224035 0.2120055 0.2124852 0.3402197 0.0761427 0.0982617 0.0779138 0.1790945 0.1923764 0.2685201 0.0820217 0.1157525 0.1597535 0.0904416 0.1259662 0.1076024 0.0768223 0.1235338 0.1286846 0.2008998 0.0000000 0.1999853 0.1028558 0.1318700 0.0154422 0.0095925 0.2061335 0.1615854 0.0207269 0.1605868 0.3258804 0.0364674 0.1902150 0.0726839 0.0954359 0.0353960 0.0071769 0.1400793 0.0988264 0.1717919 0.1345421 0.0357311 0.0901247 0.3311039 0.1712367 0.1913984 0.5705049 0.1236549 0.1224035 0.1101358 0.1292764 0.0064084 0.1242707 0.0029468 0.3126854 0.0809686 0.0308343 0.0375629 0.0636786 0.0145490 0.0782511 0.1452774 
Perityle_harkerae_31                       0.1353089 0.1007413 0.1464695 0.3469429 0.2855435 0.1993103 0.1203753 0.4306953 0.1375049 0.1804702 0.1695545 0.1844572 0.1309092 0.1688474 0.1751838 0.1197829 0.3666057 0.2158631 0.1336278 0.1592509 0.1726459 0.1206182 0.1607197 0.3198643 0.2409869 0.1790159 0.1617131 0.1746613 0.1537545 0.1820563 0.2364655 0.1586907 0.1203488 0.1352278 0.1862881 0.1976457 0.1969927 0.1734224 0.1279318 0.1253147 0.0139093 0.1999853 0.0000000 0.1778505 0.1293408 0.1664579 0.1728717 0.0102120 0.2480954 0.1656806 0.2210121 0.2442124 0.1730880 0.1530409 0.1554016 0.1411618 0.1653172 0.1681999 0.2608449 0.1391180 0.1453945 0.1091420 0.1672919 0.1575863 0.2376025 0.0609434 0.0655787 0.5503681 0.1400397 0.1206182 0.1993863 0.1305798 0.1030831 0.1157898 0.1406300 0.1698793 0.1727836 0.1636925 0.1802282 0.1134710 0.1784341 0.1595767 0.1717890 
Perityle_hofmeisteria_4_nombre_de_dios     0.1676136 0.0763238 0.1949650 0.3383476 0.2368892 0.2024261 0.1273196 0.4573008 0.1873214 0.1391680 0.0853874 0.0920161 0.1282424 0.0987698 0.1034426 0.2251893 0.4345691 0.1208045 0.1385845 0.0644323 0.1069415 0.2025823 0.2066526 0.2630919 0.3620028 0.1070789 0.1901993 0.0727576 0.1342461 0.2676307 0.3483161 0.0734389 0.1484404 0.1651197 0.0974775 0.3044852 0.0143427 0.0918155 0.1713803 0.1388680 0.2065248 0.1028558 0.1778505 0.0000000 0.1342231 0.1721937 0.1506716 0.2045439 0.2130210 0.1722477 0.2797807 0.3741309 0.0914331 0.1793214 0.0589334 0.0983989 0.1116823 0.1518342 0.1511432 0.1118597 0.1765159 0.1320597 0.1846716 0.1068815 0.4363322 0.1540369 0.2355698 0.5563770 0.1294330 0.2033896 0.1012172 0.2286959 0.0601329 0.1620147 0.0712427 0.3028614 0.0695782 0.0993153 0.0984118 0.0633211 0.0928257 0.0770049 0.1233468 
Perityle_huecosensis_48                    0.1330697 0.0648937 0.1459772 0.3249576 0.2468533 0.1800874 0.1197662 0.4280920 0.1360663 0.1184556 0.1162776 0.1272523 0.0290142 0.1145532 0.1226711 0.0235318 0.3675821 0.1538042 0.0378162 0.1030186 0.1128214 0.0290593 0.1060404 0.2025415 0.2851405 0.1213550 0.0999081 0.1280889 0.1777376 0.1795553 0.2377422 0.1187869 0.0225455 0.1280269 0.1364000 0.0896739 0.1405753 0.1185952 0.0272463 0.0276606 0.1381796 0.1318700 0.1293408 0.1342231 0.0000000 0.1215597 0.1181461 0.1422819 0.2363594 0.1131613 0.2188376 0.2958157 0.1287773 0.1529233 0.0981382 0.0765006 0.1213974 0.1127749 0.1745139 0.1309111 0.1457968 0.0711620 0.1136440 0.0944191 0.2772826 0.1064976 0.1296360 0.5517654 0.0262044 0.0290593 0.1593114 0.0371148 0.0810149 0.0230883 0.0896938 0.2448994 0.1271610 0.1141474 0.1274032 0.1168444 0.1176296 0.1247748 0.1505560 
