84
Amauria_brandeegeana_62                    0.0000000 0.2772183 0.5754956 0.6007427 0.5339117 0.0949318 0.4794902 0.2896463 0.5406843 0.5277095 0.3556005 0.3008058 0.4886817 0.5477330 0.3595988 0.3397167 0.1573071 0.4903222 0.5241525 0.3052636 0.4406816 0.2910266 0.4842391 0.2956548 0.4613368 0.3504488 0.5481802 0.5522387 0.3387514 0.4791445 0.5315076 0.2871383 0.5578631 0.4597818 0.0723495 0.5101124 0.3106176 0.5281626 0.3273333 0.5429172 0.5304666 0.4965854 0.3016692 0.4992386 0.5311596 0.3024621 0.2972529 0.2971287 0.5029504 0.2973321 0.5484876 0.5118562 0.3566358 0.4120193 0.5706919 0.4204344 0.4105197 0.5365302 0.2951383 0.5018876 0.3093709 0.2340865 0.3001319 0.5394063 0.3672452 0.2742310 0.2814387 0.0994823 0.2976899 0.2658380 0.5586065 0.2913207 0.4953784 0.5497434 0.2919819 0.2719118 0.5390825 0.5326251 0.3011796 0.4289674 0.2910534 0.5591368 0.1008911 0.5345212 
Amauria_carterae_99_mesa                   0.2772183 0.0000000 0.0674194 0.2226041 0.0467479 0.1707704 0.1071164 0.1112540 0.1378373 0.0610648 0.2265706 0.2122203 0.0546185 0.0608537 0.0496351 0.2425083 0.0638526 0.0579713 0.0865582 0.2208787 0.0608853 0.2039065 0.4661172 0.2039253 0.0683466 0.2173707 0.0744805 0.0614560 0.2385728 0.0610841 0.0546810 0.2201676 0.0610648 0.0483704 0.2807479 0.0643771 0.2211777 0.0662784 0.2421019 0.0650200 0.0714893 0.0610621 0.2039065 0.0610621 0.0595762 0.2039065 0.2039065 0.2076988 0.0611677 0.2039065 0.0545393 0.0611340 0.2176562 0.0546185 0.0576170 0.0777915 0.0692929 0.0717611 0.2039065 0.0660928 0.0841324 0.2387770 0.2158914 0.0629525 0.2211701 0.2510800 0.2598087 0.1812383 0.2089220 0.1973914 0.0579660 0.2041624 0.0717052 0.0948127 0.0685070 0.2555294 0.0728388 0.0545393 0.2159077 0.3489964 0.1989096 0.0860479 0.1754235 0.0828551 
Amauria_rotundifolia_SRR9119150            0.5754956 0.0674194 0.0000000 0.4943150 0.1074984 0.2090298 0.4126548 0.1235560 0.5036778 0.1066447 0.6682285 0.6093672 0.1453736 0.2595095 0.0981865 0.7879520 0.0610462 0.0771646 0.1139235 0.5808274 0.1575601 0.5742038 0.4566309 0.6020469 0.0679079 0.7359128 0.1445071 0.2848304 0.4859360 0.1003181 0.1152037 0.6187382 0.0924566 0.1108585 0.6956210 0.1755013 0.5752551 0.1229450 0.6608973 0.1513923 0.1375037 0.2061428 0.5717940 0.1717312 0.1203166 0.6041135 0.5871158 0.6035553 0.1789977 0.5007500 0.1923915 0.1360527 0.6865403 0.0954584 0.2328216 0.1186545 0.1449803 0.1474071 0.6035553 0.1374058 0.0877944 0.3158628 0.6107566 0.2957047 0.6890991 0.5767130 0.6070064 0.1641738 0.6083971 0.5828781 0.0895778 0.5999163 0.0820036 0.1545610 0.0793945 0.5634702 0.1369861 0.1696399 0.5551466 0.4593866 0.5952950 0.2482600 0.2254112 0.2752065 
Conoclinium_coelestinum_SRR9119114         0.6007427 0.2226041 0.4943150 0.0000000 0.4701234 0.2273682 0.3527906 0.1919658 0.5704242 0.4316362 0.5898178 0.5731438 0.3947334 0.4915151 0.2857834 0.5410399 0.1540797 0.4185999 0.4737830 0.5695074 0.3722703 0.5643001 0.4618590 0.5822572 0.4171111 0.6296079 0.4785467 0.5506628 0.5513421 0.3767971 0.4693780 0.5885220 0.4723069 0.4230070 0.6094997 0.4833884 0.5854348 0.4766130 0.5158845 0.4629389 0.4546410 0.4836001 0.5591030 0.4849827 0.4772083 0.5734198 0.5638263 0.5700923 0.4827564 0.5764644 0.4709343 0.4440219 0.6120451 0.3229662 0.5585519 0.3254732 0.2891976 0.4781762 0.5686363 0.4637519 0.2451855 0.3171274 0.5679868 0.5547744 0.6325747 0.5349718 0.5380072 0.1194458 0.5836548 0.5600842 0.4823039 0.5699374 0.4182794 0.4809680 0.2467577 0.5466548 0.4867192 0.4634504 0.5770826 0.4586965 0.5685814 0.5029407 0.2482116 0.5384665 
Eutetras_palmeri_63                        0.5339117 0.0467479 0.1074984 0.4701234 0.0000000 0.1805126 0.3483070 0.0898228 0.4467774 0.0930436 0.6013721 0.5068262 0.0461317 0.1739268 0.0313297 0.6323513 0.0277644 0.0638034 0.1112953 0.5103896 0.0436485 0.5100951 0.4081076 0.4987598 0.0660803 0.6209568 0.0733372 0.1948048 0.4564951 0.0852422 0.1152237 0.5189245 0.0928086 0.0891203 0.5993386 0.0805995 0.5172889 0.1115278 0.6083933 0.0673425 0.0650500 0.0809417 0.4743557 0.0834864 0.1059502 0.4973228 0.4999053 0.5095222 0.0809611 0.4576410 0.1509468 0.0571265 0.6104818 0.0287265 0.1887265 0.0607365 0.0918893 0.0650961 0.5095222 0.1087050 0.0559631 0.2687552 0.5056410 0.2075231 0.6072456 0.5071109 0.5201860 0.1340191 0.5172202 0.4756928 0.0873110 0.5061526 0.0480021 0.0734396 0.0408710 0.5082248 0.1188251 0.0513923 0.5101146 0.4346022 0.5099576 0.1820227 0.1978563 0.1702825 
Eutetras_pringlei_149_quer                 0.0949318 0.1707704 0.2090298 0.2273682 0.1805126 0.0000000 0.1962233 0.1807284 0.2318687 0.2037684 0.0416578 0.0588395 0.1916797 0.1987188 0.1916034 0.0473976 0.1409044 0.1987691 0.2015436 0.0707611 0.1913908 0.0558731 0.3098087 0.0588081 0.1259510 0.0331031 0.1954693 0.2413934 0.0901726 0.2077176 0.1921962 0.1005619 0.2037684 0.1355469 0.0857066 0.1917198 0.0768965 0.1983893 0.0360066 0.1846617 0.1812503 0.1817658 0.0558731 0.1885757 0.1950303 0.0588606 0.0587395 0.0587395 0.1889135 0.0587395 0.1908515 0.1994096 0.0388049 0.1916797 0.2381126 0.2064295 0.1961695 0.1855384 0.0558731 0.2413934 0.1465429 0.0319748 0.0559451 0.2381895 0.0359525 0.0624356 0.0690209 0.0949799 0.0619406 0.0588081 0.2042879 0.0530371 0.1886036 0.1919788 0.1592332 0.0624466 0.1716774 0.1881332 0.0588504 0.2277882 0.0587675 0.2021750 0.0358495 0.2496939 
Eutrochium_fistulosum_SRR9119106           0.4794902 0.1071164 0.4126548 0.3527906 0.3483070 0.1962233 0.0000000 0.1265860 0.4834717 0.3529236 0.5288415 0.4550771 0.2918832 0.3594880 0.2212721 0.5088896 0.0936510 0.3110814 0.3881646 0.4547433 0.2632805 0.4434788 0.4195424 0.4529439 0.2950594 0.5581595 0.3863840 0.4283269 0.4070145 0.2722591 0.3794056 0.4530932 0.3801980 0.2745809 0.4943295 0.3701793 0.4691942 0.3764994 0.4766211 0.3653151 0.3573397 0.3716925 0.4459178 0.3687408 0.3810969 0.4448557 0.4477670 0.4501663 0.3688354 0.4524979 0.3767722 0.3351135 0.5485752 0.2332135 0.4392842 0.2362167 0.1941143 0.3722354 0.4442644 0.3423211 0.1128760 0.2661462 0.4603494 0.4339581 0.5704614 0.4349924 0.4345292 0.1494482 0.4533533 0.4204467 0.3800129 0.4481650 0.2997466 0.3834561 0.1594757 0.4350643 0.3927861 0.3551657 0.4490040 0.4744380 0.4467376 0.4019132 0.2142812 0.4090274 
Galeana_pratensis_104_mex                  0.2896463 0.1112540 0.1235560 0.1919658 0.0898228 0.1807284 0.1265860 0.0000000 0.1733882 0.1209746 0.2273689 0.2187394 0.0956000 0.0983574 0.0943199 0.2504864 0.0940950 0.1184148 0.1281970 0.2259344 0.1065258 0.2118164 0.4334004 0.2188410 0.0974749 0.2191586 0.1105148 0.1332441 0.2293637 0.1210046 0.1156204 0.2440392 0.1209746 0.0836272 0.2859842 0.1068269 0.2227236 0.1128912 0.2434471 0.1078801 0.1106489 0.1067924 0.2118164 0.1067924 0.1098004 0.2121140 0.2118560 0.2149671 0.1069512 0.2118164 0.0982799 0.1014060 0.2195045 0.0956000 0.1381894 0.1161563 0.1063954 0.1139107 0.2118164 0.1358672 0.1091256 0.2254320 0.2187117 0.1390743 0.2160485 0.2502329 0.2512050 0.1436978 0.2094161 0.2188410 0.1212890 0.2120376 0.1165465 0.1195713 0.1122827 0.2502847 0.1175451 0.0954813 0.2211942 0.4095258 0.2076969 0.1210680 0.1977823 0.1453455 
Helianthus_annuus_SRR9119062               0.5406843 0.1378373 0.5036778 0.5704242 0.4467774 0.2318687 0.4834717 0.1733882 0.0000000 0.4367894 0.6321209 0.5588340 0.3901869 0.5217337 0.3278281 0.6198649 0.1312212 0.3910136 0.4721490 0.5571415 0.3615460 0.5469061 0.4162742 0.5523513 0.3510307 0.6638057 0.4781949 0.5058914 0.4911679 0.3573793 0.4816886 0.5738581 0.4649322 0.3371749 0.6271317 0.4911270 0.5505122 0.4685687 0.5880610 0.4689388 0.4695717 0.4905052 0.5397534 0.4881477 0.4701970 0.5464114 0.5465413 0.5541153 0.4831356 0.5171038 0.5122098 0.4133355 0.6406936 0.3087575 0.4986189 0.2891745 0.2911622 0.4748951 0.5514515 0.3887223 0.1196921 0.2706130 0.5493434 0.5093488 0.6388558 0.5667492 0.5532215 0.1574068 0.5586187 0.5301181 0.4590322 0.5522103 0.4182310 0.4755856 0.2033041 0.5544521 0.4719932 0.4381425 0.5653054 0.4384125 0.5552248 0.4820796 0.2251952 0.4902434 
Lycapsus_tenuifolius_17                    0.5277095 0.0610648 0.1066447 0.4316362 0.0930436 0.2037684 0.3529236 0.1209746 0.4367894 0.0000000 0.5965997 0.5901349 0.1357379 0.2347515 0.1058008 0.6588312 0.0550592 0.0636200 0.0747252 0.5412369 0.1486832 0.5164167 0.4369510 0.5806329 0.0651779 0.6350782 0.1487314 0.3073821 0.4111888 0.0157262 0.0676012 0.5593496 0.0012739 0.0583969 0.6062034 0.2100750 0.5255361 0.0685660 0.5333381 0.1554044 0.1462361 0.2049796 0.5559505 0.1631951 0.0718061 0.5746859 0.5382303 0.5876643 0.1777440 0.4433980 0.0933186 0.1288565 0.5786901 0.0951233 0.2359163 0.1182862 0.1379764 0.1432879 0.5787150 0.0956693 0.0665965 0.2952027 0.5884815 0.2991013 0.5312101 0.4864884 0.5246472 0.1548243 0.5558679 0.5594832 0.0380366 0.5805726 0.0845391 0.1568919 0.0797269 0.4688740 0.0756732 0.1696186 0.5282239 0.4396236 0.5482910 0.2415494 0.2174317 0.2595648 
Pericome_caudata_50_silver                 0.3556005 0.2265706 0.6682285 0.5898178 0.6013721 0.0416578 0.5288415 0.2273689 0.6321209 0.5965997 0.0000000 0.3244994 0.5324266 0.6221097 0.3448542 0.3738176 0.1487179 0.5271947 0.6027271 0.2761907 0.4820783 0.2807207 0.5719243 0.3124566 0.5055970 0.3528311 0.6491853 0.6606336 0.3954620 0.4659963 0.6231565 0.3108554 0.5867251 0.5236523 0.3965779 0.6314645 0.2869554 0.6163849 0.3139822 0.6384205 0.6138806 0.6050777 0.2378272 0.6077929 0.6273703 0.3174167 0.3156517 0.3199208 0.6216082 0.2993642 0.6879948 0.5722032 0.3159996 0.3866922 0.6263094 0.3652358 0.3842438 0.6193768 0.3141945 0.5825421 0.2722254 0.0866533 0.2875791 0.6615387 0.3727412 0.2952820 0.2856714 0.0995356 0.3935967 0.3059953 0.5977015 0.3175759 0.4894945 0.6256542 0.2391196 0.3136278 0.6439284 0.5993695 0.2795605 0.2966592 0.3232588 0.6977862 0.0392382 0.6735059 
Perityle_aglossa_84_dead_horse             0.3008058 0.2122203 0.6093672 0.5731438 0.5068262 0.0588395 0.4550771 0.2187394 0.5588340 0.5901349 0.3244994 0.0000000 0.4653659 0.5668668 0.3204143 0.3815283 0.1384277 0.4390099 0.5409511 0.0253355 0.4505878 0.0251110 0.4426153 0.0604581 0.4353982 0.2494434 0.6300660 0.6701051 0.1138495 0.4081318 0.6249667 0.1278884 0.5181558 0.4305165 0.3365836 0.5734088 0.0269734 0.5853027 0.3203173 0.6351297 0.5654415 0.5805141 0.0254113 0.5392932 0.6279066 0.0184463 0.0228126 0.0516268 0.5844160 0.0235759 0.6472503 0.4846113 0.2541961 0.3583613 0.5789061 0.3434251 0.3293607 0.5643816 0.0274230 0.5410647 0.2414287 0.0945437 0.0214855 0.6064786 0.2927794 0.1062531 0.1069055 0.0302988 0.0665447 0.0550783 0.5241502 0.0315819 0.4186548 0.5843124 0.2212171 0.1107485 0.6614267 0.5461047 0.0217827 0.2668576 0.0297951 0.5964193 0.0664714 0.5981087 
Perityle_ajoensis_204                      0.4886817 0.0546185 0.1453736 0.3947334 0.0461317 0.1916797 0.2918832 0.0956000 0.3901869 0.1357379 0.5324266 0.4653659 0.0000000 0.0950448 0.0088274 0.5118725 0.0299464 0.0704063 0.1546984 0.4775053 0.0165071 0.4709921 0.4360671 0.4732065 0.0562937 0.5210186 0.0603378 0.2307927 0.3583911 0.0890937 0.1323307 0.4681172 0.1293349 0.0169732 0.5180022 0.0870423 0.4716602 0.1414193 0.4727684 0.0520147 0.0536594 0.0861355 0.4716239 0.0876581 0.1379502 0.4585539 0.4632414 0.4704068 0.0831986 0.3945389 0.0839348 0.0197132 0.5112805 0.0053594 0.2455767 0.0519857 0.0776386 0.0383429 0.4704068 0.0986172 0.0573639 0.2700769 0.4715428 0.2425055 0.4636613 0.4456380 0.4639098 0.1494443 0.4630906 0.4434335 0.1269183 0.4659385 0.0543265 0.0562233 0.0231612 0.4230652 0.1538702 0.0155453 0.4744555 0.4281001 0.4684608 0.2168350 0.2056068 0.2389070 
Perityle_ambrosiifolia_67_green            0.5477330 0.0608537 0.2595095 0.4915151 0.1739268 0.1987188 0.3594880 0.0983574 0.5217337 0.2347515 0.6221097 0.5668668 0.0950448 0.0000000 0.0147122 0.6091378 0.0391335 0.2306955 0.2756922 0.5739057 0.0636486 0.5541592 0.5204760 0.5712742 0.2203101 0.6101767 0.1725406 0.4068330 0.4750764 0.1870198 0.2574508 0.5680962 0.2492873 0.2368636 0.6031718 0.2310685 0.5528933 0.2636934 0.5388567 0.1613495 0.1619785 0.2325209 0.5548147 0.2133126 0.2619804 0.5430983 0.5632179 0.5648185 0.2291278 0.4961094 0.2540852 0.1332146 0.5799829 0.0151237 0.3820093 0.0597661 0.0758089 0.1442759 0.5625289 0.2770335 0.0633187 0.2782629 0.5701822 0.4179708 0.5644216 0.5095979 0.5317774 0.1544397 0.5563104 0.5363590 0.2495573 0.5660481 0.1844711 0.1628323 0.0278507 0.4917233 0.2812012 0.1680948 0.5656203 0.4345244 0.5642883 0.3846121 0.2123518 0.4055144 
Perityle_angustifolia_13_Eagle_creek       0.3595988 0.0496351 0.0981865 0.2857834 0.0313297 0.1916034 0.2212721 0.0943199 0.3278281 0.1058008 0.3448542 0.3204143 0.0088274 0.0147122 0.0000000 0.3385324 0.0299325 0.0707319 0.1315926 0.3299829 0.0159613 0.3283800 0.3982715 0.3289796 0.0306125 0.3355826 0.0362099 0.2521576 0.1821792 0.0922143 0.1082801 0.3244063 0.1058008 0.0000010 0.3675636 0.0472626 0.3423061 0.1072881 0.3397789 0.0325778 0.0363764 0.0454538 0.3293750 0.0472902 0.1029718 0.3147595 0.3227256 0.3310864 0.0435756 0.2834467 0.0641609 0.0124459 0.3387916 0.0053065 0.2528474 0.0443933 0.0369317 0.0197778 0.3253903 0.1025530 0.0543195 0.1863076 0.3229499 0.2572842 0.3202644 0.3527472 0.3533693 0.1493498 0.3216707 0.3259458 0.1003752 0.3256909 0.0310108 0.0381979 0.0217330 0.3528083 0.1181605 0.0070554 0.3350122 0.3652089 0.3265619 0.2148278 0.2055304 0.2183415 
Perityle_batopilensis_97                   0.3397167 0.2425083 0.7879520 0.5410399 0.6323513 0.0473976 0.5088896 0.2504864 0.6198649 0.6588312 0.3738176 0.3815283 0.5118725 0.6091378 0.3385324 0.0000000 0.1565624 0.5609902 0.6338206 0.3622595 0.4856250 0.3722273 0.5278511 0.4069144 0.5650354 0.4164823 0.7563121 0.7504816 0.4128516 0.4647685 0.7081694 0.4169604 0.6146905 0.5501676 0.4616195 0.7209756 0.3580482 0.7402468 0.0339441 0.7487806 0.6870794 0.7199404 0.3437820 0.6981833 0.7513315 0.3813562 0.3895623 0.4118313 0.7038927 0.3307893 0.7482888 0.5601367 0.3972195 0.3931528 0.6784560 0.3829501 0.3872341 0.7088982 0.3881479 0.6811547 0.2783015 0.1191377 0.3914662 0.7318924 0.4103477 0.2959009 0.3006722 0.1095092 0.4004440 0.3986007 0.6346083 0.3858873 0.5221151 0.7031149 0.2484754 0.3014556 0.7829415 0.6300227 0.3687557 0.3016372 0.3945631 0.7705505 0.0420108 0.7430966 
Perityle_bisetosa_9                        0.1573071 0.0638526 0.0610462 0.1540797 0.0277644 0.1409044 0.0936510 0.0940950 0.1312212 0.0550592 0.1487179 0.1384277 0.0299464 0.0391335 0.0299325 0.1565624 0.0000000 0.0677113 0.0775303 0.1497688 0.0390947 0.1346539 0.3817916 0.1383354 0.0091397 0.1558059 0.0302982 0.0644279 0.1503724 0.0583361 0.0580751 0.1674903 0.0550592 0.0305295 0.1428515 0.0299835 0.1538784 0.0456082 0.1563955 0.0088816 0.0088859 0.0300167 0.1346539 0.0300167 0.0423926 0.1346539 0.1346539 0.1381429 0.0300674 0.1346539 0.0299037 0.0361933 0.1598544 0.0299464 0.0549031 0.0396896 0.0530259 0.0209210 0.1346539 0.0644279 0.0462719 0.1703710 0.1348668 0.0645061 0.1595743 0.1805506 0.1808402 0.1448787 0.1389023 0.1383354 0.0520922 0.1312455 0.0148801 0.0239745 0.0209210 0.1805924 0.0455326 0.0268903 0.1417154 0.3541892 0.1382258 0.0663044 0.1518384 0.0741921 
Perityle_californica_76_positas            0.4903222 0.0579713 0.0771646 0.4185999 0.0638034 0.1987691 0.3110814 0.1184148 0.3910136 0.0636200 0.5271947 0.4390099 0.0704063 0.2306955 0.0707319 0.5609902 0.0677113 0.0000000 0.0672806 0.4392519 0.0801514 0.4291233 0.4338022 0.4332790 0.0590531 0.5276810 0.0739302 0.0927279 0.4644194 0.0634721 0.0414980 0.4676901 0.0654573 0.1081387 0.5221332 0.0775793 0.4422800 0.0530911 0.5276303 0.0663497 0.0679214 0.0846475 0.4103754 0.0879554 0.0529735 0.4310632 0.4306801 0.4291233 0.0830531 0.4297824 0.1059853 0.0848321 0.5147342 0.0651389 0.0906269 0.0920780 0.1167164 0.0710736 0.4318344 0.0924147 0.0633721 0.2800452 0.4379830 0.1083401 0.5323371 0.4354585 0.4476075 0.1540235 0.4388710 0.4005419 0.0706502 0.4309760 0.0746455 0.0822701 0.0785514 0.4414045 0.0677673 0.0777154 0.4421154 0.4129897 0.4319763 0.0641908 0.2057934 0.1064799 
Perityle_canescens_77                      0.5241525 0.0865582 0.1139235 0.4737830 0.1112953 0.2015436 0.3881646 0.1281970 0.4721490 0.0747252 0.6027271 0.5409511 0.1546984 0.2756922 0.1315926 0.6338206 0.0775303 0.0672806 0.0000000 0.5518278 0.1664231 0.5443102 0.4594308 0.5390447 0.0733536 0.5978202 0.1439303 0.1989740 0.4523992 0.0790604 0.0693167 0.5500010 0.0763780 0.0787852 0.5891869 0.1549857 0.5551088 0.0535421 0.5767263 0.1402431 0.1453901 0.1699756 0.5384178 0.1729448 0.0534630 0.5401215 0.5372673 0.5387482 0.1668563 0.4651484 0.0902612 0.1565015 0.5923112 0.1171596 0.2272292 0.1308690 0.1489676 0.1495860 0.5436520 0.0742671 0.0725981 0.2729105 0.5410341 0.2176754 0.5427930 0.5154956 0.5566047 0.1592779 0.5519488 0.5129230 0.0793408 0.5390311 0.0898201 0.1582434 0.1072656 0.4932575 0.0699546 0.1518467 0.5378161 0.4056796 0.5403899 0.2097654 0.2070698 0.2191136 
Perityle_castillonii_96                    0.3052636 0.2208787 0.5808274 0.5695074 0.5103896 0.0707611 0.4547433 0.2259344 0.5571415 0.5412369 0.2761907 0.0253355 0.4775053 0.5739057 0.3299829 0.3622595 0.1497688 0.4392519 0.5518278 0.0000000 0.4589308 0.0247350 0.4268049 0.0231098 0.4405120 0.2310817 0.5612520 0.5786854 0.1244783 0.4135454 0.5707238 0.1120426 0.5291418 0.4278136 0.3045980 0.5487620 0.0130995 0.5532001 0.3120773 0.5699841 0.5587947 0.5392664 0.0251595 0.5294180 0.5538245 0.0209822 0.0252352 0.0284411 0.5482331 0.0276376 0.5769284 0.4880798 0.2409687 0.3703466 0.5714861 0.3492166 0.3485641 0.5625962 0.0263045 0.4927250 0.2606226 0.1082452 0.0252780 0.5753043 0.2718942 0.1076646 0.1047332 0.0084742 0.0793750 0.0251239 0.5296593 0.0263278 0.4176723 0.5769269 0.2308985 0.1135631 0.5810126 0.5392126 0.0255692 0.2748670 0.0296732 0.5949404 0.0750175 0.5856476 
Perityle_cernua_84                         0.4406816 0.0608853 0.1575601 0.3722703 0.0436485 0.1913908 0.2632805 0.1065258 0.3615460 0.1486832 0.4820783 0.4505878 0.0165071 0.0636486 0.0159613 0.4856250 0.0390947 0.0801514 0.1664231 0.4589308 0.0000000 0.4499057 0.4244783 0.4514121 0.0513184 0.4709145 0.0601957 0.2590703 0.2939682 0.0992430 0.1464893 0.4433082 0.1402778 0.0236581 0.4922545 0.1088140 0.4423878 0.1552418 0.4463900 0.0529050 0.0546047 0.1035159 0.4534906 0.1035196 0.1537157 0.4363920 0.4434525 0.4486016 0.1003693 0.3590027 0.1001713 0.0273128 0.4627895 0.0148519 0.2704563 0.0616916 0.0879821 0.0344049 0.4458698 0.1147345 0.0724789 0.2695290 0.4597664 0.2652893 0.4000188 0.4049835 0.4240960 0.1648880 0.4387830 0.4201842 0.1357539 0.4462481 0.0500505 0.0529731 0.0254890 0.3803965 0.1669013 0.0349370 0.4527180 0.4308729 0.4464991 0.2537192 0.2053117 0.2713489 
Perityle_cfvillosa_25_tin                  0.2910266 0.2039065 0.5742038 0.5643001 0.5100951 0.0558731 0.4434788 0.2118164 0.5469061 0.5164167 0.2807207 0.0251110 0.4709921 0.5541592 0.3283800 0.3722273 0.1346539 0.4291233 0.5443102 0.0247350 0.4499057 0.0000000 0.4312018 0.0250728 0.4225416 0.2590806 0.5531802 0.5715149 0.1074900 0.3976010 0.5497423 0.1044662 0.5136128 0.4199703 0.3123120 0.5320398 0.0291092 0.5378813 0.3182904 0.5457521 0.5389913 0.5283571 0.0091814 0.5302211 0.5424119 0.0220015 0.0189586 0.0059258 0.5327561 0.0260419 0.5827222 0.4854582 0.2533319 0.3676718 0.5752408 0.3503387 0.3370018 0.5476813 0.0039464 0.4930806 0.2434351 0.0904454 0.0240440 0.5683351 0.2923137 0.1082682 0.1042493 0.0258545 0.0579890 0.0270951 0.5165007 0.0179685 0.4109671 0.5515599 0.2169375 0.1124709 0.5742947 0.5205231 0.0256406 0.2577599 0.0069527 0.5821791 0.0608622 0.5736094 
Perityle_cinerea_113_Powell1310            0.4842391 0.4661172 0.4566309 0.4618590 0.4081076 0.3098087 0.4195424 0.4334004 0.4162742 0.4369510 0.5719243 0.4426153 0.4360671 0.5204760 0.3982715 0.5278511 0.3817916 0.4338022 0.4594308 0.4268049 0.4244783 0.4312018 0.0000000 0.4403890 0.4310166 0.5507681 0.4160987 0.4411181 0.4386717 0.4255096 0.4734664 0.4727745 0.4441708 0.4382689 0.4872740 0.4396846 0.4321024 0.4411561 0.4838031 0.4240437 0.4244887 0.4479212 0.4312018 0.4417440 0.4336506 0.4312018 0.4375347 0.4312018 0.4417440 0.4322470 0.4445725 0.4688584 0.5583641 0.4179802 0.4314195 0.4098919 0.4933740 0.4443129 0.4312018 0.4457523 0.4492263 0.4018449 0.4183108 0.4672924 0.5422201 0.4499810 0.4627077 0.1828534 0.4403556 0.4371002 0.4304174 0.4438349 0.4448125 0.4005935 0.4340387 0.4557549 0.4271857 0.4490865 0.4362300 0.4226451 0.4348277 0.4315120 0.3736149 0.4603305 
Perityle_coahuilensis_24                   0.2956548 0.2039253 0.6020469 0.5822572 0.4987598 0.0588081 0.4529439 0.2188410 0.5523513 0.5806329 0.3124566 0.0604581 0.4732065 0.5712742 0.3289796 0.4069144 0.1383354 0.4332790 0.5390447 0.0231098 0.4514121 0.0250728 0.4403890 0.0000000 0.4262460 0.3146397 0.6538665 0.6979615 0.1174067 0.4043171 0.6156892 0.1368457 0.5141742 0.4214919 0.3593294 0.5656387 0.0280274 0.5869776 0.3191034 0.6586347 0.5578496 0.5638910 0.0365341 0.5370979 0.6619294 0.0423265 0.0290970 0.0737819 0.5871385 0.0222599 0.6562918 0.4865986 0.2461449 0.3683179 0.5673964 0.3454217 0.3438134 0.5597570 0.0722689 0.5574410 0.2519794 0.0975369 0.0848557 0.6228301 0.2892854 0.1075347 0.1039189 0.0302743 0.0723698 0.0106320 0.5223968 0.0856249 0.4118618 0.5798517 0.2236258 0.1105892 0.6839197 0.5379675 0.0196428 0.2659241 0.0458876 0.5872501 0.0636533 0.5837721 
Perityle_congesta_202                      0.4613368 0.0683466 0.0679079 0.4171111 0.0660803 0.1259510 0.2950594 0.0974749 0.3510307 0.0651779 0.5055970 0.4353982 0.0562937 0.2203101 0.0306125 0.5650354 0.0091397 0.0590531 0.0733536 0.4405120 0.0513184 0.4225416 0.4310166 0.4262460 0.0000000 0.5406430 0.0403305 0.0692630 0.4686640 0.0672480 0.0797038 0.4561434 0.0651765 0.1014770 0.5293298 0.0624209 0.4383359 0.0638261 0.5382977 0.0140682 0.0131804 0.0626866 0.3758532 0.0658705 0.0575156 0.4311058 0.4215641 0.4225416 0.0611382 0.4087194 0.1390546 0.0667378 0.5281746 0.0367475 0.0533092 0.0426873 0.1078018 0.0169303 0.4253162 0.0714245 0.0573073 0.2498816 0.4258474 0.0777625 0.5421133 0.4200690 0.4346522 0.1445371 0.4328644 0.3959958 0.0636635 0.4263886 0.0083371 0.0240780 0.0105036 0.4257914 0.0768344 0.0621522 0.4293331 0.3907741 0.4272443 0.0678999 0.1425935 0.0699859 
Perityle_cordifolia_27                     0.3504488 0.2173707 0.7359128 0.6296079 0.6209568 0.0331031 0.5581595 0.2191586 0.6638057 0.6350782 0.3528311 0.2494434 0.5210186 0.6101767 0.3355826 0.4164823 0.1558059 0.5276810 0.5978202 0.2310817 0.4709145 0.2590806 0.5507681 0.3146397 0.5406430 0.0000000 0.7286595 0.8016949 0.3637862 0.4391073 0.7078201 0.2765974 0.5942599 0.4945763 0.3921640 0.6785869 0.2560394 0.6907219 0.3319271 0.7328782 0.6579731 0.6791708 0.1987297 0.6395274 0.7222205 0.2577861 0.2750608 0.2830928 0.6603430 0.2600865 0.7167981 0.5394813 0.0123317 0.3818893 0.6566407 0.3632323 0.3582613 0.6684906 0.2432017 0.6490844 0.2534665 0.0029781 0.2320150 0.7435326 0.0203794 0.3189349 0.3049354 0.1043382 0.3390079 0.3060952 0.5947120 0.2474301 0.4776493 0.6936761 0.2250871 0.3270852 0.7451032 0.5988465 0.2391007 0.2262300 0.2691184 0.7128753 0.0264109 0.6719711 
Perityle_cordifolia_68_tecolote            0.5481802 0.0744805 0.1445071 0.4785467 0.0733372 0.1954693 0.3863840 0.1105148 0.4781949 0.1487314 0.6491853 0.6300660 0.0603378 0.1725406 0.0362099 0.7563121 0.0302982 0.0739302 0.1439303 0.5612520 0.0601957 0.5531802 0.4160987 0.6538665 0.0403305 0.7286595 0.0000000 0.2819235 0.4764949 0.1034823 0.1462140 0.6009504 0.1303428 0.1041004 0.7234628 0.1470908 0.5520138 0.1395074 0.6405527 0.0722252 0.0430163 0.1310809 0.5541487 0.1050749 0.1630175 0.6134075 0.6081636 0.6370351 0.1301425 0.4824273 0.2453813 0.0646772 0.6486931 0.0366527 0.2113936 0.0107890 0.1052105 0.0469900 0.6392100 0.1278222 0.0821514 0.2809001 0.6060214 0.2502797 0.6393144 0.5780083 0.6142448 0.1441394 0.5929220 0.6233440 0.1271716 0.6478013 0.0413751 0.0561876 0.0305632 0.5926182 0.1680825 0.0952008 0.5598020 0.4390672 0.6056564 0.2201617 0.2058594 0.2471826 
Perityle_coronopifolia_28_patagonia        0.5522387 0.0614560 0.2848304 0.5506628 0.1948048 0.2413934 0.4283269 0.1332441 0.5058914 0.3073821 0.6606336 0.6701051 0.2307927 0.4068330 0.2521576 0.7504816 0.0644279 0.0927279 0.1989740 0.5786854 0.2590703 0.5715149 0.4411181 0.6979615 0.0692630 0.8016949 0.2819235 0.0000000 0.4825286 0.1539692 0.2560821 0.6600269 0.1971442 0.1110641 0.7777677 0.2858154 0.5717479 0.2434488 0.6591302 0.2762254 0.2420878 0.2790317 0.5788637 0.2381451 0.2438766 0.6643000 0.6270910 0.6669409 0.2373438 0.5313315 0.3684480 0.2266211 0.6791496 0.2267127 0.0593778 0.2175525 0.2180530 0.2293899 0.6921933 0.0145047 0.0436808 0.2619101 0.6639159 0.0147331 0.7057876 0.6012399 0.6350324 0.1591789 0.6281394 0.6634655 0.1869991 0.6863508 0.1309860 0.2526879 0.1259641 0.6153148 0.2461875 0.2523809 0.5771756 0.4198649 0.6428877 0.1991797 0.2387043 0.1464250 
Perityle_crassifolia_70_ventanas           0.3387514 0.2385728 0.4859360 0.5513421 0.4564951 0.0901726 0.4070145 0.2293637 0.4911679 0.4111888 0.3954620 0.1138495 0.3583911 0.4750764 0.1821792 0.4128516 0.1503724 0.4644194 0.4523992 0.1244783 0.2939682 0.1074900 0.4386717 0.1174067 0.4686640 0.3637862 0.4764949 0.4825286 0.0000000 0.3690631 0.4717532 0.1207715 0.4431771 0.4778081 0.3826717 0.4462684 0.1215611 0.4596766 0.4112607 0.4666725 0.4664526 0.4487423 0.1082593 0.4516950 0.4571995 0.1074257 0.1113807 0.1075066 0.4529261 0.1094749 0.4807158 0.4154407 0.3598354 0.2623622 0.4632269 0.2662207 0.2962688 0.4717632 0.1094679 0.4808482 0.2782472 0.1264741 0.1194169 0.4765556 0.3738908 0.1546405 0.1500321 0.0996837 0.1178035 0.1174939 0.4523503 0.1132657 0.4400356 0.4794146 0.2017748 0.1522239 0.4612910 0.4389141 0.1243800 0.2544782 0.1144084 0.4894882 0.0955207 0.4459959 
Perityle_crassifolia_74_playa_balandra     0.4791445 0.0610841 0.1003181 0.3767971 0.0852422 0.2077176 0.2722591 0.1210046 0.3573793 0.0157262 0.4659963 0.4081318 0.0890937 0.1870198 0.0922143 0.4647685 0.0583361 0.0634721 0.0790604 0.4135454 0.0992430 0.3976010 0.4255096 0.4043171 0.0672480 0.4391073 0.1034823 0.1539692 0.3690631 0.0000000 0.0632724 0.4236272 0.0157262 0.0516779 0.4875021 0.0921392 0.4097327 0.0700371 0.4422890 0.0948382 0.0949937 0.0980775 0.4016062 0.1018256 0.0716022 0.4015535 0.3926318 0.4005077 0.0944789 0.4006118 0.0699978 0.0928945 0.4305308 0.0872524 0.1615491 0.1182368 0.1422045 0.0987257 0.4005077 0.0975539 0.0664742 0.2864376 0.4093584 0.1653169 0.4502217 0.3933435 0.3979806 0.1655173 0.4072442 0.3676756 0.0417079 0.3955327 0.0873635 0.1092083 0.0873488 0.3967428 0.0794565 0.0856334 0.4187821 0.4244023 0.3951047 0.1205111 0.2212365 0.1516397 
Perityle_cuneata_34_cuneata_San_antonio    0.5315076 0.0546810 0.1152037 0.4693780 0.1152237 0.1921962 0.3794056 0.1156204 0.4816886 0.0676012 0.6231565 0.6249667 0.1323307 0.2574508 0.1082801 0.7081694 0.0580751 0.0414980 0.0693167 0.5707238 0.1464893 0.5497423 0.4734664 0.6156892 0.0797038 0.7078201 0.1462140 0.2560821 0.4717532 0.0632724 0.0000000 0.5877029 0.0640777 0.1036481 0.6912893 0.1961759 0.5562559 0.0815554 0.6024291 0.1323533 0.1336661 0.2119775 0.5604180 0.1735839 0.0837363 0.6244899 0.6045561 0.6224479 0.1826871 0.4831791 0.1808373 0.1298001 0.6542219 0.0950274 0.2249081 0.1097708 0.1309655 0.1386957 0.6244527 0.1121726 0.0602950 0.2873552 0.5900022 0.2802344 0.6208896 0.5749583 0.6156502 0.1592175 0.6158240 0.5991168 0.0708744 0.6214340 0.0786866 0.1491589 0.0770455 0.5774549 0.0909853 0.1608195 0.5500983 0.4216623 0.6169418 0.2174338 0.1995578 0.2551510 
Perityle_cuneata_4                         0.2871383 0.2201676 0.6187382 0.5885220 0.5189245 0.1005619 0.4530932 0.2440392 0.5738581 0.5593496 0.3108554 0.1278884 0.4681172 0.5680962 0.3244063 0.4169604 0.1674903 0.4676901 0.5500010 0.1120426 0.4433082 0.1044662 0.4727745 0.1368457 0.4561434 0.2765974 0.6009504 0.6600269 0.1207715 0.4236272 0.5877029 0.0000000 0.5267345 0.4413450 0.2709740 0.5930336 0.1192718 0.5781200 0.3553716 0.6137467 0.5591518 0.5824190 0.1096590 0.5580745 0.5905816 0.1161954 0.1107177 0.1305551 0.5700297 0.1053285 0.6093303 0.4938345 0.2901761 0.3607067 0.6038692 0.3567202 0.3496283 0.5760748 0.1220088 0.5372401 0.2556438 0.1113466 0.1297911 0.6345313 0.3206631 0.1399648 0.1358959 0.0948136 0.1609829 0.1337458 0.5331930 0.1288335 0.4332825 0.5828097 0.2335586 0.1455879 0.6140128 0.5377238 0.1138998 0.3010272 0.1124557 0.6223021 0.0973635 0.5958758 
Perityle_discoidea_81                      0.5578631 0.0610648 0.0924566 0.4723069 0.0928086 0.2037684 0.3801980 0.1209746 0.4649322 0.0012739 0.5867251 0.5181558 0.1293349 0.2492873 0.1058008 0.6146905 0.0550592 0.0654573 0.0763780 0.5291418 0.1402778 0.5136128 0.4441708 0.5141742 0.0651765 0.5942599 0.1303428 0.1971442 0.4431771 0.0157262 0.0640777 0.5267345 0.0000000 0.0626145 0.5818068 0.1243106 0.5290461 0.0651005 0.5797829 0.1235657 0.1281081 0.1380712 0.5105127 0.1380824 0.0677485 0.5146486 0.5067021 0.5130014 0.1336926 0.4650768 0.0692977 0.1296912 0.5850411 0.0951233 0.2017782 0.1182862 0.1379764 0.1298308 0.5130014 0.0968483 0.0665965 0.2952027 0.5179310 0.2114476 0.5647552 0.5101959 0.5250780 0.1548243 0.5235777 0.4871557 0.0422200 0.5074782 0.0831627 0.1382389 0.0797269 0.4941410 0.0751775 0.1286762 0.5231303 0.4396236 0.5108898 0.1968617 0.2174317 0.1976166 
Perityle_dissecta_201                      0.4597818 0.0483704 0.1108585 0.4230070 0.0891203 0.1355469 0.2745809 0.0836272 0.3371749 0.0583969 0.5236523 0.4305165 0.0169732 0.2368636 0.0000010 0.5501676 0.0305295 0.1081387 0.0787852 0.4278136 0.0236581 0.4199703 0.4382689 0.4214919 0.1014770 0.4945763 0.1041004 0.1110641 0.4778081 0.0516779 0.1036481 0.4413450 0.0626145 0.0000000 0.4857023 0.1087007 0.4310991 0.1075814 0.5104491 0.1006198 0.1008911 0.1150671 0.3950106 0.1188160 0.1055450 0.4210920 0.4186410 0.4199703 0.1132823 0.4151719 0.0183344 0.0267426 0.4864926 0.0126952 0.1178931 0.0470133 0.0799408 0.1024919 0.4228781 0.1128116 0.0544021 0.2741786 0.4303892 0.1238755 0.4961807 0.4104146 0.4150702 0.1493498 0.4250701 0.3886608 0.0721137 0.4190198 0.0749567 0.1152976 0.0289295 0.4138937 0.1162104 0.0237828 0.4281217 0.4180288 0.4229852 0.1186806 0.1447153 0.0885555 
Perityle_emoryi_47_punta_san_jose          0.0723495 0.2807479 0.6956210 0.6094997 0.5993386 0.0857066 0.4943295 0.2859842 0.6271317 0.6062034 0.3965779 0.3365836 0.5180022 0.6031718 0.3675636 0.4616195 0.1428515 0.5221332 0.5891869 0.3045980 0.4922545 0.3123120 0.4872740 0.3593294 0.5293298 0.3921640 0.7234628 0.7777677 0.3826717 0.4875021 0.6912893 0.2709740 0.5818068 0.4857023 0.0000000 0.6524006 0.3242562 0.6564554 0.3763306 0.7406438 0.6269248 0.6457790 0.2704160 0.6419953 0.7172057 0.3383014 0.3399793 0.3490574 0.6816622 0.3328869 0.7480980 0.5252984 0.3935378 0.4160065 0.6571903 0.4112581 0.4120517 0.6591770 0.3249767 0.6524317 0.3175936 0.2300213 0.3097743 0.7074258 0.4637963 0.3505522 0.3366714 0.0849207 0.4045148 0.3335540 0.5828815 0.3324871 0.5115824 0.6495858 0.2825728 0.3527254 0.7319883 0.5874338 0.2998629 0.4429780 0.3330093 0.6855877 0.1008241 0.6613423 
Perityle_feddemae_99                       0.5101124 0.0643771 0.1755013 0.4833884 0.0805995 0.1917198 0.3701793 0.1068269 0.4911270 0.2100750 0.6314645 0.5734088 0.0870423 0.2310685 0.0472626 0.7209756 0.0299835 0.0775793 0.1549857 0.5487620 0.1088140 0.5320398 0.4396846 0.5656387 0.0624209 0.6785869 0.1470908 0.2858154 0.4462684 0.0921392 0.1961759 0.5930336 0.1243106 0.1087007 0.6524006 0.0000000 0.5363575 0.2018339 0.6166260 0.1520789 0.1151095 0.0654932 0.5255445 0.0477621 0.1977534 0.5604768 0.5375530 0.5774226 0.0525190 0.4619853 0.2315351 0.0819690 0.6304333 0.0572265 0.2295340 0.0782210 0.1134219 0.1141714 0.5676075 0.1174973 0.0631145 0.2414212 0.5697483 0.2824809 0.5961487 0.5361208 0.5565344 0.1394757 0.5269046 0.5600528 0.1238198 0.5715312 0.0581603 0.1260123 0.0457505 0.5166380 0.2134088 0.1138361 0.5414811 0.4002594 0.5406078 0.2438557 0.2158583 0.2529553 
Perityle_fosteri_93                        0.3106176 0.2211777 0.5752551 0.5854348 0.5172889 0.0768965 0.4691942 0.2227236 0.5505122 0.5255361 0.2869554 0.0269734 0.4716602 0.5528933 0.3423061 0.3580482 0.1538784 0.4422800 0.5551088 0.0130995 0.4423878 0.0291092 0.4321024 0.0280274 0.4383359 0.2560394 0.5520138 0.5717479 0.1215611 0.4097327 0.5562559 0.1192718 0.5290461 0.4310991 0.3242562 0.5363575 0.0000000 0.5435219 0.3249552 0.5452256 0.5386463 0.5363262 0.0299400 0.5392546 0.5432709 0.0247179 0.0290835 0.0323750 0.5419457 0.0312114 0.5837046 0.4948783 0.2640917 0.3814601 0.5706441 0.3558345 0.3545941 0.5428920 0.0301816 0.4950223 0.2609714 0.1119196 0.0269233 0.5684415 0.2912760 0.1084064 0.1057456 0.0042153 0.0565989 0.0291936 0.5349311 0.0291064 0.4207571 0.5495466 0.2341287 0.1127709 0.5757530 0.5109598 0.0285703 0.2787898 0.0325510 0.5876648 0.0808486 0.5696543 
Perityle_gamon_221                         0.5281626 0.0662784 0.1229450 0.4766130 0.1115278 0.1983893 0.3764994 0.1128912 0.4685687 0.0685660 0.6163849 0.5853027 0.1414193 0.2636934 0.1072881 0.7402468 0.0456082 0.0530911 0.0535421 0.5532001 0.1552418 0.5378813 0.4411561 0.5869776 0.0638261 0.6907219 0.1395074 0.2434488 0.4596766 0.0700371 0.0815554 0.5781200 0.0651005 0.1075814 0.6564554 0.2018339 0.5435219 0.0000000 0.6200688 0.1459049 0.1346902 0.1950002 0.5397104 0.1568995 0.0102090 0.5795291 0.5540864 0.6000346 0.1699479 0.4792355 0.1830437 0.1348755 0.6387150 0.1001466 0.1939116 0.1163057 0.1227505 0.1300619 0.5858834 0.0766535 0.0455681 0.2631063 0.5886801 0.2361635 0.6315845 0.5247377 0.5634153 0.1539047 0.5743966 0.5685623 0.0680868 0.5854934 0.0748130 0.1449127 0.0731625 0.5093386 0.0579689 0.1732036 0.5345003 0.4040191 0.5675761 0.2039412 0.2119670 0.2133729 
Perityle_gentryi_8_san_francisco           0.3273333 0.2421019 0.6608973 0.5158845 0.6083933 0.0360066 0.4766211 0.2434471 0.5880610 0.5333381 0.3139822 0.3203173 0.4727684 0.5388567 0.3397789 0.0339441 0.1563955 0.5276303 0.5767263 0.3120773 0.4463900 0.3182904 0.4838031 0.3191034 0.5382977 0.3319271 0.6405527 0.6591302 0.4112607 0.4422890 0.6024291 0.3553716 0.5797829 0.5104491 0.3763306 0.6166260 0.3249552 0.6200688 0.0000000 0.6216387 0.6148174 0.6108876 0.2745131 0.6158573 0.6213182 0.3216186 0.3200120 0.3251650 0.6135609 0.3159566 0.6166402 0.5272966 0.3403269 0.3813677 0.6532880 0.3765701 0.3802924 0.6104155 0.3196655 0.6126624 0.2723184 0.1004616 0.3249502 0.6612527 0.3553773 0.2763739 0.2674680 0.0996944 0.3261583 0.3094087 0.5979672 0.3195531 0.4937574 0.6249606 0.2479675 0.2835731 0.6346877 0.5541744 0.3129605 0.2809412 0.3224701 0.6719303 0.0366318 0.6321287 
Perityle_gilensis_22_Superstition          0.5429172 0.0650200 0.1513923 0.4629389 0.0673425 0.1846617 0.3653151 0.1078801 0.4689388 0.1554044 0.6384205 0.6351297 0.0520147 0.1613495 0.0325778 0.7487806 0.0088816 0.0663497 0.1402431 0.5699841 0.0529050 0.5457521 0.4240437 0.6586347 0.0140682 0.7328782 0.0722252 0.2762254 0.4666725 0.0948382 0.1323533 0.6137467 0.1235657 0.1006198 0.7406438 0.1520789 0.5452256 0.1459049 0.6216387 0.0000000 0.0297451 0.1430157 0.5595055 0.1010591 0.1417465 0.6236612 0.6130337 0.6494609 0.1079040 0.4641825 0.2505400 0.0605066 0.6422437 0.0366924 0.2070646 0.0427707 0.0927677 0.0292266 0.6482597 0.1008066 0.0601704 0.2534168 0.6076636 0.2622107 0.6223366 0.5705032 0.6091374 0.1391698 0.5866721 0.6358511 0.1205145 0.6533827 0.0144349 0.0264365 0.0208119 0.5861092 0.1594232 0.0902604 0.5581741 0.4197846 0.6148176 0.2082760 0.2053785 0.2480247 
Perityle_gilensis_salensis_225             0.5304666 0.0714893 0.1375037 0.4546410 0.0650500 0.1812503 0.3573397 0.1106489 0.4695717 0.1462361 0.6138806 0.5654415 0.0536594 0.1619785 0.0363764 0.6870794 0.0088859 0.0679214 0.1453901 0.5587947 0.0546047 0.5389913 0.4244887 0.5578496 0.0131804 0.6579731 0.0430163 0.2420878 0.4664526 0.0949937 0.1336661 0.5591518 0.1281081 0.1008911 0.6269248 0.1151095 0.5386463 0.1346902 0.6148174 0.0297451 0.0000000 0.1299141 0.5395856 0.0999877 0.1309779 0.5579895 0.5542659 0.5625519 0.1095739 0.4653427 0.1871463 0.0649293 0.6200347 0.0368710 0.2066731 0.0467628 0.0970397 0.0296499 0.5625519 0.1003433 0.0603622 0.2544503 0.5649489 0.2568592 0.5893230 0.5193641 0.5393656 0.1392876 0.5494502 0.5401250 0.1236221 0.5616598 0.0188326 0.0417478 0.0255296 0.5034871 0.1477375 0.0907704 0.5475022 0.4215327 0.5559132 0.2205567 0.2020886 0.2472886 
Perityle_glaucescens_94                    0.4965854 0.0610621 0.2061428 0.4836001 0.0809417 0.1817658 0.3716925 0.1067924 0.4905052 0.2049796 0.6050777 0.5805141 0.0861355 0.2325209 0.0454538 0.7199404 0.0300167 0.0846475 0.1699756 0.5392664 0.1035159 0.5283571 0.4479212 0.5638910 0.0626866 0.6791708 0.1310809 0.2790317 0.4487423 0.0980775 0.2119775 0.5824190 0.1380712 0.1150671 0.6457790 0.0654932 0.5363262 0.1950002 0.6108876 0.1430157 0.1299141 0.0000000 0.5541345 0.0090889 0.1905342 0.5754879 0.5647527 0.5843093 0.0069031 0.4595800 0.2662549 0.0797039 0.6237625 0.0505105 0.2319267 0.0724573 0.0965359 0.1168513 0.5823267 0.1218504 0.0637251 0.2151988 0.5805186 0.2890632 0.5888826 0.5201619 0.5426398 0.1448018 0.5492603 0.5536865 0.1331993 0.5822025 0.0665639 0.1473201 0.0383357 0.5009232 0.2073220 0.1318236 0.5446391 0.3824575 0.5688747 0.2408298 0.2026385 0.2675645 
Perityle_gracilis_11                       0.3016692 0.2039065 0.5717940 0.5591030 0.4743557 0.0558731 0.4459178 0.2118164 0.5397534 0.5559505 0.2378272 0.0254113 0.4716239 0.5548147 0.3293750 0.3437820 0.1346539 0.4103754 0.5384178 0.0251595 0.4534906 0.0091814 0.4312018 0.0365341 0.3758532 0.1987297 0.5541487 0.5788637 0.1082593 0.4016062 0.5604180 0.1096590 0.5105127 0.3950106 0.2704160 0.5255445 0.0299400 0.5397104 0.2745131 0.5595055 0.5395856 0.5541345 0.0000000 0.5114859 0.5428835 0.0218857 0.0174743 0.0097542 0.5338859 0.0309304 0.5670393 0.4861025 0.2052090 0.3687320 0.5550464 0.3513564 0.3344593 0.5330384 0.0075778 0.4382423 0.2434351 0.0904454 0.0275012 0.5779625 0.2374887 0.1106603 0.1088429 0.0258545 0.0767686 0.0380898 0.5107641 0.0163700 0.4098897 0.5665109 0.2176060 0.1141057 0.5661935 0.5387345 0.0273802 0.2577599 0.0120099 0.5674074 0.0608622 0.5916471 
Perityle_harkerae_31                       0.4992386 0.0610621 0.1717312 0.4849827 0.0834864 0.1885757 0.3687408 0.1067924 0.4881477 0.1631951 0.6077929 0.5392932 0.0876581 0.2133126 0.0472902 0.6981833 0.0300167 0.0879554 0.1729448 0.5294180 0.1035196 0.5302211 0.4417440 0.5370979 0.0658705 0.6395274 0.1050749 0.2381451 0.4516950 0.1018256 0.1735839 0.5580745 0.1380824 0.1188160 0.6419953 0.0477621 0.5392546 0.1568995 0.6158573 0.1010591 0.0999877 0.0090889 0.5114859 0.0000000 0.1557280 0.5284932 0.5339378 0.5430598 0.0077677 0.4617661 0.2511637 0.0812459 0.6274084 0.0486972 0.2334215 0.0724594 0.1008686 0.1003768 0.5411105 0.1293377 0.0637251 0.2235569 0.5309514 0.2487605 0.6030148 0.5485569 0.5704572 0.1448018 0.5406959 0.5247202 0.1331174 0.5366020 0.0681706 0.1127192 0.0383357 0.5302499 0.1725097 0.1087971 0.5283174 0.3867167 0.5416251 0.2238579 0.2092021 0.2606089 
Perityle_hofmeisteria_4_nombre_de_dios     0.5311596 0.0595762 0.1203166 0.4772083 0.1059502 0.1950303 0.3810969 0.1098004 0.4701970 0.0718061 0.6273703 0.6279066 0.1379502 0.2619804 0.1029718 0.7513315 0.0423926 0.0529735 0.0534630 0.5538245 0.1537157 0.5424119 0.4336506 0.6619294 0.0575156 0.7222205 0.1630175 0.2438766 0.4571995 0.0716022 0.0837363 0.5905816 0.0677485 0.1055450 0.7172057 0.1977534 0.5432709 0.0102090 0.6213182 0.1417465 0.1309779 0.1905342 0.5428835 0.1557280 0.0000000 0.6247649 0.6057416 0.6329824 0.1571989 0.4789866 0.2172120 0.1314420 0.6368574 0.0981759 0.1920576 0.1143582 0.1313733 0.1269665 0.6470674 0.0727848 0.0484599 0.2635187 0.6080748 0.2278874 0.6479679 0.5789584 0.6222348 0.1489489 0.6062832 0.6308789 0.0707746 0.6552031 0.0715014 0.1401632 0.0704890 0.5981308 0.0643311 0.1672358 0.5350859 0.4046850 0.6081215 0.1981188 0.2087590 0.2081409 
