84
Amauria_brandeegeana_62                    0.0000000 0.4599586 0.4677529 0.3755271 0.4281958 0.4807008 0.1930379 0.1477646 0.5246243 0.3344461 0.4012579 0.4405047 0.3777633 0.2579635 0.3515610 0.5447032 0.2880829 0.4730954 0.3749363 0.3163136 0.3881043 0.3581482 0.3642781 0.3204665 0.4849825 0.5688758 0.5947807 0.1820597 0.3697472 0.3291742 0.4941463 0.2757278 0.4598013 0.4552558 0.5249467 0.3703254 0.4868646 0.5033344 0.3689830 0.8504434 0.3316082 0.2375633 0.3731478 0.2958071 0.5564165 0.5030973 0.3619429 0.3984362 0.5084208 0.4574883 0.3804921 0.4838045 0.5820210 0.3830006 0.2113454 0.3843948 0.4320143 0.5574197 0.2921575 0.4717567 0.3737866 0.6405572 0.3475465 0.3329760 0.1890827 0.4180179 0.4809273 0.3548691 0.5794568 0.3614866 0.5057685 0.3753124 0.2276614 0.5853730 0.5235038 0.5213439 0.5639181 0.3864895 0.4644946 0.6625950 0.3756178 0.1461404 0.1887843 0.3202870 
Amauria_carterae_99_mesa                   0.4599586 0.0000000 0.3845831 0.1152827 0.1692602 0.4439069 0.3607995 0.2813505 0.1946568 0.1291036 0.0878846 0.1044082 0.0992385 0.0955710 0.0915643 0.1973909 0.3614472 0.2299732 0.1981511 0.1450560 0.2134035 0.0901158 0.0922309 0.1003919 0.1906913 0.2190728 0.1362799 0.5047785 0.1745260 0.1570581 0.1893257 0.0631613 0.1946568 0.2028490 0.2460126 0.2048615 0.1908934 0.1994661 0.0889203 0.2187589 0.0760044 0.5054791 0.1283425 0.1494956 0.2067361 0.1954171 0.0949714 0.1036911 0.1744731 0.1879319 0.1017006 0.2026029 0.2040206 0.2166073 0.4025375 0.0952060 0.2370297 0.1988703 0.1007272 0.2164419 0.1309142 0.2721834 0.0924744 0.0869142 0.4937003 0.2141895 0.2536506 0.0859850 0.1974518 0.0879559 0.1683049 0.1214558 0.4776191 0.1980249 0.1991489 0.2559647 0.2087577 0.0816461 0.1977068 0.2138182 0.0949714 0.5084004 0.3901796 0.0888541 
Amauria_rotundifolia_SRR9119150            0.4677529 0.3845831 0.0000000 0.2738269 0.3765890 0.2597754 0.4376521 0.2587865 0.3877445 0.2701385 0.2210718 0.3125901 0.2316996 0.2189890 0.2223574 0.3763248 0.5526382 0.4100711 0.2639604 0.2325956 0.2952489 0.1608771 0.2050923 0.1975386 0.3621501 0.4230679 0.3988537 0.4680326 0.2970365 0.2723323 0.3364121 0.1343511 0.3375529 0.3372458 0.4419264 0.2824806 0.3831760 0.3577811 0.1927070 0.6405242 0.1813559 0.7010620 0.2649776 0.2751102 0.4212272 0.3502350 0.2103003 0.1939578 0.4367220 0.3614226 0.2541956 0.3664413 0.4323470 0.3054900 0.4797066 0.1742779 0.3577412 0.3765552 0.1862716 0.3822704 0.2697907 0.5593581 0.2052150 0.1695563 0.4206150 0.3314867 0.3664617 0.1551779 0.4076336 0.1961120 0.3436484 0.2556774 0.5294014 0.4467919 0.3330347 0.3780543 0.3912924 0.2253842 0.3458182 0.5841417 0.2128480 0.4862918 0.3795483 0.1957434 
Eutetras_palmeri_63                        0.3755271 0.1152827 0.2738269 0.0000000 0.0175083 0.2691789 0.3787380 0.2872763 0.0925724 0.0894891 0.0927160 0.1110025 0.1027624 0.0859538 0.1025793 0.1024123 0.3782028 0.1086174 0.1093575 0.0825586 0.1092898 0.0846585 0.0802057 0.0970552 0.0928961 0.1014010 0.1144320 0.3803924 0.1026195 0.1701030 0.0924674 0.0704218 0.0925724 0.1064540 0.1001080 0.1007029 0.0964099 0.0979169 0.0840844 0.1128792 0.0732819 0.3016151 0.1287126 0.1214327 0.0981468 0.0986734 0.0841438 0.0848325 0.1289581 0.1109914 0.1125685 0.0962829 0.1036853 0.0995279 0.3535008 0.0864606 0.1081713 0.0995618 0.0972604 0.1169133 0.1202932 0.0824517 0.0868209 0.0823991 0.3815720 0.0937946 0.1178897 0.0806006 0.1094467 0.0819610 0.1065109 0.1271859 0.3519497 0.1024914 0.2085768 0.1150323 0.1033314 0.1018763 0.1024917 0.1743062 0.0951839 0.3734511 0.3714229 0.0891360 
Eutetras_pringlei_149_quer                 0.4281958 0.1692602 0.3765890 0.0175083 0.0000000 0.4156176 0.3594861 0.2542937 0.2108354 0.1282425 0.0812500 0.1655387 0.1029808 0.0885228 0.0930462 0.2222665 0.3676112 0.2582951 0.2427430 0.1996056 0.2302042 0.0703512 0.0854861 0.1056378 0.2127007 0.2103675 0.1752242 0.5153536 0.2222589 0.1649925 0.1605696 0.0491436 0.2109762 0.2312564 0.2082775 0.1575769 0.2164368 0.2143103 0.0737587 0.2182879 0.0656948 0.5263246 0.1508519 0.2490527 0.2256864 0.2266274 0.0921868 0.0807601 0.2716760 0.2103065 0.1186998 0.2233218 0.2075469 0.2076871 0.4584211 0.0747909 0.2267314 0.2172999 0.0979609 0.2337746 0.1324963 0.2469327 0.0853387 0.0835965 0.5249420 0.2016332 0.2379995 0.0661895 0.2267810 0.0772257 0.1377480 0.1380329 0.5098070 0.2301942 0.2043878 0.2345759 0.2354238 0.0912706 0.2296514 0.2383317 0.0921868 0.5228130 0.3904525 0.0737373 
Eutrochium_fistulosum_SRR9119106           0.4807008 0.4439069 0.2597754 0.2691789 0.4156176 0.0000000 0.4553318 0.2477257 0.4014129 0.2745586 0.2552405 0.3305468 0.2582361 0.2267203 0.2527435 0.4401085 0.4886368 0.4187277 0.2917087 0.2518909 0.3393390 0.1981730 0.1941662 0.1830082 0.4221124 0.4469949 0.2814726 0.5596766 0.3188650 0.2887602 0.3555079 0.2171899 0.3753591 0.4013051 0.4660217 0.3661515 0.4237469 0.4236774 0.2398835 0.6244453 0.1900203 0.7346976 0.2808660 0.2952513 0.4265979 0.4195831 0.2121529 0.2315749 0.4647874 0.3581432 0.2676751 0.4151610 0.4387057 0.3762809 0.5170927 0.2106832 0.3552808 0.4380210 0.1770991 0.4428969 0.2937709 0.6846230 0.2023324 0.1790315 0.5178344 0.3881443 0.4166870 0.1854307 0.4500648 0.2027490 0.3393819 0.2760519 0.5510905 0.4945577 0.3871100 0.4382771 0.4223980 0.2546509 0.4153512 0.5884270 0.2362448 0.5536198 0.4097008 0.2269666 
Galeana_pratensis_104_mex                  0.1930379 0.3607995 0.4376521 0.3787380 0.3594861 0.4553318 0.0000000 0.2066351 0.3417006 0.3346539 0.3794298 0.3733481 0.3599861 0.3677847 0.3457940 0.3682487 0.1652761 0.3309792 0.3628366 0.3426356 0.3698332 0.3546392 0.3448506 0.3438003 0.3622657 0.3428168 0.3734110 0.1979708 0.3470673 0.4052562 0.3480631 0.3282002 0.3417006 0.3694772 0.3376339 0.3419717 0.3566519 0.3343386 0.3504834 0.3437984 0.3425942 0.1417067 0.3930404 0.3407988 0.3399243 0.3877459 0.3770889 0.3708799 0.3518119 0.3333888 0.3640165 0.3625638 0.3503884 0.3599142 0.1722016 0.3553059 0.3349810 0.3574383 0.3583532 0.3337466 0.3830564 0.3420582 0.3514863 0.3606014 0.1732363 0.3417419 0.3630858 0.3599425 0.3814281 0.3324393 0.3658540 0.3944115 0.1538849 0.3626388 0.5151227 0.3565623 0.3208412 0.3802243 0.3688078 0.3684415 0.3835150 0.1701606 0.1888284 0.3468810 
Helianthus_annuus_SRR9119062               0.1477646 0.2813505 0.2587865 0.2872763 0.2542937 0.2477257 0.2066351 0.0000000 0.2483736 0.2675941 0.2654253 0.2600184 0.2615937 0.2365746 0.2733168 0.2557809 0.1563582 0.2270370 0.2532601 0.2521930 0.2593284 0.2062948 0.2620667 0.2390667 0.2532598 0.2556770 0.2712247 0.1517345 0.2592964 0.2725849 0.2462421 0.1843051 0.2571408 0.2540771 0.3078593 0.2538843 0.2555669 0.2502967 0.2669544 0.2353733 0.2739542 0.2513931 0.2506540 0.2499442 0.2474116 0.2571614 0.2666055 0.2521561 0.2568231 0.2460654 0.2375659 0.2615750 0.2625557 0.2560978 0.1553279 0.2699024 0.2330989 0.2582822 0.2561830 0.2247716 0.2022395 0.1751901 0.2548301 0.2690189 0.1459498 0.2588413 0.2648194 0.2063823 0.2558591 0.2369610 0.2531215 0.2540587 0.1469005 0.2541310 0.3603307 0.2466822 0.2636111 0.2522566 0.2508619 0.2916518 0.2542882 0.1445140 0.1802003 0.2335835 
Lycapsus_tenuifolius_17                    0.5246243 0.1946568 0.3877445 0.0925724 0.2108354 0.4014129 0.3417006 0.2483736 0.0000000 0.1178179 0.0845960 0.1651218 0.0982560 0.1248844 0.0977970 0.3000943 0.5483177 0.2744300 0.1530716 0.1288008 0.1772270 0.0999575 0.0642497 0.0799483 0.2529780 0.3208957 0.3547746 0.5017486 0.0399940 0.1657286 0.2472637 0.0508201 0.0057401 0.2332231 0.3494293 0.1268799 0.2840923 0.3114577 0.0847518 0.5712906 0.0662051 0.7536107 0.1437483 0.1050962 0.3189604 0.2256649 0.0801192 0.0839835 0.1907541 0.2493473 0.1186706 0.2763294 0.3581811 0.2071243 0.5076081 0.0796835 0.2616438 0.3123806 0.0684085 0.2760455 0.1264256 0.4637817 0.0850225 0.0604624 0.4297065 0.1933447 0.3069223 0.0956777 0.3271851 0.0609171 0.0256786 0.1291500 0.5569112 0.3456112 0.2297209 0.3399147 0.3174618 0.0981946 0.2412120 0.4361548 0.0865846 0.5216031 0.3100379 0.0548609 
Pericome_caudata_50_silver                 0.3344461 0.1291036 0.2701385 0.0894891 0.1282425 0.2745586 0.3346539 0.2675941 0.1178179 0.0000000 0.0884428 0.1001251 0.0776584 0.0756724 0.0860636 0.0812734 0.3317122 0.1083467 0.0878663 0.0593539 0.0909675 0.0788975 0.0801526 0.0874999 0.0815933 0.0721909 0.1147943 0.3642961 0.1279611 0.1665896 0.1216557 0.0508822 0.1144438 0.0947022 0.0748383 0.1301068 0.0849734 0.0722928 0.0843286 0.0970534 0.0562400 0.3060693 0.1158764 0.1274116 0.0818623 0.0813318 0.0870650 0.0984314 0.1376211 0.0959686 0.0950034 0.0914198 0.0748880 0.0782222 0.3406095 0.0761320 0.0913139 0.0880348 0.0944495 0.0890380 0.0748001 0.0398134 0.0792951 0.0819827 0.3653999 0.0715146 0.0855333 0.0745925 0.0911035 0.0852478 0.1319313 0.1091216 0.3390154 0.0878663 0.1918308 0.0788054 0.0812279 0.0815385 0.0910384 0.1401123 0.1034712 0.3442293 0.3301409 0.0712218 
Perityle_aglossa_84_dead_horse             0.4012579 0.0878846 0.2210718 0.0927160 0.0812500 0.2552405 0.3794298 0.2654253 0.0845960 0.0884428 0.0000000 0.0321811 0.0712219 0.0854220 0.0788197 0.0309952 0.3514420 0.0655185 0.0310559 0.0581547 0.0489712 0.0454998 0.0620120 0.0659903 0.0275141 0.0673843 0.0694703 0.3409709 0.0966656 0.1710001 0.1178667 0.0860781 0.0845960 0.0240449 0.0702232 0.0987785 0.0311013 0.0713530 0.0812793 0.0636530 0.0662776 0.3153464 0.0630074 0.1007175 0.0792391 0.0275117 0.0525622 0.0561544 0.1086406 0.0603586 0.0350471 0.0490092 0.0695816 0.0776361 0.3341194 0.0649108 0.0826591 0.0417835 0.0540326 0.0910112 0.0767872 0.0616421 0.0767449 0.0247391 0.3435030 0.0745810 0.1064585 0.0414766 0.0345966 0.0549598 0.0926758 0.0622390 0.3315489 0.0346150 0.1362372 0.1030080 0.0859463 0.0357444 0.0275362 0.1328640 0.0546630 0.3566337 0.3616293 0.0867570 
Perityle_ajoensis_204                      0.4405047 0.1044082 0.3125901 0.1110025 0.1655387 0.3305468 0.3733481 0.2600184 0.1651218 0.1001251 0.0321811 0.0000000 0.0632721 0.0753575 0.0760603 0.0267367 0.3829721 0.1468835 0.0360240 0.0638238 0.0452268 0.0409117 0.0564034 0.0579896 0.0147290 0.0791114 0.1264005 0.4583886 0.1850738 0.1736686 0.1748635 0.0936783 0.1652391 0.0298293 0.0886515 0.1678892 0.0207648 0.0862536 0.0732670 0.0773396 0.0569405 0.4287479 0.0573503 0.1802058 0.1001677 0.0267631 0.0500909 0.0521575 0.1840802 0.0705848 0.0233646 0.0328289 0.0842707 0.0844593 0.4076312 0.0531126 0.0997018 0.0268679 0.0484247 0.1018804 0.0900511 0.0846822 0.0715819 0.0333255 0.4568933 0.0854094 0.1144272 0.0368331 0.0329733 0.0485871 0.1525514 0.0617233 0.4139954 0.0267753 0.1465874 0.1035768 0.1062242 0.0315962 0.0328223 0.1146852 0.0502466 0.4431384 0.3997437 0.0772698 
Perityle_ambrosiifolia_67_green            0.3777633 0.0992385 0.2316996 0.1027624 0.1029808 0.2582361 0.3599861 0.2615937 0.0982560 0.0776584 0.0712219 0.0632721 0.0000000 0.0462175 0.0505134 0.0628922 0.3584951 0.0825542 0.0475692 0.0179174 0.0629572 0.0799374 0.0269211 0.0332828 0.0593300 0.0372926 0.0843176 0.3496627 0.1148624 0.1724046 0.1025415 0.0559244 0.0982560 0.0555141 0.0443825 0.1211945 0.0633647 0.0688033 0.0470653 0.0293378 0.0309857 0.2715628 0.0669553 0.0943847 0.0766946 0.0589101 0.0620503 0.0541641 0.0987125 0.0290357 0.0673990 0.0670568 0.0400074 0.0365485 0.3356858 0.0649035 0.0645711 0.0593364 0.0798468 0.0848448 0.0806649 0.0240729 0.0532158 0.0483210 0.3568740 0.0408128 0.1006961 0.0757697 0.0669203 0.0269211 0.1066315 0.0668494 0.3082203 0.0630051 0.1616157 0.0929123 0.0754539 0.0654835 0.0475548 0.0843845 0.0620503 0.3475619 0.3512465 0.0720396 
Perityle_angustifolia_13_Eagle_creek       0.2579635 0.0955710 0.2189890 0.0859538 0.0885228 0.2267203 0.3677847 0.2365746 0.1248844 0.0756724 0.0854220 0.0753575 0.0462175 0.0000000 0.0666697 0.1115540 0.2939701 0.0966573 0.1062747 0.0796179 0.1217804 0.0798861 0.0625766 0.0800624 0.1090228 0.0905646 0.0686420 0.2382118 0.1244313 0.1615321 0.1115360 0.0631691 0.1222543 0.1091144 0.1199818 0.1204068 0.1092636 0.1106077 0.0494918 0.0714654 0.0799092 0.3050276 0.1097554 0.1241951 0.1157090 0.1040107 0.0882084 0.0899050 0.1317383 0.0677740 0.0814672 0.1138009 0.0992813 0.0677078 0.2505488 0.0661729 0.0841518 0.1166361 0.1128571 0.0942476 0.0901649 0.0531376 0.0463287 0.1072053 0.2354026 0.0974675 0.1251838 0.0859662 0.1141000 0.0668902 0.1248639 0.1001696 0.2369090 0.0576755 0.2079293 0.1230837 0.1172914 0.0792013 0.1063902 0.1448391 0.1000995 0.2472196 0.2929105 0.0773117 
Perityle_batopilensis_97                   0.3515610 0.0915643 0.2223574 0.1025793 0.0930462 0.2527435 0.3457940 0.2733168 0.0977970 0.0860636 0.0788197 0.0760603 0.0505134 0.0666697 0.0000000 0.0802777 0.3286684 0.0729325 0.0804408 0.0479926 0.0692825 0.0818268 0.0712434 0.0772795 0.0694098 0.0414552 0.0810765 0.3225959 0.1092344 0.1824653 0.1057700 0.0858078 0.0977970 0.0807681 0.0514054 0.0881846 0.0696460 0.0740840 0.0266856 0.0635125 0.0457266 0.3043199 0.0808533 0.0800159 0.0778668 0.0728707 0.0736179 0.0730936 0.0986351 0.0641366 0.0741192 0.0843150 0.0444240 0.0587976 0.3243067 0.0671115 0.0591954 0.0622153 0.0862495 0.0988872 0.0905513 0.0520254 0.0547850 0.0771500 0.3248285 0.0410122 0.1157621 0.0775739 0.0766115 0.0600011 0.1056506 0.0798293 0.3179496 0.0842052 0.1770096 0.1121213 0.0696690 0.0799408 0.0804410 0.1376574 0.0726760 0.3249516 0.3406778 0.0658622 
Perityle_bisetosa_9                        0.5447032 0.1973909 0.3763248 0.1024123 0.2222665 0.4401085 0.3682487 0.2557809 0.3000943 0.0812734 0.0309952 0.0267367 0.0628922 0.1115540 0.0802777 0.0000000 0.5142103 0.2738999 0.0312445 0.0514897 0.0251923 0.0178970 0.0492422 0.0452300 0.0330368 0.0786870 0.0891355 0.5422142 0.2064406 0.1448072 0.1847099 0.0709047 0.2785988 0.0328318 0.2540068 0.1528772 0.0267098 0.0927911 0.0772478 0.1108129 0.0423057 0.7917291 0.0398383 0.1284068 0.1047083 0.0211419 0.0304215 0.0276588 0.3265244 0.0828161 0.0327881 0.0427539 0.0945005 0.0795430 0.4789631 0.0609677 0.1681325 0.0350086 0.0281767 0.1211579 0.0895951 0.3249082 0.0592414 0.0363083 0.4802581 0.0808273 0.1166521 0.0136204 0.0180698 0.0510181 0.3136400 0.0438552 0.5238234 0.0210593 0.1132452 0.1074308 0.0902524 0.0173247 0.0352803 0.2601891 0.0355385 0.5344457 0.3250640 0.0812650 
Perityle_californica_76_positas            0.2880829 0.3614472 0.5526382 0.3782028 0.3676112 0.4886368 0.1652761 0.1563582 0.5483177 0.3317122 0.3514420 0.3829721 0.3584951 0.2939701 0.3286684 0.5142103 0.0000000 0.3666812 0.3171733 0.3078739 0.3265084 0.3463984 0.3423969 0.3094285 0.4607316 0.5410215 0.5436859 0.1059836 0.3318787 0.3744403 0.5106315 0.2911071 0.3693161 0.4314436 0.4042409 0.3265959 0.4688523 0.4893525 0.3440644 0.6814919 0.3036655 0.1052537 0.3873960 0.2782231 0.5736008 0.4360140 0.3563739 0.3587636 0.5506415 0.3696086 0.3589118 0.4507692 0.5624997 0.3539086 0.1267333 0.3517475 0.3114133 0.5305947 0.3054165 0.3537441 0.3851215 0.4004855 0.3328991 0.3019818 0.1393650 0.3534658 0.4364327 0.3465436 0.5480191 0.3359661 0.5035768 0.3767277 0.1389970 0.4658104 0.4945880 0.5158054 0.5436230 0.3645193 0.4356354 0.5287801 0.3694959 0.0750404 0.0962613 0.3380546 
Perityle_canescens_77                      0.4730954 0.2299732 0.4100711 0.1086174 0.2582951 0.4187277 0.3309792 0.2270370 0.2744300 0.1083467 0.0655185 0.1468835 0.0825542 0.0966573 0.0729325 0.2738999 0.3666812 0.0000000 0.2254952 0.1513987 0.2542682 0.0600148 0.0655220 0.0724020 0.2679248 0.2736727 0.1233492 0.5282632 0.2359078 0.1525722 0.2517577 0.0783255 0.2768891 0.2866741 0.2954254 0.2261739 0.2765085 0.2505846 0.0685133 0.3801459 0.0661698 0.6723042 0.0891669 0.1492645 0.2580269 0.2693422 0.0571254 0.0712691 0.2958657 0.2738244 0.0728272 0.2896274 0.2762119 0.2783078 0.4966064 0.0782610 0.2733960 0.2646568 0.0630545 0.2528048 0.1099961 0.4504581 0.0625742 0.0592668 0.5461290 0.2744996 0.2958419 0.0561222 0.2765497 0.0703723 0.2341387 0.0855794 0.5336253 0.3069900 0.1820016 0.2989039 0.2691934 0.0703893 0.2806062 0.3932705 0.0672244 0.5189287 0.3240836 0.0651508 
Perityle_castillonii_96                    0.3749363 0.1981511 0.2639604 0.1093575 0.2427430 0.2917087 0.3628366 0.2532601 0.1530716 0.0878663 0.0310559 0.0360240 0.0475692 0.1062747 0.0804408 0.0312445 0.3171733 0.2254952 0.0000000 0.0643024 0.0363297 0.0271293 0.0397556 0.0386611 0.0461688 0.0733717 0.1059764 0.4213675 0.1838782 0.1492391 0.1387800 0.0709047 0.1881530 0.0358624 0.1919746 0.1320142 0.0460417 0.0918592 0.0774187 0.0992131 0.0558156 0.5943156 0.0263004 0.1369752 0.1033055 0.0376476 0.0211627 0.0196102 0.1829589 0.0859129 0.0328492 0.0545315 0.0776329 0.0951768 0.3493444 0.0611003 0.1593719 0.0458842 0.0373160 0.1348228 0.0989345 0.1698173 0.0626494 0.0325032 0.4131039 0.0816206 0.1061244 0.0228963 0.0334634 0.0360498 0.1163130 0.0300604 0.3966160 0.0303400 0.1176951 0.0989921 0.0869629 0.0173587 0.0369803 0.1723326 0.0211011 0.4062707 0.3310888 0.0814452 
Perityle_cernua_84                         0.3163136 0.1450560 0.2325956 0.0825586 0.1996056 0.2518909 0.3426356 0.2521930 0.1288008 0.0593539 0.0581547 0.0638238 0.0179174 0.0796179 0.0479926 0.0514897 0.3078739 0.1513987 0.0643024 0.0000000 0.0582419 0.0650912 0.0399426 0.0355512 0.0567487 0.0304936 0.1040712 0.3732510 0.1517750 0.1407833 0.0883291 0.0487627 0.1445325 0.0532970 0.1009937 0.1103567 0.0566826 0.0699301 0.0336609 0.0525975 0.0279291 0.4753763 0.0737729 0.1249084 0.0716466 0.0514721 0.0608216 0.0629755 0.1448522 0.0476851 0.0550283 0.0605894 0.0366512 0.0317944 0.3324374 0.0500378 0.0578520 0.0618991 0.0430526 0.1183287 0.0672762 0.0571477 0.0368197 0.0392980 0.3681878 0.0336685 0.0765155 0.0608659 0.0599153 0.0400069 0.0858349 0.0747134 0.3371516 0.0676906 0.1668999 0.0639954 0.0687628 0.0513017 0.0564967 0.1362640 0.0676573 0.3575391 0.3048721 0.0571898 
Perityle_cfvillosa_25_tin                  0.3881043 0.2134035 0.2952489 0.1092898 0.2302042 0.3393390 0.3698332 0.2593284 0.1772270 0.0909675 0.0489712 0.0452268 0.0629572 0.1217804 0.0692825 0.0251923 0.3265084 0.2542682 0.0363297 0.0582419 0.0000000 0.0364297 0.0492842 0.0501817 0.0392144 0.0753399 0.1236946 0.4870694 0.1883425 0.1528300 0.1705614 0.0709047 0.2272830 0.0322290 0.2141687 0.1569346 0.0371411 0.0833576 0.0691862 0.1013726 0.0545566 0.6335361 0.0097311 0.1268030 0.1224640 0.0303866 0.0029783 0.0077648 0.1991098 0.0886974 0.0463989 0.0523633 0.0753450 0.0839881 0.3749066 0.0814236 0.1661233 0.0204479 0.0469101 0.1280111 0.0990727 0.2298950 0.0625884 0.0384735 0.4294016 0.0787133 0.0955387 0.0322861 0.0263035 0.0510697 0.1500316 0.0131799 0.4485770 0.0371025 0.1131494 0.0896167 0.0714026 0.0279686 0.0369563 0.2219025 0.0034664 0.4483722 0.3253984 0.0731680 
Perityle_cinerea_113_Powell1310            0.3581482 0.0901158 0.1608771 0.0846585 0.0703512 0.1981730 0.3546392 0.2062948 0.0999575 0.0788975 0.0454998 0.0409117 0.0799374 0.0798861 0.0818268 0.0178970 0.3463984 0.0600148 0.0271293 0.0650912 0.0364297 0.0000000 0.0652014 0.0752163 0.0315715 0.0722651 0.0713102 0.3258008 0.1105634 0.1709648 0.0993003 0.0782785 0.0999575 0.0457254 0.0658915 0.1023036 0.0363083 0.0825401 0.0794459 0.0652014 0.0748763 0.3029591 0.0458534 0.1098489 0.0876861 0.0269496 0.0410775 0.0410775 0.1149305 0.0700475 0.0410727 0.0599451 0.0700644 0.0700805 0.3243248 0.0616088 0.0767026 0.0409534 0.0270811 0.0982481 0.0829788 0.0691724 0.0753405 0.0517362 0.3208503 0.0714894 0.1131059 0.0182704 0.0179337 0.0652014 0.1054347 0.0410775 0.3140063 0.0179260 0.1190240 0.1086681 0.0858523 0.0316413 0.0456434 0.1081572 0.0410775 0.3420550 0.3611089 0.0822197 
Perityle_coahuilensis_24                   0.3642781 0.0922309 0.2050923 0.0802057 0.0854861 0.1941662 0.3448506 0.2620667 0.0642497 0.0801526 0.0620120 0.0564034 0.0269211 0.0625766 0.0712434 0.0492422 0.3423969 0.0655220 0.0397556 0.0399426 0.0492842 0.0652014 0.0000000 0.0181609 0.0429007 0.0439948 0.0696438 0.3248940 0.0742285 0.1695243 0.0642128 0.0783269 0.0642497 0.0366302 0.0531235 0.0866653 0.0461615 0.0568236 0.0736055 0.0038134 0.0498994 0.2729419 0.0652956 0.0918735 0.0601562 0.0461038 0.0480308 0.0413139 0.1019139 0.0109374 0.0589113 0.0622654 0.0494737 0.0561019 0.3344298 0.0745664 0.0565680 0.0429044 0.0591532 0.0863494 0.0764907 0.0404692 0.0614208 0.0442921 0.3269387 0.0501161 0.0968388 0.0609696 0.0589723 0.0070890 0.0676158 0.0644706 0.3141119 0.0525596 0.1568209 0.0904244 0.0793017 0.0602203 0.0397557 0.1432505 0.0566124 0.3400538 0.3214613 0.0911138 
Perityle_cochisensis_44_cave_creek         0.3204665 0.1003919 0.1975386 0.0970552 0.1056378 0.1830082 0.3438003 0.2390667 0.0799483 0.0874999 0.0659903 0.0579896 0.0332828 0.0800624 0.0772795 0.0452300 0.3094285 0.0724020 0.0386611 0.0355512 0.0501817 0.0752163 0.0181609 0.0000000 0.0503649 0.0461308 0.0825640 0.3044337 0.0877523 0.1784306 0.0799636 0.0939092 0.0799483 0.0429200 0.0557614 0.0947568 0.0479054 0.0612612 0.0737121 0.0110069 0.0470859 0.2908075 0.0624162 0.0834225 0.0663471 0.0428064 0.0542521 0.0499874 0.0911506 0.0104791 0.0566416 0.0616447 0.0578898 0.0503885 0.2930899 0.0746759 0.0615321 0.0478355 0.0596028 0.0864642 0.0869427 0.0503487 0.0661778 0.0399832 0.3055400 0.0508572 0.0893095 0.0710167 0.0527132 0.0106851 0.0825924 0.0616620 0.2772022 0.0501250 0.1622474 0.0843799 0.0759609 0.0553068 0.0354226 0.1287041 0.0559864 0.3005400 0.3011218 0.0900552 
Perityle_congesta_202                      0.4849825 0.1906913 0.3621501 0.0928961 0.2127007 0.4221124 0.3622657 0.2532598 0.2529780 0.0815933 0.0275141 0.0147290 0.0593300 0.1090228 0.0694098 0.0330368 0.4607316 0.2679248 0.0461688 0.0567487 0.0392144 0.0315715 0.0429007 0.0503649 0.0000000 0.0804066 0.1004369 0.5191167 0.1983656 0.1405045 0.1882757 0.0709047 0.2665947 0.0290568 0.2525057 0.1573795 0.0289883 0.0969861 0.0649945 0.1236781 0.0447816 0.7797786 0.0502257 0.1173223 0.1023651 0.0275726 0.0365649 0.0438276 0.2843214 0.0860971 0.0129238 0.0378851 0.0914653 0.0902952 0.4621273 0.0491333 0.1617766 0.0178112 0.0256429 0.1181720 0.0720219 0.3286595 0.0494786 0.0319760 0.4594033 0.0804819 0.1168354 0.0274060 0.0289626 0.0435064 0.2356222 0.0544484 0.4895125 0.0378274 0.1323370 0.1095257 0.0985646 0.0279882 0.0306725 0.2647478 0.0427272 0.5063717 0.3304032 0.0689471 
Perityle_cordifolia_27                     0.5688758 0.2190728 0.4230679 0.1014010 0.2103675 0.4469949 0.3428168 0.2556770 0.3208957 0.0721909 0.0673843 0.0791114 0.0372926 0.0905646 0.0414552 0.0786870 0.5410215 0.2736727 0.0733717 0.0304936 0.0753399 0.0722651 0.0439948 0.0461308 0.0804066 0.0000000 0.0875685 0.5519951 0.1977517 0.1517976 0.1610371 0.0717430 0.2741570 0.0849592 0.2181750 0.1589721 0.0895578 0.1060075 0.0307099 0.0669235 0.0356327 0.7260974 0.0754745 0.1102735 0.1290194 0.0759681 0.0586368 0.0738288 0.3488256 0.0647680 0.0598602 0.0971829 0.0425689 0.0547066 0.4950359 0.0622071 0.1421856 0.0840659 0.0699165 0.1207606 0.0729583 0.3490090 0.0247727 0.0485915 0.4627473 0.0158830 0.1391752 0.0679380 0.0832047 0.0448253 0.3154790 0.0764594 0.5462207 0.1163706 0.1831774 0.1171837 0.0975608 0.0644186 0.0864457 0.2650114 0.0693292 0.5211703 0.3170814 0.0500242 
Perityle_cordifolia_68_tecolote            0.5947807 0.1362799 0.3988537 0.1144320 0.1752242 0.2814726 0.3734110 0.2712247 0.3547746 0.1147943 0.0694703 0.1264005 0.0843176 0.0686420 0.0810765 0.0891355 0.5436859 0.1233492 0.1059764 0.1040712 0.1236946 0.0713102 0.0696438 0.0825640 0.1004369 0.0875685 0.0000000 0.4706489 0.1530177 0.1551290 0.1338729 0.0860894 0.1436725 0.1152290 0.1250037 0.1466271 0.0963011 0.1129086 0.0705654 0.0971929 0.0635432 0.4938618 0.1247276 0.1408633 0.1006706 0.1029834 0.0775025 0.0943151 0.3323888 0.1430404 0.0772948 0.1181440 0.0998540 0.1130955 0.4898046 0.0073039 0.1252084 0.1015232 0.0691008 0.1736746 0.1154508 0.1900895 0.0566728 0.0693541 0.4666591 0.1156423 0.1453888 0.0674537 0.0920277 0.0753629 0.3030281 0.1143116 0.5241575 0.1097868 0.1983801 0.1239659 0.1094356 0.0704756 0.1117505 0.2080611 0.0914913 0.4703968 0.3682449 0.0777911 
Perityle_coronopifolia_28_patagonia        0.1820597 0.5047785 0.4680326 0.3803924 0.5153536 0.5596766 0.1979708 0.1517345 0.5017486 0.3642961 0.3409709 0.4583886 0.3496627 0.2382118 0.3225959 0.5422142 0.1059836 0.5282632 0.4213675 0.3732510 0.4870694 0.3258008 0.3248940 0.3044337 0.5191167 0.5519951 0.4706489 0.0000000 0.4335264 0.3869008 0.4242757 0.2747025 0.5150279 0.5106096 0.5739127 0.4490832 0.5347355 0.5210746 0.3213245 0.7560664 0.2998801 0.1050177 0.4059102 0.3736841 0.5535559 0.5775509 0.3425630 0.3408630 0.5148387 0.5302167 0.3667025 0.5423698 0.5511991 0.4210167 0.1045742 0.3344665 0.5054449 0.5328422 0.3669269 0.5135438 0.3904438 0.6623308 0.3203756 0.3071619 0.0642336 0.5035554 0.5389881 0.3259342 0.5364082 0.3093868 0.4855767 0.3901329 0.1389449 0.6585322 0.4811823 0.5305541 0.5252907 0.3531450 0.5134493 0.6891883 0.3465366 0.1386623 0.0967214 0.3101635 
Perityle_crassifolia_70_ventanas           0.3697472 0.1745260 0.2970365 0.1026195 0.2222589 0.3188650 0.3470673 0.2592964 0.0399940 0.1279611 0.0966656 0.1850738 0.1148624 0.1244313 0.1092344 0.2064406 0.3318787 0.2359078 0.1838782 0.1517750 0.1883425 0.1105634 0.0742285 0.0877523 0.1983656 0.1977517 0.1530177 0.4335264 0.0000000 0.1614846 0.1057991 0.0508201 0.0377892 0.1982428 0.2645677 0.1149825 0.2092990 0.1816727 0.0974200 0.3140083 0.0764138 0.5885102 0.1602121 0.1276366 0.1985605 0.2021728 0.0905675 0.0978643 0.1665650 0.2726744 0.1344927 0.2177833 0.2070537 0.1944210 0.4226342 0.0837764 0.2289330 0.1960330 0.0810873 0.2847307 0.1408937 0.3305376 0.0883875 0.0673873 0.4372477 0.1932815 0.2147097 0.1063406 0.2111626 0.0727341 0.0502470 0.1454422 0.4375157 0.2699947 0.2462150 0.2122186 0.2124420 0.1106052 0.2085272 0.3365001 0.0989503 0.4402496 0.3133594 0.0669876 
Perityle_crassifolia_74_playa_balandra     0.3291742 0.1570581 0.2723323 0.1701030 0.1649925 0.2887602 0.4052562 0.2725849 0.1657286 0.1665896 0.1710001 0.1736686 0.1724046 0.1615321 0.1824653 0.1448072 0.3744403 0.1525722 0.1492391 0.1407833 0.1528300 0.1709648 0.1695243 0.1784306 0.1405045 0.1517976 0.1551290 0.3869008 0.1614846 0.0000000 0.1493794 0.0934268 0.1657286 0.1532538 0.1579704 0.1551597 0.1448423 0.1273856 0.1781583 0.1946973 0.1446601 0.3756692 0.1909163 0.1582281 0.1393487 0.1440907 0.1567721 0.1776139 0.1700594 0.1879892 0.1645540 0.1652488 0.1590211 0.1573794 0.4148790 0.1677764 0.1600462 0.1608917 0.1410297 0.1174617 0.1883636 0.2270041 0.1487545 0.1562201 0.3881288 0.1628966 0.1510005 0.1611078 0.1451130 0.1779510 0.1613747 0.1882485 0.4081097 0.1410955 0.3264604 0.1478043 0.1567918 0.1594265 0.1572647 0.2153506 0.1788769 0.3998550 0.3938205 0.1496553 
Perityle_cuneata_34_cuneata_San_antonio    0.4941463 0.1893257 0.3364121 0.0924674 0.1605696 0.3555079 0.3480631 0.2462421 0.2472637 0.1216557 0.1178667 0.1748635 0.1025415 0.1115360 0.1057700 0.1847099 0.5106315 0.2517577 0.1387800 0.0883291 0.1705614 0.0993003 0.0642128 0.0799636 0.1882757 0.1610371 0.1338729 0.4242757 0.1057991 0.1493794 0.0000000 0.0661381 0.1537905 0.1950710 0.2843231 0.1214203 0.2050608 0.1846306 0.0850324 0.2489159 0.0610298 0.6381473 0.1886332 0.0970078 0.1845679 0.1987037 0.1238588 0.1326801 0.2824056 0.1705179 0.1424898 0.2233179 0.1795581 0.1646290 0.4398249 0.0906695 0.1943140 0.1839237 0.0636312 0.2254868 0.1045311 0.4162652 0.0712020 0.0848694 0.4184632 0.1646712 0.2290966 0.0849345 0.1879597 0.0650626 0.2225151 0.1797933 0.4760947 0.3072560 0.2667672 0.1953520 0.1780670 0.1279504 0.2034652 0.4062703 0.1430439 0.4464377 0.3298687 0.0630830 
Perityle_cuneata_4                         0.2757278 0.0631613 0.1343511 0.0704218 0.0491436 0.2171899 0.3282002 0.1843051 0.0508201 0.0508822 0.0860781 0.0936783 0.0559244 0.0631691 0.0858078 0.0709047 0.2911071 0.0783255 0.0709047 0.0487627 0.0709047 0.0782785 0.0783269 0.0939092 0.0709047 0.0717430 0.0860894 0.2747025 0.0508201 0.0934268 0.0661381 0.0000000 0.0508201 0.0784106 0.0633566 0.0930873 0.0862496 0.0720058 0.0776998 0.0783269 0.0707874 0.2947310 0.0782785 0.0930873 0.0720058 0.0783166 0.0782785 0.0782785 0.1006439 0.0858026 0.0862893 0.0781988 0.0782493 0.0631691 0.2655185 0.0714041 0.0788394 0.0709047 0.0709047 0.0712049 0.0786086 0.0377093 0.0782493 0.0876145 0.2540154 0.0707475 0.0635688 0.0782785 0.0709047 0.0783269 0.0508201 0.0782785 0.2847708 0.0784975 0.0782785 0.0635688 0.0718979 0.0855971 0.0858521 0.0784644 0.0782785 0.2845510 0.3367372 0.0561118 
Perityle_discoidea_81                      0.4598013 0.1946568 0.3375529 0.0925724 0.2109762 0.3753591 0.3417006 0.2571408 0.0057401 0.1144438 0.0845960 0.1652391 0.0982560 0.1222543 0.0977970 0.2785988 0.3693161 0.2768891 0.1881530 0.1445325 0.2272830 0.0999575 0.0642497 0.0799483 0.2665947 0.2741570 0.1436725 0.5150279 0.0377892 0.1657286 0.1537905 0.0508201 0.0000000 0.2724270 0.3278565 0.1542197 0.2790525 0.2515932 0.0847518 0.3950453 0.0662051 0.6815998 0.1438563 0.1261638 0.2639896 0.2758926 0.0801192 0.0839835 0.1938969 0.2457161 0.1186706 0.2927281 0.2756978 0.2268891 0.4923163 0.0796835 0.2566310 0.2659075 0.0751272 0.2684963 0.1216242 0.4639385 0.0850225 0.0590998 0.4902640 0.2486657 0.2934905 0.0956777 0.2832858 0.0609171 0.0206217 0.1291500 0.5140207 0.3427986 0.2297209 0.2955404 0.2759572 0.0981946 0.2761044 0.4160462 0.0865846 0.5235609 0.3100379 0.0548609 
Perityle_dissecta_201                      0.4552558 0.2028490 0.3372458 0.1064540 0.2312564 0.4013051 0.3694772 0.2540771 0.2332231 0.0947022 0.0240449 0.0298293 0.0555141 0.1091144 0.0807681 0.0328318 0.4314436 0.2866741 0.0358624 0.0532970 0.0322290 0.0457254 0.0366302 0.0429200 0.0290568 0.0849592 0.1152290 0.5106096 0.1982428 0.1532538 0.1950710 0.0784106 0.2724270 0.0000000 0.2498584 0.1648281 0.0335752 0.1036390 0.0775105 0.1236731 0.0497308 0.7562999 0.0502598 0.1275907 0.1159078 0.0336638 0.0303751 0.0356423 0.2626735 0.0747086 0.0328829 0.0389737 0.0919643 0.0886841 0.4356056 0.0611723 0.1620770 0.0299717 0.0345916 0.1285142 0.0993325 0.3217566 0.0594041 0.0168476 0.4596463 0.0814898 0.1156365 0.0416850 0.0362664 0.0360903 0.2127225 0.0509926 0.4693105 0.0411449 0.1363055 0.1089261 0.0990706 0.0316274 0.0220360 0.2672336 0.0354752 0.4890950 0.3270935 0.0815418 
Perityle_emoryi_47_punta_san_jose          0.5249467 0.2460126 0.4419264 0.1001080 0.2082775 0.4660217 0.3376339 0.3078593 0.3494293 0.0748383 0.0702232 0.0886515 0.0443825 0.1199818 0.0514054 0.2540068 0.4042409 0.2954254 0.1919746 0.1009937 0.2141687 0.0658915 0.0531235 0.0557614 0.2525057 0.2181750 0.1250037 0.5739127 0.2645677 0.1579704 0.2843231 0.0633566 0.3278565 0.2498584 0.0000000 0.2657114 0.2498608 0.2485425 0.0301302 0.2842608 0.0547957 0.7250117 0.0743202 0.2035110 0.2550212 0.2520225 0.0612136 0.0634562 0.3794508 0.1286956 0.0663842 0.2574028 0.2324548 0.2184518 0.5459381 0.0742403 0.1610851 0.2493080 0.1250945 0.1765549 0.0854301 0.2900878 0.0338490 0.1117184 0.5620616 0.2115159 0.2740754 0.0616207 0.2580993 0.0517755 0.2968125 0.0752748 0.5478154 0.2598007 0.1851774 0.2651446 0.2520560 0.0713973 0.2597371 0.3255916 0.0681947 0.5575087 0.3062038 0.0572087 
Perityle_feddemae_99                       0.3703254 0.2048615 0.2824806 0.1007029 0.1575769 0.3661515 0.3419717 0.2538843 0.1268799 0.1301068 0.0987785 0.1678892 0.1211945 0.1204068 0.0881846 0.1528772 0.3265959 0.2261739 0.1320142 0.1103567 0.1569346 0.1023036 0.0866653 0.0947568 0.1573795 0.1589721 0.1466271 0.4490832 0.1149825 0.1551597 0.1214203 0.0930873 0.1542197 0.1648281 0.2657114 0.0000000 0.1772246 0.1657309 0.0703600 0.3102686 0.0626539 0.6263081 0.1553430 0.0618016 0.1683352 0.1606261 0.0855721 0.1006792 0.0718728 0.1980725 0.1316541 0.1937182 0.1706248 0.1729344 0.3747591 0.0911777 0.2021986 0.1561165 0.1043490 0.2377382 0.1508892 0.3697718 0.0765809 0.0811758 0.3859731 0.1644657 0.2140822 0.0981501 0.1591964 0.0917376 0.1357900 0.1470403 0.4330692 0.2474395 0.2409416 0.1866077 0.1495830 0.1084719 0.1703926 0.3760670 0.0972506 0.4363752 0.3340870 0.0576557 
Perityle_fosteri_93                        0.4868646 0.1908934 0.3831760 0.0964099 0.2164368 0.4237469 0.3566519 0.2555669 0.2840923 0.0849734 0.0311013 0.0207648 0.0633647 0.1092636 0.0696460 0.0267098 0.4688523 0.2765085 0.0460417 0.0566826 0.0371411 0.0363083 0.0461615 0.0479054 0.0289883 0.0895578 0.0963011 0.5347355 0.2092990 0.1448423 0.2050608 0.0862496 0.2790525 0.0335752 0.2498608 0.1772246 0.0000000 0.0978846 0.0652383 0.1227501 0.0375104 0.7847055 0.0538241 0.1358670 0.1058930 0.0236336 0.0397798 0.0480775 0.3135939 0.0833422 0.0162283 0.0390026 0.0996525 0.0754160 0.4729912 0.0493155 0.1617703 0.0322299 0.0286777 0.1150066 0.0856318 0.3221606 0.0496286 0.0385725 0.4701769 0.0834006 0.1182982 0.0321771 0.0355113 0.0473703 0.2448932 0.0581262 0.4969442 0.0377556 0.1420485 0.1071683 0.1043792 0.0316398 0.0364071 0.2615317 0.0465173 0.5041468 0.3302756 0.0731675 
Perityle_gamon_221                         0.5033344 0.1994661 0.3577811 0.0979169 0.2143103 0.4236774 0.3343386 0.2502967 0.3114577 0.0722928 0.0713530 0.0862536 0.0688033 0.1106077 0.0740840 0.0927911 0.4893525 0.2505846 0.0918592 0.0699301 0.0833576 0.0825401 0.0568236 0.0612612 0.0969861 0.1060075 0.1129086 0.5210746 0.1816727 0.1273856 0.1846306 0.0720058 0.2515932 0.1036390 0.2485425 0.1657309 0.0978846 0.0000000 0.0587624 0.1401148 0.0630145 0.7193942 0.0909399 0.1145605 0.0208717 0.0961509 0.0654025 0.0830949 0.3250060 0.1015805 0.0672404 0.1071659 0.1096757 0.1065956 0.4930001 0.0701786 0.1568554 0.1013311 0.0685431 0.0728627 0.0551469 0.2717467 0.0602807 0.0646983 0.4684803 0.1076178 0.0997531 0.0782550 0.1023056 0.0562659 0.2858983 0.0882887 0.4791552 0.1130863 0.1994125 0.0973136 0.0569376 0.0684264 0.1036048 0.2037708 0.0734188 0.4924219 0.3082449 0.0343402 
Perityle_gentryi_8_san_francisco           0.3689830 0.0889203 0.1927070 0.0840844 0.0737587 0.2398835 0.3504834 0.2669544 0.0847518 0.0843286 0.0812793 0.0732670 0.0470653 0.0494918 0.0266856 0.0772478 0.3440644 0.0685133 0.0774187 0.0336609 0.0691862 0.0794459 0.0736055 0.0737121 0.0649945 0.0307099 0.0705654 0.3213245 0.0974200 0.1781583 0.0850324 0.0776998 0.0847518 0.0775105 0.0301302 0.0703600 0.0652383 0.0587624 0.0000000 0.0688522 0.0409997 0.2969162 0.0823379 0.0761531 0.0669256 0.0685987 0.0731734 0.0801695 0.0849999 0.0694499 0.0733744 0.0771986 0.0334427 0.0416833 0.3363643 0.0625630 0.0585304 0.0611083 0.0814946 0.0872404 0.0826460 0.0412154 0.0468568 0.0791007 0.3225420 0.0264862 0.1084751 0.0753008 0.0772754 0.0654453 0.0934181 0.0812761 0.3167883 0.0734051 0.1971843 0.1048364 0.0616533 0.0771986 0.0773928 0.0874775 0.0731734 0.3460023 0.3355123 0.0585050 
Perityle_gilensis_22_Superstition          0.8504434 0.2187589 0.6405242 0.1128792 0.2182879 0.6244453 0.3437984 0.2353733 0.5712906 0.0970534 0.0636530 0.0773396 0.0293378 0.0714654 0.0635125 0.1108129 0.6814919 0.3801459 0.0992131 0.0525975 0.1013726 0.0652014 0.0038134 0.0110069 0.1236781 0.0669235 0.0971929 0.7560664 0.3140083 0.1946973 0.2489159 0.0783269 0.3950453 0.1236731 0.2842608 0.3102686 0.1227501 0.1401148 0.0688522 0.0000000 0.0560972 0.7314598 0.0574483 0.2435587 0.1385797 0.1163135 0.0505718 0.0413139 0.5819441 0.0105301 0.0592965 0.1366135 0.0726549 0.0636032 0.7170452 0.0701122 0.1917091 0.1085142 0.0722549 0.1140977 0.0806420 0.3034941 0.0671770 0.0405170 0.6750849 0.0752213 0.1992677 0.0609696 0.1118226 0.0038134 0.4902786 0.0550252 0.7427490 0.1196690 0.1518345 0.1760068 0.1469994 0.0580862 0.1173632 0.2500569 0.0505718 0.7363688 0.3672717 0.0858707 
Perityle_gilensis_salensis_225             0.3316082 0.0760044 0.1813559 0.0732819 0.0656948 0.1900203 0.3425942 0.2739542 0.0662051 0.0562400 0.0662776 0.0569405 0.0309857 0.0799092 0.0457266 0.0423057 0.3036655 0.0661698 0.0558156 0.0279291 0.0545566 0.0748763 0.0498994 0.0470859 0.0447816 0.0356327 0.0635432 0.2998801 0.0764138 0.1446601 0.0610298 0.0707874 0.0662051 0.0497308 0.0547957 0.0626539 0.0375104 0.0630145 0.0409997 0.0560972 0.0000000 0.2973152 0.0864721 0.0639064 0.0680972 0.0349375 0.0687669 0.0761496 0.0794079 0.0531740 0.0556096 0.0582217 0.0444850 0.0327722 0.2992958 0.0620955 0.0531775 0.0496185 0.0472395 0.0821921 0.0775137 0.0271653 0.0430752 0.0606010 0.3002365 0.0402830 0.0778153 0.0706938 0.0447698 0.0518262 0.0636063 0.0853541 0.3013699 0.0556176 0.1860786 0.0755502 0.0673534 0.0529763 0.0546620 0.1230313 0.0772101 0.3074757 0.3026807 0.0665722 
Perityle_glaucescens_94                    0.2375633 0.5054791 0.7010620 0.3016151 0.5263246 0.7346976 0.1417067 0.2513931 0.7536107 0.3060693 0.3153464 0.4287479 0.2715628 0.3050276 0.3043199 0.7917291 0.1052537 0.6723042 0.5943156 0.4753763 0.6335361 0.3029591 0.2729419 0.2908075 0.7797786 0.7260974 0.4938618 0.1050177 0.5885102 0.3756692 0.6381473 0.2947310 0.6815998 0.7562999 0.7250117 0.6263081 0.7847055 0.7193942 0.2969162 0.7314598 0.2973152 0.0000000 0.3315911 0.4722983 0.7277385 0.7661878 0.2990738 0.2990738 0.7746519 0.5073735 0.3136810 0.7618425 0.7701272 0.5951802 0.1332144 0.2951552 0.6624157 0.8057967 0.2980504 0.5049254 0.3446634 0.6712820 0.3140201 0.3233159 0.1584005 0.6554712 0.7273810 0.3080971 0.7933891 0.2729419 0.6663981 0.3127653 0.1239830 0.7206899 0.2990738 0.7420847 0.7241682 0.3223952 0.7623932 0.7190954 0.2990738 0.1091510 0.0830345 0.2697204 
Perityle_gracilis_11                       0.3731478 0.1283425 0.2649776 0.1287126 0.1508519 0.2808660 0.3930404 0.2506540 0.1437483 0.1158764 0.0630074 0.0573503 0.0669553 0.1097554 0.0808533 0.0398383 0.3873960 0.0891669 0.0263004 0.0737729 0.0097311 0.0458534 0.0652956 0.0624162 0.0502257 0.0754745 0.1247276 0.4059102 0.1602121 0.1909163 0.1886332 0.0782785 0.1438563 0.0502598 0.0743202 0.1553430 0.0538241 0.0909399 0.0823379 0.0574483 0.0864721 0.3315911 0.0000000 0.1351569 0.0985203 0.0465555 0.0070317 0.0117001 0.1391298 0.0590378 0.0589267 0.0716011 0.0811864 0.1004724 0.3416773 0.0952721 0.0979964 0.0263574 0.0570598 0.1027328 0.1090190 0.0759845 0.0900910 0.0492883 0.4089367 0.0746308 0.1337816 0.0418029 0.0398504 0.0572563 0.1564900 0.0133340 0.3399634 0.0399025 0.1134280 0.1221036 0.0891831 0.0392741 0.0431020 0.0982330 0.0070317 0.3928684 0.3861060 0.0780616 
Perityle_harkerae_31                       0.2958071 0.1494956 0.2751102 0.1214327 0.2490527 0.2952513 0.3407988 0.2499442 0.1050962 0.1274116 0.1007175 0.1802058 0.0943847 0.1241951 0.0800159 0.1284068 0.2782231 0.1492645 0.1369752 0.1249084 0.1268030 0.1098489 0.0918735 0.0834225 0.1173223 0.1102735 0.1408633 0.3736841 0.1276366 0.1582281 0.0970078 0.0930873 0.1261638 0.1275907 0.2035110 0.0618016 0.1358670 0.1145605 0.0761531 0.2435587 0.0639064 0.4722983 0.1351569 0.0000000 0.1129957 0.1237955 0.0840146 0.1075007 0.0211481 0.2324405 0.1066481 0.1579877 0.1231354 0.1462462 0.3213756 0.0992929 0.1528376 0.1169251 0.0742386 0.2169485 0.1415551 0.2471725 0.0821344 0.0784222 0.3544189 0.1163126 0.1584620 0.1058322 0.1232914 0.0978461 0.1106625 0.1208706 0.3479011 0.1984499 0.2189188 0.1438526 0.1017856 0.0981657 0.1286280 0.2234033 0.0951646 0.3532012 0.3072357 0.0648586 
Perityle_hofmeisteria_4_nombre_de_dios     0.5564165 0.2067361 0.4212272 0.0981468 0.2256864 0.4265979 0.3399243 0.2474116 0.3189604 0.0818623 0.0792391 0.1001677 0.0766946 0.1157090 0.0778668 0.1047083 0.5736008 0.2580269 0.1033055 0.0716466 0.1224640 0.0876861 0.0601562 0.0663471 0.1023651 0.1290194 0.1006706 0.5535559 0.1985605 0.1393487 0.1845679 0.0720058 0.2639896 0.1159078 0.2550212 0.1683352 0.1058930 0.0208717 0.0669256 0.1385797 0.0680972 0.7277385 0.0985203 0.1129957 0.0000000 0.1093788 0.0688812 0.0923528 0.3377193 0.1075131 0.0745408 0.1161480 0.1100764 0.1159383 0.4974443 0.0783605 0.1632849 0.1089486 0.1093830 0.0788222 0.0550724 0.2715881 0.0603787 0.0693806 0.4757562 0.1367013 0.1071944 0.0732161 0.1114972 0.0640703 0.3063316 0.0959466 0.5447414 0.1272531 0.1940507 0.1125172 0.0692483 0.0763951 0.1141976 0.2195321 0.0815445 0.5294448 0.3242805 0.0382779 
