85
Amauria_brandeegeana_62                    0.0000000 0.0416318 0.1069396 0.2022365 0.1986544 0.3592281 0.5993249 0.2314176 0.0072940 0.1436294 0.1630584 0.1703396 0.1568177 0.1709148 0.3736422 0.1610411 0.1441029 0.3149324 0.1784914 0.1685261 0.0809912 0.1118964 0.1424651 0.0562883 0.1612959 0.1729764 0.1849990 0.3608538 0.0511853 0.0869138 0.3824121 0.1610431 0.0149291 0.1592557 0.1898867 0.3695773 0.0739807 0.3627766 0.3888610 0.1546041 0.1601051 0.3144245 0.1388819 0.3519201 0.3865534 0.1601407 0.1564800 0.1559890 0.3778503 0.1728181 0.1548355 0.1589169 0.1701527 0.1536510 0.3147097 0.0919847 0.0696469 0.1594722 0.1593915 0.2077979 0.1299809 0.3054292 0.0863626 0.1690308 0.3517013 0.4621485 0.3345945 0.3495959 0.2333770 0.1773476 0.1410697 0.1965095 0.1677118 0.1544142 0.1536853 0.1041317 0.4690212 0.3219037 0.1760399 0.1704776 0.2049219 0.1553778 0.1714698 0.1438908 0.1806036 
Amauria_carterae_99_mesa                   0.0416318 0.0000000 0.0303127 0.1596438 0.0476092 0.1159423 0.1877942 0.1231963 0.0414325 0.0474986 0.0417279 0.0474400 0.0388720 0.0388720 0.1387023 0.0445879 0.1388552 0.1562456 0.0417652 0.0360628 0.0502637 0.1062077 0.0417827 0.0474328 0.0447416 0.0562286 0.0708555 0.1386506 0.0360705 0.0773855 0.1494409 0.0417236 0.0444821 0.0417541 0.0590946 0.1564654 0.0475101 0.1459797 0.1489811 0.0388720 0.0388720 0.1562688 0.0445361 0.1527161 0.1556878 0.0474430 0.0445361 0.0474252 0.1492456 0.0388720 0.0446255 0.0388720 0.0620487 0.0388720 0.1419250 0.0825268 0.0532876 0.0473804 0.0473804 0.1413986 0.1349452 0.1316500 0.0656175 0.0446090 0.1347137 0.1537730 0.1423739 0.1527711 0.1753156 0.0532740 0.0417827 0.0389190 0.0474101 0.0502952 0.0473951 0.0672315 0.3519347 0.1348390 0.0417019 0.0445806 0.1385548 0.0445361 0.0389375 0.1424930 0.0824682 
Amauria_rotundifolia_SRR9119150            0.1069396 0.0303127 0.0000000 0.1986508 0.2135070 0.3605877 0.5890864 0.2155697 0.0884037 0.1612957 0.1532738 0.1701771 0.1623746 0.1458481 0.3756256 0.1573408 0.1345000 0.2775951 0.1600852 0.1621895 0.0716084 0.0866571 0.1444044 0.0456915 0.1591431 0.1662940 0.1945624 0.3615827 0.0442257 0.0721974 0.3793233 0.1594234 0.0376052 0.1522562 0.1699143 0.3573358 0.0569786 0.3360017 0.3872404 0.1489851 0.1455193 0.2956078 0.1098265 0.3344423 0.3875443 0.1572578 0.1547900 0.1561642 0.3711320 0.1478412 0.1517754 0.1511711 0.1483078 0.1379599 0.2907590 0.0759792 0.0570352 0.1425271 0.1600946 0.2017274 0.1265805 0.2970979 0.0601558 0.1655986 0.3236054 0.4379581 0.3105655 0.3450329 0.2123013 0.1719230 0.1429781 0.2287968 0.1570379 0.1314617 0.1409866 0.0793271 0.4588602 0.3250779 0.1736103 0.1650223 0.1909148 0.1548721 0.1662540 0.1346426 0.1505857 
Conoclinium_coelestinum_SRR9119114         0.2022365 0.1596438 0.1986508 0.0000000 0.1966762 0.1501319 0.3466558 0.2438147 0.2355432 0.1868628 0.1934750 0.2007776 0.1958929 0.1937186 0.2536723 0.2054625 0.1814630 0.2617571 0.1986393 0.1983209 0.1957803 0.3396650 0.1958929 0.1983745 0.1940086 0.2050665 0.2047649 0.2449625 0.2011521 0.3152908 0.2627068 0.2034417 0.2321030 0.1960169 0.2100740 0.2427002 0.2004895 0.2535531 0.2706851 0.1957634 0.1957504 0.2531995 0.1957204 0.2630723 0.2701033 0.2050323 0.1933425 0.1955400 0.2606562 0.1979756 0.1982416 0.1957634 0.2074319 0.1959431 0.2443461 0.2407869 0.1981523 0.1980060 0.1980060 0.2626286 0.2142045 0.2625919 0.2290642 0.1936701 0.2361093 0.2838609 0.2496523 0.2465760 0.3228272 0.2077586 0.1958929 0.2102186 0.1981061 0.1979072 0.1981146 0.3004546 0.6588074 0.2546213 0.1956576 0.1963217 0.2637041 0.1957204 0.2009500 0.1733337 0.2888068 
Eutetras_palmeri_63                        0.1986544 0.0476092 0.2135070 0.1966762 0.0000000 0.3586225 0.5513719 0.2103894 0.1950092 0.2361865 0.2491798 0.1968787 0.2141457 0.1740927 0.3511359 0.2546169 0.1285423 0.2629460 0.1880036 0.1944643 0.0539537 0.0749182 0.2545345 0.0381558 0.2048235 0.2300170 0.2611796 0.3810519 0.0524141 0.0808640 0.3632354 0.2321433 0.1251223 0.2337931 0.1967094 0.3385559 0.0437615 0.3127288 0.3645231 0.2307422 0.1848090 0.2518789 0.1263750 0.2980689 0.4026599 0.2415105 0.2365392 0.2294858 0.3673388 0.1773686 0.2241864 0.2104231 0.1680908 0.1716343 0.2759113 0.0664619 0.0480386 0.1724421 0.2183815 0.1866372 0.1203955 0.2490515 0.0539291 0.2691131 0.3359700 0.4249182 0.2945172 0.3607535 0.2090665 0.2197010 0.2469198 0.2386823 0.2598812 0.1620424 0.1807224 0.0690084 0.4867167 0.3323896 0.2411074 0.2419406 0.1754631 0.2198697 0.2064297 0.1288624 0.1435389 
Eutrochium_fistulosum_SRR9119106           0.3592281 0.1159423 0.3605877 0.1501319 0.3586225 0.0000000 0.6369574 0.3930331 0.4501599 0.3052639 0.3435959 0.3491729 0.3497207 0.3430857 0.4312333 0.3646343 0.1542871 0.4705636 0.3522920 0.3493249 0.3007340 0.3099576 0.3409518 0.2374447 0.3400938 0.3537965 0.3582059 0.4234225 0.2766389 0.4477327 0.4378216 0.3480992 0.3886222 0.3494734 0.3638874 0.4536641 0.2444936 0.4565504 0.4495982 0.3495431 0.3516891 0.4315161 0.3440019 0.4782391 0.4660108 0.3640094 0.3430625 0.3471741 0.4496071 0.3495167 0.3492951 0.3495431 0.3636158 0.3491877 0.4014013 0.3589569 0.3026331 0.3449852 0.3471292 0.3441609 0.1939012 0.4083614 0.1965826 0.3566370 0.4094199 0.4755540 0.4288632 0.4269213 0.4942964 0.3603311 0.3358052 0.3725321 0.3409379 0.3510587 0.3522258 0.3122716 0.7128415 0.4286378 0.3539535 0.3592286 0.3706034 0.3432141 0.3646650 0.1449719 0.5040528 
Galeana_pratensis_104_mex                  0.5993249 0.1877942 0.5890864 0.3466558 0.5513719 0.6369574 0.0000000 0.4916670 0.5849299 0.4713011 0.4971794 0.5177186 0.4990212 0.5100409 0.5253825 0.4933317 0.1440936 0.4876022 0.5141593 0.4968495 0.4259048 0.3151638 0.5028195 0.3279360 0.5088557 0.5252027 0.5530136 0.5031745 0.3766613 0.4281819 0.5149847 0.5235132 0.5039098 0.5064331 0.5295552 0.5153451 0.3305827 0.5139848 0.5448759 0.4990212 0.5037878 0.4901698 0.4989890 0.6009362 0.5269782 0.5153608 0.5094820 0.5090658 0.5290047 0.4996263 0.5060673 0.4990212 0.5301908 0.5091023 0.5213388 0.3804909 0.4243081 0.5059763 0.5092880 0.4281088 0.1659681 0.4606020 0.2769898 0.5191918 0.5043078 0.4561650 0.4848302 0.4958393 0.4207740 0.4877010 0.4921645 0.5716679 0.4914702 0.4950428 0.5171085 0.3276396 0.5907480 0.5269936 0.5058867 0.5175453 0.3173252 0.5059763 0.5305546 0.1220139 0.4716349 
Helianthus_annuus_SRR9119062               0.2314176 0.1231963 0.2155697 0.2438147 0.2103894 0.3930331 0.4916670 0.0000000 0.2545565 0.1593534 0.1535096 0.1520560 0.1472110 0.1504627 0.2436937 0.1586427 0.1716482 0.2502499 0.1603981 0.1503382 0.1504281 0.1667826 0.1522476 0.1298756 0.1555583 0.1727522 0.1649415 0.2308635 0.1479229 0.1576508 0.2449581 0.1617576 0.2261956 0.1506193 0.1727043 0.2418618 0.1397187 0.2484606 0.2427773 0.1471441 0.1472944 0.2447423 0.1552722 0.2722130 0.2610369 0.1550817 0.1502437 0.1520100 0.2470189 0.1471185 0.1505216 0.1471441 0.1760957 0.1503288 0.2441062 0.1655818 0.1646539 0.1502697 0.1534335 0.2377078 0.1755901 0.2381072 0.1203872 0.1536165 0.2163031 0.4734926 0.2314404 0.2368683 0.2230222 0.1600900 0.1487689 0.1914744 0.1497534 0.1568541 0.1582343 0.1510571 0.4908862 0.2389707 0.1588093 0.1554679 0.2204462 0.1518634 0.1717127 0.1576676 0.1796050 
Lycapsus_tenuifolius_17                    0.0072940 0.0414325 0.0884037 0.2355432 0.1950092 0.4501599 0.5849299 0.2545565 0.0000000 0.1579123 0.1719903 0.1757607 0.1701625 0.1739748 0.3389542 0.1754928 0.1381455 0.3344182 0.1796123 0.1718606 0.0946129 0.1019294 0.1575186 0.0598522 0.1782470 0.1884558 0.1945385 0.3339763 0.0552884 0.0842158 0.3289183 0.1724586 0.0099191 0.1704327 0.1885677 0.3190135 0.0654378 0.3316239 0.3509726 0.1701625 0.1740418 0.2966829 0.1740863 0.3398024 0.3453512 0.1772911 0.1738052 0.1770927 0.3309215 0.1720808 0.1704776 0.1701625 0.1904326 0.1737957 0.3495756 0.0898002 0.0743777 0.1738052 0.1756113 0.2272972 0.1291843 0.2887470 0.0692198 0.1776811 0.3314426 0.4578205 0.3132066 0.3200525 0.2376681 0.1775254 0.1552414 0.1750597 0.1795537 0.1758501 0.1721354 0.0760707 0.3572748 0.3152325 0.1818242 0.1798478 0.1918402 0.1737944 0.1772126 0.1417064 0.1779542 
Pericome_caudata_50_silver                 0.1436294 0.0474986 0.1612957 0.1868628 0.2361865 0.3052639 0.4713011 0.1593534 0.1579123 0.0000000 0.1383331 0.0786472 0.0999836 0.0621313 0.2900563 0.1344853 0.1443243 0.2221755 0.0794729 0.0722800 0.0658142 0.1097862 0.1910418 0.0636764 0.0812999 0.1014086 0.1992981 0.2783515 0.0537151 0.0790126 0.2995151 0.0921538 0.1235714 0.1163808 0.0821277 0.2457975 0.0805671 0.2457075 0.2981721 0.1146219 0.0757893 0.2475586 0.0754505 0.2939532 0.3165520 0.1169971 0.1216825 0.1133772 0.2691880 0.0725266 0.1027286 0.0886693 0.0873082 0.0709327 0.2072896 0.0910269 0.0599091 0.0755467 0.0951300 0.2027414 0.1397072 0.2459646 0.0700128 0.1535333 0.2201344 0.3968927 0.2419150 0.2671660 0.1884712 0.0892036 0.1603446 0.1993232 0.1747031 0.0808808 0.0746715 0.0909700 0.4217622 0.2498759 0.1257072 0.1148648 0.1877270 0.0958491 0.0644573 0.1439864 0.0804798 
Perityle_aglossa_84_dead_horse             0.1630584 0.0417279 0.1532738 0.1934750 0.2491798 0.3435959 0.4971794 0.1535096 0.1719903 0.1383331 0.0000000 0.0305299 0.0486520 0.0161138 0.3045784 0.0237462 0.1250037 0.2156106 0.0268254 0.0192330 0.0192689 0.0573709 0.0613814 0.0222095 0.0273858 0.0595225 0.1651709 0.2755696 0.0573825 0.0811484 0.2842454 0.0923143 0.1174949 0.0207205 0.0534152 0.2613540 0.0301190 0.2514725 0.3089396 0.0302814 0.0227206 0.2513771 0.0274983 0.3071910 0.3150721 0.0247419 0.0310674 0.0254249 0.2677357 0.0216936 0.0242948 0.0224963 0.0544911 0.0206365 0.2049321 0.0583592 0.0277272 0.0295023 0.0309000 0.1882299 0.1169146 0.2473588 0.0476333 0.0771640 0.2252643 0.4150734 0.2403445 0.2646035 0.2136665 0.0281250 0.0609018 0.2074908 0.0341995 0.0318950 0.0275545 0.0442958 0.4478539 0.2282141 0.0241403 0.0521673 0.1754496 0.0288361 0.0857861 0.1225293 0.0547848 
Perityle_ajoensis_204                      0.1703396 0.0474400 0.1701771 0.2007776 0.1968787 0.3491729 0.5177186 0.1520560 0.1757607 0.0786472 0.0305299 0.0000000 0.0491744 0.0150559 0.2889166 0.0255009 0.1312915 0.2213289 0.0237145 0.0173407 0.0076562 0.0574807 0.0245831 0.0139094 0.0106760 0.0559280 0.1313319 0.2547526 0.0573463 0.0812153 0.2641266 0.0832849 0.1212949 0.0206252 0.0500125 0.2598618 0.0334783 0.2515552 0.2962305 0.0206441 0.0239742 0.2463540 0.0087445 0.3016263 0.2750764 0.0244733 0.0126051 0.0097279 0.2618647 0.0185823 0.0195242 0.0187013 0.0503567 0.0196453 0.2066111 0.0544006 0.0308716 0.0111608 0.0135887 0.1956770 0.1268317 0.2453301 0.0538483 0.0335000 0.2282203 0.4185929 0.2488555 0.2702285 0.2177495 0.0267455 0.0236892 0.1621012 0.0107938 0.0148287 0.0181622 0.0336673 0.4376259 0.2637294 0.0221149 0.0346252 0.1832427 0.0106571 0.0858904 0.1285420 0.0485787 
Perityle_ambrosiifolia_67_green            0.1568177 0.0388720 0.1623746 0.1958929 0.2141457 0.3497207 0.4990212 0.1472110 0.1701625 0.0999836 0.0486520 0.0491744 0.0000000 0.0085693 0.2992190 0.0443638 0.1250037 0.2153429 0.0258145 0.0412261 0.0140816 0.0517110 0.0385348 0.0183248 0.0484865 0.0663651 0.1405374 0.2772797 0.0543940 0.0810416 0.2889436 0.1023005 0.1173039 0.0418707 0.0445684 0.2591105 0.0250519 0.2491948 0.2979054 0.0310408 0.0244190 0.2451123 0.0190132 0.2978668 0.2988075 0.0443479 0.0497374 0.0480128 0.2811831 0.0081994 0.0426237 0.0313498 0.0456948 0.0111184 0.2017562 0.0543031 0.0261481 0.0219239 0.0479307 0.1901180 0.1169146 0.2445435 0.0414968 0.0547122 0.2290261 0.4182521 0.2407356 0.2758623 0.2131672 0.0529506 0.0378206 0.1813553 0.0566723 0.0222901 0.0259091 0.0416152 0.4460606 0.2564414 0.0497525 0.0552324 0.1803337 0.0485274 0.0902156 0.1225293 0.0422985 
Perityle_angustifolia_13_Eagle_creek       0.1709148 0.0388720 0.1458481 0.1937186 0.1740927 0.3430857 0.5100409 0.1504627 0.1739748 0.0621313 0.0161138 0.0150559 0.0085693 0.0000000 0.2338675 0.0150521 0.1250037 0.2195674 0.0150798 0.0086334 0.0143864 0.0546402 0.0123314 0.0135524 0.0128966 0.0397808 0.1087971 0.1984534 0.0512186 0.0811820 0.2173191 0.0621574 0.1194323 0.0096360 0.0420750 0.2133688 0.0163956 0.2078194 0.2522974 0.0085666 0.0118116 0.1978060 0.0128319 0.2587816 0.2169178 0.0139479 0.0150302 0.0118522 0.1979555 0.0096407 0.0096389 0.0085666 0.0415128 0.0032312 0.2034605 0.0543772 0.0277552 0.0118217 0.0128683 0.1883589 0.1202292 0.2016166 0.0476441 0.0182883 0.1877941 0.4198589 0.2171012 0.2298430 0.2179346 0.0161409 0.0112784 0.1407449 0.0141473 0.0178903 0.0172022 0.0416913 0.4169136 0.2152282 0.0150573 0.0205131 0.1792808 0.0128714 0.0703416 0.1225293 0.0486013 
Perityle_batopilensis_97                   0.3736422 0.1387023 0.3756256 0.2536723 0.3511359 0.4312333 0.5253825 0.2436937 0.3389542 0.2900563 0.3045784 0.2889166 0.2992190 0.2338675 0.0000000 0.3036980 0.0993833 0.1195830 0.2717732 0.2678950 0.2099023 0.2056913 0.3009126 0.2412616 0.3051743 0.3193309 0.3546041 0.1447558 0.2205120 0.2393353 0.1805237 0.3022465 0.2722042 0.2949442 0.2701361 0.1637193 0.2512102 0.1264186 0.0990924 0.2983154 0.2911894 0.1109350 0.2573640 0.1729364 0.1676637 0.3069357 0.3069459 0.3036809 0.1634062 0.2637664 0.2985092 0.2911633 0.2880317 0.2693059 0.1094850 0.2299933 0.1944865 0.2794804 0.3059973 0.1104710 0.0549979 0.0960392 0.1567231 0.3157134 0.1277402 0.3663111 0.1381901 0.2054281 0.0968035 0.2671684 0.3000943 0.3335439 0.2988324 0.2676318 0.2829537 0.2115485 0.6343324 0.1438459 0.2807219 0.3162429 0.1044342 0.3054520 0.2870830 0.0103947 0.2359703 
Perityle_bisetosa_9                        0.1610411 0.0445879 0.1573408 0.2054625 0.2546169 0.3646343 0.4933317 0.1586427 0.1754928 0.1344853 0.0237462 0.0255009 0.0443638 0.0150521 0.3036980 0.0000000 0.1311288 0.2213514 0.0153607 0.0161711 0.0231975 0.0461748 0.0540891 0.0221846 0.0234881 0.0521261 0.1635517 0.2761571 0.0618888 0.0862748 0.2874801 0.0896992 0.1211025 0.0181674 0.0512090 0.2649958 0.0248828 0.2580741 0.3113844 0.0258562 0.0179824 0.2574226 0.0253260 0.3111358 0.3166682 0.0132160 0.0242024 0.0227587 0.2697819 0.0164846 0.0174081 0.0142159 0.0480258 0.0167141 0.2083673 0.0583527 0.0340152 0.0264200 0.0240372 0.1955504 0.1232116 0.2550555 0.0537272 0.0804774 0.2319549 0.4183409 0.2460752 0.2691288 0.2215237 0.0139404 0.0527860 0.2141670 0.0307223 0.0284968 0.0261430 0.0442897 0.4604419 0.2429400 0.0214245 0.0548157 0.1802384 0.0250591 0.0847573 0.1283896 0.0527015 
Perityle_californica_76_positas            0.1441029 0.1388552 0.1345000 0.1814630 0.1285423 0.1542871 0.1440936 0.1716482 0.1381455 0.1443243 0.1250037 0.1312915 0.1250037 0.1250037 0.0993833 0.1311288 0.0000000 0.0972055 0.1314958 0.1250037 0.1311142 0.2069856 0.1283544 0.1312678 0.1319019 0.1409611 0.1509071 0.0731530 0.1280083 0.1708041 0.0245063 0.1443285 0.1419499 0.1282617 0.1440410 0.0971545 0.1343311 0.0792690 0.1114389 0.1250037 0.1250037 0.0940292 0.1280221 0.0939987 0.0999254 0.1375267 0.1280221 0.1312434 0.0850568 0.1250037 0.1314554 0.1250037 0.1504330 0.1250037 0.0789762 0.1621095 0.1282149 0.1311142 0.1311142 0.0789070 0.0748238 0.0849511 0.1403800 0.1282149 0.0758424 0.1231669 0.0971961 0.1063353 0.0933965 0.1441080 0.1283544 0.1345113 0.1312038 0.1312038 0.1311588 0.1792305 0.4803003 0.0700970 0.1280889 0.1313172 0.0978780 0.1280221 0.1281374 0.0935718 0.1441320 
Perityle_canescens_77                      0.3149324 0.1562456 0.2775951 0.2617571 0.2629460 0.4705636 0.4876022 0.2502499 0.3344182 0.2221755 0.2156106 0.2213289 0.2153429 0.2195674 0.1195830 0.2213514 0.0972055 0.0000000 0.2280107 0.2175702 0.2150735 0.2194064 0.2238912 0.1973862 0.2220800 0.2332796 0.2476744 0.0871006 0.2151950 0.2607152 0.1317367 0.2228391 0.2958832 0.2177626 0.2357735 0.0616967 0.2038617 0.0539046 0.1451741 0.2153429 0.2173947 0.0595421 0.2174876 0.1099608 0.0649848 0.2272140 0.2173116 0.2212750 0.0521018 0.2173947 0.2177457 0.2153429 0.2377432 0.2193293 0.0906303 0.2555929 0.2156272 0.2231157 0.2231157 0.0960067 0.0314113 0.0891015 0.1679496 0.2273461 0.0822458 0.4104804 0.1487312 0.1539049 0.1410576 0.2314565 0.2199611 0.2468905 0.2244919 0.2214874 0.2251378 0.2262026 0.5147400 0.0458394 0.2239400 0.2278445 0.1052377 0.2211930 0.2234675 0.0900847 0.2606649 
Perityle_castillonii_96                    0.1784914 0.0417652 0.1600852 0.1986393 0.1880036 0.3522920 0.5141593 0.1603981 0.1796123 0.0794729 0.0268254 0.0237145 0.0258145 0.0150798 0.2717732 0.0153607 0.1314958 0.2280107 0.0000000 0.0168522 0.0232222 0.0519011 0.0203464 0.0230508 0.0216387 0.0487909 0.1177694 0.2298850 0.0634351 0.0916144 0.2445801 0.0806964 0.1252300 0.0174496 0.0513059 0.2464289 0.0127083 0.2402537 0.2955103 0.0164139 0.0195433 0.2346567 0.0214609 0.2934971 0.2479576 0.0143104 0.0236756 0.0206588 0.2366989 0.0175611 0.0174434 0.0164139 0.0514484 0.0178631 0.2088564 0.0645418 0.0340867 0.0198208 0.0215844 0.1940593 0.1268618 0.2336525 0.0507090 0.0299999 0.2228867 0.4229867 0.2461738 0.2612428 0.2306234 0.0158004 0.0193871 0.1539017 0.0229428 0.0260185 0.0259418 0.0470445 0.4492764 0.2537847 0.0207380 0.0300345 0.1857584 0.0215981 0.0871371 0.1287335 0.0548926 
Perityle_cernua_84                         0.1685261 0.0360628 0.1621895 0.1983209 0.1944643 0.3493249 0.4968495 0.1503382 0.1718606 0.0722800 0.0192330 0.0173407 0.0412261 0.0086334 0.2678950 0.0161711 0.1250037 0.2175702 0.0168522 0.0000000 0.0153916 0.0545556 0.0146776 0.0147003 0.0151728 0.0471252 0.1297185 0.2312209 0.0544210 0.0837174 0.2452116 0.0750204 0.1173331 0.0121097 0.0470965 0.2305250 0.0189365 0.2218347 0.2767681 0.0090544 0.0123913 0.2165729 0.0149031 0.2762806 0.2489781 0.0161584 0.0171787 0.0141954 0.2322872 0.0105377 0.0120952 0.0090544 0.0434223 0.0107235 0.2024891 0.0563583 0.0293215 0.0138528 0.0141190 0.1902687 0.1169146 0.2136234 0.0476197 0.0192138 0.2056598 0.4155040 0.2305044 0.2482004 0.2135945 0.0204735 0.0137064 0.1610005 0.0163760 0.0186830 0.0201367 0.0416298 0.4347766 0.2369512 0.0161763 0.0223322 0.1756254 0.0151448 0.0759416 0.1225293 0.0506825 
Perityle_cfvillosa_25_tin                  0.0809912 0.0502637 0.0716084 0.1957803 0.0539537 0.3007340 0.4259048 0.1504281 0.0946129 0.0658142 0.0192689 0.0076562 0.0140816 0.0143864 0.2099023 0.0231975 0.1311142 0.2150735 0.0232222 0.0153916 0.0000000 0.0602579 0.0179883 0.0102626 0.0089542 0.0409783 0.0457466 0.1951883 0.0588800 0.0863042 0.2013824 0.0566873 0.0965573 0.0166898 0.0451033 0.2158810 0.0218920 0.2022311 0.2222418 0.0140763 0.0166722 0.2089604 0.0089395 0.2212211 0.2154742 0.0205718 0.0063666 0.0076529 0.2106196 0.0153622 0.0153758 0.0140763 0.0423411 0.0127904 0.1778608 0.0563704 0.0324273 0.0038156 0.0012696 0.1935626 0.1266548 0.2074072 0.0428518 0.0218728 0.1843772 0.4087269 0.1982459 0.2012019 0.2217846 0.0234344 0.0168196 0.0618673 0.0051773 0.0140900 0.0140677 0.0362796 0.3863254 0.1993205 0.0219085 0.0258478 0.1804610 0.0038161 0.0609151 0.1283760 0.0476063 
Perityle_cinerea_113_Powell1310            0.1118964 0.1062077 0.0866571 0.3396650 0.0749182 0.3099576 0.3151638 0.1667826 0.1019294 0.1097862 0.0573709 0.0574807 0.0517110 0.0546402 0.2056913 0.0461748 0.2069856 0.2194064 0.0519011 0.0545556 0.0602579 0.0000000 0.0604019 0.0546854 0.0549331 0.0748872 0.0892648 0.2056355 0.0894415 0.0757589 0.2085965 0.0926296 0.1050582 0.0518175 0.0836057 0.2187942 0.0518873 0.2041546 0.2017207 0.0517110 0.0545583 0.2042768 0.0546059 0.2110493 0.2182956 0.0517619 0.0573884 0.0574629 0.2038382 0.0545583 0.0546261 0.0517110 0.0747765 0.0574245 0.1949670 0.0853006 0.0647374 0.0574096 0.0574096 0.2136654 0.1692457 0.2004756 0.0503247 0.0632323 0.1922206 0.3564017 0.1891550 0.1924974 0.1865704 0.0518179 0.0604019 0.0924185 0.0574451 0.0518284 0.0602764 0.0204064 0.2001706 0.1960105 0.0517456 0.0633462 0.1892211 0.0546059 0.0924619 0.1714426 0.0467540 
Perityle_coahuilensis_24                   0.1424651 0.0417827 0.1444044 0.1958929 0.2545345 0.3409518 0.5028195 0.1522476 0.1575186 0.1910418 0.0613814 0.0245831 0.0385348 0.0123314 0.3009126 0.0540891 0.1283544 0.2238912 0.0203464 0.0146776 0.0179883 0.0604019 0.0000000 0.0250194 0.0245377 0.0549369 0.1415130 0.2779570 0.0589335 0.0917922 0.2836250 0.0892123 0.1148898 0.0406350 0.0465313 0.2590279 0.0311877 0.2534735 0.2990481 0.0102519 0.0120767 0.2541536 0.0251709 0.2983872 0.3275039 0.0319153 0.0633099 0.0453992 0.2711418 0.0074693 0.0209791 0.0109796 0.0484786 0.0154329 0.2008864 0.0625559 0.0325031 0.0275811 0.0302876 0.1976975 0.1203408 0.2536625 0.0304064 0.0887350 0.2288508 0.4236632 0.2366375 0.2659478 0.2312099 0.0250532 0.0018833 0.2375197 0.1007137 0.0276902 0.0254135 0.0498319 0.4457182 0.2422382 0.0413245 0.0548639 0.1909124 0.0270278 0.0828206 0.1257297 0.0507721 
Perityle_cochisensis_44_cave_creek         0.0562883 0.0474328 0.0456915 0.1983745 0.0381558 0.2374447 0.3279360 0.1298756 0.0598522 0.0636764 0.0222095 0.0139094 0.0183248 0.0135524 0.2412616 0.0221846 0.1312678 0.1973862 0.0230508 0.0147003 0.0102626 0.0546854 0.0250194 0.0000000 0.0090660 0.0357596 0.0436182 0.2217551 0.0543026 0.0815307 0.2333391 0.0648699 0.0620824 0.0183235 0.0435740 0.2438582 0.0288354 0.2287563 0.2318035 0.0183389 0.0196313 0.2347221 0.0091368 0.2359537 0.2474948 0.0248204 0.0090405 0.0090460 0.2383207 0.0171864 0.0168831 0.0185521 0.0424801 0.0209492 0.1519689 0.0530039 0.0298259 0.0116441 0.0129525 0.1758882 0.1236625 0.2271256 0.0366601 0.0329212 0.2034497 0.3621233 0.2053759 0.2288887 0.1946811 0.0209276 0.0236757 0.0583763 0.0103458 0.0124765 0.0103307 0.0363169 0.4280974 0.2210330 0.0188699 0.0276672 0.1652665 0.0077448 0.0635027 0.1285199 0.0455411 
Perityle_congesta_202                      0.1612959 0.0447416 0.1591431 0.1940086 0.2048235 0.3400938 0.5088557 0.1555583 0.1782470 0.0812999 0.0273858 0.0106760 0.0484865 0.0128966 0.3051743 0.0234881 0.1319019 0.2220800 0.0216387 0.0151728 0.0089542 0.0549331 0.0245377 0.0090660 0.0000000 0.0468496 0.1287545 0.2648921 0.0574559 0.0842242 0.2891392 0.0804339 0.1217268 0.0192406 0.0478053 0.2669744 0.0302416 0.2594851 0.3071092 0.0183671 0.0225785 0.2619316 0.0072999 0.3148613 0.2885996 0.0251345 0.0068155 0.0043111 0.2717841 0.0165073 0.0191171 0.0176120 0.0470107 0.0186244 0.2054385 0.0546245 0.0341180 0.0082045 0.0077328 0.1943184 0.1274425 0.2564525 0.0510496 0.0338750 0.2330378 0.4151601 0.2531317 0.2680715 0.2238885 0.0242717 0.0237448 0.1674820 0.0095800 0.0123960 0.0126686 0.0311797 0.4631829 0.2548375 0.0207712 0.0334744 0.1864611 0.0051551 0.0836077 0.1291144 0.0508802 
Perityle_cordifolia_27                     0.1729764 0.0562286 0.1662940 0.2050665 0.2300170 0.3537965 0.5252027 0.1727522 0.1884558 0.1014086 0.0595225 0.0559280 0.0663651 0.0397808 0.3193309 0.0521261 0.1409611 0.2332796 0.0487909 0.0471252 0.0409783 0.0748872 0.0549369 0.0357596 0.0468496 0.0000000 0.1335519 0.2860666 0.0680434 0.0937119 0.3036584 0.0955841 0.1333180 0.0487567 0.0094410 0.2757334 0.0523367 0.2629873 0.3117533 0.0478973 0.0455365 0.2699299 0.0444518 0.3206382 0.3032323 0.0536339 0.0520131 0.0473647 0.2779563 0.0424712 0.0474920 0.0477659 0.0115265 0.0420110 0.2139170 0.0450699 0.0455568 0.0458496 0.0472332 0.2038832 0.1238388 0.2622517 0.0145155 0.0746116 0.2464684 0.4266857 0.2611061 0.2775302 0.2347247 0.0562117 0.0543738 0.1927218 0.0541508 0.0513334 0.0484142 0.0636294 0.4739680 0.2397903 0.0542914 0.0725941 0.1955535 0.0460401 0.0882068 0.1407272 0.0298417 
Perityle_cordifolia_68_tecolote            0.1849990 0.0708555 0.1945624 0.2047649 0.2611796 0.3582059 0.5530136 0.1649415 0.1945385 0.1992981 0.1651709 0.1313319 0.1405374 0.1087971 0.3546041 0.1635517 0.1509071 0.2476744 0.1177694 0.1297185 0.0457466 0.0892648 0.1415130 0.0436182 0.1287545 0.1335519 0.0000000 0.3629154 0.0745545 0.0967308 0.3648757 0.1776183 0.1368395 0.1511724 0.1092308 0.3384854 0.0626349 0.3400691 0.3485588 0.1497891 0.1120087 0.2755783 0.0728288 0.3347004 0.3898132 0.1539464 0.1592469 0.1516423 0.3613660 0.1099488 0.1400542 0.1397476 0.0960082 0.1026439 0.2711643 0.0150349 0.0528558 0.1106502 0.1429232 0.2117519 0.1500836 0.2667699 0.0539717 0.1702899 0.3255828 0.4430303 0.3011260 0.3569039 0.2223036 0.1449572 0.1412834 0.2630927 0.1644821 0.1037231 0.1132336 0.0745731 0.4933873 0.3224200 0.1677195 0.1549784 0.2060285 0.1339213 0.1535265 0.1502924 0.0441469 
Perityle_coronopifolia_28_patagonia        0.3608538 0.1386506 0.3615827 0.2449625 0.3810519 0.4234225 0.5031745 0.2308635 0.3339763 0.2783515 0.2755696 0.2547526 0.2772797 0.1984534 0.1447558 0.2761571 0.0731530 0.0871006 0.2298850 0.2312209 0.1951883 0.2056355 0.2779570 0.2217551 0.2648921 0.2860666 0.3629154 0.0000000 0.2067667 0.2351671 0.1717444 0.2755727 0.2656637 0.2718764 0.2304563 0.0828768 0.2334666 0.0668818 0.2004053 0.2723019 0.2487346 0.0774591 0.2401224 0.1329665 0.0770735 0.2793612 0.2740339 0.2718578 0.0715607 0.2251572 0.2725348 0.2668707 0.2678893 0.2384080 0.0653029 0.2199539 0.1895578 0.2414202 0.2770778 0.0667497 0.0141918 0.0630725 0.1621897 0.2890259 0.0201170 0.4058504 0.1458667 0.2111917 0.1075233 0.2358771 0.2770711 0.3438268 0.2713555 0.2359276 0.2410912 0.2120499 0.6186146 0.1052105 0.2605468 0.2889597 0.0420083 0.2741248 0.2455125 0.0672147 0.2300037 
Perityle_crassifolia_70_ventanas           0.0511853 0.0360705 0.0442257 0.2011521 0.0524141 0.2766389 0.3766613 0.1479229 0.0552884 0.0537151 0.0573825 0.0573463 0.0543940 0.0512186 0.2205120 0.0618888 0.1280083 0.2151950 0.0634351 0.0544210 0.0588800 0.0894415 0.0589335 0.0543026 0.0574559 0.0680434 0.0745545 0.2067667 0.0000000 0.0165938 0.2146491 0.0477391 0.0573419 0.0558860 0.0712681 0.2176540 0.0614953 0.2048480 0.2379019 0.0543705 0.0573744 0.2064492 0.0543203 0.2080631 0.2191391 0.0632879 0.0557766 0.0573167 0.2136353 0.0558267 0.0543327 0.0543705 0.0680113 0.0558526 0.1823325 0.0840904 0.0583751 0.0557874 0.0573092 0.1989387 0.1138867 0.2081423 0.0459757 0.0559390 0.2027145 0.3904405 0.2098844 0.2153071 0.2173445 0.0611369 0.0574243 0.0045097 0.0559047 0.0617605 0.0602179 0.0773403 0.3856277 0.1998244 0.0603724 0.0635248 0.1953939 0.0543203 0.0013698 0.1250198 0.0759578 
Perityle_crassifolia_74_playa_balandra     0.0869138 0.0773855 0.0721974 0.3152908 0.0808640 0.4477327 0.4281819 0.1576508 0.0842158 0.0790126 0.0811484 0.0812153 0.0810416 0.0811820 0.2393353 0.0862748 0.1708041 0.2607152 0.0916144 0.0837174 0.0863042 0.0757589 0.0917922 0.0815307 0.0842242 0.0937119 0.0967308 0.2351671 0.0165938 0.0000000 0.2346850 0.0679973 0.0868444 0.0810689 0.0937966 0.2372091 0.0911154 0.2241027 0.2482968 0.0810416 0.0889825 0.2302338 0.0811360 0.2300685 0.2406744 0.0887821 0.0811360 0.0864125 0.2398247 0.0836728 0.0784765 0.0810416 0.0882643 0.0837118 0.2231139 0.0994219 0.0865861 0.0836927 0.0836927 0.2500582 0.1393219 0.2303314 0.0713559 0.0865064 0.2283518 0.4839323 0.2259622 0.2253801 0.2173445 0.0915483 0.0891173 0.0188617 0.0846221 0.0888996 0.0863284 0.0674423 0.1193882 0.2192688 0.0891050 0.0946229 0.2208818 0.0811360 0.0188693 0.1592013 0.0940691 
Perityle_cuneata_34_cuneata_San_antonio    0.3824121 0.1494409 0.3793233 0.2627068 0.3632354 0.4378216 0.5149847 0.2449581 0.3289183 0.2995151 0.2842454 0.2641266 0.2889436 0.2173191 0.1805237 0.2874801 0.0245063 0.1317367 0.2445801 0.2452116 0.2013824 0.2085965 0.2836250 0.2333391 0.2891392 0.3036584 0.3648757 0.1717444 0.2146491 0.2346850 0.0000000 0.2941688 0.2695394 0.2823144 0.2493962 0.1801929 0.2445960 0.1698637 0.2360399 0.2800450 0.2626632 0.1464405 0.2532921 0.2052415 0.1911718 0.2910292 0.2893408 0.2860656 0.1676382 0.2394194 0.2816047 0.2732561 0.2826786 0.2530512 0.1218889 0.2188335 0.1917671 0.2611595 0.2869791 0.1154118 0.0704394 0.1198414 0.1731358 0.2930961 0.1371931 0.4059859 0.1535693 0.2278436 0.1474601 0.2553473 0.2856457 0.3432666 0.2843998 0.2493025 0.2691529 0.2070106 0.6272199 0.1818029 0.2612369 0.2914631 0.1248048 0.2878939 0.2701132 0.0815352 0.2378786 
Perityle_cuneata_4                         0.1610431 0.0417236 0.1594234 0.2034417 0.2321433 0.3480992 0.5235132 0.1617576 0.1724586 0.0921538 0.0923143 0.0832849 0.1023005 0.0621574 0.3022465 0.0896992 0.1443285 0.2228391 0.0806964 0.0750204 0.0566873 0.0926296 0.0892123 0.0648699 0.0804339 0.0955841 0.1776183 0.2755727 0.0477391 0.0679973 0.2941688 0.0000000 0.1164219 0.0871894 0.0879537 0.2653873 0.0809657 0.2556738 0.3137666 0.0851530 0.0811425 0.2587753 0.0711934 0.3053365 0.3047019 0.0915059 0.0848286 0.0827380 0.2745805 0.0753001 0.0869034 0.0815057 0.0890002 0.0726049 0.2088110 0.0813037 0.0609564 0.0779813 0.0849383 0.1932717 0.1264331 0.2516365 0.0632199 0.1287459 0.2306253 0.4158693 0.2350564 0.2624577 0.2128330 0.0852210 0.0887404 0.1903353 0.0908874 0.0786421 0.0807929 0.0867351 0.4649971 0.2556340 0.0872889 0.1186693 0.1837341 0.0816300 0.0789240 0.1378986 0.0876282 
Perityle_discoidea_81                      0.0149291 0.0444821 0.0376052 0.2321030 0.1251223 0.3886222 0.5039098 0.2261956 0.0099191 0.1235714 0.1174949 0.1212949 0.1173039 0.1194323 0.2722042 0.1211025 0.1419499 0.2958832 0.1252300 0.1173331 0.0965573 0.1050582 0.1148898 0.0620824 0.1217268 0.1333180 0.1368395 0.2656637 0.0573419 0.0868444 0.2695394 0.1164219 0.0000000 0.1176376 0.1334038 0.2626528 0.0676485 0.2647197 0.2817617 0.1173039 0.1232178 0.2681458 0.1185154 0.2690399 0.2788579 0.1229723 0.1213715 0.1183785 0.2718700 0.1192637 0.1157631 0.1173039 0.1344274 0.1193042 0.2809104 0.0919254 0.0763371 0.1211950 0.1211868 0.2298597 0.1325512 0.2659043 0.0725250 0.1251824 0.2613860 0.4560482 0.2467567 0.2655190 0.2420597 0.1231455 0.1121712 0.1230373 0.1240846 0.1213605 0.1175299 0.0790441 0.2912109 0.2650378 0.1274102 0.1275144 0.1945833 0.1193015 0.1211680 0.1454310 0.1457179 
Perityle_dissecta_201                      0.1592557 0.0417541 0.1522562 0.1960169 0.2337931 0.3494734 0.5064331 0.1506193 0.1704327 0.1163808 0.0207205 0.0206252 0.0418707 0.0096360 0.2949442 0.0181674 0.1282617 0.2177626 0.0174496 0.0121097 0.0166898 0.0518175 0.0406350 0.0183235 0.0192406 0.0487567 0.1511724 0.2718764 0.0558860 0.0810689 0.2823144 0.0871894 0.1176376 0.0000000 0.0467403 0.2617979 0.0253429 0.2506635 0.2999938 0.0234998 0.0152874 0.2520798 0.0190110 0.3062675 0.3115482 0.0177062 0.0213548 0.0190780 0.2667639 0.0133801 0.0098345 0.0111849 0.0459167 0.0139307 0.2036625 0.0563583 0.0293105 0.0221117 0.0211766 0.1920342 0.1202512 0.2449182 0.0445519 0.0787144 0.2257447 0.4093767 0.2407818 0.2639988 0.2134703 0.0210316 0.0399837 0.1953618 0.0215849 0.0233630 0.0200671 0.0416298 0.4456457 0.2474733 0.0187345 0.0544623 0.1807189 0.0209965 0.0795274 0.1226655 0.0465190 
Perityle_emoryi_47_punta_san_jose          0.1898867 0.0590946 0.1699143 0.2100740 0.1967094 0.3638874 0.5295552 0.1727043 0.1885677 0.0821277 0.0534152 0.0500125 0.0445684 0.0420750 0.2701361 0.0512090 0.1440410 0.2357735 0.0513059 0.0470965 0.0451033 0.0836057 0.0465313 0.0435740 0.0478053 0.0094410 0.1092308 0.2304563 0.0712681 0.0937966 0.2493962 0.0879537 0.1334038 0.0467403 0.0000000 0.2475736 0.0476639 0.2375179 0.2768081 0.0433944 0.0467808 0.2369183 0.0450131 0.2932863 0.2474462 0.0511878 0.0499253 0.0468393 0.2330177 0.0444946 0.0433456 0.0433944 0.0132209 0.0440692 0.2173733 0.0451102 0.0471864 0.0447805 0.0466182 0.2062153 0.1271185 0.2339616 0.0263215 0.0533855 0.2217542 0.4264731 0.2498964 0.2614186 0.2359444 0.0516785 0.0456749 0.1651595 0.0438536 0.0523103 0.0521737 0.0719089 0.4653545 0.2492266 0.0512573 0.0534844 0.2059477 0.0454903 0.0885590 0.1436782 0.0278382 
Perityle_feddemae_99                       0.3695773 0.1564654 0.3573358 0.2427002 0.3385559 0.4536641 0.5153451 0.2418618 0.3190135 0.2457975 0.2613540 0.2598618 0.2591105 0.2133688 0.1637193 0.2649958 0.0971545 0.0616967 0.2464289 0.2305250 0.2158810 0.2187942 0.2590279 0.2438582 0.2669744 0.2757334 0.3384854 0.0828768 0.2176540 0.2372091 0.1801929 0.2653873 0.2626528 0.2617979 0.2475736 0.0000000 0.2502177 0.0481509 0.2295837 0.2564242 0.2543861 0.0225663 0.2575279 0.0750618 0.0626433 0.2628844 0.2598980 0.2617065 0.0307305 0.2387388 0.2625657 0.2493031 0.2895394 0.2566667 0.1026708 0.2241862 0.1970574 0.2594003 0.2687921 0.0849025 0.0313384 0.0910755 0.1758942 0.2740147 0.0840906 0.4039225 0.1505797 0.2153419 0.1171271 0.2222868 0.2579867 0.3014568 0.2641961 0.2557372 0.2631175 0.2133760 0.6427622 0.0986645 0.2449022 0.2704882 0.0996938 0.2669914 0.2536028 0.0871670 0.2402289 
Perityle_fosteri_93                        0.0739807 0.0475101 0.0569786 0.2004895 0.0437615 0.2444936 0.3305827 0.1397187 0.0654378 0.0805671 0.0301190 0.0334783 0.0250519 0.0163956 0.2512102 0.0248828 0.1343311 0.2038617 0.0127083 0.0189365 0.0218920 0.0518873 0.0311877 0.0288354 0.0302416 0.0523367 0.0626349 0.2334666 0.0614953 0.0911154 0.2445960 0.0809657 0.0676485 0.0253429 0.0476639 0.2502177 0.0000000 0.2387120 0.2457361 0.0250695 0.0230232 0.2411154 0.0314904 0.2423273 0.2538521 0.0236520 0.0333502 0.0334042 0.2464866 0.0212848 0.0260916 0.0240991 0.0584745 0.0242448 0.1616963 0.0606764 0.0329410 0.0358217 0.0321264 0.1810711 0.1233882 0.2335372 0.0397850 0.0362260 0.2101595 0.3679658 0.2122935 0.2254085 0.2187522 0.0176868 0.0299571 0.0645171 0.0371149 0.0319191 0.0345379 0.0443986 0.4412466 0.2190662 0.0200975 0.0384758 0.1769801 0.0290407 0.0756365 0.1313232 0.0526255 
Perityle_gamon_221                         0.3627766 0.1459797 0.3360017 0.2535531 0.3127288 0.4565504 0.5139848 0.2484606 0.3316239 0.2457075 0.2514725 0.2515552 0.2491948 0.2078194 0.1264186 0.2580741 0.0792690 0.0539046 0.2402537 0.2218347 0.2022311 0.2041546 0.2534735 0.2287563 0.2594851 0.2629873 0.3400691 0.0668818 0.2048480 0.2241027 0.1698637 0.2556738 0.2647197 0.2506635 0.2375179 0.0481509 0.2387120 0.0000000 0.1985233 0.2510861 0.2520514 0.0407121 0.2515135 0.0939522 0.0433355 0.2587946 0.2579648 0.2539722 0.0399241 0.2366253 0.2528370 0.2466164 0.2762685 0.2490333 0.0932108 0.2164066 0.1811209 0.2542872 0.2582651 0.0697834 0.0141256 0.0768083 0.1683802 0.2659018 0.0683805 0.4072699 0.1392511 0.2123633 0.1030418 0.2207026 0.2523757 0.2850072 0.2549010 0.2489833 0.2569149 0.2029991 0.6089344 0.0786777 0.2335006 0.2654497 0.0780178 0.2564771 0.2528927 0.0730208 0.2291337 
Perityle_gentryi_8_san_francisco           0.3888610 0.1489811 0.3872404 0.2706851 0.3645231 0.4495982 0.5448759 0.2427773 0.3509726 0.2981721 0.3089396 0.2962305 0.2979054 0.2522974 0.0990924 0.3113844 0.1114389 0.1451741 0.2955103 0.2767681 0.2222418 0.2017207 0.2990481 0.2318035 0.3071092 0.3117533 0.3485588 0.2004053 0.2379019 0.2482968 0.2360399 0.3137666 0.2817617 0.2999938 0.2768081 0.2295837 0.2457361 0.1985233 0.0000000 0.3010838 0.2930805 0.1882510 0.2595398 0.2576412 0.2284859 0.3135657 0.3086680 0.3032301 0.2180064 0.2847806 0.3026400 0.3007473 0.2866244 0.2821682 0.1214395 0.2291918 0.2015449 0.2839776 0.3071030 0.1443991 0.0610313 0.1766569 0.1568833 0.3171561 0.1890278 0.3642956 0.2169687 0.2512338 0.0968851 0.2822482 0.2981797 0.3203996 0.2995676 0.2825379 0.2896059 0.2082922 0.6684266 0.2139401 0.2939483 0.3139027 0.1068006 0.3036663 0.2954062 0.0209055 0.2233581 
Perityle_gilensis_22_Superstition          0.1546041 0.0388720 0.1489851 0.1957634 0.2307422 0.3495431 0.4990212 0.1471441 0.1701625 0.1146219 0.0302814 0.0206441 0.0310408 0.0085666 0.2983154 0.0258562 0.1250037 0.2153429 0.0164139 0.0090544 0.0140763 0.0517110 0.0102519 0.0183389 0.0183671 0.0478973 0.1497891 0.2723019 0.0543705 0.0810416 0.2800450 0.0851530 0.1173039 0.0234998 0.0433944 0.2564242 0.0250695 0.2510861 0.3010838 0.0000000 0.0053557 0.2472455 0.0190251 0.3000932 0.3177104 0.0252998 0.0306458 0.0291164 0.2616358 0.0030617 0.0135237 0.0000010 0.0450820 0.0111244 0.2035051 0.0543031 0.0261481 0.0219356 0.0195973 0.1918438 0.1169146 0.2466943 0.0414968 0.0732511 0.2246829 0.4182521 0.2424779 0.2641938 0.2131672 0.0200149 0.0095036 0.1984034 0.0376263 0.0223040 0.0219865 0.0416152 0.4461205 0.2453070 0.0273272 0.0516420 0.1803337 0.0193039 0.0795298 0.1225293 0.0422985 
Perityle_gilensis_salensis_225             0.1601051 0.0388720 0.1455193 0.1957504 0.1848090 0.3516891 0.5037878 0.1472944 0.1740418 0.0757893 0.0227206 0.0239742 0.0244190 0.0118116 0.2911894 0.0179824 0.1250037 0.2173947 0.0195433 0.0123913 0.0166722 0.0545583 0.0120767 0.0196313 0.0225785 0.0455365 0.1120087 0.2487346 0.0573744 0.0889825 0.2626632 0.0811425 0.1232178 0.0152874 0.0467808 0.2543861 0.0230232 0.2520514 0.2930805 0.0053557 0.0000000 0.2466325 0.0222151 0.2995551 0.2764710 0.0179742 0.0243633 0.0217219 0.2528635 0.0040852 0.0143539 0.0054066 0.0472156 0.0148589 0.2051496 0.0584280 0.0308853 0.0250673 0.0225288 0.1918341 0.1202203 0.2460772 0.0445723 0.0280662 0.2226734 0.4220624 0.2440978 0.2559038 0.2174697 0.0218714 0.0112036 0.1561701 0.0237347 0.0255124 0.0248389 0.0443136 0.4578493 0.2492493 0.0173032 0.0271521 0.1803337 0.0225414 0.0816855 0.1225293 0.0485957 
Perityle_glaucescens_94                    0.3144245 0.1562688 0.2956078 0.2531995 0.2518789 0.4315161 0.4901698 0.2447423 0.2966829 0.2475586 0.2513771 0.2463540 0.2451123 0.1978060 0.1109350 0.2574226 0.0940292 0.0595421 0.2346567 0.2165729 0.2089604 0.2042768 0.2541536 0.2347221 0.2619316 0.2699299 0.2755783 0.0774591 0.2064492 0.2302338 0.1464405 0.2587753 0.2681458 0.2520798 0.2369183 0.0225663 0.2411154 0.0407121 0.1882510 0.2472455 0.2466325 0.0000000 0.2517853 0.0464184 0.0468964 0.2582463 0.2553056 0.2556591 0.0223375 0.2270970 0.2531252 0.2390925 0.2775389 0.2501770 0.0779502 0.2238119 0.1968683 0.2560384 0.2568782 0.0802807 0.0255274 0.0859703 0.1586025 0.2660742 0.0746558 0.3967618 0.1376525 0.1615072 0.1098553 0.2072444 0.2529532 0.2109725 0.2583279 0.2524597 0.2574227 0.2098033 0.6247708 0.0538133 0.2305521 0.2619737 0.0929878 0.2563581 0.2521850 0.0842158 0.2400657 
Perityle_gracilis_11                       0.1388819 0.0445361 0.1098265 0.1957204 0.1263750 0.3440019 0.4989890 0.1552722 0.1740863 0.0754505 0.0274983 0.0087445 0.0190132 0.0128319 0.2573640 0.0253260 0.1280221 0.2174876 0.0214609 0.0149031 0.0089395 0.0546059 0.0251709 0.0091368 0.0072999 0.0444518 0.0728288 0.2401224 0.0543203 0.0811360 0.2532921 0.0711934 0.1185154 0.0190110 0.0450131 0.2575279 0.0314904 0.2515135 0.2595398 0.0190251 0.0222151 0.2517853 0.0000000 0.3023654 0.2630444 0.0263833 0.0083313 0.0062726 0.2470021 0.0145848 0.0178426 0.0181167 0.0477460 0.0189787 0.1981077 0.0523638 0.0292866 0.0072805 0.0093780 0.1918106 0.1234608 0.2530666 0.0362683 0.0361210 0.2245557 0.4194719 0.2397477 0.2624041 0.2177495 0.0209341 0.0242189 0.1112321 0.0084436 0.0120311 0.0125299 0.0310042 0.4392421 0.2349442 0.0181682 0.0340822 0.1806487 0.0051960 0.0780353 0.1254181 0.0528146 
Perityle_harkerae_31                       0.3519201 0.1527161 0.3344423 0.2630723 0.2980689 0.4782391 0.6009362 0.2722130 0.3398024 0.2939532 0.3071910 0.3016263 0.2978668 0.2587816 0.1729364 0.3111358 0.0939987 0.1099608 0.2934971 0.2762806 0.2212211 0.2110493 0.2983872 0.2359537 0.3148613 0.3206382 0.3347004 0.1329665 0.2080631 0.2300685 0.2052415 0.3053365 0.2690399 0.3062675 0.2932863 0.0750618 0.2423273 0.0939522 0.2576412 0.3000932 0.2995551 0.0464184 0.3023654 0.0000000 0.1027714 0.3115466 0.3101023 0.3063638 0.0800172 0.2839545 0.3069284 0.2922373 0.3249565 0.2992607 0.1477069 0.2262401 0.1966234 0.3031166 0.3103149 0.0771620 0.0255195 0.1108038 0.1661401 0.3179466 0.1361904 0.4089939 0.2000603 0.2107933 0.1168340 0.2678013 0.2974801 0.2884617 0.3121677 0.3001229 0.3126205 0.2165425 0.6736096 0.1087576 0.2895690 0.3164557 0.0929659 0.3097032 0.3058680 0.0841899 0.2819618 
