85
Amauria_brandeegeana_62                    0.0000000 0.4115329 0.0000010 0.3919683 0.4937742 0.4779224 0.3763259 0.3983722 0.3906543 0.0000010 0.0000010 0.4688439 0.4403302 0.4445662 0.4022903 0.3885563 0.0000010 0.6325975 0.4080990 0.2296771 0.4515901 0.0921163 0.5988950 0.4170456 0.3885625 0.4123799 0.4146742 0.4141766 0.4264023 0.9325778 0.3831734 0.4111407 0.0000010 0.4283727 0.0000010 0.4933322 0.1008173 0.2305085 0.4160784 0.3943003 0.4626724 0.4730337 0.1047321 0.4403302 0.1090484 0.4842504 0.3170849 0.0000010 0.4041953 0.4044753 0.4345129 0.4076514 0.4206067 0.4941623 0.4532780 0.4374730 0.3723677 0.0000010 0.0921163 0.3940628 0.3701863 0.4037682 0.3659038 0.4671370 0.4438833 0.3121614 0.4214779 0.4095920 0.5757917 0.0000010 0.4170456 0.8918452 0.4289425 0.4403302 0.3459618 0.3888429 0.4212214 0.3980832 0.0000010 0.0000010 0.4153569 0.0000010 0.4108473 0.4225846 0.3791328 
Amauria_carterae_99_mesa                   0.4115329 0.0000000 0.0000010 0.1777358 0.4713581 0.0792349 0.1371663 0.0894732 0.2499416 0.0000010 2.0667444 0.3355489 0.2484222 0.2449755 0.1302748 0.2056935 0.4219869 0.1145523 0.1393036 0.4109224 0.4282665 0.6139028 0.2545761 0.1374888 0.1256889 0.2500823 0.2812095 0.4170044 0.2366133 0.4425160 0.1711234 0.0849722 0.3834597 0.1037134 2.0667444 0.2894254 0.6759344 0.5595921 0.2595657 0.3825864 0.2701734 0.2706781 0.4334952 0.2678889 0.3876313 0.2657937 0.7919300 2.0667444 0.3144272 0.2144635 0.2966223 0.3111389 0.2883608 0.2613251 0.3934489 0.0911787 0.1183599 2.0667444 0.6056149 0.3886049 0.1109622 0.3851996 0.1917036 0.2796498 0.2420594 0.3922114 0.1214606 0.1254192 0.1265585 2.0667444 0.1192880 0.4355645 0.2576132 0.2590612 0.4031937 0.1640612 0.1286292 0.1634000 2.0667444 2.0667444 0.1860587 0.5875497 0.2696486 0.1007735 0.1253485 
Amauria_rotundifolia_SRR9119150            0.0000010 0.0000010 0.0000000 0.3159573 0.0964539 0.8245604 0.2433765 0.1505527 0.2719720 0.0453316 0.1243393 0.1732670 0.2128760 0.1577348 0.2153673 0.2561415 0.1067218 0.1713151 0.2944649 0.1708401 0.2772833 0.1705641 0.1166792 0.4480674 0.6308512 0.1547127 0.1721744 0.3801601 0.1096508 0.0991358 0.2266850 0.1635806 0.4082555 0.2089909 0.1109127 0.3941663 0.1282354 0.1754793 0.2944059 0.1883719 0.1861362 0.2499043 0.1307791 0.1364281 0.1335257 0.1633505 0.1454445 0.1308852 0.3965759 0.1653054 0.1582503 0.1607022 0.1734288 0.1687897 0.1636789 0.2530373 0.1666596 0.1157096 0.1548942 0.2873249 0.1032154 0.1445922 0.1616579 0.1820047 0.1068289 0.1848425 0.9769276 1.1194954 0.1334516 0.1281496 0.3595035 0.1228018 0.1578840 0.1799943 0.1542274 0.1554394 0.2287675 0.3246772 0.1368406 0.1466831 0.2241101 0.1440790 1.0231934 0.1170020 0.2934067 
Conoclinium_coelestinum_SRR9119114         0.3919683 0.1777358 0.3159573 0.0000000 0.4082081 0.1904465 0.2224083 0.1853032 0.3372337 0.2434249 0.3101661 0.3802141 0.3010618 0.3007521 0.2287203 0.3441599 0.2876253 0.3135628 0.2967248 0.3706706 0.3758390 0.3812791 0.2512694 0.2566630 0.3190914 0.3020575 0.3315003 0.4368230 0.3503899 0.4132680 0.2589663 0.2748082 0.5119001 0.2666004 0.2633751 0.3784090 0.5140327 0.3996058 0.3359631 0.3947542 0.3345882 0.3473806 0.3935183 0.3101751 0.4107726 0.3200195 0.3707846 0.3052369 0.3799648 0.3153726 0.3454427 0.3573429 0.3335758 0.3233162 0.3965167 0.2405722 0.2135709 0.3036882 0.3778717 0.3933978 0.1803518 0.3818653 0.2169959 0.3237386 0.3563773 0.4289880 0.2251797 0.4651470 0.2284362 0.2951166 0.2756008 0.4432063 0.3104170 0.3335264 0.4404665 0.2085206 0.2588485 0.3339003 0.3071847 0.3181791 0.2408453 0.3159395 0.3145875 0.2299659 0.2177895 
Eutetras_palmeri_63                        0.4937742 0.4713581 0.0964539 0.4082081 0.0000000 0.5629239 0.3762768 0.3196993 0.3611579 0.0736777 0.1128587 0.2462558 0.2839155 0.2471969 0.3301197 0.3465322 0.2598670 0.3089893 0.3167911 0.2231699 0.2583929 0.2295621 0.2568855 0.4502440 0.5504911 0.2473842 0.2532032 0.3548675 0.2073031 0.2213440 0.3556884 0.2599862 0.4928518 0.2902123 0.1086707 0.4587601 0.3050453 0.2325369 0.4051362 0.2213824 0.2962891 0.3235144 0.2145054 0.2188476 0.2298921 0.2454016 0.1747730 0.1210460 0.3984066 0.2230127 0.2450121 0.2466637 0.2651454 0.2468144 0.2187778 0.3443883 0.2629395 0.1066929 0.2237691 0.2780041 0.2608843 0.2031301 0.2916286 0.2537115 0.2072252 0.2943974 0.5791782 0.7687948 0.3340804 0.1190593 0.3971358 0.2193388 0.2527883 0.2611515 0.2971342 0.2805932 0.3112820 0.3524682 0.1175357 0.1239610 0.3786009 0.1341366 0.5037168 0.3046993 0.3339141 
Eutetras_pringlei_149_quer                 0.4779224 0.0792349 0.8245604 0.1904465 0.5629239 0.0000000 0.1461089 0.1317785 0.2433628 0.8246239 0.8210312 0.3379756 0.2491836 0.2227406 0.1863851 0.3242693 0.3057264 0.1677578 0.2313601 0.5117639 0.4232515 0.4714902 0.2486653 0.0950586 0.1596796 0.2360149 0.2788549 0.4021838 0.2268177 0.4085580 0.2199765 0.1401774 0.2610272 0.1509728 0.4572630 0.2900090 0.5662561 0.6722717 0.2415174 0.3920980 0.2669853 0.2616759 0.5735887 0.2841408 0.3799777 0.2471156 0.5879470 0.7413119 0.3985176 0.3326652 0.3036630 0.3029021 0.2772777 0.2636186 0.4078137 0.0943107 0.2234141 0.9560797 0.4617158 0.3670284 0.1410362 0.4122311 0.2152649 0.2773151 0.2275831 0.4138952 0.0880852 0.1122189 0.1865939 0.7413119 0.0939279 0.4044190 0.2456920 0.2653945 0.4026658 0.2087747 0.1145086 0.2273566 0.7413119 0.6594167 0.1071365 0.7556608 0.2516118 0.1352613 0.2169910 
Eutrochium_fistulosum_SRR9119106           0.3763259 0.1371663 0.2433765 0.2224083 0.3762768 0.1461089 0.0000000 0.1447829 0.3439495 0.1447751 0.2796850 0.3380419 0.3162259 0.3001507 0.2153370 0.2836533 0.2656236 0.3244287 0.2962541 0.3413102 0.4728894 0.3783293 0.1857940 0.4255238 0.3837038 0.3175919 0.3364929 0.5241982 0.3327745 0.2581127 0.2663443 0.2720177 0.3839590 0.2443345 0.1775904 0.3159759 0.4986052 0.3184265 0.3133656 0.3755095 0.3306586 0.3673060 0.3890272 0.2743894 0.3902166 0.3368546 0.3428329 0.2629949 0.4987466 0.3016846 0.3271921 0.3251631 0.3232349 0.3355260 0.3916172 0.2699754 0.1576908 0.2332187 0.3405945 0.4164781 0.1231110 0.3788206 0.1775928 0.3362241 0.3318335 0.4095438 0.3736451 0.5908609 0.1901652 0.2878295 0.3668125 0.3338270 0.3300530 0.3352011 0.3913582 0.1534311 0.3115641 0.4256188 0.2560397 0.2770985 0.3264176 0.2967166 0.3328989 0.2417427 0.2089295 
Galeana_pratensis_104_mex                  0.3983722 0.0894732 0.1505527 0.1853032 0.3196993 0.1317785 0.1447829 0.0000000 0.2080956 0.1190158 0.1100787 0.2975691 0.2218057 0.2254220 0.1653259 0.2104380 0.2127774 0.1776417 0.1401107 0.2831248 0.3020619 0.2643308 0.1783144 0.1309373 0.2084000 0.2260798 0.2545338 0.3055713 0.2293491 0.2776070 0.1913664 0.1267891 0.3011715 0.1394113 0.1017877 0.3086369 0.4253956 0.2833549 0.3283743 0.3057212 0.2655491 0.2591914 0.2879405 0.2120126 0.3003142 0.2531290 0.1911229 0.1033572 0.2635710 0.2419142 0.2705049 0.2704871 0.2484237 0.2319158 0.3012757 0.1238598 0.1545649 0.1065172 0.2602691 0.2757613 0.1121468 0.2920064 0.1757545 0.2493291 0.2343383 0.3297153 0.1246583 0.3102827 0.1805222 0.1096650 0.1246650 0.2983997 0.2394462 0.2463153 0.3120812 0.1469355 0.1244427 0.1851875 0.1188833 0.1142589 0.1412159 0.1341568 0.3027023 0.1382770 0.1632407 
Helianthus_annuus_SRR9119062               0.3906543 0.2499416 0.2719720 0.3372337 0.3611579 0.2433628 0.3439495 0.2080956 0.0000000 0.1867798 0.2683291 0.3800192 0.3581598 0.3030524 0.2907137 0.3567936 0.2228923 0.3842657 0.2934322 0.3308706 0.4322122 0.3676705 0.2222964 0.3630692 0.4352412 0.3200806 0.3371606 0.4603728 0.3553246 0.2996108 0.2585572 0.3512795 0.4007591 0.3491576 0.2535708 0.3972453 0.5046359 0.3277949 0.3864330 0.3714046 0.3906386 0.4073425 0.3725584 0.2857056 0.3991392 0.3309139 0.3461055 0.2578850 0.4172283 0.2961551 0.3598633 0.3475668 0.3386597 0.3354928 0.3950143 0.2884793 0.2306557 0.2529169 0.3437796 0.4127528 0.1915243 0.3694947 0.2444396 0.3365856 0.3527269 0.3597546 0.4305077 0.5779222 0.2796260 0.2700431 0.3948529 0.3378133 0.3273037 0.3653674 0.3534160 0.2333856 0.3651480 0.3530765 0.2642010 0.2542978 0.3155529 0.2922415 0.3533313 0.3079988 0.2484927 
Lycapsus_tenuifolius_17                    0.0000010 0.0000010 0.0453316 0.2434249 0.0736777 0.8246239 0.1447751 0.1190158 0.1867798 0.0000000 0.1144493 0.1287149 0.1266861 0.1258152 0.1419347 0.2216393 0.1079632 0.0973386 0.2183393 0.1185194 0.2231282 0.1276085 0.1266766 0.3299464 0.5828296 0.1168456 0.1354154 0.2780799 0.0924823 0.1102282 0.1097155 0.0774200 0.3176195 0.1127686 0.1101215 0.3601945 0.0967772 0.1240288 0.1125338 0.1184319 0.1432647 0.1701116 0.0954481 0.1148908 0.0960507 0.1167966 0.1183720 0.1148407 0.3172277 0.1192667 0.1167661 0.1174671 0.1291860 0.1134068 0.0980977 0.1983946 0.1269222 0.1185436 0.1168396 0.2505808 0.0810782 0.1095911 0.1419823 0.1270663 0.0853819 0.1384428 0.0000010 1.1010711 0.0843840 0.1099004 0.2666567 0.1005995 0.1227420 0.1207149 0.1175181 0.1146200 0.1249963 0.2349373 0.1171488 0.1316292 0.2077107 0.1150466 0.0000010 0.0821029 0.1709647 
Pericome_caudata_50_silver                 0.0000010 2.0667444 0.1243393 0.3101661 0.1128587 0.8210312 0.2796850 0.1100787 0.2683291 0.1144493 0.0000000 0.1220510 0.1567584 0.1240709 0.1397555 0.1676010 0.0971401 0.1538791 0.2487041 0.1168312 0.1972570 0.1234590 0.1238048 0.3487156 0.6343290 0.1178065 0.1288615 0.2698115 0.1600513 0.1248716 0.1808804 0.1602335 0.3600092 0.1598714 0.1132670 0.3598642 0.1389747 0.1207239 0.1699781 0.1329135 0.1195368 0.1986859 0.1425509 0.1085145 0.1395328 0.1101297 0.1063892 0.1111329 0.3036092 0.1266482 0.1185773 0.1090508 0.1240041 0.1122782 0.1431463 0.2200490 0.1205561 0.1045687 0.1064555 0.2121338 0.1268994 0.1564007 0.1315257 0.1326842 0.1154748 0.1386024 1.0843686 1.0125501 0.0843419 0.1091763 0.2553555 0.1208513 0.1193314 0.1207358 0.1254106 0.1125721 0.1220603 0.2199751 0.1170131 0.1417319 0.2276851 0.1094827 0.0000010 0.1177718 0.2082213 
Perityle_aglossa_84_dead_horse             0.4688439 0.3355489 0.1732670 0.3802141 0.2462558 0.3379756 0.3380419 0.2975691 0.3800192 0.1287149 0.1220510 0.0000000 0.1078191 0.0879054 0.2413487 0.2605462 0.2326953 0.3474694 0.3226079 0.1245262 0.3278893 0.1519170 0.2250871 0.4199948 0.5016024 0.0828485 0.1264223 0.3957497 0.2048723 0.3488678 0.3415270 0.3009453 0.5489673 0.3331520 0.0343516 0.2870527 0.2961575 0.1450851 0.1885247 0.2632349 0.1685883 0.2283773 0.2093599 0.0770871 0.2851951 0.0554453 0.0896363 0.0423076 0.3587414 0.0897225 0.1191098 0.0817745 0.1241431 0.0591470 0.3389389 0.2953308 0.2217576 0.0436576 0.1661623 0.3370284 0.1882222 0.3149391 0.1954131 0.0750935 0.1902625 0.2520189 0.5362085 0.6941572 0.2472516 0.0421114 0.3724466 0.2872611 0.0940187 0.1443728 0.2101860 0.1693166 0.3481889 0.3340925 0.0485073 0.0362168 0.3062018 0.0471784 0.1376328 0.3381987 0.2988884 
Perityle_ajoensis_204                      0.4403302 0.2484222 0.2128760 0.3010618 0.2839155 0.2491836 0.3162259 0.2218057 0.3581598 0.1266861 0.1567584 0.1078191 0.0000000 0.0829658 0.2065391 0.2534713 0.1661659 0.2476797 0.3046235 0.1889520 0.3433691 0.1969889 0.1654256 0.3960809 0.4415927 0.0722923 0.1161598 0.3649210 0.1608542 0.2556300 0.2897432 0.2225314 0.4096654 0.2594210 0.0397045 0.2308566 0.3157803 0.1995575 0.1207818 0.2308536 0.0675435 0.1115736 0.2453629 0.0409389 0.2552948 0.1146970 0.1379745 0.0750877 0.3330960 0.1324867 0.0799095 0.1175984 0.1130322 0.0913267 0.3171603 0.2490491 0.1840154 0.0727443 0.1843967 0.3174447 0.1680068 0.2914286 0.1793552 0.0926864 0.1593311 0.2841974 0.3960890 0.6267842 0.2386291 0.1107560 0.2909728 0.2565625 0.0717491 0.0424435 0.2379619 0.1430715 0.2599938 0.2948209 0.1151364 0.0978780 0.2749371 0.0936227 0.0530758 0.2283268 0.2467364 
Perityle_ambrosiifolia_67_green            0.4445662 0.2449755 0.1577348 0.3007521 0.2471969 0.2227406 0.3001507 0.2254220 0.3030524 0.1258152 0.1240709 0.0879054 0.0829658 0.0000000 0.1975325 0.2691828 0.1727401 0.2614784 0.2971509 0.1183852 0.3074075 0.1607220 0.1592314 0.3934723 0.4185893 0.0633869 0.0935906 0.3264346 0.1470999 0.2354367 0.2849824 0.2154666 0.3681107 0.2392722 0.0253421 0.2752226 0.2727985 0.1383640 0.1548110 0.1961309 0.0710162 0.1195584 0.1931342 0.0529292 0.2255317 0.0720294 0.0866237 0.0364835 0.3287404 0.0702269 0.0564255 0.0911115 0.0915121 0.0576129 0.2679277 0.2384290 0.1911898 0.0402772 0.1584152 0.2769450 0.1790600 0.2568230 0.1827405 0.0627755 0.1435525 0.2275994 0.3773228 0.5837244 0.2311859 0.0257682 0.2756074 0.2112995 0.0722281 0.0659611 0.1754999 0.1728511 0.2494141 0.2695126 0.0399050 0.0464931 0.2677401 0.0418663 0.0873597 0.2360910 0.2531442 
Perityle_angustifolia_13_Eagle_creek       0.4022903 0.1302748 0.2153673 0.2287203 0.3301197 0.1863851 0.2153370 0.1653259 0.2907137 0.1419347 0.1397555 0.2413487 0.2065391 0.1975325 0.0000000 0.2094164 0.1885659 0.1916633 0.1666219 0.2316545 0.4529210 0.2568649 0.1256447 0.2354293 0.1839849 0.2093552 0.2332521 0.4236579 0.2755644 0.2654467 0.1791947 0.1148647 0.3899021 0.1565324 0.0255167 0.2601778 0.4275418 0.1976531 0.3017135 0.2595448 0.2462037 0.2828204 0.3029428 0.1499788 0.3234702 0.2297760 0.1867952 0.0640321 0.3171588 0.1841072 0.2353534 0.2304171 0.2141605 0.2113640 0.3301174 0.1956375 0.0386951 0.0466946 0.2202733 0.3657939 0.0877535 0.3027536 0.0883532 0.2264875 0.2639124 0.3346895 0.2396945 0.4426287 0.1058600 0.1331374 0.2182788 0.2661301 0.2276703 0.2053501 0.2915272 0.0568623 0.2052914 0.2669034 0.1425202 0.0508505 0.2379609 0.1256593 0.2912353 0.1154062 0.0670804 
Perityle_batopilensis_97                   0.3885563 0.2056935 0.2561415 0.3441599 0.3465322 0.3242693 0.2836533 0.2104380 0.3567936 0.2216393 0.1676010 0.2605462 0.2534713 0.2691828 0.2094164 0.0000000 0.2978478 0.2734541 0.1277357 0.2568000 0.3147000 0.2440447 0.2283008 0.0902162 0.2926793 0.2437861 0.2891189 0.4041448 0.2746438 0.3901728 0.2006962 0.1972681 0.6248955 0.2065432 0.0959046 0.3752404 0.4020464 0.2626013 0.3697084 0.3105946 0.2233742 0.2391193 0.2680830 0.2083305 0.3703988 0.2513532 0.1831503 0.1300541 0.2667398 0.2140968 0.2574101 0.2486711 0.2825342 0.2693322 0.3880881 0.1725757 0.1302657 0.1325706 0.2346131 0.3186693 0.1359380 0.3692770 0.1835522 0.2503756 0.2676690 0.3704205 0.2715733 0.4969468 0.1596382 0.1687718 0.1379987 0.3292384 0.2770237 0.2887385 0.3441029 0.1649701 0.2362687 0.1663302 0.1957234 0.1491275 0.2171285 0.1318996 0.3980979 0.1908124 0.1387289 
Perityle_bisetosa_9                        0.0000010 0.4219869 0.1067218 0.2876253 0.2598670 0.3057264 0.2656236 0.2127774 0.2228923 0.1079632 0.0971401 0.2326953 0.1661659 0.1727401 0.1885659 0.2978478 0.0000000 0.2749721 0.1927129 0.0297542 0.2794479 0.1114600 0.1075774 0.2609431 0.4375369 0.1780915 0.1939043 0.2984562 0.2805033 0.1469389 0.1575323 0.2626798 0.1964534 0.2359184 0.0134292 0.4434566 0.3721054 0.0505142 0.4857387 0.2448196 0.2650932 0.2579593 0.0696015 0.1262458 0.2674101 0.1752394 0.0960308 0.0224437 0.3738241 0.0225079 0.2132854 0.1937081 0.1958204 0.1678574 0.3003212 0.2039367 0.0956322 0.0270222 0.1119972 0.2752522 0.1785116 0.2734678 0.1371792 0.1873916 0.2745477 0.0849234 0.5349020 0.7324947 0.1398728 0.0224908 0.3005733 0.1277770 0.1838285 0.2040359 0.0543330 0.1119721 0.2993444 0.2880630 0.0201905 0.0163089 0.2696237 0.0247341 0.4805702 0.3197546 0.1033143 
Perityle_californica_76_positas            0.6325975 0.1145523 0.1713151 0.3135628 0.3089893 0.1677578 0.3244287 0.1776417 0.3842657 0.0973386 0.1538791 0.3474694 0.2476797 0.2614784 0.1916633 0.2734541 0.2749721 0.0000000 0.2940384 0.3001127 0.4289993 0.3185774 0.1838245 0.4634994 0.3204257 0.2644326 0.3006082 0.4519414 0.2838622 0.2940953 0.2613488 0.1693643 0.4770643 0.2072795 0.1092310 0.3637741 0.4248199 0.2805352 0.3935619 0.3747478 0.3110055 0.3361552 0.2954859 0.2161236 0.3701484 0.2880218 0.2476429 0.1666195 0.5167656 0.2631812 0.3117465 0.3003105 0.2811955 0.2695543 0.3547954 0.2730883 0.2013349 0.1339935 0.2892874 0.3839863 0.1049950 0.3463773 0.2200929 0.3000935 0.2759725 0.3990030 0.3398772 0.5314132 0.2050843 0.2081426 0.3500779 0.2725494 0.2894935 0.2946290 0.3814290 0.1914629 0.2898647 0.4081942 0.2256841 0.1827800 0.3093589 0.1945781 0.3607145 0.1559585 0.2641454 
Perityle_canescens_77                      0.4080990 0.1393036 0.2944649 0.2967248 0.3167911 0.2313601 0.2962541 0.1401107 0.2934322 0.2183393 0.2487041 0.3226079 0.3046235 0.2971509 0.1666219 0.1277357 0.1927129 0.2940384 0.0000000 0.3448170 0.3650981 0.3445370 0.1573895 0.1455348 0.2577519 0.3072814 0.3383690 0.4725128 0.3187958 0.2908837 0.2252929 0.1688381 0.4814339 0.1751611 0.1397239 0.3205721 0.4528922 0.3098038 0.2928695 0.3507356 0.2395137 0.2781146 0.3603467 0.2565928 0.3333385 0.3336940 0.3370904 0.2579992 0.2244515 0.2863844 0.3241699 0.3191152 0.3252317 0.3146769 0.3648725 0.1589286 0.1217599 0.2240961 0.3137678 0.3424735 0.0948257 0.3470082 0.1349062 0.3233758 0.3051146 0.3948435 0.2144081 0.5766757 0.1306236 0.3003388 0.1473653 0.3152140 0.3344521 0.3084984 0.3659743 0.1403036 0.2345066 0.1189475 0.3022992 0.2562367 0.1888836 0.2875773 0.3497959 0.1694755 0.1277909 
Perityle_castillonii_96                    0.2296771 0.4109224 0.1708401 0.3706706 0.2231699 0.5117639 0.3413102 0.2831248 0.3308706 0.1185194 0.1168312 0.1245262 0.1889520 0.1183852 0.2316545 0.2568000 0.0297542 0.3001127 0.3448170 0.0000000 0.2666871 0.0677056 0.0919064 0.4652817 0.5662994 0.1167127 0.1300171 0.2999079 0.2006024 0.2126458 0.3348569 0.2453305 0.4381172 0.2739892 0.0280803 0.3871526 0.1633554 0.0422214 0.3914508 0.1507168 0.1904557 0.2532432 0.1443478 0.1226342 0.1348326 0.1024895 0.0509232 0.0331070 0.3589210 0.1248033 0.1227862 0.1154008 0.1398433 0.1232392 0.2220053 0.3014759 0.2000453 0.0356023 0.0653675 0.2651110 0.1996959 0.1917642 0.1837717 0.1312289 0.2011343 0.1262295 0.6411591 0.8709422 0.2678818 0.0311939 0.3372995 0.2055797 0.1231581 0.1427759 0.0751426 0.1677965 0.2907993 0.3251700 0.0395273 0.0469093 0.2937325 0.0388721 0.4678007 0.2823870 0.2987451 
Perityle_cernua_84                         0.4515901 0.4282665 0.2772833 0.3758390 0.2583929 0.4232515 0.4728894 0.3020619 0.4322122 0.2231282 0.1972570 0.3278893 0.3433691 0.3074075 0.4529210 0.3147000 0.2794479 0.4289993 0.3650981 0.2666871 0.0000000 0.3160411 0.2887066 0.4894607 0.6149478 0.3171071 0.3431388 0.2101586 0.3385223 0.2514742 0.4519152 0.3957630 0.3732057 0.3163915 0.1241936 0.3835501 0.4245539 0.2716386 0.4538456 0.2057848 0.3117626 0.2747830 0.3341816 0.3021495 0.2133177 0.3212378 0.2569011 0.2033007 0.2791750 0.2845969 0.3261573 0.3293152 0.3415737 0.3190369 0.2036875 0.3666514 0.3601042 0.2024653 0.3071094 0.1583462 0.3358090 0.1869505 0.3026452 0.3313069 0.3395508 0.3720191 0.6120167 0.7499758 0.3439276 0.2042613 0.4014207 0.2774010 0.3285137 0.3289138 0.3379807 0.3259708 0.3971296 0.2666875 0.2317091 0.2163012 0.3937489 0.2218518 0.4884271 0.4599540 0.4015447 
Perityle_cfvillosa_25_tin                  0.0921163 0.6139028 0.1705641 0.3812791 0.2295621 0.4714902 0.3783293 0.2643308 0.3676705 0.1276085 0.1234590 0.1519170 0.1969889 0.1607220 0.2568649 0.2440447 0.1114600 0.3185774 0.3445370 0.0677056 0.3160411 0.0000000 0.1478536 0.5137913 0.6092736 0.1409183 0.1759389 0.3298941 0.2175826 0.2126062 0.3628264 0.2671789 0.9808169 0.2998374 0.0395534 0.3999987 0.1577710 0.0743450 0.4411564 0.1620353 0.2066143 0.2619574 0.1202649 0.1367651 0.1385171 0.1550010 0.0597091 0.0262922 0.3512982 0.1371381 0.1505010 0.1469554 0.1804885 0.1687442 0.2415573 0.3102237 0.2252905 0.0287840 0.0227724 0.2630397 0.1911668 0.2181012 0.1909282 0.1536477 0.2197225 0.1629519 0.7585614 0.9119838 0.3180945 0.0407656 0.3715972 0.1911000 0.1553376 0.1476660 0.1014525 0.1596840 0.3301401 0.3263615 0.0399342 0.0459172 0.3437592 0.0323117 0.5319352 0.3204152 0.3127430 
Perityle_cinerea_113_Powell1310            0.5988950 0.2545761 0.1166792 0.2512694 0.2568855 0.2486653 0.1857940 0.1783144 0.2222964 0.1266766 0.1238048 0.2250871 0.1654256 0.1592314 0.1256447 0.2283008 0.1075774 0.1838245 0.1573895 0.0919064 0.2887066 0.1478536 0.0000000 0.1927748 0.2618961 0.1706232 0.1889144 0.2958723 0.2327006 0.1630363 0.1554475 0.1684507 0.2467943 0.2017927 0.0248313 0.3888449 0.3834622 0.1190048 0.3224798 0.2115580 0.2284507 0.2304563 0.1619395 0.1337787 0.2332860 0.1668560 0.1306104 0.0431212 0.2422831 0.0894651 0.2069048 0.2085513 0.1900372 0.1654812 0.2633311 0.1878160 0.0729179 0.0492256 0.1425879 0.2739305 0.1706387 0.2576109 0.1072867 0.1744301 0.2310703 0.1900116 0.2795435 0.4879186 0.0806796 0.0432001 0.1965999 0.1579515 0.1804573 0.1861912 0.1880557 0.0885545 0.2059789 0.2028150 0.0452355 0.0363769 0.2617660 0.0472390 0.3462708 0.1856138 0.0861504 
Perityle_coahuilensis_24                   0.4170456 0.1374888 0.4480674 0.2566630 0.4502440 0.0950586 0.4255238 0.1309373 0.3630692 0.3299464 0.3487156 0.4199948 0.3960809 0.3934723 0.2354293 0.0902162 0.2609431 0.4634994 0.1455348 0.4652817 0.4894607 0.5137913 0.1927748 0.0000000 0.3640864 0.4018538 0.4415437 0.6357086 0.4207274 0.3511542 0.2048026 0.2695757 0.5040843 0.2158026 0.1201113 0.2307887 0.6022156 0.4291702 0.3377664 0.5152118 0.2846785 0.3482462 0.4978821 0.3403600 0.4954256 0.4319061 0.4933215 0.4017014 0.3577589 0.4134116 0.4108323 0.4173340 0.4251825 0.4236293 0.5411174 0.1446479 0.1602515 0.3615303 0.4817201 0.5117754 0.0556468 0.5151185 0.1810816 0.4197182 0.4066704 0.5436452 0.2321032 0.4687082 0.1950059 0.4446972 0.0074764 0.4587240 0.4258214 0.4163154 0.5006366 0.1699249 0.2794664 0.2033808 0.4454415 0.3838907 0.2680048 0.4380350 0.3532584 0.1732242 0.1700750 
Perityle_cochisensis_44_cave_creek         0.3885625 0.1256889 0.6308512 0.3190914 0.5504911 0.1596796 0.3837038 0.2084000 0.4352412 0.5828296 0.6343290 0.5016024 0.4415927 0.4185893 0.1839849 0.2926793 0.4375369 0.3204257 0.2577519 0.5662994 0.6149478 0.6092736 0.2618961 0.3640864 0.0000000 0.4237468 0.4583708 0.6632552 0.4807399 0.5375034 0.2917926 0.2361590 0.4208607 0.2435371 0.4306159 0.3022805 0.6541690 0.5964921 0.3476800 0.5508948 0.3654031 0.4399742 0.6078081 0.4140568 0.5343666 0.4537479 0.6022996 0.5764925 0.4322928 0.5271034 0.4528063 0.4723539 0.4459076 0.4493810 0.5560819 0.2496652 0.1680403 0.5556613 0.6025163 0.5341928 0.1464355 0.5215225 0.1957019 0.4396124 0.4738324 0.5612404 0.2437460 0.4401572 0.1702430 0.5786669 0.3208799 0.5519497 0.4377918 0.4427234 0.5430187 0.1842367 0.3399546 0.4033546 0.6053208 0.5592839 0.2897629 0.5958539 0.2836044 0.1947092 0.1935162 
Perityle_congesta_202                      0.4123799 0.2500823 0.1547127 0.3020575 0.2473842 0.2360149 0.3175919 0.2260798 0.3200806 0.1168456 0.1178065 0.0828485 0.0722923 0.0633869 0.2093552 0.2437861 0.1780915 0.2644326 0.3072814 0.1167127 0.3171071 0.1409183 0.1706232 0.4018538 0.4237468 0.0000000 0.0898155 0.3539145 0.1348769 0.2539454 0.3106197 0.2231522 0.4159218 0.2567787 0.0365130 0.2468657 0.2591133 0.1368159 0.1387282 0.2103078 0.0769150 0.1400284 0.1924320 0.0362190 0.2332899 0.0778514 0.0597012 0.0145362 0.3418084 0.0800277 0.0529594 0.0570984 0.0868763 0.0565867 0.2883789 0.2563066 0.1812845 0.0184508 0.1362572 0.2947188 0.1726455 0.2600749 0.1779691 0.0759233 0.1365999 0.2249058 0.4123024 0.6133906 0.2369501 0.0316910 0.2989407 0.2191929 0.0230777 0.0544854 0.1747927 0.1451296 0.2630136 0.2866945 0.0253208 0.0533013 0.2740025 0.0164131 0.0654614 0.2338379 0.2686697 
Perityle_cordifolia_27                     0.4146742 0.2812095 0.1721744 0.3315003 0.2532032 0.2788549 0.3364929 0.2545338 0.3371606 0.1354154 0.1288615 0.1264223 0.1161598 0.0935906 0.2332521 0.2891189 0.1939043 0.3006082 0.3383690 0.1300171 0.3431388 0.1759389 0.1889144 0.4415437 0.4583708 0.0898155 0.0000000 0.3715065 0.2258278 0.2673048 0.3516072 0.2578996 0.4497594 0.2840103 0.0451402 0.2683584 0.2869342 0.1422860 0.1512898 0.2207906 0.1060209 0.1800035 0.2069043 0.0522792 0.2411024 0.1047786 0.0999977 0.0466698 0.3854601 0.0887804 0.1037961 0.0738748 0.0171933 0.1189074 0.3100659 0.2822979 0.2205221 0.0490857 0.1755565 0.3214287 0.1961701 0.2761912 0.1731317 0.1023974 0.1946348 0.2249518 0.4494980 0.6530235 0.2498309 0.0440138 0.3280962 0.2523753 0.1008994 0.0955252 0.1828733 0.1708695 0.2907514 0.3272318 0.0498739 0.0526176 0.2993392 0.0518704 0.0399959 0.2731378 0.2948009 
Perityle_cordifolia_68_tecolote            0.4141766 0.4170044 0.3801601 0.4368230 0.3548675 0.4021838 0.5241982 0.3055713 0.4603728 0.2780799 0.2698115 0.3957497 0.3649210 0.3264346 0.4236579 0.4041448 0.2984562 0.4519414 0.4725128 0.2999079 0.2101586 0.3298941 0.2958723 0.6357086 0.6632552 0.3539145 0.3715065 0.0000000 0.3981923 0.3769725 0.4433456 0.4443340 0.4479182 0.3941622 0.1486362 0.5025082 0.4424476 0.3140847 0.4733701 0.1580718 0.2713347 0.2974241 0.3484512 0.3216596 0.2338389 0.3547101 0.2981176 0.2462612 0.4224827 0.3290835 0.3824480 0.3870615 0.3762859 0.3557129 0.1611845 0.3125521 0.3372511 0.2430667 0.3067065 0.1344556 0.3047724 0.1646567 0.2833668 0.3603966 0.4021491 0.3975029 0.6096206 0.7688365 0.3583836 0.2613366 0.4809584 0.3884147 0.3614469 0.3184769 0.3816623 0.3281927 0.4776599 0.3336412 0.2894205 0.2498023 0.3845623 0.2697499 0.4991546 0.4495369 0.4306344 
Perityle_coronopifolia_28_patagonia        0.4264023 0.2366133 0.1096508 0.3503899 0.2073031 0.2268177 0.3327745 0.2293491 0.3553246 0.0924823 0.1600513 0.2048723 0.1608542 0.1470999 0.2755644 0.2746438 0.2805033 0.2838622 0.3187958 0.2006024 0.3385223 0.2175826 0.2327006 0.4207274 0.4807399 0.1348769 0.2258278 0.3981923 0.0000000 0.2787131 0.3105360 0.2552995 0.4950747 0.2855628 0.1115756 0.2687006 0.2204953 0.2145818 0.1391750 0.2742679 0.2018870 0.2279397 0.1564095 0.1144327 0.2457608 0.1509597 0.1897068 0.1205773 0.3872683 0.1526769 0.1881841 0.1613064 0.2023362 0.1660598 0.2683538 0.2930468 0.2617659 0.1051099 0.2088331 0.3062730 0.1711082 0.2696092 0.2262977 0.1995138 0.0179524 0.3161427 0.4640844 0.6749078 0.2746331 0.1364441 0.3683693 0.2200687 0.1760534 0.1886084 0.2683927 0.2094198 0.3025063 0.3179267 0.1512946 0.1374194 0.2842598 0.1277451 0.1293547 0.2593078 0.3354828 
Perityle_crassifolia_70_ventanas           0.9325778 0.4425160 0.0991358 0.4132680 0.2213440 0.4085580 0.2581127 0.2776070 0.2996108 0.1102282 0.1248716 0.3488678 0.2556300 0.2354367 0.2654467 0.3901728 0.1469389 0.2940953 0.2908837 0.2126458 0.2514742 0.2126062 0.1630363 0.3511542 0.5375034 0.2539454 0.2673048 0.3769725 0.2787131 0.0000000 0.1512342 0.3339942 0.2600413 0.2772064 0.1205389 0.5029779 0.3201153 0.2351282 0.5375173 0.3341012 0.4066207 0.3944919 0.2156603 0.2274088 0.3447392 0.2495010 0.1547223 0.1242939 0.4500918 0.1843461 0.3157935 0.2942819 0.2628755 0.2402243 0.2846734 0.2981718 0.2445245 0.1287276 0.1940119 0.3810634 0.2468421 0.2637173 0.2631231 0.2720392 0.2795449 0.2888821 0.5738643 0.7981313 0.2960425 0.1149346 0.4084111 0.0096557 0.2624712 0.3631155 0.2788502 0.2537987 0.3230434 0.3131148 0.1229040 0.1416700 0.3033164 0.1295913 0.5484300 0.2763408 0.2845104 
Perityle_crassifolia_74_playa_balandra     0.3831734 0.1711234 0.2266850 0.2589663 0.3556884 0.2199765 0.2663443 0.1913664 0.2585572 0.1097155 0.1808804 0.3415270 0.2897432 0.2849824 0.1791947 0.2006962 0.1575323 0.2613488 0.2252929 0.3348569 0.4519152 0.3628264 0.1554475 0.2048026 0.2917926 0.3106197 0.3516072 0.4433456 0.3105360 0.1512342 0.0000000 0.1708287 0.2637064 0.1741083 0.1039431 0.2801413 0.5025284 0.2977049 0.3363699 0.3454506 0.3290194 0.3527245 0.3299176 0.2283328 0.3466640 0.3374324 0.3094096 0.1766333 0.3796547 0.2793003 0.3274182 0.3260252 0.3300817 0.3285754 0.3550931 0.2475900 0.1404630 0.1296444 0.3295963 0.3596857 0.1293222 0.3477150 0.1576435 0.3519158 0.3017139 0.3590906 0.2700153 0.4904081 0.1812487 0.2472074 0.2444983 0.1699438 0.3366442 0.3242834 0.3199280 0.1577426 0.2401346 0.2449676 0.2627993 0.1823895 0.2617371 0.2313486 0.3486754 0.1545123 0.1751531 
Perityle_cuneata_34_cuneata_San_antonio    0.4111407 0.0849722 0.1635806 0.2748082 0.2599862 0.1401774 0.2720177 0.1267891 0.3512795 0.0774200 0.1602335 0.3009453 0.2225314 0.2154666 0.1148647 0.1972681 0.2626798 0.1693643 0.1688381 0.2453305 0.3957630 0.2671789 0.1684507 0.2695757 0.2361590 0.2231522 0.2578996 0.4443340 0.2552995 0.3339942 0.1708287 0.0000000 0.4884731 0.1345316 0.1016593 0.3267718 0.3761399 0.2392570 0.3353287 0.3774715 0.3004740 0.3380798 0.2539427 0.1752080 0.3660829 0.2441058 0.2239629 0.1589742 0.3514613 0.2076508 0.2634412 0.2574675 0.2405243 0.2290702 0.3389011 0.1842852 0.1078635 0.1320439 0.2392139 0.3854442 0.0589299 0.3214131 0.1604113 0.2609948 0.2536732 0.3644585 0.2031606 0.4816656 0.1585073 0.1800448 0.2381618 0.2638852 0.2420115 0.2908261 0.3395159 0.1169567 0.1918920 0.2688331 0.2023877 0.1864827 0.2261321 0.1801859 0.2861657 0.1030202 0.1202056 
Perityle_cuneata_4                         0.0000010 0.3834597 0.4082555 0.5119001 0.4928518 0.2610272 0.3839590 0.3011715 0.4007591 0.3176195 0.3600092 0.5489673 0.4096654 0.3681107 0.3899021 0.6248955 0.1964534 0.4770643 0.4814339 0.4381172 0.3732057 0.9808169 0.2467943 0.5040843 0.4208607 0.4159218 0.4497594 0.4479182 0.4950747 0.2600413 0.2637064 0.4884731 0.0000000 0.4482086 0.3259327 0.5261791 0.8180324 0.6340267 0.4828239 0.4131944 0.5016410 0.4912301 0.3616376 0.4501887 0.4328116 0.4043044 0.7879553 0.3163110 0.5351384 0.4315240 0.5353974 0.5225421 0.4573580 0.4317507 0.4111910 0.3656349 0.4239397 0.3588306 0.9520637 0.4383463 0.2963316 0.3587128 0.3862451 0.4342617 0.4799051 0.2486976 0.5145276 0.5020175 0.4221837 0.3163110 0.4996816 0.2393075 0.4164439 0.5041410 0.2471678 0.4135916 0.5188211 0.4449500 0.3163110 0.3367950 0.4092279 0.3163110 0.4212041 0.4241735 0.4761409 
Perityle_discoidea_81                      0.4283727 0.1037134 0.2089909 0.2666004 0.2902123 0.1509728 0.2443345 0.1394113 0.3491576 0.1127686 0.1598714 0.3331520 0.2594210 0.2392722 0.1565324 0.2065432 0.2359184 0.2072795 0.1751611 0.2739892 0.3163915 0.2998374 0.2017927 0.2158026 0.2435371 0.2567787 0.2840103 0.3941622 0.2855628 0.2772064 0.1741083 0.1345316 0.4482086 0.0000000 0.1139674 0.3462429 0.4146373 0.2675655 0.3495325 0.3469498 0.3216080 0.3456477 0.2841684 0.2118600 0.3417753 0.2744521 0.2489325 0.1721930 0.2929818 0.2466711 0.2976580 0.2881253 0.2706110 0.2693206 0.3220879 0.1808081 0.1291507 0.1422212 0.2750001 0.3565515 0.1021727 0.2877376 0.1835057 0.2799986 0.2815036 0.3598510 0.1629517 0.4201957 0.1843069 0.1937144 0.1703672 0.2226099 0.2756293 0.3232841 0.3427531 0.1433378 0.1588021 0.2014954 0.2213647 0.1836219 0.2042768 0.1943055 0.3306701 0.1250947 0.1509463 
Perityle_dissecta_201                      0.0000010 2.0667444 0.1109127 0.2633751 0.1086707 0.4572630 0.1775904 0.1017877 0.2535708 0.1101215 0.1132670 0.0343516 0.0397045 0.0253421 0.0255167 0.0959046 0.0134292 0.1092310 0.1397239 0.0280803 0.1241936 0.0395534 0.0248313 0.1201113 0.4306159 0.0365130 0.0451402 0.1486362 0.1115756 0.1205389 0.1039431 0.1016593 0.3259327 0.1139674 0.0000000 0.3708977 0.1041319 0.0311101 0.1256479 0.0438131 0.0681493 0.1059778 0.0992461 0.0364283 0.0863274 0.0295677 0.0410483 0.0348345 0.1646037 0.0373023 0.0288164 0.0265795 0.0459319 0.0251824 0.1204599 0.1345452 0.0365643 0.0380669 0.0364499 0.1185747 0.0846087 0.0958250 0.0491291 0.0390753 0.1148194 0.0490553 0.0000010 0.9421152 0.0372732 0.0266701 0.0791689 0.1142184 0.0445936 0.0364522 0.0308009 0.0318237 0.0998112 0.1300751 0.0390804 0.0398341 0.1621410 0.0364455 0.0000010 0.0870094 0.0336703 
Perityle_emoryi_47_punta_san_jose          0.4933322 0.2894254 0.3941663 0.3784090 0.4587601 0.2900090 0.3159759 0.3086369 0.3972453 0.3601945 0.3598642 0.2870527 0.2308566 0.2752226 0.2601778 0.3752404 0.4434566 0.3637741 0.3205721 0.3871526 0.3835501 0.3999987 0.3888449 0.2307887 0.3022805 0.2468657 0.2683584 0.5025082 0.2687006 0.5029779 0.2801413 0.3267718 0.5261791 0.3462429 0.3708977 0.0000000 0.5108338 0.4192431 0.2088825 0.4558376 0.3090488 0.3070753 0.4176294 0.2619553 0.4545969 0.2573939 0.3909478 0.3640643 0.3981680 0.2853615 0.2675156 0.2655448 0.2637611 0.2516285 0.4761121 0.3301678 0.2823217 0.3669432 0.4006658 0.4558969 0.2234032 0.4736217 0.3070681 0.2591914 0.2734356 0.4743463 0.3220995 0.5404916 0.3163359 0.3669611 0.3460518 0.4922025 0.2457279 0.2858866 0.4653262 0.2711827 0.3324586 0.3745327 0.3615808 0.3692306 0.3249248 0.3643500 0.1822372 0.3055230 0.2698917 
Perityle_feddemae_99                       0.1008173 0.6759344 0.1282354 0.5140327 0.3050453 0.5662561 0.4986052 0.4253956 0.5046359 0.0967772 0.1389747 0.2961575 0.3157803 0.2727985 0.4275418 0.4020464 0.3721054 0.4248199 0.4528922 0.1633554 0.4245539 0.1577710 0.3834622 0.6022156 0.6541690 0.2591133 0.2869342 0.4424476 0.2204953 0.3201153 0.5025284 0.3761399 0.8180324 0.4146373 0.1041319 0.5108338 0.0000000 0.1690697 0.4612789 0.3340291 0.3032424 0.3476483 0.0303287 0.2476485 0.1892213 0.2609474 0.1779257 0.1153067 0.4692741 0.2092109 0.2600598 0.2703094 0.2929894 0.2875224 0.3615739 0.4527913 0.3706742 0.1008907 0.1466883 0.3580779 0.3567972 0.3293673 0.3809170 0.2730407 0.2195201 0.3463844 0.7689979 0.8720998 0.4526146 0.1267399 0.5081209 0.2638529 0.2735388 0.2899704 0.2981672 0.3661266 0.4509979 0.4519054 0.1346645 0.1436480 0.4793499 0.1203618 0.5375903 0.4678257 0.4547380 
Perityle_fosteri_93                        0.2305085 0.5595921 0.1754793 0.3996058 0.2325369 0.6722717 0.3184265 0.2833549 0.3277949 0.1240288 0.1207239 0.1450851 0.1995575 0.1383640 0.1976531 0.2626013 0.0505142 0.2805352 0.3098038 0.0422214 0.2716386 0.0743450 0.1190048 0.4291702 0.5964921 0.1368159 0.1422860 0.3140847 0.2145818 0.2351282 0.2977049 0.2392570 0.6340267 0.2675655 0.0311101 0.4192431 0.1690697 0.0000000 0.4256153 0.1615858 0.2196415 0.2659932 0.1485635 0.1232822 0.1518546 0.1252911 0.0532935 0.0304635 0.3663712 0.1244684 0.1430656 0.1305860 0.1463106 0.1193881 0.2283395 0.2687764 0.1644678 0.0375121 0.0701640 0.2843069 0.2292861 0.2163564 0.1967516 0.1554583 0.2164202 0.1443575 0.6727102 0.8604532 0.2463812 0.0330011 0.3244879 0.2211035 0.1445123 0.1516652 0.0842903 0.1769485 0.2748436 0.3098447 0.0403373 0.0424909 0.3072874 0.0422575 0.5372915 0.2459257 0.2432506 
Perityle_gamon_221                         0.4160784 0.2595657 0.2944059 0.3359631 0.4051362 0.2415174 0.3133656 0.3283743 0.3864330 0.1125338 0.1699781 0.1885247 0.1207818 0.1548110 0.3017135 0.3697084 0.4857387 0.3935619 0.2928695 0.3914508 0.4538456 0.4411564 0.3224798 0.3377664 0.3476800 0.1387282 0.1512898 0.4733701 0.1391750 0.5375173 0.3363699 0.3353287 0.4828239 0.3495325 0.1256479 0.2088825 0.4612789 0.4256153 0.0000000 0.4386673 0.2266014 0.2751177 0.3883320 0.1332574 0.4315623 0.1415007 0.4283977 0.1822830 0.3754620 0.1984159 0.1552775 0.1525207 0.1543205 0.1155670 0.4862969 0.2999903 0.3139548 0.1822830 0.4394320 0.4224829 0.2225484 0.4704510 0.2924316 0.1365489 0.1353762 0.4824933 0.3816425 0.4403627 0.3408527 0.1256479 0.3565907 0.5445174 0.1288874 0.2150783 0.4473491 0.2923884 0.3358820 0.3572313 0.1388893 0.1699781 0.3254899 0.1831053 0.1346772 0.3373898 0.3190965 
Perityle_gentryi_8_san_francisco           0.3943003 0.3825864 0.1883719 0.3947542 0.2213824 0.3920980 0.3755095 0.3057212 0.3714046 0.1184319 0.1329135 0.2632349 0.2308536 0.1961309 0.2595448 0.3105946 0.2448196 0.3747478 0.3507356 0.1507168 0.2057848 0.1620353 0.2115580 0.5152118 0.5508948 0.2103078 0.2207906 0.1580718 0.2742679 0.3341012 0.3454506 0.3774715 0.4131944 0.3469498 0.0438131 0.4558376 0.3340291 0.1615858 0.4386673 0.0000000 0.2177937 0.2592303 0.2223036 0.1759085 0.1547200 0.2077118 0.1189908 0.0717884 0.3369208 0.1725036 0.2400131 0.2342794 0.2272680 0.2070892 0.1026668 0.3015037 0.2188357 0.0511176 0.1401378 0.1155817 0.2812489 0.1125638 0.2172395 0.2233489 0.2787241 0.2861929 0.6020263 0.7175894 0.3203804 0.0701537 0.4375048 0.2722322 0.2135495 0.1956149 0.2771880 0.2060798 0.3898287 0.2642290 0.0787149 0.0901195 0.3509258 0.0830312 0.4701064 0.3879643 0.3169188 
Perityle_gilensis_22_Superstition          0.4626724 0.2701734 0.1861362 0.3345882 0.2962891 0.2669853 0.3306586 0.2655491 0.3906386 0.1432647 0.1195368 0.1685883 0.0675435 0.0710162 0.2462037 0.2233742 0.2650932 0.3110055 0.2395137 0.1904557 0.3117626 0.2066143 0.2284507 0.2846785 0.3654031 0.0769150 0.1060209 0.2713347 0.2018870 0.4066207 0.3290194 0.3004740 0.5016410 0.3216080 0.0681493 0.3090488 0.3032424 0.2196415 0.2266014 0.2177937 0.0000000 0.0521238 0.2134408 0.0691094 0.2423179 0.0794836 0.1065016 0.0690174 0.2777448 0.1240948 0.1044965 0.1365987 0.1187672 0.0732418 0.2900647 0.2342385 0.2282636 0.0692660 0.1870500 0.2139388 0.2120950 0.2740745 0.2201013 0.0651528 0.1951511 0.3281771 0.4393661 0.5638143 0.2396001 0.0804067 0.3043334 0.3039978 0.0815049 0.0494665 0.2999676 0.2076628 0.3129971 0.2241906 0.1019529 0.0923285 0.2761278 0.0704815 0.0707435 0.2993897 0.2517336 
Perityle_gilensis_salensis_225             0.4730337 0.2706781 0.2499043 0.3473806 0.3235144 0.2616759 0.3673060 0.2591914 0.4073425 0.1701116 0.1986859 0.2283773 0.1115736 0.1195584 0.2828204 0.2391193 0.2579593 0.3361552 0.2781146 0.2532432 0.2747830 0.2619574 0.2304563 0.3482462 0.4399742 0.1400284 0.1800035 0.2974241 0.2279397 0.3944919 0.3527245 0.3380798 0.4912301 0.3456477 0.1059778 0.3070753 0.3476483 0.2659932 0.2751177 0.2592303 0.0521238 0.0000000 0.2828338 0.1070906 0.2660426 0.1442625 0.2020291 0.1491321 0.3350609 0.1801810 0.1771229 0.2161184 0.1881001 0.1312387 0.3000890 0.2457643 0.2438481 0.1432440 0.2571928 0.2359328 0.2086340 0.3017497 0.2318681 0.1267562 0.2668138 0.3666327 0.4802415 0.6381347 0.2346461 0.1707673 0.3496540 0.3225180 0.1384810 0.0903198 0.3188370 0.2222872 0.3552920 0.2518635 0.2059938 0.1511255 0.2856888 0.1538654 0.0657389 0.3076920 0.3056809 
Perityle_glaucescens_94                    0.1047321 0.4334952 0.1307791 0.3935183 0.2145054 0.5735887 0.3890272 0.2879405 0.3725584 0.0954481 0.1425509 0.2093599 0.2453629 0.1931342 0.3029428 0.2680830 0.0696015 0.2954859 0.3603467 0.1443478 0.3341816 0.1202649 0.1619395 0.4978821 0.6078081 0.1924320 0.2069043 0.3484512 0.1564095 0.2156603 0.3299176 0.2539427 0.3616376 0.2841684 0.0992461 0.4176294 0.0303287 0.1485635 0.3883320 0.2223036 0.2134408 0.2828338 0.0000000 0.1877859 0.0353020 0.1937298 0.1312492 0.1150789 0.3131708 0.2125910 0.1981898 0.1854959 0.2108011 0.2111952 0.2419924 0.3232441 0.2570931 0.1017462 0.1061502 0.2638740 0.1802527 0.2037644 0.2240816 0.2119156 0.1538799 0.2147631 0.6511701 0.8828595 0.3128675 0.1290662 0.3760564 0.1889924 0.2078601 0.2223474 0.1636765 0.2415032 0.3121473 0.3294343 0.1354102 0.1382997 0.3041139 0.1243108 0.4714243 0.2657541 0.3544135 
Perityle_gracilis_11                       0.4403302 0.2678889 0.1364281 0.3101751 0.2188476 0.2841408 0.2743894 0.2120126 0.2857056 0.1148908 0.1085145 0.0770871 0.0409389 0.0529292 0.1499788 0.2083305 0.1262458 0.2161236 0.2565928 0.1226342 0.3021495 0.1367651 0.1337787 0.3403600 0.4140568 0.0362190 0.0522792 0.3216596 0.1144327 0.2274088 0.2283328 0.1752080 0.4501887 0.2118600 0.0364283 0.2619553 0.2476485 0.1232822 0.1332574 0.1759085 0.0691094 0.1070906 0.1877859 0.0000000 0.2152672 0.0740310 0.0655507 0.0135597 0.2818537 0.0700232 0.0446229 0.0525805 0.0502332 0.0439504 0.2484365 0.2239025 0.1468915 0.0189302 0.1244544 0.3010613 0.1749704 0.2367222 0.1661372 0.0655554 0.1130863 0.1977260 0.3548850 0.6342548 0.2242658 0.0377745 0.2624362 0.2109366 0.0335276 0.0150749 0.1724181 0.1285070 0.2107837 0.2392004 0.0226372 0.0599290 0.2805833 0.0175767 0.0473521 0.2024103 0.1864249 
