84
Amauria_brandeegeana_62                    0.0000000 0.2163433 0.0839921 0.2439376 0.1218724 0.0867714 0.2418685 0.1294741 0.2387919 0.2240297 0.2450009 0.1566784 0.0606557 0.1558202 0.1573074 0.1559761 0.1420726 0.1755788 0.1866965 0.1900043 0.2377797 0.1613321 0.2404240 0.2309138 0.1753701 0.1580878 0.1733072 0.1931285 0.1938569 0.1300071 0.1676108 0.2610921 0.0316776 0.1552989 0.2452873 0.4210347 0.1181566 0.1693642 0.2943444 0.2004494 0.2210887 0.1707501 0.2864181 0.1551172 0.1523952 0.1813159 0.1570029 0.1902517 0.1954265 0.1681017 0.1788946 0.1769476 0.2560096 0.1694252 0.1183282 0.1104472 0.1314812 0.1672354 0.1848572 0.1031699 0.1662407 0.0776109 0.1571688 0.3050842 0.1657562 0.2117150 0.1987401 0.0739632 0.1922499 0.1736202 0.1495084 0.1714214 0.1598386 0.2195600 0.1333962 0.1614252 0.2990979 0.1866994 0.1621221 0.2260276 0.1488087 0.4029171 0.0998646 0.1212472 
Amauria_carterae_99_mesa                   0.2163433 0.0000000 0.2126026 0.2573725 0.1267551 0.0862723 0.2651387 0.0930985 0.2312759 0.2161701 0.2254356 0.1666514 0.0474995 0.1572918 0.1431592 0.1422565 0.1322403 0.1489123 0.1883057 0.1996248 0.2203987 0.1767319 0.2455262 0.2427630 0.2270503 0.1535464 0.2104150 0.2224483 0.1981799 0.1377844 0.1659480 0.2283289 0.1690082 0.1612766 0.3120725 0.4245194 0.1193769 0.1655688 0.3416166 0.2303560 0.2432881 0.2344145 0.3198902 0.2499969 0.1516774 0.2551399 0.1678255 0.2288009 0.1855369 0.1825110 0.2389294 0.2431543 0.2696415 0.2611401 0.1113732 0.0880531 0.0904099 0.2052304 0.1966065 0.0974350 0.1851976 0.0850267 0.1781336 0.2628312 0.1969007 0.2110479 0.2142657 0.0711312 0.1901360 0.2076330 0.1485110 0.2101702 0.1668437 0.2088269 0.1485423 0.1817587 0.3260419 0.1959267 0.1911904 0.2698708 0.1483844 0.4443433 0.1238418 0.1429344 
Amauria_rotundifolia_SRR9119150            0.0839921 0.2126026 0.0000000 0.2500413 0.1133822 0.0903427 0.2475747 0.1308240 0.2519926 0.2054895 0.2308752 0.1339621 0.0630684 0.1318781 0.1333027 0.1276446 0.1269675 0.1594320 0.1949740 0.1983403 0.2430855 0.1623066 0.2943593 0.2188437 0.1531355 0.1433179 0.1588264 0.1621470 0.1752011 0.1323385 0.1563836 0.2311437 0.0457135 0.1264198 0.2090956 0.4367305 0.1013868 0.1447819 0.3108132 0.1570403 0.1901738 0.1452908 0.2743173 0.1412703 0.1386828 0.1532125 0.1446009 0.1667782 0.1969031 0.1415620 0.1531940 0.1655794 0.2411012 0.1795255 0.1145896 0.1087151 0.1147758 0.1403716 0.1703024 0.0993377 0.1584783 0.0765297 0.1391864 0.3073585 0.1543413 0.1964269 0.1826660 0.0791929 0.1899950 0.1503157 0.1354289 0.1488474 0.1337114 0.2271377 0.1611527 0.1527453 0.3034343 0.1951018 0.1514738 0.2294709 0.1385550 0.4510207 0.1021105 0.1239528 
Conoclinium_coelestinum_SRR9119114         0.2439376 0.2573725 0.2500413 0.0000000 0.1994133 0.1441497 0.1111604 0.2023874 0.2231136 0.3225225 0.3331852 0.2343270 0.1395751 0.2476011 0.2243290 0.2384462 0.2324721 0.2653047 0.2423228 0.2292163 0.2871019 0.2530204 0.3241462 0.2822651 0.2480423 0.2517199 0.2453816 0.2567123 0.2870119 0.1880990 0.2662363 0.3145609 0.2601988 0.2469727 0.3060150 0.2826200 0.2173776 0.2559749 0.3011216 0.2615265 0.2879912 0.2573704 0.3089896 0.2963290 0.2532139 0.2581283 0.2515139 0.2584591 0.2679720 0.2436765 0.2570958 0.2609075 0.3212757 0.2676001 0.2206885 0.1699232 0.1956137 0.2506739 0.2679142 0.1620662 0.2712171 0.1535953 0.2415587 0.3109818 0.2356080 0.3013814 0.2861030 0.1658739 0.2467932 0.2559059 0.2453851 0.2525013 0.2368837 0.2657466 0.2213091 0.2453884 0.3086672 0.2307487 0.2394621 0.2844108 0.2484051 0.3301088 0.2109303 0.2004831 
Eutetras_palmeri_63                        0.1218724 0.1267551 0.1133822 0.1994133 0.0000000 0.0097574 0.2067692 0.1339113 0.2238157 0.1641791 0.1412745 0.1316583 0.0555294 0.1277942 0.0921921 0.1257838 0.1560723 0.1497165 0.1363106 0.1220983 0.1825670 0.1324613 0.1923901 0.1776378 0.1223051 0.1587295 0.1283203 0.1481002 0.1765975 0.1014386 0.1325465 0.2339047 0.1037377 0.1319816 0.1157043 0.2614082 0.1816730 0.1258172 0.1931405 0.1318796 0.1022240 0.1180236 0.1379614 0.1712812 0.1620631 0.1275783 0.1691190 0.0981929 0.1858108 0.1316854 0.1319297 0.1454000 0.1661647 0.1197795 0.0775751 0.0792535 0.1571326 0.1341317 0.1537763 0.0767506 0.1237588 0.0464182 0.1333373 0.2274932 0.1258349 0.1057792 0.1047462 0.0557800 0.1685870 0.1343442 0.1358119 0.1299305 0.1241672 0.2222489 0.0872637 0.0922182 0.2005187 0.1165387 0.1356986 0.1353950 0.1618284 0.3813152 0.0802190 0.1039532 
Eutetras_pringlei_149_quer                 0.0867714 0.0862723 0.0903427 0.1441497 0.0097574 0.0000000 0.1365193 0.0837169 0.1773260 0.0769074 0.0604704 0.0748734 0.0344769 0.0606952 0.0647108 0.0501755 0.0589614 0.0705050 0.0874111 0.0607082 0.0554038 0.0660390 0.1363373 0.0590542 0.0535908 0.0606923 0.0569589 0.0643569 0.0885759 0.0823465 0.0936297 0.0719183 0.0943549 0.0642983 0.0904487 0.5926549 0.0807316 0.0605945 0.0572705 0.0607743 0.0919852 0.0607511 0.0900943 0.0881168 0.0624605 0.0624671 0.0660366 0.0884475 0.0571868 0.0641602 0.0660399 0.0839618 0.0771635 0.1011994 0.0644359 0.0614475 0.0640942 0.0642759 0.0866820 0.0738263 0.0865663 0.0351745 0.0749607 0.0881167 0.0552497 0.0787795 0.0835052 0.0531224 0.0591073 0.0608349 0.0805134 0.0589738 0.0626037 0.0589867 0.0628930 0.0850676 0.0695126 0.0657666 0.0748645 0.0864420 0.0589461 0.4814125 0.0683302 0.0899592 
Eutrochium_fistulosum_SRR9119106           0.2418685 0.2651387 0.2475747 0.1111604 0.2067692 0.1365193 0.0000000 0.1932500 0.2176841 0.3058839 0.3488367 0.2307998 0.1207621 0.2415400 0.2151379 0.2324712 0.2409548 0.2617882 0.2505464 0.2358716 0.2840051 0.2427149 0.3360369 0.2795824 0.2415214 0.2515561 0.2468418 0.2445900 0.2867513 0.1902147 0.2440762 0.3391515 0.2507348 0.2407409 0.3049186 0.2780898 0.2681405 0.2511411 0.2998240 0.2463209 0.2920259 0.2391956 0.3180853 0.3001066 0.2502542 0.2426463 0.2558138 0.2660308 0.2793466 0.2305584 0.2430845 0.2511519 0.3173416 0.2579629 0.2091140 0.1722385 0.2105925 0.2426628 0.2660982 0.1564932 0.2710768 0.1531381 0.2393599 0.3297173 0.2397229 0.3189363 0.3070420 0.1674066 0.2529929 0.2461921 0.2558310 0.2391214 0.2296318 0.2673766 0.2105759 0.2572899 0.3110489 0.2262568 0.2363836 0.2912257 0.2528375 0.3352875 0.2016274 0.1977716 
Galeana_pratensis_104_mex                  0.1294741 0.0930985 0.1308240 0.2023874 0.1339113 0.0837169 0.1932500 0.0000000 0.2450860 0.2084263 0.2168325 0.1221925 0.0971972 0.1180501 0.0976430 0.1186803 0.0952246 0.1432874 0.1777515 0.1553876 0.1819238 0.1276668 0.1728128 0.1200222 0.1192747 0.1015981 0.1194751 0.1208907 0.1560037 0.1092806 0.1412148 0.1809692 0.1441123 0.1194542 0.1371139 0.2986153 0.1152328 0.1230641 0.1890723 0.1222407 0.1380354 0.1236478 0.1683008 0.1470065 0.1016606 0.1262936 0.1035604 0.1252804 0.1623194 0.1204314 0.1275736 0.1317806 0.1478962 0.1561237 0.0960646 0.0922016 0.0887732 0.1236478 0.1552474 0.0940503 0.1491000 0.1060720 0.1198772 0.2209052 0.1194260 0.1599630 0.1347664 0.0908533 0.1374913 0.1209440 0.1366274 0.1250140 0.1265185 0.1573765 0.1017023 0.1436293 0.1829636 0.1373138 0.1269291 0.1488954 0.0979120 0.4666943 0.1261898 0.1114966 
Helianthus_annuus_SRR9119062               0.2387919 0.2312759 0.2519926 0.2231136 0.2238157 0.1773260 0.2176841 0.2450860 0.0000000 0.4431299 0.4633983 0.2393883 0.1538723 0.2255436 0.2602189 0.2269897 0.2780281 0.2555031 0.2880080 0.2535576 0.2986677 0.2296609 0.1580716 0.3076988 0.2316098 0.2646008 0.2293083 0.2408125 0.2646157 0.3042858 0.2126778 0.4007574 0.2024073 0.2398847 0.2730736 0.2343743 0.2268372 0.2358537 0.2930310 0.2339544 0.2700302 0.2298305 0.3175950 0.2719460 0.2646008 0.2296609 0.2646008 0.2473991 0.2621380 0.2370864 0.2343753 0.2381002 0.2276936 0.2848376 0.2024908 0.2284245 0.2240185 0.2298305 0.2755050 0.0822626 0.2805759 0.2361831 0.2442594 0.3164652 0.2399548 0.3911860 0.3311406 0.1060545 0.2428977 0.2320197 0.2614110 0.2320407 0.2302377 0.2861206 0.2037821 0.2476070 0.3135175 0.2610634 0.2421504 0.2390304 0.2645896 0.3148152 0.2310581 0.1176983 
Lycapsus_tenuifolius_17                    0.2240297 0.2161701 0.2054895 0.3225225 0.1641791 0.0769074 0.3058839 0.2084263 0.4431299 0.0000000 0.1537948 0.2558154 0.2594471 0.2264515 0.1626841 0.2363324 0.1884371 0.2605651 0.1740320 0.1634201 0.2264469 0.2560291 0.2594247 0.2226123 0.2418029 0.1823747 0.2306859 0.2569970 0.2931068 0.0416796 0.1585941 0.2871375 0.2100575 0.2391909 0.2098184 0.9774343 0.2372913 0.2178240 0.2590698 0.2397305 0.2091308 0.2134040 0.2179205 0.2911248 0.1973817 0.2462356 0.2021055 0.1815411 0.2170382 0.2507267 0.2498869 0.2596157 0.3647385 0.2016393 0.1829229 0.0747697 0.1720619 0.2506125 0.2412768 0.0916344 0.2141081 0.1856680 0.2497245 0.2850180 0.2430600 0.1606580 0.1534461 0.0740026 0.2475577 0.2556659 0.1471043 0.2500584 0.2192141 0.2109843 0.1691204 0.2147360 0.2599783 0.1502260 0.2388046 0.2377052 0.1973769 0.7352451 0.1758431 0.0998646 
Pericome_caudata_50_silver                 0.2450009 0.2254356 0.2308752 0.3331852 0.1412745 0.0604704 0.3488367 0.2168325 0.4633983 0.1537948 0.0000000 0.2697973 0.3006636 0.2403778 0.1790215 0.2505759 0.1903689 0.2616569 0.1985235 0.1716893 0.2428172 0.2731477 0.2242283 0.2148588 0.2528366 0.1798383 0.2468300 0.2725132 0.3204822 0.0929414 0.2223568 0.2483837 0.2433665 0.2524943 0.2189200 0.9407578 0.2113663 0.2302123 0.2786728 0.2558748 0.2216082 0.2324035 0.2046554 0.2895589 0.1970966 0.2655843 0.2017377 0.1873119 0.2232927 0.2717104 0.2634680 0.2698072 0.3777056 0.2260481 0.1779129 0.0857585 0.1716354 0.2686294 0.2709907 0.0738327 0.2301598 0.1985193 0.2681690 0.3182701 0.2591956 0.0628696 0.0937508 0.0577948 0.2362560 0.2715545 0.2078220 0.2656179 0.2402170 0.2261352 0.1482591 0.1923031 0.2896308 0.1521142 0.2572960 0.2629008 0.1980859 0.9012349 0.2086279 0.1095326 
Perityle_aglossa_84_dead_horse             0.1566784 0.1666514 0.1339621 0.2343270 0.1316583 0.0748734 0.2307998 0.1221925 0.2393883 0.2558154 0.2697973 0.0000000 0.0272960 0.0426673 0.0434980 0.0472611 0.0282958 0.1512934 0.1505881 0.1191262 0.1238034 0.0855659 0.2581414 0.1160097 0.0639618 0.0744748 0.0783462 0.0759133 0.1695464 0.0982576 0.1502319 0.2267077 0.1293642 0.0385051 0.2558577 0.4018736 0.1277710 0.0604403 0.1964241 0.0739057 0.2249298 0.0676617 0.2676310 0.1500439 0.0477676 0.0454666 0.0535692 0.2064486 0.1033393 0.0593856 0.0559503 0.0885759 0.1860100 0.1485306 0.0500689 0.0385354 0.0334234 0.0435868 0.1538424 0.0710152 0.1447003 0.0520543 0.0417388 0.2593971 0.0796896 0.2122448 0.2177528 0.0738158 0.1120769 0.0491472 0.1287475 0.0454651 0.0421659 0.1407143 0.0482363 0.1545525 0.2785577 0.1133466 0.0358893 0.1987029 0.0510195 0.4038888 0.0786590 0.0871936 
Perityle_ajoensis_204                      0.0606557 0.0474995 0.0630684 0.1395751 0.0555294 0.0344769 0.1207621 0.0971972 0.1538723 0.2594471 0.3006636 0.0272960 0.0000000 0.0394206 0.0287102 0.0350387 0.0127852 0.0875106 0.1686625 0.1167845 0.1616862 0.0207893 0.0480992 0.0696830 0.0239511 0.0127687 0.0416076 0.0661148 0.0886324 0.0568234 0.0696934 0.1721104 0.0673563 0.0345339 0.0947294 0.2217480 0.0434492 0.0429488 0.1579113 0.0321394 0.0807003 0.0297092 0.1647202 0.0830340 0.0127687 0.0313125 0.0170950 0.0832557 0.1463250 0.0307004 0.0272295 0.0409029 0.0379149 0.0818118 0.0297348 0.0170457 0.0127687 0.0329550 0.0833694 0.0433433 0.0851187 0.0293982 0.0479039 0.2231473 0.0247130 0.1449169 0.0840626 0.0480432 0.1029296 0.0409331 0.0729169 0.0329155 0.0223710 0.1857471 0.0393076 0.0679255 0.1763972 0.1078523 0.0252130 0.0641411 0.0127687 0.3516142 0.0504594 0.0478770 
Perityle_ambrosiifolia_67_green            0.1558202 0.1572918 0.1318781 0.2476011 0.1277942 0.0606952 0.2415400 0.1180501 0.2255436 0.2264515 0.2403778 0.0426673 0.0394206 0.0000000 0.0303014 0.0422264 0.0261562 0.1477500 0.1432605 0.0988287 0.1108507 0.0705941 0.2620000 0.1003399 0.0505875 0.0515390 0.0601860 0.0723067 0.1537391 0.0931638 0.1410030 0.2157221 0.1241013 0.0317134 0.2392811 0.3851987 0.1225099 0.0519856 0.1797452 0.0477815 0.2106561 0.0524399 0.2493704 0.1663432 0.0335352 0.0341945 0.0360812 0.1920978 0.0972368 0.0432478 0.0422535 0.0731206 0.1630348 0.1479122 0.0429865 0.0295765 0.0292170 0.0320418 0.1446854 0.0624635 0.1338506 0.0473394 0.0336319 0.2328559 0.0573621 0.2051249 0.2050381 0.0658010 0.0827922 0.0338780 0.1215970 0.0338551 0.0320824 0.1565021 0.0362907 0.1527977 0.2395293 0.0948514 0.0414331 0.1907329 0.0326939 0.3823099 0.0735467 0.0797464 
Perityle_angustifolia_13_Eagle_creek       0.1573074 0.1431592 0.1333027 0.2243290 0.0921921 0.0647108 0.2151379 0.0976430 0.2602189 0.1626841 0.1790215 0.0434980 0.0287102 0.0303014 0.0000000 0.0426906 0.0257157 0.1507961 0.1280202 0.1014280 0.1224914 0.0453950 0.1864181 0.0899706 0.0279551 0.0211741 0.0561439 0.0540508 0.1478110 0.0976869 0.1468725 0.1999296 0.1341623 0.0331545 0.1600422 0.4069622 0.1112661 0.0513751 0.1781130 0.0252254 0.1572646 0.0178451 0.1897073 0.1454950 0.0132847 0.0188343 0.0166732 0.1513214 0.0850294 0.0210989 0.0247045 0.0671309 0.1538884 0.1234255 0.0457644 0.0320092 0.0187847 0.0195505 0.1429803 0.0691516 0.1280840 0.0554536 0.0431617 0.2345597 0.0575967 0.1540312 0.1541293 0.0666589 0.0971713 0.0252358 0.1246527 0.0216753 0.0195560 0.0922052 0.0222789 0.1272925 0.2202924 0.0859906 0.0455781 0.1720705 0.0121585 0.3557638 0.0796290 0.0805616 
Perityle_batopilensis_97                   0.1559761 0.1422565 0.1276446 0.2384462 0.1257838 0.0501755 0.2324712 0.1186803 0.2269897 0.2363324 0.2505759 0.0472611 0.0350387 0.0422264 0.0426906 0.0000000 0.0324934 0.1362956 0.1346092 0.1107909 0.1231281 0.0689093 0.2113783 0.1112243 0.0553750 0.0649036 0.0562337 0.0621629 0.1598371 0.0884716 0.1376626 0.2145452 0.1270013 0.0408645 0.2155702 0.3967310 0.1335033 0.0266056 0.1883175 0.0530799 0.1959097 0.0593034 0.2298982 0.1553434 0.0370023 0.0443920 0.0433783 0.1976024 0.1121895 0.0579702 0.0485644 0.0664096 0.1518600 0.1212439 0.0371049 0.0323168 0.0348234 0.0424324 0.1467870 0.0567737 0.1321754 0.0427163 0.0486744 0.2500734 0.0566809 0.2106331 0.2158870 0.0579154 0.0924888 0.0492708 0.1240784 0.0443644 0.0443268 0.1564368 0.0396991 0.1375964 0.2618337 0.0973694 0.0520735 0.1705923 0.0369686 0.3922160 0.0732087 0.0802253 
Perityle_bisetosa_9                        0.1420726 0.1322403 0.1269675 0.2324721 0.1560723 0.0589614 0.2409548 0.0952246 0.2780281 0.1884371 0.1903689 0.0282958 0.0127852 0.0261562 0.0257157 0.0324934 0.0000000 0.1403161 0.0884540 0.0109509 0.0183962 0.0263434 0.2312566 0.0261125 0.0165147 0.0460808 0.0259977 0.0445207 0.1433535 0.0843841 0.1097674 0.1561679 0.1338179 0.0290352 0.2140276 0.3139898 0.1305174 0.0397218 0.0223719 0.0242231 0.2024540 0.0194457 0.1533366 0.1470478 0.0218502 0.0269893 0.0305418 0.1820087 0.0237643 0.0572385 0.0251414 0.0463289 0.1973887 0.0991664 0.0338997 0.0233169 0.0206681 0.0269102 0.1053017 0.0739887 0.0956227 0.0093739 0.0323669 0.1241799 0.0592294 0.1713321 0.1932966 0.0712754 0.0568088 0.0268993 0.1007752 0.0223168 0.0249774 0.0200145 0.0249899 0.1515338 0.1492625 0.0212577 0.0332601 0.1491003 0.0284288 0.4440460 0.0608099 0.0796364 
Perityle_californica_76_positas            0.1755788 0.1489123 0.1594320 0.2653047 0.1497165 0.0705050 0.2617882 0.1432874 0.2555031 0.2605651 0.2616569 0.1512934 0.0875106 0.1477500 0.1507961 0.1362956 0.1403161 0.0000000 0.2052959 0.1941305 0.2250539 0.1578700 0.2089284 0.1795429 0.1530876 0.1442107 0.1522077 0.1585629 0.1819927 0.1600337 0.1610706 0.1905214 0.1726877 0.1504863 0.2005138 0.4017581 0.1643032 0.1532636 0.2451101 0.1506036 0.1970594 0.1513518 0.2451635 0.1874103 0.1544229 0.1540733 0.1597116 0.1542319 0.2017423 0.1482364 0.1579135 0.1612515 0.2154921 0.1717809 0.1179533 0.1166966 0.1218068 0.1505501 0.1911544 0.0598895 0.1793268 0.0830852 0.1495705 0.2691488 0.1539503 0.2071524 0.2027998 0.0798765 0.1869947 0.1470794 0.1597597 0.1541214 0.1510855 0.1949722 0.1246680 0.1729608 0.2505252 0.1809656 0.1509849 0.1584361 0.1518021 0.4551322 0.1274934 0.1698504 
Perityle_canescens_77                      0.1866965 0.1883057 0.1949740 0.2423228 0.1363106 0.0874111 0.2505464 0.1777515 0.2880080 0.1740320 0.1985235 0.1505881 0.1686625 0.1432605 0.1280202 0.1346092 0.0884540 0.2052959 0.0000000 0.1063430 0.1114173 0.1474385 0.2416144 0.1136559 0.1344729 0.0974449 0.1378697 0.1421025 0.1964830 0.0982919 0.1695834 0.2100174 0.2018785 0.1492618 0.1538979 0.1774574 0.1104610 0.1527332 0.1362582 0.1443035 0.1463274 0.1412810 0.1292229 0.1926401 0.1033421 0.1451420 0.1058155 0.1230670 0.1063979 0.1362938 0.1444880 0.1613362 0.2724793 0.1736319 0.1248692 0.0707676 0.0684069 0.1443686 0.1665664 0.0911767 0.1680733 0.1355210 0.1403153 0.1589004 0.1349534 0.1591615 0.1688588 0.0845292 0.1131499 0.1444232 0.1654510 0.1442193 0.1453730 0.1094186 0.1335896 0.1981875 0.1103311 0.1043371 0.1501338 0.2011211 0.1020022 0.1977793 0.1179192 0.0648154 
Perityle_castillonii_96                    0.1900043 0.1996248 0.1983403 0.2292163 0.1220983 0.0607082 0.2358716 0.1553876 0.2535576 0.1634201 0.1716893 0.1191262 0.1167845 0.0988287 0.1014280 0.1107909 0.0109509 0.1941305 0.1063430 0.0000000 0.0526160 0.1039442 0.2632438 0.0630658 0.0779244 0.0232896 0.0987306 0.1076353 0.1763657 0.0881071 0.1652453 0.1820977 0.1855602 0.1013531 0.2351378 0.0394509 0.1033330 0.1086852 0.0982460 0.1060788 0.1993152 0.0951958 0.1913465 0.1951918 0.0251261 0.0935341 0.0278768 0.1530437 0.0388908 0.0928783 0.0988704 0.1267842 0.2615310 0.1780693 0.0867226 0.0270456 0.0229177 0.0935887 0.1458873 0.0651739 0.1346540 0.0819264 0.0952416 0.1505142 0.0987056 0.1386627 0.1419804 0.0738462 0.0334411 0.0959209 0.1390113 0.0943361 0.1004928 0.0328176 0.0740391 0.1908791 0.1278380 0.0483285 0.1103387 0.2115932 0.0242016 0.2184965 0.1137843 0.0855421 
Perityle_cernua_84                         0.2377797 0.2203987 0.2430855 0.2871019 0.1825670 0.0554038 0.2840051 0.1819238 0.2986677 0.2264469 0.2428172 0.1238034 0.1616862 0.1108507 0.1224914 0.1231281 0.0183962 0.2250539 0.1114173 0.0526160 0.0000000 0.1152680 0.2647201 0.0820915 0.1132427 0.0486646 0.1367993 0.1525500 0.1984437 0.0842174 0.2085877 0.2158371 0.2301473 0.1112662 0.2943527 0.2373758 0.1158153 0.1271709 0.0937947 0.1286796 0.2809795 0.1256720 0.2038530 0.2539381 0.0225484 0.1372894 0.0358534 0.2648643 0.0642444 0.1431413 0.1158316 0.1390608 0.2825968 0.2116371 0.1329187 0.0232910 0.0205370 0.1296038 0.1790605 0.0663808 0.1827349 0.1505820 0.1125566 0.1416275 0.1262516 0.1995677 0.2025870 0.0629897 0.0481590 0.1332860 0.1722040 0.1290942 0.1220086 0.0631287 0.1122836 0.2438465 0.1804669 0.0502046 0.1188659 0.2569532 0.0225417 0.1440680 0.1447525 0.0736208 
Perityle_cfvillosa_25_tin                  0.1613321 0.1767319 0.1623066 0.2530204 0.1324613 0.0660390 0.2427149 0.1276668 0.2296609 0.2560291 0.2731477 0.0855659 0.0207893 0.0705941 0.0453950 0.0689093 0.0263434 0.1578700 0.1474385 0.1039442 0.1152680 0.0000000 0.2624196 0.1512324 0.1164000 0.0736938 0.1338187 0.1402318 0.1823617 0.0970044 0.1457777 0.2242595 0.1305228 0.0719370 0.3177312 0.3667271 0.1332498 0.0881828 0.2010323 0.0986724 0.2379039 0.0964356 0.3153990 0.1911291 0.0657408 0.1028520 0.0717490 0.2125598 0.1260716 0.1093247 0.1158259 0.1423148 0.2210502 0.2143463 0.0430112 0.0321692 0.0168237 0.1004853 0.1570887 0.0681269 0.1482451 0.0439161 0.0839871 0.2588196 0.1324422 0.2138275 0.2210375 0.0765265 0.0957438 0.1203558 0.1263010 0.1070012 0.0554352 0.1478765 0.0849653 0.1697503 0.3041513 0.1079704 0.0718774 0.2317853 0.0544640 0.3934017 0.0788591 0.0902172 
Perityle_cinerea_113_Powell1310            0.2404240 0.2455262 0.2943593 0.3241462 0.1923901 0.1363373 0.3360369 0.1728128 0.1580716 0.2594247 0.2242283 0.2581414 0.0480992 0.2620000 0.1864181 0.2113783 0.2312566 0.2089284 0.2416144 0.2632438 0.2647201 0.2624196 0.0000000 0.3033274 0.2552696 0.2610973 0.3079645 0.3431355 0.2379619 0.1831662 0.1541102 0.2154225 0.2190609 0.2611632 0.2997035 0.5347190 0.1530473 0.2421106 0.2705652 0.2977717 0.2887982 0.2697043 0.2834504 0.3399833 0.2635290 0.3059760 0.2811869 0.1915810 0.2632700 0.2724001 0.2772151 0.2531619 0.2885333 0.2465302 0.1382799 0.1568660 0.1769348 0.3056379 0.2370706 0.1515798 0.2337367 0.1813851 0.2750362 0.2377791 0.2551361 0.2485642 0.2580727 0.0790559 0.2539249 0.3072693 0.2505876 0.2979200 0.2449166 0.2561894 0.1469145 0.2817992 0.2685347 0.2464563 0.2453952 0.1843262 0.2543310 0.5540370 0.1796753 0.1542869 
Perityle_coahuilensis_24                   0.2309138 0.2427630 0.2188437 0.2822651 0.1776378 0.0590542 0.2795824 0.1200222 0.3076988 0.2226123 0.2148588 0.1160097 0.0696830 0.1003399 0.0899706 0.1112243 0.0261125 0.1795429 0.1136559 0.0630658 0.0820915 0.1512324 0.3033274 0.0000000 0.1381049 0.0403302 0.1078494 0.1676057 0.2073676 0.0920527 0.1554814 0.1921895 0.1777618 0.0897160 0.3800996 1.2481657 0.1328074 0.1411588 0.1363310 0.1383056 0.2782286 0.1398350 0.2889466 0.2377252 0.0081076 0.1174327 0.0171050 0.2466451 0.0512799 0.1354157 0.1424673 0.2042772 0.3450470 0.2653855 0.1007253 0.0284096 0.0187322 0.0931959 0.1427401 0.0625498 0.1356850 0.0985190 0.1009142 0.2206134 0.1292966 0.1863248 0.2025831 0.0632718 0.0847208 0.0703448 0.1325533 0.0927036 0.0927278 0.0740922 0.1571794 0.2109868 0.2944596 0.0657197 0.1069156 0.2372378 0.0157077 0.5456597 0.1117846 0.0813352 
Perityle_cochisensis_44_cave_creek         0.1753701 0.2270503 0.1531355 0.2480423 0.1223051 0.0535908 0.2415214 0.1192747 0.2316098 0.2418029 0.2528366 0.0639618 0.0239511 0.0505875 0.0279551 0.0553750 0.0165147 0.1530876 0.1344729 0.0779244 0.1132427 0.1164000 0.2552696 0.1381049 0.0000000 0.0561320 0.1190136 0.1326042 0.1749972 0.0824103 0.1350091 0.2095717 0.1261963 0.0451357 0.2209011 0.3443463 0.1223131 0.0741746 0.1729833 0.1592725 0.2317649 0.0957341 0.2175753 0.1847194 0.0611341 0.0972005 0.0813645 0.2041000 0.1025796 0.0878312 0.0732506 0.1220588 0.1461266 0.1459130 0.0390410 0.0197144 0.0207148 0.0940518 0.1500518 0.0748274 0.1320724 0.0428917 0.0668130 0.2708157 0.1078952 0.2007451 0.2085125 0.0604649 0.0800191 0.1020045 0.1173515 0.0950657 0.0561489 0.1338194 0.0596630 0.1569082 0.2018894 0.0947935 0.0519323 0.1784225 0.0543096 0.4024512 0.0754127 0.0743231 
Perityle_congesta_202                      0.1580878 0.1535464 0.1433179 0.2517199 0.1587295 0.0606923 0.2515561 0.1015981 0.2646008 0.1823747 0.1798383 0.0744748 0.0127687 0.0515390 0.0211741 0.0649036 0.0460808 0.1442107 0.0974449 0.0232896 0.0486646 0.0736938 0.2610973 0.0403302 0.0561320 0.0000000 0.0465211 0.0710890 0.1557319 0.0894836 0.1151342 0.1833338 0.1465966 0.0634534 0.2519756 0.5906405 0.1461299 0.0466723 0.0527128 0.0644037 0.2236320 0.0351411 0.1961810 0.1885117 0.0419355 0.0342424 0.0452115 0.1777065 0.0481281 0.0190849 0.0677612 0.0978654 0.2366096 0.1559480 0.0384944 0.0245874 0.0410973 0.0403049 0.1304391 0.0682158 0.1100625 0.0074785 0.0601929 0.1499152 0.0552345 0.1745859 0.2064919 0.0738518 0.0613480 0.0411506 0.1094518 0.0419472 0.0283716 0.0416032 0.0230899 0.1829436 0.1309261 0.0266783 0.0645740 0.1729336 0.0419276 0.4904807 0.0641375 0.0813471 
Perityle_cordifolia_27                     0.1733072 0.2104150 0.1588264 0.2453816 0.1283203 0.0569589 0.2468418 0.1194751 0.2293083 0.2306859 0.2468300 0.0783462 0.0416076 0.0601860 0.0561439 0.0562337 0.0259977 0.1522077 0.1378697 0.0987306 0.1367993 0.1338187 0.3079645 0.1078494 0.1190136 0.0465211 0.0000000 0.0976077 0.1710577 0.0861090 0.1425991 0.2145679 0.1261100 0.0568887 0.2892609 0.4151367 0.1289638 0.0673104 0.2362831 0.1298926 0.2219782 0.1185449 0.3317128 0.1802983 0.0298930 0.0832671 0.0320353 0.2108878 0.1184648 0.0888048 0.1277292 0.1250606 0.2359995 0.2094401 0.0592247 0.0295354 0.0228047 0.0679514 0.1540394 0.0796164 0.1338985 0.0074768 0.0679720 0.2774442 0.0447841 0.2100292 0.2111666 0.0683188 0.0899237 0.0806769 0.1250886 0.0784936 0.0642990 0.1711652 0.1342718 0.1692014 0.2848189 0.0929578 0.0765692 0.2339717 0.0295140 0.4038252 0.0686773 0.0822946 
Perityle_cordifolia_68_tecolote            0.1931285 0.2224483 0.1621470 0.2567123 0.1481002 0.0643569 0.2445900 0.1208907 0.2408125 0.2569970 0.2725132 0.0759133 0.0661148 0.0723067 0.0540508 0.0621629 0.0445207 0.1585629 0.1421025 0.1076353 0.1525500 0.1402318 0.3431355 0.1676057 0.1326042 0.0710890 0.0976077 0.0000000 0.1909581 0.0906849 0.1430133 0.2294675 0.1388560 0.0718207 0.3171827 0.4010791 0.1398346 0.0793749 0.2462548 0.1361792 0.2346329 0.1353926 0.3451654 0.2060226 0.0509560 0.1253902 0.0754308 0.2311904 0.1300176 0.1005894 0.1286528 0.1625106 0.2584897 0.2330378 0.0085795 0.0384749 0.0477785 0.1150678 0.1592835 0.0696329 0.1344938 0.0466204 0.1061221 0.3027188 0.0946228 0.2139310 0.2216232 0.0658675 0.1187689 0.1082329 0.1264559 0.0957565 0.0681399 0.1915625 0.1637644 0.1622646 0.3176537 0.1000139 0.0946453 0.2375779 0.0552632 0.3885173 0.0832833 0.0930408 
Perityle_coronopifolia_28_patagonia        0.1938569 0.1981799 0.1752011 0.2870119 0.1765975 0.0885759 0.2867513 0.1560037 0.2646157 0.2931068 0.3204822 0.1695464 0.0886324 0.1537391 0.1478110 0.1598371 0.1433535 0.1819927 0.1964830 0.1763657 0.1984437 0.1823617 0.2379619 0.2073676 0.1749972 0.1557319 0.1710577 0.1909581 0.0000000 0.1402030 0.1649273 0.2470134 0.1630998 0.1532518 0.2766234 0.4430686 0.1417025 0.1561694 0.2725244 0.1864210 0.2611401 0.1806323 0.3131555 0.1817991 0.1418875 0.1778678 0.1605992 0.2299552 0.1997399 0.1822273 0.1841256 0.1811834 0.2701737 0.1515590 0.1397870 0.1220495 0.1504134 0.1730983 0.1292188 0.1101276 0.1181884 0.1080379 0.1589851 0.1197091 0.1778846 0.2514754 0.2614104 0.0500405 0.2137114 0.1787816 0.1466827 0.1734956 0.1557117 0.2193677 0.1386025 0.1926941 0.3198919 0.1757206 0.1639060 0.1916265 0.1482029 0.4358657 0.1292687 0.1451233 
Perityle_crassifolia_70_ventanas           0.1300071 0.1377844 0.1323385 0.1880990 0.1014386 0.0823465 0.1902147 0.1092806 0.3042858 0.0416796 0.0929414 0.0982576 0.0568234 0.0931638 0.0976869 0.0884716 0.0843841 0.1600337 0.0982919 0.0881071 0.0842174 0.0970044 0.1831662 0.0920527 0.0824103 0.0894836 0.0861090 0.0906849 0.1402030 0.0000000 0.0325408 0.1288169 0.1451482 0.0957638 0.1083210 0.5347190 0.1179181 0.1004583 0.0907641 0.0932686 0.1042535 0.0906668 0.1017242 0.1299782 0.0931876 0.0931222 0.0970272 0.0831728 0.0918458 0.0855682 0.0943697 0.1121675 0.2293065 0.1223199 0.0828197 0.0821057 0.0770479 0.0919528 0.1115392 0.1004004 0.1009847 0.0544620 0.0919957 0.1137021 0.0835953 0.1113695 0.1194016 0.0820434 0.0957068 0.0933344 0.0065645 0.0917982 0.0944147 0.0895092 0.0937223 0.1240150 0.1016831 0.0933723 0.0967603 0.1332667 0.0930525 0.4610710 0.0862490 0.0973979 
Perityle_crassifolia_74_playa_balandra     0.1676108 0.1659480 0.1563836 0.2662363 0.1325465 0.0936297 0.2440762 0.1412148 0.2126778 0.1585941 0.2223568 0.1502319 0.0696934 0.1410030 0.1468725 0.1376626 0.1097674 0.1610706 0.1695834 0.1652453 0.2085877 0.1457777 0.1541102 0.1554814 0.1350091 0.1151342 0.1425991 0.1430133 0.1649273 0.0325408 0.0000000 0.2125201 0.1649870 0.1456372 0.1383059 0.3705572 0.1324762 0.1498186 0.2388884 0.1375024 0.1407411 0.1397314 0.1957994 0.1645182 0.1184486 0.1420426 0.1236501 0.1377172 0.1911416 0.1364315 0.1356172 0.1600624 0.2271294 0.1403186 0.1215049 0.0988769 0.0940890 0.1409702 0.1493493 0.0883887 0.1268458 0.1275500 0.1408736 0.2542792 0.1413954 0.2088239 0.1970992 0.0765805 0.1705351 0.1375927 0.0362794 0.1419928 0.1444401 0.1671883 0.1286627 0.1692739 0.2290489 0.1609380 0.1467205 0.1458674 0.1182364 0.4685925 0.1189414 0.1187191 
Perityle_cuneata_4                         0.2610921 0.2283289 0.2311437 0.3145609 0.2339047 0.0719183 0.3391515 0.1809692 0.4007574 0.2871375 0.2483837 0.2267077 0.1721104 0.2157221 0.1999296 0.2145452 0.1561679 0.1905214 0.2100174 0.1820977 0.2158371 0.2242595 0.2154225 0.1921895 0.2095717 0.1833338 0.2145679 0.2294675 0.2470134 0.1288169 0.2125201 0.0000000 0.2694177 0.2161813 0.3157134 0.8268769 0.1548956 0.2267455 0.2368564 0.2191178 0.3105254 0.2162272 0.2446517 0.2473354 0.1700205 0.2224785 0.1735234 0.2846497 0.2011876 0.2340953 0.2179076 0.2321153 0.2993547 0.2317055 0.1910567 0.1055637 0.1392289 0.2211019 0.2229441 0.0948339 0.2184363 0.1727605 0.2264139 0.2316141 0.2220604 0.2220637 0.2509861 0.0584680 0.2066147 0.2181638 0.2181272 0.2188114 0.2208629 0.1958675 0.1637384 0.2628155 0.2619007 0.1793231 0.2259595 0.2394464 0.1644698 0.6803178 0.1828694 0.1379611 
Perityle_discoidea_81                      0.0316776 0.1690082 0.0457135 0.2601988 0.1037377 0.0943549 0.2507348 0.1441123 0.2024073 0.2100575 0.2433665 0.1293642 0.0673563 0.1241013 0.1341623 0.1270013 0.1338179 0.1726877 0.2018785 0.1855602 0.2301473 0.1305228 0.2190609 0.1777618 0.1261963 0.1465966 0.1261100 0.1388560 0.1630998 0.1451482 0.1649870 0.2694177 0.0000000 0.1271439 0.1918196 0.3664285 0.1035163 0.1382650 0.2725950 0.1282488 0.1847446 0.1190383 0.2606498 0.1179438 0.1395997 0.1223369 0.1411818 0.1479013 0.1987599 0.1224192 0.1257402 0.1367192 0.2125084 0.1536707 0.1196383 0.1196019 0.1244327 0.1230755 0.1822976 0.0917244 0.1645692 0.0823764 0.1299470 0.2865655 0.1268284 0.2030623 0.1929225 0.0793529 0.1851019 0.1249313 0.1477926 0.1247878 0.1272397 0.2001806 0.1196099 0.1365393 0.2680075 0.1805723 0.1282295 0.2301246 0.1365707 0.4077474 0.1015968 0.1255815 
Perityle_dissecta_201                      0.1552989 0.1612766 0.1264198 0.2469727 0.1319816 0.0642983 0.2407409 0.1194542 0.2398847 0.2391909 0.2524943 0.0385051 0.0345339 0.0317134 0.0331545 0.0408645 0.0290352 0.1504863 0.1492618 0.1013531 0.1112662 0.0719370 0.2611632 0.0897160 0.0451357 0.0634534 0.0568887 0.0718207 0.1532518 0.0957638 0.1456372 0.2161813 0.1271439 0.0000000 0.2342263 0.3854207 0.1275660 0.0528577 0.1802897 0.0514262 0.2137253 0.0510005 0.2658506 0.1683333 0.0346215 0.0378290 0.0393149 0.1952072 0.1082368 0.0455194 0.0516425 0.0774908 0.1767293 0.1639999 0.0439811 0.0359857 0.0323094 0.0374611 0.1491773 0.0623530 0.1335778 0.0495762 0.0386726 0.2553034 0.0598700 0.2052464 0.2162344 0.0605269 0.0669726 0.0395452 0.1256007 0.0353410 0.0313088 0.1598244 0.0515286 0.1581621 0.2514499 0.0945847 0.0342558 0.1803814 0.0346118 0.4135025 0.0794558 0.0856940 
Perityle_feddemae_99                       0.2452873 0.3120725 0.2090956 0.3060150 0.1157043 0.0904487 0.3049186 0.1371139 0.2730736 0.2098184 0.2189200 0.2558577 0.0947294 0.2392811 0.1600422 0.2155702 0.2140276 0.2005138 0.1538979 0.2351378 0.2943527 0.3177312 0.2997035 0.3800996 0.2209011 0.2519756 0.2892609 0.3171827 0.2766234 0.1083210 0.1383059 0.3157134 0.1918196 0.2342263 0.0000000 0.4674397 0.2248523 0.2449676 0.3065542 0.3128149 0.0620604 0.2106697 0.0903156 0.2976088 0.2939865 0.2881783 0.3163056 0.0580593 0.2671911 0.2610080 0.2334910 0.2715880 0.2762155 0.2021854 0.1324425 0.0743838 0.1629466 0.3058371 0.2271432 0.1063853 0.1934070 0.1432895 0.2596093 0.3995562 0.2925470 0.2019272 0.1947931 0.0882859 0.2788684 0.3043068 0.1809908 0.3001935 0.2249280 0.3459307 0.1505946 0.2073338 0.3467986 0.2416011 0.2382563 0.2029294 0.2844522 0.4474128 0.1041971 0.0352033 
Perityle_fosteri_93                        0.4210347 0.4245194 0.4367305 0.2826200 0.2614082 0.5926549 0.2780898 0.2986153 0.2343743 0.9774343 0.9407578 0.4018736 0.2217480 0.3851987 0.4069622 0.3967310 0.3139898 0.4017581 0.1774574 0.0394509 0.2373758 0.3667271 0.5347190 1.2481657 0.3443463 0.5906405 0.4151367 0.4010791 0.4430686 0.5347190 0.3705572 0.8268769 0.3664285 0.3854207 0.4674397 0.0000000 0.5565621 0.4014135 0.4743994 0.4141503 0.4272819 0.4025792 0.4132924 0.4316058 0.5906405 0.3947012 0.5906405 0.4318317 0.0986925 0.3645533 0.3726284 0.4260396 0.3826764 0.4015960 0.3189731 0.3139898 0.3139898 0.4015139 0.3753414 0.5347190 0.3772179 0.3107661 0.3797542 0.4652213 0.4133400 0.9119462 0.7026232 0.5347190 0.0230106 0.4141503 0.3486389 0.3868524 0.4076248 0.0510866 0.3370474 0.3797981 0.4205126 0.1420838 0.4144222 0.4294128 0.5906405 0.1266063 0.3514047 0.5906405 
Perityle_gamon_221                         0.1181566 0.1193769 0.1013868 0.2173776 0.1816730 0.0807316 0.2681405 0.1152328 0.2268372 0.2372913 0.2113663 0.1277710 0.0434492 0.1225099 0.1112661 0.1335033 0.1305174 0.1643032 0.1104610 0.1033330 0.1158153 0.1332498 0.1530473 0.1328074 0.1223131 0.1461299 0.1289638 0.1398346 0.1417025 0.1179181 0.1324762 0.1548956 0.1035163 0.1275660 0.2248523 0.5565621 0.0000000 0.1387270 0.1257445 0.1269106 0.2090242 0.1250051 0.1587574 0.0116293 0.1322839 0.1358411 0.1419469 0.2064405 0.1200291 0.1557616 0.1343359 0.1425568 0.2192867 0.1158892 0.1066237 0.0978402 0.1233785 0.1360331 0.1202072 0.0758591 0.1158675 0.0593312 0.1390915 0.1184243 0.1556005 0.1888056 0.2099824 0.0433700 0.1582817 0.1339393 0.1336230 0.1277340 0.1279422 0.1271333 0.1033759 0.1607617 0.1622442 0.1131550 0.1334223 0.1131541 0.1359286 0.3586081 0.1131310 0.1211950 
Perityle_gentryi_8_san_francisco           0.1693642 0.1655688 0.1447819 0.2559749 0.1258172 0.0605945 0.2511411 0.1230641 0.2358537 0.2178240 0.2302123 0.0604403 0.0429488 0.0519856 0.0513751 0.0266056 0.0397218 0.1532636 0.1527332 0.1086852 0.1271709 0.0881828 0.2421106 0.1411588 0.0741746 0.0466723 0.0673104 0.0793749 0.1561694 0.1004583 0.1498186 0.2267455 0.1382650 0.0528577 0.2449676 0.4014135 0.1387270 0.0000000 0.2060781 0.0761143 0.2049171 0.0746596 0.2692279 0.1730159 0.0537152 0.0623906 0.0581782 0.1891732 0.1136560 0.0537618 0.0683355 0.0889847 0.1832258 0.1557877 0.0479288 0.0434973 0.0435231 0.0604927 0.1522519 0.0624289 0.1422726 0.0507085 0.0661660 0.2494373 0.0676666 0.1988343 0.1978896 0.0682861 0.1029859 0.0687693 0.1325481 0.0630589 0.0527398 0.1679107 0.0678884 0.1618719 0.2610581 0.1060229 0.0611211 0.1949526 0.0530229 0.4068299 0.0854708 0.0972522 
Perityle_gilensis_22_Superstition          0.2943444 0.3416166 0.3108132 0.3011216 0.1931405 0.0572705 0.2998240 0.1890723 0.2930310 0.2590698 0.2786728 0.1964241 0.1579113 0.1797452 0.1781130 0.1883175 0.0223719 0.2451101 0.1362582 0.0982460 0.0937947 0.2010323 0.2705652 0.1363310 0.1729833 0.0527128 0.2362831 0.2462548 0.2725244 0.0907641 0.2388884 0.2368564 0.2725950 0.1802897 0.3065542 0.4743994 0.1257445 0.2060781 0.0000000 0.2742115 0.3416401 0.1980610 0.2041163 0.2907042 0.0488590 0.1987574 0.0746766 0.3138710 0.0774615 0.2190865 0.1823209 0.2160415 0.2273827 0.1997678 0.1685592 0.0271413 0.0178094 0.2077401 0.2281016 0.0777554 0.1926811 0.1919987 0.1866833 0.2681573 0.2277456 0.2242151 0.2259224 0.0632718 0.1065895 0.2023020 0.1899120 0.2102770 0.1797350 0.1161495 0.1274436 0.2748546 0.2643214 0.1085102 0.1880175 0.2281433 0.0481133 0.1601967 0.1736263 0.0813352 
Perityle_gilensis_salensis_225             0.2004494 0.2303560 0.1570403 0.2615265 0.1318796 0.0607743 0.2463209 0.1222407 0.2339544 0.2397305 0.2558748 0.0739057 0.0321394 0.0477815 0.0252254 0.0530799 0.0242231 0.1506036 0.1443035 0.1060788 0.1286796 0.0986724 0.2977717 0.1383056 0.1592725 0.0644037 0.1298926 0.1361792 0.1864210 0.0932686 0.1375024 0.2191178 0.1282488 0.0514262 0.3128149 0.4141503 0.1269106 0.0761143 0.2742115 0.0000000 0.2443348 0.1693167 0.3474538 0.2073281 0.0570705 0.1644144 0.0831808 0.2309264 0.1265499 0.0905578 0.1581772 0.1701449 0.2619116 0.2648724 0.0429788 0.0296565 0.0220638 0.0988812 0.1604898 0.0834857 0.1429487 0.0507655 0.0804884 0.2421282 0.1125337 0.2119542 0.2168067 0.0658554 0.0867009 0.0839303 0.1225906 0.0990676 0.0495070 0.1615292 0.1068962 0.1661488 0.3221161 0.1062419 0.0637238 0.2792673 0.0539271 0.3982307 0.0795394 0.0842977 
Perityle_glaucescens_94                    0.2210887 0.2432881 0.1901738 0.2879912 0.1022240 0.0919852 0.2920259 0.1380354 0.2700302 0.2091308 0.2216082 0.2249298 0.0807003 0.2106561 0.1572646 0.1959097 0.2024540 0.1970594 0.1463274 0.1993152 0.2809795 0.2379039 0.2887982 0.2782286 0.2317649 0.2236320 0.2219782 0.2346329 0.2611401 0.1042535 0.1407411 0.3105254 0.1847446 0.2137253 0.0620604 0.4272819 0.2090242 0.2049171 0.3416401 0.2443348 0.0000000 0.2186969 0.1085722 0.2605882 0.2296625 0.2415444 0.2419487 0.0350972 0.2478947 0.2210533 0.2376531 0.2474899 0.3101772 0.2180462 0.1382439 0.0742738 0.1636938 0.2341505 0.2100291 0.1144624 0.1783802 0.1411285 0.2167953 0.3570462 0.2339454 0.1999438 0.1909551 0.0851159 0.2534792 0.2306302 0.1797172 0.2335210 0.1991119 0.2484059 0.1343294 0.1964808 0.3354455 0.1891105 0.2206674 0.2215382 0.2305872 0.4417555 0.0939400 0.0254967 
Perityle_gracilis_11                       0.1707501 0.2344145 0.1452908 0.2573704 0.1180236 0.0607511 0.2391956 0.1236478 0.2298305 0.2134040 0.2324035 0.0676617 0.0297092 0.0524399 0.0178451 0.0593034 0.0194457 0.1513518 0.1412810 0.0951958 0.1256720 0.0964356 0.2697043 0.1398350 0.0957341 0.0351411 0.1185449 0.1353926 0.1806323 0.0906668 0.1397314 0.2162272 0.1190383 0.0510005 0.2106697 0.4025792 0.1250051 0.0746596 0.1980610 0.1693167 0.2186969 0.0000000 0.2448921 0.1953067 0.0573597 0.0693598 0.0731908 0.1953379 0.1207353 0.0676397 0.0654656 0.1225713 0.1645518 0.1558781 0.0389772 0.0271116 0.0123761 0.0843073 0.1532579 0.0696794 0.1376795 0.0428101 0.0672226 0.3131636 0.1166927 0.1947059 0.1972737 0.0685220 0.0855745 0.0939583 0.1198317 0.0795874 0.0369727 0.1609001 0.0212365 0.1569054 0.2386528 0.0966732 0.0517517 0.1735182 0.0433380 0.3934017 0.0757547 0.0811498 
Perityle_harkerae_31                       0.2864181 0.3198902 0.2743173 0.3089896 0.1379614 0.0900943 0.3180853 0.1683008 0.3175950 0.2179205 0.2046554 0.2676310 0.1647202 0.2493704 0.1897073 0.2298982 0.1533366 0.2451635 0.1292229 0.1913465 0.2038530 0.3153990 0.2834504 0.2889466 0.2175753 0.1961810 0.3317128 0.3451654 0.3131555 0.1017242 0.1957994 0.2446517 0.2606498 0.2658506 0.0903156 0.4132924 0.1587574 0.2692279 0.2041163 0.3474538 0.1085722 0.2448921 0.0000000 0.3303935 0.2356265 0.2942374 0.2615298 0.1252024 0.2074793 0.2566900 0.2313113 0.2903120 0.3011384 0.2224495 0.1620738 0.0715928 0.1173199 0.3264288 0.2491396 0.1088667 0.2267050 0.1770684 0.2809040 0.2990786 0.3049499 0.2065108 0.2019952 0.0823271 0.2089098 0.3241174 0.2323027 0.3225711 0.2515010 0.2467806 0.1628291 0.2587273 0.2468068 0.1994923 0.2585296 0.2213111 0.2248988 0.2193881 0.1214138 0.0227735 
Perityle_hofmeisteria_4_nombre_de_dios     0.1551172 0.2499969 0.1412703 0.2963290 0.1712812 0.0881168 0.3001066 0.1470065 0.2719460 0.2911248 0.2895589 0.1500439 0.0830340 0.1663432 0.1454950 0.1553434 0.1470478 0.1874103 0.1926401 0.1951918 0.2539381 0.1911291 0.3399833 0.2377252 0.1847194 0.1885117 0.1802983 0.2060226 0.1817991 0.1299782 0.1645182 0.2473354 0.1179438 0.1683333 0.2976088 0.4316058 0.0116293 0.1730159 0.2907042 0.2073281 0.2605882 0.1953067 0.3303935 0.0000000 0.1689802 0.2026326 0.1870164 0.2327623 0.2140404 0.1717591 0.1972327 0.2108413 0.2854371 0.1960401 0.1303662 0.1029573 0.1296082 0.1798340 0.1667851 0.1106078 0.1623634 0.0959228 0.1794719 0.2799501 0.2037563 0.2414363 0.2371533 0.0538970 0.2181171 0.1944979 0.1516858 0.1801855 0.1499991 0.2316209 0.1851370 0.1849072 0.3258121 0.1964211 0.1864505 0.2289283 0.1730098 0.4240378 0.1266905 0.1256961 
Perityle_huecosensis_48                    0.1523952 0.1516774 0.1386828 0.2532139 0.1620631 0.0624605 0.2502542 0.1016606 0.2646008 0.1973817 0.1970966 0.0477676 0.0127687 0.0335352 0.0132847 0.0370023 0.0218502 0.1544229 0.1033421 0.0251261 0.0225484 0.0657408 0.2635290 0.0081076 0.0611341 0.0419355 0.0298930 0.0509560 0.1418875 0.0931876 0.1184486 0.1700205 0.1395997 0.0346215 0.2939865 0.5906405 0.1322839 0.0537152 0.0488590 0.0570705 0.2296625 0.0573597 0.2356265 0.1689802 0.0000000 0.0123940 0.0156673 0.1897704 0.0367584 0.0597045 0.0657378 0.0996401 0.2700009 0.1942564 0.0369980 0.0296301 0.0168354 0.0108405 0.1181385 0.0681361 0.1039324 0.0150419 0.0388180 0.1615554 0.0437161 0.1710792 0.1924796 0.0684728 0.0497906 0.0081108 0.1083925 0.0131237 0.0158091 0.0293406 0.0795243 0.1806152 0.1636208 0.0255765 0.0427999 0.1716954 0.0123491 0.4418270 0.0712797 0.0857010 
