86
Amauria_brandeegeana_62                    0.0000000 0.0634325 0.0849149 0.2387801 0.1447471 0.1094512 0.2059301 0.1687429 0.3462587 0.0202792 0.1425753 0.1167131 0.1128932 0.1138630 0.1113757 0.1136514 0.1148607 0.2239210 0.1327981 0.1015574 0.1062978 0.1171715 0.2417498 0.1137530 0.1724029 0.1205829 0.1103593 0.1272829 0.1968629 0.1678383 0.0949168 0.1632806 0.1556025 0.5394425 0.1185285 0.0108929 0.1353114 0.1079172 0.1465422 0.2373605 0.1093229 0.1100792 0.1329002 0.1159372 0.1297818 0.1415288 0.1051966 0.1104275 0.1129368 0.1335617 0.1090476 0.1099295 0.1155533 0.0995419 0.1007571 0.1277467 0.0957145 0.1327366 0.1111031 0.1199055 0.1632875 0.1201268 0.1237885 0.0881626 0.1111587 0.1436648 0.1143374 0.1408089 0.1742136 0.3568557 0.1148226 0.1094476 0.1273136 0.1127514 0.1130628 0.1145742 0.4364526 0.3653723 0.1291491 0.1066850 0.1044411 0.1212622 0.1211438 0.1444182 0.0957435 0.1208075 
Amauria_carterae_99_mesa                   0.0634325 0.0000000 0.0578524 0.2008059 0.0848906 0.0847075 0.1952083 0.1594248 0.2474835 0.0589541 0.1023294 0.0950469 0.0790091 0.0944629 0.0841814 0.0948267 0.1000115 0.1109797 0.0993207 0.0948867 0.1026554 0.0895464 0.2217749 0.0870034 0.0793486 0.0920885 0.0770372 0.0924299 0.1507546 0.1376045 0.1051021 0.1512703 0.0743997 0.5398485 0.0819822 0.0638703 0.1003160 0.1027648 0.1119177 0.1189529 0.0794851 0.0919905 0.1029707 0.0870801 0.1030900 0.1133031 0.0951755 0.0818314 0.0844170 0.1055744 0.0793486 0.0896692 0.0845987 0.0747100 0.0771509 0.1006343 0.0894362 0.1272486 0.0818378 0.0843858 0.1162471 0.1079082 0.0998731 0.0875210 0.1083288 0.1172967 0.0845865 0.1055097 0.1404106 0.2723578 0.1053704 0.0844953 0.0833385 0.0869675 0.0870069 0.0843555 0.4495748 0.2621906 0.1031936 0.0845190 0.0897203 0.1149568 0.0920684 0.1183137 0.0782366 0.0876331 
Amauria_rotundifolia_SRR9119150            0.0849149 0.0578524 0.0000000 0.2815273 0.1272433 0.1019145 0.2138026 0.1806758 0.3688052 0.1101180 0.1259314 0.1083247 0.0938024 0.1104322 0.1044806 0.1031657 0.1027251 0.3114331 0.1235278 0.1060698 0.1941245 0.1084745 0.2394046 0.1011832 0.3097015 0.1011834 0.0930579 0.1069024 0.3067226 0.1873215 0.0838150 0.1642228 0.1219804 0.4440677 0.0976693 0.0805735 0.1413200 0.1005726 0.1276108 0.1862956 0.0952458 0.1041570 0.1292266 0.1109557 0.1397150 0.1301887 0.1635910 0.1034213 0.0968678 0.1396091 0.1015433 0.1027781 0.1005587 0.0975750 0.0925443 0.1349600 0.0976539 0.1251781 0.0994507 0.1069391 0.1379075 0.1062785 0.1209326 0.0892257 0.1027244 0.1330369 0.1017988 0.1439860 0.1517023 0.3965661 0.1050424 0.1022583 0.1269836 0.1001841 0.1019582 0.1072214 0.4293376 0.3281809 0.1181010 0.0955977 0.1018679 0.1321782 0.1027706 0.1513366 0.1021151 0.1133142 
Conoclinium_coelestinum_SRR9119114         0.2387801 0.2008059 0.2815273 0.0000000 0.2926617 0.2147460 0.2080951 0.2688694 0.4811703 0.2718216 0.2762709 0.2641403 0.2759958 0.2825832 0.2463311 0.2819266 0.2639469 0.4689135 0.2787905 0.2687318 0.2649176 0.2738489 0.3294450 0.2807917 0.3833470 0.2858189 0.2828344 0.2907833 0.3805220 0.3429528 0.1897442 0.3258479 0.2813319 0.5256523 0.2834980 0.2402006 0.2809067 0.2346996 0.2993737 0.2712263 0.2768668 0.2846077 0.2890990 0.2788270 0.2829495 0.2975355 0.2689663 0.2825557 0.2805612 0.2843626 0.2792055 0.2774473 0.2825416 0.2715783 0.2366454 0.2949639 0.2316033 0.2874762 0.2841033 0.2901495 0.2869178 0.2146053 0.2464740 0.2082402 0.2710858 0.3125071 0.2795576 0.3007003 0.2460191 0.5371388 0.2529091 0.2871377 0.2751791 0.2803743 0.2765827 0.2754482 0.4517101 0.5649430 0.2899768 0.2770259 0.2761326 0.2452661 0.2896753 0.3259325 0.2011003 0.2901222 
Eutetras_palmeri_63                        0.1447471 0.0848906 0.1272433 0.2926617 0.0000000 0.0285446 0.2317826 0.2166031 0.3696942 0.1629275 0.1103925 0.1224512 0.1088134 0.1346572 0.1030461 0.1343750 0.1231035 0.2968073 0.1193255 0.1230723 0.1833558 0.1256570 0.2781314 0.1088547 0.2962791 0.1112856 0.1118323 0.1198952 0.2823998 0.1823207 0.1177084 0.1401109 0.1084854 0.4332747 0.1210178 0.1418761 0.1107721 0.1254075 0.1177366 0.1342822 0.1199807 0.1256744 0.1046957 0.1165818 0.1055341 0.1159155 0.1825851 0.1128300 0.1089382 0.1088412 0.1205305 0.1209238 0.1159491 0.1209977 0.1119431 0.1111165 0.1036956 0.1419261 0.1277605 0.1229718 0.1266649 0.0968802 0.1123463 0.1014024 0.1234177 0.1163135 0.1218255 0.1106201 0.1279759 0.4052888 0.1232072 0.1221643 0.1250265 0.1113100 0.1135818 0.1259657 0.5010420 0.3448383 0.1043227 0.1126474 0.1143292 0.1181268 0.1217819 0.1260880 0.1044493 0.1050163 
Eutetras_pringlei_149_quer                 0.1094512 0.0847075 0.1019145 0.2147460 0.0285446 0.0000000 0.1661686 0.2115847 0.2957663 0.1063413 0.1091472 0.1205858 0.0982364 0.1284100 0.1139420 0.1282793 0.1255179 0.1521154 0.1186654 0.1200656 0.1282249 0.1115293 0.2414863 0.1005764 0.1142749 0.1085415 0.1121054 0.1203440 0.1200336 0.1112942 0.1109165 0.1613788 0.1071041 0.5400942 0.1144213 0.1092231 0.1025980 0.1285894 0.1212851 0.1429663 0.1169888 0.1225595 0.0998505 0.1033201 0.0999682 0.1174326 0.1257057 0.1033201 0.1033201 0.0997889 0.1088360 0.1144714 0.1060628 0.1122245 0.1115648 0.0948317 0.1223158 0.1412425 0.1088032 0.1060357 0.1326284 0.0744371 0.1148609 0.1170959 0.1290807 0.1278624 0.1251663 0.0802267 0.1527717 0.4117803 0.1341038 0.1171866 0.0915350 0.1033201 0.1060762 0.1142617 0.4817598 0.4142361 0.1001441 0.1145402 0.1095012 0.1369089 0.1086750 0.1329625 0.1114558 0.1097851 
Eutrochium_fistulosum_SRR9119106           0.2059301 0.1952083 0.2138026 0.2080951 0.2317826 0.1661686 0.0000000 0.2211839 0.4183182 0.2022045 0.1950274 0.1985418 0.1926568 0.2108949 0.1944907 0.2265637 0.1950050 0.2673276 0.2158462 0.1949756 0.1993432 0.2025258 0.2873946 0.1986955 0.2101401 0.1983621 0.2004593 0.2109496 0.2173801 0.3567603 0.1535952 0.2356394 0.2084231 0.5170162 0.2069039 0.2057889 0.2010138 0.2010687 0.2146315 0.2133010 0.2028440 0.2109338 0.1984931 0.1945942 0.1948615 0.2152608 0.2008697 0.1967235 0.1967235 0.2025224 0.2010479 0.1890382 0.1967235 0.1976283 0.1903985 0.2052119 0.1915337 0.2412259 0.1930423 0.2008216 0.2281486 0.1924295 0.2027837 0.1261688 0.2012481 0.2257519 0.2080838 0.2145155 0.1688872 0.5024636 0.1931076 0.2093515 0.2454636 0.1947289 0.1967332 0.1970324 0.4845254 0.5432895 0.2028471 0.1949624 0.1972681 0.1986994 0.2024242 0.2272254 0.1393030 0.2165567 
Galeana_pratensis_104_mex                  0.1687429 0.1594248 0.1806758 0.2688694 0.2166031 0.2115847 0.2211839 0.0000000 0.1463448 0.1788010 0.2154835 0.1824879 0.1693383 0.1976060 0.1629695 0.2041158 0.1853661 0.2384778 0.1778118 0.1790035 0.1787794 0.1834225 0.3240403 0.1797376 0.2058069 0.1827699 0.1811558 0.2057340 0.1958590 0.1813878 0.2312676 0.2211429 0.1846129 0.5225948 0.1906995 0.1551811 0.1853727 0.1827144 0.2074174 0.1900260 0.2035197 0.1966544 0.1898541 0.1766178 0.1922648 0.2062523 0.1857261 0.1766178 0.1766178 0.1951538 0.1870789 0.1734904 0.1799556 0.1780098 0.1502311 0.1867231 0.1765062 0.1999626 0.1765710 0.1799081 0.1918683 0.1020711 0.1661128 0.1754034 0.1866566 0.1926671 0.1899545 0.2328320 0.2467277 0.3746069 0.1857989 0.1904760 0.1908815 0.1766178 0.1795116 0.1799419 0.4529509 0.3793240 0.1766910 0.1834745 0.1670132 0.1868637 0.1798859 0.2103482 0.1705061 0.1834285 
Helianthus_annuus_SRR9119062               0.3462587 0.2474835 0.3688052 0.4811703 0.3696942 0.2957663 0.4183182 0.1463448 0.0000000 0.3374997 0.3507182 0.3498580 0.3376018 0.3459799 0.3531341 0.3627787 0.3493548 0.4500076 0.3025091 0.3340458 0.3641257 0.3588425 0.3879308 0.3416335 0.5367035 0.3454072 0.3361535 0.3491896 0.4719494 0.3331457 0.2941677 0.3694371 0.3498488 0.5463013 0.3393859 0.3517827 0.3549403 0.3523822 0.3710207 0.3517924 0.3451685 0.3474903 0.3465104 0.3392088 0.3517767 0.3639264 0.3570371 0.3410909 0.3373160 0.3513269 0.3392329 0.3445522 0.3401622 0.3381229 0.3447108 0.3062274 0.2787566 0.2765864 0.3478857 0.3484643 0.4019821 0.1739329 0.3453833 0.2496065 0.3510801 0.3674181 0.3425502 0.3790038 0.3879237 0.5578034 0.3423035 0.3476887 0.3380180 0.3394614 0.3472037 0.3474004 0.4854680 0.5086957 0.3473357 0.3444038 0.3431776 0.3544209 0.3539710 0.3557471 0.2519149 0.3499251 
Lycapsus_tenuifolius_17                    0.0202792 0.0589541 0.1101180 0.2718216 0.1629275 0.1063413 0.2022045 0.1788010 0.3374997 0.0000000 0.1516970 0.1264178 0.1170252 0.1220948 0.1022166 0.1260889 0.1071097 0.3018194 0.1308074 0.1033056 0.1398985 0.1126612 0.2470764 0.1190994 0.2713287 0.1252314 0.1168560 0.1316839 0.2826175 0.1838827 0.1164002 0.1822113 0.1532101 0.5391911 0.1182791 0.0256554 0.1535138 0.1073028 0.1484531 0.1949144 0.1142471 0.1162360 0.1455771 0.1244946 0.1445832 0.1478632 0.1344877 0.1203629 0.1175269 0.1441139 0.1157148 0.1213404 0.1209697 0.1036248 0.0915774 0.1311841 0.0956535 0.1241981 0.1185043 0.1279925 0.1508073 0.1238647 0.1253880 0.0965834 0.1221140 0.1599426 0.1222757 0.1545875 0.1818843 0.3566562 0.1095805 0.1160048 0.1253965 0.1204062 0.1213238 0.1212720 0.4609656 0.3512817 0.1431138 0.1119777 0.1172395 0.1147220 0.1270221 0.1580712 0.0899867 0.1278553 
Pericome_caudata_50_silver                 0.1425753 0.1023294 0.1259314 0.2762709 0.1103925 0.1091472 0.1950274 0.2154835 0.3507182 0.1516970 0.0000000 0.0963956 0.0965481 0.1131973 0.0815054 0.1198775 0.0970133 0.2676984 0.0969397 0.0968558 0.1561558 0.1033539 0.2386441 0.1026792 0.2968605 0.1036728 0.0980375 0.1072421 0.2657507 0.1777488 0.0967372 0.1298653 0.1167109 0.4579931 0.1021641 0.1239538 0.1193220 0.0940765 0.1175534 0.1767813 0.1027841 0.1067420 0.1164002 0.1095548 0.1123556 0.1181999 0.1582385 0.1049754 0.0992593 0.1177481 0.1004960 0.1048769 0.1042569 0.1027759 0.0854357 0.1163002 0.0745695 0.0774180 0.1051195 0.1081879 0.1131955 0.0769648 0.1105901 0.0817812 0.1001760 0.1194659 0.1043942 0.0972579 0.1273908 0.3517664 0.1003552 0.1035164 0.1236545 0.1026859 0.1033162 0.1074525 0.4644635 0.3114380 0.1104626 0.0960020 0.1064047 0.1048174 0.1062462 0.1196015 0.0874815 0.1159173 
Perityle_aglossa_84_dead_horse             0.1167131 0.0950469 0.1083247 0.2641403 0.1224512 0.1205858 0.1985418 0.1824879 0.3498580 0.1264178 0.0963956 0.0000000 0.0411382 0.0510834 0.0454220 0.0785238 0.0480820 0.2533879 0.0858558 0.0433634 0.1075548 0.0424572 0.1849424 0.0496552 0.2223362 0.0476494 0.0418697 0.0580480 0.2302143 0.1848987 0.1063706 0.1404713 0.1274950 0.4887742 0.0459312 0.1009425 0.1183737 0.0401591 0.1170364 0.1120121 0.0456810 0.0484636 0.1123158 0.0448148 0.1123507 0.1134532 0.0949401 0.0452739 0.0427304 0.1179424 0.0403495 0.0430899 0.0462298 0.0434371 0.0369205 0.1103854 0.0451611 0.0499465 0.0392463 0.0415648 0.1122320 0.0848845 0.0963081 0.0565313 0.0493580 0.1145601 0.0510434 0.1296427 0.1401929 0.3335843 0.0474408 0.0474642 0.1236045 0.0436413 0.0433759 0.0465255 0.4341745 0.3282297 0.1135927 0.0406294 0.0538846 0.0837557 0.0424466 0.1270046 0.0652085 0.0814704 
Perityle_ajoensis_204                      0.1128932 0.0790091 0.0938024 0.2759958 0.1088134 0.0982364 0.1926568 0.1693383 0.3376018 0.1170252 0.0965481 0.0411382 0.0000000 0.0326913 0.0175199 0.0705941 0.0593354 0.2660216 0.0764954 0.0550055 0.1286945 0.0187961 0.1871118 0.0113856 0.2320211 0.0089909 0.0267636 0.0358413 0.2465215 0.1766270 0.0967960 0.1416374 0.1252914 0.4650403 0.0330177 0.0943171 0.1119785 0.0463284 0.1164283 0.1566662 0.0297229 0.0311942 0.1019518 0.0031695 0.1074293 0.1110337 0.1012150 0.0073323 0.0018454 0.1092911 0.0242847 0.0193820 0.0063943 0.0271784 0.0152209 0.1027644 0.0226437 0.0695507 0.0208314 0.0199208 0.1008144 0.0663637 0.0903567 0.0136510 0.0614649 0.1085569 0.0312588 0.1228588 0.1334313 0.3525520 0.0554352 0.0259402 0.1183071 0.0078720 0.0066013 0.0173919 0.4096472 0.3048789 0.1010682 0.0231395 0.0477528 0.0836523 0.0218159 0.1293415 0.0463376 0.0717029 
Perityle_ambrosiifolia_67_green            0.1138630 0.0944629 0.1104322 0.2825832 0.1346572 0.1284100 0.2108949 0.1976060 0.3459799 0.1220948 0.1131973 0.0510834 0.0326913 0.0000000 0.0408329 0.0717741 0.0694173 0.2761973 0.0969367 0.0695440 0.1114924 0.0388980 0.1774344 0.0426660 0.1920432 0.0374934 0.0418318 0.0524462 0.2482922 0.1842242 0.1114347 0.1584448 0.1236364 0.5016436 0.0206612 0.1051633 0.1265875 0.0656866 0.1303669 0.1232354 0.0256875 0.0239186 0.1184611 0.0366073 0.1227117 0.1276172 0.0989735 0.0354012 0.0343946 0.1241280 0.0177584 0.0391152 0.0380226 0.0439262 0.0366217 0.1176451 0.0528135 0.0883670 0.0379650 0.0393957 0.1186243 0.0885434 0.1084401 0.0602081 0.0800254 0.1268007 0.0482037 0.1331284 0.1452442 0.3918467 0.0689565 0.0239638 0.1360698 0.0364211 0.0395397 0.0385016 0.4568674 0.3386605 0.1186753 0.0354335 0.0700135 0.1025432 0.0388853 0.1473380 0.0831500 0.0899195 
Perityle_angustifolia_13_Eagle_creek       0.1113757 0.0841814 0.1044806 0.2463311 0.1030461 0.1139420 0.1944907 0.1629695 0.3531341 0.1022166 0.0815054 0.0454220 0.0175199 0.0408329 0.0000000 0.0637974 0.0485451 0.1467431 0.0849517 0.0439580 0.0547356 0.0201137 0.1810835 0.0230633 0.0559556 0.0259519 0.0306710 0.0334133 0.1482806 0.1481015 0.1152548 0.1198243 0.0895314 0.5260727 0.0348791 0.1078578 0.0826801 0.0515651 0.0925951 0.0608817 0.0393268 0.0393026 0.0795344 0.0201400 0.0810780 0.0874411 0.0485432 0.0172122 0.0201298 0.0841765 0.0304161 0.0157874 0.0201660 0.0275579 0.0089178 0.0808787 0.0276960 0.0724709 0.0201108 0.0230454 0.0889681 0.0699564 0.0796091 0.0239908 0.0532629 0.0849343 0.0363093 0.1003562 0.1194604 0.3770641 0.0500599 0.0348894 0.1194372 0.0215748 0.0230315 0.0187049 0.4312944 0.3822785 0.0781509 0.0201426 0.0350014 0.0890581 0.0215644 0.1148372 0.0647302 0.0666971 
Perityle_batopilensis_97                   0.1136514 0.0948267 0.1031657 0.2819266 0.1343750 0.1282793 0.2265637 0.2041158 0.3627787 0.1260889 0.1198775 0.0785238 0.0705941 0.0717741 0.0637974 0.0000000 0.0518425 0.2907676 0.1083705 0.0468018 0.1304003 0.0787224 0.1816769 0.0760637 0.2517196 0.0760648 0.0680212 0.0852979 0.2974459 0.1751924 0.1012216 0.1475807 0.1195314 0.4699483 0.0667548 0.1074789 0.1227491 0.0533335 0.1170687 0.0654613 0.0694587 0.0728890 0.1126533 0.0791067 0.1179767 0.1177977 0.1109256 0.0737402 0.0719070 0.1200266 0.0654623 0.0781624 0.0755758 0.0678377 0.0543178 0.1141675 0.0568821 0.0988163 0.0780226 0.0818648 0.1258896 0.1119865 0.1043533 0.0713092 0.0535108 0.1126804 0.0727138 0.1343713 0.1315055 0.4118096 0.0511728 0.0700276 0.1303916 0.0739774 0.0739249 0.0803518 0.4564201 0.3142662 0.1160670 0.0737507 0.0458916 0.1121792 0.0810127 0.1407358 0.0754777 0.0853954 
Perityle_bisetosa_9                        0.1148607 0.1000115 0.1027251 0.2639469 0.1231035 0.1255179 0.1950050 0.1853661 0.3493548 0.1071097 0.0970133 0.0480820 0.0593354 0.0694173 0.0485451 0.0518425 0.0000000 0.2507080 0.0897350 0.0121066 0.0161388 0.0608557 0.1871638 0.0650049 0.1667471 0.0630349 0.0523519 0.0770652 0.2043815 0.1765509 0.1107367 0.1403194 0.1351733 0.5030878 0.0682458 0.0998763 0.1115614 0.0153334 0.1116138 0.1073186 0.0678737 0.0726068 0.1002002 0.0581823 0.0955673 0.1089895 0.0197877 0.0563890 0.0573928 0.1031756 0.0608833 0.0669749 0.0620268 0.0509352 0.0421977 0.0878513 0.0489519 0.0448922 0.0632579 0.0630048 0.1104269 0.0886995 0.0860767 0.0564226 0.0257416 0.0984444 0.0588659 0.1292672 0.1450867 0.3251271 0.0168121 0.0701715 0.1252516 0.0606965 0.0609770 0.0608260 0.4471590 0.3787137 0.0966055 0.0586619 0.0307692 0.0874161 0.0663544 0.1284959 0.0674471 0.0760866 
Perityle_californica_76_positas            0.2239210 0.1109797 0.3114331 0.4689135 0.2968073 0.1521154 0.2673276 0.2384778 0.4500076 0.3018194 0.2676984 0.2533879 0.2660216 0.2761973 0.1467431 0.2907676 0.2507080 0.0000000 0.1732961 0.2429600 0.3457462 0.2429147 0.2610270 0.3029939 0.2965756 0.3150723 0.2995321 0.3166838 0.3595866 0.2945418 0.1409627 0.2399084 0.2985274 0.6131557 0.2809846 0.1908642 0.2851635 0.2205307 0.3024516 0.2425350 0.2850082 0.2821702 0.3152599 0.2625899 0.2846822 0.3254640 0.2881835 0.2582285 0.2996510 0.2842918 0.2624258 0.3116485 0.2588217 0.2496980 0.1365680 0.2601203 0.0993869 0.1283923 0.2581826 0.2622717 0.1748927 0.1081076 0.2142379 0.1174116 0.3212294 0.2936604 0.2825986 0.2821943 0.2636810 0.3086946 0.2420098 0.3099362 0.2024253 0.3068077 0.2944231 0.2648896 0.5565050 0.4856936 0.3190828 0.2705730 0.2743221 0.1321299 0.2860307 0.2988448 0.1140011 0.2501940 
Perityle_canescens_77                      0.1327981 0.0993207 0.1235278 0.2787905 0.1193255 0.1186654 0.2158462 0.1778118 0.3025091 0.1308074 0.0969397 0.0858558 0.0764954 0.0969367 0.0849517 0.1083705 0.0897350 0.1732961 0.0000000 0.0823977 0.0951685 0.0857824 0.1969845 0.0841255 0.1310105 0.0858091 0.0775823 0.0970662 0.1574312 0.1663019 0.1067201 0.1347488 0.1070762 0.5878373 0.0859681 0.1263607 0.1023412 0.0989177 0.1080501 0.1048190 0.0841578 0.0950079 0.0965663 0.0804955 0.1003253 0.1041165 0.0916320 0.0767964 0.0786215 0.1038527 0.0805170 0.0822933 0.0806185 0.0735341 0.0715278 0.0895570 0.0779137 0.1165770 0.0803033 0.0784819 0.1005220 0.0314142 0.0992909 0.0676481 0.0936427 0.0938506 0.0840095 0.1242282 0.1203004 0.3553108 0.0934685 0.0878247 0.1267966 0.0821919 0.0822184 0.0804374 0.4352661 0.3295045 0.0893707 0.0785170 0.0806948 0.0949405 0.0857271 0.1246587 0.0626003 0.0799500 
Perityle_castillonii_96                    0.1015574 0.0948867 0.1060698 0.2687318 0.1230723 0.1200656 0.1949756 0.1790035 0.3340458 0.1033056 0.0968558 0.0433634 0.0550055 0.0695440 0.0439580 0.0468018 0.0121066 0.2429600 0.0823977 0.0000000 0.0132009 0.0592796 0.1785920 0.0635181 0.1770397 0.0623798 0.0510168 0.0729266 0.2141829 0.1766671 0.1061484 0.1279495 0.1207062 0.5185462 0.0647200 0.0983143 0.1080996 0.0150569 0.1021307 0.0479770 0.0671308 0.0694775 0.0935303 0.0588702 0.0963332 0.1005769 0.0139277 0.0542538 0.0565822 0.0993624 0.0614877 0.0647204 0.0601498 0.0497092 0.0365839 0.0906995 0.0450977 0.0400675 0.0633898 0.0659580 0.1046098 0.0813010 0.0801809 0.0491875 0.0205331 0.0960271 0.0575186 0.1272186 0.1385303 0.3280588 0.0133426 0.0692922 0.1234278 0.0577141 0.0600018 0.0623502 0.4346063 0.3576941 0.0972440 0.0577209 0.0260192 0.0837520 0.0680062 0.1255597 0.0624715 0.0720936 
Perityle_cernua_84                         0.1062978 0.1026554 0.1941245 0.2649176 0.1833558 0.1282249 0.1993432 0.1787794 0.3641257 0.1398985 0.1561558 0.1075548 0.1286945 0.1114924 0.0547356 0.1304003 0.0161388 0.3457462 0.0951685 0.0132009 0.0000000 0.0687065 0.1872697 0.2238517 0.3279928 0.1907689 0.1719948 0.2463627 0.3189784 0.1741734 0.1105631 0.2016457 0.1794712 0.6208401 0.1677257 0.1079115 0.1601290 0.0197355 0.1875502 0.0278449 0.1552304 0.1434489 0.1935472 0.0989843 0.1316425 0.2474594 0.1340928 0.0963868 0.1785684 0.1451562 0.1304018 0.1852313 0.1220547 0.0759138 0.0440887 0.1129193 0.0529335 0.0523300 0.1147224 0.1215378 0.0923108 0.0850990 0.0913646 0.0528635 0.1972669 0.1806051 0.1615785 0.1512676 0.3416577 0.3314067 0.0188441 0.1951171 0.1289442 0.1907159 0.1745910 0.1152634 0.4268306 0.4238407 0.2316992 0.1375769 0.0975909 0.0930607 0.1591252 0.2267889 0.0674722 0.0910918 
Perityle_cfvillosa_25_tin                  0.1171715 0.0895464 0.1084745 0.2738489 0.1256570 0.1115293 0.2025258 0.1834225 0.3588425 0.1126612 0.1033539 0.0424572 0.0187961 0.0388980 0.0201137 0.0787224 0.0608557 0.2429147 0.0857824 0.0592796 0.0687065 0.0000000 0.1893962 0.0274353 0.1422502 0.0251995 0.0332303 0.0398979 0.1963749 0.1852186 0.1061383 0.1482735 0.1265218 0.5365043 0.0353125 0.1074586 0.1246500 0.0591532 0.1248505 0.1217258 0.0387607 0.0416507 0.1157555 0.0199695 0.1198944 0.1206207 0.0611868 0.0174449 0.0185551 0.1218953 0.0326284 0.0245794 0.0230282 0.0321758 0.0179830 0.1119904 0.0296557 0.0751088 0.0143965 0.0106847 0.1063232 0.0774564 0.1054204 0.0240752 0.0680458 0.1160190 0.0397702 0.1332739 0.1426079 0.3699894 0.0620711 0.0394620 0.1251672 0.0207594 0.0230311 0.0252443 0.4417014 0.3803772 0.1146735 0.0263712 0.0492345 0.0837702 0.0075762 0.1497662 0.0650001 0.0779660 
Perityle_cinerea_113_Powell1310            0.2417498 0.2217749 0.2394046 0.3294450 0.2781314 0.2414863 0.2873946 0.3240403 0.3879308 0.2470764 0.2386441 0.1849424 0.1871118 0.1774344 0.1810835 0.1816769 0.1871638 0.2610270 0.1969845 0.1785920 0.1872697 0.1893962 0.0000000 0.1937236 0.1760067 0.1891289 0.1841838 0.2126705 0.2052551 0.2565517 0.1461117 0.2828841 0.2396639 0.6208054 0.1675305 0.2377284 0.2120336 0.1920622 0.2173499 0.1884963 0.1669656 0.1764740 0.2221222 0.1895091 0.2218841 0.2163667 0.1918831 0.1845260 0.1891289 0.2218841 0.1631937 0.1845694 0.1937236 0.1799566 0.1685171 0.2215520 0.1902843 0.2055623 0.1890210 0.1890210 0.2212010 0.2039548 0.2241609 0.1821247 0.1901472 0.2056828 0.1831384 0.2431437 0.2500776 0.2860108 0.1788814 0.1766466 0.2315541 0.1891289 0.1937659 0.1801704 0.4629318 0.2905252 0.2161395 0.1842233 0.1893615 0.2166898 0.1845752 0.2743199 0.1855320 0.2050723 
Perityle_coahuilensis_24                   0.1137530 0.0870034 0.1011832 0.2807917 0.1088547 0.1005764 0.1986955 0.1797376 0.3416335 0.1190994 0.1026792 0.0496552 0.0113856 0.0426660 0.0230633 0.0760637 0.0650049 0.3029939 0.0841255 0.0635181 0.2238517 0.0274353 0.1937236 0.0000000 0.2874867 0.0120138 0.0353448 0.0501928 0.2965383 0.1707702 0.0967960 0.1414494 0.1276825 0.4569792 0.0376760 0.1058364 0.1161134 0.0563652 0.1239175 0.1790930 0.0378230 0.0417083 0.1065085 0.0104844 0.1131164 0.1279027 0.1410041 0.0140072 0.0082994 0.1144274 0.0331804 0.0244831 0.0108799 0.0374139 0.0226001 0.1114852 0.0315691 0.0725835 0.0275836 0.0228357 0.1020810 0.0663637 0.0980383 0.0136510 0.0625309 0.1148105 0.0416772 0.1272306 0.1353988 0.3600951 0.0611656 0.0251370 0.1251766 0.0131385 0.0120410 0.0269091 0.4359928 0.2831153 0.1117357 0.0307692 0.0537142 0.0856699 0.0259676 0.1308933 0.0599761 0.0774813 
Perityle_cochisensis_44_cave_creek         0.1724029 0.0793486 0.3097015 0.3833470 0.2962791 0.1142749 0.2101401 0.2058069 0.5367035 0.2713287 0.2968605 0.2223362 0.2320211 0.1920432 0.0559556 0.2517196 0.1667471 0.2965756 0.1310105 0.1770397 0.3279928 0.1422502 0.1760067 0.2874867 0.0000000 0.2873597 0.2877586 0.2988485 0.3914579 0.3062741 0.1058637 0.3318440 0.3156406 0.6502592 0.2419421 0.1515141 0.2913069 0.1348461 0.3308380 0.1785461 0.2331852 0.2116874 0.3261946 0.2049448 0.2666132 0.3398554 0.2935143 0.2038198 0.2813464 0.2794259 0.2066946 0.2788898 0.2269949 0.1927841 0.0373702 0.2618035 0.0411381 0.0804146 0.2141068 0.2231385 0.1482121 0.0847990 0.1756201 0.0562033 0.2998235 0.3194382 0.2775159 0.2819408 0.3368149 0.3827328 0.1586844 0.2685039 0.1866459 0.2862285 0.2788352 0.2130977 0.4787728 0.6207300 0.3436497 0.2323589 0.2412603 0.0947923 0.2530822 0.3792583 0.0677028 0.1993668 
Perityle_congesta_202                      0.1205829 0.0920885 0.1011834 0.2858189 0.1112856 0.1085415 0.1983621 0.1827699 0.3454072 0.1252314 0.1036728 0.0476494 0.0089909 0.0374934 0.0259519 0.0760648 0.0630349 0.3150723 0.0858091 0.0623798 0.1907689 0.0251995 0.1891289 0.0120138 0.2873597 0.0000000 0.0300739 0.0418627 0.2954513 0.1881485 0.1013465 0.1447259 0.1195470 0.4560094 0.0316448 0.1073483 0.1193187 0.0551636 0.1255683 0.1435900 0.0350106 0.0387460 0.1111500 0.0094300 0.1154746 0.1176933 0.1399927 0.0093417 0.0074658 0.1176518 0.0301220 0.0227141 0.0127314 0.0342466 0.0238595 0.1129712 0.0334514 0.0726657 0.0285800 0.0249405 0.1046187 0.0701731 0.1024931 0.0136510 0.0602519 0.1158356 0.0389687 0.1307568 0.1321540 0.3689242 0.0614240 0.0299265 0.1306949 0.0071921 0.0111751 0.0249625 0.4359928 0.2884200 0.1096135 0.0289325 0.0546938 0.0874802 0.0268727 0.1329514 0.0623497 0.0829519 
Perityle_cordifolia_27                     0.1103593 0.0770372 0.0930579 0.2828344 0.1118323 0.1121054 0.2004593 0.1811558 0.3361535 0.1168560 0.0980375 0.0418697 0.0267636 0.0418318 0.0306710 0.0680212 0.0523519 0.2995321 0.0775823 0.0510168 0.1719948 0.0332303 0.1841838 0.0353448 0.2877586 0.0300739 0.0000000 0.0483701 0.2963264 0.1735689 0.1017693 0.1396347 0.1449431 0.4560159 0.0379346 0.0958757 0.1132722 0.0494722 0.1197867 0.2068596 0.0352281 0.0369636 0.1048137 0.0288875 0.1076833 0.1219754 0.1331934 0.0293953 0.0256772 0.1095076 0.0302854 0.0301282 0.0295642 0.0112270 0.0240832 0.0974150 0.0242569 0.0679806 0.0297208 0.0325241 0.1040894 0.0662923 0.0926239 0.0170356 0.0595434 0.1132023 0.0217482 0.1183997 0.1358284 0.3671574 0.0539323 0.0373834 0.1244687 0.0336234 0.0316157 0.0290639 0.4243350 0.2878426 0.1101320 0.0290619 0.0488994 0.0881689 0.0343532 0.1328529 0.0627938 0.0778617 
Perityle_cordifolia_68_tecolote            0.1272829 0.0924299 0.1069024 0.2907833 0.1198952 0.1203440 0.2109496 0.2057340 0.3491896 0.1316839 0.1072421 0.0580480 0.0358413 0.0524462 0.0334133 0.0852979 0.0770652 0.3166838 0.0970662 0.0729266 0.2463627 0.0398979 0.2126705 0.0501928 0.2988485 0.0418627 0.0483701 0.0000000 0.2941687 0.1816987 0.1103841 0.1452042 0.1535985 0.4669455 0.0502524 0.1156964 0.1253102 0.0721678 0.1336078 0.2157251 0.0477568 0.0480989 0.1214902 0.0353291 0.1204691 0.1404877 0.1515152 0.0384976 0.0382504 0.1268285 0.0384053 0.0434535 0.0393072 0.0395791 0.0343037 0.1129492 0.0296346 0.0855662 0.0376975 0.0388079 0.1098614 0.0732591 0.0996659 0.0345041 0.0780327 0.1227042 0.0528914 0.1302379 0.1388343 0.3807701 0.0744911 0.0448277 0.1308670 0.0467628 0.0405379 0.0368864 0.4475719 0.2966784 0.1181035 0.0354418 0.0717769 0.0931029 0.0447333 0.1417121 0.0677082 0.0829390 
Perityle_coronopifolia_28_patagonia        0.1968629 0.1507546 0.3067226 0.3805220 0.2823998 0.1200336 0.2173801 0.1958590 0.4719494 0.2826175 0.2657507 0.2302143 0.2465215 0.2482922 0.1482806 0.2974459 0.2043815 0.3595866 0.1574312 0.2141829 0.3189784 0.1963749 0.2052551 0.2965383 0.3914579 0.2954513 0.2963264 0.2941687 0.0000000 0.3759794 0.1055467 0.2629996 0.2690465 0.5783414 0.2962802 0.1810504 0.2575882 0.1935297 0.2890813 0.2585335 0.2773659 0.2598263 0.2883906 0.2462538 0.2503332 0.2858351 0.2968691 0.2389485 0.2886956 0.2497689 0.2630358 0.2977263 0.2383522 0.2218757 0.1514033 0.2660369 0.1293859 0.1789265 0.2424898 0.2601248 0.1239912 0.1300231 0.1515660 0.0643183 0.2859194 0.2433497 0.2989566 0.2684652 0.2427512 0.4393892 0.2008127 0.3087003 0.2336764 0.2920978 0.2924307 0.2410849 0.4824826 0.6182187 0.2780619 0.2579251 0.2501723 0.0993033 0.2834580 0.3201023 0.0569631 0.2259056 
Perityle_crassifolia_70_ventanas           0.1678383 0.1376045 0.1873215 0.3429528 0.1823207 0.1112942 0.3567603 0.1813878 0.3331457 0.1838827 0.1777488 0.1848987 0.1766270 0.1842242 0.1481015 0.1751924 0.1765509 0.2945418 0.1663019 0.1766671 0.1741734 0.1852186 0.2565517 0.1707702 0.3062741 0.1881485 0.1735689 0.1816987 0.3759794 0.0000000 0.1047521 0.2111056 0.1998098 0.5906385 0.1817153 0.1499444 0.2120284 0.1817447 0.1953083 0.1936350 0.1845936 0.1899192 0.2065171 0.1797105 0.2117788 0.1909263 0.1770079 0.1737074 0.1766270 0.2113724 0.1788523 0.1941531 0.1771943 0.1683547 0.1497091 0.1857376 0.1192657 0.1272103 0.1765686 0.1738806 0.1804979 0.1206999 0.2058943 0.0694434 0.1853556 0.2067453 0.1773168 0.1913184 0.1796351 0.1635927 0.1737042 0.1815690 0.0423449 0.1821905 0.1818567 0.1853949 0.4296031 0.1986132 0.1884117 0.1764357 0.1680256 0.1593667 0.1850404 0.2048997 0.1012266 0.1849536 
Perityle_crassifolia_74_playa_balandra     0.0949168 0.1051021 0.0838150 0.1897442 0.1177084 0.1109165 0.1535952 0.2312676 0.2941677 0.1164002 0.0967372 0.1063706 0.0967960 0.1114347 0.1152548 0.1012216 0.1107367 0.1409627 0.1067201 0.1061484 0.1105631 0.1061383 0.1461117 0.0967960 0.1058637 0.1013465 0.1017693 0.1103841 0.1055467 0.1047521 0.0000000 0.1506051 0.0861257 0.4876681 0.1011659 0.0949168 0.0991418 0.1111662 0.0969316 0.1103524 0.1105218 0.1202313 0.0945070 0.0967960 0.0989642 0.0958307 0.1061511 0.0967960 0.0967960 0.1036418 0.0964828 0.1013650 0.0967960 0.0975323 0.1059906 0.0982657 0.1011372 0.0821452 0.1015253 0.1015253 0.1144328 0.0679114 0.0981334 0.0802002 0.1111992 0.1027236 0.1113066 0.1240095 0.1100886 0.1501243 0.1109341 0.1060585 0.0493834 0.0967960 0.0967960 0.1059906 0.3612297 0.1781089 0.0982840 0.0967960 0.1017309 0.1271175 0.1061383 0.1467681 0.0761630 0.0916847 
Perityle_cuneata_34_cuneata_San_antonio    0.1632806 0.1512703 0.1642228 0.3258479 0.1401109 0.1613788 0.2356394 0.2211429 0.3694371 0.1822113 0.1298653 0.1404713 0.1416374 0.1584448 0.1198243 0.1475807 0.1403194 0.2399084 0.1347488 0.1279495 0.2016457 0.1482735 0.2828841 0.1414494 0.3318440 0.1447259 0.1396347 0.1452042 0.2629996 0.2111056 0.1506051 0.0000000 0.1710345 0.4816347 0.1526461 0.1503748 0.1473122 0.1346065 0.1561139 0.2315556 0.1478003 0.1480658 0.1501443 0.1477846 0.1433375 0.1513647 0.1838767 0.1437998 0.1406843 0.1494839 0.1454838 0.1401033 0.1397186 0.1398724 0.1273484 0.1460889 0.1134180 0.1442828 0.1438367 0.1491884 0.1585890 0.1132396 0.1381188 0.1338336 0.1288516 0.1395918 0.1405438 0.1509091 0.1658615 0.4079622 0.1382026 0.1468328 0.1641366 0.1415738 0.1403335 0.1500737 0.4818097 0.3716926 0.1416874 0.1404184 0.1275091 0.1445466 0.1465824 0.0558207 0.1124836 0.1338073 
Perityle_cuneata_4                         0.1556025 0.0743997 0.1219804 0.2813319 0.1084854 0.1071041 0.2084231 0.1846129 0.3498488 0.1532101 0.1167109 0.1274950 0.1252914 0.1236364 0.0895314 0.1195314 0.1351733 0.2985274 0.1070762 0.1207062 0.1794712 0.1265218 0.2396639 0.1276825 0.3156406 0.1195470 0.1449431 0.1535985 0.2690465 0.1998098 0.0861257 0.1710345 0.0000000 0.4529096 0.1272102 0.1326670 0.1354382 0.1246913 0.1490071 0.2675008 0.1132451 0.1221669 0.1391319 0.1177484 0.1254221 0.1636012 0.1773794 0.1313592 0.1125198 0.1347755 0.1112819 0.1231160 0.1152476 0.1190710 0.1096258 0.1203356 0.0802490 0.1241031 0.1207081 0.1160438 0.1270749 0.0921645 0.1124377 0.0694003 0.1454174 0.1185571 0.1180906 0.1216345 0.1396768 0.3862857 0.1389829 0.1116915 0.1378878 0.1375527 0.1137478 0.1274954 0.4513902 0.3074677 0.1299101 0.1099834 0.1150199 0.0956809 0.1179295 0.1354583 0.0771882 0.1032086 
Perityle_discoidea_81                      0.5394425 0.5398485 0.4440677 0.5256523 0.4332747 0.5400942 0.5170162 0.5225948 0.5463013 0.5391911 0.4579931 0.4887742 0.4650403 0.5016436 0.5260727 0.4699483 0.5030878 0.6131557 0.5878373 0.5185462 0.6208401 0.5365043 0.6208054 0.4569792 0.6502592 0.4560094 0.4560159 0.4669455 0.5783414 0.5906385 0.4876681 0.4816347 0.4529096 0.0000000 0.4505160 0.5349506 0.4492258 0.5027897 0.4602345 0.5329401 0.4562089 0.4481233 0.4625037 0.5068465 0.5043427 0.4517144 0.6566478 0.5115110 0.4560094 0.4878516 0.4562309 0.4610992 0.4879962 0.5286999 0.4806062 0.5438996 0.5426968 0.5584711 0.4859807 0.4917945 0.5520824 0.5486476 0.5414214 0.5868049 0.4448971 0.4314296 0.4576194 0.5290586 0.4883454 0.5271693 0.5115238 0.4496830 0.5380012 0.4626661 0.4550441 0.4955360 0.6458725 0.4798364 0.4467323 0.4489956 0.4540239 0.5487729 0.4558978 0.4699302 0.5375328 0.5154532 
Perityle_dissecta_201                      0.1185285 0.0819822 0.0976693 0.2834980 0.1210178 0.1144213 0.2069039 0.1906995 0.3393859 0.1182791 0.1021641 0.0459312 0.0330177 0.0206612 0.0348791 0.0667548 0.0682458 0.2809846 0.0859681 0.0647200 0.1677257 0.0353125 0.1675305 0.0376760 0.2419421 0.0316448 0.0379346 0.0502524 0.2962802 0.1817153 0.1011659 0.1526461 0.1272102 0.4505160 0.0000000 0.0995191 0.1188148 0.0613654 0.1263545 0.1616087 0.0160880 0.0178192 0.1164378 0.0319919 0.1157008 0.1221831 0.1388701 0.0361700 0.0272091 0.1182042 0.0088665 0.0281135 0.0336521 0.0363910 0.0290214 0.1084990 0.0411988 0.0753257 0.0295804 0.0323622 0.1127534 0.0885587 0.1026203 0.0562201 0.0673934 0.1174708 0.0412944 0.1267933 0.1363429 0.3857359 0.0666950 0.0156076 0.1231759 0.0351593 0.0322606 0.0318282 0.4350580 0.3030574 0.1131247 0.0288841 0.0638314 0.0968967 0.0319383 0.1363206 0.0703274 0.0816527 
Perityle_emoryi_47_punta_san_jose          0.0108929 0.0638703 0.0805735 0.2402006 0.1418761 0.1092231 0.2057889 0.1551811 0.3517827 0.0256554 0.1239538 0.1009425 0.0943171 0.1051633 0.1078578 0.1074789 0.0998763 0.1908642 0.1263607 0.0983143 0.1079115 0.1074586 0.2377284 0.1058364 0.1515141 0.1073483 0.0958757 0.1156964 0.1810504 0.1499444 0.0949168 0.1503748 0.1326670 0.5349506 0.0995191 0.0000000 0.1307855 0.1002149 0.1298887 0.1661640 0.0997650 0.1011864 0.1263445 0.1063151 0.1252356 0.1322085 0.0994836 0.1000140 0.1016413 0.1293525 0.0995096 0.1008859 0.1025574 0.0904952 0.0911728 0.1180088 0.0910886 0.1330764 0.1006533 0.1119070 0.1493932 0.1162038 0.1189239 0.0843325 0.0998400 0.1383000 0.1008824 0.1276538 0.1477286 0.3577993 0.1013146 0.1030677 0.1160295 0.1015075 0.1044341 0.1031976 0.4307372 0.3614081 0.1177142 0.0945395 0.0939143 0.1171040 0.1080264 0.1381987 0.0929583 0.1151859 
Perityle_feddemae_99                       0.1353114 0.1003160 0.1413200 0.2809067 0.1107721 0.1025980 0.2010138 0.1853727 0.3549403 0.1535138 0.1193220 0.1183737 0.1119785 0.1265875 0.0826801 0.1227491 0.1115614 0.2851635 0.1023412 0.1080996 0.1601290 0.1246500 0.2120336 0.1161134 0.2913069 0.1193187 0.1132722 0.1253102 0.2575882 0.2120284 0.0991418 0.1473122 0.1354382 0.4492258 0.1188148 0.1307855 0.0000000 0.1161502 0.0633852 0.1667157 0.1190225 0.1198771 0.0325964 0.1192924 0.0279721 0.0602015 0.1569519 0.1176333 0.1140467 0.0311296 0.1130696 0.1175465 0.1163002 0.1176089 0.0928760 0.0593096 0.0786270 0.1088388 0.1175509 0.1211998 0.1202122 0.0771982 0.0981623 0.0822360 0.1100496 0.1071454 0.1215417 0.1276300 0.1371852 0.3859378 0.1139931 0.1175723 0.1390933 0.1150780 0.1186179 0.1213319 0.4833343 0.3409041 0.0630151 0.1096965 0.1066070 0.0985421 0.1195135 0.1382284 0.0699571 0.0953701 
Perityle_fosteri_93                        0.1079172 0.1027648 0.1005726 0.2346996 0.1254075 0.1285894 0.2010687 0.1827144 0.3523822 0.1073028 0.0940765 0.0401591 0.0463284 0.0656866 0.0515651 0.0533335 0.0153334 0.2205307 0.0989177 0.0150569 0.0197355 0.0591532 0.1920622 0.0563652 0.1348461 0.0551636 0.0494722 0.0721678 0.1935297 0.1817447 0.1111662 0.1346065 0.1246913 0.5027897 0.0613654 0.1002149 0.1161502 0.0000000 0.1069781 0.0777217 0.0640983 0.0689705 0.0994167 0.0523159 0.1010544 0.1065893 0.0178830 0.0492072 0.0492884 0.1054051 0.0590740 0.0592550 0.0532102 0.0487289 0.0415485 0.1005864 0.0509791 0.0498440 0.0603552 0.0625540 0.1072522 0.0889725 0.0909016 0.0565934 0.0232323 0.1038026 0.0564278 0.1306848 0.1425270 0.3260269 0.0153347 0.0675135 0.1301995 0.0504050 0.0519942 0.0552089 0.4433532 0.3871221 0.1020542 0.0540698 0.0311298 0.0911480 0.0613489 0.1332768 0.0675860 0.0780173 
Perityle_gamon_221                         0.1465422 0.1119177 0.1276108 0.2993737 0.1177366 0.1212851 0.2146315 0.2074174 0.3710207 0.1484531 0.1175534 0.1170364 0.1164283 0.1303669 0.0925951 0.1170687 0.1116138 0.3024516 0.1080501 0.1021307 0.1875502 0.1248505 0.2173499 0.1239175 0.3308380 0.1255683 0.1197867 0.1336078 0.2890813 0.1953083 0.0969316 0.1561139 0.1490071 0.4602345 0.1263545 0.1298887 0.0633852 0.1069781 0.0000000 0.2097128 0.1148200 0.1219643 0.0596608 0.1257676 0.0553966 0.0228913 0.1846877 0.1224502 0.1162079 0.0600536 0.1179550 0.1215108 0.1201646 0.1179143 0.0938787 0.0461272 0.0934085 0.1151286 0.1167111 0.1240072 0.1293521 0.0890503 0.0968491 0.1141813 0.1113710 0.1019729 0.1214355 0.1249560 0.1425328 0.4147112 0.1125517 0.1226547 0.1370158 0.1222241 0.1235117 0.1206493 0.4502718 0.3246772 0.0573445 0.1059785 0.1019131 0.0990378 0.1181237 0.1302849 0.0883666 0.1028048 
Perityle_gentryi_8_san_francisco           0.2373605 0.1189529 0.1862956 0.2712263 0.1342822 0.1429663 0.2133010 0.1900260 0.3517924 0.1949144 0.1767813 0.1120121 0.1566662 0.1232354 0.0608817 0.0654613 0.1073186 0.2425350 0.1048190 0.0479770 0.0278449 0.1217258 0.1884963 0.1790930 0.1785461 0.1435900 0.2068596 0.2157251 0.2585335 0.1936350 0.1103524 0.2315556 0.2675008 0.5329401 0.1616087 0.1661640 0.1667157 0.0777217 0.2097128 0.0000000 0.1274385 0.1194903 0.2072870 0.0724390 0.1135640 0.2460620 0.0838044 0.1670587 0.1236083 0.1691973 0.0813939 0.1098007 0.1434251 0.1045303 0.1206837 0.1026496 0.0588985 0.0597384 0.1056355 0.0762907 0.1862260 0.0962203 0.0967539 0.0637842 0.1429869 0.1368163 0.1237698 0.1862669 0.2225586 0.3438006 0.1111493 0.0948824 0.1404977 0.1806095 0.1150565 0.1273257 0.4423240 0.3958445 0.2016700 0.1240606 0.0872710 0.0949894 0.1266060 0.1352539 0.0751988 0.0840483 
Perityle_gilensis_22_Superstition          0.1093229 0.0794851 0.0952458 0.2768668 0.1199807 0.1169888 0.2028440 0.2035197 0.3451685 0.1142471 0.1027841 0.0456810 0.0297229 0.0256875 0.0393268 0.0694587 0.0678737 0.2850082 0.0841578 0.0671308 0.1552304 0.0387607 0.1669656 0.0378230 0.2331852 0.0350106 0.0352281 0.0477568 0.2773659 0.1845936 0.1105218 0.1478003 0.1132451 0.4562089 0.0160880 0.0997650 0.1190225 0.0640983 0.1148200 0.1274385 0.0000000 0.0216442 0.1113933 0.0353156 0.1146584 0.1166029 0.1295022 0.0340077 0.0303532 0.1164314 0.0078857 0.0327709 0.0364090 0.0396429 0.0337285 0.1099386 0.0450157 0.0856316 0.0326560 0.0366887 0.1104651 0.0921863 0.1010646 0.0634856 0.0695883 0.1149224 0.0448335 0.1244961 0.1323726 0.3857405 0.0650341 0.0189466 0.1249698 0.0331214 0.0350868 0.0344530 0.4539730 0.3062890 0.1095816 0.0307694 0.0661508 0.0986066 0.0354152 0.1349002 0.0727563 0.0830013 
Perityle_gilensis_salensis_225             0.1100792 0.0919905 0.1041570 0.2846077 0.1256744 0.1225595 0.2109338 0.1966544 0.3474903 0.1162360 0.1067420 0.0484636 0.0311942 0.0239186 0.0393026 0.0728890 0.0726068 0.2821702 0.0950079 0.0694775 0.1434489 0.0416507 0.1764740 0.0417083 0.2116874 0.0387460 0.0369636 0.0480989 0.2598263 0.1899192 0.1202313 0.1480658 0.1221669 0.4481233 0.0178192 0.1011864 0.1198771 0.0689705 0.1219643 0.1194903 0.0216442 0.0000000 0.1117273 0.0363258 0.1180204 0.1193885 0.1224044 0.0366517 0.0337851 0.1194474 0.0128292 0.0339069 0.0369275 0.0411192 0.0358109 0.1114334 0.0527375 0.0959579 0.0356974 0.0376761 0.1202811 0.0997677 0.1024675 0.0673097 0.0763313 0.1213972 0.0470087 0.1272131 0.1286970 0.3969621 0.0709867 0.0165944 0.1359441 0.0367543 0.0387250 0.0370621 0.4521629 0.3140222 0.1098195 0.0318387 0.0689402 0.1042286 0.0380813 0.1388104 0.0778946 0.0843236 
Perityle_glaucescens_94                    0.1329002 0.1029707 0.1292266 0.2890990 0.1046957 0.0998505 0.1984931 0.1898541 0.3465104 0.1455771 0.1164002 0.1123158 0.1019518 0.1184611 0.0795344 0.1126533 0.1002002 0.3152599 0.0965663 0.0935303 0.1935472 0.1157555 0.2221222 0.1065085 0.3261946 0.1111500 0.1048137 0.1214902 0.2883906 0.2065171 0.0945070 0.1501443 0.1391319 0.4625037 0.1164378 0.1263445 0.0325964 0.0994167 0.0596608 0.2072870 0.1113933 0.1117273 0.0000000 0.1130699 0.0102032 0.0522993 0.1789213 0.1053319 0.1077808 0.0137005 0.1072554 0.1117665 0.1072083 0.1058290 0.0823929 0.0510919 0.0786467 0.1037959 0.1095863 0.1150901 0.1219213 0.0884857 0.0952732 0.0824522 0.0964594 0.0987733 0.1150501 0.1230153 0.1369363 0.3875884 0.0999381 0.1134768 0.1313771 0.1067309 0.1129600 0.1135632 0.4795502 0.3162994 0.0591977 0.0996330 0.0954459 0.0966669 0.1156792 0.1264118 0.0624897 0.0900115 
Perityle_gracilis_11                       0.1159372 0.0870801 0.1109557 0.2788270 0.1165818 0.1033201 0.1945942 0.1766178 0.3392088 0.1244946 0.1095548 0.0448148 0.0031695 0.0366073 0.0201400 0.0791067 0.0581823 0.2625899 0.0804955 0.0588702 0.0989843 0.0199695 0.1895091 0.0104844 0.2049448 0.0094300 0.0288875 0.0353291 0.2462538 0.1797105 0.0967960 0.1477846 0.1177484 0.5068465 0.0319919 0.1063151 0.1192924 0.0523159 0.1257676 0.0724390 0.0353156 0.0363258 0.1130699 0.0000000 0.1141678 0.1204710 0.0927695 0.0052346 0.0031307 0.1191110 0.0287213 0.0233236 0.0062861 0.0320060 0.0196337 0.1085185 0.0296923 0.0726470 0.0254327 0.0214991 0.0973474 0.0663637 0.0950000 0.0136510 0.0743741 0.1110104 0.0363240 0.1284765 0.1384827 0.3602077 0.0588265 0.0308537 0.1253465 0.0041752 0.0052258 0.0200942 0.4359928 0.3330677 0.1157682 0.0266099 0.0558549 0.0838680 0.0254180 0.1408372 0.0574629 0.0788455 
