85
Amauria_brandeegeana_62                    0.0000000 0.1100094 0.0702271 0.2281237 0.0919970 0.1289758 0.1287920 0.2546401 0.0986273 0.0899228 0.1022792 0.0927454 0.0883518 0.0818593 0.0799825 0.0926100 0.2277581 0.0965989 0.0836022 0.0998129 0.0948897 0.0934023 0.1349478 0.1062105 0.1005895 0.1005162 0.1041374 0.1135024 0.0930625 0.0883082 0.2324347 0.2427372 0.0758307 0.0916067 0.0187563 0.0989845 0.0917673 0.0922287 0.1110542 0.0943959 0.0957264 0.1021525 0.0858544 0.1456966 0.1107879 0.1033644 0.0909240 0.0899373 0.1075591 0.0707278 0.0939775 0.0894530 0.1087659 0.1487823 0.1025154 0.0688987 0.0910733 0.1198754 0.0933771 0.0882290 0.1550032 0.2700690 0.3072646 0.1045842 0.1146262 0.1315731 0.1194986 0.1189706 0.0878847 0.1475978 0.0919439 0.1016230 0.0911355 0.0925098 0.0773438 0.0730452 0.1183595 0.1000863 0.1010686 0.1008872 0.0918050 0.1327602 0.1301379 0.1589183 0.0922736 
Amauria_carterae_99_mesa                   0.1100094 0.0000000 0.1220368 0.2898590 0.1190753 0.1647163 0.1247299 0.1016632 0.1125421 0.1273695 0.1315694 0.1183832 0.1235311 0.1210338 0.0962947 0.1256857 0.1392893 0.1454299 0.1216877 0.1332566 0.1288857 0.0808661 0.1176846 0.1235865 0.1236393 0.1370980 0.1256373 0.1342218 0.1242821 0.0486955 0.1153603 0.1253855 0.1150052 0.1237132 0.0966658 0.1130515 0.1287813 0.1262154 0.1370252 0.1277643 0.1264332 0.1184119 0.1210338 0.1158055 0.1287131 0.1376728 0.1262183 0.1235865 0.1221781 0.1251721 0.1235692 0.1210881 0.1290585 0.1259564 0.1337452 0.1309308 0.1311463 0.1288865 0.1263757 0.1291466 0.2604522 0.1467286 0.2122159 0.1317919 0.1374680 0.1341554 0.1290859 0.1290155 0.1374481 0.1262735 0.1252291 0.1242821 0.1210338 0.1238974 0.1210338 0.1268029 0.1290293 0.0971771 0.1318244 0.1291372 0.1365245 0.1288865 0.1237767 0.1075607 0.1316476 
Amauria_rotundifolia_SRR9119150            0.0702271 0.1220368 0.0000000 0.2255091 0.0981483 0.1331601 0.1313152 0.2503602 0.1082009 0.0954045 0.1046951 0.0840088 0.0818930 0.0849337 0.0705212 0.0963332 0.2215971 0.0978540 0.0801512 0.0840361 0.0852627 0.0839718 0.1263117 0.0981171 0.1099565 0.0921616 0.1268070 0.1056390 0.0753570 0.0685903 0.2562095 0.2415187 0.0987827 0.0810201 0.0688062 0.0908319 0.0866808 0.0899187 0.0996457 0.0958498 0.0853179 0.0990791 0.0783066 0.1196730 0.1050566 0.0940917 0.0892996 0.0809339 0.0959864 0.0654713 0.0865554 0.0774182 0.1017752 0.1425621 0.0975554 0.0744076 0.0939275 0.1198220 0.0915885 0.0812499 0.1413201 0.2679518 0.2777844 0.1046188 0.1065259 0.1279959 0.1063870 0.1179418 0.0939637 0.1549354 0.0832942 0.0865569 0.0825065 0.0809899 0.0725678 0.0723535 0.1160217 0.0973336 0.0960809 0.0933518 0.0876250 0.1202574 0.1269426 0.1694479 0.1030210 
Conoclinium_coelestinum_SRR9119114         0.2281237 0.2898590 0.2255091 0.0000000 0.3589304 0.2096207 0.2270919 0.2424771 0.2361379 0.3665580 0.2483033 0.2380510 0.2402779 0.2398459 0.1976489 0.2429033 0.3544458 0.2412239 0.2370210 0.2446030 0.2431489 0.2089911 0.2648942 0.2360004 0.2398992 0.2518754 0.2385528 0.2484602 0.2322851 0.1694196 0.3716624 0.3692810 0.2297122 0.2394115 0.2171756 0.2319318 0.2466085 0.2246747 0.2473156 0.2430404 0.2378631 0.2344843 0.2365772 0.2320764 0.2477590 0.2363062 0.2372106 0.2379504 0.2320878 0.2272879 0.2445004 0.2330967 0.2549566 0.3036586 0.2380825 0.2271650 0.2411077 0.2492279 0.2413944 0.2220211 0.2652563 0.4531778 0.3700122 0.2606788 0.2487205 0.2627147 0.2660014 0.2704781 0.2610682 0.3484709 0.2418252 0.2310681 0.2402895 0.2394848 0.2274122 0.2267494 0.2636666 0.2104132 0.2441494 0.2520291 0.2342671 0.2598019 0.2463993 0.3421885 0.2272703 
Eutetras_palmeri_63                        0.0919970 0.1190753 0.0981483 0.3589304 0.0000000 0.2867277 0.1393064 0.2505217 0.1083915 0.0587259 0.1258363 0.1059975 0.1000413 0.0932562 0.0843000 0.1254577 0.2149060 0.0934231 0.0979773 0.1153083 0.1072168 0.0878329 0.1407997 0.1226052 0.1122524 0.1145064 0.1358904 0.1058243 0.1011546 0.0731446 0.2380820 0.2391210 0.0949852 0.1048235 0.0849689 0.1028104 0.1073695 0.0939122 0.1219350 0.1076423 0.1104554 0.1082978 0.0998209 0.1514853 0.1157407 0.1151719 0.1066299 0.1031434 0.1140000 0.0822708 0.1095516 0.1020300 0.1211121 0.1537391 0.1087866 0.0790195 0.0966997 0.1102831 0.1058638 0.0911475 0.1548173 0.2763959 0.3149883 0.1183710 0.1104894 0.1433835 0.1426004 0.1457059 0.0957538 0.1588748 0.1072950 0.1036547 0.1031994 0.1032396 0.0863710 0.0793339 0.1436340 0.0960620 0.1158790 0.1163362 0.0881237 0.1346571 0.1477399 0.1538813 0.1026126 
Eutrochium_fistulosum_SRR9119106           0.1289758 0.1647163 0.1331601 0.2096207 0.2867277 0.0000000 0.1720057 0.2381260 0.1303716 0.2880028 0.1539885 0.1456312 0.1415523 0.1388859 0.1213635 0.1459059 0.2517017 0.1379136 0.1415526 0.1464301 0.1477231 0.1563026 0.1646447 0.1582777 0.1390362 0.1533712 0.1547155 0.1506168 0.1355326 0.1065329 0.2717688 0.2868479 0.1276169 0.1446480 0.1178105 0.1463779 0.1487524 0.1181188 0.1571461 0.1450801 0.1476846 0.1491250 0.1401725 0.1463636 0.1500459 0.1491222 0.1436277 0.1412673 0.1470713 0.1162273 0.1487906 0.1446788 0.1638829 0.1914459 0.1415384 0.1210138 0.1425173 0.1414654 0.1461525 0.1241247 0.1968782 0.3342167 0.3240762 0.1689841 0.1523585 0.1763957 0.1618192 0.1656245 0.1461344 0.2133319 0.1431612 0.1403213 0.1403659 0.1425459 0.1205500 0.1239444 0.1606162 0.1355373 0.1615134 0.1537336 0.1351438 0.1554124 0.1652704 0.2164637 0.1501415 
Galeana_pratensis_104_mex                  0.1287920 0.1247299 0.1313152 0.2270919 0.1393064 0.1720057 0.0000000 0.1550525 0.1451810 0.1454926 0.1475832 0.1300187 0.1206508 0.1286425 0.1320658 0.1396814 0.1533776 0.1386626 0.1305271 0.1353766 0.1318773 0.1049445 0.1480538 0.1300187 0.1300187 0.1361990 0.1302680 0.1311908 0.1283901 0.0859185 0.1347784 0.1495239 0.1367360 0.1300187 0.1250462 0.1331153 0.1396953 0.1339118 0.1362095 0.1291973 0.1342023 0.1129639 0.1300187 0.1348378 0.1402671 0.1341739 0.1300187 0.1318773 0.1354284 0.1206656 0.1319842 0.1284794 0.1359719 0.1377384 0.1329020 0.1193991 0.1309275 0.1399819 0.1299220 0.1298645 0.1757516 0.2902926 0.1172416 0.1436049 0.1311476 0.1356384 0.1437447 0.1419149 0.1171415 0.2421459 0.1292955 0.1243964 0.1313951 0.1302024 0.1318342 0.1104470 0.1416369 0.1431756 0.1356817 0.1517182 0.1275224 0.1399819 0.1426858 0.1269832 0.1158193 
Helianthus_annuus_SRR9119062               0.2546401 0.1016632 0.2503602 0.2424771 0.2505217 0.2381260 0.1550525 0.0000000 0.2512118 0.2327493 0.2595244 0.2446764 0.2234812 0.1989475 0.1755789 0.2525779 0.3191046 0.2255724 0.2340234 0.2473642 0.2514812 0.1447477 0.2705732 0.2487210 0.2317605 0.2612479 0.2514192 0.2527778 0.2238094 0.1441416 0.3579070 0.3466118 0.2549979 0.2516076 0.2515887 0.2414670 0.2495345 0.1892250 0.2615172 0.2499140 0.2448971 0.2189500 0.2410109 0.2527564 0.2683739 0.2539643 0.2474885 0.2473613 0.2509837 0.1718965 0.2451294 0.2500110 0.2598094 0.2705399 0.2379134 0.1251888 0.1521626 0.1895165 0.2495362 0.1694019 0.1865220 0.3870984 0.3407121 0.2609857 0.2513807 0.2698827 0.2654822 0.2602685 0.1462992 0.2647846 0.2485637 0.2403433 0.2473011 0.2489591 0.1742567 0.1138478 0.2692739 0.2555256 0.2463680 0.2604723 0.1662349 0.2564453 0.2944906 0.2403362 0.1497140 
Lycapsus_tenuifolius_17                    0.0986273 0.1125421 0.1082009 0.2361379 0.1083915 0.1303716 0.1451810 0.2512118 0.0000000 0.1053136 0.1218095 0.1123772 0.0978106 0.0896629 0.0895514 0.1249134 0.2329944 0.1088683 0.1004530 0.1140350 0.1103724 0.0917153 0.1593966 0.1220469 0.1129451 0.1138004 0.1356687 0.1316972 0.0642272 0.0561377 0.2724953 0.2640459 0.0483885 0.1063755 0.0819870 0.1064911 0.1063640 0.0946851 0.1277133 0.1116727 0.1092696 0.1056779 0.1022007 0.1562179 0.1181356 0.1189365 0.1060043 0.1079811 0.1199032 0.0850912 0.1119133 0.1047282 0.1223423 0.1573622 0.1194615 0.0758542 0.0924075 0.1265474 0.1090706 0.0974482 0.1587516 0.2850722 0.3098985 0.1185349 0.1262100 0.1456516 0.1499015 0.1467726 0.0869820 0.1572483 0.1089582 0.0515584 0.1072459 0.1072624 0.0831034 0.0809872 0.1472488 0.1166924 0.1175654 0.1147157 0.0885601 0.1558568 0.1657681 0.1660604 0.1040232 
Pericome_caudata_50_silver                 0.0899228 0.1273695 0.0954045 0.3665580 0.0587259 0.2880028 0.1454926 0.2327493 0.1053136 0.0000000 0.1329745 0.1061130 0.1003759 0.0955395 0.1034004 0.1535620 0.2215569 0.0998553 0.0989357 0.1140965 0.1193717 0.1005093 0.1804170 0.1210799 0.1204588 0.1251090 0.1643685 0.1029256 0.0902070 0.0838682 0.2583488 0.2651580 0.0928551 0.1128039 0.0799142 0.1048109 0.1028868 0.1167203 0.1171932 0.1730062 0.1080339 0.1101234 0.0978254 0.1240559 0.1273067 0.1186603 0.1317033 0.1156231 0.1261062 0.0910748 0.1070737 0.1062856 0.1174205 0.1565897 0.1091411 0.0905214 0.1038631 0.1132473 0.1275552 0.0906931 0.1704023 0.2909274 0.3215934 0.1350884 0.1104635 0.1435349 0.1445813 0.1501839 0.1067459 0.1707064 0.1164965 0.0999440 0.1115444 0.1165658 0.0915901 0.0969614 0.1410588 0.1001064 0.1160185 0.1176137 0.0968890 0.1677804 0.1570225 0.1644530 0.1133387 
Perityle_aglossa_84_dead_horse             0.1022792 0.1315694 0.1046951 0.2483033 0.1258363 0.1539885 0.1475832 0.2595244 0.1218095 0.1329745 0.0000000 0.0263374 0.0215805 0.0147366 0.0407190 0.0453483 0.2601220 0.0624813 0.0199835 0.0321946 0.0263274 0.0229687 0.1316084 0.0698090 0.0552382 0.0395699 0.1141581 0.0690285 0.1127312 0.0768558 0.2721751 0.2809736 0.1162440 0.0180618 0.0979381 0.0578175 0.0169716 0.0612954 0.0519045 0.0339550 0.0238411 0.0641720 0.0203482 0.1118017 0.0683727 0.0392138 0.0308520 0.0248462 0.0718965 0.0205133 0.0297040 0.0203467 0.0416578 0.0962407 0.0759183 0.0648349 0.0482051 0.0840432 0.0332686 0.0760772 0.1254900 0.2691230 0.2840221 0.0387966 0.0676314 0.0876628 0.1317437 0.1335786 0.0160831 0.0917653 0.0236675 0.1244646 0.0268440 0.0239645 0.0207722 0.0250380 0.1320258 0.0889923 0.0496495 0.0154795 0.0705774 0.1175481 0.1605050 0.1847672 0.0667198 
Perityle_ajoensis_204                      0.0927454 0.1183832 0.0840088 0.2380510 0.1059975 0.1456312 0.1300187 0.2446764 0.1123772 0.1061130 0.0263374 0.0000000 0.0070706 0.0095063 0.0224622 0.0165194 0.2444920 0.0479711 0.0068051 0.0207002 0.0115911 0.0193979 0.0783988 0.0436621 0.0336045 0.0271733 0.0821234 0.0587552 0.1041621 0.0641057 0.2337060 0.2402391 0.1032350 0.0115032 0.0871556 0.0472165 0.0132478 0.0533539 0.0397750 0.0143158 0.0114125 0.0476282 0.0062124 0.0979944 0.0526927 0.0300901 0.0123274 0.0085411 0.0516833 0.0123624 0.0166248 0.0104254 0.0317325 0.0842842 0.0622221 0.0503905 0.0325581 0.0692012 0.0123265 0.0669422 0.1150509 0.2598226 0.2501426 0.0343691 0.0536758 0.0688315 0.1052092 0.1043523 0.0137815 0.0921081 0.0156279 0.1098934 0.0110159 0.0082522 0.0080111 0.0081708 0.1036552 0.0587688 0.0283309 0.0236186 0.0577139 0.0654545 0.1357484 0.1703117 0.0566427 
Perityle_ambrosiifolia_67_green            0.0883518 0.1235311 0.0818930 0.2402779 0.1000413 0.1415523 0.1206508 0.2234812 0.0978106 0.1003759 0.0215805 0.0070706 0.0000000 0.0088298 0.0189710 0.0136868 0.2471960 0.0389614 0.0064427 0.0128362 0.0118290 0.0193769 0.0528198 0.0111058 0.0341209 0.0233699 0.0639880 0.0437252 0.1038531 0.0657356 0.2446792 0.2522490 0.0950951 0.0094549 0.0843961 0.0470525 0.0123113 0.0440870 0.0394815 0.0094795 0.0094445 0.0471316 0.0047064 0.0449093 0.0500247 0.0250726 0.0086605 0.0062846 0.0464379 0.0050140 0.0134232 0.0089509 0.0268705 0.0935895 0.0584432 0.0492949 0.0315302 0.0462984 0.0094480 0.0589914 0.1136567 0.2732527 0.2423556 0.0295719 0.0454459 0.0716788 0.0897198 0.0917424 0.0126138 0.1053548 0.0086849 0.1093699 0.0070707 0.0078729 0.0041418 0.0067946 0.0889719 0.0455463 0.0110238 0.0232573 0.0565180 0.0452688 0.1102603 0.1714019 0.0286321 
Perityle_angustifolia_13_Eagle_creek       0.0818593 0.1210338 0.0849337 0.2398459 0.0932562 0.1388859 0.1286425 0.1989475 0.0896629 0.0955395 0.0147366 0.0095063 0.0088298 0.0000000 0.0264091 0.0078710 0.2232501 0.0423456 0.0086533 0.0132359 0.0138740 0.0158292 0.0620210 0.0086968 0.0147442 0.0257502 0.0605791 0.0473036 0.1042608 0.0700801 0.2111832 0.2220639 0.0894211 0.0103695 0.0787276 0.0522369 0.0086143 0.0426729 0.0379460 0.0130467 0.0129995 0.0528974 0.0060357 0.0503554 0.0486691 0.0275360 0.0112615 0.0077711 0.0504111 0.0060763 0.0156206 0.0080378 0.0344603 0.0925656 0.0637764 0.0540151 0.0368860 0.0542619 0.0112526 0.0584628 0.1200362 0.2617023 0.1981824 0.0250291 0.0491972 0.0388503 0.0871882 0.0902175 0.0091433 0.1007526 0.0104216 0.1032972 0.0086403 0.0095208 0.0112405 0.0152051 0.0854055 0.0515341 0.0138622 0.0130166 0.0601902 0.0545374 0.0649065 0.1731106 0.0440044 
Perityle_batopilensis_97                   0.0799825 0.0962947 0.0705212 0.1976489 0.0843000 0.1213635 0.1320658 0.1755789 0.0895514 0.1034004 0.0407190 0.0224622 0.0189710 0.0264091 0.0000000 0.0662093 0.1510668 0.0618577 0.0215905 0.0330169 0.0296619 0.0368031 0.1253804 0.0199019 0.0222832 0.0338929 0.0498497 0.0771822 0.0921372 0.0656264 0.1462408 0.1465206 0.0823326 0.0261210 0.0693679 0.0507904 0.0284130 0.0597090 0.0213235 0.0271373 0.0274189 0.0482784 0.0177421 0.1215416 0.0588898 0.0312257 0.0287893 0.0296915 0.0635722 0.0261199 0.0291141 0.0241616 0.0414105 0.0281808 0.0632095 0.0506909 0.0297907 0.0727544 0.0323699 0.0681384 0.1156010 0.2125857 0.0957039 0.0521190 0.0742546 0.0327579 0.1076918 0.1018583 0.0273085 0.1077785 0.0297879 0.0865766 0.0305834 0.0288343 0.0238258 0.0209404 0.0995349 0.0821147 0.0266636 0.0398759 0.0596292 0.1138652 0.0746802 0.1387235 0.0610840 
Perityle_bisetosa_9                        0.0926100 0.1256857 0.0963332 0.2429033 0.1254577 0.1459059 0.1396814 0.2525779 0.1249134 0.1535620 0.0453483 0.0165194 0.0136868 0.0078710 0.0662093 0.0000000 0.2546159 0.0507366 0.0116027 0.0232066 0.0501983 0.0122823 0.1269146 0.0691023 0.0464832 0.0580248 0.1318292 0.0619556 0.1020642 0.0683255 0.2813448 0.2949487 0.1071402 0.0405682 0.0890480 0.0507670 0.0066734 0.1000597 0.0427406 0.0745545 0.0150558 0.0578586 0.0112808 0.1037688 0.0889784 0.0389021 0.0522261 0.0451575 0.0838491 0.0404371 0.0196490 0.0262286 0.0353341 0.0907981 0.0661558 0.0549552 0.0406217 0.0769368 0.0558457 0.0692765 0.1074807 0.2617879 0.2761589 0.0567796 0.0546532 0.0918128 0.1328280 0.1340083 0.0058151 0.0993974 0.0453907 0.1195861 0.0477187 0.0479506 0.0136877 0.0184276 0.1274541 0.1018226 0.0385686 0.0351503 0.0622006 0.1098261 0.1793299 0.1833880 0.0603499 
Perityle_californica_76_positas            0.2277581 0.1392893 0.2215971 0.3544458 0.2149060 0.2517017 0.1533776 0.3191046 0.2329944 0.2215569 0.2601220 0.2444920 0.2471960 0.2232501 0.1510668 0.2546159 0.0000000 0.2156683 0.2447018 0.2510797 0.2483821 0.1589225 0.2625839 0.2447232 0.2395775 0.2482110 0.2548446 0.2461804 0.2142491 0.1747208 0.0727234 0.0986654 0.2315197 0.2450429 0.2210990 0.2395356 0.2443334 0.0964267 0.2571894 0.2477255 0.2492247 0.2622889 0.2432876 0.2441430 0.2428681 0.2512650 0.2484122 0.2457737 0.2496858 0.0918989 0.2492578 0.2462576 0.2556188 0.1832070 0.2379002 0.1801269 0.1990756 0.2215530 0.2459423 0.1027849 0.2455235 0.3283835 0.3448208 0.2439003 0.2509815 0.2466419 0.2467525 0.2435758 0.2105235 0.1911922 0.2477517 0.2338730 0.2456444 0.2461701 0.1469973 0.1136967 0.2460719 0.2465317 0.2492299 0.2615931 0.2031747 0.2705243 0.2527174 0.0710306 0.1119435 
Perityle_canescens_77                      0.0965989 0.1454299 0.0978540 0.2412239 0.0934231 0.1379136 0.1386626 0.2255724 0.1088683 0.0998553 0.0624813 0.0479711 0.0389614 0.0423456 0.0618577 0.0507366 0.2156683 0.0000000 0.0442184 0.0506000 0.0523531 0.0566056 0.0729732 0.0456844 0.0408792 0.0558332 0.0890842 0.0205004 0.1173394 0.0624284 0.2023111 0.2231978 0.1048977 0.0488653 0.0888852 0.0609306 0.0534971 0.0737736 0.0630187 0.0498971 0.0514791 0.0594901 0.0445076 0.0815837 0.0681980 0.0632415 0.0489051 0.0462487 0.0715522 0.0549417 0.0541062 0.0497607 0.0685512 0.1208306 0.0859531 0.0712387 0.0576008 0.0722962 0.0497323 0.0863652 0.1234828 0.2706509 0.2116319 0.0685490 0.0213575 0.0638855 0.1049549 0.1069867 0.0485583 0.1451799 0.0499060 0.1159817 0.0488481 0.0471794 0.0540456 0.0435827 0.1052148 0.0582382 0.0505834 0.0626016 0.0733184 0.0713366 0.0697073 0.1766792 0.0843844 
Perityle_castillonii_96                    0.0836022 0.1216877 0.0801512 0.2370210 0.0979773 0.1415526 0.1305271 0.2340234 0.1004530 0.0989357 0.0199835 0.0068051 0.0064427 0.0086533 0.0215905 0.0116027 0.2447018 0.0442184 0.0000000 0.0131159 0.0098553 0.0230587 0.0614195 0.0068461 0.0328253 0.0216918 0.0601899 0.0485417 0.1013156 0.0643353 0.2377958 0.2405766 0.0978901 0.0075762 0.0816663 0.0464963 0.0115673 0.0436252 0.0395342 0.0098849 0.0098536 0.0457062 0.0052866 0.0605468 0.0448640 0.0233226 0.0083346 0.0045318 0.0446254 0.0079945 0.0129164 0.0078161 0.0300940 0.0864477 0.0562954 0.0504907 0.0326201 0.0559084 0.0075693 0.0570404 0.1100827 0.2662297 0.2446208 0.0276098 0.0485801 0.0624332 0.0836891 0.0855294 0.0138121 0.0985784 0.0091199 0.1066022 0.0075659 0.0068141 0.0067092 0.0095632 0.0820941 0.0496047 0.0106089 0.0223753 0.0527547 0.0524402 0.1008246 0.1706861 0.0580126 
Perityle_cernua_84                         0.0998129 0.1332566 0.0840361 0.2446030 0.1153083 0.1464301 0.1353766 0.2473642 0.1140350 0.1140965 0.0321946 0.0207002 0.0128362 0.0132359 0.0330169 0.0232066 0.2510797 0.0506000 0.0131159 0.0000000 0.0239183 0.0220328 0.0834114 0.0351055 0.0376281 0.0316871 0.0783333 0.0645611 0.1070195 0.0644353 0.2433880 0.2532441 0.1076382 0.0201932 0.0933578 0.0540033 0.0210369 0.0609357 0.0448945 0.0213853 0.0221097 0.0489348 0.0148961 0.1029218 0.0574136 0.0346286 0.0207150 0.0214149 0.0548999 0.0212936 0.0224644 0.0200397 0.0420087 0.0935426 0.0659819 0.0525938 0.0343011 0.0757999 0.0242257 0.0730682 0.1035682 0.2788455 0.2526933 0.0401514 0.0598527 0.0755656 0.1109949 0.1118418 0.0153155 0.1047879 0.0213851 0.1123642 0.0228125 0.0205605 0.0154803 0.0126559 0.1103469 0.0681756 0.0229503 0.0329550 0.0610573 0.0750257 0.1307026 0.1705855 0.0593781 
Perityle_cfvillosa_25_tin                  0.0948897 0.1288857 0.0852627 0.2431489 0.1072168 0.1477231 0.1318773 0.2514812 0.1103724 0.1193717 0.0263274 0.0115911 0.0118290 0.0138740 0.0296619 0.0501983 0.2483821 0.0523531 0.0098553 0.0239183 0.0000000 0.0211759 0.1247677 0.0216207 0.0378245 0.0264450 0.0631530 0.0604798 0.1060747 0.0674643 0.2412149 0.2514296 0.1067212 0.0142076 0.0909750 0.0497748 0.0169763 0.0587639 0.0430661 0.0164533 0.0144233 0.0500358 0.0099205 0.1034787 0.0591542 0.0281250 0.0132208 0.0087833 0.0568343 0.0136021 0.0189510 0.0128867 0.0361865 0.0881309 0.0665898 0.0535887 0.0386436 0.0736657 0.0043763 0.0691535 0.1203278 0.2610537 0.2465954 0.0325984 0.0572273 0.0680462 0.1202314 0.1141574 0.0184356 0.0919573 0.0138815 0.1103571 0.0127796 0.0075852 0.0115870 0.0081569 0.1132385 0.0720305 0.0148888 0.0266911 0.0628486 0.1118172 0.1232108 0.1767930 0.0578500 
Perityle_cinerea_113_Powell1310            0.0934023 0.0808661 0.0839718 0.2089911 0.0878329 0.1563026 0.1049445 0.1447477 0.0917153 0.1005093 0.0229687 0.0193979 0.0193769 0.0158292 0.0368031 0.0122823 0.1589225 0.0566056 0.0230587 0.0220328 0.0211759 0.0000000 0.0637346 0.0176077 0.0211627 0.0322831 0.0598935 0.0584208 0.0937570 0.0744789 0.1358427 0.1399046 0.0935700 0.0176077 0.0853357 0.0614471 0.0087573 0.0546006 0.0448787 0.0195485 0.0176077 0.0635598 0.0176077 0.0635598 0.0571133 0.0374552 0.0229835 0.0193830 0.0655866 0.0153692 0.0265544 0.0169874 0.0320637 0.0365132 0.0694839 0.0599577 0.0414763 0.0449102 0.0211543 0.0617462 0.1064695 0.2474590 0.0505034 0.0176090 0.0565085 0.0412837 0.0802008 0.0805451 0.0140440 0.1732053 0.0195626 0.0897253 0.0247673 0.0212062 0.0229435 0.0182701 0.0764940 0.0552096 0.0265538 0.0303725 0.0694281 0.0449102 0.0760973 0.1328325 0.0253665 
Perityle_coahuilensis_24                   0.1349478 0.1176846 0.1263117 0.2648942 0.1407997 0.1646447 0.1480538 0.2705732 0.1593966 0.1804170 0.1316084 0.0783988 0.0528198 0.0620210 0.1253804 0.1269146 0.2625839 0.0729732 0.0614195 0.0834114 0.1247677 0.0637346 0.0000000 0.1413286 0.0842952 0.1270760 0.1715358 0.0892609 0.1421263 0.0793132 0.2802736 0.3132043 0.1363566 0.1088757 0.1179371 0.0762989 0.0771630 0.2218541 0.0913038 0.1305763 0.0788383 0.0682874 0.0664262 0.1216860 0.1592740 0.0979800 0.1403858 0.1351724 0.1399567 0.1240849 0.0757891 0.0982772 0.0923268 0.1607644 0.0959163 0.0807009 0.0699287 0.0297127 0.1531868 0.0980748 0.1361020 0.2986439 0.3047138 0.1674897 0.0800863 0.1563711 0.1776313 0.1629178 0.0606236 0.1887441 0.1572775 0.1441944 0.1116078 0.1356095 0.0847800 0.0535266 0.1597739 0.1062202 0.0918548 0.1133446 0.0803857 0.0556813 0.2314463 0.1891696 0.0850288 
Perityle_cochisensis_44_cave_creek         0.1062105 0.1235865 0.0981171 0.2360004 0.1226052 0.1582777 0.1300187 0.2487210 0.1220469 0.1210799 0.0698090 0.0436621 0.0111058 0.0086968 0.0199019 0.0691023 0.2447232 0.0456844 0.0068461 0.0351055 0.0216207 0.0176077 0.1413286 0.0000000 0.0463074 0.0686604 0.0971441 0.1046655 0.1011315 0.0649200 0.2689006 0.2644805 0.0995577 0.0228326 0.1022531 0.0475236 0.0125813 0.0482495 0.0542661 0.0559091 0.0267445 0.1059175 0.0226364 0.0999225 0.0974181 0.0540560 0.0537695 0.0324289 0.0902709 0.0089196 0.0511145 0.0213664 0.0296855 0.0809397 0.0600413 0.0465126 0.0307555 0.0705088 0.0565120 0.0657937 0.1121825 0.2518049 0.2369003 0.0774545 0.0706039 0.0634680 0.1244145 0.1276090 0.0092402 0.0869386 0.0510304 0.1271768 0.0507371 0.0142527 0.0062186 0.0054339 0.1262957 0.1092992 0.0456173 0.0412735 0.0561208 0.1265712 0.1455576 0.1701766 0.0566057 
Perityle_congesta_202                      0.1005895 0.1236393 0.1099565 0.2398992 0.1122524 0.1390362 0.1300187 0.2317605 0.1129451 0.1204588 0.0552382 0.0336045 0.0341209 0.0147442 0.0222832 0.0464832 0.2395775 0.0408792 0.0328253 0.0376281 0.0378245 0.0211627 0.0842952 0.0463074 0.0000000 0.0468295 0.1280801 0.0729845 0.1042124 0.0674107 0.2584166 0.2524617 0.1081559 0.0344601 0.0987057 0.0754666 0.0396997 0.0427222 0.0619548 0.0518028 0.0369818 0.0777408 0.0302602 0.0718700 0.0707323 0.0515207 0.0339668 0.0319389 0.0733452 0.0070975 0.0394985 0.0339610 0.0586211 0.0891790 0.0754081 0.0514185 0.0325365 0.0536181 0.0331674 0.0568201 0.1111460 0.2622401 0.2429103 0.0550110 0.0755661 0.0701092 0.1069625 0.1143905 0.0149295 0.0995845 0.0358801 0.1307187 0.0322476 0.0336538 0.0079034 0.0095293 0.1061241 0.0785089 0.0424882 0.0484578 0.0566979 0.0781152 0.1015191 0.1726653 0.0464039 
Perityle_cordifolia_27                     0.1005162 0.1370980 0.0921616 0.2518754 0.1145064 0.1533712 0.1361990 0.2612479 0.1138004 0.1251090 0.0395699 0.0271733 0.0233699 0.0257502 0.0338929 0.0580248 0.2482110 0.0558332 0.0216918 0.0316871 0.0264450 0.0322831 0.1270760 0.0686604 0.0468295 0.0000000 0.1070170 0.0659258 0.1070057 0.0746509 0.2649484 0.2714012 0.1136425 0.0222602 0.0952589 0.0522447 0.0271209 0.0611149 0.0462787 0.0272298 0.0246959 0.0497291 0.0204801 0.1067317 0.0616740 0.0374055 0.0235580 0.0252928 0.0577341 0.0157063 0.0298810 0.0219572 0.0224445 0.0865479 0.0685404 0.0579228 0.0320252 0.0829446 0.0265625 0.0704088 0.1186187 0.2649903 0.2652527 0.0383182 0.0619527 0.0663488 0.1265969 0.1240130 0.0272027 0.0943088 0.0247154 0.1124754 0.0271114 0.0244335 0.0162967 0.0192380 0.1221122 0.0749054 0.0463290 0.0358764 0.0629737 0.1184475 0.1433855 0.1730112 0.0604661 
Perityle_cordifolia_68_tecolote            0.1041374 0.1256373 0.1268070 0.2385528 0.1358904 0.1547155 0.1302680 0.2514192 0.1356687 0.1643685 0.1141581 0.0821234 0.0639880 0.0605791 0.0498497 0.1318292 0.2548446 0.0890842 0.0601899 0.0783333 0.0631530 0.0598935 0.1715358 0.0971441 0.1280801 0.1070170 0.0000000 0.1273950 0.1057980 0.0795461 0.2933547 0.2690206 0.1072189 0.0640598 0.1039913 0.0850750 0.0646155 0.0610798 0.0875534 0.1132859 0.0714647 0.1579719 0.0662594 0.1385294 0.1466459 0.0898545 0.1138027 0.0744307 0.1380439 0.0343120 0.0872965 0.0621294 0.0757823 0.1125447 0.0912761 0.0059675 0.0687632 0.1100108 0.1165142 0.0811502 0.1397884 0.2582375 0.2861699 0.1331722 0.1057867 0.1157833 0.1116166 0.1485753 0.0556045 0.1105661 0.0848823 0.1568070 0.0843323 0.0604117 0.0450609 0.0389745 0.1298387 0.1617763 0.0861672 0.0830444 0.0874307 0.1588791 0.1739146 0.1844266 0.0687165 
Perityle_coronopifolia_28_patagonia        0.1135024 0.1342218 0.1056390 0.2484602 0.1058243 0.1506168 0.1311908 0.2527778 0.1316972 0.1029256 0.0690285 0.0587552 0.0437252 0.0473036 0.0771822 0.0619556 0.2461804 0.0205004 0.0485417 0.0645611 0.0604798 0.0584208 0.0892609 0.1046655 0.0729845 0.0659258 0.1273950 0.0000000 0.1226752 0.0608985 0.2367644 0.2582009 0.1231722 0.0577864 0.1027647 0.0653758 0.0604068 0.0911459 0.0738761 0.0603909 0.0601608 0.0566753 0.0493308 0.1177249 0.0780512 0.0735373 0.0582347 0.0583086 0.0785711 0.0737105 0.0577664 0.0602015 0.0787429 0.1420514 0.0881079 0.0757816 0.0660276 0.0793368 0.0609997 0.0984117 0.1303883 0.2790542 0.2974364 0.0753735 0.0081672 0.1204942 0.1487319 0.1452616 0.0546989 0.1544374 0.0603913 0.1247778 0.0596008 0.0589377 0.0693776 0.0508058 0.1481183 0.0613998 0.0768726 0.0679448 0.0753914 0.0813167 0.1584246 0.1780331 0.0895911 
Perityle_crassifolia_70_ventanas           0.0930625 0.1242821 0.0753570 0.2322851 0.1011546 0.1355326 0.1283901 0.2238094 0.0642272 0.0902070 0.1127312 0.1041621 0.1038531 0.1042608 0.0921372 0.1020642 0.2142491 0.1173394 0.1013156 0.1070195 0.1060747 0.0937570 0.1421263 0.1011315 0.1042124 0.1070057 0.1057980 0.1226752 0.0000000 0.0412696 0.2200667 0.2099903 0.1048031 0.1032881 0.0792155 0.1016520 0.1048057 0.0965432 0.1214800 0.1037089 0.1052180 0.1015797 0.0984486 0.1380765 0.1158629 0.1149376 0.1024662 0.1042743 0.1038663 0.0846102 0.1080300 0.0985449 0.1239270 0.1610335 0.1182955 0.0871643 0.1022555 0.1369455 0.1069036 0.1010682 0.1494861 0.2773423 0.2263836 0.1190970 0.1246248 0.1156827 0.1256754 0.1285374 0.1009566 0.1667226 0.1037125 0.0300355 0.1041993 0.1034102 0.0898970 0.0915505 0.1278551 0.1116108 0.1047950 0.1138647 0.0975816 0.1435194 0.0911851 0.1778794 0.1147929 
Perityle_crassifolia_74_playa_balandra     0.0883082 0.0486955 0.0685903 0.1694196 0.0731446 0.1065329 0.0859185 0.1441416 0.0561377 0.0838682 0.0768558 0.0641057 0.0657356 0.0700801 0.0656264 0.0683255 0.1747208 0.0624284 0.0643353 0.0644353 0.0674643 0.0744789 0.0793132 0.0649200 0.0674107 0.0746509 0.0795461 0.0608985 0.0412696 0.0000000 0.1667729 0.1745427 0.0766655 0.0641057 0.0642834 0.0566593 0.0699861 0.0592841 0.0777355 0.0656813 0.0657356 0.0567677 0.0641057 0.0550372 0.0790637 0.0708216 0.0625610 0.0657547 0.0550372 0.0564459 0.0657906 0.0598233 0.0760709 0.1069722 0.0602121 0.0779103 0.0783745 0.0655900 0.0707370 0.0488412 0.0766777 0.3220425 0.0804793 0.0916638 0.0625258 0.0743508 0.1009568 0.1064863 0.0695369 0.2145887 0.0657794 0.0364417 0.0691098 0.0658980 0.0638344 0.0655124 0.0992085 0.0531937 0.0708389 0.0807367 0.0602458 0.0672950 0.0781875 0.1586127 0.0613455 
Perityle_cuneata_34_cuneata_San_antonio    0.2324347 0.1153603 0.2562095 0.3716624 0.2380820 0.2717688 0.1347784 0.3579070 0.2724953 0.2583488 0.2721751 0.2337060 0.2446792 0.2111832 0.1462408 0.2813448 0.0727234 0.2023111 0.2377958 0.2433880 0.2412149 0.1358427 0.2802736 0.2689006 0.2584166 0.2649484 0.2933547 0.2367644 0.2200667 0.1667729 0.0000000 0.1064521 0.2312337 0.2389590 0.2366789 0.2381443 0.2323816 0.1125703 0.2481149 0.2736097 0.2369061 0.3033268 0.2343353 0.2896247 0.2724149 0.2468822 0.2703236 0.2392535 0.2841458 0.1017178 0.2422301 0.2427999 0.2503237 0.1745347 0.2338161 0.1733782 0.1835462 0.2037232 0.2721918 0.1091515 0.2404522 0.3005740 0.3807877 0.2745241 0.2350089 0.2599905 0.2916877 0.2998273 0.1965726 0.1812682 0.2446804 0.2824295 0.2482384 0.2394637 0.1344271 0.1029681 0.3087285 0.2604308 0.2529677 0.2520830 0.1874018 0.2809755 0.2875710 0.0367225 0.1150898 
Perityle_cuneata_4                         0.2427372 0.1253855 0.2415187 0.3692810 0.2391210 0.2868479 0.1495239 0.3466118 0.2640459 0.2651580 0.2809736 0.2402391 0.2522490 0.2220639 0.1465206 0.2949487 0.0986654 0.2231978 0.2405766 0.2532441 0.2514296 0.1399046 0.3132043 0.2644805 0.2524617 0.2714012 0.2690206 0.2582009 0.2099903 0.1745427 0.1064521 0.0000000 0.2433616 0.2387453 0.2402877 0.2417614 0.2411931 0.1355054 0.2538815 0.2697510 0.2437672 0.2955141 0.2389180 0.3026234 0.2722402 0.2427950 0.2690202 0.2531550 0.2813834 0.0974639 0.2504102 0.2360017 0.2553488 0.1806696 0.2343051 0.1776118 0.1953974 0.2181891 0.2641488 0.1092411 0.2296632 0.3080861 0.3698941 0.2630505 0.2563253 0.2527725 0.2963311 0.2891792 0.2091203 0.1830835 0.2560053 0.2539064 0.2570618 0.2516537 0.1399830 0.1108961 0.3000947 0.2711918 0.2584250 0.2509268 0.1940943 0.3171391 0.2860215 0.0955002 0.1231971 
Perityle_discoidea_81                      0.0758307 0.1150052 0.0987827 0.2297122 0.0949852 0.1276169 0.1367360 0.2549979 0.0483885 0.0928551 0.1162440 0.1032350 0.0950951 0.0894211 0.0823326 0.1071402 0.2315197 0.1048977 0.0978901 0.1076382 0.1067212 0.0935700 0.1363566 0.0995577 0.1081559 0.1136425 0.1072189 0.1231722 0.1048031 0.0766655 0.2312337 0.2433616 0.0000000 0.1033342 0.0591689 0.1064030 0.1081131 0.0878776 0.1278795 0.1062354 0.1050907 0.1103571 0.0997164 0.1405739 0.1193963 0.1165884 0.1025403 0.1024778 0.1159880 0.0778175 0.1093847 0.1023651 0.1230580 0.1560198 0.1152526 0.0723354 0.0954803 0.1209278 0.1067905 0.0960261 0.1565558 0.2875386 0.2889878 0.1189867 0.1258675 0.1326513 0.1168231 0.1220239 0.0905326 0.1582113 0.1053821 0.1052853 0.1032686 0.1034460 0.0785433 0.0747739 0.1152614 0.1146281 0.1072230 0.1155643 0.0936213 0.1333643 0.1459716 0.1645323 0.1023680 
Perityle_dissecta_201                      0.0916067 0.1237132 0.0810201 0.2394115 0.1048235 0.1446480 0.1300187 0.2516076 0.1063755 0.1128039 0.0180618 0.0115032 0.0094549 0.0103695 0.0261210 0.0405682 0.2450429 0.0488653 0.0075762 0.0201932 0.0142076 0.0176077 0.1088757 0.0228326 0.0344601 0.0222602 0.0640598 0.0577864 0.1032881 0.0641057 0.2389590 0.2387453 0.1033342 0.0000000 0.0860071 0.0481346 0.0132426 0.0488361 0.0391083 0.0128411 0.0115619 0.0458870 0.0077228 0.1002878 0.0505818 0.0237553 0.0115143 0.0121577 0.0521070 0.0096926 0.0166913 0.0094022 0.0317740 0.0822253 0.0605580 0.0503813 0.0335698 0.0709401 0.0140959 0.0646768 0.1111519 0.2559139 0.2444567 0.0284328 0.0552402 0.0636124 0.1186786 0.1142355 0.0137650 0.0859734 0.0115358 0.1076781 0.0127962 0.0117195 0.0062186 0.0067999 0.1116675 0.0708748 0.0154852 0.0190807 0.0567242 0.0974902 0.1187733 0.1728749 0.0566057 
Perityle_emoryi_47_punta_san_jose          0.0187563 0.0966658 0.0688062 0.2171756 0.0849689 0.1178105 0.1250462 0.2515887 0.0819870 0.0799142 0.0979381 0.0871556 0.0843961 0.0787276 0.0693679 0.0890480 0.2210990 0.0888852 0.0816663 0.0933578 0.0909750 0.0853357 0.1179371 0.1022531 0.0987057 0.0952589 0.1039913 0.1027647 0.0792155 0.0642834 0.2366789 0.2402877 0.0591689 0.0860071 0.0000000 0.0893914 0.0881312 0.0744572 0.1065867 0.0891998 0.0892977 0.0906852 0.0822980 0.1217653 0.0981255 0.0969568 0.0865444 0.0859470 0.0934677 0.0622627 0.0906245 0.0853627 0.1042410 0.1446137 0.0939963 0.0654561 0.0853983 0.1056048 0.0897722 0.0772507 0.1434609 0.2620508 0.3045633 0.1018724 0.1061837 0.1288229 0.1062909 0.1076322 0.0812198 0.1438068 0.0872451 0.0883227 0.0856180 0.0868821 0.0693184 0.0684117 0.1070462 0.0899380 0.0991999 0.0970519 0.0819143 0.1140205 0.1214028 0.1548015 0.0893294 
Perityle_feddemae_99                       0.0989845 0.1130515 0.0908319 0.2319318 0.1028104 0.1463779 0.1331153 0.2414670 0.1064911 0.1048109 0.0578175 0.0472165 0.0470525 0.0522369 0.0507904 0.0507670 0.2395356 0.0609306 0.0464963 0.0540033 0.0497748 0.0614471 0.0762989 0.0475236 0.0754666 0.0522447 0.0850750 0.0653758 0.1016520 0.0566593 0.2381443 0.2417614 0.1064030 0.0481346 0.0893914 0.0000000 0.0536868 0.0621233 0.0696082 0.0490435 0.0506075 0.0151919 0.0447014 0.0195187 0.0641328 0.0584468 0.0480909 0.0455510 0.0166687 0.0530507 0.0523303 0.0457596 0.0602890 0.1227538 0.0514066 0.0754675 0.0644913 0.0768385 0.0472466 0.0410384 0.0985440 0.2793167 0.2813186 0.0688610 0.0654300 0.0944592 0.1083397 0.1103422 0.0590908 0.1318861 0.0482003 0.1070918 0.0471983 0.0464499 0.0519387 0.0575113 0.1085646 0.0547243 0.0505846 0.0605168 0.0402375 0.0719479 0.1113611 0.1727707 0.0913423 
Perityle_fosteri_93                        0.0917673 0.1287813 0.0866808 0.2466085 0.1073695 0.1487524 0.1396953 0.2495345 0.1063640 0.1028868 0.0169716 0.0132478 0.0123113 0.0086143 0.0284130 0.0066734 0.2443334 0.0534971 0.0115673 0.0210369 0.0169763 0.0087573 0.0771630 0.0125813 0.0396997 0.0271209 0.0646155 0.0604068 0.1048057 0.0699861 0.2323816 0.2411931 0.1081131 0.0132426 0.0881312 0.0536868 0.0000000 0.0531398 0.0453122 0.0155356 0.0147518 0.0533300 0.0111883 0.0881255 0.0545278 0.0294956 0.0140078 0.0132591 0.0528960 0.0128365 0.0199772 0.0121093 0.0376037 0.0905576 0.0686476 0.0571616 0.0398967 0.0719273 0.0162396 0.0702280 0.1211739 0.2592966 0.2567218 0.0234515 0.0604532 0.0670056 0.0947426 0.0947358 0.0079854 0.0844218 0.0155354 0.1083131 0.0147422 0.0140147 0.0146309 0.0179771 0.0932049 0.0614925 0.0171753 0.0192505 0.0641977 0.0674850 0.1031907 0.1804044 0.0578269 
Perityle_gamon_221                         0.0922287 0.1262154 0.0899187 0.2246747 0.0939122 0.1181188 0.1339118 0.1892250 0.0946851 0.1167203 0.0612954 0.0533539 0.0440870 0.0426729 0.0597090 0.1000597 0.0964267 0.0737736 0.0436252 0.0609357 0.0587639 0.0546006 0.2218541 0.0482495 0.0427222 0.0611149 0.0610798 0.0911459 0.0965432 0.0592841 0.1125703 0.1355054 0.0878776 0.0488361 0.0744572 0.0621233 0.0531398 0.0000000 0.0661726 0.0676819 0.0559702 0.0619198 0.0485359 0.1425378 0.0160753 0.0648623 0.0651106 0.0664550 0.0859255 0.0525934 0.0553080 0.0506162 0.0679831 0.0523387 0.0860513 0.0555386 0.0570360 0.1120379 0.0704726 0.0840423 0.1432126 0.1564454 0.1172649 0.0716021 0.0899351 0.0544201 0.1211846 0.1103270 0.0484041 0.0709784 0.0672792 0.0879016 0.0552379 0.0655363 0.0520388 0.0475797 0.1064902 0.1030619 0.0518964 0.0606283 0.0726000 0.1796937 0.0904463 0.0889745 0.0889153 
Perityle_gentryi_8_san_francisco           0.1110542 0.1370252 0.0996457 0.2473156 0.1219350 0.1571461 0.1362095 0.2615172 0.1277133 0.1171932 0.0519045 0.0397750 0.0394815 0.0379460 0.0213235 0.0427406 0.2571894 0.0630187 0.0395342 0.0448945 0.0430661 0.0448787 0.0913038 0.0542661 0.0619548 0.0462787 0.0875534 0.0738761 0.1214800 0.0777355 0.2481149 0.2538815 0.1278795 0.0391083 0.1065867 0.0696082 0.0453122 0.0661726 0.0000000 0.0413820 0.0420070 0.0663248 0.0359256 0.1065861 0.0711583 0.0478617 0.0405568 0.0398019 0.0678660 0.0326923 0.0456830 0.0395286 0.0601877 0.1052323 0.0791892 0.0653178 0.0458826 0.0900213 0.0427316 0.0808933 0.1230415 0.2746317 0.2556503 0.0605855 0.0739300 0.0884945 0.1074655 0.1091706 0.0422182 0.1170098 0.0413819 0.1283539 0.0412568 0.0405781 0.0313866 0.0290033 0.1059270 0.0766217 0.0432003 0.0534916 0.0732914 0.0883607 0.1250108 0.1856678 0.0679364 
Perityle_gilensis_22_Superstition          0.0943959 0.1277643 0.0958498 0.2430404 0.1076423 0.1450801 0.1291973 0.2499140 0.1116727 0.1730062 0.0339550 0.0143158 0.0094795 0.0130467 0.0271373 0.0745545 0.2477255 0.0498971 0.0098849 0.0213853 0.0164533 0.0195485 0.1305763 0.0559091 0.0518028 0.0272298 0.1132859 0.0603909 0.1037089 0.0656813 0.2736097 0.2697510 0.1062354 0.0128411 0.0891998 0.0490435 0.0155356 0.0676819 0.0413820 0.0000000 0.0121209 0.0499292 0.0083210 0.1012389 0.0687508 0.0282552 0.0418870 0.0160795 0.0631357 0.0067679 0.0166658 0.0100924 0.0303678 0.0864837 0.0642326 0.0506354 0.0357494 0.0738635 0.0631349 0.0695313 0.1143809 0.2613595 0.2684248 0.0749294 0.0560685 0.0761314 0.1220945 0.1272288 0.0161856 0.0913358 0.0103781 0.1175331 0.0150909 0.0142605 0.0098340 0.0109739 0.1164920 0.0881667 0.0359064 0.0247380 0.0600316 0.1098347 0.1508028 0.1723662 0.0607127 
Perityle_gilensis_salensis_225             0.0957264 0.1264332 0.0853179 0.2378631 0.1104554 0.1476846 0.1342023 0.2448971 0.1092696 0.1080339 0.0238411 0.0114125 0.0094445 0.0129995 0.0274189 0.0150558 0.2492247 0.0514791 0.0098536 0.0221097 0.0144233 0.0176077 0.0788383 0.0267445 0.0369818 0.0246959 0.0714647 0.0601608 0.1052180 0.0657356 0.2369061 0.2437672 0.1050907 0.0115619 0.0892977 0.0506075 0.0147518 0.0559702 0.0420070 0.0121209 0.0000000 0.0441901 0.0076206 0.0977698 0.0525161 0.0268350 0.0107444 0.0114208 0.0492004 0.0124490 0.0171730 0.0104800 0.0339647 0.0881450 0.0631438 0.0536039 0.0366035 0.0745588 0.0141350 0.0704556 0.1150237 0.2635081 0.2400241 0.0320970 0.0574173 0.0686114 0.1046964 0.1046652 0.0137781 0.0948865 0.0127997 0.1094307 0.0127731 0.0117822 0.0125021 0.0081703 0.1031957 0.0634469 0.0154670 0.0252683 0.0587635 0.0698802 0.1196704 0.1753785 0.0617253 
Perityle_glaucescens_94                    0.1021525 0.1184119 0.0990791 0.2344843 0.1082978 0.1491250 0.1129639 0.2189500 0.1056779 0.1101234 0.0641720 0.0476282 0.0471316 0.0528974 0.0482784 0.0578586 0.2622889 0.0594901 0.0457062 0.0489348 0.0500358 0.0635598 0.0682874 0.1059175 0.0777408 0.0497291 0.1579719 0.0566753 0.1015797 0.0567677 0.3033268 0.2955141 0.1103571 0.0458870 0.0906852 0.0151919 0.0533300 0.0619198 0.0663248 0.0499292 0.0441901 0.0000000 0.0431862 0.0017525 0.0596180 0.0577946 0.0485862 0.0442181 0.0045886 0.0524379 0.0468059 0.0423081 0.0549841 0.1385492 0.0413958 0.0772944 0.0643064 0.0643415 0.0493877 0.0320135 0.0981234 0.3033762 0.3110251 0.0694927 0.0569473 0.1227891 0.1169964 0.1197191 0.0578834 0.1528715 0.0454143 0.1100826 0.0441831 0.0460459 0.0511879 0.0575646 0.1166939 0.0510805 0.0766607 0.0560268 0.0366075 0.0583551 0.1604256 0.1755528 0.0600058 
Perityle_gracilis_11                       0.0858544 0.1210338 0.0783066 0.2365772 0.0998209 0.1401725 0.1300187 0.2410109 0.1022007 0.0978254 0.0203482 0.0062124 0.0047064 0.0060357 0.0177421 0.0112808 0.2432876 0.0445076 0.0052866 0.0148961 0.0099205 0.0176077 0.0664262 0.0226364 0.0302602 0.0204801 0.0662594 0.0493308 0.0984486 0.0641057 0.2343353 0.2389180 0.0997164 0.0077228 0.0822980 0.0447014 0.0111883 0.0485359 0.0359256 0.0083210 0.0076206 0.0431862 0.0000000 0.0710981 0.0489777 0.0226748 0.0054512 0.0062152 0.0447631 0.0065330 0.0131876 0.0064968 0.0297478 0.0840008 0.0587733 0.0471970 0.0295334 0.0628513 0.0089950 0.0602965 0.1111137 0.2568215 0.2411627 0.0294951 0.0508454 0.0667883 0.0852753 0.0861610 0.0103098 0.0920244 0.0090183 0.1047436 0.0076016 0.0064317 0.0055221 0.0054339 0.0846184 0.0551904 0.0126267 0.0196805 0.0536612 0.0566514 0.1136100 0.1689646 0.0528702 
Perityle_harkerae_31                       0.1456966 0.1158055 0.1196730 0.2320764 0.1514853 0.1463636 0.1348378 0.2527564 0.1562179 0.1240559 0.1118017 0.0979944 0.0449093 0.0503554 0.1215416 0.1037688 0.2441430 0.0815837 0.0605468 0.1029218 0.1034787 0.0635598 0.1216860 0.0999225 0.0718700 0.1067317 0.1385294 0.1177249 0.1380765 0.0550372 0.2896247 0.3026234 0.1405739 0.1002878 0.1217653 0.0195187 0.0881255 0.1425378 0.1065861 0.1012389 0.0977698 0.0017525 0.0710981 0.0000000 0.1199887 0.1128681 0.1002010 0.0992506 0.0613032 0.1308150 0.0856557 0.0981775 0.1055230 0.1690774 0.0771010 0.0744512 0.0613499 0.1171908 0.1001578 0.0887218 0.0972827 0.3351919 0.2874889 0.1220425 0.1038089 0.1457027 0.1615058 0.1670688 0.0578834 0.2011500 0.0996106 0.1251941 0.0997344 0.0994248 0.1039584 0.0560336 0.1628520 0.0994550 0.0792441 0.1127926 0.0382725 0.1173448 0.1674369 0.1740142 0.1024164 
