85
Amauria_brandeegeana_62                    0.0000000 0.0380872 0.0977958 0.2987297 0.1370190 0.0635454 0.2374798 0.1777997 0.3263549 0.0747276 0.1848534 0.1707928 0.1561348 0.1196178 0.0713006 0.1778919 0.1310300 0.1547625 0.1091597 0.1323875 0.1120611 0.0917577 0.5040692 0.1619675 0.0917625 0.1593418 0.1839733 0.1633337 0.1677583 0.0891534 0.1138796 0.1813331 0.1344193 0.1221020 0.1545037 0.1547230 0.2259434 0.1348145 0.1604554 0.1523603 0.1584869 0.1444646 0.2167707 0.1001337 0.1600683 0.1674845 0.1603495 0.1613874 0.1694175 0.1859921 0.1407328 0.1565411 0.2638876 0.1745391 0.1153563 0.1572827 0.1047263 0.0887469 0.1165159 0.1520374 0.1734529 0.0885742 0.1458937 0.0990235 0.1373787 0.1572270 0.1457864 0.2006170 0.1987480 0.0522433 0.1127261 0.1581630 0.1198601 0.1580962 0.1078187 0.1539264 0.1931476 0.2862582 0.1899427 0.1373944 0.1755147 0.1388151 0.1388101 0.0957003 0.0930831 
Amauria_carterae_99_mesa                   0.0380872 0.0000000 0.0415138 0.2066137 0.0562980 0.0302108 0.1739711 0.1542807 0.2088668 0.0428000 0.0783918 0.0615829 0.0581637 0.0628564 0.0490984 0.0657315 0.0534909 0.0869961 0.0655291 0.0593427 0.0546232 0.0627718 0.4640017 0.0651743 0.0569601 0.0627594 0.0579262 0.0628700 0.0905738 0.0614053 0.0921959 0.0932739 0.0607579 0.0829505 0.0570672 0.0436997 0.0725321 0.0592821 0.0865234 0.0607341 0.0639691 0.0628512 0.0707940 0.0628002 0.0707753 0.0808524 0.0628603 0.0639598 0.0606088 0.0755698 0.0605013 0.0560545 0.2094039 0.0648825 0.0607258 0.1037622 0.0609283 0.0628654 0.0604487 0.0604487 0.1061377 0.0731064 0.0969571 0.0676757 0.0586735 0.0852823 0.0648442 0.1144395 0.0800717 0.0426180 0.0595807 0.0639691 0.0830315 0.0615846 0.0605524 0.0559379 0.1671885 0.1190546 0.1048339 0.0593123 0.0639858 0.1012652 0.0604487 0.0862675 0.0749612 
Amauria_rotundifolia_SRR9119150            0.0977958 0.0415138 0.0000000 0.2837135 0.1145856 0.0601475 0.2322679 0.1676391 0.3037940 0.1093860 0.1256433 0.1229056 0.1098145 0.1055644 0.0737584 0.1384559 0.1038446 0.1497516 0.0918781 0.1190979 0.1008816 0.0871502 0.4867291 0.1162957 0.0838735 0.1094318 0.1666272 0.1330584 0.1456349 0.0950378 0.1087905 0.1534850 0.1264692 0.1216662 0.1125036 0.1311647 0.1894065 0.1194191 0.1421791 0.1331405 0.1155199 0.1108008 0.1775114 0.0955163 0.1339596 0.1434809 0.1122452 0.1177004 0.1205743 0.1508466 0.1079164 0.1101299 0.2378492 0.1289607 0.1041353 0.1312548 0.1001877 0.0718781 0.1065353 0.1173655 0.1611645 0.0746458 0.1266114 0.0857067 0.1098387 0.1377012 0.1251170 0.1936485 0.1570461 0.0473003 0.0992667 0.1151482 0.1193122 0.1069638 0.1016770 0.1110238 0.1804117 0.2749033 0.1387998 0.1052454 0.1287299 0.1293472 0.1201527 0.0883927 0.0834037 
Conoclinium_coelestinum_SRR9119114         0.2987297 0.2066137 0.2837135 0.0000000 0.2818703 0.1855817 0.1620655 0.2558943 0.3416729 0.2960550 0.3038582 0.2767410 0.2814710 0.2770225 0.2467239 0.3137723 0.2697502 0.3211991 0.2454036 0.2801446 0.2725349 0.2811481 0.5341836 0.2793577 0.2783082 0.2745426 0.2798648 0.3130767 0.2958886 0.2548163 0.1990452 0.3209058 0.3074830 0.3224795 0.2749236 0.2833125 0.2904157 0.2801512 0.2825473 0.3135578 0.2781963 0.2778242 0.2856136 0.2866387 0.2819664 0.2799597 0.2725629 0.2849558 0.2789305 0.2870123 0.2760615 0.2751758 0.4113180 0.2807554 0.2732962 0.3011412 0.2472811 0.2286791 0.2822314 0.2810023 0.2997040 0.2065802 0.3100629 0.2213741 0.2809004 0.3007060 0.2583009 0.3519168 0.2919344 0.1831498 0.2803308 0.2792298 0.3075922 0.2793575 0.2833254 0.2730094 0.2542805 0.3699441 0.2954891 0.2751980 0.2837394 0.2492446 0.2810023 0.2295719 0.1958170 
Eutetras_palmeri_63                        0.1370190 0.0562980 0.1145856 0.2818703 0.0000000 0.0185154 0.2125955 0.1665888 0.2906057 0.1177422 0.1403943 0.1266805 0.1239581 0.1078338 0.0732358 0.1696402 0.1107654 0.1505404 0.0791725 0.1264225 0.1081820 0.0849876 0.4929604 0.1217360 0.0815878 0.1108968 0.1624216 0.1512223 0.1378761 0.0874879 0.1214238 0.1666581 0.1286308 0.1194297 0.1153721 0.1675929 0.1755851 0.1236481 0.1439662 0.1693357 0.1214826 0.1172884 0.1725743 0.0888024 0.1208162 0.1487733 0.1249217 0.1188293 0.1242154 0.1532487 0.1184052 0.1128894 0.2433957 0.1456024 0.1064012 0.1304195 0.0992258 0.0652866 0.1033919 0.1206098 0.1517551 0.0782605 0.1331068 0.0711472 0.1234014 0.1281720 0.1358317 0.1976678 0.1506454 0.0508892 0.0968477 0.1211096 0.1152294 0.1154380 0.1041960 0.1165868 0.1767743 0.2795600 0.1393993 0.1189539 0.1314440 0.1267088 0.1133695 0.0931240 0.0848394 
Eutetras_pringlei_149_quer                 0.0635454 0.0302108 0.0601475 0.1855817 0.0185154 0.0000000 0.1505986 0.1165474 0.1327710 0.0700389 0.0943569 0.0621638 0.0623007 0.0623423 0.0622452 0.0623382 0.0554079 0.0592777 0.0721022 0.0588447 0.0553447 0.0621448 0.1337345 0.0588821 0.0621740 0.0587236 0.0573978 0.0621892 0.1158139 0.0526621 0.1071248 0.1059099 0.0673723 0.0536468 0.0588845 0.0704420 0.0795131 0.0587931 0.0901021 0.0589785 0.0588821 0.0588821 0.0654607 0.0621448 0.0688823 0.0974421 0.0656915 0.0654788 0.0587958 0.0723147 0.0589035 0.0526084 0.2267624 0.0646090 0.0622452 0.1017593 0.0509478 0.0421149 0.0621448 0.0621448 0.1589556 0.0565650 0.0986009 0.0493708 0.0621105 0.1057785 0.0609645 0.1229847 0.0901726 0.0404985 0.0554079 0.0588821 0.0536468 0.0554079 0.0621448 0.0588138 0.1918052 0.1295596 0.0857831 0.0588172 0.0690061 0.0969523 0.0621448 0.0891298 0.0807284 
Eutrochium_fistulosum_SRR9119106           0.2374798 0.1739711 0.2322679 0.1620655 0.2125955 0.1505986 0.0000000 0.2098028 0.3417957 0.2324464 0.2360385 0.2134096 0.2243217 0.2192808 0.1458903 0.2414319 0.2103091 0.2469779 0.2224422 0.2215752 0.2168907 0.2182642 0.5401512 0.2162452 0.2174388 0.1991500 0.2354909 0.2522786 0.2522990 0.1780004 0.1712805 0.2506381 0.2322881 0.2727196 0.2161858 0.2355752 0.2836843 0.2165552 0.2525924 0.2356867 0.2172241 0.2164286 0.2903766 0.2202246 0.2457589 0.2409060 0.2120411 0.2224449 0.2182295 0.2720093 0.2157970 0.2147063 0.3489258 0.2205422 0.2149455 0.2702646 0.1942276 0.1847123 0.2218299 0.2199204 0.2126639 0.1939746 0.2658494 0.1759602 0.2171503 0.2623102 0.2210752 0.3200554 0.2540113 0.1471371 0.2184044 0.2161636 0.2594579 0.1973271 0.2200294 0.2150877 0.2162345 0.3664066 0.2520433 0.2191835 0.2208681 0.1960710 0.2199204 0.1641885 0.1488344 
Galeana_pratensis_104_mex                  0.1777997 0.1542807 0.1676391 0.2558943 0.1665888 0.1165474 0.2098028 0.0000000 0.2117641 0.1771116 0.1767391 0.1560197 0.1581440 0.1582964 0.1543457 0.1615099 0.1505403 0.1742936 0.1739455 0.1543081 0.1523117 0.1617729 0.4277658 0.1617502 0.1507075 0.1559113 0.1612151 0.1588543 0.2005531 0.1662670 0.1611635 0.1894496 0.1730663 0.1944469 0.1564899 0.1864361 0.1766785 0.1582702 0.1814002 0.1597311 0.1580279 0.1600370 0.1682904 0.1615713 0.1722521 0.1805296 0.1544439 0.1596841 0.1579018 0.1780637 0.1543240 0.1460994 0.2174496 0.1635446 0.1543457 0.1928907 0.1567909 0.1582338 0.1579018 0.1579018 0.2043462 0.1783804 0.1647117 0.1774916 0.1557142 0.1991807 0.1617366 0.1923891 0.1750047 0.1537695 0.1545741 0.1580279 0.1925631 0.1506356 0.1596785 0.1550779 0.2229816 0.1952103 0.1786654 0.1582437 0.1560156 0.2273744 0.1579018 0.1826210 0.1860957 
Helianthus_annuus_SRR9119062               0.3263549 0.2088668 0.3037940 0.3416729 0.2906057 0.1327710 0.3417957 0.2117641 0.0000000 0.3161745 0.3044556 0.2973004 0.2914976 0.2912599 0.2410443 0.2869019 0.2842807 0.3081662 0.2574296 0.2911354 0.2806261 0.2854801 0.5622479 0.2898852 0.2744173 0.2825532 0.2839365 0.2941986 0.2760193 0.2620216 0.1780337 0.3332465 0.2985902 0.2921165 0.2883740 0.3160607 0.3399902 0.3039302 0.3074241 0.2819556 0.2902967 0.2858890 0.3317525 0.2898556 0.2928588 0.3132890 0.2917479 0.2961687 0.2914644 0.3237681 0.2893625 0.2942000 0.3933154 0.2730167 0.2860919 0.2787682 0.1871491 0.2094500 0.2921534 0.2897774 0.2654274 0.2030928 0.3011408 0.1774150 0.2845292 0.2786897 0.2454645 0.3305131 0.2927486 0.1654477 0.2975072 0.2876416 0.3343566 0.2828661 0.2933502 0.2877527 0.2390669 0.3687872 0.3007149 0.2927629 0.2886666 0.2578624 0.2908480 0.2107655 0.1833811 
Lycapsus_tenuifolius_17                    0.0747276 0.0428000 0.1093860 0.2960550 0.1177422 0.0700389 0.2324464 0.1771116 0.3161745 0.0000000 0.1657452 0.1292286 0.1339268 0.1137173 0.0716444 0.1547687 0.1274515 0.1506750 0.1198976 0.1195056 0.0996120 0.0936716 0.5078284 0.1408384 0.0929710 0.1275344 0.1637136 0.1468207 0.1719954 0.0929847 0.1128099 0.1784646 0.1466205 0.1335062 0.1210924 0.1013830 0.2109932 0.1293202 0.1732853 0.1308375 0.1359433 0.1275177 0.1924880 0.0999811 0.1418446 0.1756601 0.1280298 0.1366826 0.1370479 0.1618526 0.1145944 0.1335768 0.2902110 0.1521000 0.0987578 0.1711398 0.1007470 0.0782697 0.1105571 0.1320739 0.1567773 0.0912807 0.1551057 0.0771156 0.1141113 0.1595122 0.1140348 0.2074037 0.1900296 0.0472865 0.1209002 0.1355930 0.1256165 0.1253297 0.1056385 0.1203549 0.1860181 0.2952986 0.1808070 0.1055991 0.1423642 0.1377356 0.1367215 0.1051799 0.0796339 
Pericome_caudata_50_silver                 0.1848534 0.0783918 0.1256433 0.3038582 0.1403943 0.0943569 0.2360385 0.1767391 0.3044556 0.1657452 0.0000000 0.1646875 0.1520693 0.1180025 0.0772664 0.1686873 0.1140738 0.1686554 0.1057152 0.1422970 0.1161216 0.1152520 0.5391505 0.1565759 0.1038567 0.1485327 0.2154893 0.1693491 0.1524257 0.1174553 0.1182989 0.1643384 0.1429457 0.1489577 0.1553279 0.2192213 0.2442822 0.1437498 0.1835035 0.1512933 0.1528385 0.1370833 0.2216204 0.1173163 0.1741164 0.1982540 0.1490258 0.1578072 0.1759430 0.1806410 0.1417788 0.1527073 0.2433938 0.1697344 0.1237713 0.1359603 0.1152601 0.0983343 0.1188708 0.1377289 0.1662361 0.0891245 0.1473265 0.0891403 0.1500390 0.1423470 0.1669670 0.2132755 0.1656191 0.0602403 0.1152553 0.1519150 0.1413287 0.1506326 0.1165607 0.1536761 0.1856547 0.2830017 0.1857932 0.1482989 0.1767680 0.1280924 0.1303386 0.0914043 0.0920491 
Perityle_aglossa_84_dead_horse             0.1707928 0.0615829 0.1229056 0.2767410 0.1266805 0.0621638 0.2134096 0.1560197 0.2973004 0.1292286 0.1646875 0.0000000 0.0841519 0.0439476 0.0187100 0.0925491 0.0460852 0.1264750 0.0730590 0.0713373 0.0493644 0.0244760 0.4937974 0.0890682 0.0210651 0.0755433 0.1357369 0.1323360 0.1149378 0.0953598 0.0986664 0.1609186 0.1152480 0.1306713 0.0817757 0.1836837 0.2077831 0.0637075 0.1474265 0.0901865 0.0878236 0.0675355 0.1994900 0.0253446 0.1311692 0.1567841 0.0804762 0.0869799 0.0828793 0.1601602 0.0739229 0.0833060 0.1797101 0.1135462 0.0521777 0.1059441 0.0872428 0.0446093 0.0366398 0.0590342 0.1374738 0.0563612 0.0979961 0.0485825 0.0868153 0.1099477 0.1125856 0.2121780 0.1538144 0.0174740 0.0332828 0.0879809 0.1247922 0.0853915 0.0351526 0.0808291 0.1709903 0.2869155 0.1667809 0.0868782 0.0241439 0.1109748 0.0460504 0.0780366 0.0612552 
Perityle_ajoensis_204                      0.1561348 0.0581637 0.1098145 0.2814710 0.1239581 0.0623007 0.2243217 0.1581440 0.2914976 0.1339268 0.1520693 0.0841519 0.0000000 0.0204393 0.0156666 0.0941871 0.0150678 0.1340005 0.0759545 0.0562994 0.0132054 0.0194347 0.4937713 0.0252332 0.0123417 0.0398257 0.1070809 0.1000933 0.1078487 0.0917420 0.0933018 0.1520922 0.1194589 0.1269172 0.0253301 0.1554402 0.1944080 0.0466673 0.1340079 0.0727880 0.0247033 0.0255989 0.1745276 0.0210727 0.1289305 0.1451357 0.0428997 0.0322095 0.0647505 0.1385556 0.0189191 0.0290600 0.1806118 0.0675444 0.0289676 0.1034302 0.0794161 0.0325453 0.0282994 0.0499154 0.1291458 0.0479170 0.0952877 0.0388724 0.0316579 0.1043656 0.0574395 0.1981052 0.1431614 0.0092731 0.0277968 0.0252432 0.1233118 0.0259973 0.0213408 0.0270324 0.1749536 0.2749524 0.1430168 0.0230405 0.0818714 0.1042480 0.0387139 0.0717851 0.0599411 
Perityle_ambrosiifolia_67_green            0.1196178 0.0628564 0.1055644 0.2770225 0.1078338 0.0623423 0.2192808 0.1582964 0.2912599 0.1137173 0.1180025 0.0439476 0.0204393 0.0000000 0.0179942 0.0553131 0.0140789 0.1232632 0.0703599 0.0420297 0.0150541 0.0244576 0.4932998 0.0073635 0.0155200 0.0231320 0.0690023 0.0770410 0.1071852 0.0925546 0.0970324 0.1326001 0.1095789 0.1291096 0.0220609 0.1248047 0.1402974 0.0454248 0.1109191 0.0559282 0.0073476 0.0057688 0.1393946 0.0235151 0.0985729 0.1158704 0.0211062 0.0295150 0.0355163 0.1207877 0.0057070 0.0244489 0.1829997 0.0528193 0.0217173 0.0996172 0.0838843 0.0362648 0.0300309 0.0350620 0.1270304 0.0479834 0.0973657 0.0389078 0.0243161 0.1036311 0.0505249 0.1765216 0.1218607 0.0128568 0.0280177 0.0073603 0.1214541 0.0231459 0.0235844 0.0236594 0.1770817 0.2659032 0.1115274 0.0245450 0.0445431 0.0998647 0.0356125 0.0743603 0.0585386 
Perityle_angustifolia_13_Eagle_creek       0.0713006 0.0490984 0.0737584 0.2467239 0.0732358 0.0622452 0.1458903 0.1543457 0.2410443 0.0716444 0.0772664 0.0187100 0.0156666 0.0179942 0.0000000 0.0322689 0.0103956 0.0861508 0.0519257 0.0188460 0.0111759 0.0203249 0.4938029 0.0172260 0.0136910 0.0186637 0.0323705 0.0589531 0.0833530 0.0828434 0.0932573 0.1003162 0.0893369 0.0927301 0.0126720 0.0931240 0.0909803 0.0350240 0.0931285 0.0310227 0.0172263 0.0149640 0.0860276 0.0194736 0.0781157 0.0910206 0.0081640 0.0186621 0.0187034 0.0863508 0.0142079 0.0152078 0.1530083 0.0373141 0.0044493 0.0806114 0.0535849 0.0302514 0.0186723 0.0179103 0.0938853 0.0470235 0.0767051 0.0388879 0.0187875 0.0816952 0.0330458 0.1244369 0.0964123 0.0074390 0.0254092 0.0164632 0.0993858 0.0201813 0.0156500 0.0119170 0.1682020 0.1877972 0.0739703 0.0156562 0.0224883 0.0921270 0.0186689 0.0695729 0.0558402 
Perityle_batopilensis_97                   0.1778919 0.0657315 0.1384559 0.3137723 0.1696402 0.0623382 0.2414319 0.1615099 0.2869019 0.1547687 0.1686873 0.0925491 0.0941871 0.0553131 0.0322689 0.0000000 0.0731722 0.1433740 0.0821198 0.0837669 0.0598135 0.0490756 0.5074280 0.1059170 0.0406388 0.1011376 0.1507445 0.1451435 0.1520212 0.1058963 0.1017964 0.1817166 0.1467489 0.1396853 0.0781267 0.1764662 0.1965447 0.0838410 0.1831728 0.0249056 0.0968093 0.0768538 0.1911103 0.0483629 0.1381645 0.1877001 0.0832031 0.0965242 0.1003052 0.1720183 0.0771692 0.0946584 0.2056470 0.1088522 0.0545375 0.1215524 0.0959411 0.0480807 0.0531226 0.0772195 0.1495915 0.0560663 0.1060321 0.0529825 0.1024147 0.1393577 0.1001327 0.2102172 0.1799659 0.0237854 0.0617785 0.0966463 0.1411470 0.1009447 0.0512382 0.0776604 0.1810963 0.2912651 0.1841628 0.0816106 0.0963719 0.1182377 0.0672757 0.0864540 0.0616038 
Perityle_bisetosa_9                        0.1310300 0.0534909 0.1038446 0.2697502 0.1107654 0.0554079 0.2103091 0.1505403 0.2842807 0.1274515 0.1140738 0.0460852 0.0150678 0.0140789 0.0103956 0.0731722 0.0000000 0.1175264 0.0673274 0.0446470 0.0082178 0.0157408 0.4861265 0.0179617 0.0070942 0.0181376 0.1039858 0.0743036 0.0998013 0.0824274 0.0895589 0.1441426 0.1072327 0.1184565 0.0177170 0.1277944 0.1601456 0.0349135 0.1094421 0.0590664 0.0171105 0.0142059 0.1453611 0.0157325 0.0958029 0.1106916 0.0180619 0.0235665 0.0359960 0.1231494 0.0127924 0.0189261 0.1706072 0.0504682 0.0134448 0.0930008 0.0761099 0.0297369 0.0217842 0.0361558 0.1218442 0.0455009 0.0899314 0.0361204 0.0219129 0.0964622 0.0472056 0.1726911 0.1227916 0.0069431 0.0180465 0.0162679 0.1121096 0.0165182 0.0143310 0.0168273 0.1691594 0.2592041 0.1122466 0.0161631 0.0449480 0.0974276 0.0303785 0.0667334 0.0531351 
Perityle_californica_76_positas            0.1547625 0.0869961 0.1497516 0.3211991 0.1505404 0.0592777 0.2469779 0.1742936 0.3081662 0.1506750 0.1686554 0.1264750 0.1340005 0.1232632 0.0861508 0.1433740 0.1175264 0.0000000 0.1164994 0.1234234 0.1163380 0.1225106 0.4480629 0.1255466 0.1177345 0.1270422 0.1580509 0.1525175 0.1792971 0.0929216 0.0950563 0.0996992 0.1359130 0.1460304 0.1226556 0.1334844 0.2100943 0.1248977 0.1585542 0.1441610 0.1242962 0.1235286 0.2010192 0.1227663 0.1538258 0.1587968 0.1249963 0.1312672 0.1299784 0.1792843 0.1224009 0.1278340 0.2401976 0.1453181 0.1214812 0.1894494 0.1136817 0.1086330 0.1339020 0.1313838 0.1717073 0.1106472 0.1475222 0.1100074 0.1291182 0.1805954 0.1336475 0.2019215 0.1642596 0.0715409 0.1254960 0.1238418 0.1431328 0.1262403 0.1303852 0.1243186 0.1943685 0.3086626 0.1621812 0.1258759 0.1251414 0.1350768 0.1314219 0.1160140 0.0852827 
Perityle_canescens_77                      0.1091597 0.0655291 0.0918781 0.2454036 0.0791725 0.0721022 0.2224422 0.1739455 0.2574296 0.1198976 0.1057152 0.0730590 0.0759545 0.0703599 0.0519257 0.0821198 0.0673274 0.1164994 0.0000000 0.0686906 0.0608867 0.0732529 0.5088642 0.0759155 0.0648573 0.0694514 0.1176611 0.0909599 0.1021426 0.0916595 0.1192291 0.1241139 0.1163980 0.1089432 0.0724072 0.0971576 0.1164829 0.0692304 0.0856186 0.0764193 0.0773564 0.0745486 0.0971548 0.0708851 0.0641240 0.0896694 0.0738187 0.0800234 0.0772387 0.0694466 0.0707001 0.0737121 0.2150706 0.0886087 0.0680543 0.1128920 0.0814897 0.0638300 0.0744943 0.0783410 0.1118764 0.0634746 0.1092104 0.0641478 0.0679190 0.0999297 0.0793418 0.1334198 0.1119826 0.0432856 0.0712147 0.0751982 0.1147728 0.0687295 0.0706495 0.0731315 0.1909437 0.1774379 0.0909277 0.0686094 0.0794972 0.0999222 0.0783615 0.0768602 0.0747562 
Perityle_castillonii_96                    0.1323875 0.0593427 0.1190979 0.2801446 0.1264225 0.0588447 0.2215752 0.1543081 0.2911354 0.1195056 0.1422970 0.0713373 0.0562994 0.0420297 0.0188460 0.0837669 0.0446470 0.1234234 0.0686906 0.0000000 0.0475148 0.0231460 0.4945586 0.0572438 0.0155057 0.0580010 0.0916562 0.1094393 0.1200622 0.0906273 0.1004476 0.1543594 0.1068008 0.1268228 0.0597537 0.1622139 0.1285238 0.0553934 0.1311494 0.0850706 0.0565152 0.0553658 0.1337005 0.0230259 0.1128822 0.1344148 0.0543300 0.0677122 0.0703728 0.1350242 0.0553119 0.0651982 0.1959870 0.0943009 0.0343058 0.0985995 0.0848900 0.0381164 0.0401646 0.0701014 0.1437189 0.0540088 0.0920528 0.0458621 0.0639117 0.1137826 0.0961598 0.1849029 0.1366562 0.0151350 0.0241572 0.0566406 0.1201318 0.0605424 0.0388055 0.0591166 0.1671538 0.2448292 0.1423193 0.0576363 0.0776643 0.0983054 0.0600644 0.0717262 0.0611615 
Perityle_cernua_84                         0.1120611 0.0546232 0.1008816 0.2725349 0.1081820 0.0553447 0.2168907 0.1523117 0.2806261 0.0996120 0.1161216 0.0493644 0.0132054 0.0150541 0.0111759 0.0598135 0.0082178 0.1163380 0.0608867 0.0475148 0.0000000 0.0179896 0.4873067 0.0155644 0.0090805 0.0180056 0.0416616 0.0728128 0.1005976 0.0831014 0.0914578 0.1338118 0.1025499 0.1099864 0.0182330 0.1267007 0.1227319 0.0423908 0.1109329 0.0574386 0.0144100 0.0132971 0.1221193 0.0166841 0.0991688 0.1131114 0.0177888 0.0238135 0.0380293 0.1232922 0.0132118 0.0195589 0.1856046 0.0480289 0.0147243 0.0892327 0.0760810 0.0324902 0.0233237 0.0381249 0.1202675 0.0454817 0.0895605 0.0387976 0.0190343 0.0981652 0.0429181 0.1643315 0.1226309 0.0069775 0.0219413 0.0149992 0.1131192 0.0174217 0.0146287 0.0182343 0.1702299 0.2279497 0.1102122 0.0188381 0.0465368 0.0946856 0.0337848 0.0679490 0.0544517 
Perityle_cfvillosa_25_tin                  0.0917577 0.0627718 0.0871502 0.2811481 0.0849876 0.0621448 0.2182642 0.1617729 0.2854801 0.0936716 0.1152520 0.0244760 0.0194347 0.0244576 0.0203249 0.0490756 0.0157408 0.1225106 0.0732529 0.0231460 0.0179896 0.0000000 0.4882276 0.0235631 0.0189524 0.0244470 0.0501447 0.0767884 0.0886807 0.0935435 0.1005393 0.1208949 0.1090130 0.1321414 0.0169337 0.0999188 0.0948235 0.0231424 0.0935791 0.0494248 0.0235046 0.0222592 0.0919439 0.0102127 0.0854270 0.0939649 0.0237611 0.0108147 0.0047943 0.0930442 0.0219762 0.0134669 0.2022820 0.0561884 0.0238446 0.1056809 0.0882934 0.0389428 0.0042076 0.0036041 0.1018589 0.0587940 0.0970110 0.0457130 0.0262032 0.0926265 0.0525025 0.1617833 0.1058279 0.0174669 0.0250822 0.0229270 0.1240746 0.0244597 0.0096146 0.0169290 0.1790550 0.2140759 0.0997427 0.0256573 0.0279841 0.1029102 0.0036041 0.0806104 0.0680278 
Perityle_cinerea_113_Powell1310            0.5040692 0.4640017 0.4867291 0.5341836 0.4929604 0.1337345 0.5401512 0.4277658 0.5622479 0.5078284 0.5391505 0.4937974 0.4937713 0.4932998 0.4938029 0.5074280 0.4861265 0.4480629 0.5088642 0.4945586 0.4873067 0.4882276 0.0000000 0.5034972 0.4992101 0.5027881 0.4806686 0.5056562 0.5381661 0.4810881 0.3973276 0.5240470 0.4369649 0.5068898 0.4889841 0.5553715 0.5114273 0.5083917 0.4984426 0.4927257 0.4962334 0.4964398 0.5147271 0.4925807 0.5026371 0.5003192 0.4915827 0.4999202 0.4896986 0.5064975 0.4967780 0.4950081 0.6950555 0.4842913 0.4962937 0.5363490 0.4631198 0.4325277 0.4926973 0.4921925 0.5631346 0.4142769 0.4495987 0.3941606 0.4984858 0.5331275 0.4849596 0.5475644 0.5130112 0.4063463 0.4979822 0.4962334 0.5219491 0.4956563 0.4874051 0.4787393 0.4961333 0.5334064 0.5235421 0.4922060 0.5037275 0.6279823 0.4948049 0.5005451 0.4917404 
Perityle_coahuilensis_24                   0.1619675 0.0651743 0.1162957 0.2793577 0.1217360 0.0588821 0.2162452 0.1617502 0.2898852 0.1408384 0.1565759 0.0890682 0.0252332 0.0073635 0.0172260 0.1059170 0.0179617 0.1255466 0.0759155 0.0572438 0.0155644 0.0235631 0.5034972 0.0000000 0.0145230 0.0609922 0.1255075 0.1134772 0.1116691 0.0924628 0.0988505 0.1535918 0.1213485 0.1219363 0.0294277 0.1982961 0.1992020 0.0495992 0.1671631 0.0736772 0.0053639 0.0233307 0.1886191 0.0226427 0.1279226 0.1855021 0.0483903 0.0370038 0.0689077 0.1391879 0.0085032 0.0341119 0.1785603 0.0914349 0.0310996 0.1032176 0.0860720 0.0374891 0.0304243 0.0523174 0.1311594 0.0491167 0.0987739 0.0416354 0.0362908 0.1091867 0.0618996 0.1907339 0.1558724 0.0140273 0.0304584 0.0022698 0.1201728 0.0341272 0.0238932 0.0287011 0.1789925 0.2707161 0.1499445 0.0270208 0.1036784 0.1075553 0.0398558 0.0780798 0.0651001 
Perityle_cochisensis_44_cave_creek         0.0917625 0.0569601 0.0838735 0.2783082 0.0815878 0.0621740 0.2174388 0.1507075 0.2744173 0.0929710 0.1038567 0.0210651 0.0123417 0.0155200 0.0136910 0.0406388 0.0070942 0.1177345 0.0648573 0.0155057 0.0090805 0.0189524 0.4992101 0.0145230 0.0000000 0.0163233 0.0411757 0.0695490 0.0865719 0.0869940 0.0932224 0.1172048 0.1052502 0.1252906 0.0124873 0.0998011 0.0862338 0.0234681 0.0991070 0.0421182 0.0144878 0.0132757 0.0825728 0.0190762 0.0802773 0.1002664 0.0148711 0.0196746 0.0178926 0.0828186 0.0131116 0.0163273 0.1902601 0.0469600 0.0155266 0.0997357 0.0794038 0.0315765 0.0173477 0.0167382 0.0982923 0.0479084 0.0895426 0.0388644 0.0174806 0.0897055 0.0432850 0.1579305 0.1114669 0.0092714 0.0224954 0.0139084 0.1180428 0.0169628 0.0160736 0.0118828 0.1747654 0.2089646 0.1009010 0.0172984 0.0239310 0.0981081 0.0173452 0.0692568 0.0558489 
Perityle_congesta_202                      0.1593418 0.0627594 0.1094318 0.2745426 0.1108968 0.0587236 0.1991500 0.1559113 0.2825532 0.1275344 0.1485327 0.0755433 0.0398257 0.0231320 0.0186637 0.1011376 0.0181376 0.1270422 0.0694514 0.0580010 0.0180056 0.0244470 0.5027881 0.0609922 0.0163233 0.0000000 0.1258923 0.1137702 0.1083786 0.0924778 0.0968873 0.1477404 0.1106615 0.1281588 0.0485357 0.1869779 0.2020601 0.0515692 0.1304217 0.0704451 0.0553398 0.0459185 0.1922407 0.0259847 0.1230088 0.1668486 0.0486650 0.0552051 0.0712659 0.1439605 0.0326718 0.0496698 0.1586415 0.0918058 0.0317107 0.0966928 0.0871143 0.0375499 0.0324461 0.0449196 0.1300205 0.0529974 0.0931509 0.0457635 0.0540060 0.1047520 0.0653285 0.1967049 0.1367530 0.0127713 0.0291789 0.0486034 0.1209283 0.0379051 0.0247016 0.0479236 0.1674684 0.2812216 0.1506996 0.0394112 0.0845196 0.1092049 0.0415305 0.0754677 0.0583699 
Perityle_cordifolia_27                     0.1839733 0.0579262 0.1666272 0.2798648 0.1624216 0.0573978 0.2354909 0.1612151 0.2839365 0.1637136 0.2154893 0.1357369 0.1070809 0.0690023 0.0323705 0.1507445 0.1039858 0.1580509 0.1176611 0.0916562 0.0416616 0.0501447 0.4806686 0.1255075 0.0411757 0.1258923 0.0000000 0.1461754 0.1950739 0.0912276 0.1011547 0.2119134 0.1772634 0.1346853 0.0895727 0.1689008 0.2327757 0.1015127 0.2129135 0.0893736 0.1139891 0.0913521 0.1919369 0.0522173 0.1414706 0.2204448 0.1062028 0.1201772 0.1402881 0.1579357 0.0757100 0.1269363 0.2756137 0.0860264 0.0568259 0.1578859 0.0902603 0.0216338 0.0774736 0.1169320 0.1634658 0.0540661 0.1427184 0.0264647 0.1143474 0.1883317 0.0189630 0.2055113 0.2253936 0.0253288 0.0995338 0.1122030 0.1367918 0.1222072 0.0656036 0.0899188 0.1903632 0.2967016 0.2092668 0.0731342 0.1478498 0.1268325 0.1125981 0.0813005 0.0645321 
Perityle_cordifolia_68_tecolote            0.1633337 0.0628700 0.1330584 0.3130767 0.1512223 0.0621892 0.2522786 0.1588543 0.2941986 0.1468207 0.1693491 0.1323360 0.1000933 0.0770410 0.0589531 0.1451435 0.0743036 0.1525175 0.0909599 0.1094393 0.0728128 0.0767884 0.5056562 0.1134772 0.0695490 0.1137702 0.1461754 0.0000000 0.1240552 0.1169677 0.0959524 0.1696688 0.1266549 0.1512506 0.1073780 0.2196887 0.2221381 0.1011672 0.1755484 0.1216819 0.1143214 0.0998420 0.1923338 0.0776012 0.1594474 0.1825544 0.1120578 0.1184754 0.1270083 0.1679760 0.0919086 0.1177376 0.2307921 0.1172399 0.0840895 0.1287752 0.0394716 0.0668487 0.0841309 0.1042730 0.1441399 0.0692594 0.0977543 0.0705091 0.1125798 0.1248491 0.1078947 0.2349669 0.1838279 0.0468871 0.0818477 0.1153460 0.1480344 0.1168219 0.0776787 0.1064107 0.1886968 0.3101745 0.1594022 0.1000496 0.1515486 0.0952943 0.0944408 0.0831447 0.0516688 
Perityle_coronopifolia_28_patagonia        0.1677583 0.0905738 0.1456349 0.2958886 0.1378761 0.1158139 0.2522990 0.2005531 0.2760193 0.1719954 0.1524257 0.1149378 0.1078487 0.1071852 0.0833530 0.1520212 0.0998013 0.1792971 0.1021426 0.1200622 0.1005976 0.0886807 0.5381661 0.1116691 0.0865719 0.1083786 0.1950739 0.1240552 0.0000000 0.1190363 0.1474353 0.1774415 0.1379775 0.1565917 0.1105731 0.1845636 0.1671163 0.1125946 0.1182547 0.1376072 0.1136554 0.1109583 0.1436587 0.0898859 0.1204477 0.1175505 0.1003790 0.1155745 0.1169293 0.1173578 0.1060867 0.1130043 0.2493501 0.1299298 0.1001465 0.0828130 0.1152153 0.0965813 0.1012119 0.1163630 0.0694992 0.0949103 0.1264808 0.0989999 0.1104878 0.0202731 0.1285708 0.2060194 0.1585164 0.0701413 0.0957007 0.1135350 0.1491327 0.1085478 0.0998686 0.1123583 0.1925740 0.2479104 0.1051793 0.1086594 0.1166892 0.0794302 0.1173988 0.0746250 0.1013870 
Perityle_crassifolia_70_ventanas           0.0891534 0.0614053 0.0950378 0.2548163 0.0874879 0.0526621 0.1780004 0.1662670 0.2620216 0.0929847 0.1174553 0.0953598 0.0917420 0.0925546 0.0828434 0.1058963 0.0824274 0.0929216 0.0916595 0.0906273 0.0831014 0.0935435 0.4810881 0.0924628 0.0869940 0.0924778 0.0912276 0.1169677 0.1190363 0.0000000 0.0138008 0.0890104 0.0743984 0.0203523 0.0872304 0.0596921 0.1051676 0.0968275 0.1185417 0.1054004 0.0933613 0.0915844 0.1002785 0.0952507 0.0971040 0.1161226 0.0899094 0.0952507 0.0936620 0.0952654 0.0888209 0.0896144 0.1960407 0.0968626 0.0903886 0.1281675 0.1034409 0.0741522 0.0952917 0.0943303 0.1292442 0.0788471 0.1093160 0.0715579 0.0880453 0.1164414 0.0957347 0.1293288 0.1109784 0.0454728 0.0933695 0.0915084 0.0133264 0.0915778 0.0925313 0.0853471 0.1674450 0.1667825 0.1140675 0.0888806 0.1000784 0.1282089 0.0952701 0.0918189 0.0908656 
Perityle_crassifolia_74_playa_balandra     0.1138796 0.0921959 0.1087905 0.1990452 0.1214238 0.1071248 0.1712805 0.1611635 0.1780337 0.1128099 0.1182989 0.0986664 0.0933018 0.0970324 0.0932573 0.1017964 0.0895589 0.0950563 0.1192291 0.1004476 0.0914578 0.1005393 0.3973276 0.0988505 0.0932224 0.0968873 0.1011547 0.0959524 0.1474353 0.0138008 0.0000000 0.0981542 0.0918959 0.0701992 0.0934616 0.0722625 0.1237607 0.0970748 0.1185594 0.0981644 0.0969248 0.0970048 0.1215349 0.1041570 0.1196974 0.1181260 0.0934025 0.1023027 0.0986697 0.1252671 0.0914528 0.0866934 0.1750071 0.1052505 0.0932573 0.1415948 0.0899253 0.0978455 0.0986697 0.0986697 0.1704724 0.1152266 0.1057572 0.1042719 0.0930584 0.1486819 0.1072828 0.1376523 0.1042627 0.0864837 0.0952316 0.0969248 0.0685377 0.0950280 0.0986697 0.0955144 0.2186976 0.1327584 0.1341388 0.0952166 0.1003997 0.1248409 0.0986697 0.1199329 0.1054759 
Perityle_cuneata_34_cuneata_San_antonio    0.1813331 0.0932739 0.1534850 0.3209058 0.1666581 0.1059099 0.2506381 0.1894496 0.3332465 0.1784646 0.1643384 0.1609186 0.1520922 0.1326001 0.1003162 0.1817166 0.1441426 0.0996992 0.1241139 0.1543594 0.1338118 0.1208949 0.5240470 0.1535918 0.1172048 0.1477404 0.2119134 0.1696688 0.1774415 0.0890104 0.0981542 0.0000000 0.1028444 0.1373589 0.1464005 0.1691903 0.2229987 0.1578586 0.1800340 0.1621337 0.1514794 0.1464223 0.2050741 0.1242649 0.1512115 0.1754000 0.1460748 0.1575033 0.1601234 0.1753730 0.1428553 0.1493777 0.2625361 0.1618973 0.1345519 0.1671500 0.1236270 0.0976949 0.1389851 0.1570588 0.1851633 0.1066320 0.1625601 0.0909392 0.1527121 0.1765890 0.1500764 0.2129498 0.1926183 0.0719019 0.1339304 0.1509253 0.1309023 0.1481465 0.1364965 0.1451126 0.2066022 0.2945212 0.1881904 0.1433092 0.1590783 0.1510440 0.1539765 0.1327199 0.0979833 
Perityle_cuneata_4                         0.1344193 0.0607579 0.1264692 0.3074830 0.1286308 0.0673723 0.2322881 0.1730663 0.2985902 0.1466205 0.1429457 0.1152480 0.1194589 0.1095789 0.0893369 0.1467489 0.1072327 0.1359130 0.1163980 0.1068008 0.1025499 0.1090130 0.4369649 0.1213485 0.1052502 0.1106615 0.1772634 0.1266549 0.1379775 0.0743984 0.0918959 0.1028444 0.0000000 0.1353427 0.1125193 0.1046934 0.2152628 0.1111560 0.1314154 0.1234793 0.1202555 0.1166072 0.1902703 0.1077107 0.1339361 0.1302847 0.1116542 0.1179052 0.1172695 0.1610504 0.1126942 0.1151836 0.2319173 0.1300126 0.1057102 0.1601419 0.1172826 0.0915816 0.1149323 0.1169276 0.1531366 0.1004216 0.1402898 0.1025164 0.1133085 0.1517430 0.1129595 0.1868694 0.1433422 0.0824183 0.1107807 0.1191289 0.1120639 0.1092389 0.1073744 0.1083731 0.2124231 0.2855403 0.1431600 0.1076076 0.1220242 0.1151461 0.1165679 0.0930538 0.0761419 
Perityle_discoidea_81                      0.1221020 0.0829505 0.1216662 0.3224795 0.1194297 0.0536468 0.2727196 0.1944469 0.2921165 0.1335062 0.1489577 0.1306713 0.1269172 0.1291096 0.0927301 0.1396853 0.1184565 0.1460304 0.1089432 0.1268228 0.1099864 0.1321414 0.5068898 0.1219363 0.1252906 0.1281588 0.1346853 0.1512506 0.1565917 0.0203523 0.0701992 0.1373589 0.1353427 0.0000000 0.1255426 0.0801568 0.1546777 0.1276306 0.1538277 0.1310487 0.1226656 0.1212114 0.1429949 0.1313191 0.1434102 0.1544921 0.1284441 0.1327586 0.1292895 0.1457879 0.1260738 0.1279683 0.2632875 0.1424260 0.1304663 0.1604337 0.1311829 0.1149543 0.1305401 0.1297305 0.1457924 0.0991741 0.1716041 0.0974809 0.1188987 0.1573457 0.1379812 0.1732064 0.1497527 0.0731229 0.1280096 0.1211377 0.0357288 0.1258375 0.1269318 0.1239660 0.2074177 0.2216156 0.1576768 0.1291349 0.1352666 0.1425755 0.1297305 0.1087225 0.1076696 
Perityle_dissecta_201                      0.1545037 0.0570672 0.1125036 0.2749236 0.1153721 0.0588845 0.2161858 0.1564899 0.2883740 0.1210924 0.1553279 0.0817757 0.0253301 0.0220609 0.0126720 0.0781267 0.0177170 0.1226556 0.0724072 0.0597537 0.0182330 0.0169337 0.4889841 0.0294277 0.0124873 0.0485357 0.0895727 0.1073780 0.1105731 0.0872304 0.0934616 0.1464005 0.1125193 0.1255426 0.0000000 0.1699602 0.1860038 0.0467172 0.1325671 0.0717034 0.0288725 0.0327913 0.1734963 0.0168818 0.1237244 0.1451804 0.0494905 0.0208863 0.0615104 0.1349247 0.0224796 0.0167804 0.1820975 0.0756449 0.0306507 0.1008092 0.0805886 0.0334509 0.0206795 0.0450585 0.1319026 0.0503823 0.0976688 0.0402887 0.0337733 0.1067591 0.0595074 0.1907422 0.1389960 0.0104493 0.0257913 0.0294211 0.1196035 0.0293144 0.0175297 0.0114341 0.1709435 0.2632990 0.1432860 0.0271584 0.0842025 0.1010238 0.0327644 0.0718802 0.0573019 
Perityle_emoryi_47_punta_san_jose          0.1547230 0.0436997 0.1311647 0.2833125 0.1675929 0.0704420 0.2355752 0.1864361 0.3160607 0.1013830 0.2192213 0.1836837 0.1554402 0.1248047 0.0931240 0.1764662 0.1277944 0.1334844 0.0971576 0.1622139 0.1267007 0.0999188 0.5553715 0.1982961 0.0998011 0.1869779 0.1689008 0.2196887 0.1845636 0.0596921 0.0722625 0.1691903 0.1046934 0.0801568 0.1699602 0.0000000 0.2230686 0.1379360 0.2193571 0.1644500 0.1840498 0.1718523 0.2217656 0.1136937 0.1773008 0.2544511 0.1768698 0.1806608 0.2139944 0.1875679 0.1468568 0.1774239 0.2573725 0.2140801 0.1335645 0.1456550 0.0975408 0.0787781 0.1313639 0.1706563 0.1932251 0.0825266 0.1386254 0.0760480 0.1802510 0.1631392 0.1685074 0.2388574 0.2059078 0.0461545 0.1035064 0.1777184 0.0880676 0.1872575 0.1262814 0.1722669 0.1808773 0.2790610 0.2291873 0.1568764 0.2164066 0.1346615 0.1489770 0.0921468 0.0905037 
Perityle_feddemae_99                       0.2259434 0.0725321 0.1894065 0.2904157 0.1755851 0.0795131 0.2836843 0.1766785 0.3399902 0.2109932 0.2442822 0.2077831 0.1944080 0.1402974 0.0909803 0.1965447 0.1601456 0.2100943 0.1164829 0.1285238 0.1227319 0.0948235 0.5114273 0.1992020 0.0862338 0.2020601 0.2327757 0.2221381 0.1671163 0.1051676 0.1237607 0.2229987 0.2152628 0.1546777 0.1860038 0.2230686 0.0000000 0.1653025 0.1735216 0.1669161 0.2001724 0.1815353 0.0825385 0.1018138 0.0667502 0.1953631 0.1842478 0.1973272 0.2035670 0.0550627 0.1672741 0.2006038 0.3301302 0.2420181 0.1387871 0.1637419 0.1128308 0.0734527 0.1399382 0.1757566 0.1658557 0.0700952 0.1894698 0.0797377 0.1906878 0.1626074 0.1465613 0.2372579 0.2063039 0.0553363 0.1485751 0.2006656 0.1825643 0.2106952 0.1345929 0.1791239 0.2112440 0.3026164 0.2056581 0.1744934 0.2213407 0.1283212 0.1652767 0.0909986 0.0946088 
Perityle_fosteri_93                        0.1348145 0.0592821 0.1194191 0.2801512 0.1236481 0.0587931 0.2165552 0.1582702 0.3039302 0.1293202 0.1437498 0.0637075 0.0466673 0.0454248 0.0350240 0.0838410 0.0349135 0.1248977 0.0692304 0.0553934 0.0423908 0.0231424 0.5083917 0.0495992 0.0234681 0.0515692 0.1015127 0.1011672 0.1125946 0.0968275 0.0970748 0.1578586 0.1111560 0.1276306 0.0467172 0.1379360 0.1653025 0.0000000 0.1269185 0.0809824 0.0489403 0.0473138 0.1663958 0.0362795 0.1215235 0.1292144 0.0468602 0.0537841 0.0575520 0.1453045 0.0462559 0.0500815 0.1908148 0.0814677 0.0377497 0.0995003 0.0838844 0.0371621 0.0431995 0.0568026 0.1379571 0.0540349 0.0967308 0.0416267 0.0517667 0.1080075 0.0828159 0.1960555 0.1409311 0.0046138 0.0104347 0.0495768 0.1337906 0.0496016 0.0406260 0.0472593 0.1806499 0.2838079 0.1311327 0.0498432 0.0645916 0.1037208 0.0511752 0.0717617 0.0612931 
Perityle_gamon_221                         0.1604554 0.0865234 0.1421791 0.2825473 0.1439662 0.0901021 0.2525924 0.1814002 0.3074241 0.1732853 0.1835035 0.1474265 0.1340079 0.1109191 0.0931285 0.1831728 0.1094421 0.1585542 0.0856186 0.1311494 0.1109329 0.0935791 0.4984426 0.1671631 0.0991070 0.1304217 0.2129135 0.1755484 0.1182547 0.1185417 0.1185594 0.1800340 0.1314154 0.1538277 0.1325671 0.2193571 0.1735216 0.1269185 0.0000000 0.1638417 0.1418418 0.1327643 0.1605025 0.1046411 0.1453550 0.0680007 0.1318567 0.1451113 0.1439717 0.1415036 0.1287622 0.1376637 0.2644884 0.1764934 0.1063137 0.1117370 0.1175633 0.0891541 0.1150080 0.1275186 0.1477350 0.0811460 0.1243760 0.0937878 0.1563754 0.1170907 0.1688562 0.2384244 0.2176449 0.0701585 0.0996760 0.1405482 0.1567024 0.1385003 0.1098983 0.1338859 0.1992177 0.2613497 0.2015793 0.1311741 0.1508726 0.1283180 0.1192438 0.0746369 0.0959487 
Perityle_gentryi_8_san_francisco           0.1523603 0.0607341 0.1331405 0.3135578 0.1693357 0.0589785 0.2356867 0.1597311 0.2819556 0.1308375 0.1512933 0.0901865 0.0727880 0.0559282 0.0310227 0.0249056 0.0590664 0.1441610 0.0764193 0.0850706 0.0574386 0.0494248 0.4927257 0.0736772 0.0421182 0.0704451 0.0893736 0.1216819 0.1376072 0.1054004 0.0981644 0.1621337 0.1234793 0.1310487 0.0717034 0.1644500 0.1669161 0.0809824 0.1638417 0.0000000 0.0717139 0.0705963 0.1762563 0.0506250 0.1321522 0.1646549 0.0782155 0.0788498 0.0820047 0.1670661 0.0710643 0.0743369 0.2145958 0.0868765 0.0507579 0.1218865 0.0939478 0.0453116 0.0541292 0.0814182 0.1453510 0.0518235 0.1045683 0.0475045 0.0710154 0.1315694 0.0936854 0.2014450 0.1678948 0.0202000 0.0533207 0.0724691 0.1386633 0.0771993 0.0509949 0.0711260 0.1743738 0.2660316 0.1595885 0.0755439 0.0892670 0.1110807 0.0640994 0.0850400 0.0603012 
Perityle_gilensis_22_Superstition          0.1584869 0.0639691 0.1155199 0.2781963 0.1214826 0.0588821 0.2172241 0.1580279 0.2902967 0.1359433 0.1528385 0.0878236 0.0247033 0.0073476 0.0172263 0.0968093 0.0171105 0.1242962 0.0773564 0.0565152 0.0144100 0.0235046 0.4962334 0.0053639 0.0144878 0.0553398 0.1139891 0.1143214 0.1136554 0.0933613 0.0969248 0.1514794 0.1202555 0.1226656 0.0288725 0.1840498 0.2001724 0.0489403 0.1418418 0.0717139 0.0000000 0.0199486 0.1890006 0.0225887 0.1290626 0.1734611 0.0467620 0.0359657 0.0687754 0.1389564 0.0084872 0.0328326 0.1771901 0.0840616 0.0299230 0.1031948 0.0849207 0.0364986 0.0303562 0.0522016 0.1310796 0.0503337 0.0992276 0.0402314 0.0366754 0.1081138 0.0588632 0.1883865 0.1425219 0.0128415 0.0292793 0.0045466 0.1205612 0.0337015 0.0232878 0.0286476 0.1769157 0.2701002 0.1521862 0.0264493 0.1024246 0.1057819 0.0397677 0.0767737 0.0611455 
Perityle_gilensis_salensis_225             0.1444646 0.0628512 0.1108008 0.2778242 0.1172884 0.0588821 0.2164286 0.1600370 0.2858890 0.1275177 0.1370833 0.0675355 0.0255989 0.0057688 0.0149640 0.0768538 0.0142059 0.1235286 0.0745486 0.0553658 0.0132971 0.0222592 0.4964398 0.0233307 0.0132757 0.0459185 0.0913521 0.0998420 0.1109583 0.0915844 0.0970048 0.1464223 0.1166072 0.1212114 0.0327913 0.1718523 0.1815353 0.0473138 0.1327643 0.0705963 0.0199486 0.0000000 0.1713749 0.0213921 0.1120797 0.1568684 0.0391168 0.0420579 0.0567714 0.1321511 0.0086008 0.0398334 0.1762725 0.0766499 0.0246541 0.1019746 0.0838778 0.0365266 0.0287081 0.0506143 0.1303883 0.0491666 0.0984883 0.0402631 0.0400977 0.1052647 0.0550728 0.1771031 0.1328181 0.0116749 0.0281695 0.0180990 0.1192793 0.0428166 0.0221974 0.0310197 0.1751032 0.2638303 0.1359250 0.0276853 0.0786538 0.1042134 0.0386458 0.0755799 0.0598497 
Perityle_glaucescens_94                    0.2167707 0.0707940 0.1775114 0.2856136 0.1725743 0.0654607 0.2903766 0.1682904 0.3317525 0.1924880 0.2216204 0.1994900 0.1745276 0.1393946 0.0860276 0.1911103 0.1453611 0.2010192 0.0971548 0.1337005 0.1221193 0.0919439 0.5147271 0.1886191 0.0825728 0.1922407 0.1919369 0.1923338 0.1436587 0.1002785 0.1215349 0.2050741 0.1902703 0.1429949 0.1734963 0.2217656 0.0825385 0.1663958 0.1605025 0.1762563 0.1890006 0.1713749 0.0000000 0.0995388 0.0472711 0.1931927 0.1773485 0.1837595 0.1909725 0.0185740 0.1599042 0.1835953 0.3131353 0.2040531 0.1413683 0.1416301 0.1088167 0.0714232 0.1423805 0.1680640 0.1659150 0.0669796 0.1901905 0.0671493 0.1794417 0.1401199 0.1278160 0.2360915 0.1932163 0.0533045 0.1348311 0.1869613 0.1726292 0.1994217 0.1360826 0.1719545 0.2028896 0.3042399 0.1660914 0.1657417 0.2124043 0.1301487 0.1570367 0.0846108 0.0917737 
Perityle_gracilis_11                       0.1001337 0.0628002 0.0955163 0.2866387 0.0888024 0.0621448 0.2202246 0.1615713 0.2898556 0.0999811 0.1173163 0.0253446 0.0210727 0.0235151 0.0194736 0.0483629 0.0157325 0.1227663 0.0708851 0.0230259 0.0166841 0.0102127 0.4925807 0.0226427 0.0190762 0.0259847 0.0522173 0.0776012 0.0898859 0.0952507 0.1041570 0.1242649 0.1077107 0.1313191 0.0168818 0.1136937 0.1018138 0.0362795 0.1046411 0.0506250 0.0225887 0.0213921 0.0995388 0.0000000 0.0887025 0.1059502 0.0240419 0.0051843 0.0086793 0.0999410 0.0211306 0.0123567 0.2011974 0.0579708 0.0241232 0.1032223 0.0871690 0.0408040 0.0081265 0.0081230 0.1037506 0.0575213 0.0983209 0.0470919 0.0263852 0.0936756 0.0543706 0.1643236 0.1120480 0.0186504 0.0330513 0.0220321 0.1259577 0.0266215 0.0092546 0.0162915 0.1785741 0.2135341 0.1058529 0.0258694 0.0281963 0.1065711 0.0087077 0.0793203 0.0652797 
