86
Amauria_brandeegeana_62                    0.0000000 0.1164514 0.2010969 0.2888978 0.1786689 0.0485695 0.1910587 0.1175773 0.4174239 0.0652852 0.1733339 0.2259778 0.1778914 0.1845615 0.2065880 0.2034074 0.2189816 0.1538692 0.1306136 0.2153847 0.2100799 0.2220806 0.1472681 0.1741062 0.1549348 0.1925289 0.1883218 0.1876885 0.1946961 0.1420670 0.1298493 0.1726243 0.2505199 0.0682828 0.2114332 0.1763873 0.1401329 0.1848725 0.1896917 0.1996899 0.1760553 0.2889071 0.1951072 0.1721764 0.1969430 0.2113701 0.2229762 0.1858827 0.1661314 0.2009796 0.1058557 0.1681726 0.1399824 0.1904322 0.2235450 0.1896590 0.1221920 0.2008303 0.1671102 0.1714344 0.2064812 0.1500324 0.1724751 0.1547527 0.2360102 0.2004722 0.2008041 0.2022975 0.1781369 0.1015897 0.2221686 0.2953105 0.2038488 0.1696665 0.1978235 0.1785910 0.0747923 0.1950829 0.2293963 0.1995641 0.2171262 0.1725477 0.1880765 0.2247682 0.1330119 0.1565708 
Amauria_carterae_99_mesa                   0.1164514 0.0000000 0.1184123 0.2293566 0.1192459 0.0850224 0.1508840 0.1198877 0.2025939 0.1354192 0.1399488 0.1573676 0.1590021 0.1576009 0.1455055 0.1287635 0.1470526 0.1297022 0.1178601 0.1472099 0.1486681 0.1606316 0.1431780 0.1552856 0.1562885 0.1587978 0.1442771 0.1202015 0.1356085 0.1174513 0.1390988 0.1378409 0.7909303 0.1355004 0.1470624 0.2365734 0.1100777 0.1483832 0.1293907 0.1586658 0.1519494 0.2166491 0.1146844 0.1588110 0.1185307 0.1323825 0.1465216 0.1579761 0.1637364 0.1185660 0.1383998 0.1483797 0.1464092 0.1481432 0.1533613 0.1459618 0.1379085 0.1407798 0.1601880 0.1557809 0.1322356 0.0786300 0.1244566 0.1265153 0.1536169 0.1333925 0.1461748 0.1489537 0.1288165 0.1191012 0.1514928 0.1979320 0.1164379 0.1612206 0.1629118 0.1628969 0.1398356 0.1532262 0.1388223 0.1536728 0.1574858 0.1410840 0.1606875 0.1372888 0.0989575 0.1206046 
Amauria_rotundifolia_SRR9119150            0.2010969 0.1184123 0.0000000 0.3360526 0.1937702 0.0818122 0.2182802 0.1760627 0.3293136 0.2525015 0.2794480 0.2597662 0.2499598 0.2691113 0.2324082 0.2601265 0.2777634 0.1260754 0.1989005 0.2262581 0.2130187 0.3076061 0.1843064 0.2831370 0.2363657 0.2720610 0.2531580 0.3069187 0.2263622 0.1475836 0.2126204 0.1403623 0.7525896 0.2689676 0.2878643 0.3880965 0.1933641 0.1996137 0.2236941 0.2739356 0.2517630 0.3737502 0.2106246 0.2769571 0.2142995 0.2266619 0.2928526 0.2611394 0.2642799 0.2222708 0.2295030 0.2574201 0.2240266 0.2470420 0.2466423 0.2607865 0.2219866 0.2269079 0.2428498 0.2618214 0.2463711 0.1471981 0.2583879 0.1515509 0.2509227 0.2264273 0.2294141 0.2682064 0.2155370 0.1050348 0.2626223 0.4082989 0.2090026 0.2716206 0.2581609 0.2833690 0.1862602 0.2502399 0.2483779 0.2128479 0.2530016 0.1786421 0.2545716 0.1762902 0.1580126 0.2062802 
Conoclinium_coelestinum_SRR9119114         0.2888978 0.2293566 0.3360526 0.0000000 0.3223946 0.1929786 0.2141902 0.2341948 0.3631052 0.3140731 0.3207878 0.2975007 0.2817898 0.2873307 0.3019549 0.2801159 0.2914154 0.2975567 0.2830855 0.2778250 0.2489238 0.3149240 0.2100777 0.2860540 0.2833700 0.2883122 0.2839973 0.2890741 0.2789639 0.3051772 0.2650593 0.2872455 0.8403773 0.3192531 0.2935672 0.4325698 0.2643697 0.2862985 0.2896796 0.2968751 0.2670858 0.3738049 0.2685407 0.2812808 0.2698325 0.2889895 0.2834863 0.2794789 0.2614814 0.2667240 0.2517541 0.2763600 0.2544670 0.2627402 0.3036872 0.2989570 0.2812891 0.2704483 0.2610991 0.2721801 0.2818088 0.1895216 0.3032266 0.2139072 0.2837261 0.2752742 0.2603834 0.3609732 0.2800233 0.1680564 0.2806722 0.3895686 0.3372381 0.2861431 0.2788219 0.2780046 0.2143946 0.3641750 0.2802008 0.2626904 0.2867254 0.2458920 0.2746228 0.3342571 0.2106928 0.2861994 
Eutetras_palmeri_63                        0.1786689 0.1192459 0.1937702 0.3223946 0.0000000 0.0129852 0.2211988 0.1606284 0.3277191 0.2172549 0.2203575 0.2190664 0.2366326 0.2405663 0.2116729 0.2025333 0.2134574 0.1715704 0.1721890 0.2246365 0.2004575 0.2268166 0.1853331 0.2341121 0.2136670 0.2798889 0.2224411 0.2258633 0.2181591 0.1493735 0.2256450 0.1453280 0.7255675 0.2157951 0.2116950 0.3255871 0.1639720 0.1960922 0.2105287 0.2555778 0.2536281 0.3455353 0.1983513 0.2270212 0.2005239 0.2121925 0.2170572 0.2307019 0.2517121 0.2073321 0.2074137 0.2269823 0.2172696 0.2296173 0.2211334 0.2121642 0.1956756 0.2042943 0.2411548 0.2291124 0.2144454 0.1376582 0.2015495 0.1507676 0.2175203 0.2156176 0.2086343 0.0950844 0.1914074 0.1084702 0.2325107 0.3637823 0.1910586 0.2586849 0.2279560 0.2411414 0.1841122 0.0978908 0.2368124 0.2144889 0.2214957 0.1721721 0.2356839 0.1931401 0.1326391 0.1906358 
Eutetras_pringlei_149_quer                 0.0485695 0.0850224 0.0818122 0.1929786 0.0129852 0.0000000 0.1330186 0.0908641 0.1394731 0.0882373 0.1085732 0.1179071 0.1320900 0.1247494 0.1263582 0.1162817 0.1211836 0.0983720 0.1189409 0.1195413 0.1253150 0.1197514 0.1191343 0.1247621 0.1266504 0.1290512 0.1104694 0.0925461 0.1245286 0.0871111 0.0995580 0.0761834 0.8417018 0.0882373 0.1192869 0.1893911 0.1045275 0.1212844 0.1157352 0.1327940 0.1269074 0.1411646 0.1046341 0.1233068 0.1096511 0.1144220 0.1279511 0.1232015 0.1282607 0.1130958 0.1133436 0.1179638 0.1177116 0.1193104 0.1264781 0.1266871 0.1228059 0.1175923 0.1283948 0.1233586 0.1159171 0.0945706 0.1223595 0.1125775 0.1246583 0.1253969 0.1158902 0.0479807 0.1049047 0.0961633 0.1268410 0.1194921 0.1004252 0.1266480 0.1293114 0.1266077 0.1210809 0.0542743 0.1215205 0.1198275 0.1247582 0.1074836 0.1301210 0.1001738 0.1043522 0.1278505 
Eutrochium_fistulosum_SRR9119106           0.1910587 0.1508840 0.2182802 0.2141902 0.2211988 0.1330186 0.0000000 0.1840276 0.3430494 0.2303041 0.2395665 0.2421453 0.2344530 0.2426897 0.2184814 0.2469137 0.2288201 0.1888579 0.2166684 0.2282406 0.2136464 0.2876318 0.1696913 0.2361249 0.2148253 0.2378643 0.2309314 0.2453273 0.2343543 0.1913072 0.2062295 0.1911320 0.7733215 0.2339362 0.2239946 0.3603483 0.1916176 0.2118521 0.2352849 0.2529490 0.2176389 0.3223465 0.2239913 0.2333347 0.2204931 0.2324840 0.2234838 0.2258066 0.2329994 0.2240689 0.1841395 0.2246026 0.1971723 0.2215324 0.2358210 0.2647803 0.2171187 0.2135245 0.2261047 0.2286342 0.2487390 0.1314201 0.2465163 0.1550480 0.2318300 0.2336445 0.2179890 0.2517330 0.2190199 0.1058901 0.2222828 0.3640035 0.2073752 0.2387663 0.2340682 0.2364006 0.1667516 0.2501979 0.2426460 0.2196201 0.2339544 0.2157510 0.2303793 0.2208835 0.1561516 0.2231509 
Galeana_pratensis_104_mex                  0.1175773 0.1198877 0.1760627 0.2341948 0.1606284 0.0908641 0.1840276 0.0000000 0.1768909 0.1243582 0.1375511 0.1108047 0.1164159 0.1109126 0.1180547 0.1051808 0.1045713 0.1567940 0.1090484 0.1099638 0.1092865 0.1149704 0.1196190 0.1120091 0.1122568 0.1131359 0.1145853 0.1022306 0.0966750 0.1446100 0.1559074 0.1295938 0.7360637 0.1246333 0.1094074 0.1963577 0.1074462 0.1061251 0.1067400 0.1250278 0.1102415 0.1788096 0.1073947 0.1106981 0.1132108 0.1117425 0.1164375 0.1087727 0.1120965 0.1176447 0.1022893 0.1194706 0.1037516 0.1095931 0.1103949 0.0960953 0.1087416 0.1083270 0.1072449 0.1130129 0.1097235 0.0744814 0.1149751 0.0898303 0.1118395 0.1041429 0.1067369 0.1571901 0.1124413 0.0537639 0.1077502 0.1573910 0.1527162 0.1086582 0.1086175 0.1141218 0.0872245 0.1606423 0.1129459 0.1140415 0.1119149 0.0807673 0.1148784 0.1806398 0.0977237 0.1199910 
Helianthus_annuus_SRR9119062               0.4174239 0.2025939 0.3293136 0.3631052 0.3277191 0.1394731 0.3430494 0.1768909 0.0000000 0.3415913 0.3922073 0.2973833 0.3325932 0.3328293 0.2555159 0.2856810 0.2900296 0.2675714 0.2643710 0.2847499 0.2943445 0.3068213 0.2067728 0.3142947 0.3174882 0.3300996 0.2885349 0.3487003 0.3026051 0.2999188 0.2328122 0.3106580 0.6130655 0.3454387 0.2843032 0.4073190 0.2398224 0.2668001 0.2814744 0.3628692 0.3110899 0.3597764 0.2826722 0.3302065 0.2882128 0.2918264 0.2958565 0.3277148 0.3292649 0.2906035 0.2645008 0.2867460 0.3227217 0.3395869 0.2946948 0.3033798 0.2375551 0.2646680 0.3230039 0.2740633 0.3006453 0.1836402 0.2665453 0.1983475 0.2998738 0.3027297 0.2823549 0.3314632 0.2708546 0.1287962 0.2703554 0.3814506 0.3593338 0.3612853 0.2784440 0.3320357 0.1891320 0.3354301 0.3419385 0.2832723 0.2926615 0.1986745 0.2904017 0.3681222 0.2275525 0.2697498 
Lycapsus_tenuifolius_17                    0.0652852 0.1354192 0.2525015 0.3140731 0.2172549 0.0882373 0.2303041 0.1243582 0.3415913 0.0000000 0.1792516 0.2201596 0.1870901 0.1865526 0.2127102 0.2314903 0.2224415 0.1966424 0.1616657 0.2075859 0.1733490 0.2654085 0.1666944 0.1935090 0.1635165 0.1970204 0.2005267 0.1961654 0.2002086 0.1831751 0.1651238 0.1995644 0.3778599 0.0106877 0.2211997 0.1870244 0.1672395 0.1792276 0.2061267 0.2069022 0.1804387 0.2533685 0.2049557 0.1812211 0.1936034 0.2130034 0.2348163 0.1883161 0.1853282 0.2029882 0.1408748 0.1719397 0.1596962 0.1832215 0.2170239 0.2160119 0.1570991 0.1971989 0.1763168 0.1893713 0.2132796 0.1404985 0.2186992 0.1490288 0.2211376 0.1982675 0.2053888 0.2613908 0.1828452 0.1015897 0.2285702 0.2611648 0.1307295 0.2186835 0.2035314 0.1956510 0.0973699 0.2510559 0.2294423 0.1989096 0.2068709 0.1737511 0.1992809 0.2777980 0.1218365 0.1733809 
Pericome_caudata_50_silver                 0.1733339 0.1399488 0.2794480 0.3207878 0.2203575 0.1085732 0.2395665 0.1375511 0.3922073 0.1792516 0.0000000 0.2104015 0.1761893 0.1748915 0.2017391 0.2333876 0.2241185 0.2261225 0.1496816 0.1996979 0.1870557 0.2437717 0.1808541 0.1745505 0.1749733 0.1874591 0.1964966 0.2274084 0.1839127 0.1891659 0.2107087 0.2066290 0.4188903 0.2308740 0.2161600 0.2407097 0.1482090 0.1759117 0.1947627 0.2112429 0.1819195 0.2622746 0.1856117 0.1680413 0.1891221 0.1893411 0.2206459 0.1777406 0.1829522 0.1933503 0.1252165 0.1667901 0.1487605 0.1961792 0.2097416 0.2215648 0.1396118 0.1885323 0.1782099 0.1852048 0.2210825 0.1230843 0.2065655 0.1543263 0.2085072 0.1866150 0.2020262 0.2893170 0.1711507 0.0962559 0.2140606 0.2621659 0.2113153 0.2103840 0.1890782 0.1919072 0.0898987 0.2781874 0.2115497 0.1905552 0.2029428 0.1937010 0.1847008 0.3584950 0.1365422 0.1578814 
Perityle_aglossa_84_dead_horse             0.2259778 0.1573676 0.2597662 0.2975007 0.2190664 0.1179071 0.2421453 0.1108047 0.2973833 0.2201596 0.2104015 0.0000000 0.0481153 0.0324786 0.0587466 0.1334898 0.0309734 0.2022974 0.1419312 0.0327956 0.0354677 0.0639790 0.0776032 0.0426203 0.0287138 0.0636116 0.0898294 0.1105291 0.1325144 0.2073662 0.2097952 0.1895465 0.6902063 0.2130539 0.0567442 0.3520287 0.1217269 0.0284361 0.1225285 0.0924467 0.0552753 0.1453787 0.1149403 0.0266783 0.1113393 0.1296535 0.0437916 0.0484627 0.0528261 0.1275752 0.0367703 0.0692970 0.0284784 0.0614039 0.0288761 0.1330254 0.0671796 0.0532174 0.0407658 0.0435496 0.1324723 0.1179038 0.1492710 0.0350591 0.0305737 0.1211572 0.0503198 0.2546658 0.1145436 0.0240341 0.0408765 0.2010484 0.2276313 0.0757217 0.0519637 0.0480349 0.0177670 0.2470295 0.1349533 0.0706051 0.0257544 0.0775608 0.0443343 0.2521533 0.1344211 0.1650586 
Perityle_ajoensis_204                      0.1778914 0.1590021 0.2499598 0.2817898 0.2366326 0.1320900 0.2344530 0.1164159 0.3325932 0.1870901 0.1761893 0.0481153 0.0000000 0.0251427 0.0599638 0.1545340 0.0677047 0.1970289 0.1508878 0.0359736 0.0401455 0.0675367 0.0868243 0.0233369 0.0256492 0.0318013 0.0888388 0.0737384 0.1237388 0.2029305 0.2416128 0.1983319 0.3995514 0.1932113 0.0752502 0.2385854 0.1261443 0.0342265 0.1196972 0.0987481 0.0219641 0.0776732 0.1104363 0.0150411 0.1097884 0.1201538 0.0777897 0.0222230 0.0331965 0.1322877 0.0157815 0.0514171 0.0225840 0.0849221 0.0508540 0.1360547 0.0619244 0.0479874 0.0266699 0.0285104 0.1277605 0.1195336 0.1572882 0.0380522 0.0490480 0.1193858 0.0582721 0.3033064 0.1142094 0.0395244 0.0621338 0.1387847 0.2464770 0.0605150 0.0259722 0.0269338 0.0152629 0.2840925 0.1555824 0.0635115 0.0394208 0.0833685 0.0393441 0.2840655 0.1360698 0.1697008 
Perityle_ambrosiifolia_67_green            0.1845615 0.1576009 0.2691113 0.2873307 0.2405663 0.1247494 0.2426897 0.1109126 0.3328293 0.1865526 0.1748915 0.0324786 0.0251427 0.0000000 0.0613052 0.1248375 0.0228170 0.1994832 0.1418579 0.0294942 0.0456255 0.0590062 0.0790104 0.0266739 0.0338711 0.0383281 0.0844978 0.0974813 0.1160560 0.2100683 0.2511314 0.1975920 0.4010573 0.1893727 0.0359968 0.2372576 0.1088431 0.0180272 0.1109835 0.1076618 0.0286632 0.1014013 0.1101301 0.0196792 0.1075249 0.1100921 0.0336730 0.0322363 0.0378818 0.1133643 0.0209004 0.0526207 0.0204634 0.0881763 0.0263866 0.1257291 0.0610870 0.0501049 0.0363303 0.0280478 0.1323418 0.1197550 0.1384047 0.0404999 0.0477803 0.1164888 0.0629631 0.2675769 0.1092980 0.0362997 0.0255361 0.1404649 0.2541626 0.0697821 0.0294132 0.0343625 0.0142288 0.2731936 0.1519384 0.0651619 0.0343860 0.0826563 0.0408474 0.2846659 0.1350005 0.1623671 
Perityle_angustifolia_13_Eagle_creek       0.2065880 0.1455055 0.2324082 0.3019549 0.2116729 0.1263582 0.2184814 0.1180547 0.2555159 0.2127102 0.2017391 0.0587466 0.0599638 0.0613052 0.0000000 0.1117250 0.0476565 0.1730593 0.1591058 0.0421284 0.0430532 0.0650400 0.0640806 0.0672963 0.0591217 0.0588356 0.0905080 0.1074332 0.1247006 0.1848362 0.2169157 0.1627089 0.7051865 0.2117583 0.0743835 0.2860408 0.0999552 0.0302508 0.1224948 0.1061420 0.0552282 0.1347698 0.0984780 0.0640352 0.1004906 0.1245649 0.0643832 0.0657151 0.0596037 0.1032390 0.0582205 0.1001137 0.0440520 0.0817396 0.0435614 0.1306329 0.0778019 0.0727844 0.0545180 0.0624368 0.1375809 0.0998752 0.1329805 0.0363063 0.0625681 0.1268763 0.0797501 0.2346139 0.1228031 0.0209359 0.0443547 0.1828591 0.2295554 0.0748228 0.0681471 0.0635071 0.0205125 0.2420553 0.1377646 0.0760179 0.0609791 0.0672290 0.0658676 0.2424443 0.1158186 0.1744468 
Perityle_batopilensis_97                   0.2034074 0.1287635 0.2601265 0.2801159 0.2025333 0.1162817 0.2469137 0.1051808 0.2856810 0.2314903 0.2333876 0.1334898 0.1545340 0.1248375 0.1117250 0.0000000 0.1682166 0.2347847 0.1349349 0.1338445 0.0940293 0.1527862 0.1382825 0.1186850 0.1238162 0.1805940 0.1566829 0.0894741 0.1067911 0.2286498 0.1729703 0.2259297 0.7042548 0.2054600 0.1604065 0.3349596 0.1138994 0.1444423 0.1124488 0.1563449 0.1611153 0.2610609 0.1146939 0.1119106 0.1119228 0.1203262 0.1769534 0.1555510 0.1751964 0.1362294 0.1803750 0.1417549 0.1398788 0.1279964 0.1482576 0.0476196 0.0992434 0.0987512 0.1628395 0.1566306 0.0407694 0.0668390 0.1339953 0.0731802 0.1556774 0.0911261 0.1080505 0.2578766 0.1092893 0.0522887 0.1657105 0.3061222 0.2260841 0.1637841 0.1534984 0.1394196 0.0775395 0.2470278 0.1148495 0.1447033 0.1485819 0.0330104 0.1559184 0.2517330 0.1084270 0.1475565 
Perityle_bisetosa_9                        0.2189816 0.1470526 0.2777634 0.2914154 0.2134574 0.1211836 0.2288201 0.1045713 0.2900296 0.2224415 0.2241185 0.0309734 0.0677047 0.0228170 0.0476565 0.1682166 0.0000000 0.1986292 0.1533007 0.0108390 0.0241203 0.0641905 0.0739023 0.0463331 0.0324135 0.0711751 0.1312039 0.1158000 0.1618414 0.1958792 0.2294318 0.2058908 0.6796061 0.2424970 0.0518062 0.3441465 0.1252565 0.0060497 0.1241215 0.1033329 0.0747393 0.1542193 0.1224183 0.0251242 0.1123021 0.1351357 0.0224777 0.0652543 0.1007271 0.1683699 0.0643347 0.0823448 0.0284382 0.0607664 0.0073366 0.1334285 0.0579783 0.0440980 0.0706957 0.0845869 0.1227882 0.1076768 0.1507664 0.0295848 0.0684394 0.1275243 0.0540072 0.3110467 0.1131631 0.0149043 0.0184343 0.1833802 0.2155507 0.1327090 0.0742215 0.0484681 0.0149902 0.2828478 0.1427344 0.0759589 0.0414417 0.0722710 0.0706165 0.3103848 0.1234028 0.1546606 
Perityle_californica_76_positas            0.1538692 0.1297022 0.1260754 0.2975567 0.1715704 0.0983720 0.1888579 0.1567940 0.2675714 0.1966424 0.2261225 0.2022974 0.1970289 0.1994832 0.1730593 0.2347847 0.1986292 0.0000000 0.1707043 0.1952993 0.1944700 0.2503786 0.1652615 0.2136036 0.1740243 0.1859286 0.2125439 0.2278946 0.2049005 0.1375686 0.1729048 0.1124498 0.7806244 0.2159105 0.2108771 0.3345031 0.1680454 0.1861741 0.2058414 0.1980537 0.1913723 0.2839307 0.2024646 0.1920597 0.2065425 0.2045733 0.2129087 0.1935763 0.2107384 0.2066291 0.1650815 0.2000586 0.1713765 0.1948739 0.2046533 0.2401944 0.1809613 0.1858314 0.1897900 0.2040599 0.2169453 0.1301727 0.2206345 0.1499664 0.2034129 0.2049642 0.1827027 0.2110641 0.1966893 0.1159537 0.2053247 0.2998798 0.1769885 0.1944913 0.2069191 0.2146224 0.1440153 0.2101346 0.2215712 0.1868252 0.1934550 0.1941622 0.1924087 0.0259737 0.1004817 0.1686539 
Perityle_canescens_77                      0.1306136 0.1178601 0.1989005 0.2830855 0.1721890 0.1189409 0.2166684 0.1090484 0.2643710 0.1616657 0.1496816 0.1419312 0.1508878 0.1418579 0.1591058 0.1349349 0.1533007 0.1707043 0.0000000 0.1463762 0.1250802 0.1838156 0.1691414 0.1457734 0.1409381 0.1744739 0.1412832 0.1168007 0.1148315 0.1710602 0.1749494 0.1599440 0.6898248 0.1586475 0.1590308 0.3314526 0.0988733 0.1410397 0.1105972 0.1577341 0.1613907 0.2717895 0.1050767 0.1378018 0.1091932 0.1119802 0.1699502 0.1460651 0.1573743 0.1127586 0.1400695 0.1442903 0.1392745 0.1455338 0.1512691 0.1346373 0.1304209 0.1332245 0.1512552 0.1478541 0.1221055 0.0816212 0.1353710 0.1122822 0.1451655 0.1117310 0.1371646 0.2125562 0.0950116 0.0997495 0.1659544 0.2639877 0.1755486 0.1616911 0.1509992 0.1497331 0.1082381 0.2028286 0.0924694 0.1518552 0.1471541 0.1138559 0.1489463 0.1938350 0.0737685 0.0512424 
Perityle_castillonii_96                    0.2153847 0.1472099 0.2262581 0.2778250 0.2246365 0.1195413 0.2282406 0.1099638 0.2847499 0.2075859 0.1996979 0.0327956 0.0359736 0.0294942 0.0421284 0.1338445 0.0108390 0.1952993 0.1463762 0.0000000 0.0338248 0.0639771 0.0641212 0.0355013 0.0254121 0.0484248 0.0722253 0.0667374 0.1172713 0.2013630 0.2236494 0.1854103 0.6902063 0.2035302 0.0343641 0.3440242 0.1126454 0.0126185 0.1093698 0.0892749 0.0377446 0.0948236 0.1082662 0.0283254 0.1109464 0.1106867 0.0223444 0.0359895 0.0301614 0.1151901 0.0263689 0.0588371 0.0223765 0.0546422 0.0170223 0.1364641 0.0622559 0.0491498 0.0293392 0.0270510 0.1275864 0.1093902 0.1462850 0.0349885 0.0276070 0.1168582 0.0515752 0.2519786 0.1098562 0.0118955 0.0159293 0.1941900 0.2205186 0.0663987 0.0387589 0.0280193 0.0205095 0.2642407 0.1224837 0.0583692 0.0286916 0.0773785 0.0399233 0.2352606 0.1283642 0.1601769 
Perityle_cernua_84                         0.2100799 0.1486681 0.2130187 0.2489238 0.2004575 0.1253150 0.2136464 0.1092865 0.2943445 0.1733490 0.1870557 0.0354677 0.0401455 0.0456255 0.0430532 0.0940293 0.0241203 0.1944700 0.1250802 0.0338248 0.0000000 0.0326932 0.1006399 0.0448099 0.0371770 0.0662207 0.0721668 0.0688663 0.0891761 0.2091429 0.0914549 0.1832557 0.6982618 0.1656586 0.0559549 0.2288081 0.0821198 0.0303990 0.0835325 0.1020240 0.0500018 0.1475492 0.0824639 0.0380278 0.0816456 0.0861301 0.0355493 0.0441520 0.0390557 0.0853514 0.0472008 0.0736318 0.0287026 0.0669728 0.0293478 0.0859689 0.0760146 0.0649876 0.0369258 0.0310204 0.0999853 0.1024432 0.1021391 0.0502399 0.0377358 0.0909304 0.0653307 0.2097634 0.0825218 0.0149043 0.0339394 0.2905569 0.1941797 0.0456333 0.0433851 0.0355818 0.0459699 0.2128507 0.0976158 0.0683237 0.0354745 0.0713707 0.0432881 0.2035305 0.1224968 0.1533996 
Perityle_cfvillosa_25_tin                  0.2220806 0.1606316 0.3076061 0.3149240 0.2268166 0.1197514 0.2876318 0.1149704 0.3068213 0.2654085 0.2437717 0.0639790 0.0675367 0.0590062 0.0650400 0.1527862 0.0641905 0.2503786 0.1838156 0.0639771 0.0326932 0.0000000 0.0820635 0.0597687 0.0535062 0.0918795 0.1061299 0.0977463 0.1560470 0.2481281 0.2343820 0.2386281 0.7246572 0.2483671 0.0829179 0.3628390 0.1591167 0.0674938 0.1522906 0.1499436 0.0890522 0.1586927 0.1466297 0.0397602 0.1450382 0.1543106 0.0754023 0.0715455 0.0716599 0.1515014 0.0815513 0.1036565 0.0636258 0.0939943 0.0627929 0.1464293 0.0655819 0.0554703 0.0665686 0.0519946 0.1347706 0.1192399 0.1708191 0.0351898 0.0674427 0.1544262 0.0626982 0.2834234 0.1579090 0.0209733 0.0715270 0.2064495 0.2573316 0.1197029 0.0717407 0.0707148 0.0096385 0.2802954 0.1655742 0.1125574 0.0700981 0.0761552 0.0798080 0.3155625 0.1353298 0.2022084 
Perityle_cinerea_113_Powell1310            0.1472681 0.1431780 0.1843064 0.2100777 0.1853331 0.1191343 0.1696913 0.1196190 0.2067728 0.1666944 0.1808541 0.0776032 0.0868243 0.0790104 0.0640806 0.1382825 0.0739023 0.1652615 0.1691414 0.0641212 0.1006399 0.0820635 0.0000000 0.0949705 0.0825863 0.0687508 0.0852406 0.0881821 0.1449164 0.1737379 0.1156140 0.1617946 0.7654885 0.1757855 0.0608136 0.2446300 0.1260373 0.0710382 0.1441034 0.0889739 0.0463328 0.0969552 0.1323347 0.0821811 0.1278896 0.1452928 0.0933309 0.0836428 0.0865761 0.1311938 0.0430341 0.0848270 0.0625890 0.0751088 0.0730308 0.1534871 0.0767623 0.0671307 0.0764444 0.0934560 0.1467786 0.1082743 0.1438708 0.0404315 0.0843828 0.1461947 0.0623232 0.1668394 0.1402034 0.0652674 0.0671538 0.0978532 0.1971149 0.0821298 0.0958594 0.0860082 0.0427934 0.1700928 0.1539340 0.0738213 0.0828647 0.0552208 0.0851385 0.1883752 0.1531994 0.1870606 
Perityle_coahuilensis_24                   0.1741062 0.1552856 0.2831370 0.2860540 0.2341121 0.1247621 0.2361249 0.1120091 0.3142947 0.1935090 0.1745505 0.0426203 0.0233369 0.0266739 0.0672963 0.1186850 0.0463331 0.2136036 0.1457734 0.0355013 0.0448099 0.0597687 0.0949705 0.0000000 0.0313003 0.0332179 0.0864089 0.1039828 0.1167628 0.2055657 0.2415430 0.1953828 0.3952061 0.2552547 0.0456047 0.2307751 0.1149262 0.0266942 0.1153574 0.1010700 0.0276616 0.1251671 0.1087606 0.0200245 0.1074743 0.1120426 0.0462108 0.0246365 0.0365619 0.1133820 0.0148398 0.0529994 0.0254672 0.0676848 0.0383589 0.1248790 0.0581393 0.0479918 0.0331874 0.0420166 0.1307779 0.1130260 0.1478413 0.0359164 0.0561747 0.1166402 0.0594568 0.2881299 0.1109014 0.0301406 0.0360269 0.1161679 0.2457547 0.0667904 0.0271500 0.0446985 0.0115450 0.2930551 0.1467723 0.0637702 0.0427016 0.0807493 0.0461517 0.3516040 0.1309527 0.1674101 
Perityle_cochisensis_44_cave_creek         0.1549348 0.1562885 0.2363657 0.2833700 0.2136670 0.1266504 0.2148253 0.1122568 0.3174882 0.1635165 0.1749733 0.0287138 0.0256492 0.0338711 0.0591217 0.1238162 0.0324135 0.1740243 0.1409381 0.0254121 0.0371770 0.0535062 0.0825863 0.0313003 0.0000000 0.0391601 0.0749511 0.0916261 0.1164435 0.1712940 0.2469523 0.1691374 0.4038405 0.1843166 0.0353623 0.2308463 0.1074844 0.0179805 0.1118065 0.0914804 0.0344681 0.0904482 0.1074304 0.0249356 0.1098875 0.1283096 0.0323087 0.0267588 0.0212447 0.1128435 0.0202437 0.0514227 0.0260584 0.0734713 0.0220611 0.1298626 0.0589953 0.0470203 0.0183472 0.0162143 0.1310327 0.1062648 0.1463845 0.0360380 0.0450225 0.1177216 0.0531852 0.2554821 0.1106849 0.0332796 0.0275943 0.1187689 0.2152004 0.0758190 0.0247627 0.0259784 0.0115586 0.2594548 0.1500251 0.0584685 0.0335065 0.0815127 0.0433657 0.2777141 0.1320990 0.1624445 
Perityle_congesta_202                      0.1925289 0.1587978 0.2720610 0.2883122 0.2798889 0.1290512 0.2378643 0.1131359 0.3300996 0.1970204 0.1874591 0.0636116 0.0318013 0.0383281 0.0588356 0.1805940 0.0711751 0.1859286 0.1744739 0.0484248 0.0662207 0.0918795 0.0687508 0.0332179 0.0391601 0.0000000 0.0993889 0.0811556 0.1433152 0.2211628 0.2406201 0.2193237 0.4041360 0.2054521 0.0763829 0.2314324 0.1461323 0.0471479 0.1441192 0.1138827 0.0269595 0.0759473 0.1360390 0.0304041 0.1334031 0.1399543 0.0768562 0.0258140 0.0343517 0.1414091 0.0169867 0.0601418 0.0303748 0.0890495 0.0702631 0.1680110 0.0623136 0.0502717 0.0310729 0.0379565 0.1539783 0.1211623 0.1845307 0.0313547 0.0695283 0.1428451 0.0705502 0.3144267 0.1391372 0.0283403 0.0576247 0.1405662 0.2766796 0.0610471 0.0262665 0.0400088 0.0100110 0.3050398 0.1757639 0.0763792 0.0569184 0.0802249 0.0446939 0.3043747 0.1395764 0.1824682 
Perityle_cordifolia_27                     0.1883218 0.1442771 0.2531580 0.2839973 0.2224411 0.1104694 0.2309314 0.1145853 0.2885349 0.2005267 0.1964966 0.0898294 0.0888388 0.0844978 0.0905080 0.1566829 0.1312039 0.2125439 0.1412832 0.0722253 0.0721668 0.1061299 0.0852406 0.0864089 0.0749511 0.0993889 0.0000000 0.1307765 0.1300212 0.1966437 0.2352393 0.1856968 0.4446060 0.2602174 0.1098489 0.2517089 0.1193995 0.0692750 0.1172979 0.1089079 0.0888667 0.1758345 0.1105015 0.0846123 0.1052998 0.1353065 0.1118170 0.0866481 0.0991228 0.1509544 0.0698539 0.0622643 0.0686677 0.0750809 0.0874394 0.1343538 0.0538069 0.0426776 0.0777728 0.0775705 0.1287334 0.1121991 0.1480466 0.0113958 0.0848690 0.1147777 0.0585835 0.3017085 0.1122988 0.0428499 0.0963780 0.1837613 0.2421391 0.1246197 0.0814596 0.0920847 0.0520674 0.2868531 0.1372637 0.0641214 0.0793972 0.0634128 0.0980798 0.3180247 0.1168209 0.1601392 
Perityle_cordifolia_68_tecolote            0.1876885 0.1202015 0.3069187 0.2890741 0.2258633 0.0925461 0.2453273 0.1022306 0.3487003 0.1961654 0.2274084 0.1105291 0.0737384 0.0974813 0.1074332 0.0894741 0.1158000 0.2278946 0.1168007 0.0667374 0.0688663 0.0977463 0.0881821 0.1039828 0.0916261 0.0811556 0.1307765 0.0000000 0.0935992 0.1968661 0.2352147 0.2107577 0.3813094 0.2508782 0.1130015 0.1925307 0.0764589 0.0570223 0.0906295 0.1195225 0.0826496 0.2001239 0.0777012 0.0873031 0.0788664 0.0930791 0.1470520 0.1073468 0.1113407 0.0846899 0.0850310 0.0919834 0.0543142 0.1175062 0.0861202 0.0824713 0.0116238 0.0564538 0.0830496 0.1257095 0.1039958 0.0661539 0.1044011 0.0367865 0.1457460 0.0912175 0.0663145 0.3018670 0.0820511 0.0553507 0.0646381 0.2434811 0.2686653 0.1358821 0.1185771 0.1246155 0.0438485 0.3086410 0.1387123 0.0512922 0.1081006 0.0566917 0.1076010 0.4020464 0.1023932 0.1471272 
Perityle_coronopifolia_28_patagonia        0.1946961 0.1356085 0.2263622 0.2789639 0.2181591 0.1245286 0.2343543 0.0966750 0.3026051 0.2002086 0.1839127 0.1325144 0.1237388 0.1160560 0.1247006 0.1067911 0.1618414 0.2049005 0.1148315 0.1172713 0.0891761 0.1560470 0.1449164 0.1167628 0.1164435 0.1433152 0.1300212 0.0935992 0.0000000 0.2127605 0.1831022 0.1931606 0.7200190 0.1948258 0.1592778 0.3395306 0.0911268 0.1226174 0.0908135 0.1396058 0.1305417 0.2127666 0.0857257 0.1082187 0.0814774 0.1005486 0.1681841 0.1240696 0.1429860 0.1133249 0.1286850 0.1078552 0.1133732 0.1130749 0.1291941 0.0872515 0.1009425 0.1008971 0.1313812 0.1265624 0.0660054 0.0841149 0.1388468 0.0718347 0.1225160 0.0111065 0.1069738 0.2847270 0.0841128 0.0616535 0.1494108 0.2970741 0.2209153 0.1432145 0.1239705 0.1179754 0.0884057 0.2595864 0.0868596 0.1143909 0.1139147 0.0401653 0.1254468 0.2189810 0.1204512 0.1330279 
Perityle_crassifolia_70_ventanas           0.1420670 0.1174513 0.1475836 0.3051772 0.1493735 0.0871111 0.1913072 0.1446100 0.2999188 0.1831751 0.1891659 0.2073662 0.2029305 0.2100683 0.1848362 0.2286498 0.1958792 0.1375686 0.1710602 0.2013630 0.2091429 0.2481281 0.1737379 0.2055657 0.1712940 0.2211628 0.1966437 0.1968661 0.2127605 0.0000000 0.1438086 0.1123134 0.7491889 0.1835574 0.1906556 0.3270222 0.1645628 0.1720582 0.2175041 0.2107434 0.2073592 0.2714594 0.2072397 0.2038219 0.2162295 0.2177835 0.2069884 0.2013070 0.2139534 0.2179982 0.1415504 0.1975428 0.1723301 0.1980966 0.2026834 0.2382959 0.1929118 0.1963643 0.2047251 0.2030203 0.2353139 0.1313465 0.2211920 0.1520540 0.2011553 0.2162920 0.1999018 0.1814546 0.1889805 0.1226912 0.2071804 0.3063101 0.1487413 0.2232378 0.2093924 0.2115783 0.1519447 0.1796152 0.2272620 0.2013528 0.2029847 0.1974251 0.2079922 0.1548285 0.1163207 0.1739736 
Perityle_crassifolia_74_playa_balandra     0.1298493 0.1390988 0.2126204 0.2650593 0.2256450 0.0995580 0.2062295 0.1559074 0.2328122 0.1651238 0.2107087 0.2097952 0.2416128 0.2511314 0.2169157 0.1729703 0.2294318 0.1729048 0.1749494 0.2236494 0.0914549 0.2343820 0.1156140 0.2415430 0.2469523 0.2406201 0.2352393 0.2352147 0.1831022 0.1438086 0.0000000 0.1439625 0.8286713 0.1652409 0.2365555 0.1885035 0.1713195 0.1752931 0.1788695 0.2644553 0.2370731 0.2775052 0.1766833 0.2451548 0.1747295 0.1821742 0.1994258 0.2412671 0.2490339 0.1713738 0.2255982 0.2520810 0.2380511 0.2349226 0.1884669 0.1804111 0.1924265 0.2098002 0.2345830 0.2407109 0.1772122 0.0922890 0.1934100 0.1268637 0.2424748 0.1873818 0.2262328 0.2406477 0.1779523 0.0911408 0.2317107 0.2432641 0.1629846 0.2277075 0.2441958 0.2516851 0.1747953 0.2419634 0.2104250 0.2062006 0.2363559 0.1815365 0.2390403 0.2645123 0.0958340 0.1802593 
Perityle_cuneata_34_cuneata_San_antonio    0.1726243 0.1378409 0.1403623 0.2872455 0.1453280 0.0761834 0.1911320 0.1295938 0.3106580 0.1995644 0.2066290 0.1895465 0.1983319 0.1975920 0.1627089 0.2259297 0.2058908 0.1124498 0.1599440 0.1854103 0.1832557 0.2386281 0.1617946 0.1953828 0.1691374 0.2193237 0.1856968 0.2107577 0.1931606 0.1123134 0.1439625 0.0000000 0.7374051 0.2001861 0.2114555 0.3419315 0.1564511 0.1683131 0.1852822 0.2165761 0.2052225 0.3077156 0.1784647 0.1905780 0.1778327 0.1896780 0.2163615 0.1891836 0.2084830 0.1892414 0.1578581 0.1895700 0.1682475 0.1930572 0.1997691 0.2158635 0.1664151 0.1726751 0.1946886 0.1939819 0.1975863 0.1146554 0.1980153 0.1316909 0.1784846 0.1919906 0.1751926 0.1970944 0.1627177 0.0954241 0.2234555 0.3273418 0.1826014 0.1969048 0.1903106 0.1955805 0.1384281 0.1821222 0.2108135 0.1880350 0.1797313 0.1643712 0.1983261 0.1225284 0.1271635 0.1722179 
Perityle_cuneata_4                         0.2505199 0.7909303 0.7525896 0.8403773 0.7255675 0.8417018 0.7733215 0.7360637 0.6130655 0.3778599 0.4188903 0.6902063 0.3995514 0.4010573 0.7051865 0.7042548 0.6796061 0.7806244 0.6898248 0.6902063 0.6982618 0.7246572 0.7654885 0.3952061 0.4038405 0.4041360 0.4446060 0.3813094 0.7200190 0.7491889 0.8286713 0.7374051 0.0000000 0.3815642 0.6920248 0.3604869 0.6800634 0.6886441 0.6718543 0.3675876 0.3935612 0.4053420 0.6846456 0.3873662 0.6805259 0.6689643 0.6734791 0.4149209 0.4006850 0.7008732 0.3582804 0.4296219 0.3697155 0.3971858 0.6937490 0.7727049 0.4280385 0.7264873 0.4029528 0.4657510 0.7326144 0.7480375 0.7071517 0.7132244 0.6950170 0.7277584 0.7014376 0.7790990 0.6671729 0.7434948 0.6990887 0.4170359 0.7284630 0.3925258 0.4632051 0.3993736 0.3688922 0.7767282 0.4330516 0.7341557 0.6864225 0.7186021 0.4590505 0.7806114 0.6773426 0.7032562 
Perityle_discoidea_81                      0.0682828 0.1355004 0.2689676 0.3192531 0.2157951 0.0882373 0.2339362 0.1246333 0.3454387 0.0106877 0.2308740 0.2130539 0.1932113 0.1893727 0.2117583 0.2054600 0.2424970 0.2159105 0.1586475 0.2035302 0.1656586 0.2483671 0.1757855 0.2552547 0.1843166 0.2054521 0.2602174 0.2508782 0.1948258 0.1835574 0.1652409 0.2001861 0.3815642 0.0000000 0.2245995 0.1829959 0.1532391 0.1769385 0.1972093 0.2145994 0.1797907 0.3430412 0.1982321 0.1961517 0.1987196 0.2062852 0.2469357 0.2016039 0.2132806 0.2016139 0.1793260 0.1941705 0.1600616 0.1981016 0.2036357 0.2086255 0.1580008 0.1982429 0.1776111 0.2251536 0.2098552 0.1404985 0.1875275 0.1504051 0.2782695 0.1955318 0.2156160 0.2752854 0.1861152 0.1015897 0.2214326 0.3181391 0.1283571 0.2347829 0.2430055 0.2272697 0.0984300 0.2783829 0.2211607 0.1923412 0.2391187 0.1753596 0.2100215 0.3514279 0.1218365 0.1750323 
Perityle_dissecta_201                      0.2114332 0.1470624 0.2878643 0.2935672 0.2116950 0.1192869 0.2239946 0.1094074 0.2843032 0.2211997 0.2161600 0.0567442 0.0752502 0.0359968 0.0743835 0.1604065 0.0518062 0.2108771 0.1590308 0.0343641 0.0559549 0.0829179 0.0608136 0.0456047 0.0353623 0.0763829 0.1098489 0.1130015 0.1592778 0.1906556 0.2365555 0.2114555 0.6920248 0.2245995 0.0000000 0.3378405 0.1315521 0.0288676 0.1250983 0.1019133 0.0805428 0.1688577 0.1258318 0.0346809 0.1144303 0.1361270 0.0516598 0.0773619 0.0909965 0.1572427 0.0641001 0.0747285 0.0463290 0.0515915 0.0378002 0.1296832 0.0545283 0.0478285 0.0909574 0.0846727 0.1192287 0.1104303 0.1542487 0.0334780 0.0772138 0.1261013 0.0460123 0.3212927 0.1183225 0.0583937 0.0404031 0.1756832 0.2149390 0.1287492 0.0765397 0.0619165 0.0382694 0.2944183 0.1392918 0.0747934 0.0593713 0.0644193 0.0911497 0.3110046 0.1223540 0.1628750 
Perityle_emoryi_47_punta_san_jose          0.1763873 0.2365734 0.3880965 0.4325698 0.3255871 0.1893911 0.3603483 0.1963577 0.4073190 0.1870244 0.2407097 0.3520287 0.2385854 0.2372576 0.2860408 0.3349596 0.3441465 0.3345031 0.3314526 0.3440242 0.2288081 0.3628390 0.2446300 0.2307751 0.2308463 0.2314324 0.2517089 0.1925307 0.3395306 0.3270222 0.1885035 0.3419315 0.3604869 0.1829959 0.3378405 0.0000000 0.3097137 0.3366884 0.3187319 0.2463050 0.2262101 0.2432889 0.3288350 0.2306959 0.3222631 0.3314712 0.3569875 0.2447975 0.2285340 0.3288004 0.2060526 0.2391507 0.2331914 0.2416968 0.3485203 0.3625994 0.1840130 0.3002011 0.2334049 0.2711738 0.3033293 0.1871747 0.3231833 0.2455275 0.3705486 0.3345158 0.3142994 0.3351614 0.3310504 0.5255358 0.3335672 0.2443430 0.2921991 0.2366835 0.2869826 0.2275699 0.1355134 0.3460943 0.2903808 0.3464137 0.3651397 0.3103992 0.2713753 0.3800431 0.2362140 0.3217395 
Perityle_feddemae_99                       0.1401329 0.1100777 0.1933641 0.2643697 0.1639720 0.1045275 0.1916176 0.1074462 0.2398224 0.1672395 0.1482090 0.1217269 0.1261443 0.1088431 0.0999552 0.1138994 0.1252565 0.1680454 0.0988733 0.1126454 0.0821198 0.1591167 0.1260373 0.1149262 0.1074844 0.1461323 0.1193995 0.0764589 0.0911268 0.1645628 0.1713195 0.1564511 0.6800634 0.1532391 0.1315521 0.3097137 0.0000000 0.1091754 0.0779204 0.1247669 0.1309603 0.2438868 0.0253686 0.1034274 0.0239379 0.0792222 0.1402285 0.1216148 0.1288272 0.0378336 0.1332829 0.1075205 0.1002021 0.1090914 0.1144881 0.1135092 0.0905970 0.0903707 0.1253296 0.1214118 0.0982913 0.0655362 0.1164277 0.0703585 0.1198044 0.0789639 0.0935979 0.2175946 0.0751237 0.0520925 0.1370632 0.2106597 0.1663256 0.1246482 0.1240908 0.1107969 0.0806466 0.1990311 0.0732419 0.1169112 0.1144855 0.0672248 0.1235129 0.1849292 0.1043823 0.1123688 
Perityle_fosteri_93                        0.1848725 0.1483832 0.1996137 0.2862985 0.1960922 0.1212844 0.2118521 0.1061251 0.2668001 0.1792276 0.1759117 0.0284361 0.0342265 0.0180272 0.0302508 0.1444423 0.0060497 0.1861741 0.1410397 0.0126185 0.0303990 0.0674938 0.0710382 0.0266942 0.0179805 0.0471479 0.0692750 0.0570223 0.1226174 0.1720582 0.1752931 0.1683131 0.6886441 0.1769385 0.0288676 0.3366884 0.1091754 0.0000000 0.1058407 0.0642914 0.0359315 0.1140342 0.1090699 0.0192711 0.1122022 0.1079362 0.0226068 0.0296930 0.0349733 0.1151514 0.0298695 0.0636977 0.0247374 0.0527847 0.0121532 0.1423645 0.0568804 0.0450280 0.0301532 0.0293562 0.1253419 0.0999340 0.1413969 0.0333444 0.0292399 0.1226921 0.0500336 0.2360392 0.1050997 0.0118955 0.0114732 0.1610161 0.1858271 0.0391738 0.0319225 0.0330354 0.0191343 0.2397713 0.1181029 0.0628611 0.0298240 0.0776768 0.0320308 0.1979034 0.1258123 0.1593150 
Perityle_gamon_221                         0.1896917 0.1293907 0.2236941 0.2896796 0.2105287 0.1157352 0.2352849 0.1067400 0.2814744 0.2061267 0.1947627 0.1225285 0.1196972 0.1109835 0.1224948 0.1124488 0.1241215 0.2058414 0.1105972 0.1093698 0.0835325 0.1522906 0.1441034 0.1153574 0.1118065 0.1441192 0.1172979 0.0906295 0.0908135 0.2175041 0.1788695 0.1852822 0.6718543 0.1972093 0.1250983 0.3187319 0.0779204 0.1058407 0.0000000 0.1425006 0.1292849 0.2102964 0.0735113 0.1086264 0.0725186 0.0111588 0.1375532 0.1208908 0.1226224 0.0779774 0.1341667 0.1110895 0.1088183 0.1159093 0.1192425 0.1068677 0.1031891 0.1042976 0.1220012 0.1192217 0.1043634 0.0833000 0.1261943 0.0674850 0.1170606 0.0884078 0.1028103 0.2615924 0.0728261 0.0554373 0.1361904 0.2905583 0.2242050 0.1329820 0.1254715 0.1132955 0.0851094 0.2454943 0.0812661 0.1141920 0.1158546 0.0618114 0.1227963 0.2191998 0.1085222 0.1296868 
Perityle_gentryi_8_san_francisco           0.1996899 0.1586658 0.2739356 0.2968751 0.2555778 0.1327940 0.2529490 0.1250278 0.3628692 0.2069022 0.2112429 0.0924467 0.0987481 0.1076618 0.1061420 0.1563449 0.1033329 0.1980537 0.1577341 0.0892749 0.1020240 0.1499436 0.0889739 0.1010700 0.0914804 0.1138827 0.1089079 0.1195225 0.1396058 0.2107434 0.2644553 0.2165761 0.3675876 0.2145994 0.1019133 0.2463050 0.1247669 0.0642914 0.1425006 0.0000000 0.0853532 0.1659627 0.1299423 0.1027310 0.1290215 0.1437714 0.1199810 0.1002229 0.1056198 0.1337056 0.0893290 0.0950673 0.0789918 0.0893875 0.0905293 0.1602747 0.0607841 0.0741923 0.0837694 0.0979042 0.1563164 0.1351042 0.1849161 0.0477585 0.1201572 0.1401275 0.0993857 0.2922423 0.1272609 0.0644260 0.1009686 0.2036631 0.2707607 0.1325133 0.0981653 0.1076725 0.0513663 0.3131740 0.1616820 0.0814487 0.1070407 0.0740308 0.0991548 0.3044761 0.1454556 0.1786201 
Perityle_gilensis_22_Superstition          0.1760553 0.1519494 0.2517630 0.2670858 0.2536281 0.1269074 0.2176389 0.1102415 0.3110899 0.1804387 0.1819195 0.0552753 0.0219641 0.0286632 0.0552282 0.1611153 0.0747393 0.1913723 0.1613907 0.0377446 0.0500018 0.0890522 0.0463328 0.0276616 0.0344681 0.0269595 0.0888667 0.0826496 0.1305417 0.2073592 0.2370731 0.2052225 0.3935612 0.1797907 0.0805428 0.2262101 0.1309603 0.0359315 0.1292849 0.0853532 0.0000000 0.0476532 0.1192482 0.0215934 0.1135857 0.1292741 0.0815037 0.0266019 0.0350601 0.1341275 0.0175659 0.0491760 0.0207993 0.0920525 0.0568114 0.1546543 0.0646825 0.0351469 0.0340984 0.0350274 0.1356498 0.1187923 0.1644443 0.0376674 0.0550795 0.1296384 0.0618790 0.3109629 0.1223599 0.0286225 0.0654882 0.1198149 0.2512134 0.0535634 0.0320875 0.0311417 0.0144734 0.2826981 0.1644234 0.0672240 0.0429059 0.0812516 0.0345153 0.2655586 0.1247228 0.1693684 
Perityle_gilensis_salensis_225             0.2889071 0.2166491 0.3737502 0.3738049 0.3455353 0.1411646 0.3223465 0.1788096 0.3597764 0.2533685 0.2622746 0.1453787 0.0776732 0.1014013 0.1347698 0.2610609 0.1542193 0.2839307 0.2717895 0.0948236 0.1475492 0.1586927 0.0969552 0.1251671 0.0904482 0.0759473 0.1758345 0.2001239 0.2127666 0.2714594 0.2775052 0.3077156 0.4053420 0.3430412 0.1688577 0.2432889 0.2438868 0.1140342 0.2102964 0.1659627 0.0476532 0.0000000 0.2050460 0.0928771 0.2073949 0.2067540 0.1648093 0.0966199 0.1018984 0.2264428 0.0481965 0.1196881 0.0679225 0.1198272 0.1219418 0.2519728 0.0992707 0.1058215 0.0735925 0.1003537 0.2314611 0.1648308 0.2679346 0.0585972 0.1417530 0.2110248 0.1029482 0.4200046 0.2188494 0.0209591 0.0975513 0.1221207 0.3241598 0.1400444 0.1264910 0.1049289 0.0204949 0.4009632 0.2319525 0.1133386 0.1176246 0.0950200 0.1043759 0.4540352 0.2961483 0.2810661 
Perityle_glaucescens_94                    0.1951072 0.1146844 0.2106246 0.2685407 0.1983513 0.1046341 0.2239913 0.1073947 0.2826722 0.2049557 0.1856117 0.1149403 0.1104363 0.1101301 0.0984780 0.1146939 0.1224183 0.2024646 0.1050767 0.1082662 0.0824639 0.1466297 0.1323347 0.1087606 0.1074304 0.1360390 0.1105015 0.0777012 0.0857257 0.2072397 0.1766833 0.1784647 0.6846456 0.1982321 0.1258318 0.3288350 0.0253686 0.1090699 0.0735113 0.1299423 0.1192482 0.2050460 0.0000000 0.1021449 0.0191206 0.0731306 0.1372115 0.1117532 0.1137900 0.0209706 0.1272895 0.1018730 0.1004281 0.1058623 0.1112280 0.1070790 0.0911598 0.0916672 0.1115494 0.1076871 0.1054036 0.0900135 0.1136400 0.0770800 0.1081825 0.0811379 0.0950426 0.2546123 0.0735139 0.0520925 0.1309318 0.3002430 0.2164119 0.1155004 0.1157111 0.1074259 0.0837214 0.2310511 0.0690978 0.1043594 0.1074121 0.0695736 0.1118754 0.2024522 0.1021022 0.1238445 
Perityle_gracilis_11                       0.1721764 0.1588110 0.2769571 0.2812808 0.2270212 0.1233068 0.2333347 0.1106981 0.3302065 0.1812211 0.1680413 0.0266783 0.0150411 0.0196792 0.0640352 0.1119106 0.0251242 0.1920597 0.1378018 0.0283254 0.0380278 0.0397602 0.0821811 0.0200245 0.0249356 0.0304041 0.0846123 0.0873031 0.1082187 0.2038219 0.2451548 0.1905780 0.3873662 0.1961517 0.0346809 0.2306959 0.1034274 0.0192711 0.1086264 0.1027310 0.0215934 0.0928771 0.1021449 0.0000000 0.1016825 0.1062994 0.0339114 0.0169776 0.0294372 0.1067513 0.0140378 0.0446941 0.0221852 0.0674215 0.0249183 0.1173342 0.0619621 0.0457010 0.0218339 0.0295388 0.1262097 0.1178094 0.1231823 0.0381045 0.0428266 0.1092329 0.0526558 0.2624152 0.1046137 0.0301811 0.0288225 0.1172063 0.2416446 0.0585173 0.0178699 0.0334676 0.0125753 0.2690709 0.1527035 0.0574047 0.0303405 0.0794772 0.0301155 0.2996235 0.1322825 0.1621356 
