84
Amauria_brandeegeana_62                    0.0000000 0.1441048 0.1101609 0.2149850 0.1466250 0.1893103 0.3539398 0.0713480 0.1460254 0.1340516 0.1765811 0.1369675 0.0939866 0.1393937 0.0608085 0.2082081 0.1546419 0.1347382 0.1088337 0.0991023 0.0861735 0.1149733 0.1442892 0.1238800 0.1383170 0.1679339 0.1391595 0.1404482 0.1290948 0.1303033 0.2574029 0.0459940 0.1113257 0.0305319 0.1557298 0.1066051 0.1553324 0.1356884 0.1348299 0.1318294 0.1503836 0.1241737 0.1608745 0.1568577 0.1279880 0.1555225 0.1376265 0.1505587 0.1302689 0.1689161 0.1298745 0.1323241 0.1123270 0.1175956 0.1614269 0.1049652 0.1327834 0.1153309 0.1430447 0.1279276 0.1400502 0.1013852 0.1654007 0.1627527 0.1496880 0.1382044 0.1334237 0.1042035 0.1725933 0.1344365 0.1430635 0.1770014 0.1072439 0.1280402 0.2179691 0.1415192 0.1743657 0.2406175 0.1332737 0.1794816 0.1189045 0.2327422 0.1154283 0.1512662 
Amauria_carterae_99_mesa                   0.1441048 0.0000000 0.1738002 0.2195780 0.1519246 0.1705627 0.3012505 0.1721072 0.1472798 0.1343019 0.1518339 0.1236755 0.1262684 0.1452336 0.0802930 0.1263801 0.1403418 0.1337701 0.1225562 0.1453780 0.1164290 0.0526064 0.1468184 0.1417725 0.1098013 0.1627146 0.1627556 0.1598188 0.1870080 0.1983033 0.1289354 0.1334607 0.1237510 0.1612816 0.1749380 0.1206613 0.1628066 0.1451062 0.1294801 0.1390456 0.1666320 0.1386625 0.1813738 0.1508405 0.1290365 0.1421620 0.1258410 0.1666320 0.1269890 0.1146248 0.1210759 0.0334768 0.1272723 0.1682081 0.1495133 0.1508197 0.1259339 0.1433905 0.2120104 0.1344246 0.1363816 0.0880589 0.1404208 0.1626383 0.1099522 0.1483299 0.1575617 0.0453720 0.1573441 0.1353345 0.1684963 0.1385625 0.1401875 0.1441826 0.2225287 0.1417869 0.1565790 0.1561554 0.1329966 0.1522653 0.1351838 0.1754827 0.1294176 0.1587236 
Amauria_rotundifolia_SRR9119150            0.1101609 0.1738002 0.0000000 0.2034539 0.1699568 0.2124192 0.3973792 0.2682861 0.3018016 0.1692062 0.2081500 0.1346081 0.1051295 0.1520346 0.0663637 0.2279860 0.2342602 0.1265694 0.1170700 0.1234820 0.1006680 0.1295552 0.1102181 0.1249286 0.3103998 0.2568872 0.1800730 0.1475861 0.0968510 0.1366357 0.3809927 0.1219410 0.1127871 0.1041536 0.1922309 0.1167096 0.1670268 0.1768012 0.2808983 0.2721272 0.1914734 0.1535897 0.1727120 0.1594934 0.1373859 0.2678034 0.2235819 0.1887186 0.2679528 0.1884397 0.2841340 0.1381386 0.1169385 0.1121921 0.1712591 0.1065184 0.2363057 0.1558326 0.1469227 0.1261683 0.1336042 0.1049704 0.1870089 0.2296144 0.2632536 0.2275737 0.2387881 0.1455804 0.2882384 0.2780951 0.2760254 0.2961948 0.1345823 0.1812855 0.2573457 0.2666960 0.3083475 0.3197045 0.2383637 0.2043193 0.1813967 0.3026654 0.1126553 0.1357895 
Conoclinium_coelestinum_SRR9119114         0.2149850 0.2195780 0.2034539 0.0000000 0.2186569 0.1330364 0.3634312 0.2998170 0.2377008 0.1696120 0.2180272 0.2142604 0.1700398 0.1767017 0.0943736 0.3321339 0.2318056 0.1802475 0.1855346 0.1705217 0.1659688 0.1813570 0.1968411 0.1821400 0.2185654 0.2578453 0.1843959 0.2062382 0.1819463 0.2385817 0.3024139 0.2109603 0.1726701 0.2119306 0.2190075 0.1685599 0.2023398 0.1714768 0.2158877 0.2077418 0.2235801 0.1756703 0.2240065 0.2140322 0.1819213 0.2473460 0.2055105 0.2319383 0.2131965 0.2256307 0.2178913 0.1921532 0.1598202 0.1719161 0.2074934 0.1829999 0.2073332 0.1765116 0.2373830 0.1730647 0.1879034 0.1536802 0.2210199 0.2160312 0.2603818 0.1972390 0.2233567 0.1955831 0.2099539 0.2138091 0.2318967 0.1866123 0.1657711 0.1866756 0.3217253 0.2352168 0.2425395 0.3286277 0.2088261 0.2728150 0.1643187 0.3044041 0.1858573 0.1646002 
Eutetras_palmeri_63                        0.1466250 0.1519246 0.1699568 0.2186569 0.0000000 0.1648898 0.3704875 0.1994521 0.1869117 0.1356747 0.1315534 0.1061439 0.0695965 0.1436705 0.0417689 0.2501548 0.1702759 0.1200363 0.1049382 0.0805306 0.0490881 0.1161837 0.1464705 0.1184542 0.1405419 0.1980935 0.1372866 0.1194197 0.1043039 0.1821837 0.2859067 0.1430099 0.1002158 0.1140668 0.1728389 0.0760153 0.1850394 0.1481582 0.1454287 0.1398088 0.1758694 0.0815902 0.1794699 0.1784936 0.1171695 0.1555908 0.1324186 0.1775148 0.1275121 0.1395059 0.1154600 0.1167554 0.1028710 0.0934588 0.1232399 0.0759569 0.1372617 0.0871885 0.1448778 0.1095533 0.1402493 0.0976535 0.1670673 0.1951860 0.1867490 0.1709340 0.1858635 0.0991283 0.1537879 0.1384463 0.1336929 0.1462454 0.0804847 0.1070797 0.2246911 0.1848815 0.2243824 0.2518095 0.1408104 0.1567283 0.0740373 0.2720740 0.1063459 0.1508860 
Eutrochium_fistulosum_SRR9119106           0.1893103 0.1705627 0.2124192 0.1330364 0.1648898 0.0000000 0.3550646 0.2575763 0.2757837 0.2016431 0.1887193 0.1689921 0.1145433 0.1572378 0.0599554 0.3106441 0.1632862 0.1631938 0.1279538 0.0962057 0.1071701 0.1327186 0.1540057 0.1511403 0.2587296 0.2368468 0.1953795 0.1622506 0.1288012 0.2249231 0.3402640 0.1652846 0.1293972 0.1408844 0.2411827 0.1056183 0.2215461 0.1793188 0.2410171 0.2124232 0.2394108 0.1528841 0.2431399 0.2329505 0.1614421 0.2473248 0.2094906 0.2381417 0.2348645 0.1740079 0.1698853 0.1229309 0.1215163 0.1245830 0.1451728 0.1097799 0.2101987 0.1117927 0.1701098 0.1326820 0.1343036 0.1018118 0.2314903 0.2439738 0.2713947 0.2104764 0.2018248 0.1069941 0.2064296 0.2188616 0.2201899 0.2079923 0.0942588 0.1894218 0.2560558 0.2016958 0.2350152 0.3344990 0.2040885 0.1654618 0.1515393 0.3164418 0.1375450 0.1672805 
Helianthus_annuus_SRR9119062               0.3539398 0.3012505 0.3973792 0.3634312 0.3704875 0.3550646 0.0000000 0.4715676 0.4513713 0.2895350 0.3841836 0.3165714 0.2143167 0.3265107 0.1129867 0.4815653 0.3892152 0.2971498 0.2807664 0.2624177 0.2021730 0.1966356 0.3935121 0.2930073 0.4645979 0.4054434 0.3178874 0.2769064 0.3031003 0.4307452 0.4710787 0.3283971 0.2913356 0.3047791 0.4589895 0.2116660 0.4043390 0.3151476 0.4054748 0.3999406 0.4435170 0.3011716 0.4437992 0.4382378 0.3047049 0.4094921 0.3785029 0.4357945 0.3619546 0.2533655 0.3622550 0.1943818 0.2739597 0.2764246 0.2678194 0.2616300 0.3859292 0.2518014 0.3043157 0.2336639 0.3209286 0.2108101 0.3492581 0.4350119 0.3752527 0.3593442 0.3979599 0.1642104 0.4237806 0.4072270 0.4360770 0.3644246 0.2206408 0.3117376 0.4258196 0.4233958 0.4588853 0.4988769 0.3916611 0.2749348 0.2921375 0.4617206 0.2839860 0.3285464 
Lycapsus_tenuifolius_17                    0.0713480 0.1721072 0.2682861 0.2998170 0.1994521 0.2575763 0.4715676 0.0000000 0.3149233 0.1245143 0.2461389 0.1430914 0.1085749 0.1487024 0.0750675 0.2367820 0.2386198 0.1195128 0.1140728 0.1253351 0.0939842 0.1262802 0.2685754 0.1231022 0.3274569 0.2250439 0.1266780 0.1176087 0.1410396 0.2518068 0.3453824 0.0487741 0.1179134 0.0510294 0.2809075 0.1107635 0.2659376 0.1498707 0.2733428 0.2692892 0.2913003 0.1256735 0.2863514 0.2659055 0.1186175 0.2841820 0.2576886 0.2863689 0.2305746 0.1497659 0.2882711 0.1335463 0.1041391 0.1440890 0.1614132 0.1182783 0.2659317 0.1280225 0.1466322 0.1366628 0.1549850 0.1269083 0.1841241 0.2779998 0.2334045 0.1528223 0.2607495 0.1090592 0.3286804 0.2863726 0.2650098 0.2146650 0.1199865 0.1410698 0.2721814 0.2765928 0.3011246 0.3640172 0.2666457 0.1726044 0.1136272 0.3393918 0.1250833 0.1065897 
Pericome_caudata_50_silver                 0.1460254 0.1472798 0.3018016 0.2377008 0.1869117 0.2757837 0.4513713 0.3149233 0.0000000 0.1354445 0.2121724 0.1369105 0.0715665 0.0903776 0.0411348 0.2377798 0.2588775 0.1099931 0.1086207 0.0859917 0.0640431 0.1122466 0.2733960 0.0971592 0.4013905 0.2384451 0.1466605 0.1036930 0.0806497 0.2959080 0.5160636 0.1533651 0.0850473 0.1392808 0.3441958 0.0898369 0.2656411 0.1446917 0.3272505 0.2485980 0.3141187 0.1355328 0.2762195 0.3032985 0.1116731 0.3018592 0.2241886 0.3091883 0.2302845 0.1361754 0.2913834 0.1334828 0.0787115 0.0737980 0.1280482 0.0712446 0.2034248 0.1233856 0.1355022 0.0947040 0.1191360 0.0704456 0.1719314 0.2734578 0.3070772 0.1948851 0.3196397 0.1110814 0.2910355 0.3011982 0.3189032 0.2921267 0.0890147 0.1633340 0.2299739 0.2878024 0.2326171 0.3771546 0.2113660 0.1711875 0.2048685 0.3441383 0.0793903 0.1083118 
Perityle_aglossa_84_dead_horse             0.1340516 0.1343019 0.1692062 0.1696120 0.1356747 0.2016431 0.2895350 0.1245143 0.1354445 0.0000000 0.1090797 0.0917127 0.0396941 0.0963284 0.0729117 0.2339531 0.1248494 0.0454857 0.0539250 0.0502933 0.0392232 0.0662661 0.0575906 0.0347625 0.2070992 0.1436724 0.1198112 0.1118537 0.0840471 0.1252450 0.3015249 0.1320793 0.0357913 0.1166126 0.1747603 0.0377676 0.1008470 0.1509928 0.1480389 0.0564228 0.1442812 0.0932038 0.1119838 0.1253308 0.0544705 0.1946866 0.0843178 0.1339344 0.0807398 0.0918386 0.0514098 0.0665660 0.0241663 0.0812434 0.1091398 0.0602658 0.0431972 0.0515022 0.1460560 0.0996223 0.1060831 0.0636998 0.0761595 0.1415014 0.2274053 0.1567188 0.1039488 0.0336296 0.1132870 0.1256806 0.1034150 0.1258019 0.0488223 0.1280400 0.1913467 0.1478565 0.1421268 0.2819848 0.0557836 0.1507062 0.1738731 0.1963715 0.0726655 0.1083111 
Perityle_ajoensis_204                      0.1765811 0.1518339 0.2081500 0.2180272 0.1315534 0.1887193 0.3841836 0.2461389 0.2121724 0.1090797 0.0000000 0.1201203 0.0533694 0.1461536 0.0524276 0.2343069 0.1313642 0.0973591 0.0741745 0.0548265 0.0320022 0.0797815 0.1085734 0.0848242 0.1563313 0.1732256 0.1497988 0.1149924 0.1016733 0.2007955 0.2695084 0.1568752 0.0838858 0.1242009 0.1922643 0.0622169 0.1827223 0.1416156 0.0975218 0.0975322 0.1921813 0.1019422 0.1913281 0.1754518 0.1013579 0.1939616 0.1044567 0.1885675 0.0936081 0.1244313 0.0592152 0.0678487 0.0722124 0.0974036 0.0889627 0.0825109 0.1005133 0.0565244 0.1440875 0.1052383 0.1223411 0.0811274 0.1571097 0.2130369 0.2322821 0.1533325 0.1724810 0.0422968 0.1102432 0.0935906 0.1265795 0.1242108 0.0539210 0.1062089 0.1910282 0.1468292 0.2083497 0.2993043 0.0744148 0.1433502 0.1015113 0.2645999 0.1011034 0.1277579 
Perityle_ambrosiifolia_67_green            0.1369675 0.1236755 0.1346081 0.2142604 0.1061439 0.1689921 0.3165714 0.1430914 0.1369105 0.0917127 0.1201203 0.0000000 0.0344642 0.1257137 0.0525280 0.2088476 0.1404118 0.0789000 0.0920531 0.0711254 0.0323788 0.0852827 0.0977633 0.0851414 0.0672007 0.1275230 0.1155725 0.1102029 0.0796530 0.1385733 0.2036364 0.1440220 0.0675072 0.1306366 0.1219514 0.0580244 0.1276432 0.1156078 0.1029534 0.0914447 0.1237583 0.0674846 0.1278402 0.1231087 0.0684931 0.0923526 0.0947346 0.1218500 0.0819332 0.0936280 0.0942535 0.1024940 0.0570371 0.0809972 0.1308758 0.0597833 0.0961058 0.0853929 0.1331660 0.0922530 0.1072370 0.0595799 0.1185883 0.1441625 0.0966528 0.1530508 0.1108367 0.0953240 0.1274008 0.1027806 0.1130360 0.1010401 0.0681250 0.1036686 0.1942462 0.1619386 0.1506851 0.1746609 0.1042083 0.1602952 0.0446112 0.2042131 0.0823423 0.1287220 
Perityle_angustifolia_13_Eagle_creek       0.0939866 0.1262684 0.1051295 0.1700398 0.0695965 0.1145433 0.2143167 0.1085749 0.0715665 0.0396941 0.0533694 0.0344642 0.0000000 0.0995844 0.0457577 0.1796038 0.0805100 0.0370331 0.0391751 0.0632525 0.0070254 0.0253442 0.0547440 0.0441892 0.1055346 0.0861736 0.0928163 0.1314542 0.1109783 0.1152948 0.1421653 0.1020890 0.0394822 0.0938757 0.0919374 0.0369970 0.0901058 0.0941230 0.0495344 0.0468924 0.0932356 0.0553975 0.0933962 0.0743296 0.0416662 0.0580532 0.0442444 0.0876571 0.0369981 0.0526036 0.0417267 0.0368238 0.0345222 0.0909934 0.0889227 0.0837908 0.0417402 0.0638378 0.1503493 0.0982833 0.0835968 0.0783890 0.0419798 0.0927585 0.0756707 0.1129499 0.1164520 0.0317555 0.0625698 0.0341857 0.1318604 0.0553628 0.0585381 0.0612966 0.2277592 0.1198204 0.0968814 0.1784574 0.0342865 0.0981183 0.0553629 0.1535415 0.0916234 0.0755532 
Perityle_batopilensis_97                   0.1393937 0.1452336 0.1520346 0.1767017 0.1436705 0.1572378 0.3265107 0.1487024 0.0903776 0.0963284 0.1461536 0.1257137 0.0995844 0.0000000 0.0392400 0.2246156 0.1151012 0.1010181 0.0836344 0.0853729 0.1123506 0.0949739 0.1045752 0.0969504 0.1488091 0.1223363 0.0968480 0.1231025 0.1020763 0.1395344 0.2309523 0.1471523 0.0796904 0.1403365 0.1163170 0.0795329 0.1165607 0.0297882 0.0828579 0.0927798 0.1050566 0.1102932 0.1198623 0.1162866 0.0968837 0.1294897 0.0876280 0.1050296 0.0950867 0.1540775 0.1007508 0.0905811 0.0799528 0.0974421 0.1463545 0.0791680 0.0829192 0.0948342 0.1637773 0.0956182 0.1023343 0.0782072 0.1123132 0.1009891 0.1189253 0.1100873 0.1111540 0.0838470 0.1403082 0.0843306 0.1173734 0.1635829 0.0796114 0.0983117 0.2275799 0.1273002 0.1354638 0.2401642 0.0866686 0.1734481 0.1014637 0.1914315 0.1041038 0.1194472 
Perityle_bisetosa_9                        0.0608085 0.0802930 0.0663637 0.0943736 0.0417689 0.0599554 0.1129867 0.0750675 0.0411348 0.0729117 0.0524276 0.0525280 0.0457577 0.0392400 0.0000000 0.0526731 0.0595440 0.0460178 0.0457577 0.0666130 0.0459301 0.0456710 0.0524276 0.0594548 0.0663012 0.0597352 0.0135041 0.0193335 0.0260306 0.0546102 0.0526731 0.0678115 0.0525162 0.0749167 0.0814647 0.0527736 0.0393887 0.0459845 0.0524276 0.0527268 0.0815653 0.0527736 0.0815844 0.0596971 0.0525280 0.0527736 0.0594548 0.0815653 0.0525280 0.0731887 0.0594548 0.0527590 0.0458448 0.0392364 0.0597352 0.0603655 0.0594548 0.0735874 0.0607280 0.0258604 0.0326163 0.0734027 0.0525162 0.0134808 0.0805783 0.0215765 0.0738345 0.0613876 0.0063907 0.0456710 0.0128677 0.0527736 0.0541483 0.0529923 0.0597954 0.0600268 0.0258364 0.0595116 0.0458732 0.0461579 0.0527736 0.0666175 0.0527745 0.0000010 
Perityle_californica_76_positas            0.2082081 0.1263801 0.2279860 0.3321339 0.2501548 0.3106441 0.4815653 0.2367820 0.2377798 0.2339531 0.2343069 0.2088476 0.1796038 0.2246156 0.0526731 0.0000000 0.2630592 0.2341897 0.2162708 0.2279918 0.0888191 0.3105416 0.2166984 0.2222507 0.1879182 0.2573351 0.2124626 0.1230675 0.0851138 0.2555356 0.2024801 0.2006059 0.2107772 0.2017078 0.2267548 0.2323232 0.2319637 0.2338092 0.2146635 0.2448221 0.2279008 0.2256524 0.2226928 0.2231133 0.2237181 0.2426342 0.2272890 0.2279201 0.2268704 0.2541022 0.2694601 0.3213814 0.1962160 0.1895644 0.2478883 0.2038314 0.2258219 0.2542543 0.2013107 0.1662846 0.2259041 0.1835928 0.2464483 0.2527825 0.2480097 0.2573146 0.2413937 0.3622251 0.2495357 0.2457071 0.1641698 0.2276050 0.2444174 0.2619158 0.2435322 0.2737435 0.2603376 0.2582897 0.2441046 0.3015858 0.2048861 0.2281904 0.1275436 0.0836226 
Perityle_canescens_77                      0.1546419 0.1403418 0.2342602 0.2318056 0.1702759 0.1632862 0.3892152 0.2386198 0.2588775 0.1248494 0.1313642 0.1404118 0.0805100 0.1151012 0.0595440 0.2630592 0.0000000 0.1085190 0.1175669 0.0868105 0.0849371 0.0943105 0.1943047 0.0945312 0.1964131 0.1975136 0.1167569 0.1192009 0.0985017 0.2402210 0.3207810 0.1463175 0.0832688 0.1388933 0.2234488 0.0916198 0.1912698 0.1097781 0.1851102 0.1863296 0.2247082 0.1091704 0.2300595 0.2174594 0.1053956 0.2049799 0.1277549 0.2170700 0.1499161 0.1358150 0.1890692 0.0718049 0.0792357 0.0906741 0.1179951 0.0830627 0.1706301 0.1079545 0.1347088 0.1117795 0.1300522 0.0805153 0.1744941 0.2536200 0.2109966 0.1559866 0.2437778 0.0957500 0.1990681 0.1923940 0.2075550 0.1724237 0.0927936 0.1067318 0.2689298 0.2364161 0.2406467 0.2912058 0.1618856 0.1422476 0.0967481 0.3276503 0.1140823 0.0977777 
Perityle_castillonii_96                    0.1347382 0.1337701 0.1265694 0.1802475 0.1200363 0.1631938 0.2971498 0.1195128 0.1099931 0.0454857 0.0973591 0.0789000 0.0370331 0.1010181 0.0460178 0.2341897 0.1085190 0.0000000 0.0306691 0.0538146 0.0360754 0.0809918 0.0676235 0.0437368 0.1281147 0.1129106 0.0930978 0.1192168 0.0867443 0.1200013 0.2162924 0.1318836 0.0371269 0.1099384 0.1072983 0.0337778 0.1092252 0.0870074 0.0666320 0.0438174 0.1067834 0.0834570 0.1126297 0.1020762 0.0468007 0.1096458 0.0680102 0.1067559 0.0471940 0.0962389 0.0547429 0.0624641 0.0164273 0.0810377 0.1163059 0.0621785 0.0590930 0.0574903 0.1364538 0.0924844 0.1094552 0.0689797 0.0751069 0.1199301 0.1330604 0.1208994 0.1021055 0.0331553 0.1113542 0.0686877 0.1051629 0.1303073 0.0527475 0.0705859 0.2035483 0.1295815 0.1264346 0.2174557 0.0467620 0.1477098 0.0791026 0.1906783 0.0744413 0.1036656 
Perityle_cernua_84                         0.1088337 0.1225562 0.1170700 0.1855346 0.1049382 0.1279538 0.2807664 0.1140728 0.1086207 0.0539250 0.0741745 0.0920531 0.0391751 0.0836344 0.0457577 0.2162708 0.1175669 0.0306691 0.0000000 0.0574887 0.0466220 0.0686485 0.0698824 0.0479914 0.0931185 0.1084350 0.0796620 0.1101562 0.0791695 0.1138385 0.1900351 0.1050191 0.0439702 0.1094486 0.1034447 0.0418932 0.0988176 0.0704693 0.0536661 0.0628079 0.0989826 0.0605045 0.1067973 0.0953109 0.0367438 0.1015790 0.0771224 0.0970920 0.0513411 0.1045991 0.0732204 0.0559061 0.0365919 0.0845996 0.1103148 0.0534298 0.0720412 0.0616211 0.1232303 0.0782272 0.0996595 0.0533248 0.0993208 0.1129874 0.1144230 0.1080626 0.1084213 0.0256202 0.0845357 0.0752801 0.1059806 0.0952311 0.0569903 0.0650375 0.2098524 0.1467891 0.1152751 0.1955556 0.0548961 0.1391423 0.0553179 0.1883951 0.0767809 0.1030538 
Perityle_cfvillosa_25_tin                  0.0991023 0.1453780 0.1234820 0.1705217 0.0805306 0.0962057 0.2624177 0.1253351 0.0859917 0.0502933 0.0548265 0.0711254 0.0632525 0.0853729 0.0666130 0.2279918 0.0868105 0.0538146 0.0574887 0.0000000 0.0630281 0.0487125 0.0774756 0.0498350 0.0912904 0.0891752 0.1038328 0.1329240 0.0922199 0.1277544 0.1920992 0.1072959 0.0478918 0.1140010 0.1119578 0.0344162 0.0960440 0.0873855 0.0692416 0.0518809 0.1045288 0.0108096 0.1114635 0.0986556 0.0498410 0.0329486 0.0518541 0.1023584 0.0499112 0.0924283 0.0511668 0.0412864 0.0446822 0.0942512 0.1019117 0.0777482 0.0480135 0.0121185 0.1686438 0.1144933 0.1094448 0.0633421 0.0749849 0.1147387 0.0735559 0.1159000 0.1185410 0.0262519 0.0631208 0.0460308 0.1242050 0.0108046 0.0102340 0.0559718 0.1699942 0.1255456 0.0933608 0.1892813 0.0385597 0.1537326 0.0091667 0.1889560 0.0950083 0.0813248 
Perityle_cinerea_113_Powell1310            0.0861735 0.1164290 0.1006680 0.1659688 0.0490881 0.1071701 0.2021730 0.0939842 0.0640431 0.0392232 0.0320022 0.0323788 0.0070254 0.1123506 0.0459301 0.0888191 0.0849371 0.0360754 0.0466220 0.0630281 0.0000000 0.0190264 0.0360597 0.0320298 0.0886517 0.0618634 0.0871782 0.1023480 0.1023122 0.0867375 0.0925465 0.0931570 0.0360181 0.0817963 0.0976448 0.0361147 0.0904244 0.1087484 0.0504409 0.0393256 0.0975014 0.0553605 0.0977253 0.0626449 0.0392232 0.0553605 0.0392977 0.0975014 0.0323839 0.0466644 0.0429916 0.0296954 0.0361115 0.0770713 0.0657254 0.0974847 0.0430119 0.0637741 0.1307140 0.0965867 0.0932472 0.0875910 0.0397749 0.0870981 0.0968788 0.0828088 0.1260642 0.0173009 0.0510140 0.0319414 0.0940670 0.0553098 0.0599834 0.0603881 0.0560534 0.1091897 0.0769282 0.0616593 0.0357933 0.0732312 0.0514921 0.0929267 0.0890559 0.0594031 
Perityle_coahuilensis_24                   0.1149733 0.0526064 0.1295552 0.1813570 0.1161837 0.1327186 0.1966356 0.1262802 0.1122466 0.0662661 0.0797815 0.0852827 0.0253442 0.0949739 0.0456710 0.3105416 0.0943105 0.0809918 0.0686485 0.0487125 0.0190264 0.0000000 0.0751308 0.0658814 0.0892011 0.1067972 0.0862507 0.1138993 0.0962164 0.1466918 0.2595800 0.1219422 0.0504798 0.1258118 0.1285356 0.0545453 0.0890193 0.0801620 0.0439813 0.0569434 0.1250940 0.0625959 0.1289221 0.0931675 0.0743997 0.0983603 0.0681234 0.1178962 0.0501067 0.0416934 0.0540420 0.0559321 0.0254007 0.0900592 0.1122398 0.0670089 0.0652781 0.0722691 0.1520188 0.0739334 0.0982768 0.0459131 0.1068296 0.1253674 0.0917804 0.1294216 0.1170674 0.0562737 0.0832105 0.0291040 0.1161211 0.0624529 0.0375768 0.1004906 0.3111549 0.1389266 0.1126945 0.2701648 0.0544068 0.0684588 0.0350209 0.2546481 0.0852030 0.0540883 
Perityle_cochisensis_44_cave_creek         0.1442892 0.1468184 0.1102181 0.1968411 0.1464705 0.1540057 0.3935121 0.2685754 0.2733960 0.0575906 0.1085734 0.0977633 0.0547440 0.1045752 0.0524276 0.2166984 0.1943047 0.0676235 0.0698824 0.0774756 0.0360597 0.0751308 0.0000000 0.0558510 0.2691532 0.1595390 0.0972658 0.1188137 0.0892079 0.1277986 0.3254762 0.1398277 0.0625616 0.1311349 0.1098545 0.0700720 0.1548530 0.0990829 0.2137910 0.2001148 0.1136065 0.0966137 0.1123837 0.0855300 0.0625267 0.1673439 0.1034654 0.1109602 0.1612390 0.1317634 0.2085765 0.0853580 0.0644035 0.0831333 0.1051864 0.0854712 0.1416971 0.1050645 0.1452973 0.1059898 0.1039025 0.0782387 0.0873883 0.1868872 0.1825707 0.1269691 0.2555683 0.0954369 0.2011935 0.1985618 0.2703459 0.2436547 0.0793532 0.0745440 0.2134392 0.2236824 0.2498617 0.2563320 0.1300089 0.1759891 0.0842653 0.3009358 0.0921387 0.1171659 
Perityle_congesta_202                      0.1238800 0.1417725 0.1249286 0.1821400 0.1184542 0.1511403 0.2930073 0.1231022 0.0971592 0.0347625 0.0848242 0.0851414 0.0441892 0.0969504 0.0594548 0.2222507 0.0945312 0.0437368 0.0479914 0.0498350 0.0320298 0.0658814 0.0558510 0.0000000 0.1093438 0.1003663 0.0957378 0.1188342 0.0841049 0.1210616 0.2073203 0.1344462 0.0370007 0.1195401 0.1051157 0.0245376 0.0969131 0.0892457 0.0610491 0.0301543 0.1010172 0.0726012 0.1065778 0.0895060 0.0417916 0.1003182 0.0357730 0.1009910 0.0356640 0.0883637 0.0229548 0.0622363 0.0316989 0.0823583 0.1100247 0.0636582 0.0270428 0.0530669 0.1526162 0.1079037 0.1081837 0.0751181 0.0757630 0.1160155 0.1092888 0.1145391 0.1061303 0.0292189 0.0908515 0.0490828 0.1026061 0.1220995 0.0526061 0.0569736 0.1968576 0.1268472 0.1102319 0.2074918 0.0374608 0.1489405 0.0730636 0.1895246 0.0836085 0.1229002 
Perityle_cordifolia_27                     0.1383170 0.1098013 0.3103998 0.2185654 0.1405419 0.2587296 0.4645979 0.3274569 0.4013905 0.2070992 0.1563313 0.0672007 0.1055346 0.1488091 0.0663012 0.1879182 0.1964131 0.1281147 0.0931185 0.0912904 0.0886517 0.0892011 0.2691532 0.1093438 0.0000000 0.3273637 0.2667656 0.1198713 0.0945207 0.3114058 0.5365510 0.1425859 0.1046256 0.1227896 0.4256250 0.0843884 0.3266243 0.2413056 0.2794943 0.2100370 0.4094200 0.1217858 0.3639008 0.4918533 0.1317984 0.2664354 0.2043420 0.4241129 0.2135841 0.1588975 0.1668194 0.0714317 0.1071622 0.1097638 0.1411279 0.0852635 0.1851664 0.1274941 0.1356594 0.0843351 0.1024296 0.0352949 0.2635155 0.3375982 0.1935807 0.2486741 0.3561842 0.1051532 0.2312256 0.2696378 0.2462695 0.2148964 0.1004289 0.2262173 0.2030163 0.1728367 0.2888230 0.2927826 0.1914746 0.1745782 0.2161213 0.3484572 0.1256111 0.1443338 
Perityle_cordifolia_68_tecolote            0.1679339 0.1627146 0.2568872 0.2578453 0.1980935 0.2368468 0.4054434 0.2250439 0.2384451 0.1436724 0.1732256 0.1275230 0.0861736 0.1223363 0.0597352 0.2573351 0.1975136 0.1129106 0.1084350 0.0891752 0.0618634 0.1067972 0.1595390 0.1003663 0.3273637 0.0000000 0.1486744 0.1162627 0.1029643 0.2192316 0.3496508 0.1535599 0.0945852 0.1348584 0.2824149 0.1025456 0.1866562 0.1775003 0.2389520 0.1734749 0.2771293 0.1195087 0.1933449 0.2857004 0.1230584 0.2509224 0.1870970 0.2345566 0.1765659 0.1513138 0.2019910 0.1061754 0.0883496 0.0934406 0.0211759 0.1081541 0.1656911 0.1036553 0.1408892 0.1119738 0.1237432 0.1005550 0.2605805 0.1889377 0.2825272 0.1889692 0.2219028 0.0958325 0.2174007 0.2229448 0.2203156 0.1815025 0.0909272 0.1739214 0.2286490 0.2150298 0.2075302 0.3134404 0.1653898 0.1527409 0.1904258 0.2377509 0.1000109 0.1251345 
Perityle_coronopifolia_28_patagonia        0.1391595 0.1627556 0.1800730 0.1843959 0.1372866 0.1953795 0.3178874 0.1266780 0.1466605 0.1198112 0.1497988 0.1155725 0.0928163 0.0968480 0.0135041 0.2124626 0.1167569 0.0930978 0.0796620 0.1038328 0.0871782 0.0862507 0.0972658 0.0957378 0.2667656 0.1486744 0.0000000 0.0914430 0.0910665 0.1150372 0.3068457 0.1446340 0.0857165 0.1210177 0.1816305 0.0890855 0.1035918 0.1518938 0.1574760 0.0940380 0.1660203 0.1315003 0.1230807 0.1969720 0.0925596 0.1960185 0.1368324 0.1539626 0.1260481 0.1522999 0.1020306 0.1022977 0.0931481 0.0691934 0.1320296 0.0878980 0.0919292 0.1127675 0.1089010 0.0633148 0.0859959 0.0704193 0.1765201 0.0024746 0.1999266 0.1599148 0.1052042 0.1069887 0.1373878 0.1492343 0.0976027 0.1726771 0.1108044 0.1534695 0.2324328 0.1153839 0.1190862 0.2898816 0.0941798 0.1529196 0.1968028 0.1676327 0.0959719 0.0841061 
Perityle_crassifolia_70_ventanas           0.1404482 0.1598188 0.1475861 0.2062382 0.1194197 0.1622506 0.2769064 0.1176087 0.1036930 0.1118537 0.1149924 0.1102029 0.1314542 0.1231025 0.0193335 0.1230675 0.1192009 0.1192168 0.1101562 0.1329240 0.1023480 0.1138993 0.1188137 0.1188342 0.1198713 0.1162627 0.0914430 0.0000000 0.0550130 0.1730748 0.1285394 0.1395010 0.1101739 0.1399985 0.1416182 0.1015558 0.1171343 0.1167443 0.1198159 0.1225503 0.1488410 0.1237597 0.1423965 0.1206694 0.1160583 0.1269124 0.1132577 0.1488410 0.1101245 0.1274906 0.1141940 0.1044769 0.1134287 0.1041283 0.1183412 0.1204030 0.1133345 0.1312343 0.1635756 0.0845370 0.1018912 0.1214036 0.1252236 0.0913817 0.1172053 0.0991225 0.1571369 0.1250004 0.1217824 0.1223877 0.0527506 0.1236774 0.1249151 0.1336855 0.2310537 0.1203592 0.1073536 0.1622052 0.1136523 0.1309933 0.1236755 0.1350575 0.1134793 0.0780462 
Perityle_crassifolia_74_playa_balandra     0.1290948 0.1870080 0.0968510 0.1819463 0.1043039 0.1288012 0.3031003 0.1410396 0.0806497 0.0840471 0.1016733 0.0796530 0.1109783 0.1020763 0.0260306 0.0851138 0.0985017 0.0867443 0.0791695 0.0922199 0.1023122 0.0962164 0.0892079 0.0841049 0.0945207 0.1029643 0.0910665 0.0550130 0.0000000 0.1103387 0.0799904 0.1206705 0.0791786 0.1260725 0.1144123 0.0810562 0.0977142 0.0941983 0.0867184 0.0892827 0.1047691 0.0881470 0.1076884 0.1087802 0.0817220 0.0855311 0.0817489 0.1102088 0.0841211 0.1584338 0.1019393 0.0874606 0.0818542 0.0789084 0.1137649 0.0936586 0.0817952 0.1022127 0.1589554 0.1057833 0.1046437 0.1121587 0.0867874 0.0910138 0.0997349 0.1060607 0.1161891 0.0914368 0.0815490 0.0917312 0.0638459 0.0880947 0.1037152 0.0978605 0.1100061 0.1285940 0.0797549 0.0866288 0.0894158 0.1835629 0.0828969 0.0850380 0.0850121 0.0733622 
Perityle_cuneata_34_cuneata_San_antonio    0.1303033 0.1983033 0.1366357 0.2385817 0.1821837 0.2249231 0.4307452 0.2518068 0.2959080 0.1252450 0.2007955 0.1385733 0.1152948 0.1395344 0.0546102 0.2555356 0.2402210 0.1200013 0.1138385 0.1277544 0.0867375 0.1466918 0.1277986 0.1210616 0.3114058 0.2192316 0.1150372 0.1730748 0.1103387 0.0000000 0.3795327 0.1315563 0.1111662 0.1149606 0.1803857 0.1276908 0.1892003 0.1461266 0.2555031 0.2438149 0.1721386 0.1522153 0.1716148 0.1529695 0.1217220 0.2205733 0.1563442 0.1753368 0.2219835 0.1970525 0.2601034 0.1655922 0.1138409 0.1208088 0.1824099 0.1166909 0.1897828 0.1677352 0.1342842 0.1362009 0.1187925 0.1239967 0.1416214 0.1995612 0.2365572 0.1626690 0.3119854 0.1801031 0.2824482 0.2460251 0.3144450 0.3029504 0.1422905 0.1244396 0.2499948 0.2474597 0.2852362 0.3506960 0.1841711 0.2052685 0.1443360 0.2970349 0.1236678 0.1460190 
Perityle_cuneata_4                         0.2574029 0.1289354 0.3809927 0.3024139 0.2859067 0.3402640 0.4710787 0.3453824 0.5160636 0.3015249 0.2695084 0.2036364 0.1421653 0.2309523 0.0526731 0.2024801 0.3207810 0.2162924 0.1900351 0.1920992 0.0925465 0.2595800 0.3254762 0.2073203 0.5365510 0.3496508 0.3068457 0.1285394 0.0799904 0.3795327 0.0000000 0.2276230 0.1747254 0.2205433 0.4377646 0.2068822 0.4218862 0.3122483 0.4993902 0.4074580 0.4419374 0.2506196 0.3897286 0.4933955 0.2258103 0.3602731 0.3347171 0.4484834 0.3603772 0.2416862 0.3938829 0.2569613 0.1652071 0.1471615 0.2335778 0.1661920 0.3225545 0.2701205 0.1757041 0.1613161 0.1802303 0.1348347 0.3362599 0.4362814 0.3530810 0.2925186 0.4495303 0.3250785 0.3839901 0.5030477 0.3775503 0.4499200 0.2064014 0.3193838 0.2682457 0.3328225 0.3219894 0.4075871 0.3246774 0.2716505 0.2984914 0.1027462 0.0970038 0.1239695 
Perityle_discoidea_81                      0.0459940 0.1334607 0.1219410 0.2109603 0.1430099 0.1652846 0.3283971 0.0487741 0.1533651 0.1320793 0.1568752 0.1440220 0.1020890 0.1471523 0.0678115 0.2006059 0.1463175 0.1318836 0.1050191 0.1072959 0.0931570 0.1219422 0.1398277 0.1344462 0.1425859 0.1535599 0.1446340 0.1395010 0.1206705 0.1315563 0.2276230 0.0000000 0.1255115 0.0323516 0.1578500 0.1133289 0.1610593 0.1423184 0.1325796 0.1243904 0.1527002 0.1332500 0.1612765 0.1531526 0.1257396 0.1551343 0.1304304 0.1506904 0.1276548 0.1708000 0.1221557 0.1328716 0.1171883 0.1308459 0.1553807 0.1160429 0.1288817 0.1247623 0.1556658 0.1384329 0.1492393 0.1115049 0.1592916 0.1639152 0.1430359 0.1320501 0.1306480 0.1089066 0.1551980 0.1341063 0.1325554 0.1758721 0.1167068 0.1423055 0.2270377 0.1313612 0.1686296 0.2320605 0.1347551 0.1787617 0.1225255 0.2375554 0.1150311 0.1548126 
Perityle_dissecta_201                      0.1113257 0.1237510 0.1127871 0.1726701 0.1002158 0.1293972 0.2913356 0.1179134 0.0850473 0.0357913 0.0838858 0.0675072 0.0394822 0.0796904 0.0525162 0.2107772 0.0832688 0.0371269 0.0439702 0.0478918 0.0360181 0.0504798 0.0625616 0.0370007 0.1046256 0.0945852 0.0857165 0.1101739 0.0791786 0.1111662 0.1747254 0.1255115 0.0000000 0.1087236 0.0964862 0.0249599 0.0948295 0.0796990 0.0421406 0.0355833 0.0992660 0.0655291 0.1049095 0.0911216 0.0370389 0.0804846 0.0309966 0.0992399 0.0331968 0.0867875 0.0367117 0.0501489 0.0255959 0.0851868 0.1022669 0.0600708 0.0264896 0.0576854 0.1389322 0.0889314 0.0985772 0.0595649 0.0555708 0.0922371 0.0948476 0.1044128 0.0999727 0.0444716 0.0950331 0.0385987 0.1027412 0.1196474 0.0440042 0.0551496 0.1964916 0.1126104 0.1041378 0.1971987 0.0370901 0.1400470 0.0572349 0.1662337 0.0725007 0.1081335 
Perityle_emoryi_47_punta_san_jose          0.0305319 0.1612816 0.1041536 0.2119306 0.1140668 0.1408844 0.3047791 0.0510294 0.1392808 0.1166126 0.1242009 0.1306366 0.0938757 0.1403365 0.0749167 0.2017078 0.1388933 0.1099384 0.1094486 0.1140010 0.0817963 0.1258118 0.1311349 0.1195401 0.1227896 0.1348584 0.1210177 0.1399985 0.1260725 0.1149606 0.2205433 0.0323516 0.1087236 0.0000000 0.1387137 0.1115346 0.1294062 0.1368455 0.1177571 0.1096710 0.1367154 0.1165931 0.1370916 0.1325098 0.1114497 0.1432478 0.1131509 0.1319554 0.1162959 0.1503526 0.1174440 0.1331809 0.0941314 0.1258565 0.1559646 0.1093652 0.1132559 0.1274780 0.1495450 0.1386674 0.1545730 0.1119013 0.1415364 0.1447647 0.1230701 0.1190866 0.1334469 0.1134111 0.1310881 0.1172783 0.1354313 0.1164060 0.1170239 0.1246076 0.2407279 0.1334231 0.1236400 0.2219078 0.1178611 0.1726323 0.1032130 0.2199781 0.1135283 0.0928924 
Perityle_feddemae_99                       0.1557298 0.1749380 0.1922309 0.2190075 0.1728389 0.2411827 0.4589895 0.2809075 0.3441958 0.1747603 0.1922643 0.1219514 0.0919374 0.1163170 0.0814647 0.2267548 0.2234488 0.1072983 0.1034447 0.1119578 0.0976448 0.1285356 0.1098545 0.1051157 0.4256250 0.2824149 0.1816305 0.1416182 0.1144123 0.1803857 0.4377646 0.1578500 0.0964862 0.1387137 0.0000000 0.1051175 0.2194406 0.1811524 0.3436172 0.2791643 0.1040964 0.1479894 0.0479104 0.2089841 0.1014837 0.2746597 0.2120845 0.0796575 0.2425041 0.1785913 0.2701105 0.1329914 0.1006910 0.1263300 0.1213669 0.0932570 0.2011626 0.1473325 0.1386314 0.1268898 0.1239113 0.1152711 0.2147979 0.2622322 0.3016306 0.1837877 0.2807840 0.1552027 0.2794889 0.3283459 0.3230876 0.3190428 0.1188617 0.1636019 0.2337477 0.2226724 0.2978092 0.3272831 0.1999184 0.1909527 0.2210042 0.2879564 0.1223287 0.1303070 
Perityle_fosteri_93                        0.1066051 0.1206613 0.1167096 0.1685599 0.0760153 0.1056183 0.2116660 0.1107635 0.0898369 0.0377676 0.0622169 0.0580244 0.0369970 0.0795329 0.0527736 0.2323232 0.0916198 0.0337778 0.0418932 0.0344162 0.0361147 0.0545453 0.0700720 0.0245376 0.0843884 0.1025456 0.0890855 0.1015558 0.0810562 0.1276908 0.2068822 0.1133289 0.0249599 0.1115346 0.1051175 0.0000000 0.0842145 0.0758200 0.0584545 0.0279094 0.0991937 0.0277772 0.1017393 0.0894233 0.0375678 0.0668875 0.0454072 0.0943457 0.0326738 0.0505715 0.0247428 0.0463226 0.0195523 0.0807583 0.0941701 0.0583756 0.0397163 0.0343096 0.1392243 0.0857027 0.0993780 0.0472844 0.0891668 0.1210021 0.0916613 0.1225783 0.1050967 0.0036036 0.0586983 0.0565915 0.1034384 0.0317714 0.0311557 0.0558271 0.2101705 0.1302452 0.0961184 0.1885353 0.0395124 0.1309154 0.0288408 0.2012775 0.0797138 0.0641200 
Perityle_gamon_221                         0.1553324 0.1628066 0.1670268 0.2023398 0.1850394 0.2215461 0.4043390 0.2659376 0.2656411 0.1008470 0.1827223 0.1276432 0.0901058 0.1165607 0.0393887 0.2319637 0.1912698 0.1092252 0.0988176 0.0960440 0.0904244 0.0890193 0.1548530 0.0969131 0.3266243 0.1866562 0.1035918 0.1171343 0.0977142 0.1892003 0.4218862 0.1610593 0.0948295 0.1294062 0.2194406 0.0842145 0.0000000 0.1274659 0.2685574 0.2134230 0.1916382 0.1530129 0.1892435 0.1243830 0.1019427 0.2206403 0.1382088 0.1914565 0.2244597 0.1637944 0.2307659 0.0864189 0.0954921 0.0782500 0.1245968 0.0699466 0.1665862 0.1340067 0.1436675 0.0797844 0.1030024 0.0779079 0.1291458 0.1960895 0.2389148 0.1705289 0.2612702 0.0969851 0.2671046 0.2417237 0.2832457 0.3047898 0.1014177 0.1205500 0.2570180 0.2144102 0.2506309 0.3376080 0.1524786 0.1822473 0.1506990 0.2997938 0.1151845 0.1294086 
Perityle_gentryi_8_san_francisco           0.1356884 0.1451062 0.1768012 0.1714768 0.1481582 0.1793188 0.3151476 0.1498707 0.1446917 0.1509928 0.1416156 0.1156078 0.0941230 0.0297882 0.0459845 0.2338092 0.1097781 0.0870074 0.0704693 0.0873855 0.1087484 0.0801620 0.0990829 0.0892457 0.2413056 0.1775003 0.1518938 0.1167443 0.0941983 0.1461266 0.3122483 0.1423184 0.0796990 0.1368455 0.1811524 0.0758200 0.1274659 0.0000000 0.1664849 0.1127886 0.1482524 0.1308111 0.1463796 0.1774749 0.0923371 0.2002787 0.1487585 0.1487345 0.1253406 0.1486482 0.0990135 0.0876349 0.0748306 0.0907815 0.1426137 0.0768120 0.1051121 0.0956030 0.1602577 0.0817710 0.0917209 0.0686205 0.1535153 0.1416458 0.1821043 0.1500343 0.1043934 0.0807718 0.1340806 0.1540652 0.1169879 0.1625127 0.0840871 0.1481148 0.2271989 0.1223277 0.1289192 0.2700087 0.1061434 0.1706632 0.1781378 0.2000134 0.0957358 0.1101982 
Perityle_gilensis_22_Superstition          0.1348299 0.1294801 0.2808983 0.2158877 0.1454287 0.2410171 0.4054748 0.2733428 0.3272505 0.1480389 0.0975218 0.1029534 0.0495344 0.0828579 0.0524276 0.2146635 0.1851102 0.0666320 0.0536661 0.0692416 0.0504409 0.0439813 0.2137910 0.0610491 0.2794943 0.2389520 0.1574760 0.1198159 0.0867184 0.2555031 0.4993902 0.1325796 0.0421406 0.1177571 0.3436172 0.0584545 0.2685574 0.1664849 0.0000000 0.1136424 0.3306007 0.1209247 0.3070620 0.3329347 0.0665578 0.2710939 0.1252570 0.3415415 0.0910709 0.1144493 0.0609448 0.0723356 0.0447646 0.0954448 0.1174928 0.0578294 0.0750938 0.0996117 0.1329961 0.0784570 0.1016591 0.0566428 0.1831860 0.2607304 0.2448094 0.1808739 0.3422385 0.0712254 0.1674356 0.0896045 0.2061909 0.1160304 0.0638264 0.1352888 0.2224235 0.1708649 0.2374556 0.3296684 0.0947002 0.1444291 0.1824984 0.3364985 0.0849324 0.1092348 
Perityle_gilensis_salensis_225             0.1318294 0.1390456 0.2721272 0.2077418 0.1398088 0.2124232 0.3999406 0.2692892 0.2485980 0.0564228 0.0975322 0.0914447 0.0468924 0.0927798 0.0527268 0.2448221 0.1863296 0.0438174 0.0628079 0.0518809 0.0393256 0.0569434 0.2001148 0.0301543 0.2100370 0.1734749 0.0940380 0.1225503 0.0892827 0.2438149 0.4074580 0.1243904 0.0355833 0.1096710 0.2791643 0.0279094 0.2134230 0.1127886 0.1136424 0.0000000 0.2485824 0.0940323 0.2480796 0.2217279 0.0453281 0.2214889 0.0449473 0.2477340 0.0822056 0.0909438 0.0529581 0.0625215 0.0302183 0.0910237 0.1131308 0.0660320 0.0468506 0.0763052 0.1475577 0.0983214 0.1071198 0.0691255 0.1026069 0.2202658 0.2551828 0.1565075 0.2969279 0.0331610 0.1552702 0.0798921 0.1946781 0.1285138 0.0527614 0.0983600 0.2069300 0.1817613 0.2330853 0.3265795 0.0562520 0.1518495 0.1211246 0.3218812 0.0818702 0.1076623 
Perityle_glaucescens_94                    0.1503836 0.1666320 0.1914734 0.2235801 0.1758694 0.2394108 0.4435170 0.2913003 0.3141187 0.1442812 0.1921813 0.1237583 0.0932356 0.1050566 0.0815653 0.2279008 0.2247082 0.1067834 0.0989826 0.1045288 0.0975014 0.1250940 0.1136065 0.1010172 0.4094200 0.2771293 0.1660203 0.1488410 0.1047691 0.1721386 0.4419374 0.1527002 0.0992660 0.1367154 0.1040964 0.0991937 0.1916382 0.1482524 0.3306007 0.2485824 0.0000000 0.1456501 0.0200243 0.1878085 0.1005974 0.2693058 0.1956999 0.0147736 0.2349835 0.1885734 0.2670222 0.1295655 0.0999800 0.1082372 0.1241680 0.0897525 0.1818327 0.1400843 0.1327852 0.1342802 0.1217747 0.0971645 0.1884554 0.2462499 0.3087014 0.1823944 0.2768143 0.1525038 0.2829723 0.2988329 0.3132468 0.3107254 0.1105318 0.1641366 0.2125265 0.2316405 0.2865054 0.3324685 0.1772128 0.2084016 0.2267260 0.2912787 0.1245480 0.1306813 
Perityle_gracilis_11                       0.1241737 0.1386625 0.1535897 0.1756703 0.0815902 0.1528841 0.3011716 0.1256735 0.1355328 0.0932038 0.1019422 0.0674846 0.0553975 0.1102932 0.0527736 0.2256524 0.1091704 0.0834570 0.0605045 0.0108096 0.0553605 0.0625959 0.0966137 0.0726012 0.1217858 0.1195087 0.1315003 0.1237597 0.0881470 0.1522153 0.2506196 0.1332500 0.0655291 0.1165931 0.1479894 0.0277772 0.1530129 0.1308111 0.1209247 0.0940323 0.1456501 0.0000000 0.1502553 0.1438436 0.0775572 0.0232114 0.1053035 0.1443976 0.1120299 0.1040447 0.0556675 0.0533393 0.0639107 0.0900413 0.1000808 0.0711601 0.0940697 0.0116539 0.1627336 0.1075033 0.1077452 0.0602250 0.1166733 0.1481916 0.1132629 0.1626328 0.1304273 0.0219670 0.1111453 0.1016673 0.1255349 0.0705381 0.0081897 0.0933080 0.1657348 0.1288717 0.1405578 0.1882809 0.0785009 0.1544718 0.0041474 0.2444266 0.0934959 0.1423529 
Perityle_harkerae_31                       0.1608745 0.1813738 0.1727120 0.2240065 0.1794699 0.2431399 0.4437992 0.2863514 0.2762195 0.1119838 0.1913281 0.1278402 0.0933962 0.1198623 0.0815844 0.2226928 0.2300595 0.1126297 0.1067973 0.1114635 0.0977253 0.1289221 0.1123837 0.1065778 0.3639008 0.1933449 0.1230807 0.1423965 0.1076884 0.1716148 0.3897286 0.1612765 0.1049095 0.1370916 0.0479104 0.1017393 0.1892435 0.1463796 0.3070620 0.2480796 0.0200243 0.1502553 0.0000000 0.1115213 0.1064608 0.2325476 0.1621798 0.0272079 0.2450581 0.1860161 0.2748960 0.1337274 0.1056684 0.1173498 0.1128974 0.0921464 0.1873063 0.1453469 0.1326453 0.1269079 0.1238728 0.1076105 0.1326135 0.2176567 0.2786695 0.1638173 0.2811206 0.1577787 0.2856138 0.2708024 0.3123609 0.3018382 0.1158188 0.1263435 0.2154348 0.2366525 0.3010308 0.3447924 0.1827109 0.1999307 0.1718589 0.2920555 0.1225673 0.1354197 
Perityle_hofmeisteria_4_nombre_de_dios     0.1568577 0.1508405 0.1594934 0.2140322 0.1784936 0.2329505 0.4382378 0.2659055 0.3032985 0.1253308 0.1754518 0.1231087 0.0743296 0.1162866 0.0596971 0.2231133 0.2174594 0.1020762 0.0953109 0.0986556 0.0626449 0.0931675 0.0855300 0.0895060 0.4918533 0.2857004 0.1969720 0.1206694 0.1087802 0.1529695 0.4933955 0.1531526 0.0911216 0.1325098 0.2089841 0.0894233 0.1243830 0.1774749 0.3329347 0.2217279 0.1878085 0.1438436 0.1115213 0.0000000 0.0962841 0.2612686 0.1756393 0.1868889 0.2306670 0.1540701 0.2331903 0.0984884 0.0899820 0.0853154 0.1282727 0.0859709 0.1643272 0.1325787 0.1603270 0.1037260 0.1167908 0.1080278 0.2141143 0.2121161 0.2939201 0.1923599 0.3129481 0.1216533 0.2596359 0.3109424 0.3038480 0.3347921 0.1044579 0.1574960 0.2460486 0.2352096 0.2870111 0.3407784 0.1600928 0.1995839 0.2231271 0.3154890 0.1112618 0.1271301 
Perityle_huecosensis_48                    0.1279880 0.1290365 0.1373859 0.1819213 0.1171695 0.1614421 0.3047049 0.1186175 0.1116731 0.0544705 0.1013579 0.0684931 0.0416662 0.0968837 0.0525280 0.2237181 0.1053956 0.0468007 0.0367438 0.0498410 0.0392232 0.0743997 0.0625267 0.0417916 0.1317984 0.1230584 0.0925596 0.1160583 0.0817220 0.1217220 0.2258103 0.1257396 0.0370389 0.1114497 0.1014837 0.0375678 0.1019427 0.0923371 0.0665578 0.0453281 0.1005974 0.0775572 0.1064608 0.0962841 0.0000000 0.1048936 0.0617961 0.1009402 0.0492385 0.0953301 0.0518394 0.0526124 0.0256087 0.0886882 0.1077699 0.0658362 0.0531118 0.0530740 0.1468734 0.0979514 0.1045411 0.0657467 0.0884096 0.1214186 0.1345944 0.1224784 0.1019973 0.0292740 0.1054519 0.0650718 0.1050840 0.1234494 0.0504352 0.0704838 0.2034902 0.1388961 0.1246972 0.2221849 0.0465825 0.1440717 0.0748994 0.1789798 0.0778325 0.1163422 
