84
Amauria_brandeegeana_62                    0.0000000 0.0568235 0.0118693 0.1665420 0.0460311 0.0479867 0.0838105 0.0919691 0.2679170 0.0295003 0.0797396 0.0567209 0.0574498 0.0558321 0.0702760 0.0743398 0.0502765 0.0896079 0.0842337 0.0590895 0.0664651 0.0516616 0.1271582 0.0593425 0.0445055 0.3736644 0.0717090 0.0776260 0.4124293 0.0274415 0.1490483 0.0919423 0.0559889 0.0333873 0.4295043 0.0885124 0.0561069 0.0977569 0.0643933 0.0585720 0.3833986 0.0801467 0.0498922 0.0834517 0.1044900 0.0520258 0.0526505 0.0559790 0.0753867 0.0424893 0.0679689 0.0526481 0.0720709 0.0470802 0.0857455 0.0558636 0.0310812 0.0558688 0.0510332 0.0904063 0.0496949 0.0918892 0.0359370 0.0551923 0.0751302 0.0625681 0.0553200 0.0339201 0.0645470 0.0585720 0.0384469 0.0526344 0.0510332 0.0542966 0.0270699 0.0811655 0.0917009 0.0689278 0.0391030 0.0561658 0.0574807 0.0474887 0.0716650 0.0616119 
Amauria_carterae_99_mesa                   0.0568235 0.0000000 0.0536203 0.1415322 0.0593492 0.0721868 0.0788516 0.1182145 0.1915119 0.0559036 0.0628334 0.0625622 0.0593078 0.0562035 0.0656004 0.0728956 0.0622495 0.0845971 0.0749797 0.0622930 0.0593131 0.0531524 0.1881007 0.0570310 0.0562017 0.3042394 0.0592171 0.0787349 0.3238035 0.0480845 0.1787362 0.0937257 0.0814007 0.0559036 0.3091825 0.0624857 0.0623295 0.0627891 0.0625197 0.0623273 0.3115947 0.0656522 0.0531524 0.0593904 0.0599348 0.0655862 0.0531524 0.0563258 0.0627769 0.0561543 0.0599349 0.0562486 0.0591897 0.0563346 0.0720390 0.0844885 0.0530863 0.0531524 0.0531524 0.0630192 0.0618493 0.0744585 0.0619902 0.0596115 0.0566431 0.0760314 0.0656827 0.0513316 0.0624889 0.0623273 0.0605712 0.0562156 0.0531524 0.0624345 0.0534550 0.0689902 0.0688350 0.0716899 0.0622724 0.0751791 0.0561507 0.0511552 0.0514707 0.0627271 
Amauria_rotundifolia_SRR9119150            0.0118693 0.0536203 0.0000000 0.1582266 0.0700477 0.0479997 0.0994855 0.0804841 0.3436223 0.0212827 0.0864881 0.0668851 0.0798219 0.0865891 0.0702760 0.1028893 0.0695327 0.1092094 0.0847829 0.0866576 0.0831797 0.0718554 0.1178222 0.0745967 0.0639732 0.3655513 0.1497942 0.1080919 0.4003699 0.0493967 0.1340873 0.1014721 0.0576489 0.0265162 0.4848923 0.0973342 0.0774464 0.1111910 0.0836292 0.0884235 0.4187553 0.0990390 0.0689173 0.1026309 0.1181877 0.0562780 0.0861932 0.0851846 0.0896075 0.0705683 0.1039260 0.0841568 0.1286369 0.0694815 0.0874270 0.0516287 0.0434941 0.0903052 0.0850475 0.0979660 0.0377919 0.1076297 0.0358777 0.0682786 0.0991118 0.0821164 0.0775206 0.0295165 0.0947867 0.0839323 0.0487016 0.1041861 0.0727164 0.0595981 0.0239677 0.0927390 0.1031014 0.0970759 0.0591845 0.0669869 0.0903878 0.0726761 0.0644697 0.0593196 
Conoclinium_coelestinum_SRR9119114         0.1665420 0.1415322 0.1582266 0.0000000 0.1525167 0.1201514 0.1585605 0.1363873 0.2479331 0.1586532 0.1691836 0.1674981 0.1598008 0.1576696 0.1602107 0.1702521 0.1648682 0.1811934 0.1767482 0.1624686 0.1622074 0.1544719 0.2352606 0.1621077 0.1548348 0.3717528 0.1671494 0.1741797 0.3749208 0.1230054 0.2395170 0.1915815 0.1526778 0.1850631 0.3798038 0.1691449 0.1574576 0.1705770 0.1581926 0.1683147 0.3828778 0.1666053 0.1544719 0.1663569 0.1659268 0.1704241 0.1544719 0.1517829 0.1696363 0.1543513 0.1662223 0.1571764 0.1653768 0.1553415 0.1781854 0.1577500 0.1240133 0.1599971 0.1544719 0.1641951 0.1132334 0.2002561 0.1053756 0.1626740 0.1675277 0.1767533 0.1702910 0.1030123 0.1578760 0.1683147 0.1840305 0.1571094 0.1544719 0.1627955 0.1165726 0.1766839 0.1715047 0.1576789 0.1593852 0.1181663 0.1544182 0.1732562 0.1400728 0.1593900 
Eutetras_palmeri_63                        0.0460311 0.0593492 0.0700477 0.1525167 0.0000000 0.0220356 0.1029040 0.0945183 0.2588464 0.0586612 0.0608936 0.0693255 0.0492552 0.0501883 0.0368634 0.0594398 0.0515905 0.0898756 0.0765825 0.0515992 0.0591087 0.0516456 0.1367149 0.0509489 0.0472418 0.3301619 0.0605040 0.0638770 0.3579557 0.0587215 0.1587288 0.0833934 0.0581829 0.0684096 0.4151960 0.0775625 0.0545253 0.0743043 0.0576916 0.0576126 0.3922865 0.0729658 0.0501158 0.0761128 0.0766360 0.0631038 0.0501158 0.0545690 0.0701091 0.0742187 0.0608007 0.0502753 0.0636629 0.0561658 0.0787162 0.0535172 0.0432219 0.0531295 0.0466092 0.0481512 0.0497310 0.0945289 0.0249513 0.0632548 0.0595692 0.0767988 0.0898215 0.0338010 0.0578013 0.0561185 0.0761123 0.0530805 0.0516114 0.0499317 0.0267874 0.0732833 0.0728808 0.0619224 0.0599994 0.0647461 0.0561136 0.0689263 0.0577721 0.0554667 
Eutetras_pringlei_149_quer                 0.0479867 0.0721868 0.0479997 0.1201514 0.0220356 0.0000000 0.0609604 0.0889313 0.1727656 0.0659987 0.0484379 0.0581504 0.0414939 0.0414939 0.2427925 0.0387270 0.0479835 0.0649564 0.0753205 0.0480194 0.0481097 0.0414481 0.1039485 0.0354865 0.0414939 0.2798305 0.0447299 0.0486390 0.3107613 0.0580137 0.1839059 0.0682950 0.0616378 0.0659987 0.2783714 0.0684151 0.0480499 0.0725675 0.0415635 0.0480483 0.2874821 0.0649644 0.0414481 0.0649229 0.0727185 0.0648089 0.0414481 0.0448244 0.0652523 0.0512345 0.0484074 0.0447586 0.0447078 0.0481647 0.0648862 0.0482879 0.0446966 0.0481249 0.0414481 0.0686886 0.0616493 0.0713462 0.0285429 0.0516547 0.0481992 0.0524879 0.0580378 0.0294809 0.0515033 0.0480483 0.0681505 0.0447299 0.0414481 0.0481373 0.0424108 0.0654040 0.0685477 0.0546264 0.0545792 0.0715033 0.0446746 0.0580137 0.0476615 0.0637011 
Eutrochium_fistulosum_SRR9119106           0.0838105 0.0788516 0.0994855 0.1585605 0.1029040 0.0609604 0.0000000 0.1038070 0.3080817 0.0874122 0.1144935 0.1037043 0.0921662 0.0953935 0.0691076 0.0971758 0.0947592 0.1114411 0.1171413 0.0938313 0.1076102 0.0892159 0.1486051 0.0850191 0.0951798 0.3781649 0.1071154 0.1176425 0.4265808 0.0842166 0.2084180 0.1121891 0.0722679 0.1051746 0.4995718 0.1152875 0.1040241 0.1256981 0.1016431 0.0951136 0.4418517 0.1087878 0.0860646 0.1135495 0.1286854 0.1022417 0.0860646 0.0877834 0.1044068 0.0928512 0.0969909 0.0893977 0.1059387 0.0927298 0.1174940 0.0680512 0.0671143 0.0891879 0.0732242 0.0952139 0.0844812 0.1240700 0.0663174 0.1022614 0.1043236 0.1043171 0.1191315 0.0647615 0.1002879 0.0935576 0.1127248 0.0891060 0.0860646 0.0988322 0.0475165 0.1165456 0.1136973 0.1002241 0.0961847 0.1003740 0.0937853 0.1076256 0.0879964 0.0818575 
Galeana_pratensis_104_mex                  0.0919691 0.1182145 0.0804841 0.1363873 0.0945183 0.0889313 0.1038070 0.0000000 0.2224779 0.0820266 0.0952856 0.0983618 0.0908167 0.0870675 0.1566566 0.1155594 0.0942674 0.1208337 0.1095230 0.0943467 0.0870675 0.0868875 0.2246759 0.0960261 0.0835040 0.2660502 0.0979911 0.1181898 0.3025737 0.0859170 0.1879065 0.1325580 0.1247551 0.0820266 0.2674307 0.1096730 0.0944109 0.1086615 0.0984812 0.0944059 0.2699356 0.1098917 0.0868875 0.1059703 0.1058894 0.1019770 0.0868875 0.0868875 0.1102885 0.0868775 0.0956341 0.0906366 0.0979358 0.0983827 0.0910359 0.1248304 0.0906376 0.0944933 0.0868875 0.1026293 0.0830054 0.1128333 0.0807883 0.0912593 0.0992079 0.1198765 0.0976421 0.0644685 0.1021817 0.0944059 0.0898514 0.0905761 0.0868875 0.0908215 0.0883030 0.1031790 0.0983964 0.1058261 0.0941991 0.1019114 0.0904499 0.0896363 0.0911310 0.1026250 
Helianthus_annuus_SRR9119062               0.2679170 0.1915119 0.3436223 0.2479331 0.2588464 0.1727656 0.3080817 0.2224779 0.0000000 0.2033665 0.3567412 0.3404132 0.2871116 0.3265087 0.1742474 0.3275651 0.3296299 0.2888014 0.2831102 0.3301731 0.3210201 0.3114752 0.2778731 0.3123893 0.2806252 0.3804504 0.3325420 0.3496441 0.4087810 0.2268875 0.2909304 0.3650875 0.2090517 0.3095344 0.4672084 0.3204707 0.3150087 0.3343271 0.3047204 0.3044001 0.4027244 0.3378872 0.3111386 0.3393910 0.3392413 0.3032096 0.3353457 0.3190158 0.3370801 0.3152986 0.3317035 0.3165652 0.3130955 0.3174200 0.2946548 0.2063771 0.1860496 0.3372999 0.3210000 0.2714946 0.1779672 0.3353527 0.1546124 0.3506538 0.2966839 0.2529393 0.3380412 0.1606262 0.3174482 0.3451002 0.2831497 0.3281136 0.3088697 0.2767772 0.1593793 0.3203855 0.3432921 0.3311214 0.3271825 0.2075170 0.3421666 0.3507815 0.2680921 0.2159834 
Lycapsus_tenuifolius_17                    0.0295003 0.0559036 0.0212827 0.1586532 0.0586612 0.0659987 0.0874122 0.0820266 0.2033665 0.0000000 0.0606797 0.0376359 0.0438866 0.0411163 0.0721365 0.0590839 0.0410600 0.0804791 0.0691759 0.0438902 0.0492662 0.0411249 0.1881783 0.0561445 0.0411163 0.3248292 0.0547999 0.0556450 0.3339262 0.0034827 0.0274636 0.0830592 0.0695431 0.0158606 0.3344072 0.0604784 0.0553376 0.0634842 0.0441047 0.0582613 0.3315829 0.0578542 0.0411249 0.0605176 0.0635791 0.0431410 0.0411249 0.0439701 0.0580688 0.0320464 0.0673872 0.0439703 0.0553529 0.0469860 0.0668433 0.0610265 0.0394054 0.0439997 0.0411249 0.0640034 0.0332939 0.0748530 0.0392480 0.0350062 0.0604802 0.0789837 0.0458096 0.0248356 0.0526167 0.0582613 0.0292890 0.0439461 0.0411249 0.0524885 0.0252984 0.0662683 0.0575895 0.0583036 0.0320457 0.0588786 0.0496542 0.0212078 0.0632641 0.0722937 
Pericome_caudata_50_silver                 0.0797396 0.0628334 0.0864881 0.1691836 0.0608936 0.0484379 0.1144935 0.0952856 0.3567412 0.0606797 0.0000000 0.0858167 0.0805066 0.0876879 0.0622840 0.1047396 0.0774876 0.1131805 0.0862842 0.0902613 0.0828407 0.0775848 0.1287970 0.0757624 0.0735104 0.3607491 0.1555991 0.1099306 0.4019930 0.0529951 0.1509914 0.1075040 0.0521395 0.0808298 0.4850771 0.1044509 0.0852230 0.1045112 0.0886725 0.0891258 0.4134670 0.1029173 0.0711599 0.1074098 0.1131000 0.0808660 0.0880081 0.0879970 0.0951814 0.0893876 0.0991324 0.0859160 0.1306775 0.0732301 0.0972574 0.0575954 0.0379513 0.0915421 0.0849324 0.0993791 0.0462506 0.1225222 0.0399094 0.0877645 0.0987425 0.0443153 0.1129227 0.0340790 0.0953869 0.0820140 0.0792312 0.1047964 0.0760723 0.0723898 0.0300124 0.0608475 0.1020198 0.0979504 0.0773343 0.0632101 0.0937085 0.0989290 0.0837468 0.0635926 
Perityle_aglossa_84_dead_horse             0.0567209 0.0625622 0.0668851 0.1674981 0.0693255 0.0581504 0.1037043 0.0983618 0.3404132 0.0376359 0.0858167 0.0000000 0.0831858 0.0839258 0.0688630 0.1082063 0.0760500 0.1062511 0.0744647 0.0914128 0.0801884 0.0760374 0.1354655 0.0769236 0.0633318 0.3622459 0.1392131 0.1049210 0.4112760 0.0536811 0.1392852 0.0990990 0.0646513 0.0494237 0.4887571 0.0988411 0.0822193 0.1065956 0.0828100 0.0963702 0.4270957 0.0955117 0.0695739 0.0907446 0.1162310 0.0201865 0.0892743 0.0937607 0.0806311 0.0477198 0.1020786 0.0821046 0.1304809 0.0753914 0.0898137 0.0616433 0.0485515 0.0917226 0.0882405 0.0946292 0.0302400 0.1049093 0.0507153 0.0127993 0.1029574 0.0854503 0.0851609 0.0381210 0.1142681 0.0810082 0.0585556 0.1170991 0.0733847 0.0665948 0.0390166 0.1005264 0.1006408 0.0987845 0.0176259 0.0556097 0.0935352 0.0858002 0.0572367 0.0590445 
Perityle_ajoensis_204                      0.0574498 0.0593078 0.0798219 0.1598008 0.0492552 0.0414939 0.0921662 0.0908167 0.2871116 0.0438866 0.0805066 0.0831858 0.0000000 0.0182507 0.0242571 0.0386327 0.0203944 0.1015272 0.0732922 0.0239674 0.0223988 0.0123168 0.1252965 0.0215504 0.0181469 0.3507547 0.0361352 0.0501854 0.3978891 0.0539823 0.1483041 0.0836885 0.0523872 0.0597245 0.4744552 0.1024761 0.0272327 0.0807476 0.0390384 0.0209341 0.4135747 0.0974137 0.0098061 0.0918664 0.0916575 0.0585391 0.0107697 0.0151452 0.0827626 0.0532114 0.0313959 0.0191552 0.0373976 0.0285998 0.0757465 0.0350137 0.0237846 0.0118608 0.0112145 0.0808041 0.0497807 0.1009213 0.0105508 0.0786170 0.0366752 0.0710704 0.0916469 0.0082820 0.0562107 0.0201581 0.0657329 0.0140315 0.0119437 0.0200405 0.0087889 0.0833728 0.0747842 0.0365436 0.0572082 0.0555228 0.0162208 0.0583405 0.0509638 0.0464106 
Perityle_ambrosiifolia_67_green            0.0558321 0.0562035 0.0865891 0.1576696 0.0501883 0.0414939 0.0953935 0.0870675 0.3265087 0.0411163 0.0876879 0.0839258 0.0182507 0.0000000 0.0242616 0.0410083 0.0181131 0.1016489 0.0751258 0.0192947 0.0260995 0.0202948 0.1202300 0.0242230 0.0076279 0.3499951 0.0766268 0.0457464 0.4001425 0.0561192 0.1483041 0.0994416 0.0489028 0.0574435 0.4716255 0.0944622 0.0292345 0.0828983 0.0357791 0.0207879 0.4138043 0.0972571 0.0158805 0.1008202 0.0967146 0.0592487 0.0189700 0.0217125 0.0885514 0.0606471 0.0368657 0.0159787 0.0585581 0.0250354 0.0773076 0.0350535 0.0203754 0.0228219 0.0186618 0.0777481 0.0497807 0.0974406 0.0105508 0.0802705 0.0402290 0.0711922 0.0978830 0.0082820 0.0312302 0.0206251 0.0643370 0.0441634 0.0184325 0.0214576 0.0058452 0.0873640 0.0863195 0.0367307 0.0699642 0.0538040 0.0247709 0.0675332 0.0555951 0.0486662 
Perityle_angustifolia_13_Eagle_creek       0.0702760 0.0656004 0.0702760 0.1602107 0.0368634 0.2427925 0.0691076 0.1566566 0.1742474 0.0721365 0.0622840 0.0688630 0.0242571 0.0242616 0.0000000 0.0642843 0.0303798 0.0951642 0.0747733 0.0242616 0.0303429 0.0366476 1.2114154 0.0376608 0.0304719 0.3796823 0.0429618 0.0759904 0.3708026 0.0642607 0.0937609 0.1074634 0.0624426 0.0794091 0.3857294 0.0489177 0.0304559 0.0494328 0.0368618 0.0304865 0.3867381 0.0491497 0.0366476 0.0552605 0.0370824 0.0755391 0.0366476 0.0366476 0.0366619 0.0688683 0.0310209 0.0366476 0.0429618 0.0494952 0.0627625 0.0816331 0.0304647 0.0430489 0.0366476 0.0500293 0.1267202 0.0814861 0.0498520 0.0697366 0.0371653 0.0706124 0.0821646 0.0637058 0.0493662 0.0304865 0.0862621 0.0366476 0.0366476 0.0429839 0.0164439 0.0556976 0.0556774 0.0556357 0.0688630 0.0533082 0.0430489 0.0933398 0.0589802 0.0560941 
Perityle_batopilensis_97                   0.0743398 0.0728956 0.1028893 0.1702521 0.0594398 0.0387270 0.0971758 0.1155594 0.3275651 0.0590839 0.1047396 0.1082063 0.0386327 0.0410083 0.0642843 0.0000000 0.0382525 0.1187892 0.0871341 0.0475448 0.0481432 0.0407169 0.1341472 0.0433758 0.0365657 0.3562394 0.0493796 0.0657551 0.4127396 0.0670543 0.1664450 0.1042696 0.0566219 0.0778163 0.4831731 0.1178156 0.0445754 0.0996393 0.0258843 0.0439753 0.4204442 0.1141997 0.0382545 0.1035056 0.1080558 0.0751814 0.0391657 0.0423277 0.0983976 0.0762477 0.0581949 0.0409183 0.0523655 0.0391591 0.0937619 0.0414298 0.0327695 0.0411097 0.0385227 0.0993341 0.0507003 0.1206977 0.0176420 0.1019418 0.0479733 0.0790871 0.1168785 0.0082703 0.0797701 0.0402286 0.0756111 0.0433101 0.0407202 0.0368493 0.0240142 0.1033931 0.0989904 0.0533197 0.0763239 0.0670476 0.0443577 0.0746684 0.0601138 0.0536031 
Perityle_bisetosa_9                        0.0502765 0.0622495 0.0695327 0.1648682 0.0515905 0.0479835 0.0947592 0.0942674 0.3296299 0.0410600 0.0774876 0.0760500 0.0203944 0.0181131 0.0303798 0.0382525 0.0000000 0.0946281 0.0733594 0.0191888 0.0279321 0.0217295 0.1250400 0.0278871 0.0127611 0.3594395 0.0743088 0.0464562 0.3990273 0.0612414 0.1480349 0.0976325 0.0523835 0.0573533 0.4557585 0.0845425 0.0292313 0.0867691 0.0345296 0.0253125 0.4189939 0.0839325 0.0175400 0.0865088 0.0949173 0.0608930 0.0189849 0.0236871 0.0781882 0.0703817 0.0424277 0.0141836 0.0655227 0.0201506 0.0715970 0.0389598 0.0272241 0.0232837 0.0197548 0.0535813 0.0575925 0.0874719 0.0176269 0.0725052 0.0358786 0.0696119 0.0952691 0.0166105 0.0243439 0.0249718 0.0643494 0.0464933 0.0183012 0.0214299 0.0117140 0.0887740 0.0810401 0.0379133 0.0704565 0.0609538 0.0254440 0.0708852 0.0578428 0.0507092 
Perityle_californica_76_positas            0.0896079 0.0845971 0.1092094 0.1811934 0.0898756 0.0649564 0.1114411 0.1208337 0.2888014 0.0804791 0.1131805 0.1062511 0.1015272 0.1016489 0.0951642 0.1187892 0.0946281 0.0000000 0.1034266 0.1057574 0.1004617 0.0872259 0.1578252 0.0730278 0.0889319 0.3726783 0.1131334 0.1245245 0.4272023 0.0857221 0.1836952 0.0574554 0.0535419 0.0926683 0.4826743 0.1089615 0.0957340 0.1192725 0.1043198 0.0992919 0.4002901 0.1073395 0.0840974 0.1074970 0.1313964 0.0912442 0.0987334 0.1016307 0.0968833 0.0929408 0.1060216 0.1003083 0.1162761 0.0885493 0.0992513 0.0806177 0.0669351 0.1014107 0.0937886 0.1025214 0.0619233 0.1151047 0.0621445 0.1025883 0.1191395 0.0919342 0.1232164 0.0557489 0.1117194 0.0859637 0.1003728 0.0986891 0.0842927 0.0816220 0.0607869 0.1047997 0.1205065 0.1115851 0.0884430 0.0877567 0.1054982 0.1126584 0.0616924 0.0610652 
Perityle_canescens_77                      0.0842337 0.0749797 0.0847829 0.1767482 0.0765825 0.0753205 0.1171413 0.1095230 0.2831102 0.0691759 0.0862842 0.0744647 0.0732922 0.0751258 0.0747733 0.0871341 0.0733594 0.1034266 0.0000000 0.0717980 0.0846665 0.0702350 0.1615921 0.0843303 0.0703154 0.3668195 0.0764031 0.0950812 0.3814353 0.0716619 0.1690340 0.0956082 0.0759675 0.0892285 0.4489487 0.0793357 0.0783237 0.0409884 0.0865530 0.0799273 0.4365417 0.0730571 0.0701729 0.0729920 0.0522203 0.0745382 0.0701729 0.0731118 0.0716310 0.0680825 0.0865487 0.0704429 0.0816096 0.0721368 0.0829946 0.0764016 0.0598140 0.0701729 0.0680071 0.0597368 0.0579294 0.0857169 0.0697773 0.0697402 0.0782755 0.0861085 0.0842524 0.0558158 0.0689340 0.0783090 0.0972404 0.0717720 0.0701729 0.0717765 0.0609882 0.0997007 0.0367071 0.0800768 0.0711733 0.0536036 0.0782871 0.0917116 0.0729078 0.0704565 
Perityle_castillonii_96                    0.0590895 0.0622930 0.0866576 0.1624686 0.0515992 0.0480194 0.0938313 0.0943467 0.3301731 0.0438902 0.0902613 0.0914128 0.0239674 0.0192947 0.0242616 0.0475448 0.0191888 0.1057574 0.0717980 0.0000000 0.0283913 0.0213629 0.1251169 0.0254282 0.0153300 0.3598078 0.0714035 0.0524971 0.4120690 0.0628984 0.1576833 0.1011944 0.0487946 0.0598817 0.4907160 0.1012686 0.0254853 0.0859845 0.0408068 0.0270625 0.4182896 0.1020395 0.0193140 0.1022855 0.0968933 0.0631107 0.0231195 0.0266605 0.0939855 0.0686859 0.0437594 0.0245824 0.0616623 0.0262231 0.0757995 0.0370087 0.0220525 0.0270426 0.0219418 0.0824741 0.0576445 0.1076075 0.0176411 0.0877356 0.0436506 0.0679554 0.1045125 0.0166263 0.0322203 0.0240055 0.0688163 0.0503891 0.0217286 0.0214345 0.0117218 0.0886355 0.0863648 0.0391871 0.0723745 0.0572913 0.0290305 0.0716471 0.0578355 0.0485917 
Perityle_cernua_84                         0.0664651 0.0593131 0.0831797 0.1622074 0.0591087 0.0481097 0.1076102 0.0870675 0.3210201 0.0492662 0.0828407 0.0801884 0.0223988 0.0260995 0.0303429 0.0481432 0.0279321 0.1004617 0.0846665 0.0283913 0.0000000 0.0272316 0.1306649 0.0385972 0.0257497 0.3497032 0.0449960 0.0546141 0.3992635 0.0647997 0.1483041 0.0978904 0.0578484 0.0667715 0.4696384 0.0848958 0.0354828 0.0819301 0.0459426 0.0271996 0.4156570 0.0810799 0.0252564 0.0849909 0.0919965 0.0712864 0.0260579 0.0295739 0.0761766 0.0774181 0.0555200 0.0255651 0.0475426 0.0345844 0.0782149 0.0430449 0.0307682 0.0295174 0.0259902 0.0645448 0.0497807 0.0917497 0.0141097 0.0765304 0.0489067 0.0786504 0.1018806 0.0082820 0.0378893 0.0252883 0.0764409 0.0318724 0.0260579 0.0282855 0.0117418 0.0995677 0.0843046 0.0413509 0.0733909 0.0610832 0.0306994 0.0795273 0.0692483 0.0550056 
Perityle_cfvillosa_25_tin                  0.0516616 0.0531524 0.0718554 0.1544719 0.0516456 0.0414481 0.0892159 0.0868875 0.3114752 0.0411249 0.0775848 0.0760374 0.0123168 0.0202948 0.0366476 0.0407169 0.0217295 0.0872259 0.0702350 0.0213629 0.0272316 0.0000000 0.1169706 0.0217828 0.0179072 0.3440096 0.0720979 0.0476352 0.3970224 0.0578248 0.1434431 0.0991016 0.0487498 0.0527062 0.4706689 0.0809784 0.0316960 0.0855585 0.0382793 0.0257616 0.4075716 0.0792206 0.0022502 0.0816270 0.0949977 0.0577434 0.0052263 0.0094483 0.0734084 0.0657593 0.0367740 0.0091458 0.0684785 0.0214045 0.0721790 0.0310734 0.0220654 0.0094336 0.0032538 0.0548918 0.0458164 0.0848500 0.0105381 0.0738102 0.0398502 0.0663775 0.0951056 0.0041281 0.0248598 0.0238925 0.0612401 0.0243645 0.0033044 0.0227927 0.0000010 0.0887323 0.0812240 0.0335122 0.0697456 0.0537791 0.0104964 0.0697589 0.0509795 0.0420398 
Perityle_cinerea_113_Powell1310            0.1271582 0.1881007 0.1178222 0.2352606 0.1367149 0.1039485 0.1486051 0.2246759 0.2778731 0.1881783 0.1287970 0.1354655 0.1252965 0.1202300 1.2114154 0.1341472 0.1250400 0.1578252 0.1615921 0.1251169 0.1306649 0.1169706 0.0000000 0.1251836 0.1201017 0.3943152 0.1277606 0.1309542 0.4344407 0.1174371 0.2372206 0.1593469 0.1526820 0.1844951 0.4152366 0.1538929 0.1251770 0.1576572 0.1253956 0.1280754 0.4198232 0.1479320 0.1169706 0.1448867 0.1616527 0.1350368 0.1169706 0.1198597 0.1483051 0.1298900 0.1252354 0.1172815 0.1304962 0.1197864 0.1478145 0.1423816 0.1154887 0.1195364 0.1169706 0.1423223 0.1177914 0.1585509 0.0894793 0.1247415 0.1232280 0.1453368 0.1488040 0.0881330 0.1198007 0.1253508 0.1269563 0.1196612 0.1169706 0.1253541 0.1322036 0.1478521 0.1504022 0.1305639 0.1323017 0.1443465 0.1195394 0.1160632 0.1040614 0.1872115 
Perityle_coahuilensis_24                   0.0593425 0.0570310 0.0745967 0.1621077 0.0509489 0.0354865 0.0850191 0.0960261 0.3123893 0.0561445 0.0757624 0.0769236 0.0215504 0.0242230 0.0376608 0.0433758 0.0278871 0.0730278 0.0843303 0.0254282 0.0385972 0.0217828 0.1251836 0.0000000 0.0239382 0.3545718 0.0445583 0.0444079 0.3853096 0.0560717 0.1465124 0.0887173 0.0546367 0.0648079 0.4477224 0.0790849 0.0369916 0.0842121 0.0434404 0.0300272 0.4186482 0.0776999 0.0212000 0.0749227 0.0942877 0.0596491 0.0217054 0.0228818 0.0697864 0.0557179 0.0243916 0.0240508 0.0420620 0.0320965 0.0825171 0.0434714 0.0311744 0.0266143 0.0209315 0.0779064 0.0458164 0.0850128 0.0070152 0.0756512 0.0382884 0.0742110 0.0962058 0.0041281 0.0330701 0.0279247 0.0724024 0.0441792 0.0213317 0.0285491 0.0059152 0.0858215 0.0809748 0.0392267 0.0668644 0.0605122 0.0291042 0.0694852 0.0614024 0.0579578 
Perityle_cochisensis_44_cave_creek         0.0445055 0.0562017 0.0639732 0.1548348 0.0472418 0.0414939 0.0951798 0.0835040 0.2806252 0.0411163 0.0735104 0.0633318 0.0181469 0.0076279 0.0304719 0.0365657 0.0127611 0.0889319 0.0703154 0.0153300 0.0257497 0.0179072 0.1201017 0.0239382 0.0000000 0.3476906 0.0322551 0.0445701 0.3814745 0.0549317 0.1483041 0.0776247 0.0507181 0.0526973 0.4365416 0.0735197 0.0244555 0.0732901 0.0350269 0.0208574 0.4091359 0.0679501 0.0153064 0.0721954 0.0846955 0.0577905 0.0153064 0.0192072 0.0653595 0.0636372 0.0298430 0.0127644 0.0349527 0.0255360 0.0685227 0.0350498 0.0221020 0.0191877 0.0160652 0.0432084 0.0497807 0.0805162 0.0105508 0.0577992 0.0364726 0.0695839 0.0862900 0.0082820 0.0285614 0.0195371 0.0627938 0.0178874 0.0166001 0.0175507 0.0087874 0.0882166 0.0707933 0.0377062 0.0551720 0.0520441 0.0217952 0.0642029 0.0509583 0.0464628 
Perityle_congesta_202                      0.3736644 0.3042394 0.3655513 0.3717528 0.3301619 0.2798305 0.3781649 0.2660502 0.3804504 0.3248292 0.3607491 0.3622459 0.3507547 0.3499951 0.3796823 0.3562394 0.3594395 0.3726783 0.3668195 0.3598078 0.3497032 0.3440096 0.3943152 0.3545718 0.3476906 0.0000000 0.3661685 0.3558111 0.0597704 0.2807946 0.4103470 0.3491820 0.3046726 0.3793988 0.0361098 0.3661180 0.3510168 0.3705226 0.3501719 0.3600682 0.0302762 0.3705357 0.3440096 0.3694870 0.3561482 0.3712840 0.3440096 0.3509723 0.3654111 0.3552843 0.3507318 0.3472317 0.3623279 0.3446040 0.3647771 0.3024749 0.2999650 0.3534625 0.3440096 0.3530263 0.3047204 0.3687545 0.2786163 0.3636446 0.3651254 0.3266017 0.3749495 0.2682001 0.3536545 0.3600682 0.3436142 0.3471076 0.3440096 0.3513191 0.3001083 0.3609715 0.3684165 0.3457514 0.3641315 0.2869365 0.3506129 0.3535561 0.3312260 0.3362513 
Perityle_cordifolia_27                     0.0717090 0.0592171 0.1497942 0.1671494 0.0605040 0.0447299 0.1071154 0.0979911 0.3325420 0.0547999 0.1555991 0.1392131 0.0361352 0.0766268 0.0429618 0.0493796 0.0743088 0.1131334 0.0764031 0.0714035 0.0449960 0.0720979 0.1277606 0.0445583 0.0322551 0.3661685 0.0000000 0.1128056 0.4100565 0.0724070 0.1528803 0.1602872 0.0612502 0.0689010 0.5034954 0.1399471 0.0407678 0.1291370 0.0449969 0.0614574 0.4304913 0.1635178 0.0335077 0.1519319 0.1577069 0.0730875 0.0883251 0.0736146 0.1380771 0.0749647 0.1059602 0.0376444 0.0133689 0.0526673 0.0841885 0.0450843 0.0324582 0.0845995 0.0893926 0.0915402 0.0536735 0.1247411 0.0140827 0.1505731 0.0452962 0.0834984 0.1340506 0.0124384 0.0790772 0.0856004 0.0807418 0.0681661 0.0387379 0.0323543 0.0147001 0.1036379 0.1369180 0.0872903 0.1114098 0.0555843 0.0884711 0.1214062 0.0691227 0.0549770 
Perityle_cordifolia_68_tecolote            0.0776260 0.0787349 0.1080919 0.1741797 0.0638770 0.0486390 0.1176425 0.1181898 0.3496441 0.0556450 0.1099306 0.1049210 0.0501854 0.0457464 0.0759904 0.0657551 0.0464562 0.1245245 0.0950812 0.0524971 0.0546141 0.0476352 0.1309542 0.0444079 0.0445701 0.3558111 0.1128056 0.0000000 0.4029895 0.0790609 0.1696032 0.1223435 0.0636416 0.0749460 0.4836041 0.1156651 0.0560465 0.1107738 0.0552143 0.0498398 0.4161279 0.1217332 0.0429876 0.1234290 0.1237517 0.0816340 0.0458726 0.0478371 0.1105435 0.0844806 0.0558628 0.0435517 0.0890613 0.0398905 0.1025363 0.0096074 0.0396701 0.0486775 0.0445070 0.1055892 0.0624253 0.1253929 0.0285219 0.1023722 0.0642788 0.0873476 0.1187351 0.0209286 0.0571194 0.0479318 0.0832579 0.0712457 0.0432340 0.0537236 0.0269149 0.1089647 0.1078555 0.0599713 0.0852110 0.0815345 0.0520739 0.0917823 0.0604142 0.0600424 
Perityle_coronopifolia_28_patagonia        0.4124293 0.3238035 0.4003699 0.3749208 0.3579557 0.3107613 0.4265808 0.3025737 0.4087810 0.3339262 0.4019930 0.4112760 0.3978891 0.4001425 0.3708026 0.4127396 0.3990273 0.4272023 0.3814353 0.4120690 0.3992635 0.3970224 0.4344407 0.3853096 0.3814745 0.0597704 0.4100565 0.4029895 0.0000000 0.3194670 0.4147982 0.4174034 0.3457347 0.3860040 0.0655213 0.4312962 0.3788952 0.4162912 0.3945927 0.4055679 0.0683363 0.4258451 0.3939586 0.4282717 0.4096336 0.4116195 0.3939586 0.4012074 0.4298793 0.3961443 0.3734971 0.3970224 0.4098033 0.3620635 0.4208291 0.3322487 0.3326999 0.3973561 0.3939586 0.4124387 0.3418328 0.4329140 0.3121848 0.4127426 0.4081550 0.3450245 0.4095979 0.3147749 0.3930339 0.4055679 0.3663164 0.3968994 0.3939586 0.3798043 0.3347359 0.3972530 0.4185027 0.3964147 0.3843922 0.3255875 0.3977273 0.3991841 0.3449755 0.3423126 
Perityle_crassifolia_70_ventanas           0.0274415 0.0480845 0.0493967 0.1230054 0.0587215 0.0580137 0.0842166 0.0859170 0.2268875 0.0034827 0.0529951 0.0536811 0.0539823 0.0561192 0.0642607 0.0670543 0.0612414 0.0857221 0.0716619 0.0628984 0.0647997 0.0578248 0.1174371 0.0560717 0.0549317 0.2807946 0.0724070 0.0790609 0.3194670 0.0000000 0.1198558 0.0898125 0.0600172 0.0034827 0.3909190 0.0746646 0.0646996 0.0755216 0.0631731 0.0602433 0.3565241 0.0763375 0.0560506 0.0728484 0.0779824 0.0506102 0.0560506 0.0578661 0.0729344 0.0610879 0.0684860 0.0562837 0.0741782 0.0631533 0.0721552 0.0608966 0.0463541 0.0612364 0.0542273 0.0611391 0.0457189 0.0807857 0.0506830 0.0485333 0.0660046 0.0642082 0.0805909 0.0338472 0.0631385 0.0577833 0.0121043 0.0594766 0.0577805 0.0474823 0.0336730 0.0744474 0.0757000 0.0699866 0.0517975 0.0616852 0.0594828 0.0095672 0.0519870 0.0583375 
Perityle_crassifolia_74_playa_balandra     0.1490483 0.1787362 0.1340873 0.2395170 0.1587288 0.1839059 0.2084180 0.1879065 0.2909304 0.0274636 0.1509914 0.1392852 0.1483041 0.1483041 0.0937609 0.1664450 0.1480349 0.1836952 0.1690340 0.1576833 0.1483041 0.1434431 0.2372206 0.1465124 0.1483041 0.4103470 0.1528803 0.1696032 0.4147982 0.1198558 0.0000000 0.1988613 0.1783657 0.0274636 0.4103019 0.1643030 0.1578142 0.1722299 0.1488686 0.1577987 0.3953683 0.1596939 0.1434431 0.1595516 0.1727257 0.1441539 0.1434431 0.1434431 0.1654761 0.1293125 0.1551833 0.1483472 0.1527682 0.1536452 0.1637792 0.1826703 0.1434431 0.1485229 0.1434431 0.1701759 0.1437961 0.1487210 0.1625023 0.1352887 0.1539855 0.1738170 0.1392032 0.1555052 0.1536646 0.1577987 0.1291938 0.1482305 0.1434431 0.1532363 0.1434431 0.1556269 0.1589345 0.1681901 0.1386009 0.1733071 0.1434493 0.1198558 0.1899198 0.1744591 
Perityle_cuneata_34_cuneata_San_antonio    0.0919423 0.0937257 0.1014721 0.1915815 0.0833934 0.0682950 0.1121891 0.1325580 0.3650875 0.0830592 0.1075040 0.0990990 0.0836885 0.0994416 0.1074634 0.1042696 0.0976325 0.0574554 0.0956082 0.1011944 0.0978904 0.0991016 0.1593469 0.0887173 0.0776247 0.3491820 0.1602872 0.1223435 0.4174034 0.0898125 0.1988613 0.0000000 0.0500878 0.0897838 0.4715950 0.0963959 0.1017470 0.1061025 0.1000081 0.1018579 0.4156661 0.1070406 0.0862329 0.1084955 0.1164489 0.0892244 0.0977692 0.0992154 0.0915701 0.0950851 0.1025266 0.0874018 0.1323366 0.0876826 0.1022294 0.0761673 0.0683479 0.1001071 0.0981475 0.0757559 0.0620665 0.1005209 0.0622811 0.1019097 0.0983135 0.0910861 0.1183636 0.0514047 0.0989298 0.1034574 0.0961168 0.1171773 0.0893040 0.0780109 0.0639276 0.1088678 0.1043326 0.1107084 0.0934079 0.0795697 0.1033790 0.1115196 0.0661888 0.0742332 
Perityle_cuneata_4                         0.0559889 0.0814007 0.0576489 0.1526778 0.0581829 0.0616378 0.0722679 0.1247551 0.2090517 0.0695431 0.0521395 0.0646513 0.0523872 0.0489028 0.0624426 0.0566219 0.0523835 0.0535419 0.0759675 0.0487946 0.0578484 0.0487498 0.1526820 0.0546367 0.0507181 0.3046726 0.0612502 0.0636416 0.3457347 0.0600172 0.1783657 0.0500878 0.0000000 0.0638692 0.3712295 0.0612385 0.0561245 0.0765519 0.0543436 0.0524598 0.3822702 0.0631708 0.0487498 0.0630357 0.0749061 0.0682655 0.0487498 0.0524710 0.0578434 0.0591002 0.0581099 0.0471444 0.0616272 0.0490664 0.0784715 0.0624999 0.0494402 0.0524116 0.0487498 0.0640987 0.0578895 0.0776641 0.0546225 0.0611333 0.0559543 0.0615933 0.0886460 0.0468724 0.0526387 0.0506525 0.0708729 0.0505492 0.0487498 0.0542831 0.0513873 0.0629714 0.0686067 0.0617077 0.0608312 0.0718254 0.0523577 0.0654193 0.0585374 0.0643832 
Perityle_discoidea_81                      0.0333873 0.0559036 0.0265162 0.1850631 0.0684096 0.0659987 0.1051746 0.0820266 0.3095344 0.0158606 0.0808298 0.0494237 0.0597245 0.0574435 0.0794091 0.0778163 0.0573533 0.0926683 0.0892285 0.0598817 0.0667715 0.0527062 0.1844951 0.0648079 0.0526973 0.3793988 0.0689010 0.0749460 0.3860040 0.0034827 0.0274636 0.0897838 0.0638692 0.0000000 0.4033065 0.0832801 0.0695314 0.0867755 0.0697930 0.0616748 0.3830514 0.0760964 0.0527062 0.0760173 0.0903707 0.0494040 0.0527062 0.0551074 0.0690785 0.0332790 0.0716129 0.0551075 0.0669657 0.0579318 0.0793721 0.0666618 0.0395250 0.0551386 0.0527062 0.0716544 0.0332939 0.0879381 0.0392480 0.0472423 0.0736250 0.0866924 0.0515228 0.0248356 0.0649064 0.0616748 0.0164842 0.0550824 0.0527062 0.0622723 0.0252984 0.0939800 0.0808667 0.0721595 0.0400946 0.0555590 0.0622918 0.0065206 0.0797231 0.0770213 
Perityle_dissecta_201                      0.4295043 0.3091825 0.4848923 0.3798038 0.4151960 0.2783714 0.4995718 0.2674307 0.4672084 0.3344072 0.4850771 0.4887571 0.4744552 0.4716255 0.3857294 0.4831731 0.4557585 0.4826743 0.4489487 0.4907160 0.4696384 0.4706689 0.4152366 0.4477224 0.4365416 0.0361098 0.5034954 0.4836041 0.0655213 0.3909190 0.4103019 0.4715950 0.3712295 0.4033065 0.0000000 0.4941519 0.4454647 0.5168642 0.4440863 0.4852778 0.0450325 0.4972399 0.4638311 0.4948363 0.5138804 0.4893216 0.4753566 0.4765678 0.4911257 0.4848329 0.4684277 0.4737802 0.4917762 0.4453883 0.4900286 0.3211196 0.3717281 0.4848070 0.4654685 0.4306578 0.3036817 0.5055301 0.2825112 0.4900824 0.4987871 0.4297796 0.5136862 0.2737761 0.4984606 0.4905558 0.4317322 0.4881187 0.4760188 0.4329290 0.3051438 0.4567461 0.5116203 0.4920341 0.4391931 0.4015930 0.4859150 0.4830873 0.3357445 0.3470129 
Perityle_feddemae_99                       0.0885124 0.0624857 0.0973342 0.1691449 0.0775625 0.0684151 0.1152875 0.1096730 0.3204707 0.0604784 0.1044509 0.0988411 0.1024761 0.0944622 0.0489177 0.1178156 0.0845425 0.1089615 0.0793357 0.1012686 0.0848958 0.0809784 0.1538929 0.0790849 0.0735197 0.3661180 0.1399471 0.1156651 0.4312962 0.0746646 0.1643030 0.0963959 0.0612385 0.0832801 0.4941519 0.0000000 0.0846134 0.1124482 0.0887617 0.1132379 0.4394738 0.0234935 0.0703404 0.0154619 0.1255657 0.0774353 0.1089232 0.1120463 0.0217088 0.0956214 0.1171709 0.0895406 0.1390251 0.0801904 0.0842445 0.0617027 0.0467830 0.1075752 0.1073055 0.0868828 0.0460333 0.0919238 0.0545198 0.0989750 0.1179882 0.0966417 0.1149390 0.0558587 0.1447669 0.0879439 0.0904454 0.1223668 0.0779712 0.0681050 0.0390542 0.1109022 0.1045770 0.1152113 0.0740280 0.0538548 0.1141463 0.1172944 0.0640446 0.0526351 
Perityle_fosteri_93                        0.0561069 0.0623295 0.0774464 0.1574576 0.0545253 0.0480499 0.1040241 0.0944109 0.3150087 0.0553376 0.0852230 0.0822193 0.0272327 0.0292345 0.0304559 0.0445754 0.0292313 0.0957340 0.0783237 0.0254853 0.0354828 0.0316960 0.1251770 0.0369916 0.0244555 0.3510168 0.0407678 0.0560465 0.3788952 0.0646996 0.1578142 0.1017470 0.0561245 0.0695314 0.4454647 0.0846134 0.0000000 0.0816198 0.0461836 0.0292720 0.4112066 0.0778173 0.0291802 0.0833260 0.0910173 0.0685470 0.0291802 0.0329495 0.0766428 0.0778892 0.0522089 0.0292698 0.0433781 0.0254310 0.0755188 0.0430589 0.0272573 0.0341545 0.0305520 0.0560202 0.0576883 0.0927783 0.0176537 0.0768978 0.0442773 0.0743382 0.0987614 0.0166402 0.0281490 0.0284217 0.0719540 0.0316627 0.0304279 0.0283721 0.0117288 0.0967515 0.0841105 0.0355061 0.0748320 0.0573450 0.0354324 0.0776042 0.0602498 0.0530721 
Perityle_gamon_221                         0.0977569 0.0627891 0.1111910 0.1705770 0.0743043 0.0725675 0.1256981 0.1086615 0.3343271 0.0634842 0.1045112 0.1065956 0.0807476 0.0828983 0.0494328 0.0996393 0.0867691 0.1192725 0.0409884 0.0859845 0.0819301 0.0855585 0.1576572 0.0842121 0.0732901 0.3705226 0.1291370 0.1107738 0.4162912 0.0755216 0.1722299 0.1061025 0.0765519 0.0867755 0.5168642 0.1124482 0.0816198 0.0000000 0.0879984 0.0952192 0.4365712 0.1099516 0.0748160 0.1068662 0.0357030 0.0814710 0.0890606 0.0943531 0.0989801 0.0848984 0.1014101 0.0836332 0.1175020 0.0791627 0.0907125 0.0661410 0.0523880 0.0901501 0.0891376 0.0887945 0.0450347 0.1247764 0.0502910 0.1027733 0.0956845 0.0947377 0.1099064 0.0461210 0.0973138 0.0888228 0.0904928 0.1111153 0.0825518 0.0699266 0.0479555 0.1027667 0.0515934 0.0983260 0.0793966 0.0480642 0.0958293 0.1038865 0.0588431 0.0434123 
Perityle_gentryi_8_san_francisco           0.0643933 0.0625197 0.0836292 0.1581926 0.0576916 0.0415635 0.1016431 0.0984812 0.3047204 0.0441047 0.0886725 0.0828100 0.0390384 0.0357791 0.0368618 0.0258843 0.0345296 0.1043198 0.0865530 0.0408068 0.0459426 0.0382793 0.1253956 0.0434404 0.0350269 0.3501719 0.0449969 0.0552143 0.3945927 0.0631731 0.1488686 0.1000081 0.0543436 0.0697930 0.4440863 0.0887617 0.0461836 0.0879984 0.0000000 0.0396162 0.4157672 0.0805863 0.0357134 0.0888278 0.0932569 0.0723859 0.0357134 0.0408590 0.0807606 0.0829906 0.0570956 0.0333089 0.0476519 0.0391175 0.0840235 0.0371144 0.0290418 0.0382528 0.0374152 0.0640306 0.0496873 0.0995090 0.0140639 0.0774490 0.0480839 0.0774979 0.1052023 0.0082652 0.0423663 0.0375868 0.0752816 0.0382387 0.0369841 0.0365837 0.0117643 0.1020856 0.0928839 0.0472580 0.0786154 0.0592593 0.0420792 0.0797581 0.0694704 0.0509625 
Perityle_gilensis_22_Superstition          0.0585720 0.0623273 0.0884235 0.1683147 0.0576126 0.0480483 0.0951136 0.0944059 0.3044001 0.0582613 0.0891258 0.0963702 0.0209341 0.0207879 0.0304865 0.0439753 0.0253125 0.0992919 0.0799273 0.0270625 0.0271996 0.0257616 0.1280754 0.0300272 0.0208574 0.3600682 0.0614574 0.0498398 0.4055679 0.0602433 0.1577987 0.1018579 0.0524598 0.0616748 0.4852778 0.1132379 0.0292720 0.0952192 0.0396162 0.0000000 0.4197713 0.1098456 0.0213646 0.1006144 0.1052012 0.0614541 0.0231321 0.0269817 0.0922479 0.0582844 0.0543155 0.0242545 0.0609368 0.0307883 0.0770413 0.0451019 0.0255297 0.0268422 0.0244820 0.0854859 0.0576858 0.1126468 0.0176532 0.0950834 0.0414528 0.0712036 0.1035873 0.0124365 0.0976679 0.0010428 0.0673919 0.0433076 0.0226276 0.0231992 0.0117286 0.0887971 0.0885813 0.0363798 0.0701438 0.0555425 0.0300097 0.0651688 0.0625270 0.0574622 
Perityle_gilensis_salensis_225             0.3833986 0.3115947 0.4187553 0.3828778 0.3922865 0.2874821 0.4418517 0.2699356 0.4027244 0.3315829 0.4134670 0.4270957 0.4135747 0.4138043 0.3867381 0.4204442 0.4189939 0.4002901 0.4365417 0.4182896 0.4156570 0.4075716 0.4198232 0.4186482 0.4091359 0.0302762 0.4304913 0.4161279 0.0683363 0.3565241 0.3953683 0.4156661 0.3822702 0.3830514 0.0450325 0.4394738 0.4112066 0.4365712 0.4157672 0.4197713 0.0000000 0.4399418 0.4075716 0.4362924 0.4417737 0.4316182 0.4075716 0.4109416 0.4359486 0.4183801 0.4113216 0.4069317 0.4303508 0.4166631 0.4356674 0.3301829 0.3781652 0.4159124 0.4075716 0.3838132 0.3037580 0.4427243 0.2926279 0.4285068 0.4260844 0.3998638 0.4411624 0.2799608 0.4198288 0.4197826 0.4042807 0.4103081 0.4075716 0.4116363 0.3118488 0.4250642 0.4303859 0.4124925 0.4286142 0.3724164 0.4111003 0.4078393 0.3435819 0.3531020 
Perityle_glaucescens_94                    0.0801467 0.0656522 0.0990390 0.1666053 0.0729658 0.0649644 0.1087878 0.1098917 0.3378872 0.0578542 0.1029173 0.0955117 0.0974137 0.0972571 0.0491497 0.1141997 0.0839325 0.1073395 0.0730571 0.1020395 0.0810799 0.0792206 0.1479320 0.0776999 0.0679501 0.3705357 0.1635178 0.1217332 0.4258451 0.0763375 0.1596939 0.1070406 0.0631708 0.0760964 0.4972399 0.0234935 0.0778173 0.1099516 0.0805863 0.1098456 0.4399418 0.0000000 0.0665567 0.0283847 0.1175042 0.0706903 0.1089175 0.1130300 0.0227238 0.0905934 0.1193149 0.0858313 0.1407133 0.0735563 0.0755690 0.0556228 0.0449931 0.1099981 0.1150411 0.0788235 0.0421630 0.0892659 0.0545590 0.0954880 0.1141105 0.0915753 0.1100396 0.0515128 0.1502977 0.0921972 0.0840521 0.1272677 0.0742689 0.0681057 0.0421815 0.1036873 0.1018754 0.1114893 0.0729739 0.0538935 0.1176244 0.1189145 0.0526675 0.0461496 
Perityle_gracilis_11                       0.0498922 0.0531524 0.0689173 0.1544719 0.0501158 0.0414481 0.0860646 0.0868875 0.3111386 0.0411249 0.0711599 0.0695739 0.0098061 0.0158805 0.0366476 0.0382545 0.0175400 0.0840974 0.0701729 0.0193140 0.0252564 0.0022502 0.1169706 0.0212000 0.0153064 0.3440096 0.0335077 0.0429876 0.3939586 0.0560506 0.1434431 0.0862329 0.0487498 0.0527062 0.4638311 0.0703404 0.0291802 0.0748160 0.0357134 0.0213646 0.4075716 0.0665567 0.0000000 0.0704184 0.0835578 0.0562380 0.0011207 0.0056323 0.0616660 0.0630216 0.0356221 0.0068287 0.0359266 0.0210919 0.0690845 0.0310734 0.0220654 0.0044940 0.0011687 0.0531554 0.0458164 0.0818643 0.0105381 0.0659177 0.0384524 0.0663196 0.0876699 0.0041281 0.0241142 0.0196105 0.0596670 0.0033686 0.0011207 0.0200527 0.0000010 0.0872622 0.0725216 0.0310222 0.0600302 0.0519255 0.0056259 0.0652862 0.0509795 0.0420398 
Perityle_harkerae_31                       0.0834517 0.0593904 0.1026309 0.1663569 0.0761128 0.0649229 0.1135495 0.1059703 0.3393910 0.0605176 0.1074098 0.0907446 0.0918664 0.1008202 0.0552605 0.1035056 0.0865088 0.1074970 0.0729920 0.1022855 0.0849909 0.0816270 0.1448867 0.0749227 0.0721954 0.3694870 0.1519319 0.1234290 0.4282717 0.0728484 0.1595516 0.1084955 0.0630357 0.0760173 0.4948363 0.0154619 0.0833260 0.1068662 0.0888278 0.1006144 0.4362924 0.0283847 0.0704184 0.0000000 0.1146838 0.0760453 0.1005986 0.1010962 0.0208031 0.0905901 0.1090805 0.0889573 0.1321858 0.0789308 0.0841518 0.0595804 0.0467632 0.1038287 0.0987967 0.0819765 0.0421290 0.0863695 0.0545198 0.0854390 0.1078663 0.0933353 0.1126090 0.0514691 0.1044935 0.0964522 0.0841376 0.1157882 0.0780558 0.0667165 0.0390542 0.1092768 0.0958621 0.1099645 0.0742370 0.0557016 0.1060681 0.1097344 0.0569657 0.0481700 
Perityle_hofmeisteria_4_nombre_de_dios     0.1044900 0.0599348 0.1181877 0.1659268 0.0766360 0.0727185 0.1286854 0.1058894 0.3392413 0.0635791 0.1131000 0.1162310 0.0916575 0.0967146 0.0370824 0.1080558 0.0949173 0.1313964 0.0522203 0.0968933 0.0919965 0.0949977 0.1616527 0.0942877 0.0846955 0.3561482 0.1577069 0.1237517 0.4096336 0.0779824 0.1727257 0.1164489 0.0749061 0.0903707 0.5138804 0.1255657 0.0910173 0.0357030 0.0932569 0.1052012 0.4417737 0.1175042 0.0835578 0.1146838 0.0000000 0.0876522 0.1013628 0.1025091 0.1042224 0.0944898 0.1266554 0.0918324 0.1293593 0.0916641 0.0975560 0.0665051 0.0522489 0.1031963 0.1002475 0.0914416 0.0494056 0.1365942 0.0544481 0.1059680 0.1087839 0.0929599 0.1154168 0.0510549 0.1977474 0.1016373 0.0929730 0.1164669 0.0909091 0.0729292 0.0416493 0.1046744 0.0616939 0.1108050 0.0851488 0.0519241 0.1041204 0.1137978 0.0697058 0.0435739 
