84
Amauria_brandeegeana_62                    0.0000000 0.1670301 0.2767549 0.1296168 0.2337029 0.2688680 0.3207017 0.2760538 0.3435477 0.2520507 0.2905949 0.3436740 0.1410041 0.2099443 0.3271905 0.1794969 0.2611356 0.2488830 0.3201857 0.3269711 0.2569499 0.3252124 0.2836327 0.3289561 0.3706017 0.2730573 0.3204922 0.2062225 0.1047826 0.2198401 0.2731661 0.2899092 0.3198958 0.2443933 0.2805939 0.2319152 0.3532195 0.2468995 0.1943262 0.3423773 0.3244090 0.3266686 0.1862733 0.2799298 0.2402555 0.2287734 0.3143708 0.1866284 0.3335969 0.2519044 0.3077543 0.3256728 0.2064080 0.2401265 0.2169993 0.2675095 0.3785368 0.3150624 0.2902506 0.1500229 0.3392187 0.2533499 0.3246873 0.3317269 0.3526586 0.3199332 0.3457175 0.2013356 0.2866529 0.3236889 0.2022672 0.3291744 0.3241096 0.3198387 0.2367887 0.3572976 0.4281587 0.3151852 0.3409246 0.2606091 0.3439280 0.3321772 0.2487749 0.2749123 
Amauria_carterae_99_mesa                   0.1670301 0.0000000 0.2399259 0.1197119 0.1985930 0.1979875 0.2711769 0.2452512 0.2763820 0.2366172 0.2510057 0.2423534 0.0867401 0.1367254 0.2243573 0.1419692 0.2688818 0.2459625 0.2418393 0.2341424 0.2386791 0.2457779 0.2343766 0.2546526 0.2663356 0.2518085 0.1684469 0.1650077 0.1157300 0.1712442 0.1824520 0.2452512 0.2500438 0.2551799 0.2727827 0.2374740 0.2536517 0.2453904 0.1460687 0.2384575 0.2480499 0.2554042 0.1597265 0.1805199 0.1375541 0.1403187 0.2341424 0.1741454 0.2464990 0.1319749 0.2301158 0.2446655 0.0831232 0.2437775 0.2668008 0.2489052 0.2629645 0.2341424 0.1865066 0.1647251 0.2256408 0.2548005 0.2459625 0.1626771 0.2725624 0.2552120 0.2535323 0.2132825 0.2502117 0.2383293 0.1650077 0.2554042 0.2598709 0.2380312 0.2362939 0.2681346 0.2598294 0.2454752 0.2498387 0.2457058 0.2594859 0.2556485 0.0979258 0.2508429 
Eutetras_palmeri_63                        0.2767549 0.2399259 0.0000000 0.1983831 0.2097505 0.1776996 0.1755507 0.1300503 0.1297490 0.0550830 0.0614767 0.0746783 0.2309818 0.2051996 0.1182407 0.2131144 0.1112633 0.0575970 0.0642344 0.0522107 0.1183211 0.0605000 0.0426552 0.0611006 0.1529050 0.0748651 0.2369996 0.2253223 0.1942194 0.2646412 0.2507437 0.1351215 0.0615734 0.0595325 0.0932658 0.0310844 0.0659927 0.0630067 0.2101273 0.0631258 0.0752666 0.0549891 0.2589483 0.2565756 0.2128588 0.2044744 0.0597272 0.2734640 0.0615770 0.1845308 0.0535721 0.0704229 0.2326494 0.1019480 0.1005373 0.0380952 0.0628487 0.0598411 0.2484561 0.0888298 0.1068771 0.0480621 0.0552247 0.2398937 0.0698383 0.0882019 0.0834267 0.0424668 0.0503524 0.0580523 0.2257130 0.0549262 0.0551789 0.0579183 0.0254493 0.0943020 0.1094569 0.0567410 0.0631478 0.0551230 0.0589908 0.0716195 0.2097076 0.0526896 
Eutetras_pringlei_149_quer                 0.1296168 0.1197119 0.1983831 0.0000000 0.1323484 0.1686160 0.2321338 0.2273552 0.1958187 0.1917292 0.2060891 0.1862133 0.0957057 0.1109297 0.2049245 0.1101805 0.1902993 0.2013249 0.1973167 0.1989288 0.2415946 0.1975548 0.1969300 0.2165743 0.2170102 0.2095825 0.1160749 0.1364883 0.0870705 0.1097766 0.1215810 0.2312860 0.2051707 0.2095684 0.2176077 0.2015024 0.2159050 0.1961886 0.1195496 0.2051195 0.2068716 0.2177629 0.1207053 0.1123516 0.1270782 0.1152368 0.1989288 0.1310130 0.1972782 0.1151609 0.1863367 0.2070660 0.0894849 0.2017456 0.1827168 0.2360213 0.2244658 0.1989288 0.1317657 0.1392881 0.1971938 0.2334522 0.2013249 0.1201663 0.2186029 0.2189222 0.2130000 0.2214602 0.2053034 0.1939286 0.1364883 0.2177629 0.2219802 0.1936957 0.2281364 0.2310072 0.2179864 0.1962571 0.2048799 0.2185696 0.2180912 0.2057431 0.1108672 0.2054507 
Eutrochium_fistulosum_SRR9119106           0.2337029 0.1985930 0.2097505 0.1323484 0.0000000 0.2162856 0.2490163 0.2134599 0.2536995 0.1861482 0.2231209 0.2468335 0.1849492 0.1771433 0.2336328 0.1623210 0.2018966 0.1872299 0.2172263 0.2370888 0.1967756 0.2265470 0.2099054 0.2477784 0.2532230 0.2212507 0.1856409 0.1602322 0.1385446 0.1931372 0.1657261 0.2266444 0.2215933 0.1807474 0.1993161 0.1697166 0.2340591 0.1807777 0.1806105 0.2361128 0.2283824 0.2392397 0.1608516 0.1571328 0.1834432 0.1696005 0.2367744 0.1625092 0.2229838 0.1722401 0.2184642 0.2322265 0.1870955 0.1869802 0.1591363 0.2239540 0.2650129 0.2372339 0.1955608 0.1635916 0.2287979 0.2366597 0.2262108 0.1825206 0.2475260 0.2353998 0.2271478 0.1952443 0.2152483 0.2228181 0.1670113 0.2413226 0.2419754 0.2158053 0.2111599 0.2380953 0.2931381 0.2189231 0.2332219 0.2268178 0.2440695 0.2285929 0.1652295 0.2099454 
Galeana_pratensis_104_mex                  0.2688680 0.1979875 0.1776996 0.1686160 0.2162856 0.0000000 0.1686429 0.1523248 0.1839016 0.1652956 0.1803056 0.1758941 0.1764629 0.1656736 0.1731986 0.1910978 0.1913364 0.1688174 0.1708253 0.1928576 0.1597761 0.1913129 0.1767524 0.2027057 0.1931104 0.2110155 0.2078834 0.2066212 0.1582997 0.1542017 0.1801928 0.1760239 0.1624634 0.1564076 0.1411854 0.1643114 0.1898789 0.1643378 0.1736755 0.1805578 0.1732028 0.1711865 0.1724953 0.1577711 0.1609300 0.1736017 0.1991770 0.1517414 0.1762694 0.1618484 0.1753771 0.1846700 0.1936994 0.1516559 0.1726790 0.1827008 0.1872028 0.1928576 0.1959952 0.1595210 0.1883863 0.2113046 0.1774591 0.1913075 0.1875799 0.1714708 0.1624023 0.1915333 0.1625292 0.1868492 0.2040199 0.1711865 0.1848954 0.1822875 0.1847446 0.1676161 0.1858853 0.1691287 0.1905384 0.1848618 0.1759916 0.1729508 0.1983452 0.1686549 
Helianthus_annuus_SRR9119062               0.3207017 0.2711769 0.1755507 0.2321338 0.2490163 0.1686429 0.0000000 0.2119329 0.1909777 0.1688416 0.1784176 0.1918718 0.2694079 0.2513989 0.2080011 0.2782342 0.1814238 0.1696543 0.1767386 0.1590543 0.1981314 0.1785159 0.1607241 0.1736413 0.2403236 0.2016234 0.3029265 0.2726216 0.1799319 0.3192586 0.2983404 0.2095286 0.1729551 0.1697037 0.1809123 0.1504878 0.1950530 0.1666324 0.2623039 0.1816493 0.1812506 0.1710591 0.2994020 0.2953224 0.2526933 0.2471274 0.1725067 0.3049890 0.1701683 0.2390760 0.1709121 0.1841022 0.2737414 0.1736931 0.2047364 0.1634842 0.1780644 0.1726061 0.3100622 0.1957800 0.1933614 0.1753082 0.1743592 0.2932862 0.1918735 0.1956155 0.1951580 0.1435235 0.1594223 0.1740063 0.2735441 0.1710591 0.1632235 0.1737580 0.1545625 0.1987776 0.2435107 0.1728986 0.1925707 0.1555790 0.1765394 0.1942326 0.2528039 0.1639726 
Lycapsus_tenuifolius_17                    0.2760538 0.2452512 0.1300503 0.2273552 0.2134599 0.1523248 0.2119329 0.0000000 0.1919386 0.1325905 0.1376815 0.1504093 0.2390095 0.2558761 0.1431082 0.2324185 0.1780045 0.1337096 0.1624370 0.1368708 0.1953670 0.1817484 0.1334827 0.1904182 0.1698571 0.1994946 0.2840442 0.2262631 0.1585885 0.2638712 0.2530712 0.0609456 0.1447176 0.1417605 0.1700369 0.1075382 0.1538164 0.1394355 0.2758613 0.1677028 0.1401336 0.1635893 0.2672361 0.2897729 0.2539652 0.2160514 0.1852016 0.2630384 0.1330226 0.2057929 0.1286629 0.1540146 0.2604282 0.1310918 0.1844063 0.1101781 0.1507322 0.1369693 0.2686470 0.1293470 0.1543380 0.1326702 0.1756983 0.2667365 0.1522778 0.1660527 0.1594611 0.0890504 0.1318498 0.1818616 0.2267080 0.1784108 0.1432853 0.1724688 0.0993575 0.1652752 0.2240810 0.1394826 0.1672145 0.1293646 0.1692666 0.1863914 0.2178595 0.1376191 
Pericome_caudata_50_silver                 0.3435477 0.2763820 0.1297490 0.1958187 0.2536995 0.1839016 0.1909777 0.1919386 0.0000000 0.1295471 0.1387269 0.2095373 0.2557859 0.2561616 0.2010436 0.2412110 0.1247646 0.1345668 0.1540258 0.1713663 0.1698143 0.1591192 0.1374362 0.1865384 0.2000504 0.1508713 0.2969088 0.2631573 0.2002229 0.3143576 0.2960885 0.1371753 0.2053820 0.1442652 0.1439340 0.1083160 0.1726202 0.1378308 0.2560179 0.1633141 0.1554763 0.1516409 0.2786837 0.3094651 0.2792022 0.2484784 0.1519530 0.2721226 0.1685674 0.2608675 0.1545514 0.1868800 0.2920190 0.1281743 0.1910639 0.1542776 0.1579404 0.1579186 0.2891095 0.1677191 0.1636612 0.1476785 0.2068571 0.2986148 0.1638369 0.1351804 0.1170563 0.1454049 0.1375962 0.1581731 0.2634928 0.1736830 0.1605667 0.1649351 0.1286540 0.1162698 0.2687073 0.1512889 0.1575517 0.1175978 0.1665553 0.1725436 0.2928884 0.1374847 
Perityle_aglossa_84_dead_horse             0.2520507 0.2366172 0.0550830 0.1917292 0.1861482 0.1652956 0.1688416 0.1325905 0.1295471 0.0000000 0.0404194 0.0614223 0.2007824 0.1854414 0.0857421 0.2150043 0.1062023 0.0275581 0.0232855 0.0558397 0.1079627 0.0232885 0.0304392 0.0511958 0.0859398 0.0563909 0.2008714 0.2045232 0.1688424 0.2196870 0.2045329 0.1300154 0.0317190 0.0503763 0.0850637 0.0226917 0.0608636 0.0477124 0.1921170 0.0261543 0.0641791 0.0520332 0.2091124 0.2177834 0.1898471 0.1828531 0.0558411 0.2190361 0.0222804 0.1731169 0.0266404 0.0629625 0.1993470 0.0990317 0.0996977 0.0443760 0.0555877 0.0558738 0.2051923 0.1042489 0.1021907 0.0509843 0.0303150 0.2012234 0.0539333 0.0795554 0.0778894 0.0395734 0.0289158 0.0191692 0.2047000 0.0520332 0.0582902 0.0191638 0.0389617 0.0825121 0.1116752 0.0333510 0.0177737 0.0616926 0.0567533 0.0523187 0.1865365 0.0459830 
Perityle_ajoensis_204                      0.2905949 0.2510057 0.0614767 0.2060891 0.2231209 0.1803056 0.1784176 0.1376815 0.1387269 0.0404194 0.0000000 0.0735282 0.2217036 0.2149406 0.1007862 0.2085157 0.1037995 0.0340694 0.0388169 0.0512852 0.0899921 0.0375196 0.0381017 0.0505341 0.1228685 0.0573937 0.2581475 0.2455718 0.1951064 0.2799771 0.2686861 0.1351281 0.0302531 0.0459552 0.0847494 0.0210765 0.0752880 0.0515784 0.2223539 0.0400282 0.0819620 0.0509977 0.2825782 0.2754873 0.2232713 0.2119935 0.0527415 0.2882174 0.0404950 0.1975634 0.0259560 0.0573188 0.2479413 0.1147063 0.0916672 0.0383342 0.0651622 0.0527038 0.2692117 0.1006152 0.1139378 0.0427977 0.0302299 0.2652824 0.0477500 0.0975710 0.0939687 0.0395343 0.0302100 0.0351377 0.2461630 0.0509395 0.0571402 0.0351222 0.0290658 0.1016983 0.1270963 0.0292149 0.0436795 0.0618788 0.0549758 0.0541218 0.2183115 0.0418384 
Perityle_ambrosiifolia_67_green            0.3436740 0.2423534 0.0746783 0.1862133 0.2468335 0.1758941 0.1918718 0.1504093 0.2095373 0.0614223 0.0735282 0.0000000 0.1808453 0.2298761 0.1447088 0.1977426 0.1221550 0.0522876 0.0788042 0.1196580 0.1043969 0.0988408 0.0771459 0.1037995 0.1623747 0.0843947 0.2791976 0.2764345 0.1892880 0.2762681 0.2971079 0.1597554 0.0960419 0.0615569 0.0804846 0.0380837 0.1298798 0.0749233 0.2072813 0.1018997 0.1395058 0.1042370 0.2804736 0.3219427 0.2387388 0.2213937 0.1096748 0.2864265 0.0925956 0.2083424 0.1003650 0.1245433 0.2649148 0.1336640 0.0839523 0.0411909 0.1117492 0.1097332 0.2759634 0.0976336 0.1754753 0.0453087 0.0959433 0.2786425 0.1189231 0.1450115 0.1748029 0.0332289 0.0637506 0.0935419 0.2768687 0.1055523 0.1080574 0.0936314 0.0288841 0.1751608 0.1930897 0.0810126 0.0875847 0.0680215 0.1192715 0.1148632 0.2487587 0.0722515 
Perityle_angustifolia_13_Eagle_creek       0.1410041 0.0867401 0.2309818 0.0957057 0.1849492 0.1764629 0.2694079 0.2390095 0.2557859 0.2007824 0.2217036 0.1808453 0.0000000 0.0777629 0.2198190 0.1704898 0.2366493 0.2130417 0.2610587 0.2304507 0.1891547 0.2583780 0.2062908 0.2709025 0.2836511 0.2796468 0.2154228 0.2013411 0.0922273 0.1981948 0.1929749 0.2579997 0.2295968 0.2011429 0.2273050 0.1982469 0.2484699 0.2381025 0.0782398 0.2699096 0.2293662 0.2691027 0.1898117 0.1997834 0.0604489 0.0572157 0.2695572 0.1958987 0.2248078 0.0537725 0.2064414 0.2251768 0.0486380 0.1995226 0.2075684 0.1878033 0.2733498 0.2398716 0.2335194 0.1757673 0.2306027 0.1963812 0.2511898 0.2103289 0.2445738 0.2408014 0.2226884 0.1958284 0.2150182 0.2504829 0.1987332 0.2679249 0.2303388 0.2492804 0.1946567 0.2525833 0.3231494 0.2481499 0.2442773 0.1975632 0.2832970 0.2565884 0.0419008 0.1985448 
Perityle_batopilensis_97                   0.2099443 0.1367254 0.2051996 0.1109297 0.1771433 0.1656736 0.2513989 0.2558761 0.2561616 0.1854414 0.2149406 0.2298761 0.0777629 0.0000000 0.2514095 0.1550433 0.2269879 0.1837631 0.2407787 0.2608608 0.1867738 0.2392659 0.1982865 0.2732729 0.3187699 0.2272978 0.2157714 0.1908414 0.0988634 0.2087573 0.1828623 0.2429427 0.2331668 0.1896539 0.2143625 0.1651030 0.2475351 0.2005319 0.0584426 0.2502414 0.2356326 0.2543499 0.1698252 0.1832140 0.0710597 0.0454488 0.2613044 0.1629506 0.2323059 0.0438856 0.2253132 0.2474942 0.1116630 0.1769973 0.1847720 0.2176146 0.2686288 0.2533086 0.2160311 0.1718785 0.2442239 0.2208955 0.2598351 0.2091769 0.2477771 0.2411015 0.2386038 0.1899839 0.2057232 0.2431268 0.1946483 0.2812609 0.2504437 0.2383385 0.2035896 0.2481914 0.3058051 0.2417223 0.2429829 0.1827386 0.2683600 0.2537041 0.0716338 0.1981857 
Perityle_bisetosa_9                        0.3271905 0.2243573 0.1182407 0.2049245 0.2336328 0.1731986 0.2080011 0.1431082 0.2010436 0.0857421 0.1007862 0.1447088 0.2198190 0.2514095 0.0000000 0.2157567 0.1269569 0.0889385 0.0918112 0.1143953 0.1078337 0.1448585 0.1056047 0.1222781 0.1580040 0.1777712 0.2702937 0.2444482 0.1888964 0.2726534 0.2811380 0.1739655 0.0883959 0.1046865 0.1352572 0.0194600 0.1481162 0.1225827 0.2330481 0.0935602 0.1520565 0.1162843 0.2806692 0.3832618 0.2531020 0.2418670 0.1662586 0.2856607 0.0878194 0.2232132 0.0975638 0.1086704 0.2706011 0.1150243 0.1790719 0.0441959 0.1503905 0.1196732 0.2785271 0.1064480 0.1418130 0.0397671 0.0983909 0.2755009 0.1122567 0.1542907 0.1608751 0.0148922 0.0808403 0.1414268 0.2413714 0.1176712 0.1119415 0.0864678 0.0288454 0.1702908 0.3178962 0.0975523 0.1491036 0.0614418 0.1210959 0.1386456 0.2518443 0.1014434 
Perityle_californica_76_positas            0.1794969 0.1419692 0.2131144 0.1101805 0.1623210 0.1910978 0.2782342 0.2324185 0.2412110 0.2150043 0.2085157 0.1977426 0.1704898 0.1550433 0.2157567 0.0000000 0.2379069 0.2130776 0.2050854 0.2177681 0.2408687 0.2076838 0.2050930 0.2273216 0.2258199 0.2411062 0.1218442 0.1909888 0.1066319 0.0442449 0.1572040 0.2389429 0.2131261 0.2157453 0.2172085 0.2012279 0.2308827 0.2215517 0.1772019 0.2140130 0.2179909 0.2174064 0.1663774 0.1387689 0.1840337 0.1817285 0.2174064 0.1676597 0.2113372 0.1735503 0.1989092 0.2295336 0.1813317 0.2140288 0.1855842 0.2166355 0.2431320 0.2179371 0.1485597 0.1428185 0.2260381 0.2285578 0.2070991 0.1117162 0.2302317 0.2172212 0.2150271 0.1946386 0.2103692 0.2113900 0.1884516 0.2174064 0.2176648 0.2018618 0.2192911 0.2289740 0.2988127 0.1951638 0.2112162 0.2328694 0.2210405 0.2256207 0.1523409 0.2000272 
Perityle_canescens_77                      0.2611356 0.2688818 0.1112633 0.1902993 0.2018966 0.1913364 0.1814238 0.1780045 0.1247646 0.1062023 0.1037995 0.1221550 0.2366493 0.2269879 0.1269569 0.2379069 0.0000000 0.1147740 0.1072790 0.1230833 0.1453095 0.1166511 0.1092843 0.1309207 0.1386283 0.1258084 0.2304774 0.2123081 0.2055047 0.2647850 0.2347104 0.1462928 0.1165548 0.1226630 0.1227580 0.0787862 0.1184600 0.1129861 0.2449728 0.1140296 0.1212675 0.1226864 0.2381208 0.2379839 0.2228413 0.2095772 0.1252615 0.2258176 0.1117508 0.1997471 0.1022971 0.1390108 0.2379010 0.1129269 0.1624475 0.1042084 0.1202280 0.1252066 0.2364606 0.1199686 0.1308169 0.0965642 0.1162145 0.2318077 0.1276434 0.1071025 0.1027324 0.0831639 0.1095078 0.1136086 0.2152381 0.1538789 0.1313092 0.1103154 0.0894577 0.1068770 0.1483931 0.1042127 0.1125904 0.0897919 0.1260026 0.1233393 0.2180080 0.1164724 
Perityle_castillonii_96                    0.2488830 0.2459625 0.0575970 0.2013249 0.1872299 0.1688174 0.1696543 0.1337096 0.1345668 0.0275581 0.0340694 0.0522876 0.2130417 0.1837631 0.0889385 0.2130776 0.1147740 0.0000000 0.0239778 0.0449826 0.1112496 0.0228252 0.0307350 0.0408973 0.1531547 0.0490903 0.2253403 0.2030220 0.1888964 0.2556707 0.2315327 0.1296306 0.0148867 0.0457585 0.0846547 0.0161117 0.0601768 0.0532110 0.1906755 0.0263436 0.0733308 0.0443385 0.2367848 0.2427416 0.1885897 0.1820668 0.0469929 0.2465545 0.0229701 0.1700261 0.0235616 0.0555041 0.2166195 0.1062278 0.0780569 0.0441959 0.0535037 0.0449603 0.2275525 0.1064989 0.1072628 0.0396659 0.0123951 0.2299363 0.0444187 0.0882412 0.0848706 0.0148922 0.0175349 0.0205339 0.2031800 0.0638359 0.0482985 0.0193427 0.0288454 0.0944493 0.1031565 0.0298075 0.0286832 0.0636003 0.0482160 0.0531024 0.1824506 0.0417279 
Perityle_cernua_84                         0.3201857 0.2418393 0.0642344 0.1973167 0.2172263 0.1708253 0.1767386 0.1624370 0.1540258 0.0232855 0.0388169 0.0788042 0.2610587 0.2407787 0.0918112 0.2050854 0.1072790 0.0239778 0.0000000 0.0567875 0.1042694 0.0171780 0.0416566 0.0650249 0.1787201 0.0552330 0.2799542 0.2363340 0.1944970 0.2958448 0.2906143 0.1352337 0.0250240 0.0458437 0.0857277 0.0144108 0.0921038 0.0583706 0.2287640 0.0245153 0.1143172 0.0485765 0.2772342 0.2964782 0.2527647 0.2278851 0.0503399 0.2832426 0.0150552 0.2167503 0.0363881 0.0617927 0.2901489 0.1158076 0.0863948 0.0411054 0.0861947 0.0532630 0.2759071 0.1035461 0.1304371 0.0425200 0.0308029 0.2769905 0.0501818 0.0970394 0.1192860 0.0240083 0.0247876 0.0162379 0.2368307 0.0875117 0.0540801 0.0123653 0.0321429 0.1231268 0.1370229 0.0379050 0.0272774 0.0633581 0.0539326 0.0566744 0.2703214 0.0473969 
Perityle_cfvillosa_25_tin                  0.3269711 0.2341424 0.0522107 0.1989288 0.2370888 0.1928576 0.1590543 0.1368708 0.1713663 0.0558397 0.0512852 0.1196580 0.2304507 0.2608608 0.1143953 0.2177681 0.1230833 0.0449826 0.0567875 0.0000000 0.1303064 0.0653882 0.0510479 0.0747926 0.1577231 0.0762216 0.2786370 0.2490115 0.1895921 0.2612206 0.2988730 0.1320353 0.0550866 0.0593183 0.0814686 0.0460245 0.1056685 0.0655357 0.2464274 0.0608958 0.1297440 0.0362710 0.2653594 0.2921458 0.2599064 0.2600779 0.0337314 0.2663248 0.0614795 0.2600308 0.0520183 0.0674065 0.2684645 0.1252721 0.1038336 0.0412890 0.0815408 0.0466877 0.2739891 0.0969635 0.1462523 0.0414016 0.0538909 0.2800709 0.0686581 0.1364237 0.1632276 0.0363455 0.0502136 0.0603889 0.2492470 0.0573400 0.0588012 0.0603251 0.0000010 0.1618020 0.1849069 0.0525161 0.0582532 0.0630972 0.0142933 0.0672614 0.2598446 0.0455817 
Perityle_cinerea_113_Powell1310            0.2569499 0.2386791 0.1183211 0.2415946 0.1967756 0.1597761 0.1981314 0.1953670 0.1698143 0.1079627 0.0899921 0.1043969 0.1891547 0.1867738 0.1078337 0.2408687 0.1453095 0.1112496 0.1042694 0.1303064 0.0000000 0.1145577 0.1080008 0.1120632 0.0983228 0.1102942 0.1944399 0.2188392 0.1356768 0.2126176 0.2031314 0.1953670 0.1113139 0.1215677 0.1802324 0.1003553 0.1463284 0.1105076 0.1913551 0.1046181 0.1260702 0.1184676 0.1982774 0.1764768 0.1718547 0.1826518 0.1303064 0.2177993 0.1079716 0.1774302 0.0912240 0.1143826 0.1929618 0.1325379 0.1111963 0.1050883 0.1149696 0.1302510 0.2197221 0.1753006 0.1442536 0.1460297 0.1078337 0.2100023 0.1166922 0.1709092 0.1621761 0.1614572 0.1112882 0.1044206 0.2188392 0.1184676 0.1292297 0.1011106 0.0848100 0.1585907 0.1328941 0.1043923 0.1044773 0.1246618 0.1184676 0.1215677 0.1544586 0.1106198 
Perityle_coahuilensis_24                   0.3252124 0.2457779 0.0605000 0.1975548 0.2265470 0.1913129 0.1785159 0.1817484 0.1591192 0.0232885 0.0375196 0.0988408 0.2583780 0.2392659 0.1448585 0.2076838 0.1166511 0.0228252 0.0171780 0.0653882 0.1145577 0.0000000 0.0429557 0.1174328 0.2000797 0.0473357 0.2877917 0.2416850 0.1948409 0.3045634 0.2977612 0.1426725 0.0742065 0.0473233 0.0886762 0.0209435 0.1023820 0.0543273 0.2295434 0.0178240 0.1412246 0.0770118 0.2878517 0.3208980 0.2532013 0.2264866 0.0685564 0.2908994 0.0133683 0.2338656 0.0346751 0.0687306 0.2981160 0.1192476 0.0846226 0.0501789 0.0794594 0.0922451 0.2836005 0.1065247 0.1343698 0.0425376 0.0884104 0.2833388 0.0512051 0.1158544 0.1443267 0.0270779 0.0274056 0.0081138 0.2418241 0.1576888 0.1040053 0.0115459 0.0420281 0.1241071 0.1662286 0.0365260 0.0236596 0.0679334 0.0633503 0.0533825 0.2701876 0.0501230 
Perityle_cochisensis_44_cave_creek         0.2836327 0.2343766 0.0426552 0.1969300 0.2099054 0.1767524 0.1607241 0.1334827 0.1374362 0.0304392 0.0381017 0.0771459 0.2062908 0.1982865 0.1056047 0.2050930 0.1092843 0.0307350 0.0416566 0.0510479 0.1080008 0.0429557 0.0000000 0.0475214 0.1099347 0.0543827 0.2144807 0.2244710 0.1787761 0.2332891 0.2376694 0.1312250 0.0375489 0.0428834 0.0785110 0.0259980 0.0552037 0.0401390 0.2035142 0.0443899 0.0678836 0.0436823 0.2393064 0.2483332 0.2097901 0.1954674 0.0467006 0.2492860 0.0436745 0.1801224 0.0260498 0.0651454 0.2151918 0.1112833 0.0840645 0.0380507 0.0497492 0.0467265 0.2260854 0.0948507 0.1059817 0.0396419 0.0362068 0.2169775 0.0556746 0.0861340 0.0928274 0.0362468 0.0332939 0.0390311 0.2248482 0.0436271 0.0515600 0.0389297 0.0287360 0.1005809 0.1124954 0.0416911 0.0456650 0.0569686 0.0518673 0.0569726 0.2009219 0.0463641 
Perityle_congesta_202                      0.3289561 0.2546526 0.0611006 0.2165743 0.2477784 0.2027057 0.1736413 0.1904182 0.1865384 0.0511958 0.0505341 0.1037995 0.2709025 0.2732729 0.1222781 0.2273216 0.1309207 0.0408973 0.0650249 0.0747926 0.1120632 0.1174328 0.0475214 0.0000000 0.2023907 0.1149581 0.3506339 0.2515350 0.2055643 0.3223686 0.3501149 0.1812603 0.0596660 0.0586457 0.0854336 0.0486503 0.0828278 0.0604502 0.2963090 0.0647769 0.0830385 0.0628519 0.3413816 0.4423802 0.2651473 0.2452386 0.1165870 0.2940674 0.0676155 0.2303064 0.0575238 0.0837606 0.3115883 0.1222432 0.0857639 0.0593653 0.0469829 0.0643664 0.3156975 0.1051672 0.1245412 0.0533762 0.0712215 0.3412444 0.0785326 0.1673618 0.1661286 0.0518578 0.0514675 0.1183430 0.2517636 0.1039698 0.0704208 0.0746760 0.0419220 0.1741267 0.2570325 0.0634662 0.1266432 0.0636471 0.0687620 0.1084832 0.2839333 0.0623172 
Perityle_cordifolia_27                     0.3706017 0.2663356 0.1529050 0.2170102 0.2532230 0.1931104 0.2403236 0.1698571 0.2000504 0.0859398 0.1228685 0.1623747 0.2836511 0.3187699 0.1580040 0.2258199 0.1386283 0.1531547 0.1787201 0.1577231 0.0983228 0.2000797 0.1099347 0.2023907 0.0000000 0.1865952 0.3358624 0.2609268 0.2098801 0.3148710 0.3749679 0.1670185 0.1905128 0.0931205 0.1827342 0.0416092 0.2129996 0.1494710 0.2941565 0.1802107 0.2384197 0.1901524 0.3550122 0.4185920 0.3215325 0.2775666 0.1952332 0.3560335 0.1613641 0.2750671 0.1876197 0.1363946 0.3607001 0.1584600 0.1924576 0.0640807 0.2061221 0.1846908 0.3325176 0.1186875 0.1990154 0.0632559 0.2019584 0.3356999 0.1720392 0.1350051 0.1732732 0.0628767 0.0797370 0.1965645 0.2781991 0.2316427 0.1364684 0.1974061 0.0523833 0.1724541 0.2900299 0.1750048 0.1804385 0.0778080 0.2264051 0.2188747 0.3216336 0.0896313 
Perityle_cordifolia_68_tecolote            0.2730573 0.2518085 0.0748651 0.2095825 0.2212507 0.2110155 0.2016234 0.1994946 0.1508713 0.0563909 0.0573937 0.0843947 0.2796468 0.2272978 0.1777712 0.2411062 0.1258084 0.0490903 0.0552330 0.0762216 0.1102942 0.0473357 0.0543827 0.1149581 0.1865952 0.0000000 0.2610967 0.2267503 0.2001025 0.3021579 0.2562588 0.1538237 0.1026271 0.0668681 0.0959335 0.0441133 0.0762683 0.0728455 0.2277384 0.0498588 0.0965592 0.0712267 0.2672230 0.2599699 0.2349921 0.2017585 0.0647662 0.2728379 0.0548117 0.1884545 0.0458229 0.0851466 0.2734987 0.1420064 0.0644743 0.0751861 0.0808127 0.0757625 0.2710208 0.1333169 0.1213387 0.0785306 0.0955840 0.2584967 0.0692850 0.1084085 0.1081349 0.0748321 0.0498964 0.0464467 0.2271659 0.1125276 0.0778103 0.0446995 0.0693154 0.1094475 0.1140802 0.0561959 0.0503854 0.0846996 0.0736376 0.0666480 0.2361971 0.0638284 
Perityle_coronopifolia_28_patagonia        0.3204922 0.1684469 0.2369996 0.1160749 0.1856409 0.2078834 0.3029265 0.2840442 0.2969088 0.2008714 0.2581475 0.2791976 0.2154228 0.2157714 0.2702937 0.1218442 0.2304774 0.2253403 0.2799542 0.2786370 0.1944399 0.2877917 0.2144807 0.3506339 0.3358624 0.2610967 0.0000000 0.1721255 0.1043530 0.1704598 0.1954456 0.2687220 0.2746201 0.1998759 0.2457459 0.1696692 0.2901969 0.2260334 0.2102787 0.2989031 0.2932101 0.2895180 0.1390232 0.2290918 0.2645218 0.2531526 0.2944813 0.1486872 0.2654217 0.2737834 0.2666480 0.2773021 0.3056083 0.2097538 0.1989185 0.2127610 0.3191424 0.2818418 0.0623427 0.1559715 0.2877913 0.2185864 0.3096812 0.0314943 0.2870199 0.2526829 0.2734145 0.1988245 0.2293601 0.2864820 0.1717771 0.3136003 0.2636413 0.2799774 0.2054204 0.2824364 0.3608489 0.2872522 0.2730881 0.2019246 0.2989117 0.3009305 0.2930751 0.2239980 
Perityle_crassifolia_70_ventanas           0.2062225 0.1650077 0.2253223 0.1364883 0.1602322 0.2066212 0.2726216 0.2262631 0.2631573 0.2045232 0.2455718 0.2764345 0.2013411 0.1908414 0.2444482 0.1909888 0.2123081 0.2030220 0.2363340 0.2490115 0.2188392 0.2416850 0.2244710 0.2515350 0.2609268 0.2267503 0.1721255 0.0000000 0.1358312 0.2016147 0.1418493 0.2420525 0.2326901 0.1993801 0.1981114 0.1871342 0.2489799 0.2031168 0.1906989 0.2558460 0.2277192 0.2499078 0.1472854 0.1304323 0.1934182 0.1796753 0.2461241 0.1483366 0.2405524 0.1846205 0.2304318 0.2537972 0.2044932 0.1844141 0.1704406 0.2399901 0.2609445 0.2466023 0.1906735 0.1592466 0.2402165 0.2298319 0.2385901 0.1723023 0.2599047 0.2357093 0.2363184 0.2027874 0.2299534 0.2379237 0.0025599 0.2519975 0.2526818 0.2371149 0.2225098 0.2491652 0.2944680 0.2339722 0.2528460 0.2198712 0.2523186 0.2502126 0.1816120 0.2247684 
Perityle_crassifolia_74_playa_balandra     0.1047826 0.1157300 0.1942194 0.0870705 0.1385446 0.1582997 0.1799319 0.1585885 0.2002229 0.1688424 0.1951064 0.1892880 0.0922273 0.0988634 0.1888964 0.1066319 0.2055047 0.1888964 0.1944970 0.1895921 0.1356768 0.1948409 0.1787761 0.2055643 0.2098801 0.2001025 0.1043530 0.1358312 0.0000000 0.1000759 0.0749258 0.1585885 0.1944394 0.1887959 0.1978481 0.1997825 0.2040220 0.1953069 0.0943640 0.1949390 0.1899997 0.1895921 0.0560062 0.1208049 0.0942187 0.1100240 0.1895921 0.0607701 0.2007905 0.1053254 0.1736426 0.1896122 0.0778911 0.1955377 0.2128515 0.1969321 0.2110566 0.1895921 0.1296389 0.1936259 0.1701252 0.2000425 0.1888964 0.0973451 0.2037098 0.1913362 0.1738166 0.1944746 0.1883617 0.1895346 0.1358312 0.1895921 0.1954811 0.1892018 0.1840134 0.1984119 0.1943088 0.1767249 0.1996146 0.1838213 0.1950843 0.1892791 0.0934179 0.1838906 
Perityle_cuneata_34_cuneata_San_antonio    0.2198401 0.1712442 0.2646412 0.1097766 0.1931372 0.1542017 0.3192586 0.2638712 0.3143576 0.2196870 0.2799771 0.2762681 0.1981948 0.2087573 0.2726534 0.0442449 0.2647850 0.2556707 0.2958448 0.2612206 0.2126176 0.3045634 0.2332891 0.3223686 0.3148710 0.3021579 0.1704598 0.2016147 0.1000759 0.0000000 0.2275375 0.2930324 0.2803916 0.2113627 0.2785940 0.1930117 0.2838693 0.2425419 0.2177041 0.3190187 0.2845823 0.3039421 0.2327355 0.2308063 0.2259979 0.2073413 0.3142636 0.2429009 0.2840988 0.1972481 0.2702211 0.2950366 0.2475065 0.2189851 0.2186934 0.2283370 0.3374032 0.2885797 0.1849219 0.1576105 0.2905083 0.2415562 0.3031484 0.1608289 0.2949408 0.2986863 0.2954994 0.2013454 0.2481838 0.3028352 0.2044437 0.3099762 0.2574811 0.2996780 0.2324077 0.3125718 0.3717344 0.2935633 0.2844528 0.2120344 0.3091613 0.3165481 0.2018891 0.2378878 
Perityle_cuneata_4                         0.2731661 0.1824520 0.2507437 0.1215810 0.1657261 0.1801928 0.2983404 0.2530712 0.2960885 0.2045329 0.2686861 0.2971079 0.1929749 0.1828623 0.2811380 0.1572040 0.2347104 0.2315327 0.2906143 0.2988730 0.2031314 0.2977612 0.2376694 0.3501149 0.3749679 0.2562588 0.1954456 0.1418493 0.0749258 0.2275375 0.0000000 0.2446485 0.2907296 0.2071584 0.2528230 0.1776279 0.3164482 0.2315685 0.1725070 0.3178588 0.2868148 0.2910107 0.1308630 0.2103284 0.2091039 0.2021899 0.2931106 0.1168963 0.2909145 0.2216206 0.2846067 0.2957390 0.2606547 0.2102167 0.1943041 0.2449659 0.3435905 0.2860953 0.1648606 0.1734065 0.3057049 0.2477070 0.3424560 0.1926149 0.3101246 0.2539748 0.2717199 0.2275646 0.2376162 0.2964380 0.1473361 0.3132513 0.2700180 0.2912448 0.2333317 0.2805023 0.3589016 0.3087510 0.2905968 0.2080434 0.3165064 0.3093908 0.2536634 0.2381719 
Perityle_discoidea_81                      0.2899092 0.2452512 0.1351215 0.2312860 0.2266444 0.1760239 0.2095286 0.0609456 0.1371753 0.1300154 0.1351281 0.1597554 0.2579997 0.2429427 0.1739655 0.2389429 0.1462928 0.1296306 0.1352337 0.1320353 0.1953670 0.1426725 0.1312250 0.1812603 0.1670185 0.1538237 0.2687220 0.2420525 0.1585885 0.2930324 0.2446485 0.0000000 0.1563673 0.1366998 0.1259530 0.1082721 0.1506454 0.1375784 0.2662909 0.1408389 0.1411016 0.1352119 0.2570795 0.2511254 0.2419342 0.2269900 0.1392406 0.2499225 0.1322313 0.2181053 0.1266110 0.1507861 0.2556144 0.1377122 0.1818390 0.1101781 0.1436149 0.1321260 0.2617593 0.1324880 0.1546768 0.1326702 0.1668691 0.2577790 0.1473503 0.1129210 0.1131331 0.0890504 0.1295545 0.1414186 0.2426612 0.1599357 0.1384919 0.1353264 0.0993575 0.1122963 0.1956442 0.1206630 0.1424200 0.1317473 0.1385367 0.1453963 0.2379867 0.1345933 
Perityle_dissecta_201                      0.3198958 0.2500438 0.0615734 0.2051707 0.2215933 0.1624634 0.1729551 0.1447176 0.2053820 0.0317190 0.0302531 0.0960419 0.2295968 0.2331668 0.0883959 0.2131261 0.1165548 0.0148867 0.0250240 0.0550866 0.1113139 0.0742065 0.0375489 0.0596660 0.1905128 0.1026271 0.2746201 0.2326901 0.1944394 0.2803916 0.2907296 0.1563673 0.0000000 0.0471598 0.0881636 0.0176642 0.0997684 0.0541879 0.2173568 0.0282195 0.1305476 0.0740269 0.2709100 0.4103459 0.2424604 0.2297456 0.1253744 0.2763832 0.0270210 0.2355172 0.0305451 0.0617089 0.2790115 0.1125536 0.0747440 0.0472620 0.0786764 0.0867442 0.2685455 0.1006583 0.1282505 0.0424065 0.0298045 0.2773944 0.0446382 0.1554820 0.1722232 0.0179159 0.0168147 0.0872663 0.2327521 0.1069110 0.0941965 0.0262052 0.0321385 0.1779032 0.3198229 0.0281227 0.0887738 0.0614861 0.0574154 0.0802925 0.2633078 0.0416969 
Perityle_emoryi_47_punta_san_jose          0.2443933 0.2551799 0.0595325 0.2095684 0.1807474 0.1564076 0.1697037 0.1417605 0.1442652 0.0503763 0.0459552 0.0615569 0.2011429 0.1896539 0.1046865 0.2157453 0.1226630 0.0457585 0.0458437 0.0593183 0.1215677 0.0473233 0.0428834 0.0586457 0.0931205 0.0668681 0.1998759 0.1993801 0.1887959 0.2113627 0.2071584 0.1366998 0.0471598 0.0000000 0.1011722 0.0376040 0.0685084 0.0552962 0.1899413 0.0519101 0.0720122 0.0567160 0.2100427 0.2091336 0.1916086 0.1890804 0.0593199 0.2156060 0.0481638 0.1701109 0.0391172 0.0662784 0.2023561 0.1091147 0.1070843 0.0594715 0.0661889 0.0593557 0.2068940 0.1242533 0.1117221 0.0479539 0.0427942 0.1960438 0.0538499 0.0938555 0.0903999 0.0552786 0.0428607 0.0473233 0.1995049 0.0567160 0.0631948 0.0444363 0.0419818 0.1022242 0.1066927 0.0401108 0.0503696 0.0763734 0.0616058 0.0027680 0.1862224 0.0453532 
Perityle_feddemae_99                       0.2805939 0.2727827 0.0932658 0.2176077 0.1993161 0.1411854 0.1809123 0.1700369 0.1439340 0.0850637 0.0847494 0.0804846 0.2273050 0.2143625 0.1352572 0.2172085 0.1227580 0.0846547 0.0857277 0.0814686 0.1802324 0.0886762 0.0785110 0.0854336 0.1827342 0.0959335 0.2457459 0.1981114 0.1978481 0.2785940 0.2528230 0.1259530 0.0881636 0.1011722 0.0000000 0.0862067 0.0975908 0.0820999 0.2248803 0.0924543 0.1000474 0.0914987 0.2467068 0.2435336 0.2148235 0.1972718 0.0853429 0.2574883 0.0884736 0.1691455 0.0800947 0.0959262 0.2275611 0.1167387 0.1247692 0.1017862 0.0951059 0.0860324 0.2581660 0.1031165 0.1232910 0.1337428 0.0808667 0.2348041 0.1009716 0.1139028 0.1137140 0.0985799 0.0846025 0.0855788 0.2012475 0.1354249 0.0904966 0.0840009 0.1056481 0.1119103 0.0964935 0.0901576 0.0870760 0.1118976 0.0911788 0.0983560 0.1925991 0.0755259 
Perityle_fosteri_93                        0.2319152 0.2374740 0.0310844 0.2015024 0.1697166 0.1643114 0.1504878 0.1075382 0.1083160 0.0226917 0.0210765 0.0380837 0.1982469 0.1651030 0.0194600 0.2012279 0.0787862 0.0161117 0.0144108 0.0460245 0.1003553 0.0209435 0.0259980 0.0486503 0.0416092 0.0441133 0.1696692 0.1871342 0.1997825 0.1930117 0.1776279 0.1082721 0.0176642 0.0376040 0.0862067 0.0000000 0.0495517 0.0413060 0.1665949 0.0210578 0.0430721 0.0423049 0.1839964 0.1753214 0.1742499 0.1645690 0.0440067 0.1897731 0.0147344 0.1668866 0.0180845 0.0468562 0.1960568 0.0491302 0.0947195 0.0442271 0.0538657 0.0460585 0.1769198 0.1037263 0.0565034 0.0453498 0.0128161 0.1724228 0.0428973 0.0544683 0.0507754 0.0209659 0.0144585 0.0160994 0.1846840 0.0423049 0.0496680 0.0128550 0.0355201 0.0561100 0.0845470 0.0194140 0.0210315 0.0652341 0.0478524 0.0359228 0.1915988 0.0263552 
Perityle_gamon_221                         0.3532195 0.2536517 0.0659927 0.2159050 0.2340591 0.1898789 0.1950530 0.1538164 0.1726202 0.0608636 0.0752880 0.1298798 0.2484699 0.2475351 0.1481162 0.2308827 0.1184600 0.0601768 0.0921038 0.1056685 0.1463284 0.1023820 0.0552037 0.0828278 0.2129996 0.0762683 0.2901969 0.2489799 0.2040220 0.2838693 0.3164482 0.1506454 0.0997684 0.0685084 0.0975908 0.0495517 0.0000000 0.0794499 0.2325470 0.0969270 0.1292790 0.0882307 0.2766085 0.3307219 0.2678221 0.2528217 0.0935747 0.2865346 0.0968769 0.2490637 0.0880867 0.1211359 0.2899997 0.1275016 0.1029873 0.0685570 0.1011875 0.0935101 0.2918746 0.1118845 0.1289344 0.0673677 0.0998512 0.2936432 0.1095195 0.1297894 0.1365642 0.0580940 0.0606728 0.1001795 0.2491826 0.1049010 0.0938084 0.1011590 0.0485152 0.1438906 0.1829645 0.0911313 0.0945108 0.0697516 0.1067677 0.1227623 0.2817698 0.0688565 
Perityle_gentryi_8_san_francisco           0.2468995 0.2453904 0.0630067 0.1961886 0.1807777 0.1643378 0.1666324 0.1394355 0.1378308 0.0477124 0.0515784 0.0749233 0.2381025 0.2005319 0.1225827 0.2215517 0.1129861 0.0532110 0.0583706 0.0655357 0.1105076 0.0543273 0.0401390 0.0604502 0.1494710 0.0728455 0.2260334 0.2031168 0.1953069 0.2425419 0.2315685 0.1375784 0.0541879 0.0552962 0.0820999 0.0413060 0.0794499 0.0000000 0.2042534 0.0599245 0.0819236 0.0628355 0.2423376 0.2492999 0.2057201 0.1956130 0.0672413 0.2530055 0.0608888 0.1817144 0.0412171 0.0756097 0.2339267 0.1270230 0.1179158 0.0501541 0.0626944 0.0671868 0.2337485 0.1063273 0.1203339 0.0561993 0.0514495 0.2292243 0.0712427 0.0933979 0.0950199 0.0583403 0.0441917 0.0529836 0.2081246 0.0627553 0.0661775 0.0543257 0.0519623 0.1016488 0.0976433 0.0449098 0.0571035 0.0762536 0.0658064 0.0647412 0.2040972 0.0532811 
Perityle_gilensis_22_Superstition          0.1943262 0.1460687 0.2101273 0.1195496 0.1806105 0.1736755 0.2623039 0.2758613 0.2560179 0.1921170 0.2223539 0.2072813 0.0782398 0.0584426 0.2330481 0.1772019 0.2449728 0.1906755 0.2287640 0.2464274 0.1913551 0.2295434 0.2035142 0.2963090 0.2941565 0.2277384 0.2102787 0.1906989 0.0943640 0.2177041 0.1725070 0.2662909 0.2173568 0.1899413 0.2248803 0.1665949 0.2325470 0.2042534 0.0000000 0.2411800 0.2148133 0.2502875 0.1796232 0.1846175 0.0731332 0.0319464 0.2594166 0.1638657 0.2139082 0.0299586 0.2093520 0.2282624 0.1235468 0.1838520 0.1819155 0.2325553 0.2522699 0.2457649 0.2029706 0.1562928 0.2334457 0.2137664 0.2778336 0.2009379 0.2232814 0.2599760 0.2465752 0.1962314 0.2103296 0.2338628 0.1962813 0.2786121 0.2454581 0.2289459 0.2298113 0.2544096 0.3031147 0.2226843 0.2312028 0.2069466 0.2589570 0.2387040 0.0739286 0.2033139 
Perityle_gilensis_salensis_225             0.3423773 0.2384575 0.0631258 0.2051195 0.2361128 0.1805578 0.1816493 0.1677028 0.1633141 0.0261543 0.0400282 0.1018997 0.2699096 0.2502414 0.0935602 0.2140130 0.1140296 0.0263436 0.0245153 0.0608958 0.1046181 0.0178240 0.0443899 0.0647769 0.1802107 0.0498588 0.2989031 0.2558460 0.1949390 0.3190187 0.3178588 0.1408389 0.0282195 0.0519101 0.0924543 0.0210578 0.0969270 0.0599245 0.2411800 0.0000000 0.1197844 0.0615413 0.3016923 0.3218049 0.2616474 0.2399396 0.0624851 0.3023032 0.0229136 0.2414070 0.0350762 0.0639596 0.3082967 0.1226268 0.0848315 0.0441755 0.0853960 0.0654247 0.2923684 0.1185741 0.1327009 0.0536783 0.0284326 0.2979146 0.0494241 0.1164343 0.1272233 0.0302120 0.0288565 0.0188161 0.2561069 0.1009919 0.0696909 0.0197542 0.0354746 0.1296067 0.1575894 0.0345530 0.0182885 0.0680862 0.0551066 0.0557597 0.2836398 0.0502306 
Perityle_glaucescens_94                    0.3244090 0.2480499 0.0752666 0.2068716 0.2283824 0.1732028 0.1812506 0.1401336 0.1554763 0.0641791 0.0819620 0.1395058 0.2293662 0.2356326 0.1520565 0.2179909 0.1212675 0.0733308 0.1143172 0.1297440 0.1260702 0.1412246 0.0678836 0.0830385 0.2384197 0.0965592 0.2932101 0.2277192 0.1899997 0.2845823 0.2868148 0.1411016 0.1305476 0.0720122 0.1000474 0.0430721 0.1292790 0.0819236 0.2148133 0.1197844 0.0000000 0.1037479 0.2595234 0.3230607 0.2520369 0.2449957 0.1105485 0.2692821 0.1127015 0.2554924 0.1159655 0.1308583 0.2809023 0.1232282 0.1140148 0.0564163 0.1040818 0.1221844 0.2798858 0.0982302 0.1398140 0.0623975 0.1357115 0.2971257 0.1311742 0.1240314 0.1332144 0.0589235 0.0582354 0.1215483 0.2277394 0.1458420 0.1182216 0.1222035 0.0424031 0.1358347 0.1987627 0.1095199 0.1096163 0.0682593 0.1410163 0.1539579 0.2761329 0.0676326 
Perityle_gracilis_11                       0.3266686 0.2554042 0.0549891 0.2177629 0.2392397 0.1711865 0.1710591 0.1635893 0.1516409 0.0520332 0.0509977 0.1042370 0.2691027 0.2543499 0.1162843 0.2174064 0.1226864 0.0443385 0.0485765 0.0362710 0.1184676 0.0770118 0.0436823 0.0628519 0.1901524 0.0712267 0.2895180 0.2499078 0.1895921 0.3039421 0.2910107 0.1352119 0.0740269 0.0567160 0.0914987 0.0423049 0.0882307 0.0628355 0.2502875 0.0615413 0.1037479 0.0000000 0.2904447 0.3236753 0.2532870 0.2464445 0.0043256 0.2934729 0.0649093 0.2561092 0.0741289 0.0868575 0.2951052 0.1166530 0.0971169 0.0379931 0.0698468 0.0035035 0.2910516 0.1060653 0.1263288 0.0424623 0.0733422 0.2858042 0.0904255 0.1323709 0.1400825 0.0363455 0.0469388 0.0747350 0.2501333 0.0369571 0.0074533 0.0723781 0.0000010 0.1372450 0.1404777 0.0525089 0.0529692 0.0571861 0.0303828 0.0850293 0.2634068 0.0409682 
Perityle_harkerae_31                       0.1862733 0.1597265 0.2589483 0.1207053 0.1608516 0.1724953 0.2994020 0.2672361 0.2786837 0.2091124 0.2825782 0.2804736 0.1898117 0.1698252 0.2806692 0.1663774 0.2381208 0.2367848 0.2772342 0.2653594 0.1982774 0.2878517 0.2393064 0.3413816 0.3550122 0.2672230 0.1390232 0.1472854 0.0560062 0.2327355 0.1308630 0.2570795 0.2709100 0.2100427 0.2467068 0.1839964 0.2766085 0.2423376 0.1796232 0.3016923 0.2595234 0.2904447 0.0000000 0.1003579 0.1681498 0.1654835 0.2958535 0.0180734 0.2666218 0.1705804 0.2625175 0.2711376 0.2170310 0.2216336 0.1900202 0.2460213 0.3174041 0.2847001 0.1420324 0.1612999 0.2802982 0.2357373 0.3186250 0.1365058 0.2863864 0.2763554 0.2586545 0.2299530 0.2434897 0.2848289 0.1497653 0.3245055 0.2609109 0.2778770 0.2296229 0.2706470 0.3327871 0.2904834 0.2800048 0.2108174 0.2936814 0.3003841 0.1796421 0.2411711 
Perityle_hofmeisteria_4_nombre_de_dios     0.2799298 0.1805199 0.2565756 0.1123516 0.1571328 0.1577711 0.2953224 0.2897729 0.3094651 0.2177834 0.2754873 0.3219427 0.1997834 0.1832140 0.3832618 0.1387689 0.2379839 0.2427416 0.2964782 0.2921458 0.1764768 0.3208980 0.2483332 0.4423802 0.4185920 0.2599699 0.2290918 0.1304323 0.1208049 0.2308063 0.2103284 0.2511254 0.4103459 0.2091336 0.2435336 0.1753214 0.3307219 0.2492999 0.1846175 0.3218049 0.3230607 0.3236753 0.1003579 0.0000000 0.2321839 0.2027368 0.3151640 0.0844474 0.2862118 0.3065278 0.2906277 0.2973431 0.2701788 0.2173106 0.1947060 0.2299142 0.3345825 0.3419007 0.1563987 0.1641401 0.3080476 0.2152553 0.4457893 0.2329548 0.3134937 0.2522425 0.3314861 0.2055267 0.2450640 0.3212767 0.1284658 0.4273153 0.3338698 0.2987852 0.2102423 0.2828749 0.4430054 0.3199200 0.3018147 0.1951140 0.3348205 0.3406165 0.2641212 0.2390327 
Perityle_huecosensis_48                    0.2402555 0.1375541 0.2128588 0.1270782 0.1834432 0.1609300 0.2526933 0.2539652 0.2792022 0.1898471 0.2232713 0.2387388 0.0604489 0.0710597 0.2531020 0.1840337 0.2228413 0.1885897 0.2527647 0.2599064 0.1718547 0.2532013 0.2097901 0.2651473 0.3215325 0.2349921 0.2645218 0.1934182 0.0942187 0.2259979 0.2091039 0.2419342 0.2424604 0.1916086 0.2148235 0.1742499 0.2678221 0.2057201 0.0731332 0.2616474 0.2520369 0.2532870 0.1681498 0.2321839 0.0000000 0.0692476 0.2596367 0.1666312 0.2420332 0.0744990 0.2308719 0.2492680 0.0750341 0.1779003 0.1983361 0.2011454 0.2809954 0.2516003 0.2326352 0.1875120 0.2548350 0.2089638 0.2464437 0.2585170 0.2546163 0.2484078 0.2513124 0.1867881 0.2161739 0.2479178 0.1972053 0.2803387 0.2489298 0.2457132 0.1996437 0.2652609 0.3246455 0.2484905 0.2479014 0.1860323 0.2679186 0.2554549 0.0472931 0.2046106 
