84
Amauria_brandeegeana_62                    0.0000000 0.2301685 0.1089741 0.5054031 0.2224152 0.1164740 0.1129392 0.1775100 0.2042401 0.0788307 0.1198139 0.1239413 0.1784086 0.1066287 0.1505062 0.1128038 0.1540853 0.0949610 0.1186252 0.1220609 0.1165547 0.1134584 0.1145825 0.1171599 0.1147964 0.1157159 0.1204858 0.1429244 0.2734778 0.2324939 0.1117199 0.1147994 0.0070605 0.1076599 0.1151126 0.1197202 0.1065533 0.1260371 0.1129945 0.1109959 0.1171270 0.1208910 0.1184820 0.1212839 0.1295547 0.1528594 0.1162361 0.1133616 0.1181162 0.1203222 0.1200856 0.1165047 0.1624674 0.1183324 0.2280028 0.4405661 0.1296566 0.1134523 0.1134452 0.2584234 0.1231427 0.1049405 0.2022278 0.1167128 0.1356765 0.1258930 0.2553482 0.2542437 0.1097853 0.1166576 0.1093368 0.1183690 0.1154180 0.1107907 0.2186508 0.1057855 0.1261804 0.1254488 0.1183456 0.2789208 0.1126739 0.1099806 0.1200769 0.1229851 
Amauria_carterae_99_mesa                   0.2301685 0.0000000 0.1952267 0.3883888 0.2062559 0.1913910 0.2410913 0.2895287 0.2468813 0.2375000 0.2579791 0.2441018 0.2531550 0.2247467 0.2307932 0.2276541 0.2372464 0.2136831 0.2364591 0.2240682 0.2313592 0.2295931 0.2379017 0.2419207 0.2365254 0.2367075 0.2446139 0.2715913 0.2625651 0.1836044 0.2237216 0.2480065 0.2250804 0.2202321 0.2260654 0.2447917 0.2197608 0.2458207 0.2233071 0.2348914 0.2504143 0.2531010 0.2472153 0.2539650 0.2273749 0.2899087 0.2404320 0.2341465 0.2478826 0.2322541 0.2402952 0.2338230 0.2755864 0.2395911 0.2171961 0.3164676 0.1883606 0.2343810 0.2343810 0.2215792 0.2521611 0.2235326 0.1619828 0.2363166 0.2558869 0.2371643 0.2321268 0.2403411 0.2263703 0.2491888 0.2331301 0.2319987 0.2433811 0.2339922 0.3410610 0.2345804 0.2473209 0.2546676 0.2394123 0.1829949 0.2346019 0.2226397 0.2662355 0.1958768 
Amauria_rotundifolia_SRR9119150            0.1089741 0.1952267 0.0000000 0.5007827 0.2661117 0.1242581 0.1344637 0.1890733 0.2051699 0.1813196 0.2538200 0.1374470 0.2033894 0.1269628 0.1571010 0.1210658 0.1669563 0.1117502 0.1364299 0.1389126 0.1315279 0.1786839 0.1323283 0.1234381 0.1294112 0.1413714 0.1486829 0.2884120 0.2872060 0.2096274 0.1392342 0.1486578 0.1056509 0.1141919 0.1005100 0.1465981 0.1287776 0.1702762 0.1438309 0.1234061 0.1557418 0.1481923 0.1362733 0.1508393 0.1294547 0.2735134 0.1346912 0.1612294 0.1253774 0.1243647 0.1243678 0.1337261 0.2164002 0.1280532 0.2525924 0.4502633 0.1008358 0.1355057 0.1354998 0.3434750 0.1387815 0.1338976 0.2306385 0.1407432 0.2358872 0.1365025 0.2983490 0.3180199 0.1978750 0.2936109 0.1329988 0.1365663 0.1254615 0.1206124 0.2005777 0.2258675 0.1673852 0.1417162 0.1376306 0.2952926 0.1576820 0.1312251 0.1464119 0.1117119 
Conoclinium_coelestinum_SRR9119114         0.5054031 0.3883888 0.5007827 0.0000000 0.4160276 0.3533991 0.4649108 0.3309922 0.5341303 0.5231826 0.5318170 0.4788350 0.3921955 0.4625492 0.4368424 0.5102962 0.4131082 0.4896628 0.4748474 0.4120554 0.4586751 0.4904235 0.4734842 0.4922758 0.4648035 0.4812138 0.4759838 0.5749969 0.3872661 0.3713894 0.5003377 0.5028170 0.5049588 0.4564348 0.5352640 0.4906950 0.4627922 0.5147694 0.4787508 0.4675403 0.4703858 0.5015586 0.4654741 0.4916970 0.4719846 0.5054584 0.4656869 0.4620077 0.4480311 0.4769727 0.4594526 0.4633501 0.4112893 0.4639090 0.4401391 0.4592711 0.3729673 0.4565360 0.4595979 0.4725845 0.4091162 0.4875828 0.3317181 0.4771251 0.5538159 0.4605188 0.4356743 0.5301141 0.4679438 0.4828479 0.5196173 0.4632791 0.4598032 0.4697682 0.6155383 0.5291953 0.5084854 0.4630882 0.4730824 0.4261629 0.4653069 0.4581523 0.5067430 0.3989672 
Eutetras_palmeri_63                        0.2224152 0.2062559 0.2661117 0.4160276 0.0000000 0.2328490 0.2548388 0.1936250 0.2273789 0.3219590 0.2965146 0.3211998 0.1825261 0.3068551 0.1702170 0.2953867 0.2064350 0.2069280 0.2658649 0.2508822 0.2781856 0.3188692 0.3184276 0.2908880 0.3111915 0.3224285 0.3062360 0.3179108 0.1485439 0.1772577 0.2625128 0.3048792 0.2235518 0.2949681 0.3043693 0.2994909 0.2707666 0.3324712 0.2436532 0.2765840 0.2834070 0.3296689 0.2893247 0.3082221 0.3157007 0.2992521 0.3160489 0.3138744 0.2504289 0.2768857 0.2472323 0.3119093 0.2078286 0.2839146 0.2010512 0.3079783 0.2567749 0.2879943 0.3114720 0.1698298 0.2841811 0.2205946 0.1073912 0.3082961 0.3019525 0.2675036 0.1865183 0.1857269 0.2378844 0.3049653 0.2345813 0.2808119 0.3156931 0.2788863 0.3390503 0.2845557 0.2992171 0.3132752 0.3074051 0.1995372 0.2960540 0.3122986 0.2948600 0.2764466 
Eutetras_pringlei_149_quer                 0.1164740 0.1913910 0.1242581 0.3533991 0.2328490 0.0000000 0.1192425 0.1602519 0.1786416 0.1261802 0.0510367 0.1314168 0.2031385 0.1190642 0.1786972 0.1284346 0.1687982 0.1107815 0.1281901 0.1464731 0.1340517 0.1281268 0.1282788 0.1233781 0.1308049 0.1497330 0.1466506 0.1079949 0.2971549 0.2438369 0.1166803 0.1242628 0.1136979 0.1155493 0.1236982 0.1233253 0.1279640 0.1224312 0.1285040 0.1217864 0.1227055 0.1237120 0.1335992 0.1292260 0.1246164 0.1371975 0.1306332 0.1310992 0.1261753 0.1312803 0.1245416 0.1337510 0.1971847 0.1280184 0.2186637 0.4149526 0.1319249 0.1312721 0.1312721 0.2420790 0.1286332 0.1254055 0.1604442 0.1311835 0.0997668 0.1413797 0.2641030 0.2454594 0.1186439 0.1280607 0.1284076 0.1400298 0.1338355 0.1307331 0.1510046 0.0618443 0.1313829 0.1166238 0.1341281 0.2238468 0.1312721 0.1273120 0.1376015 0.1213403 
Eutrochium_fistulosum_SRR9119106           0.1129392 0.2410913 0.1344637 0.4649108 0.2548388 0.1192425 0.0000000 0.1803458 0.2117851 0.1582677 0.1664719 0.1492820 0.1983383 0.1457010 0.1726657 0.1361550 0.1910704 0.1124775 0.1479695 0.1516678 0.1405332 0.1702007 0.1486122 0.1321986 0.1472090 0.1549800 0.1508689 0.1915673 0.2633464 0.2332719 0.1346548 0.1377561 0.1260465 0.1351492 0.1393434 0.1362828 0.1371194 0.1379752 0.1455382 0.1431188 0.1406315 0.1498474 0.1435930 0.1479501 0.1417388 0.2226021 0.1383831 0.1554384 0.1372121 0.1505368 0.1386904 0.1456152 0.1929362 0.1461302 0.2618195 0.4305160 0.1605747 0.1440494 0.1458086 0.3086779 0.1543116 0.1410156 0.1894057 0.1456764 0.1548780 0.1479967 0.2743310 0.3177677 0.1688211 0.1872041 0.1466867 0.1472834 0.1422553 0.1443880 0.2882815 0.1556082 0.1457632 0.1400591 0.1442809 0.3013942 0.1467567 0.1372722 0.1775898 0.1549768 
Galeana_pratensis_104_mex                  0.1775100 0.2895287 0.1890733 0.3309922 0.1936250 0.1602519 0.1803458 0.0000000 0.2175375 0.1803194 0.1620134 0.2177837 0.1999437 0.1990258 0.1854861 0.2111248 0.1589403 0.1401145 0.2062813 0.2169981 0.2217566 0.2066168 0.2146679 0.2086984 0.2174709 0.2296642 0.2052941 0.1861782 0.2138310 0.2592168 0.1435944 0.1742003 0.1778362 0.2020088 0.1779380 0.1898526 0.2140151 0.1955303 0.2106041 0.2060685 0.2139792 0.1939864 0.2130880 0.2016240 0.2022528 0.2217964 0.2171195 0.2180615 0.1938556 0.2175753 0.2093477 0.2172973 0.1981792 0.2102080 0.2045736 0.3389266 0.2052053 0.2184159 0.2184159 0.2248294 0.1685861 0.1793814 0.1992214 0.2028889 0.1754683 0.2234603 0.2218920 0.2110295 0.2057822 0.2139792 0.1748586 0.2251650 0.2213110 0.2093400 0.2217679 0.1756134 0.2038874 0.2002219 0.2219926 0.2039277 0.2184159 0.2167412 0.2002202 0.2091798 
Helianthus_annuus_SRR9119062               0.2042401 0.2468813 0.2051699 0.5341303 0.2273789 0.1786416 0.2117851 0.2175375 0.0000000 0.2586479 0.2805739 0.1923291 0.2231743 0.1904698 0.1839352 0.2109404 0.2009251 0.1752498 0.2067468 0.2161704 0.1860163 0.2129855 0.1831352 0.1778846 0.1920393 0.1926494 0.1901663 0.2981916 0.2892116 0.2128449 0.2112197 0.2210619 0.2120086 0.1756722 0.2099014 0.1966552 0.1821756 0.1880378 0.2171345 0.1793329 0.1801047 0.2019263 0.1882450 0.1996715 0.1989719 0.3142256 0.1845000 0.2186135 0.2008200 0.1823759 0.1864831 0.1868060 0.2247435 0.1841365 0.2750057 0.4340722 0.1971216 0.1920728 0.1939136 0.3278537 0.2619738 0.2049814 0.1843113 0.1947268 0.2550713 0.1986389 0.2691930 0.3195848 0.2337032 0.2652270 0.2198018 0.1956384 0.1858816 0.1902436 0.3125089 0.2766600 0.2094058 0.1763490 0.1923905 0.2730462 0.1864453 0.1802666 0.2500433 0.2162207 
Lycapsus_tenuifolius_17                    0.0788307 0.2375000 0.1813196 0.5231826 0.3219590 0.1261802 0.1582677 0.1803194 0.2586479 0.0000000 0.2397464 0.3481566 0.2539379 0.2446942 0.2244159 0.1951247 0.2582250 0.1341408 0.1974978 0.1411510 0.1974390 0.3193993 0.3296624 0.2155807 0.2503477 0.3600487 0.3259105 0.3421239 0.3132397 0.2433130 0.1925369 0.2997593 0.0588347 0.3242699 0.2590564 0.2195081 0.1962623 0.2669800 0.1634480 0.1906137 0.2638545 0.2503874 0.2120719 0.2329171 0.3193309 0.3412430 0.2789580 0.3174897 0.1278273 0.2136170 0.1815314 0.2476134 0.2838906 0.2231065 0.3241051 0.4390512 0.1459013 0.2210690 0.2899814 0.3394840 0.1162691 0.1384366 0.1953788 0.3338638 0.3067275 0.2508651 0.3439007 0.3372194 0.2322655 0.3789719 0.1290501 0.2151642 0.3265181 0.1999464 0.2689738 0.2098345 0.1843665 0.2917060 0.2575847 0.2808686 0.2259570 0.2806696 0.2093839 0.1489507 
Pericome_caudata_50_silver                 0.1198139 0.2579791 0.2538200 0.5318170 0.2965146 0.0510367 0.1664719 0.1620134 0.2805739 0.2397464 0.0000000 0.2791409 0.3300108 0.2162022 0.1613382 0.1605522 0.3080299 0.0841089 0.1640919 0.1779837 0.1605831 0.1731867 0.2752430 0.1641842 0.2072232 0.2618081 0.2956862 0.2964023 0.3485264 0.2316579 0.2165834 0.2212929 0.1897700 0.1548800 0.2655425 0.1660684 0.1640629 0.2473745 0.3087998 0.2237031 0.1648449 0.2817365 0.2498056 0.2259599 0.2757577 0.2469088 0.2575159 0.2223901 0.1567647 0.1739203 0.2314265 0.2546609 0.2964880 0.1599121 0.2613112 0.4471377 0.1685141 0.2718816 0.2733229 0.3625770 0.1195296 0.2267009 0.1734009 0.2782759 0.2748951 0.2438723 0.3164773 0.3531794 0.2298440 0.2829501 0.1985233 0.2826449 0.1624543 0.1674737 0.2968743 0.1039344 0.2903558 0.2625254 0.1753602 0.2763132 0.2702887 0.1865811 0.1817715 0.1307003 
Perityle_aglossa_84_dead_horse             0.1239413 0.2441018 0.1374470 0.4788350 0.3211998 0.1314168 0.1492820 0.2177837 0.1923291 0.3481566 0.2791409 0.0000000 0.1166083 0.0499418 0.1096279 0.1066316 0.1006206 0.1153212 0.1004507 0.0613449 0.0384335 0.0782655 0.0538978 0.0261305 0.0461476 0.1016958 0.1002801 0.4900679 0.2818708 0.2302128 0.2140478 0.4512364 0.1406007 0.0391524 0.1486338 0.1340488 0.0417548 0.1712016 0.1282257 0.0343152 0.0819381 0.1519178 0.0535953 0.1359084 0.1036730 0.2236942 0.0457318 0.0827142 0.1109882 0.0553583 0.0355558 0.0409226 0.1662988 0.0505078 0.2430047 0.4246971 0.0523064 0.0617363 0.0661646 0.3552941 0.1576014 0.1314177 0.2175082 0.0486634 0.3203246 0.0681308 0.2884334 0.3745335 0.1009180 0.2059222 0.1395040 0.0658694 0.0427270 0.0518399 0.2208230 0.2424354 0.3824408 0.0461437 0.0273223 0.2736938 0.0699121 0.0627689 0.1794627 0.0545420 
Perityle_ajoensis_204                      0.1784086 0.2531550 0.2033894 0.3921955 0.1825261 0.2031385 0.1983383 0.1999437 0.2231743 0.2539379 0.3300108 0.1166083 0.0000000 0.1489311 0.0989569 0.1875421 0.1132981 0.1466406 0.1677019 0.1671176 0.1372094 0.1652874 0.1190158 0.1420724 0.1533497 0.1827478 0.1262776 0.5375044 0.2092331 0.2367276 0.2638190 0.4573154 0.2056039 0.1322255 0.2145746 0.1912117 0.1423657 0.1807240 0.1892709 0.1602227 0.1412488 0.1757530 0.1368155 0.2116343 0.1848508 0.2769905 0.1167182 0.1033600 0.1917942 0.1566523 0.1508429 0.1640309 0.1154314 0.1424696 0.1933306 0.3439534 0.1886579 0.1057573 0.1066423 0.2692045 0.2264211 0.2048699 0.0737121 0.1214055 0.2751892 0.1783531 0.1907062 0.2419573 0.1313117 0.3225196 0.2000898 0.1103581 0.1387990 0.1423931 0.3138198 0.3076164 0.4628521 0.1030639 0.1456102 0.2371524 0.1179319 0.1596364 0.2062797 0.1929931 
Perityle_ambrosiifolia_67_green            0.1066287 0.2247467 0.1269628 0.4625492 0.3068551 0.1190642 0.1457010 0.1990258 0.1904698 0.2446942 0.2162022 0.0499418 0.1489311 0.0000000 0.1076903 0.0942847 0.1090541 0.1091100 0.0831468 0.0526009 0.0359861 0.0657104 0.0376793 0.0367998 0.0405729 0.0613042 0.0739733 0.2836944 0.2728115 0.2164693 0.1338665 0.1411613 0.1233600 0.0393642 0.1517591 0.1216282 0.0394082 0.1564978 0.0878619 0.0332030 0.0703404 0.1245442 0.0499340 0.1272849 0.0954080 0.2229786 0.0427336 0.0558581 0.0952508 0.0465911 0.0362298 0.0302515 0.1412787 0.0405247 0.2315871 0.4289605 0.0414997 0.0379935 0.0343036 0.3422072 0.1383502 0.1270302 0.2047676 0.0520148 0.3094394 0.0515244 0.2818602 0.3674490 0.0880903 0.1466078 0.1390588 0.0421296 0.0419732 0.0336736 0.2250981 0.2042501 0.1127433 0.0473206 0.0593784 0.2681265 0.0380830 0.0497674 0.1731258 0.0395003 
Perityle_angustifolia_13_Eagle_creek       0.1505062 0.2307932 0.1571010 0.4368424 0.1702170 0.1786972 0.1726657 0.1854861 0.1839352 0.2244159 0.1613382 0.1096279 0.0989569 0.1076903 0.0000000 0.1585573 0.0321952 0.1184408 0.1482249 0.1241890 0.1133804 0.1117037 0.1127748 0.1126059 0.1094126 0.1331666 0.1231986 0.2004020 0.2068254 0.2204815 0.1348222 0.1464065 0.1528395 0.1038225 0.1563904 0.1761090 0.1058413 0.1519901 0.1608723 0.1087403 0.1101109 0.1798302 0.1131339 0.1779479 0.1488546 0.1134895 0.1093222 0.1115963 0.1778205 0.1137226 0.1076516 0.1037114 0.0699034 0.0944265 0.1228331 0.3199089 0.1553918 0.1097388 0.1116890 0.1580873 0.1925237 0.1483601 0.0598621 0.1042487 0.1926113 0.1349127 0.1778064 0.1599351 0.1076080 0.1115422 0.1556507 0.1114607 0.1113036 0.1152601 0.1654532 0.1500267 0.1747023 0.1110037 0.1190699 0.1964722 0.1108356 0.1269369 0.1520663 0.1632014 
Perityle_batopilensis_97                   0.1128038 0.2276541 0.1210658 0.5102962 0.2953867 0.1284346 0.1361550 0.2111248 0.2109404 0.1951247 0.1605522 0.1066316 0.1875421 0.0942847 0.1585573 0.0000000 0.1617899 0.1181887 0.1281324 0.1094490 0.0942084 0.1154387 0.1003544 0.1113659 0.1052017 0.1057970 0.1211666 0.2343097 0.2869054 0.2143999 0.1327896 0.1191102 0.1167600 0.0966539 0.1481285 0.1197635 0.1002325 0.2013779 0.0231544 0.0898836 0.1361026 0.1231467 0.1041189 0.1243828 0.1259873 0.2042686 0.1139889 0.1039293 0.1002183 0.1043683 0.0869093 0.0976489 0.1832041 0.1070899 0.2603044 0.4242203 0.1057760 0.1015516 0.1039656 0.3252387 0.1524377 0.1109142 0.2250582 0.1089923 0.2582596 0.0924178 0.2946190 0.3495405 0.1051768 0.1414329 0.1255457 0.1070291 0.1051909 0.1003140 0.2820896 0.1394892 0.1157071 0.1025002 0.1127428 0.2854923 0.1034205 0.0929971 0.1617624 0.0681461 
Perityle_bisetosa_9                        0.1540853 0.2372464 0.1669563 0.4131082 0.2064350 0.1687982 0.1910704 0.1589403 0.2009251 0.2582250 0.3080299 0.1006206 0.1132981 0.1090541 0.0321952 0.1617899 0.0000000 0.1206855 0.1624007 0.1334786 0.1091979 0.1503790 0.1079896 0.1174744 0.1138583 0.1198955 0.1299217 0.3851315 0.2053694 0.2238425 0.2385058 0.2607920 0.1752976 0.1062953 0.1976094 0.1773947 0.1082348 0.2119241 0.1929418 0.0969398 0.1524365 0.1793250 0.1012984 0.1746126 0.1546513 0.3234063 0.1008926 0.1198232 0.1680901 0.1183931 0.1044382 0.0972134 0.0919330 0.1118965 0.1518026 0.3491095 0.1515998 0.1003781 0.1019287 0.2780774 0.1779943 0.1699956 0.0726976 0.1147033 0.3399101 0.1270110 0.1858257 0.2860901 0.1669038 0.2725726 0.1697285 0.1062168 0.1174399 0.1131962 0.3110841 0.2818309 0.2531248 0.0958993 0.1258138 0.2105372 0.1204389 0.1216236 0.2050096 0.1538012 
Perityle_californica_76_positas            0.0949610 0.2136831 0.1117502 0.4896628 0.2069280 0.1107815 0.1124775 0.1401145 0.1752498 0.1341408 0.0841089 0.1153212 0.1466406 0.1091100 0.1184408 0.1181887 0.1206855 0.0000000 0.1237218 0.1264444 0.1215589 0.1132827 0.1145108 0.1119478 0.1130150 0.1242428 0.1135243 0.1302086 0.2601072 0.1817363 0.0265489 0.0681297 0.0960175 0.1006212 0.0962796 0.1087291 0.1091376 0.1155222 0.1203278 0.1101260 0.1054338 0.1108492 0.1149343 0.1165099 0.1246444 0.1133088 0.1129135 0.1153104 0.1173088 0.1176695 0.1111027 0.1109294 0.1413686 0.1091294 0.1798781 0.3535762 0.1412040 0.1132914 0.1154144 0.1935664 0.1273843 0.1031937 0.1384107 0.1072269 0.1228320 0.1199549 0.2205959 0.1944090 0.1089031 0.1132405 0.0982551 0.1172789 0.1150730 0.1151478 0.1497146 0.0887981 0.1176197 0.1084766 0.1217016 0.2138294 0.1165722 0.1155495 0.1327330 0.1255421 
Perityle_canescens_77                      0.1186252 0.2364591 0.1364299 0.4748474 0.2658649 0.1281901 0.1479695 0.2062813 0.2067468 0.1974978 0.1640919 0.1004507 0.1677019 0.0831468 0.1482249 0.1281324 0.1624007 0.1237218 0.0000000 0.0947776 0.0872698 0.0945708 0.0866567 0.0920601 0.0974199 0.1063290 0.1003551 0.2120851 0.2855388 0.2270678 0.1423679 0.1577767 0.1228434 0.0789039 0.1536216 0.1151331 0.0859145 0.1168629 0.1198204 0.0838164 0.0904792 0.1230113 0.1003860 0.1193380 0.0963837 0.1470668 0.0902031 0.0930049 0.1030842 0.0903544 0.0825842 0.0872441 0.1609252 0.0956449 0.2658860 0.4535133 0.0880055 0.0916610 0.0931024 0.3034194 0.1383048 0.1355892 0.2056886 0.0960350 0.2039020 0.0940634 0.2912440 0.3375517 0.0833803 0.0916231 0.1364722 0.0957762 0.0987993 0.0888128 0.2389905 0.1497061 0.1121522 0.0882214 0.1033667 0.2892553 0.0923736 0.0875343 0.1816042 0.0785561 
Perityle_castillonii_96                    0.1220609 0.2240682 0.1389126 0.4120554 0.2508822 0.1464731 0.1516678 0.2169981 0.2161704 0.1411510 0.1779837 0.0613449 0.1671176 0.0526009 0.1241890 0.1094490 0.1334786 0.1264444 0.0947776 0.0000000 0.0404716 0.0456669 0.0381151 0.0427700 0.0470525 0.0695498 0.0728689 0.2065194 0.2973089 0.2234485 0.1415504 0.1410106 0.1339608 0.0499018 0.1346561 0.1105178 0.0281615 0.0724630 0.1112414 0.0352866 0.0770548 0.1194024 0.0555966 0.1164349 0.0972692 0.1699798 0.0503092 0.0456445 0.1062872 0.0499345 0.0396068 0.0332888 0.1638286 0.0396540 0.2663309 0.4171661 0.0720218 0.0470543 0.0456623 0.3261406 0.1546613 0.1352986 0.2242246 0.0673713 0.2031173 0.0681735 0.2717610 0.3635188 0.0473484 0.0754091 0.1263037 0.0483946 0.0497911 0.0454581 0.2263610 0.1573497 0.1153706 0.0504325 0.0612554 0.2747275 0.0473971 0.0596342 0.1988893 0.0728201 
Perityle_cernua_84                         0.1165547 0.2313592 0.1315279 0.4586751 0.2781856 0.1340517 0.1405332 0.2217566 0.1860163 0.1974390 0.1605831 0.0384335 0.1372094 0.0359861 0.1133804 0.0942084 0.1091979 0.1215589 0.0872698 0.0404716 0.0000000 0.0359605 0.0214049 0.0297772 0.0336936 0.0630983 0.0685325 0.2501122 0.2794296 0.2228657 0.1325198 0.1353116 0.1260912 0.0324632 0.1371061 0.1126128 0.0313609 0.1032887 0.0971406 0.0215048 0.0601546 0.1133933 0.0406983 0.1149959 0.0882908 0.1540888 0.0336813 0.0302127 0.0904791 0.0394583 0.0271301 0.0279051 0.1315985 0.0360467 0.2440554 0.4355200 0.0542386 0.0325009 0.0302224 0.3175734 0.1477558 0.1188898 0.2232326 0.0440950 0.2445766 0.0611268 0.2878227 0.3594634 0.0516760 0.0655683 0.1253529 0.0359238 0.0325189 0.0411505 0.2103490 0.1352287 0.1075156 0.0339853 0.0476147 0.2768267 0.0304251 0.0523336 0.1686804 0.0550647 
Perityle_cfvillosa_25_tin                  0.1134584 0.2295931 0.1786839 0.4904235 0.3188692 0.1281268 0.1702007 0.2066168 0.2129855 0.3193993 0.1731867 0.0782655 0.1652874 0.0657104 0.1117037 0.1154387 0.1503790 0.1132827 0.0945708 0.0456669 0.0359605 0.0000000 0.0587679 0.0260970 0.0573957 0.1033156 0.1084483 0.2615779 0.2728644 0.2262944 0.1705427 0.2110770 0.1707030 0.0393014 0.1677272 0.1376938 0.0405025 0.1634447 0.1367169 0.0625190 0.0658760 0.1620063 0.0750314 0.1671018 0.0945301 0.1882659 0.0648105 0.0427682 0.1013899 0.0741103 0.0607656 0.0555607 0.1523828 0.0417469 0.2362047 0.4292607 0.0500153 0.0441689 0.0342468 0.3309256 0.1447412 0.1559770 0.2177312 0.0794972 0.2835979 0.0985854 0.2861988 0.3750633 0.0877559 0.0969434 0.1644806 0.0521786 0.0377278 0.0444016 0.2215517 0.1539190 0.1581979 0.0697121 0.0561924 0.2746764 0.0380269 0.0889860 0.1752653 0.0565829 
Perityle_coahuilensis_24                   0.1145825 0.2379017 0.1323283 0.4734842 0.3184276 0.1282788 0.1486122 0.2146679 0.1831352 0.3296624 0.2752430 0.0538978 0.1190158 0.0376793 0.1127748 0.1003544 0.1079896 0.1145108 0.0866567 0.0381151 0.0214049 0.0587679 0.0000000 0.0265174 0.0346042 0.0920699 0.0778183 0.4792789 0.2847112 0.2234630 0.2242282 0.4358915 0.1285127 0.0316784 0.1485388 0.1183341 0.0286405 0.1552456 0.1509752 0.0039384 0.0661731 0.1303563 0.0357390 0.1242690 0.0923981 0.2237657 0.0347612 0.0565301 0.0929044 0.0410687 0.0244625 0.0282430 0.1776336 0.0376932 0.2564520 0.4325249 0.0550125 0.0498532 0.0501402 0.3604641 0.1406046 0.1288196 0.2173827 0.0592610 0.3159353 0.0540827 0.2893112 0.3693347 0.0891440 0.2026657 0.1358524 0.0676661 0.0347280 0.0392273 0.2203657 0.2483451 0.3606777 0.0363183 0.0431215 0.2785722 0.0593856 0.0541540 0.1784865 0.0506933 
Perityle_cochisensis_44_cave_creek         0.1171599 0.2419207 0.1234381 0.4922758 0.2908880 0.1233781 0.1321986 0.2086984 0.1778846 0.2155807 0.1641842 0.0261305 0.1420724 0.0367998 0.1126059 0.1113659 0.1174744 0.1119478 0.0920601 0.0427700 0.0297772 0.0260970 0.0265174 0.0000000 0.0207820 0.0687131 0.0689361 0.1891532 0.2913889 0.2221816 0.1333428 0.1373086 0.1250962 0.0318705 0.1451355 0.1195394 0.0313681 0.1241480 0.1070044 0.0219932 0.0355359 0.1229496 0.0194625 0.1226505 0.0830205 0.0592706 0.0168471 0.0247369 0.1024188 0.0395675 0.0154121 0.0220931 0.1325237 0.0394578 0.2418664 0.4252416 0.0656984 0.0274153 0.0234252 0.2870511 0.1427080 0.1250838 0.2023801 0.0409012 0.1849546 0.0598513 0.2866948 0.3207845 0.0371923 0.0408652 0.1186029 0.0234100 0.0234129 0.0367440 0.1646015 0.1445068 0.1018975 0.0290079 0.0274292 0.2803416 0.0262696 0.0574070 0.1584893 0.0601349 
Perityle_congesta_202                      0.1147964 0.2365254 0.1294112 0.4648035 0.3111915 0.1308049 0.1472090 0.2174709 0.1920393 0.2503477 0.2072232 0.0461476 0.1533497 0.0405729 0.1094126 0.1052017 0.1138583 0.1130150 0.0974199 0.0470525 0.0336936 0.0573957 0.0346042 0.0207820 0.0000000 0.0727726 0.0771614 0.2787808 0.2793421 0.2260913 0.1364428 0.1551215 0.1304572 0.0380867 0.1496990 0.1239195 0.0360078 0.1591592 0.0963237 0.0319494 0.0658263 0.1298475 0.0239218 0.1327113 0.0982801 0.1928463 0.0351344 0.0527827 0.1029161 0.0444850 0.0263528 0.0290398 0.1437425 0.0392916 0.2264410 0.4193154 0.0586042 0.0282065 0.0230713 0.3491105 0.1475556 0.1247513 0.2172125 0.0557803 0.2996407 0.0661540 0.2897590 0.3674144 0.1122892 0.1292468 0.1323012 0.0202539 0.0142370 0.0357690 0.2081258 0.1902185 0.1189751 0.0379064 0.0518865 0.2765511 0.0282585 0.0602157 0.1732521 0.0543313 
Perityle_cordifolia_27                     0.1157159 0.2367075 0.1413714 0.4812138 0.3224285 0.1497330 0.1549800 0.2296642 0.1926494 0.3600487 0.2618081 0.1016958 0.1827478 0.0613042 0.1331666 0.1057970 0.1198955 0.1242428 0.1063290 0.0695498 0.0630983 0.1033156 0.0920699 0.0687131 0.0727726 0.0000000 0.1199722 0.3021719 0.2805020 0.2325858 0.1434177 0.2687708 0.1368257 0.0947564 0.1518388 0.1295604 0.0659752 0.1855397 0.1122562 0.0562917 0.0968742 0.1331880 0.0682298 0.1354879 0.1434637 0.2462487 0.0697096 0.0952047 0.1033166 0.0718324 0.0588220 0.0620100 0.1545456 0.0669512 0.2399276 0.4386904 0.0476851 0.0678877 0.0789615 0.3779204 0.1725163 0.1329052 0.2293001 0.1021556 0.3320586 0.0243493 0.2980701 0.3759949 0.1213509 0.1876916 0.1428189 0.0757072 0.1004967 0.0580351 0.2601735 0.2475460 0.1401951 0.0702162 0.0897050 0.2933130 0.0932626 0.0607943 0.1857733 0.0611074 
Perityle_cordifolia_68_tecolote            0.1204858 0.2446139 0.1486829 0.4759838 0.3062360 0.1466506 0.1508689 0.2052941 0.1901663 0.3259105 0.2956862 0.1002801 0.1262776 0.0739733 0.1231986 0.1211666 0.1299217 0.1135243 0.1003551 0.0728689 0.0685325 0.1084483 0.0778183 0.0689361 0.0771614 0.1199722 0.0000000 0.5218527 0.2806319 0.2229962 0.2226846 0.4614398 0.1368791 0.0644259 0.1618510 0.1456152 0.0761104 0.1691042 0.1409336 0.0598310 0.1087280 0.1756761 0.0802459 0.1439441 0.1140405 0.2619384 0.0748542 0.1187292 0.1110628 0.0826635 0.0600332 0.0731758 0.1925904 0.0699367 0.2598333 0.3995135 0.0652293 0.0838596 0.0950218 0.3577687 0.1546774 0.1306704 0.2235685 0.1220632 0.3302157 0.0672614 0.2698136 0.3791640 0.1143924 0.2405599 0.1333843 0.0930305 0.0702485 0.0733640 0.2402088 0.2586989 0.4159401 0.0661609 0.0963959 0.2764649 0.0965321 0.0715407 0.1901987 0.0653387 
Perityle_coronopifolia_28_patagonia        0.1429244 0.2715913 0.2884120 0.5749969 0.3179108 0.1079949 0.1915673 0.1861782 0.2981916 0.3421239 0.2964023 0.4900679 0.5375044 0.2836944 0.2004020 0.2343097 0.3851315 0.1302086 0.2120851 0.2065194 0.2501122 0.2615779 0.4792789 0.1891532 0.2787808 0.3021719 0.5218527 0.0000000 0.3064574 0.2227537 0.3014461 0.2891285 0.2274834 0.1954079 0.2424113 0.2537479 0.2459476 0.2836833 0.4953704 0.2903363 0.2428033 0.5167978 0.4024701 0.2952148 0.2823276 0.3050546 0.4496013 0.4888852 0.1946463 0.2708291 0.2911701 0.3056090 0.3310491 0.1929326 0.2719873 0.4341196 0.1691346 0.4768910 0.4929295 0.3732339 0.1188892 0.2058213 0.1978018 0.5238611 0.0913044 0.2687037 0.2841357 0.3821615 0.4920254 0.3910890 0.2155490 0.4931799 0.2097661 0.2247801 0.3225069 0.2943255 0.3278313 0.4673737 0.2307556 0.2660108 0.5002493 0.2593787 0.1855358 0.1603562 
Perityle_crassifolia_70_ventanas           0.2734778 0.2625651 0.2872060 0.3872661 0.1485439 0.2971549 0.2633464 0.2138310 0.2892116 0.3132397 0.3485264 0.2818708 0.2092331 0.2728115 0.2068254 0.2869054 0.2053694 0.2601072 0.2855388 0.2973089 0.2794296 0.2728644 0.2847112 0.2913889 0.2793421 0.2805020 0.2806319 0.3064574 0.0000000 0.1415161 0.2695966 0.2776993 0.2818254 0.2701403 0.2873474 0.2910976 0.2707571 0.2807095 0.2933338 0.2779343 0.2759797 0.2888088 0.2830206 0.2862737 0.2835756 0.3236566 0.2784736 0.2791456 0.2936742 0.2756739 0.2678391 0.2745065 0.1922799 0.2750107 0.2086598 0.3475347 0.2981487 0.2765022 0.2788355 0.2408213 0.3412041 0.2679982 0.1161756 0.2796826 0.2957329 0.2762822 0.1963008 0.2349806 0.2719523 0.2811230 0.2923728 0.2723378 0.2814564 0.2797695 0.4028108 0.3315391 0.3170529 0.2689436 0.2793473 0.2492824 0.2817733 0.2643913 0.3198485 0.3461646 
Perityle_crassifolia_74_playa_balandra     0.2324939 0.1836044 0.2096274 0.3713894 0.1772577 0.2438369 0.2332719 0.2592168 0.2128449 0.2433130 0.2316579 0.2302128 0.2367276 0.2164693 0.2204815 0.2143999 0.2238425 0.1817363 0.2270678 0.2234485 0.2228657 0.2262944 0.2234630 0.2221816 0.2260913 0.2325858 0.2229962 0.2227537 0.1415161 0.0000000 0.1768316 0.2178006 0.2329550 0.2087394 0.1482863 0.2225057 0.2161979 0.2235965 0.2145052 0.2192861 0.2175036 0.2268022 0.2290582 0.2325826 0.2197133 0.2162078 0.2257676 0.2295936 0.2291179 0.2167402 0.2188509 0.2191090 0.2551134 0.2163031 0.1902576 0.3368554 0.2363463 0.2299241 0.2299241 0.1844068 0.2665674 0.2054130 0.1718539 0.2201704 0.2144837 0.2315477 0.1990371 0.1824808 0.2157556 0.2197061 0.1585141 0.2333778 0.2295027 0.2122663 0.2958049 0.2310584 0.2424835 0.2105276 0.2264538 0.1769357 0.2299241 0.2117131 0.2598828 0.2118307 
Perityle_cuneata_34_cuneata_San_antonio    0.1117199 0.2237216 0.1392342 0.5003377 0.2625128 0.1166803 0.1346548 0.1435944 0.2112197 0.1925369 0.2165834 0.2140478 0.2638190 0.1338665 0.1348222 0.1327896 0.2385058 0.0265489 0.1423679 0.1415504 0.1325198 0.1705427 0.2242282 0.1333428 0.1364428 0.1434177 0.2226846 0.3014461 0.2695966 0.1768316 0.0000000 0.1612488 0.1222715 0.1181286 0.1257719 0.1360083 0.1325055 0.1983343 0.2689651 0.1317306 0.1262971 0.2200250 0.1552575 0.1438977 0.1570834 0.2384549 0.1625609 0.2291684 0.1266110 0.1419112 0.1266933 0.1389663 0.1883492 0.1326498 0.2092846 0.3853303 0.1480336 0.2152783 0.2178157 0.2894061 0.1284446 0.1124648 0.1379296 0.2148745 0.2291941 0.1304025 0.2717588 0.2958758 0.2588140 0.2647689 0.0959534 0.2226005 0.1289168 0.1307850 0.2579585 0.2083572 0.2284108 0.1966281 0.1408058 0.2459825 0.2443209 0.1325135 0.1653219 0.1317984 
Perityle_cuneata_4                         0.1147994 0.2480065 0.1486578 0.5028170 0.3048792 0.1242628 0.1377561 0.1742003 0.2210619 0.2997593 0.2212929 0.4512364 0.4573154 0.1411613 0.1464065 0.1191102 0.2607920 0.0681297 0.1577767 0.1410106 0.1353116 0.2110770 0.4358915 0.1373086 0.1551215 0.2687708 0.4614398 0.2891285 0.2776993 0.2178006 0.1612488 0.0000000 0.1251945 0.2227233 0.1632623 0.1397191 0.1381178 0.2647061 0.4335183 0.1327211 0.1377374 0.4214553 0.2784918 0.1463663 0.2428111 0.2272561 0.3513549 0.4454007 0.1266052 0.1447430 0.1269243 0.1413098 0.2198303 0.1380751 0.2387706 0.4058046 0.1391962 0.3775779 0.4253132 0.3086016 0.1369623 0.1126048 0.1911436 0.4504603 0.2860285 0.1752482 0.2863464 0.3190613 0.4510603 0.3493525 0.1125898 0.3964685 0.2116794 0.1333394 0.2428132 0.1943389 0.2063559 0.3986660 0.1480566 0.2709790 0.4088799 0.1791283 0.1697581 0.1313005 
Perityle_discoidea_81                      0.0070605 0.2250804 0.1056509 0.5049588 0.2235518 0.1136979 0.1260465 0.1778362 0.2120086 0.0588347 0.1897700 0.1406007 0.2056039 0.1233600 0.1528395 0.1167600 0.1752976 0.0960175 0.1228434 0.1339608 0.1260912 0.1707030 0.1285127 0.1250962 0.1304572 0.1368257 0.1368791 0.2274834 0.2818254 0.2329550 0.1222715 0.1251945 0.0000000 0.1115362 0.1253754 0.1318851 0.1185157 0.1284304 0.1245741 0.1240409 0.1627965 0.1322750 0.1361747 0.1340176 0.1361216 0.2658577 0.1326405 0.1630844 0.1194668 0.1272012 0.1315740 0.1328928 0.1925014 0.1243329 0.2415837 0.4413374 0.1298712 0.1305433 0.1305370 0.2988827 0.1233316 0.1198396 0.2028593 0.1391107 0.1800389 0.1372591 0.2681310 0.2687939 0.1977587 0.2562846 0.1235051 0.1360925 0.1211637 0.1165167 0.2467031 0.1687428 0.1307210 0.1376256 0.1319912 0.2765178 0.1300870 0.1280820 0.1261137 0.1231407 
Perityle_dissecta_201                      0.1076599 0.2202321 0.1141919 0.4564348 0.2949681 0.1155493 0.1351492 0.2020088 0.1756722 0.3242699 0.1548800 0.0391524 0.1322255 0.0393642 0.1038225 0.0966539 0.1062953 0.1006212 0.0789039 0.0499018 0.0324632 0.0393014 0.0316784 0.0318705 0.0380867 0.0947564 0.0644259 0.1954079 0.2701403 0.2087394 0.1181286 0.2227233 0.1115362 0.0000000 0.1220495 0.1046174 0.0280639 0.1412923 0.0944589 0.0279311 0.0357929 0.1076687 0.0432060 0.1096534 0.0765716 0.1248872 0.0370772 0.0398525 0.0876620 0.0416910 0.0323359 0.0345142 0.1173612 0.0377759 0.2246492 0.4161569 0.0457103 0.0406504 0.0347213 0.2912580 0.1349038 0.1135302 0.1980977 0.0428601 0.2483365 0.0493161 0.2755256 0.3380241 0.0402235 0.0330023 0.1146815 0.0398193 0.0379030 0.0391800 0.2124931 0.1369330 0.0955880 0.0410837 0.0447949 0.2648739 0.0407624 0.0460548 0.1690157 0.0458783 
Perityle_emoryi_47_punta_san_jose          0.1151126 0.2260654 0.1005100 0.5352640 0.3043693 0.1236982 0.1393434 0.1779380 0.2099014 0.2590564 0.2655425 0.1486338 0.2145746 0.1517591 0.1563904 0.1481285 0.1976094 0.0962796 0.1536216 0.1346561 0.1371061 0.1677272 0.1485388 0.1451355 0.1496990 0.1518388 0.1618510 0.2424113 0.2873474 0.1482863 0.1257719 0.1632623 0.1253754 0.1220495 0.0000000 0.1559871 0.1427179 0.2210974 0.1840723 0.1371808 0.1427941 0.1725011 0.1556122 0.1689393 0.1514756 0.2461882 0.1440658 0.1805127 0.1223543 0.1530416 0.1284693 0.1585552 0.2251821 0.1508868 0.2577210 0.4187709 0.1336939 0.1651341 0.1527441 0.3182859 0.1278007 0.1146801 0.1794268 0.1541328 0.2372615 0.1283890 0.2879378 0.3280930 0.1828725 0.2333230 0.0457005 0.1655365 0.1346837 0.1425835 0.2601004 0.2484898 0.2174233 0.1524032 0.1495362 0.2833769 0.1928810 0.1398905 0.1758798 0.1412539 
Perityle_feddemae_99                       0.1197202 0.2447917 0.1465981 0.4906950 0.2994909 0.1233253 0.1362828 0.1898526 0.1966552 0.2195081 0.1660684 0.1340488 0.1912117 0.1216282 0.1761090 0.1197635 0.1773947 0.1087291 0.1151331 0.1105178 0.1126128 0.1376938 0.1183341 0.1195394 0.1239195 0.1295604 0.1456152 0.2537479 0.2910976 0.2225057 0.1360083 0.1397191 0.1318851 0.1046174 0.1559871 0.0000000 0.1116506 0.1883255 0.1121500 0.1068485 0.1435189 0.0209632 0.1323450 0.0258175 0.1326605 0.2349707 0.1263716 0.1227393 0.0182492 0.1260712 0.1098597 0.1212239 0.1852053 0.1207950 0.2640196 0.4292423 0.1039076 0.1180054 0.1203519 0.3278134 0.1160209 0.1127541 0.2136389 0.1261954 0.2679683 0.1148256 0.2932214 0.3696997 0.1199382 0.1544284 0.1355948 0.1252122 0.1177437 0.1151264 0.2745877 0.1551819 0.1070208 0.1226329 0.1414701 0.2904837 0.1223459 0.1216289 0.1914110 0.1033998 
Perityle_fosteri_93                        0.1065533 0.2197608 0.1287776 0.4627922 0.2707666 0.1279640 0.1371194 0.2140151 0.1821756 0.1962623 0.1640629 0.0417548 0.1423657 0.0394082 0.1058413 0.1002325 0.1082348 0.1091376 0.0859145 0.0281615 0.0313609 0.0405025 0.0286405 0.0313681 0.0360078 0.0659752 0.0761104 0.2459476 0.2707571 0.2161979 0.1325055 0.1381178 0.1185157 0.0280639 0.1427179 0.1116506 0.0000000 0.1178075 0.0946528 0.0238361 0.0674792 0.1149594 0.0405835 0.1139696 0.0929808 0.1433828 0.0382784 0.0337530 0.0874035 0.0360434 0.0295533 0.0226901 0.1283111 0.0285290 0.2339413 0.4088733 0.0564871 0.0382526 0.0337636 0.3044469 0.1345488 0.1155026 0.2043414 0.0427519 0.2439573 0.0612483 0.2801655 0.3534916 0.0442964 0.0716466 0.1148954 0.0348466 0.0385709 0.0338657 0.2159928 0.1447822 0.1056696 0.0408738 0.0449547 0.2624590 0.0351229 0.0554371 0.1699910 0.0595677 
Perityle_gamon_221                         0.1260371 0.2458207 0.1702762 0.5147694 0.3324712 0.1224312 0.1379752 0.1955303 0.1880378 0.2669800 0.2473745 0.1712016 0.1807240 0.1564978 0.1519901 0.2013779 0.2119241 0.1155222 0.1168629 0.0724630 0.1032887 0.1634447 0.1552456 0.1241480 0.1591592 0.1855397 0.1691042 0.2836833 0.2807095 0.2235965 0.1983343 0.2647061 0.1284304 0.1412923 0.2210974 0.1883255 0.1178075 0.0000000 0.1345258 0.0881099 0.1579053 0.2033760 0.1439877 0.2005459 0.1913793 0.2355971 0.1695831 0.1626534 0.0891078 0.1472337 0.0756269 0.1518155 0.2249293 0.1564918 0.3253860 0.4298483 0.0774153 0.1553627 0.1627206 0.3052593 0.1386888 0.1211095 0.2202221 0.1696697 0.2743564 0.1115813 0.3131604 0.3800729 0.0786704 0.1695462 0.1293772 0.1310814 0.1693686 0.1235804 0.2288427 0.2062571 0.1687349 0.1532716 0.1721811 0.2630303 0.1579068 0.1643567 0.2657624 0.1021806 
Perityle_gentryi_8_san_francisco           0.1129945 0.2233071 0.1438309 0.4787508 0.2436532 0.1285040 0.1455382 0.2106041 0.2171345 0.1634480 0.3087998 0.1282257 0.1892709 0.0878619 0.1608723 0.0231544 0.1929418 0.1203278 0.1198204 0.1112414 0.0971406 0.1367169 0.1509752 0.1070044 0.0963237 0.1122562 0.1409336 0.4953704 0.2933338 0.2145052 0.2689651 0.4335183 0.1245741 0.0944589 0.1840723 0.1121500 0.0946528 0.1345258 0.0000000 0.0834578 0.1313382 0.1777006 0.0881716 0.1159076 0.1699264 0.2995449 0.1049194 0.1085298 0.0986442 0.0975844 0.0896661 0.1136223 0.2431059 0.1078721 0.2804312 0.4120492 0.1080974 0.1334294 0.1341221 0.3630693 0.1526254 0.1360636 0.2186898 0.1661730 0.2674627 0.0905916 0.2750188 0.3157263 0.1353925 0.3129926 0.1427188 0.1384705 0.1042361 0.0970109 0.2965897 0.2804003 0.3860404 0.1128638 0.1055202 0.2796362 0.1254816 0.0852071 0.1651359 0.0686194 
Perityle_gilensis_22_Superstition          0.1109959 0.2348914 0.1234061 0.4675403 0.2765840 0.1217864 0.1431188 0.2060685 0.1793329 0.1906137 0.2237031 0.0343152 0.1602227 0.0332030 0.1087403 0.0898836 0.0969398 0.1101260 0.0838164 0.0352866 0.0215048 0.0625190 0.0039384 0.0219932 0.0319494 0.0562917 0.0598310 0.2903363 0.2779343 0.2192861 0.1317306 0.1327211 0.1240409 0.0279311 0.1371808 0.1068485 0.0238361 0.0881099 0.0834578 0.0000000 0.0625169 0.1109827 0.0322307 0.1111172 0.0824293 0.2249838 0.0270461 0.0513549 0.0881677 0.0365211 0.0228456 0.0189000 0.1498046 0.0287512 0.2396155 0.4269815 0.0505422 0.0270231 0.0270217 0.3458837 0.1368755 0.1243732 0.2102304 0.0436000 0.2588079 0.0534920 0.2856847 0.3614812 0.0992365 0.1533090 0.1349473 0.0321093 0.0268493 0.0318317 0.2121353 0.2034040 0.0977273 0.0281262 0.0388124 0.2747591 0.0311477 0.0486415 0.1718089 0.0472085 
Perityle_gilensis_salensis_225             0.1171270 0.2504143 0.1557418 0.4703858 0.2834070 0.1227055 0.1406315 0.2139792 0.1801047 0.2638545 0.1648449 0.0819381 0.1412488 0.0703404 0.1101109 0.1361026 0.1524365 0.1054338 0.0904792 0.0770548 0.0601546 0.0658760 0.0661731 0.0355359 0.0658263 0.0968742 0.1087280 0.2428033 0.2759797 0.2175036 0.1262971 0.1377374 0.1627965 0.0357929 0.1427941 0.1435189 0.0674792 0.1579053 0.1313382 0.0625169 0.0000000 0.1486448 0.0755581 0.1435816 0.1185674 0.1651945 0.0731282 0.0658462 0.0969492 0.0532150 0.0555783 0.0581131 0.1304877 0.0492941 0.2398601 0.4397912 0.0611990 0.0675121 0.0625208 0.3285586 0.1414806 0.1158346 0.2168788 0.0684951 0.2643763 0.0932813 0.2884843 0.3614704 0.0618221 0.0101816 0.1185849 0.0687731 0.0431319 0.0480641 0.2111407 0.1465859 0.1368577 0.0765356 0.0761670 0.2727207 0.0676545 0.0863564 0.1709434 0.0503255 
Perityle_glaucescens_94                    0.1208910 0.2531010 0.1481923 0.5015586 0.3296689 0.1237120 0.1498474 0.1939864 0.2019263 0.2503874 0.2817365 0.1519178 0.1757530 0.1245442 0.1798302 0.1231467 0.1793250 0.1108492 0.1230113 0.1194024 0.1133933 0.1620063 0.1303563 0.1229496 0.1298475 0.1331880 0.1756761 0.5167978 0.2888088 0.2268022 0.2200250 0.4214553 0.1322750 0.1076687 0.1725011 0.0209632 0.1149594 0.2033760 0.1777006 0.1109827 0.1486448 0.0000000 0.1252790 0.0247564 0.1252021 0.3054467 0.1235535 0.1598471 0.0197292 0.1302805 0.1116518 0.1299729 0.2191922 0.1251906 0.2818690 0.4304931 0.1137388 0.1335073 0.1453627 0.3636235 0.1126665 0.1268823 0.2129564 0.1678831 0.3193380 0.1166601 0.2941158 0.3884331 0.1618398 0.2905174 0.1460226 0.1465811 0.1187622 0.1173473 0.2999381 0.2618540 0.3798400 0.1193927 0.1473374 0.2931475 0.1507129 0.1283540 0.1877465 0.1077797 
Perityle_gracilis_11                       0.1184820 0.2472153 0.1362733 0.4654741 0.2893247 0.1335992 0.1435930 0.2130880 0.1882450 0.2120719 0.2498056 0.0535953 0.1368155 0.0499340 0.1131339 0.1041189 0.1012984 0.1149343 0.1003860 0.0555966 0.0406983 0.0750314 0.0357390 0.0194625 0.0239218 0.0682298 0.0802459 0.4024701 0.2830206 0.2290582 0.1552575 0.2784918 0.1361747 0.0432060 0.1556122 0.1323450 0.0405835 0.1439877 0.0881716 0.0322307 0.0755581 0.1252790 0.0000000 0.1339990 0.1025933 0.2271479 0.0331442 0.0594804 0.1107081 0.0470162 0.0292991 0.0299273 0.1621250 0.0439890 0.2303074 0.4300469 0.0608060 0.0478172 0.0441037 0.3601946 0.1505095 0.1279792 0.2166320 0.0640170 0.2868056 0.0661169 0.2896381 0.3667862 0.1029044 0.2131539 0.1328595 0.0439713 0.0167553 0.0381421 0.2176046 0.2281372 0.2333177 0.0428108 0.0578972 0.2790252 0.0645032 0.0647299 0.1749648 0.0617149 
Perityle_harkerae_31                       0.1212839 0.2539650 0.1508393 0.4916970 0.3082221 0.1292260 0.1479501 0.2016240 0.1996715 0.2329171 0.2259599 0.1359084 0.2116343 0.1272849 0.1779479 0.1243828 0.1746126 0.1165099 0.1193380 0.1164349 0.1149959 0.1671018 0.1242690 0.1226505 0.1327113 0.1354879 0.1439441 0.2952148 0.2862737 0.2325826 0.1438977 0.1463663 0.1340176 0.1096534 0.1689393 0.0258175 0.1139696 0.2005459 0.1159076 0.1111172 0.1435816 0.0247564 0.1339990 0.0000000 0.1324142 0.3019901 0.1334596 0.1556731 0.0090493 0.1292052 0.1090064 0.1290471 0.2044163 0.1262114 0.2673834 0.4233020 0.1133170 0.1257257 0.1292837 0.3493401 0.1219246 0.1293183 0.2193527 0.1357885 0.3007803 0.1195409 0.2960634 0.3797511 0.1620223 0.2198946 0.1497317 0.1287455 0.1225759 0.1149031 0.2945392 0.2129320 0.1077148 0.1258203 0.1454799 0.2924172 0.1292289 0.1296483 0.1898489 0.1145708 
Perityle_hofmeisteria_4_nombre_de_dios     0.1295547 0.2273749 0.1294547 0.4719846 0.3157007 0.1246164 0.1417388 0.2022528 0.1989719 0.3193309 0.2757577 0.1036730 0.1848508 0.0954080 0.1488546 0.1259873 0.1546513 0.1246444 0.0963837 0.0972692 0.0882908 0.0945301 0.0923981 0.0830205 0.0982801 0.1434637 0.1140405 0.2823276 0.2835756 0.2197133 0.1570834 0.2428111 0.1361216 0.0765716 0.1514756 0.1326605 0.0929808 0.1913793 0.1699264 0.0824293 0.1185674 0.1252021 0.1025933 0.1324142 0.0000000 0.2504852 0.1004923 0.1163880 0.1162057 0.0935301 0.0853400 0.0942679 0.1840738 0.0845470 0.2408213 0.4607393 0.0789145 0.0993766 0.0949263 0.3709682 0.1577008 0.1369265 0.2179420 0.1007973 0.3403078 0.0982210 0.2969709 0.3732844 0.1290205 0.1921764 0.1343248 0.1045693 0.0868011 0.0877879 0.2595676 0.2624650 0.1659438 0.0932796 0.1104110 0.2792111 0.1270493 0.0895090 0.1863291 0.0904562 
