84
Amauria_brandeegeana_62                    0.0000000 0.0622427 0.3006260 0.4243636 0.3437721 0.3239286 0.4075253 0.2260721 0.5160939 0.3532624 0.3811607 0.3638336 0.3909903 0.3588553 0.1764292 0.3529977 0.2893267 0.3986819 0.2620932 0.3516857 0.3676594 0.3261111 0.1027095 0.3658625 0.3547479 0.3386510 0.2429341 0.3643008 0.4358352 0.2630830 0.1083761 0.4176343 0.3120869 0.3635657 0.2148646 0.4546291 0.2906994 0.3514327 0.3926724 0.3522144 0.3036073 0.3581653 0.2567600 0.3401260 0.3001071 0.3643465 0.3825609 0.3387397 0.3581520 0.1678527 0.3644227 0.3430974 0.3479099 0.3865967 0.2971408 0.1511424 0.2047566 0.2257056 0.3359640 0.3324211 0.4372422 0.1032418 0.3703305 0.1757091 0.3890851 0.4527968 0.3867954 0.2039502 0.3388209 0.3639874 0.4038146 0.3378010 0.3452890 0.2363563 0.1748093 0.3373247 0.3549479 0.3266364 0.3621872 0.2179498 0.3478286 0.3695447 0.2282153 0.2571193 
Amauria_carterae_99_mesa                   0.0622427 0.0000000 0.2410884 0.2408503 0.2043679 0.2157981 0.2402165 0.2216682 0.3007203 0.1769851 0.1793518 0.1858262 0.1906525 0.1934332 0.1733491 0.1912720 0.1591191 0.1950255 0.1962757 0.1904086 0.1857871 0.1840232 0.0975729 0.1907722 0.1822645 0.1860673 0.1928804 0.1903645 0.1913444 0.1705269 0.1231965 0.1992417 0.1922467 0.1767875 0.1637097 0.2135096 0.1352574 0.1757967 0.1876710 0.1966461 0.1956338 0.1792632 0.1301158 0.1768415 0.1328813 0.1933424 0.1919470 0.1863711 0.1851881 0.1330859 0.1902364 0.1842202 0.1908961 0.1883617 0.1897685 0.1349314 0.1808993 0.1864873 0.1862564 0.1771694 0.1958797 0.1115352 0.1859106 0.1658423 0.1724934 0.1864277 0.1905078 0.1313206 0.1768226 0.1931009 0.2108941 0.1777735 0.1815624 0.1736077 0.1688574 0.1400096 0.1844206 0.1747118 0.1817969 0.1672900 0.1746365 0.2130897 0.2112038 0.1940436 
Amauria_rotundifolia_SRR9119150            0.3006260 0.2410884 0.0000000 0.3068211 0.2122384 0.2359506 0.3007394 0.2473381 0.4617649 0.2268060 0.2208270 0.3303488 0.3222846 0.3159558 0.1972899 0.2680394 0.2962359 0.3453492 0.2344033 0.3137818 0.3201731 0.3009388 0.1351695 0.3267495 0.2840861 0.3023786 0.2662154 0.2920274 0.4122086 0.2223196 0.1125641 0.2711543 0.2487211 0.2102592 0.2425781 0.3124358 0.2987804 0.3261630 0.3054237 0.2664355 0.3038467 0.3218122 0.2936155 0.2954534 0.2920420 0.2351351 0.3154719 0.3181165 0.3012829 0.2942193 0.3263549 0.2964073 0.3258992 0.3326472 0.3209592 0.1448489 0.2139733 0.2491711 0.3027986 0.3055986 0.3763612 0.1327628 0.2467460 0.1889293 0.3176631 0.3869846 0.3213623 0.2946587 0.3082174 0.3269757 0.2723516 0.3054346 0.3102323 0.2761382 0.1553657 0.2532480 0.2730282 0.3088810 0.3359617 0.2347116 0.3106724 0.2496759 0.2303040 0.2835037 
Conoclinium_coelestinum_SRR9119114         0.4243636 0.2408503 0.3068211 0.0000000 0.2751604 0.2320718 0.2497915 0.2292380 0.4853612 0.2379862 0.3035952 0.4286984 0.4127219 0.3961802 0.2470121 0.2492041 0.3466155 0.3427099 0.2847091 0.3746297 0.3878355 0.3618466 0.1365649 0.4031679 0.3350734 0.3593145 0.2849358 0.2891066 0.4126861 0.2097277 0.1369754 0.3245855 0.2837363 0.2124277 0.2468142 0.3470357 0.2931804 0.4096678 0.3906833 0.3001142 0.3511667 0.3872248 0.2691471 0.3438771 0.2579314 0.2709400 0.4169767 0.3701879 0.3564208 0.2873207 0.4041412 0.3952549 0.3749047 0.3996227 0.3365278 0.2006910 0.2699814 0.2572130 0.3716126 0.3657735 0.3709317 0.1624355 0.3056765 0.1900808 0.4325328 0.4099700 0.4007420 0.3044277 0.3773656 0.3997336 0.2861010 0.3728216 0.3886426 0.2848144 0.1843276 0.3478702 0.2939681 0.3850571 0.3874103 0.2745783 0.3895357 0.2834137 0.2439065 0.2871261 
Eutetras_palmeri_63                        0.3437721 0.2043679 0.2122384 0.2751604 0.0000000 0.0395138 0.2400219 0.2027914 0.4357854 0.1245082 0.1640599 0.3520271 0.3617766 0.3419175 0.1727293 0.1434534 0.2836764 0.3080384 0.2228906 0.3100085 0.3114885 0.2925785 0.0889429 0.3363112 0.2915582 0.3070206 0.2194899 0.2263835 0.3965454 0.1180935 0.0861649 0.1854678 0.1499290 0.1022769 0.1625602 0.2193092 0.2270117 0.3289696 0.3344444 0.1675242 0.2826296 0.3119157 0.2203113 0.2976819 0.2064601 0.2125841 0.3840301 0.3091902 0.3053810 0.2231322 0.3358219 0.3181478 0.3168270 0.3497415 0.2711023 0.1328958 0.2119386 0.1991613 0.3045690 0.3069934 0.3155531 0.1135641 0.1983311 0.1196630 0.4016321 0.3500384 0.3297919 0.2482325 0.3151654 0.3338139 0.1588194 0.3090770 0.3383274 0.2290924 0.1408554 0.2407728 0.1962971 0.3217700 0.3235564 0.2048304 0.3160529 0.1451498 0.1806393 0.2660087 
Eutetras_pringlei_149_quer                 0.3239286 0.2157981 0.2359506 0.2320718 0.0395138 0.0000000 0.2209228 0.2081683 0.3327523 0.1349243 0.1306800 0.2732549 0.2781550 0.2600463 0.1835476 0.1269678 0.2338704 0.2755460 0.2261941 0.2751627 0.2740500 0.2624043 0.1357752 0.2645622 0.2423356 0.2581091 0.1959322 0.2091140 0.2069663 0.1718835 0.1022278 0.1285898 0.1347276 0.1333280 0.1816489 0.1454619 0.2449025 0.2888941 0.2978032 0.1335989 0.2458110 0.2561229 0.2425332 0.2528457 0.2384417 0.1885056 0.2816505 0.2601751 0.2666972 0.2368912 0.2718992 0.2360591 0.2602984 0.2656257 0.2613539 0.1363745 0.2159694 0.2066452 0.2441531 0.2475678 0.2020906 0.1208603 0.1985840 0.1366503 0.2607719 0.2008666 0.2611232 0.2391309 0.2671713 0.2651663 0.1536481 0.2508700 0.2560789 0.2066274 0.1388690 0.2295659 0.2087771 0.2547403 0.3134636 0.2025740 0.2495727 0.1468887 0.1783232 0.1911629 
Eutrochium_fistulosum_SRR9119106           0.4075253 0.2402165 0.3007394 0.2497915 0.2400219 0.2209228 0.0000000 0.1766300 0.4782076 0.2184254 0.2368175 0.3588851 0.4160299 0.3767775 0.2209478 0.2602966 0.3038343 0.3723860 0.2727616 0.3594018 0.3638990 0.3468176 0.1429760 0.3737821 0.3362283 0.3662536 0.2759581 0.2584332 0.3597740 0.1988572 0.1276001 0.2635260 0.2506136 0.1943299 0.2258455 0.2968894 0.2765648 0.3744520 0.3881439 0.2667006 0.3097505 0.3757435 0.2461388 0.3368337 0.2389378 0.2397194 0.3855828 0.3714559 0.3519548 0.2752647 0.3800154 0.3629783 0.3701357 0.3829355 0.3359644 0.2179549 0.2397383 0.2400905 0.3706100 0.3638262 0.3368108 0.1384066 0.2530623 0.1747244 0.3745824 0.3394219 0.3825321 0.3083632 0.3736058 0.3774672 0.2619394 0.3660539 0.3735935 0.2887408 0.1980660 0.2791659 0.2722049 0.3668240 0.3884100 0.2330767 0.3826937 0.2642667 0.2567541 0.2694950 
Galeana_pratensis_104_mex                  0.2260721 0.2216682 0.2473381 0.2292380 0.2027914 0.2081683 0.1766300 0.0000000 0.2593458 0.1817822 0.1943603 0.1902489 0.1882379 0.1965817 0.1645580 0.2123831 0.1671989 0.1998294 0.2001772 0.1745857 0.1815223 0.1614146 0.1304434 0.1821046 0.1641826 0.1816741 0.1916144 0.2037257 0.2357524 0.1526002 0.1215501 0.2184365 0.2196374 0.1707095 0.1584183 0.2022121 0.2266838 0.2170910 0.2092909 0.2169195 0.1865909 0.1776524 0.1994924 0.1492466 0.1948169 0.2195924 0.2007530 0.1797434 0.1638711 0.2192614 0.1799487 0.1949427 0.1884680 0.1917675 0.1925428 0.1816783 0.1990987 0.1668741 0.1818505 0.1753708 0.2481877 0.1701439 0.2045037 0.1592215 0.1793068 0.2435929 0.1939922 0.2335906 0.1793641 0.1843143 0.2025966 0.1827673 0.1816362 0.1837551 0.1728326 0.2378835 0.2247748 0.1881132 0.1905691 0.1981894 0.1886127 0.2075749 0.1926799 0.1884597 
Helianthus_annuus_SRR9119062               0.5160939 0.3007203 0.4617649 0.4853612 0.4357854 0.3327523 0.4782076 0.2593458 0.0000000 0.4415033 0.4646729 0.4494396 0.4267560 0.4323921 0.2566048 0.4244200 0.4018950 0.3754231 0.2948919 0.3723559 0.4414353 0.3625195 0.1753798 0.4390012 0.3502966 0.3989475 0.3426598 0.4404851 0.5345429 0.3254801 0.1796285 0.5141998 0.4643976 0.3862921 0.2734876 0.4789559 0.4890757 0.4419701 0.4920809 0.4369716 0.4197358 0.4315209 0.3936854 0.3416620 0.4356421 0.4606021 0.4427539 0.4136035 0.3554340 0.3952146 0.4294823 0.4200847 0.4362107 0.4296291 0.4082501 0.3292948 0.3136912 0.2884119 0.4088970 0.4297702 0.5394111 0.1946741 0.4513154 0.2194339 0.4531438 0.5479645 0.4209956 0.4401420 0.4305176 0.4412688 0.4435934 0.4203714 0.4235843 0.3946282 0.2063682 0.4941464 0.4717794 0.4448292 0.4444943 0.3048633 0.4232365 0.4512743 0.3543141 0.3695383 
Lycapsus_tenuifolius_17                    0.3532624 0.1769851 0.2268060 0.2379862 0.1245082 0.1349243 0.2184254 0.1817822 0.4415033 0.0000000 0.1398777 0.2816101 0.3709550 0.3118128 0.1571400 0.1398769 0.2397334 0.2820708 0.1842069 0.2883286 0.2956816 0.2752835 0.0925157 0.3321962 0.3292088 0.3213918 0.2069221 0.1989977 0.2992444 0.0754392 0.0337558 0.1767465 0.1362222 0.0043472 0.1678231 0.1393306 0.2186031 0.2965295 0.3162420 0.1589176 0.2430022 0.3287901 0.2078002 0.3211491 0.2083523 0.1668156 0.3421894 0.3317623 0.2820199 0.2254683 0.3391237 0.2733172 0.3387990 0.3246038 0.2541020 0.1354437 0.1859227 0.1843202 0.3261776 0.3264208 0.2809386 0.1083617 0.2040683 0.1115818 0.3365554 0.2889336 0.3467084 0.2534081 0.3243280 0.3342188 0.1070668 0.3257118 0.2928281 0.2250614 0.1219730 0.2193367 0.1766143 0.2739622 0.3441409 0.1725214 0.3323906 0.1087123 0.1749719 0.2242554 
Pericome_caudata_50_silver                 0.3811607 0.1793518 0.2208270 0.3035952 0.1640599 0.1306800 0.2368175 0.1943603 0.4646729 0.1398777 0.0000000 0.3853581 0.4131828 0.3613964 0.1835355 0.1311204 0.2973769 0.3147595 0.2081778 0.3277811 0.3411160 0.2990173 0.0924128 0.4094041 0.3838218 0.3839270 0.2372915 0.2236121 0.3813711 0.0971160 0.0700948 0.2083987 0.1776829 0.1128342 0.1893335 0.2448407 0.2369720 0.3608864 0.3507518 0.1797592 0.3073574 0.3908547 0.2247597 0.3710188 0.2127140 0.2331198 0.4438863 0.3915685 0.3192175 0.2469773 0.3856974 0.3315294 0.3994034 0.3784315 0.2980934 0.1417125 0.1990719 0.2047391 0.3751889 0.3807095 0.3247566 0.1029571 0.2205779 0.1189036 0.4545340 0.3466198 0.4194846 0.2495511 0.3822156 0.4130234 0.1726082 0.3931411 0.3458186 0.3037023 0.1380275 0.2533824 0.2318498 0.3381738 0.3897544 0.1851204 0.3980261 0.1595403 0.2096616 0.2705883 
Perityle_aglossa_84_dead_horse             0.3638336 0.1858262 0.3303488 0.4286984 0.3520271 0.2732549 0.3588851 0.1902489 0.4494396 0.2816101 0.3853581 0.0000000 0.1159387 0.1116187 0.0275701 0.2055671 0.0906030 0.1428037 0.2002749 0.0494450 0.1002868 0.0546078 0.0420521 0.0947903 0.0603458 0.0499252 0.0533466 0.2446809 0.3651113 0.2087239 0.0787428 0.3803429 0.3427281 0.2582240 0.0298067 0.3891612 0.3402476 0.2443854 0.3076391 0.2531950 0.0971948 0.0791011 0.2995499 0.0499986 0.3131136 0.3693435 0.0987523 0.0511836 0.0410690 0.2399141 0.0884248 0.0985567 0.0664310 0.1081956 0.0416891 0.1534920 0.1191884 0.0475101 0.0709229 0.0530206 0.3869460 0.0942980 0.3065904 0.0351214 0.0192718 0.3941891 0.1157278 0.2895538 0.0770807 0.0946753 0.3248352 0.0867742 0.1025617 0.0419582 0.0381913 0.3929446 0.3643580 0.0901540 0.0330145 0.1827076 0.0946550 0.3136541 0.1587665 0.1505645 
Perityle_ajoensis_204                      0.3909903 0.1906525 0.3222846 0.4127219 0.3617766 0.2781550 0.4160299 0.1882379 0.4267560 0.3709550 0.4131828 0.1159387 0.0000000 0.1051135 0.0259365 0.2366392 0.0390802 0.2021228 0.2000703 0.1057372 0.1082388 0.0897954 0.0375013 0.1163127 0.1904166 0.1292319 0.0412905 0.2419741 0.3859943 0.2148399 0.0766055 0.4582146 0.3049883 0.3284624 0.0316582 0.4088270 0.3502109 0.2175343 0.3679739 0.2247358 0.0464665 0.1199400 0.3115709 0.1510726 0.3880113 0.4334770 0.1858962 0.1323676 0.1062134 0.2342309 0.1158486 0.1388691 0.1326869 0.1213219 0.0406111 0.1587528 0.1191314 0.0535225 0.1274320 0.1282587 0.3857415 0.0890286 0.2986945 0.0311600 0.1965686 0.3801426 0.1432506 0.2731030 0.1135228 0.1170672 0.4032139 0.1277615 0.1079851 0.0492600 0.0427950 0.4268470 0.3626885 0.0929295 0.1351656 0.1847586 0.1236539 0.3844632 0.1485040 0.1387978 
Perityle_ambrosiifolia_67_green            0.3588553 0.1934332 0.3159558 0.3961802 0.3419175 0.2600463 0.3767775 0.1965817 0.4323921 0.3118128 0.3613964 0.1116187 0.1051135 0.0000000 0.0326172 0.2212837 0.0465049 0.1988721 0.2086377 0.0569970 0.0958199 0.0260806 0.0332458 0.0522969 0.0752218 0.0253803 0.0546640 0.2303413 0.3750625 0.2071797 0.0831408 0.3953264 0.3019956 0.2939865 0.0300622 0.3923815 0.3411255 0.2102793 0.3276270 0.2177145 0.0523829 0.0463744 0.2969507 0.0230046 0.3412683 0.3865335 0.1127036 0.0269215 0.0474391 0.2399329 0.0519933 0.0924911 0.0285823 0.0784823 0.0504460 0.1584191 0.1147207 0.0632251 0.0339393 0.0251560 0.3708462 0.0915368 0.2826657 0.0351793 0.1072707 0.3702943 0.0745698 0.2667537 0.0621299 0.0457021 0.3536017 0.0321603 0.0315573 0.0461964 0.0447185 0.3850043 0.3461764 0.0603279 0.0661006 0.1805426 0.0313526 0.3160474 0.1582192 0.1396758 
Perityle_angustifolia_13_Eagle_creek       0.1764292 0.1733491 0.1972899 0.2470121 0.1727293 0.1835476 0.2209478 0.1645580 0.2566048 0.1571400 0.1835355 0.0275701 0.0259365 0.0326172 0.0000000 0.1126005 0.0215967 0.1170466 0.1768535 0.0268276 0.0292694 0.0226667 0.0316413 0.0309932 0.0444885 0.0226464 0.0352622 0.1188511 0.1920804 0.1543013 0.0845855 0.1767384 0.1564835 0.1552033 0.0206047 0.1641103 0.1901937 0.1249134 0.1725683 0.1162749 0.0309688 0.0177460 0.1704401 0.0234754 0.1780434 0.1751703 0.0326307 0.0210175 0.0233466 0.1819032 0.0275936 0.0259493 0.0275928 0.0318385 0.0161739 0.0995924 0.1140937 0.0323858 0.0226639 0.0178609 0.2040960 0.0865609 0.1004264 0.0317258 0.0210078 0.1846926 0.0301153 0.1925763 0.0259892 0.0309453 0.1723387 0.0214835 0.0210127 0.0261925 0.0295804 0.2058230 0.1814498 0.0242740 0.0276131 0.1781612 0.0195237 0.1702269 0.0973972 0.0793025 
Perityle_batopilensis_97                   0.3529977 0.1912720 0.2680394 0.2492041 0.1434534 0.1269678 0.2602966 0.2123831 0.4244200 0.1398769 0.1311204 0.2055671 0.2366392 0.2212837 0.1126005 0.0000000 0.1585959 0.2943232 0.2382046 0.2571474 0.2230164 0.2337548 0.0504617 0.2203370 0.2326337 0.2120672 0.1402210 0.1800316 0.3390901 0.1012415 0.0870959 0.1679889 0.1436167 0.1077369 0.1396501 0.1811384 0.2878793 0.2138553 0.3361075 0.0320961 0.1742445 0.2129008 0.2748944 0.2354110 0.2610382 0.2354764 0.2181927 0.2145279 0.2375538 0.2903407 0.2278586 0.1868139 0.2187251 0.2299515 0.1881480 0.1546763 0.1381581 0.1384968 0.2005579 0.2108567 0.3138471 0.0805101 0.2206645 0.0830524 0.2103368 0.3147785 0.2250811 0.3043809 0.2087519 0.2250738 0.1664960 0.2135886 0.2123182 0.1442869 0.0905263 0.2232562 0.2482096 0.2019897 0.2255380 0.1699967 0.2098567 0.1601689 0.1973417 0.1567641 
Perityle_bisetosa_9                        0.2893267 0.1591191 0.2962359 0.3466155 0.2836764 0.2338704 0.3038343 0.1671989 0.4018950 0.2397334 0.2973769 0.0906030 0.0390802 0.0465049 0.0215967 0.1585959 0.0000000 0.1413667 0.1705529 0.0417490 0.0444525 0.0432914 0.0310128 0.0408883 0.0462089 0.0421651 0.0490564 0.1732909 0.3747264 0.1976510 0.0809474 0.3293331 0.2809767 0.2060233 0.0199032 0.3209098 0.3007143 0.1870308 0.2579564 0.1738079 0.0399467 0.0418786 0.2617857 0.0403783 0.2708473 0.3776655 0.1163923 0.0448302 0.0330052 0.2207354 0.0316203 0.0885891 0.0481641 0.0690224 0.0334885 0.1464736 0.1077890 0.0371415 0.0463615 0.0471506 0.3471222 0.0891338 0.2384112 0.0219783 0.1374362 0.3528422 0.0694703 0.2480920 0.0329814 0.0408805 0.2724844 0.0477193 0.0975058 0.0429436 0.0223918 0.3243187 0.3022748 0.0864983 0.0444582 0.1625304 0.0487846 0.2559397 0.1477423 0.1377877 
Perityle_californica_76_positas            0.3986819 0.1950255 0.3453492 0.3427099 0.3080384 0.2755460 0.3723860 0.1998294 0.3754231 0.2820708 0.3147595 0.1428037 0.2021228 0.1988721 0.1170466 0.2943232 0.1413667 0.0000000 0.2051166 0.1934779 0.2078295 0.1915379 0.1188188 0.1781122 0.1858249 0.1917936 0.1402048 0.3069920 0.2789102 0.2320238 0.0911267 0.2849725 0.2590595 0.2797281 0.1263902 0.3023059 0.3456347 0.3191293 0.3146990 0.2845077 0.1409015 0.1911079 0.3200574 0.1850892 0.3429228 0.3242444 0.1975099 0.1937207 0.1875821 0.2480492 0.1805031 0.1699843 0.1971106 0.1998482 0.1459297 0.1013913 0.1922695 0.1576382 0.1918316 0.1880692 0.2980316 0.1178546 0.2438684 0.1205538 0.1752836 0.2893139 0.1994783 0.2633629 0.1816534 0.1774507 0.3013657 0.1945031 0.1898173 0.1434103 0.1353032 0.3518642 0.3197354 0.1579319 0.1884763 0.1951881 0.1937319 0.2978040 0.1100317 0.1196571 
Perityle_canescens_77                      0.2620932 0.1962757 0.2344033 0.2847091 0.2228906 0.2261941 0.2727616 0.2001772 0.2948919 0.1842069 0.2081778 0.2002749 0.2000703 0.2086377 0.1768535 0.2382046 0.1705529 0.2051166 0.0000000 0.2039010 0.1864351 0.1990256 0.1108679 0.1981168 0.2140303 0.1964234 0.2032588 0.2610746 0.1430316 0.1663275 0.0916822 0.2254458 0.1983550 0.1822585 0.1994450 0.2097539 0.3172136 0.2068817 0.1493919 0.2462018 0.1872644 0.1891805 0.2995631 0.1952018 0.3085127 0.1702910 0.2086105 0.1981594 0.2013433 0.2974998 0.1961669 0.2002512 0.2049303 0.2064719 0.1862898 0.0835633 0.2144527 0.1923782 0.1946948 0.1921840 0.1362476 0.0973023 0.2108014 0.1613879 0.1887439 0.1354226 0.2063717 0.2722388 0.1899454 0.1937794 0.2097529 0.1928937 0.1927677 0.1886434 0.1424530 0.2261985 0.0969304 0.1941189 0.1987999 0.1782713 0.1942052 0.2232694 0.1682305 0.1758657 
Perityle_castillonii_96                    0.3516857 0.1904086 0.3137818 0.3746297 0.3100085 0.2751627 0.3594018 0.1745857 0.3723559 0.2883286 0.3277811 0.0494450 0.1057372 0.0569970 0.0268276 0.2571474 0.0417490 0.1934779 0.2039010 0.0000000 0.0924349 0.0485684 0.0398042 0.0537210 0.0684333 0.0471801 0.0490441 0.2735963 0.2464588 0.2143728 0.0899959 0.3049847 0.2520158 0.2865557 0.0334606 0.3080981 0.3343532 0.2252738 0.3450670 0.2416006 0.0514257 0.0563449 0.3056620 0.0530388 0.3331861 0.3397434 0.0648363 0.0487810 0.0443477 0.2061412 0.0473229 0.0575480 0.0485390 0.0730076 0.0274729 0.1103058 0.1300983 0.0634510 0.0478881 0.0461104 0.2999910 0.0969150 0.2526726 0.0351760 0.0469642 0.2749629 0.0715330 0.2369151 0.0521199 0.0536496 0.3155760 0.0563408 0.0471910 0.0511239 0.0444387 0.3492127 0.3299070 0.0497474 0.0580718 0.1722857 0.0488418 0.3070564 0.0951960 0.0828846 
Perityle_cernua_84                         0.3676594 0.1857871 0.3201731 0.3878355 0.3114885 0.2740500 0.3638990 0.1815223 0.4414353 0.2956816 0.3411160 0.1002868 0.1082388 0.0958199 0.0292694 0.2230164 0.0444525 0.2078295 0.1864351 0.0924349 0.0000000 0.0960706 0.0854566 0.0860031 0.1159943 0.0890485 0.0532237 0.2236242 0.3455267 0.2039108 0.0807963 0.3642772 0.2845654 0.2720330 0.0335432 0.3815910 0.3491779 0.1898218 0.3666672 0.2070975 0.0452200 0.0797254 0.2986787 0.0925444 0.3282005 0.3411495 0.1222900 0.0984981 0.0851298 0.2383454 0.0835892 0.1199867 0.0950168 0.1013123 0.0441745 0.1559440 0.1125039 0.0490353 0.0910617 0.0894459 0.3654072 0.0863659 0.2842817 0.0371581 0.1213577 0.3691641 0.1031548 0.2642095 0.0822045 0.0891461 0.3355764 0.0974909 0.0871985 0.0453107 0.0521634 0.3596679 0.3350626 0.0803814 0.1663075 0.1742444 0.0936764 0.3172316 0.1605674 0.1458743 
Perityle_cfvillosa_25_tin                  0.3261111 0.1840232 0.3009388 0.3618466 0.2925785 0.2624043 0.3468176 0.1614146 0.3625195 0.2752835 0.2990173 0.0546078 0.0897954 0.0260806 0.0226667 0.2337548 0.0432914 0.1915379 0.1990256 0.0485684 0.0960706 0.0000000 0.0352834 0.0546372 0.0742178 0.0126525 0.0421208 0.2480948 0.2512661 0.2054886 0.0788136 0.2859595 0.2475948 0.2735917 0.0263357 0.2977314 0.3146795 0.2080012 0.3013327 0.2235694 0.0539915 0.0452934 0.2888170 0.0184426 0.3157238 0.3074127 0.0645302 0.0146845 0.0369493 0.2087104 0.0506888 0.0484342 0.0222004 0.0626114 0.0385121 0.1149256 0.1216972 0.0566906 0.0178019 0.0216658 0.3029844 0.0917676 0.2316008 0.0312150 0.0478500 0.2722116 0.0584970 0.2196229 0.0526676 0.0493874 0.3049096 0.0319951 0.0110224 0.0436240 0.0343897 0.3322485 0.3131964 0.0492328 0.0550306 0.1806283 0.0196800 0.2952952 0.0943531 0.0787821 
Perityle_cinerea_113_Powell1310            0.1027095 0.0975729 0.1351695 0.1365649 0.0889429 0.1357752 0.1429760 0.1304434 0.1753798 0.0925157 0.0924128 0.0420521 0.0375013 0.0332458 0.0316413 0.0504617 0.0310128 0.1188188 0.1108679 0.0398042 0.0854566 0.0352834 0.0000000 0.0355764 0.0415934 0.0352192 0.0416259 0.0516317 0.0946951 0.1501174 0.0935820 0.0995990 0.0801483 0.0899576 0.0338001 0.1125502 0.1117425 0.0222932 0.1031385 0.0585976 0.0398959 0.0353673 0.1016261 0.0355168 0.1015347 0.1087620 0.0428600 0.0332547 0.0419857 0.1016580 0.0423873 0.0378618 0.0420262 0.0369445 0.0354146 0.1057519 0.0445434 0.0362056 0.0329942 0.0330176 0.0997083 0.0845736 0.0832699 0.0385937 0.0330357 0.0823578 0.0369243 0.1234707 0.0332721 0.0333225 0.1124545 0.0266764 0.0307378 0.0310997 0.0330244 0.1233793 0.0993226 0.0352889 0.1584589 0.0755103 0.0329942 0.1099204 0.0961516 0.0895971 
Perityle_coahuilensis_24                   0.3658625 0.1907722 0.3267495 0.4031679 0.3363112 0.2645622 0.3737821 0.1821046 0.4390012 0.3321962 0.4094041 0.0947903 0.1163127 0.0522969 0.0309932 0.2203370 0.0408883 0.1781122 0.1981168 0.0537210 0.0860031 0.0546372 0.0355764 0.0000000 0.1865594 0.0527945 0.0534217 0.2218255 0.3729487 0.2035284 0.0788366 0.4452478 0.3063535 0.2924705 0.0283084 0.3746069 0.3441758 0.2216515 0.3576835 0.2155188 0.0131662 0.0416856 0.2987835 0.0466845 0.3560457 0.4344647 0.1098393 0.0584833 0.0500209 0.2347159 0.0370061 0.0945353 0.0586903 0.0794691 0.0501386 0.1532987 0.1079141 0.0568977 0.0528577 0.0610867 0.3647629 0.0812350 0.2867691 0.0391966 0.1234423 0.3666261 0.0820632 0.2704773 0.0502297 0.0120169 0.3516820 0.0547297 0.1073826 0.0569529 0.0466079 0.3993788 0.3642698 0.1016038 0.0626250 0.1717350 0.0568063 0.4105999 0.1607473 0.1423538 
Perityle_cochisensis_44_cave_creek         0.3547479 0.1822645 0.2840861 0.3350734 0.2915582 0.2423356 0.3362283 0.1641826 0.3502966 0.3292088 0.3838218 0.0603458 0.1904166 0.0752218 0.0444885 0.2326337 0.0462089 0.1858249 0.2140303 0.0684333 0.1159943 0.0742178 0.0415934 0.1865594 0.0000000 0.1335665 0.0583448 0.2547351 0.2507865 0.2188529 0.0851923 0.3901351 0.2148109 0.3014698 0.0379720 0.2995372 0.3123962 0.1992479 0.3641225 0.2183319 0.0553608 0.1216684 0.2870300 0.1145203 0.3531130 0.3430642 0.1720730 0.1751407 0.0717962 0.2228728 0.0666535 0.0504789 0.1953410 0.0807804 0.0547101 0.0988239 0.1341934 0.0743390 0.1218413 0.1870598 0.2603240 0.0801315 0.2033572 0.0376366 0.1690417 0.2387279 0.1596719 0.2617219 0.1098046 0.1885393 0.3305828 0.1399096 0.0750091 0.1939150 0.0488829 0.3589701 0.3263057 0.0586821 0.1005782 0.1780148 0.1555527 0.4365887 0.0918031 0.0825536 
Perityle_congesta_202                      0.3386510 0.1860673 0.3023786 0.3593145 0.3070206 0.2581091 0.3662536 0.1816741 0.3989475 0.3213918 0.3839270 0.0499252 0.1292319 0.0253803 0.0226464 0.2120672 0.0421651 0.1917936 0.1964234 0.0471801 0.0890485 0.0126525 0.0352192 0.0527945 0.1335665 0.0000000 0.0394533 0.2353381 0.2916653 0.2011850 0.0786764 0.3805137 0.2601821 0.2907371 0.0263100 0.3425930 0.3191451 0.1863395 0.3303612 0.2038024 0.0517109 0.0436811 0.2886522 0.0177328 0.3449614 0.3276237 0.0569130 0.0126257 0.0322906 0.2267397 0.0508052 0.0477976 0.0228114 0.0617067 0.0368125 0.1442772 0.1162501 0.0566408 0.0135655 0.0142196 0.3336455 0.0915755 0.2429906 0.0291712 0.0485387 0.3101987 0.0643112 0.2439963 0.0521886 0.0487564 0.3568243 0.0232039 0.0107714 0.0467368 0.0309811 0.3627373 0.3156211 0.0439826 0.0625926 0.1760214 0.0142476 0.3670055 0.1213048 0.0785209 
Perityle_cordifolia_27                     0.2429341 0.1928804 0.2662154 0.2849358 0.2194899 0.1959322 0.2759581 0.1916144 0.3426598 0.2069221 0.2372915 0.0533466 0.0412905 0.0546640 0.0352622 0.1402210 0.0490564 0.1402048 0.2032588 0.0490441 0.0532237 0.0421208 0.0416259 0.0534217 0.0583448 0.0394533 0.0000000 0.1494246 0.2987786 0.1713178 0.0861944 0.2678983 0.2310096 0.1764495 0.0384342 0.2750867 0.2548480 0.1456269 0.2256452 0.1459506 0.0506707 0.0505504 0.2222244 0.0391825 0.2247214 0.2296201 0.0645326 0.0424649 0.0340743 0.2293439 0.0549981 0.0504739 0.0573774 0.0139680 0.0423782 0.1647427 0.1283758 0.0426367 0.0546854 0.0450114 0.3058295 0.0986854 0.1816251 0.0097607 0.0560056 0.2953573 0.0126515 0.2687411 0.0453167 0.0547039 0.2435926 0.0514859 0.0479451 0.0410860 0.0320187 0.2603409 0.2490029 0.0493615 0.0550064 0.1999171 0.0495376 0.2289664 0.1517565 0.1486832 
Perityle_cordifolia_68_tecolote            0.3643008 0.1903645 0.2920274 0.2891066 0.2263835 0.2091140 0.2584332 0.2037257 0.4404851 0.1989977 0.2236121 0.2446809 0.2419741 0.2303413 0.1188511 0.1800316 0.1732909 0.3069920 0.2610746 0.2735963 0.2236242 0.2480948 0.0516317 0.2218255 0.2547351 0.2353381 0.1494246 0.0000000 0.4186610 0.1900707 0.0942589 0.2714297 0.2520443 0.1726371 0.1427903 0.2862577 0.3276942 0.2075597 0.3512328 0.1879607 0.1752136 0.2220641 0.3097191 0.2581993 0.2914212 0.3703126 0.2660153 0.2362183 0.2623944 0.3251677 0.2359769 0.2393408 0.2300651 0.2487086 0.2008298 0.1474222 0.0128605 0.1540141 0.2195376 0.2238242 0.3767434 0.0948328 0.2755694 0.1032385 0.3006497 0.3866785 0.2444772 0.3455376 0.2212658 0.2173735 0.2398456 0.2296634 0.2746767 0.1564435 0.1077708 0.2472100 0.3247502 0.2882899 0.2428937 0.1806069 0.2303488 0.2338135 0.2182351 0.1992459 
Perityle_coronopifolia_28_patagonia        0.4358352 0.1913444 0.4122086 0.4126861 0.3965454 0.2069663 0.3597740 0.2357524 0.5345429 0.2992444 0.3813711 0.3651113 0.3859943 0.3750625 0.1920804 0.3390901 0.3747264 0.2789102 0.1430316 0.2464588 0.3455267 0.2512661 0.0946951 0.3729487 0.2507865 0.2916653 0.2987786 0.4186610 0.0000000 0.2030162 0.0988206 0.4049255 0.3878348 0.2188893 0.1968806 0.3882154 0.4441129 0.4122808 0.3072675 0.3736522 0.3797496 0.3320188 0.3709325 0.2255176 0.3840166 0.3668056 0.4023697 0.3131292 0.2339084 0.4114590 0.3423752 0.3526968 0.3291232 0.3599871 0.3091053 0.1929658 0.2568618 0.2143151 0.3298885 0.3204672 0.0832044 0.0556130 0.3791863 0.1477424 0.3990425 0.0463597 0.3469114 0.4787402 0.3399550 0.3718065 0.3049533 0.3260526 0.3617486 0.3044336 0.1389990 0.3972560 0.2562683 0.3897150 0.3048612 0.1271976 0.3388346 0.3473846 0.3173908 0.2932904 
Perityle_crassifolia_70_ventanas           0.2630830 0.1705269 0.2223196 0.2097277 0.1180935 0.1718835 0.1988572 0.1526002 0.3254801 0.0754392 0.0971160 0.2087239 0.2148399 0.2071797 0.1543013 0.1012415 0.1976510 0.2320238 0.1663275 0.2143728 0.2039108 0.2054886 0.1501174 0.2035284 0.2188529 0.2011850 0.1713178 0.1900707 0.2030162 0.0000000 0.0566789 0.1199725 0.1073783 0.0753887 0.1690551 0.0398145 0.2442966 0.2477717 0.2467762 0.1120464 0.2123710 0.2008757 0.2355293 0.1990643 0.2395894 0.1808704 0.2258372 0.2053876 0.2100435 0.2293709 0.2127573 0.1813127 0.2072333 0.2103089 0.2082183 0.0917619 0.1755511 0.1775645 0.1864572 0.1971832 0.1991415 0.1203283 0.1843189 0.1116130 0.2064369 0.1947976 0.2057831 0.2358018 0.2060122 0.2038392 0.0508718 0.2005481 0.1991228 0.1862782 0.1037299 0.1870024 0.1944893 0.2023147 0.3276611 0.1568803 0.1955102 0.0429846 0.1421751 0.1382575 
Perityle_crassifolia_74_playa_balandra     0.1083761 0.1231965 0.1125641 0.1369754 0.0861649 0.1022278 0.1276001 0.1215501 0.1796285 0.0337558 0.0700948 0.0787428 0.0766055 0.0831408 0.0845855 0.0870959 0.0809474 0.0911267 0.0916822 0.0899959 0.0807963 0.0788136 0.0935820 0.0788366 0.0851923 0.0786764 0.0861944 0.0942589 0.0988206 0.0566789 0.0000000 0.0830207 0.0980913 0.0317546 0.0783518 0.0589729 0.1121387 0.0905167 0.0808548 0.1028927 0.0832338 0.0765853 0.1018151 0.0765988 0.1050361 0.0879060 0.0981125 0.0765533 0.0831716 0.1051524 0.0808717 0.0854393 0.0830058 0.0793292 0.0787634 0.1120355 0.0874864 0.0822298 0.0787551 0.0705055 0.1054473 0.1140297 0.0865494 0.0778073 0.0743557 0.0964436 0.0792875 0.1112039 0.0766154 0.0810229 0.0589756 0.0772144 0.0744094 0.0819153 0.0772572 0.1179053 0.0895697 0.0786881 0.0830810 0.0877753 0.0727127 0.0695876 0.0838430 0.0897062 
Perityle_cuneata_34_cuneata_San_antonio    0.4176343 0.1992417 0.2711543 0.3245855 0.1854678 0.1285898 0.2635260 0.2184365 0.5141998 0.1767465 0.2083987 0.3803429 0.4582146 0.3953264 0.1767384 0.1679889 0.3293331 0.2849725 0.2254458 0.3049847 0.3642772 0.2859595 0.0995990 0.4452478 0.3901351 0.3805137 0.2678983 0.2714297 0.4049255 0.1199725 0.0830207 0.0000000 0.2248572 0.1255939 0.1739469 0.2570755 0.2642595 0.3946185 0.3940227 0.2126177 0.3415264 0.4274581 0.2241818 0.3620487 0.2127575 0.2575201 0.4746611 0.4100426 0.2966637 0.2575492 0.4229171 0.3615450 0.4233228 0.4091143 0.2894503 0.1811804 0.2232263 0.2055701 0.3934302 0.4032028 0.3529040 0.1164636 0.2597859 0.1271186 0.4641179 0.3722589 0.4640339 0.3268289 0.4170258 0.4519991 0.1925038 0.4241049 0.3734648 0.3136184 0.1443852 0.3003774 0.2822372 0.3628103 0.4057733 0.2034247 0.4285572 0.1963116 0.2456518 0.2687204 
Perityle_cuneata_4                         0.3120869 0.1922467 0.2487211 0.2837363 0.1499290 0.1347276 0.2506136 0.2196374 0.4643976 0.1362222 0.1776829 0.3427281 0.3049883 0.3019956 0.1564835 0.1436167 0.2809767 0.2590595 0.1983550 0.2520158 0.2845654 0.2475948 0.0801483 0.3063535 0.2148109 0.2601821 0.2310096 0.2520443 0.3878348 0.1073783 0.0980913 0.2248572 0.0000000 0.1036014 0.1607732 0.2171735 0.2730397 0.3156918 0.2976664 0.1708329 0.2882710 0.2805092 0.2527746 0.2360253 0.2574178 0.2814729 0.3621295 0.2760735 0.2419973 0.2679232 0.2989618 0.2820534 0.2853509 0.3159026 0.2656462 0.1330826 0.1912638 0.1773853 0.2694606 0.2639914 0.3020019 0.0793830 0.2171042 0.1031044 0.3781218 0.3228376 0.2972814 0.2603230 0.2795148 0.3068763 0.1553585 0.2749352 0.3103558 0.2263539 0.0961157 0.2720646 0.2209106 0.3043105 0.2814840 0.1791603 0.2818236 0.1210657 0.2002101 0.2650675 
Perityle_discoidea_81                      0.3635657 0.1767875 0.2102592 0.2124277 0.1022769 0.1333280 0.1943299 0.1707095 0.3862921 0.0043472 0.1128342 0.2582240 0.3284624 0.2939865 0.1552033 0.1077369 0.2060233 0.2797281 0.1822585 0.2865557 0.2720330 0.2735917 0.0899576 0.2924705 0.3014698 0.2907371 0.1764495 0.1726371 0.2188893 0.0753887 0.0317546 0.1255939 0.1036014 0.0000000 0.1653356 0.0887622 0.2044235 0.2669541 0.2949225 0.1146763 0.2154024 0.2902655 0.2061325 0.2953414 0.2085684 0.1512054 0.3083723 0.2944925 0.2803010 0.2078503 0.3058398 0.2496762 0.2994978 0.3068572 0.2305074 0.1102543 0.1742684 0.1823886 0.2790627 0.2871609 0.2052030 0.1084655 0.1745561 0.1091587 0.2950818 0.2039739 0.3037334 0.2289198 0.2829592 0.2946803 0.0920384 0.2892600 0.2701836 0.1847799 0.1199381 0.1948967 0.1579595 0.2541357 0.3047600 0.1705029 0.2882405 0.0862263 0.1379050 0.1464599 
Perityle_dissecta_201                      0.2148646 0.1637097 0.2425781 0.2468142 0.1625602 0.1816489 0.2258455 0.1584183 0.2734876 0.1678231 0.1893335 0.0298067 0.0316582 0.0300622 0.0206047 0.1396501 0.0199032 0.1263902 0.1994450 0.0334606 0.0335432 0.0263357 0.0338001 0.0283084 0.0379720 0.0263100 0.0384342 0.1427903 0.1968806 0.1690551 0.0783518 0.1739469 0.1607732 0.1653356 0.0000000 0.1856570 0.2137922 0.1629017 0.2007577 0.1411622 0.0317310 0.0209836 0.2041565 0.0194036 0.2022371 0.2021689 0.0432002 0.0282890 0.0280837 0.2008052 0.0229152 0.0300211 0.0263214 0.0347077 0.0246966 0.0871391 0.1206982 0.0344180 0.0245418 0.0192152 0.2129004 0.0749207 0.0945596 0.0327970 0.0245067 0.1894713 0.0328244 0.2344613 0.0282895 0.0300618 0.1946320 0.0285249 0.0245064 0.0229152 0.0347447 0.2268635 0.2069113 0.0192608 0.0320154 0.1697037 0.0281141 0.1832168 0.0815090 0.0747122 
Perityle_emoryi_47_punta_san_jose          0.4546291 0.2135096 0.3124358 0.3470357 0.2193092 0.1454619 0.2968894 0.2022121 0.4789559 0.1393306 0.2448407 0.3891612 0.4088270 0.3923815 0.1641103 0.1811384 0.3209098 0.3023059 0.2097539 0.3080981 0.3815910 0.2977314 0.1125502 0.3746069 0.2995372 0.3425930 0.2750867 0.2862577 0.3882154 0.0398145 0.0589729 0.2570755 0.2171735 0.0887622 0.1856570 0.0000000 0.2877029 0.3999147 0.4014041 0.2261393 0.3315179 0.3735655 0.2372884 0.2908145 0.2342618 0.2862733 0.3942931 0.3501252 0.3016376 0.2919806 0.3839872 0.3536690 0.3656101 0.3970226 0.3166947 0.2006860 0.2338357 0.1947738 0.3424626 0.3584488 0.3453499 0.1166265 0.2991887 0.1320573 0.4046693 0.3620719 0.3979733 0.3378323 0.3704296 0.3786850 0.0160165 0.3763923 0.3831174 0.2641651 0.1447333 0.3044601 0.2909582 0.3636072 0.3535760 0.1985037 0.3716639 0.0899588 0.2610951 0.2943735 
Perityle_feddemae_99                       0.2906994 0.1352574 0.2987804 0.2931804 0.2270117 0.2449025 0.2765648 0.2266838 0.4890757 0.2186031 0.2369720 0.3402476 0.3502109 0.3411255 0.1901937 0.2878793 0.3007143 0.3456347 0.3172136 0.3343532 0.3491779 0.3146795 0.1117425 0.3441758 0.3123962 0.3191451 0.2548480 0.3276942 0.4441129 0.2442966 0.1121387 0.2642595 0.2730397 0.2044235 0.2137922 0.2877029 0.0000000 0.3497900 0.3405076 0.2978039 0.3081215 0.3341709 0.0243803 0.3032143 0.0299084 0.2680377 0.3339431 0.3276152 0.3150053 0.0463891 0.3462016 0.3106446 0.3290933 0.3366779 0.3142585 0.1632853 0.2616676 0.2267297 0.3140893 0.3147918 0.4179445 0.1163847 0.2565094 0.1629088 0.3220404 0.4298886 0.3343723 0.2120897 0.3300552 0.3495446 0.2753260 0.3136815 0.3250588 0.2823734 0.1541217 0.2084941 0.3163888 0.3300588 0.3390586 0.2521363 0.3154760 0.2558478 0.2230979 0.2236906 
Perityle_fosteri_93                        0.3514327 0.1757967 0.3261630 0.4096678 0.3289696 0.2888941 0.3744520 0.2170910 0.4419701 0.2965295 0.3608864 0.2443854 0.2175343 0.2102793 0.1249134 0.2138553 0.1870308 0.3191293 0.2068817 0.2252738 0.1898218 0.2080012 0.0222932 0.2216515 0.1992479 0.1863395 0.1456269 0.2075597 0.4122808 0.2477717 0.0905167 0.3946185 0.3156918 0.2669541 0.1629017 0.3999147 0.3497900 0.0000000 0.3220429 0.2074855 0.2017331 0.1888829 0.3121315 0.2138239 0.3333851 0.3335394 0.2436708 0.1939141 0.2281334 0.2689999 0.2144931 0.2039583 0.1878491 0.2365052 0.1831398 0.1662811 0.1258015 0.1523758 0.1819572 0.1850470 0.3804793 0.0891003 0.3292145 0.0880950 0.2607348 0.3936396 0.2364587 0.2833358 0.1731702 0.2188866 0.3464894 0.1834766 0.2092977 0.1471850 0.0852026 0.3596853 0.3522712 0.2165501 0.2005590 0.1701921 0.1889761 0.3289660 0.2293911 0.2065020 
Perityle_gamon_221                         0.3926724 0.1876710 0.3054237 0.3906833 0.3344444 0.2978032 0.3881439 0.2092909 0.4920809 0.3162420 0.3507518 0.3076391 0.3679739 0.3276270 0.1725683 0.3361075 0.2579564 0.3146990 0.1493919 0.3450670 0.3666672 0.3013327 0.1031385 0.3576835 0.3641225 0.3303612 0.2256452 0.3512328 0.3072675 0.2467762 0.0808548 0.3940227 0.2976664 0.2949225 0.2007577 0.4014041 0.3405076 0.3220429 0.0000000 0.3292578 0.2682777 0.3400311 0.3217495 0.3296064 0.3786447 0.1639321 0.3636685 0.3468339 0.3167864 0.2180937 0.3335028 0.3013284 0.3574118 0.3581406 0.2746995 0.1257506 0.1809086 0.2110700 0.3305842 0.3379568 0.3524216 0.1115521 0.3333443 0.1440234 0.3459602 0.3193896 0.3707385 0.2557090 0.3138172 0.3544959 0.3966002 0.3416706 0.3075153 0.2575597 0.1497377 0.3646397 0.2714834 0.3086857 0.3604641 0.1487868 0.3448216 0.3798973 0.1919909 0.2354577 
Perityle_gentryi_8_san_francisco           0.3522144 0.1966461 0.2664355 0.3001142 0.1675242 0.1335989 0.2667006 0.2169195 0.4369716 0.1589176 0.1797592 0.2531950 0.2247358 0.2177145 0.1162749 0.0320961 0.1738079 0.2845077 0.2462018 0.2416006 0.2070975 0.2235694 0.0585976 0.2155188 0.2183319 0.2038024 0.1459506 0.1879607 0.3736522 0.1120464 0.1028927 0.2126177 0.1708329 0.1146763 0.1411622 0.2261393 0.2978039 0.2074855 0.3292578 0.0000000 0.1864763 0.2064596 0.2822970 0.2269002 0.2775237 0.2589758 0.2378963 0.2106943 0.2273372 0.2942588 0.2266264 0.2138117 0.2112323 0.2192814 0.1930207 0.1662812 0.1447060 0.1423336 0.1950574 0.2016295 0.3466780 0.0968038 0.2531282 0.0828625 0.2456745 0.3525128 0.2177950 0.3222312 0.1998132 0.2198775 0.1703824 0.2037192 0.2054462 0.1517987 0.0772110 0.2557011 0.2812001 0.2076628 0.2110547 0.1814306 0.2084251 0.1709140 0.2261649 0.2149927 
Perityle_gilensis_22_Superstition          0.3036073 0.1956338 0.3038467 0.3511667 0.2826296 0.2458110 0.3097505 0.1865909 0.4197358 0.2430022 0.3073574 0.0971948 0.0464665 0.0523829 0.0309688 0.1742445 0.0399467 0.1409015 0.1872644 0.0514257 0.0452200 0.0539915 0.0398959 0.0131662 0.0553608 0.0517109 0.0506707 0.1752136 0.3797496 0.2123710 0.0832338 0.3415264 0.2882710 0.2154024 0.0317310 0.3315179 0.3081215 0.2017331 0.2682777 0.1864763 0.0000000 0.0389735 0.2690469 0.0429449 0.2742079 0.3539100 0.1250820 0.0556094 0.0498455 0.2388635 0.0408857 0.0907621 0.0509081 0.0738987 0.0463079 0.1559028 0.1129958 0.0509893 0.0539886 0.0474694 0.3509102 0.0919423 0.2408549 0.0433008 0.1236571 0.3630337 0.0697706 0.2708839 0.0495320 0.0179280 0.2790768 0.0539514 0.0802738 0.0420031 0.0419713 0.3376429 0.3029502 0.0753750 0.0537605 0.1809154 0.0548434 0.2632796 0.1571020 0.1437788 
Perityle_gilensis_salensis_225             0.3581653 0.1792632 0.3218122 0.3872248 0.3119157 0.2561229 0.3757435 0.1776524 0.4315209 0.3287901 0.3908547 0.0791011 0.1199400 0.0463744 0.0177460 0.2129008 0.0418786 0.1911079 0.1891805 0.0563449 0.0797254 0.0452934 0.0353673 0.0416856 0.1216684 0.0436811 0.0505504 0.2220641 0.3320188 0.2008757 0.0765853 0.4274581 0.2805092 0.2902655 0.0209836 0.3735655 0.3341709 0.1888829 0.3400311 0.2064596 0.0389735 0.0000000 0.2935315 0.0397012 0.3472041 0.3508387 0.0684919 0.0457932 0.0460209 0.2303858 0.0373943 0.0742227 0.0435552 0.0704343 0.0513652 0.1459291 0.1075693 0.0486006 0.0487674 0.0407287 0.3661525 0.0760720 0.2679685 0.0272345 0.0769563 0.3608025 0.0738634 0.2593196 0.0516794 0.0416723 0.3526733 0.0513791 0.0486413 0.0426573 0.0409275 0.3711091 0.3341774 0.0541298 0.0573482 0.1661449 0.0497237 0.3692111 0.1503241 0.1399777 
Perityle_glaucescens_94                    0.2567600 0.1301158 0.2936155 0.2691471 0.2203113 0.2425332 0.2461388 0.1994924 0.3936854 0.2078002 0.2247597 0.2995499 0.3115709 0.2969507 0.1704401 0.2748944 0.2617857 0.3200574 0.2995631 0.3056620 0.2986787 0.2888170 0.1016261 0.2987835 0.2870300 0.2886522 0.2222244 0.3097191 0.3709325 0.2355293 0.1018151 0.2241818 0.2527746 0.2061325 0.2041565 0.2372884 0.0243803 0.3121315 0.3217495 0.2822970 0.2690469 0.2935315 0.0000000 0.2850202 0.0190068 0.2797244 0.2971854 0.2910087 0.2948757 0.0279374 0.2957777 0.2648932 0.2850838 0.3025438 0.2881224 0.1356448 0.2412726 0.2201614 0.2747335 0.2782637 0.3409142 0.1062891 0.2620242 0.1533229 0.2832509 0.3546606 0.3019115 0.1858179 0.2853697 0.3048235 0.2391555 0.2805178 0.2884704 0.2347087 0.1462217 0.1891580 0.3180026 0.2866662 0.2977900 0.2261692 0.2784571 0.2387114 0.1884179 0.1807570 
Perityle_gracilis_11                       0.3401260 0.1768415 0.2954534 0.3438771 0.2976819 0.2528457 0.3368337 0.1492466 0.3416620 0.3211491 0.3710188 0.0499986 0.1510726 0.0230046 0.0234754 0.2354110 0.0403783 0.1850892 0.1952018 0.0530388 0.0925444 0.0184426 0.0355168 0.0466845 0.1145203 0.0177328 0.0391825 0.2581993 0.2255176 0.1990643 0.0765988 0.3620487 0.2360253 0.2953414 0.0194036 0.2908145 0.3032143 0.2138239 0.3296064 0.2269002 0.0429449 0.0397012 0.2850202 0.0000000 0.3389130 0.3262949 0.0601872 0.0166805 0.0405763 0.1922384 0.0433692 0.0487785 0.0195382 0.0655501 0.0388672 0.0986469 0.1201602 0.0536311 0.0190226 0.0145682 0.2772151 0.0812467 0.2299095 0.0312856 0.0454254 0.2484721 0.0675861 0.2134945 0.0511914 0.0421131 0.3198379 0.0254902 0.0162472 0.0375176 0.0403277 0.3508089 0.3089802 0.0459344 0.0521594 0.1616672 0.0210224 0.3521593 0.0816763 0.0698763 
Perityle_harkerae_31                       0.3001071 0.1328813 0.2920420 0.2579314 0.2064601 0.2384417 0.2389378 0.1948169 0.4356421 0.2083523 0.2127140 0.3131136 0.3880113 0.3412683 0.1780434 0.2610382 0.2708473 0.3429228 0.3085127 0.3331861 0.3282005 0.3157238 0.1015347 0.3560457 0.3531130 0.3449614 0.2247214 0.2914212 0.3840166 0.2395894 0.1050361 0.2127575 0.2574178 0.2085684 0.2022371 0.2342618 0.0299084 0.3333851 0.3786447 0.2775237 0.2742079 0.3472041 0.0190068 0.3389130 0.0000000 0.2543606 0.3652015 0.3471932 0.3266934 0.0244768 0.3582689 0.2996400 0.3417988 0.3513701 0.2926188 0.1437471 0.2454104 0.2205763 0.3346041 0.3360537 0.3571196 0.1134377 0.2602586 0.1535141 0.3418454 0.3685222 0.3581535 0.1932214 0.3419260 0.3616263 0.2387488 0.3388076 0.3178136 0.2457780 0.1712511 0.1915908 0.2995703 0.3078529 0.3559738 0.2454666 0.3361859 0.2468571 0.1903791 0.1873530 
