84
Amauria_brandeegeana_62                    0.0000000 0.2722146 0.5240317 0.5304286 0.4863678 0.4159193 0.3214167 0.4864641 0.4262642 0.4962648 0.5079364 0.4976390 0.1919725 0.1610765 0.4906578 0.4366257 0.0682370 0.4271539 0.1877967 0.1771552 0.4553442 0.2787241 0.3791487 0.1916392 0.4568905 0.2946593 0.4862651 0.4269068 0.4192379 0.0936612 0.1908376 0.2170197 0.4124395 0.4370493 0.5899011 0.5056475 0.3896152 0.5854586 0.4972345 0.1856192 0.2283666 0.4821976 0.1386881 0.5592529 0.5933059 0.1645675 0.1601977 0.5058304 0.4867852 0.1511913 0.2213722 0.4613503 0.2941674 0.4437504 0.2710273 0.1864181 0.4468685 0.1595443 0.3877946 0.3247059 0.4917398 0.1756487 0.5163004 0.4397324 0.2484348 0.4850370 0.1921848 0.2027690 0.4464775 0.4387181 0.5263155 0.4468196 0.4449395 0.1683760 0.3179325 0.5451883 0.5037246 0.1698727 0.1840495 0.2052384 0.5028478 0.5885076 0.3191950 0.2341694 
Amauria_carterae_99_mesa                   0.2722146 0.0000000 0.1448339 0.2725710 0.1305177 0.2255184 0.1690776 0.3427687 0.2184772 0.1503125 0.1225779 0.1181408 0.3131819 0.2953611 0.1447176 0.1146367 0.1162606 0.1608019 0.2973164 0.2950982 0.1309284 0.3417593 0.1220363 0.3005002 0.1177629 0.4045287 0.1418491 0.1613410 0.2095955 0.1647526 0.2627449 0.3269805 0.2475815 0.1179306 0.1999078 0.2316086 0.1052640 0.2292306 0.1563483 0.2947644 0.0915415 0.1376742 0.2961855 0.1387370 0.2432758 0.3079667 0.3018060 0.1311757 0.1537685 0.2954775 0.2888090 0.2506426 0.3992101 0.1135670 0.4202800 0.3395779 0.1181408 0.3004807 0.4340624 0.3746008 0.2048004 0.4003791 0.1350236 0.1351626 0.3865203 0.1600443 0.3296628 0.0965819 0.1267778 0.1135870 0.1544245 0.1175124 0.1182734 0.3027022 0.1077622 0.2751289 0.1608537 0.2962292 0.3383748 0.3341198 0.1266832 0.1999078 0.2574529 0.3726344 
Amauria_rotundifolia_SRR9119150            0.5240317 0.1448339 0.0000000 0.5652337 0.4344592 0.4794515 0.1714147 0.5562977 0.2479393 0.4739334 0.4267080 0.3527199 0.7238886 0.5159719 0.3316867 0.2488343 0.1608388 0.2545340 0.5318675 0.5710546 0.2748918 0.4001307 0.1843236 0.6705492 0.3833126 0.7694302 0.3836222 0.3749428 0.2853075 0.3234713 0.7863002 0.7725916 0.2773361 0.3178684 0.5901877 0.4865276 0.1919301 0.3925443 0.2772561 0.6680517 0.0820188 0.3910163 0.5449802 0.4550805 0.5444252 0.6185985 0.6799431 0.4350079 0.3939603 0.6800566 0.6611883 0.5001120 0.7332441 0.3035232 0.5268582 0.5589373 0.2654320 0.7021499 0.6785739 0.4463715 0.2928982 0.4636451 0.4005270 0.4060104 0.7832967 0.2877833 0.7546170 0.1135882 0.2658736 0.2573007 0.3753318 0.2705876 0.2665255 0.6254416 0.1205564 0.4540361 0.4778699 0.7110417 0.6393972 0.4442332 0.4736401 0.5235590 0.5013048 0.5478872 
Conoclinium_coelestinum_SRR9119114         0.5304286 0.2725710 0.5652337 0.0000000 0.5587032 0.2002880 0.3047583 0.5124676 0.3748795 0.5889282 0.6086166 0.6060419 0.5877029 0.4567167 0.5308080 0.4734674 0.1445546 0.4398100 0.5182519 0.5332318 0.4201107 0.3918275 0.3732300 0.5803645 0.5496073 0.7260452 0.5140776 0.4833941 0.3980348 0.3191261 0.6602789 0.7264823 0.4273992 0.5032791 0.6861938 0.6067805 0.3840674 0.5582577 0.5006063 0.6303245 0.2466367 0.4909429 0.4786204 0.5606779 0.6521609 0.6205405 0.5898508 0.6052446 0.5238731 0.6079964 0.5892819 0.5977281 0.7049530 0.5039466 0.5599660 0.5531106 0.4422328 0.5914719 0.6336192 0.4699688 0.4815467 0.4167232 0.6130324 0.5084462 0.6840114 0.5085819 0.6336235 0.2517496 0.4803423 0.4488665 0.4962612 0.4485133 0.4500877 0.5630340 0.3251408 0.5486980 0.5526323 0.6094979 0.5828644 0.4554136 0.6024701 0.6658767 0.4699228 0.4941125 
Eutetras_palmeri_63                        0.4863678 0.1305177 0.4344592 0.5587032 0.0000000 0.4518179 0.2063784 0.5548009 0.2738894 0.4054971 0.4301484 0.3990428 0.5961554 0.4704980 0.3818846 0.2977461 0.1243648 0.2866347 0.4782445 0.5359301 0.2838053 0.3520236 0.2370228 0.5330799 0.3825090 0.6707092 0.3809551 0.3691869 0.3255583 0.3068133 0.6663561 0.7093738 0.3088403 0.3165140 0.5918792 0.4546130 0.2288486 0.4246812 0.3237201 0.5997809 0.1544300 0.4314607 0.4687870 0.5018954 0.5270886 0.5751471 0.5954466 0.4265231 0.4574781 0.5776958 0.5622630 0.4696147 0.6559171 0.3331206 0.5152837 0.5239609 0.2958083 0.5950217 0.6029189 0.3982711 0.3530027 0.4515131 0.3958277 0.4120322 0.6491446 0.3335111 0.6871655 0.1727927 0.3214968 0.3024740 0.3951046 0.2717593 0.3036550 0.5612097 0.1830989 0.5189433 0.4822940 0.5844711 0.5681948 0.4371178 0.4060683 0.5458369 0.5101634 0.5168423 
Eutrochium_fistulosum_SRR9119106           0.4159193 0.2255184 0.4794515 0.2002880 0.4518179 0.0000000 0.2588813 0.4578065 0.3169701 0.5018463 0.4809060 0.5606841 0.4629667 0.4421588 0.4450013 0.3942902 0.1177991 0.3501462 0.4195181 0.4495204 0.3405178 0.3474921 0.3212568 0.4461879 0.4627718 0.6162113 0.4493369 0.3942633 0.3553869 0.2523748 0.4868321 0.5187043 0.3463951 0.4062599 0.6003554 0.5236263 0.3202968 0.5139428 0.4053930 0.4946777 0.2025143 0.4326196 0.4095576 0.5397087 0.5571529 0.4449017 0.4711156 0.5265124 0.4583961 0.4645702 0.5051609 0.5121949 0.5518417 0.4155903 0.4922639 0.4927416 0.3860304 0.4797915 0.5156263 0.4150021 0.4262474 0.3779910 0.4627139 0.4255577 0.5355969 0.4341272 0.5065651 0.2125618 0.3987179 0.3820743 0.4431002 0.3507444 0.3706011 0.4829741 0.2450691 0.4957550 0.4874095 0.5022382 0.4171564 0.3969602 0.4969668 0.5704552 0.3963727 0.4505676 
Galeana_pratensis_104_mex                  0.3214167 0.1690776 0.1714147 0.3047583 0.2063784 0.2588813 0.0000000 0.3726527 0.2433748 0.1776277 0.2060424 0.3264549 0.3468992 0.3233859 0.2326703 0.1802509 0.1638188 0.2332573 0.3257575 0.3440230 0.2015574 0.3356310 0.1966799 0.3173881 0.1990517 0.4062581 0.2180559 0.2056608 0.2469220 0.2337496 0.3274835 0.3512895 0.2433748 0.1982601 0.2356643 0.1759001 0.1895733 0.2571395 0.2307927 0.3287198 0.1771222 0.1950213 0.3199227 0.1926095 0.2469316 0.3340899 0.3300757 0.2260561 0.2191715 0.3284309 0.3128750 0.2344022 0.3945964 0.2097568 0.3977848 0.3809322 0.2016845 0.3364600 0.3978367 0.4498611 0.2641518 0.3831074 0.2095844 0.2102970 0.3995239 0.2738881 0.3675369 0.1726581 0.1825103 0.1990253 0.2097298 0.2013849 0.2019569 0.3425865 0.1987086 0.2499416 0.2350920 0.3462568 0.3322806 0.3718574 0.2255610 0.2356643 0.2949941 0.4026420 
Helianthus_annuus_SRR9119062               0.4864641 0.3427687 0.5562977 0.5124676 0.5548009 0.4578065 0.3726527 0.0000000 0.4251955 0.5885981 0.5788184 0.6309358 0.5356549 0.4696249 0.5286479 0.5107948 0.1865247 0.4832767 0.4972452 0.5408252 0.4773054 0.4408706 0.4569750 0.5249241 0.5759112 0.6314362 0.5454746 0.5183168 0.4372991 0.2605434 0.6407464 0.6430870 0.4542669 0.5438559 0.6234255 0.5412603 0.4359830 0.5554674 0.5242907 0.5215542 0.2932686 0.5224385 0.4665882 0.5574430 0.6248225 0.5370689 0.5145622 0.6160968 0.5031353 0.5400812 0.5417972 0.6099810 0.6284369 0.5548266 0.4440515 0.5138341 0.4943762 0.5255125 0.5552622 0.4755697 0.5134275 0.3711401 0.5979454 0.5011931 0.5562504 0.4894036 0.5835111 0.2809824 0.5240822 0.4912385 0.5032117 0.4913181 0.4973249 0.5394530 0.3834316 0.5277375 0.5590530 0.5675074 0.5638608 0.3631609 0.6350006 0.6091379 0.4982112 0.4377925 
Lycapsus_tenuifolius_17                    0.4262642 0.2184772 0.2479393 0.3748795 0.2738894 0.3169701 0.2433748 0.4251955 0.0000000 0.2631298 0.2242926 0.3601484 0.4317840 0.3610315 0.2156451 0.2146468 0.1383187 0.1943637 0.4144132 0.4312505 0.2343110 0.3945761 0.2396096 0.4085505 0.2335752 0.4631725 0.2383647 0.2478348 0.1044745 0.3189433 0.4542898 0.4596843 0.0018706 0.2044474 0.1950198 0.2340163 0.1878893 0.3042498 0.2450629 0.4271625 0.1403308 0.2272832 0.4220053 0.2583055 0.2810196 0.4274371 0.4163537 0.2295042 0.2513144 0.4235761 0.4198661 0.2329015 0.4676935 0.2183934 0.5027039 0.4593125 0.1931064 0.4234030 0.5123659 0.4231894 0.3025460 0.3856768 0.2329753 0.2560396 0.4761468 0.2520170 0.4790950 0.1565025 0.2073494 0.2049297 0.2022722 0.2343465 0.2161159 0.3747150 0.2266075 0.2530609 0.2961750 0.4457441 0.4455479 0.4306616 0.2578132 0.1955505 0.2704084 0.4128759 
Pericome_caudata_50_silver                 0.4962648 0.1503125 0.4739334 0.5889282 0.4054971 0.5018463 0.1776277 0.5885981 0.2631298 0.0000000 0.3875994 0.3687271 0.5515350 0.4871495 0.3473218 0.2696381 0.1527096 0.2462321 0.4929838 0.5820548 0.2570164 0.3681538 0.1834306 0.5648583 0.3809721 0.7386293 0.4386543 0.4247042 0.2972340 0.2704191 0.7146911 0.7123854 0.2814462 0.3292915 0.5686424 0.4815592 0.1820264 0.4192028 0.3086449 0.7104164 0.1124262 0.4110984 0.5326110 0.4839872 0.5758946 0.5707838 0.6280121 0.4386956 0.4323325 0.5473495 0.6334526 0.4624847 0.6522267 0.3142409 0.5239320 0.5442732 0.2626748 0.6729197 0.6453863 0.4319534 0.3146458 0.4157525 0.3868784 0.4167490 0.6706098 0.2905394 0.7075384 0.1398736 0.2993051 0.2561223 0.3839417 0.2427029 0.2519970 0.5474697 0.1361220 0.4187359 0.5193189 0.6548485 0.5824241 0.4250206 0.5542838 0.4926191 0.4603814 0.4563001 
Perityle_aglossa_84_dead_horse             0.5079364 0.1225779 0.4267080 0.6086166 0.4301484 0.4809060 0.2060424 0.5788184 0.2242926 0.3875994 0.0000000 0.2803332 0.6120880 0.4957343 0.2439410 0.1780461 0.1878774 0.2210842 0.3773989 0.5347804 0.1280367 0.4200590 0.1092378 0.5611179 0.2200683 0.7002580 0.2670852 0.2613926 0.2476792 0.3184238 0.7596026 0.7470648 0.2538458 0.1565129 0.4896190 0.3351670 0.1173865 0.3041432 0.2206755 0.5873649 0.0400360 0.2716046 0.5174621 0.3503245 0.4467323 0.5961928 0.6575654 0.3169580 0.3384929 0.6023497 0.6262967 0.2837000 0.6372308 0.2014653 0.5340461 0.5443481 0.1553145 0.6674104 0.6332018 0.4804113 0.3210521 0.4656579 0.0592927 0.3464530 0.7276769 0.2594599 0.6866768 0.0552798 0.2239600 0.1623542 0.3143111 0.1079319 0.1459018 0.5440482 0.0551837 0.3924312 0.3387624 0.6670100 0.5700681 0.4083823 0.3321790 0.4407220 0.4637073 0.5276988 
Perityle_ajoensis_204                      0.4976390 0.1181408 0.3527199 0.6060419 0.3990428 0.5606841 0.3264549 0.6309358 0.3601484 0.3687271 0.2803332 0.0000000 0.5085140 0.4566941 0.2814240 0.1355428 0.1798927 0.2730681 0.4841213 0.4929096 0.2451842 0.4220156 0.0593205 0.4874198 0.1428368 0.6852594 0.1948712 0.3021487 0.4057932 0.3057812 0.5168754 0.6068610 0.3922740 0.1243488 0.5044836 0.4133364 0.1246252 0.4660686 0.2190194 0.5038997 0.1474552 0.3883770 0.4600187 0.3976441 0.4861870 0.5277653 0.4716588 0.0563909 0.3907610 0.4707538 0.4888680 0.3763598 0.6730006 0.1342377 0.5569086 0.5457268 0.1236699 0.4686315 0.6554070 0.4834234 0.2818282 0.5379613 0.2898472 0.2802452 0.6949225 0.2845253 0.5950184 0.0778552 0.1350193 0.1190304 0.3922141 0.1287392 0.1301657 0.4634988 0.1376857 0.4525683 0.2988689 0.4659933 0.5559199 0.4524667 0.0521317 0.5044902 0.4479290 0.5138943 
Perityle_ambrosiifolia_67_green            0.1919725 0.3131819 0.7238886 0.5877029 0.5961554 0.4629667 0.3468992 0.5356549 0.4317840 0.5515350 0.6120880 0.5085140 0.0000000 0.0767749 0.5275980 0.4369396 0.1139680 0.4422185 0.1301768 0.1687754 0.4651254 0.2196868 0.4116731 0.2497882 0.5615955 0.3885928 0.5596579 0.5421210 0.4109048 0.1347935 0.4684317 0.3903575 0.4272048 0.4696421 0.6777499 0.5456464 0.4037876 0.5483389 0.4650235 0.3077286 0.2659619 0.5454187 0.1389313 0.7070319 0.6216162 0.1747084 0.2672286 0.6399385 0.6174736 0.1959676 0.2985336 0.5718616 0.3195272 0.5106975 0.2636634 0.1856448 0.4735936 0.2624428 0.3933794 0.3027653 0.5236785 0.1743930 0.6069478 0.5708631 0.3026769 0.5264413 0.3403112 0.2350647 0.4717196 0.4686825 0.5738132 0.4186665 0.4751515 0.1463644 0.3618457 0.6057785 0.6448154 0.3164478 0.2031752 0.1953363 0.7125465 0.5768744 0.3272689 0.2054225 
Perityle_angustifolia_13_Eagle_creek       0.1610765 0.2953611 0.5159719 0.4567167 0.4704980 0.4421588 0.3233859 0.4696249 0.3610315 0.4871495 0.4957343 0.4566941 0.0767749 0.0000000 0.4944949 0.4119451 0.1277716 0.4356449 0.1252946 0.0851651 0.4492526 0.2275154 0.3750454 0.1177837 0.4107624 0.3450688 0.4643487 0.3903439 0.3931094 0.1036234 0.2283557 0.2421325 0.3930695 0.4071966 0.4765267 0.5301027 0.3707259 0.5755424 0.4916726 0.1115677 0.2601363 0.5227486 0.0369350 0.5786769 0.5639705 0.0989896 0.0275000 0.4682193 0.5428557 0.0387364 0.1398060 0.4758883 0.3381729 0.4228260 0.2619395 0.1619555 0.4202869 0.0346653 0.4161956 0.2704306 0.4810959 0.1745753 0.5331776 0.3772738 0.2620671 0.4655555 0.1650892 0.2287796 0.4080832 0.4143813 0.5058315 0.4248224 0.4250175 0.0322649 0.3520085 0.5288344 0.4774384 0.0363948 0.1571078 0.1374636 0.4530205 0.4765267 0.3199895 0.1956403 
Perityle_batopilensis_97                   0.4906578 0.1447176 0.3316867 0.5308080 0.3818846 0.4450013 0.2326703 0.5286479 0.2156451 0.3473218 0.2439410 0.2814240 0.5275980 0.4944949 0.0000000 0.1801862 0.2046501 0.2056640 0.4892755 0.4988672 0.1922304 0.4519795 0.1039448 0.5350373 0.1974205 0.6422424 0.2211950 0.2105881 0.2502723 0.3369509 0.5930788 0.6444204 0.2451008 0.1825668 0.4074449 0.3777591 0.0962673 0.3319190 0.1776936 0.5245730 0.1302079 0.3062846 0.4921725 0.2988342 0.3653505 0.5289081 0.5010526 0.2113765 0.3402640 0.5069222 0.5044507 0.3176166 0.6661599 0.1923726 0.5342651 0.5416798 0.1676632 0.5135602 0.5952728 0.4793033 0.2704528 0.4677223 0.2651855 0.2226001 0.6348669 0.2343049 0.5954658 0.1533440 0.1868536 0.1610372 0.3292881 0.1442561 0.1659584 0.4866753 0.1147622 0.3517722 0.2823820 0.5169122 0.5844919 0.4212435 0.1964386 0.3962198 0.5066853 0.4941406 
Perityle_bisetosa_9                        0.4366257 0.1146367 0.2488343 0.4734674 0.2977461 0.3942902 0.1802509 0.5107948 0.2146468 0.2696381 0.1780461 0.1355428 0.4369396 0.4119451 0.1801862 0.0000000 0.1576149 0.1324554 0.3812991 0.4385575 0.1295766 0.4116941 0.0466948 0.4067284 0.0948516 0.5617482 0.1548661 0.1643279 0.2298133 0.2998748 0.5309972 0.5816426 0.2125939 0.0827368 0.4716202 0.2907652 0.0233126 0.2781404 0.1141019 0.4273227 0.0438244 0.2413374 0.4521446 0.2795755 0.3009970 0.4385228 0.4038334 0.0690246 0.2443513 0.4433662 0.4374100 0.2270620 0.5132731 0.0762474 0.4912107 0.4795384 0.0563103 0.4138343 0.5674433 0.4454155 0.1931047 0.4344647 0.1836846 0.1914187 0.4912436 0.1756987 0.5320542 0.0509256 0.0451683 0.0378392 0.3140428 0.0797497 0.0651506 0.4364985 0.0473561 0.3160830 0.2245645 0.4728025 0.4392553 0.3893679 0.1424464 0.4774794 0.4175514 0.4252099 
Perityle_californica_76_positas            0.0682370 0.1162606 0.1608388 0.1445546 0.1243648 0.1177991 0.1638188 0.1865247 0.1383187 0.1527096 0.1878774 0.1798927 0.1139680 0.1277716 0.2046501 0.1576149 0.0000000 0.1583238 0.1013064 0.1277716 0.1870546 0.1283400 0.1875783 0.1210855 0.1728679 0.1209265 0.1954930 0.1561546 0.1454317 0.0406701 0.0177995 0.0802215 0.1383187 0.1650657 0.1389836 0.1736017 0.1796764 0.2126713 0.2134787 0.1218194 0.1611709 0.1658891 0.1011702 0.1587712 0.2279533 0.1222829 0.1147895 0.1875144 0.1860895 0.1011702 0.0944156 0.1721720 0.1073467 0.1651364 0.1713666 0.1004708 0.1798927 0.1079026 0.1706590 0.2579449 0.2176029 0.1101418 0.1881473 0.1488380 0.1139033 0.1889310 0.1361214 0.1520388 0.1802776 0.1875783 0.1381349 0.1873333 0.1798927 0.1288171 0.1794357 0.1806781 0.1893178 0.1351743 0.1152434 0.1642456 0.1875144 0.1389836 0.0177732 0.1736125 
Perityle_canescens_77                      0.4271539 0.1608019 0.2545340 0.4398100 0.2866347 0.3501462 0.2332573 0.4832767 0.1943637 0.2462321 0.2210842 0.2730681 0.4422185 0.4356449 0.2056640 0.1324554 0.1583238 0.0000000 0.4415237 0.4091326 0.1667972 0.3982144 0.1513180 0.4162173 0.1536855 0.5449747 0.1816587 0.1550085 0.2483848 0.2219646 0.4844304 0.5156967 0.2255082 0.1444928 0.3163419 0.3051841 0.1198210 0.2861081 0.1742900 0.4310025 0.0951532 0.2536638 0.4049660 0.2716404 0.2912454 0.4395800 0.4220166 0.1808771 0.2388065 0.4244562 0.4198615 0.2772764 0.5490087 0.1554253 0.4759678 0.4771648 0.1394955 0.4275628 0.5766490 0.4357411 0.2230246 0.4107612 0.2226407 0.1550211 0.5245772 0.1851420 0.5167272 0.1246636 0.1406599 0.1466938 0.2583859 0.1405258 0.1444583 0.4215926 0.1268361 0.3099234 0.1772472 0.4321809 0.4744641 0.3670643 0.1748182 0.3159381 0.5000549 0.4419384 
Perityle_castillonii_96                    0.1877967 0.2973164 0.5318675 0.5182519 0.4782445 0.4195181 0.3257575 0.4972452 0.4144132 0.4929838 0.3773989 0.4841213 0.1301768 0.1252946 0.4892755 0.3812991 0.1013064 0.4415237 0.0000000 0.1326657 0.4392635 0.2139539 0.3922089 0.1096227 0.3386877 0.2935710 0.4038418 0.3534914 0.4100492 0.1185992 0.3122703 0.2915846 0.4114552 0.3259370 0.5727928 0.4900338 0.3913019 0.4950422 0.4343890 0.1927626 0.2542032 0.4424326 0.1563245 0.6224768 0.5051786 0.1459828 0.1569355 0.4763842 0.5352557 0.1328119 0.0822534 0.4120494 0.2581390 0.4192854 0.2345530 0.1633395 0.4346908 0.1528063 0.3761319 0.2845955 0.5068517 0.1516571 0.4052051 0.4333086 0.2532839 0.5280218 0.2230672 0.2227798 0.4367758 0.4297422 0.5420137 0.3732118 0.4265452 0.1458616 0.3430394 0.5360627 0.4297249 0.1847992 0.1819242 0.1755525 0.5381209 0.5781382 0.3259246 0.2008954 
Perityle_cernua_84                         0.1771552 0.2950982 0.5710546 0.5332318 0.5359301 0.4495204 0.3440230 0.5408252 0.4312505 0.5820548 0.5347804 0.4929096 0.1687754 0.0851651 0.4988672 0.4385575 0.1277716 0.4091326 0.1326657 0.0000000 0.4615566 0.2231439 0.3881636 0.1989878 0.4632968 0.3540804 0.5283187 0.5227075 0.4111146 0.1178213 0.2881055 0.2844280 0.4243694 0.4557721 0.6441941 0.5614138 0.3895197 0.6022386 0.4939393 0.2071683 0.2698286 0.5564836 0.0836115 0.6363984 0.6510299 0.1546873 0.1480830 0.5118054 0.5538952 0.1585821 0.1861079 0.5641002 0.3543108 0.4693013 0.2714242 0.1805832 0.4300241 0.1567790 0.4003025 0.2750645 0.4814523 0.1828328 0.5684531 0.5245801 0.2893362 0.4829418 0.2596343 0.2381733 0.4667346 0.4425484 0.5880187 0.4458112 0.4307275 0.1585512 0.3518370 0.5477098 0.5667330 0.1598898 0.2438311 0.1940433 0.5313545 0.6057844 0.3164948 0.1987218 
Perityle_cfvillosa_25_tin                  0.4553442 0.1309284 0.2748918 0.4201107 0.2838053 0.3405178 0.2015574 0.4773054 0.2343110 0.2570164 0.1280367 0.2451842 0.4651254 0.4492526 0.1922304 0.1295766 0.1870546 0.1667972 0.4392635 0.4615566 0.0000000 0.4185772 0.1264407 0.4286673 0.1303779 0.5646743 0.1424148 0.1732418 0.2464743 0.3289413 0.4713032 0.4958997 0.2561038 0.1159187 0.4147470 0.2556003 0.1425995 0.2919922 0.1870061 0.4481374 0.0178533 0.2251240 0.4440250 0.2089151 0.2382264 0.4448466 0.4396918 0.1286463 0.2535602 0.4502614 0.4278527 0.1783504 0.5671002 0.1310544 0.5611142 0.5153899 0.0977929 0.4403352 0.5622350 0.4684320 0.3072158 0.4540388 0.1444685 0.1909454 0.5355398 0.2537655 0.4988090 0.0553779 0.1483341 0.1373806 0.3438314 0.0795441 0.0904491 0.4440657 0.0310551 0.3024841 0.1818468 0.4483128 0.4899608 0.4263509 0.1008824 0.4189224 0.4092563 0.5198871 
Perityle_cinerea_113_Powell1310            0.2787241 0.3417593 0.4001307 0.3918275 0.3520236 0.3474921 0.3356310 0.4408706 0.3945761 0.3681538 0.4200590 0.4220156 0.2196868 0.2275154 0.4519795 0.4116941 0.1283400 0.3982144 0.2139539 0.2231439 0.4185772 0.0000000 0.4310631 0.2232734 0.3775748 0.3021802 0.4131403 0.4347925 0.4502186 0.0956254 0.3089628 0.3262925 0.4261367 0.4036391 0.3668602 0.4409952 0.4091866 0.4936838 0.4495045 0.2328851 0.2307488 0.3796758 0.2232986 0.3746194 0.4925016 0.2552215 0.2241964 0.4147378 0.4435967 0.2225240 0.2289882 0.4859500 0.3028873 0.4133463 0.3441114 0.2937996 0.4119087 0.2135279 0.4053051 0.2096689 0.5091202 0.2920065 0.4394844 0.3958237 0.3040669 0.4031067 0.2553647 0.2212348 0.4234107 0.4244867 0.4285592 0.4175060 0.4116827 0.2237965 0.3913789 0.4072855 0.4279439 0.2280980 0.2414776 0.2161718 0.4147378 0.3668602 0.2940972 0.3007151 
Perityle_coahuilensis_24                   0.3791487 0.1220363 0.1843236 0.3732300 0.2370228 0.3212568 0.1966799 0.4569750 0.2396096 0.1834306 0.1092378 0.0593205 0.4116731 0.3750454 0.1039448 0.0466948 0.1875783 0.1513180 0.3922089 0.3881636 0.1264407 0.4310631 0.0000000 0.3832708 0.0417938 0.5722038 0.0723808 0.1662115 0.2796170 0.2060192 0.3868498 0.4235895 0.2808844 0.0336371 0.2837339 0.2390741 0.0387405 0.2735632 0.1003681 0.3840809 0.0207924 0.1987590 0.3808799 0.1548482 0.2568340 0.4010440 0.3812727 0.0362328 0.2339361 0.3692849 0.3834948 0.2133411 0.5668167 0.0358736 0.4787778 0.4434209 0.0359974 0.3781938 0.5203734 0.4990894 0.2023600 0.4875681 0.1340810 0.1440243 0.5388962 0.1701476 0.4395091 0.0735010 0.0503424 0.0246538 0.2528488 0.0418012 0.0360525 0.3727387 0.0416692 0.2823580 0.1547533 0.3649825 0.4432994 0.3825552 0.0331140 0.2837339 0.3459259 0.4781593 
Perityle_cochisensis_44_cave_creek         0.1916392 0.3005002 0.6705492 0.5803645 0.5330799 0.4461879 0.3173881 0.5249241 0.4085505 0.5648583 0.5611179 0.4874198 0.2497882 0.1177837 0.5350373 0.4067284 0.1210855 0.4162173 0.1096227 0.1989878 0.4286673 0.2232734 0.3832708 0.0000000 0.5110947 0.4113166 0.5372478 0.4761738 0.3976382 0.1138591 0.3610963 0.3175597 0.4057983 0.4237810 0.6285636 0.5422648 0.3796215 0.5520414 0.4579680 0.2696082 0.2417037 0.5461529 0.1204166 0.6708378 0.6828000 0.2087528 0.2680726 0.5901161 0.5942501 0.2052862 0.2634333 0.5873387 0.3761439 0.4604209 0.2467729 0.1860472 0.4360519 0.2637001 0.3401488 0.2876378 0.5166555 0.1684422 0.5624097 0.5156608 0.3338053 0.5032834 0.3523128 0.2161390 0.4486970 0.4341961 0.5494143 0.4186281 0.4271890 0.1823638 0.3288802 0.5199581 0.6289957 0.3068874 0.2152398 0.1744651 0.5770803 0.5750210 0.3391432 0.2021267 
Perityle_congesta_202                      0.4568905 0.1177629 0.3833126 0.5496073 0.3825090 0.4627718 0.1990517 0.5759112 0.2335752 0.3809721 0.2200683 0.1428368 0.5615955 0.4107624 0.1974205 0.0948516 0.1728679 0.1536855 0.3386877 0.4632968 0.1303779 0.3775748 0.0417938 0.5110947 0.0000000 0.6339117 0.1842814 0.2181757 0.2362513 0.3194643 0.6922211 0.6735257 0.2335973 0.0558403 0.5089043 0.3432058 0.0547330 0.2820279 0.1326091 0.5294934 0.0709026 0.2867534 0.4663383 0.3649106 0.3638413 0.5139803 0.5491564 0.0788159 0.3326743 0.5216863 0.5648870 0.2941465 0.5889630 0.0517390 0.5114855 0.4941699 0.0674870 0.5525155 0.6212125 0.4589495 0.2180176 0.4402213 0.2070288 0.2819969 0.6208862 0.1852955 0.6519273 0.0689757 0.0893141 0.0728965 0.3242661 0.0503647 0.0723611 0.4636564 0.0665609 0.3748679 0.2760151 0.5678969 0.4983313 0.4127777 0.1349967 0.4683035 0.4300618 0.4466792 
Perityle_cordifolia_27                     0.2946593 0.4045287 0.7694302 0.7260452 0.6707092 0.6162113 0.4062581 0.6314362 0.4631725 0.7386293 0.7002580 0.6852594 0.3885928 0.3450688 0.6422424 0.5617482 0.1209265 0.5449747 0.2935710 0.3540804 0.5646743 0.3021802 0.5722038 0.4113166 0.6339117 0.0000000 0.6727695 0.5749123 0.5131434 0.1475017 0.4255563 0.4681243 0.4907629 0.5750344 0.7007565 0.7010109 0.5368994 0.6813208 0.6103490 0.3416722 0.2917283 0.6476153 0.2620993 0.7218537 0.7865200 0.3659434 0.3728000 0.7378355 0.6755393 0.3886062 0.4383535 0.6389188 0.0316629 0.5983405 0.2150638 0.2855813 0.5929236 0.3685205 0.3661924 0.2582033 0.6719090 0.0296740 0.6910961 0.6240457 0.2599746 0.6213057 0.3775775 0.2672170 0.6253706 0.5884993 0.6177643 0.5612815 0.5844861 0.3576520 0.4534305 0.6660880 0.7302795 0.3996832 0.3645724 0.1792982 0.6953696 0.6710194 0.4708737 0.2843518 
Perityle_cordifolia_68_tecolote            0.4862651 0.1418491 0.3836222 0.5140776 0.3809551 0.4493369 0.2180559 0.5454746 0.2383647 0.4386543 0.2670852 0.1948712 0.5596579 0.4643487 0.2211950 0.1548661 0.1954930 0.1816587 0.4038418 0.5283187 0.1424148 0.4131403 0.0723808 0.5372478 0.1842814 0.6727695 0.0000000 0.2856901 0.2545632 0.3301355 0.7816941 0.7148665 0.2340728 0.1322897 0.5259842 0.3740328 0.0865474 0.3152059 0.1614004 0.5830931 0.0821633 0.3106556 0.4780931 0.3841246 0.4159019 0.4879065 0.6312007 0.2559308 0.3377654 0.5443544 0.5593768 0.3228403 0.5903493 0.1560464 0.5283022 0.5134168 0.1104529 0.6590970 0.5948345 0.5221730 0.2469131 0.4734269 0.2533621 0.3298958 0.6368309 0.2055660 0.7049612 0.1057015 0.1686373 0.1234656 0.3097671 0.0758368 0.1102817 0.5221773 0.0889604 0.4032649 0.3530393 0.6045520 0.4883976 0.4471145 0.3336801 0.4600352 0.4782004 0.4822401 
Perityle_coronopifolia_28_patagonia        0.4269068 0.1613410 0.3749428 0.4833941 0.3691869 0.3942633 0.2056608 0.5183168 0.2478348 0.4247042 0.2613926 0.3021487 0.5421210 0.3903439 0.2105881 0.1643279 0.1561546 0.1550085 0.3534914 0.5227075 0.1732418 0.4347925 0.1662115 0.4761738 0.2181757 0.5749123 0.2856901 0.0000000 0.2508660 0.3353547 0.6776617 0.6376573 0.2554428 0.1728327 0.5406955 0.3346452 0.1362084 0.2331406 0.1710441 0.5462870 0.1247547 0.2759481 0.4380667 0.3886230 0.3884697 0.4869185 0.5639616 0.2872353 0.2750077 0.4510810 0.5185831 0.2943564 0.5217369 0.2031553 0.5257114 0.4543234 0.1675702 0.5760268 0.6265593 0.5039721 0.1742194 0.4169453 0.2319601 0.0673581 0.5759282 0.1782050 0.6618256 0.1479633 0.1877669 0.1602959 0.3167898 0.1249928 0.1470777 0.4537912 0.1696369 0.3291801 0.3349445 0.5714624 0.4703049 0.4399431 0.3482307 0.4564433 0.4061120 0.4716282 
Perityle_crassifolia_70_ventanas           0.4192379 0.2095955 0.2853075 0.3980348 0.3255583 0.3553869 0.2469220 0.4372991 0.1044745 0.2972340 0.2476792 0.4057932 0.4109048 0.3931094 0.2502723 0.2298133 0.1454317 0.2483848 0.4100492 0.4111146 0.2464743 0.4502186 0.2796170 0.3976382 0.2362513 0.5131434 0.2545632 0.2508660 0.0000000 0.3173289 0.4650148 0.4585057 0.1225437 0.2227121 0.2048009 0.2600262 0.2284288 0.3029224 0.2732919 0.4095399 0.1402970 0.2439294 0.4106105 0.2556290 0.2717811 0.4109229 0.4020705 0.2701513 0.2851827 0.4092598 0.3931674 0.2341615 0.5290850 0.2244702 0.5359929 0.4594934 0.2344902 0.4125365 0.5168801 0.3982323 0.3674138 0.4141606 0.2593788 0.2654344 0.4727692 0.2796994 0.4642850 0.1564592 0.2337590 0.2439487 0.2192703 0.2400101 0.2439167 0.4040583 0.2212410 0.2662089 0.2618384 0.4174829 0.4516874 0.3989317 0.2673572 0.2023142 0.4225835 0.4845840 
Perityle_crassifolia_74_playa_balandra     0.0936612 0.1647526 0.3234713 0.3191261 0.3068133 0.2523748 0.2337496 0.2605434 0.3189433 0.2704191 0.3184238 0.3057812 0.1347935 0.1036234 0.3369509 0.2998748 0.0406701 0.2219646 0.1185992 0.1178213 0.3289413 0.0956254 0.2060192 0.1138591 0.3194643 0.1475017 0.3301355 0.3353547 0.3173289 0.0000000 0.1401188 0.1149858 0.3189433 0.3197864 0.3517146 0.3426535 0.2790421 0.3315844 0.3152451 0.1392717 0.2294752 0.3367902 0.1142171 0.3436465 0.3422310 0.1255024 0.1183735 0.3342047 0.3212314 0.1306704 0.1142238 0.3111554 0.1345928 0.3007994 0.1730671 0.1558020 0.3171724 0.1195670 0.2015338 0.1266647 0.2767245 0.1511535 0.3283329 0.3259016 0.1384711 0.3013321 0.1320699 0.1909583 0.3162502 0.3231085 0.3084159 0.3286430 0.3098537 0.1310426 0.2253868 0.3154480 0.3465191 0.1346348 0.1271656 0.2079316 0.3458532 0.3463885 0.0433031 0.1673294 
Perityle_cuneata_34_cuneata_San_antonio    0.1908376 0.2627449 0.7863002 0.6602789 0.6663561 0.4868321 0.3274835 0.6407464 0.4542898 0.7146911 0.7596026 0.5168754 0.4684317 0.2283557 0.5930788 0.5309972 0.0177995 0.4844304 0.3122703 0.2881055 0.4713032 0.3089628 0.3868498 0.3610963 0.6922211 0.4255563 0.7816941 0.6776617 0.4650148 0.1401188 0.0000000 0.2312996 0.4439006 0.6071368 0.7394417 0.6210321 0.4577466 0.6556736 0.5602342 0.4893147 0.2291777 0.6801677 0.2481200 0.7948573 0.8686292 0.3261730 0.4609241 0.6436364 0.6338012 0.3209429 0.4525322 0.6885270 0.4487888 0.5452544 0.3125147 0.2493662 0.5223026 0.4585030 0.4901016 0.3148460 0.5231107 0.2029919 0.6601369 0.6788071 0.4633323 0.5435293 0.3619546 0.1906718 0.5458840 0.5291616 0.5613050 0.5423635 0.5107745 0.2729233 0.3422076 0.6778727 0.7987311 0.4054843 0.2976804 0.2430998 0.7528044 0.6233779 0.2690694 0.2753858 
Perityle_cuneata_4                         0.2170197 0.3269805 0.7725916 0.7264823 0.7093738 0.5187043 0.3512895 0.6430870 0.4596843 0.7123854 0.7470648 0.6068610 0.3903575 0.2421325 0.6444204 0.5816426 0.0802215 0.5156967 0.2915846 0.2844280 0.4958997 0.3262925 0.4235895 0.3175597 0.6735257 0.4681243 0.7148665 0.6376573 0.4585057 0.1149858 0.2312996 0.0000000 0.4462568 0.5956332 0.7816349 0.7133028 0.4765492 0.6706301 0.6089396 0.3753797 0.2346716 0.7018609 0.2448088 0.7820858 0.8534087 0.2921901 0.3782812 0.7248644 0.6997003 0.3372688 0.3864743 0.7481455 0.4620267 0.5854003 0.3389044 0.2473165 0.5684210 0.3762916 0.4789243 0.3460312 0.5469028 0.2231488 0.7122176 0.6295033 0.4228700 0.6028152 0.3126417 0.2112584 0.5914512 0.5691407 0.5868258 0.5395688 0.5306855 0.3193058 0.3511592 0.6839622 0.8055571 0.3641423 0.3303588 0.2405291 0.7172560 0.7185146 0.3625018 0.2704519 
Perityle_discoidea_81                      0.4124395 0.2475815 0.2773361 0.4273992 0.3088403 0.3463951 0.2433748 0.4542669 0.0018706 0.2814462 0.2538458 0.3922740 0.4272048 0.3930695 0.2451008 0.2125939 0.1383187 0.2255082 0.4114552 0.4243694 0.2561038 0.4261367 0.2808844 0.4057983 0.2335973 0.4907629 0.2340728 0.2554428 0.1225437 0.3189433 0.4439006 0.4462568 0.0000000 0.2121207 0.1325282 0.2767273 0.2180021 0.3217952 0.2656198 0.4118720 0.1403308 0.2603174 0.4104954 0.2389163 0.2997284 0.4218171 0.4109391 0.2646758 0.3117732 0.4164788 0.4025947 0.2612748 0.4984899 0.2296095 0.5271650 0.4750820 0.2242197 0.4100987 0.4947366 0.4611589 0.3375567 0.3902804 0.2706134 0.2754817 0.5299183 0.2933226 0.4508908 0.1565025 0.2277464 0.2307199 0.2119314 0.2396399 0.2401973 0.3975290 0.2288408 0.2766795 0.2756306 0.4263832 0.4478382 0.4165099 0.2652114 0.1303359 0.3200115 0.4591539 
Perityle_dissecta_201                      0.4370493 0.1179306 0.3178684 0.5032791 0.3165140 0.4062599 0.1982601 0.5438559 0.2044474 0.3292915 0.1565129 0.1243488 0.4696421 0.4071966 0.1825668 0.0827368 0.1650657 0.1444928 0.3259370 0.4557721 0.1159187 0.4036391 0.0336371 0.4237810 0.0558403 0.5750344 0.1322897 0.1728327 0.2227121 0.3197864 0.6071368 0.5956332 0.2121207 0.0000000 0.4603985 0.3013092 0.0584147 0.2764625 0.1257444 0.4451995 0.0512611 0.2454458 0.4455891 0.3001979 0.3185514 0.4551693 0.4564486 0.0633593 0.2814764 0.4388206 0.4492143 0.2197512 0.5281496 0.0446894 0.5198055 0.4757058 0.0513271 0.4574478 0.6092161 0.4591978 0.1990003 0.4424728 0.1627714 0.2222403 0.5367403 0.1747728 0.5609322 0.0596898 0.0852559 0.0618244 0.2943472 0.0478842 0.0539388 0.4547639 0.0580022 0.3005590 0.2048299 0.4871076 0.4694762 0.4109487 0.1290103 0.4524803 0.4280369 0.4392074 
Perityle_emoryi_47_punta_san_jose          0.5899011 0.1999078 0.5901877 0.6861938 0.5918792 0.6003554 0.2356643 0.6234255 0.1950198 0.5686424 0.4896190 0.5044836 0.6777499 0.4765267 0.4074449 0.4716202 0.1389836 0.3163419 0.5727928 0.6441941 0.4147470 0.3668602 0.2837339 0.6285636 0.5089043 0.7007565 0.5259842 0.5406955 0.2048009 0.3517146 0.7394417 0.7816349 0.1325282 0.4603985 0.0000000 0.5423853 0.2655098 0.4560373 0.5065253 0.7077573 0.1407023 0.5398387 0.5461995 0.5560247 0.6125916 0.6361219 0.7375176 0.4911839 0.5125580 0.6789627 0.6873452 0.5292766 0.6884514 0.4671837 0.5211804 0.6208405 0.3555294 0.7285386 0.6492150 0.4531037 0.4050581 0.3563740 0.4842381 0.5308852 0.7499605 0.4029678 0.7691171 0.1569938 0.4544892 0.3509720 0.2858672 0.4155263 0.4317992 0.5928765 0.2065253 0.5091481 0.5404964 0.6905382 0.6696309 0.4358047 0.5772860 0.0040023 0.4468922 0.4918511 
Perityle_feddemae_99                       0.5056475 0.2316086 0.4865276 0.6067805 0.4546130 0.5236263 0.1759001 0.5412603 0.2340163 0.4815592 0.3351670 0.4133364 0.5456464 0.5301027 0.3777591 0.2907652 0.1736017 0.3051841 0.4900338 0.5614138 0.2556003 0.4409952 0.2390741 0.5422648 0.3432058 0.7010109 0.3740328 0.3346452 0.2600262 0.3426535 0.6210321 0.7133028 0.2767273 0.3013092 0.5423853 0.0000000 0.2368646 0.3041544 0.3097327 0.5916804 0.1013636 0.2307216 0.5344059 0.2867131 0.4145299 0.5538146 0.5972755 0.4175696 0.3086431 0.5876005 0.5762730 0.3532375 0.6519766 0.3298539 0.5605598 0.5391629 0.2824700 0.6158419 0.6221296 0.4864392 0.3476683 0.4440965 0.3417801 0.3439152 0.6237542 0.3098639 0.6420078 0.1324318 0.3239996 0.2871261 0.4046972 0.2435482 0.2771174 0.5851455 0.1873414 0.4188070 0.4216613 0.6385368 0.5763673 0.4193478 0.4401032 0.5017175 0.5075375 0.4987981 
Perityle_fosteri_93                        0.3896152 0.1052640 0.1919301 0.3840674 0.2288486 0.3202968 0.1895733 0.4359830 0.1878893 0.1820264 0.1173865 0.1246252 0.4037876 0.3707259 0.0962673 0.0233126 0.1796764 0.1198210 0.3913019 0.3895197 0.1425995 0.4091866 0.0387405 0.3796215 0.0547330 0.5368994 0.0865474 0.1362084 0.2284288 0.2790421 0.4577466 0.4765492 0.2180021 0.0584147 0.2655098 0.2368646 0.0000000 0.2688986 0.0935120 0.3858951 0.0400444 0.1886898 0.3765376 0.1717816 0.2498912 0.3814347 0.3724988 0.0624481 0.2149810 0.3716903 0.3754502 0.1956565 0.5432813 0.0582526 0.4968998 0.4458944 0.0497893 0.3788096 0.5099902 0.4876234 0.1909448 0.4527974 0.1464843 0.1486045 0.5312036 0.1644500 0.4540577 0.0508613 0.0282337 0.0361213 0.2555730 0.0499838 0.0489232 0.3741576 0.0496633 0.2604920 0.1550136 0.3753839 0.4398346 0.3799543 0.0578135 0.2628004 0.3999799 0.4540132 
Perityle_gamon_221                         0.5854586 0.2292306 0.3925443 0.5582577 0.4246812 0.5139428 0.2571395 0.5554674 0.3042498 0.4192028 0.3041432 0.4660686 0.5483389 0.5755424 0.3319190 0.2781404 0.2126713 0.2861081 0.4950422 0.6022386 0.2919922 0.4936838 0.2735632 0.5520414 0.2820279 0.6813208 0.3152059 0.2331406 0.3029224 0.3315844 0.6556736 0.6706301 0.3217952 0.2764625 0.4560373 0.3041544 0.2688986 0.0000000 0.3371879 0.5979415 0.1231444 0.2821593 0.6269014 0.3702508 0.1082430 0.5499162 0.5427530 0.3566826 0.3488292 0.5427456 0.5502880 0.3059008 0.6309301 0.3229232 0.5504258 0.6377211 0.2949825 0.5619585 0.6848121 0.4800937 0.3570263 0.4827666 0.3002805 0.2743167 0.5553163 0.3764377 0.6477531 0.1470004 0.3160118 0.2974437 0.4010163 0.2790325 0.3203521 0.5611466 0.2005733 0.3689977 0.2613163 0.6256821 0.5887354 0.4364723 0.3926910 0.4577459 0.5771592 0.5581795 
Perityle_gentryi_8_san_francisco           0.4972345 0.1563483 0.2772561 0.5006063 0.3237201 0.4053930 0.2307927 0.5242907 0.2450629 0.3086449 0.2206755 0.2190194 0.4650235 0.4916726 0.1776936 0.1141019 0.2134787 0.1742900 0.4343890 0.4939393 0.1870061 0.4495045 0.1003681 0.4579680 0.1326091 0.6103490 0.1614004 0.1710441 0.2732919 0.3152451 0.5602342 0.6089396 0.2656198 0.1257444 0.5065253 0.3097327 0.0935120 0.3371879 0.0000000 0.4812586 0.1151754 0.2767098 0.4855521 0.3017286 0.3199786 0.4559054 0.4297312 0.1558259 0.3305391 0.4640675 0.4743183 0.2583259 0.5574445 0.1445167 0.5187544 0.5155493 0.1278218 0.4336821 0.6108068 0.4707265 0.2410856 0.4678612 0.2247577 0.2187967 0.5329006 0.1979041 0.5567609 0.1209354 0.1389176 0.1219944 0.3591090 0.1110247 0.1320897 0.4728813 0.1153835 0.3632586 0.2191736 0.5000894 0.4957991 0.4211686 0.1833374 0.5122961 0.4733631 0.4846208 
Perityle_gilensis_22_Superstition          0.1856192 0.2947644 0.6680517 0.6303245 0.5997809 0.4946777 0.3287198 0.5215542 0.4271625 0.7104164 0.5873649 0.5038997 0.3077286 0.1115677 0.5245730 0.4273227 0.1218194 0.4310025 0.1927626 0.2071683 0.4481374 0.2328851 0.3840809 0.2696082 0.5294934 0.3416722 0.5830931 0.5462870 0.4095399 0.1392717 0.4893147 0.3753797 0.4118720 0.4451995 0.7077573 0.5916804 0.3858951 0.5979415 0.4812586 0.0000000 0.2593291 0.5777446 0.1205094 0.7453520 0.7154848 0.2351842 0.3334023 0.6178835 0.5869343 0.1701683 0.3405121 0.5219536 0.3263347 0.4770805 0.2465542 0.1917857 0.4442530 0.3550260 0.4312578 0.2839717 0.5041254 0.1682073 0.5517730 0.5862307 0.3392208 0.4922002 0.3640316 0.2280558 0.4439997 0.4337877 0.5394261 0.4279591 0.4446039 0.1397940 0.3467663 0.5840365 0.6756491 0.2597175 0.2221466 0.1724579 0.7193587 0.5900718 0.3282400 0.2343564 
Perityle_gilensis_salensis_225             0.2283666 0.0915415 0.0820188 0.2466367 0.1544300 0.2025143 0.1771222 0.2932686 0.1403308 0.1124262 0.0400360 0.1474552 0.2659619 0.2601363 0.1302079 0.0438244 0.1611709 0.0951532 0.2542032 0.2698286 0.0178533 0.2307488 0.0207924 0.2417037 0.0709026 0.2917283 0.0821633 0.1247547 0.1402970 0.2294752 0.2291777 0.2346716 0.1403308 0.0512611 0.1407023 0.1013636 0.0400444 0.1231444 0.1151754 0.2593291 0.0000000 0.1075981 0.2538194 0.1121279 0.1134524 0.2604417 0.2664221 0.0368593 0.1077238 0.2601244 0.2475387 0.0287391 0.2859331 0.0743721 0.3403018 0.2984952 0.0142322 0.2595880 0.3201570 0.3452677 0.1808823 0.2731902 0.0475874 0.1030234 0.2917285 0.1440022 0.2771820 0.0558366 0.0551422 0.0399780 0.1364845 0.0178271 0.0142322 0.2596671 0.0288724 0.1176856 0.1439522 0.2474471 0.2606935 0.3133929 0.0368593 0.1407023 0.1872738 0.3422837 
Perityle_glaucescens_94                    0.4821976 0.1376742 0.3910163 0.4909429 0.4314607 0.4326196 0.1950213 0.5224385 0.2272832 0.4110984 0.2716046 0.3883770 0.5454187 0.5227486 0.3062846 0.2413374 0.1658891 0.2536638 0.4424326 0.5564836 0.2251240 0.3796758 0.1987590 0.5461529 0.2867534 0.6476153 0.3106556 0.2759481 0.2439294 0.3367902 0.6801677 0.7018609 0.2603174 0.2454458 0.5398387 0.2307216 0.1886898 0.2821593 0.2767098 0.5777446 0.1075981 0.0000000 0.5474224 0.2738535 0.3702743 0.5318405 0.5568756 0.3648302 0.0997425 0.5414381 0.6042242 0.3081628 0.5820235 0.2791420 0.5486810 0.5684888 0.2449217 0.5722820 0.6257440 0.4765755 0.3284501 0.4081634 0.2693347 0.3222729 0.5905306 0.2713457 0.6476551 0.1274053 0.2745753 0.2604009 0.3808149 0.1911220 0.2361842 0.5339213 0.1293981 0.3810681 0.3294974 0.6354444 0.5247621 0.4085963 0.4010741 0.4736702 0.4952594 0.5023588 
Perityle_gracilis_11                       0.1386881 0.2961855 0.5449802 0.4786204 0.4687870 0.4095576 0.3199227 0.4665882 0.4220053 0.5326110 0.5174621 0.4600187 0.1389313 0.0369350 0.4921725 0.4521446 0.1011702 0.4049660 0.1563245 0.0836115 0.4440250 0.2232986 0.3808799 0.1204166 0.4663383 0.2620993 0.4780931 0.4380667 0.4106105 0.1142171 0.2481200 0.2448088 0.4104954 0.4455891 0.5461995 0.5344059 0.3765376 0.6269014 0.4855521 0.1205094 0.2538194 0.5474224 0.0000000 0.5999739 0.5670646 0.1269675 0.0845869 0.4711728 0.5212899 0.0732628 0.1390832 0.4866911 0.2856429 0.4164198 0.2512639 0.1337130 0.4283020 0.0801389 0.3847295 0.2540441 0.4850108 0.1581599 0.5296845 0.4225604 0.2412715 0.4693422 0.1739917 0.2224377 0.4244867 0.4277520 0.5412929 0.4526873 0.4237131 0.0358006 0.3389264 0.5291772 0.5182258 0.0487674 0.1605512 0.1724008 0.5175944 0.5466541 0.3033665 0.1913437 
Perityle_harkerae_31                       0.5592529 0.1387370 0.4550805 0.5606779 0.5018954 0.5397087 0.1926095 0.5574430 0.2583055 0.4839872 0.3503245 0.3976441 0.7070319 0.5786769 0.2988342 0.2795755 0.1587712 0.2716404 0.6224768 0.6363984 0.2089151 0.3746194 0.1548482 0.6708378 0.3649106 0.7218537 0.3841246 0.3886230 0.2556290 0.3436465 0.7948573 0.7820858 0.2389163 0.3001979 0.5560247 0.2867131 0.1717816 0.3702508 0.3017286 0.7453520 0.1121279 0.2738535 0.5999739 0.0000000 0.5403716 0.6768754 0.7156306 0.3880575 0.2389729 0.6626647 0.6964193 0.4005398 0.7587503 0.2743328 0.5253549 0.6103195 0.2300592 0.7412752 0.7296966 0.4300542 0.2703922 0.4231326 0.3368008 0.3892706 0.7914039 0.2924661 0.7683903 0.1278910 0.2772236 0.2439879 0.3618993 0.2391430 0.2172106 0.5945237 0.1227782 0.4115870 0.5070920 0.7128253 0.7030151 0.4193112 0.4231842 0.4794450 0.5847797 0.4814372 
Perityle_hofmeisteria_4_nombre_de_dios     0.5933059 0.2432758 0.5444252 0.6521609 0.5270886 0.5571529 0.2469316 0.6248225 0.2810196 0.5758946 0.4467323 0.4861870 0.6216162 0.5639705 0.3653505 0.3009970 0.2279533 0.2912454 0.5051786 0.6510299 0.2382264 0.4925016 0.2568340 0.6828000 0.3638413 0.7865200 0.4159019 0.3884697 0.2717811 0.3422310 0.8686292 0.8534087 0.2997284 0.3185514 0.6125916 0.4145299 0.2498912 0.1082430 0.3199786 0.7154848 0.1134524 0.3702743 0.5670646 0.5403716 0.0000000 0.6213960 0.7458644 0.5114504 0.4200484 0.6205704 0.6575283 0.3945414 0.6997840 0.3533251 0.5466235 0.6284444 0.2966113 0.7732037 0.6885943 0.4698027 0.3300226 0.4953471 0.3614428 0.4546237 0.7308888 0.3637726 0.8031409 0.1412540 0.3616237 0.2868482 0.3826416 0.2344308 0.2988873 0.6393492 0.1891907 0.4495379 0.5003384 0.7244965 0.6407038 0.4332931 0.5364784 0.5210399 0.5758690 0.5390041 
