84
Amauria_brandeegeana_62                    0.0000000 0.2654996 0.3014598 0.3033762 0.1794702 0.1948457 0.2291176 0.2282906 0.1532407 0.1691714 0.2213042 0.1874046 0.2259602 0.2102980 0.2068279 0.1985725 0.1051882 0.1834987 0.2477138 0.1493430 0.2009542 0.1826365 0.1473796 0.1719276 0.2198532 0.1721733 0.1241430 0.1900839 0.2149490 0.2835472 0.2531423 0.2384390 0.2246832 0.1872907 0.2199969 0.1743081 0.1522264 0.1755751 0.1974149 0.2557902 0.1851593 0.2461146 0.1976352 0.2077026 0.1918644 0.2097537 0.3706034 0.2289720 0.2108968 0.2054602 0.1508472 0.1876649 0.2349558 0.1823026 0.1833159 0.0861465 0.2028818 0.2096089 0.1503456 0.2711278 0.3043932 0.2587463 0.1500198 0.1280054 0.2174979 0.2698147 0.2226879 0.2433814 0.1699832 0.2110449 0.2267674 0.1016842 0.1562183 0.1825087 0.1420074 0.2057889 0.1892886 0.1887931 0.2753421 0.1513948 0.3134411 0.1745629 0.1898136 0.2478800 
Amauria_carterae_99_mesa                   0.2654996 0.0000000 0.4151572 0.4313664 0.3107471 0.2547189 0.3830265 0.2195269 0.2856115 0.4782462 0.3356444 0.3502614 0.3545906 0.3467847 0.3635190 0.2733770 0.0701659 0.2645925 0.1975456 0.2705011 0.3549934 0.2716903 0.3600153 0.1968917 0.3420360 0.4027066 0.3820887 0.4609834 0.2914972 0.3698746 0.2429887 0.2786573 0.3104331 0.2617159 0.3408652 0.3088135 0.3532308 0.3004994 0.3659893 0.3522721 0.2739792 0.2817183 0.3424558 0.2685779 0.3044070 0.3361014 0.3765024 0.3464476 0.1566699 0.3411506 0.2741201 0.3389975 0.2777571 0.3434147 0.2648366 0.3668609 0.2789477 0.3450949 0.3915855 0.3214682 0.3255253 0.3079848 0.1981062 0.3762554 0.2703764 0.2983968 0.2900418 0.3674410 0.2715878 0.3425927 0.1604039 0.3837570 0.3433277 0.2655707 0.3441104 0.2811542 0.4616218 0.3465402 0.3440908 0.2268442 0.2710479 0.2864581 0.1696544 0.3426155 
Amauria_rotundifolia_SRR9119150            0.3014598 0.4151572 0.0000000 0.2961005 0.3121969 0.1414398 0.2956066 0.2872458 0.2919693 0.2586733 0.3345670 0.3278433 0.3404918 0.2734567 0.3651064 0.2324143 0.3527482 0.2513295 0.2903919 0.2273471 0.3218652 0.2587853 0.2822067 0.2338876 0.3864964 0.3109043 0.2134071 0.3344551 0.3107109 0.2305310 0.3556878 0.1882887 0.3932818 0.2426491 0.2677590 0.2949001 0.3267313 0.2985022 0.3439716 0.3529201 0.2287686 0.2507529 0.3116067 0.2354519 0.3296289 0.3726265 0.3675409 0.3934170 0.3596476 0.3197092 0.2329113 0.3019414 0.2731076 0.3322796 0.1701204 0.1661605 0.2025696 0.3777777 0.2857982 0.1898595 0.3590313 0.2567793 0.1803349 0.2380710 0.1908409 0.3461642 0.1904978 0.2563454 0.2512054 0.3392908 0.3713265 0.2253489 0.3079430 0.2282776 0.2129922 0.1989787 0.3087443 0.3308871 0.4350296 0.1798285 0.5082443 0.2944133 0.2909905 0.2937261 
Conoclinium_coelestinum_SRR9119114         0.3033762 0.4313664 0.2961005 0.0000000 0.2848931 0.2519197 0.2638189 0.3129577 0.3628924 0.3612922 0.3350239 0.3478782 0.3676105 0.3144069 0.3439597 0.3374105 0.3742797 0.3099984 0.4016229 0.3297994 0.3373443 0.2288407 0.3967893 0.3510763 0.3371133 0.3988370 0.2986519 0.3823818 0.3615817 0.2971437 0.4435563 0.3310181 0.3831161 0.3473153 0.3473845 0.3234262 0.3145619 0.3301660 0.3434751 0.3700235 0.3482764 0.3119540 0.3482793 0.3048417 0.3350619 0.3403543 0.4166811 0.3477973 0.3789723 0.3376703 0.3315051 0.3382269 0.3522762 0.3255405 0.2889803 0.2667488 0.3204226 0.3473087 0.3773459 0.3210342 0.3764839 0.2992464 0.2707634 0.3323603 0.2938418 0.4156958 0.3083583 0.2790275 0.3513809 0.3510556 0.3893088 0.3482598 0.3272062 0.3417942 0.2476632 0.3130114 0.3695086 0.3484039 0.4108108 0.2641256 0.3636235 0.3559629 0.3171082 0.2828429 
Eutetras_palmeri_63                        0.1794702 0.3107471 0.3121969 0.2848931 0.0000000 0.1803659 0.2397402 0.2316135 0.1760772 0.1444756 0.2189685 0.1792674 0.2316338 0.1717149 0.1952847 0.2147629 0.1325148 0.2022910 0.2550304 0.1504046 0.1984048 0.1771033 0.1508286 0.1901724 0.2174977 0.1766320 0.1256746 0.1840119 0.2145994 0.2572331 0.2766881 0.2354090 0.2377952 0.2083099 0.2415506 0.1957171 0.1579456 0.1683938 0.1942740 0.2789075 0.2091861 0.2686304 0.2060070 0.2205726 0.2028976 0.2080870 0.3939073 0.2380965 0.2029814 0.2068316 0.1648502 0.1901027 0.2373672 0.1742213 0.2183140 0.0877747 0.1839635 0.2215876 0.1411421 0.2786279 0.3160196 0.2834317 0.1365903 0.1136162 0.2453297 0.2728046 0.2087837 0.2351826 0.1681245 0.2183702 0.2293559 0.1182473 0.1731084 0.1966545 0.1352015 0.2057268 0.1782365 0.1806546 0.2757310 0.1506964 0.3192564 0.1798621 0.1840482 0.2506467 
Eutetras_pringlei_149_quer                 0.1948457 0.2547189 0.1414398 0.2519197 0.1803659 0.0000000 0.2107241 0.1806426 0.2125392 0.2364353 0.2096678 0.2176600 0.2998237 0.2191300 0.2287723 0.1960938 0.0300401 0.2154632 0.1874309 0.2046002 0.2176439 0.2226377 0.2339905 0.1374056 0.2214279 0.2737146 0.2177404 0.2625224 0.2442924 0.2870678 0.3003116 0.1338514 0.2147796 0.1866030 0.2339639 0.2021199 0.2159989 0.2018415 0.2105313 0.2998841 0.1800563 0.1488713 0.2189956 0.1399773 0.2281464 0.2168516 0.1073350 0.2200275 0.0298769 0.2089282 0.1839209 0.2088109 0.2562053 0.2203341 0.1095659 0.2223577 0.1178408 0.2256525 0.2315114 0.2033868 0.1921697 0.1457012 0.0145271 0.2215489 0.1315256 0.2555435 0.1386342 0.1694222 0.2039924 0.2371607 0.0297648 0.2116227 0.2112972 0.1837420 0.2005207 0.1458989 0.2403636 0.2100862 0.3691791 0.1063701 0.1839620 0.2042841 0.1278955 0.3470360 
Eutrochium_fistulosum_SRR9119106           0.2291176 0.3830265 0.2956066 0.2638189 0.2397402 0.2107241 0.0000000 0.3021315 0.2605603 0.2288279 0.2250806 0.2382770 0.3096643 0.2647871 0.2451840 0.2433854 0.2861086 0.2587745 0.3862197 0.2440917 0.2522758 0.1931633 0.1950297 0.2886213 0.2388397 0.2458831 0.1976665 0.2212752 0.3603939 0.3485419 0.4643539 0.2161830 0.3031395 0.2432940 0.2376280 0.2588363 0.2351207 0.2441118 0.2446014 0.3175533 0.2498326 0.2771543 0.2327717 0.2660987 0.2541455 0.2363976 0.3659225 0.2412663 0.3783393 0.2263217 0.2381285 0.2368142 0.3287949 0.2372423 0.2710681 0.1722602 0.2212667 0.2388133 0.2099285 0.2813253 0.3755857 0.2775221 0.4137372 0.1628502 0.2578447 0.3507093 0.2176366 0.2705248 0.2408093 0.2384998 0.3926349 0.1639743 0.2323971 0.2361296 0.2571769 0.2206251 0.2502717 0.2306017 0.3235632 0.2227336 0.3487191 0.2466376 0.2660920 0.3343818 
Galeana_pratensis_104_mex                  0.2282906 0.2195269 0.2872458 0.3129577 0.2316135 0.1806426 0.3021315 0.0000000 0.2171394 0.6089880 0.1822314 0.1901440 0.1818407 0.1809706 0.1908530 0.2034679 0.2313633 0.2148769 0.1803263 0.1950940 0.1979266 0.1478961 0.5805837 0.1919130 0.1929361 0.6041796 1.2738291 0.8187755 0.1859006 0.2133068 0.2418201 0.2074567 0.1936164 0.1877374 0.2537986 0.2229479 0.1809031 0.2379087 0.1783957 0.1854891 0.2197521 0.2301543 0.1940334 0.2298077 0.2445599 0.1860017 0.1980521 0.1940334 0.2341261 0.1845993 0.2063327 0.1857779 0.2242996 0.1854311 0.2217093 0.0000010 0.1990234 0.1902191 0.6431767 0.1609972 0.2340183 0.2075349 0.2067305 0.9094044 0.2156150 0.2114713 0.2127933 0.1716506 0.1805048 0.1854891 0.2310003 0.0000010 0.1979266 0.1916342 0.1656364 0.2192381 0.7153625 0.1901774 0.1937202 0.2159770 0.1940334 0.2310520 0.1996718 0.1882531 
Lycapsus_tenuifolius_17                    0.1532407 0.2856115 0.2919693 0.3628924 0.1760772 0.2125392 0.2605603 0.2171394 0.0000000 0.1667762 0.2251086 0.2107534 0.2711908 0.2187823 0.2301153 0.1868150 0.0574995 0.1336415 0.1775034 0.1274383 0.2292040 0.1849830 0.1583392 0.1091911 0.2237352 0.1936338 0.1494664 0.2003659 0.1986193 0.2467563 0.1882254 0.2385685 0.2377679 0.2061657 0.1922739 0.1499311 0.1881438 0.1213877 0.2299432 0.3016723 0.1630619 0.2253703 0.2317721 0.1374327 0.1339851 0.2077696 0.3748070 0.2306628 0.0730234 0.2069488 0.1329187 0.1909306 0.1987253 0.2208114 0.1514507 0.1477130 0.1988802 0.2229061 0.1688377 0.2777411 0.2992215 0.2668543 0.0692151 0.1484833 0.2063374 0.2494601 0.2208871 0.2433270 0.1720255 0.2192334 0.0489309 0.1480223 0.1959855 0.1647023 0.1950462 0.2080882 0.2004568 0.2102570 0.2940093 0.1349717 0.3033963 0.0928691 0.1728737 0.2214732 
Pericome_caudata_50_silver                 0.1691714 0.4782462 0.2586733 0.3612922 0.1444756 0.2364353 0.2288279 0.6089880 0.1667762 0.0000000 0.1716767 0.1865692 0.2626554 0.2730947 0.1819354 0.1677834 0.4373462 0.1839261 0.4802439 0.1756708 0.2150274 0.1574977 0.1418319 0.2188532 0.1790906 0.1781590 0.1648119 0.1512887 0.5510064 0.6309818 0.5630257 0.2540489 0.2402417 0.1812204 0.1670421 0.1764388 0.1788034 0.1917235 0.1842964 0.2823323 0.1680093 0.2731539 0.1810346 0.2492711 0.1974315 0.1713256 0.4314210 0.1839834 0.4637897 0.1679725 0.1811554 0.1721400 0.3085303 0.2043113 0.2345692 0.1403677 0.2315200 0.1741233 0.1456049 0.3579088 0.3559081 0.2543329 0.6095463 0.1373293 0.2408275 0.3343219 0.2256993 0.2876812 0.1747780 0.1898365 0.4793473 0.1389026 0.1813994 0.1649293 0.1876233 0.2021606 0.1586124 0.1764878 0.3176940 0.2337184 0.4548800 0.1705620 0.3252762 0.3815913 
Perityle_aglossa_84_dead_horse             0.2213042 0.3356444 0.3345670 0.3350239 0.2189685 0.2096678 0.2250806 0.1822314 0.2251086 0.1716767 0.0000000 0.0967960 0.1199966 0.1232518 0.1775109 0.1894635 0.2074153 0.2397492 0.3048317 0.1306071 0.1244516 0.0791370 0.1107568 0.1840728 0.0502923 0.1479881 0.1204690 0.1836371 0.1320306 0.2532797 0.3089096 0.1849371 0.1135178 0.1858688 0.2172489 0.2234084 0.0871552 0.2193270 0.1395410 0.1568112 0.1896800 0.3035753 0.1312619 0.2628354 0.2394845 0.0413637 0.2774835 0.0691670 0.2985563 0.0465739 0.1385723 0.0405341 0.2673726 0.1246087 0.2479480 0.0978788 0.1309039 0.0633279 0.0946778 0.2245007 0.3246381 0.2892031 0.1861839 0.0370491 0.2768858 0.2985156 0.1664464 0.1719079 0.1454843 0.0637318 0.3047401 0.0615404 0.0974629 0.1785218 0.0842523 0.1593592 0.1825868 0.0978284 0.1053620 0.1896726 0.0497551 0.2208633 0.2255304 0.1081266 
Perityle_ajoensis_204                      0.1874046 0.3502614 0.3278433 0.3478782 0.1792674 0.2176600 0.2382770 0.1901440 0.2107534 0.1865692 0.0967960 0.0000000 0.1744676 0.0464819 0.1155342 0.1430905 0.2112745 0.2099107 0.2456700 0.1338690 0.0398121 0.0905883 0.1036520 0.1947086 0.1075819 0.1523449 0.1176779 0.1801391 0.1607020 0.2706987 0.2958421 0.1805192 0.2133618 0.1408941 0.2535655 0.2202706 0.0600808 0.2148908 0.1149037 0.1899662 0.1440983 0.2709993 0.0329744 0.2316982 0.2258118 0.1094640 0.2031304 0.1053929 0.2709937 0.0924535 0.1369049 0.0834526 0.2537732 0.0621056 0.2304514 0.1033667 0.1448948 0.1066166 0.0870721 0.2485587 0.3218071 0.2823311 0.2074912 0.0529200 0.2341552 0.2752941 0.1718566 0.1749335 0.1386168 0.0968865 0.2804289 0.0438495 0.0252469 0.1200616 0.0221490 0.1691526 0.1935850 0.0515448 0.1965899 0.1984201 0.1562881 0.2043336 0.2296080 0.1690231 
Perityle_ambrosiifolia_67_green            0.2259602 0.3545906 0.3404918 0.3676105 0.2316338 0.2998237 0.3096643 0.1818407 0.2711908 0.2626554 0.1199966 0.1744676 0.0000000 0.1861516 0.2212647 0.2363919 0.1994847 0.2485760 0.3019967 0.2290212 0.2074325 0.1352524 0.1957799 0.1830491 0.0873080 0.2285141 0.1834618 0.2459323 0.1219025 0.2491065 0.3026547 0.2153606 0.1144955 0.2567937 0.2419895 0.2707439 0.1938254 0.2756875 0.2085156 0.0064022 0.2146803 0.3084421 0.1880443 0.2699442 0.2806090 0.0985194 0.2497745 0.0961373 0.2909967 0.0950578 0.1907565 0.0858085 0.2631871 0.1859812 0.2542170 0.2133283 0.1719362 0.0976901 0.2197476 0.2653587 0.4147076 0.2977624 0.1825215 0.2039157 0.2836416 0.2813924 0.1985180 0.2452975 0.2607186 0.0770918 0.2962372 0.1858973 0.1558732 0.2307886 0.1186174 0.1946755 0.2455696 0.1741713 0.1032977 0.2231975 0.0177291 0.2776969 0.2782820 0.1167012 
Perityle_angustifolia_13_Eagle_creek       0.2102980 0.3467847 0.2734567 0.3144069 0.1717149 0.2191300 0.2647871 0.1809706 0.2187823 0.2730947 0.1232518 0.0464819 0.1861516 0.0000000 0.0941310 0.1489821 0.2035990 0.1797214 0.2126013 0.1122650 0.0532820 0.0683167 0.1778903 0.1687477 0.0872425 0.2241630 0.2232918 0.2748874 0.1654193 0.2378134 0.2771345 0.2280178 0.2188058 0.1506566 0.2189966 0.2239620 0.0280542 0.2226517 0.0917944 0.2221218 0.1612171 0.2525456 0.0514030 0.2026620 0.2587011 0.0924974 0.3221237 0.1206847 0.1957414 0.0814866 0.1587529 0.0894618 0.1962002 0.0380920 0.1967238 0.1046996 0.1380185 0.0977629 0.1706716 0.2576283 0.3210016 0.2544117 0.1943504 0.1440505 0.2137135 0.2636616 0.1820190 0.1596721 0.1394364 0.1266783 0.1961954 0.1061534 0.0706834 0.1182485 0.0342615 0.1738805 0.2541910 0.0501267 0.1902102 0.1947890 0.0910074 0.2232707 0.2335005 0.1461748 
Perityle_batopilensis_97                   0.2068279 0.3635190 0.3651064 0.3439597 0.1952847 0.2287723 0.2451840 0.1908530 0.2301153 0.1819354 0.1775109 0.1155342 0.2212647 0.0941310 0.0000000 0.1955657 0.2302958 0.2412600 0.3241119 0.1605405 0.1293620 0.1003028 0.1156789 0.2090707 0.1765972 0.1527696 0.1224645 0.1927079 0.1819377 0.2817741 0.3182104 0.2072722 0.2424967 0.1909910 0.2940381 0.2408444 0.1263869 0.2339122 0.0355744 0.2325663 0.1901126 0.3082967 0.0933435 0.2506490 0.2451540 0.1825723 0.2866734 0.1870431 0.3052525 0.1314660 0.1586188 0.1147067 0.2639726 0.1431117 0.2457440 0.1108686 0.1496107 0.1836304 0.1071053 0.2500951 0.3566514 0.3067071 0.2064463 0.1481449 0.2858917 0.2923595 0.1832179 0.2123487 0.1733956 0.1233097 0.3244992 0.0617378 0.0990243 0.1806395 0.0627460 0.1768072 0.1996501 0.1186027 0.2905575 0.2037048 0.2878785 0.2249292 0.2370038 0.1735017 
Perityle_bisetosa_9                        0.1985725 0.2733770 0.2324143 0.3374105 0.2147629 0.1960938 0.2433854 0.2034679 0.1868150 0.1677834 0.1894635 0.1430905 0.2363919 0.1489821 0.1955657 0.0000000 0.0422490 0.1154892 0.0377808 0.0356945 0.1542569 0.0984214 0.1074999 0.0254572 0.1952516 0.1301149 0.1356247 0.1804625 0.1868575 0.2516231 0.1859499 0.2038311 0.2642694 0.0536339 0.2580266 0.1845880 0.1326695 0.1612021 0.1631923 0.2800665 0.0423213 0.1890974 0.1815955 0.1678122 0.2202789 0.1599816 0.3389933 0.2078710 0.1724644 0.1752478 0.0970209 0.1375048 0.1498653 0.1314975 0.1193047 0.0732701 0.1804671 0.1907808 0.0941642 0.2637282 0.2928953 0.2204804 0.0826141 0.0905727 0.1558454 0.2163055 0.1915739 0.2088952 0.0607739 0.1990817 0.1772519 0.0975251 0.1267853 0.0580312 0.1410165 0.1882687 0.1825593 0.1473117 0.2527146 0.1268308 0.3144937 0.1766658 0.1687545 0.2181552 
Perityle_californica_76_positas            0.1051882 0.0701659 0.3527482 0.3742797 0.1325148 0.0300401 0.2861086 0.2313633 0.0574995 0.4373462 0.2074153 0.2112745 0.1994847 0.2035990 0.2302958 0.0422490 0.0000000 0.0541345 0.0451202 0.0596652 0.2188296 0.2197961 0.3202599 0.0422747 0.2029324 0.3805037 0.3661878 0.4331875 0.2245189 0.2417656 0.0221848 0.2110187 0.1943960 0.0393941 0.1596039 0.0688608 0.2027951 0.0661090 0.2224955 0.2029975 0.0540402 0.0628549 0.2111283 0.0629538 0.0691746 0.2107109 0.2111283 0.2111283 0.0599384 0.2067788 0.0537500 0.2068285 0.1218785 0.2032379 0.0605293 0.0000010 0.2249988 0.2152443 0.3436751 0.1796505 0.1562620 0.0841009 0.0947957 0.2469462 0.0719590 0.1109825 0.2247683 0.2278391 0.0422747 0.2029975 0.0511887 0.1868535 0.2152819 0.0452085 0.1944079 0.2293279 0.4008245 0.2069686 0.1998048 0.0719097 0.2111283 0.0482119 0.1055802 0.2233822 
Perityle_canescens_77                      0.1834987 0.2645925 0.2513295 0.3099984 0.2022910 0.2154632 0.2587745 0.2148769 0.1336415 0.1839261 0.2397492 0.2099107 0.2485760 0.1797214 0.2412600 0.1154892 0.0541345 0.0000000 0.1515451 0.1204738 0.2125298 0.1598555 0.1821336 0.0940099 0.2324894 0.1501458 0.1608275 0.1662768 0.1941790 0.2301802 0.1949399 0.2089111 0.2707373 0.1216868 0.2547871 0.1534210 0.1931578 0.0933916 0.2195764 0.3067579 0.1172372 0.1668008 0.2358322 0.1160449 0.1109128 0.2021015 0.3201950 0.2483147 0.0494705 0.2053580 0.1536951 0.1882572 0.1845676 0.1974415 0.1341207 0.1022440 0.1968432 0.2289226 0.1790387 0.2756896 0.2543003 0.2263983 0.0674600 0.1818753 0.1523722 0.2426950 0.2154507 0.2315701 0.1577792 0.2360331 0.0760665 0.1741351 0.1906234 0.1176613 0.1765254 0.2105438 0.1834226 0.2115826 0.2902383 0.1306382 0.2815713 0.1418733 0.1784807 0.2121934 
Perityle_castillonii_96                    0.2477138 0.1975456 0.2903919 0.4016229 0.2550304 0.1874309 0.3862197 0.1803263 0.1775034 0.4802439 0.3048317 0.2456700 0.3019967 0.2126013 0.3241119 0.0377808 0.0451202 0.1515451 0.0000000 0.0459218 0.2402327 0.2474692 0.2603977 0.0227005 0.2959614 0.3616174 0.3840740 0.3890319 0.1707451 0.2326468 0.1110328 0.2311751 0.3110883 0.0448337 0.2876975 0.1885578 0.2643804 0.1651172 0.3133760 0.3029419 0.0658976 0.2102739 0.2560968 0.1630893 0.1797787 0.3012235 0.3434955 0.3060138 0.1390525 0.3197031 0.0889689 0.2804189 0.1300289 0.2565998 0.1083723 0.4105911 0.2025288 0.3031456 0.3424257 0.2834850 0.2628704 0.2937199 0.0709220 0.3130041 0.1405488 0.1600874 0.2340413 0.2592751 0.0409816 0.3049660 0.1653489 0.2832830 0.2470445 0.0415696 0.2547439 0.2392766 0.4677470 0.2509289 0.3073248 0.0987991 0.2981454 0.1791659 0.1233819 0.2178492 
Perityle_cernua_84                         0.1493430 0.2705011 0.2273471 0.3297994 0.1504046 0.2046002 0.2440917 0.1950940 0.1274383 0.1756708 0.1306071 0.1338690 0.2290212 0.1122650 0.1605405 0.0356945 0.0596652 0.1204738 0.0459218 0.0000000 0.1394603 0.1128008 0.0920407 0.0262355 0.1363429 0.1501067 0.0992213 0.1854345 0.1912968 0.2503898 0.1728093 0.2093713 0.2242734 0.0406367 0.1680237 0.1470527 0.1256399 0.1235792 0.1596353 0.2294110 0.0379562 0.1730642 0.1273571 0.1406593 0.1337690 0.1315816 0.3231394 0.1434403 0.1058644 0.1307432 0.0534076 0.1324878 0.1282786 0.1369438 0.1194963 0.0932892 0.1947474 0.1418346 0.1051542 0.2481459 0.2736120 0.2162481 0.0768319 0.0558854 0.1268094 0.1812762 0.2142745 0.2042782 0.0330407 0.1422122 0.1325859 0.0576481 0.1334363 0.0311155 0.1276598 0.2163927 0.1987813 0.1303563 0.2427358 0.1196174 0.2496633 0.1328375 0.1731853 0.1989935 
Perityle_cfvillosa_25_tin                  0.2009542 0.3549934 0.3218652 0.3373443 0.1984048 0.2176439 0.2522758 0.1979266 0.2292040 0.2150274 0.1244516 0.0398121 0.2074325 0.0532820 0.1293620 0.1542569 0.2188296 0.2125298 0.2402327 0.1394603 0.0000000 0.1015595 0.1323207 0.1967603 0.1156387 0.1911168 0.1456863 0.2180416 0.1622929 0.2533769 0.2861673 0.2079646 0.2528167 0.1509170 0.2481856 0.2373130 0.0534429 0.2298429 0.1250309 0.2176164 0.1602345 0.2794994 0.0469637 0.2302046 0.2373892 0.1213564 0.2146267 0.1106221 0.2602823 0.1161219 0.1532232 0.1082570 0.2546795 0.0577518 0.2233087 0.1010147 0.1380850 0.1064785 0.0926425 0.2720527 0.3253545 0.2895265 0.2036631 0.0843711 0.2460447 0.3044269 0.1972673 0.1565830 0.1573951 0.1253482 0.2788379 0.0732020 0.0285315 0.1331184 0.0233828 0.1878607 0.2191281 0.0549206 0.2096604 0.1905869 0.1559628 0.2139744 0.2333247 0.1679896 
Perityle_cinerea_113_Powell1310            0.1826365 0.2716903 0.2587853 0.2288407 0.1771033 0.2226377 0.1931633 0.1478961 0.1849830 0.1574977 0.0791370 0.0905883 0.1352524 0.0683167 0.1003028 0.0984214 0.2197961 0.1598555 0.2474692 0.1128008 0.1015595 0.0000000 0.0989834 0.1589845 0.0912630 0.1634157 0.0421736 0.2563551 0.1837138 0.2188501 0.3374842 0.2269888 0.1685166 0.1234823 0.1889618 0.1958794 0.0474442 0.1820724 0.0973599 0.1345783 0.1282955 0.2373506 0.0860053 0.2235529 0.2060116 0.0757035 0.2531732 0.0895758 0.2831774 0.0572705 0.1264687 0.0778129 0.2211896 0.0707248 0.2173810 0.0329437 0.1966711 0.0924661 0.1056502 0.2335281 0.2998310 0.2329622 0.1856226 0.0558844 0.2358443 0.2168780 0.2050905 0.1764205 0.1094763 0.1071615 0.2677312 0.0683015 0.0795664 0.1147946 0.0583085 0.2149215 0.2237672 0.0899878 0.1880237 0.2093407 0.1671055 0.1900112 0.2155683 0.1315345 
Perityle_coahuilensis_24                   0.1473796 0.3600153 0.2822067 0.3967893 0.1508286 0.2339905 0.1950297 0.5805837 0.1583392 0.1418319 0.1107568 0.1036520 0.1957799 0.1778903 0.1156789 0.1074999 0.3202599 0.1821336 0.2603977 0.0920407 0.1323207 0.0989834 0.0000000 0.1146247 0.0985893 0.0976012 0.1281579 0.1397202 0.3378550 0.5770690 0.4288721 0.2487837 0.1626363 0.1061229 0.1756835 0.1640761 0.0947887 0.1802532 0.1104712 0.2168069 0.1000076 0.2311354 0.0817271 0.1961161 0.1804634 0.0971961 0.3501856 0.1043053 0.2610346 0.0907570 0.0810672 0.0966250 0.1948968 0.0983980 0.2011771 0.1093380 0.2095621 0.0906303 0.0558033 0.3312653 0.3587813 0.2209876 0.3796409 0.0767470 0.2119414 0.2378956 0.2351356 0.2193478 0.1048944 0.0828328 0.2899513 0.0627402 0.0853995 0.0980838 0.0822020 0.2226598 0.1344024 0.0993006 0.2238128 0.2039393 0.2680656 0.1766317 0.2816012 0.2974012 
Perityle_cochisensis_44_cave_creek         0.1719276 0.1968917 0.2338876 0.3510763 0.1901724 0.1374056 0.2886213 0.1919130 0.1091911 0.2188532 0.1840728 0.1947086 0.1830491 0.1687477 0.2090707 0.0254572 0.0422747 0.0940099 0.0227005 0.0262355 0.1967603 0.1589845 0.1146247 0.0000000 0.1775323 0.1938559 0.1136448 0.2404762 0.1721589 0.2343772 0.1361151 0.1883168 0.2159987 0.0309235 0.1723525 0.1375368 0.1912186 0.1008393 0.2121873 0.1840716 0.0415747 0.1605129 0.1855071 0.1153636 0.1066596 0.1793414 0.3468713 0.1827859 0.0959298 0.1857125 0.0561633 0.1901822 0.0862407 0.1864455 0.0819344 0.0694186 0.1752173 0.1838606 0.1792325 0.2211735 0.3442371 0.2335489 0.0692208 0.0860584 0.1016853 0.1149133 0.1948673 0.2883817 0.0276043 0.1798022 0.1185479 0.0611773 0.1947831 0.0230109 0.2286530 0.1922068 0.2764001 0.1849015 0.1770856 0.0724976 0.2327076 0.1150091 0.1349396 0.2069084 
Perityle_congesta_202                      0.2198532 0.3420360 0.3864964 0.3371133 0.2174977 0.2214279 0.2388397 0.1929361 0.2237352 0.1790906 0.0502923 0.1075819 0.0873080 0.0872425 0.1765972 0.1952516 0.2029324 0.2324894 0.2959614 0.1363429 0.1156387 0.0912630 0.0985893 0.1775323 0.0000000 0.1494477 0.1147235 0.1810079 0.1256479 0.2524895 0.2975525 0.1931521 0.1202157 0.1843244 0.2415113 0.2117233 0.0805833 0.2214732 0.1717844 0.1141682 0.1844037 0.2881291 0.0957505 0.2560068 0.2345382 0.0342496 0.2138865 0.0319680 0.2863261 0.0309011 0.1396873 0.0293794 0.2654117 0.1080647 0.2454829 0.1003584 0.1394021 0.0242102 0.0818023 0.2422911 0.3252455 0.2971697 0.1802708 0.0510178 0.2701468 0.2820400 0.1760502 0.1611419 0.1557336 0.0319222 0.2954770 0.0360132 0.0880665 0.1652769 0.0617430 0.1690238 0.1820669 0.0828672 0.0828751 0.1944938 0.0255095 0.2151220 0.2323815 0.1178258 
Perityle_cordifolia_27                     0.1721733 0.4027066 0.3109043 0.3988370 0.1766320 0.2737146 0.2458831 0.6041796 0.1936338 0.1781590 0.1479881 0.1523449 0.2285141 0.2241630 0.1527696 0.1301149 0.3805037 0.1501458 0.3616174 0.1501067 0.1911168 0.1634157 0.0976012 0.1938559 0.1494477 0.0000000 0.0943347 0.1558407 0.4742103 0.6289622 0.4972361 0.2799540 0.2556881 0.1378486 0.2011499 0.1911993 0.1656166 0.1597152 0.1594130 0.2322679 0.1405820 0.2770594 0.1473437 0.2493389 0.1677118 0.1483248 0.3935100 0.1441429 0.3561411 0.1524236 0.1374731 0.1452706 0.2364876 0.1667588 0.2495236 0.0889935 0.2667560 0.1456984 0.1132479 0.3601823 0.3571413 0.2663080 0.5041477 0.1030107 0.2452321 0.2772975 0.2789907 0.3193152 0.1446874 0.1558403 0.3714549 0.1022926 0.1459821 0.1358929 0.1707074 0.2763294 0.1560721 0.1514021 0.2883277 0.2452023 0.3574177 0.2009584 0.3253711 0.3732461 
Perityle_cordifolia_68_tecolote            0.1241430 0.3820887 0.2134071 0.2986519 0.1256746 0.2177404 0.1976665 1.2738291 0.1494664 0.1648119 0.1204690 0.1176779 0.1834618 0.2232918 0.1224645 0.1356247 0.3661878 0.1608275 0.3840740 0.0992213 0.1456863 0.0421736 0.1281579 0.1136448 0.1147235 0.0943347 0.0000000 0.1616134 0.4276332 0.5502297 0.5618048 0.2307054 0.1459267 0.1498046 0.2001837 0.1714349 0.1180266 0.1425201 0.1346770 0.2323424 0.1476109 0.2403673 0.1138746 0.1943002 0.1558038 0.1140597 0.4018075 0.1286581 0.3563426 0.1152667 0.1245995 0.1085213 0.1701512 0.1104552 0.1918954 0.0137827 0.1870294 0.1155102 0.0995722 0.2611575 0.3189749 0.2151951 0.3457046 0.1212519 0.1976959 0.2620859 0.2059401 0.2408531 0.1198276 0.1214017 0.3703644 0.1068092 0.0979891 0.1485755 0.0619170 0.2004585 0.1446093 0.1199374 0.2393829 0.1917603 0.2329951 0.1670762 0.2911122 0.2068051 
Perityle_coronopifolia_28_patagonia        0.1900839 0.4609834 0.3344551 0.3823818 0.1840119 0.2625224 0.2212752 0.8187755 0.2003659 0.1512887 0.1836371 0.1801391 0.2459323 0.2748874 0.1927079 0.1804625 0.4331875 0.1662768 0.3890319 0.1854345 0.2180416 0.2563551 0.1397202 0.2404762 0.1810079 0.1558407 0.1616134 0.0000000 0.4557986 0.6873193 0.4949133 0.2670814 0.2917948 0.1842665 0.1999702 0.1904972 0.1860081 0.1861737 0.1905376 0.2667235 0.1770015 0.2831658 0.1740225 0.2498678 0.1805400 0.1797757 0.4017701 0.1909596 0.3614499 0.1769209 0.1803699 0.1811957 0.2911218 0.1928694 0.2494748 0.1190944 0.2270017 0.1743094 0.1278277 0.3712904 0.4038457 0.2807480 0.5801283 0.1577125 0.2673867 0.3308769 0.2327266 0.2790315 0.1920561 0.2133353 0.4148990 0.1239003 0.1787073 0.1751239 0.2204708 0.2267115 0.1270624 0.1827099 0.3303769 0.2520052 0.3402781 0.2001191 0.3533907 0.4447250 
Perityle_crassifolia_70_ventanas           0.2149490 0.2914972 0.3107109 0.3615817 0.2145994 0.2442924 0.3603939 0.1859006 0.1986193 0.5510064 0.1320306 0.1607020 0.1219025 0.1654193 0.1819377 0.1868575 0.2245189 0.1941790 0.1707451 0.1912968 0.1622929 0.1837138 0.3378550 0.1721589 0.1256479 0.4742103 0.4276332 0.4557986 0.0000000 0.2511369 0.2104712 0.1948127 0.0949365 0.1794787 0.2396470 0.1942565 0.1695339 0.2003877 0.1799919 0.1231510 0.1955283 0.1909682 0.1588926 0.1892805 0.1993877 0.1334113 0.2941248 0.1310801 0.1692098 0.1225100 0.1726799 0.1233899 0.2065156 0.1622461 0.1993182 0.5659986 0.1791449 0.1299560 0.4133089 0.2221398 0.3863182 0.2495564 0.1605437 0.3243664 0.1873075 0.1812789 0.1837503 0.2031102 0.1820708 0.1234185 0.1713770 0.2906013 0.1638020 0.1790587 0.1595445 0.1791581 0.4997539 0.1600258 0.1295252 0.2337032 0.1105466 0.1897793 0.2303213 0.0931807 
Perityle_crassifolia_74_playa_balandra     0.2835472 0.3698746 0.2305310 0.2971437 0.2572331 0.2870678 0.3485419 0.2133068 0.2467563 0.6309818 0.2532797 0.2706987 0.2491065 0.2378134 0.2817741 0.2516231 0.2417656 0.2301802 0.2326468 0.2503898 0.2533769 0.2188501 0.5770690 0.2343772 0.2524895 0.6289622 0.5502297 0.6873193 0.2511369 0.0000000 0.2934104 0.3792458 0.2431084 0.2593109 0.1826488 0.2679155 0.2373962 0.2505477 0.2586865 0.2505555 0.2511361 0.2702153 0.2441048 0.2528885 0.2634120 0.2572423 0.4426481 0.2625247 0.2474895 0.2332681 0.2457083 0.2493015 0.2801528 0.2480726 0.2523778 0.3919680 0.3305341 0.2465111 0.5718600 0.2582391 0.3811118 0.2052452 0.1887729 0.5168501 0.2470639 0.2520924 0.3686769 0.2760997 0.2512030 0.2570342 0.2308277 0.3992103 0.2602802 0.2483218 0.2470377 0.3449587 0.7598897 0.2674001 0.2521310 0.2877246 0.2580084 0.2520323 0.2545828 0.2110591 
Perityle_cuneata_34_cuneata_San_antonio    0.2531423 0.2429887 0.3556878 0.4435563 0.2766881 0.3003116 0.4643539 0.2418201 0.1882254 0.5630257 0.3089096 0.2958421 0.3026547 0.2771345 0.3182104 0.1859499 0.0221848 0.1949399 0.1110328 0.1728093 0.2861673 0.3374842 0.4288721 0.1361151 0.2975525 0.4972361 0.5618048 0.4949133 0.2104712 0.2934104 0.0000000 0.3397434 0.2595487 0.1716988 0.2731033 0.2125375 0.2995048 0.1790589 0.3090475 0.3008628 0.1799464 0.2198433 0.3000243 0.1787219 0.1866648 0.2942545 0.4044611 0.3134095 0.0955420 0.2956138 0.1736448 0.2914685 0.2100120 0.2889362 0.1854170 0.5581743 0.2707822 0.2952411 0.4489466 0.3525572 0.3736035 0.3254108 0.0959889 0.4741710 0.1918140 0.2185780 0.3350602 0.3961365 0.1699960 0.3015892 0.1011877 0.4933166 0.2970171 0.1726445 0.2873450 0.3255742 0.5479476 0.2953979 0.2900928 0.1916131 0.2561503 0.1845451 0.1623075 0.2477623 
Perityle_cuneata_4                         0.2384390 0.2786573 0.1882887 0.3310181 0.2354090 0.1338514 0.2161830 0.2074567 0.2385685 0.2540489 0.1849371 0.1805192 0.2153606 0.2280178 0.2072722 0.2038311 0.2110187 0.2089111 0.2311751 0.2093713 0.2079646 0.2269888 0.2487837 0.1883168 0.1931521 0.2799540 0.2307054 0.2670814 0.1948127 0.3792458 0.3397434 0.0000000 0.1828194 0.2459169 0.2369342 0.2593792 0.1564624 0.2529297 0.1980113 0.2150528 0.2306018 0.1720889 0.1676184 0.1496481 0.2643931 0.1888237 0.2286029 0.1866609 0.2339034 0.1724194 0.2359466 0.1814051 0.2638473 0.1553319 0.1212344 0.1998793 0.0752787 0.1851332 0.2188414 0.1241610 0.3923455 0.1418746 0.2111772 0.2161860 0.1477698 0.2711648 0.0722100 0.2830456 0.2322281 0.2023051 0.2126322 0.2138951 0.1775731 0.2316254 0.1367735 0.0944883 0.2673166 0.1878770 0.2393315 0.1110511 0.1549621 0.2291207 0.2007423 0.2074813 
Perityle_discoidea_81                      0.2246832 0.3104331 0.3932818 0.3831161 0.2377952 0.2147796 0.3031395 0.1936164 0.2377679 0.2402417 0.1135178 0.2133618 0.1144955 0.2188058 0.2424967 0.2642694 0.1943960 0.2707373 0.3110883 0.2242734 0.2528167 0.1685166 0.1626363 0.2159987 0.1202157 0.2556881 0.1459267 0.2917948 0.0949365 0.2431084 0.2595487 0.1828194 0.0000000 0.2667803 0.1827028 0.2675051 0.2117347 0.2726253 0.2306567 0.1143916 0.2585897 0.3517906 0.2330748 0.2869127 0.2668874 0.1203504 0.3419010 0.1239493 0.2975645 0.1230162 0.2041442 0.1228229 0.2601087 0.2334336 0.2626438 0.1368007 0.1169430 0.1201505 0.2348477 0.2096930 0.4550090 0.3116967 0.1964086 0.1163357 0.2954380 0.2430313 0.1395810 0.2574338 0.2615578 0.1170602 0.3137010 0.1243051 0.2013586 0.2448496 0.2029692 0.1160984 0.2825272 0.2318406 0.1243896 0.2362043 0.1182550 0.2530672 0.2237132 0.1090875 
Perityle_dissecta_201                      0.1872907 0.2617159 0.2426491 0.3473153 0.2083099 0.1866030 0.2432940 0.1877374 0.2061657 0.1812204 0.1858688 0.1408941 0.2567937 0.1506566 0.1909910 0.0536339 0.0393941 0.1216868 0.0448337 0.0406367 0.1509170 0.1234823 0.1061229 0.0309235 0.1843244 0.1378486 0.1498046 0.1842665 0.1794787 0.2593109 0.1716988 0.2459169 0.2667803 0.0000000 0.2450093 0.1651385 0.1259422 0.1708012 0.1618471 0.2998381 0.0523512 0.1946396 0.1647523 0.2048101 0.2263921 0.1583480 0.3404792 0.1943560 0.1923576 0.1621846 0.0859153 0.1415727 0.1689962 0.1497299 0.1257799 0.1016330 0.1854334 0.1788555 0.0909555 0.2590807 0.2846541 0.2570860 0.0692148 0.0825010 0.1611763 0.2305525 0.2215917 0.2170134 0.0520416 0.1918129 0.1544383 0.0798947 0.1276750 0.0366521 0.1387157 0.2156228 0.2026253 0.1455302 0.2789410 0.1254246 0.3172850 0.1786708 0.1549574 0.2133166 
Perityle_emoryi_47_punta_san_jose          0.2199969 0.3408652 0.2677590 0.3473845 0.2415506 0.2339639 0.2376280 0.2537986 0.1922739 0.1670421 0.2172489 0.2535655 0.2419895 0.2189966 0.2940381 0.2580266 0.1596039 0.2547871 0.2876975 0.1680237 0.2481856 0.1889618 0.1756835 0.1723525 0.2415113 0.2011499 0.2001837 0.1999702 0.2396470 0.1826488 0.2731033 0.2369342 0.1827028 0.2450093 0.0000000 0.2158238 0.2406481 0.2146076 0.2638384 0.2916877 0.2444443 0.2619011 0.2688084 0.2564173 0.2471076 0.2078379 0.3707221 0.2509804 0.2293779 0.1677327 0.1946751 0.1730373 0.2578411 0.2664361 0.2327782 0.1440426 0.2048664 0.2454715 0.1714253 0.2847520 0.3380459 0.2496557 0.2107535 0.1802805 0.2623879 0.3018091 0.2146118 0.2538175 0.2105245 0.2240310 0.2229778 0.1871957 0.2189847 0.2400018 0.2062088 0.2013911 0.2042991 0.2591113 0.2862595 0.1956103 0.2773018 0.1277281 0.2237916 0.2189883 
Perityle_feddemae_99                       0.1743081 0.3088135 0.2949001 0.3234262 0.1957171 0.2021199 0.2588363 0.2229479 0.1499311 0.1764388 0.2234084 0.2202706 0.2707439 0.2239620 0.2408444 0.1845880 0.0688608 0.1534210 0.1885578 0.1470527 0.2373130 0.1958794 0.1640761 0.1375368 0.2117233 0.1911993 0.1714349 0.1904972 0.1942565 0.2679155 0.2125375 0.2593792 0.2675051 0.1651385 0.2158238 0.0000000 0.2037106 0.1242869 0.2402622 0.3023764 0.1611189 0.1134565 0.2225954 0.1499884 0.1356575 0.2131729 0.3680650 0.2279190 0.0729745 0.2134878 0.1489189 0.2114352 0.2353139 0.2247643 0.1885663 0.1328043 0.2129634 0.2046000 0.1781026 0.2925963 0.3134998 0.2624281 0.0899192 0.1582465 0.1951841 0.2583834 0.2263535 0.2699417 0.1585540 0.2161065 0.1441932 0.1384272 0.2116684 0.1485706 0.1926763 0.2180208 0.2196299 0.2155517 0.3027103 0.1555729 0.3120703 0.1531071 0.1798156 0.2304663 
Perityle_fosteri_93                        0.1522264 0.3532308 0.3267313 0.3145619 0.1579456 0.2159989 0.2351207 0.1809031 0.1881438 0.1788034 0.0871552 0.0600808 0.1938254 0.0280542 0.1263869 0.1326695 0.2027951 0.1931578 0.2643804 0.1256399 0.0534429 0.0474442 0.0947887 0.1912186 0.0805833 0.1656166 0.1180266 0.1860081 0.1695339 0.2373962 0.2995048 0.1564624 0.2117347 0.1259422 0.2406481 0.2037106 0.0000000 0.1934482 0.1141033 0.2158954 0.1334417 0.2415281 0.0415436 0.2056568 0.2059485 0.0784124 0.2152178 0.0819256 0.2217151 0.0895868 0.1230649 0.0888857 0.2363419 0.0331836 0.2274147 0.0983511 0.1398902 0.0822073 0.1046153 0.2105012 0.2831878 0.2738984 0.2020481 0.0451487 0.2359848 0.2763741 0.1572752 0.1245129 0.1211638 0.0965677 0.2512031 0.0502219 0.0513795 0.1129341 0.0264760 0.1594317 0.2009968 0.0338822 0.1596811 0.2006103 0.1092381 0.1791325 0.2390133 0.1697592 
Perityle_gamon_221                         0.1755751 0.3004994 0.2985022 0.3301660 0.1683938 0.2018415 0.2441118 0.2379087 0.1213877 0.1917235 0.2193270 0.2148908 0.2756875 0.2226517 0.2339122 0.1612021 0.0661090 0.0933916 0.1651172 0.1235792 0.2298429 0.1820724 0.1802532 0.1008393 0.2214732 0.1597152 0.1425201 0.1861737 0.2003877 0.2505477 0.1790589 0.2529297 0.2726253 0.1708012 0.2146076 0.1242869 0.1934482 0.0000000 0.2254734 0.2989403 0.1497304 0.1785560 0.2088264 0.1238269 0.0361330 0.2122219 0.3714885 0.2222393 0.0641708 0.2189760 0.1280360 0.1974938 0.1916682 0.2073410 0.1467133 0.1149339 0.1983941 0.2132658 0.1772611 0.2851603 0.2814178 0.2477390 0.0900535 0.1529538 0.1943375 0.2278525 0.2293859 0.2636792 0.1618693 0.2294698 0.0705617 0.1393997 0.1895497 0.1425861 0.1834065 0.2253397 0.1867949 0.2151507 0.2944971 0.1376226 0.3158465 0.1288603 0.1826689 0.2194117 
Perityle_gentryi_8_san_francisco           0.1974149 0.3659893 0.3439716 0.3434751 0.1942740 0.2105313 0.2446014 0.1783957 0.2299432 0.1842964 0.1395410 0.1149037 0.2085156 0.0917944 0.0355744 0.1631923 0.2224955 0.2195764 0.3133760 0.1596353 0.1250309 0.0973599 0.1104712 0.2121873 0.1717844 0.1594130 0.1346770 0.1905376 0.1799919 0.2586865 0.3090475 0.1980113 0.2306567 0.1618471 0.2638384 0.2402622 0.1141033 0.2254734 0.0000000 0.2160965 0.1713469 0.2943319 0.0907205 0.2383458 0.2397884 0.1706709 0.2833635 0.1748989 0.2887144 0.1205100 0.1483923 0.1129473 0.2581901 0.1281532 0.2387199 0.1194098 0.1506250 0.1740413 0.1100750 0.2389073 0.3374493 0.2941088 0.1933650 0.0975631 0.2685789 0.2831008 0.1871272 0.1797452 0.1679172 0.1251285 0.3123170 0.0586832 0.0989394 0.1502611 0.0579297 0.1842757 0.1981871 0.1150779 0.2717879 0.1961064 0.2800192 0.2187429 0.2367783 0.1799189 
Perityle_gilensis_22_Superstition          0.2557902 0.3522721 0.3529201 0.3700235 0.2789075 0.2998841 0.3175533 0.1854891 0.3016723 0.2823323 0.1568112 0.1899662 0.0064022 0.2221218 0.2325663 0.2800665 0.2029975 0.3067579 0.3029419 0.2294110 0.2176164 0.1345783 0.2168069 0.1840716 0.1141682 0.2322679 0.2323424 0.2667235 0.1231510 0.2505555 0.3008628 0.2150528 0.1143916 0.2998381 0.2916877 0.3023764 0.2158954 0.2989403 0.2160965 0.0000000 0.2602344 0.3163481 0.2240841 0.2825895 0.3118377 0.1111816 0.2763923 0.1272543 0.2862271 0.1101168 0.2196148 0.0936437 0.2799909 0.1887549 0.2682995 0.2191157 0.1688095 0.1268057 0.2176826 0.2620603 0.4084890 0.3114402 0.1844052 0.2681875 0.2976807 0.2978846 0.1913061 0.2479302 0.2804549 0.1140324 0.2986860 0.2376122 0.1519767 0.2852732 0.1138099 0.1910554 0.2593470 0.1888017 0.1032988 0.2202091 0.0195159 0.3083532 0.2772751 0.1188106 
Perityle_gilensis_salensis_225             0.1851593 0.2739792 0.2287686 0.3482764 0.2091861 0.1800563 0.2498326 0.2197521 0.1630619 0.1680093 0.1896800 0.1440983 0.2146803 0.1612171 0.1901126 0.0423213 0.0540402 0.1172372 0.0658976 0.0379562 0.1602345 0.1282955 0.1000076 0.0415747 0.1844037 0.1405820 0.1476109 0.1770015 0.1955283 0.2511361 0.1799464 0.2306018 0.2585897 0.0523512 0.2444443 0.1611189 0.1334417 0.1497304 0.1713469 0.2602344 0.0000000 0.1819697 0.1658841 0.1405763 0.1920919 0.1625444 0.3431464 0.1960517 0.1348177 0.1588054 0.0833408 0.1456545 0.1500733 0.1441186 0.1050851 0.0904063 0.1906414 0.1811263 0.0853530 0.2654804 0.2692267 0.2036811 0.0738658 0.0910609 0.1329904 0.2175861 0.2213611 0.1992976 0.0650888 0.1743732 0.1540652 0.0849386 0.1314575 0.0568065 0.1454027 0.2193185 0.1864625 0.1391870 0.2535391 0.1091732 0.3108978 0.1660349 0.1659087 0.2221896 
Perityle_glaucescens_94                    0.2461146 0.2817183 0.2507529 0.3119540 0.2686304 0.1488713 0.2771543 0.2301543 0.2253703 0.2731539 0.3035753 0.2709993 0.3084421 0.2525456 0.3082967 0.1890974 0.0628549 0.1668008 0.2102739 0.1730642 0.2794994 0.2373506 0.2311354 0.1605129 0.2881291 0.2770594 0.2403673 0.2831658 0.1909682 0.2702153 0.2198433 0.1720889 0.3517906 0.1946396 0.2619011 0.1134565 0.2415281 0.1785560 0.2943319 0.3163481 0.1819697 0.0000000 0.2912664 0.0820451 0.2274314 0.2862262 0.3293492 0.3025190 0.1160326 0.2793767 0.1889247 0.2674961 0.2536127 0.2556259 0.1365331 0.1807728 0.1519342 0.2880768 0.2354924 0.2064555 0.3049426 0.1971442 0.0910756 0.2364612 0.1523381 0.2959671 0.1577037 0.2781195 0.2108732 0.2932552 0.1700844 0.2098035 0.2607442 0.1744361 0.2134658 0.1723518 0.3036532 0.2665424 0.3414773 0.0920022 0.3337950 0.2073395 0.1611810 0.2435375 
Perityle_gracilis_11                       0.1976352 0.3424558 0.3116067 0.3482793 0.2060070 0.2189956 0.2327717 0.1940334 0.2317721 0.1810346 0.1312619 0.0329744 0.1880443 0.0514030 0.0933435 0.1815955 0.2111283 0.2358322 0.2560968 0.1273571 0.0469637 0.0860053 0.0817271 0.1855071 0.0957505 0.1473437 0.1138746 0.1740225 0.1588926 0.2441048 0.3000243 0.1676184 0.2330748 0.1647523 0.2688084 0.2225954 0.0415436 0.2088264 0.0907205 0.2240841 0.1658841 0.2912664 0.0000000 0.2570986 0.2434123 0.1111803 0.2360721 0.1055115 0.2690855 0.1089085 0.1227790 0.0874971 0.2499024 0.0451002 0.2511244 0.0991372 0.1279288 0.1129762 0.0861309 0.2430413 0.3125445 0.3018162 0.2019731 0.0491654 0.2565825 0.2967464 0.1579977 0.1480641 0.1301298 0.1121518 0.2909900 0.0580986 0.0248735 0.1412624 0.0252616 0.1523559 0.1930817 0.0287554 0.2001181 0.1931129 0.1593714 0.2217895 0.2280621 0.1637968 
Perityle_harkerae_31                       0.2077026 0.2685779 0.2354519 0.3048417 0.2205726 0.1399773 0.2660987 0.2298077 0.1374327 0.2492711 0.2628354 0.2316982 0.2699442 0.2026620 0.2506490 0.1678122 0.0629538 0.1160449 0.1630893 0.1406593 0.2302046 0.2235529 0.1961161 0.1153636 0.2560068 0.2493389 0.1943002 0.2498678 0.1892805 0.2528885 0.1787219 0.1496481 0.2869127 0.2048101 0.2564173 0.1499884 0.2056568 0.1238269 0.2383458 0.2825895 0.1405763 0.0820451 0.2570986 0.0000000 0.1755637 0.2445103 0.2949312 0.2688243 0.0254809 0.2464992 0.1424402 0.2180758 0.2043547 0.2293320 0.0999189 0.1753421 0.1505405 0.2560600 0.2204802 0.2058741 0.2697850 0.1771051 0.0669227 0.1933407 0.1470299 0.2506963 0.1455125 0.2410662 0.1807973 0.2559762 0.0640171 0.1812720 0.2106203 0.1546763 0.1845336 0.1621806 0.2616262 0.2261379 0.3096406 0.0880207 0.2887416 0.1310858 0.1641017 0.2143270 
Perityle_hofmeisteria_4_nombre_de_dios     0.1918644 0.3044070 0.3296289 0.3350619 0.2028976 0.2281464 0.2541455 0.2445599 0.1339851 0.1974315 0.2394845 0.2258118 0.2806090 0.2587011 0.2451540 0.2202789 0.0691746 0.1109128 0.1797787 0.1337690 0.2373892 0.2060116 0.1804634 0.1066596 0.2345382 0.1677118 0.1558038 0.1805400 0.1993877 0.2634120 0.1866648 0.2643931 0.2668874 0.2263921 0.2471076 0.1356575 0.2059485 0.0361330 0.2397884 0.3118377 0.1920919 0.2274314 0.2434123 0.1755637 0.0000000 0.2214570 0.3934052 0.2472132 0.0688390 0.2241378 0.1436536 0.2005660 0.2192809 0.2238676 0.1934109 0.1270927 0.2131890 0.2278625 0.1730135 0.2956060 0.2892696 0.2967876 0.0764078 0.1681923 0.2431614 0.2592788 0.2403776 0.2787227 0.1741085 0.2377419 0.0658243 0.1448856 0.1959563 0.1888615 0.1912865 0.2349078 0.1942569 0.2236850 0.2993746 0.1482088 0.3159386 0.1407268 0.2035169 0.2237635 
