84
Amauria_carterae_99_mesa                   0.0000000 0.0567384 0.1261954 0.0760669 0.0976886 0.0925997 0.2141917 0.0647917 0.0993665 0.0684261 0.0723818 0.0647489 0.0754627 0.0746038 0.0746138 0.0701001 0.0807029 0.0441630 0.0685151 0.0705845 0.0707236 0.0927854 0.0725857 0.0828685 0.0676131 0.0846704 0.0686066 0.0721941 0.0665165 0.0862907 0.1035269 0.0647917 0.0849232 0.0741909 0.0489732 0.0759654 0.0895754 0.0726249 0.0805904 0.0627236 0.0460070 0.0746384 0.0664557 0.0974442 0.0750820 0.0749444 0.0726548 0.0663972 0.0766161 0.0685691 0.0766217 0.0548885 0.0755694 0.0663692 0.0818576 0.0744825 0.0705788 0.0706711 0.0815360 0.0734828 0.0531869 0.0623607 0.0705431 0.0685819 0.0807182 0.0712693 0.0825492 0.1012612 0.0867048 0.0787202 0.0721941 0.0685443 0.0808352 0.0745555 0.0656319 0.0752618 0.0765768 0.0806053 0.0752393 0.1166411 0.0666193 0.0787322 0.0619525 0.0624354 
Amauria_rotundifolia_SRR9119150            0.0567384 0.0000000 0.1513791 0.1642989 0.1534954 0.0867782 0.2490740 0.0819133 0.2376846 0.2498717 0.0756129 0.1191472 0.0745313 0.1568323 0.1044158 0.1089267 0.0798791 0.0594245 0.1801114 0.1829728 0.0964654 0.3149456 0.1082017 0.2240213 0.1646840 0.2975159 0.1269474 0.0999157 0.0587207 0.2393273 0.2055501 0.0500071 0.1823243 0.1104795 0.0402423 0.0894115 0.2230371 0.1173444 0.0952531 0.2126268 0.0490627 0.1682572 0.1182995 0.3273282 0.1928789 0.2103655 0.2220083 0.1517039 0.2223579 0.2644715 0.1903549 0.2569924 0.2022394 0.1317877 0.0746720 0.0978982 0.1938962 0.2165267 0.3070319 0.0537488 0.0434842 0.0571271 0.2390417 0.1236210 0.1309203 0.1102944 0.2272894 0.0919512 0.1148348 0.2809686 0.2397539 0.2346180 0.1768040 0.1616844 0.0587370 0.1373343 0.2331867 0.1702235 0.1694634 0.1244687 0.2612310 0.1786086 0.0610378 0.0713860 
Conoclinium_coelestinum_SRR9119114         0.1261954 0.1513791 0.0000000 0.1477413 0.0985923 0.1198777 0.2976419 0.1688562 0.1641149 0.1689818 0.1161789 0.1296765 0.1333185 0.1760836 0.1581767 0.1532748 0.1266584 0.0674258 0.1355596 0.1569222 0.1135762 0.1663920 0.1445055 0.1634554 0.1674418 0.1782595 0.1854801 0.1499261 0.1243303 0.1643391 0.1882441 0.1710174 0.1739766 0.1641343 0.0859363 0.1285955 0.1617154 0.1718374 0.1432071 0.1595604 0.0828123 0.1646005 0.1727462 0.1857033 0.1637885 0.1590607 0.1632895 0.1763337 0.1971900 0.1595356 0.1555089 0.1734263 0.1565216 0.1610013 0.1300606 0.1497069 0.1631542 0.1706104 0.2437226 0.0662420 0.0921793 0.1019825 0.1691467 0.1810522 0.1751560 0.1628788 0.1758789 0.1490976 0.1494124 0.1690454 0.1627346 0.1716677 0.1651921 0.1686015 0.1068858 0.1702847 0.1550194 0.1538518 0.1830276 0.2060740 0.1631913 0.1692190 0.1225738 0.1222549 
Eutetras_palmeri_63                        0.0760669 0.1642989 0.1477413 0.0000000 0.1337988 0.1111933 0.3063417 0.1309730 0.1204262 0.1718528 0.0565792 0.1138298 0.0643496 0.1768377 0.0774491 0.1156527 0.0704326 0.0440564 0.1692146 0.1629510 0.0801612 0.1728304 0.0891683 0.1530755 0.1907125 0.2141885 0.1576773 0.0709456 0.0538916 0.1355272 0.1935345 0.1152883 0.1480811 0.0740441 0.0373502 0.0519995 0.1234098 0.1411857 0.0636613 0.1582226 0.0285947 0.1427853 0.1443823 0.1984287 0.1663571 0.1550357 0.1630455 0.1847369 0.2119333 0.1614459 0.1582195 0.1948043 0.1752337 0.1499402 0.0560046 0.0815112 0.1665119 0.1675789 0.2699086 0.0498292 0.0425276 0.0564896 0.1664760 0.1502369 0.1220694 0.1045536 0.1585928 0.0845237 0.0918503 0.1639696 0.1414599 0.1688390 0.1466780 0.1337731 0.0578163 0.1197121 0.1214547 0.1422734 0.1529430 0.1500018 0.1630443 0.1549556 0.0598887 0.0632586 
Eutrochium_fistulosum_SRR9119106           0.0976886 0.1534954 0.0985923 0.1337988 0.0000000 0.1041872 0.2959012 0.1504765 0.1515889 0.1425363 0.0833701 0.1248215 0.0962980 0.1424853 0.1000354 0.1116123 0.1058136 0.0670703 0.1290103 0.1405544 0.1005522 0.1405942 0.0990917 0.1338144 0.1453452 0.1669784 0.1568136 0.1079896 0.0977747 0.1531393 0.1675680 0.1115671 0.1305877 0.1123165 0.0611305 0.0979869 0.1631977 0.1337957 0.0968911 0.1344874 0.0581099 0.1366380 0.1450282 0.1676151 0.1310933 0.1313925 0.1406946 0.1465720 0.1629502 0.1338955 0.1222898 0.1662592 0.1382811 0.1492199 0.1021618 0.1179236 0.1432719 0.1448367 0.2477576 0.0695504 0.0787473 0.0875579 0.1455913 0.1524690 0.1304308 0.1425094 0.1626257 0.1174865 0.0977625 0.1306096 0.1529749 0.1418572 0.1327614 0.1282578 0.0942703 0.1632418 0.1587943 0.1297196 0.1438894 0.1980511 0.1406053 0.1397713 0.0962051 0.1008017 
Galeana_pratensis_104_mex                  0.0925997 0.0867782 0.1198777 0.1111933 0.1041872 0.0000000 0.1811724 0.1021402 0.1259023 0.1159434 0.1189523 0.1077320 0.0982746 0.1051764 0.1133560 0.1042113 0.1225097 0.0594673 0.1104639 0.1163227 0.1048228 0.1137426 0.1049202 0.0995960 0.0829307 0.1193647 0.1163209 0.1023972 0.1194018 0.0954955 0.1167761 0.1021402 0.1134485 0.1052145 0.0802492 0.1106196 0.1283887 0.1017984 0.1134000 0.1078945 0.0768780 0.1024255 0.0926807 0.1169415 0.1052142 0.1079439 0.1164263 0.0896519 0.1049062 0.1161158 0.1106106 0.0873648 0.1011078 0.1048081 0.1222843 0.1080635 0.1192121 0.1164516 0.1311474 0.0826935 0.1011198 0.1057641 0.1136741 0.1191844 0.1055547 0.1050438 0.1130892 0.1395587 0.1094929 0.1134063 0.1023972 0.1078757 0.0995960 0.1105457 0.1050357 0.1079006 0.1193576 0.1077156 0.1194676 0.1537249 0.1165566 0.1026404 0.0927864 0.1075806 
Helianthus_annuus_SRR9119062               0.2141917 0.2490740 0.2976419 0.3063417 0.2959012 0.1811724 0.0000000 0.2744851 0.3423924 0.2970409 0.2103322 0.2642383 0.2282557 0.2753646 0.2778129 0.3009595 0.2610743 0.0743343 0.2747342 0.3063917 0.1038500 0.3044933 0.3036278 0.3001896 0.2870269 0.2967936 0.3097072 0.2755796 0.1993285 0.2656952 0.3311957 0.2733284 0.3117137 0.2994965 0.0790142 0.2817468 0.3240709 0.2825795 0.2863899 0.2979926 0.0759434 0.2990415 0.2634825 0.3295518 0.3007156 0.2935429 0.3128288 0.2645129 0.3006059 0.2980455 0.2964995 0.2776384 0.2860074 0.2813916 0.2067656 0.2980619 0.3103761 0.3104608 0.3916884 0.1107449 0.1779562 0.1880691 0.3087611 0.3040146 0.3101313 0.2935475 0.3092889 0.3211112 0.2958237 0.3016859 0.2923517 0.2991837 0.2983437 0.3058220 0.1861422 0.3095132 0.2948953 0.3094141 0.3114009 0.2510619 0.3046338 0.3045350 0.2153902 0.2544278 
Lycapsus_tenuifolius_17                    0.0647917 0.0819133 0.1688562 0.1309730 0.1504765 0.1021402 0.2744851 0.0000000 0.1660769 0.1590211 0.0836146 0.1334100 0.0799181 0.1391080 0.1002073 0.1181859 0.0938277 0.0633880 0.1522950 0.1620417 0.1007866 0.1702688 0.1145953 0.1639308 0.1411656 0.2067346 0.1438464 0.1002245 0.0680797 0.1324418 0.1885418 0.0021492 0.1700984 0.1093424 0.0462288 0.0879386 0.1610539 0.1197257 0.0937528 0.1448706 0.0491710 0.1672839 0.1254831 0.1893617 0.1625368 0.1611466 0.1632789 0.1285027 0.2266618 0.1636508 0.1568774 0.1428818 0.1642337 0.1362425 0.0861278 0.0966019 0.1687074 0.1681104 0.3076598 0.0605934 0.0565917 0.0709850 0.1527280 0.1336468 0.1387922 0.1412765 0.1595939 0.1021792 0.1227090 0.1639550 0.1435671 0.1642901 0.1605877 0.1668540 0.0708565 0.1701776 0.1575301 0.1674435 0.1706466 0.1417470 0.1630450 0.1660765 0.0632542 0.0716390 
Pericome_caudata_50_silver                 0.0993665 0.2376846 0.1641149 0.1204262 0.1515889 0.1259023 0.3423924 0.1660769 0.0000000 0.2275974 0.0915136 0.1460786 0.1047598 0.2189693 0.1191477 0.1344814 0.1115675 0.0591861 0.2080419 0.2089647 0.0921024 0.2791395 0.1304644 0.2230453 0.2379234 0.2494052 0.1931174 0.1093044 0.0832944 0.2057742 0.2161868 0.1490142 0.1903532 0.1178732 0.0490010 0.1082957 0.1526072 0.1762334 0.1178279 0.2199492 0.0460330 0.1937441 0.1886978 0.2561365 0.2090356 0.2183911 0.2201644 0.2237277 0.2568895 0.2485658 0.2189828 0.2477239 0.2271686 0.1940912 0.0917870 0.1265486 0.2249674 0.2200570 0.2784455 0.0729384 0.0754292 0.0863959 0.2347521 0.1882125 0.1602014 0.1342281 0.1676542 0.1322570 0.1368208 0.2551391 0.1928280 0.2446767 0.1964007 0.1790448 0.0885339 0.1508319 0.1685536 0.1929721 0.1996868 0.1950950 0.2558140 0.1982744 0.0999534 0.0937881 
Perityle_aglossa_84_dead_horse             0.0684261 0.2498717 0.1689818 0.1718528 0.1425363 0.1159434 0.2970409 0.1590211 0.2275974 0.0000000 0.0424983 0.0253613 0.0318665 0.1626884 0.0638364 0.1275185 0.0867800 0.0071563 0.0572464 0.0668098 0.0447575 0.1425767 0.0457251 0.1385527 0.1494162 0.2462855 0.1241479 0.0807243 0.0577118 0.2277195 0.1993056 0.1253326 0.1047277 0.0899780 0.0490819 0.0387159 0.2249268 0.0893942 0.0611767 0.1126603 0.0461090 0.0511222 0.0981441 0.2135290 0.1046955 0.1173030 0.1227090 0.1506090 0.1270107 0.1006971 0.0921564 0.1827932 0.1083809 0.1130869 0.0587013 0.0543734 0.0817876 0.1179764 0.2625474 0.0688913 0.0597776 0.0368886 0.1171757 0.1228824 0.0651974 0.1361039 0.2254260 0.0485996 0.0556721 0.1472274 0.2422916 0.1202712 0.1018641 0.0359468 0.0180073 0.1710050 0.2165743 0.0732380 0.0458005 0.1654446 0.1134789 0.0876776 0.0567997 0.0514273 
Perityle_ajoensis_204                      0.0723818 0.0756129 0.1161789 0.0565792 0.0833701 0.1189523 0.2103322 0.0836146 0.0915136 0.0424983 0.0000000 0.0391452 0.0373471 0.0624416 0.0374630 0.0675250 0.0634796 0.0477569 0.0374777 0.0476440 0.0810863 0.0276179 0.0407741 0.0442247 0.0745362 0.0460297 0.0806819 0.0516862 0.0537045 0.0659313 0.0886755 0.0836146 0.0426255 0.0550591 0.0461274 0.0203537 0.0906536 0.0718094 0.0184095 0.0425836 0.0372987 0.0408113 0.0719277 0.0999370 0.0476060 0.0403625 0.0510503 0.0737153 0.0176905 0.0425195 0.0243083 0.0664215 0.0355559 0.0611382 0.0517102 0.0541116 0.0526925 0.0544343 0.1754725 0.0528607 0.0569522 0.0567581 0.0477240 0.0771313 0.0563205 0.0827204 0.0769586 0.0506086 0.0362001 0.0259810 0.0664425 0.0442137 0.0425277 0.0526301 0.0385467 0.0880331 0.0617840 0.0231631 0.0580285 0.1375823 0.0510434 0.0598484 0.0557158 0.0552474 
Perityle_ambrosiifolia_67_green            0.0647489 0.1191472 0.1296765 0.1138298 0.1248215 0.1077320 0.2642383 0.1334100 0.1460786 0.0253613 0.0391452 0.0000000 0.0246697 0.0814703 0.0264488 0.1068207 0.0747381 0.0071644 0.0192571 0.0318063 0.0448114 0.0529205 0.0206750 0.0241494 0.0621272 0.1354870 0.0794790 0.0643347 0.0557504 0.1297922 0.1630555 0.0990042 0.0479551 0.0666793 0.0491278 0.0341315 0.1414954 0.0608455 0.0454842 0.0240495 0.0461520 0.0305002 0.0702500 0.0826143 0.0274065 0.0192820 0.0370309 0.0715599 0.0369712 0.0229136 0.0396748 0.0840784 0.0387825 0.0648740 0.0537759 0.0409391 0.0356866 0.0356994 0.2654861 0.0657540 0.0510833 0.0298989 0.0353167 0.0760987 0.0442533 0.1183218 0.1352954 0.0411289 0.0588622 0.0410197 0.1180144 0.0227574 0.0204712 0.0327496 0.0079613 0.1416308 0.1264827 0.0433448 0.0367968 0.1615999 0.0344097 0.0469162 0.0477918 0.0480627 
Perityle_angustifolia_13_Eagle_creek       0.0754627 0.0745313 0.1333185 0.0643496 0.0962980 0.0982746 0.2282557 0.0799181 0.1047598 0.0318665 0.0373471 0.0246697 0.0000000 0.0546425 0.0164903 0.0824767 0.0797417 0.0035739 0.0238866 0.0412268 0.0306228 0.0491751 0.0256557 0.0287475 0.0670317 0.0602485 0.0870724 0.0878379 0.0541992 0.0776525 0.1150188 0.0799181 0.0428877 0.0846398 0.0461480 0.0481837 0.0821702 0.0579573 0.0430528 0.0365100 0.0431836 0.0271915 0.0780200 0.0891068 0.0344111 0.0303874 0.0459621 0.0780193 0.0505911 0.0317852 0.0350261 0.0628939 0.0104540 0.0743275 0.0548527 0.0474863 0.0474615 0.0475109 0.1241085 0.0624894 0.0557045 0.0416052 0.0365916 0.0837872 0.0319431 0.0858158 0.0916022 0.0493239 0.0351805 0.0381382 0.0846512 0.0333622 0.0256809 0.0425780 0.0231850 0.0908251 0.0784468 0.0365161 0.0415135 0.1454003 0.0443719 0.0366769 0.0596481 0.0595969 
Perityle_batopilensis_97                   0.0746038 0.1568323 0.1760836 0.1768377 0.1424853 0.1051764 0.2753646 0.1391080 0.2189693 0.1626884 0.0624416 0.0814703 0.0546425 0.0000000 0.0858327 0.1381246 0.0985509 0.0254242 0.1258141 0.1420574 0.0566141 0.1535801 0.0866338 0.1393782 0.1379799 0.2234872 0.1262787 0.1074754 0.0700405 0.1885535 0.1929910 0.1112167 0.1656602 0.1093644 0.0552765 0.0955548 0.1872882 0.0486891 0.0940475 0.1298223 0.0522689 0.1352544 0.1272888 0.1894686 0.1574564 0.1305093 0.1494039 0.1536688 0.1955644 0.1504167 0.1415445 0.1527707 0.1572856 0.1187614 0.0761719 0.0808971 0.1449177 0.1539172 0.2867542 0.0703345 0.0695055 0.0543180 0.1541967 0.1191743 0.1031282 0.1440288 0.2180008 0.0823518 0.0925822 0.1516220 0.1944212 0.1494571 0.1373747 0.1332747 0.0447506 0.1840207 0.2140037 0.1446251 0.1449092 0.1370111 0.1481653 0.1390260 0.0452941 0.0714755 
Perityle_bisetosa_9                        0.0746138 0.1044158 0.1581767 0.0774491 0.1000354 0.1133560 0.2778129 0.1002073 0.1191477 0.0638364 0.0374630 0.0264488 0.0164903 0.0858327 0.0000000 0.0905180 0.0756481 0.0071563 0.0215839 0.0475974 0.0409734 0.0469901 0.0307620 0.0322897 0.0918782 0.0763759 0.1136201 0.0822131 0.0577185 0.0915079 0.1306190 0.1022835 0.0405146 0.0825876 0.0520994 0.0418349 0.1024183 0.0766305 0.0427697 0.0335921 0.0491133 0.0380192 0.0934674 0.1063684 0.0300158 0.0339373 0.0572118 0.1041492 0.1214642 0.0411852 0.0320862 0.0777312 0.0355145 0.0922547 0.0585898 0.0527095 0.0521007 0.0624808 0.1850771 0.0690029 0.0569572 0.0345953 0.0509293 0.1125071 0.0367281 0.1027639 0.1074751 0.0334415 0.0380734 0.0381508 0.0883623 0.0539648 0.0303622 0.0469251 0.0220568 0.1132025 0.1104147 0.0418813 0.0482784 0.1675387 0.0573281 0.0439852 0.0570392 0.0534067 
Perityle_californica_76_positas            0.0701001 0.1089267 0.1532748 0.1156527 0.1116123 0.1042113 0.3009595 0.1181859 0.1344814 0.1275185 0.0675250 0.1068207 0.0824767 0.1381246 0.0905180 0.0000000 0.0889369 0.0440093 0.1129682 0.1261810 0.0881988 0.1328473 0.1235376 0.1341379 0.1265220 0.1446044 0.1323229 0.0991444 0.0537780 0.1181389 0.1593743 0.1171712 0.1304785 0.0993340 0.0518879 0.0833842 0.1165575 0.1357811 0.0947661 0.1186175 0.0489143 0.1307921 0.1119871 0.1414435 0.1299027 0.1260294 0.1276145 0.1091909 0.1502643 0.1242512 0.1189385 0.1295039 0.1230960 0.1267649 0.0756709 0.1016899 0.1318757 0.1334186 0.2665355 0.0502128 0.0527897 0.0620653 0.1306830 0.1295276 0.1417423 0.1181101 0.1318484 0.0905033 0.1226555 0.1273034 0.1302539 0.1305305 0.1285257 0.1285412 0.0652079 0.1298084 0.1360097 0.1313002 0.1368307 0.1300623 0.1300814 0.1418268 0.0666096 0.0746934 
Perityle_canescens_77                      0.0807029 0.0798791 0.1266584 0.0704326 0.1058136 0.1225097 0.2610743 0.0938277 0.1115675 0.0867800 0.0634796 0.0747381 0.0797417 0.0985509 0.0756481 0.0889369 0.0000000 0.0517306 0.0814028 0.0822715 0.0842014 0.0913617 0.0828036 0.0885255 0.1058500 0.0943986 0.0945130 0.0776358 0.0703900 0.0855992 0.1223357 0.0926042 0.0946273 0.0824419 0.0491681 0.0586678 0.0963064 0.1018162 0.0815399 0.0763320 0.0402967 0.0867914 0.0884650 0.1055283 0.0867029 0.0816567 0.0880027 0.0911634 0.0777454 0.0813641 0.0809261 0.0942583 0.0885551 0.0901424 0.0728567 0.0835508 0.0867004 0.0894526 0.1844994 0.0497433 0.0453300 0.0735902 0.0912959 0.0929890 0.0942689 0.0941877 0.1059775 0.1139183 0.0953813 0.0851624 0.0777799 0.0880123 0.0870311 0.0912039 0.0752503 0.0986395 0.0291437 0.0784921 0.0984790 0.1517780 0.0864765 0.0987236 0.0744356 0.0633109 
Perityle_castillonii_96                    0.0441630 0.0594245 0.0674258 0.0440564 0.0670703 0.0594673 0.0743343 0.0633880 0.0591861 0.0071563 0.0477569 0.0071644 0.0035739 0.0254242 0.0071563 0.0440093 0.0517306 0.0000000 0.0035739 0.0143666 0.0298832 0.0515517 0.0217096 0.0107720 0.0290271 0.0477711 0.0517985 0.0631526 0.0441401 0.0515461 0.0480449 0.0633880 0.0479286 0.0670362 0.0594360 0.0440549 0.0441236 0.0217275 0.0515517 0.0107720 0.0555874 0.0107720 0.0556268 0.0479940 0.0144202 0.0107720 0.0216529 0.0517526 0.0439962 0.0143815 0.0439962 0.0180481 0.0143805 0.0477281 0.0477711 0.0216931 0.0253018 0.0216603 0.0479166 0.0591120 0.0396925 0.0253152 0.0071712 0.0517985 0.0180901 0.0671243 0.0478350 0.0373128 0.0476740 0.0440272 0.0631526 0.0071644 0.0107720 0.0107709 0.0107720 0.0749887 0.0515923 0.0439962 0.0143983 0.0595784 0.0180010 0.0180519 0.0404379 0.0291733 
Perityle_cernua_84                         0.0685151 0.1801114 0.1355596 0.1692146 0.1290103 0.1104639 0.2747342 0.1522950 0.2080419 0.0572464 0.0374777 0.0192571 0.0238866 0.1258141 0.0215839 0.1129682 0.0814028 0.0035739 0.0000000 0.0369383 0.0409734 0.0449510 0.0317304 0.0373705 0.0622813 0.1984295 0.0800540 0.0773855 0.0556799 0.1840704 0.1936326 0.1052635 0.0436872 0.0757093 0.0461480 0.0437141 0.1982041 0.0550394 0.0493167 0.0289198 0.0431836 0.0280432 0.0711044 0.0876410 0.0317779 0.0386122 0.0391684 0.0729993 0.0318480 0.0244474 0.0345955 0.1404610 0.0326050 0.0718630 0.0569918 0.0518789 0.0391821 0.0380373 0.2594467 0.0624894 0.0539756 0.0345559 0.0309804 0.0741848 0.0393391 0.1239168 0.2005061 0.0410181 0.0492039 0.0380574 0.1896031 0.0277759 0.0339987 0.0309172 0.0159947 0.1585159 0.1854333 0.0370714 0.0366518 0.1633462 0.0380612 0.0459568 0.0618049 0.0556008 
Perityle_cfvillosa_25_tin                  0.0705845 0.1829728 0.1569222 0.1629510 0.1405544 0.1163227 0.3063917 0.1620417 0.2089647 0.0668098 0.0476440 0.0318063 0.0412268 0.1420574 0.0475974 0.1261810 0.0822715 0.0143666 0.0369383 0.0000000 0.0531380 0.0724016 0.0497025 0.0598129 0.0866254 0.1939566 0.1033623 0.0790791 0.0661195 0.1745135 0.1869913 0.1223571 0.0717609 0.0899611 0.0550226 0.0499159 0.2009805 0.0882482 0.0695470 0.0430143 0.0520294 0.0330904 0.0968622 0.1136195 0.0587797 0.0612031 0.0087545 0.0993792 0.1054248 0.0366712 0.0585227 0.1541973 0.0662012 0.1017543 0.0673928 0.0496536 0.0107017 0.0126727 0.2427622 0.0754274 0.0510533 0.0393124 0.0419259 0.1017141 0.0661643 0.1217602 0.2078811 0.0688445 0.0679302 0.0659636 0.1938880 0.0316197 0.0556262 0.0380768 0.0323911 0.1559496 0.1786318 0.0583559 0.0433898 0.1719672 0.0087524 0.0574136 0.0569108 0.0568915 
Perityle_cinerea_113_Powell1310            0.0707236 0.0964654 0.1135762 0.0801612 0.1005522 0.1048228 0.1038500 0.1007866 0.0921024 0.0447575 0.0810863 0.0448114 0.0306228 0.0566141 0.0409734 0.0881988 0.0842014 0.0298832 0.0409734 0.0531380 0.0000000 0.0851621 0.0524746 0.0486680 0.0681292 0.0800034 0.0843376 0.0872270 0.0667300 0.0880615 0.0762649 0.1007866 0.0718866 0.0914404 0.0789681 0.0624483 0.0802915 0.0605191 0.0745858 0.0532527 0.0748277 0.0454231 0.0884464 0.0804097 0.0526277 0.0486680 0.0570795 0.0802184 0.0770649 0.0524787 0.0730205 0.0487178 0.0524746 0.0881685 0.0746589 0.0503874 0.0610624 0.0610624 0.0885932 0.0905642 0.0622996 0.0467967 0.0525762 0.0843376 0.0486626 0.1004861 0.0801433 0.1262476 0.0759225 0.0771208 0.0963789 0.0494003 0.0486680 0.0448065 0.0384755 0.1128862 0.0841018 0.0664245 0.0566410 0.0833565 0.0570795 0.0603937 0.0584518 0.0585976 
Perityle_coahuilensis_24                   0.0927854 0.3149456 0.1663920 0.1728304 0.1405942 0.1137426 0.3044933 0.1702688 0.2791395 0.1425767 0.0276179 0.0529205 0.0491751 0.1535801 0.0469901 0.1328473 0.0913617 0.0515517 0.0449510 0.0724016 0.0851621 0.0000000 0.0384337 0.0416228 0.0951195 0.2573183 0.1050155 0.0923280 0.0601107 0.2403788 0.1928390 0.1304333 0.0452228 0.0915988 0.0461247 0.0532852 0.2370547 0.1041103 0.0219761 0.0525045 0.0372965 0.0563575 0.0970895 0.2111274 0.0548755 0.0549948 0.0678741 0.0954665 0.0884912 0.1221663 0.0221737 0.2120124 0.0512729 0.0995926 0.0571866 0.0788067 0.0741477 0.0715702 0.2619881 0.0528074 0.0749888 0.0660530 0.0596006 0.1021975 0.0692023 0.1380617 0.2303277 0.0643022 0.0445700 0.0306196 0.2320986 0.0618932 0.0444433 0.0697468 0.0469864 0.1679322 0.2308411 0.0353518 0.0786112 0.1641559 0.0705636 0.0739117 0.0770423 0.0716300 
Perityle_cochisensis_44_cave_creek         0.0725857 0.1082017 0.1445055 0.0891683 0.0990917 0.1049202 0.3036278 0.1145953 0.1304644 0.0457251 0.0407741 0.0206750 0.0256557 0.0866338 0.0307620 0.1235376 0.0828036 0.0217096 0.0317304 0.0497025 0.0524746 0.0384337 0.0000000 0.0242015 0.0787486 0.0931584 0.0985807 0.0838309 0.0515881 0.1072219 0.1465007 0.1131758 0.0396260 0.0835175 0.0579790 0.0450111 0.1190541 0.0799065 0.0298457 0.0396007 0.0549771 0.0323176 0.0935448 0.1018580 0.0369628 0.0337032 0.0547434 0.0962973 0.0635000 0.0443927 0.0249711 0.0730998 0.0418421 0.0858731 0.0485602 0.0556508 0.0546699 0.0559574 0.2310531 0.0688975 0.0539802 0.0346510 0.0482326 0.0947723 0.0481258 0.1109197 0.1255198 0.0295109 0.0443153 0.0298264 0.1056036 0.0458976 0.0195708 0.0515598 0.0221010 0.1219217 0.0959622 0.0331512 0.0570851 0.1735981 0.0534528 0.0469850 0.0590092 0.0605128 
Perityle_congesta_202                      0.0828685 0.2240213 0.1634554 0.1530755 0.1338144 0.0995960 0.3001896 0.1639308 0.2230453 0.1385527 0.0442247 0.0241494 0.0287475 0.1393782 0.0322897 0.1341379 0.0885255 0.0107720 0.0373705 0.0598129 0.0486680 0.0416228 0.0242015 0.0000000 0.1020315 0.1983351 0.1138112 0.0902225 0.0578354 0.2143446 0.1971720 0.1256754 0.0506785 0.0910559 0.0581285 0.0563766 0.2178712 0.0889163 0.0427789 0.0414678 0.0551185 0.0364889 0.1012664 0.1834409 0.0421441 0.0219663 0.0678129 0.1162666 0.1137679 0.0992375 0.0335285 0.1881153 0.0471976 0.1004628 0.0621717 0.0612865 0.0608094 0.0790879 0.2762467 0.0657772 0.0511468 0.0275971 0.0725205 0.1105681 0.0516588 0.1328507 0.2009516 0.0372422 0.0543327 0.0352417 0.2146032 0.0637151 0.0063957 0.0602941 0.0079513 0.1680366 0.2311448 0.0465813 0.0654970 0.1740521 0.0614321 0.0597265 0.0690215 0.0642343 
Perityle_cordifolia_27                     0.0676131 0.1646840 0.1674418 0.1907125 0.1453452 0.0829307 0.2870269 0.1411656 0.2379234 0.1494162 0.0745362 0.0621272 0.0670317 0.1379799 0.0918782 0.1265220 0.1058500 0.0290271 0.0622813 0.0866254 0.0681292 0.0951195 0.0787486 0.1020315 0.0000000 0.2472733 0.1058780 0.1010436 0.0780755 0.2135520 0.2021539 0.0992989 0.1074882 0.1040481 0.0551230 0.0959733 0.2345212 0.0757537 0.0944058 0.0734766 0.0521240 0.0907659 0.0887159 0.1449472 0.1029335 0.0866834 0.1005767 0.0968518 0.1531268 0.0792049 0.0865759 0.1218111 0.0917061 0.0936902 0.0828115 0.0844264 0.0885976 0.1033177 0.2967984 0.0636507 0.0545319 0.0469613 0.0995402 0.1035415 0.0659753 0.1487328 0.2410138 0.0988315 0.0829895 0.0971810 0.2256276 0.1009193 0.1009351 0.0967440 0.0594246 0.1850307 0.2290160 0.0867867 0.0922881 0.1258474 0.0905464 0.0664581 0.0519850 0.0721738 
Perityle_cordifolia_68_tecolote            0.0846704 0.2975159 0.1782595 0.2141885 0.1669784 0.1193647 0.2967936 0.2067346 0.2494052 0.2462855 0.0460297 0.1354870 0.0602485 0.2234872 0.0763759 0.1446044 0.0943986 0.0477711 0.1984295 0.1939566 0.0800034 0.2573183 0.0931584 0.1983351 0.2472733 0.0000000 0.2057076 0.0902634 0.0619479 0.2702947 0.2360706 0.1476328 0.1639066 0.0982908 0.0431717 0.0563824 0.2498350 0.1759697 0.0527277 0.2139013 0.0343721 0.1588230 0.1733434 0.3156177 0.1865835 0.2001112 0.2406330 0.2342636 0.2123758 0.2439124 0.1638666 0.2807547 0.2021954 0.1858666 0.0063226 0.0799589 0.2116256 0.2351344 0.3033144 0.0464505 0.0540803 0.0561966 0.2380595 0.2030903 0.1356582 0.1462964 0.2744884 0.0721111 0.0906428 0.2453044 0.2473010 0.2461050 0.1728629 0.1832599 0.0470649 0.1933342 0.3110793 0.1490508 0.1865998 0.1732923 0.2651106 0.1948786 0.0650484 0.0750252 
Perityle_coronopifolia_28_patagonia        0.0686066 0.1269474 0.1854801 0.1576773 0.1568136 0.1163209 0.3097072 0.1438464 0.1931174 0.1241479 0.0806819 0.0794790 0.0870724 0.1262787 0.1136201 0.1323229 0.0945130 0.0517985 0.0800540 0.1033623 0.0843376 0.1050155 0.0985807 0.1138112 0.1058780 0.2057076 0.0000000 0.0968643 0.0639027 0.1633901 0.1798070 0.1172653 0.1194331 0.1130655 0.0402621 0.0852418 0.1714030 0.0910938 0.1011905 0.0991700 0.0431851 0.1065375 0.0868635 0.1257114 0.1195628 0.1033731 0.1178814 0.0937942 0.1590282 0.1008043 0.1008705 0.1228271 0.1153604 0.0853945 0.1030123 0.0981252 0.1073825 0.1200420 0.2508051 0.0494827 0.0657869 0.0733384 0.1140513 0.0115134 0.1150402 0.1533763 0.1763904 0.0932360 0.0959828 0.1105722 0.1579588 0.1158745 0.1140340 0.1026805 0.0728098 0.1796267 0.1877675 0.1059345 0.1146450 0.1216063 0.1140509 0.1178556 0.0711003 0.0608923 
Perityle_crassifolia_70_ventanas           0.0721941 0.0999157 0.1499261 0.0709456 0.1079896 0.1023972 0.2755796 0.1002245 0.1093044 0.0807243 0.0516862 0.0643347 0.0878379 0.1074754 0.0822131 0.0991444 0.0776358 0.0631526 0.0773855 0.0790791 0.0872270 0.0923280 0.0838309 0.0902225 0.1010436 0.0902634 0.0968643 0.0000000 0.0331944 0.0909957 0.1360191 0.1002245 0.0811067 0.0056868 0.0461260 0.0634244 0.1074902 0.1075831 0.0758366 0.0774831 0.0372972 0.0839992 0.0999450 0.1176464 0.0883527 0.0872514 0.0790588 0.1016725 0.0970594 0.0789684 0.0794361 0.0900800 0.0903942 0.1031742 0.0736529 0.0897860 0.0821518 0.0822363 0.1109913 0.0463280 0.0655433 0.0561384 0.0793413 0.1000924 0.0855984 0.0876710 0.0970217 0.0884453 0.0831716 0.0826433 0.0056876 0.0806179 0.0870743 0.0805155 0.0639937 0.0925690 0.0870571 0.0746374 0.0892630 0.1566020 0.0791162 0.0935361 0.0687830 0.0674871 
Perityle_crassifolia_74_playa_balandra     0.0665165 0.0587207 0.1243303 0.0538916 0.0977747 0.1194018 0.1993285 0.0680797 0.0832944 0.0577118 0.0537045 0.0557504 0.0541992 0.0700405 0.0577185 0.0537780 0.0703900 0.0441401 0.0556799 0.0661195 0.0667300 0.0601107 0.0515881 0.0578354 0.0780755 0.0619479 0.0639027 0.0331944 0.0000000 0.0697818 0.0662696 0.0680797 0.0579997 0.0351927 0.0403412 0.0463252 0.0755876 0.0724555 0.0510505 0.0558191 0.0373897 0.0558342 0.0588674 0.0820903 0.0666577 0.0578670 0.0681361 0.0588078 0.0536518 0.0578046 0.0558202 0.0543421 0.0607201 0.0563114 0.0620047 0.0619246 0.0702675 0.0703642 0.0732728 0.0432017 0.0538657 0.0553012 0.0598989 0.0638786 0.0661730 0.0703372 0.0700763 0.0943550 0.0627555 0.0538060 0.0331944 0.0619835 0.0557990 0.0640225 0.0603491 0.0767626 0.0640131 0.0536524 0.0725301 0.1328403 0.0682565 0.0725822 0.0590925 0.0582779 
Perityle_cuneata_34_cuneata_San_antonio    0.0862907 0.2393273 0.1643391 0.1355272 0.1531393 0.0954955 0.2656952 0.1324418 0.2057742 0.2277195 0.0659313 0.1297922 0.0776525 0.1885535 0.0915079 0.1181389 0.0855992 0.0515461 0.1840704 0.1745135 0.0880615 0.2403788 0.1072219 0.2143446 0.2135520 0.2702947 0.1633901 0.0909957 0.0697818 0.0000000 0.2037923 0.1145095 0.1631598 0.1024750 0.0459906 0.0710069 0.1920883 0.1455819 0.0837216 0.2207232 0.0371885 0.1521830 0.1505004 0.2647337 0.1699782 0.2221033 0.1918776 0.1917898 0.2291605 0.2278638 0.1773876 0.2483114 0.2040404 0.1644170 0.0796674 0.0877531 0.1892437 0.1874960 0.2933786 0.0374846 0.0561246 0.0675669 0.1920399 0.1594417 0.1325079 0.1271754 0.2111410 0.1009151 0.1067291 0.2154732 0.1901546 0.2056292 0.1683546 0.1334886 0.0749613 0.1540208 0.2220980 0.1628716 0.1493386 0.1345454 0.2100836 0.1716134 0.0687017 0.0689148 
Perityle_cuneata_4                         0.1035269 0.2055501 0.1882441 0.1935345 0.1675680 0.1167761 0.3311957 0.1885418 0.2161868 0.1993056 0.0886755 0.1630555 0.1150188 0.1929910 0.1306190 0.1593743 0.1223357 0.0480449 0.1936326 0.1869913 0.0762649 0.1928390 0.1465007 0.1971720 0.2021539 0.2360706 0.1798070 0.1360191 0.0662696 0.2037923 0.0000000 0.1517944 0.2005550 0.1318860 0.0373666 0.0951109 0.2141390 0.1729906 0.1080021 0.1855040 0.0344289 0.1875272 0.1848193 0.2179042 0.2058873 0.1941916 0.1895633 0.2013926 0.2451187 0.1943716 0.1841401 0.2052035 0.2023909 0.1810694 0.1017891 0.1157594 0.1902106 0.1969814 0.3021404 0.0529921 0.0573235 0.0787676 0.1957233 0.1729252 0.1832452 0.1641866 0.2152907 0.1220841 0.1534505 0.1926177 0.2120767 0.1954803 0.1952817 0.1958277 0.0750022 0.1920307 0.2057598 0.1841818 0.2003992 0.2000337 0.1897079 0.2122566 0.0895011 0.0867215 
Perityle_discoidea_81                      0.0647917 0.0500071 0.1710174 0.1152883 0.1115671 0.1021402 0.2733284 0.0021492 0.1490142 0.1253326 0.0836146 0.0990042 0.0799181 0.1112167 0.1022835 0.1171712 0.0926042 0.0633880 0.1052635 0.1223571 0.1007866 0.1304333 0.1131758 0.1256754 0.0992989 0.1476328 0.1172653 0.1002245 0.0680797 0.1145095 0.1517944 0.0000000 0.1315769 0.1093424 0.0462288 0.0879386 0.1435396 0.1060570 0.0937528 0.1050014 0.0491710 0.1283671 0.0828428 0.1494246 0.1228463 0.1177821 0.1285820 0.0858723 0.1892721 0.1218155 0.1176505 0.0986231 0.1206124 0.1080889 0.0861278 0.0966019 0.1303851 0.1322685 0.2662483 0.0605934 0.0565917 0.0709850 0.1186695 0.1121923 0.1270904 0.1265630 0.1385263 0.1021792 0.1212465 0.1295486 0.1166238 0.1296958 0.1221083 0.1284833 0.0708565 0.1436103 0.1200279 0.1249546 0.1299246 0.1417470 0.1283872 0.1287414 0.0632542 0.0716390 
Perityle_dissecta_201                      0.0849232 0.1823243 0.1739766 0.1480811 0.1305877 0.1134485 0.3117137 0.1700984 0.1903532 0.1047277 0.0426255 0.0479551 0.0428877 0.1656602 0.0405146 0.1304785 0.0946273 0.0479286 0.0436872 0.0717609 0.0718866 0.0452228 0.0396260 0.0506785 0.1074882 0.1639066 0.1194331 0.0811067 0.0579997 0.1631598 0.2005550 0.1315769 0.0000000 0.0846569 0.0522515 0.0373162 0.1817130 0.1008858 0.0316542 0.0582262 0.0433326 0.0592874 0.0969268 0.1166051 0.0473138 0.0572099 0.0843294 0.1127203 0.1068923 0.0611354 0.0303965 0.1542821 0.0582360 0.0959800 0.0521040 0.0773495 0.0729365 0.0863152 0.2781829 0.0529716 0.0630184 0.0563008 0.0781351 0.1171768 0.0599524 0.1386226 0.1808506 0.0564440 0.0407917 0.0375497 0.1616060 0.0782020 0.0493551 0.0703771 0.0449913 0.1747521 0.2090099 0.0387527 0.0713138 0.1785546 0.0773212 0.0715028 0.0632788 0.0662797 
Perityle_emoryi_47_punta_san_jose          0.0741909 0.1104795 0.1641343 0.0740441 0.1123165 0.1052145 0.2994965 0.1093424 0.1178732 0.0899780 0.0550591 0.0666793 0.0846398 0.1093644 0.0825876 0.0993340 0.0824419 0.0670362 0.0757093 0.0899611 0.0914404 0.0915988 0.0835175 0.0910559 0.1040481 0.0982908 0.1130655 0.0056868 0.0351927 0.1024750 0.1318860 0.1093424 0.0846569 0.0000000 0.0491045 0.0679572 0.1086421 0.1125463 0.0763824 0.0785883 0.0402448 0.0957741 0.1072559 0.1177784 0.0913527 0.0873519 0.0899405 0.1103596 0.1347093 0.0883685 0.0786436 0.0973689 0.0916850 0.1058997 0.0775871 0.0951614 0.0927380 0.0956660 0.1410546 0.0495202 0.0685264 0.0585706 0.0901975 0.1130749 0.0855870 0.1019644 0.1115183 0.0884453 0.0802214 0.0829085 0.0139891 0.0926931 0.0870616 0.0883795 0.0661515 0.1078858 0.0971979 0.0783647 0.0963372 0.1538669 0.0913902 0.0899807 0.0707867 0.0692998 
Perityle_feddemae_99                       0.0489732 0.0402423 0.0859363 0.0373502 0.0611305 0.0802492 0.0790142 0.0462288 0.0490010 0.0490819 0.0461274 0.0491278 0.0461480 0.0552765 0.0520994 0.0518879 0.0491681 0.0594360 0.0461480 0.0550226 0.0789681 0.0461247 0.0579790 0.0581285 0.0551230 0.0431717 0.0402621 0.0461260 0.0403412 0.0459906 0.0373666 0.0462288 0.0522515 0.0491045 0.0000000 0.0462190 0.0462323 0.0551716 0.0461247 0.0491666 0.0084474 0.0491439 0.0084521 0.0582522 0.0492339 0.0551623 0.0610540 0.0056211 0.0461019 0.0491278 0.0431444 0.0462493 0.0491236 0.0491425 0.0461572 0.0551569 0.0640436 0.0641711 0.0344260 0.0435771 0.0405130 0.0672784 0.0492142 0.0372926 0.0522840 0.0490072 0.0431327 0.0719495 0.0489930 0.0461274 0.0461260 0.0491278 0.0551623 0.0491938 0.0551623 0.0550025 0.0372514 0.0461019 0.0521285 0.0373665 0.0580323 0.0580545 0.0520625 0.0402066 
Perityle_fosteri_93                        0.0759654 0.0894115 0.1285955 0.0519995 0.0979869 0.1106196 0.2817468 0.0879386 0.1082957 0.0387159 0.0203537 0.0341315 0.0481837 0.0955548 0.0418349 0.0833842 0.0586678 0.0440549 0.0437141 0.0499159 0.0624483 0.0532852 0.0450111 0.0563766 0.0959733 0.0563824 0.0852418 0.0634244 0.0463252 0.0710069 0.0951109 0.0879386 0.0373162 0.0679572 0.0462190 0.0000000 0.0959435 0.0938146 0.0429374 0.0483232 0.0373723 0.0466523 0.0856965 0.1063473 0.0565785 0.0565037 0.0531457 0.0894059 0.0813845 0.0353986 0.0387384 0.0841775 0.0569575 0.0772644 0.0305167 0.0588630 0.0547137 0.0564055 0.0628743 0.0497528 0.0599225 0.0537854 0.0355925 0.0869872 0.0664090 0.0804642 0.0917784 0.0524162 0.0432163 0.0435238 0.0679667 0.0386360 0.0547724 0.0401352 0.0330292 0.0855880 0.0684020 0.0484632 0.0453487 0.1619598 0.0531481 0.0648335 0.0590880 0.0587193 
Perityle_gamon_221                         0.0895754 0.2230371 0.1617154 0.1234098 0.1631977 0.1283887 0.3240709 0.1610539 0.1526072 0.2249268 0.0906536 0.1414954 0.0821702 0.1872882 0.1024183 0.1165575 0.0963064 0.0441236 0.1982041 0.2009805 0.0802915 0.2370547 0.1190541 0.2178712 0.2345212 0.2498350 0.1714030 0.1074902 0.0755876 0.1920883 0.2141390 0.1435396 0.1817130 0.1086421 0.0462323 0.0959435 0.0000000 0.1633392 0.1056573 0.1986947 0.0373828 0.1750364 0.1684492 0.1541260 0.2062787 0.2075423 0.2142847 0.2060254 0.2401278 0.2254675 0.1990068 0.2484879 0.2129095 0.1852303 0.1001683 0.1107240 0.2188487 0.2177070 0.2618827 0.0562534 0.0662049 0.0951324 0.2230065 0.1654779 0.1531651 0.1237299 0.1888341 0.1516220 0.1180314 0.2271808 0.1997687 0.2335712 0.1872939 0.1674858 0.0896240 0.1461755 0.1788213 0.1821288 0.1891221 0.1723639 0.2289156 0.1953639 0.0796949 0.0757628 
Perityle_gentryi_8_san_francisco           0.0726249 0.1173444 0.1718374 0.1411857 0.1337957 0.1017984 0.2825795 0.1197257 0.1762334 0.0893942 0.0718094 0.0608455 0.0579573 0.0486891 0.0766305 0.1357811 0.1018162 0.0217275 0.0550394 0.0882482 0.0605191 0.1041103 0.0799065 0.0889163 0.0757537 0.1759697 0.0910938 0.1075831 0.0724555 0.1455819 0.1729906 0.1060570 0.1008858 0.1125463 0.0551716 0.0938146 0.1633392 0.0000000 0.0979129 0.0773713 0.0521699 0.0906600 0.0813136 0.1175243 0.0900761 0.0828931 0.0937842 0.0857348 0.1556681 0.0827487 0.0895689 0.0899869 0.0865372 0.0724198 0.0854993 0.0839804 0.0928970 0.0973951 0.2898695 0.0734550 0.0693514 0.0489535 0.0870291 0.0877531 0.0901315 0.1536447 0.1666475 0.0870701 0.0815888 0.0961134 0.1583042 0.0937493 0.0869106 0.0903697 0.0516764 0.1690869 0.1523850 0.0925354 0.0924820 0.1390909 0.0925993 0.0893460 0.0432904 0.0713317 
Perityle_gilensis_22_Superstition          0.0805904 0.0952531 0.1432071 0.0636613 0.0968911 0.1134000 0.2863899 0.0937528 0.1178279 0.0611767 0.0184095 0.0454842 0.0430528 0.0940475 0.0427697 0.0947661 0.0815399 0.0515517 0.0493167 0.0695470 0.0745858 0.0219761 0.0298457 0.0427789 0.0944058 0.0527277 0.1011905 0.0758366 0.0510505 0.0837216 0.1080021 0.0937528 0.0316542 0.0763824 0.0461247 0.0429374 0.1056573 0.0979129 0.0000000 0.0626201 0.0372965 0.0477519 0.0859066 0.1200405 0.0527715 0.0528079 0.0746595 0.0896456 0.0495567 0.0627047 0.0171728 0.0861589 0.0411524 0.0824103 0.0425028 0.0728808 0.0762892 0.0747028 0.0745520 0.0528903 0.0718756 0.0635286 0.0562848 0.0995201 0.0595687 0.0858651 0.0940029 0.0602686 0.0351038 0.0030830 0.0763932 0.0610094 0.0395444 0.0626246 0.0438492 0.0911420 0.0783437 0.0187722 0.0718062 0.1749227 0.0746628 0.0613081 0.0710420 0.0714566 
Perityle_gilensis_salensis_225             0.0627236 0.2126268 0.1595604 0.1582226 0.1344874 0.1078945 0.2979926 0.1448706 0.2199492 0.1126603 0.0425836 0.0240495 0.0365100 0.1298223 0.0335921 0.1186175 0.0763320 0.0107720 0.0289198 0.0430143 0.0532527 0.0525045 0.0396007 0.0414678 0.0734766 0.2139013 0.0991700 0.0774831 0.0558191 0.2207232 0.1855040 0.1050014 0.0582262 0.0785883 0.0491666 0.0483232 0.1986947 0.0773713 0.0626201 0.0000000 0.0461883 0.0457822 0.0862592 0.1572874 0.0456298 0.0434157 0.0450218 0.0877877 0.1061187 0.0680818 0.0410973 0.1703650 0.0510421 0.0936407 0.0605395 0.0495476 0.0457294 0.0454522 0.2427366 0.0625154 0.0511026 0.0417531 0.0441858 0.0987357 0.0528000 0.1195380 0.2205057 0.0607394 0.0586101 0.0440473 0.2212603 0.0357608 0.0383527 0.0433731 0.0200918 0.1522665 0.1790790 0.0535357 0.0465253 0.1653634 0.0440803 0.0569461 0.0510495 0.0532805 
Perityle_glaucescens_94                    0.0460070 0.0490627 0.0828123 0.0285947 0.0581099 0.0768780 0.0759434 0.0491710 0.0460330 0.0461090 0.0372987 0.0461520 0.0431836 0.0522689 0.0491133 0.0489143 0.0402967 0.0555874 0.0431836 0.0520294 0.0748277 0.0372965 0.0549771 0.0551185 0.0521240 0.0343721 0.0431851 0.0372972 0.0373897 0.0371885 0.0344289 0.0491710 0.0433326 0.0402448 0.0084474 0.0373723 0.0373828 0.0521699 0.0372965 0.0461883 0.0000000 0.0461670 0.0056246 0.0552355 0.0462513 0.0521612 0.0580374 0.0028055 0.0372781 0.0461520 0.0343506 0.0432781 0.0461480 0.0461657 0.0373225 0.0521560 0.0610175 0.0611385 0.0373354 0.0324863 0.0367433 0.0639420 0.0462330 0.0402060 0.0492868 0.0460389 0.0401829 0.0803819 0.0401545 0.0372987 0.0372972 0.0461520 0.0521612 0.0462139 0.0521612 0.0520103 0.0285195 0.0372781 0.0491406 0.0344287 0.0550274 0.0550483 0.0431767 0.0372650 
Perityle_gracilis_11                       0.0746384 0.1682572 0.1646005 0.1427853 0.1366380 0.1024255 0.2990415 0.1672839 0.1937441 0.0511222 0.0408113 0.0305002 0.0271915 0.1352544 0.0380192 0.1307921 0.0867914 0.0107720 0.0280432 0.0330904 0.0454231 0.0563575 0.0323176 0.0364889 0.0907659 0.1588230 0.1065375 0.0839992 0.0558342 0.1521830 0.1875272 0.1283671 0.0592874 0.0957741 0.0491439 0.0466523 0.1750364 0.0906600 0.0477519 0.0457822 0.0461670 0.0000000 0.0990569 0.1087492 0.0462502 0.0509689 0.0367527 0.1015612 0.0944834 0.0381046 0.0411441 0.1413119 0.0565467 0.1102749 0.0587512 0.0539162 0.0377462 0.0388084 0.2519421 0.0691345 0.0541475 0.0322988 0.0389324 0.1050242 0.0592387 0.1299035 0.1773880 0.0411239 0.0535187 0.0473525 0.1677117 0.0273462 0.0312203 0.0395500 0.0180239 0.1622107 0.1567515 0.0434694 0.0471022 0.1719609 0.0356905 0.0521943 0.0610971 0.0624418 
Perityle_harkerae_31                       0.0664557 0.1182995 0.1727462 0.1443823 0.1450282 0.0926807 0.2634825 0.1254831 0.1886978 0.0981441 0.0719277 0.0702500 0.0780200 0.1272888 0.0934674 0.1119871 0.0884650 0.0556268 0.0711044 0.0968622 0.0884464 0.0970895 0.0935448 0.1012664 0.0887159 0.1733434 0.0868635 0.0999450 0.0588674 0.1505004 0.1848193 0.0828428 0.0969268 0.1072559 0.0084521 0.0856965 0.1684492 0.0813136 0.0859066 0.0862592 0.0056246 0.0990569 0.0000000 0.1123395 0.0945539 0.0983747 0.1006231 0.0166521 0.1517588 0.0933748 0.0869107 0.1292576 0.1071275 0.0801229 0.0745665 0.0975955 0.1030390 0.1043283 0.2656569 0.0473068 0.0564395 0.0677900 0.0956267 0.0817156 0.1013550 0.1310729 0.1756689 0.0964436 0.0857931 0.0944509 0.1528966 0.0969803 0.0979473 0.0907234 0.0706304 0.1648588 0.1597394 0.0962715 0.1035666 0.1268064 0.0993864 0.1065835 0.0708301 0.0673079 
Perityle_hofmeisteria_4_nombre_de_dios     0.0974442 0.3273282 0.1857033 0.1984287 0.1676151 0.1169415 0.3295518 0.1893617 0.2561365 0.2135290 0.0999370 0.0826143 0.0891068 0.1894686 0.1063684 0.1414435 0.1055283 0.0479940 0.0876410 0.1136195 0.0804097 0.2111274 0.1018580 0.1834409 0.1449472 0.3156177 0.1257114 0.1176464 0.0820903 0.2647337 0.2179042 0.1494246 0.1166051 0.1177784 0.0582522 0.1063473 0.1541260 0.1175243 0.1200405 0.1572874 0.0552355 0.1087492 0.1123395 0.0000000 0.1232246 0.1668168 0.1751317 0.1326688 0.1686780 0.1731314 0.1138316 0.2475757 0.1215455 0.1303183 0.1038522 0.1155504 0.1285290 0.1647123 0.3002405 0.0691364 0.0691545 0.0898463 0.1795653 0.1244382 0.1189288 0.1522106 0.2619866 0.1376613 0.1047145 0.2041895 0.2682711 0.1893028 0.1212328 0.1130873 0.0872879 0.1885108 0.2874425 0.1125800 0.1161990 0.1788024 0.2056942 0.1360964 0.0838136 0.0794638 
Perityle_huecosensis_48                    0.0750820 0.1928789 0.1637885 0.1663571 0.1310933 0.1052142 0.3007156 0.1625368 0.2090356 0.1046955 0.0476060 0.0274065 0.0344111 0.1574564 0.0300158 0.1299027 0.0867029 0.0144202 0.0317779 0.0587797 0.0526277 0.0548755 0.0369628 0.0421441 0.1029335 0.1865835 0.1195628 0.0883527 0.0666577 0.1699782 0.2058873 0.1228463 0.0473138 0.0913527 0.0492339 0.0565785 0.2062787 0.0900761 0.0527715 0.0456298 0.0462513 0.0462502 0.0945539 0.1232246 0.0000000 0.0449159 0.0701250 0.1127062 0.1126847 0.0510238 0.0411035 0.1615073 0.0529549 0.1004647 0.0626277 0.0647534 0.0611114 0.0746498 0.2762738 0.0691956 0.0600167 0.0370060 0.0698826 0.1162153 0.0528482 0.1340716 0.1922923 0.0372236 0.0584119 0.0467074 0.1878633 0.0614569 0.0409268 0.0457833 0.0242548 0.1685576 0.2175790 0.0490040 0.0600369 0.1758218 0.0637498 0.0595244 0.0631575 0.0606940 
