84
Amauria_brandeegeana_62                    0.0000000 0.0738765 0.0552294 0.1639115 0.1106671 0.1166412 0.1771516 0.2527821 0.0839644 0.1281723 0.0994693 0.1152965 0.1023754 0.0800382 0.1104791 0.1218968 0.1270390 0.1152164 0.1091801 0.1231200 0.0719442 0.3238134 0.1339803 0.2894412 0.1299833 0.1064377 0.0985584 0.1501652 0.0936091 0.1975612 0.1105328 0.1318109 0.0858400 0.1790622 0.1888828 0.1335078 0.0819337 0.1511320 0.0934932 0.0745593 0.1134301 0.1338842 0.1141232 0.1237151 0.1509444 0.1185886 0.1154748 0.0882192 0.1215664 0.1114130 0.1257508 0.1297406 0.1034643 0.0692075 0.1148016 0.0944094 0.0881631 0.1049293 0.1085854 0.1431113 0.1467318 0.1041551 0.1657978 0.1563736 0.1452518 0.1372792 0.1479399 0.1063445 0.1260131 0.1350754 0.1104907 0.0774285 0.1187969 0.1058950 0.2433378 0.1353231 0.1541630 0.0941745 0.1338301 0.1460500 0.1517137 0.1437471 0.1298876 0.0882176 
Amauria_carterae_99_mesa                   0.0738765 0.0000000 0.0920666 0.1335112 0.0730077 0.0914462 0.1487291 0.2371050 0.0711270 0.0949637 0.0940401 0.0972961 0.1146127 0.0905592 0.0912422 0.0747495 0.1007379 0.0859219 0.1021830 0.0943856 0.0766495 0.3226705 0.1019490 0.2845307 0.0955093 0.0952744 0.0987134 0.1140578 0.0645709 0.1050462 0.0770120 0.0700026 0.0729848 0.0954302 0.0740692 0.0982715 0.0978553 0.1084990 0.0892719 0.0966954 0.0983333 0.0925993 0.1000201 0.0998303 0.1154415 0.0926315 0.0875526 0.1041381 0.1035471 0.0874849 0.0872803 0.0857455 0.1110901 0.0859224 0.1194423 0.0998363 0.1120641 0.0983390 0.0965544 0.1156502 0.1358805 0.0864028 0.1788653 0.0949724 0.1137498 0.1127067 0.0935332 0.1004619 0.0943285 0.1019490 0.0584190 0.0858217 0.1285514 0.0890688 0.2685538 0.0972404 0.0967867 0.1076321 0.1063923 0.1394462 0.1043518 0.1046184 0.0807170 0.0899720 
Amauria_rotundifolia_SRR9119150            0.0552294 0.0920666 0.0000000 0.1731170 0.1240275 0.1232332 0.1804651 0.2444201 0.0914396 0.1187195 0.0963575 0.1180972 0.1062322 0.0846172 0.1246515 0.1099916 0.1445160 0.1316624 0.1109552 0.1191998 0.0787295 0.3334666 0.1363299 0.2917539 0.1210545 0.1092884 0.0942337 0.1534774 0.1063556 0.1807538 0.1170739 0.1270713 0.0917240 0.1444467 0.1596072 0.1490220 0.0914749 0.1598848 0.1042978 0.0984190 0.1312287 0.1461268 0.1199104 0.1405705 0.1577791 0.1286870 0.1186367 0.0947106 0.1374479 0.1344638 0.1353835 0.1507526 0.1104849 0.0797040 0.1366468 0.0898483 0.0964124 0.1179899 0.1122807 0.1523597 0.1513016 0.1225625 0.1486610 0.1432841 0.1521092 0.1306701 0.1434926 0.1074766 0.1253159 0.1373748 0.1191375 0.0859146 0.1349211 0.1159113 0.2369567 0.1312306 0.1571604 0.0989529 0.1321370 0.1584219 0.1449516 0.1478754 0.1338611 0.0889595 
Conoclinium_coelestinum_SRR9119114         0.1639115 0.1335112 0.1731170 0.0000000 0.1729230 0.1066260 0.2175918 0.2941133 0.1946503 0.1851549 0.1756094 0.1884120 0.1915999 0.1623016 0.1842598 0.1643623 0.2058990 0.1764105 0.2025053 0.1775456 0.1542042 0.4012809 0.2007507 0.3484149 0.1927896 0.1834394 0.1915341 0.2075903 0.1620588 0.2266331 0.1682235 0.1830412 0.2044117 0.2034859 0.1680344 0.1804362 0.1655329 0.1929911 0.1642505 0.1994116 0.1986970 0.1728084 0.1873237 0.1725399 0.1834465 0.1795043 0.1841209 0.1924661 0.1845352 0.1899595 0.1879334 0.1882091 0.1778702 0.1623515 0.2029727 0.1873718 0.1604438 0.1898109 0.1879669 0.1996599 0.1889493 0.1990678 0.2657039 0.1936947 0.2012017 0.1912842 0.1860461 0.1606577 0.1863932 0.2027709 0.1779782 0.1837803 0.2273971 0.1761422 0.3333202 0.1891638 0.1722691 0.1920411 0.2038516 0.2310942 0.1995397 0.1938210 0.1881511 0.1758861 
Eutetras_palmeri_63                        0.1106671 0.0730077 0.1240275 0.1729230 0.0000000 0.1429036 0.1836160 0.2333446 0.1184575 0.1082363 0.1118233 0.1224177 0.1184241 0.1016410 0.1145893 0.0844400 0.1198240 0.1009743 0.1271443 0.1158052 0.0828394 0.3378615 0.1041377 0.2135569 0.1224916 0.1173789 0.1026808 0.1171196 0.1027061 0.1242279 0.1071379 0.1141846 0.1327366 0.1012098 0.1613187 0.0998329 0.1066131 0.1190328 0.1131215 0.1041377 0.0989285 0.1014860 0.1300964 0.1032666 0.1166735 0.1013011 0.0956985 0.1078724 0.1124506 0.1020438 0.0921086 0.0955117 0.1360750 0.0996145 0.1245762 0.1037073 0.1248788 0.0956050 0.0938919 0.1260517 0.1137433 0.0892774 0.1930542 0.1238139 0.1242922 0.1341628 0.1530384 0.1509545 0.1193492 0.1042909 0.0934981 0.0937014 0.0937014 0.1019319 0.2336467 0.1297088 0.1146629 0.1059434 0.1281477 0.1952548 0.1275901 0.1152956 0.1134521 0.1153462 
Eutrochium_fistulosum_SRR9119106           0.1166412 0.0914462 0.1232332 0.1066260 0.1429036 0.0000000 0.1781179 0.2798427 0.1349761 0.1518130 0.1364591 0.1412604 0.1473444 0.1220349 0.1435409 0.1286769 0.1494984 0.1334295 0.1495515 0.1333710 0.1247139 0.4213458 0.1420312 0.3225908 0.1400148 0.1371677 0.1439943 0.1554027 0.1206455 0.1692219 0.1262461 0.1447528 0.1457008 0.1468328 0.1293443 0.1345392 0.1289423 0.1381297 0.1390816 0.1453077 0.1434147 0.1264923 0.1370552 0.1314496 0.1299642 0.1475324 0.1291743 0.1424694 0.1373734 0.1421410 0.1360394 0.1377087 0.1421636 0.1202400 0.1433089 0.1482583 0.1500350 0.1320778 0.1306236 0.1599334 0.1656172 0.1480818 0.2605432 0.1410265 0.1518276 0.1474393 0.1681713 0.1433832 0.1389650 0.1435862 0.1333257 0.1260543 0.1830236 0.1425262 0.2910016 0.1477894 0.1383220 0.1393400 0.1474963 0.1934690 0.1468422 0.1390144 0.1533418 0.1576633 
Galeana_pratensis_104_mex                  0.1771516 0.1487291 0.1804651 0.2175918 0.1836160 0.1781179 0.0000000 0.3057537 0.1798015 0.1954203 0.1860886 0.1742702 0.1920349 0.1593683 0.1832209 0.1457566 0.1917934 0.1936567 0.1855672 0.1739480 0.1601795 0.4031690 0.1894376 0.4140030 0.1782333 0.1787770 0.1748927 0.1864856 0.1668840 0.2632050 0.1671590 0.1818887 0.1969247 0.1947299 0.1750029 0.1943061 0.1766473 0.1959852 0.1854568 0.1984955 0.1871366 0.1800093 0.1750306 0.1864608 0.1828582 0.1841150 0.1772597 0.1800838 0.1960345 0.1803475 0.1798069 0.1783692 0.1825771 0.1714699 0.1802972 0.1792343 0.2162511 0.1756427 0.1737196 0.1882723 0.1595549 0.1785813 0.2854705 0.1858676 0.1838367 0.1848917 0.2106366 0.1704537 0.1737035 0.1916848 0.1689617 0.1748804 0.2383386 0.1801097 0.3434847 0.2063030 0.1909423 0.1861320 0.1932181 0.1927601 0.1818902 0.1818080 0.1877907 0.1809295 
Helianthus_annuus_SRR9119062               0.2527821 0.2371050 0.2444201 0.2941133 0.2333446 0.2798427 0.3057537 0.0000000 0.2622475 0.2157726 0.3098270 0.2458889 0.2401544 0.2079369 0.2575327 0.2849511 0.2810450 0.2817282 0.2583870 0.2387759 0.2560958 0.4107320 0.2607735 0.4056406 0.2508110 0.2429720 0.2397849 0.2665063 0.2569758 0.2975159 0.2411720 0.2846190 0.2679084 0.3063784 0.3096659 0.2369868 0.2487847 0.2715437 0.2226354 0.2458496 0.2573369 0.2347896 0.2705744 0.2367821 0.2634305 0.2564536 0.2436947 0.2557873 0.2495887 0.2716414 0.2488856 0.2495009 0.2357944 0.2151325 0.2568432 0.2423114 0.2422086 0.2568173 0.2472814 0.2715149 0.3117613 0.2836274 0.3783868 0.2473550 0.2712434 0.2613343 0.2876402 0.2147366 0.2439700 0.2607735 0.2787972 0.2413932 0.2450786 0.2515564 0.4326417 0.2677517 0.2632439 0.2502826 0.2525530 0.2807456 0.2557485 0.2352573 0.2539922 0.2926914 
Lycapsus_tenuifolius_17                    0.0839644 0.0711270 0.0914396 0.1946503 0.1184575 0.1349761 0.1798015 0.2622475 0.0000000 0.1089270 0.1049997 0.1378302 0.1247235 0.1037679 0.1345034 0.1334432 0.1253218 0.1261753 0.1169565 0.1417554 0.0900545 0.3131941 0.1534113 0.3275162 0.1413835 0.1301184 0.1192175 0.1675875 0.0593507 0.0481951 0.1295178 0.1217285 0.0095174 0.1236051 0.1566811 0.1502774 0.1118027 0.1653742 0.1168645 0.1114626 0.1462217 0.1452810 0.1357237 0.1459528 0.1609614 0.1434977 0.1376342 0.1118569 0.1435168 0.1283702 0.1406542 0.1448200 0.1193539 0.1030450 0.1426439 0.1227251 0.1286796 0.1395913 0.1314058 0.1608394 0.1433535 0.1178707 0.1718666 0.1504800 0.1634268 0.1479980 0.1420896 0.1188854 0.1353616 0.1546003 0.0818036 0.0987491 0.1566351 0.1404327 0.2821561 0.1359546 0.1601139 0.1218903 0.1472386 0.1496922 0.1485275 0.1725846 0.1088085 0.1286562 
Pericome_caudata_50_silver                 0.1281723 0.0949637 0.1187195 0.1851549 0.1082363 0.1518130 0.1954203 0.2157726 0.1089270 0.0000000 0.1243063 0.1139615 0.1356224 0.1121756 0.1171746 0.0765884 0.1215841 0.1218056 0.1231418 0.1021370 0.0952756 0.4090069 0.1312376 0.2813852 0.1188415 0.1087645 0.1215320 0.1494877 0.1031683 0.1178180 0.0923451 0.1220163 0.1513517 0.2410676 0.3238916 0.1263126 0.1044474 0.1224191 0.1168292 0.1216565 0.1214596 0.1287964 0.1195681 0.1199995 0.1370335 0.1169588 0.1178380 0.1199078 0.1173754 0.1204205 0.1209274 0.1191629 0.1349506 0.1057236 0.1401365 0.1092122 0.1264121 0.1122094 0.1151510 0.1621034 0.1357474 0.1118034 0.2163020 0.1246916 0.1553043 0.1377704 0.0905072 0.1203889 0.1031552 0.1269046 0.0930192 0.1138148 0.1258763 0.1053623 0.2771787 0.0895888 0.1218253 0.1260085 0.1329115 0.2360561 0.1250786 0.1227197 0.1255183 0.1273090 
Perityle_aglossa_84_dead_horse             0.0994693 0.0940401 0.0963575 0.1756094 0.1118233 0.1364591 0.1860886 0.3098270 0.1049997 0.1243063 0.0000000 0.0378052 0.0678778 0.0424426 0.0599448 0.0368097 0.1336709 0.1143828 0.0377951 0.0376489 0.0411343 0.4247633 0.0711118 0.1793237 0.0406832 0.0403782 0.0607541 0.1228905 0.1113965 0.1754412 0.0799671 0.1184616 0.1117825 0.1229200 0.2172643 0.0994127 0.2246455 0.0991793 0.0619572 0.0644075 0.0600832 0.0971265 0.0386051 0.0870099 0.1124066 0.0561624 0.0522183 0.0419959 0.0903929 0.0733795 0.0640117 0.0738296 0.0591117 0.0368167 0.1146678 0.0509580 0.0668606 0.0407369 0.0434374 0.1354609 0.1291072 0.1117026 0.1216262 0.0464213 0.1227746 0.0617615 0.1480499 0.1016301 0.0423771 0.0640400 0.1031933 0.0545417 0.0745730 0.0570834 0.2757757 0.1347133 0.1210325 0.0569979 0.0414920 0.1565003 0.0465416 0.0665738 0.1292173 0.0551136 
Perityle_ajoensis_204                      0.1152965 0.0972961 0.1180972 0.1884120 0.1224177 0.1412604 0.1742702 0.2458889 0.1378302 0.1139615 0.0378052 0.0000000 0.0573868 0.0275213 0.0623953 0.0535053 0.1346114 0.1128082 0.0362724 0.0276574 0.0189871 0.3324708 0.0813990 0.2270604 0.0482212 0.0484274 0.0511191 0.1195017 0.1036385 0.1622060 0.1170163 0.1277297 0.1093601 0.0821741 0.1862085 0.1195994 0.0454641 0.1333646 0.0465933 0.0573834 0.0579763 0.1152834 0.0219382 0.1125755 0.1300882 0.0760477 0.0411944 0.0396913 0.1220351 0.0677205 0.0521972 0.0661653 0.0569425 0.0334782 0.1083380 0.0385109 0.0552558 0.0589677 0.0534758 0.1261919 0.1203137 0.1042970 0.0885015 0.0380591 0.1193134 0.0703390 0.1470802 0.1041966 0.0304387 0.0804097 0.1075589 0.0346957 0.0897809 0.0710060 0.1732979 0.1309708 0.1282230 0.0534311 0.0425829 0.1431447 0.0281279 0.0835949 0.1292475 0.0363924 
Perityle_ambrosiifolia_67_green            0.1023754 0.1146127 0.1062322 0.1915999 0.1184241 0.1473444 0.1920349 0.2401544 0.1247235 0.1356224 0.0678778 0.0573868 0.0000000 0.0447524 0.0837797 0.0295167 0.1398977 0.1165497 0.0679521 0.0554171 0.0287729 0.0975748 0.0600342 0.0687717 0.0606234 0.0631173 0.0475532 0.1200180 0.1250751 0.1567933 0.0924692 0.1353553 0.1354537 0.1348072 0.2402704 0.0984381 0.0477634 0.0790534 0.0773621 0.0596462 0.0528798 0.0983757 0.0656636 0.0897915 0.1067255 0.0540561 0.0362976 0.0435905 0.0865675 0.0921030 0.0615444 0.0869409 0.0831307 0.0389600 0.1049315 0.0450493 0.0709297 0.0418831 0.0392017 0.1284232 0.1393474 0.1102675 0.1024805 0.0689786 0.1215038 0.0819409 0.1437850 0.1250246 0.0586963 0.0530769 0.1145201 0.0389979 0.0262134 0.0500631 0.0556693 0.1424588 0.1281409 0.0488393 0.0741838 0.1546102 0.0707518 0.0669448 0.1472240 0.0423758 
Perityle_angustifolia_13_Eagle_creek       0.0800382 0.0905592 0.0846172 0.1623016 0.1016410 0.1220349 0.1593683 0.2079369 0.1037679 0.1121756 0.0424426 0.0275213 0.0447524 0.0000000 0.0455945 0.0198558 0.1181270 0.0834534 0.0273800 0.0313160 0.0160846 0.3608818 0.0373315 0.1676452 0.0308203 0.0307918 0.0341047 0.0925508 0.1017049 0.1471759 0.0737991 0.0965600 0.1066651 0.0612834 0.0802126 0.0672718 0.0312737 0.0600461 0.0498548 0.0373315 0.0389447 0.0596913 0.0289342 0.0633448 0.0846008 0.0518649 0.0257204 0.0324083 0.0690784 0.0719876 0.0467162 0.0702265 0.0506965 0.0265802 0.0833838 0.0283190 0.0614675 0.0257237 0.0257237 0.0962177 0.1347540 0.0909863 0.1022006 0.0323476 0.0943238 0.0489644 0.1425825 0.1007441 0.0145809 0.0373875 0.0937001 0.0240455 0.0256958 0.0434531 0.1755644 0.1106203 0.0869577 0.0422667 0.0391475 0.1231481 0.0357400 0.0415220 0.1192370 0.0390743 
Perityle_batopilensis_97                   0.1104791 0.0912422 0.1246515 0.1842598 0.1145893 0.1435409 0.1832209 0.2575327 0.1345034 0.1171746 0.0599448 0.0623953 0.0837797 0.0455945 0.0000000 0.0449281 0.1380051 0.1087505 0.0535378 0.0580569 0.0298828 0.3597365 0.0786084 0.2405604 0.0533312 0.0467743 0.0613865 0.1224155 0.1045111 0.1475197 0.1195234 0.1338193 0.1169079 0.0929270 0.1966357 0.1142899 0.0636091 0.1409721 0.0271236 0.0729151 0.0923106 0.1135605 0.0532337 0.1110729 0.1349118 0.0713148 0.0807531 0.0619742 0.1193974 0.0814118 0.0864164 0.0988361 0.0644551 0.0333611 0.1031099 0.0503854 0.0616260 0.0551941 0.0595303 0.1231749 0.1352885 0.1032119 0.1067182 0.0796071 0.1199764 0.0708660 0.1460550 0.1048827 0.0650716 0.0838873 0.1134731 0.0522655 0.1064768 0.0652675 0.1887815 0.1337607 0.1258722 0.0688026 0.0740348 0.1529009 0.0664451 0.0905270 0.1356662 0.0422809 
Perityle_bisetosa_9                        0.1218968 0.0747495 0.1099916 0.1643623 0.0844400 0.1286769 0.1457566 0.2849511 0.1334432 0.0765884 0.0368097 0.0535053 0.0295167 0.0198558 0.0449281 0.0000000 0.1093386 0.0693178 0.0297765 0.0543076 0.0185121 0.3525716 0.0633598 0.2890606 0.0304452 0.0337590 0.0339173 0.1110743 0.0895560 0.1466085 0.1181744 0.1144693 0.0899334 0.0463210 0.1649992 0.1335230 0.0255069 0.1515366 0.0257336 0.0307232 0.0670243 0.1225247 0.0439908 0.1121009 0.1802213 0.0272851 0.0614512 0.0243793 0.1096977 0.0743348 0.0641919 0.1121611 0.0363867 0.0155433 0.0753948 0.0352859 0.0475348 0.0387458 0.0341523 0.0930357 0.1274429 0.0713565 0.0637022 0.1148732 0.1012428 0.0456881 0.1205566 0.0788339 0.0489302 0.0609502 0.1110317 0.0184748 0.1031732 0.0263626 0.1729609 0.1168884 0.1411629 0.0316303 0.0672768 0.1194271 0.1037860 0.1039827 0.1128253 0.0331875 
Perityle_californica_76_positas            0.1270390 0.1007379 0.1445160 0.2058990 0.1198240 0.1494984 0.1917934 0.2810450 0.1253218 0.1215841 0.1336709 0.1346114 0.1398977 0.1181270 0.1380051 0.1093386 0.0000000 0.1148214 0.1470453 0.1358419 0.0964885 0.3111108 0.1349493 0.3476165 0.1346488 0.1319750 0.1266580 0.1536210 0.1250500 0.1727445 0.0755072 0.1263566 0.1210510 0.1417655 0.1710329 0.1169922 0.1283768 0.1459309 0.1319259 0.1379051 0.1379468 0.1153200 0.1393915 0.1181952 0.1354020 0.1381048 0.1237336 0.1385330 0.1208074 0.1398299 0.1294864 0.1310105 0.1427637 0.1220881 0.1360676 0.1340534 0.1558366 0.1294826 0.1294747 0.1625746 0.1259375 0.1346348 0.1714974 0.1439178 0.1532955 0.1477095 0.1471739 0.1261854 0.1367866 0.1363092 0.1278367 0.1208260 0.1719292 0.1369998 0.3048229 0.1516546 0.1095772 0.1458641 0.1520918 0.1707683 0.1387523 0.1434262 0.0848018 0.1278980 
Perityle_canescens_77                      0.1152164 0.0859219 0.1316624 0.1764105 0.1009743 0.1334295 0.1936567 0.2817282 0.1261753 0.1218056 0.1143828 0.1128082 0.1165497 0.0834534 0.1087505 0.0693178 0.1148214 0.0000000 0.1185114 0.1089223 0.0502417 0.2955766 0.1149703 0.3038785 0.1127702 0.1111915 0.1056508 0.1293767 0.1098147 0.1432660 0.1140212 0.1121799 0.1214030 0.1203273 0.1203146 0.0822575 0.0970048 0.0853396 0.1026679 0.1182216 0.1134220 0.0822140 0.1150440 0.0930306 0.0901929 0.1100271 0.0980073 0.1124132 0.0913745 0.1159067 0.0994523 0.1143725 0.1216416 0.0841070 0.1145581 0.0982383 0.0949086 0.1057012 0.1041569 0.1389918 0.1182425 0.1049053 0.1372796 0.1076197 0.1307918 0.1228240 0.1377873 0.1299947 0.1086769 0.1164666 0.1077454 0.0964144 0.1356915 0.1059508 0.2385543 0.1159823 0.0769683 0.1091578 0.1191909 0.1531234 0.1204633 0.1097316 0.1211602 0.0631780 
Perityle_castillonii_96                    0.1091801 0.1021830 0.1109552 0.2025053 0.1271443 0.1495515 0.1855672 0.2583870 0.1169565 0.1231418 0.0377951 0.0362724 0.0679521 0.0273800 0.0535378 0.0297765 0.1470453 0.1185114 0.0000000 0.0356361 0.0243308 0.3441905 0.0626638 0.2255458 0.0330222 0.0421426 0.0658194 0.1142474 0.1102585 0.1747930 0.1168887 0.1312110 0.1143795 0.0674429 0.1508722 0.1094465 0.0503871 0.1267110 0.0490999 0.0653940 0.0580549 0.1024256 0.0391006 0.1066917 0.1201773 0.0540874 0.0545206 0.0469123 0.1109275 0.0851618 0.0649379 0.0836261 0.0611622 0.0315777 0.1064708 0.0551146 0.0663723 0.0455489 0.0442516 0.1184829 0.1295741 0.1094831 0.0923251 0.0372850 0.1101841 0.0631272 0.1556226 0.1142776 0.0321539 0.0638737 0.1218028 0.0471708 0.0951520 0.0520122 0.1839772 0.1373949 0.1209205 0.0518795 0.0430825 0.1558400 0.0407915 0.0651714 0.1418174 0.0454054 
Perityle_cernua_84                         0.1231200 0.0943856 0.1191998 0.1775456 0.1158052 0.1333710 0.1739480 0.2387759 0.1417554 0.1021370 0.0376489 0.0276574 0.0554171 0.0313160 0.0580569 0.0543076 0.1358419 0.1089223 0.0356361 0.0000000 0.0138514 0.3441905 0.0837234 0.2250279 0.0506829 0.0528219 0.0517922 0.1236392 0.0974139 0.1568000 0.1223274 0.1297546 0.1056477 0.0564697 0.1894193 0.1227126 0.0478084 0.1342462 0.0425286 0.0558986 0.0546767 0.1170249 0.0256070 0.1155748 0.1284589 0.0738627 0.0376486 0.0374804 0.1191253 0.0675497 0.0493922 0.0615466 0.0565772 0.0270847 0.1107913 0.0436329 0.0593869 0.0574764 0.0531030 0.1307080 0.1229217 0.0950612 0.0881823 0.0288918 0.1257927 0.0745624 0.1318546 0.1025580 0.0297964 0.0847878 0.1086908 0.0333440 0.0897783 0.0686473 0.1816380 0.1221941 0.1230124 0.0470693 0.0363379 0.1490124 0.0279297 0.0982929 0.1313943 0.0245143 
Perityle_cfvillosa_25_tin                  0.0719442 0.0766495 0.0787295 0.1542042 0.0828394 0.1247139 0.1601795 0.2560958 0.0900545 0.0952756 0.0411343 0.0189871 0.0287729 0.0160846 0.0298828 0.0185121 0.0964885 0.0502417 0.0243308 0.0138514 0.0000000 0.3599643 0.0298190 0.2418035 0.0189867 0.0163144 0.0272138 0.0894862 0.0830546 0.1789763 0.0605228 0.0815736 0.0927853 0.0385530 0.0690424 0.0696485 0.0282038 0.0503839 0.0301807 0.0298190 0.0297786 0.0597418 0.0133671 0.0597418 0.0791118 0.0195325 0.0160869 0.0162496 0.0695069 0.0532771 0.0188659 0.0504164 0.0355149 0.0135112 0.0701921 0.0243721 0.0431133 0.0025794 0.0025794 0.0894007 0.1292689 0.0719952 0.1028503 0.0271625 0.0958029 0.0382365 0.1293591 0.1078611 0.0166981 0.0298190 0.0797077 0.0160719 0.0160719 0.0167123 0.2350256 0.1039923 0.0565824 0.0161044 0.0273655 0.1258813 0.0189867 0.0366309 0.0953074 0.0281367 
Perityle_cinerea_113_Powell1310            0.3238134 0.3226705 0.3334666 0.4012809 0.3378615 0.4213458 0.4031690 0.4107320 0.3131941 0.4090069 0.4247633 0.3324708 0.0975748 0.3608818 0.3597365 0.3525716 0.3111108 0.2955766 0.3441905 0.3441905 0.3599643 0.0000000 0.3497807 0.3124154 0.3321045 0.3528300 0.3289520 0.3058147 0.3221200 0.0000010 0.3119210 0.3125514 0.4028313 0.3532560 0.3238134 0.2969568 0.4544728 0.2955766 0.2948733 0.3497807 0.3603064 0.2871636 0.3359535 0.2871636 0.3025159 0.3441905 0.3347692 0.3394828 0.2946879 0.3640854 0.3458226 0.3564828 0.3441905 0.3587273 0.3058147 0.3289520 0.0932352 0.3516347 0.3516347 0.3058147 0.0549230 0.2952607 0.1152906 0.3512135 0.3058147 0.3516347 0.1948858 0.3942404 0.3459110 0.3497807 0.3233249 0.3360125 0.3360125 0.3441905 0.2273230 0.4229608 0.2965084 0.3347692 0.3679632 0.3879711 0.3321045 0.3309132 0.3302649 0.1159649 
Perityle_coahuilensis_24                   0.1339803 0.1019490 0.1363299 0.2007507 0.1041377 0.1420312 0.1894376 0.2607735 0.1534113 0.1312376 0.0711118 0.0813990 0.0600342 0.0373315 0.0786084 0.0633598 0.1349493 0.1149703 0.0626638 0.0837234 0.0298190 0.3497807 0.0000000 0.2402712 0.0529173 0.0687863 0.0587916 0.1441039 0.1115103 0.1560942 0.1211246 0.1456001 0.1205158 0.1788795 0.3171082 0.1253196 0.0487847 0.1520049 0.0769323 0.0117831 0.0466449 0.1274244 0.0736074 0.1126281 0.1911423 0.0630562 0.0694012 0.0447956 0.1135418 0.0938447 0.0849541 0.1141921 0.0767954 0.0400145 0.0953580 0.0581438 0.0706355 0.0324716 0.0357364 0.1226584 0.1183698 0.1015418 0.1110111 0.1180788 0.1267722 0.0804841 0.1397303 0.1171192 0.0762360 0.0105895 0.1241294 0.0375257 0.0860858 0.0581284 0.1914954 0.1337611 0.1563018 0.0522675 0.0910365 0.1555045 0.1131554 0.1075570 0.1319727 0.0548106 
Perityle_cochisensis_44_cave_creek         0.2894412 0.2845307 0.2917539 0.3484149 0.2135569 0.3225908 0.4140030 0.4056406 0.3275162 0.2813852 0.1793237 0.2270604 0.0687717 0.1676452 0.2405604 0.2890606 0.3476165 0.3038785 0.2255458 0.2250279 0.2418035 0.3124154 0.2402712 0.0000000 0.2173252 0.2255437 0.2290140 0.3231150 0.2906218 0.1696536 0.2966015 0.3373650 0.3180627 0.2512786 0.2900821 0.2901524 0.1902269 0.3031132 0.1391890 0.2027640 0.2403699 0.2769461 0.2228932 0.2769963 0.3154240 0.2553576 0.2225860 0.2225729 0.2850685 0.2869568 0.2544755 0.2890224 0.2063634 0.1467786 0.3206073 0.2101510 0.0615594 0.2182600 0.2164465 0.3403424 0.2409347 0.2913851 0.1153449 0.2257243 0.3217564 0.2476887 0.1951660 0.2598632 0.2324428 0.2406157 0.3297658 0.2220438 0.1950577 0.2533513 0.2139037 0.3279842 0.3038194 0.2311165 0.2324918 0.3568526 0.2279448 0.2471227 0.3198847 0.0421255 
Perityle_congesta_202                      0.1299833 0.0955093 0.1210545 0.1927896 0.1224916 0.1400148 0.1782333 0.2508110 0.1413835 0.1188415 0.0406832 0.0482212 0.0606234 0.0308203 0.0533312 0.0304452 0.1346488 0.1127702 0.0330222 0.0506829 0.0189867 0.3321045 0.0529173 0.2173252 0.0000000 0.0363161 0.0624605 0.1278824 0.1016784 0.1667347 0.1147529 0.1390438 0.1094952 0.1323464 0.2744267 0.1279424 0.0464766 0.1347808 0.0496312 0.0595938 0.0778418 0.1270254 0.0365904 0.1158514 0.1416558 0.0550655 0.0709130 0.0361240 0.1196282 0.0894478 0.0786397 0.0952947 0.0550825 0.0283370 0.1074817 0.0430822 0.0575258 0.0294115 0.0274593 0.1354724 0.1202518 0.1028706 0.0981086 0.0632493 0.1255148 0.0636944 0.1451486 0.1057244 0.0526043 0.0495534 0.1134880 0.0465924 0.0899649 0.0534504 0.1708303 0.1348025 0.1346388 0.0517880 0.0560745 0.1476050 0.0546064 0.0964180 0.1367702 0.0395280 
Perityle_cordifolia_27                     0.1064377 0.0952744 0.1092884 0.1834394 0.1173789 0.1371677 0.1787770 0.2429720 0.1301184 0.1087645 0.0403782 0.0484274 0.0631173 0.0307918 0.0467743 0.0337590 0.1319750 0.1111915 0.0421426 0.0528219 0.0163144 0.3528300 0.0687863 0.2255437 0.0363161 0.0000000 0.0494917 0.1118186 0.1034620 0.1475325 0.1161454 0.1267514 0.1081887 0.0840204 0.2127757 0.1203756 0.0464828 0.1395695 0.0392179 0.0593031 0.0772415 0.1121058 0.0424036 0.1062252 0.1346711 0.0569985 0.0622816 0.0398043 0.1132246 0.0793474 0.0711851 0.0956746 0.0409980 0.0250095 0.0956860 0.0429095 0.0549582 0.0480136 0.0460550 0.1136319 0.1313074 0.0985170 0.0974497 0.0725291 0.1093915 0.0460747 0.1414820 0.0933193 0.0547362 0.0659432 0.1120507 0.0400458 0.0941203 0.0524881 0.1795170 0.1255749 0.1291878 0.0540884 0.0616361 0.1471693 0.0630732 0.0969316 0.1305542 0.0331763 
Perityle_cordifolia_68_tecolote            0.0985584 0.0987134 0.0942337 0.1915341 0.1026808 0.1439943 0.1748927 0.2397849 0.1192175 0.1215320 0.0607541 0.0511191 0.0475532 0.0341047 0.0613865 0.0339173 0.1266580 0.1056508 0.0658194 0.0517922 0.0272138 0.3289520 0.0587916 0.2290140 0.0624605 0.0494917 0.0000000 0.1110495 0.1064414 0.1568873 0.0823947 0.1290187 0.1282428 0.1425717 0.2342115 0.0843279 0.0436109 0.0913005 0.0680411 0.0537386 0.0478749 0.0835447 0.0521265 0.0726543 0.0958456 0.0533244 0.0363878 0.0479874 0.0804608 0.0779619 0.0579426 0.0716874 0.0670502 0.0316414 0.0894682 0.0144306 0.0547461 0.0420386 0.0442604 0.1187779 0.1245634 0.0916649 0.1060034 0.0700739 0.1095571 0.0714630 0.1402017 0.1055953 0.0545229 0.0558540 0.1090121 0.0376944 0.0766941 0.0444509 0.1737069 0.1253066 0.1150551 0.0565449 0.0682545 0.1493146 0.0666100 0.0590883 0.1319429 0.0362361 
Perityle_coronopifolia_28_patagonia        0.1501652 0.1140578 0.1534774 0.2075903 0.1171196 0.1554027 0.1864856 0.2665063 0.1675875 0.1494877 0.1228905 0.1195017 0.1200180 0.0925508 0.1224155 0.1110743 0.1536210 0.1293767 0.1142474 0.1236392 0.0894862 0.3058147 0.1441039 0.3231150 0.1278824 0.1118186 0.1110495 0.0000000 0.1256473 0.2015581 0.1381815 0.1728532 0.1330606 0.1971730 0.3182584 0.1484609 0.0972228 0.1618261 0.1255213 0.0974145 0.1084751 0.1455901 0.1164347 0.1364347 0.1827021 0.1174810 0.1184570 0.1093427 0.1420468 0.1088231 0.1207189 0.1325189 0.1238031 0.0914712 0.0649794 0.0999606 0.1176004 0.1072753 0.1150369 0.0488178 0.0183428 0.1104076 0.1849535 0.1723493 0.0157587 0.1391754 0.1667444 0.1313047 0.1217899 0.1333892 0.1463427 0.0904522 0.1428615 0.1066959 0.2630924 0.1547345 0.1709757 0.1119520 0.1217844 0.0398630 0.1642215 0.1648572 0.1440010 0.1073634 
Perityle_crassifolia_70_ventanas           0.0936091 0.0645709 0.1063556 0.1620588 0.1027061 0.1206455 0.1668840 0.2569758 0.0593507 0.1031683 0.1113965 0.1036385 0.1250751 0.1017049 0.1045111 0.0895560 0.1250500 0.1098147 0.1102585 0.0974139 0.0830546 0.3221200 0.1115103 0.2906218 0.1016784 0.1034620 0.1064414 0.1256473 0.0000000 0.0759412 0.1019833 0.1012557 0.0611199 0.1083522 0.0938247 0.1154161 0.1101346 0.1235588 0.1114826 0.1080467 0.1096754 0.1096556 0.1081061 0.1170198 0.1175713 0.1078506 0.1009262 0.1085234 0.1207035 0.1009237 0.0988767 0.0991755 0.1225725 0.1009235 0.1272955 0.1031690 0.1228055 0.1028512 0.1045327 0.1292905 0.1407733 0.0976077 0.1834630 0.1048133 0.1236494 0.1187087 0.1210567 0.1109149 0.1006954 0.1115103 0.0170827 0.0954976 0.1371058 0.1049855 0.2778031 0.1102445 0.1239061 0.1173873 0.1163336 0.1531595 0.1105019 0.1108203 0.1050454 0.1198653 
Perityle_crassifolia_74_playa_balandra     0.1975612 0.1050462 0.1807538 0.2266331 0.1242279 0.1692219 0.2632050 0.2975159 0.0481951 0.1178180 0.1754412 0.1622060 0.1567933 0.1471759 0.1475197 0.1466085 0.1727445 0.1432660 0.1747930 0.1568000 0.1789763 0.0000010 0.1560942 0.1696536 0.1667347 0.1475325 0.1568873 0.2015581 0.0759412 0.0000000 0.1597911 0.1287310 0.0406710 0.1856889 0.1884011 0.1457919 0.1517454 0.1728430 0.1562134 0.1560942 0.1603511 0.1411022 0.1737911 0.1453526 0.1608360 0.1569742 0.1430163 0.1795189 0.1550217 0.1617299 0.1618975 0.1617299 0.1779377 0.1346489 0.1949257 0.1567074 0.1531612 0.1609857 0.1564920 0.2154717 0.6368351 0.1358702 0.2628858 0.1523402 0.2015581 0.1683411 0.1450330 0.1595081 0.1522939 0.1560942 0.0676217 0.1382638 0.1382638 0.1437408 0.1787145 0.1453914 0.1472964 0.1660483 0.1751872 0.2672949 0.1796181 0.1751234 0.1570688 0.1733751 
Perityle_cuneata_34_cuneata_San_antonio    0.1105328 0.0770120 0.1170739 0.1682235 0.1071379 0.1262461 0.1671590 0.2411720 0.1295178 0.0923451 0.0799671 0.1170163 0.0924692 0.0737991 0.1195234 0.1181744 0.0755072 0.1140212 0.1168887 0.1223274 0.0605228 0.3119210 0.1211246 0.2966015 0.1147529 0.1161454 0.0823947 0.1381815 0.1019833 0.1597911 0.0000000 0.1275617 0.1005374 0.1208846 0.1799110 0.1217704 0.0860794 0.1333888 0.0910874 0.0897990 0.1230480 0.1185173 0.1152893 0.1117748 0.1306917 0.1257872 0.1046267 0.0858045 0.1302778 0.1316006 0.1196412 0.1260931 0.0989929 0.0761949 0.1253113 0.0795435 0.0916713 0.1214947 0.1124238 0.1421989 0.1094551 0.1294659 0.1591645 0.1288335 0.1354007 0.1355946 0.1173309 0.0948063 0.1237348 0.1234646 0.1214471 0.0813072 0.1114816 0.1235480 0.2254211 0.1207185 0.1181175 0.0978965 0.1287758 0.1082438 0.1135310 0.1346686 0.0976279 0.0752494 
Perityle_cuneata_4                         0.1318109 0.0700026 0.1270713 0.1830412 0.1141846 0.1447528 0.1818887 0.2846190 0.1217285 0.1220163 0.1184616 0.1277297 0.1353553 0.0965600 0.1338193 0.1144693 0.1263566 0.1121799 0.1312110 0.1297546 0.0815736 0.3125514 0.1456001 0.3373650 0.1390438 0.1267514 0.1290187 0.1728532 0.1012557 0.1287310 0.1275617 0.0000000 0.1118524 0.2043206 0.2657290 0.1481539 0.1038123 0.1491207 0.1045742 0.1249425 0.1431446 0.1452382 0.1373299 0.1459855 0.1512724 0.1370741 0.1332697 0.1293167 0.1443071 0.1231442 0.1241710 0.1262006 0.1299968 0.0955557 0.1553578 0.1176377 0.1102597 0.1401884 0.1367505 0.1825622 0.1569406 0.1343482 0.1670827 0.1300959 0.1714437 0.1420293 0.1122968 0.1135753 0.1298066 0.1454542 0.1043401 0.1178240 0.1669082 0.1296510 0.2620565 0.1197019 0.1317996 0.1286373 0.1409197 0.1640409 0.1396924 0.1514488 0.1262720 0.0992843 
Perityle_discoidea_81                      0.0858400 0.0729848 0.0917240 0.2044117 0.1327366 0.1457008 0.1969247 0.2679084 0.0095174 0.1513517 0.1117825 0.1093601 0.1354537 0.1066651 0.1169079 0.0899334 0.1210510 0.1214030 0.1143795 0.1056477 0.0927853 0.4028313 0.1205158 0.3180627 0.1094952 0.1081887 0.1282428 0.1330606 0.0611199 0.0406710 0.1005374 0.1118524 0.0000000 0.1211957 0.1239209 0.1127460 0.1182852 0.1354993 0.1230072 0.1196385 0.1192116 0.1109853 0.1120761 0.1170174 0.1226640 0.1187263 0.1059692 0.1186887 0.1201993 0.1163391 0.1060455 0.1099491 0.1233450 0.1060526 0.1254940 0.1246848 0.1300032 0.1118100 0.1115107 0.1374135 0.1374983 0.1163414 0.1937881 0.1223464 0.1285304 0.1243830 0.1528304 0.1380549 0.1094135 0.1219652 0.0724442 0.1030793 0.1610831 0.1193731 0.2801704 0.1409304 0.1224391 0.1238469 0.1230268 0.2575639 0.1160900 0.1201933 0.1156190 0.1319640 
Perityle_dissecta_201                      0.1790622 0.0954302 0.1444467 0.2034859 0.1012098 0.1468328 0.1947299 0.3063784 0.1236051 0.2410676 0.1229200 0.0821741 0.1348072 0.0612834 0.0929270 0.0463210 0.1417655 0.1203273 0.0674429 0.0564697 0.0385530 0.3532560 0.1788795 0.2512786 0.1323464 0.0840204 0.1425717 0.1971730 0.1083522 0.1856889 0.1208846 0.2043206 0.1211957 0.0000000 0.2069151 0.1695173 0.0848298 0.1447979 0.0775493 0.1112499 0.0884652 0.1690254 0.0714425 0.1508232 0.2102465 0.0840511 0.1151316 0.1201222 0.1083437 0.0727017 0.1173828 0.1050629 0.1267396 0.0403099 0.1444257 0.0664784 0.0832086 0.0486874 0.0969675 0.1577082 0.1358437 0.0939716 0.1370298 0.1420211 0.1712972 0.1394302 0.1348487 0.1765457 0.0621813 0.1327847 0.1189299 0.1074066 0.0950215 0.0616650 0.2163548 0.1329029 0.2069393 0.1279750 0.1131319 0.1677937 0.1401700 0.1277036 0.1966735 0.0616516 
Perityle_emoryi_47_punta_san_jose          0.1888828 0.0740692 0.1596072 0.1680344 0.1613187 0.1293443 0.1750029 0.3096659 0.1566811 0.3238916 0.2172643 0.1862085 0.2402704 0.0802126 0.1966357 0.1649992 0.1710329 0.1203146 0.1508722 0.1894193 0.0690424 0.3238134 0.3171082 0.2900821 0.2744267 0.2127757 0.2342115 0.3182584 0.0938247 0.1884011 0.1799110 0.2657290 0.1239209 0.2069151 0.0000000 0.2664349 0.1659190 0.2345574 0.1674523 0.1853201 0.1924257 0.2696280 0.1213276 0.2366101 0.3040490 0.2322409 0.2275138 0.1951957 0.1605306 0.1131112 0.2351032 0.2285483 0.2054039 0.0674480 0.2297222 0.0910355 0.0856000 0.1509069 0.2069817 0.2691604 0.1417553 0.1211457 0.1551135 0.2779262 0.2883767 0.2731015 0.2066176 0.2433049 0.1841139 0.2800802 0.1136780 0.1841882 0.1664405 0.1963565 0.2353699 0.1296099 0.3105891 0.2074037 0.2219340 0.1487989 0.2739379 0.2539000 0.2548242 0.0814485 
Perityle_feddemae_99                       0.1335078 0.0982715 0.1490220 0.1804362 0.0998329 0.1345392 0.1943061 0.2369868 0.1502774 0.1263126 0.0994127 0.1195994 0.0984381 0.0672718 0.1142899 0.1335230 0.1169922 0.0822575 0.1094465 0.1227126 0.0696485 0.2969568 0.1253196 0.2901524 0.1279424 0.1203756 0.0843279 0.1484609 0.1154161 0.1457919 0.1217704 0.1481539 0.1127460 0.1695173 0.2664349 0.0000000 0.0722417 0.0814383 0.0824495 0.0882664 0.1153742 0.0230578 0.1217396 0.0300541 0.0746270 0.1262027 0.1157579 0.0959169 0.0262554 0.1165301 0.1158646 0.1315648 0.1042799 0.0635704 0.1057031 0.0816285 0.0839016 0.1107902 0.1147100 0.1439158 0.1180725 0.0919439 0.1348947 0.1470034 0.1471848 0.1377375 0.1384130 0.1090322 0.1159252 0.1337561 0.1330927 0.0790009 0.0992427 0.1101620 0.2388098 0.1242484 0.0929905 0.0996125 0.1253341 0.1435513 0.1437679 0.1735067 0.1454391 0.0749576 
Perityle_fosteri_93                        0.0819337 0.0978553 0.0914749 0.1655329 0.1066131 0.1289423 0.1766473 0.2487847 0.1118027 0.1044474 0.2246455 0.0454641 0.0477634 0.0312737 0.0636091 0.0255069 0.1283768 0.0970048 0.0503871 0.0478084 0.0282038 0.4544728 0.0487847 0.1902269 0.0464766 0.0464828 0.0436109 0.0972228 0.1101346 0.1517454 0.0860794 0.1038123 0.1182852 0.0848298 0.1659190 0.0722417 0.0000000 0.0871408 0.0677371 0.0461739 0.0435186 0.0677956 0.0488830 0.0678626 0.0809010 0.0501371 0.0343859 0.0410757 0.0789615 0.0757002 0.0512886 0.0696217 0.0649673 0.0429683 0.0890106 0.0393134 0.0663972 0.0389105 0.0369662 0.1032872 0.1463495 0.0918140 0.1106728 0.0515840 0.0985722 0.0622127 0.1375023 0.1079432 0.0357110 0.0461542 0.1035648 0.0316989 0.0515881 0.0426250 0.2299414 0.1169539 0.0980048 0.0475603 0.0599093 0.1473322 0.0477057 0.0480880 0.1230568 0.0437875 
Perityle_gamon_221                         0.1511320 0.1084990 0.1598848 0.1929911 0.1190328 0.1381297 0.1959852 0.2715437 0.1653742 0.1224191 0.0991793 0.1333646 0.0790534 0.0600461 0.1409721 0.1515366 0.1459309 0.0853396 0.1267110 0.1342462 0.0503839 0.2955766 0.1520049 0.3031132 0.1347808 0.1395695 0.0913005 0.1618261 0.1235588 0.1728430 0.1333888 0.1491207 0.1354993 0.1447979 0.2345574 0.0814383 0.0871408 0.0000000 0.0974465 0.1006475 0.1287566 0.0736138 0.1330329 0.0760226 0.0743549 0.1452254 0.1186615 0.0992737 0.0773072 0.1362561 0.1235686 0.1512376 0.1094576 0.0656023 0.1047213 0.0942958 0.0807064 0.1252078 0.1180179 0.1386401 0.1245350 0.1240643 0.1272014 0.1607952 0.1590456 0.1423399 0.1491667 0.1139441 0.1312577 0.1510849 0.1410587 0.0851645 0.1162750 0.1292421 0.2140937 0.1427046 0.0921650 0.0984554 0.1375918 0.1131270 0.1684830 0.1721143 0.1556959 0.0425722 
Perityle_gentryi_8_san_francisco           0.0934932 0.0892719 0.1042978 0.1642505 0.1131215 0.1390816 0.1854568 0.2226354 0.1168645 0.1168292 0.0619572 0.0465933 0.0773621 0.0498548 0.0271236 0.0257336 0.1319259 0.1026679 0.0490999 0.0425286 0.0301807 0.2948733 0.0769323 0.1391890 0.0496312 0.0392179 0.0680411 0.1255213 0.1114826 0.1562134 0.0910874 0.1045742 0.1230072 0.0775493 0.1674523 0.0824495 0.0677371 0.0974465 0.0000000 0.0753729 0.0737678 0.0789452 0.0508552 0.0789381 0.0994859 0.0659646 0.0616575 0.0634197 0.0914874 0.0850896 0.0646135 0.0828199 0.0708845 0.0408502 0.1108844 0.0557821 0.0782727 0.0607723 0.0601291 0.1327176 0.1247266 0.1128948 0.0986517 0.0583089 0.1271014 0.0692831 0.1441020 0.1099709 0.0493830 0.0770371 0.1020393 0.0554072 0.0569616 0.0616771 0.1579959 0.1264635 0.0946770 0.0709213 0.0601827 0.1575520 0.0510815 0.0770983 0.1305335 0.0521352 
Perityle_gilensis_22_Superstition          0.0745593 0.0966954 0.0984190 0.1994116 0.1041377 0.1453077 0.1984955 0.2458496 0.1114626 0.1216565 0.0644075 0.0573834 0.0596462 0.0373315 0.0729151 0.0307232 0.1379051 0.1182216 0.0653940 0.0558986 0.0298190 0.3497807 0.0117831 0.2027640 0.0595938 0.0593031 0.0537386 0.0974145 0.1080467 0.1560942 0.0897990 0.1249425 0.1196385 0.1112499 0.1853201 0.0882664 0.0461739 0.1006475 0.0753729 0.0000000 0.0233388 0.0842447 0.0565164 0.0832033 0.0987030 0.0635786 0.0362462 0.0512305 0.0921958 0.0767937 0.0568335 0.0753121 0.0737661 0.0400145 0.0909131 0.0566991 0.0706355 0.0417449 0.0454599 0.1015259 0.1183698 0.1082085 0.1120538 0.0699987 0.0986550 0.0798045 0.1377052 0.1123430 0.0549526 0.0183123 0.1114975 0.0328798 0.0832927 0.0592631 0.1909122 0.1266734 0.1214523 0.0545326 0.0762725 0.1532574 0.0607004 0.0649458 0.1254526 0.0548106 
Perityle_gilensis_salensis_225             0.1134301 0.0983333 0.1312287 0.1986970 0.0989285 0.1434147 0.1871366 0.2573369 0.1462217 0.1214596 0.0600832 0.0579763 0.0528798 0.0389447 0.0923106 0.0670243 0.1379468 0.1134220 0.0580549 0.0546767 0.0297786 0.3603064 0.0466449 0.2403699 0.0778418 0.0772415 0.0478749 0.1084751 0.1096754 0.1603511 0.1230480 0.1431446 0.1192116 0.0884652 0.1924257 0.1153742 0.0435186 0.1287566 0.0737678 0.0233388 0.0000000 0.1100833 0.0584543 0.1037867 0.1287859 0.0699434 0.0420842 0.0500763 0.1165104 0.0737907 0.0559976 0.0677134 0.0735404 0.0399808 0.0926210 0.0581377 0.0729054 0.0655475 0.0629932 0.1121047 0.1183698 0.0987172 0.1156651 0.0581694 0.1061067 0.0873692 0.1378050 0.1148083 0.0527156 0.0418066 0.1244343 0.0408091 0.0860716 0.0668974 0.2042049 0.1337425 0.1425771 0.0458702 0.0613340 0.1531441 0.0653426 0.0834429 0.1302750 0.0579266 
Perityle_glaucescens_94                    0.1338842 0.0925993 0.1461268 0.1728084 0.1014860 0.1264923 0.1800093 0.2347896 0.1452810 0.1287964 0.0971265 0.1152834 0.0983757 0.0596913 0.1135605 0.1225247 0.1153200 0.0822140 0.1024256 0.1170249 0.0597418 0.2871636 0.1274244 0.2769461 0.1270254 0.1121058 0.0835447 0.1455901 0.1096556 0.1411022 0.1185173 0.1452382 0.1109853 0.1690254 0.2696280 0.0230578 0.0677956 0.0736138 0.0789452 0.0842447 0.1100833 0.0000000 0.1168260 0.0192027 0.0700396 0.1241852 0.1140055 0.0937491 0.0101079 0.1118677 0.1167550 0.1321319 0.1000904 0.0557959 0.0985729 0.0726357 0.0735150 0.1049296 0.1129422 0.1429166 0.1070357 0.0873112 0.1293051 0.1497159 0.1411365 0.1321807 0.1335637 0.1069943 0.1127265 0.1334197 0.1248808 0.0772428 0.0928272 0.1035947 0.2269471 0.1199439 0.0810776 0.0997408 0.1259289 0.1314086 0.1532321 0.1660354 0.1465752 0.0637994 
Perityle_gracilis_11                       0.1141232 0.1000201 0.1199104 0.1873237 0.1300964 0.1370552 0.1750306 0.2705744 0.1357237 0.1195681 0.0386051 0.0219382 0.0656636 0.0289342 0.0532337 0.0439908 0.1393915 0.1150440 0.0391006 0.0256070 0.0133671 0.3359535 0.0736074 0.2228932 0.0365904 0.0424036 0.0521265 0.1164347 0.1081061 0.1737911 0.1152893 0.1373299 0.1120761 0.0714425 0.1213276 0.1217396 0.0488830 0.1330329 0.0508552 0.0565164 0.0584543 0.1168260 0.0000000 0.1150160 0.1293841 0.0782784 0.0376667 0.0284955 0.1237246 0.0686014 0.0524118 0.0670895 0.0544050 0.0297766 0.1138562 0.0397335 0.0615264 0.0560093 0.0536507 0.1273698 0.1238347 0.1002517 0.0967551 0.0363921 0.1149289 0.0681793 0.1601337 0.1099044 0.0278590 0.0760436 0.1098273 0.0338431 0.0979357 0.0738255 0.1790623 0.1298919 0.1339773 0.0520420 0.0376608 0.1395473 0.0108800 0.0742018 0.1432325 0.0328510 
Perityle_harkerae_31                       0.1237151 0.0998303 0.1405705 0.1725399 0.1032666 0.1314496 0.1864608 0.2367821 0.1459528 0.1199995 0.0870099 0.1125755 0.0897915 0.0633448 0.1110729 0.1121009 0.1181952 0.0930306 0.1066917 0.1155748 0.0597418 0.2871636 0.1126281 0.2769963 0.1158514 0.1062252 0.0726543 0.1364347 0.1170198 0.1453526 0.1117748 0.1459855 0.1170174 0.1508232 0.2366101 0.0300541 0.0678626 0.0760226 0.0789381 0.0832033 0.1037867 0.0192027 0.1150160 0.0000000 0.0692837 0.1132608 0.1041450 0.0895758 0.0231631 0.1170224 0.1041013 0.1167301 0.1000015 0.0576525 0.1026800 0.0743729 0.0759587 0.1014533 0.1039157 0.1302326 0.1070357 0.0933649 0.1352398 0.1252656 0.1328606 0.1271407 0.1335666 0.1032372 0.1098610 0.1182283 0.1327576 0.0713814 0.0944475 0.1007718 0.2351696 0.1200375 0.0891512 0.0936610 0.1225098 0.1430557 0.1241865 0.1453839 0.1415507 0.0674387 
Perityle_hofmeisteria_4_nombre_de_dios     0.1509444 0.1154415 0.1577791 0.1834465 0.1166735 0.1299642 0.1828582 0.2634305 0.1609614 0.1370335 0.1124066 0.1300882 0.1067255 0.0846008 0.1349118 0.1802213 0.1354020 0.0901929 0.1201773 0.1284589 0.0791118 0.3025159 0.1911423 0.3154240 0.1416558 0.1346711 0.0958456 0.1827021 0.1175713 0.1608360 0.1306917 0.1512724 0.1226640 0.2102465 0.3040490 0.0746270 0.0809010 0.0743549 0.0994859 0.0987030 0.1287859 0.0700396 0.1293841 0.0692837 0.0000000 0.1406773 0.1179091 0.0958598 0.0685996 0.1272526 0.1270192 0.1455933 0.1142693 0.0772599 0.1106379 0.0906863 0.1020589 0.1191252 0.1220679 0.1608659 0.1411026 0.1128498 0.1566750 0.1780902 0.1694177 0.1404409 0.1480162 0.1232504 0.1266118 0.1685448 0.1331997 0.0890258 0.1118546 0.1185865 0.2387392 0.1334573 0.1081478 0.0997896 0.1413510 0.1520635 0.1775836 0.1716718 0.1581670 0.0740814 
