85
Amauria_brandeegeana_62                    0.0000000 0.1310120 0.2334806 0.4507832 0.3228324 0.2079193 0.3676053 0.2363130 0.4630620 0.2679304 0.5115489 0.4289152 0.2938134 0.4607914 0.3779569 0.3657278 0.3606886 0.3251771 0.2109083 0.2762127 0.2760498 0.4400156 0.3512607 0.3859448 0.5572693 0.3537149 0.5270443 0.3524657 0.2901710 0.1495397 0.1337495 0.4909819 0.2562150 0.2846084 0.4624798 0.1178842 0.3606994 0.2886625 0.3833799 0.2415753 0.4096543 0.3765519 0.2782215 0.3072370 0.2421018 0.4418546 0.3482166 0.5269471 0.2690680 0.3536409 0.3896221 0.2398946 0.2256788 0.3051143 0.4546300 0.2394874 0.3244598 0.4096985 0.4920664 0.2646971 0.0608456 0.4910114 0.1777532 0.4646683 0.2737756 0.3311212 0.5058707 0.2610040 0.2137321 0.3000636 0.3609736 0.2744544 0.5069480 0.4096448 0.2703401 0.2093815 0.3795138 0.3289754 0.4255500 0.3563139 0.5836915 0.3150345 0.3532526 0.1046236 0.1809508 
Amauria_carterae_99_mesa                   0.1310120 0.0000000 0.1282149 0.3000576 0.2407512 0.1991107 0.2476459 0.1506214 0.3312933 0.0570494 0.2495903 0.2834949 0.2693851 0.2575243 0.2359066 0.1239720 0.2581132 0.2216633 0.1685774 0.2667978 0.1020200 0.2565756 0.3269708 0.1299793 0.2571465 0.2668101 0.2636224 0.2863791 0.2049980 0.1463134 0.2447596 0.3990146 0.2095862 0.0960182 0.2986585 0.0711035 0.1682817 0.2624936 0.1413874 0.1412559 0.1326639 0.1328430 0.1601435 0.2745391 0.1449061 0.1540782 0.2134197 0.2604160 0.1512315 0.1288843 0.2687493 0.1148179 0.1789832 0.2648101 0.2902735 0.2483316 0.1192320 0.2667815 0.1914348 0.2605479 0.0608852 0.4087601 0.1840055 0.1955731 0.1533327 0.1256600 0.2784762 0.3191185 0.1648950 0.2214402 0.1289406 0.1582036 0.3420231 0.2369649 0.1938676 0.1478667 0.2791163 0.1604970 0.2556294 0.2716104 0.2862617 0.1929938 0.1391165 0.0807968 0.1305751 
Amauria_rotundifolia_SRR9119150            0.2334806 0.1282149 0.0000000 0.4229237 0.3505090 0.1897301 0.3878675 0.1831665 0.4411058 0.2625066 0.3515777 0.3902686 0.3241550 0.3089238 0.2622440 0.2788083 0.3331654 0.3552776 0.1729196 0.3225145 0.1670651 0.3216993 0.3417117 0.3001139 0.3242596 0.3937861 0.4047679 0.3908845 0.3616090 0.1438682 0.2367726 0.4950681 0.2462355 0.2626037 0.4370315 0.1969675 0.2985466 0.3342667 0.2785771 0.1777202 0.3167695 0.2532657 0.2159778 0.3604672 0.1998450 0.3023652 0.2651473 0.3904748 0.2132517 0.2445020 0.3810596 0.2045208 0.2846172 0.3487515 0.3985048 0.2448403 0.2435796 0.4125217 0.3163012 0.3088547 0.0634079 0.5153841 0.2067134 0.3689243 0.2652139 0.2602500 0.3742122 0.2805362 0.2155008 0.2460673 0.2513057 0.2298751 0.4634791 0.2859263 0.2697995 0.1725516 0.4046586 0.3008320 0.3443152 0.3901631 0.4961544 0.2625837 0.3069334 0.0800833 0.1851327 
Conoclinium_coelestinum_SRR9119114         0.4507832 0.3000576 0.4229237 0.0000000 0.3564388 0.2460468 0.3076353 0.3058412 0.4683170 0.4185075 0.4693144 0.4407257 0.3823046 0.4418245 0.4050979 0.3513619 0.3469509 0.4052077 0.3951059 0.3749982 0.3507277 0.4750007 0.4100077 0.3793570 0.4557165 0.3807875 0.5091377 0.3979648 0.3997353 0.2985840 0.2420583 0.5893499 0.3946166 0.4345229 0.3679916 0.3602428 0.4070068 0.3759298 0.3779898 0.3846282 0.3764355 0.3871419 0.4185761 0.3867161 0.3839910 0.3949581 0.3803546 0.4886860 0.4082295 0.3767313 0.3962936 0.3710771 0.3326227 0.3826587 0.4570360 0.2826658 0.3737287 0.3863571 0.4450956 0.3097483 0.1729550 0.5646046 0.2640182 0.4098172 0.3914657 0.3776484 0.5320206 0.5472973 0.1924965 0.3922758 0.3829413 0.4045915 0.4830859 0.4359795 0.3485863 0.2281566 0.5157480 0.4048888 0.4832126 0.3821787 0.4858967 0.4139041 0.3877194 0.1463758 0.3050536 
Eutetras_palmeri_63                        0.3228324 0.2407512 0.3505090 0.3564388 0.0000000 0.1947329 0.1981970 0.2219568 0.4527562 0.3053079 0.4439492 0.0755388 0.0748975 0.3830871 0.3658992 0.2395513 0.0840870 0.3110319 0.1910860 0.0722636 0.1556960 0.3807712 0.4936421 0.2413771 0.3989508 0.0752522 0.4785124 0.0975191 0.2689631 0.2130594 0.7525227 0.2324533 0.2785831 0.3478208 0.1373852 0.2516644 0.2362737 0.0759788 0.2365442 0.2520230 0.2329672 0.2362652 0.2618979 0.0778449 0.2733741 0.2557454 0.2073606 0.4439753 0.2694604 0.2409095 0.0758490 0.2338084 0.2809024 0.0703883 0.4649888 0.0983002 0.2409942 0.0863495 0.4025530 0.2953179 0.1219854 0.3923113 0.1188819 0.0772628 0.1832236 0.2224213 0.4254214 0.3363347 0.1829860 0.2507451 0.2385185 0.2737368 0.0861862 0.3682648 0.0789297 0.1001833 0.2340909 0.3440507 0.3958551 0.0771129 0.3383284 0.0874058 0.2350941 0.1510179 0.2290276 
Eutetras_pringlei_149_quer                 0.2079193 0.1991107 0.1897301 0.2460468 0.1947329 0.0000000 0.2235822 0.1921593 0.2659880 0.2121680 0.1698475 0.2241429 0.2003647 0.1667043 0.1348269 0.2280501 0.1944697 0.2062075 0.2405627 0.2044337 0.2351281 0.1665637 0.1310123 0.2414684 0.1797099 0.2003647 0.1937095 0.2224160 0.2125379 0.2113435 0.1381484 0.4297938 0.2167053 0.2389633 0.1944875 0.1900186 0.2416887 0.2055574 0.2308946 0.2447401 0.2523352 0.2452852 0.2356886 0.1951017 0.2394529 0.2410322 0.2242147 0.1758983 0.2402985 0.2454427 0.1892940 0.2514018 0.2008156 0.2044337 0.1537099 0.2118532 0.2415035 0.2049553 0.1757181 0.1526068 0.1924500 0.1556038 0.2186011 0.2310382 0.2129519 0.2699695 0.1821242 0.3038117 0.1667825 0.1549648 0.2414684 0.2514727 0.2526528 0.1526620 0.1999462 0.1764254 0.2986554 0.2564614 0.1660967 0.2108653 0.1854107 0.2270735 0.2641597 0.1842015 0.2078447 
Eutrochium_fistulosum_SRR9119106           0.3676053 0.2476459 0.3878675 0.3076353 0.1981970 0.2235822 0.0000000 0.2481518 0.4441675 0.3588910 0.4099026 0.2843244 0.2230418 0.3789640 0.3467997 0.2849245 0.2144754 0.3506504 0.3113233 0.2220167 0.2708979 0.4123651 0.3652540 0.3143786 0.3872592 0.2251361 0.4691070 0.2819242 0.3273213 0.1906888 0.1848555 0.4421935 0.3182177 0.3728351 0.2995909 0.2931397 0.3336737 0.2310782 0.3309874 0.3063868 0.3143707 0.3350690 0.3389456 0.2267185 0.3081457 0.3471939 0.3653325 0.4465794 0.3373581 0.3016263 0.2610380 0.2990303 0.2609942 0.2283261 0.3926609 0.2094648 0.3343737 0.2454791 0.4413929 0.2920107 0.1300183 0.4379466 0.1604613 0.3172100 0.3117591 0.3134149 0.4518900 0.3914347 0.1650025 0.3164736 0.3131341 0.3079361 0.3269236 0.3549645 0.1947047 0.2166030 0.3603575 0.3435272 0.4181814 0.2288409 0.5300675 0.3353895 0.3205913 0.1458010 0.2225998 
Galeana_pratensis_104_mex                  0.2363130 0.1506214 0.1831665 0.3058412 0.2219568 0.1921593 0.2481518 0.0000000 0.3120380 0.1809347 0.2448672 0.2538005 0.2570784 0.2255962 0.2219431 0.1832005 0.2042306 0.2398961 0.1890177 0.2504446 0.1556438 0.2373887 0.2453495 0.1716750 0.2389408 0.2502226 0.2552382 0.2536983 0.2400217 0.1406023 0.2511550 0.4365913 0.2151176 0.1914378 0.2363816 0.1916689 0.2134874 0.2479633 0.1778419 0.1906515 0.1646028 0.1643155 0.2096109 0.2560502 0.1956190 0.1827887 0.2092627 0.2381431 0.2008861 0.1627265 0.2524529 0.1723447 0.2539232 0.2412074 0.2679873 0.2061555 0.1823977 0.2504503 0.2205807 0.2765111 0.0950425 0.3717266 0.1905285 0.2080209 0.1927253 0.1887257 0.2434813 0.2903588 0.1806842 0.1998045 0.1698096 0.1754345 0.2992049 0.2201370 0.1753585 0.1762129 0.2493633 0.2164989 0.2398846 0.2469819 0.3112299 0.2127812 0.1970648 0.0955057 0.1893631 
Helianthus_annuus_SRR9119062               0.4630620 0.3312933 0.4411058 0.4683170 0.4527562 0.2659880 0.4441675 0.3120380 0.0000000 0.4718612 0.4938541 0.4550922 0.4719844 0.4493117 0.3987977 0.4363862 0.4735758 0.3974946 0.3844015 0.4052964 0.3951272 0.4630562 0.4058355 0.4804743 0.4472732 0.4669568 0.5626280 0.4175695 0.4956499 0.3061658 0.2599718 0.5671103 0.4391267 0.4688079 0.4133448 0.3816208 0.4440193 0.3976887 0.4506935 0.4029146 0.4726423 0.4606870 0.4334496 0.4288337 0.4410304 0.4778723 0.4402132 0.5170211 0.4388718 0.4206803 0.4395612 0.4051545 0.4491053 0.4293047 0.4948576 0.2882815 0.3804612 0.4927131 0.4502747 0.3058919 0.1535532 0.5192916 0.2496829 0.4892347 0.4214561 0.4386707 0.5228152 0.5099474 0.2799512 0.4595377 0.4662504 0.4033602 0.5477095 0.4685448 0.4057958 0.2234486 0.4112175 0.4598229 0.4757625 0.4650619 0.4922603 0.4480747 0.4619887 0.1552176 0.3673467 
Lycapsus_tenuifolius_17                    0.2679304 0.0570494 0.2625066 0.4185075 0.3053079 0.2121680 0.3588910 0.1809347 0.4718612 0.0000000 0.3260304 0.3660776 0.3479073 0.2670208 0.2490889 0.2878875 0.2644802 0.3630771 0.2047308 0.3313859 0.1567453 0.3130558 0.3755246 0.2342983 0.4435683 0.3612796 0.4470854 0.3894418 0.3275242 0.1597815 0.2647707 0.4333854 0.3442161 0.0601615 0.4160207 0.0697402 0.2953207 0.3237157 0.2872620 0.2006169 0.2416799 0.2282711 0.2796029 0.3403146 0.2530842 0.2674478 0.3117477 0.4222024 0.2720760 0.1924523 0.3611387 0.2200069 0.2633437 0.3513618 0.3753227 0.2241056 0.2447346 0.3655854 0.3971058 0.3276189 0.0796850 0.4768502 0.1803909 0.2921322 0.2742137 0.2380524 0.3715635 0.4740239 0.1894891 0.3476665 0.2244565 0.1897765 0.4090130 0.2766798 0.2249998 0.1659279 0.4213111 0.2555985 0.3478686 0.3569517 0.5264367 0.3008972 0.2400678 0.0803257 0.1539172 
Pericome_caudata_50_silver                 0.5115489 0.2495903 0.3515777 0.4693144 0.4439492 0.1698475 0.4099026 0.2448672 0.4938541 0.3260304 0.0000000 0.5522050 0.5029759 0.1699104 0.0770230 0.3178471 0.4353174 0.4606082 0.2915077 0.4554012 0.2189297 0.1176860 0.3006829 0.3294308 0.2342804 0.5062362 0.2031554 0.5289560 0.4473541 0.2792068 0.2624066 0.5649540 0.4383009 0.3232535 0.5530754 0.2810231 0.3742379 0.4358830 0.3493900 0.2936944 0.3006886 0.3142455 0.3686544 0.4509778 0.3605845 0.3434375 0.2371075 0.1524940 0.3806280 0.3222126 0.5365663 0.2887106 0.4396301 0.4698608 0.1462414 0.3496617 0.3626053 0.5287433 0.2250657 0.1585180 0.2278583 0.1690777 0.3278629 0.3458032 0.3385037 0.3219184 0.1462961 0.5689357 0.2361511 0.4619700 0.3334420 0.2830974 0.5700640 0.1375470 0.3906812 0.2066489 0.5116049 0.3638854 0.1303627 0.5070923 0.3347426 0.3662734 0.3584484 0.1849476 0.3390911 
Perityle_aglossa_84_dead_horse             0.4289152 0.2834949 0.3902686 0.4407257 0.0755388 0.2241429 0.2843244 0.2538005 0.4550922 0.3660776 0.5522050 0.0000000 0.0243329 0.5114356 0.3992115 0.2795904 0.0248636 0.4808103 0.2504140 0.0215869 0.2442873 0.4554629 0.4858163 0.2722256 0.5257804 0.0260299 0.5367285 0.0520438 0.3488355 0.2195021 0.7166051 0.2743315 0.3027912 0.4097971 0.0611608 0.2971429 0.3240473 0.0216421 0.2625308 0.2853513 0.2594794 0.2869853 0.3211393 0.0287851 0.3228371 0.3010474 0.2078202 0.5145465 0.3249123 0.2676228 0.0307201 0.2639918 0.3026175 0.0199187 0.4813901 0.0468397 0.4351704 0.0303007 0.5421533 0.3436094 0.1585824 0.4429358 0.1583768 0.0445462 0.2597616 0.2839708 0.5025747 0.3601956 0.1534441 0.1576172 0.2695178 0.2961695 0.0285889 0.3778493 0.0259844 0.0615647 0.3178519 0.3846655 0.4520725 0.0212220 0.4939239 0.0625833 0.2917952 0.1536047 0.2350559 
Perityle_ajoensis_204                      0.2938134 0.2693851 0.3241550 0.3823046 0.0748975 0.2003647 0.2230418 0.2570784 0.4719844 0.3479073 0.5029759 0.0243329 0.0000000 0.4277754 0.3900601 0.3393212 0.0662320 0.3726551 0.2313628 0.0273599 0.1887195 0.4110425 0.4746709 0.3486695 0.4495706 0.0059984 0.5208726 0.0555865 0.3616732 0.1950197 0.6368386 0.3057146 0.2940518 0.3919320 0.0851399 0.2816058 0.2638032 0.0282249 0.3031933 0.2717206 0.3428738 0.2659539 0.2779754 0.0095494 0.2944001 0.3540788 0.1723961 0.4797684 0.2915714 0.3022846 0.0261409 0.2462889 0.3612934 0.0242126 0.5338360 0.0485469 0.3199616 0.0655526 0.4454635 0.3235396 0.1585888 0.4358869 0.1632663 0.0846527 0.2217341 0.3241316 0.4415055 0.3158979 0.2506054 0.2287128 0.2897231 0.3250772 0.0799749 0.3763765 0.0170858 0.0365828 0.2704058 0.4432705 0.4359891 0.0298492 0.3555939 0.0877738 0.3410188 0.1567267 0.2685912 
Perityle_ambrosiifolia_67_green            0.4607914 0.2575243 0.3089238 0.4418245 0.3830871 0.1667043 0.3789640 0.2255962 0.4493117 0.2670208 0.1699104 0.5114356 0.4277754 0.0000000 0.0314205 0.2739573 0.3619764 0.4308096 0.2412825 0.4481911 0.1773644 0.0430428 0.2799809 0.2054345 0.2191010 0.4643916 0.1324775 0.5171488 0.4247786 0.2361983 0.2936672 0.5287896 0.3827862 0.2567577 0.5344024 0.2833178 0.3127316 0.4236501 0.2933428 0.2381729 0.1403115 0.1959997 0.3088666 0.4151702 0.2825040 0.2794303 0.1968902 0.0494136 0.3055984 0.2101115 0.4935660 0.2361169 0.3865570 0.4339644 0.1199267 0.3451855 0.3419978 0.4780141 0.2057819 0.1662511 0.2216882 0.1239297 0.3187596 0.2951798 0.3223566 0.2680800 0.1045207 0.4581107 0.2194649 0.4067815 0.2095041 0.2261368 0.5106190 0.0421936 0.3327996 0.2038377 0.4608869 0.3138130 0.0463706 0.4533215 0.4295510 0.3021098 0.3094952 0.1752499 0.3053984 
Perityle_angustifolia_13_Eagle_creek       0.3779569 0.2359066 0.2622440 0.4050979 0.3658992 0.1348269 0.3467997 0.2219431 0.3987977 0.2490889 0.0770230 0.3992115 0.3900601 0.0314205 0.0000000 0.2061911 0.3502406 0.3458000 0.2212054 0.3925025 0.1705648 0.0334478 0.2299819 0.1841020 0.0371462 0.3876222 0.0771250 0.4244915 0.3251575 0.2066908 0.2586206 0.5193033 0.3092768 0.2385708 0.3933378 0.2629370 0.2293846 0.3917046 0.1906846 0.2098753 0.1784820 0.1874112 0.2320829 0.3924589 0.2446209 0.2019501 0.2082862 0.0288706 0.2215552 0.1863592 0.3922062 0.1866751 0.3305480 0.3821024 0.0976089 0.3304662 0.2112350 0.3935998 0.0527285 0.1543362 0.2130781 0.1239910 0.3102876 0.1955617 0.2588264 0.1924686 0.1007643 0.4105436 0.1897010 0.2737077 0.1992574 0.2073871 0.4348892 0.0389217 0.3092465 0.1892939 0.4057711 0.2638020 0.0334036 0.3974188 0.2298349 0.2145522 0.2067414 0.1652703 0.2749345 
Perityle_batopilensis_97                   0.3657278 0.1239720 0.2788083 0.3513619 0.2395513 0.2280501 0.2849245 0.1832005 0.4363862 0.2878875 0.3178471 0.2795904 0.3393212 0.2739573 0.2061911 0.0000000 0.3049686 0.3323740 0.1957911 0.2139563 0.1083805 0.2519535 0.3400449 0.1704964 0.2856927 0.2844440 0.3572231 0.2632213 0.2636705 0.2026690 0.2358387 0.3491750 0.3236124 0.2543180 0.3023801 0.1845035 0.2361415 0.2148301 0.1676639 0.0965107 0.1736814 0.1743059 0.2617986 0.2262533 0.2559367 0.1729595 0.2079202 0.3420711 0.2717837 0.1299979 0.2874686 0.1443857 0.1543055 0.2353428 0.3091450 0.1968198 0.1581766 0.3215760 0.2870358 0.2866424 0.0538781 0.4079424 0.1587863 0.2689448 0.1598147 0.1060542 0.3198860 0.4661687 0.2131491 0.3354305 0.1650339 0.2229767 0.3766621 0.2464652 0.2624183 0.1687386 0.3672033 0.1926357 0.2794433 0.2809118 0.4528527 0.2933003 0.1316393 0.0897479 0.0571563 
Perityle_bisetosa_9                        0.3606886 0.2581132 0.3331654 0.3469509 0.0840870 0.1944697 0.2144754 0.2042306 0.4735758 0.2644802 0.4353174 0.0248636 0.0662320 0.3619764 0.3502406 0.3049686 0.0000000 0.2732185 0.2587704 0.0260084 0.1842311 0.3670381 0.4555788 0.2914302 0.3710115 0.0281902 0.4676970 0.0602431 0.2968920 0.2324684 0.5880306 0.2815286 0.3546064 0.3173392 0.0983021 0.2527454 0.2644146 0.0260409 0.2758989 0.3255596 0.2623557 0.2597106 0.3441751 0.0298032 0.3535516 0.3053262 0.1350678 0.4145265 0.3470960 0.2880708 0.0170611 0.2862598 0.3063380 0.0197090 0.4627140 0.0536804 0.2028250 0.0281386 0.2861057 0.2640911 0.1541994 0.4096618 0.1682198 0.0265873 0.1999976 0.2774572 0.4195839 0.3306492 0.2150287 0.3134110 0.2846494 0.3276733 0.0255731 0.3777171 0.0266754 0.0467361 0.1869665 0.3472218 0.3610566 0.0268417 0.2915665 0.0382173 0.2985607 0.1494125 0.2670069 
Perityle_californica_76_positas            0.3251771 0.2216633 0.3552776 0.4052077 0.3110319 0.2062075 0.3506504 0.2398961 0.3974946 0.3630771 0.4606082 0.4808103 0.3726551 0.4308096 0.3458000 0.3323740 0.2732185 0.0000000 0.2913172 0.3951229 0.2743343 0.3984970 0.3519919 0.3332548 0.4599750 0.3945496 0.4716284 0.4821429 0.3379786 0.1435445 0.1781715 0.4107623 0.3074324 0.3998167 0.5136531 0.2631069 0.3351878 0.3525828 0.3609441 0.3373835 0.3218688 0.3368720 0.3402225 0.3573236 0.3192894 0.3751475 0.3828272 0.4585759 0.3309202 0.3373077 0.4444902 0.3407615 0.2655534 0.3841820 0.4392148 0.2609606 0.2390442 0.4136418 0.4920860 0.2818389 0.0848714 0.4427413 0.1804581 0.4155641 0.3328102 0.3420399 0.4336015 0.3850794 0.1533026 0.4197112 0.3342709 0.2603394 0.5018894 0.3204254 0.2240280 0.2497148 0.3780321 0.3758866 0.4219740 0.4038776 0.6170480 0.3993532 0.3700332 0.0794541 0.2225581 
Perityle_canescens_77                      0.2109083 0.1685774 0.1729196 0.3951059 0.1910860 0.2405627 0.3113233 0.1890177 0.3844015 0.2047308 0.2915077 0.2504140 0.2313628 0.2412825 0.2212054 0.1957911 0.2587704 0.2913172 0.0000000 0.2000331 0.1167201 0.2739261 0.3626646 0.2055976 0.2565077 0.2305578 0.3303911 0.2317424 0.2465654 0.1253765 0.2469304 0.3695930 0.2053199 0.1842584 0.2639506 0.1984063 0.1264380 0.2005633 0.1747916 0.1348859 0.2276533 0.1496519 0.1140397 0.2263558 0.1111812 0.2104469 0.2081686 0.3072357 0.1157704 0.1423826 0.2465371 0.1359718 0.1913766 0.2197344 0.2850580 0.1949817 0.1644369 0.2668971 0.2630822 0.2842100 0.0711617 0.4052884 0.1549415 0.2444453 0.1425434 0.1722458 0.3109742 0.2325456 0.2213568 0.1971273 0.1557011 0.2003266 0.3345974 0.2634936 0.2215627 0.1785810 0.3410377 0.2030901 0.2760799 0.2309639 0.3683659 0.1995194 0.1911446 0.0712971 0.1098192 
Perityle_castillonii_96                    0.2762127 0.2667978 0.3225145 0.3749982 0.0722636 0.2044337 0.2220167 0.2504446 0.4052964 0.3313859 0.4554012 0.0215869 0.0273599 0.4481911 0.3925025 0.2139563 0.0260084 0.3951229 0.2000331 0.0000000 0.1848094 0.4195481 0.4825994 0.2044038 0.4888951 0.0306389 0.4568920 0.0626332 0.2751865 0.1999822 0.7036391 0.2334186 0.2352226 0.3316363 0.0776521 0.2815465 0.2280750 0.0223397 0.2053068 0.2172107 0.1848537 0.2229226 0.2205039 0.0316345 0.2295040 0.2143520 0.1558727 0.4663272 0.2299519 0.2066503 0.0262863 0.1949110 0.2661169 0.0202745 0.4602377 0.0525262 0.3368413 0.0329211 0.4877552 0.3272482 0.1585899 0.4392243 0.1632335 0.0252211 0.2067093 0.2142869 0.4278040 0.2719540 0.1298952 0.1468968 0.2029207 0.2170349 0.0328920 0.3537817 0.0332118 0.0581511 0.2691518 0.3243013 0.4396573 0.0251948 0.3834492 0.0349951 0.2110038 0.1531996 0.2100310 
Perityle_cernua_84                         0.2760498 0.1020200 0.1670651 0.3507277 0.1556960 0.2351281 0.2708979 0.1556438 0.3951272 0.1567453 0.2189297 0.2442873 0.1887195 0.1773644 0.1705648 0.1083805 0.1842311 0.2743343 0.1167201 0.1848094 0.0000000 0.2188092 0.3612143 0.0964291 0.1793518 0.1873765 0.2434650 0.2293766 0.2309291 0.1114192 0.2354729 0.3302469 0.2447535 0.1367270 0.2807595 0.1477419 0.1542689 0.1948155 0.1170071 0.0691204 0.0973959 0.0944707 0.1399906 0.1882928 0.1308832 0.1213560 0.1773823 0.2389858 0.1420616 0.0678973 0.2353232 0.0705364 0.1420005 0.1883434 0.2292352 0.1850039 0.1340637 0.2130548 0.1871182 0.2623905 0.0458429 0.3957677 0.1453218 0.1725845 0.1454978 0.1064048 0.2577864 0.3439835 0.1676404 0.2209390 0.0830398 0.1406768 0.2927501 0.1991390 0.1844503 0.1473206 0.3378056 0.1429986 0.2275011 0.1880912 0.3970443 0.1915956 0.1361041 0.0787139 0.0695398 
Perityle_cfvillosa_25_tin                  0.4400156 0.2565756 0.3216993 0.4750007 0.3807712 0.1665637 0.4123651 0.2373887 0.4630562 0.3130558 0.1176860 0.4554629 0.4110425 0.0430428 0.0334478 0.2519535 0.3670381 0.3984970 0.2739261 0.4195481 0.2188092 0.0000000 0.2838449 0.2428057 0.0562231 0.4089922 0.1325808 0.4653867 0.4038642 0.2448264 0.2653077 0.5434581 0.3696916 0.3044603 0.4889136 0.2991721 0.2833649 0.4226591 0.2545727 0.2352307 0.2336789 0.2450766 0.2776273 0.4130574 0.2932487 0.2602973 0.2452425 0.0341564 0.2777965 0.2121877 0.4389294 0.2397771 0.3660516 0.4153433 0.1211474 0.3427403 0.2653844 0.4291112 0.0852756 0.1665232 0.2219908 0.1246470 0.3195255 0.2542344 0.3188449 0.2449258 0.1552963 0.4753530 0.2074343 0.3808285 0.2380871 0.2448812 0.4720879 0.0199871 0.3341277 0.1717542 0.4692050 0.3037375 0.0259944 0.4199346 0.3032441 0.2639481 0.2693957 0.1753796 0.3010050 
Perityle_cinerea_113_Powell1310            0.3512607 0.3269708 0.3417117 0.4100077 0.4936421 0.1310123 0.3652540 0.2453495 0.4058355 0.3755246 0.3006829 0.4858163 0.4746709 0.2799809 0.2299819 0.3400449 0.4555788 0.3519919 0.3626646 0.4825994 0.3612143 0.2838449 0.0000000 0.3717873 0.2695178 0.4746709 0.2822052 0.4917567 0.3694635 0.3464413 0.1966556 0.5958656 0.3644359 0.3867308 0.3650396 0.3475671 0.3780539 0.4769927 0.3269116 0.3739181 0.3035437 0.3937010 0.3672454 0.4784092 0.3606815 0.3436243 0.3426309 0.2893868 0.3626718 0.3718954 0.4865009 0.3720138 0.3610297 0.4718780 0.2241771 0.4041762 0.2977878 0.4867760 0.1136558 0.1632228 0.2640215 0.3418735 0.4245260 0.3737111 0.3736343 0.3815951 0.2892211 0.5980208 0.1302049 0.4287848 0.3649568 0.3661403 0.4876505 0.2817610 0.4685648 0.2331465 0.5869181 0.3688541 0.2856504 0.4919419 0.1616983 0.3676363 0.3865208 0.2308394 0.4094706 
Perityle_coahuilensis_24                   0.3859448 0.1299793 0.3001139 0.3793570 0.2413771 0.2414684 0.3143786 0.1716750 0.4804743 0.2342983 0.3294308 0.2722256 0.3486695 0.2054345 0.1841020 0.1704964 0.2914302 0.3332548 0.2055976 0.2044038 0.0964291 0.2428057 0.3717873 0.0000000 0.3918186 0.2736809 0.3422995 0.2586543 0.2745660 0.2270325 0.2604117 0.3429665 0.3499959 0.1978060 0.2934707 0.1729131 0.2446869 0.2110157 0.1707487 0.1581545 0.0950086 0.0389338 0.2669510 0.2261348 0.2469903 0.1750074 0.2549932 0.3199529 0.2783544 0.0578926 0.2723048 0.1447002 0.1877050 0.2283854 0.2790228 0.1945280 0.2119141 0.2982903 0.3060364 0.2644157 0.0586501 0.4219171 0.1452433 0.2992740 0.1708623 0.1326223 0.3095425 0.5061320 0.2163103 0.3438065 0.0510193 0.2328466 0.3688151 0.2390773 0.2606009 0.1570173 0.4144173 0.1810087 0.2682420 0.2666814 0.5446551 0.2958324 0.1602162 0.0759707 0.0941728 
Perityle_cochisensis_44_cave_creek         0.5572693 0.2571465 0.3242596 0.4557165 0.3989508 0.1797099 0.3872592 0.2389408 0.4472732 0.4435683 0.2342804 0.5257804 0.4495706 0.2191010 0.0371462 0.2856927 0.3710115 0.4599750 0.2565077 0.4888951 0.1793518 0.0562231 0.2695178 0.3918186 0.0000000 0.4905145 0.1800433 0.5387818 0.4403935 0.2366878 0.2806230 0.5512477 0.4097067 0.4129242 0.5527211 0.2880781 0.3694134 0.4497731 0.2988342 0.2406535 0.3429791 0.3745225 0.3317797 0.4335039 0.3349120 0.4154943 0.1982231 0.1124587 0.3540593 0.3864208 0.5138078 0.2332825 0.3856674 0.4672549 0.1253992 0.3467204 0.3490214 0.5067406 0.2058462 0.1618868 0.2217937 0.1273042 0.3167944 0.2989899 0.3436484 0.2736192 0.1197975 0.4915589 0.2086911 0.4046070 0.3923032 0.2371937 0.5438416 0.0582052 0.3384543 0.1982050 0.4939194 0.3445042 0.0913087 0.4917906 0.3173746 0.3190058 0.3158451 0.1753908 0.2963925 
Perityle_congesta_202                      0.3537149 0.2668101 0.3937861 0.3807875 0.0752522 0.2003647 0.2251361 0.2502226 0.4669568 0.3612796 0.5062362 0.0260299 0.0059984 0.4643916 0.3876222 0.2844440 0.0281902 0.3945496 0.2305578 0.0306389 0.1873765 0.4089922 0.4746709 0.2736809 0.4905145 0.0000000 0.5318585 0.0605124 0.3311547 0.2235341 0.6368386 0.2837594 0.3137544 0.4016597 0.0834709 0.2794754 0.2729427 0.0305446 0.2581616 0.2865985 0.2544100 0.2722300 0.3054674 0.0114790 0.3092004 0.2856481 0.1183451 0.4870074 0.3120085 0.2734776 0.0286908 0.2635434 0.3292769 0.0277061 0.4884580 0.0485860 0.3608295 0.0382205 0.4963966 0.3235396 0.1585888 0.4299999 0.1607252 0.0322353 0.2215610 0.2763637 0.4401696 0.3546914 0.1815567 0.2216874 0.2708429 0.2755235 0.0381579 0.3748851 0.0170946 0.0342454 0.2697627 0.3882339 0.4350367 0.0316169 0.3909621 0.0391312 0.2823220 0.1567267 0.2656846 
Perityle_cordifolia_27                     0.5270443 0.2636224 0.4047679 0.5091377 0.4785124 0.1937095 0.4691070 0.2552382 0.5626280 0.4470854 0.2031554 0.5367285 0.5208726 0.1324775 0.0771250 0.3572231 0.4676970 0.4716284 0.3303911 0.4568920 0.2434650 0.1325808 0.2822052 0.3422995 0.1800433 0.5318585 0.0000000 0.5258833 0.4754946 0.2932326 0.2728767 0.5614930 0.4655582 0.4179154 0.5699642 0.3261012 0.4093418 0.4348433 0.3369443 0.2977048 0.3260804 0.3296364 0.4147602 0.4469766 0.4285535 0.3577232 0.3088198 0.1585456 0.4279075 0.3118547 0.5309771 0.3234846 0.4372124 0.4709777 0.1510975 0.3574987 0.3403857 0.5554854 0.1891050 0.1878586 0.2565136 0.1759221 0.3318759 0.3965530 0.3564151 0.3211358 0.1929755 0.6194088 0.2622213 0.5131020 0.3405956 0.3127894 0.5795825 0.1266555 0.4232931 0.2182147 0.4891085 0.3502840 0.1258066 0.5320272 0.3978325 0.3941416 0.3556284 0.1943747 0.3448705 
Perityle_cordifolia_68_tecolote            0.3524657 0.2863791 0.3908845 0.3979648 0.0975191 0.2224160 0.2819242 0.2536983 0.4175695 0.3894418 0.5289560 0.0520438 0.0555865 0.5171488 0.4244915 0.2632213 0.0602431 0.4821429 0.2317424 0.0626332 0.2293766 0.4653867 0.4917567 0.2586543 0.5387818 0.0605124 0.5258833 0.0000000 0.3283819 0.2435684 0.6368386 0.2673629 0.2666763 0.4025208 0.0744546 0.3107783 0.2696391 0.0568615 0.2350966 0.2575626 0.2275431 0.2747640 0.2663966 0.0578312 0.2670097 0.2508084 0.1889049 0.5128919 0.2707338 0.2545645 0.0540822 0.2445446 0.2980132 0.0560134 0.5074847 0.0072594 0.4044276 0.0636382 0.5169439 0.3607211 0.1589185 0.4771730 0.1763738 0.0607692 0.2490807 0.2754274 0.4842205 0.2985232 0.1076869 0.1492784 0.2569818 0.2574966 0.0618566 0.3863343 0.0568796 0.0646434 0.2961197 0.3746323 0.4831328 0.0570375 0.4444495 0.0618566 0.2647266 0.1774386 0.2359210 
Perityle_coronopifolia_28_patagonia        0.2901710 0.2049980 0.3616090 0.3997353 0.2689631 0.2125379 0.3273213 0.2400217 0.4956499 0.3275242 0.4473541 0.3488355 0.3616732 0.4247786 0.3251575 0.2636705 0.2968920 0.3379786 0.2465654 0.2751865 0.2309291 0.4038642 0.3694635 0.2745660 0.4403935 0.3311547 0.4754946 0.3283819 0.0000000 0.2146969 0.1811641 0.4077982 0.3431929 0.3335593 0.3750856 0.2460045 0.3144018 0.2573263 0.2641758 0.2683169 0.2548496 0.2841981 0.3357847 0.2629170 0.3067401 0.2626807 0.3929340 0.4807898 0.3258011 0.2376974 0.3438965 0.2590125 0.1469966 0.2958234 0.3891862 0.1959690 0.3071760 0.3648120 0.4490976 0.2028724 0.0325031 0.4084455 0.1564697 0.4131379 0.1999421 0.2601028 0.4417185 0.4672680 0.1760904 0.4320715 0.2521703 0.2880409 0.4362173 0.3677186 0.2642267 0.2387197 0.3839010 0.2761829 0.4130677 0.3349702 0.5292850 0.4245949 0.2794140 0.1146472 0.1285932 
Perityle_crassifolia_70_ventanas           0.1495397 0.1463134 0.1438682 0.2985840 0.2130594 0.2113435 0.1906888 0.1406023 0.3061658 0.1597815 0.2792068 0.2195021 0.1950197 0.2361983 0.2066908 0.2026690 0.2324684 0.1435445 0.1253765 0.1999822 0.1114192 0.2448264 0.3464413 0.2270325 0.2366878 0.2235341 0.2932326 0.2435684 0.2146969 0.0000000 0.2144592 0.3192899 0.1483281 0.1604669 0.2532882 0.1601065 0.1886382 0.2033966 0.1767947 0.1345796 0.2192735 0.1455707 0.1481925 0.2115501 0.1513002 0.2377030 0.1613794 0.2666053 0.1504294 0.1685835 0.2245082 0.1363697 0.2003978 0.2014709 0.2719757 0.2086446 0.1171532 0.2470816 0.1882244 0.2175147 0.0995350 0.3532563 0.1700504 0.2126339 0.1279895 0.2056125 0.2893569 0.2086479 0.2083166 0.1858377 0.1509465 0.1003956 0.2760891 0.2593624 0.2074988 0.1441305 0.2388226 0.2349311 0.2460962 0.2241332 0.2103243 0.1545242 0.2274998 0.0918874 0.1554594 
Perityle_crassifolia_74_playa_balandra     0.1337495 0.2447596 0.2367726 0.2420583 0.7525227 0.1381484 0.1848555 0.2511550 0.2599718 0.2647707 0.2624066 0.7166051 0.6368386 0.2936672 0.2586206 0.2358387 0.5880306 0.1781715 0.2469304 0.7036391 0.2354729 0.2653077 0.1966556 0.2604117 0.2806230 0.6368386 0.2728767 0.6368386 0.1811641 0.2144592 0.0000000 0.8752551 0.1564534 0.2442363 0.5813945 0.2277803 0.2364379 0.6368386 0.2452068 0.2264475 0.2562156 0.2520520 0.2438940 0.6368386 0.2195391 0.2651570 0.2620715 0.2762154 0.2260995 0.2428372 0.6511375 0.2540063 0.1686590 0.6368386 0.2685880 0.6467921 0.2422215 0.5854511 0.2458166 0.1795638 0.3757193 0.7362274 0.5952730 0.2752885 0.2512534 0.2638848 0.2637026 0.7142596 0.0585167 0.2254852 0.2509213 0.2569339 0.6618130 0.2589043 0.6259537 0.2114066 0.7330555 0.2770588 0.2682876 0.6949708 0.3379789 0.2467425 0.2831552 0.1785115 0.2320613 
Perityle_cuneata_34_cuneata_San_antonio    0.4909819 0.3990146 0.4950681 0.5893499 0.2324533 0.4297938 0.4421935 0.4365913 0.5671103 0.4333854 0.5649540 0.2743315 0.3057146 0.5287896 0.5193033 0.3491750 0.2815286 0.4107623 0.3695930 0.2334186 0.3302469 0.5434581 0.5958656 0.3429665 0.5512477 0.2837594 0.5614930 0.2673629 0.4077982 0.3192899 0.8752551 0.0000000 0.4272282 0.4382046 0.3051712 0.4558934 0.3988393 0.2223817 0.3642423 0.3671169 0.3341789 0.3468608 0.4212889 0.2442770 0.3917541 0.3698859 0.4872858 0.5711782 0.4148692 0.3423101 0.2692108 0.3581537 0.3659269 0.2392801 0.5566593 0.2201925 0.4344592 0.2914986 0.5803489 0.5600737 0.0904963 0.4061552 0.1745526 0.4496061 0.3343728 0.3325453 0.5847104 0.4356139 0.4964555 0.4697070 0.3434915 0.4051922 0.3512838 0.5532851 0.2783256 0.3801384 0.3601960 0.4325779 0.5434268 0.2888109 0.5996455 0.4751351 0.3506372 0.2201750 0.2563898 
Perityle_cuneata_4                         0.2562150 0.2095862 0.2462355 0.3946166 0.2785831 0.2167053 0.3182177 0.2151176 0.4391267 0.3442161 0.4383009 0.3027912 0.2940518 0.3827862 0.3092768 0.3236124 0.3546064 0.3074324 0.2053199 0.2352226 0.2447535 0.3696916 0.3644359 0.3499959 0.4097067 0.3137544 0.4655582 0.2666763 0.3431929 0.1483281 0.1564534 0.4272282 0.0000000 0.3809366 0.2841309 0.2651128 0.2970610 0.2263529 0.3314568 0.2340592 0.3644149 0.3093199 0.2078554 0.2623960 0.1909747 0.3605041 0.2900321 0.4271556 0.2098738 0.3091787 0.2923791 0.2313975 0.2864701 0.2488308 0.4067313 0.2018159 0.3321060 0.3477367 0.4115744 0.2416897 0.0923158 0.4159027 0.1708025 0.3816518 0.2552719 0.3134650 0.4166148 0.2153576 0.1756022 0.2366307 0.3133762 0.2743708 0.3967729 0.3357572 0.3185914 0.2115683 0.3304945 0.3851005 0.3837631 0.3058703 0.5238684 0.2697027 0.3416852 0.1225515 0.2208008 
Perityle_discoidea_81                      0.2846084 0.0960182 0.2626037 0.4345229 0.3478208 0.2389633 0.3728351 0.1914378 0.4688079 0.0601615 0.3232535 0.4097971 0.3919320 0.2567577 0.2385708 0.2543180 0.3173392 0.3998167 0.1842584 0.3316363 0.1367270 0.3044603 0.3867308 0.1978060 0.4129242 0.4016597 0.4179154 0.4025208 0.3335593 0.1604669 0.2442363 0.4382046 0.3809366 0.0000000 0.4513139 0.1179164 0.2659802 0.3239814 0.2477992 0.2041637 0.2131101 0.1979279 0.2808961 0.3434480 0.2681294 0.2451729 0.2622003 0.3816080 0.2759963 0.1776954 0.3986903 0.1949793 0.2740339 0.3538605 0.3463129 0.2212435 0.2913341 0.4104888 0.3852057 0.3383470 0.0760544 0.4765408 0.1775516 0.3083250 0.2426930 0.2158548 0.3404994 0.5026182 0.2286272 0.3876019 0.2027767 0.1780291 0.4607597 0.2732393 0.2634481 0.1701589 0.4335977 0.2429238 0.3345690 0.3938484 0.5545658 0.3282785 0.2346987 0.0803385 0.1566657 
Perityle_dissecta_201                      0.4624798 0.2986585 0.4370315 0.3679916 0.1373852 0.1944875 0.2995909 0.2363816 0.4133448 0.4160207 0.5530754 0.0611608 0.0851399 0.5344024 0.3933378 0.3023801 0.0983021 0.5136531 0.2639506 0.0776521 0.2807595 0.4889136 0.3650396 0.2934707 0.5527211 0.0834709 0.5699642 0.0744546 0.3750856 0.2532882 0.5813945 0.3051712 0.2841309 0.4513139 0.0000000 0.3536983 0.3244391 0.0751502 0.2759845 0.2904579 0.2651983 0.3017565 0.3165809 0.0942566 0.3137894 0.2944223 0.1533348 0.5456154 0.3238763 0.2845826 0.0711528 0.2746671 0.3570324 0.0768794 0.4790704 0.0791587 0.4176859 0.0798554 0.5225799 0.3218568 0.1479633 0.4573941 0.1734397 0.0833792 0.2878774 0.3085371 0.5384709 0.3516501 0.1112761 0.1153767 0.2917543 0.2856060 0.0743306 0.4133057 0.1120071 0.0505748 0.3390958 0.4337724 0.4848101 0.0836387 0.4604681 0.0754860 0.3189189 0.1402634 0.2630639 
Perityle_emoryi_47_punta_san_jose          0.1178842 0.0711035 0.1969675 0.3602428 0.2516644 0.1900186 0.2931397 0.1916689 0.3816208 0.0697402 0.2810231 0.2971429 0.2816058 0.2833178 0.2629370 0.1845035 0.2527454 0.2631069 0.1984063 0.2815465 0.1477419 0.2991721 0.3475671 0.1729131 0.2880781 0.2794754 0.3261012 0.3107783 0.2460045 0.1601065 0.2277803 0.4558934 0.2651128 0.1179164 0.3536983 0.0000000 0.2081614 0.2847852 0.1910220 0.1681254 0.2201032 0.1926252 0.2012756 0.2858668 0.1828168 0.2034423 0.2734389 0.3303428 0.1919071 0.1656552 0.2775845 0.1600495 0.1888711 0.2822869 0.3318540 0.2394874 0.1653841 0.2901470 0.2761521 0.2767408 0.0608456 0.4625079 0.1777532 0.2407738 0.2071826 0.1762562 0.3282374 0.3126599 0.1561260 0.2598482 0.1700367 0.2072659 0.3564995 0.2782748 0.1967350 0.1741818 0.2809723 0.1809222 0.3044406 0.2859756 0.3792626 0.2553644 0.1843849 0.0764162 0.1484460 
Perityle_feddemae_99                       0.3606994 0.1682817 0.2985466 0.4070068 0.2362737 0.2416887 0.3336737 0.2134874 0.4440193 0.2953207 0.3742379 0.3240473 0.2638032 0.3127316 0.2293846 0.2361415 0.2644146 0.3351878 0.1264380 0.2280750 0.1542689 0.2833649 0.3780539 0.2446869 0.3694134 0.2729427 0.4093418 0.2696391 0.3144018 0.1886382 0.2364379 0.3988393 0.2970610 0.2659802 0.3244391 0.2081614 0.0000000 0.2165794 0.1769996 0.1758628 0.2742754 0.2466445 0.0638931 0.2564390 0.0462138 0.2301564 0.2799280 0.3571781 0.0393848 0.2157958 0.3061518 0.1943819 0.2487384 0.2561817 0.2966403 0.1998590 0.2485548 0.3022041 0.3474569 0.3038555 0.0714694 0.4086162 0.1590257 0.2879902 0.2012918 0.2231554 0.3531898 0.4857009 0.1876895 0.3320737 0.2382595 0.2175335 0.3714754 0.2799226 0.2576800 0.2073962 0.4213009 0.2400321 0.2955695 0.2711853 0.5213584 0.2974654 0.2333216 0.0804426 0.1588390 
Perityle_fosteri_93                        0.2886625 0.2624936 0.3342667 0.3759298 0.0759788 0.2055574 0.2310782 0.2479633 0.3976887 0.3237157 0.4358830 0.0216421 0.0282249 0.4236501 0.3917046 0.2148301 0.0260409 0.3525828 0.2005633 0.0223397 0.1948155 0.4226591 0.4769927 0.2110157 0.4497731 0.0305446 0.4348433 0.0568615 0.2573263 0.2033966 0.6368386 0.2223817 0.2263529 0.3239814 0.0751502 0.2847852 0.2165794 0.0000000 0.2018984 0.2166159 0.1885435 0.2293231 0.2069260 0.0331644 0.2116799 0.2124108 0.1510640 0.4450977 0.2186543 0.2136310 0.0223749 0.2040540 0.2690769 0.0099558 0.4695199 0.0487338 0.2993775 0.0331884 0.4322700 0.3428067 0.1627757 0.4259498 0.1639473 0.0245906 0.2182689 0.2204654 0.4214632 0.2644197 0.1264320 0.1511094 0.2093433 0.2192351 0.0331558 0.3487555 0.0305497 0.0509355 0.2609580 0.3241531 0.4400379 0.0245763 0.3548147 0.0354959 0.2135197 0.1534957 0.2173383 
Perityle_gamon_221                         0.3833799 0.1413874 0.2785771 0.3779898 0.2365442 0.2308946 0.3309874 0.1778419 0.4506935 0.2872620 0.3493900 0.2625308 0.3031933 0.2933428 0.1906846 0.1676639 0.2758989 0.3609441 0.1747916 0.2053068 0.1170071 0.2545727 0.3269116 0.1707487 0.2988342 0.2581616 0.3369443 0.2350966 0.2641758 0.1767947 0.2452068 0.3642423 0.3314568 0.2477992 0.2759845 0.1910220 0.1769996 0.2018984 0.0000000 0.1552909 0.1900341 0.1846694 0.2103079 0.2119485 0.2083022 0.0652164 0.2468363 0.3320267 0.2131673 0.1419151 0.2566988 0.1327666 0.2037128 0.2139157 0.2909998 0.1535070 0.2415205 0.2859148 0.3059510 0.2734047 0.0313754 0.3942816 0.1383136 0.2662446 0.1643159 0.1570851 0.3175592 0.4801294 0.2484033 0.3086246 0.1593479 0.2111155 0.3571652 0.2519523 0.2424699 0.1846196 0.4277929 0.1889917 0.2786181 0.2474821 0.4873632 0.2858790 0.1848551 0.0977643 0.0996579 
Perityle_gentryi_8_san_francisco           0.2415753 0.1412559 0.1777202 0.3846282 0.2520230 0.2447401 0.3063868 0.1906515 0.4029146 0.2006169 0.2936944 0.2853513 0.2717206 0.2381729 0.2098753 0.0965107 0.3255596 0.3373835 0.1348859 0.2172107 0.0691204 0.2352307 0.3739181 0.1581545 0.2406535 0.2865985 0.2977048 0.2575626 0.2683169 0.1345796 0.2264475 0.3671169 0.2340592 0.2041637 0.2904579 0.1681254 0.1758628 0.2166159 0.1552909 0.0000000 0.1588222 0.1049817 0.1707705 0.2370047 0.1758036 0.1953891 0.1616043 0.2732892 0.1697080 0.1197451 0.2789535 0.1093378 0.1873685 0.2356017 0.3316406 0.2107259 0.1815882 0.3294525 0.2345173 0.2838244 0.0537201 0.4373139 0.1774796 0.2520773 0.1404213 0.1263376 0.2810962 0.2894590 0.2260835 0.2103140 0.1111490 0.2193214 0.3776554 0.2493781 0.2837466 0.1628172 0.3972320 0.2509192 0.2629789 0.2856681 0.4753972 0.2021007 0.1616552 0.0995741 0.0680171 
Perityle_gilensis_22_Superstition          0.4096543 0.1326639 0.3167695 0.3764355 0.2329672 0.2523352 0.3143707 0.1646028 0.4726423 0.2416799 0.3006886 0.2594794 0.3428738 0.1403115 0.1784820 0.1736814 0.2623557 0.3218688 0.2276533 0.1848537 0.0973959 0.2336789 0.3035437 0.0950086 0.3429791 0.2544100 0.3260804 0.2275431 0.2548496 0.2192735 0.2562156 0.3341789 0.3644149 0.2131101 0.2651983 0.2201032 0.2742754 0.1885435 0.1900341 0.1588222 0.0000000 0.0960793 0.2991407 0.2007655 0.2561914 0.1751304 0.2245949 0.2999727 0.3131774 0.1022040 0.2533352 0.1547101 0.1719480 0.2073438 0.2524674 0.1625867 0.2018417 0.2910961 0.2760902 0.2758719 0.0704632 0.3882151 0.1493008 0.2901941 0.1784772 0.1470857 0.3038758 0.4946783 0.2132715 0.3358135 0.1082491 0.2212843 0.3691378 0.2307441 0.2321905 0.1518103 0.4071570 0.1689926 0.2484434 0.2530357 0.5242904 0.3146634 0.1748704 0.0787906 0.0833098 
Perityle_gilensis_salensis_225             0.3765519 0.1328430 0.2532657 0.3871419 0.2362652 0.2452852 0.3350690 0.1643155 0.4606870 0.2282711 0.3142455 0.2869853 0.2659539 0.1959997 0.1874112 0.1743059 0.2597106 0.3368720 0.1496519 0.2229226 0.0944707 0.2450766 0.3937010 0.0389338 0.3745225 0.2722300 0.3296364 0.2747640 0.2841981 0.1455707 0.2520520 0.3468608 0.3093199 0.1979279 0.3017565 0.1926252 0.2466445 0.2293231 0.1846694 0.1049817 0.0960793 0.0000000 0.2277682 0.2460514 0.1886090 0.1824476 0.2208098 0.3228366 0.2429228 0.0662127 0.2886293 0.1164842 0.2019899 0.2466729 0.2726440 0.2129022 0.2144759 0.2817910 0.3086519 0.2669228 0.0505705 0.4345966 0.1532803 0.2707099 0.1723198 0.1440015 0.3178962 0.4569371 0.1773277 0.2949356 0.0655191 0.1768705 0.3452723 0.2467876 0.2744359 0.1624891 0.4273950 0.1979486 0.2707331 0.2664970 0.5367526 0.2621099 0.1729259 0.0791371 0.0953120 
Perityle_glaucescens_94                    0.2782215 0.1601435 0.2159778 0.4185761 0.2618979 0.2356886 0.3389456 0.2096109 0.4334496 0.2796029 0.3686544 0.3211393 0.2779754 0.3088666 0.2320829 0.2617986 0.3441751 0.3402225 0.1140397 0.2205039 0.1399906 0.2776273 0.3672454 0.2669510 0.3317797 0.3054674 0.4147602 0.2663966 0.3357847 0.1481925 0.2438940 0.4212889 0.2078554 0.2808961 0.3165809 0.2012756 0.0638931 0.2069260 0.2103079 0.1707705 0.2991407 0.2277682 0.0000000 0.2516249 0.0465657 0.2756187 0.2154669 0.3442942 0.0480043 0.2156142 0.2974306 0.1767405 0.2736347 0.2483864 0.3307074 0.2081981 0.2407982 0.3536396 0.3206891 0.3026255 0.0745753 0.4023626 0.1594662 0.3121264 0.1873198 0.2350768 0.3569549 0.2684238 0.2464841 0.2357945 0.2240310 0.2314128 0.4163406 0.2850486 0.2945785 0.2016438 0.4283975 0.2907829 0.2910757 0.2999482 0.4914536 0.2535697 0.2623958 0.0733543 0.1701583 
Perityle_gracilis_11                       0.3072370 0.2745391 0.3604672 0.3867161 0.0778449 0.1951017 0.2267185 0.2560502 0.4288337 0.3403146 0.4509778 0.0287851 0.0095494 0.4151702 0.3924589 0.2262533 0.0298032 0.3573236 0.2263558 0.0316345 0.1882928 0.4130574 0.4784092 0.2261348 0.4335039 0.0114790 0.4469766 0.0578312 0.2629170 0.2115501 0.6368386 0.2442770 0.2623960 0.3434480 0.0942566 0.2858668 0.2564390 0.0331644 0.2119485 0.2370047 0.2007655 0.2460514 0.2516249 0.0000000 0.2623074 0.2364786 0.1226871 0.4485928 0.2566644 0.2287749 0.0304889 0.2203411 0.2745139 0.0293069 0.4625519 0.0543441 0.2980423 0.0407515 0.4149116 0.3270464 0.1586302 0.4345786 0.1683594 0.0325584 0.2170901 0.2331929 0.4374756 0.3055373 0.1461840 0.1925753 0.2245338 0.2391840 0.0417825 0.3620661 0.0234927 0.0295823 0.2724308 0.3419006 0.4246093 0.0314620 0.3417957 0.0429175 0.2284637 0.1601280 0.2324443 
