85
Amauria_brandeegeana_62                    0.0000000 0.7462346 0.0057872 0.6396181 0.0877586 0.6091404 0.5107543 0.6091404 0.5524108 0.0000010 0.6010461 0.2522406 0.1557709 0.1965582 0.0900187 0.1296522 0.8066009 0.0968292 0.0776293 0.0728203 0.0609591 0.8830169 0.6091404 0.7959960 0.1024683 1.2058456 0.7784506 0.7774646 0.7193563 0.6255924 0.6091404 0.7874027 0.1047046 0.0052403 0.2138464 0.0892029 0.1216008 0.1391853 0.9876498 0.6091404 0.0818582 0.0680214 0.0823749 0.0777770 0.0871429 0.7036836 0.1876718 0.7288835 0.7207379 0.4182795 0.0804072 0.2404611 0.1068843 0.0732016 0.6091404 0.1075092 0.6152478 0.6091404 0.9219828 0.7280512 0.6091404 0.6091404 0.2672033 0.6091404 0.9424728 0.7722531 0.1947427 0.0764268 0.2267396 0.6091404 0.1696190 0.2517359 0.0757128 0.2045829 0.1068285 0.1923697 0.0900901 0.0782410 0.1859892 1.1101284 0.1792522 0.6091404 0.7631577 0.0899122 0.6091404 
Amauria_carterae_99_mesa                   0.7462346 0.0000000 1.8020586 0.2211068 0.1500934 0.1323068 0.1924179 0.1328480 0.2813490 0.3681839 0.1712185 0.1528008 0.1497243 0.1526822 0.1530468 0.1495470 0.1441113 0.3681839 0.1281156 0.1494624 0.3681839 0.1483331 0.1181078 0.1531169 0.2814048 0.1482798 0.1487714 0.1411010 0.1547664 0.1683138 0.1490305 0.1803481 1.7135376 0.3681839 0.1589599 0.4482025 0.3460437 0.1389355 0.1495496 0.1422870 0.0648659 0.1530094 0.1739326 0.1481892 0.1710895 0.1464145 0.1569548 0.1542123 0.1456665 0.1827271 0.1469364 0.1549775 0.4087095 0.1415303 0.1486635 0.4388342 0.1394750 0.1312874 0.1515456 0.1426839 0.1542869 0.3248581 0.1424825 0.1099104 0.1551340 0.3646125 0.1429572 0.1245742 0.1096615 0.1354330 1.0814643 0.1528708 0.1791382 0.1639857 0.1552517 0.1585425 0.1212951 0.1127241 0.1795136 0.1487585 0.3681839 0.3832471 0.1426839 9.0000000 0.1528516 
Amauria_rotundifolia_SRR9119150            0.0057872 1.8020586 0.0000000 0.6384498 0.0738482 0.0000010 0.0000010 0.0000010 0.8368435 0.0057872 0.4698520 0.1107219 0.0858547 0.1303486 0.0712364 0.0712795 0.9132828 0.1050296 0.0717691 0.0801881 0.0655339 0.8578687 0.0000010 0.9132828 0.0834255 0.0000010 0.8337925 0.8578687 0.4698520 0.6338712 0.0000010 0.3474483 0.0727340 0.0057872 0.1761732 0.0930054 0.1291648 0.0777486 0.0000010 0.0000010 0.0733005 0.0669286 0.0883323 0.0720047 0.0886364 1.0297043 0.1455919 0.8578687 0.8578687 0.1117734 0.0931271 0.0786436 0.0791926 0.0647044 0.0000010 0.0801915 0.0000010 0.0000010 0.8072550 0.8578687 0.0000010 0.0000010 0.2694177 0.0000010 1.1851121 0.0000010 0.1183108 0.0654937 0.2142613 0.0000010 0.1145996 0.2253370 0.0663601 0.1659923 0.0781556 0.1565094 0.0831000 0.0661209 0.0987216 0.9241596 0.1171414 0.0000010 0.0000010 0.0995259 0.0000010 
Conoclinium_coelestinum_SRR9119114         0.6396181 0.2211068 0.6384498 0.0000000 0.3602767 0.1714876 0.1859724 0.1638980 0.3948320 0.6502063 0.3848427 0.3449034 0.3492436 0.3455968 0.3052319 0.3689603 0.2672515 0.6502063 0.3872673 0.3553087 0.6502063 0.3403726 0.1518109 0.3618968 0.4402503 0.3409790 0.3519358 0.3454023 0.3568148 0.3725621 0.1489780 0.3642302 0.7886035 0.6502063 0.3592980 0.6757194 0.4968468 0.3535953 0.3686184 0.3558936 0.1531918 0.2730505 0.3322677 0.3480448 0.3675277 0.3710070 0.3637266 0.3409576 0.3419369 0.3689910 0.3495798 0.3683686 0.5039907 0.2460523 0.2922143 0.5342290 0.2344697 0.2073146 0.3476915 0.3379798 0.3152490 0.4274318 0.3309053 0.1348267 0.3578003 0.5357982 0.3485339 0.4027972 0.3554301 0.1513809 0.5457117 0.3533070 0.3390823 0.3542073 0.3460904 0.3635151 0.1608172 0.3821911 0.3800023 0.3633286 0.4606681 0.4027914 0.3419145 0.8173748 0.2936177 
Eutetras_palmeri_63                        0.0877586 0.1500934 0.0738482 0.3602767 0.0000000 0.0529059 0.1809705 0.1252231 0.3862257 0.0790028 0.1669650 0.1245290 0.1081647 0.1107781 0.1139971 0.1135354 0.1821377 0.0468100 0.1138237 0.1153363 0.0588740 0.1430435 0.0709706 0.1934196 0.0623456 0.1322934 0.1633386 0.1442989 0.2071645 0.1720299 0.1087586 0.1363995 0.0609701 0.0790028 0.1127178 0.0821059 0.0843543 0.1233175 0.1398436 0.1258624 0.0630464 0.1066257 0.1205583 0.1121576 0.1231699 0.1662104 0.1168251 0.1345060 0.1274248 0.1772303 0.1150480 0.1140518 0.0658344 0.0892004 0.1083634 0.0833673 0.0976940 0.0998180 0.1424253 0.1331395 0.1219973 0.3145691 0.1694502 0.0649443 0.2381543 0.3393617 0.1087151 0.1233453 0.1106798 0.0765821 0.1536990 0.1252376 0.1204978 0.1197303 0.1166080 0.1112848 0.0721402 0.1186949 0.1384291 0.1660229 0.0846225 0.3163316 0.1259873 0.0822399 0.1350704 
Eutetras_pringlei_149_quer                 0.6091404 0.1323068 0.0000010 0.1714876 0.0529059 0.0000000 0.1204375 0.1228606 0.1630634 0.0000010 0.1040645 0.0860370 0.0773345 0.0823435 0.0880549 0.0829244 0.0737684 0.0000010 0.0877681 0.0843938 0.0000010 0.0860041 0.0843621 0.0811515 0.1139349 0.0823435 0.0848930 0.0843748 0.1220178 0.0859664 0.0896405 0.0974242 0.0000010 0.0000010 0.0844708 0.0000010 0.1468246 0.0844976 0.0971344 0.0845147 0.0703628 0.0845422 0.0866069 0.0823435 0.0831511 0.0972450 0.0773227 0.0860171 0.0861154 0.0900252 0.0773345 0.0877931 0.2521606 0.0839537 0.0880549 0.4306612 0.0914023 0.0810108 0.0773345 0.0823435 0.0487349 0.1980845 0.0825408 0.0884149 0.0809386 0.1248925 0.0848930 0.0755847 0.0753454 0.0809386 0.0000010 0.0773345 0.0899428 0.0930823 0.0860041 0.0807758 0.0860171 0.0792918 0.0813976 0.0861371 0.6231067 0.1331297 0.0823435 0.0000010 0.1140354 
Eutrochium_fistulosum_SRR9119106           0.5107543 0.1924179 0.0000010 0.1859724 0.1809705 0.1204375 0.0000000 0.1391945 0.3993368 0.0000010 0.2185789 0.1880702 0.1943349 0.1843843 0.2066680 0.1869017 0.0997617 0.0000010 0.1953032 0.1859845 0.0000010 0.1918286 0.0746980 0.1969194 0.1139349 0.1828719 0.1887563 0.1879164 0.1970052 0.1972864 0.0904482 0.2123064 0.0000010 0.0000010 0.1900835 0.0000010 0.1468246 0.1881535 0.2103115 0.1838441 0.0710984 0.2028386 0.2314222 0.1814041 0.2109003 0.2098017 0.1947797 0.1893259 0.1897333 0.2118363 0.1958163 0.1957225 0.2521606 0.1747425 0.1411060 0.3799168 0.1137147 0.0941229 0.1861237 0.1880235 0.1651092 0.3642801 0.1468659 0.0825205 0.1906397 0.3810330 0.1870767 0.2101612 0.1979857 0.0945214 0.0000010 0.1908943 0.1797782 0.1876412 0.1875771 0.1932042 0.0789507 0.1962764 0.2361725 0.1933272 0.3942538 0.3775791 0.1848262 0.0000010 0.2033130 
Galeana_pratensis_104_mex                  0.6091404 0.1328480 0.0000010 0.1638980 0.1252231 0.1228606 0.1391945 0.0000000 0.2482899 0.0000010 0.1236339 0.1108301 0.1054742 0.1073057 0.1119289 0.1013371 0.1030505 0.0000010 0.1222888 0.1150869 0.0000010 0.1074148 0.1061409 0.1118799 0.2359766 0.1039888 0.1035598 0.1155890 0.1830614 0.1335938 0.1263150 0.1413548 0.0000010 0.0000010 0.1224924 0.0000010 0.1468246 0.1153327 0.1296713 0.1056996 0.0598802 0.1213110 0.1163046 0.1039888 0.1096374 0.1298094 0.1120708 0.1073190 0.1075391 0.1159951 0.1054742 0.1258837 0.3931932 0.0967429 0.1119289 0.6028916 0.1187966 0.1121417 0.1054742 0.1040941 0.1369894 0.2364064 0.1257882 0.1103058 0.1089271 0.1935910 0.1035598 0.1166116 0.1057689 0.0996188 0.0000010 0.1085843 0.1267716 0.1104298 0.1073057 0.1116997 0.1049374 0.1127524 0.1068321 0.1074542 2.8781888 0.2053584 0.1040941 0.0000010 0.1393361 
Helianthus_annuus_SRR9119062               0.5524108 0.2813490 0.8368435 0.3948320 0.3862257 0.1630634 0.3993368 0.2482899 0.0000000 0.5408377 0.3008574 0.3751687 0.3620082 0.3760428 0.3561011 0.3928192 0.4252908 0.5563344 0.3415268 0.3972914 0.3083641 0.3681608 0.2673156 0.4353472 0.4763484 0.3647665 0.3757682 0.3213380 0.3681017 0.3927255 0.3861894 0.4143276 0.5530348 0.5239413 0.3956459 0.5173664 0.5342979 0.3871384 0.3380290 0.3577196 0.3115225 0.4060202 0.3795401 0.3673857 0.3686588 0.2820628 0.3957406 0.3408085 0.3285873 0.4997197 0.3778730 0.4194866 0.4725972 0.3695171 0.3545113 0.5551409 0.3629718 0.3616265 0.3482224 0.3234254 0.3500774 0.3869329 0.3286053 0.2427696 0.3407530 0.4654353 0.3929086 0.3766199 0.3406021 0.3438163 0.6368619 0.3891793 0.4008050 0.4001650 0.3693801 0.3811738 0.2591055 0.3659012 0.3974948 0.3635070 0.5454399 0.4658239 0.3563493 0.5275914 0.3733767 
Lycapsus_tenuifolius_17                    0.0000010 0.3681839 0.0057872 0.6502063 0.0790028 0.0000010 0.0000010 0.0000010 0.5408377 0.0000000 0.4371343 0.1398002 0.0752363 0.1237857 0.0794103 0.0663833 0.7549496 0.0963119 0.0697396 0.0658988 0.0609591 0.7832797 0.0000010 0.7785605 0.0698453 1.9260687 0.6755858 0.5722485 0.5402737 0.6338712 0.0000010 0.3999260 0.1047046 0.0038665 0.1490762 0.0859992 0.1091368 0.0674593 0.0000010 0.0000010 0.0739129 0.0609931 0.0751963 0.0695528 0.0793505 0.6282917 0.1243374 0.5321471 0.5229759 0.3478151 0.0728652 0.1529071 0.0732432 0.0628859 0.0000010 0.0808693 0.0000010 0.0000010 0.8854434 0.5679620 0.0000010 0.0000010 0.2607614 0.0000010 0.9144855 0.0000010 0.0994612 0.0681998 0.1562142 0.0000010 0.1696190 0.1779663 0.0656314 0.1409899 0.0763118 0.1288519 0.0789531 0.0713730 0.0927926 1.1399320 0.1052257 0.0000010 0.0000010 0.0899122 0.0000010 
Pericome_caudata_50_silver                 0.6010461 0.1712185 0.4698520 0.3848427 0.1669650 0.1040645 0.2185789 0.1236339 0.3008574 0.4371343 0.0000000 0.1729293 0.1783151 0.1842641 0.1903131 0.1930106 0.1621008 0.4842262 0.1696505 0.2063913 0.3091115 0.1648216 0.0788626 0.2038152 0.4886121 0.1596880 0.1788859 0.1695455 0.1755104 0.1962931 0.0906034 0.1703533 0.4494930 0.4371343 0.1940465 0.4625364 0.5793743 0.1954761 0.1815333 0.1741055 0.1829947 0.2145901 0.1164243 0.1868621 0.1095243 0.1707689 0.1942598 0.1604457 0.1611357 0.1506600 0.1886791 0.1858925 0.5778272 0.1937589 0.1410618 0.5806164 0.1343914 0.1140039 0.1669406 0.1502463 0.1479145 0.3335474 0.1786435 0.0865623 0.1824941 0.3657715 0.1884638 0.1932853 0.1978136 0.0977080 0.5880235 0.1903896 0.1571403 0.1982656 0.1723078 0.1852832 0.0987289 0.1896411 0.1541157 0.2217142 0.5743720 0.3409658 0.1635664 0.4512626 0.1754331 
Perityle_aglossa_84_dead_horse             0.2522406 0.1528008 0.1107219 0.3449034 0.1245290 0.0860370 0.1880702 0.1108301 0.3751687 0.1398002 0.1729293 0.0000000 0.0370901 0.0330661 0.0430994 0.0427357 0.0658873 0.1845698 0.1064486 0.0345963 0.0564177 0.0257105 0.0217484 0.0670701 0.1891626 0.0249288 0.0877410 0.0470641 0.1811811 0.1800081 0.1030681 0.1468840 0.0917082 0.1398002 0.0394484 0.1026913 0.2418427 0.0437724 0.1409739 0.0374995 0.0289088 0.0407731 0.1516318 0.0362748 0.1389122 0.1471406 0.0405317 0.0254650 0.0301894 0.1513588 0.0346285 0.0604817 0.2358611 0.0505083 0.0327890 0.2543975 0.0360386 0.0384323 0.0493042 0.0248359 0.1341141 0.3335233 0.1618467 0.0295367 0.1149954 0.3425092 0.0609374 0.1159245 0.1197282 0.0222381 0.1648362 0.0492382 0.1268987 0.0437195 0.0322917 0.0356890 0.0270583 0.1086117 0.1759326 0.1110611 0.3613133 0.3222879 0.0236025 0.0812450 0.1136068 
Perityle_ajoensis_204                      0.1557709 0.1497243 0.0858547 0.3492436 0.1081647 0.0773345 0.1943349 0.1054742 0.3620082 0.0752363 0.1783151 0.0370901 0.0000000 0.0277495 0.0229525 0.0340990 0.1040014 0.0849173 0.0971053 0.0321102 0.0000010 0.0522794 0.0171144 0.0855964 0.1077900 0.0299074 0.1072882 0.0578170 0.1966403 0.1834225 0.1017949 0.1480912 0.0493643 0.0752363 0.0307365 0.0654021 0.1591893 0.0392731 0.1394274 0.0382519 0.0072155 0.0283179 0.1333377 0.0215732 0.1240549 0.1625521 0.0225993 0.0350371 0.0333827 0.1763752 0.0090747 0.0561843 0.1280555 0.0298702 0.0186136 0.1692931 0.0356160 0.0411927 0.0453043 0.0394266 0.1364637 0.3250408 0.1597275 0.0210278 0.1366165 0.3451576 0.0541368 0.1076427 0.1045031 0.0118747 0.1264486 0.0352200 0.1226131 0.0352098 0.0291761 0.0260144 0.0120088 0.0928951 0.1549017 0.1166120 0.2057101 0.3269307 0.0294329 0.0231143 0.1125094 
Perityle_ambrosiifolia_67_green            0.1965582 0.1526822 0.1303486 0.3455968 0.1107781 0.0823435 0.1843843 0.1073057 0.3760428 0.1237857 0.1842641 0.0330661 0.0277495 0.0000000 0.0353249 0.0332549 0.1001204 0.1388301 0.0972168 0.0302411 0.0128481 0.0427901 0.0173038 0.0958782 0.1473955 0.0127258 0.0990065 0.0611569 0.1958244 0.1796346 0.0983955 0.1457687 0.0670095 0.1237205 0.0282788 0.0943652 0.1936080 0.0327596 0.1330965 0.0373275 0.0172686 0.0296344 0.1387903 0.0249198 0.1300017 0.1640321 0.0321605 0.0190350 0.0288994 0.1919831 0.0284832 0.0737823 0.1808112 0.0329726 0.0250636 0.1949571 0.0328846 0.0336768 0.0395490 0.0323803 0.1283616 0.3462547 0.1574509 0.0213446 0.1502890 0.3406362 0.0533124 0.1063220 0.1074085 0.0140457 0.1391245 0.0372201 0.1158489 0.0204875 0.0182388 0.0315543 0.0150354 0.0941892 0.1673221 0.1021936 0.2449611 0.3238313 0.0214417 0.0367191 0.1087297 
Perityle_angustifolia_13_Eagle_creek       0.0900187 0.1530468 0.0712364 0.3052319 0.1139971 0.0880549 0.2066680 0.1119289 0.3561011 0.0794103 0.1903131 0.0430994 0.0229525 0.0353249 0.0000000 0.0383513 0.1043362 0.0706067 0.1065462 0.0368042 0.0239505 0.0286761 0.0201690 0.0798960 0.0470130 0.0286283 0.1046131 0.0393651 0.2097769 0.1671164 0.1079259 0.1565307 0.0809430 0.0794103 0.0362189 0.0616854 0.0811087 0.0382883 0.1368736 0.0386659 0.0194208 0.0337694 0.1406882 0.0243446 0.1405893 0.1608314 0.0177902 0.0315826 0.0257705 0.1578249 0.0277754 0.0512764 0.0511237 0.0389711 0.0048872 0.0843249 0.0387694 0.0327149 0.0461849 0.0242953 0.1314640 0.3297375 0.1382423 0.0289400 0.1798052 0.4059074 0.0453185 0.1096482 0.0899879 0.0185961 0.1079784 0.0434317 0.1249902 0.0425751 0.0352121 0.0250338 0.0302580 0.0939838 0.1563821 0.0586675 0.0461383 0.3476983 0.0257176 0.0486903 0.1200521 
Perityle_batopilensis_97                   0.1296522 0.1495470 0.0712795 0.3689603 0.1135354 0.0829244 0.1869017 0.1013371 0.3928192 0.0663833 0.1930106 0.0427357 0.0340990 0.0332549 0.0383513 0.0000000 0.1251897 0.0729018 0.0970711 0.0382084 0.0062067 0.0555268 0.0284285 0.1140722 0.1045968 0.0372701 0.1092646 0.0656406 0.2019634 0.1902982 0.1054052 0.1581268 0.0927565 0.0692124 0.0403508 0.0630718 0.1460809 0.0419664 0.1440746 0.0093891 0.0274082 0.0365619 0.1409235 0.0323100 0.1346257 0.1848062 0.0371735 0.0426331 0.0407146 0.2039683 0.0362592 0.0797561 0.1160409 0.0313386 0.0366351 0.1582994 0.0436874 0.0445944 0.0610916 0.0442744 0.1370276 0.3359803 0.1647479 0.0214278 0.1392973 0.3326892 0.0590876 0.1101860 0.1058877 0.0325679 0.1384118 0.0498900 0.1250449 0.0418810 0.0367263 0.0366711 0.0228779 0.1000841 0.1581962 0.1241469 0.1824027 0.3212471 0.0356456 0.0365725 0.1184689 
Perityle_bisetosa_9                        0.8066009 0.1441113 0.9132828 0.2672515 0.1821377 0.0737684 0.0997617 0.1030505 0.4252908 0.7549496 0.1621008 0.0658873 0.1040014 0.1001204 0.1043362 0.1251897 0.0000000 0.7608376 0.2022030 0.1267506 0.5857312 0.0457172 0.0170855 0.0286579 0.7998210 0.0243479 0.0949133 0.0770788 0.1933834 0.1507268 0.0988880 0.1360064 0.7082686 0.7549496 0.0960995 0.7652708 0.8407546 0.1279428 0.1262159 0.0376295 0.2043145 0.1587874 0.2145203 0.1113506 0.1935101 0.1967077 0.1112592 0.0290134 0.0312232 0.2346461 0.1143189 0.2061411 0.8715722 0.1663862 0.0257914 0.8622382 0.0402196 0.0417206 0.0273507 0.0414985 0.1218813 0.2802252 0.2329384 0.0263660 0.1486076 0.2115933 0.1545665 0.2182729 0.2282498 0.0158713 0.9422013 0.0881243 0.1725823 0.1120517 0.0787253 0.1105517 0.0809348 0.2154295 0.2479787 0.0223722 0.7815780 0.2341901 0.0277591 0.6801676 0.0775698 
Perityle_californica_76_positas            0.0968292 0.3681839 0.1050296 0.6502063 0.0468100 0.0000010 0.0000010 0.0000010 0.5563344 0.0963119 0.4842262 0.1845698 0.0849173 0.1388301 0.0706067 0.0729018 0.7608376 0.0000000 0.0830437 0.0599150 0.0568382 0.8013559 0.0000010 0.7827306 0.0820776 0.9995270 0.7494068 0.6389016 0.5688159 0.6338712 0.0000010 0.5683411 0.0905764 0.1043472 0.1844423 0.0909184 0.1201122 0.0771503 1.3911950 0.0000010 0.0671945 0.0576572 0.0754940 0.0657682 0.0763795 0.6540717 0.1517244 0.5881909 0.5794086 0.3957415 0.0697034 0.1738566 0.0944965 0.0579908 0.0000010 0.1004230 0.0000010 0.0000010 0.8911815 0.6134730 0.0000010 0.0000010 0.2585569 0.0000010 0.8635409 0.0000010 0.1169554 0.0725402 0.1858827 0.0000010 0.1678203 0.2122049 0.0873971 0.1740346 0.0677187 0.1409030 0.0745423 0.0744523 0.1457822 1.0250998 0.1169978 0.0000010 0.0000010 0.0820356 0.0000010 
Perityle_canescens_77                      0.0776293 0.1281156 0.0717691 0.3872673 0.1138237 0.0877681 0.1953032 0.1222888 0.3415268 0.0697396 0.1696505 0.1064486 0.0971053 0.0972168 0.1065462 0.0970711 0.2022030 0.0830437 0.0000000 0.1025119 0.0550113 0.1389209 0.0703799 0.1908531 0.0611851 0.1175746 0.1625362 0.1419349 0.1643427 0.1777141 0.1063100 0.1474911 0.0733251 0.0697396 0.1021298 0.0755805 0.0711964 0.1034596 0.1320854 0.1080757 0.0569865 0.0956653 0.1187536 0.1046325 0.1031389 0.1740710 0.1041040 0.1218712 0.1147986 0.1631455 0.1006649 0.0945814 0.0642794 0.0848191 0.1044494 0.0760516 0.1071384 0.0877627 0.1290884 0.1224670 0.1147060 0.2455683 0.1632954 0.0728810 0.2425166 0.3133047 0.1011623 0.0826703 0.0881461 0.0826418 0.1778158 0.1096771 0.1130978 0.1079058 0.1018579 0.1042145 0.0687774 0.0748122 0.1364640 0.1729148 0.0902465 0.2730593 0.1106910 0.0821494 0.1149759 
Perityle_castillonii_96                    0.0728203 0.1494624 0.0801881 0.3553087 0.1153363 0.0843938 0.1859845 0.1150869 0.3972914 0.0658988 0.2063913 0.0345963 0.0321102 0.0302411 0.0368042 0.0382084 0.1267506 0.0599150 0.1025119 0.0000000 0.0155384 0.0577696 0.0214751 0.1199717 0.0454314 0.0298773 0.1087216 0.0626672 0.2093709 0.1829513 0.1063063 0.1538056 0.0955234 0.0687059 0.0303711 0.0653061 0.0728769 0.0328808 0.1401234 0.0414207 0.0256861 0.0329845 0.1401289 0.0321646 0.1340154 0.1877927 0.0373591 0.0377806 0.0396472 0.2087781 0.0352985 0.0743446 0.0456702 0.0359703 0.0300169 0.0823229 0.0371881 0.0379976 0.0556482 0.0446552 0.1352094 0.3396196 0.1658985 0.0289023 0.1431298 0.3545620 0.0525973 0.1083142 0.0950301 0.0239913 0.1235392 0.0454119 0.1256395 0.0388746 0.0324971 0.0358043 0.0195841 0.0985915 0.1600744 0.1027404 0.0738048 0.3175176 0.0309403 0.0390645 0.1136695 
Perityle_cernua_84                         0.0609591 0.3681839 0.0655339 0.6502063 0.0588740 0.0000010 0.0000010 0.0000010 0.3083641 0.0609591 0.3091115 0.0564177 0.0000010 0.0128481 0.0239505 0.0062067 0.5857312 0.0568382 0.0550113 0.0155384 0.0000000 0.4692731 0.0000010 0.5877124 0.0249156 0.0000010 0.5659955 0.2854751 0.4898000 0.6338712 0.0000010 0.3369817 0.0521272 0.0609591 0.0286882 0.0539201 0.0676320 0.0158685 0.0000010 0.0000010 0.0069616 0.0031068 0.0640819 0.0157133 0.0642407 0.4371098 0.0092776 0.1951268 0.1895196 0.2515751 0.0165646 0.0280960 0.0249277 0.0000010 0.0000010 0.0673053 0.0000010 0.0000010 0.6839961 0.2824233 0.0000010 0.0000010 0.1503834 0.0000010 0.6959565 0.0000010 0.0000010 0.0674567 0.0280527 0.0000010 0.1268969 0.0609331 0.0494734 0.0123547 0.0114293 0.0122658 0.0124538 0.0646370 0.0508462 0.0000010 0.0092013 0.0000010 0.0000010 0.0217028 0.0000010 
Perityle_cfvillosa_25_tin                  0.8830169 0.1483331 0.8578687 0.3403726 0.1430435 0.0860041 0.1918286 0.1074148 0.3681608 0.7832797 0.1648216 0.0257105 0.0522794 0.0427901 0.0286761 0.0555268 0.0457172 0.8013559 0.1389209 0.0577696 0.4692731 0.0000000 0.0239100 0.0475376 0.7547618 0.0207089 0.0694709 0.0525071 0.1842560 0.1761003 0.1007946 0.1442440 0.6352717 0.7832797 0.0485065 0.7037500 0.8296731 0.0619062 0.1342604 0.0333676 0.0971055 0.0629048 0.1839724 0.0381444 0.1714083 0.1434861 0.0483043 0.0195100 0.0082167 0.1834256 0.0500783 0.0998296 0.9434212 0.0442240 0.0276362 0.8447298 0.0344326 0.0399740 0.0370437 0.0097249 0.1312819 0.3428880 0.1614849 0.0294965 0.0743628 0.3458849 0.0860580 0.1444408 0.1497172 0.0201571 0.7737266 0.0524036 0.1385616 0.0495933 0.0213271 0.0473651 0.0069893 0.1296331 0.2115206 0.0711103 0.8611068 0.3333653 0.0104648 0.6247549 0.1091416 
Perityle_cinerea_113_Powell1310            0.6091404 0.1181078 0.0000010 0.1518109 0.0709706 0.0843621 0.0746980 0.1061409 0.2673156 0.0000010 0.0788626 0.0217484 0.0171144 0.0173038 0.0201690 0.0284285 0.0170855 0.0000010 0.0703799 0.0214751 0.0000010 0.0239100 0.0000000 0.0258890 0.1139349 0.0195051 0.0507363 0.0302245 0.1356414 0.0864045 0.0895799 0.0916896 0.0000010 0.0000010 0.0237817 0.0000010 0.1468246 0.0324719 0.0722933 0.0258208 0.0000010 0.0165322 0.0689999 0.0173082 0.0619421 0.0723465 0.0149577 0.0238963 0.0239295 0.0664745 0.0192872 0.0504600 0.2521606 0.0207553 0.0214370 0.4306612 0.0368220 0.0236372 0.0170890 0.0217006 0.0681890 0.1912295 0.0736978 0.0272422 0.0171303 0.1379199 0.0507363 0.0708531 0.0531371 0.0095558 0.0000010 0.0236467 0.0841150 0.0283040 0.0195037 0.0149116 0.0164863 0.0708802 0.0690860 0.0257359 0.3204789 0.1389657 0.0217284 0.0000010 0.0476578 
Perityle_coahuilensis_24                   0.7959960 0.1531169 0.9132828 0.3618968 0.1934196 0.0811515 0.1969194 0.1118799 0.4353472 0.7785605 0.2038152 0.0670701 0.0855964 0.0958782 0.0798960 0.1140722 0.0286579 0.7827306 0.1908531 0.1199717 0.5877124 0.0475376 0.0258890 0.0000000 0.8162824 0.0357726 0.0771540 0.0658074 0.2068358 0.1871038 0.1135028 0.1613162 0.7360197 0.7678511 0.0960195 0.7888669 0.8759585 0.1068489 0.1521113 0.0427283 0.2026223 0.1294105 0.2469257 0.0933494 0.2246527 0.1775007 0.0884778 0.0396679 0.0361668 0.2560866 0.0928808 0.1488794 0.8819990 0.1312753 0.0173483 0.8203522 0.0434847 0.0508440 0.0287069 0.0423917 0.1407041 0.3295821 0.2415002 0.0263622 0.1104015 0.3476053 0.1282339 0.2121574 0.2141983 0.0240981 0.9531737 0.0560207 0.1946489 0.1232751 0.0743316 0.0998289 0.0922834 0.2003159 0.2679877 0.1129319 0.7978183 0.3332125 0.0346025 0.7012680 0.1227359 
Perityle_cochisensis_44_cave_creek         0.1024683 0.2814048 0.0834255 0.4402503 0.0623456 0.1139349 0.1139349 0.2359766 0.4763484 0.0698453 0.4886121 0.1891626 0.1077900 0.1473955 0.0470130 0.1045968 0.7998210 0.0820776 0.0611851 0.0454314 0.0249156 0.7547618 0.1139349 0.8162824 0.0000000 0.8942878 0.7668532 0.6642039 0.5989013 0.4449740 0.2359766 0.7840047 0.0780349 0.0808420 0.1922976 0.0645414 0.0975709 0.1124642 0.8055218 0.1139349 0.0438136 0.0380335 0.0643413 0.0389305 0.0613417 0.6327628 0.1633748 0.6029953 0.6037234 0.3850310 0.0415060 0.1472435 0.0681767 0.0332876 0.1139349 0.0882508 0.2409338 0.1139349 0.9426120 0.6169313 0.2359766 0.1139349 0.2202806 0.1139349 0.8470763 0.4486535 0.1341928 0.0674615 0.2044914 0.1139349 0.1512554 0.2262533 0.0629952 0.1853623 0.0620093 0.1565826 0.0450903 0.0665466 0.1371372 0.8981042 0.1451848 0.1139349 0.5278415 0.0461140 0.1139349 
Perityle_congesta_202                      1.2058456 0.1482798 0.0000010 0.3409790 0.1322934 0.0823435 0.1828719 0.1039888 0.3647665 1.9260687 0.1596880 0.0249288 0.0299074 0.0127258 0.0286283 0.0372701 0.0243479 0.9995270 0.1175746 0.0298773 0.0000010 0.0207089 0.0195051 0.0357726 0.8942878 0.0000000 0.0642257 0.0426434 0.1745965 0.1756352 0.0984178 0.1443965 0.0000010 1.9260687 0.0257913 0.0000010 1.2780396 0.0403346 0.1327958 0.0332373 0.0000010 0.0327223 0.1654321 0.0185609 0.1559849 0.1296528 0.0303046 0.0076192 0.0205422 0.1577892 0.0253431 0.0610116 1.2960872 0.0421862 0.0276318 1.2472017 0.0359732 0.0399694 0.0319400 0.0170524 0.1326781 0.3363705 0.1562317 0.0240314 0.0403113 0.3267157 0.0632970 0.1221170 0.1266973 0.0140490 0.0000010 0.0320286 0.1373467 0.0161576 0.0100293 0.0299319 0.0023332 0.1057350 0.1910888 0.0837018 0.9723511 0.3212541 0.0153790 0.0000010 0.1056988 
Perityle_cordifolia_27                     0.7784506 0.1487714 0.8337925 0.3519358 0.1633386 0.0848930 0.1887563 0.1035598 0.3757682 0.6755858 0.1788859 0.0877410 0.1072882 0.0990065 0.1046131 0.1092646 0.0949133 0.7494068 0.1625362 0.1087216 0.5659955 0.0694709 0.0507363 0.0771540 0.7668532 0.0642257 0.0000000 0.0727840 0.1682557 0.1785375 0.0938732 0.1409621 0.5721845 0.6755858 0.0938603 0.7508526 0.7842156 0.1202329 0.1309486 0.0699519 0.1192908 0.0937667 0.2088172 0.1106095 0.1939719 0.1446001 0.1009627 0.0621516 0.0646911 0.2111033 0.1038683 0.0891081 0.9012406 0.1152378 0.0648109 0.8289789 0.0575383 0.0475689 0.0657711 0.0633125 0.1250512 0.3273219 0.2273467 0.0486583 0.1236841 0.3091736 0.0306880 0.1597208 0.1758709 0.0470135 0.8185018 0.0789443 0.1688705 0.1096572 0.0995884 0.1040491 0.1104852 0.1519640 0.2338873 0.1523777 0.7380004 0.3172291 0.0642674 0.5786921 0.1280493 
Perityle_cordifolia_68_tecolote            0.7774646 0.1411010 0.8578687 0.3454023 0.1442989 0.0843748 0.1879164 0.1155890 0.3213380 0.5722485 0.1695455 0.0470641 0.0578170 0.0611569 0.0393651 0.0656406 0.0770788 0.6389016 0.1419349 0.0626672 0.2854751 0.0525071 0.0302245 0.0658074 0.6642039 0.0426434 0.0727840 0.0000000 0.1951581 0.1827093 0.1000388 0.1497441 0.4722617 0.5722485 0.0650344 0.5648675 0.7010074 0.0743517 0.1437376 0.0428632 0.0899058 0.0649100 0.1819993 0.0588871 0.1689291 0.1303892 0.0560304 0.0431682 0.0409791 0.1987743 0.0577918 0.0933198 0.8263283 0.0344142 0.0365160 0.7813462 0.0058122 0.0443633 0.0470090 0.0342307 0.1387564 0.3459251 0.1674239 0.0372239 0.0659043 0.3466972 0.0826447 0.1430858 0.1608407 0.0302208 0.7393250 0.0611196 0.1465461 0.0824854 0.0467730 0.0621592 0.0260010 0.1322015 0.2159074 0.1232504 0.7958602 0.3322309 0.0412069 0.4714796 0.1163472 
Perityle_coronopifolia_28_patagonia        0.7193563 0.1547664 0.4698520 0.3568148 0.2071645 0.1220178 0.1970052 0.1830614 0.3681017 0.5402737 0.1755104 0.1811811 0.1966403 0.1958244 0.2097769 0.2019634 0.1933834 0.5688159 0.1643427 0.2093709 0.4898000 0.1842560 0.1356414 0.2068358 0.5989013 0.1745965 0.1682557 0.1951581 0.0000000 0.2071069 0.1556808 0.1710244 0.5363239 0.5402737 0.1960174 0.5380813 0.7611453 0.2193899 0.1940540 0.1793573 0.3245218 0.2070678 0.2177021 0.2127132 0.2114204 0.1992290 0.1944256 0.1773065 0.1789284 0.2354521 0.2072834 0.1672185 0.7193519 0.3190104 0.1793191 0.7466218 0.1907289 0.1674470 0.1736247 0.1838815 0.1590245 0.2915129 0.1903189 0.1581947 0.1926801 0.0074092 0.1721081 0.1626368 0.1601593 0.1813412 0.4940166 0.2010001 0.1791526 0.2023014 0.1953453 0.1955448 0.1367342 0.1664945 0.1993151 0.1763191 0.8373061 0.0200627 0.1871915 0.5171716 0.1921161 
Perityle_crassifolia_70_ventanas           0.6255924 0.1683138 0.6338712 0.3725621 0.1720299 0.0859664 0.1972864 0.1335938 0.3927255 0.6338712 0.1962931 0.1800081 0.1834225 0.1796346 0.1671164 0.1902982 0.1507268 0.6338712 0.1777141 0.1829513 0.6338712 0.1761003 0.0864045 0.1871038 0.4449740 0.1756352 0.1785375 0.1827093 0.2071069 0.0000000 0.0113018 0.0734479 0.6338712 0.6338712 0.1851037 0.6338712 0.4298075 0.1893619 0.1779079 0.1824967 0.1233637 0.1560603 0.1785288 0.1769030 0.1918594 0.1765065 0.1845204 0.1770487 0.1748943 0.1963767 0.1820790 0.1783717 0.5260220 0.1560337 0.1637838 0.5296743 0.1193202 0.1093147 0.1832281 0.1718713 0.1496476 0.2957706 0.1764863 0.0993252 0.1870284 0.3723234 0.1805661 0.1748246 0.1698595 0.0960043 0.6338712 0.1891840 0.0585709 0.1884078 0.1809078 0.1838092 0.0982278 0.1714864 0.2205828 0.2235612 0.3798431 0.2941132 0.1726931 0.7823775 0.1566064 
Perityle_crassifolia_74_playa_balandra     0.6091404 0.1490305 0.0000010 0.1489780 0.1087586 0.0896405 0.0904482 0.1263150 0.3861894 0.0000010 0.0906034 0.1030681 0.1017949 0.0983955 0.1079259 0.1054052 0.0988880 0.0000010 0.1063100 0.1063063 0.0000010 0.1007946 0.0895799 0.1135028 0.2359766 0.0984178 0.0938732 0.1000388 0.1556808 0.0113018 0.0000000 0.0405503 0.0000010 0.0000010 0.1066983 0.0000010 0.1468246 0.1066675 0.0902442 0.1039728 0.0864858 0.0976881 0.1142213 0.1007471 0.1097007 0.0903083 0.1041706 0.1027852 0.0986811 0.1140151 0.0996264 0.0978772 0.3931932 0.0960830 0.1040839 0.6028916 0.1065006 0.0956022 0.1018766 0.0963967 0.0896510 0.2781334 0.0831193 0.0960305 0.1066090 0.2448387 0.0938732 0.0920196 0.0965583 0.0932529 0.0000010 0.1064146 0.0151252 0.1049029 0.1027165 0.1061183 0.0904589 0.0868834 0.1167530 0.1029574 0.0000010 0.2643511 0.0963967 0.0000010 0.0995228 
Perityle_cuneata_34_cuneata_San_antonio    0.7874027 0.1803481 0.3474483 0.3642302 0.1363995 0.0974242 0.2123064 0.1413548 0.4143276 0.3999260 0.1703533 0.1468840 0.1480912 0.1457687 0.1565307 0.1581268 0.1360064 0.5683411 0.1474911 0.1538056 0.3369817 0.1442440 0.0916896 0.1613162 0.7840047 0.1443965 0.1409621 0.1497441 0.1710244 0.0734479 0.0405503 0.0000000 0.4997585 0.3999260 0.1547817 0.4261802 0.8734788 0.1578880 0.1571575 0.1530763 0.0979733 0.1466555 0.1870514 0.1483523 0.1648983 0.1527617 0.1495148 0.1424924 0.1417156 0.1695576 0.1537864 0.1387180 0.9905980 0.1461233 0.1377777 0.8834139 0.1284041 0.1151899 0.1468219 0.1388253 0.1324345 0.3296624 0.1706555 0.1091364 0.1527540 0.3290009 0.1367527 0.1486396 0.1486158 0.0964138 0.4985987 0.1526130 0.0543591 0.1499699 0.1534001 0.1506482 0.0999327 0.1430278 0.1983863 0.2112739 0.8263400 0.3165367 0.1462303 0.3369817 0.1480564 
Perityle_cuneata_4                         0.1047046 1.7135376 0.0727340 0.7886035 0.0609701 0.0000010 0.0000010 0.0000010 0.5530348 0.1047046 0.4494930 0.0917082 0.0493643 0.0670095 0.0809430 0.0927565 0.7082686 0.0905764 0.0733251 0.0955234 0.0521272 0.6352717 0.0000010 0.7360197 0.0780349 0.0000010 0.5721845 0.4722617 0.5363239 0.6338712 0.0000010 0.4997585 0.0000000 0.1074270 0.0888981 0.1010566 0.1078558 0.0791235 0.0000010 0.0000010 0.0802079 0.0869654 0.0769842 0.0598639 0.0779977 0.6515078 0.0962019 0.1954841 0.2247088 0.3330733 0.0788593 0.1158704 0.0726962 0.0546471 0.0000010 0.1007741 0.0000010 0.0000010 0.6298722 0.3708963 0.0000010 0.0000010 0.2036217 0.0000010 0.7449848 0.0000010 0.0595819 0.0983058 0.0779162 0.0000010 0.1812602 0.1263087 0.0670818 0.0873651 0.0677986 0.0926334 0.0742021 0.1012499 0.0843908 0.0000010 0.0896610 0.0000010 0.0000010 0.0903758 0.0000010 
Perityle_discoidea_81                      0.0052403 0.3681839 0.0057872 0.6502063 0.0790028 0.0000010 0.0000010 0.0000010 0.5239413 0.0038665 0.4371343 0.1398002 0.0752363 0.1237205 0.0794103 0.0692124 0.7549496 0.1043472 0.0697396 0.0687059 0.0609591 0.7832797 0.0000010 0.7678511 0.0808420 1.9260687 0.6755858 0.5722485 0.5402737 0.6338712 0.0000010 0.3999260 0.1074270 0.0000000 0.1578431 0.0961013 0.1152331 0.0674222 0.0000010 0.0000010 0.0770597 0.0638046 0.0780428 0.0695528 0.0793505 0.6210407 0.1304919 0.5321471 0.5229759 0.3512145 0.0758424 0.1582954 0.0907078 0.0628859 0.0000010 0.0844653 0.0000010 0.0000010 0.8854434 0.5679620 0.0000010 0.0000010 0.2607614 0.0000010 0.9144855 0.0000010 0.0994096 0.0779569 0.1633019 0.0000010 0.1696190 0.1837376 0.0656314 0.1497936 0.0763118 0.1382031 0.0789531 0.0769496 0.1343074 1.1399320 0.1088019 0.0000010 0.0000010 0.0926257 0.0000010 
Perityle_dissecta_201                      0.2138464 0.1589599 0.1761732 0.3592980 0.1127178 0.0844708 0.1900835 0.1224924 0.3956459 0.1490762 0.1940465 0.0394484 0.0307365 0.0282788 0.0362189 0.0403508 0.0960995 0.1844423 0.1021298 0.0303711 0.0286882 0.0485065 0.0237817 0.0960195 0.1922976 0.0257913 0.0938603 0.0650344 0.1960174 0.1851037 0.1066983 0.1547817 0.0888981 0.1578431 0.0000000 0.1392823 0.2400319 0.0363029 0.1432085 0.0388276 0.0204686 0.0367890 0.1476174 0.0253630 0.1397629 0.1776537 0.0405202 0.0347663 0.0355026 0.2090473 0.0268608 0.1011359 0.2079279 0.0347638 0.0266118 0.2443245 0.0388607 0.0429486 0.0482454 0.0377579 0.1319495 0.3370987 0.1708032 0.0346427 0.1531281 0.3462389 0.0536810 0.1111442 0.1255828 0.0179782 0.1596330 0.0377646 0.1251114 0.0388752 0.0315814 0.0326251 0.0196404 0.1062969 0.1821297 0.1091336 0.2327540 0.3286405 0.0318278 0.0471905 0.1176663 
Perityle_emoryi_47_punta_san_jose          0.0892029 0.4482025 0.0930054 0.6757194 0.0821059 0.0000010 0.0000010 0.0000010 0.5173664 0.0859992 0.4625364 0.1026913 0.0654021 0.0943652 0.0616854 0.0630718 0.7652708 0.0909184 0.0755805 0.0653061 0.0539201 0.7037500 0.0000010 0.7888669 0.0645414 0.0000010 0.7508526 0.5648675 0.5380813 0.6338712 0.0000010 0.4261802 0.1010566 0.0961013 0.1392823 0.0000000 0.1071027 0.0668648 0.0000010 0.0000010 0.0637776 0.0549922 0.0864057 0.0689265 0.0885076 0.6327010 0.1238313 0.4160319 0.4078506 0.3590035 0.0662776 0.1345861 0.0794968 0.0582683 0.0000010 0.1022497 0.0000010 0.0000010 0.9294428 0.4792753 0.0000010 0.0000010 0.2498837 0.0000010 0.8642768 0.0000010 0.0832708 0.0824716 0.1834904 0.0000010 0.1596062 0.1629723 0.0774025 0.1358109 0.0714315 0.1047896 0.0735935 0.0820195 0.0753187 0.8186859 0.0784690 0.0000010 0.0000010 0.0673954 0.0000010 
Perityle_feddemae_99                       0.1216008 0.3460437 0.1291648 0.4968468 0.0843543 0.1468246 0.1468246 0.1468246 0.5342979 0.1091368 0.5793743 0.2418427 0.1591893 0.1936080 0.0811087 0.1460809 0.8407546 0.1201122 0.0711964 0.0728769 0.0676320 0.8296731 0.1468246 0.8759585 0.0975709 1.2780396 0.7842156 0.7010074 0.7611453 0.4298075 0.1468246 0.8734788 0.1078558 0.1152331 0.2400319 0.1071027 0.0000000 0.1481126 1.0802517 0.1468246 0.0817050 0.0707988 0.0104594 0.0841709 0.0114192 0.7145200 0.2001781 0.6852510 0.6778256 0.3696845 0.0834749 0.2318040 0.1290020 0.0689641 0.1468246 0.1091971 0.3165168 0.1468246 0.9834291 0.6769642 0.1468246 0.1468246 0.2584145 0.1468246 0.9000969 0.5825855 0.1722629 0.0604460 0.2485164 0.1468246 0.1763100 0.2671433 0.0878392 0.2291478 0.1024408 0.1968644 0.0852224 0.0620865 0.1753023 1.0100946 0.1646491 0.1468246 0.8353358 0.0901052 0.1468246 
Perityle_fosteri_93                        0.1391853 0.1389355 0.0777486 0.3535953 0.1233175 0.0844976 0.1881535 0.1153327 0.3871384 0.0674593 0.1954761 0.0437724 0.0392731 0.0327596 0.0382883 0.0419664 0.1279428 0.0771503 0.1034596 0.0328808 0.0158685 0.0619062 0.0324719 0.1068489 0.1124642 0.0403346 0.1202329 0.0743517 0.2193899 0.1893619 0.1066675 0.1578880 0.0791235 0.0674222 0.0363029 0.0668648 0.1481126 0.0000000 0.1560216 0.0422639 0.0222027 0.0347006 0.1383824 0.0331738 0.1380062 0.1986275 0.0403955 0.0458749 0.0437021 0.2102254 0.0384648 0.0800563 0.1248282 0.0283805 0.0326205 0.1569944 0.0418244 0.0444135 0.0569277 0.0485964 0.1391390 0.3303385 0.1643651 0.0236233 0.1460273 0.3421786 0.0654383 0.1159898 0.1103257 0.0240528 0.1316963 0.0433088 0.1234442 0.0463883 0.0360612 0.0388718 0.0257769 0.1039024 0.1628531 0.0800139 0.2010909 0.3390697 0.0351306 0.0410606 0.1217421 
Perityle_gamon_221                         0.9876498 0.1495496 0.0000010 0.3686184 0.1398436 0.0971344 0.2103115 0.1296713 0.3380290 0.0000010 0.1815333 0.1409739 0.1394274 0.1330965 0.1368736 0.1440746 0.1262159 1.3911950 0.1320854 0.1401234 0.0000010 0.1342604 0.0722933 0.1521113 0.8055218 0.1327958 0.1309486 0.1437376 0.1940540 0.1779079 0.0902442 0.1571575 0.0000010 0.0000010 0.1432085 0.0000010 1.0802517 0.1560216 0.0000000 0.1354261 0.0975328 0.1245196 0.1688476 0.1326358 0.1547677 0.0047815 0.1435707 0.1351704 0.1326617 0.1560506 0.1352034 0.1303861 1.1857698 0.1308464 0.1256783 1.1342198 0.1209497 0.1126181 0.1476207 0.1289400 0.0952332 0.2876040 0.1426671 0.0824381 0.1442227 0.3476921 0.1299802 0.1070380 0.1126663 0.0964419 0.0000010 0.1480321 0.1410789 0.1438496 0.1339950 0.1370525 0.0760250 0.1083083 0.1447021 0.2120486 1.0362006 0.2994569 0.1355413 0.0000010 0.0288929 
Perityle_gentryi_8_san_francisco           0.6091404 0.1422870 0.0000010 0.3558936 0.1258624 0.0845147 0.1838441 0.1056996 0.3577196 0.0000010 0.1741055 0.0374995 0.0382519 0.0373275 0.0386659 0.0093891 0.0376295 0.0000010 0.1080757 0.0414207 0.0000010 0.0333676 0.0258208 0.0427283 0.1139349 0.0332373 0.0699519 0.0428632 0.1793573 0.1824967 0.1039728 0.1530763 0.0000010 0.0000010 0.0388276 0.0000010 0.1468246 0.0422639 0.1354261 0.0000000 0.0160878 0.0451840 0.1706551 0.0308782 0.1540962 0.1362853 0.0414072 0.0342958 0.0343197 0.1590966 0.0361755 0.0632866 0.2521606 0.0420099 0.0351956 0.4306612 0.0417127 0.0410085 0.0402198 0.0301751 0.1299702 0.3389821 0.1657099 0.0237273 0.0412314 0.3527913 0.0689225 0.1237640 0.1137224 0.0300759 0.0000010 0.0403896 0.1446824 0.0457281 0.0342737 0.0401872 0.0212976 0.1094866 0.1942632 0.1094491 0.3837647 0.3220075 0.0289894 0.0000010 0.1157489 
Perityle_gilensis_22_Superstition          0.0818582 0.0648659 0.0733005 0.1531918 0.0630464 0.0703628 0.0710984 0.0598802 0.3115225 0.0739129 0.1829947 0.0289088 0.0072155 0.0172686 0.0194208 0.0274082 0.2043145 0.0671945 0.0569865 0.0256861 0.0069616 0.0971055 0.0000010 0.2026223 0.0438136 0.0000010 0.1192908 0.0899058 0.3245218 0.1233637 0.0864858 0.0979733 0.0802079 0.0770597 0.0204686 0.0637776 0.0817050 0.0222027 0.0975328 0.0160878 0.0000000 0.0204745 0.0750829 0.0127933 0.0654663 0.2459324 0.0222957 0.0213177 0.0284713 0.2220031 0.0118736 0.0597020 0.0438803 0.0170033 0.0080160 0.0938056 0.0201396 0.0162017 0.0078407 0.0580479 0.0900932 0.3798752 0.0778719 0.0180773 0.2996434 0.2931832 0.0171807 0.0730049 0.0344787 0.0040077 0.1517517 0.0101661 0.0646810 0.0204462 0.0103461 0.0169708 0.0091210 0.0772603 0.0702933 0.0000010 0.0321802 0.2936266 0.0080234 0.0357371 0.0972645 
Perityle_gilensis_salensis_225             0.0680214 0.1530094 0.0669286 0.2730505 0.1066257 0.0845422 0.2028386 0.1213110 0.4060202 0.0609931 0.2145901 0.0407731 0.0283179 0.0296344 0.0337694 0.0365619 0.1587874 0.0576572 0.0956653 0.0329845 0.0031068 0.0629048 0.0165322 0.1294105 0.0380335 0.0327223 0.0937667 0.0649100 0.2070678 0.1560603 0.0976881 0.1466555 0.0869654 0.0638046 0.0367890 0.0549922 0.0707988 0.0347006 0.1245196 0.0451840 0.0204745 0.0000000 0.1365950 0.0281949 0.1282914 0.1856494 0.0296397 0.0425355 0.0410838 0.2145723 0.0329302 0.0666140 0.0382344 0.0284111 0.0286435 0.0773330 0.0405330 0.0365977 0.0550278 0.0461018 0.1159136 0.3410204 0.1357028 0.0263415 0.1700508 0.4136963 0.0304201 0.0950210 0.0777488 0.0301425 0.1295897 0.0422903 0.1067740 0.0364506 0.0322594 0.0345214 0.0185627 0.0859731 0.1475748 0.1242270 0.0242074 0.3206572 0.0353325 0.0313096 0.1088791 
Perityle_glaucescens_94                    0.0823749 0.1739326 0.0883323 0.3322677 0.1205583 0.0866069 0.2314222 0.1163046 0.3795401 0.0751963 0.1164243 0.1516318 0.1333377 0.1387903 0.1406882 0.1409235 0.2145203 0.0754940 0.1187536 0.1401289 0.0640819 0.1839724 0.0689999 0.2469257 0.0643413 0.1654321 0.2088172 0.1819993 0.2177021 0.1785288 0.1142213 0.1870514 0.0769842 0.0780428 0.1476174 0.0864057 0.0104594 0.1383824 0.1688476 0.1706551 0.0750829 0.1365950 0.0000000 0.1306101 0.0083310 0.2103430 0.1439968 0.1735297 0.1713366 0.0827238 0.1398824 0.1471567 0.0647999 0.1275762 0.1306830 0.0702527 0.1303392 0.1105102 0.1847160 0.1730620 0.1296124 0.2972547 0.1623800 0.0655281 0.2908691 0.4048494 0.1356445 0.1310130 0.1248273 0.0854834 0.1792225 0.1562596 0.1354758 0.1478751 0.1430883 0.1376606 0.0721001 0.1313863 0.0917420 0.2456458 0.0786362 0.3343929 0.1632926 0.0836516 0.1667497 
Perityle_gracilis_11                       0.0777770 0.1481892 0.0720047 0.3480448 0.1121576 0.0823435 0.1814041 0.1039888 0.3673857 0.0695528 0.1868621 0.0362748 0.0215732 0.0249198 0.0243446 0.0323100 0.1113506 0.0657682 0.1046325 0.0321646 0.0157133 0.0381444 0.0173082 0.0933494 0.0389305 0.0185609 0.1106095 0.0588871 0.2127132 0.1769030 0.1007471 0.1483523 0.0598639 0.0695528 0.0253630 0.0689265 0.0841709 0.0331738 0.1326358 0.0308782 0.0127933 0.0281949 0.1306101 0.0000000 0.1311557 0.1664964 0.0224110 0.0275303 0.0166149 0.1874929 0.0251567 0.0549111 0.0420466 0.0315542 0.0213297 0.0834228 0.0313783 0.0384086 0.0443854 0.0245893 0.1299237 0.3292091 0.1588988 0.0240314 0.1564811 0.3457596 0.0519757 0.1065239 0.0899760 0.0100034 0.1444874 0.0380802 0.1220757 0.0288605 0.0203398 0.0263674 0.0074726 0.0957472 0.1524289 0.0486568 0.0398288 0.3274075 0.0108599 0.0367920 0.1087159 
