83
Amauria_brandeegeana_62                    0.0000000 0.0627892 0.1571391 0.3364997 0.1398630 0.2067354 0.1351278 0.3489571 0.1476458 0.1731994 0.1519532 0.1695410 0.1878746 0.1103684 0.2271922 0.1550874 0.1084212 0.1214106 0.1615017 0.1473831 0.1515621 0.1591795 0.1819282 0.1108487 0.1573318 0.1548387 0.1794099 0.2373622 0.1404484 0.0963825 0.1524947 0.1502811 0.1029883 0.1692878 0.1207766 0.2107891 0.1773663 0.2029895 0.1653225 0.1278275 0.1533212 0.1822360 0.1343542 0.1575989 0.2020456 0.1463819 0.1522319 0.1448329 0.2037339 0.1682343 0.1702390 0.1717323 0.1539598 0.1305173 0.1557581 0.1161113 0.1200886 0.1697198 0.1029079 0.1067147 0.1997504 0.0759059 0.1624851 0.2380911 0.1845096 0.1889580 0.1146328 0.1365039 0.1852365 0.1583586 0.1925357 0.1189086 0.1446023 0.1102059 0.1711487 0.1967837 0.1586885 0.2241410 0.1439012 0.1803351 0.1986370 0.1354627 0.1002271 
Amauria_carterae_99_mesa                   0.0627892 0.0000000 0.0622400 0.2273347 0.0845069 0.1523980 0.1233384 0.2088274 0.0677070 0.1087133 0.0793855 0.0759607 0.0742027 0.0575277 0.1108413 0.0713330 0.0747032 0.1016319 0.0721235 0.0671847 0.0757219 0.1274421 0.0700975 0.0804391 0.0711190 0.0693355 0.0765662 0.1222618 0.0889458 0.0802126 0.0856753 0.1150499 0.0699058 0.0694096 0.0548661 0.1114048 0.1064928 0.1012355 0.0854737 0.0514483 0.0742210 0.1032602 0.0677019 0.1007744 0.1054640 0.0659786 0.0759518 0.0604873 0.1050657 0.0722574 0.0672138 0.0852163 0.0655620 0.0594276 0.1063645 0.0758139 0.0815963 0.0784213 0.0696763 0.0498777 0.1139771 0.0612131 0.0776152 0.1181624 0.1016965 0.1155383 0.0821455 0.0680172 0.0727711 0.0939489 0.0748513 0.0664488 0.0706513 0.0782980 0.0902820 0.1383601 0.0693954 0.0842305 0.1056368 0.0757916 0.0799889 0.0471198 0.0810291 
Amauria_rotundifolia_SRR9119150            0.1571391 0.0622400 0.0000000 0.3222716 0.1304090 0.2107786 0.1256298 0.3488339 0.1338036 0.1707971 0.1511111 0.1663720 0.1573915 0.1157005 0.1957347 0.1387450 0.1109790 0.1228111 0.1482720 0.1307516 0.1516112 0.2319223 0.1458163 0.0964403 0.1403226 0.1438157 0.1703215 0.2278157 0.1355607 0.1127159 0.1553012 0.1358350 0.0985450 0.1597709 0.1221383 0.1961280 0.1788989 0.2111849 0.1400908 0.1166318 0.1409826 0.1600833 0.1272866 0.1459743 0.1983217 0.1438348 0.1509017 0.1420307 0.1663754 0.1799788 0.1483759 0.1590348 0.1298166 0.1317583 0.1377517 0.0993230 0.1055945 0.1669370 0.1179841 0.1061566 0.1642312 0.0610437 0.1561069 0.2031650 0.1707544 0.1916047 0.1065082 0.1288040 0.1584453 0.1630807 0.1990450 0.1166812 0.1321599 0.0949066 0.1661830 0.1933441 0.1484400 0.1903308 0.1382336 0.1672755 0.1973923 0.1558095 0.1001241 
Conoclinium_coelestinum_SRR9119114         0.3364997 0.2273347 0.3222716 0.0000000 0.3201525 0.2138682 0.2577651 0.3899226 0.3620443 0.3347233 0.3192331 0.2934316 0.3577627 0.2604369 0.6246589 0.3100980 0.3285728 0.3180241 0.3261029 0.3234351 0.3060595 0.4200063 0.3153639 0.2963281 0.3105741 0.3196619 0.3644551 0.3573840 0.3488263 0.3116330 0.3573040 0.3317063 0.3280677 0.3147394 0.2873533 0.3627173 0.3648706 0.3488274 0.3271466 0.2827191 0.3061892 0.3553867 0.3122411 0.3274069 0.3447116 0.2997404 0.3163244 0.2963988 0.3495105 0.3395485 0.2998859 0.3210674 0.3166028 0.2829318 0.3589697 0.2937288 0.2088414 0.3130730 0.2960320 0.3207677 0.3715297 0.2351972 0.3106142 0.3465951 0.3114896 0.3552198 0.1938039 0.3170136 0.3204222 0.3523872 0.3164147 0.3094530 0.3121914 0.3475891 0.3165217 0.3494957 0.3192088 0.3577293 0.3136594 0.3235351 0.3487368 0.2677038 0.2432375 
Eutetras_palmeri_63                        0.1398630 0.0845069 0.1304090 0.3201525 0.0000000 0.1816539 0.1343813 0.3016194 0.1219877 0.1459505 0.1297716 0.1298587 0.1281004 0.0851601 0.2360296 0.1187651 0.1187432 0.1129663 0.1185404 0.1073350 0.1274078 0.1527444 0.1200308 0.1162322 0.1227603 0.1205859 0.1510825 0.1840108 0.1316610 0.0992147 0.1327125 0.1351092 0.1042269 0.1251222 0.0978848 0.1598856 0.1439116 0.1517958 0.1456020 0.0794479 0.1190248 0.1447283 0.1046957 0.1337992 0.1608758 0.0984226 0.1178472 0.0971728 0.1546317 0.1338235 0.1160341 0.1265892 0.1168626 0.0927512 0.1357560 0.1131378 0.1037877 0.1226628 0.0954951 0.0999940 0.1482293 0.0783311 0.1116832 0.1938820 0.1349818 0.1346820 0.0822628 0.1050065 0.1259738 0.1501750 0.1313870 0.0957500 0.1182253 0.1099524 0.1151474 0.1771674 0.1358696 0.1521744 0.1472829 0.1381280 0.1534128 0.0998775 0.0894982 
Eutrochium_fistulosum_SRR9119106           0.2067354 0.1523980 0.2107786 0.2138682 0.1816539 0.0000000 0.1365861 0.3654752 0.2131246 0.2003521 0.1936020 0.1947820 0.2082459 0.1300156 0.2436853 0.1879330 0.1750893 0.1921950 0.1772059 0.1604124 0.1862003 0.2903905 0.1820147 0.1501935 0.1858949 0.1962226 0.2172780 0.3034058 0.1999433 0.1385908 0.2105482 0.2044317 0.1651092 0.1935348 0.1788220 0.2457774 0.2117231 0.2788639 0.1956080 0.1693543 0.1947284 0.2245538 0.1507976 0.2192865 0.2769497 0.1823964 0.1791056 0.1789529 0.2327118 0.2316271 0.1826012 0.1938829 0.1910249 0.1632471 0.2224086 0.1505150 0.1344658 0.1872473 0.1502741 0.1867991 0.2526394 0.1178936 0.2060912 0.2747422 0.1908689 0.2400977 0.1370404 0.1802190 0.1821764 0.2258533 0.2129013 0.1639602 0.1791168 0.1637084 0.1942290 0.2736835 0.1774527 0.2424873 0.1912143 0.1927684 0.2473555 0.1695426 0.1465397 
Galeana_pratensis_104_mex                  0.1351278 0.1233384 0.1256298 0.2577651 0.1343813 0.1365861 0.0000000 0.2066368 0.1354701 0.1281586 0.1276345 0.1255157 0.1234448 0.1094943 0.1502443 0.1465525 0.1463736 0.1602602 0.1289248 0.1310865 0.1358138 0.1611443 0.1269648 0.1350264 0.1282349 0.1238231 0.1477236 0.1512168 0.1508447 0.1305362 0.1368301 0.1959853 0.1353770 0.1204021 0.1145579 0.1375803 0.1611318 0.1422180 0.1311051 0.1080526 0.1233873 0.1273323 0.1272800 0.1249704 0.1500360 0.1423738 0.1251663 0.1136748 0.1274033 0.1259994 0.1238098 0.1265208 0.1237659 0.1172585 0.1281356 0.1367232 0.1100285 0.1282292 0.1272558 0.1159427 0.1510089 0.1280046 0.1620832 0.1511999 0.1193942 0.1374474 0.1224054 0.1266325 0.1237804 0.1525411 0.1294003 0.1307339 0.1234249 0.1300343 0.1159408 0.1952719 0.1336172 0.1284750 0.1547740 0.1332218 0.1575917 0.1300176 0.1020353 
Helianthus_annuus_SRR9119062               0.3489571 0.2088274 0.3488339 0.3899226 0.3016194 0.3654752 0.2066368 0.0000000 0.3100036 0.3232948 0.3287690 0.3503222 0.3421870 0.1994604 0.4744024 0.3342837 0.2189178 0.2514817 0.3099125 0.2841737 0.3501706 0.2774792 0.3314058 0.2458705 0.3326780 0.3307786 0.3712384 0.4190694 0.2904906 0.2039340 0.3035943 0.2916114 0.2088995 0.3351367 0.2107984 0.3777234 0.3316488 0.4101220 0.3584443 0.3047882 0.3325734 0.3722835 0.2859907 0.3854089 0.4215288 0.3122128 0.3222567 0.3171250 0.3678782 0.3460786 0.3248284 0.3501574 0.3293013 0.2919574 0.3356541 0.2280786 0.1684796 0.3338568 0.3131735 0.2482284 0.2953854 0.1741811 0.3161641 0.4177005 0.3079698 0.3380508 0.1973514 0.3229757 0.3281886 0.3137753 0.3221859 0.3101464 0.3374302 0.2379833 0.2646073 0.4152732 0.3441628 0.3746290 0.2010246 0.3289044 0.3518832 0.2056977 0.1362255 
Lycapsus_tenuifolius_17                    0.1476458 0.0677070 0.1338036 0.3620443 0.1219877 0.2131246 0.1354701 0.3100036 0.0000000 0.1811278 0.1580648 0.1234362 0.1872809 0.1459107 0.5248543 0.1296924 0.1184643 0.1219616 0.1568259 0.1296901 0.1208179 0.1900804 0.1584629 0.1331998 0.1462420 0.1547819 0.1792327 0.2177167 0.1691066 0.1190174 0.1751607 0.1477115 0.0042587 0.1422778 0.1405971 0.2050017 0.1803427 0.1885799 0.1227676 0.1298888 0.1358303 0.1866844 0.1392450 0.1381115 0.1873203 0.1476643 0.1474199 0.1492429 0.1869975 0.1717363 0.1387471 0.1463523 0.1475712 0.1463780 0.1511264 0.0940933 0.0997208 0.1505294 0.1075098 0.1184881 0.1966306 0.0775501 0.1533817 0.1945417 0.2103131 0.1802807 0.0971270 0.1534826 0.1720439 0.1650079 0.1965419 0.1439108 0.1305225 0.1933043 0.1774523 0.1467689 0.1414068 0.1964309 0.1413202 0.1694680 0.1852205 0.1464871 0.1102749 
Pericome_caudata_50_silver                 0.1731994 0.1087133 0.1707971 0.3347233 0.1459505 0.2003521 0.1281586 0.3232948 0.1811278 0.0000000 0.1361551 0.1603985 0.1645381 0.0822091 0.1925531 0.1312036 0.1301976 0.1499975 0.1459556 0.1174111 0.1414164 0.1579946 0.1714484 0.1220481 0.1386417 0.1484870 0.1891743 0.2436672 0.1421784 0.1054838 0.1681326 0.1911629 0.1333902 0.1213832 0.1249053 0.2200033 0.1444548 0.2372925 0.1579082 0.1279569 0.1557865 0.2339570 0.1204836 0.1707419 0.2608751 0.1352309 0.1555252 0.1377980 0.2078598 0.2045652 0.1342078 0.1435837 0.1383970 0.1183919 0.1757474 0.1164019 0.1219674 0.1445858 0.1182084 0.1167152 0.2299448 0.0772491 0.1689523 0.2133620 0.1695587 0.1867031 0.0972772 0.1642323 0.1677929 0.1665792 0.1629333 0.1285557 0.1321819 0.1216124 0.1524153 0.2218232 0.1407193 0.1909504 0.1389960 0.1731504 0.2043050 0.1389564 0.1035932 
Perityle_aglossa_84_dead_horse             0.1519532 0.0793855 0.1511111 0.3192331 0.1297716 0.1936020 0.1276345 0.3287690 0.1580648 0.1361551 0.0000000 0.0884384 0.1107467 0.0400665 0.1627470 0.0657706 0.1290159 0.1320364 0.0631318 0.0562626 0.0821507 0.1594561 0.0628203 0.0713328 0.0548143 0.0655720 0.1350152 0.2313508 0.1262949 0.0990457 0.1566683 0.1577053 0.1078870 0.0694330 0.0728157 0.1832546 0.0763500 0.2039970 0.1155933 0.0435800 0.0595330 0.1922136 0.0534705 0.1424421 0.2006915 0.0600925 0.0836773 0.0455846 0.1722862 0.1174481 0.0596180 0.0707774 0.0663979 0.0424116 0.1471202 0.0831555 0.0614553 0.0746245 0.0516861 0.1094961 0.1903433 0.0476557 0.0529908 0.2011524 0.1122802 0.1447248 0.0462935 0.0539420 0.0642203 0.1394938 0.1012630 0.0475700 0.0512595 0.0997970 0.1075588 0.1950219 0.0725638 0.1111320 0.1430322 0.0846641 0.1414843 0.1353618 0.0943704 
Perityle_ajoensis_204                      0.1695410 0.0759607 0.1663720 0.2934316 0.1298587 0.1947820 0.1255157 0.3503222 0.1234362 0.1603985 0.0884384 0.0000000 0.1205483 0.0405153 0.1814753 0.0802027 0.1168990 0.1137376 0.0977324 0.0673432 0.0840585 0.1205589 0.1096177 0.0674100 0.0882114 0.1146150 0.1364566 0.2229099 0.1221839 0.0992404 0.1407386 0.1381874 0.0946625 0.1044550 0.0525203 0.1981518 0.1004179 0.2036618 0.1158268 0.0476683 0.1104100 0.1733258 0.0653492 0.1528224 0.1961131 0.0567097 0.1154858 0.0288590 0.1924213 0.0990716 0.1012585 0.1000417 0.1133085 0.0370633 0.1288387 0.0788977 0.0508620 0.0888572 0.0383549 0.0954162 0.1728617 0.0487110 0.0726674 0.2026318 0.1221996 0.1434118 0.0463557 0.0777357 0.1265649 0.1406240 0.0672739 0.0215449 0.0900957 0.0568454 0.1029937 0.1905227 0.1077035 0.1356962 0.1303175 0.1064295 0.1221477 0.0947767 0.0771123 
Perityle_ambrosiifolia_67_green            0.1878746 0.0742027 0.1573915 0.3577627 0.1281004 0.2082459 0.1234448 0.3421870 0.1872809 0.1645381 0.1107467 0.1205483 0.0000000 0.1021362 0.1298341 0.0994001 0.1094141 0.1544348 0.0992971 0.0891993 0.1063082 0.1337922 0.1221282 0.0669595 0.1208174 0.1236357 0.1452996 0.2356413 0.1437440 0.0942938 0.1895829 0.1916404 0.0879670 0.1129425 0.1190917 0.2216122 0.1281657 0.2358489 0.0938277 0.1070767 0.1095139 0.1828278 0.0985980 0.1393802 0.2177190 0.1232420 0.1030847 0.1207815 0.1994784 0.1401311 0.1075870 0.1144038 0.1245458 0.1157703 0.1673269 0.0884338 0.0671127 0.1216364 0.0701652 0.1083845 0.2210719 0.0449008 0.1284154 0.2233860 0.1653629 0.1779024 0.0483742 0.1020701 0.1278248 0.1555688 0.1459895 0.0967495 0.1059414 0.0910189 0.1701208 0.2180939 0.1058778 0.0966140 0.1297960 0.1457189 0.1614782 0.1715334 0.0987352 
Perityle_angustifolia_13_Eagle_creek       0.1103684 0.0575277 0.1157005 0.2604369 0.0851601 0.1300156 0.1094943 0.1994604 0.1459107 0.0822091 0.0400665 0.0405153 0.1021362 0.0000000 0.0375176 0.0346136 0.0867522 0.1072393 0.0269284 0.0355220 0.0309374 0.1199148 0.0376318 0.0677962 0.0310419 0.0472812 0.1059232 0.1177394 0.0904472 0.0851857 0.1182916 0.1328687 0.0822282 0.0333967 0.0565590 0.1442627 0.0663923 0.1263592 0.0632255 0.0255115 0.0355475 0.1243324 0.0254416 0.0987059 0.1376447 0.0360595 0.0286005 0.0324471 0.1277912 0.0575928 0.0308351 0.0417304 0.0464092 0.0303228 0.1243444 0.0597143 0.0411593 0.0286332 0.0231071 0.0939543 0.1319809 0.0353462 0.0379655 0.1148885 0.0776219 0.0848365 0.0381772 0.0406133 0.0426006 0.0905109 0.0326662 0.0261395 0.0312899 0.0625147 0.0929092 0.1279239 0.0261251 0.1056323 0.0672718 0.0262669 0.1470428 0.1122735 0.0499299 
Perityle_batopilensis_97                   0.2271922 0.1108413 0.1957347 0.6246589 0.2360296 0.2436853 0.1502443 0.4744024 0.5248543 0.1925531 0.1627470 0.1814753 0.1298341 0.0375176 0.0000000 0.1849734 0.1317143 0.1685375 0.1390143 0.1217528 0.1807379 0.0000010 0.1579548 0.0791067 0.1754509 0.1454098 0.1822970 0.3279310 0.1695485 0.0994017 0.2023570 0.7741120 0.5248543 0.1632054 0.3799257 0.2457593 0.1479438 0.2869041 0.0294988 0.3799257 0.1689598 0.2308633 0.1180261 0.2561028 0.3167756 0.5418644 0.1451172 0.2728179 0.2718016 0.1865720 0.1581385 0.2014477 0.1613015 0.5436536 0.1838956 0.0919001 0.3799257 0.1600817 0.0965983 0.0000010 0.2498951 0.0434826 0.4535227 0.3687274 0.0958721 0.2452993 0.0000010 0.1417275 0.1569194 0.2667756 0.1783872 0.0823477 0.1663852 0.0444365 0.3462585 0.3345499 0.1714157 0.1990520 0.1469951 0.2234958 0.5368699 0.0000010 0.2761959 
Perityle_bisetosa_9                        0.1550874 0.0713330 0.1387450 0.3100980 0.1187651 0.1879330 0.1465525 0.3342837 0.1296924 0.1312036 0.0657706 0.0802027 0.0994001 0.0346136 0.1849734 0.0000000 0.1101788 0.1183970 0.0588495 0.0572202 0.0856464 0.1038741 0.0636428 0.0631639 0.0637547 0.0672138 0.1249404 0.2050330 0.1204897 0.0982046 0.1337310 0.1350489 0.0948238 0.0725052 0.0531832 0.1564675 0.0714159 0.1485112 0.1069246 0.0320490 0.0653828 0.1526012 0.0608049 0.1352955 0.1574189 0.0398263 0.0764873 0.0372224 0.1496391 0.1005149 0.0583816 0.0544272 0.0667018 0.0313506 0.1273522 0.0776133 0.0423716 0.0808881 0.0532075 0.0975603 0.1592728 0.0457194 0.0448771 0.1830128 0.0974605 0.1210316 0.0128049 0.0403398 0.0639158 0.1344678 0.1130875 0.0491283 0.0575062 0.0983780 0.0823616 0.1639143 0.0795707 0.1157209 0.1343327 0.0762686 0.1045116 0.1122369 0.0758437 
Perityle_californica_76_positas            0.1084212 0.0747032 0.1109790 0.3285728 0.1187432 0.1750893 0.1463736 0.2189178 0.1184643 0.1301976 0.1290159 0.1168990 0.1094141 0.0867522 0.1317143 0.1101788 0.0000000 0.1089587 0.1152213 0.1084375 0.1102289 0.1289770 0.1064524 0.1557685 0.1103938 0.1149683 0.1122996 0.1258199 0.1240480 0.0994162 0.0624085 0.1203948 0.1178822 0.1072494 0.0939662 0.1456412 0.1117756 0.1266885 0.1172007 0.1016066 0.1058131 0.1453264 0.1040051 0.1387249 0.1321042 0.1136721 0.1042494 0.1083450 0.1452279 0.0998860 0.1024783 0.1120557 0.1046937 0.1122262 0.1348888 0.0956522 0.1138850 0.1074027 0.1042630 0.0959893 0.1091094 0.0777650 0.1112035 0.1312837 0.1739378 0.1306237 0.1294265 0.1117637 0.1097729 0.1147168 0.1122886 0.1080879 0.1071065 0.1468734 0.1303814 0.1285584 0.1062645 0.1135290 0.1237093 0.1069363 0.1105906 0.0611789 0.1072474 
Perityle_canescens_77                      0.1214106 0.1016319 0.1228111 0.3180241 0.1129663 0.1921950 0.1602602 0.2514817 0.1219616 0.1499975 0.1320364 0.1137376 0.1544348 0.1072393 0.1685375 0.1183970 0.1089587 0.0000000 0.1290944 0.1233937 0.1183800 0.1546601 0.1232000 0.1328230 0.1234661 0.1250425 0.1619675 0.1143458 0.1498193 0.1237181 0.1250197 0.1293001 0.1030080 0.1177784 0.1030738 0.1452249 0.1513771 0.1202158 0.1188802 0.0964698 0.1188718 0.1304582 0.1216570 0.1227329 0.1260191 0.1145958 0.1224589 0.1106357 0.1325655 0.1255315 0.1101693 0.1156427 0.1210746 0.1125936 0.1228396 0.1232020 0.0747833 0.1254333 0.1106120 0.0930626 0.1056191 0.0933139 0.1181306 0.1122482 0.1663267 0.1521665 0.0815970 0.1251305 0.1191702 0.1509512 0.1247426 0.1247083 0.1121808 0.1367764 0.1458681 0.1070585 0.1212822 0.1593537 0.1155073 0.1250917 0.1548070 0.1288257 0.0693290 
Perityle_castillonii_96                    0.1615017 0.0721235 0.1482720 0.3261029 0.1185404 0.1772059 0.1289248 0.3099125 0.1568259 0.1459556 0.0631318 0.0977324 0.0992971 0.0269284 0.1390143 0.0588495 0.1152213 0.1290944 0.0000000 0.0513115 0.0695605 0.1244776 0.0899988 0.0604591 0.0597286 0.0711195 0.1179656 0.2160010 0.1252272 0.0941955 0.1479819 0.1592806 0.0985154 0.0679208 0.0652103 0.1772057 0.0610288 0.1893572 0.1068058 0.0543180 0.0816667 0.1717094 0.0523163 0.1347142 0.1978879 0.0535941 0.0565832 0.0534180 0.1658242 0.0792785 0.0557944 0.0622842 0.0706822 0.0457934 0.1405760 0.0686320 0.0555142 0.0747900 0.0497163 0.1005655 0.2029536 0.0423895 0.0663773 0.2064995 0.1127695 0.1376941 0.0503615 0.0756465 0.0876846 0.1368972 0.0747860 0.0513347 0.0490735 0.0859350 0.1133955 0.2029098 0.0618211 0.1321203 0.1297630 0.0871908 0.1524807 0.1222578 0.0847635 
Perityle_cernua_84                         0.1473831 0.0671847 0.1307516 0.3234351 0.1073350 0.1604124 0.1310865 0.2841737 0.1296901 0.1174111 0.0562626 0.0673432 0.0891993 0.0355220 0.1217528 0.0572202 0.1084375 0.1233937 0.0513115 0.0000000 0.0648315 0.1349447 0.0582575 0.0589823 0.0480179 0.0591719 0.0987316 0.1599478 0.1140802 0.0931393 0.1295165 0.1385124 0.0909125 0.0623453 0.0597407 0.1518500 0.0735372 0.1433614 0.0952085 0.0333203 0.0534709 0.1407058 0.0552307 0.1341611 0.1447525 0.0353666 0.0589929 0.0433435 0.1448836 0.0750867 0.0537803 0.0601182 0.0581457 0.0418380 0.1302818 0.0679987 0.0389722 0.0704177 0.0511451 0.1096034 0.1571678 0.0351385 0.0594493 0.1628271 0.1049638 0.1137960 0.0237143 0.0510709 0.0574294 0.1249439 0.0731624 0.0462824 0.0466513 0.0934577 0.0943039 0.1705507 0.0676703 0.1144463 0.1282200 0.0554772 0.1252770 0.1150671 0.0760411 
Perityle_cfvillosa_25_tin                  0.1515621 0.0757219 0.1516112 0.3060595 0.1274078 0.1862003 0.1358138 0.3501706 0.1208179 0.1414164 0.0821507 0.0840585 0.1063082 0.0309374 0.1807379 0.0856464 0.1102289 0.1183800 0.0695605 0.0648315 0.0000000 0.1346839 0.0911994 0.0632034 0.0733285 0.0974494 0.1376946 0.2161350 0.1234589 0.0928836 0.1359659 0.1312686 0.0923141 0.0933358 0.0502483 0.1907881 0.0924101 0.1859282 0.1155190 0.0372750 0.0826223 0.1710003 0.0268141 0.1491237 0.1702382 0.0631851 0.0545048 0.0291418 0.1648580 0.1082759 0.0832522 0.0994525 0.0932156 0.0295559 0.1287828 0.0819822 0.0489095 0.0567752 0.0228610 0.1015466 0.1672556 0.0356030 0.0660679 0.1887883 0.1099180 0.1366002 0.0439995 0.0600235 0.0953947 0.1411697 0.1124599 0.0300593 0.0706393 0.0883800 0.0961119 0.1865839 0.0834957 0.1309393 0.1245409 0.0477267 0.1265704 0.0986190 0.0749288 
Perityle_cinerea_113_Powell1310            0.1591795 0.1274421 0.2319223 0.4200063 0.1527444 0.2903905 0.1611443 0.2774792 0.1900804 0.1579946 0.1594561 0.1205589 0.1337922 0.1199148 0.0000010 0.1038741 0.1289770 0.1546601 0.1244776 0.1349447 0.1346839 0.0000000 0.1207707 0.2736823 0.1346003 0.1083590 0.1239101 0.1478094 0.1795123 0.1138271 0.1283466 0.1436114 0.1282421 0.1296440 0.1248051 0.1572316 0.1197878 0.1625760 0.0972050 0.1194504 0.1207707 0.1630525 0.1057379 0.1624800 0.1797782 0.1297282 0.1151744 0.1155692 0.1517278 0.1150687 0.1037044 0.1036471 0.1032712 0.1304875 0.1530916 0.0854985 0.0000010 0.1151113 0.1061341 0.1107336 0.1496825 0.0679489 0.1246558 0.1544238 0.1678444 0.1524335 0.0000010 0.0988759 0.1256193 0.1795123 0.1156152 0.1102641 0.1102641 0.1621496 0.1466517 0.1677660 0.1101408 0.1506755 0.0942126 0.1031875 0.1771784 0.1303979 0.0000010 
Perityle_coahuilensis_24                   0.1819282 0.0700975 0.1458163 0.3153639 0.1200308 0.1820147 0.1269648 0.3314058 0.1584629 0.1714484 0.0628203 0.1096177 0.1221282 0.0376318 0.1579548 0.0636428 0.1064524 0.1232000 0.0899988 0.0582575 0.0911994 0.1207707 0.0000000 0.0518370 0.0823318 0.1081824 0.1339214 0.2407820 0.1226034 0.0925097 0.1464746 0.1498302 0.0918747 0.0829594 0.0574495 0.2006582 0.0863603 0.2190717 0.1040182 0.0348806 0.0733757 0.1786371 0.0881686 0.1323159 0.2191019 0.0708612 0.1195858 0.0751981 0.1898197 0.0995847 0.0781962 0.0945453 0.0990785 0.0430521 0.1305093 0.0891037 0.0459360 0.1188529 0.0569331 0.0909769 0.2144174 0.0374706 0.0992094 0.2164343 0.1331697 0.1502704 0.0433995 0.1057446 0.0334110 0.1360598 0.1353539 0.0614583 0.0709055 0.0913895 0.1305563 0.1831072 0.1066469 0.1328544 0.1288372 0.1300401 0.1284099 0.1231295 0.0800392 
Perityle_cochisensis_44_cave_creek         0.1108487 0.0804391 0.0964403 0.2963281 0.1162322 0.1501935 0.1350264 0.2458705 0.1331998 0.1220481 0.0713328 0.0674100 0.0669595 0.0677962 0.0791067 0.0631639 0.1557685 0.1328230 0.0604591 0.0589823 0.0632034 0.2736823 0.0518370 0.0000000 0.0631133 0.0689787 0.0989704 0.1393619 0.1508624 0.1347379 0.1097471 0.1647043 0.1302207 0.0547010 0.0822833 0.1369787 0.0866273 0.1318654 0.0859944 0.0592098 0.0572502 0.1279365 0.0635281 0.1277969 0.1283249 0.0728574 0.0637050 0.0759567 0.1271499 0.0685800 0.0552664 0.0572964 0.0672067 0.0741546 0.1278971 0.0933155 0.0424683 0.0664398 0.0635460 0.3148831 0.1465896 0.0612488 0.0903514 0.1404791 0.1473465 0.1197548 0.0358098 0.0648392 0.0502766 0.1457166 0.0690366 0.0683589 0.0554554 0.0793382 0.1268808 0.1656657 0.0686958 0.0667433 0.1459413 0.0656288 0.1020871 0.1144659 0.0674436 
Perityle_congesta_202                      0.1573318 0.0711190 0.1403226 0.3105741 0.1227603 0.1858949 0.1282349 0.3326780 0.1462420 0.1386417 0.0548143 0.0882114 0.1208174 0.0310419 0.1754509 0.0637547 0.1103938 0.1234661 0.0597286 0.0480179 0.0733285 0.1346003 0.0823318 0.0631133 0.0000000 0.0765709 0.1345004 0.2286077 0.1241583 0.0905746 0.1496060 0.1499247 0.0913794 0.0661743 0.0569545 0.1892261 0.0723124 0.1969060 0.1094062 0.0450100 0.0813087 0.1673552 0.0485657 0.1406753 0.1912797 0.0509546 0.0639131 0.0349174 0.1848411 0.1007875 0.0504500 0.0674085 0.0791711 0.0362665 0.1377666 0.0881931 0.0371247 0.0624437 0.0367571 0.0970789 0.2044876 0.0368916 0.0558702 0.2074023 0.1028493 0.1286044 0.0325570 0.0604400 0.0870761 0.1366212 0.1012333 0.0461815 0.0413780 0.0895199 0.1050146 0.1883623 0.0768170 0.1216950 0.1306246 0.1058770 0.1360803 0.1148376 0.0731676 
Perityle_cordifolia_27                     0.1548387 0.0693355 0.1438157 0.3196619 0.1205859 0.1962226 0.1238231 0.3307786 0.1547819 0.1484870 0.0655720 0.1146150 0.1236357 0.0472812 0.1454098 0.0672138 0.1149683 0.1250425 0.0711195 0.0591719 0.0974494 0.1083590 0.1081824 0.0689787 0.0765709 0.0000000 0.1411569 0.2357393 0.1220792 0.1016333 0.1426843 0.1577655 0.1009379 0.0814687 0.0566417 0.1916464 0.0859483 0.2303902 0.1071114 0.0625100 0.0960627 0.1921485 0.0675432 0.1329920 0.2208662 0.0631334 0.1035937 0.0613945 0.1854862 0.1182070 0.0641708 0.0770016 0.0160533 0.0524705 0.1441009 0.0916051 0.0499036 0.0969785 0.0684407 0.0949960 0.2044412 0.0297850 0.0719633 0.2076479 0.0872473 0.1430452 0.0482011 0.0717476 0.1101555 0.1347053 0.1159822 0.0608538 0.0633184 0.0939182 0.1110743 0.1958812 0.0790197 0.1289332 0.1329009 0.1281765 0.1249521 0.1246948 0.0877217 
Perityle_cordifolia_68_tecolote            0.1794099 0.0765662 0.1703215 0.3644551 0.1510825 0.2172780 0.1477236 0.3712384 0.1792327 0.1891743 0.1350152 0.1364566 0.1452996 0.1059232 0.1822970 0.1249404 0.1122996 0.1619675 0.1179656 0.0987316 0.1376946 0.1239101 0.1339214 0.0989704 0.1345004 0.1411569 0.0000000 0.2518168 0.1622532 0.1043933 0.1794851 0.1800912 0.0952283 0.1408994 0.1291316 0.2293587 0.1326591 0.2179658 0.1357115 0.1169294 0.1251454 0.2017409 0.1118761 0.1517898 0.1992875 0.1357926 0.1416872 0.1370236 0.1938018 0.1552098 0.1344439 0.1396133 0.1349356 0.1116445 0.1667215 0.0386970 0.0944511 0.1472769 0.1060008 0.1401142 0.2244797 0.0619390 0.1484520 0.2318985 0.1805064 0.1911437 0.0851750 0.1295359 0.1431902 0.1793749 0.1606348 0.1149665 0.1145029 0.1106120 0.1647496 0.2260561 0.1331875 0.1719044 0.1464209 0.1623494 0.1806614 0.1527562 0.0897632 
Perityle_coronopifolia_28_patagonia        0.2373622 0.1222618 0.2278157 0.3573840 0.1840108 0.3034058 0.1512168 0.4190694 0.2177167 0.2436672 0.2313508 0.2229099 0.2356413 0.1177394 0.3279310 0.2050330 0.1258199 0.1143458 0.2160010 0.1599478 0.2161350 0.1478094 0.2407820 0.1393619 0.2286077 0.2357393 0.2518168 0.0000000 0.1722817 0.1344816 0.1884939 0.1598217 0.1222193 0.2279007 0.1103008 0.2857365 0.2142599 0.2608652 0.2233524 0.1910073 0.2277395 0.2555912 0.1741559 0.2435660 0.2752088 0.2039797 0.2263827 0.2218464 0.2506848 0.2056467 0.2318703 0.2425064 0.2285950 0.1714839 0.1747710 0.1245702 0.0911457 0.2417360 0.1735038 0.0340492 0.0867898 0.0862296 0.2275133 0.0697185 0.2676599 0.2249926 0.1007076 0.2181051 0.2515658 0.1926069 0.2417521 0.1931205 0.2160349 0.1429310 0.1832542 0.1867856 0.2535055 0.2696229 0.0664874 0.2304928 0.2521584 0.1375252 0.0590181 
Perityle_crassifolia_70_ventanas           0.1404484 0.0889458 0.1355607 0.3488263 0.1316610 0.1999433 0.1508447 0.2904906 0.1691066 0.1421784 0.1262949 0.1221839 0.1437440 0.0904472 0.1695485 0.1204897 0.1240480 0.1498193 0.1252272 0.1140802 0.1234589 0.1795123 0.1226034 0.1508624 0.1241583 0.1220792 0.1622532 0.1722817 0.0000000 0.0740596 0.1494482 0.1594180 0.1229467 0.1179175 0.0792110 0.1774598 0.1421626 0.1552320 0.1362342 0.1017480 0.1165676 0.1651322 0.1165648 0.1469523 0.1547753 0.1193612 0.1221385 0.1107307 0.1640927 0.1400534 0.1180778 0.1239533 0.1175271 0.1115106 0.1613360 0.1174971 0.1181744 0.1162398 0.1170377 0.1253912 0.1853959 0.0951216 0.1300817 0.1752419 0.1707272 0.1566751 0.1151435 0.1189182 0.1218371 0.0075311 0.1235524 0.1177795 0.1221317 0.1382982 0.1428198 0.1770907 0.1272251 0.1604536 0.1466148 0.1238431 0.1878005 0.1177511 0.1107705 
Perityle_crassifolia_74_playa_balandra     0.0963825 0.0802126 0.1127159 0.3116330 0.0992147 0.1385908 0.1305362 0.2039340 0.1190174 0.1054838 0.0990457 0.0992404 0.0942938 0.0851857 0.0994017 0.0982046 0.0994162 0.1237181 0.0941955 0.0931393 0.0928836 0.1138271 0.0925097 0.1347379 0.0905746 0.1016333 0.1043933 0.1344816 0.0740596 0.0000000 0.0962766 0.1393473 0.1087633 0.0894077 0.0835356 0.1232864 0.1206268 0.1086888 0.1033394 0.0848385 0.0957121 0.1234852 0.0875952 0.1186311 0.1175802 0.1082862 0.0915563 0.0875647 0.1189200 0.0923376 0.0865674 0.0991265 0.1004833 0.0939162 0.1138907 0.1027544 0.1315335 0.0918131 0.0885824 0.1089498 0.1295556 0.0841040 0.1151816 0.1338005 0.1228983 0.1220218 0.1225100 0.0927753 0.0938823 0.0716381 0.0999122 0.0948239 0.0912287 0.0950654 0.1149142 0.1501466 0.0920768 0.1051160 0.1352605 0.0916412 0.1149548 0.0728985 0.0902587 
Perityle_cuneata_34_cuneata_San_antonio    0.1524947 0.0856753 0.1553012 0.3573040 0.1327125 0.2105482 0.1368301 0.3035943 0.1751607 0.1681326 0.1566683 0.1407386 0.1895829 0.1182916 0.2023570 0.1337310 0.0624085 0.1250197 0.1479819 0.1295165 0.1359659 0.1283466 0.1464746 0.1097471 0.1496060 0.1426843 0.1794851 0.1884939 0.1494482 0.0962766 0.0000000 0.1752545 0.0865878 0.1498643 0.1250174 0.1997842 0.1736298 0.1970127 0.1525616 0.1211536 0.1422510 0.1805745 0.1275994 0.1382738 0.1975570 0.1464861 0.1363675 0.1426132 0.1839115 0.1777453 0.1436138 0.1532841 0.1411097 0.1421822 0.1723162 0.1031125 0.0876450 0.1431768 0.1082770 0.1051026 0.1865246 0.0785524 0.1644620 0.1910324 0.1915634 0.1766756 0.0965034 0.1370101 0.1624558 0.1651355 0.1526426 0.1358875 0.1305300 0.1053974 0.1590106 0.2046636 0.1455409 0.2020466 0.1130728 0.1634980 0.2062152 0.1369698 0.1055211 
Perityle_cuneata_4                         0.1502811 0.1150499 0.1358350 0.3317063 0.1351092 0.2044317 0.1959853 0.2916114 0.1477115 0.1911629 0.1577053 0.1381874 0.1916404 0.1328687 0.7741120 0.1350489 0.1203948 0.1293001 0.1592806 0.1385124 0.1312686 0.1436114 0.1498302 0.1647043 0.1499247 0.1577655 0.1800912 0.1598217 0.1594180 0.1393473 0.1752545 0.0000000 0.1108095 0.1542978 0.1132739 0.1890003 0.1837541 0.1710041 0.1401982 0.1097364 0.1420566 0.1584571 0.1492397 0.1410513 0.1643866 0.1264167 0.1538577 0.1317350 0.1597311 0.1568608 0.1490858 0.1540126 0.1505358 0.1258411 0.1561469 0.1191640 0.0986224 0.1577774 0.1194023 0.1039482 0.1477750 0.1186335 0.1363987 0.1535450 0.2039374 0.1852024 0.1036192 0.1538408 0.1674476 0.1603706 0.1712156 0.1516421 0.1310255 0.2292708 0.1588834 0.1414311 0.1563993 0.1910006 0.1691137 0.1661755 0.1685182 0.1455039 0.0958644 
Perityle_discoidea_81                      0.1029883 0.0699058 0.0985450 0.3280677 0.1042269 0.1651092 0.1353770 0.2088995 0.0042587 0.1333902 0.1078870 0.0946625 0.0879670 0.0822282 0.5248543 0.0948238 0.1178822 0.1030080 0.0985154 0.0909125 0.0923141 0.1282421 0.0918747 0.1302207 0.0913794 0.1009379 0.0952283 0.1222193 0.1229467 0.1087633 0.0865878 0.1108095 0.0000000 0.0932346 0.0960157 0.1267332 0.1265773 0.1121966 0.0958260 0.0831197 0.0902014 0.1264206 0.0901659 0.1242509 0.1068656 0.0943431 0.0882408 0.0964409 0.1278705 0.0877317 0.0846947 0.0897997 0.0912471 0.1007328 0.1190495 0.0886684 0.1017890 0.0943400 0.0902379 0.0997086 0.1171644 0.0780167 0.0945849 0.1275787 0.1515568 0.1249361 0.0996516 0.0991096 0.0938836 0.1176612 0.1108632 0.0931980 0.0876254 0.1930207 0.1270650 0.1128862 0.0888940 0.0938920 0.1389018 0.0942429 0.0950371 0.0850838 0.1104844 
Perityle_dissecta_201                      0.1692878 0.0694096 0.1597709 0.3147394 0.1251222 0.1935348 0.1204021 0.3351367 0.1422778 0.1213832 0.0694330 0.1044550 0.1129425 0.0333967 0.1632054 0.0725052 0.1072494 0.1177784 0.0679208 0.0623453 0.0933358 0.1296440 0.0829594 0.0547010 0.0661743 0.0814687 0.1408994 0.2279007 0.1179175 0.0894077 0.1498643 0.1542978 0.0932346 0.0000000 0.0564584 0.1895180 0.0825806 0.2125130 0.1154175 0.0306524 0.0745646 0.1905361 0.0572951 0.1519119 0.2029680 0.0452204 0.0900377 0.0409582 0.1859950 0.1114434 0.0808347 0.0776442 0.0844876 0.0377780 0.1323486 0.0758772 0.0449457 0.0838030 0.0533359 0.1008722 0.1824916 0.0366665 0.0541521 0.1986628 0.1017498 0.1391878 0.0392634 0.0583620 0.0818767 0.1326740 0.1123115 0.0425172 0.0624110 0.0896079 0.0970772 0.1918648 0.0691456 0.1343774 0.1275898 0.0903240 0.1352977 0.1161262 0.0747660 
Perityle_emoryi_47_punta_san_jose          0.1207766 0.0548661 0.1221383 0.2873533 0.0978848 0.1788220 0.1145579 0.2107984 0.1405971 0.1249053 0.0728157 0.0525203 0.1190917 0.0565590 0.3799257 0.0531832 0.0939662 0.1030738 0.0652103 0.0597407 0.0502483 0.1248051 0.0574495 0.0822833 0.0569545 0.0566417 0.1291316 0.1103008 0.0792110 0.0835356 0.1250174 0.1132739 0.0960157 0.0564584 0.0000000 0.1528415 0.0861301 0.1305305 0.0828443 0.0507962 0.0578483 0.1376331 0.0469290 0.1176160 0.1361675 0.0572860 0.0529925 0.0495364 0.1382264 0.0834941 0.0553448 0.0591617 0.0564234 0.0546802 0.1317305 0.0776468 0.0491157 0.0494706 0.0431401 0.1102721 0.1413274 0.0327448 0.0622062 0.1131803 0.1281089 0.1040649 0.0368793 0.0582316 0.0606073 0.0801279 0.0520799 0.0494363 0.0559301 0.1564545 0.1013194 0.1280153 0.0568345 0.1154740 0.1170419 0.0494149 0.0695667 0.1079240 0.0739377 
Perityle_feddemae_99                       0.2107891 0.1114048 0.1961280 0.3627173 0.1598856 0.2457774 0.1375803 0.3777234 0.2050017 0.2200033 0.1832546 0.1981518 0.2216122 0.1442627 0.2457593 0.1564675 0.1456412 0.1452249 0.1772057 0.1518500 0.1907881 0.1572316 0.2006582 0.1369787 0.1892261 0.1916464 0.2293587 0.2857365 0.1774598 0.1232864 0.1997842 0.1890003 0.1267332 0.1895180 0.1528415 0.0000000 0.1948615 0.2458024 0.1759058 0.1530233 0.1898306 0.0606293 0.1692529 0.0474485 0.2252344 0.1666965 0.1988103 0.1697470 0.0989976 0.2208775 0.1979039 0.1832490 0.1815095 0.1579407 0.1640010 0.1388500 0.1286833 0.2087457 0.1520856 0.1025601 0.2119919 0.0830822 0.1740641 0.2534259 0.2017287 0.2199885 0.1370122 0.1636718 0.2092906 0.2041630 0.2263704 0.1495411 0.1667593 0.1344657 0.2002425 0.2084395 0.1830328 0.2395108 0.1457116 0.2169896 0.2262960 0.1792076 0.1170247 
Perityle_fosteri_93                        0.1773663 0.1064928 0.1788989 0.3648706 0.1439116 0.2117231 0.1611318 0.3316488 0.1803427 0.1444548 0.0763500 0.1004179 0.1281657 0.0663923 0.1479438 0.0714159 0.1117756 0.1513771 0.0610288 0.0735372 0.0924101 0.1197878 0.0863603 0.0866273 0.0723124 0.0859483 0.1326591 0.2142599 0.1421626 0.1206268 0.1736298 0.1837541 0.1265773 0.0825806 0.0861301 0.1948615 0.0000000 0.1891931 0.1327097 0.0593460 0.0793054 0.1866617 0.0606665 0.1695760 0.1927310 0.0708339 0.0712107 0.0578446 0.1971333 0.1071840 0.0750765 0.0885154 0.0870167 0.0599001 0.1645686 0.0898901 0.1133092 0.0852101 0.0565087 0.1037494 0.1759971 0.0611132 0.0775497 0.2083751 0.1582774 0.1569533 0.1609242 0.0690591 0.0894991 0.1578255 0.0899946 0.0551876 0.0658200 0.0902511 0.1285862 0.2263417 0.0890050 0.1540558 0.1572900 0.0896322 0.1793470 0.1589450 0.1386055 
Perityle_gamon_221                         0.2029895 0.1012355 0.2111849 0.3488274 0.1517958 0.2788639 0.1422180 0.4101220 0.1885799 0.2372925 0.2039970 0.2036618 0.2358489 0.1263592 0.2869041 0.1485112 0.1266885 0.1202158 0.1893572 0.1433614 0.1859282 0.1625760 0.2190717 0.1318654 0.1969060 0.2303902 0.2179658 0.2608652 0.1552320 0.1086888 0.1970127 0.1710041 0.1121966 0.2125130 0.1305305 0.2458024 0.1891931 0.0000000 0.1736360 0.1375779 0.1975982 0.2068420 0.1572664 0.1341701 0.0809606 0.1563465 0.2214140 0.1656182 0.2184223 0.2134962 0.2013367 0.1863303 0.2070644 0.1361296 0.1583457 0.1242630 0.1045475 0.2053935 0.1383578 0.0994082 0.2084144 0.0797816 0.1678693 0.2368915 0.2083564 0.2239925 0.0904801 0.1670957 0.2433708 0.1793135 0.2445091 0.1435507 0.1784758 0.1405726 0.1865184 0.2086680 0.1885190 0.2351628 0.1288439 0.2315288 0.2198120 0.1537012 0.0841134 
Perityle_gentryi_8_san_francisco           0.1653225 0.0854737 0.1400908 0.3271466 0.1456020 0.1956080 0.1311051 0.3584443 0.1227676 0.1579082 0.1155933 0.1158268 0.0938277 0.0632255 0.0294988 0.1069246 0.1172007 0.1188802 0.1068058 0.0952085 0.1155190 0.0972050 0.1040182 0.0859944 0.1094062 0.1071114 0.1357115 0.2233524 0.1362342 0.1033394 0.1525616 0.1401982 0.0958260 0.1154175 0.0828443 0.1759058 0.1327097 0.1736360 0.0000000 0.0637318 0.1027055 0.1678150 0.0900119 0.1720302 0.1802612 0.0882320 0.1016886 0.0788555 0.1827757 0.1196707 0.1048705 0.1193544 0.1109179 0.0768372 0.1401695 0.0802465 0.0636933 0.1070095 0.0767838 0.1039409 0.1762830 0.0501519 0.0978421 0.2289781 0.1139272 0.1607746 0.0506884 0.0999214 0.1059418 0.1733948 0.1406475 0.0788855 0.1052030 0.0904668 0.1161552 0.1919732 0.1067324 0.1228284 0.1233913 0.1388762 0.1097146 0.0873634 0.0863710 
Perityle_gilensis_22_Superstition          0.1278275 0.0514483 0.1166318 0.2827191 0.0794479 0.1693543 0.1080526 0.3047882 0.1298888 0.1279569 0.0435800 0.0476683 0.1070767 0.0255115 0.3799257 0.0320490 0.1016066 0.0964698 0.0543180 0.0333203 0.0372750 0.1194504 0.0348806 0.0592098 0.0450100 0.0625100 0.1169294 0.1910073 0.1017480 0.0848385 0.1211536 0.1097364 0.0831197 0.0306524 0.0507962 0.1530233 0.0593460 0.1375779 0.0637318 0.0000000 0.0169555 0.1403518 0.0410718 0.1069026 0.1436543 0.0362107 0.0487408 0.0478810 0.1422796 0.0713851 0.0422067 0.0480052 0.0575568 0.0294616 0.1294373 0.0562481 0.0423451 0.0458292 0.0247864 0.0883268 0.1627943 0.0268986 0.0501054 0.1604312 0.1143232 0.1052486 0.0367493 0.0602728 0.0333861 0.0994684 0.0900577 0.0305943 0.0342160 0.1460441 0.0930354 0.1167906 0.0339284 0.1008741 0.1073434 0.0572423 0.1059047 0.1055091 0.0673918 
Perityle_gilensis_salensis_225             0.1533212 0.0742210 0.1409826 0.3061892 0.1190248 0.1947284 0.1233873 0.3325734 0.1358303 0.1557865 0.0595330 0.1104100 0.1095139 0.0355475 0.1689598 0.0653828 0.1058131 0.1188718 0.0816667 0.0534709 0.0826223 0.1207707 0.0733757 0.0572502 0.0813087 0.0960627 0.1251454 0.2277395 0.1165676 0.0957121 0.1422510 0.1420566 0.0902014 0.0745646 0.0578483 0.1898306 0.0793054 0.1975982 0.1027055 0.0169555 0.0000000 0.1585156 0.0797623 0.1326240 0.1971736 0.0612533 0.0973147 0.0716848 0.1759088 0.1007077 0.0777390 0.0951214 0.0988927 0.0372439 0.1336070 0.0769559 0.0405138 0.0925630 0.0413427 0.0910647 0.2017057 0.0423303 0.0874495 0.2077740 0.1298098 0.1377953 0.0411930 0.0856265 0.0737071 0.1303346 0.1331698 0.0519115 0.0627452 0.0891383 0.1102558 0.1894213 0.0948833 0.1259574 0.1299690 0.1264510 0.1346586 0.1160473 0.0759389 
Perityle_glaucescens_94                    0.1822360 0.1032602 0.1600833 0.3553867 0.1447283 0.2245538 0.1273323 0.3722835 0.1866844 0.2339570 0.1922136 0.1733258 0.1828278 0.1243324 0.2308633 0.1526012 0.1453264 0.1304582 0.1717094 0.1407058 0.1710003 0.1630525 0.1786371 0.1279365 0.1673552 0.1921485 0.2017409 0.2555912 0.1651322 0.1234852 0.1805745 0.1584571 0.1264206 0.1905361 0.1376331 0.0606293 0.1866617 0.2068420 0.1678150 0.1403518 0.1585156 0.0000000 0.1553247 0.0378630 0.1963276 0.1710998 0.1981090 0.1733776 0.0596917 0.1923953 0.2022084 0.1824556 0.1586051 0.1476549 0.1494183 0.1263990 0.1260630 0.2125755 0.1629777 0.1154456 0.1749922 0.0756174 0.1723507 0.2286672 0.1938508 0.2098238 0.1227392 0.1566621 0.2120617 0.1897504 0.2093795 0.1418739 0.1509094 0.1288132 0.1874393 0.1979532 0.1923455 0.2065683 0.1427013 0.2001046 0.2061475 0.1737018 0.1063290 
Perityle_gracilis_11                       0.1343542 0.0677019 0.1272866 0.3122411 0.1046957 0.1507976 0.1272800 0.2859907 0.1392450 0.1204836 0.0534705 0.0653492 0.0985980 0.0254416 0.1180261 0.0608049 0.1040051 0.1216570 0.0523163 0.0552307 0.0268141 0.1057379 0.0881686 0.0635281 0.0485657 0.0675432 0.1118761 0.1741559 0.1165648 0.0875952 0.1275994 0.1492397 0.0901659 0.0572951 0.0469290 0.1692529 0.0606665 0.1572664 0.0900119 0.0410718 0.0797623 0.1553247 0.0000000 0.1180317 0.1599784 0.0411389 0.0295746 0.0110327 0.1591259 0.0672254 0.0565043 0.0658910 0.0680675 0.0252010 0.1279211 0.0645135 0.0433238 0.0262913 0.0053808 0.0904332 0.1793336 0.0304774 0.0500533 0.1714861 0.1023936 0.1062310 0.0372412 0.0551315 0.0919743 0.1171506 0.0599880 0.0227297 0.0466584 0.0862873 0.1002243 0.1548432 0.0541070 0.1190783 0.1195138 0.0442022 0.1288020 0.1107649 0.0726489 
Perityle_harkerae_31                       0.1575989 0.1007744 0.1459743 0.3274069 0.1337992 0.2192865 0.1249704 0.3854089 0.1381115 0.1707419 0.1424421 0.1528224 0.1393802 0.0987059 0.2561028 0.1352955 0.1387249 0.1227329 0.1347142 0.1341611 0.1491237 0.1624800 0.1323159 0.1277969 0.1406753 0.1329920 0.1517898 0.2435660 0.1469523 0.1186311 0.1382738 0.1410513 0.1242509 0.1519119 0.1176160 0.0474485 0.1695760 0.1341701 0.1720302 0.1069026 0.1326240 0.0378630 0.1180317 0.0000000 0.1500801 0.1169789 0.1311086 0.1178981 0.0214729 0.1578518 0.1431729 0.1613297 0.1301052 0.1168540 0.1396914 0.1282432 0.1284390 0.1431281 0.1167616 0.1024202 0.1465613 0.0731486 0.1270078 0.2328506 0.1470748 0.1779801 0.1253708 0.1231389 0.1343364 0.1777365 0.1737539 0.1141129 0.1298018 0.1214756 0.1378740 0.1709188 0.1408237 0.1671931 0.1335340 0.1615972 0.1538866 0.1038923 0.1091940 
Perityle_hofmeisteria_4_nombre_de_dios     0.2020456 0.1054640 0.1983217 0.3447116 0.1608758 0.2769497 0.1500360 0.4215288 0.1873203 0.2608751 0.2006915 0.1961131 0.2177190 0.1376447 0.3167756 0.1574189 0.1321042 0.1260191 0.1978879 0.1447525 0.1702382 0.1797782 0.2191019 0.1283249 0.1912797 0.2208662 0.1992875 0.2752088 0.1547753 0.1175802 0.1975570 0.1643866 0.1068656 0.2029680 0.1361675 0.2252344 0.1927310 0.0809606 0.1802612 0.1436543 0.1971736 0.1963276 0.1599784 0.1500801 0.0000000 0.1606947 0.2175000 0.1729733 0.2095309 0.2081196 0.2132296 0.2025687 0.1851352 0.1375083 0.1629245 0.1168004 0.0983707 0.2075693 0.1335581 0.1056544 0.2125114 0.0868622 0.1789444 0.2549821 0.2120168 0.2278677 0.0903318 0.1868195 0.2378139 0.1793038 0.2351246 0.1506463 0.1803144 0.1433657 0.1982792 0.2069395 0.1976808 0.2341666 0.1330411 0.2212892 0.2102252 0.1607935 0.0796270 
