84
Amauria_brandeegeana_62                    0.0000000 0.2702361 0.0909976 0.3178014 0.2744722 0.2448352 0.2206701 0.4076253 0.0763758 0.2514790 0.2421040 0.2826163 0.2341789 0.2363842 0.2459024 0.2933286 0.2086001 0.3959915 0.2878635 0.2730957 0.2523873 0.2385984 0.2309467 0.2582691 0.2340917 0.2104780 0.4176606 0.2109935 0.1575940 0.2867207 0.2856158 0.0902582 0.2293320 0.1278669 0.2767251 0.3068032 0.2461534 0.2473114 0.2408086 0.2543926 0.3026532 0.2465881 0.2614369 0.3272380 0.2706495 0.2522303 0.2565206 0.2788028 0.2535141 0.2528959 0.2566376 0.2396565 0.1639637 0.2178286 0.1460012 0.1157149 0.2450643 0.2425285 0.2041880 0.1899200 0.2326224 0.1125782 0.2724075 0.3878938 0.2461866 0.3025666 0.2847994 0.1439163 0.2351835 0.2370309 0.2118872 0.2388543 0.1706624 0.2463446 0.1346048 0.2610400 0.2809528 0.2605256 0.1061842 0.1610032 0.2608405 0.1999366 0.2381359 0.2250293 
Amauria_carterae_99_mesa                   0.2702361 0.0000000 0.3464621 0.4516271 0.3790757 0.5338754 0.3785581 0.6849364 0.3752906 0.4292214 0.4007190 0.3765843 0.3944128 0.4073501 0.4005707 0.3837901 0.2730049 0.4099621 0.3755217 0.3928725 0.4147754 0.3833077 0.3843536 0.4065877 0.4128189 0.4216808 0.5440816 0.2671807 0.2339643 0.4583004 0.4169451 0.3752906 0.4059506 0.3982419 0.4888495 0.3972546 0.4659862 0.4035978 0.3864516 0.4016950 0.4564571 0.3682332 0.3691394 0.5149157 0.4007738 0.4103962 0.4086907 0.4770464 0.4023674 0.4044351 0.4056179 0.4176040 0.4054049 0.4267995 0.2833447 0.3777148 0.3855934 0.4164613 0.4719500 0.2889277 0.4859987 0.1928205 0.3925643 0.5404225 0.4135799 0.4115656 0.4296840 0.2400343 0.4047337 0.3833077 0.4177806 0.3930294 0.3999478 0.4195890 0.3317717 0.4102166 0.4685201 0.3922300 0.1157289 0.3593743 0.3953042 0.3982419 0.2154048 0.2744970 
Amauria_rotundifolia_SRR9119150            0.0909976 0.3464621 0.0000000 0.2153032 0.2752070 0.2660936 0.2165457 0.4828763 0.0873351 0.3752258 0.3057544 0.2499055 0.3000357 0.3180430 0.1779930 0.3112259 0.2193838 0.3295020 0.2657829 0.3083152 0.2811564 0.2889037 0.2351398 0.3061208 0.2938260 0.3096802 0.5157712 0.1200658 0.1258216 0.4458822 0.1933189 0.0736526 0.2760737 0.2889124 0.1555367 0.3149652 0.2876168 0.1836569 0.3034131 0.2808788 0.1722502 0.1955785 0.1690300 0.3834381 0.3169444 0.3119685 0.3113976 0.1788293 0.2950570 0.3188122 0.3129959 0.2797169 0.2927983 0.2564663 0.1121021 0.2421369 0.2467761 0.3056416 0.2783030 0.1667690 0.3113550 0.0978401 0.2973863 0.5034660 0.3109452 0.3327457 0.3383688 0.1392495 0.2744396 0.2806266 0.3216663 0.3140760 0.2933254 0.3095116 0.1464997 0.3479103 0.2134797 0.3178449 0.1060171 0.1499939 0.3159378 0.2815438 0.1999859 0.1255493 
Conoclinium_coelestinum_SRR9119114         0.3178014 0.4516271 0.2153032 0.0000000 0.3824387 0.1770156 0.2505526 0.4096008 0.2164004 0.3844945 0.3588468 0.3151323 0.3534259 0.2788227 0.3647964 0.3323557 0.3116746 0.4441353 0.3303193 0.3671455 0.3826027 0.3752450 0.3100460 0.4105757 0.4045265 0.3809122 0.6532440 0.3280221 0.2879195 0.3614234 0.4150732 0.2760700 0.3678950 0.2268451 0.4098392 0.3203025 0.4080485 0.3927380 0.3694423 0.3852138 0.3844320 0.3273310 0.3513517 0.4850307 0.3746692 0.4186397 0.4122154 0.4030514 0.3611314 0.3680595 0.3358554 0.3755687 0.2054506 0.2880402 0.2050015 0.2074595 0.3689463 0.3745859 0.2879088 0.2737735 0.3119109 0.1978177 0.4187513 0.5701335 0.4023045 0.3833508 0.4053579 0.2297923 0.3101545 0.3666665 0.3236879 0.3632560 0.2287061 0.3418809 0.1750587 0.3484208 0.4042529 0.3993623 0.1820988 0.2654182 0.4014326 0.3762317 0.3323537 0.4071778 
Eutetras_palmeri_63                        0.2744722 0.3790757 0.2752070 0.3824387 0.0000000 0.3420436 0.2031019 0.4784956 0.2589861 0.2428684 0.2661790 0.2218343 0.2307145 0.2071507 0.3756889 0.2480892 0.2940672 0.3765180 0.2475457 0.2564163 0.2672197 0.2547892 0.2935734 0.2746874 0.3046474 0.2696167 0.5588961 0.2387282 0.1574601 0.4635882 0.4786721 0.3017680 0.2582685 0.1621270 0.4539491 0.2605526 0.3103371 0.3607888 0.2520560 0.2612095 0.4005970 0.1927722 0.2917920 0.3563644 0.2728119 0.2814403 0.2760653 0.4463164 0.2714403 0.2587670 0.2547108 0.2829857 0.1281425 0.2296329 0.1512660 0.1474735 0.2526032 0.2741627 0.2065605 0.1562754 0.2813987 0.0624663 0.2779120 0.5648180 0.2859609 0.2753507 0.2647897 0.1109311 0.3013337 0.2518481 0.2470910 0.2704761 0.1566496 0.2802612 0.0950474 0.2750088 0.4372234 0.2770975 0.0690488 0.1934024 0.2717282 0.2967165 0.2732125 0.2859358 
Eutrochium_fistulosum_SRR9119106           0.2448352 0.5338754 0.2660936 0.1770156 0.3420436 0.0000000 0.2408230 0.4635417 0.2652986 0.4384997 0.3863621 0.3483457 0.4105076 0.3764857 0.2987629 0.3759183 0.3131243 0.4389243 0.3760230 0.3970373 0.4029250 0.3805982 0.3605350 0.3742986 0.3996391 0.3920577 0.5660699 0.2750882 0.3336881 0.5361440 0.3150536 0.2687340 0.3937574 0.4069547 0.3246061 0.3898794 0.4224825 0.2990364 0.3968216 0.3888093 0.3422533 0.2725522 0.2672934 0.4780411 0.3816616 0.3772665 0.3908455 0.3356797 0.4019047 0.3921794 0.3780330 0.4047624 0.3847235 0.3681584 0.2167732 0.3885934 0.3296652 0.3779811 0.3861805 0.2698343 0.4204880 0.1963797 0.3831386 0.5547026 0.4008527 0.3725241 0.4104758 0.2180194 0.3653994 0.3805982 0.4417011 0.3978059 0.3640063 0.3749761 0.2173478 0.3645855 0.3416093 0.4061804 0.1592364 0.2826039 0.3810502 0.4069547 0.2818050 0.2556638 
Galeana_pratensis_104_mex                  0.2206701 0.3785581 0.2165457 0.2505526 0.2031019 0.2408230 0.0000000 0.3148315 0.2086485 0.1975515 0.1882173 0.1763926 0.2023206 0.1936529 0.2055034 0.1830156 0.3025425 0.3035822 0.1938689 0.1829504 0.1828224 0.1950567 0.2071637 0.1717370 0.2307274 0.2095480 0.3021100 0.2219077 0.2517385 0.3020329 0.2247612 0.2086485 0.1843825 0.2029202 0.2286799 0.1869151 0.2100926 0.2021287 0.1989891 0.1912676 0.2135638 0.1830356 0.2331259 0.2394076 0.1871037 0.1831962 0.1754974 0.2298309 0.1951568 0.2030672 0.1681051 0.2392554 0.2056720 0.2178883 0.2175121 0.2086259 0.1706456 0.1669783 0.2276388 0.2215903 0.2225344 0.1936432 0.1877177 0.2964733 0.2313997 0.2095397 0.2090010 0.1667350 0.1883471 0.1950567 0.2259830 0.1740413 0.1791430 0.1711100 0.1648860 0.2240338 0.2193016 0.2081083 0.1699010 0.2316289 0.1739890 0.2029202 0.2143994 0.1920162 
Helianthus_annuus_SRR9119062               0.4076253 0.6849364 0.4828763 0.4096008 0.4784956 0.4635417 0.3148315 0.0000000 0.4386785 0.5503832 0.5066745 0.4970125 0.5006303 0.4850459 0.5645196 0.4844796 0.3773142 0.5568350 0.4956345 0.5354172 0.5020287 0.5204416 0.4545421 0.5080325 0.5114352 0.4795753 0.7035968 0.3503914 0.2972794 0.5618539 0.5497827 0.4865991 0.5227849 0.4307837 0.5590122 0.5021523 0.4961239 0.5464649 0.5244102 0.5153708 0.5947297 0.4385483 0.4162787 0.5792348 0.5313075 0.5255914 0.5265948 0.5424453 0.5191408 0.5020508 0.4941857 0.5045066 0.3997362 0.4307118 0.2770417 0.3871353 0.4574208 0.5025597 0.4635967 0.2904339 0.4869805 0.2531481 0.5298349 0.6484862 0.5162836 0.4758835 0.5220945 0.2396571 0.4677161 0.5204416 0.4612912 0.5031562 0.4447971 0.4998592 0.2844150 0.4677838 0.5697836 0.5359518 0.2281659 0.3268659 0.5120285 0.4828356 0.4314604 0.4416477 
Lycapsus_tenuifolius_17                    0.0763758 0.3752906 0.0873351 0.2164004 0.2589861 0.2652986 0.2086485 0.4386785 0.0000000 0.3377911 0.3061354 0.2618777 0.3128525 0.3000321 0.2231184 0.3101886 0.2060464 0.3220428 0.2620606 0.3023540 0.2864558 0.2976550 0.2335525 0.3063151 0.2820661 0.2926026 0.4720857 0.1209774 0.1321557 0.4204752 0.2311329 0.0013531 0.2837962 0.2639381 0.1591335 0.3175390 0.2842798 0.2222516 0.3137926 0.2857552 0.1933375 0.2008910 0.1488466 0.3709879 0.3104345 0.2991579 0.3107351 0.1859354 0.3092039 0.3149449 0.3112445 0.2579923 0.2831999 0.2451320 0.1196488 0.2356943 0.2514228 0.3126652 0.2850292 0.1522156 0.3000597 0.0881072 0.3077676 0.4602298 0.3021312 0.3043902 0.3158657 0.1165164 0.2706797 0.2851644 0.2942507 0.3120681 0.2947202 0.3101184 0.1395660 0.3593577 0.2113758 0.3162118 0.0919240 0.1427475 0.3114171 0.2474019 0.1961595 0.1284630 
Pericome_caudata_50_silver                 0.2514790 0.4292214 0.3752258 0.3844945 0.2428684 0.4384997 0.1975515 0.5503832 0.3377911 0.0000000 0.3181699 0.2805873 0.2787870 0.2228560 0.4612348 0.3416502 0.3093748 0.4162370 0.2799812 0.2619697 0.2949422 0.3465393 0.3264627 0.2953018 0.3664122 0.3855571 0.5707041 0.2360505 0.1714941 0.4593356 0.5499978 0.3264503 0.2966479 0.2314464 0.5137443 0.2906574 0.4287817 0.4879027 0.3116677 0.3087782 0.4535423 0.2203994 0.2868033 0.3922537 0.2847001 0.3024419 0.2830969 0.5363892 0.2735816 0.2722395 0.2867453 0.4167245 0.1762673 0.2516532 0.1724375 0.1949065 0.2294398 0.2586160 0.2335257 0.1353696 0.2762196 0.0658663 0.3321181 0.5619175 0.3062825 0.3454649 0.3695100 0.1061044 0.3416075 0.2814688 0.2789658 0.2857476 0.1793187 0.2752976 0.0921740 0.3459554 0.6065345 0.3880539 0.0780017 0.2132853 0.3051455 0.3368397 0.2721760 0.2910103 
Perityle_aglossa_84_dead_horse             0.2421040 0.4007190 0.3057544 0.3588468 0.2661790 0.3863621 0.1882173 0.5066745 0.3061354 0.3181699 0.0000000 0.1700174 0.1609778 0.1285174 0.3967933 0.2027078 0.2925265 0.4166741 0.1711881 0.1934470 0.2184469 0.2469313 0.2412369 0.2044259 0.3247234 0.3073344 0.6470610 0.1942899 0.1400468 0.4554207 0.4998311 0.2906468 0.2151932 0.1608126 0.5216931 0.1734615 0.4093632 0.4442669 0.2033964 0.1990362 0.4343945 0.1028349 0.2671068 0.3926037 0.1607112 0.1786990 0.1579772 0.5296664 0.1967600 0.1534175 0.0848575 0.3459122 0.0620205 0.2092836 0.1317169 0.1335359 0.1717517 0.1794537 0.2285340 0.1420666 0.2729253 0.0552709 0.1782798 0.6111404 0.2700024 0.3385861 0.3656737 0.0567377 0.2293979 0.2046567 0.2459355 0.2089530 0.0661670 0.1714419 0.0353845 0.2965562 0.5609450 0.2544882 0.0123274 0.1730592 0.1684210 0.2546546 0.2582882 0.2301545 
Perityle_ajoensis_204                      0.2826163 0.3765843 0.2499055 0.3151323 0.2218343 0.3483457 0.1763926 0.4970125 0.2618777 0.2805873 0.1700174 0.0000000 0.1319153 0.1314593 0.3225056 0.1691680 0.2946111 0.4027260 0.1865482 0.1719086 0.1487805 0.1819518 0.1969912 0.1455417 0.2984220 0.2656370 0.4829427 0.2597392 0.1382503 0.4217223 0.4216844 0.2908402 0.1621189 0.1315469 0.4424617 0.1976783 0.3192226 0.3224943 0.1485720 0.1409222 0.3814956 0.1176376 0.2907998 0.3253925 0.1622283 0.1320756 0.1315561 0.4518187 0.1461984 0.1518884 0.1531796 0.2956214 0.0422638 0.2521140 0.1257345 0.1215499 0.1402159 0.1462765 0.1987979 0.1325295 0.2596688 0.0578132 0.1421998 0.4753119 0.2730290 0.2980219 0.2863206 0.0559539 0.1900939 0.1530682 0.2399531 0.1507217 0.0340140 0.1373188 0.0173655 0.2435302 0.4382920 0.1871329 0.0164268 0.1600850 0.1359113 0.2240363 0.2818400 0.2145432 
Perityle_ambrosiifolia_67_green            0.2341789 0.3944128 0.3000357 0.3534259 0.2307145 0.4105076 0.2023206 0.5006303 0.3128525 0.2787870 0.1609778 0.1319153 0.0000000 0.0970271 0.3866254 0.1608296 0.2804143 0.3823195 0.1450010 0.1679181 0.1678127 0.1322159 0.1842631 0.1369788 0.2698182 0.2583425 0.5924689 0.2127935 0.1406801 0.4490429 0.5081667 0.3130853 0.1523288 0.1494494 0.4932469 0.1579042 0.3085180 0.4174997 0.1163488 0.1547477 0.4268579 0.1210905 0.2656033 0.3852172 0.1426247 0.1279707 0.1224684 0.5146239 0.1414009 0.1316893 0.1557343 0.2652105 0.0364220 0.2366937 0.1338528 0.1268355 0.1531146 0.1552333 0.2223981 0.1641561 0.2791473 0.0590567 0.1767090 0.5955643 0.2464104 0.3016278 0.2950999 0.0834141 0.2038501 0.1274218 0.2348574 0.1557549 0.0595849 0.1444012 0.0356202 0.2952962 0.5188305 0.1555141 0.0436244 0.1766194 0.1272163 0.2327591 0.2744399 0.2161325 
Perityle_angustifolia_13_Eagle_creek       0.2363842 0.4073501 0.3180430 0.2788227 0.2071507 0.3764857 0.1936529 0.4850459 0.3000321 0.2228560 0.1285174 0.1314593 0.0970271 0.0000000 0.3513397 0.1234126 0.2864224 0.3875641 0.1048690 0.1598398 0.1208900 0.0997613 0.1304194 0.1350194 0.1876883 0.2023654 0.5080548 0.2207256 0.1444241 0.4565443 0.4152531 0.3316293 0.1327588 0.1591516 0.3997457 0.1287854 0.2583607 0.3750778 0.1042080 0.1161810 0.4185976 0.1512964 0.2389451 0.2735686 0.1030272 0.1258915 0.1290189 0.4320291 0.1275994 0.1173524 0.0908801 0.1734883 0.0470443 0.2174822 0.1197604 0.1203035 0.1266858 0.1268778 0.2264135 0.1562124 0.2746689 0.0576682 0.1096036 0.4935650 0.1768563 0.2239068 0.2273670 0.0983989 0.1463133 0.0998906 0.2345397 0.1292449 0.0878139 0.1231509 0.0509581 0.2222973 0.4280331 0.1114389 0.0644590 0.1850577 0.1289438 0.1728480 0.2900530 0.1644116 
Perityle_batopilensis_97                   0.2459024 0.4005707 0.1779930 0.3647964 0.3756889 0.2987629 0.2055034 0.5645196 0.2231184 0.4612348 0.3967933 0.3225056 0.3866254 0.3513397 0.0000000 0.4214328 0.2859404 0.3965710 0.3460662 0.4038460 0.3298425 0.3415043 0.3897051 0.3808653 0.4406632 0.4363470 0.6250893 0.2062194 0.1256806 0.5326120 0.3387705 0.2198365 0.3233807 0.3570150 0.3188921 0.4064212 0.4314159 0.0487724 0.3402058 0.3293853 0.2814663 0.2207498 0.2777710 0.4862067 0.3892993 0.3959238 0.3960329 0.3224443 0.3285997 0.3959284 0.3809292 0.4292547 0.2883100 0.3227491 0.1261566 0.2845251 0.2290477 0.3261496 0.2811649 0.1399512 0.3265871 0.0443823 0.3739414 0.6050592 0.4449454 0.4126526 0.4827543 0.1128797 0.4394404 0.3049763 0.3999796 0.3643067 0.2932965 0.3246780 0.1066518 0.4317988 0.3560757 0.4363355 0.0686461 0.1517787 0.4078758 0.4237543 0.2673190 0.2729128 
Perityle_bisetosa_9                        0.2933286 0.3837901 0.3112259 0.3323557 0.2480892 0.3759183 0.1830156 0.4844796 0.3101886 0.3416502 0.2027078 0.1691680 0.1608296 0.1234126 0.4214328 0.0000000 0.2917931 0.3980402 0.0631503 0.1915097 0.2113034 0.2245772 0.2357649 0.1742165 0.3494530 0.2760491 0.5712709 0.2609439 0.1451998 0.4506563 0.5853122 0.3260805 0.2440888 0.1614321 0.5087968 0.0373744 0.4095740 0.4575850 0.1952063 0.1860971 0.4562611 0.1485440 0.2913492 0.3955165 0.1635864 0.1860943 0.1532631 0.5245082 0.2061342 0.1409682 0.1926547 0.3316632 0.0382840 0.2713192 0.1179313 0.1273962 0.1698411 0.1679349 0.2242395 0.1533438 0.2949111 0.0732473 0.1982445 0.5578070 0.2798351 0.3601778 0.3653985 0.0665275 0.2259750 0.2104306 0.2509931 0.1904333 0.0545274 0.1537075 0.0221427 0.3241465 0.6022895 0.2255840 0.0289843 0.1773349 0.1705650 0.2520197 0.2677702 0.2821115 
Perityle_californica_76_positas            0.2086001 0.2730049 0.2193838 0.3116746 0.2940672 0.3131243 0.3025425 0.3773142 0.2060464 0.3093748 0.2925265 0.2946111 0.2804143 0.2864224 0.2859404 0.2917931 0.0000000 0.3060837 0.2695479 0.3014233 0.2989528 0.2783219 0.2299268 0.3020333 0.2104601 0.2548793 0.2871534 0.2275066 0.1919333 0.1134801 0.2279994 0.2099012 0.2958927 0.1986738 0.2602886 0.2959385 0.2370536 0.2831064 0.2819191 0.2945297 0.2597980 0.2913753 0.2657872 0.3157511 0.2992901 0.2986884 0.3088307 0.2438751 0.2954335 0.3030941 0.2857391 0.2161876 0.2432752 0.2522321 0.2242103 0.2005963 0.2890127 0.2889588 0.3183772 0.2232855 0.2797444 0.1914163 0.2746881 0.2889429 0.2142359 0.3033652 0.2863724 0.2081455 0.2372300 0.2783219 0.2213443 0.2919540 0.2675289 0.3105183 0.2351577 0.2859986 0.2431205 0.3045652 0.1645164 0.2516167 0.3089602 0.1986738 0.1958266 0.2684257 
Perityle_canescens_77                      0.3959915 0.4099621 0.3295020 0.4441353 0.3765180 0.4389243 0.3035822 0.5568350 0.3220428 0.4162370 0.4166741 0.4027260 0.3823195 0.3875641 0.3965710 0.3980402 0.3060837 0.0000000 0.3625322 0.4157810 0.4276007 0.3727467 0.3499142 0.4088265 0.3697932 0.3915879 0.3260616 0.3760539 0.2496442 0.4001611 0.3766241 0.3887053 0.4087141 0.3409169 0.3621442 0.4007781 0.3405233 0.3965189 0.3846960 0.4033708 0.3488192 0.4022727 0.3376197 0.3756729 0.4050357 0.4028825 0.4041433 0.3557728 0.4173893 0.4187054 0.4000360 0.3617489 0.3244008 0.3206674 0.3307234 0.2952790 0.4042689 0.4090964 0.3409439 0.1710365 0.3640062 0.2113535 0.3991580 0.3298885 0.3786167 0.3516007 0.3888996 0.1911266 0.3540585 0.3727467 0.3725993 0.4140280 0.3591381 0.4065465 0.3341242 0.3663242 0.3807414 0.4012396 0.1680976 0.2914249 0.4017991 0.3915328 0.1611364 0.3927280 
Perityle_castillonii_96                    0.2878635 0.3755217 0.2657829 0.3303193 0.2475457 0.3760230 0.1938689 0.4956345 0.2620606 0.2799812 0.1711881 0.1865482 0.1450010 0.1048690 0.3460662 0.0631503 0.2695479 0.3625322 0.0000000 0.2049210 0.1657128 0.1442746 0.1967093 0.1753809 0.2939383 0.2488029 0.5546825 0.2457757 0.1409949 0.4254215 0.4866757 0.2949015 0.1928536 0.1385917 0.4483883 0.0757473 0.3170750 0.3545604 0.1464171 0.1417170 0.4154851 0.1538451 0.2776826 0.3113320 0.1882776 0.1822786 0.1816047 0.4703498 0.1733213 0.1577228 0.1724366 0.2571168 0.0376875 0.2467970 0.1198014 0.1216829 0.1680110 0.1720697 0.2091449 0.1410601 0.2550689 0.0576147 0.1855440 0.5180327 0.2891101 0.2922937 0.3040401 0.0727220 0.2099102 0.1442746 0.2473646 0.1696693 0.0563508 0.1739193 0.0351280 0.2844906 0.4981047 0.1756213 0.0467751 0.1736004 0.1781915 0.2567388 0.2498747 0.2741833 
Perityle_cernua_84                         0.2730957 0.3928725 0.3083152 0.3671455 0.2564163 0.3970373 0.1829504 0.5354172 0.3023540 0.2619697 0.1934470 0.1719086 0.1679181 0.1598398 0.4038460 0.1915097 0.3014233 0.4157810 0.2049210 0.0000000 0.1798065 0.1890123 0.2447859 0.1850520 0.2402767 0.2249113 0.5851823 0.2211463 0.1484673 0.4585600 0.4447514 0.3271639 0.1698833 0.1371526 0.4569864 0.2060466 0.2862054 0.4092668 0.1899061 0.1869679 0.4780452 0.1433801 0.2877293 0.3095194 0.1918306 0.1842582 0.1818429 0.4881667 0.1860493 0.1858528 0.1764965 0.2353399 0.0923037 0.2361253 0.1427138 0.1245443 0.1893512 0.1928735 0.2086311 0.1355494 0.2886906 0.0569647 0.1829374 0.5850875 0.2408693 0.2625628 0.2768135 0.0590455 0.2377382 0.1880048 0.2537074 0.1843537 0.1012826 0.1914602 0.0306523 0.3248290 0.5059017 0.2326718 0.0205399 0.1798931 0.1874191 0.2377586 0.2865542 0.2619517 
Perityle_cfvillosa_25_tin                  0.2523873 0.4147754 0.2811564 0.3826027 0.2672197 0.4029250 0.1828224 0.5020287 0.2864558 0.2949422 0.2184469 0.1487805 0.1678127 0.1208900 0.3298425 0.2113034 0.2989528 0.4276007 0.1657128 0.1798065 0.0000000 0.2171193 0.2470910 0.1507164 0.3165539 0.2742845 0.6032902 0.2153002 0.1463063 0.4579362 0.4796239 0.3113751 0.1909147 0.1409291 0.5026177 0.1934484 0.3688362 0.3497118 0.1874882 0.0592275 0.4203398 0.0967007 0.3043530 0.3773363 0.1815894 0.1504045 0.1157539 0.4949932 0.1676814 0.1630026 0.1973915 0.3204510 0.0532559 0.2255715 0.1270724 0.1227819 0.0253723 0.0373347 0.2116717 0.1580164 0.2788232 0.0736972 0.1789793 0.5407945 0.2722746 0.3223205 0.3356359 0.0671089 0.2391095 0.1793599 0.2547245 0.0576873 0.0193545 0.1406492 0.0215194 0.2772463 0.5268558 0.2548313 0.0288387 0.1779494 0.1387485 0.2681984 0.2850420 0.2667145 
Perityle_coahuilensis_24                   0.2385984 0.3833077 0.2889037 0.3752450 0.2547892 0.3805982 0.1950567 0.5204416 0.2976550 0.3465393 0.2469313 0.1819518 0.1322159 0.0997613 0.3415043 0.2245772 0.2783219 0.3727467 0.1442746 0.1890123 0.2171193 0.0000000 0.2374519 0.2327436 0.3364553 0.3061256 0.5952346 0.2128996 0.1347411 0.4349050 0.5257018 0.3019973 0.1196981 0.1578360 0.5334185 0.1796973 0.4328784 0.3859611 0.0160409 0.1984914 0.4196864 0.1265627 0.2990071 0.4004845 0.1885778 0.2170301 0.1492797 0.5326701 0.0928156 0.1551182 0.1867467 0.3407013 0.0423068 0.2272842 0.1148955 0.1071142 0.1373567 0.1552772 0.2040382 0.1432597 0.2667356 0.0389383 0.2029030 0.5866026 0.2690494 0.3223349 0.3442717 0.0929064 0.2504946 0.0082499 0.2524004 0.2393576 0.0449395 0.0806802 0.0426126 0.3062962 0.5933777 0.2826633 0.0556948 0.1652580 0.1861086 0.2764181 0.2503338 0.2464559 
Perityle_cochisensis_44_cave_creek         0.2309467 0.3843536 0.2351398 0.3100460 0.2935734 0.3605350 0.2071637 0.4545421 0.2335525 0.3264627 0.2412369 0.1969912 0.1842631 0.1304194 0.3897051 0.2357649 0.2299268 0.3499142 0.1967093 0.2447859 0.2470910 0.2374519 0.0000000 0.1943629 0.3349923 0.2664759 0.5572705 0.2138492 0.1479800 0.3873906 0.4741742 0.2723280 0.2508191 0.1002059 0.5004294 0.2319614 0.3692489 0.3868249 0.2348301 0.2188806 0.4133877 0.1595796 0.2949426 0.4426453 0.2349777 0.1933822 0.1905660 0.5125829 0.2319839 0.2031302 0.2456899 0.2921581 0.0553225 0.2325298 0.0930254 0.1026694 0.1998065 0.2262370 0.2088482 0.1592776 0.2812656 0.0627549 0.2446574 0.5063292 0.2618387 0.3575555 0.4321466 0.0838980 0.0567522 0.2339417 0.2272430 0.2268127 0.0736576 0.2331910 0.0403631 0.2973623 0.4839118 0.2433067 0.0424498 0.1491772 0.1901513 0.2406832 0.2433851 0.2897433 
Perityle_congesta_202                      0.2582691 0.4065877 0.3061208 0.4105757 0.2746874 0.3742986 0.1717370 0.5080325 0.3063151 0.2953018 0.2044259 0.1455417 0.1369788 0.1350194 0.3808653 0.1742165 0.3020333 0.4088265 0.1753809 0.1850520 0.1507164 0.2327436 0.1943629 0.0000000 0.2592158 0.2755450 0.5789503 0.2073680 0.1366029 0.4343460 0.5034592 0.3203187 0.1710835 0.1476036 0.4968421 0.1561658 0.3376463 0.3943197 0.1530381 0.1584436 0.4557478 0.1058473 0.3012849 0.3539305 0.1635676 0.0462484 0.0261544 0.4922844 0.1597177 0.1440151 0.1632801 0.3207417 0.0428788 0.2231315 0.1174775 0.1241212 0.1390100 0.1205309 0.2177819 0.1544813 0.2858740 0.0637183 0.1902637 0.5813701 0.2796309 0.3097809 0.3131082 0.0631307 0.1913623 0.1566820 0.2556104 0.1753425 0.0417017 0.1370851 0.0106911 0.3152920 0.5375119 0.2293104 0.0247066 0.1721917 0.0250474 0.2594617 0.2832836 0.2344865 
Perityle_cordifolia_27                     0.2340917 0.4128189 0.2938260 0.4045265 0.3046474 0.3996391 0.2307274 0.5114352 0.2820661 0.3664122 0.3247234 0.2984220 0.2698182 0.1876883 0.4406632 0.3494530 0.2104601 0.3697932 0.2939383 0.2402767 0.3165539 0.3364553 0.3349923 0.2592158 0.0000000 0.2651092 0.6227074 0.2220585 0.1472391 0.3972618 0.5478758 0.2873138 0.3227819 0.0960416 0.5331514 0.3159524 0.2200319 0.4696110 0.3081128 0.2953748 0.4254569 0.1995461 0.2966519 0.4358647 0.2943560 0.2507613 0.2605283 0.5298517 0.3405024 0.2983589 0.3031788 0.2317990 0.1127990 0.2287615 0.0936078 0.0408867 0.2646152 0.2765263 0.2119495 0.1283732 0.2690632 0.0310587 0.3149599 0.5970413 0.1894222 0.3504570 0.4255018 0.1155631 0.3280539 0.3145754 0.2622478 0.2996072 0.1398077 0.3132393 0.0859190 0.3417697 0.6004881 0.3444654 0.0731431 0.1282880 0.2468000 0.2369350 0.2145928 0.2817848 
Perityle_cordifolia_68_tecolote            0.2104780 0.4216808 0.3096802 0.3809122 0.2696167 0.3920577 0.2095480 0.4795753 0.2926026 0.3855571 0.3073344 0.2656370 0.2583425 0.2023654 0.4363470 0.2760491 0.2548793 0.3915879 0.2488029 0.2249113 0.2742845 0.3061256 0.2664759 0.2755450 0.2651092 0.0000000 0.6032262 0.2042560 0.1493077 0.4192285 0.5360915 0.2964766 0.2364459 0.1335020 0.5133394 0.2429898 0.3786028 0.4572544 0.2665116 0.2890946 0.4496183 0.1748939 0.2873409 0.4476123 0.2827603 0.2737964 0.2618897 0.5526917 0.2635104 0.2684190 0.2482071 0.3086002 0.1370806 0.2673555 0.0292778 0.1215912 0.2382515 0.2580344 0.2765858 0.1650817 0.3338792 0.0582140 0.2830361 0.5782446 0.2510465 0.3662872 0.3615248 0.1317401 0.2785441 0.2654263 0.2837767 0.2999927 0.1632748 0.2665195 0.0678972 0.3644927 0.5747386 0.3176997 0.0826607 0.1548757 0.2658711 0.2637891 0.2624707 0.2658769 
Perityle_coronopifolia_28_patagonia        0.4176606 0.5440816 0.5157712 0.6532440 0.5588961 0.5660699 0.3021100 0.7035968 0.4720857 0.5707041 0.6470610 0.4829427 0.5924689 0.5080548 0.6250893 0.5712709 0.2871534 0.3260616 0.5546825 0.5851823 0.6032902 0.5952346 0.5572705 0.5789503 0.6227074 0.6032262 0.0000000 0.3603300 0.2398931 0.4741483 0.6896840 0.5203501 0.5643317 0.4567375 0.6395818 0.5966497 0.5892118 0.6137483 0.5894454 0.6034485 0.5796467 0.4832690 0.3765467 0.6011857 0.5762664 0.5884167 0.5715757 0.6260614 0.6275775 0.6122441 0.6058485 0.5953906 0.4651077 0.4056012 0.3051483 0.3670448 0.5376916 0.5785805 0.4099082 0.1744330 0.4600122 0.1881859 0.5781486 0.1857714 0.6292313 0.6251429 0.5800475 0.2403196 0.5517910 0.5849689 0.5316705 0.5859543 0.4749310 0.6059192 0.3321579 0.5685223 0.6600993 0.6100227 0.1229710 0.2700594 0.5739684 0.6264417 0.1763737 0.4596013 
Perityle_crassifolia_70_ventanas           0.2109935 0.2671807 0.1200658 0.3280221 0.2387282 0.2750882 0.2219077 0.3503914 0.1209774 0.2360505 0.1942899 0.2597392 0.2127935 0.2207256 0.2062194 0.2609439 0.2275066 0.3760539 0.2457757 0.2211463 0.2153002 0.2128996 0.2138492 0.2073680 0.2220585 0.2042560 0.3603300 0.0000000 0.0386888 0.2560013 0.2212329 0.1628028 0.2242153 0.1318920 0.2624919 0.2706504 0.2370681 0.2208872 0.2233131 0.2182581 0.2302418 0.2129011 0.2570675 0.2889760 0.2396569 0.2078879 0.2097794 0.2698820 0.2204830 0.2213110 0.2154784 0.2199048 0.1486807 0.2402945 0.1256066 0.1247366 0.2165254 0.2164929 0.2158611 0.1822225 0.2202527 0.1113295 0.2194116 0.3500138 0.2278262 0.2673314 0.2465683 0.1642005 0.2193363 0.2128996 0.0885707 0.2068450 0.1561396 0.2354916 0.1172375 0.2250619 0.2423559 0.2247528 0.0995275 0.1730126 0.2080635 0.1983007 0.2652971 0.2009101 
Perityle_crassifolia_74_playa_balandra     0.1575940 0.2339643 0.1258216 0.2879195 0.1574601 0.3336881 0.2517385 0.2972794 0.1321557 0.1714941 0.1400468 0.1382503 0.1406801 0.1444241 0.1256806 0.1451998 0.1919333 0.2496442 0.1409949 0.1484673 0.1463063 0.1347411 0.1479800 0.1366029 0.1472391 0.1493077 0.2398931 0.0386888 0.0000000 0.2030850 0.1396887 0.1321557 0.1462457 0.1295853 0.2213958 0.1498821 0.1608479 0.1298270 0.1379943 0.1431256 0.1757702 0.1396992 0.2144742 0.2057485 0.1464211 0.1398014 0.1363609 0.2047588 0.1400743 0.1434194 0.1351628 0.1571877 0.1428752 0.1789903 0.1475897 0.1309759 0.1432321 0.1432043 0.1851960 0.1937839 0.1871019 0.1264839 0.1300361 0.2437791 0.1506425 0.1654693 0.1827311 0.1639098 0.1566227 0.1347411 0.0642366 0.1416310 0.1427420 0.1601366 0.1554768 0.1868662 0.1948106 0.1476176 0.0947794 0.1958866 0.1415077 0.1295853 0.1880365 0.1314736 
Perityle_cuneata_34_cuneata_San_antonio    0.2867207 0.4583004 0.4458822 0.3614234 0.4635882 0.5361440 0.3020329 0.5618539 0.4204752 0.4593356 0.4554207 0.4217223 0.4490429 0.4565443 0.5326120 0.4506563 0.1134801 0.4001611 0.4254215 0.4585600 0.4579362 0.4349050 0.3873906 0.4343460 0.3972618 0.4192285 0.4741483 0.2560013 0.2030850 0.0000000 0.4742677 0.4292724 0.4536957 0.3902494 0.5022741 0.4594655 0.4366720 0.5359158 0.4339978 0.4562966 0.5083340 0.4040665 0.2990291 0.5183480 0.4430815 0.4290305 0.4417769 0.4868140 0.4604076 0.4480838 0.4430977 0.4075268 0.4279645 0.4193390 0.2726114 0.4027469 0.4226953 0.4521543 0.4782181 0.2249717 0.4636919 0.2056771 0.4453121 0.4637045 0.4070718 0.4671687 0.4833520 0.2197061 0.4048053 0.4349050 0.4155273 0.4612270 0.4392096 0.4655712 0.3159149 0.4423745 0.5068837 0.4503183 0.1688553 0.2965969 0.4442595 0.3902494 0.2156648 0.2829158 
Perityle_cuneata_4                         0.2856158 0.4169451 0.1933189 0.4150732 0.4786721 0.3150536 0.2247612 0.5497827 0.2311329 0.5499978 0.4998311 0.4216844 0.5081667 0.4152531 0.3387705 0.5853122 0.2279994 0.3766241 0.4866757 0.4447514 0.4796239 0.5257018 0.4741742 0.5034592 0.5478758 0.5360915 0.6896840 0.2212329 0.1396887 0.4742677 0.0000000 0.2157821 0.4529835 0.4011955 0.3490647 0.5608605 0.4889611 0.3698875 0.4955660 0.4799302 0.2671007 0.2876407 0.2607445 0.6093465 0.5566446 0.5078268 0.5225243 0.3588131 0.4815913 0.4971678 0.4904849 0.4861209 0.3599270 0.3608667 0.1707488 0.3102206 0.3970388 0.5010161 0.3072805 0.1245511 0.3349449 0.1330706 0.5274319 0.6676355 0.5020789 0.5115422 0.5537655 0.1283594 0.5101275 0.4577755 0.4163097 0.5103735 0.3909003 0.4721674 0.1740098 0.4954450 0.4044258 0.5606979 0.1285937 0.1517037 0.5282334 0.5117332 0.2346362 0.3219588 
Perityle_discoidea_81                      0.0902582 0.3752906 0.0736526 0.2760700 0.3017680 0.2687340 0.2086485 0.4865991 0.0013531 0.3264503 0.2906468 0.2908402 0.3130853 0.3316293 0.2198365 0.3260805 0.2099012 0.3887053 0.2949015 0.3271639 0.3113751 0.3019973 0.2723280 0.3203187 0.2873138 0.2964766 0.5203501 0.1628028 0.1321557 0.4292724 0.2157821 0.0000000 0.3122356 0.2502386 0.1865146 0.3250006 0.3370537 0.2184220 0.3179160 0.3147497 0.2228761 0.2452955 0.1928267 0.3784132 0.3281912 0.3128490 0.3232317 0.2013398 0.3180697 0.3333440 0.3141118 0.2916878 0.2683521 0.2808174 0.1199639 0.2361527 0.2797591 0.3201376 0.2973604 0.1522156 0.3442184 0.0881072 0.3294595 0.4852083 0.3043207 0.3385916 0.3309530 0.1165164 0.3023454 0.3019973 0.3116759 0.3227933 0.2688285 0.3388243 0.1395660 0.3413889 0.2226207 0.3286239 0.0919240 0.1435082 0.3279501 0.2717663 0.2211981 0.1957411 
Perityle_dissecta_201                      0.2293320 0.4059506 0.2760737 0.3678950 0.2582685 0.3937574 0.1843825 0.5227849 0.2837962 0.2966479 0.2151932 0.1621189 0.1523288 0.1327588 0.3233807 0.2440888 0.2958927 0.4087141 0.1928536 0.1698833 0.1909147 0.1196981 0.2508191 0.1710835 0.3227819 0.2364459 0.5643317 0.2242153 0.1462457 0.4536957 0.4529835 0.3122356 0.0000000 0.1193123 0.5115453 0.2156213 0.3793658 0.3283412 0.1068816 0.1791305 0.4062773 0.1293789 0.3004169 0.3827011 0.1833200 0.1766210 0.1587676 0.5248111 0.0991579 0.1594547 0.1945830 0.2835834 0.0790384 0.2338159 0.1342604 0.1209793 0.1344295 0.1648029 0.2421914 0.1495239 0.3093806 0.0654003 0.1779269 0.5541415 0.2545226 0.3440437 0.3283045 0.0568084 0.2459071 0.1008819 0.2403185 0.1918906 0.0542698 0.0927515 0.0286452 0.3026561 0.5142453 0.3045903 0.0082069 0.1726517 0.1705231 0.2560349 0.2724407 0.2661801 
Perityle_emoryi_47_punta_san_jose          0.1278669 0.3982419 0.2889124 0.2268451 0.1621270 0.4069547 0.2029202 0.4307837 0.2639381 0.2314464 0.1608126 0.1315469 0.1494494 0.1591516 0.3570150 0.1614321 0.1986738 0.3409169 0.1385917 0.1371526 0.1409291 0.1578360 0.1002059 0.1476036 0.0960416 0.1335020 0.4567375 0.1318920 0.1295853 0.3902494 0.4011955 0.2502386 0.1193123 0.0000000 0.3444670 0.1500268 0.1738933 0.3738083 0.1497056 0.1465783 0.3785292 0.1355621 0.1713464 0.2617687 0.1609973 0.1603473 0.1806643 0.3709609 0.1570665 0.1584533 0.1352837 0.0854681 0.1053343 0.1658098 0.0750247 0.0667128 0.1511620 0.1583478 0.2336768 0.1343171 0.2756105 0.0406025 0.1473528 0.4555217 0.0741000 0.2130985 0.2362438 0.1198023 0.1148915 0.1344257 0.1705248 0.1617530 0.1394018 0.1592276 0.0622393 0.2489153 0.3752529 0.1656900 0.0597025 0.1247185 0.1478387 0.0000010 0.2153996 0.0769545 
Perityle_feddemae_99                       0.2767251 0.4888495 0.1555367 0.4098392 0.4539491 0.3246061 0.2286799 0.5590122 0.1591335 0.5137443 0.5216931 0.4424617 0.4932469 0.3997457 0.3188921 0.5087968 0.2602886 0.3621442 0.4483883 0.4569864 0.5026177 0.5334185 0.5004294 0.4968421 0.5331514 0.5133394 0.6395818 0.2624919 0.2213958 0.5022741 0.3490647 0.1865146 0.5115453 0.3444670 0.0000000 0.5113567 0.4768401 0.3181645 0.5222200 0.5034912 0.1380436 0.3289967 0.0642465 0.5008455 0.5169595 0.5060399 0.5021517 0.1256592 0.5123704 0.4894596 0.4920583 0.5148357 0.3596564 0.3166693 0.1900752 0.3175420 0.4200986 0.4908132 0.2626895 0.0873829 0.3268170 0.1435014 0.5568470 0.5982086 0.4922724 0.4871104 0.5257847 0.1424268 0.5330074 0.5082560 0.4526921 0.4966621 0.3488718 0.5231883 0.1996755 0.4299447 0.3387171 0.5544636 0.1473182 0.1397226 0.5235137 0.4739686 0.1973447 0.3590420 
Perityle_fosteri_93                        0.3068032 0.3972546 0.3149652 0.3203025 0.2605526 0.3898794 0.1869151 0.5021523 0.3175390 0.2906574 0.1734615 0.1976783 0.1579042 0.1287854 0.4064212 0.0373744 0.2959385 0.4007781 0.0757473 0.2060466 0.1934484 0.1796973 0.2319614 0.1561658 0.3159524 0.2429898 0.5966497 0.2706504 0.1498821 0.4594655 0.5608605 0.3250006 0.2156213 0.1500268 0.5113567 0.0000000 0.3599747 0.4168296 0.1806671 0.1734821 0.4613861 0.1528773 0.3036146 0.3662307 0.1596327 0.1675923 0.1612967 0.5464915 0.1911381 0.1528423 0.1802501 0.3006958 0.0480216 0.2715756 0.1246958 0.1318952 0.1745207 0.1752942 0.2212456 0.1584347 0.2926604 0.0841216 0.1925170 0.5687852 0.2849620 0.3459522 0.3539808 0.0799648 0.2329200 0.1907140 0.2565597 0.1827298 0.0605109 0.1574795 0.0326111 0.3216813 0.5682773 0.1917778 0.0417137 0.1864492 0.1592265 0.2582491 0.2719081 0.2876784 
Perityle_gamon_221                         0.2461534 0.4659862 0.2876168 0.4080485 0.3103371 0.4224825 0.2100926 0.4961239 0.2842798 0.4287817 0.4093632 0.3192226 0.3085180 0.2583607 0.4314159 0.4095740 0.2370536 0.3405233 0.3170750 0.2862054 0.3688362 0.4328784 0.3692489 0.3376463 0.2200319 0.3786028 0.5892118 0.2370681 0.1608479 0.4366720 0.4889611 0.3370537 0.3793658 0.1738933 0.4768401 0.3599747 0.0000000 0.4627352 0.3970855 0.3581103 0.3619822 0.2168953 0.2064667 0.3018836 0.3582060 0.3353825 0.2852680 0.4487689 0.3639323 0.3500920 0.3536023 0.3883741 0.1923494 0.1755984 0.1365873 0.1343700 0.2831133 0.3158371 0.1619844 0.0858404 0.1918178 0.1117807 0.3741264 0.5415237 0.2929032 0.3642885 0.4078981 0.1063867 0.3454122 0.3721934 0.2878903 0.3645428 0.1993067 0.3504841 0.1112085 0.2837597 0.5393502 0.4648232 0.1288351 0.0979492 0.3234242 0.3332679 0.1614192 0.2991179 
Perityle_gentryi_8_san_francisco           0.2473114 0.4035978 0.1836569 0.3927380 0.3607888 0.2990364 0.2021287 0.5464649 0.2222516 0.4879027 0.4442669 0.3224943 0.4174997 0.3750778 0.0487724 0.4575850 0.2831064 0.3965189 0.3545604 0.4092668 0.3497118 0.3859611 0.3868249 0.3943197 0.4696110 0.4572544 0.6137483 0.2208872 0.1298270 0.5359158 0.3698875 0.2184220 0.3283412 0.3738083 0.3181645 0.4168296 0.4627352 0.0000000 0.3584494 0.3576973 0.2823951 0.2305795 0.2605757 0.5242416 0.4081160 0.4226144 0.4183600 0.3257673 0.3359913 0.4217184 0.3972532 0.4510794 0.2949607 0.3278938 0.1295006 0.2864777 0.2452439 0.3391987 0.2805395 0.1268088 0.3209575 0.0383523 0.4066046 0.5990245 0.4550817 0.4259843 0.5077211 0.0790790 0.4338117 0.3169099 0.4063148 0.4099580 0.3203602 0.3359302 0.1074645 0.4239044 0.3801386 0.4772139 0.0511893 0.1558658 0.4236573 0.4285622 0.2551825 0.3040399 
Perityle_gilensis_22_Superstition          0.2408086 0.3864516 0.3034131 0.3694423 0.2520560 0.3968216 0.1989891 0.5244102 0.3137926 0.3116677 0.2033964 0.1485720 0.1163488 0.1042080 0.3402058 0.1952063 0.2819191 0.3846960 0.1464171 0.1899061 0.1874882 0.0160409 0.2348301 0.1530381 0.3081128 0.2665116 0.5894454 0.2233131 0.1379943 0.4339978 0.4955660 0.3179160 0.1068816 0.1497056 0.5222200 0.1806671 0.3970855 0.3584494 0.0000000 0.1550085 0.4316176 0.1234280 0.3003999 0.3855213 0.1796992 0.1547933 0.1446866 0.5409103 0.0909254 0.1566360 0.1824467 0.3014176 0.0438206 0.2252899 0.1197880 0.1141656 0.1362519 0.1524827 0.2090864 0.1470787 0.2794353 0.0422649 0.1674914 0.5850359 0.2552119 0.3134195 0.3356597 0.0973817 0.2494190 0.0229841 0.2526514 0.1779232 0.0443963 0.0811826 0.0449154 0.3088473 0.5791275 0.2464504 0.0601335 0.1682352 0.1562272 0.2835638 0.2584673 0.2413730 
Perityle_gilensis_salensis_225             0.2543926 0.4016950 0.2808788 0.3852138 0.2612095 0.3888093 0.1912676 0.5153708 0.2857552 0.3087782 0.1990362 0.1409222 0.1547477 0.1161810 0.3293853 0.1860971 0.2945297 0.4033708 0.1417170 0.1869679 0.0592275 0.1984914 0.2188806 0.1584436 0.2953748 0.2890946 0.6034485 0.2182581 0.1431256 0.4562966 0.4799302 0.3147497 0.1791305 0.1465783 0.5034912 0.1734821 0.3581103 0.3576973 0.1550085 0.0000000 0.4302589 0.1019951 0.2864197 0.3666944 0.1753313 0.1548507 0.1341043 0.4943040 0.1416299 0.1451944 0.1804400 0.3059030 0.0403733 0.2251965 0.1270906 0.1226174 0.0461765 0.0539777 0.2112206 0.1580532 0.2782484 0.0669575 0.1647545 0.5375711 0.2775393 0.2960313 0.3281318 0.0674552 0.2173507 0.1491435 0.2621342 0.0716866 0.0259104 0.1389688 0.0193888 0.2769312 0.5249762 0.2434510 0.0289938 0.1691782 0.1443578 0.2585613 0.2671362 0.2464980 
Perityle_glaucescens_94                    0.3026532 0.4564571 0.1722502 0.3844320 0.4005970 0.3422533 0.2135638 0.5947297 0.1933375 0.4535423 0.4343945 0.3814956 0.4268579 0.4185976 0.2814663 0.4562611 0.2597980 0.3488192 0.4154851 0.4780452 0.4203398 0.4196864 0.4133877 0.4557478 0.4254569 0.4496183 0.5796467 0.2302418 0.1757702 0.5083340 0.2671007 0.2228761 0.4062773 0.3785292 0.1380436 0.4613861 0.3619822 0.2823951 0.4316176 0.4302589 0.0000000 0.3072678 0.1788439 0.4314706 0.4727606 0.4664909 0.4653575 0.1170910 0.4383801 0.4528744 0.4394587 0.4298085 0.3657086 0.2802441 0.1820526 0.3169067 0.3577069 0.4487044 0.2654694 0.0819946 0.3381569 0.1252618 0.4591493 0.5822420 0.4538408 0.4033706 0.4463343 0.1374876 0.4482887 0.4196864 0.4176812 0.4330239 0.3544416 0.4338423 0.1750860 0.3998438 0.2830664 0.4731944 0.1376100 0.1273263 0.4728984 0.4521187 0.2099316 0.3261436 
Perityle_gracilis_11                       0.2465881 0.3682332 0.1955785 0.3273310 0.1927722 0.2725522 0.1830356 0.4385483 0.2008910 0.2203994 0.1028349 0.1176376 0.1210905 0.1512964 0.2207498 0.1485440 0.2913753 0.4022727 0.1538451 0.1433801 0.0967007 0.1265627 0.1595796 0.1058473 0.1995461 0.1748939 0.4832690 0.2129011 0.1396992 0.4040665 0.2876407 0.2452955 0.1293789 0.1355621 0.3289967 0.1528773 0.2168953 0.2305795 0.1234280 0.1019951 0.3072678 0.0000000 0.2693076 0.2620314 0.1192766 0.1055305 0.1055113 0.3103013 0.1173121 0.1017461 0.1215402 0.2185226 0.0500596 0.2254097 0.1245696 0.1058205 0.0941566 0.0906005 0.1793567 0.1581684 0.2082174 0.0702765 0.1282188 0.4789236 0.2014592 0.2400214 0.2296114 0.0671834 0.1509185 0.1265627 0.1990752 0.0868704 0.0142887 0.1280944 0.0193281 0.1993914 0.3080926 0.1484462 0.0288722 0.1721299 0.1202848 0.1926942 0.2624644 0.1817658 
Perityle_harkerae_31                       0.2614369 0.3691394 0.1690300 0.3513517 0.2917920 0.2672934 0.2331259 0.4162787 0.1488466 0.2868033 0.2671068 0.2907998 0.2656033 0.2389451 0.2777710 0.2913492 0.2657872 0.3376197 0.2776826 0.2877293 0.3043530 0.2990071 0.2949426 0.3012849 0.2966519 0.2873409 0.3765467 0.2570675 0.2144742 0.2990291 0.2607445 0.1928267 0.3004169 0.1713464 0.0642465 0.3036146 0.2064667 0.2605757 0.3003999 0.2864197 0.1788439 0.2693076 0.0000000 0.2374066 0.2892154 0.3040023 0.3088137 0.0759515 0.3048175 0.3018331 0.2631696 0.2625057 0.1731657 0.1889470 0.1840386 0.1380419 0.2895801 0.2895389 0.1596354 0.0874566 0.1923683 0.1399997 0.3030673 0.3813305 0.3054195 0.2768601 0.2616669 0.1426526 0.3059571 0.2990071 0.2706005 0.2868113 0.1881282 0.3114740 0.1620357 0.2346046 0.2221465 0.3150668 0.1522885 0.1344465 0.3146198 0.2698657 0.1768999 0.3076740 
Perityle_hofmeisteria_4_nombre_de_dios     0.3272380 0.5149157 0.3834381 0.4850307 0.3563644 0.4780411 0.2394076 0.5792348 0.3709879 0.3922537 0.3926037 0.3253925 0.3852172 0.2735686 0.4862067 0.3955165 0.3157511 0.3756729 0.3113320 0.3095194 0.3773363 0.4004845 0.4426453 0.3539305 0.4358647 0.4476123 0.6011857 0.2889760 0.2057485 0.5183480 0.6093465 0.3784132 0.3827011 0.2617687 0.5008455 0.3662307 0.3018836 0.5242416 0.3855213 0.3666944 0.4314706 0.2620314 0.2374066 0.0000000 0.3749249 0.3520210 0.3435192 0.5066300 0.3747929 0.3446696 0.3684483 0.4191121 0.2204670 0.2384138 0.2188428 0.1934708 0.3117648 0.3359394 0.1881449 0.0924367 0.2343606 0.1262969 0.4245662 0.6034584 0.3366104 0.3728535 0.4283859 0.1019368 0.4399502 0.3845552 0.3325028 0.3806196 0.2309439 0.3743108 0.1357097 0.3640998 0.5343708 0.4285122 0.1437481 0.1543138 0.3494478 0.4136224 0.2271958 0.3832326 
Perityle_huecosensis_48                    0.2706495 0.4007738 0.3169444 0.3746692 0.2728119 0.3816616 0.1871037 0.5313075 0.3104345 0.2847001 0.1607112 0.1622283 0.1426247 0.1030272 0.3892993 0.1635864 0.2992901 0.4050357 0.1882776 0.1918306 0.1815894 0.1885778 0.2349777 0.1635676 0.2943560 0.2827603 0.5762664 0.2396569 0.1464211 0.4430815 0.5566446 0.3281912 0.1833200 0.1609973 0.5169595 0.1596327 0.3582060 0.4081160 0.1796992 0.1753313 0.4727606 0.1192766 0.2892154 0.3749249 0.0000000 0.1594508 0.1633027 0.5353193 0.1709685 0.1602040 0.1407001 0.2862819 0.0405853 0.2580127 0.1247830 0.1244801 0.1666090 0.1585301 0.2229727 0.1470127 0.2925550 0.0704608 0.1739230 0.5781752 0.2698825 0.3080087 0.3360561 0.0714285 0.2327815 0.1802201 0.2592060 0.1771940 0.0574261 0.1747032 0.0281554 0.3193465 0.5732370 0.1986182 0.0289228 0.1808549 0.1500859 0.2635122 0.2615263 0.2789982 
