84
Amauria_brandeegeana_62                    0.0000000 0.1971931 0.2516548 0.2095900 0.1597822 0.2334103 0.2229322 0.4623285 0.1177978 0.2122954 0.1616582 0.1788751 0.2822519 0.2148367 0.3616381 0.2834408 0.5068161 0.2274170 0.2994684 0.1960716 0.1848587 0.2224061 0.1813978 0.6047364 0.1801591 0.1757815 0.1804851 0.2144758 0.2334956 0.1563239 0.2174332 0.1756893 0.0417811 0.2070521 0.1639365 0.2927333 0.2010881 0.1791796 0.1705296 0.1786522 0.1552498 0.2095372 0.1669720 0.2113549 0.1789886 0.1839095 0.1830392 0.1623193 0.1859036 0.1849936 0.1759576 0.1884832 0.5182485 0.2048197 0.2114961 0.1968247 0.1805691 0.1863761 0.2014037 0.1091692 0.4348940 0.1840902 0.1713490 0.2060016 0.2132887 0.2109443 0.2284372 0.1042011 0.3105171 0.1770955 0.2152885 0.1727643 0.1822356 0.1774554 0.1860095 0.2243812 0.2389187 0.1904527 0.1730816 0.2223141 0.1812839 0.1838009 0.2156427 0.2412268 
Amauria_carterae_99_mesa                   0.1971931 0.0000000 0.1666845 0.1658776 0.1022786 0.1339701 0.2626118 0.2795550 0.1413210 0.0987915 0.0961421 0.0935332 0.1414331 0.0918612 0.0828714 0.1442432 0.1987316 0.1227948 0.1194950 0.1344743 0.1054610 0.1277498 0.0953437 0.0802741 0.0951402 0.0999296 0.1023270 0.1410471 0.1417381 0.1269502 0.1218426 0.1258210 0.1292172 0.0934097 0.1184771 0.1484223 0.1291212 0.1213794 0.0935607 0.0956798 0.1169845 0.1020507 0.1204082 0.1400184 0.0840034 0.1020405 0.1007236 0.1183952 0.0901485 0.1003680 0.1003684 0.0979987 0.0670362 0.1371477 0.0993604 0.1140985 0.1038883 0.1071979 0.1442791 0.0776866 0.1546879 0.1091740 0.0961063 0.1346223 0.1086690 0.1207769 0.1426657 0.1055117 0.1445791 0.0935607 0.1414687 0.0883961 0.1053115 0.0987047 0.1028940 0.1325396 0.2604899 0.1022482 0.1031663 0.1586958 0.0987814 0.1041928 0.1608797 0.1060845 
Amauria_rotundifolia_SRR9119150            0.2516548 0.1666845 0.0000000 0.1546395 0.1963054 0.1627293 0.3755441 0.4362725 0.2243293 0.2340190 0.1897500 0.1989870 0.1865451 0.2440563 0.3471417 0.1504712 0.3723545 0.2430889 0.1739964 0.1774276 0.2028510 0.1802301 0.1947239 0.2131263 0.2038302 0.2036003 0.2072776 0.2322635 0.2229339 0.1358001 0.2371327 0.2612470 0.2055030 0.2301884 0.2563190 0.1769069 0.2428681 0.2199313 0.1923850 0.2055143 0.2416383 0.2030779 0.2556366 0.2602499 0.1866354 0.1960965 0.2015989 0.2579938 0.2262632 0.2104407 0.2123568 0.2101485 0.2373941 0.2906078 0.2439250 0.2486109 0.2033209 0.2040333 0.2652226 0.1008528 0.3591316 0.2493293 0.1908976 0.2341587 0.2443520 0.2377843 0.2431782 0.1040657 0.1847484 0.1914715 0.2627250 0.1938240 0.2147525 0.1935723 0.2093531 0.2483235 0.2920602 0.2367816 0.2011616 0.2525516 0.1945547 0.2130334 0.1913401 0.1555599 
Conoclinium_coelestinum_SRR9119114         0.2095900 0.1658776 0.1546395 0.0000000 0.1478520 0.0800081 0.3009447 0.2465698 0.1606298 0.1596688 0.1371577 0.1501475 0.1410340 0.1674478 0.2052819 0.1444011 0.3171531 0.1837723 0.1454904 0.1404144 0.1521303 0.1440887 0.1515268 0.1938105 0.1430941 0.1406757 0.1430229 0.1949438 0.2319068 0.1822975 0.1625106 0.1577431 0.1231381 0.1536184 0.1667241 0.1494441 0.1942662 0.1589318 0.1490868 0.1423356 0.1664728 0.1453665 0.1638113 0.1864066 0.1463369 0.1428206 0.1521768 0.1695049 0.1524269 0.1454156 0.1428869 0.1398856 0.1750449 0.2163133 0.1785822 0.1516255 0.1487788 0.1533922 0.1889182 0.1680955 0.3129678 0.2259360 0.1382673 0.1862429 0.1363617 0.1836644 0.1755328 0.1747119 0.1437871 0.1477849 0.1815917 0.1431286 0.1529680 0.1464688 0.1612349 0.1746441 0.2614616 0.1420334 0.1456184 0.2369190 0.1478251 0.1362622 0.1978128 0.1739320 
Eutetras_palmeri_63                        0.1597822 0.1022786 0.1963054 0.1478520 0.0000000 0.1476636 0.2640347 0.3543049 0.1434170 0.0971607 0.1071996 0.1136975 0.1671728 0.1156093 0.1423652 0.1509693 0.2927364 0.1254100 0.1988541 0.1012905 0.1204507 0.1103901 0.1202332 0.0922578 0.1147500 0.1160007 0.1135147 0.1593532 0.1692474 0.1132217 0.1562647 0.1538958 0.1375703 0.1346604 0.1413206 0.1785536 0.1476224 0.1165128 0.1086296 0.1097253 0.1499287 0.1253082 0.1469225 0.1542354 0.1127749 0.1271992 0.1230633 0.1420143 0.1278728 0.1231544 0.1187949 0.1274614 0.0897565 0.1703495 0.1192929 0.1355576 0.1185133 0.1268045 0.1530273 0.0897335 0.2503641 0.1831223 0.1112488 0.1572709 0.1753023 0.1256897 0.1056608 0.0877797 0.1962153 0.1152584 0.1479894 0.1168137 0.1185903 0.1073229 0.1127340 0.1081344 0.2730201 0.1374277 0.1128545 0.1669596 0.1184834 0.1135908 0.1535820 0.1778634 
Eutrochium_fistulosum_SRR9119106           0.2334103 0.1339701 0.1627293 0.0800081 0.1476636 0.0000000 0.2362755 0.2619900 0.1678292 0.1510468 0.1504599 0.1578936 0.1338888 0.1604260 0.2039743 0.1539499 0.2787483 0.1664033 0.1415524 0.1306827 0.1588141 0.1191643 0.1593289 0.1781589 0.1528355 0.1612953 0.1609006 0.1969684 0.1696513 0.1493863 0.1771541 0.1474352 0.1170057 0.1727360 0.1697190 0.1557977 0.1988736 0.1573487 0.1554232 0.1519755 0.1753580 0.1396648 0.1539468 0.2041811 0.1577350 0.1587290 0.1587687 0.1612728 0.1472677 0.1438707 0.1498947 0.1468319 0.1519323 0.2008266 0.1451361 0.1330393 0.1420277 0.1588452 0.1811472 0.1100510 0.2478038 0.1787639 0.1488556 0.2085093 0.1543872 0.1730227 0.1858643 0.1367836 0.1374421 0.1553653 0.1696329 0.1488444 0.1587163 0.1387000 0.1404855 0.1856208 0.3165567 0.1483669 0.1511938 0.2141160 0.1565572 0.1547696 0.1689132 0.1460249 
Galeana_pratensis_104_mex                  0.2229322 0.2626118 0.3755441 0.3009447 0.2640347 0.2362755 0.0000000 0.4482742 0.2383587 0.2747210 0.2554372 0.2583355 0.3091015 0.2617156 0.2556132 0.3506776 0.3781835 0.2769247 0.3615745 0.2637480 0.2609460 0.2252450 0.2481029 0.0000010 0.2578950 0.2676972 0.2394044 0.2750202 0.2372221 0.2412956 0.2617547 0.2715359 0.2380019 0.2391039 0.2537423 0.3452820 0.2673332 0.2720645 0.2391754 0.2596325 0.2659601 0.2476437 0.2742181 0.2759088 0.2535164 0.2663390 0.2648566 0.2654000 0.2515346 0.2601176 0.2546274 0.2594264 0.0000010 0.2425887 0.2388559 0.2561101 0.2604725 0.2608810 0.2816847 0.2458932 0.3188154 0.2395053 0.2518698 0.2540268 0.2665783 0.2852465 0.2994090 0.2654893 0.3453522 0.2436165 0.2243012 0.2394936 0.2644216 0.2554135 0.2558510 0.2900567 0.3279754 0.2515901 0.2598509 0.2667904 0.2436165 0.2533167 0.2836330 0.3281236 
Helianthus_annuus_SRR9119062               0.4623285 0.2795550 0.4362725 0.2465698 0.3543049 0.2619900 0.4482742 0.0000000 0.3957386 0.3813495 0.3719854 0.3701746 0.4240063 0.4178418 0.4532581 0.3744501 0.4243575 0.4190062 0.4445747 0.3508252 0.3722912 0.2971698 0.3776372 0.3070052 0.3794149 0.3770758 0.3826204 0.4051353 0.3968505 0.3250309 0.4510527 0.3949187 0.4178164 0.4297245 0.3754532 0.4043838 0.4213189 0.3711769 0.3654185 0.3728220 0.3887914 0.3743974 0.3884850 0.4269049 0.3707275 0.4068279 0.3783584 0.3839620 0.3951136 0.3896373 0.3779473 0.3557599 0.3288822 0.4192852 0.4234006 0.3847970 0.3764366 0.3801244 0.4460137 0.3726881 0.4665989 0.4586213 0.3746969 0.3972657 0.4402571 0.3752198 0.3929555 0.4004592 0.4205732 0.3731215 0.4158335 0.3649156 0.3509537 0.3704209 0.4023886 0.3865220 0.4970156 0.4099690 0.3795838 0.3476645 0.3762895 0.3733480 0.3476654 0.3992208 
Lycapsus_tenuifolius_17                    0.1177978 0.1413210 0.2243293 0.1606298 0.1434170 0.1678292 0.2383587 0.3957386 0.0000000 0.1581313 0.1588103 0.1549108 0.1978145 0.1659393 0.2197027 0.2001064 0.2721676 0.1626586 0.2233518 0.1401964 0.1546713 0.1427395 0.1552598 0.1884647 0.1583547 0.1566139 0.1462337 0.1765342 0.1220690 0.0610476 0.1923423 0.1731908 0.0252810 0.2271528 0.1774920 0.2442057 0.1728064 0.1405046 0.1431183 0.1523876 0.1761125 0.1734755 0.1620659 0.1771413 0.1558524 0.1768510 0.1678558 0.1600313 0.1700016 0.1623592 0.1556490 0.1652974 0.1702540 0.1713164 0.1461455 0.1476509 0.1700180 0.1662980 0.1852036 0.0953204 0.2648205 0.1890821 0.1621510 0.1753435 0.2136114 0.1922018 0.1730152 0.0976879 0.2312203 0.1537149 0.1193719 0.1514818 0.1649547 0.1422211 0.1426723 0.1742923 0.2789668 0.1971404 0.1636081 0.1699260 0.1562871 0.1737018 0.1609679 0.1748742 
Pericome_caudata_50_silver                 0.2122954 0.0987915 0.2340190 0.1596688 0.0971607 0.1510468 0.2747210 0.3813495 0.1581313 0.0000000 0.1398090 0.1470199 0.1911437 0.1447613 0.1777274 0.1712534 0.3016240 0.1612307 0.2256443 0.1270557 0.1436668 0.1277587 0.1476469 0.1424069 0.1429659 0.1467005 0.1409607 0.1820838 0.1789946 0.1282611 0.1764052 0.1759192 0.1509562 0.2107083 0.1664274 0.2033718 0.1795208 0.1324747 0.1389846 0.1372767 0.1659170 0.1507319 0.1744107 0.1859142 0.1457111 0.1531775 0.1488697 0.1660563 0.1548637 0.1600396 0.1402494 0.1560577 0.1448080 0.2099628 0.1463749 0.1491490 0.1539846 0.1526503 0.1903391 0.1203684 0.2752507 0.1980114 0.1426307 0.1785377 0.2088529 0.1655674 0.1198320 0.1111968 0.2203356 0.1432998 0.1767768 0.1455019 0.1405375 0.1367648 0.1508733 0.1219756 0.2802639 0.1778750 0.1462723 0.1858665 0.1453673 0.1431186 0.1635010 0.1941410 
Perityle_aglossa_84_dead_horse             0.1616582 0.0961421 0.1897500 0.1371577 0.1071996 0.1504599 0.2554372 0.3719854 0.1588103 0.1398090 0.0000000 0.0573689 0.1311116 0.0707176 0.0902491 0.1245758 0.2925999 0.1571738 0.1460669 0.0714162 0.0624676 0.0727907 0.0573665 0.0734230 0.0680615 0.0636544 0.0715831 0.1573448 0.1595528 0.1137964 0.1803363 0.1615738 0.1501456 0.1319621 0.1645775 0.1637228 0.1616197 0.0652966 0.0561267 0.0619201 0.1634456 0.0774175 0.1542830 0.1732069 0.0615380 0.0843313 0.0686596 0.1497847 0.0739409 0.0682832 0.0648557 0.0715588 0.0616567 0.1813021 0.0675073 0.0768921 0.0634795 0.0714875 0.1825758 0.0897204 0.2619687 0.1104818 0.0153940 0.1596924 0.1672228 0.1502900 0.1559761 0.0536068 0.1421802 0.0567370 0.1572438 0.0607002 0.0645051 0.0522833 0.0653274 0.1555731 0.2287924 0.1187972 0.0194482 0.1653889 0.0584284 0.0849359 0.1714660 0.1486796 
Perityle_ajoensis_204                      0.1788751 0.0935332 0.1989870 0.1501475 0.1136975 0.1578936 0.2583355 0.3701746 0.1549108 0.1470199 0.0573689 0.0000000 0.1221625 0.0762282 0.0977259 0.1159262 0.3022157 0.1634392 0.1411350 0.0657700 0.0498957 0.0718867 0.0626922 0.0436580 0.0562288 0.0641350 0.0809963 0.1609068 0.1667381 0.1129948 0.1728350 0.1582446 0.1346928 0.1436803 0.1752113 0.1634407 0.1764407 0.0622031 0.0458232 0.0475783 0.1727586 0.0624177 0.1646012 0.1975177 0.0569527 0.0607727 0.0552189 0.1599715 0.0611753 0.0605874 0.0557649 0.0610624 0.0650664 0.1842345 0.0657064 0.0778483 0.0501222 0.0576422 0.2132771 0.0898575 0.2739905 0.0939094 0.0727962 0.1619337 0.1598266 0.1573542 0.1604299 0.0506415 0.1412227 0.0584164 0.1570148 0.0618473 0.0607192 0.0488364 0.0600937 0.1635726 0.2503782 0.1078410 0.0656793 0.1705678 0.0435615 0.0780314 0.1651436 0.1409937 
Perityle_ambrosiifolia_67_green            0.2822519 0.1414331 0.1865451 0.1410340 0.1671728 0.1338888 0.3091015 0.4240063 0.1978145 0.1911437 0.1311116 0.1221625 0.0000000 0.1289049 0.1655660 0.0860781 0.3057013 0.2125765 0.1114563 0.0598956 0.1220186 0.1199766 0.1199537 0.0688139 0.1338096 0.1262926 0.1242297 0.2103920 0.1997436 0.1284016 0.2075035 0.2173195 0.2495863 0.2192354 0.2279287 0.1013848 0.2357317 0.1330922 0.1185065 0.1069385 0.2274898 0.1275047 0.2287113 0.2352871 0.1100840 0.1290101 0.1249727 0.2240670 0.1419697 0.1274577 0.1353893 0.1346259 0.0516615 0.2469557 0.1157357 0.1469622 0.1275897 0.1274634 0.2789212 0.1000141 0.2670622 0.2449942 0.1291200 0.2036671 0.1976690 0.1894353 0.2023935 0.1090597 0.0979966 0.1160482 0.2116657 0.1237090 0.1474882 0.1281092 0.0980836 0.2011817 0.2888460 0.1783842 0.1414012 0.2180984 0.1213968 0.1352183 0.2090617 0.1482110 
Perityle_angustifolia_13_Eagle_creek       0.2148367 0.0918612 0.2440563 0.1674478 0.1156093 0.1604260 0.2617156 0.4178418 0.1659393 0.1447613 0.0707176 0.0762282 0.1289049 0.0000000 0.0938045 0.1461874 0.2770254 0.1726302 0.1290501 0.0824231 0.0918515 0.0631837 0.1025165 0.0549873 0.0778437 0.1016014 0.1198230 0.1809207 0.1332485 0.1193166 0.1648439 0.1679716 0.1499226 0.1681141 0.2028346 0.1773675 0.1804888 0.0706091 0.0621717 0.0629954 0.1905951 0.0521563 0.1699468 0.2459846 0.0796837 0.0524626 0.0904995 0.1634872 0.0543134 0.0492449 0.0863861 0.0904771 0.0156676 0.1835450 0.0713744 0.0842008 0.0496388 0.0889515 0.2192421 0.0753701 0.1772804 0.0991366 0.1120232 0.1801924 0.1555901 0.1605989 0.1797410 0.0280931 0.1432491 0.0991268 0.1511282 0.0900059 0.1000624 0.0410315 0.0593910 0.1749004 0.3728862 0.1146077 0.0801174 0.1708679 0.0742328 0.0987311 0.1763785 0.1652820 
Perityle_batopilensis_97                   0.3616381 0.0828714 0.3471417 0.2052819 0.1423652 0.2039743 0.2556132 0.4532581 0.2197027 0.1777274 0.0902491 0.0977259 0.1655660 0.0938045 0.0000000 0.1594401 0.1905735 0.2045535 0.1728543 0.0707905 0.1075176 0.0632498 0.1006375 0.0910941 0.0933129 0.1031045 0.1130455 0.2230926 0.1496519 0.1304496 0.2283751 0.1787346 0.3020061 0.2713704 0.2280046 0.1869261 0.2368676 0.0561319 0.0910808 0.0862966 0.2395461 0.1150530 0.2060823 0.2582996 0.0955725 0.1209863 0.0998268 0.2017135 0.0939725 0.0772924 0.0972769 0.1105979 0.0718616 0.2421967 0.0727252 0.0777462 0.0885240 0.1122270 0.2872530 0.0000010 0.1848862 0.1279013 0.0892461 0.2207801 0.2321640 0.1817216 0.2039159 0.0000010 0.1755165 0.0983875 0.2051288 0.0925337 0.1084852 0.0785594 0.0910199 0.2018685 0.7977746 0.1681070 0.0881770 0.2020240 0.0978435 0.1253486 0.2012814 0.3262035 
Perityle_bisetosa_9                        0.2834408 0.1442432 0.1504712 0.1444011 0.1509693 0.1539499 0.3506776 0.3744501 0.2001064 0.1712534 0.1245758 0.1159262 0.0860781 0.1461874 0.1594401 0.0000000 0.2959777 0.2013419 0.0788621 0.0578111 0.1305699 0.1257169 0.1145400 0.0525205 0.1152491 0.1217103 0.1395857 0.2102896 0.2039679 0.1215502 0.2311350 0.2130127 0.2307213 0.2118560 0.2182596 0.0903943 0.2383159 0.1205156 0.1071998 0.1075319 0.2180430 0.1186069 0.2154082 0.2451991 0.0844509 0.1473574 0.1407918 0.2043463 0.1352302 0.1435547 0.1177625 0.1161582 0.0469461 0.2461073 0.1292248 0.1483854 0.1273654 0.1437898 0.2183688 0.1035997 0.2589234 0.2500651 0.1296882 0.2049974 0.2435877 0.1757546 0.2005834 0.1155182 0.0860869 0.1108103 0.2065577 0.1126987 0.1371112 0.1175461 0.0918647 0.2034928 0.3190186 0.1938143 0.1276733 0.2201892 0.1114608 0.1451250 0.2008290 0.1323122 
Perityle_californica_76_positas            0.5068161 0.1987316 0.3723545 0.3171531 0.2927364 0.2787483 0.3781835 0.4243575 0.2721676 0.3016240 0.2925999 0.3022157 0.3057013 0.2770254 0.1905735 0.2959777 0.0000000 0.3052767 0.3039392 0.3006182 0.3107730 0.1861027 0.2973893 0.1930868 0.3009624 0.3066526 0.2998781 0.3223888 0.3039464 0.3205734 0.2479263 0.2504496 0.4395501 0.3361273 0.2679202 0.3055927 0.3003983 0.3034205 0.2965654 0.2994587 0.2600879 0.3007552 0.2900720 0.2991951 0.2928374 0.2995866 0.3076396 0.2733257 0.2994319 0.3106774 0.3040000 0.2910036 0.2013624 0.3190267 0.2769743 0.2919014 0.3055196 0.3122673 0.3360814 0.3989811 0.3817832 0.3803208 0.3002051 0.3113042 0.3047914 0.2878774 0.2891478 0.4372419 0.3076921 0.2974005 0.3026533 0.2876052 0.3148325 0.2981933 0.3502003 0.2850442 0.5623721 0.2960576 0.3000731 0.2846110 0.2979779 0.3000414 0.1999351 0.3033808 
Perityle_canescens_77                      0.2274170 0.1227948 0.2430889 0.1837723 0.1254100 0.1664033 0.2769247 0.4190062 0.1626586 0.1612307 0.1571738 0.1634392 0.2125765 0.1726302 0.2045535 0.2013419 0.3052767 0.0000000 0.2092450 0.1547337 0.1623713 0.1534893 0.1676962 0.1998931 0.1603440 0.1605825 0.1640761 0.1541051 0.1859397 0.1323166 0.1660322 0.1856793 0.1444698 0.2400615 0.1567164 0.2259374 0.1462442 0.1560481 0.1655031 0.1583089 0.1554204 0.1535654 0.1553091 0.1665772 0.1573216 0.1669498 0.1615249 0.1557328 0.1590764 0.1683417 0.1603350 0.1635367 0.1990926 0.1663202 0.1688777 0.1656015 0.1671333 0.1717588 0.1397940 0.0566083 0.2377377 0.1964363 0.1538100 0.1471000 0.1978465 0.1845797 0.1690048 0.0881039 0.2149656 0.1646121 0.1653563 0.1617873 0.1560947 0.1655400 0.1670978 0.1686179 0.3159468 0.2215477 0.1625979 0.1588611 0.1666822 0.1739240 0.1340860 0.1793649 
Perityle_castillonii_96                    0.2994684 0.1194950 0.1739964 0.1454904 0.1988541 0.1415524 0.3615745 0.4445747 0.2233518 0.2256443 0.1460669 0.1411350 0.1114563 0.1290501 0.1728543 0.0788621 0.3039392 0.2092450 0.0000000 0.0690879 0.1403409 0.0954147 0.1417337 0.0527035 0.1345091 0.1452483 0.1308230 0.2326684 0.1906713 0.1182059 0.2233447 0.2261064 0.2862558 0.2485503 0.2437817 0.1009694 0.2587956 0.1251818 0.1147301 0.1338688 0.2473289 0.1290677 0.2497018 0.2627484 0.1326652 0.1606800 0.1426457 0.2447488 0.1553057 0.1510833 0.1380668 0.1532729 0.0618098 0.2501353 0.1198181 0.1524032 0.1508637 0.1530181 0.2656463 0.1109483 0.2711417 0.2177985 0.1475885 0.2288156 0.2339133 0.2131016 0.2318723 0.0772633 0.0989247 0.1377069 0.2472116 0.1318931 0.1563554 0.1330298 0.0803093 0.2268779 0.3230801 0.2126056 0.1538851 0.2088756 0.1396958 0.1543366 0.1864450 0.1348272 
Perityle_cernua_84                         0.1960716 0.1344743 0.1774276 0.1404144 0.1012905 0.1306827 0.2637480 0.3508252 0.1401964 0.1270557 0.0714162 0.0657700 0.0598956 0.0824231 0.0707905 0.0578111 0.3006182 0.1547337 0.0690879 0.0000000 0.0767644 0.1260048 0.0698189 0.0392467 0.0657057 0.0624375 0.0729055 0.1433450 0.1970727 0.1198614 0.1366914 0.1683823 0.1398751 0.1377450 0.1588592 0.0634329 0.1678277 0.0866924 0.0666092 0.0563984 0.1588365 0.0731225 0.1559562 0.1722691 0.0491749 0.0656584 0.0730412 0.1552717 0.0703693 0.0726553 0.0683222 0.0745844 0.0298156 0.1716227 0.0976739 0.1022721 0.0728311 0.0784114 0.2179885 0.0966508 0.2542264 0.1907627 0.0739511 0.1341640 0.1200786 0.1385161 0.1425754 0.1088447 0.0721352 0.0658103 0.1533882 0.0670901 0.0858353 0.0675542 0.0985425 0.1386339 0.2686057 0.1027539 0.0766262 0.1999314 0.0697701 0.0680528 0.1986580 0.1687107 
Perityle_cfvillosa_25_tin                  0.1848587 0.1054610 0.2028510 0.1521303 0.1204507 0.1588141 0.2609460 0.3722912 0.1546713 0.1436668 0.0624676 0.0498957 0.1220186 0.0918515 0.1075176 0.1305699 0.3107730 0.1623713 0.1403409 0.0767644 0.0000000 0.0853114 0.0885913 0.0510611 0.0684949 0.0753775 0.0833330 0.1560959 0.1662641 0.1164203 0.1708673 0.1596212 0.1353463 0.1518138 0.1770327 0.1528858 0.1768848 0.0717830 0.0533164 0.0574997 0.1644399 0.0564580 0.1571464 0.2013891 0.0696604 0.0498103 0.0437509 0.1548301 0.0326397 0.0308867 0.0731413 0.0697490 0.0568242 0.1890027 0.0758766 0.0851266 0.0111176 0.0133180 0.2119752 0.1000427 0.2661115 0.1183466 0.1034494 0.1632533 0.1544691 0.1498589 0.1606199 0.0660767 0.1290245 0.0823416 0.1595308 0.0744417 0.0582009 0.0363026 0.0366166 0.1629604 0.2357841 0.0862783 0.0731699 0.1722291 0.0437944 0.0854139 0.1738999 0.1507177 
Perityle_cinerea_113_Powell1310            0.2224061 0.1277498 0.1802301 0.1440887 0.1103901 0.1191643 0.2252450 0.2971698 0.1427395 0.1277587 0.0727907 0.0718867 0.1199766 0.0631837 0.0632498 0.1257169 0.1861027 0.1534893 0.0954147 0.1260048 0.0853114 0.0000000 0.0807754 0.0681161 0.0719971 0.0716856 0.0718771 0.1710926 0.1416773 0.1190038 0.1382562 0.1430506 0.1377695 0.1062704 0.1685228 0.1354598 0.1829371 0.0877904 0.0743028 0.0699523 0.1682416 0.0743128 0.1690386 0.1880637 0.0505351 0.0761505 0.0786818 0.1709717 0.0743573 0.0790733 0.0741774 0.0862942 0.0403056 0.1682163 0.0723615 0.0950894 0.0854289 0.0831060 0.1467132 0.0811560 0.1270275 0.0756410 0.0727546 0.1685728 0.0983794 0.1516373 0.1591855 0.0471512 0.1188850 0.0743028 0.1443979 0.0697509 0.0852338 0.0722439 0.0791006 0.1480226 0.3154532 0.0787805 0.0797415 0.1836548 0.0765265 0.0788262 0.1268257 0.0841578 
Perityle_coahuilensis_24                   0.1813978 0.0953437 0.1947239 0.1515268 0.1202332 0.1593289 0.2481029 0.3776372 0.1552598 0.1476469 0.0573665 0.0626922 0.1199537 0.1025165 0.1006375 0.1145400 0.2973893 0.1676962 0.1417337 0.0698189 0.0885913 0.0807754 0.0000000 0.0385014 0.0721115 0.0720524 0.0794419 0.1595623 0.1616721 0.1131308 0.1888506 0.1724268 0.1409085 0.1677504 0.1858217 0.1722898 0.1752613 0.0674922 0.0252472 0.0602289 0.1706117 0.0672948 0.1634293 0.2097960 0.0623126 0.0790483 0.1013356 0.1612186 0.0801802 0.0647656 0.0772375 0.0696456 0.0585110 0.1862842 0.0658296 0.0767491 0.0573624 0.0910533 0.2084992 0.0900710 0.2635384 0.1017643 0.1053233 0.1627993 0.1654226 0.1704427 0.1696713 0.0599670 0.1304410 0.0066638 0.1558260 0.0681293 0.0963885 0.0503331 0.0560736 0.1715742 0.2307050 0.1286610 0.0695422 0.1675815 0.0272922 0.1002953 0.1719637 0.1488607 
Perityle_cochisensis_44_cave_creek         0.6047364 0.0802741 0.2131263 0.1938105 0.0922578 0.1781589 0.0000010 0.3070052 0.1884647 0.1424069 0.0734230 0.0436580 0.0688139 0.0549873 0.0910941 0.0525205 0.1930868 0.1998931 0.0527035 0.0392467 0.0510611 0.0681161 0.0385014 0.0000000 0.0548424 0.0742542 0.0934535 0.1944527 0.1465684 0.1349331 0.1715786 0.1673484 0.3856707 0.2045112 0.1754112 0.0739592 0.2093629 0.0766957 0.0300247 0.0553385 0.1794648 0.0474151 0.1771609 0.2101277 0.0638426 0.0621506 0.0518768 0.1625882 0.0459063 0.0619683 0.0549338 0.0582824 0.0571286 0.2001995 0.0742338 0.0641479 0.0502518 0.0563282 0.2300741 0.0000010 0.1610812 0.0000010 0.0698917 0.1990319 0.1899283 0.1621056 0.1659064 0.0000010 0.0441147 0.0356096 0.1552061 0.0199237 0.0443275 0.0591645 0.0862618 0.1604475 0.8010111 0.1366598 0.0786345 0.2144505 0.0297580 0.1036604 0.1668135 0.1716527 
Perityle_congesta_202                      0.1801591 0.0951402 0.2038302 0.1430941 0.1147500 0.1528355 0.2578950 0.3794149 0.1583547 0.1429659 0.0680615 0.0562288 0.1338096 0.0778437 0.0933129 0.1152491 0.3009624 0.1603440 0.1345091 0.0657057 0.0684949 0.0719971 0.0721115 0.0548424 0.0000000 0.0754563 0.0811940 0.1668815 0.1606044 0.1061354 0.1786025 0.1555620 0.1447757 0.1473014 0.1772330 0.1736543 0.1706359 0.0590922 0.0560345 0.0401880 0.1738004 0.0579743 0.1599049 0.2054651 0.0641892 0.0581358 0.0760034 0.1550048 0.0722946 0.0631982 0.0337112 0.0727351 0.0550707 0.1887685 0.0507543 0.0741504 0.0593256 0.0791440 0.1979665 0.0864974 0.2667365 0.0964193 0.0813697 0.1642580 0.1690484 0.1546170 0.1696601 0.0476432 0.1509829 0.0671145 0.1548142 0.0603884 0.0813151 0.0441437 0.0417868 0.1725956 0.2695629 0.1172422 0.0728580 0.1655827 0.0642030 0.0863794 0.1756920 0.1523422 
Perityle_cordifolia_27                     0.1757815 0.0999296 0.2036003 0.1406757 0.1160007 0.1612953 0.2676972 0.3770758 0.1566139 0.1467005 0.0636544 0.0641350 0.1262926 0.1016014 0.1031045 0.1217103 0.3066526 0.1605825 0.1452483 0.0624375 0.0753775 0.0716856 0.0720524 0.0742542 0.0754563 0.0000000 0.0894990 0.1500618 0.1672291 0.1180359 0.1849373 0.1634750 0.1517614 0.1737008 0.1895933 0.1705840 0.1771814 0.0618408 0.0676446 0.0694455 0.1782224 0.0689739 0.1562091 0.2073040 0.0674819 0.0880459 0.0849192 0.1547067 0.0882942 0.0683883 0.0809078 0.0585117 0.0567663 0.1748615 0.0621822 0.0736860 0.0652700 0.0851369 0.1992783 0.0899964 0.2638788 0.0939845 0.0718534 0.1647351 0.1558805 0.1725028 0.1675740 0.0507727 0.1425692 0.0676024 0.1658048 0.0703218 0.0859562 0.0448816 0.0551138 0.1735354 0.2246892 0.1343075 0.0745208 0.1614140 0.0680711 0.0824133 0.1697830 0.1567483 
Perityle_cordifolia_68_tecolote            0.1804851 0.1023270 0.2072776 0.1430229 0.1135147 0.1609006 0.2394044 0.3826204 0.1462337 0.1409607 0.0715831 0.0809963 0.1242297 0.1198230 0.1130455 0.1395857 0.2998781 0.1640761 0.1308230 0.0729055 0.0833330 0.0718771 0.0794419 0.0934535 0.0811940 0.0894990 0.0000000 0.1584762 0.1602002 0.1095812 0.1731316 0.1620053 0.1331144 0.1807569 0.1965032 0.1800300 0.1849653 0.0638582 0.0741165 0.0774778 0.1802928 0.0739453 0.1584143 0.2281752 0.0807051 0.0828702 0.0812376 0.1670437 0.0827107 0.0514922 0.0921962 0.0867315 0.0706742 0.1885600 0.0220022 0.0737380 0.0588160 0.0837623 0.2156977 0.0901030 0.2556417 0.1076919 0.0907406 0.1661607 0.1495573 0.1616249 0.1715456 0.0600653 0.1231129 0.0782119 0.1732699 0.0903178 0.0916421 0.0527291 0.0645835 0.1755104 0.2313854 0.1217233 0.0867276 0.1721352 0.0788588 0.1075112 0.1697902 0.1530145 
Perityle_coronopifolia_28_patagonia        0.2144758 0.1410471 0.2322635 0.1949438 0.1593532 0.1969684 0.2750202 0.4051353 0.1765342 0.1820838 0.1573448 0.1609068 0.2103920 0.1809207 0.2230926 0.2102896 0.3223888 0.1541051 0.2326684 0.1433450 0.1560959 0.1710926 0.1595623 0.1944527 0.1668815 0.1500618 0.1584762 0.0000000 0.1969516 0.1273008 0.2057979 0.1986655 0.1582652 0.2193805 0.1763620 0.2409677 0.1828169 0.1602315 0.1506415 0.1577799 0.1696522 0.1783609 0.1653892 0.1840407 0.1668728 0.1835955 0.1679280 0.1689086 0.1831811 0.1684202 0.1667990 0.1655696 0.2009592 0.1753992 0.1723125 0.1816650 0.1665939 0.1692200 0.1768260 0.1035015 0.2657367 0.1941106 0.1566088 0.0213425 0.2227318 0.1984389 0.1815364 0.1087368 0.2314690 0.1515622 0.1854568 0.1615991 0.1636436 0.1568163 0.1563131 0.1861083 0.2468862 0.2027250 0.1630724 0.1441019 0.1614978 0.1722764 0.1811529 0.1823790 
Perityle_crassifolia_70_ventanas           0.2334956 0.1417381 0.2229339 0.2319068 0.1692474 0.1696513 0.2372221 0.3968505 0.1220690 0.1789946 0.1595528 0.1667381 0.1997436 0.1332485 0.1496519 0.2039679 0.3039464 0.1859397 0.1906713 0.1970727 0.1662641 0.1416773 0.1616721 0.1465684 0.1606044 0.1672291 0.1602002 0.1969516 0.0000000 0.0234894 0.1672031 0.1795800 0.1860501 0.1659729 0.1727483 0.2087518 0.1904804 0.1775162 0.1596694 0.1650199 0.1722123 0.1668055 0.1715357 0.1947089 0.1606468 0.1648444 0.1670070 0.1762149 0.1548059 0.1682027 0.1648463 0.1694915 0.1377475 0.1702960 0.1376354 0.1671840 0.1637636 0.1689612 0.2003213 0.1178381 0.2612763 0.2001205 0.1607623 0.1838740 0.1807161 0.1733716 0.1984012 0.1018445 0.2088018 0.1602890 0.0547145 0.1567769 0.1672466 0.1602743 0.1219317 0.1948565 0.3136712 0.1684609 0.1678885 0.1831554 0.1674146 0.1694324 0.1791548 0.1753464 
Perityle_crassifolia_74_playa_balandra     0.1563239 0.1269502 0.1358001 0.1822975 0.1132217 0.1493863 0.2412956 0.3250309 0.0610476 0.1282611 0.1137964 0.1129948 0.1284016 0.1193166 0.1304496 0.1215502 0.3205734 0.1323166 0.1182059 0.1198614 0.1164203 0.1190038 0.1131308 0.1349331 0.1061354 0.1180359 0.1095812 0.1273008 0.0234894 0.0000000 0.1249300 0.1332874 0.0896921 0.1164181 0.1352608 0.1285407 0.1408444 0.1264044 0.1097682 0.1094441 0.1355556 0.1112213 0.1317703 0.1514399 0.1092550 0.1143331 0.1151367 0.1334326 0.1047253 0.1130277 0.1125777 0.1087694 0.1303172 0.1296869 0.1221212 0.1291170 0.1148995 0.1182430 0.1447806 0.1179660 0.2356151 0.1743178 0.1136843 0.1239024 0.1304840 0.1230002 0.1484198 0.1055588 0.1355125 0.1113641 0.0173363 0.1044043 0.1179036 0.1080099 0.1106263 0.1442031 0.2307207 0.1046609 0.1205359 0.1720144 0.1147367 0.1094379 0.1678777 0.1244524 
Perityle_cuneata_34_cuneata_San_antonio    0.2174332 0.1218426 0.2371327 0.1625106 0.1562647 0.1771541 0.2617547 0.4510527 0.1923423 0.1764052 0.1803363 0.1728350 0.2075035 0.1648439 0.2283751 0.2311350 0.2479263 0.1660322 0.2233447 0.1366914 0.1708673 0.1382562 0.1888506 0.1715786 0.1786025 0.1849373 0.1731316 0.2057979 0.1672031 0.1249300 0.0000000 0.1967403 0.2100866 0.2379801 0.2103624 0.2602518 0.2094093 0.1423400 0.1589741 0.1680163 0.2133942 0.1567100 0.2014037 0.2094182 0.1828403 0.1834296 0.1800621 0.1963187 0.1915375 0.1804410 0.1740367 0.1850758 0.1506245 0.2006101 0.1454256 0.1506186 0.1785561 0.1834428 0.1847417 0.0865799 0.2911937 0.1905121 0.1844553 0.2132478 0.2279940 0.1778612 0.1946873 0.1023391 0.2455940 0.1841448 0.1872420 0.1817083 0.1779474 0.1555555 0.1436198 0.1977730 0.2925588 0.2059648 0.1883193 0.1683987 0.1785544 0.2047695 0.1597075 0.1893865 
Perityle_cuneata_4                         0.1756893 0.1258210 0.2612470 0.1577431 0.1538958 0.1474352 0.2715359 0.3949187 0.1731908 0.1759192 0.1615738 0.1582446 0.2173195 0.1679716 0.1787346 0.2130127 0.2504496 0.1856793 0.2261064 0.1683823 0.1596212 0.1430506 0.1724268 0.1673484 0.1555620 0.1634750 0.1620053 0.1986655 0.1795800 0.1332874 0.1967403 0.0000000 0.1475054 0.2404909 0.1643695 0.2450852 0.1766503 0.1615049 0.1602323 0.1558647 0.1655078 0.1625246 0.1568226 0.1881066 0.1613478 0.1683969 0.1724887 0.1457596 0.1773521 0.1846237 0.1528805 0.1732121 0.1555068 0.1809996 0.1824256 0.1607767 0.1727849 0.1721453 0.2138926 0.1280919 0.2852026 0.2331499 0.1624234 0.1851165 0.2117040 0.1841430 0.1824507 0.1483561 0.2437158 0.1690730 0.1744445 0.1605373 0.1669524 0.1611075 0.1693671 0.1813409 0.3046474 0.2218523 0.1657101 0.1910432 0.1718281 0.1919546 0.1708708 0.2181263 
Perityle_discoidea_81                      0.0417811 0.1292172 0.2055030 0.1231381 0.1375703 0.1170057 0.2380019 0.4178164 0.0252810 0.1509562 0.1501456 0.1346928 0.2495863 0.1499226 0.3020061 0.2307213 0.4395501 0.1444698 0.2862558 0.1398751 0.1353463 0.1377695 0.1409085 0.3856707 0.1447757 0.1517614 0.1331144 0.1582652 0.1860501 0.0896921 0.2100866 0.1475054 0.0000000 0.1846250 0.1230851 0.2977138 0.1580885 0.1223505 0.1223245 0.1377988 0.1233804 0.1707471 0.1228549 0.1715206 0.1333103 0.1804618 0.1533234 0.1216986 0.1592524 0.1657052 0.1401080 0.1632006 0.4783293 0.1667190 0.1329783 0.1486000 0.1601370 0.1548203 0.1392842 0.0915660 0.3657888 0.1859288 0.1545208 0.1536101 0.1990240 0.1822061 0.1622456 0.0908160 0.3071817 0.1380283 0.1552135 0.1295179 0.1390865 0.1391088 0.1070943 0.1699231 0.1806904 0.1767020 0.1516811 0.1508063 0.1393450 0.1489872 0.1670980 0.1790807 
Perityle_dissecta_201                      0.2070521 0.0934097 0.2301884 0.1536184 0.1346604 0.1727360 0.2391039 0.4297245 0.2271528 0.2107083 0.1319621 0.1436803 0.2192354 0.1681141 0.2713704 0.2118560 0.3361273 0.2400615 0.2485503 0.1377450 0.1518138 0.1062704 0.1677504 0.2045112 0.1473014 0.1737008 0.1807569 0.2193805 0.1659729 0.1164181 0.2379801 0.2404909 0.1846250 0.0000000 0.2417257 0.2434852 0.2342841 0.1290098 0.1317200 0.1602024 0.2292097 0.1488860 0.2285894 0.2736367 0.1730807 0.1068189 0.1682963 0.2259639 0.1799931 0.1686659 0.1436000 0.1674967 0.2241738 0.2515777 0.1530767 0.1314609 0.1643859 0.1685167 0.2166833 0.0862241 0.3608548 0.0999678 0.1461256 0.2183483 0.2349698 0.2340269 0.2347311 0.0474485 0.2494030 0.1626297 0.2379350 0.1630616 0.1317753 0.1369957 0.1791713 0.2451076 0.2555008 0.1970411 0.1478696 0.1647131 0.1550178 0.1867828 0.1762421 0.1249545 
Perityle_feddemae_99                       0.1639365 0.1184771 0.2563190 0.1667241 0.1413206 0.1697190 0.2537423 0.3754532 0.1774920 0.1664274 0.1645775 0.1752113 0.2279287 0.2028346 0.2280046 0.2182596 0.2679202 0.1567164 0.2437817 0.1588592 0.1770327 0.1685228 0.1858217 0.1754112 0.1772330 0.1895933 0.1965032 0.1763620 0.1727483 0.1352608 0.2103624 0.1643695 0.1230851 0.2417257 0.0000000 0.2627847 0.1402714 0.1584984 0.1649378 0.1708491 0.0417412 0.1653009 0.0317551 0.1663316 0.1727401 0.1922872 0.1851952 0.0373457 0.1922962 0.1779457 0.1812618 0.1878876 0.1638060 0.1396749 0.1743373 0.1611029 0.1690052 0.1861227 0.1978635 0.1019015 0.2452206 0.2100726 0.1826807 0.1756003 0.2044376 0.1896628 0.1745556 0.1260924 0.2436626 0.1804663 0.1727599 0.1757399 0.1682112 0.1509287 0.1716121 0.1853558 0.2785016 0.2121034 0.1754030 0.1574130 0.1728834 0.2111238 0.1552000 0.2010297 
Perityle_fosteri_93                        0.2927333 0.1484223 0.1769069 0.1494441 0.1785536 0.1557977 0.3452820 0.4043838 0.2442057 0.2033718 0.1637228 0.1634407 0.1013848 0.1773675 0.1869261 0.0903943 0.3055927 0.2259374 0.1009694 0.0634329 0.1528858 0.1354598 0.1722898 0.0739592 0.1736543 0.1705840 0.1800300 0.2409677 0.2087518 0.1285407 0.2602518 0.2450852 0.2977138 0.2434852 0.2627847 0.0000000 0.2634093 0.1360737 0.1265894 0.1544419 0.2645146 0.1296761 0.2544047 0.2986192 0.1429716 0.1611345 0.1714395 0.2412321 0.1738554 0.1682461 0.1730092 0.1597364 0.0532373 0.2496002 0.1334628 0.1619127 0.1557374 0.1721001 0.2500465 0.1107290 0.2685824 0.2528461 0.1708087 0.2332927 0.2471426 0.2115772 0.2272245 0.1223122 0.0953098 0.1707097 0.2515057 0.1712112 0.1656469 0.1299676 0.0991502 0.2316623 0.3418731 0.2173798 0.1683749 0.2223503 0.1601160 0.1731646 0.2054203 0.1405231 
Perityle_gamon_221                         0.2010881 0.1291212 0.2428681 0.1942662 0.1476224 0.1988736 0.2673332 0.4213189 0.1728064 0.1795208 0.1616197 0.1764407 0.2357317 0.1804888 0.2368676 0.2383159 0.3003983 0.1462442 0.2587956 0.1678277 0.1768848 0.1829371 0.1752613 0.2093629 0.1706359 0.1771814 0.1849653 0.1828169 0.1904804 0.1408444 0.2094093 0.1766503 0.1580885 0.2342841 0.1402714 0.2634093 0.0000000 0.1575803 0.1674420 0.1710289 0.1423401 0.1863525 0.1367832 0.0301299 0.1772484 0.2000854 0.1859343 0.1366806 0.1913687 0.1967643 0.1716373 0.1806097 0.2014769 0.1688989 0.1646059 0.1639289 0.1807932 0.1892067 0.1813895 0.0731604 0.2814800 0.1873606 0.1633505 0.1822131 0.2290791 0.1978717 0.1790975 0.1023796 0.2647131 0.1735550 0.1819054 0.1710520 0.1729090 0.1711588 0.1845449 0.1802691 0.2770221 0.2171380 0.1645154 0.1656509 0.1734332 0.1826553 0.1592615 0.1809598 
Perityle_gentryi_8_san_francisco           0.1791796 0.1213794 0.2199313 0.1589318 0.1165128 0.1573487 0.2720645 0.3711769 0.1405046 0.1324747 0.0652966 0.0622031 0.1330922 0.0706091 0.0561319 0.1205156 0.3034205 0.1560481 0.1251818 0.0866924 0.0717830 0.0877904 0.0674922 0.0766957 0.0590922 0.0618408 0.0638582 0.1602315 0.1775162 0.1264044 0.1423400 0.1615049 0.1223505 0.1290098 0.1584984 0.1360737 0.1575803 0.0000000 0.0613950 0.0546019 0.1594964 0.0696331 0.1585246 0.1641250 0.0694090 0.0613805 0.0667813 0.1568500 0.0630924 0.0650673 0.0592676 0.0713308 0.0728208 0.1627640 0.0782243 0.0918104 0.0681015 0.0740646 0.2274264 0.1032898 0.2793625 0.1182721 0.0707365 0.1531889 0.1250410 0.1367830 0.1493604 0.0628965 0.1385384 0.0637457 0.1542079 0.0625466 0.0748818 0.0581676 0.0683158 0.1460188 0.2657852 0.0876991 0.0716549 0.1892218 0.0658051 0.0665162 0.1912723 0.1698790 
Perityle_gilensis_22_Superstition          0.1705296 0.0935607 0.1923850 0.1490868 0.1086296 0.1554232 0.2391754 0.3654185 0.1431183 0.1389846 0.0561267 0.0458232 0.1185065 0.0621717 0.0910808 0.1071998 0.2965654 0.1655031 0.1147301 0.0666092 0.0533164 0.0743028 0.0252472 0.0300247 0.0560345 0.0676446 0.0741165 0.1506415 0.1596694 0.1097682 0.1589741 0.1602323 0.1223245 0.1317200 0.1649378 0.1265894 0.1674420 0.0613950 0.0000000 0.0515950 0.1659400 0.0596309 0.1511916 0.1820773 0.0570612 0.0521573 0.0501791 0.1459934 0.0469356 0.0498575 0.0536997 0.0657153 0.0523286 0.1734198 0.0635029 0.0736589 0.0449596 0.0538412 0.2097563 0.0863591 0.2623181 0.0990086 0.0643615 0.1494286 0.1502790 0.1484183 0.1507760 0.0505449 0.1160689 0.0209759 0.1489825 0.0334009 0.0521531 0.0398425 0.0584924 0.1499425 0.2507033 0.1021962 0.0663191 0.1658054 0.0190833 0.0853008 0.1696346 0.1468434 
Perityle_gilensis_salensis_225             0.1786522 0.0956798 0.2055143 0.1423356 0.1097253 0.1519755 0.2596325 0.3728220 0.1523876 0.1372767 0.0619201 0.0475783 0.1069385 0.0629954 0.0862966 0.1075319 0.2994587 0.1583089 0.1338688 0.0563984 0.0574997 0.0699523 0.0602289 0.0553385 0.0401880 0.0694455 0.0774778 0.1577799 0.1650199 0.1094441 0.1680163 0.1558647 0.1377988 0.1602024 0.1708491 0.1544419 0.1710289 0.0546019 0.0515950 0.0000000 0.1679784 0.0616040 0.1536863 0.1947231 0.0620802 0.0685950 0.0625748 0.1493416 0.0636918 0.0594725 0.0405479 0.0712779 0.0378877 0.1819394 0.0562629 0.0705313 0.0565813 0.0687574 0.2073084 0.0933509 0.2604763 0.1020452 0.0712679 0.1567657 0.1614618 0.1502011 0.1552603 0.0506830 0.1378231 0.0559272 0.1453672 0.0561442 0.0724774 0.0411402 0.0434427 0.1588120 0.2487664 0.1221753 0.0743528 0.1680119 0.0546306 0.0740752 0.1697868 0.1545328 
Perityle_glaucescens_94                    0.1552498 0.1169845 0.2416383 0.1664728 0.1499287 0.1753580 0.2659601 0.3887914 0.1761125 0.1659170 0.1634456 0.1727586 0.2274898 0.1905951 0.2395461 0.2180430 0.2600879 0.1554204 0.2473289 0.1588365 0.1644399 0.1682416 0.1706117 0.1794648 0.1738004 0.1782224 0.1802928 0.1696522 0.1722123 0.1355556 0.2133942 0.1655078 0.1233804 0.2292097 0.0417412 0.2645146 0.1423401 0.1594964 0.1659400 0.1679784 0.0000000 0.1708295 0.0291719 0.1598337 0.1724233 0.1894229 0.1784713 0.0318648 0.1920341 0.1726593 0.1733125 0.1744813 0.1693474 0.1418154 0.1698495 0.1547126 0.1616481 0.1729916 0.1873568 0.1093369 0.2442296 0.2007578 0.1659738 0.1763479 0.1931622 0.1834056 0.1782052 0.1298540 0.2381173 0.1648573 0.1739101 0.1642333 0.1665926 0.1518977 0.1700688 0.1886200 0.2496960 0.2145762 0.1703981 0.1525293 0.1678367 0.2071193 0.1543416 0.1906364 
Perityle_gracilis_11                       0.2095372 0.1020507 0.2030779 0.1453665 0.1253082 0.1396648 0.2476437 0.3743974 0.1734755 0.1507319 0.0774175 0.0624177 0.1275047 0.0521563 0.1150530 0.1186069 0.3007552 0.1535654 0.1290677 0.0731225 0.0564580 0.0743128 0.0672948 0.0474151 0.0579743 0.0689739 0.0739453 0.1783609 0.1668055 0.1112213 0.1567100 0.1625246 0.1707471 0.1488860 0.1653009 0.1296761 0.1863525 0.0696331 0.0596309 0.0616040 0.1708295 0.0000000 0.1729915 0.1894680 0.0670336 0.0540057 0.0554547 0.1670146 0.0531176 0.0471903 0.0623011 0.0816026 0.0571165 0.1921169 0.0628434 0.0736745 0.0567291 0.0587685 0.1912851 0.0831773 0.2609629 0.1049555 0.0774496 0.1748875 0.1653483 0.1565582 0.1696861 0.0446082 0.1372447 0.0651389 0.1749125 0.0610049 0.0693877 0.0525772 0.0124387 0.1688240 0.2860514 0.0961787 0.0820538 0.1776773 0.0686637 0.0753350 0.1761984 0.1508221 
Perityle_harkerae_31                       0.1669720 0.1204082 0.2556366 0.1638113 0.1469225 0.1539468 0.2742181 0.3884850 0.1620659 0.1744107 0.1542830 0.1646012 0.2287113 0.1699468 0.2060823 0.2154082 0.2900720 0.1553091 0.2497018 0.1559562 0.1571464 0.1690386 0.1634293 0.1771609 0.1599049 0.1562091 0.1584143 0.1653892 0.1715357 0.1317703 0.2014037 0.1568226 0.1228549 0.2285894 0.0317551 0.2544047 0.1367832 0.1585246 0.1511916 0.1536863 0.0291719 0.1729915 0.0000000 0.1467803 0.1558848 0.1808544 0.1692939 0.0162134 0.1774286 0.1747968 0.1600294 0.1665848 0.1709647 0.1367691 0.1724966 0.1580477 0.1689778 0.1712366 0.1928667 0.1054039 0.2485991 0.2101630 0.1612118 0.1557643 0.1867736 0.1863280 0.1702703 0.1298621 0.2478732 0.1592002 0.1604282 0.1573809 0.1597603 0.1548266 0.1653369 0.1695329 0.2756360 0.2068309 0.1606162 0.1600227 0.1588435 0.1896837 0.1489077 0.1909847 
Perityle_hofmeisteria_4_nombre_de_dios     0.2113549 0.1400184 0.2602499 0.1864066 0.1542354 0.2041811 0.2759088 0.4269049 0.1771413 0.1859142 0.1732069 0.1975177 0.2352871 0.2459846 0.2582996 0.2451991 0.2991951 0.1665772 0.2627484 0.1722691 0.2013891 0.1880637 0.2097960 0.2101277 0.2054651 0.2073040 0.2281752 0.1840407 0.1947089 0.1514399 0.2094182 0.1881066 0.1715206 0.2736367 0.1663316 0.2986192 0.0301299 0.1641250 0.1820773 0.1947231 0.1598337 0.1894680 0.1467803 0.0000000 0.1988342 0.2033968 0.2068359 0.1429154 0.2172881 0.1958498 0.2144931 0.1987847 0.2089011 0.1693623 0.1784722 0.1670409 0.1809013 0.2135001 0.1798720 0.0799095 0.2822481 0.1935376 0.2007373 0.1957709 0.2346156 0.2130575 0.1902116 0.1124520 0.2546531 0.2049172 0.1890801 0.2080430 0.2036891 0.1758742 0.1904526 0.1969309 0.2482841 0.2497254 0.1894099 0.1553302 0.1863181 0.2167832 0.1636456 0.1871069 
Perityle_huecosensis_48                    0.1789886 0.0840034 0.1866354 0.1463369 0.1127749 0.1577350 0.2535164 0.3707275 0.1558524 0.1457111 0.0615380 0.0569527 0.1100840 0.0796837 0.0955725 0.0844509 0.2928374 0.1573216 0.1326652 0.0491749 0.0696604 0.0505351 0.0623126 0.0638426 0.0641892 0.0674819 0.0807051 0.1668728 0.1606468 0.1092550 0.1828403 0.1613478 0.1333103 0.1730807 0.1727401 0.1429716 0.1772484 0.0694090 0.0570612 0.0620802 0.1724233 0.0670336 0.1558848 0.1988342 0.0000000 0.0904562 0.0738466 0.1517822 0.0780037 0.0724027 0.0615413 0.0704313 0.0658432 0.1845899 0.0664162 0.0825095 0.0654840 0.0804158 0.1981997 0.0933219 0.2650606 0.1152479 0.0696098 0.1648405 0.1665348 0.1527032 0.1710087 0.0538799 0.1277762 0.0578991 0.1663571 0.0588057 0.0767816 0.0552030 0.0641593 0.1719596 0.2530932 0.1269945 0.0719926 0.1593229 0.0584331 0.0943863 0.1591073 0.1538050 
