85
Amauria_brandeegeana_62                    0.0000000 0.0284721 0.0639041 0.2837771 0.1792236 0.1096051 0.3602000 0.2630090 0.3963758 0.1516325 0.2168502 0.1970644 0.1841684 0.1842341 0.1151047 0.2380569 0.1725717 0.2138819 0.1843665 0.2077406 0.1760546 0.1982262 0.0752311 0.1824748 0.1995236 0.1879636 0.1916327 0.2287887 0.2577226 0.1676378 0.0749953 0.1667191 0.2644408 0.1948105 0.1403041 0.2221487 0.1871152 0.2072146 0.2252800 0.2027692 0.1848443 0.2392283 0.1788133 0.1886725 0.2027616 0.1931775 0.1814591 0.1856675 0.2191219 0.1744456 0.1859953 0.1850686 0.1947235 0.1942170 0.2029690 0.1770845 0.1432692 0.2016652 0.1823769 0.1942033 0.0885975 0.1693691 0.1102335 0.1945861 0.2072332 0.1938657 0.1535920 0.1914657 0.2068412 0.2018838 0.1817606 0.1690493 0.1919816 0.1740453 0.2058305 0.1056285 0.1740301 0.2050911 0.2645276 0.2000553 0.1402351 0.1839892 0.2120721 0.0895926 0.2207207 
Amauria_carterae_99_mesa                   0.0284721 0.0000000 0.0188279 0.2838225 0.1316072 0.0868858 0.2758609 0.2405894 0.2627049 0.0748999 0.0963614 0.1396047 0.1215169 0.1254932 0.0987610 0.1317938 0.1459860 0.0970988 0.1245075 0.1760626 0.1219804 0.1392189 0.0708783 0.1280958 0.1236543 0.1215372 0.1232193 0.1252139 0.1332749 0.0908865 0.0624441 0.1477601 0.1388238 0.1428870 0.0860078 0.1337670 0.1364714 0.1361308 0.1310411 0.1276847 0.1278882 0.1364750 0.1206271 0.1259140 0.1390958 0.1435308 0.1206274 0.1207040 0.1291626 0.1198973 0.1223526 0.1205204 0.1249178 0.1393830 0.1411085 0.1168949 0.1151212 0.1244288 0.1230221 0.1443890 0.0887530 0.1318428 0.0933469 0.1406149 0.1257161 0.1400500 0.1042160 0.1059599 0.1891621 0.1383344 0.1279043 0.0933812 0.1662802 0.1238556 0.1414832 0.1064898 0.1043936 0.1361786 0.1367056 0.1434538 0.1343638 0.1215373 0.0924215 0.0790619 0.1090430 
Amauria_rotundifolia_SRR9119150            0.0639041 0.0188279 0.0000000 0.2855980 0.1764726 0.1046222 0.3475661 0.2513562 0.4029834 0.1542159 0.2120966 0.2160336 0.1999073 0.1938268 0.1236132 0.2568016 0.1842854 0.2205315 0.1961679 0.2300410 0.1723708 0.2005631 0.0714227 0.2137254 0.2144922 0.2048594 0.2082578 0.2390795 0.2708673 0.1647914 0.0740547 0.1692951 0.2721011 0.2112307 0.1582254 0.2355108 0.2019021 0.2141285 0.2350222 0.2150655 0.2087506 0.2582542 0.1854793 0.1886729 0.2079529 0.2090992 0.2048374 0.2008542 0.2356317 0.1866306 0.2064981 0.1993635 0.2116382 0.2080895 0.2160793 0.1721534 0.1428470 0.2202779 0.2016119 0.1936866 0.0842232 0.1685105 0.1105938 0.2169069 0.2216899 0.2022943 0.1470135 0.1913679 0.2148537 0.2196121 0.2123197 0.1660619 0.2002909 0.1884173 0.2307452 0.1053427 0.1751061 0.2153687 0.2747204 0.2099436 0.1446365 0.2056609 0.2273327 0.0848387 0.2273161 
Conoclinium_coelestinum_SRR9119114         0.2837771 0.2838225 0.2855980 0.0000000 0.2191422 0.2054283 0.2688187 0.3647637 0.3774323 0.2608679 0.2585353 0.2963983 0.2724924 0.2737037 0.2374606 0.2802992 0.2839732 0.2513976 0.2942564 0.2774070 0.2728733 0.2710353 0.1996531 0.2740610 0.2790446 0.2795749 0.2855097 0.3145695 0.2713718 0.2696806 0.2328236 0.2652244 0.3066483 0.3035653 0.2846903 0.2944479 0.2936121 0.2709296 0.2628225 0.2827819 0.2675860 0.3425819 0.2803868 0.2719107 0.2789775 0.2938331 0.2750308 0.2756928 0.2982111 0.2715126 0.2724977 0.2669501 0.2779467 0.2688870 0.2847449 0.2603292 0.2677295 0.2832641 0.2714260 0.2904304 0.2635348 0.3061881 0.2384205 0.2973419 0.2897295 0.2969952 0.2322771 0.2546186 0.3116284 0.3030004 0.2731261 0.2547371 0.2547662 0.2669145 0.3011236 0.2567002 0.2473654 0.2849130 0.2826759 0.3035712 0.2653414 0.2774082 0.2608996 0.2323844 0.2475509 
Eutetras_palmeri_63                        0.1792236 0.1316072 0.1764726 0.2191422 0.0000000 0.0153887 0.3364894 0.3178292 0.3425600 0.1461073 0.1423336 0.2117274 0.1912926 0.1931811 0.1496950 0.2063881 0.1838601 0.1654837 0.2057955 0.1889689 0.1879133 0.2286479 0.1098937 0.1931186 0.1977391 0.1968434 0.2018092 0.2279924 0.2070991 0.1532390 0.1055718 0.1311972 0.2379730 0.2124297 0.1509961 0.2096121 0.2048097 0.1981340 0.1977859 0.1988558 0.1926918 0.2340110 0.2007543 0.1978248 0.2095413 0.2108793 0.1884474 0.1943963 0.2167840 0.1899250 0.1890915 0.1904314 0.2028390 0.2185163 0.2129515 0.1743744 0.1686342 0.2118728 0.1906210 0.2079492 0.1182104 0.2056738 0.1463077 0.2123872 0.2138093 0.2173911 0.1297114 0.1512377 0.3775145 0.2159660 0.1905282 0.1482718 0.1742388 0.1911220 0.2261187 0.1277792 0.1495994 0.2016528 0.2510472 0.2157146 0.1844824 0.1914469 0.1577170 0.1508216 0.2012990 
Eutetras_pringlei_149_quer                 0.1096051 0.0868858 0.1046222 0.2054283 0.0153887 0.0000000 0.2025308 0.1784142 0.1764177 0.0764420 0.0799679 0.1531442 0.1403594 0.1417670 0.1024618 0.1558114 0.1567686 0.0759188 0.1526488 0.1623468 0.1437782 0.1687217 0.0555316 0.1457067 0.1400528 0.1385109 0.1491956 0.1430822 0.1621480 0.0894387 0.0576200 0.0827428 0.1091736 0.1598750 0.0856956 0.1446356 0.1554870 0.1584865 0.1556113 0.1417813 0.1472120 0.1406135 0.1384275 0.1353194 0.1700582 0.1583909 0.1418932 0.1471240 0.1370417 0.1401390 0.1435900 0.1401531 0.1508425 0.1636143 0.1690069 0.1386736 0.1324609 0.1453626 0.1453067 0.1686175 0.0893085 0.1640231 0.1038437 0.1565554 0.1545642 0.1959638 0.0884371 0.0875654 0.1644711 0.1536763 0.1417328 0.0927348 0.1442661 0.1420879 0.1562679 0.1126065 0.0893574 0.1610989 0.1403251 0.1599828 0.1440279 0.1471240 0.0974570 0.0668217 0.1404288 
Eutrochium_fistulosum_SRR9119106           0.3602000 0.2758609 0.3475661 0.2688187 0.3364894 0.2025308 0.0000000 0.2970349 0.4103752 0.2991390 0.3110343 0.3648931 0.3234755 0.3316651 0.2930504 0.3510728 0.3187764 0.3450753 0.3440958 0.3612030 0.3064838 0.3440839 0.2493235 0.3287649 0.3222604 0.3192191 0.3287790 0.3477266 0.3980707 0.3349263 0.2398462 0.3301544 0.3794590 0.3626195 0.3304679 0.3387273 0.3555302 0.3765628 0.3538808 0.3223795 0.3286669 0.3709694 0.3197153 0.3252829 0.3522558 0.3554389 0.3248629 0.3265126 0.3395002 0.3239479 0.3247364 0.3269501 0.3286405 0.3549360 0.3375960 0.3147041 0.2848028 0.3219357 0.3264676 0.3323724 0.2465434 0.3225587 0.2604953 0.3617849 0.3531072 0.3259438 0.2759319 0.3250196 0.2969527 0.3657471 0.3315575 0.3392218 0.3602582 0.3265880 0.3627140 0.2524369 0.3263142 0.3526509 0.3589235 0.3689344 0.2823192 0.3283681 0.3530362 0.2682624 0.3308449 
Galeana_pratensis_104_mex                  0.2630090 0.2405894 0.2513562 0.3647637 0.3178292 0.1784142 0.2970349 0.0000000 0.3146580 0.2513069 0.2482858 0.2629509 0.2605778 0.2576967 0.2408892 0.2780350 0.2301287 0.2727568 0.2600865 0.2549928 0.2661291 0.2487311 0.2010152 0.2616647 0.2585809 0.2637553 0.2570702 0.2822026 0.2607051 0.2579524 0.2015478 0.2734347 0.2761251 0.2597083 0.2444889 0.2532793 0.2632824 0.2769219 0.2815796 0.2584196 0.2605371 0.2716757 0.2588124 0.2585262 0.2844133 0.2505215 0.2588087 0.2649949 0.2665739 0.2593367 0.2600000 0.2570891 0.2570702 0.2505138 0.2630355 0.2623969 0.2451781 0.2639429 0.2635822 0.2874929 0.2179185 0.2458156 0.2485917 0.2634243 0.2719616 0.2882060 0.2051930 0.2356033 0.1858159 0.2647403 0.2573867 0.2557130 0.2911160 0.2621821 0.2805743 0.2204522 0.2217630 0.2678427 0.2458189 0.2681757 0.2584489 0.2668257 0.2630253 0.2159276 0.2379617 
Helianthus_annuus_SRR9119062               0.3963758 0.2627049 0.4029834 0.3774323 0.3425600 0.1764177 0.4103752 0.3146580 0.0000000 0.3157117 0.3547481 0.3678926 0.3511244 0.3520061 0.3069502 0.3738692 0.3165313 0.3648620 0.3141784 0.3627505 0.3237450 0.3853052 0.1725918 0.3647974 0.3501907 0.3439121 0.3477732 0.3716417 0.3917370 0.3264585 0.1873691 0.3222146 0.3564229 0.3704087 0.3323925 0.3451884 0.3527503 0.3965005 0.3774043 0.3321320 0.3499978 0.3827309 0.3367160 0.3094927 0.3921116 0.3643090 0.3680969 0.3548907 0.3489333 0.3440937 0.3585620 0.3563277 0.3496628 0.3467695 0.3363869 0.3032798 0.2656440 0.3559423 0.3680323 0.3598928 0.1941848 0.3011960 0.2275525 0.3680090 0.3586424 0.3673353 0.2821117 0.3391485 0.3059796 0.3606914 0.3651259 0.3166009 0.3828180 0.3596027 0.3593527 0.2134987 0.3287642 0.3533367 0.3506887 0.3857010 0.2236424 0.3699303 0.3474720 0.2954735 0.2883462 
Lycapsus_tenuifolius_17                    0.1516325 0.0748999 0.1542159 0.2608679 0.1461073 0.0764420 0.2991390 0.2513069 0.3157117 0.0000000 0.1756542 0.1804042 0.1613140 0.1645138 0.0940445 0.1933544 0.1716738 0.1557465 0.1509382 0.2019144 0.1374011 0.1784380 0.0607225 0.1673435 0.1608629 0.1687771 0.1630922 0.1926260 0.1936830 0.0475952 0.0420436 0.1541869 0.1795008 0.1803238 0.1235861 0.1870719 0.1605418 0.1843272 0.1778686 0.1576116 0.1625257 0.2154440 0.1560750 0.1631818 0.1857167 0.1785544 0.1663141 0.1626138 0.1929356 0.1491278 0.1657755 0.1629998 0.1609612 0.1585282 0.1582520 0.1395560 0.1037128 0.1784062 0.1673876 0.1684299 0.0858877 0.1526626 0.0906447 0.1786639 0.1821786 0.1574830 0.1324073 0.1679471 0.2046418 0.1862714 0.1676725 0.0529328 0.1851709 0.1469493 0.1953432 0.0966123 0.1256535 0.1567452 0.1830311 0.1858666 0.1187514 0.1679197 0.0794123 0.1016290 0.1680968 
Pericome_caudata_50_silver                 0.2168502 0.0963614 0.2120966 0.2585353 0.1423336 0.0799679 0.3110343 0.2482858 0.3547481 0.1756542 0.0000000 0.2444240 0.2137363 0.2160886 0.1373424 0.2393880 0.1609230 0.2132610 0.1538637 0.2003940 0.1661929 0.2112975 0.0603656 0.2301588 0.2043347 0.2096647 0.2180460 0.2662453 0.2534701 0.1731423 0.0770540 0.1309288 0.2738659 0.2343488 0.1772097 0.2237550 0.1933390 0.2592651 0.2258264 0.1968841 0.2027086 0.2526636 0.1829673 0.1459389 0.2543134 0.2270840 0.2136914 0.2184781 0.2089467 0.1783766 0.2031490 0.1958739 0.1959258 0.1891610 0.1872188 0.1581777 0.1093635 0.2138318 0.2117905 0.1714203 0.0609063 0.1391621 0.0958418 0.2445841 0.2199013 0.1874675 0.0769777 0.1668162 0.2132918 0.2166993 0.2162027 0.1659869 0.1759196 0.1820707 0.2153541 0.0794726 0.1602220 0.1959505 0.2584757 0.2349154 0.1192681 0.2166115 0.2549450 0.0838302 0.2041962 
Perityle_aglossa_84_dead_horse             0.1970644 0.1396047 0.2160336 0.2963983 0.2117274 0.1531442 0.3648931 0.2629509 0.3678926 0.1804042 0.2444240 0.0000000 0.1337878 0.1227027 0.0333521 0.1623954 0.0272166 0.2174918 0.0963330 0.0401230 0.1069032 0.1016273 0.0242274 0.1484196 0.1592975 0.1527286 0.1513855 0.1948100 0.1682537 0.1872122 0.0777129 0.1874075 0.3258745 0.0257012 0.2101236 0.1681329 0.0306182 0.1850940 0.1470570 0.1493390 0.1334647 0.1766154 0.0893352 0.1136421 0.1837904 0.0905535 0.1488265 0.1630079 0.1703268 0.1025373 0.1372156 0.1346841 0.1470592 0.0306085 0.1367932 0.1043509 0.0684502 0.1576539 0.1406125 0.1578725 0.0828007 0.1472236 0.0665479 0.0150875 0.1437737 0.1684569 0.1561164 0.2064044 0.1591361 0.0290269 0.1400402 0.1715556 0.1072886 0.1124835 0.0737696 0.0445142 0.1555567 0.1511805 0.1930833 0.0625422 0.0773653 0.1148430 0.2326106 0.0898365 0.0855810 
Perityle_ajoensis_204                      0.1841684 0.1215169 0.1999073 0.2724924 0.1912926 0.1403594 0.3234755 0.2605778 0.3511244 0.1613140 0.2137363 0.1337878 0.0000000 0.0283251 0.0727979 0.1059716 0.0709758 0.2233016 0.0743568 0.0870049 0.0375872 0.0257301 0.0395484 0.0489066 0.0434193 0.0234381 0.0679297 0.1242917 0.1379319 0.1613570 0.0745901 0.1630269 0.2871357 0.1221322 0.1413724 0.1655883 0.1181394 0.1278649 0.0942420 0.0408972 0.0430500 0.1030130 0.0111080 0.1039332 0.1385031 0.1246381 0.0116338 0.0265649 0.1643480 0.0240901 0.0130645 0.0118695 0.0678045 0.1072956 0.1046983 0.1106100 0.0287316 0.0333017 0.0128854 0.1203757 0.0381056 0.1093508 0.0317666 0.1226165 0.0953713 0.1032945 0.1349249 0.1713076 0.2099206 0.1191361 0.0418970 0.1561533 0.0378276 0.0112499 0.1311820 0.0115777 0.1487054 0.1187138 0.1450340 0.1317223 0.0690757 0.0123394 0.1898860 0.0864434 0.0358772 
Perityle_ambrosiifolia_67_green            0.1842341 0.1254932 0.1938268 0.2737037 0.1931811 0.1417670 0.3316651 0.2576967 0.3520061 0.1645138 0.2160886 0.1227027 0.0283251 0.0000000 0.0725449 0.0982922 0.0740145 0.2181269 0.0691166 0.0886772 0.0502712 0.0324879 0.0407266 0.0083865 0.0437414 0.0377960 0.0618442 0.1136026 0.1297343 0.1615338 0.0783984 0.1644536 0.2715280 0.1097423 0.1478741 0.1553295 0.1067442 0.1141420 0.0961984 0.0489221 0.0087942 0.0999430 0.0192741 0.1134907 0.1194813 0.1100030 0.0293141 0.0368116 0.1563412 0.0221238 0.0291414 0.0287788 0.0626227 0.1094652 0.0904693 0.1059781 0.0323895 0.0506781 0.0306877 0.1210019 0.0415992 0.1108348 0.0366968 0.1121899 0.0832527 0.1103851 0.1350258 0.1695804 0.2165202 0.1162642 0.0073680 0.1572134 0.0392298 0.0300394 0.1168142 0.0100071 0.1449297 0.1067972 0.1532713 0.1163639 0.0715372 0.0293750 0.1721768 0.0875398 0.0429858 
Perityle_angustifolia_13_Eagle_creek       0.1151047 0.0987610 0.1236132 0.2374606 0.1496950 0.1024618 0.2930504 0.2408892 0.3069502 0.0940445 0.1373424 0.0333521 0.0727979 0.0725449 0.0000000 0.1046957 0.0123470 0.1592521 0.0576218 0.0196747 0.0670129 0.0676435 0.0124835 0.0875521 0.0786660 0.0811987 0.0926782 0.1483638 0.0892476 0.1178774 0.0697990 0.1562849 0.1663606 0.0372230 0.1535421 0.1184893 0.0365680 0.1324246 0.0987897 0.0817116 0.0832919 0.1343734 0.0607777 0.0745710 0.0993538 0.0417622 0.0795052 0.0801271 0.1198194 0.0579604 0.0779934 0.0781753 0.0925242 0.0215609 0.0989015 0.0912451 0.0580692 0.0930714 0.0813173 0.0939028 0.0508224 0.0953416 0.0637988 0.0322613 0.1090288 0.1206259 0.0863659 0.0945041 0.1438264 0.0292666 0.0831212 0.1057018 0.0891177 0.0693883 0.0272487 0.0406017 0.0916512 0.0948920 0.1353329 0.0402448 0.0521530 0.0688925 0.1252004 0.0905408 0.0617759 
Perityle_batopilensis_97                   0.2380569 0.1317938 0.2568016 0.2802992 0.2063881 0.1558114 0.3510728 0.2780350 0.3738692 0.1933544 0.2393880 0.1623954 0.1059716 0.0982922 0.1046957 0.0000000 0.0779940 0.2748557 0.0943504 0.0922198 0.0855916 0.1026519 0.0546813 0.1077483 0.1096103 0.1079754 0.1175661 0.1514802 0.1475656 0.1922545 0.0810961 0.1786452 0.3230176 0.1571180 0.1995637 0.1607101 0.1441599 0.1772051 0.0098897 0.1097438 0.0991621 0.1344471 0.0851308 0.1289204 0.1627599 0.1620164 0.1046928 0.1110955 0.1557689 0.0835810 0.1012090 0.0997031 0.1009337 0.1432728 0.1204765 0.1382911 0.0648089 0.1133118 0.1054256 0.1375029 0.0407356 0.1213364 0.0675689 0.1602885 0.1095547 0.1377834 0.1487566 0.2227104 0.2616360 0.1443828 0.1041471 0.1866129 0.0637267 0.0989291 0.1528853 0.0250790 0.2070666 0.1190137 0.1880589 0.1593772 0.0763267 0.1024104 0.2472932 0.1150550 0.0892859 
Perityle_bisetosa_9                        0.1725717 0.1459860 0.1842854 0.2839732 0.1838601 0.1567686 0.3187764 0.2301287 0.3165313 0.1716738 0.1609230 0.0272166 0.0709758 0.0740145 0.0123470 0.0779940 0.0000000 0.1588004 0.0770947 0.0295831 0.0706940 0.0805205 0.0221826 0.0713819 0.0825134 0.0904004 0.0768531 0.1147285 0.1022284 0.1682240 0.0673728 0.1524396 0.2792594 0.0250606 0.1365318 0.0884599 0.0144164 0.0933537 0.0733081 0.0878006 0.0738541 0.1279255 0.0661772 0.0723615 0.1189378 0.0603446 0.0725193 0.0914844 0.0949119 0.0648369 0.0713053 0.0698064 0.0774312 0.0211066 0.0646914 0.0641429 0.0537048 0.0913127 0.0698520 0.1259999 0.0777795 0.1338345 0.0483800 0.0280515 0.0835734 0.1246063 0.1540798 0.1702360 0.1425946 0.0212729 0.0692661 0.1613248 0.0851857 0.0700927 0.0297848 0.0369297 0.1392206 0.0796591 0.1151275 0.0232655 0.0827940 0.0717033 0.1677703 0.0742768 0.0643230 
Perityle_californica_76_positas            0.2138819 0.0970988 0.2205315 0.2513976 0.1654837 0.0759188 0.3450753 0.2727568 0.3648620 0.1557465 0.2132610 0.2174918 0.2233016 0.2181269 0.1592521 0.2748557 0.1588004 0.0000000 0.1951505 0.1578343 0.2105275 0.2181287 0.0633089 0.2186865 0.2279963 0.2264725 0.2242252 0.2504462 0.2593634 0.1586612 0.0742110 0.1125022 0.2286112 0.2179947 0.2028573 0.2447402 0.2214929 0.2637952 0.2648801 0.2272810 0.2216461 0.2575881 0.2167783 0.2086108 0.2345756 0.2247374 0.2222780 0.2243269 0.2464159 0.2000068 0.2217560 0.2204536 0.2150631 0.2034042 0.2506305 0.1772604 0.1329524 0.2278078 0.2187070 0.1909153 0.0775795 0.1819120 0.1014567 0.2169331 0.2327148 0.2327727 0.1163772 0.2203318 0.2740716 0.2227563 0.2190291 0.1613801 0.1845144 0.2206994 0.2298944 0.0860458 0.2072143 0.2407345 0.2987679 0.2153632 0.1248281 0.2211896 0.2299868 0.0410017 0.1927089 
Perityle_canescens_77                      0.1843665 0.1245075 0.1961679 0.2942564 0.2057955 0.1526488 0.3440958 0.2600865 0.3141784 0.1509382 0.1538637 0.0963330 0.0743568 0.0691166 0.0576218 0.0943504 0.0770947 0.1951505 0.0000000 0.0891827 0.0724435 0.0855537 0.0523648 0.0705876 0.0747767 0.0757350 0.0756974 0.1196659 0.0708757 0.1717328 0.0813059 0.1680843 0.2617190 0.0973238 0.1514335 0.1070894 0.0928514 0.0805952 0.0920954 0.0753260 0.0681440 0.0930109 0.0640937 0.0931343 0.0790010 0.0948328 0.0762322 0.0743042 0.1039200 0.0640425 0.0760051 0.0732358 0.0796273 0.0869578 0.0599600 0.1170133 0.0628062 0.0683410 0.0775638 0.1044706 0.0390664 0.1077025 0.0566613 0.0958640 0.0726929 0.1242581 0.1381097 0.1537209 0.1956319 0.0995191 0.0700482 0.1750675 0.0787940 0.0744855 0.1024632 0.0287662 0.1637895 0.0663650 0.1107758 0.1066510 0.0641378 0.0747902 0.1726387 0.0955719 0.0737385 
Perityle_castillonii_96                    0.2077406 0.1760626 0.2300410 0.2774070 0.1889689 0.1623468 0.3612030 0.2549928 0.3627505 0.2019144 0.2003940 0.0401230 0.0870049 0.0886772 0.0196747 0.0922198 0.0295831 0.1578343 0.0891827 0.0000000 0.0838602 0.0908775 0.0339879 0.1006078 0.0875252 0.0946913 0.0968996 0.1354998 0.1249198 0.1966640 0.0676146 0.1606850 0.3001448 0.0410647 0.1591728 0.1027000 0.0353066 0.1081754 0.0879583 0.0956746 0.0881072 0.1530469 0.0786232 0.0850533 0.1299549 0.0782578 0.1008853 0.0895174 0.1110429 0.0786385 0.0986416 0.0852692 0.0972426 0.0309882 0.0783348 0.0719362 0.0640511 0.1092223 0.0993468 0.1473664 0.0921600 0.1636071 0.0579951 0.0409265 0.0965632 0.1544833 0.1768794 0.2055844 0.2365799 0.0313115 0.0991565 0.1891350 0.0891157 0.0836224 0.0408041 0.0427224 0.1628327 0.0936795 0.1451882 0.0436627 0.0842662 0.0991935 0.1960547 0.0810463 0.0812931 
Perityle_cernua_84                         0.1760546 0.1219804 0.1723708 0.2728733 0.1879133 0.1437782 0.3064838 0.2661291 0.3237450 0.1374011 0.1661929 0.1069032 0.0375872 0.0502712 0.0670129 0.0855916 0.0706940 0.2105275 0.0724435 0.0838602 0.0000000 0.0469464 0.0453422 0.0525401 0.0334627 0.0392950 0.0522319 0.1005373 0.0996828 0.1460942 0.0680961 0.1565202 0.2571257 0.1042045 0.1345955 0.1093495 0.0977959 0.1195977 0.0828677 0.0338127 0.0485120 0.0884799 0.0324094 0.0829977 0.0951171 0.1058731 0.0384330 0.0392664 0.1106766 0.0371925 0.0368616 0.0330085 0.0494289 0.0982958 0.0930683 0.0969362 0.0306103 0.0404351 0.0379812 0.0984771 0.0390670 0.1081295 0.0358788 0.1058970 0.0865266 0.0915284 0.1084670 0.1425624 0.2234959 0.1079031 0.0511804 0.1396063 0.0538957 0.0368961 0.1109698 0.0184725 0.1449492 0.0992140 0.1220545 0.1160786 0.0698601 0.0409809 0.1571631 0.0900272 0.0350496 
Perityle_cfvillosa_25_tin                  0.1982262 0.1392189 0.2005631 0.2710353 0.2286479 0.1687217 0.3440839 0.2487311 0.3853052 0.1784380 0.2112975 0.1016273 0.0257301 0.0324879 0.0676435 0.1026519 0.0805205 0.2181287 0.0855537 0.0908775 0.0469464 0.0000000 0.0443687 0.0379888 0.0382374 0.0243204 0.0469733 0.1288750 0.1395236 0.1903905 0.0755160 0.1817040 0.2724980 0.0978481 0.1414157 0.1502605 0.0985181 0.1231416 0.0976404 0.0474387 0.0308223 0.1383344 0.0251910 0.1195540 0.1213663 0.0928822 0.0284828 0.0237472 0.1493153 0.0270465 0.0310392 0.0304175 0.0496427 0.0987608 0.0989045 0.1051074 0.0385871 0.0433592 0.0280664 0.1377580 0.0586471 0.1301676 0.0431386 0.0982894 0.0942926 0.1084166 0.1614770 0.1675113 0.2145565 0.0963337 0.0375790 0.1775462 0.0645674 0.0280500 0.0978416 0.0041507 0.1630557 0.1143237 0.1582689 0.1069706 0.0699475 0.0296018 0.1667985 0.0977657 0.0389450 
Perityle_cinerea_113_Powell1310            0.0752311 0.0708783 0.0714227 0.1996531 0.1098937 0.0555316 0.2493235 0.2010152 0.1725918 0.0607225 0.0603656 0.0242274 0.0395484 0.0407266 0.0124835 0.0546813 0.0221826 0.0633089 0.0523648 0.0339879 0.0453422 0.0443687 0.0000000 0.0443330 0.0395288 0.0407093 0.0524995 0.0477133 0.0498929 0.0632066 0.0433133 0.1297796 0.0697315 0.0329454 0.0638280 0.0558252 0.0260979 0.0585444 0.0547798 0.0418857 0.0407528 0.0480625 0.0372417 0.0485036 0.0599426 0.0359788 0.0395789 0.0395802 0.0515120 0.0383996 0.0395494 0.0384155 0.0536866 0.0297085 0.0444943 0.0314733 0.0376517 0.0419793 0.0407065 0.0564179 0.0520909 0.0478204 0.0459850 0.0253605 0.0509782 0.0771379 0.0535166 0.0542531 0.0674226 0.0302928 0.0419126 0.0657607 0.0644256 0.0430399 0.0273775 0.0237889 0.0611496 0.0534018 0.0549276 0.0298471 0.0520749 0.0407623 0.0612891 0.0505207 0.0328718 
Perityle_coahuilensis_24                   0.1824748 0.1280958 0.2137254 0.2740610 0.1931186 0.1457067 0.3287649 0.2616647 0.3647974 0.1673435 0.2301588 0.1484196 0.0489066 0.0083865 0.0875521 0.1077483 0.0713819 0.2186865 0.0705876 0.1006078 0.0525401 0.0379888 0.0443330 0.0000000 0.0765814 0.0859943 0.1086188 0.1563223 0.1379668 0.1663826 0.0804398 0.1719018 0.3032330 0.1423112 0.1728510 0.1784774 0.1253720 0.1413719 0.0951094 0.0705023 0.0175047 0.1351553 0.0200979 0.1136178 0.1464968 0.1501826 0.0670893 0.0918777 0.1825684 0.0297273 0.0710708 0.0708421 0.1055945 0.1136719 0.1208986 0.1096329 0.0330975 0.0968823 0.0609807 0.1201610 0.0425462 0.1125623 0.0392267 0.1488634 0.1037199 0.1240296 0.1322582 0.1908779 0.2144024 0.1245838 0.0336691 0.1559749 0.0390857 0.0397982 0.1434376 0.0149948 0.1485306 0.1238314 0.1636717 0.1273947 0.0724615 0.0359985 0.1924714 0.0864989 0.0450470 
Perityle_cochisensis_44_cave_creek         0.1995236 0.1236543 0.2144922 0.2790446 0.1977391 0.1400528 0.3222604 0.2585809 0.3501907 0.1608629 0.2043347 0.1592975 0.0434193 0.0437414 0.0786660 0.1096103 0.0825134 0.2279963 0.0747767 0.0875252 0.0334627 0.0382374 0.0395288 0.0765814 0.0000000 0.0490074 0.0926002 0.1588655 0.1462650 0.1646802 0.0735877 0.1700540 0.2989197 0.1541784 0.1443841 0.1793661 0.1329192 0.1567198 0.0922915 0.0425341 0.0681232 0.1125361 0.0208328 0.1071191 0.1277286 0.1589497 0.0493358 0.0503857 0.1703638 0.0358954 0.0427584 0.0421611 0.0894047 0.1067886 0.1115338 0.1105177 0.0235198 0.0556888 0.0503614 0.1240969 0.0372098 0.1092781 0.0293180 0.1577675 0.1077815 0.1051389 0.1433808 0.1915856 0.2074576 0.1348999 0.0731181 0.1599246 0.0481867 0.0239425 0.1567563 0.0032864 0.1664114 0.1293600 0.1519959 0.1561043 0.0673727 0.0324825 0.1971577 0.0835723 0.0394481 
Perityle_congesta_202                      0.1879636 0.1215372 0.2048594 0.2795749 0.1968434 0.1385109 0.3192191 0.2637553 0.3439121 0.1687771 0.2096647 0.1527286 0.0234381 0.0377960 0.0811987 0.1079754 0.0904004 0.2264725 0.0757350 0.0946913 0.0392950 0.0243204 0.0407093 0.0859943 0.0490074 0.0000000 0.0910991 0.1483330 0.1350031 0.1652962 0.0755058 0.1652943 0.3020695 0.1506487 0.1456658 0.1721644 0.1201162 0.1442326 0.0930462 0.0402637 0.0588464 0.0955849 0.0114950 0.1064039 0.1303473 0.1554070 0.0243933 0.0274202 0.1643118 0.0258581 0.0214751 0.0127434 0.0903560 0.1093805 0.1152410 0.1169133 0.0319897 0.0326172 0.0256580 0.1220846 0.0389605 0.1077131 0.0341885 0.1568514 0.1120313 0.1055250 0.1354240 0.1806613 0.2096294 0.1356565 0.0861224 0.1605361 0.0373512 0.0096203 0.1437273 0.0107432 0.1517986 0.1210050 0.1482754 0.1516484 0.0715184 0.0260887 0.1930925 0.0884010 0.0429066 
Perityle_cordifolia_27                     0.1916327 0.1232193 0.2082578 0.2855097 0.2018092 0.1491956 0.3287790 0.2570702 0.3477732 0.1630922 0.2180460 0.1513855 0.0679297 0.0618442 0.0926782 0.1175661 0.0768531 0.2242252 0.0756974 0.0968996 0.0522319 0.0469733 0.0524995 0.1086188 0.0926002 0.0910991 0.0000000 0.1449406 0.1426301 0.1687083 0.0774979 0.1706099 0.3203761 0.1537302 0.1307269 0.1833686 0.1366346 0.1628453 0.1026504 0.0842571 0.0825350 0.1030967 0.0333400 0.1120775 0.1494732 0.1629122 0.0795582 0.0996680 0.1760312 0.0489001 0.0820384 0.0751736 0.0061431 0.1243042 0.1256625 0.1123663 0.0144723 0.1012140 0.0723661 0.1300822 0.0425328 0.1178093 0.0046492 0.1765854 0.1102506 0.0691263 0.1418366 0.1999330 0.2215209 0.1339479 0.1056736 0.1635918 0.0584707 0.0553542 0.1471823 0.0285029 0.1642723 0.1223670 0.1620820 0.1456251 0.0732942 0.0563456 0.1796457 0.0930859 0.0383797 
Perityle_cordifolia_68_tecolote            0.2287887 0.1252139 0.2390795 0.3145695 0.2279924 0.1430822 0.3477266 0.2822026 0.3716417 0.1926260 0.2662453 0.1948100 0.1242917 0.1136026 0.1483638 0.1514802 0.1147285 0.2504462 0.1196659 0.1354998 0.1005373 0.1288750 0.0477133 0.1563223 0.1588655 0.1483330 0.1449406 0.0000000 0.2174218 0.2130445 0.0821474 0.2111380 0.3325958 0.1733735 0.2186657 0.1695685 0.1618049 0.1925423 0.1625637 0.1518030 0.1397684 0.1417360 0.0872662 0.1120762 0.2138733 0.1818285 0.1393749 0.1621816 0.1723935 0.1076378 0.1503243 0.1481749 0.1486905 0.1586829 0.1636619 0.0177697 0.0688983 0.1452625 0.1387608 0.1885363 0.0463067 0.1546651 0.0577132 0.1817012 0.1448549 0.2121197 0.1868194 0.2257286 0.2217790 0.1678492 0.1542137 0.2049100 0.1325251 0.1365098 0.1838162 0.0296982 0.2054099 0.1995291 0.1855968 0.1721678 0.0756671 0.1242420 0.2741801 0.1367326 0.0782924 
Perityle_coronopifolia_28_patagonia        0.2577226 0.1332749 0.2708673 0.2713718 0.2070991 0.1621480 0.3980707 0.2607051 0.3917370 0.1936830 0.2534701 0.1682537 0.1379319 0.1297343 0.0892476 0.1475656 0.1022284 0.2593634 0.0708757 0.1249198 0.0996828 0.1395236 0.0498929 0.1379668 0.1462650 0.1350031 0.1426301 0.2174218 0.0000000 0.2038233 0.0871754 0.2024589 0.2880909 0.1683183 0.2021344 0.1839836 0.1485478 0.1529024 0.1418409 0.1294543 0.1307827 0.1632631 0.1228117 0.1194216 0.1337930 0.1723282 0.1333325 0.1353269 0.1770477 0.1147797 0.1300516 0.1274515 0.1222402 0.1315565 0.0821579 0.1340054 0.0771755 0.1432103 0.1333402 0.1315806 0.0426443 0.1244472 0.0686762 0.1696550 0.0775692 0.1496234 0.1846797 0.2541677 0.1957118 0.1552429 0.1370652 0.1920236 0.0946622 0.1220469 0.1811923 0.0365031 0.2169764 0.0830110 0.1738883 0.1704833 0.0682850 0.1316016 0.2422094 0.1025642 0.1216702 
Perityle_crassifolia_70_ventanas           0.1676378 0.0908865 0.1647914 0.2696806 0.1532390 0.0894387 0.3349263 0.2579524 0.3264585 0.0475952 0.1731423 0.1872122 0.1613570 0.1615338 0.1178774 0.1922545 0.1682240 0.1586612 0.1717328 0.1966640 0.1460942 0.1903905 0.0632066 0.1663826 0.1646802 0.1652962 0.1687083 0.2130445 0.2038233 0.0000000 0.0109996 0.1586274 0.1949266 0.1848922 0.1275224 0.1801868 0.1725983 0.1932154 0.1866066 0.1614125 0.1618848 0.2292516 0.1648267 0.1645678 0.1927176 0.1850958 0.1644423 0.1620420 0.1857403 0.1593100 0.1669645 0.1656258 0.1687217 0.1799646 0.1790401 0.1661707 0.1295937 0.1716325 0.1667896 0.1749181 0.0834351 0.1624145 0.1011065 0.1860755 0.1855587 0.1781044 0.1425147 0.1760477 0.2511028 0.1926023 0.1655402 0.0141724 0.1787796 0.1549360 0.1993748 0.0943983 0.1495395 0.1802186 0.2043864 0.1964178 0.1191920 0.1658941 0.0240557 0.1181186 0.1754236 
Perityle_crassifolia_74_playa_balandra     0.0749953 0.0624441 0.0740547 0.2328236 0.1055718 0.0576200 0.2398462 0.2015478 0.1873691 0.0420436 0.0770540 0.0777129 0.0745901 0.0783984 0.0697990 0.0810961 0.0673728 0.0742110 0.0813059 0.0676146 0.0680961 0.0755160 0.0433133 0.0804398 0.0735877 0.0755058 0.0774979 0.0821474 0.0871754 0.0109996 0.0000000 0.1191349 0.1105046 0.0803530 0.0888111 0.0879098 0.0774011 0.0898176 0.0810961 0.0774498 0.0784612 0.0909686 0.0726960 0.0800268 0.0859874 0.0776059 0.0755219 0.0746194 0.0800055 0.0736390 0.0733454 0.0726948 0.0803330 0.0841362 0.0788313 0.0698197 0.0628149 0.0765355 0.0764560 0.1005463 0.0696418 0.0743858 0.0615124 0.0788192 0.0809317 0.1093231 0.0656231 0.0783072 0.1807139 0.0764136 0.0793357 0.0135780 0.0998623 0.0764997 0.0793890 0.0596101 0.0805467 0.0888197 0.0805686 0.0793861 0.0643668 0.0755948 0.0222040 0.0601934 0.0696806 
Perityle_cuneata_34_cuneata_San_antonio    0.1667191 0.1477601 0.1692951 0.2652244 0.1311972 0.0827428 0.3301544 0.2734347 0.3222146 0.1541869 0.1309288 0.1874075 0.1630269 0.1644536 0.1562849 0.1786452 0.1524396 0.1125022 0.1680843 0.1606850 0.1565202 0.1817040 0.1297796 0.1719018 0.1700540 0.1652943 0.1706099 0.2111380 0.2024589 0.1586274 0.1191349 0.0000000 0.2106336 0.1861763 0.1312531 0.1862576 0.1854534 0.1801338 0.1717058 0.1668548 0.1694006 0.2127748 0.1603268 0.1577249 0.1758859 0.1824676 0.1696647 0.1651510 0.1894095 0.1594412 0.1635537 0.1625791 0.1677567 0.1833241 0.1844650 0.1782509 0.1467195 0.1773723 0.1680721 0.1978223 0.1177152 0.1848490 0.1188110 0.1874751 0.1805628 0.1824850 0.0900098 0.1385830 0.2651772 0.1943322 0.1708739 0.1467986 0.1382652 0.1612788 0.2074852 0.1357393 0.1228220 0.1745474 0.2189922 0.1934069 0.1648081 0.1700834 0.1603717 0.0771862 0.1920372 
Perityle_cuneata_4                         0.2644408 0.1388238 0.2721011 0.3066483 0.2379730 0.1091736 0.3794590 0.2761251 0.3564229 0.1795008 0.2738659 0.3258745 0.2871357 0.2715280 0.1663606 0.3230176 0.2792594 0.2286112 0.2617190 0.3001448 0.2571257 0.2724980 0.0697315 0.3032330 0.2989197 0.3020695 0.3203761 0.3325958 0.2880909 0.1949266 0.1105046 0.2106336 0.0000000 0.3022754 0.2838553 0.3230976 0.2781327 0.2822165 0.2946795 0.3089029 0.2917091 0.3187949 0.2553324 0.2575719 0.3327220 0.3050934 0.2889887 0.3057176 0.3241204 0.2632894 0.2908570 0.2706899 0.3154837 0.2708797 0.2935626 0.2029080 0.1580415 0.3051981 0.2855534 0.2769337 0.1036396 0.2436510 0.1438218 0.3146527 0.3225422 0.2975776 0.2094364 0.2536105 0.2453009 0.3258002 0.3038928 0.1848179 0.2842465 0.2584331 0.3206288 0.1137958 0.2175898 0.2995873 0.3137991 0.3065502 0.1881490 0.2937297 0.2309214 0.1783611 0.2329976 
Perityle_dissecta_201                      0.1948105 0.1428870 0.2112307 0.3035653 0.2124297 0.1598750 0.3626195 0.2597083 0.3704087 0.1803238 0.2343488 0.0257012 0.1221322 0.1097423 0.0372230 0.1571180 0.0250606 0.2179947 0.0973238 0.0410647 0.1042045 0.0978481 0.0329454 0.1423112 0.1541784 0.1506487 0.1537302 0.1733735 0.1683183 0.1848922 0.0803530 0.1861763 0.3022754 0.0000000 0.2080487 0.1650161 0.0242480 0.1731440 0.1442195 0.1401267 0.1289178 0.1763762 0.0881919 0.1118231 0.1549649 0.0818738 0.1342445 0.1426538 0.1739027 0.1009495 0.1382665 0.1364995 0.1416414 0.0268087 0.1353074 0.1029665 0.0694724 0.1594039 0.1273873 0.1556974 0.0813663 0.1464388 0.0679686 0.0229252 0.1428604 0.1680270 0.1573622 0.1894511 0.1631254 0.0237317 0.1379929 0.1703216 0.1053956 0.1094477 0.0696980 0.0476662 0.1502048 0.1506589 0.1856847 0.0676716 0.0811706 0.1074818 0.2293237 0.0924445 0.0881720 
Perityle_emoryi_47_punta_san_jose          0.1403041 0.0860078 0.1582254 0.2846903 0.1509961 0.0856956 0.3304679 0.2444889 0.3323925 0.1235861 0.1772097 0.2101236 0.1413724 0.1478741 0.1535421 0.1995637 0.1365318 0.2028573 0.1514335 0.1591728 0.1345955 0.1414157 0.0638280 0.1728510 0.1443841 0.1456658 0.1307269 0.2186657 0.2021344 0.1275224 0.0888111 0.1312531 0.2838553 0.2080487 0.0000000 0.2006307 0.2095201 0.1834916 0.1819943 0.1416680 0.1629677 0.2069353 0.1182952 0.1501788 0.1926778 0.2100819 0.1483295 0.1420911 0.2076588 0.1322980 0.1450729 0.1469943 0.1298619 0.2129634 0.1861742 0.1763767 0.1037759 0.1597788 0.1511982 0.1395468 0.0880743 0.1276625 0.0660232 0.2109653 0.1773541 0.1321757 0.1031151 0.1893971 0.2369375 0.2169714 0.1714145 0.1313629 0.1301615 0.1457016 0.2243518 0.1083020 0.1670021 0.1882258 0.2227335 0.2124384 0.1356680 0.1502330 0.1751962 0.1155717 0.1280289 
Perityle_feddemae_99                       0.2221487 0.1337670 0.2355108 0.2944479 0.2096121 0.1446356 0.3387273 0.2532793 0.3451884 0.1870719 0.2237550 0.1681329 0.1655883 0.1553295 0.1184893 0.1607101 0.0884599 0.2447402 0.1070894 0.1027000 0.1093495 0.1502605 0.0558252 0.1784774 0.1793661 0.1721644 0.1833686 0.1695685 0.1839836 0.1801868 0.0879098 0.1862576 0.3230976 0.1650161 0.2006307 0.0000000 0.1593820 0.1987015 0.1607047 0.1603513 0.1720941 0.0895278 0.1162747 0.0252724 0.1747566 0.1736887 0.1690076 0.1731961 0.0753873 0.1433515 0.1725508 0.1685737 0.1777286 0.1442777 0.1422417 0.1203829 0.0717184 0.1640551 0.1690357 0.1930824 0.0436918 0.1657668 0.0679793 0.1678574 0.1402350 0.2182966 0.1463109 0.2133282 0.1926953 0.1629975 0.1737866 0.1761156 0.1390976 0.1554049 0.1660762 0.0389474 0.1896602 0.1705994 0.1272915 0.1686138 0.0753729 0.1507240 0.2822767 0.1069003 0.0801668 
Perityle_fosteri_93                        0.1871152 0.1364714 0.2019021 0.2936121 0.2048097 0.1554870 0.3555302 0.2632824 0.3527503 0.1605418 0.1933390 0.0306182 0.1181394 0.1067442 0.0365680 0.1441599 0.0144164 0.2214929 0.0928514 0.0353066 0.0977959 0.0985181 0.0260979 0.1253720 0.1329192 0.1201162 0.1366346 0.1618049 0.1485478 0.1725983 0.0774011 0.1854534 0.2781327 0.0242480 0.2095201 0.1593820 0.0000000 0.1488747 0.1330766 0.1276617 0.1178983 0.1692869 0.0852173 0.1037317 0.1226123 0.0565604 0.1192687 0.1182812 0.1524700 0.0986695 0.1193902 0.1177863 0.1361245 0.0317027 0.1202480 0.1045253 0.0695020 0.1313340 0.1160667 0.1480983 0.0709532 0.1418297 0.0670218 0.0288971 0.1270892 0.1670394 0.1426929 0.1653739 0.1614668 0.0251375 0.1156627 0.1565221 0.0992683 0.1046292 0.0663158 0.0415936 0.1513089 0.1385432 0.1842288 0.0730758 0.0814675 0.1041850 0.2068583 0.0943690 0.0872113 
Perityle_gamon_221                         0.2072146 0.1361308 0.2141285 0.2709296 0.1981340 0.1584865 0.3765628 0.2769219 0.3965005 0.1843272 0.2592651 0.1850940 0.1278649 0.1141420 0.1324246 0.1772051 0.0933537 0.2637952 0.0805952 0.1081754 0.1195977 0.1231416 0.0585444 0.1413719 0.1567198 0.1442326 0.1628453 0.1925423 0.1529024 0.1932154 0.0898176 0.1801338 0.2822165 0.1731440 0.1834916 0.1987015 0.1488747 0.0000000 0.1596219 0.1444498 0.1364885 0.1547891 0.1091858 0.1193642 0.0840779 0.1723875 0.1373704 0.1387086 0.2054269 0.1100484 0.1439490 0.1431675 0.1598922 0.1387224 0.1236057 0.1503748 0.0798700 0.1633537 0.1373467 0.1363028 0.0465405 0.1262111 0.0683160 0.1726357 0.1509460 0.1814920 0.1630046 0.2168275 0.2257501 0.1564384 0.1423467 0.1954774 0.0941424 0.1198673 0.1704790 0.0423171 0.1937596 0.1255800 0.1906304 0.1664473 0.0737539 0.1233462 0.2331057 0.1111410 0.1322003 
Perityle_gentryi_8_san_francisco           0.2252800 0.1310411 0.2350222 0.2628225 0.1977859 0.1556113 0.3538808 0.2815796 0.3774043 0.1778686 0.2258264 0.1470570 0.0942420 0.0961984 0.0987897 0.0098897 0.0733081 0.2648801 0.0920954 0.0879583 0.0828677 0.0976404 0.0547798 0.0951094 0.0922915 0.0930462 0.1026504 0.1625637 0.1418409 0.1866066 0.0810961 0.1717058 0.2946795 0.1442195 0.1819943 0.1607047 0.1330766 0.1596219 0.0000000 0.1004504 0.0906541 0.1538337 0.0852231 0.1274247 0.1425704 0.1431086 0.0911404 0.0943570 0.1502586 0.0771042 0.0882100 0.0873246 0.0861968 0.1340707 0.1206574 0.1360524 0.0641521 0.0963423 0.0918780 0.1324322 0.0425404 0.1209004 0.0667717 0.1447884 0.1029949 0.1266378 0.1421508 0.2027333 0.2594016 0.1336997 0.0946297 0.1813042 0.0622003 0.0907423 0.1427292 0.0227375 0.1969387 0.1127990 0.1908292 0.1480616 0.0772423 0.0939513 0.2264063 0.1104300 0.0870144 
Perityle_gilensis_22_Superstition          0.2027692 0.1276847 0.2150655 0.2827819 0.1988558 0.1417813 0.3223795 0.2584196 0.3321320 0.1576116 0.1968841 0.1493390 0.0408972 0.0489221 0.0817116 0.1097438 0.0878006 0.2272810 0.0753260 0.0956746 0.0338127 0.0474387 0.0418857 0.0705023 0.0425341 0.0402637 0.0842571 0.1518030 0.1294543 0.1614125 0.0774498 0.1668548 0.3089029 0.1401267 0.1416680 0.1603513 0.1276617 0.1444498 0.1004504 0.0000000 0.0590538 0.0958377 0.0290104 0.1065879 0.1262880 0.1489006 0.0427700 0.0438733 0.1485324 0.0407155 0.0357485 0.0306729 0.0738542 0.1177177 0.1016992 0.1140250 0.0261198 0.0351251 0.0434798 0.1166404 0.0415268 0.1100637 0.0309515 0.1477487 0.1025208 0.1058232 0.1236219 0.1842392 0.2121216 0.1398310 0.0659289 0.1579549 0.0494095 0.0286643 0.1544220 0.0083256 0.1755629 0.1184174 0.1460131 0.1571399 0.0698587 0.0429694 0.2007194 0.0861563 0.0474346 
Perityle_gilensis_salensis_225             0.1848443 0.1278882 0.2087506 0.2675860 0.1926918 0.1472120 0.3286669 0.2605371 0.3499978 0.1625257 0.2027086 0.1334647 0.0430500 0.0087942 0.0832919 0.0991621 0.0738541 0.2216461 0.0681440 0.0881072 0.0485120 0.0308223 0.0407528 0.0175047 0.0681232 0.0588464 0.0825350 0.1397684 0.1307827 0.1618848 0.0784612 0.1694006 0.2917091 0.1289178 0.1629677 0.1720941 0.1178983 0.1364885 0.0906541 0.0590538 0.0000000 0.1048951 0.0173133 0.1124782 0.1066702 0.1349922 0.0521268 0.0550801 0.1754074 0.0246734 0.0498027 0.0511145 0.0867689 0.1143040 0.1123097 0.1073183 0.0310570 0.0740877 0.0531551 0.1225130 0.0424813 0.1119446 0.0350828 0.1324935 0.0988263 0.1220788 0.1351697 0.1816939 0.2121335 0.1239536 0.0089828 0.1576086 0.0388074 0.0377426 0.1397848 0.0124899 0.1542659 0.1173252 0.1532137 0.1289532 0.0707414 0.0344686 0.1844524 0.0876301 0.0422991 
Perityle_glaucescens_94                    0.2392283 0.1364750 0.2582542 0.3425819 0.2340110 0.1406135 0.3709694 0.2716757 0.3827309 0.2154440 0.2526636 0.1766154 0.1030130 0.0999430 0.1343734 0.1344471 0.1279255 0.2575881 0.0930109 0.1530469 0.0884799 0.1383344 0.0480625 0.1351553 0.1125361 0.0955849 0.1030967 0.1417360 0.1632631 0.2292516 0.0909686 0.2127748 0.3187949 0.1763762 0.2069353 0.0895278 0.1692869 0.1547891 0.1538337 0.0958377 0.1048951 0.0000000 0.0861434 0.0662567 0.1829779 0.1710137 0.1300398 0.1052442 0.0782643 0.0911161 0.1276103 0.1215532 0.1140754 0.1544384 0.1178954 0.1290008 0.0855805 0.1010156 0.1289514 0.1440789 0.0585774 0.1201935 0.0677564 0.1778944 0.1043537 0.1976628 0.1826519 0.2406132 0.2124827 0.1794575 0.1248831 0.2220164 0.1093617 0.1175497 0.1803811 0.0413906 0.2026398 0.1561658 0.1507862 0.1742724 0.0736954 0.1312398 0.2454662 0.1682963 0.1056772 
Perityle_gracilis_11                       0.1788133 0.1206271 0.1854793 0.2803868 0.2007543 0.1384275 0.3197153 0.2588124 0.3367160 0.1560750 0.1829673 0.0893352 0.0111080 0.0192741 0.0607777 0.0851308 0.0661772 0.2167783 0.0640937 0.0786232 0.0324094 0.0251910 0.0372417 0.0200979 0.0208328 0.0114950 0.0333400 0.0872662 0.1228117 0.1648267 0.0726960 0.1603268 0.2553324 0.0881919 0.1182952 0.1162747 0.0852173 0.1091858 0.0852231 0.0290104 0.0173133 0.0861434 0.0000000 0.1004477 0.0875599 0.0854232 0.0107139 0.0110980 0.1097938 0.0101979 0.0107811 0.0099420 0.0359029 0.0844447 0.0919637 0.1008864 0.0261224 0.0165436 0.0126368 0.1239939 0.0363668 0.1070472 0.0309638 0.0883098 0.0830369 0.0844398 0.1356640 0.1508185 0.2077810 0.0908332 0.0192856 0.1599673 0.0387525 0.0104899 0.1006051 0.0041526 0.1393051 0.0975538 0.1258456 0.0991321 0.0674158 0.0118702 0.1565008 0.0845225 0.0365903 
Perityle_harkerae_31                       0.1886725 0.1259140 0.1886729 0.2719107 0.1978248 0.1353194 0.3252829 0.2585262 0.3094927 0.1631818 0.1459389 0.1136421 0.1039332 0.1134907 0.0745710 0.1289204 0.0723615 0.2086108 0.0931343 0.0850533 0.0829977 0.1195540 0.0485036 0.1136178 0.1071191 0.1064039 0.1120775 0.1120762 0.1194216 0.1645678 0.0800268 0.1577249 0.2575719 0.1118231 0.1501788 0.0252724 0.1037317 0.1193642 0.1274247 0.1065879 0.1124782 0.0662567 0.1004477 0.0000000 0.1184243 0.1072820 0.1053595 0.1053010 0.0346104 0.0979753 0.1057445 0.1046614 0.1147999 0.1079364 0.1100112 0.1252621 0.0679830 0.1025606 0.1057868 0.1424404 0.0366123 0.1347427 0.0609635 0.1131520 0.1068006 0.1649631 0.1367972 0.1559903 0.1942127 0.1172408 0.1140418 0.1692428 0.1097582 0.1070024 0.1133621 0.0244749 0.1532325 0.1073383 0.0891244 0.1186047 0.0696382 0.1063308 0.2110241 0.0975690 0.0827672 
