86
Amauria_brandeegeana_62                    0.0000000 0.1439823 0.0808467 0.4342371 0.1786013 0.0721140 0.3429138 0.2921558 0.3305493 0.1036743 0.2383895 0.2106106 0.2210103 0.1969933 0.2321810 0.2524280 0.1992186 0.0671594 0.2619837 0.2182769 0.2222856 0.1985933 0.1065288 0.2226531 0.2320508 0.2250375 0.2461608 0.2303680 0.2381778 0.1790630 0.1719643 0.2430401 0.2490528 0.1831448 0.2470931 0.1598334 0.3007743 0.1992272 0.2778851 0.2255958 0.2118854 0.2036372 0.2831641 0.2515851 0.2939610 0.2783776 0.2083973 0.2322150 0.2280289 0.2755788 0.3116996 0.2303496 0.2717274 0.2528767 0.2005340 0.2806590 0.2331411 0.2088162 0.2083281 0.2236825 0.2480020 0.1176087 0.3003200 0.2859941 0.2589981 0.2482107 0.2274304 0.2922198 0.2682386 0.1012964 0.2073899 0.2226531 0.2017007 0.2293175 0.2026271 0.1985889 0.0879827 0.3010307 0.2570100 0.2011726 0.2467302 0.1265714 0.2324006 0.2498616 0.0970128 0.2760436 
Amauria_carterae_99_mesa                   0.1439823 0.0000000 0.1519516 0.1734376 0.1358077 0.0863818 0.3767472 0.3322522 0.3465618 0.1568520 0.1859842 0.1310340 0.1434208 0.1309873 0.1231576 0.1457943 0.1273575 0.0000010 0.1716666 0.1232011 0.1313586 0.1313444 0.1298899 0.1337090 0.1331968 0.1401380 0.1634453 0.1342617 0.1432938 0.1567809 0.1410661 0.1730892 0.1866357 0.2650324 0.1436360 0.1351164 0.2343896 0.1234729 0.1903063 0.1329551 0.1259925 0.1273713 0.1898309 0.2213749 0.1889477 0.1945072 0.1314554 0.1431580 0.1432711 0.1848531 0.1487055 0.1269863 0.1358927 0.1505876 0.1329626 0.1858693 0.1427446 0.1285416 0.1392146 0.1411857 0.1528768 0.1000016 0.1605571 0.2259774 0.1709629 0.1511216 0.1629604 0.2849452 0.1407127 0.1029382 0.1260837 0.1337090 0.1567809 0.1432945 0.1439507 0.1308275 0.1265022 0.1502284 0.1953831 0.1352470 0.1644479 0.0788784 0.1435728 0.1726059 0.0923195 0.1520414 
Amauria_rotundifolia_SRR9119150            0.0808467 0.1519516 0.0000000 0.4450677 0.1833923 0.0712936 0.3401275 0.2705376 0.3426085 0.0237447 0.3225555 0.2365230 0.2383678 0.2602520 0.3155209 0.3051346 0.2603098 0.1472123 0.2672688 0.2874013 0.2541682 0.2604042 0.0860590 0.2790884 0.2523337 0.2953010 0.2723422 0.2446048 0.3028610 0.2650109 0.1701884 0.2596719 0.3101818 0.2774509 0.2682487 0.1650832 0.3349539 0.2357964 0.3373709 0.2434259 0.2057544 0.2569122 0.3076243 0.2722908 0.3352138 0.3398849 0.2586986 0.2600301 0.2854634 0.3275995 0.3363666 0.3079376 0.2868536 0.2868467 0.2453462 0.2870386 0.2351821 0.1950746 0.2518844 0.2766058 0.2888970 0.1120003 0.3422878 0.3011305 0.3363349 0.3073868 0.2895028 0.3472067 0.3071614 0.1011504 0.2232489 0.2826847 0.2848913 0.2697051 0.2548550 0.2374690 0.0977100 0.3180493 0.3107352 0.2542907 0.2812536 0.1502345 0.2792672 0.2757034 0.0866040 0.3064004 
Conoclinium_coelestinum_SRR9119114         0.4342371 0.1734376 0.4450677 0.0000000 0.2120446 0.1943726 0.4525804 0.3583678 0.5002990 0.4507818 0.3208727 0.3332126 0.3349752 0.3416542 0.3335014 0.4179046 0.3310050 0.2746265 0.3271513 0.3405561 0.3320674 0.3425055 0.2503831 0.3287223 0.3257818 0.3538287 0.3346196 0.3460239 0.3136670 0.1968701 0.1998309 0.3866940 0.3796730 0.3718357 0.4228352 0.2036549 0.4139496 0.3388014 0.3753030 0.3374879 0.3253855 0.3389306 0.3835722 0.4352519 0.3895132 0.3851047 0.3423299 0.3454552 0.3647243 0.3867022 0.4343207 0.2929051 0.4367573 0.3520259 0.3395967 0.3771672 0.2805662 0.2485144 0.3423877 0.3246788 0.3515970 0.2241031 0.3786471 0.2949136 0.4399427 0.3444782 0.3607732 0.4979864 0.3412850 0.2067077 0.3317522 0.3287223 0.2028366 0.3246853 0.3503108 0.3297170 0.2103303 0.3657160 0.3621707 0.3379755 0.4030855 0.2103424 0.3234456 0.3862641 0.2108364 0.4175936 
Eutetras_palmeri_63                        0.1786013 0.1358077 0.1833923 0.2120446 0.0000000 0.0070526 0.2839288 0.2891990 0.2890271 0.1809878 0.1165451 0.0829782 0.0909469 0.0857926 0.0830633 0.1090554 0.0803438 0.1118518 0.1217327 0.0835261 0.0926552 0.0817786 0.1219782 0.0864825 0.1019290 0.0988886 0.1039945 0.1004835 0.1025456 0.1189206 0.1255233 0.1048179 0.0992396 0.1608267 0.1340491 0.1041797 0.1381976 0.0873082 0.1320830 0.1062220 0.0878481 0.0846116 0.1094662 0.1515321 0.1088534 0.1348969 0.0847191 0.0844744 0.0906549 0.1090661 0.1750160 0.1341599 0.1581781 0.1188458 0.0851689 0.1119543 0.1065043 0.0779621 0.0817231 0.0894717 0.0979720 0.0831347 0.1086858 0.2771439 0.1417806 0.1038852 0.1087440 0.2007797 0.1035412 0.0656535 0.0852427 0.0864825 0.1500973 0.0980039 0.0873716 0.0851951 0.0814840 0.0767692 0.1059722 0.0858045 0.1498303 0.0874469 0.0914106 0.1103503 0.0479854 0.1022308 
Eutetras_pringlei_149_quer                 0.0721140 0.0863818 0.0712936 0.1943726 0.0070526 0.0000000 0.1077915 0.1433707 0.1130353 0.0675888 0.0882896 0.0626935 0.0673953 0.0643956 0.0629763 0.0627293 0.0628378 0.1148493 0.0723513 0.0627371 0.0510806 0.0551578 0.0697980 0.0625448 0.0512725 0.0589702 0.0624456 0.0742953 0.0549773 0.0829974 0.0812074 0.0628699 0.0634054 0.0545703 0.0667721 0.0524962 0.0943766 0.0589971 0.0869805 0.0627293 0.0588167 0.0550959 0.0765387 0.0513200 0.0725051 0.0909476 0.0629980 0.0551578 0.0589971 0.0765702 0.0551313 0.0629533 0.0588556 0.0562948 0.0589294 0.0745566 0.0625448 0.0628136 0.0551578 0.0633664 0.0629744 0.0743616 0.0473557 0.0614139 0.0626810 0.0588014 0.0601968 0.0436276 0.0697088 0.0705412 0.0595153 0.0625448 0.0829974 0.0714446 0.0589715 0.0655224 0.0513554 0.0288475 0.0473184 0.0665902 0.0626641 0.0459116 0.0613890 0.0666054 0.0486629 0.0665395 
Eutrochium_fistulosum_SRR9119106           0.3429138 0.3767472 0.3401275 0.4525804 0.2839288 0.1077915 0.0000000 0.3356136 0.3895384 0.3358623 0.3165028 0.2978113 0.3139025 0.2924368 0.3141885 0.3491304 0.2869487 0.1710930 0.3433817 0.2877250 0.3319321 0.2912584 0.1916321 0.3239457 0.3354378 0.3314394 0.3306473 0.3385315 0.3508720 0.2535151 0.2511524 0.3262496 0.3249893 0.2572536 0.3616744 0.2694934 0.3633175 0.2873553 0.3414515 0.3270867 0.3161938 0.2836106 0.3497493 0.3257997 0.3458216 0.3392096 0.2949694 0.2875373 0.3030990 0.3383441 0.4120249 0.2888594 0.3984034 0.3487546 0.2905158 0.3633819 0.3240540 0.2859719 0.2853548 0.3147983 0.3345946 0.1449280 0.3780863 0.4190068 0.3614572 0.3536889 0.3323706 0.3635664 0.3476618 0.1375924 0.2916613 0.3239457 0.2344404 0.3153092 0.2875895 0.2916536 0.1816745 0.3058046 0.3214985 0.2806432 0.3785913 0.1749660 0.3188295 0.3365825 0.1110859 0.3308598 
Galeana_pratensis_104_mex                  0.2921558 0.3322522 0.2705376 0.3583678 0.2891990 0.1433707 0.3356136 0.0000000 0.3434331 0.2658710 0.2766014 0.2669011 0.2657593 0.2775559 0.2582865 0.2525372 0.2625615 0.2583080 0.3131020 0.2620214 0.2809239 0.2625615 0.2653527 0.2573195 0.2760121 0.2734614 0.2715519 0.2717832 0.2924271 0.2539778 0.2539778 0.2927341 0.2718644 0.2643662 0.2654029 0.2750241 0.2946755 0.2620214 0.2727394 0.2581491 0.2571768 0.2628258 0.2807098 0.2561130 0.2753626 0.2892772 0.2728747 0.2625615 0.2625615 0.2753626 0.2770470 0.2590757 0.2929954 0.2781128 0.2741949 0.2820349 0.2709306 0.2505734 0.2625615 0.2662750 0.2984202 0.1656865 0.2489269 0.2813318 0.2855532 0.2963999 0.2839197 0.2981688 0.2845055 0.1748079 0.2496480 0.2573195 0.2539778 0.2771359 0.2728747 0.2631362 0.2657555 0.2319902 0.2857261 0.2671573 0.2750491 0.1397745 0.2759390 0.2856824 0.1519455 0.2916062 
Helianthus_annuus_SRR9119062               0.3305493 0.3465618 0.3426085 0.5002990 0.2890271 0.1130353 0.3895384 0.3434331 0.0000000 0.3483870 0.3220652 0.3105327 0.3427167 0.3098604 0.3394619 0.3444027 0.3023332 0.1796500 0.3603641 0.3110669 0.3458624 0.3033226 0.2279890 0.3379782 0.3601776 0.3342988 0.3454552 0.3488140 0.3290503 0.2720007 0.3043207 0.3463004 0.3111999 0.2647798 0.3565763 0.2845709 0.4055242 0.3099907 0.3553453 0.3389105 0.3398285 0.3067880 0.3674522 0.3343206 0.3569441 0.3485401 0.3095706 0.3094255 0.3211009 0.3575764 0.4085968 0.3195479 0.3829422 0.3502154 0.3172259 0.3450543 0.3738347 0.3402557 0.3032053 0.3418189 0.3397615 0.1539212 0.3694536 0.4953072 0.3608997 0.3353470 0.3323447 0.3882123 0.3324645 0.1341544 0.3096672 0.3379782 0.2620991 0.3516140 0.3094929 0.3038436 0.2180721 0.3178242 0.3352916 0.3057395 0.3609475 0.1909391 0.3426619 0.3343829 0.1172262 0.3745288 
Lycapsus_tenuifolius_17                    0.1036743 0.1568520 0.0237447 0.4507818 0.1809878 0.0675888 0.3358623 0.2658710 0.3483870 0.0000000 0.2965447 0.2421302 0.2408560 0.2270662 0.2682085 0.2869841 0.2333857 0.1280502 0.2682983 0.2475099 0.2519781 0.2299859 0.0943537 0.2540687 0.2479894 0.2675617 0.2599077 0.2604761 0.2833789 0.2354769 0.1671338 0.2632866 0.2792937 0.2257643 0.2856765 0.1803362 0.3067602 0.2240306 0.3092347 0.2457777 0.2233918 0.2226044 0.3067489 0.2838785 0.3234166 0.3096337 0.2370544 0.2528211 0.2667563 0.2991836 0.3352717 0.2636264 0.2894011 0.2880543 0.2313078 0.2958651 0.2424246 0.2067247 0.2483153 0.2551113 0.2812506 0.1212683 0.3380633 0.3079113 0.2936944 0.2805936 0.2757199 0.3254636 0.2962638 0.1049394 0.2257388 0.2540687 0.2367007 0.2640646 0.2325665 0.2237938 0.1054685 0.3117991 0.2719148 0.2270883 0.2710287 0.1457467 0.2616295 0.2832594 0.0821145 0.3164285 
Pericome_caudata_50_silver                 0.2383895 0.1859842 0.3225555 0.3208727 0.1165451 0.0882896 0.3165028 0.2766014 0.3220652 0.2965447 0.0000000 0.2342079 0.2141531 0.2654498 0.3234689 0.3233066 0.2514789 0.1011225 0.1404571 0.2915495 0.2124027 0.2715100 0.1503737 0.2615221 0.1817369 0.2728508 0.2538336 0.2173905 0.2833770 0.0906405 0.0908348 0.1472369 0.1302343 0.1922383 0.2805486 0.1449772 0.1893447 0.2437639 0.1766819 0.2323879 0.1609230 0.2698582 0.1702553 0.2709058 0.1763002 0.1755367 0.2703845 0.2892939 0.3096910 0.1689948 0.3905262 0.3382459 0.3031207 0.2202145 0.2527673 0.1460861 0.1498136 0.1192170 0.2774057 0.2589868 0.2905938 0.0991895 0.3396199 0.2357345 0.3415937 0.2950027 0.2613256 0.4177857 0.3058883 0.1277233 0.1987703 0.2615221 0.1233607 0.2645728 0.2769350 0.2380833 0.0979205 0.2541257 0.1679593 0.2618318 0.2775642 0.1473457 0.2606221 0.1601607 0.1118758 0.1396555 
Perityle_aglossa_84_dead_horse             0.2106106 0.1310340 0.2365230 0.3332126 0.0829782 0.0626935 0.2978113 0.2669011 0.3105327 0.2421302 0.2342079 0.0000000 0.0292858 0.0206142 0.0128463 0.1921132 0.0204534 0.1203930 0.1270609 0.0147099 0.0866493 0.0204418 0.0391533 0.0298661 0.0939420 0.0939285 0.0798883 0.0443101 0.1071848 0.2531333 0.1262410 0.1457915 0.2079243 0.2570969 0.1371828 0.0875387 0.1918731 0.0193130 0.2217705 0.0787586 0.0197927 0.0215770 0.1939648 0.1603175 0.2184165 0.2225533 0.0310534 0.0852111 0.0607459 0.2013808 0.2442672 0.0652761 0.1852838 0.0988321 0.0174558 0.1609179 0.0381489 0.0592630 0.0573562 0.0272212 0.1052746 0.0878295 0.2408867 0.2544945 0.1809409 0.1107799 0.0918261 0.3238908 0.1160546 0.0219014 0.0197409 0.0298661 0.2454303 0.0370276 0.0620418 0.0150698 0.0517758 0.1177415 0.2145527 0.0210322 0.1538858 0.1016195 0.0237554 0.1865298 0.0572152 0.2020616 
Perityle_ajoensis_204                      0.2210103 0.1434208 0.2383678 0.3349752 0.0909469 0.0673953 0.3139025 0.2657593 0.3427167 0.2408560 0.2141531 0.0292858 0.0000000 0.0300922 0.0347143 0.1722509 0.0241691 0.1366124 0.1342630 0.0290321 0.0965862 0.0204644 0.0508785 0.0255390 0.1009421 0.0933848 0.0803229 0.0475106 0.1144273 0.2230170 0.1333632 0.1430494 0.1886798 0.2296660 0.1624347 0.0871322 0.1792949 0.0296439 0.2075196 0.0701016 0.0275251 0.0304647 0.1965553 0.1736742 0.2068980 0.2126796 0.0334855 0.0566550 0.0611849 0.1933999 0.2791231 0.0867406 0.2077100 0.1145007 0.0319028 0.1732609 0.0495098 0.0742741 0.0419461 0.0067780 0.1065536 0.0885019 0.2405325 0.2812695 0.1814715 0.1151015 0.1012743 0.3198044 0.0938735 0.0253787 0.0312255 0.0255390 0.2227696 0.0136284 0.0493492 0.0287770 0.0671593 0.1273556 0.1944074 0.0313530 0.1695370 0.1149191 0.0146405 0.1773122 0.0531862 0.2074193 
Perityle_ambrosiifolia_67_green            0.1969933 0.1309873 0.2602520 0.3416542 0.0857926 0.0643956 0.2924368 0.2775559 0.3098604 0.2270662 0.2654498 0.0206142 0.0300922 0.0000000 0.0249097 0.2133449 0.0188153 0.1205247 0.1261284 0.0193965 0.0878326 0.0266488 0.0391965 0.0304797 0.0940800 0.0896142 0.0794509 0.0389322 0.1108948 0.2656152 0.1276196 0.1426214 0.2515647 0.2944764 0.1518498 0.0813951 0.2121892 0.0253133 0.2521525 0.0637940 0.0255987 0.0188862 0.2021317 0.1619853 0.2234271 0.2530944 0.0284565 0.0689318 0.0773015 0.2245563 0.2661109 0.0677092 0.1915204 0.1056059 0.0233842 0.1696078 0.0421412 0.0689280 0.0798835 0.0267410 0.0999113 0.0786056 0.2490591 0.2688693 0.2299266 0.1112447 0.0945048 0.3448326 0.0939367 0.0260668 0.0233908 0.0304797 0.2825672 0.0337504 0.0872047 0.0200486 0.0583338 0.1194085 0.2310061 0.0256466 0.1553896 0.1096379 0.0278098 0.1872635 0.0588348 0.2112375 
Perityle_angustifolia_13_Eagle_creek       0.2321810 0.1231576 0.3155209 0.3335014 0.0830633 0.0629763 0.3141885 0.2582865 0.3394619 0.2682085 0.3234689 0.0128463 0.0347143 0.0249097 0.0000000 0.2802330 0.0179134 0.0756617 0.1330688 0.0105980 0.0744402 0.0250665 0.0320043 0.0363495 0.0756028 0.0876772 0.0606047 0.0350969 0.1046760 0.2625356 0.1270681 0.1509919 0.3502334 0.3642590 0.2146111 0.0612729 0.2783016 0.0126482 0.3345095 0.0498198 0.0212662 0.0226103 0.2312622 0.2210217 0.2430119 0.3292818 0.0268331 0.0747475 0.1215077 0.2667808 0.2774903 0.0320426 0.2582283 0.0864980 0.0165334 0.1758694 0.0328808 0.0536950 0.1043350 0.0390694 0.0895785 0.0882838 0.2416031 0.2558062 0.3221947 0.1085098 0.0883929 0.3892405 0.0953586 0.0124561 0.0156181 0.0363495 0.3127869 0.0377892 0.1053739 0.0106077 0.0519238 0.1100208 0.2868693 0.0184224 0.2058201 0.0520478 0.0230867 0.2090424 0.0575225 0.2013635 
Perityle_batopilensis_97                   0.2524280 0.1457943 0.3051346 0.4179046 0.1090554 0.0627293 0.3491304 0.2525372 0.3444027 0.2869841 0.3233066 0.1921132 0.1722509 0.2133449 0.2802330 0.0000000 0.2370609 0.0762511 0.1549527 0.2301074 0.1700009 0.2200116 0.0819310 0.2281853 0.1415919 0.2387078 0.2186325 0.1821853 0.2510032 0.3091514 0.1397778 0.1868482 0.3142488 0.3520450 0.2571055 0.0698706 0.2967992 0.1997202 0.3233048 0.1197079 0.1211359 0.2168085 0.2560473 0.2506039 0.2883780 0.3175725 0.2258441 0.2451897 0.2353728 0.2926751 0.3634944 0.2901750 0.2825725 0.1854817 0.2041189 0.2124790 0.0976567 0.0820348 0.2292440 0.2255320 0.2583822 0.1142437 0.2748750 0.2875947 0.3408670 0.2657251 0.2268043 0.3933310 0.2746549 0.0859203 0.1615453 0.2281853 0.3281257 0.2139952 0.2329851 0.1937881 0.0673648 0.2457488 0.2642344 0.2146903 0.2403503 0.1140695 0.2113951 0.2279281 0.0577612 0.2626596 
Perityle_bisetosa_9                        0.1992186 0.1273575 0.2603098 0.3310050 0.0803438 0.0628378 0.2869487 0.2625615 0.3023332 0.2333857 0.2514789 0.0204534 0.0241691 0.0188153 0.0179134 0.2370609 0.0000000 0.1155236 0.1215874 0.0087913 0.0819362 0.0238241 0.0356405 0.0366601 0.0883060 0.0950038 0.0777050 0.0391630 0.1199267 0.2509527 0.1205258 0.1368527 0.2739032 0.3229043 0.1421655 0.0812697 0.2325393 0.0142541 0.2602017 0.0693154 0.0226606 0.0229249 0.1903115 0.1584724 0.2185326 0.2590214 0.0233527 0.0859968 0.1066914 0.2192085 0.2524859 0.0613946 0.1871596 0.0972702 0.0162026 0.1583229 0.0351031 0.0614183 0.0851786 0.0381387 0.1083730 0.0793084 0.2411735 0.2582484 0.2263833 0.1190141 0.0952402 0.3411125 0.1229201 0.0124334 0.0119876 0.0335627 0.2875512 0.0367162 0.0812109 0.0099430 0.0543659 0.1116270 0.2253979 0.0137791 0.1475245 0.1042458 0.0202337 0.1809075 0.0573719 0.1972490 
Perityle_californica_76_positas            0.0671594 0.0000010 0.1472123 0.2746265 0.1118518 0.1148493 0.1710930 0.2583080 0.1796500 0.1280502 0.1011225 0.1203930 0.1366124 0.1205247 0.0756617 0.0762511 0.1155236 0.0000000 0.1152117 0.1155236 0.0881591 0.1309865 0.0000010 0.1354797 0.0982476 0.0881591 0.1384674 0.1403693 0.1250112 0.0732523 0.0598477 0.0347890 0.1386862 0.1174088 0.1218350 0.0900746 0.1430641 0.1170211 0.1147055 0.0670093 0.1363518 0.1229249 0.1390926 0.1208778 0.1344662 0.0947315 0.1312947 0.1262851 0.1310619 0.1320354 0.1071278 0.1104991 0.1249024 0.0903906 0.1376471 0.1374081 0.1515405 0.1086739 0.1208778 0.1308751 0.1187739 0.0977022 0.1722904 0.1365110 0.1358288 0.1152677 0.0710596 0.1514961 0.1344737 0.0908938 0.1310534 0.1354797 0.1994369 0.1358339 0.1308597 0.1170806 0.0634927 0.1370667 0.0912388 0.1252963 0.1311010 0.1786446 0.1257892 0.0483283 0.0000010 0.0343975 
Perityle_canescens_77                      0.2619837 0.1716666 0.2672688 0.3271513 0.1217327 0.0723513 0.3433817 0.3131020 0.3603641 0.2682983 0.1404571 0.1270609 0.1342630 0.1261284 0.1330688 0.1549527 0.1215874 0.1152117 0.0000000 0.1311457 0.1215731 0.1259850 0.1370488 0.1278846 0.1323678 0.1331393 0.1353029 0.1405432 0.1160600 0.1372723 0.1396280 0.1055141 0.1358108 0.1868112 0.2211411 0.1167730 0.1154274 0.1335967 0.1568022 0.1272508 0.1266230 0.1248420 0.0950881 0.2435130 0.0960815 0.1551944 0.1275731 0.1302709 0.1498943 0.0961142 0.2922230 0.1697728 0.2662751 0.1413759 0.1315995 0.1374552 0.1322085 0.1118441 0.1259524 0.1298465 0.1472472 0.1009258 0.1996404 0.3092110 0.2099240 0.1220798 0.1322649 0.2682610 0.1350335 0.1022984 0.1292930 0.1254219 0.1681914 0.1371467 0.1319148 0.1257297 0.1125873 0.1547712 0.1231854 0.1314687 0.2422990 0.1087991 0.1329721 0.1120486 0.0594545 0.1132367 
Perityle_castillonii_96                    0.2182769 0.1232011 0.2874013 0.3405561 0.0835261 0.0627371 0.2877250 0.2620214 0.3110669 0.2475099 0.2915495 0.0147099 0.0290321 0.0193965 0.0105980 0.2301074 0.0087913 0.1155236 0.1311457 0.0000000 0.0876484 0.0227821 0.0355503 0.0278252 0.0892194 0.0905894 0.0764511 0.0350653 0.1134557 0.2590921 0.1265560 0.1457741 0.2886852 0.3114204 0.1623013 0.0823261 0.2311887 0.0145201 0.2755141 0.0642447 0.0229038 0.0158060 0.2179679 0.1725466 0.2279255 0.2741922 0.0167582 0.0674677 0.0893557 0.2417873 0.2538731 0.0341388 0.2092826 0.0981244 0.0177061 0.1694793 0.0350650 0.0613342 0.0895116 0.0260246 0.0971168 0.0836344 0.2422765 0.2577619 0.2468794 0.1137070 0.0957653 0.3531742 0.0921034 0.0124172 0.0136422 0.0278252 0.2990299 0.0330278 0.0891148 0.0096801 0.0542743 0.1125960 0.2548358 0.0141161 0.1659701 0.1002049 0.0231126 0.1940016 0.0572625 0.2001768 
Perityle_cernua_84                         0.2222856 0.1313586 0.2541682 0.3320674 0.0926552 0.0510806 0.3319321 0.2809239 0.3458624 0.2519781 0.2124027 0.0866493 0.0965862 0.0878326 0.0744402 0.1700009 0.0819362 0.0881591 0.1215731 0.0876484 0.0000000 0.0888001 0.1004065 0.0955353 0.0126396 0.0441174 0.0931785 0.0962182 0.0878237 0.2301708 0.1281125 0.1215031 0.2012977 0.2213039 0.2286328 0.0494024 0.1752707 0.0888278 0.2022149 0.0711065 0.0921909 0.0855725 0.1930614 0.2409646 0.1974587 0.2010443 0.0914148 0.1052527 0.1217979 0.1899333 0.3038599 0.1395558 0.2563204 0.0689618 0.0915745 0.1553855 0.0944043 0.0758345 0.1008884 0.0914313 0.0898130 0.0828699 0.2259696 0.2288760 0.2535901 0.0945712 0.0642599 0.3202730 0.0939839 0.0852033 0.0879023 0.0955353 0.2278361 0.0992862 0.1068221 0.0838101 0.0427886 0.1164965 0.1678268 0.0898709 0.2329981 0.1058930 0.0934135 0.1594280 0.0571188 0.1828709 
Perityle_cfvillosa_25_tin                  0.1985933 0.1313444 0.2604042 0.3425055 0.0817786 0.0551578 0.2912584 0.2625615 0.3033226 0.2299859 0.2715100 0.0204418 0.0204644 0.0266488 0.0250665 0.2200116 0.0238241 0.1309865 0.1259850 0.0227821 0.0888001 0.0000000 0.0284043 0.0211287 0.0924768 0.0928899 0.0755604 0.0407175 0.1100200 0.2564614 0.1236123 0.1374522 0.2639001 0.3199770 0.1559713 0.0806756 0.2170121 0.0231485 0.2603451 0.0642584 0.0164583 0.0248602 0.2058706 0.1508969 0.2245587 0.2615599 0.0304540 0.0641381 0.0864175 0.2273492 0.2542347 0.0740692 0.1884453 0.1025776 0.0251360 0.1628751 0.0335715 0.0574270 0.0838656 0.0165490 0.1029623 0.0792047 0.2342821 0.2552394 0.2332104 0.1103938 0.0928793 0.3437385 0.0909880 0.0124572 0.0230816 0.0211287 0.2888230 0.0237448 0.0823074 0.0220424 0.0519131 0.1174129 0.2385523 0.0264636 0.1580518 0.1019433 0.0120479 0.1829389 0.0482449 0.1957052 
Perityle_cinerea_113_Powell1310            0.1065288 0.1298899 0.0860590 0.2503831 0.1219782 0.0697980 0.1916321 0.2653527 0.2279890 0.0943537 0.1503737 0.0391533 0.0508785 0.0391965 0.0320043 0.0819310 0.0356405 0.0000010 0.1370488 0.0355503 0.1004065 0.0284043 0.0000000 0.0428783 0.0964921 0.0856123 0.0853600 0.0578298 0.0966041 0.1299312 0.1299312 0.1173828 0.1336388 0.2086910 0.0580678 0.0949187 0.2123776 0.0284057 0.1685480 0.0779414 0.0429100 0.0356805 0.1423483 0.0214422 0.1416416 0.1813725 0.0355893 0.0319808 0.0320043 0.1373480 0.0774800 0.0356254 0.0774800 0.1026439 0.0324803 0.1285763 0.0429056 0.0885307 0.0284043 0.0471725 0.1053742 0.0785645 0.1091147 0.1115360 0.0656933 0.1006495 0.1068972 0.1630096 0.1052124 0.0231767 0.0321349 0.0428783 0.1299312 0.0510055 0.0356923 0.0322720 0.0776659 0.0866274 0.1417980 0.0356563 0.0695121 0.0745305 0.0447126 0.1084189 0.0485008 0.1084254 
Perityle_coahuilensis_24                   0.2226531 0.1337090 0.2790884 0.3287223 0.0864825 0.0625448 0.3239457 0.2573195 0.3379782 0.2540687 0.2615221 0.0298661 0.0255390 0.0304797 0.0363495 0.2281853 0.0366601 0.1354797 0.1278846 0.0278252 0.0955353 0.0211287 0.0428783 0.0000000 0.0975700 0.1096157 0.0880967 0.0462497 0.1196591 0.2609453 0.1230673 0.1483106 0.2754451 0.3380875 0.1502254 0.0847917 0.2360679 0.0289573 0.2651619 0.0800515 0.0099054 0.0319656 0.1938815 0.1694673 0.2255452 0.2676423 0.0337769 0.1035050 0.1238398 0.2268022 0.2776978 0.0765338 0.2041304 0.1100498 0.0319479 0.1639703 0.0370926 0.0659890 0.0893122 0.0295509 0.1162625 0.0833434 0.2528861 0.2629718 0.1967917 0.1204074 0.1019671 0.3615906 0.1306555 0.0282358 0.0288883 0.0006454 0.3008882 0.0263673 0.0949441 0.0272342 0.0543531 0.1264573 0.2404450 0.0308474 0.1631730 0.1090257 0.0216855 0.1942931 0.0526121 0.2039461 
Perityle_cochisensis_44_cave_creek         0.2320508 0.1331968 0.2523337 0.3257818 0.1019290 0.0512725 0.3354378 0.2760121 0.3601776 0.2479894 0.1817369 0.0939420 0.1009421 0.0940800 0.0756028 0.1415919 0.0883060 0.0982476 0.1323678 0.0892194 0.0126396 0.0924768 0.0964921 0.0975700 0.0000000 0.0495411 0.1026225 0.1014764 0.0977820 0.1474046 0.1262033 0.1309478 0.1755472 0.1751139 0.2268746 0.0558423 0.1858294 0.0924992 0.1725922 0.0714545 0.0916318 0.0912455 0.1579243 0.2511600 0.1580911 0.1683179 0.0954584 0.0950041 0.1113613 0.1575187 0.2761998 0.1136150 0.2676059 0.0702736 0.0985333 0.1562177 0.0932041 0.0780793 0.0884896 0.0955082 0.0994980 0.0872107 0.1833781 0.2260690 0.2342342 0.1052429 0.0671790 0.3016103 0.1010114 0.0817821 0.0925736 0.0975700 0.1826587 0.1035016 0.0940732 0.0894070 0.0503114 0.1126072 0.1463759 0.0977681 0.2449293 0.1126019 0.0976103 0.1334157 0.0526005 0.1354020 
Perityle_congesta_202                      0.2250375 0.1401380 0.2953010 0.3538287 0.0988886 0.0589702 0.3314394 0.2734614 0.3342988 0.2675617 0.2728508 0.0939285 0.0933848 0.0896142 0.0876772 0.2387078 0.0950038 0.0881591 0.1331393 0.0905894 0.0441174 0.0928899 0.0856123 0.1096157 0.0495411 0.0000000 0.0972483 0.1045470 0.0943787 0.2709010 0.1225634 0.1443513 0.2895774 0.3319106 0.2253488 0.0669482 0.2351823 0.0917123 0.2558360 0.0818229 0.0933950 0.0917274 0.2043212 0.2414726 0.2386924 0.2511351 0.1034706 0.1638269 0.1933636 0.2359520 0.2941823 0.1385440 0.2390073 0.0751536 0.0940422 0.1693885 0.0949057 0.0606774 0.1560788 0.1098271 0.1122902 0.0702037 0.2431946 0.2397452 0.2889612 0.1002684 0.0741721 0.3727790 0.1299364 0.0786434 0.0897458 0.1093429 0.3065680 0.1076066 0.1527641 0.0860769 0.0066108 0.1153214 0.2283722 0.0898479 0.2232109 0.1012328 0.0972624 0.1928012 0.0806035 0.2033747 
Perityle_cordifolia_27                     0.2461608 0.1634453 0.2723422 0.3346196 0.1039945 0.0624456 0.3306473 0.2715519 0.3454552 0.2599077 0.2538336 0.0798883 0.0803229 0.0794509 0.0606047 0.2186325 0.0777050 0.1384674 0.1353029 0.0764511 0.0931785 0.0755604 0.0853600 0.0880967 0.1026225 0.0972483 0.0000000 0.0945794 0.1168752 0.2716095 0.1380487 0.1496390 0.2440226 0.2719870 0.2236064 0.0906161 0.2004207 0.0801342 0.2536666 0.0838758 0.0762215 0.0836084 0.2034964 0.2329750 0.2279246 0.2546613 0.0902822 0.1393978 0.1354722 0.2216721 0.3015399 0.1232622 0.2499375 0.0993817 0.0784796 0.1663875 0.0877178 0.0341615 0.1235866 0.0823231 0.1122730 0.0652639 0.2351148 0.2386867 0.2735128 0.1189503 0.0993265 0.3371241 0.1144383 0.0647362 0.0784767 0.0880967 0.2731012 0.0916312 0.1250891 0.0743014 0.0428724 0.1284748 0.2270832 0.0815136 0.2142354 0.0925116 0.0791648 0.1973478 0.0616144 0.2068377 
Perityle_cordifolia_68_tecolote            0.2303680 0.1342617 0.2446048 0.3460239 0.1004835 0.0742953 0.3385315 0.2717832 0.3488140 0.2604761 0.2173905 0.0443101 0.0475106 0.0389322 0.0350969 0.1821853 0.0391630 0.1403693 0.1405432 0.0350653 0.0962182 0.0407175 0.0578298 0.0462497 0.1014764 0.1045470 0.0945794 0.0000000 0.1255145 0.2088223 0.1330544 0.1642942 0.2023205 0.2294649 0.1758076 0.1038422 0.2019125 0.0404921 0.2139840 0.0910452 0.0436242 0.0433963 0.2026874 0.1874407 0.2116496 0.2099464 0.0493500 0.0684135 0.0659847 0.1974332 0.2820927 0.0945205 0.2224556 0.1152444 0.0406479 0.1763411 0.0159964 0.0756482 0.0484186 0.0483367 0.1157470 0.1012066 0.2387616 0.2714019 0.1796751 0.1298157 0.1039160 0.3207210 0.1219395 0.0379539 0.0401204 0.0462497 0.2208077 0.0562876 0.0493586 0.0356321 0.0639416 0.1328736 0.2022840 0.0399391 0.1858568 0.1266757 0.0420276 0.1868283 0.0710326 0.2041556 
Perityle_coronopifolia_28_patagonia        0.2381778 0.1432938 0.3028610 0.3136670 0.1025456 0.0549773 0.3508720 0.2924271 0.3290503 0.2833789 0.2833770 0.1071848 0.1144273 0.1108948 0.1046760 0.2510032 0.1199267 0.1250112 0.1160600 0.1134557 0.0878237 0.1100200 0.0966041 0.1196591 0.0977820 0.0943787 0.1168752 0.1255145 0.0000000 0.2685954 0.1287354 0.1515002 0.2866640 0.3429702 0.2106611 0.0850824 0.2562386 0.1120878 0.2894083 0.1279147 0.1102488 0.1128784 0.2228758 0.2339363 0.2525088 0.2852154 0.1177306 0.1718436 0.2033510 0.2543175 0.2857620 0.1517887 0.2383595 0.0957530 0.1110768 0.1586462 0.1072074 0.0536620 0.1793214 0.1263830 0.1241403 0.0698884 0.2325706 0.2327104 0.2794289 0.0100484 0.1001388 0.3619511 0.1418422 0.0784988 0.1097030 0.1209905 0.3165219 0.1218140 0.1776068 0.1064669 0.0290502 0.1410359 0.2493212 0.1088231 0.2036848 0.0580675 0.1186854 0.2112851 0.0709463 0.2027851 
Perityle_crassifolia_70_ventanas           0.1790630 0.1567809 0.2650109 0.1968701 0.1189206 0.0829974 0.2535151 0.2539778 0.2720007 0.2354769 0.0906405 0.2531333 0.2230170 0.2656152 0.2625356 0.3091514 0.2509527 0.0732523 0.1372723 0.2590921 0.2301708 0.2564614 0.1299312 0.2609453 0.1474046 0.2709010 0.2716095 0.2088223 0.2685954 0.0000000 0.0026475 0.1472024 0.1026585 0.1545983 0.2519886 0.1149551 0.1732092 0.2563757 0.1561083 0.2564106 0.1167072 0.2539898 0.1675357 0.2103700 0.1604020 0.1603319 0.2614830 0.2762073 0.2783146 0.1566252 0.2612829 0.2564539 0.2198229 0.1893751 0.2669349 0.1509951 0.1253928 0.1186136 0.2852694 0.2622185 0.2802020 0.0983909 0.2840903 0.1859094 0.3412085 0.2714120 0.2727403 0.3823342 0.2690903 0.0988377 0.1776002 0.2609453 0.0000010 0.2743884 0.2844198 0.2671384 0.0934047 0.2444498 0.1561607 0.2666558 0.2410042 0.0814820 0.2630101 0.1560874 0.0973150 0.1364602 
Perityle_crassifolia_74_playa_balandra     0.1719643 0.1410661 0.1701884 0.1998309 0.1255233 0.0812074 0.2511524 0.2539778 0.3043207 0.1671338 0.0908348 0.1262410 0.1333632 0.1276196 0.1270681 0.1397778 0.1205258 0.0598477 0.1396280 0.1265560 0.1281125 0.1236123 0.1299312 0.1230673 0.1262033 0.1225634 0.1380487 0.1330544 0.1287354 0.0026475 0.0000000 0.1572112 0.1063543 0.1489396 0.1619634 0.1244555 0.1820045 0.1237172 0.1421755 0.1396770 0.1231443 0.1202137 0.1458359 0.1652699 0.1391489 0.1514890 0.1299929 0.1235130 0.1204272 0.1393401 0.1745905 0.1235722 0.1739985 0.1275802 0.1347487 0.1488478 0.1327973 0.1254984 0.1236123 0.1269364 0.1433245 0.1029655 0.1231118 0.1898163 0.1808589 0.1351587 0.1341005 0.2018250 0.1278940 0.0923706 0.1330094 0.1230673 0.0026475 0.1406228 0.1266314 0.1202893 0.0940492 0.1229592 0.1502569 0.1362654 0.1712609 0.0850981 0.1276453 0.1466072 0.1022946 0.1352984 
Perityle_cuneata_34_cuneata_San_antonio    0.2430401 0.1730892 0.2596719 0.3866940 0.1048179 0.0628699 0.3262496 0.2927341 0.3463004 0.2632866 0.1472369 0.1457915 0.1430494 0.1426214 0.1509919 0.1868482 0.1368527 0.0347890 0.1055141 0.1457741 0.1215031 0.1374522 0.1173828 0.1483106 0.1309478 0.1443513 0.1496390 0.1642942 0.1515002 0.1472024 0.1572112 0.0000000 0.1381717 0.1501030 0.2345911 0.0861541 0.1532831 0.1389435 0.1405333 0.1411161 0.1303316 0.1452779 0.1335702 0.2519271 0.1322721 0.1391492 0.1474006 0.1521786 0.1554566 0.1308466 0.3188870 0.1890814 0.2820831 0.1437840 0.1399010 0.1331601 0.1190879 0.1015156 0.1407257 0.1503062 0.1685458 0.0832384 0.2373130 0.2555608 0.2409734 0.1518947 0.1343888 0.3024409 0.1649011 0.0893763 0.1407038 0.1483106 0.1583038 0.1592943 0.1426000 0.1359810 0.0740827 0.1843131 0.1256143 0.1419535 0.2413498 0.1070296 0.1494766 0.0540956 0.0618572 0.0566292 
Perityle_cuneata_4                         0.2490528 0.1866357 0.3101818 0.3796730 0.0992396 0.0634054 0.3249893 0.2718644 0.3111999 0.2792937 0.1302343 0.2079243 0.1886798 0.2515647 0.3502334 0.3142488 0.2739032 0.1386862 0.1358108 0.2886852 0.2012977 0.2639001 0.1336388 0.2754451 0.1755472 0.2895774 0.2440226 0.2023205 0.2866640 0.1026585 0.1063543 0.1381717 0.0000000 0.1959916 0.2426071 0.1175564 0.1754956 0.2271587 0.1751836 0.2120095 0.1339428 0.2549804 0.1578122 0.2299259 0.1631123 0.1735618 0.2616169 0.2814219 0.3129341 0.1615144 0.3611716 0.3700875 0.2789958 0.2260017 0.2320991 0.1367374 0.1314101 0.1029043 0.2555963 0.2767106 0.2620706 0.1004829 0.3170940 0.2196989 0.3366500 0.2852994 0.2479134 0.4034189 0.3190676 0.0930825 0.1858101 0.2761338 0.1421486 0.2418996 0.2653081 0.2304167 0.0911206 0.2547313 0.1539818 0.2480312 0.2483985 0.1065132 0.2486235 0.1547540 0.0753819 0.1468069 
Perityle_discoidea_81                      0.1831448 0.2650324 0.2774509 0.3718357 0.1608267 0.0545703 0.2572536 0.2643662 0.2647798 0.2257643 0.1922383 0.2570969 0.2296660 0.2944764 0.3642590 0.3520450 0.3229043 0.1174088 0.1868112 0.3114204 0.2213039 0.3199770 0.2086910 0.3380875 0.1751139 0.3319106 0.2719870 0.2294649 0.3429702 0.1545983 0.1489396 0.1501030 0.1959916 0.0000000 0.2426485 0.1578381 0.1997034 0.2581955 0.2101223 0.2479965 0.1655281 0.3101784 0.2158596 0.1978886 0.2129149 0.2067901 0.3366539 0.2924019 0.3583716 0.1999559 0.2430406 0.3244773 0.2060952 0.2113493 0.2712861 0.1728958 0.1725192 0.1674373 0.3423713 0.3248625 0.3266434 0.0787297 0.2719141 0.1786971 0.3442613 0.3388174 0.2828376 0.3159456 0.3583544 0.0818286 0.2062186 0.3380875 0.1965551 0.2952116 0.3310794 0.2719812 0.1417225 0.2059177 0.1731226 0.2864506 0.2160923 0.1194804 0.2825328 0.1713139 0.0659991 0.1750124 
Perityle_dissecta_201                      0.2470931 0.1436360 0.2682487 0.4228352 0.1340491 0.0667721 0.3616744 0.2654029 0.3565763 0.2856765 0.2805486 0.1371828 0.1624347 0.1518498 0.2146111 0.2571055 0.1421655 0.1218350 0.2211411 0.1623013 0.2286328 0.1559713 0.0580678 0.1502254 0.2268746 0.2253488 0.2236064 0.1758076 0.2106611 0.2519886 0.1619634 0.2345911 0.2426071 0.2426485 0.0000000 0.1255259 0.2556935 0.1541189 0.2766783 0.2218214 0.1143352 0.1481860 0.2377837 0.1968756 0.2723489 0.2812215 0.1532554 0.1872880 0.1537803 0.2505197 0.2646869 0.1733612 0.1949463 0.2616772 0.1564458 0.2576237 0.1622585 0.1721581 0.1472522 0.1461272 0.2384628 0.0928171 0.2786710 0.2807055 0.1316900 0.2436775 0.2246991 0.3733646 0.2582641 0.0447840 0.1495715 0.1492505 0.2477230 0.1623823 0.1623977 0.1558397 0.0667847 0.2766117 0.2672442 0.1524365 0.1427329 0.1050917 0.1762047 0.2689093 0.0716281 0.3089767 
Perityle_emoryi_47_punta_san_jose          0.1598334 0.1351164 0.1650832 0.2036549 0.1041797 0.0524962 0.2694934 0.2750241 0.2845709 0.1803362 0.1449772 0.0875387 0.0871322 0.0813951 0.0612729 0.0698706 0.0812697 0.0900746 0.1167730 0.0823261 0.0494024 0.0806756 0.0949187 0.0847917 0.0558423 0.0669482 0.0906161 0.1038422 0.0850824 0.1149551 0.1244555 0.0861541 0.1175564 0.1578381 0.1255259 0.0000000 0.1495576 0.0811821 0.1216817 0.0673473 0.0823624 0.0869299 0.1196441 0.1560443 0.1219206 0.1164071 0.0879187 0.1177714 0.0909056 0.1178966 0.1517919 0.1315650 0.1466605 0.0463709 0.0860509 0.1072008 0.0993260 0.0733317 0.0878608 0.0900358 0.1063255 0.0627142 0.0749515 0.1837188 0.1354741 0.0920900 0.0501328 0.2009085 0.1314771 0.0638081 0.0856264 0.0849712 0.1547697 0.0998730 0.0850502 0.0768428 0.0387847 0.1165259 0.1013996 0.0786077 0.1357579 0.1002837 0.0882359 0.0912082 0.0636077 0.0778761 
Perityle_feddemae_99                       0.3007743 0.2343896 0.3349539 0.4139496 0.1381976 0.0943766 0.3633175 0.2946755 0.4055242 0.3067602 0.1893447 0.1918731 0.1792949 0.2121892 0.2783016 0.2967992 0.2325393 0.1430641 0.1154274 0.2311887 0.1752707 0.2170121 0.2123776 0.2360679 0.1858294 0.2351823 0.2004207 0.2019125 0.2562386 0.1732092 0.1820045 0.1532831 0.1754956 0.1997034 0.2556935 0.1495576 0.0000000 0.2007866 0.1786026 0.1873673 0.1672745 0.2141929 0.0337519 0.3015851 0.0349378 0.1777496 0.2276436 0.2375465 0.2537659 0.0279511 0.3499455 0.2896570 0.3025064 0.2110378 0.2015910 0.1573473 0.1651791 0.1361476 0.2311615 0.2317098 0.2448838 0.1144846 0.2849674 0.3544987 0.3328400 0.2627077 0.2285221 0.3729802 0.2737043 0.1359431 0.1860750 0.2370847 0.1999529 0.2152928 0.2287376 0.1959781 0.1410018 0.2098055 0.1538268 0.2112898 0.2629656 0.1201784 0.2072212 0.1542943 0.1044605 0.1516348 
Perityle_fosteri_93                        0.1992272 0.1234729 0.2357964 0.3388014 0.0873082 0.0589971 0.2873553 0.2620214 0.3099907 0.2240306 0.2437639 0.0193130 0.0296439 0.0253133 0.0126482 0.1997202 0.0142541 0.1170211 0.1335967 0.0145201 0.0888278 0.0231485 0.0284057 0.0289573 0.0924992 0.0917123 0.0801342 0.0404921 0.1120878 0.2563757 0.1237172 0.1389435 0.2271587 0.2581955 0.1541189 0.0811821 0.2007866 0.0000000 0.2332273 0.0658524 0.0252367 0.0229885 0.2058199 0.1553079 0.2254814 0.2368706 0.0249319 0.0704729 0.0623552 0.2159956 0.2465352 0.0715424 0.1876536 0.1029547 0.0181866 0.1692005 0.0399759 0.0594807 0.0653979 0.0260374 0.1026754 0.0836344 0.2407135 0.2523154 0.2121286 0.1102015 0.0953345 0.3268961 0.0930330 0.0093065 0.0208946 0.0289573 0.2549016 0.0329631 0.0726814 0.0160214 0.0519516 0.1204537 0.2177269 0.0219225 0.1566415 0.1024255 0.0255485 0.1840038 0.0528042 0.2031727 
Perityle_gamon_221                         0.2778851 0.1903063 0.3373709 0.3753030 0.1320830 0.0869805 0.3414515 0.2727394 0.3553453 0.3092347 0.1766819 0.2217705 0.2075196 0.2521525 0.3345095 0.3233048 0.2602017 0.1147055 0.1568022 0.2755141 0.2022149 0.2603451 0.1685480 0.2651619 0.1725922 0.2558360 0.2536666 0.2139840 0.2894083 0.1561083 0.1421755 0.1405333 0.1751836 0.2101223 0.2766783 0.1216817 0.1786026 0.2332273 0.0000000 0.2108885 0.1535466 0.2537708 0.1507071 0.3002797 0.1645918 0.0213325 0.2632312 0.2830509 0.3212542 0.1646904 0.3942853 0.3490390 0.3074706 0.2189905 0.2391972 0.1559063 0.1588393 0.1263937 0.2726348 0.2639618 0.2728423 0.1485396 0.3206188 0.3241552 0.3556634 0.2912577 0.2269464 0.4205035 0.3129051 0.1145522 0.1974784 0.2674622 0.2007440 0.2493427 0.2798940 0.2309955 0.1160528 0.2531043 0.0950351 0.2449140 0.3104106 0.1616308 0.2537752 0.1601486 0.1203262 0.1631927 
Perityle_gentryi_8_san_francisco           0.2255958 0.1329551 0.2434259 0.3374879 0.1062220 0.0627293 0.3270867 0.2581491 0.3389105 0.2457777 0.2323879 0.0787586 0.0701016 0.0637940 0.0498198 0.1197079 0.0693154 0.0670093 0.1272508 0.0642447 0.0711065 0.0642584 0.0779414 0.0800515 0.0714545 0.0818229 0.0838758 0.0910452 0.1279147 0.2564106 0.1396770 0.1411161 0.2120095 0.2479965 0.2218214 0.0673473 0.1873673 0.0658524 0.2108885 0.0000000 0.0740627 0.0708542 0.2085890 0.2297169 0.2256087 0.2072306 0.0829242 0.1219732 0.1265187 0.2124311 0.3176021 0.1214395 0.2589853 0.0917568 0.0662475 0.1765754 0.0777511 0.0740729 0.1074209 0.0742755 0.1273817 0.1142437 0.2622651 0.2772503 0.2482066 0.1285994 0.0853601 0.3154290 0.1187509 0.0753824 0.0671944 0.0800515 0.2436954 0.0844965 0.1029121 0.0598829 0.0622866 0.1196297 0.1858111 0.0682982 0.2095878 0.1091815 0.0653282 0.1877720 0.0577612 0.2066971 
Perityle_gilensis_22_Superstition          0.2118854 0.1259925 0.2057544 0.3253855 0.0878481 0.0588167 0.3161938 0.2571768 0.3398285 0.2233918 0.1609230 0.0197927 0.0275251 0.0255987 0.0212662 0.1211359 0.0226606 0.1363518 0.1266230 0.0229038 0.0921909 0.0164583 0.0429100 0.0099054 0.0916318 0.0933950 0.0762215 0.0436242 0.1102488 0.1167072 0.1231443 0.1303316 0.1339428 0.1655281 0.1143352 0.0823624 0.1672745 0.0252367 0.1535466 0.0740627 0.0000000 0.0257600 0.1332352 0.1515677 0.1453233 0.1573882 0.0261923 0.0471197 0.0395745 0.1404897 0.2224565 0.0836469 0.1788795 0.1016200 0.0264523 0.1335552 0.0384737 0.0640180 0.0225161 0.0218636 0.1073314 0.0833434 0.1772047 0.2614770 0.1299791 0.1105654 0.0972811 0.2642622 0.1218984 0.0222084 0.0255113 0.0099054 0.1501143 0.0318961 0.0269435 0.0240858 0.0541585 0.1106422 0.1464025 0.0270567 0.1464811 0.1044453 0.0238412 0.1312324 0.0481793 0.1388238 
Perityle_gilensis_salensis_225             0.2036372 0.1273713 0.2569122 0.3389306 0.0846116 0.0550959 0.2836106 0.2628258 0.3067880 0.2226044 0.2698582 0.0215770 0.0304647 0.0188862 0.0226103 0.2168085 0.0229249 0.1229249 0.1248420 0.0158060 0.0855725 0.0248602 0.0356805 0.0319656 0.0912455 0.0917274 0.0836084 0.0433963 0.1128784 0.2539898 0.1202137 0.1452779 0.2549804 0.3101784 0.1481860 0.0869299 0.2141929 0.0229885 0.2537708 0.0708542 0.0257600 0.0000000 0.2006815 0.1608720 0.2159680 0.2576125 0.0327977 0.0848339 0.0846172 0.2185117 0.2596657 0.0650029 0.1898697 0.0991396 0.0239999 0.1619400 0.0353269 0.0615046 0.0833063 0.0267342 0.1055958 0.0791032 0.2380531 0.2517705 0.2228374 0.1141863 0.0916628 0.3299938 0.0961239 0.0220027 0.0209458 0.0319656 0.2821824 0.0369466 0.0816027 0.0191013 0.0543548 0.1134789 0.2324902 0.0232486 0.1555830 0.1026760 0.0244541 0.1886244 0.0481806 0.2002758 
Perityle_glaucescens_94                    0.2831641 0.1898309 0.3076243 0.3835722 0.1094662 0.0765387 0.3497493 0.2807098 0.3674522 0.3067489 0.1702553 0.1939648 0.1965553 0.2021317 0.2312622 0.2560473 0.1903115 0.1390926 0.0950881 0.2179679 0.1930614 0.2058706 0.1423483 0.1938815 0.1579243 0.2043212 0.2034964 0.2026874 0.2228758 0.1675357 0.1458359 0.1335702 0.1578122 0.2158596 0.2377837 0.1196441 0.0337519 0.2058199 0.1507071 0.2085890 0.1332352 0.2006815 0.0000000 0.2797562 0.0141198 0.1504233 0.1979299 0.2484614 0.2381981 0.0158980 0.3589947 0.2561003 0.2912464 0.2101845 0.2044855 0.1431336 0.1329314 0.1038199 0.2209827 0.1968246 0.2256465 0.1147419 0.2902138 0.3132863 0.2804507 0.2354211 0.2098725 0.3680206 0.2483072 0.1046308 0.1759180 0.1940557 0.1871119 0.2122788 0.2313254 0.2050155 0.0945299 0.2443318 0.1537757 0.2064117 0.2660022 0.1157277 0.2191771 0.1473427 0.0744934 0.1452453 
Perityle_gracilis_11                       0.2515851 0.2213749 0.2722908 0.4352519 0.1515321 0.0513200 0.3257997 0.2561130 0.3343206 0.2838785 0.2709058 0.1603175 0.1736742 0.1619853 0.2210217 0.2506039 0.1584724 0.1208778 0.2435130 0.1725466 0.2409646 0.1508969 0.0214422 0.1694673 0.2511600 0.2414726 0.2329750 0.1874407 0.2339363 0.2103700 0.1652699 0.2519271 0.2299259 0.1978886 0.1968756 0.1560443 0.3015851 0.1553079 0.3002797 0.2297169 0.1515677 0.1608720 0.2797562 0.0000000 0.3016141 0.2955637 0.1568469 0.1783835 0.1456298 0.2745204 0.2771250 0.1816455 0.2234056 0.2649470 0.1588824 0.2715021 0.1777369 0.1602439 0.1426091 0.1700131 0.2393120 0.0747696 0.3007786 0.3242488 0.2067188 0.2531857 0.2273764 0.3261603 0.2540219 0.0187417 0.1639455 0.1694673 0.2101620 0.1754488 0.1503175 0.1653228 0.0759166 0.2807088 0.2600904 0.1557638 0.2219388 0.0993810 0.1779873 0.2714370 0.0526839 0.3071483 
