85
Amauria_brandeegeana_62                  0.0000000 0.0534052 0.0322799 0.2471272 0.0644078 0.0834759 0.1650717 0.1785923 0.5468696 0.1108874 0.2273807 0.0718017 0.0671426 0.0664240 0.0411346 0.0633550 0.0505650 0.1073758 0.0882778 0.0698768 0.0633574 0.1997280 0.3352725 0.0729335 0.0499890 0.0714127 0.0553214 0.0691827 0.0700841 0.2883403 0.3121066 0.1551557 0.1328805 0.1231783 0.0720412 0.0617759 0.1699668 0.0749657 0.0861768 0.0704479 0.0704473 0.0632749 0.2660966 0.0652221 0.1578245 0.0939331 0.0670779 0.0654660 0.0702144 0.1564474 0.0694945 0.0717583 0.0623296 0.0677165 0.0687446 0.0550338 0.0801700 0.0637875 0.0683630 0.0972333 0.1214366 0.1418877 0.0593122 0.0741979 0.0747215 0.0554568 0.1353628 0.0789811 0.0748884 0.0750036 0.0702287 0.1135095 0.0703392 0.0690248 0.1543251 0.0674179 0.1374352 0.1457117 0.0218178 0.0700473 0.0685108 0.2048143 0.1084940 0.1076055 0.0755206 
Amauria_carterae_99_mesa                 0.0534052 0.0000000 0.0716012 0.2369859 0.0958101 0.0963998 0.2012965 0.1779407 0.3412014 0.0709472 0.1615975 0.0708527 0.0762977 0.0708260 0.0582073 0.0766077 0.0589284 0.1339706 0.0787197 0.0795346 0.0658460 0.1571751 0.3292783 0.0738294 0.0744626 0.0734792 0.0641849 0.0762257 0.0837172 0.1947665 0.1017957 0.1854659 0.1259591 0.1264442 0.0741073 0.0618593 0.1822695 0.0781865 0.0786228 0.0690956 0.0734490 0.0735098 0.1747186 0.0759702 0.1681960 0.0989718 0.0757038 0.0760281 0.0659632 0.1681960 0.0733404 0.0835167 0.0688112 0.0731851 0.0860185 0.0733282 0.0732233 0.0664932 0.0638752 0.1472506 0.1301558 0.1329708 0.0583522 0.0784255 0.0836374 0.0616827 0.1764138 0.0707808 0.0786424 0.0783723 0.0688033 0.1071203 0.0709271 0.0684174 0.1512150 0.0734106 0.1671401 0.1429859 0.0162734 0.0709880 0.0916664 0.1571751 0.1044566 0.1587222 0.0727238 
Amauria_rotundifolia_SRR9119150          0.0322799 0.0716012 0.0000000 0.2536534 0.0963250 0.0891705 0.1829408 0.1811814 0.5724062 0.1717411 0.2635171 0.0960431 0.0851428 0.0821762 0.0694582 0.0804435 0.0820760 0.1177302 0.1047760 0.0873857 0.0781576 0.2197896 0.3226243 0.1000271 0.0717271 0.0906182 0.0854065 0.1057933 0.1014406 0.2999475 0.3159864 0.1726218 0.1561002 0.1387544 0.0990433 0.0793252 0.1920629 0.0911965 0.1152375 0.0903744 0.0998099 0.0962816 0.3098778 0.0825957 0.1713534 0.1275993 0.0846745 0.0841792 0.1048096 0.1709469 0.0879065 0.1090285 0.0895970 0.0870938 0.0897389 0.0722566 0.0933778 0.0922297 0.1012096 0.1293793 0.1322098 0.1598380 0.0601064 0.0982258 0.1005182 0.0858688 0.1476342 0.1136081 0.1159653 0.1015947 0.1014062 0.1291235 0.0972389 0.1002061 0.1635671 0.0790692 0.1542269 0.1661652 0.0223444 0.0926983 0.0848347 0.2593263 0.1237639 0.1328291 0.0991746 
Conoclinium_coelestinum_SRR9119114       0.2471272 0.2369859 0.2536534 0.0000000 0.2052312 0.2303396 0.1640314 0.2109647 0.5273038 0.2665434 0.3071327 0.2675876 0.2685314 0.2635938 0.1505152 0.2146740 0.2289322 0.2558873 0.2455359 0.2596750 0.2660315 0.2646805 0.3546848 0.2683620 0.1847690 0.2715798 0.2523967 0.2640017 0.2655036 0.3337110 0.4335360 0.2364377 0.2555825 0.2211081 0.2702465 0.2414372 0.2405932 0.2688472 0.2607603 0.2491585 0.2649823 0.2601105 0.2876476 0.2418783 0.2355355 0.2699985 0.2638775 0.2505881 0.2698172 0.2349419 0.2532861 0.2681457 0.2569171 0.2371378 0.2388146 0.2082194 0.2614553 0.2572986 0.2570744 0.2143341 0.2088821 0.2340630 0.2207808 0.2744557 0.2713741 0.2503792 0.2602996 0.2632555 0.2063801 0.2691930 0.2641800 0.2380216 0.2649356 0.2698556 0.2553395 0.2502298 0.2618700 0.2299679 0.1022864 0.2716310 0.1902473 0.2636904 0.2379936 0.1879082 0.2757768 
Eutetras_palmeri_63                      0.0644078 0.0958101 0.0963250 0.2052312 0.0000000 0.0595448 0.1639707 0.1818517 0.4412018 0.0760790 0.1364833 0.0641349 0.0628118 0.0628287 0.0449661 0.0645944 0.0610801 0.1167097 0.0880124 0.0623318 0.0688644 0.1596878 0.3215553 0.0746967 0.0568747 0.0645163 0.0621025 0.0646783 0.0750084 0.2718655 0.2564888 0.1492764 0.1257768 0.1171751 0.0625044 0.0766466 0.1503076 0.0672891 0.0809970 0.0622122 0.0684342 0.0636034 0.3214844 0.0623346 0.1399116 0.0931936 0.0683160 0.0671667 0.0670031 0.1400278 0.0717421 0.0748954 0.0613968 0.0833089 0.0706198 0.0612127 0.0792829 0.0672647 0.0937818 0.1147006 0.1361162 0.1183341 0.0558968 0.0687187 0.0744795 0.0584176 0.1375282 0.0678835 0.0889353 0.0712252 0.0722292 0.0971154 0.0656285 0.0682267 0.1383511 0.0830109 0.1425999 0.1332384 0.0107833 0.0644296 0.0778715 0.1596878 0.0984570 0.1132508 0.0803214 
Eutetras_pringlei_149_quer               0.0834759 0.0963998 0.0891705 0.2303396 0.0595448 0.0000000 0.2145734 0.1482275 0.2011429 0.1309230 0.1547631 0.0959600 0.0975614 0.0921213 0.0845612 0.0962416 0.0916873 0.1458484 0.1044804 0.0965562 0.0839171 0.2175453 0.3291149 0.1039841 0.1005685 0.0963255 0.0838906 0.0754548 0.1101332 0.1209722 0.0906389 0.1740132 0.1328387 0.1283322 0.0757499 0.0838245 0.1798719 0.0998661 0.1072384 0.0879270 0.1004991 0.0918012 0.1664893 0.1048597 0.1616764 0.1194954 0.0961977 0.1049926 0.0836461 0.1616764 0.0877589 0.1047378 0.0933475 0.0959501 0.1054784 0.0680966 0.0922245 0.0959691 0.0918219 0.1566895 0.1114700 0.1526563 0.0524605 0.0922787 0.0965569 0.0797499 0.1622050 0.0996643 0.1133429 0.1002138 0.1039841 0.1344901 0.1004752 0.0877031 0.2003021 0.0993238 0.1618117 0.1447209 0.0107833 0.0923332 0.1259201 0.2175453 0.1300748 0.1744545 0.0930618 
Eutrochium_fistulosum_SRR9119106         0.1650717 0.2012965 0.1829408 0.1640314 0.1639707 0.2145734 0.0000000 0.1961388 0.5001223 0.1843589 0.2123880 0.1593665 0.1570187 0.1640135 0.0816264 0.1632367 0.1521226 0.1897653 0.2075920 0.1566925 0.1774110 0.1794593 0.3624632 0.1691743 0.1231622 0.1621975 0.1561472 0.1549212 0.1627234 0.3037768 0.3745389 0.1718164 0.1422792 0.1557974 0.1634109 0.1521841 0.1501233 0.1667420 0.1697491 0.1609079 0.1624245 0.1619161 0.2237008 0.1602629 0.1525992 0.1870172 0.1690560 0.1613579 0.1625710 0.1525596 0.1650512 0.1611476 0.1547945 0.1911359 0.1576935 0.1511856 0.2100710 0.1537188 0.1597640 0.1648320 0.2039028 0.1570745 0.1896868 0.1596046 0.1717107 0.1546138 0.1547258 0.1629857 0.1527956 0.1639894 0.1657173 0.1416158 0.1589975 0.1625580 0.1515719 0.1918060 0.1489422 0.1498902 0.0803839 0.1641082 0.1557314 0.1794593 0.1441737 0.1327094 0.2006874 
Galeana_pratensis_104_mex                0.1785923 0.1779407 0.1811814 0.2109647 0.1818517 0.1482275 0.1961388 0.0000000 0.2494019 0.1632130 0.1749348 0.1647859 0.1739380 0.1790785 0.0890486 0.1675197 0.1609667 0.1749223 0.1731862 0.1672012 0.1648000 0.2161956 0.3494225 0.1612296 0.1698911 0.1726343 0.1570077 0.1514479 0.1689333 0.1580275 0.1500292 0.1651562 0.1511163 0.1458557 0.1721691 0.1569463 0.2212482 0.1785446 0.1652486 0.1640527 0.1795054 0.1750973 0.1986352 0.1722093 0.1984679 0.1872403 0.1686330 0.1723962 0.1574819 0.1946366 0.1610220 0.1870701 0.1665171 0.1682602 0.1801510 0.1550979 0.1754750 0.1578965 0.1575519 0.1892633 0.1657421 0.1722476 0.1459592 0.1687492 0.1616632 0.1605617 0.1870563 0.1570997 0.1131644 0.1757294 0.1612296 0.1551414 0.1723962 0.1609436 0.2118171 0.1692223 0.1899974 0.1816319 0.0917631 0.1647859 0.1756901 0.2161956 0.1550624 0.1548388 0.1519584 
Helianthus_annuus_SRR9119062             0.5468696 0.3412014 0.5724062 0.5273038 0.4412018 0.2011429 0.5001223 0.2494019 0.0000000 0.5359993 0.6286525 0.5176835 0.5161577 0.4805718 0.4873792 0.4303888 0.4214580 0.4489289 0.4093782 0.5218540 0.4177972 0.5384226 0.3185366 0.5127410 0.4433226 0.5221027 0.5000595 0.4991084 0.5036201 0.4137589 0.4421005 0.4055802 0.5369663 0.4671341 0.5304069 0.5211624 0.4979898 0.5150865 0.5062346 0.4952397 0.5159483 0.4827316 0.5859002 0.4485929 0.5353334 0.5338750 0.4933669 0.4354700 0.5109247 0.5263377 0.4353633 0.5368496 0.5023051 0.4016315 0.4401865 0.3754613 0.2764321 0.5171366 0.5111006 0.4331858 0.2205852 0.5547523 0.2266679 0.5225492 0.4984144 0.4952841 0.4748169 0.5137882 0.3737647 0.5366691 0.4983460 0.4717371 0.5229754 0.5160059 0.4823106 0.2702009 0.4795873 0.4920616 0.0913387 0.4867751 0.4139211 0.5547271 0.4472367 0.4882574 0.3869354 
Lycapsus_tenuifolius_17                  0.1108874 0.0709472 0.1717411 0.2665434 0.0760790 0.1309230 0.1843589 0.1632130 0.5359993 0.0000000 0.2745584 0.1858104 0.1561497 0.1163702 0.0474291 0.0744604 0.0647486 0.1023577 0.1095437 0.1706974 0.1112591 0.2220932 0.3288373 0.1783190 0.0676846 0.1968287 0.1709696 0.2067767 0.1394651 0.2605660 0.3764799 0.1617935 0.2141627 0.1489424 0.1532680 0.1514868 0.1919634 0.1241632 0.1842327 0.1076089 0.1886858 0.1152337 0.3650473 0.0852431 0.2226620 0.2369763 0.1203247 0.0821059 0.1524694 0.2103821 0.0882436 0.2187386 0.1356130 0.0786975 0.0871758 0.0765705 0.1019503 0.1959040 0.1959625 0.1023617 0.1382365 0.1957689 0.0913026 0.2245172 0.1343149 0.1178535 0.1910748 0.1426207 0.0854823 0.1641883 0.1819003 0.1473104 0.2035006 0.2177067 0.2049290 0.0865881 0.1934734 0.2195762 0.0563860 0.1174385 0.0743936 0.2798299 0.1349265 0.1092108 0.0968231 
Pericome_caudata_50_silver               0.2273807 0.1615975 0.2635171 0.3071327 0.1364833 0.1547631 0.2123880 0.1749348 0.6286525 0.2745584 0.0000000 0.2294504 0.2357942 0.1982526 0.0900687 0.1310323 0.1591751 0.1502625 0.2024866 0.2447518 0.2157843 0.2478350 0.2910828 0.2407488 0.1169100 0.2407497 0.2298300 0.2403440 0.2288300 0.3075607 0.4347853 0.1947689 0.2621453 0.2172249 0.2359280 0.2374510 0.2073307 0.2166494 0.2314035 0.2039284 0.2396441 0.2063034 0.4521095 0.1678306 0.2198474 0.2464558 0.2167446 0.1653424 0.2364709 0.2083837 0.1813129 0.2497077 0.2209793 0.1778216 0.1689219 0.1134887 0.1807849 0.2414560 0.2635640 0.1415515 0.1880752 0.2553557 0.1558689 0.2294278 0.2196999 0.2103901 0.1639226 0.2313755 0.1740440 0.2295499 0.2329924 0.2129456 0.2429869 0.2392801 0.2205938 0.1675273 0.1689575 0.2080322 0.0851454 0.2052630 0.1175157 0.3027186 0.1960798 0.1201271 0.2316761 
Perityle_aglossa_84_dead_horse           0.0718017 0.0708527 0.0960431 0.2675876 0.0641349 0.0959600 0.1593665 0.1647859 0.5176835 0.1858104 0.2294504 0.0000000 0.0297362 0.0329403 0.0162591 0.0464467 0.0187832 0.1070618 0.0865412 0.0372181 0.0322225 0.2082254 0.3161759 0.0329262 0.0257878 0.0356670 0.0348592 0.0519268 0.0710360 0.2725884 0.3272071 0.1566983 0.1249330 0.1246716 0.0294378 0.0597602 0.1656264 0.0380341 0.0835976 0.0411669 0.0379292 0.0296348 0.2761262 0.0249611 0.1574580 0.1041463 0.0347959 0.0298748 0.0357578 0.1592098 0.0316245 0.0719094 0.0315057 0.0375309 0.0658806 0.0286154 0.0328972 0.0313978 0.0492111 0.1029943 0.1363572 0.1344536 0.0337945 0.0048612 0.0680181 0.0327311 0.1363116 0.0758470 0.0465220 0.0372598 0.0329501 0.1021307 0.0355609 0.0360913 0.1532485 0.0308923 0.1400158 0.1417820 0.0108234 0.0180918 0.0608754 0.2584198 0.1022096 0.1099242 0.0424592 
Perityle_ajoensis_204                    0.0671426 0.0762977 0.0851428 0.2685314 0.0628118 0.0975614 0.1570187 0.1739380 0.5161577 0.1561497 0.2357942 0.0297362 0.0000000 0.0203592 0.0180828 0.0512754 0.0223882 0.1128422 0.0908371 0.0222959 0.0186423 0.2036853 0.3453715 0.0304824 0.0160835 0.0266945 0.0248332 0.0487788 0.0597493 0.2700967 0.3407622 0.1544409 0.1215843 0.1223296 0.0316461 0.0341615 0.1587816 0.0270696 0.0782020 0.0409947 0.0246172 0.0158918 0.2525677 0.0201934 0.1472610 0.0934687 0.0234606 0.0178459 0.0279086 0.1486332 0.0330271 0.0314092 0.0160122 0.0264589 0.0648968 0.0375323 0.0352375 0.0295708 0.0351680 0.0823283 0.1441249 0.1302771 0.0371759 0.0326801 0.0668091 0.0223833 0.1393197 0.0657582 0.0308565 0.0267137 0.0282333 0.1005742 0.0247860 0.0268592 0.1491927 0.0238095 0.1390432 0.1411435 0.0166305 0.0330245 0.0707140 0.2346497 0.1004548 0.1008805 0.0427096 
Perityle_ambrosiifolia_67_green          0.0664240 0.0708260 0.0821762 0.2635938 0.0628287 0.0921213 0.1640135 0.1790785 0.4805718 0.1163702 0.1982526 0.0329403 0.0203592 0.0000000 0.0162512 0.0540518 0.0254773 0.1146399 0.0887393 0.0206304 0.0212885 0.1991698 0.3296835 0.0344852 0.0176117 0.0278302 0.0276787 0.0409073 0.0638168 0.2761450 0.3167008 0.1525392 0.1259202 0.1265529 0.0357439 0.0313507 0.1576756 0.0348418 0.0693551 0.0414405 0.0245523 0.0169775 0.2826212 0.0225240 0.1463339 0.0888695 0.0279384 0.0237824 0.0371384 0.1463000 0.0368201 0.0329821 0.0192104 0.0279446 0.0674193 0.0407829 0.0449772 0.0334046 0.0408890 0.0975618 0.1487504 0.1344051 0.0425994 0.0362092 0.0707180 0.0265910 0.1393691 0.0616006 0.0306242 0.0383373 0.0322751 0.1066551 0.0245699 0.0371369 0.1450196 0.0308156 0.1425327 0.1437517 0.0108253 0.0405752 0.0703660 0.1991698 0.1061835 0.1050703 0.0409535 
Perityle_angustifolia_13_Eagle_creek     0.0411346 0.0582073 0.0694582 0.1505152 0.0449661 0.0845612 0.0816264 0.0890486 0.4873792 0.0474291 0.0900687 0.0162591 0.0180828 0.0162512 0.0000000 0.0458129 0.0163272 0.0761096 0.0632166 0.0162773 0.0069462 0.0948904 0.3550002 0.0293161 0.0157509 0.0180794 0.0235912 0.0283351 0.0451848 0.2921887 0.0455942 0.1080843 0.0652042 0.0717918 0.0181850 0.0221617 0.0895557 0.0162430 0.0449325 0.0227698 0.0162482 0.0199334 0.2581138 0.0162546 0.0928659 0.0546792 0.0180461 0.0144346 0.0235459 0.0927854 0.0158913 0.0217573 0.0107913 0.0126505 0.0485533 0.0269361 0.0268291 0.0218801 0.0255812 0.0896036 0.0844165 0.0574342 0.0294490 0.0217792 0.0568710 0.0217446 0.0962019 0.0410583 0.0246323 0.0180723 0.0255783 0.0316498 0.0162774 0.0253921 0.0905306 0.0246726 0.0987696 0.0864085 0.0061112 0.0162831 0.0585365 0.0948904 0.0335507 0.0890946 0.0352023 
Perityle_batopilensis_97                 0.0633550 0.0766077 0.0804435 0.2146740 0.0645944 0.0962416 0.1632367 0.1675197 0.4303888 0.0744604 0.1310323 0.0464467 0.0512754 0.0540518 0.0458129 0.0000000 0.0391891 0.1223779 0.0805798 0.0552675 0.0523276 0.1415890 0.3250835 0.0542997 0.0524114 0.0526903 0.0439130 0.0457053 0.0664590 0.2718411 0.2122609 0.1489489 0.1209072 0.1144835 0.0513383 0.0439612 0.1500061 0.0525122 0.0541358 0.0347142 0.0571082 0.0525957 0.2282443 0.0495923 0.1381536 0.0632790 0.0510605 0.0526848 0.0489506 0.1398660 0.0526278 0.0587071 0.0482398 0.0628452 0.0617579 0.0488125 0.0641375 0.0451509 0.0481471 0.1018444 0.1280209 0.1097697 0.0526569 0.0509922 0.0741154 0.0423979 0.1382955 0.0575860 0.0833750 0.0510383 0.0512459 0.0950034 0.0496104 0.0504787 0.1380448 0.0627958 0.1311791 0.1349253 0.0163161 0.0466099 0.0708645 0.1415890 0.0949704 0.1132150 0.0640418 
Perityle_bisetosa_9                      0.0505650 0.0589284 0.0820760 0.2289322 0.0610801 0.0916873 0.1521226 0.1609667 0.4214580 0.0647486 0.1591751 0.0187832 0.0223882 0.0254773 0.0163272 0.0391891 0.0000000 0.1077752 0.0739850 0.0254216 0.0198231 0.1517359 0.3145580 0.0168495 0.0242303 0.0256670 0.0199517 0.0335360 0.0643900 0.2678782 0.2641955 0.1442313 0.1126476 0.1125266 0.0214352 0.0496450 0.1432148 0.0310685 0.0757280 0.0274268 0.0270268 0.0200401 0.3396907 0.0243872 0.1395077 0.0885801 0.0302783 0.0266323 0.0159998 0.1396211 0.0231167 0.0316145 0.0211839 0.0328654 0.0604753 0.0252276 0.0371521 0.0157832 0.0572054 0.1088228 0.1301321 0.1082079 0.0337670 0.0198248 0.0627363 0.0174408 0.1343474 0.0486158 0.0468579 0.0262260 0.0147189 0.0885057 0.0225891 0.0170772 0.1338604 0.0286224 0.1374595 0.1367317 0.0108067 0.0201679 0.0592996 0.1517359 0.0896969 0.1075760 0.0354938 
Perityle_californica_76_positas          0.1073758 0.1339706 0.1177302 0.2558873 0.1167097 0.1458484 0.1897653 0.1749223 0.4489289 0.1023577 0.1502625 0.1070618 0.1128422 0.1146399 0.0761096 0.1223779 0.1077752 0.0000000 0.1480163 0.1148886 0.1328294 0.1663186 0.3187930 0.1208577 0.1076879 0.1175966 0.1054338 0.1021507 0.1158650 0.2775387 0.2770161 0.1633814 0.1348295 0.1236194 0.1196623 0.1024136 0.1668608 0.1223343 0.1046660 0.1164540 0.1191163 0.1147204 0.3126662 0.1184500 0.1590138 0.1173746 0.1273389 0.1174023 0.1152990 0.1574631 0.1276280 0.1259398 0.1136448 0.1546916 0.1250851 0.1186224 0.1675876 0.1104377 0.1158871 0.1351970 0.1544146 0.1283514 0.1071680 0.1085531 0.1143122 0.1065981 0.1589059 0.1109635 0.1409168 0.1187614 0.1179205 0.1190511 0.1147235 0.1167517 0.1633354 0.1171053 0.1608389 0.1542864 0.0499537 0.1116200 0.0996741 0.1663186 0.1178263 0.1142773 0.1356293 
Perityle_canescens_77                    0.0882778 0.0787197 0.1047760 0.2455359 0.0880124 0.1044804 0.2075920 0.1731862 0.4093782 0.1095437 0.2024866 0.0865412 0.0908371 0.0887393 0.0632166 0.0805798 0.0739850 0.1480163 0.0000000 0.0958701 0.0773418 0.1876840 0.3350207 0.0926327 0.0697202 0.0962763 0.0801084 0.0756632 0.1002851 0.2819162 0.2385473 0.1899126 0.1534689 0.1587040 0.0835626 0.0809861 0.2083561 0.0829911 0.0886735 0.0873450 0.0941691 0.0833339 0.2009584 0.0849442 0.1918804 0.1043085 0.0847565 0.0925825 0.0812501 0.1924268 0.0827802 0.0904369 0.0835227 0.0732747 0.0830318 0.0631608 0.0927043 0.0833016 0.0832053 0.1235448 0.1404924 0.1559390 0.0714145 0.0921536 0.1059492 0.0808479 0.1798096 0.0817812 0.0960155 0.0902902 0.0888880 0.1386964 0.0943465 0.0831059 0.1900148 0.0809919 0.1750242 0.1784861 0.0327370 0.0813428 0.0780906 0.1894842 0.1313756 0.1299666 0.0863221 
Perityle_castillonii_96                  0.0698768 0.0795346 0.0873857 0.2596750 0.0623318 0.0965562 0.1566925 0.1672012 0.5218540 0.1706974 0.2447518 0.0372181 0.0222959 0.0206304 0.0162773 0.0552675 0.0254216 0.1148886 0.0958701 0.0000000 0.0225842 0.2066897 0.3368114 0.0346110 0.0237786 0.0293898 0.0296532 0.0458135 0.0598050 0.2691916 0.3301939 0.1584357 0.1179066 0.1169782 0.0334835 0.0391771 0.1613527 0.0331595 0.0808531 0.0430036 0.0252081 0.0179361 0.2436854 0.0247657 0.1429807 0.0961204 0.0281943 0.0237926 0.0362004 0.1441952 0.0348451 0.0345916 0.0158252 0.0316689 0.0656938 0.0376359 0.0459498 0.0346926 0.0388664 0.0898418 0.1350902 0.1426660 0.0419219 0.0404278 0.0677706 0.0259234 0.1381021 0.0701240 0.0370202 0.0378540 0.0323107 0.1013936 0.0273607 0.0351373 0.1506379 0.0387517 0.1416387 0.1438403 0.0108561 0.0388667 0.0744650 0.2396886 0.0999623 0.1039164 0.0404540 
Perityle_cernua_84                       0.0633574 0.0658460 0.0781576 0.2660315 0.0688644 0.0839171 0.1774110 0.1648000 0.4177972 0.1112591 0.2157843 0.0322225 0.0186423 0.0212885 0.0069462 0.0523276 0.0198231 0.1328294 0.0773418 0.0225842 0.0000000 0.1982287 0.3375629 0.0377898 0.0091142 0.0216409 0.0214611 0.0409299 0.0655647 0.2711973 0.3070977 0.1689765 0.1303611 0.1432547 0.0366185 0.0231913 0.1773255 0.0307481 0.0653877 0.0383392 0.0267002 0.0175020 0.1847238 0.0181442 0.1711071 0.0769455 0.0253942 0.0212498 0.0341568 0.1710542 0.0335120 0.0309205 0.0121044 0.0185179 0.0669663 0.0306888 0.0350194 0.0309169 0.0295271 0.0938700 0.1395873 0.1442185 0.0281228 0.0349930 0.0728820 0.0200977 0.1674486 0.0583043 0.0212976 0.0335095 0.0350156 0.1223067 0.0175193 0.0341551 0.1737109 0.0164357 0.1602053 0.1571698 0.0053897 0.0390817 0.0633882 0.1982287 0.1206926 0.1118957 0.0393687 
Perityle_cfvillosa_25_tin                0.1997280 0.1571751 0.2197896 0.2646805 0.1596878 0.2175453 0.1794593 0.2161956 0.5384226 0.2220932 0.2478350 0.2082254 0.2036853 0.1991698 0.0948904 0.1415890 0.1517359 0.1663186 0.1876840 0.2066897 0.1982287 0.0000000 0.1991020 0.2164711 0.1221959 0.2109683 0.2097720 0.2425211 0.2301252 0.2964323 0.4241959 0.1655557 0.2129205 0.1682147 0.2134283 0.2199874 0.1652213 0.2059766 0.2155908 0.1967154 0.2155667 0.2080204 0.3623720 0.1585510 0.1598828 0.2109822 0.1995373 0.1583265 0.2356026 0.1599985 0.1684904 0.2367590 0.2065058 0.1846843 0.1553493 0.1345140 0.2058028 0.2034214 0.1903447 0.1530232 0.1893750 0.1941312 0.1744716 0.2125022 0.2047327 0.2021072 0.1871554 0.2072550 0.1750932 0.2258448 0.2136781 0.1915036 0.2108910 0.2162233 0.0744760 0.1715273 0.1892239 0.1539057 0.0915449 0.2050577 0.1211600 0.0000010 0.1645592 0.1294806 0.2078404 
Perityle_cinerea_113_Powell1310          0.3352725 0.3292783 0.3226243 0.3546848 0.3215553 0.3291149 0.3624632 0.3494225 0.3185366 0.3288373 0.2910828 0.3161759 0.3453715 0.3296835 0.3550002 0.3250835 0.3145580 0.3187930 0.3350207 0.3368114 0.3375629 0.1991020 0.0000000 0.3168766 0.3536640 0.3526155 0.3173542 0.3103615 0.3101460 0.3331029 0.3330869 0.3304832 0.3318945 0.3259667 0.3094252 0.3167515 0.3035299 0.3385130 0.3094037 0.3091674 0.3315208 0.3505425 0.2827084 0.3310448 0.2883747 0.3170608 0.3323742 0.3526155 0.3094252 0.2883747 0.3154226 0.3238497 0.3439658 0.3385130 0.3217562 0.3103615 0.3382745 0.3107245 0.3034402 0.3083106 0.3081358 0.3265835 0.3282205 0.3222022 0.3076948 0.3229443 0.2936324 0.3203156 0.3831682 0.3456855 0.3168766 0.3173253 0.3526155 0.3164494 0.1927506 0.3464152 0.2995471 0.2756181 0.2562361 0.3161759 0.3158063 0.1991020 0.3173253 0.3274389 0.3167515 
Perityle_coahuilensis_24                 0.0729335 0.0738294 0.1000271 0.2683620 0.0746967 0.1039841 0.1691743 0.1612296 0.5127410 0.1783190 0.2407488 0.0329262 0.0304824 0.0344852 0.0293161 0.0542997 0.0168495 0.1208577 0.0926327 0.0346110 0.0377898 0.2164711 0.3168766 0.0000000 0.0391953 0.0382363 0.0354274 0.0543643 0.0810168 0.2729258 0.3359230 0.1546019 0.1295246 0.1269608 0.0331685 0.0678183 0.1679090 0.0442771 0.1019149 0.0432883 0.0345394 0.0258129 0.3136890 0.0323746 0.1612179 0.1175398 0.0372388 0.0373753 0.0298678 0.1629923 0.0343496 0.0711801 0.0313778 0.0424849 0.0730960 0.0355889 0.0431591 0.0266578 0.0681607 0.1192990 0.1364430 0.1406837 0.0453632 0.0361979 0.0753311 0.0330783 0.1407889 0.0779296 0.0632278 0.0412565 0.0024213 0.1038687 0.0371097 0.0294735 0.1495806 0.0384076 0.1448724 0.1540094 0.0217499 0.0351218 0.0726337 0.2595175 0.1052437 0.1229241 0.0459429 
Perityle_cochisensis_44_cave_creek       0.0499890 0.0744626 0.0717271 0.1847690 0.0568747 0.1005685 0.1231622 0.1698911 0.4433226 0.0676846 0.1169100 0.0257878 0.0160835 0.0176117 0.0157509 0.0524114 0.0242303 0.1076879 0.0697202 0.0237786 0.0091142 0.1221959 0.3536640 0.0391953 0.0000000 0.0176342 0.0227198 0.0319786 0.0501792 0.2813693 0.0930274 0.1241672 0.0951862 0.0872520 0.0309233 0.0231084 0.1202280 0.0159817 0.0534904 0.0309620 0.0143759 0.0176376 0.2125837 0.0176470 0.1112157 0.0656799 0.0143685 0.0160289 0.0339946 0.1091613 0.0310098 0.0160081 0.0079940 0.0156334 0.0570415 0.0344962 0.0441065 0.0308695 0.0325078 0.0972386 0.1267948 0.0884036 0.0312655 0.0307500 0.0606027 0.0210692 0.1209456 0.0499223 0.0307450 0.0224896 0.0358370 0.0675820 0.0143890 0.0356475 0.1182138 0.0275501 0.1130319 0.1060312 0.0108407 0.0258216 0.0671565 0.1221959 0.0675559 0.1074872 0.0347976 
Perityle_congesta_202                    0.0714127 0.0734792 0.0906182 0.2715798 0.0645163 0.0963255 0.1621975 0.1726343 0.5221027 0.1968287 0.2407497 0.0356670 0.0266945 0.0278302 0.0180794 0.0526903 0.0256670 0.1175966 0.0962763 0.0293898 0.0216409 0.2109683 0.3526155 0.0382363 0.0176342 0.0000000 0.0318447 0.0580912 0.0610102 0.2822377 0.3256140 0.1581167 0.1213629 0.1284997 0.0355076 0.0416085 0.1619857 0.0348487 0.0828203 0.0437744 0.0301778 0.0260803 0.2591549 0.0201663 0.1492869 0.0983925 0.0271634 0.0105984 0.0375965 0.1506966 0.0361189 0.0810919 0.0226960 0.0268174 0.0699106 0.0339170 0.0451922 0.0383783 0.0438003 0.1006732 0.1433932 0.1400725 0.0457229 0.0408695 0.0659810 0.0282851 0.1437313 0.0725114 0.0338150 0.0322866 0.0361279 0.1047940 0.0077067 0.0384663 0.1535576 0.0093464 0.1424303 0.1453341 0.0108253 0.0369669 0.0666336 0.2645215 0.1050150 0.1024128 0.0450646 
Perityle_cordifolia_27                   0.0553214 0.0641849 0.0854065 0.2523967 0.0621025 0.0838906 0.1561472 0.1570077 0.5000595 0.1709696 0.2298300 0.0348592 0.0248332 0.0276787 0.0235912 0.0439130 0.0199517 0.1054338 0.0801084 0.0296532 0.0214611 0.2097720 0.3173542 0.0354274 0.0227198 0.0318447 0.0000000 0.0604688 0.0750405 0.2597129 0.3267170 0.1433616 0.1208258 0.1200653 0.0326727 0.0591040 0.1591754 0.0349913 0.1027493 0.0323089 0.0297157 0.0267134 0.3201717 0.0263664 0.1447471 0.1153895 0.0304585 0.0264418 0.0323441 0.1461579 0.0318549 0.0696110 0.0273382 0.0314464 0.0570218 0.0307013 0.0354345 0.0296732 0.0658564 0.1101446 0.1229364 0.1302978 0.0168172 0.0379277 0.0644550 0.0101096 0.1293066 0.0697566 0.0497286 0.0405235 0.0339700 0.0980141 0.0327544 0.0331137 0.1469050 0.0338446 0.1296614 0.1562710 0.0000010 0.0337914 0.0634380 0.2485762 0.0978656 0.1083189 0.0348149 
Perityle_cordifolia_68_tecolote          0.0691827 0.0762257 0.1057933 0.2640017 0.0646783 0.0754548 0.1549212 0.1514479 0.4991084 0.2067767 0.2403440 0.0519268 0.0487788 0.0409073 0.0283351 0.0457053 0.0335360 0.1021507 0.0756632 0.0458135 0.0409299 0.2425211 0.3103615 0.0543643 0.0319786 0.0580912 0.0604688 0.0000000 0.1022537 0.2774535 0.3332880 0.1350184 0.1228195 0.1243720 0.0475252 0.0748779 0.2055210 0.0434922 0.1397590 0.0424231 0.0545084 0.0354975 0.3318142 0.0386101 0.1521039 0.1504532 0.0397289 0.0414070 0.0837207 0.1498110 0.0411604 0.1188697 0.0444899 0.0484323 0.0612231 0.0066401 0.0416226 0.0527066 0.0835922 0.1155800 0.1405089 0.1374262 0.0396831 0.0618261 0.0673706 0.0376702 0.1270003 0.0787658 0.0604803 0.0686248 0.0583265 0.1026843 0.0571091 0.0604223 0.1437425 0.0398695 0.1287856 0.1618134 0.0163126 0.0378322 0.0655934 0.2993504 0.1041774 0.1113378 0.0396736 
Perityle_coronopifolia_28_patagonia      0.0700841 0.0837172 0.1014406 0.2655036 0.0750084 0.1101332 0.1627234 0.1689333 0.5036201 0.1394651 0.2288300 0.0710360 0.0597493 0.0638168 0.0451848 0.0664590 0.0643900 0.1158650 0.1002851 0.0598050 0.0655647 0.2301252 0.3101460 0.0810168 0.0501792 0.0610102 0.0750405 0.1022537 0.0000000 0.2791843 0.3307473 0.1600198 0.1164833 0.1297493 0.0683533 0.0949708 0.1848054 0.0663454 0.1197625 0.0650426 0.0734246 0.0716923 0.3604871 0.0578899 0.1567270 0.1333797 0.0602523 0.0567134 0.0833594 0.1555600 0.0684675 0.0988402 0.0757460 0.0750468 0.0553945 0.0505370 0.0840940 0.0723626 0.1035415 0.1203528 0.1276240 0.1281812 0.0684969 0.0789542 0.0176727 0.0669646 0.1314189 0.0770818 0.0930955 0.0821412 0.0782090 0.1134335 0.0671126 0.0783136 0.1416041 0.0703699 0.1319045 0.1661714 0.0331288 0.0674009 0.0592333 0.2506883 0.1101615 0.1224910 0.0807232 
Perityle_crassifolia_70_ventanas         0.2883403 0.1947665 0.2999475 0.3337110 0.2718655 0.1209722 0.3037768 0.1580275 0.4137589 0.2605660 0.3075607 0.2725884 0.2700967 0.2761450 0.2921887 0.2718411 0.2678782 0.2775387 0.2819162 0.2691916 0.2711973 0.2964323 0.3331029 0.2729258 0.2813693 0.2822377 0.2597129 0.2774535 0.2791843 0.0000000 0.2740095 0.2603228 0.2989965 0.1286756 0.2830533 0.2627389 0.2963328 0.2809011 0.2690212 0.2658560 0.2779918 0.2799778 0.2931905 0.2670431 0.2949581 0.2868691 0.2811951 0.2794308 0.2731463 0.2925745 0.2769753 0.2809862 0.2660184 0.2614061 0.2621008 0.2957140 0.1523549 0.2715501 0.2734982 0.3127256 0.1395711 0.2746886 0.1055131 0.2748741 0.2785269 0.2572793 0.3112696 0.2633932 0.1844539 0.2809197 0.2724471 0.2473498 0.2770590 0.2778353 0.2913911 0.1269070 0.3055702 0.2547603 0.0682631 0.2762556 0.2930056 0.2964323 0.2473498 0.3191519 0.2537445 
Perityle_crassifolia_74_playa_balandra   0.3121066 0.1017957 0.3159864 0.4335360 0.2564888 0.0906389 0.3745389 0.1500292 0.4421005 0.3764799 0.4347853 0.3272071 0.3407622 0.3167008 0.0455942 0.2122609 0.2641955 0.2770161 0.2385473 0.3301939 0.3070977 0.4241959 0.3330869 0.3359230 0.0930274 0.3256140 0.3267170 0.3332880 0.3307473 0.2740095 0.0000000 0.2999390 0.3139731 0.3660119 0.3390046 0.3268054 0.3714336 0.3436420 0.3556563 0.3252211 0.3469649 0.3118686 0.3956861 0.2874785 0.3952203 0.3711244 0.3304052 0.2743121 0.3097754 0.3899710 0.2913823 0.3498129 0.3113105 0.2589765 0.2963419 0.1736478 0.2133108 0.3142821 0.3215080 0.2520798 0.1516077 0.2925225 0.1261531 0.3277275 0.3263713 0.3267029 0.3544822 0.3289356 0.0686763 0.3438350 0.3376444 0.2430475 0.3227868 0.3123146 0.3997250 0.0967444 0.3577379 0.3458130 0.0444098 0.3288442 0.1198051 0.4261357 0.2279312 0.1219330 0.2930674 
Perityle_cuneata_34_cuneata_San_antonio  0.1551557 0.1854659 0.1726218 0.2364377 0.1492764 0.1740132 0.1718164 0.1651562 0.4055802 0.1617935 0.1947689 0.1566983 0.1544409 0.1525392 0.1080843 0.1489489 0.1442313 0.1633814 0.1899126 0.1584357 0.1689765 0.1655557 0.3304832 0.1546019 0.1241672 0.1581167 0.1433616 0.1350184 0.1600198 0.2603228 0.2999390 0.0000000 0.1539157 0.1359154 0.1549109 0.1423667 0.1554587 0.1625263 0.1586606 0.1486159 0.1582034 0.1547764 0.2478975 0.1564266 0.1548743 0.1735412 0.1552209 0.1605066 0.1538431 0.1518077 0.1616246 0.1584482 0.1492724 0.1698865 0.1493076 0.1257022 0.1758917 0.1470819 0.1572079 0.1644038 0.1358401 0.1565235 0.1392909 0.1583050 0.1676272 0.1447492 0.1740947 0.1547933 0.1733257 0.1612454 0.1516138 0.1124616 0.1566211 0.1553213 0.1565355 0.1563001 0.1751236 0.1450854 0.0906984 0.1554158 0.1418748 0.1655557 0.1124287 0.1407600 0.1878667 
Perityle_cuneata_4                       0.1328805 0.1259591 0.1561002 0.2555825 0.1257768 0.1328387 0.1422792 0.1511163 0.5369663 0.2141627 0.2621453 0.1249330 0.1215843 0.1259202 0.0652042 0.1209072 0.1126476 0.1348295 0.1534689 0.1179066 0.1303611 0.2129205 0.3318945 0.1295246 0.0951862 0.1213629 0.1208258 0.1228195 0.1164833 0.2989965 0.3139731 0.1539157 0.0000000 0.1242145 0.1285019 0.1194545 0.1560414 0.1234558 0.1363721 0.1234761 0.1250625 0.1186707 0.2308270 0.1233331 0.1525318 0.1554793 0.1263422 0.1203645 0.1313864 0.1499435 0.1265127 0.1278626 0.1133846 0.1332639 0.1295243 0.1132186 0.1436132 0.1232873 0.1284951 0.1461283 0.1579993 0.1585196 0.1216224 0.1277106 0.1261000 0.1190552 0.1395099 0.1407421 0.0958017 0.1262834 0.1274116 0.1294083 0.1215811 0.1299981 0.1561377 0.1288806 0.1344372 0.1347587 0.0501227 0.1165547 0.1200659 0.2283810 0.1263704 0.1296215 0.1452858 
Perityle_discoidea_81                    0.1231783 0.1264442 0.1387544 0.2211081 0.1171751 0.1283322 0.1557974 0.1458557 0.4671341 0.1489424 0.2172249 0.1246716 0.1223296 0.1265529 0.0717918 0.1144835 0.1125266 0.1236194 0.1587040 0.1169782 0.1432547 0.1682147 0.3259667 0.1269608 0.0872520 0.1284997 0.1200653 0.1243720 0.1297493 0.1286756 0.3660119 0.1359154 0.1242145 0.0000000 0.1256918 0.1205353 0.1359914 0.1306791 0.1321295 0.1239891 0.1278564 0.1254051 0.2202145 0.1232018 0.1400564 0.1490428 0.1342124 0.1246920 0.1288514 0.1400217 0.1349935 0.1295862 0.1183336 0.1421767 0.1252794 0.1105454 0.1430202 0.1223709 0.1310609 0.1355176 0.1322737 0.1178451 0.1017593 0.1276716 0.1340004 0.1185752 0.1489009 0.1270349 0.1211156 0.1336410 0.1239917 0.1203134 0.1270682 0.1302810 0.1369770 0.1196385 0.1487428 0.1232238 0.0682631 0.1305466 0.1092195 0.1682147 0.1208578 0.1091077 0.1626672 
Perityle_dissecta_201                    0.0720412 0.0741073 0.0990433 0.2702465 0.0625044 0.0757499 0.1634109 0.1721691 0.5304069 0.1532680 0.2359280 0.0294378 0.0316461 0.0357439 0.0181850 0.0513383 0.0214352 0.1196623 0.0835626 0.0334835 0.0366185 0.2134283 0.3094252 0.0331685 0.0309233 0.0355076 0.0326727 0.0475252 0.0683533 0.2830533 0.3390046 0.1549109 0.1285019 0.1256918 0.0000000 0.0577805 0.1638695 0.0324307 0.0875935 0.0445308 0.0341461 0.0309874 0.2787438 0.0349460 0.1539415 0.1077436 0.0291929 0.0375071 0.0296714 0.1556017 0.0357341 0.0261644 0.0343994 0.0297185 0.0664330 0.0321121 0.0433261 0.0245060 0.0480991 0.1048922 0.1399714 0.1368284 0.0338937 0.0304254 0.0730608 0.0286159 0.1409618 0.0748333 0.0469800 0.0340041 0.0308613 0.1016399 0.0376936 0.0286879 0.1499705 0.0435371 0.1436194 0.1469047 0.0000010 0.0266961 0.0727131 0.2295268 0.1015737 0.1118021 0.0461633 
Perityle_emoryi_47_punta_san_jose        0.0617759 0.0618593 0.0793252 0.2414372 0.0766466 0.0838245 0.1521841 0.1569463 0.5211624 0.1514868 0.2374510 0.0597602 0.0341615 0.0313507 0.0221617 0.0439612 0.0496450 0.1024136 0.0809861 0.0391771 0.0231913 0.2199874 0.3167515 0.0678183 0.0231084 0.0416085 0.0591040 0.0748779 0.0949708 0.2627389 0.3268054 0.1423667 0.1194545 0.1205353 0.0577805 0.0000000 0.1747336 0.0383872 0.0971616 0.0393314 0.0571827 0.0475544 0.3246477 0.0242655 0.1475299 0.1087955 0.0331994 0.0255591 0.0678004 0.1464974 0.0323395 0.0719591 0.0591295 0.0319676 0.0558505 0.0294234 0.0402854 0.0622484 0.0762518 0.1190378 0.1259194 0.1398542 0.0231272 0.0699745 0.0737217 0.0492321 0.1296692 0.0961786 0.0513872 0.0710903 0.0645489 0.0913510 0.0490834 0.0668244 0.1547833 0.0372330 0.1314787 0.1618753 0.0000010 0.0492324 0.0616655 0.2440211 0.0882375 0.1173510 0.0371065 
Perityle_feddemae_99                     0.1699668 0.1822695 0.1920629 0.2405932 0.1503076 0.1798719 0.1501233 0.2212482 0.4979898 0.1919634 0.2073307 0.1656264 0.1587816 0.1576756 0.0895557 0.1500061 0.1432148 0.1668608 0.2083561 0.1613527 0.1773255 0.1652213 0.3035299 0.1679090 0.1202280 0.1619857 0.1591754 0.2055210 0.1848054 0.2963328 0.3714336 0.1554587 0.1560414 0.1359914 0.1638695 0.1747336 0.0000000 0.1704990 0.1826806 0.1581683 0.1659789 0.1602817 0.2239389 0.1501595 0.0273225 0.1961140 0.1650257 0.1490557 0.1881795 0.0273409 0.1617439 0.1817272 0.1617701 0.1884439 0.1533181 0.1474209 0.1984777 0.1638577 0.1818328 0.1514673 0.1892726 0.1776446 0.1687517 0.1698048 0.1722976 0.1557052 0.1389991 0.1769136 0.1724336 0.1774900 0.1660696 0.1400619 0.1673061 0.1743997 0.1168073 0.1822083 0.1400920 0.1068693 0.0919422 0.1688292 0.1355781 0.1757808 0.1315841 0.1284886 0.1912937 
Perityle_fosteri_93                      0.0749657 0.0781865 0.0911965 0.2688472 0.0672891 0.0998661 0.1667420 0.1785446 0.5150865 0.1241632 0.2166494 0.0380341 0.0270696 0.0348418 0.0162430 0.0525122 0.0310685 0.1223343 0.0829911 0.0331595 0.0307481 0.2059766 0.3385130 0.0442771 0.0159817 0.0348487 0.0349913 0.0434922 0.0663454 0.2809011 0.3436420 0.1625263 0.1234558 0.1306791 0.0324307 0.0383872 0.1704990 0.0000000 0.0773098 0.0431122 0.0323133 0.0279084 0.2714114 0.0273137 0.1592686 0.0916634 0.0210477 0.0310891 0.0436620 0.1592319 0.0355101 0.0269722 0.0263561 0.0122635 0.0713373 0.0337440 0.0409637 0.0377210 0.0430734 0.0874625 0.1485190 0.1364658 0.0395722 0.0413345 0.0741787 0.0339014 0.1465301 0.0694114 0.0212939 0.0143695 0.0420989 0.1147741 0.0338175 0.0425535 0.1533572 0.0259378 0.1481901 0.1497604 0.0108253 0.0255286 0.0702107 0.2059766 0.1140008 0.0999319 0.0473767 
Perityle_gamon_221                       0.0861768 0.0786228 0.1152375 0.2607603 0.0809970 0.1072384 0.1697491 0.1652486 0.5062346 0.1842327 0.2314035 0.0835976 0.0782020 0.0693551 0.0449325 0.0541358 0.0757280 0.1046660 0.0886735 0.0808531 0.0653877 0.2155908 0.3094037 0.1019149 0.0534904 0.0828203 0.1027493 0.1397590 0.1197625 0.2690212 0.3556563 0.1586606 0.1363721 0.1321295 0.0875935 0.0971616 0.1826806 0.0773098 0.0000000 0.0733261 0.0938982 0.0824750 0.3477986 0.0616802 0.1552767 0.0343892 0.0684341 0.0644111 0.1248437 0.1544524 0.0695967 0.1452357 0.0952942 0.0766330 0.0674595 0.0558694 0.0753146 0.0924379 0.1007749 0.1178831 0.1088160 0.1457985 0.0713841 0.0969230 0.0800517 0.0831639 0.1334973 0.0985905 0.0886316 0.1171595 0.1044883 0.1167710 0.0901077 0.1029087 0.1524251 0.0754422 0.1356692 0.1413588 0.0272694 0.0808675 0.0208573 0.2631152 0.1085952 0.1073250 0.0786414 
Perityle_gentryi_8_san_francisco         0.0704479 0.0690956 0.0903744 0.2491585 0.0622122 0.0879270 0.1609079 0.1640527 0.4952397 0.1076089 0.2039284 0.0411669 0.0409947 0.0414405 0.0227698 0.0347142 0.0274268 0.1164540 0.0873450 0.0430036 0.0383392 0.1967154 0.3091674 0.0432883 0.0309620 0.0437744 0.0323089 0.0424231 0.0650426 0.2658560 0.3252211 0.1486159 0.1234761 0.1239891 0.0445308 0.0393314 0.1581683 0.0431122 0.0733261 0.0000000 0.0454376 0.0386815 0.2372426 0.0401160 0.1464934 0.0883562 0.0410119 0.0431473 0.0438255 0.1464583 0.0374446 0.0477965 0.0369562 0.0378316 0.0684650 0.0323369 0.0371926 0.0363938 0.0409095 0.0860053 0.1345217 0.1380374 0.0367937 0.0434798 0.0731967 0.0323012 0.1425333 0.0638080 0.0473295 0.0420279 0.0409966 0.1041878 0.0426520 0.0426556 0.1463658 0.0386467 0.1378849 0.1399435 0.0053915 0.0349292 0.0614312 0.1967154 0.1043165 0.0891519 0.0449714 
Perityle_gilensis_22_Superstition        0.0704473 0.0734490 0.0998099 0.2649823 0.0684342 0.1004991 0.1624245 0.1795054 0.5159483 0.1886858 0.2396441 0.0379292 0.0246172 0.0245523 0.0162482 0.0571082 0.0270268 0.1191163 0.0941691 0.0252081 0.0267002 0.2155667 0.3315208 0.0345394 0.0143759 0.0301778 0.0297157 0.0545084 0.0734246 0.2779918 0.3469649 0.1582034 0.1250625 0.1278564 0.0341461 0.0571827 0.1659789 0.0323133 0.0938982 0.0454376 0.0000000 0.0210587 0.2697576 0.0225113 0.1541757 0.1112695 0.0279328 0.0274417 0.0347092 0.1545742 0.0329044 0.0602089 0.0238748 0.0295450 0.0687796 0.0443296 0.0450551 0.0332875 0.0553347 0.1060340 0.1460253 0.1360606 0.0397886 0.0405862 0.0729608 0.0260498 0.1402225 0.0763785 0.0275389 0.0356171 0.0320538 0.1058500 0.0302242 0.0326511 0.1515209 0.0333317 0.1428099 0.1517803 0.0163284 0.0361097 0.0741295 0.2657968 0.1073392 0.1188849 0.0425610 
Perityle_gilensis_salensis_225           0.0632749 0.0735098 0.0962816 0.2601105 0.0636034 0.0918012 0.1619161 0.1750973 0.4827316 0.1152337 0.2063034 0.0296348 0.0158918 0.0169775 0.0199334 0.0525957 0.0200401 0.1147204 0.0833339 0.0179361 0.0175020 0.2080204 0.3505425 0.0258129 0.0176376 0.0260803 0.0267134 0.0354975 0.0716923 0.2799778 0.3118686 0.1547764 0.1186707 0.1254051 0.0309874 0.0475544 0.1602817 0.0279084 0.0824750 0.0386815 0.0210587 0.0000000 0.3142453 0.0213470 0.1517989 0.1032673 0.0225424 0.0214075 0.0312150 0.1519102 0.0347254 0.0305474 0.0156362 0.0252248 0.0656529 0.0355610 0.0410542 0.0288333 0.0532851 0.1092332 0.1454700 0.1313801 0.0366966 0.0325158 0.0700344 0.0226738 0.1393764 0.0643177 0.0370217 0.0314722 0.0237900 0.1034552 0.0221374 0.0301789 0.1430917 0.0259609 0.1419321 0.1464306 0.0162319 0.0339772 0.0703952 0.2080204 0.1049198 0.1169523 0.0383974 
Perityle_glaucescens_94                  0.2660966 0.1747186 0.3098778 0.2876476 0.3214844 0.1664893 0.2237008 0.1986352 0.5859002 0.3650473 0.4521095 0.2761262 0.2525677 0.2826212 0.2581138 0.2282443 0.3396907 0.3126662 0.2009584 0.2436854 0.1847238 0.3623720 0.2827084 0.3136890 0.2125837 0.2591549 0.3201717 0.3318142 0.3604871 0.2931905 0.3956861 0.2478975 0.2308270 0.2202145 0.2787438 0.3246477 0.2239389 0.2714114 0.3477986 0.2372426 0.2697576 0.3142453 0.0000000 0.2659746 0.1244513 0.3568573 0.2735666 0.2687848 0.3450509 0.1291145 0.2288618 0.3656958 0.3407976 0.1798408 0.2315016 0.1987185 0.1881447 0.3164858 0.3241082 0.3568837 0.1849909 0.2923315 0.1555337 0.3184603 0.2951734 0.3048908 0.2481250 0.3571463 0.1811309 0.3502677 0.3154388 0.2583191 0.2750189 0.3200590 0.2313757 0.1707403 0.2090009 0.2827600 0.0678006 0.3030579 0.1673460 0.3991043 0.2512315 0.3509834 0.1893556 
Perityle_gracilis_11                     0.0652221 0.0759702 0.0825957 0.2418783 0.0623346 0.1048597 0.1602629 0.1722093 0.4485929 0.0852431 0.1678306 0.0249611 0.0201934 0.0225240 0.0162546 0.0495923 0.0243872 0.1184500 0.0849442 0.0247657 0.0181442 0.1585510 0.3310448 0.0323746 0.0176470 0.0201663 0.0263664 0.0386101 0.0578899 0.2670431 0.2874785 0.1564266 0.1233331 0.1232018 0.0349460 0.0242655 0.1501595 0.0273137 0.0616802 0.0401160 0.0225113 0.0213470 0.2659746 0.0000000 0.1417729 0.0745210 0.0237980 0.0155078 0.0339936 0.1417359 0.0374129 0.0249902 0.0165963 0.0204206 0.0657322 0.0373892 0.0370525 0.0299013 0.0335546 0.0886896 0.1432483 0.1257441 0.0427381 0.0286144 0.0655905 0.0251433 0.1460625 0.0554820 0.0243859 0.0297612 0.0299200 0.1020280 0.0165709 0.0352331 0.1509206 0.0260677 0.1497335 0.1417350 0.0163070 0.0347163 0.0704301 0.1585510 0.1033677 0.1036877 0.0433578 
