83
Amauria_brandeegeana_62                    0.0000000 0.3493434 0.5425805 0.2209895 0.3902725 0.5531079 0.3974463 0.5421433 0.0000010 0.4606007 0.0789449 0.2233583 0.0721093 0.2211946 0.1134332 0.1289125 0.2567219 0.1271981 0.1048658 0.1202577 0.4315285 0.3633604 0.0670490 0.2298418 0.3275496 0.1175513 0.3014346 0.0728174 0.1054726 0.3639189 0.2236054 0.1449396 0.0879708 0.1091075 0.1276668 0.2710051 0.1086033 0.4382103 0.1237151 0.1076985 0.0670187 0.2733991 0.3223754 0.4766645 0.4614057 0.2067426 0.3271652 0.4958882 0.2771968 0.1027327 0.0626089 0.1135258 0.5088546 0.2146592 0.3105739 0.1233275 0.2632560 0.1978818 0.2145295 0.1726436 0.4042798 0.5041130 0.1206487 0.2236700 0.1224229 0.2866501 0.2916599 0.3207368 0.0760927 0.0634966 0.2407008 0.2216148 0.4076576 0.1133150 0.4255631 0.2896831 0.3737513 0.1224981 0.5434963 0.4341026 0.2161971 0.4464002 0.2838536 
Amauria_carterae_99_mesa                   0.3493434 0.0000000 0.1311254 0.4022101 0.1264753 0.0623959 0.1510211 0.1097312 0.0000010 0.0000010 0.0000010 0.0622422 0.0000010 0.0386736 0.4352230 0.2913549 0.1513031 0.3214342 0.2707690 0.3221487 0.0647383 0.0638352 0.0000010 0.0500061 0.0683163 0.3022833 0.4474251 0.0000010 0.3134323 0.0621727 0.0964424 0.9353909 0.3102585 0.2797631 0.3362700 0.4572447 0.2897445 0.2724464 0.4227746 0.2907111 0.2930292 0.4539873 0.0658716 0.4321883 0.4077960 0.0554592 0.0707677 0.0732214 0.4546641 0.2979224 0.8218462 0.3056528 0.1333681 0.0600339 0.3217710 0.3248710 0.3531347 0.0732027 0.0633784 0.2881234 0.1528250 0.1282859 0.2969312 0.4470769 0.4013277 0.4113930 0.4182823 0.1055464 0.6431296 0.0000010 0.1484719 0.0757036 0.0596560 0.1682112 0.0664084 0.2006946 0.0589555 0.3049614 0.3785600 0.0596560 0.0526375 0.1253664 0.4134389 
Conoclinium_coelestinum_SRR9119114         0.5425805 0.1311254 0.0000000 0.5073294 0.2159100 0.1812119 0.3921191 0.3613118 0.2540534 0.4972011 0.8528560 0.3522447 0.7512424 0.2351931 0.6572472 0.5054317 0.4110972 0.5210519 0.5013443 0.5227709 0.2614511 0.1623357 0.8035507 0.2709465 0.2930527 0.5231788 0.4381148 0.6174622 0.3715602 0.2156005 0.3869694 0.4787634 0.3665107 0.5053573 0.4123337 0.5600308 0.5029721 0.5401114 0.5617573 0.5005026 0.7364304 0.5542695 0.2876004 0.5449576 0.6127113 0.2650299 0.2913749 0.2790166 0.5544607 0.4914982 0.3668667 0.5016453 0.2651112 0.2337204 0.5801709 0.3268620 0.4705922 0.2879061 0.2828221 0.4495510 0.2539845 0.5030685 0.5306851 0.5945639 0.5606617 0.6787432 0.5815425 0.1590927 0.3601597 0.8035507 0.3419716 0.2888723 0.2292055 0.3501773 0.1676876 0.5095433 0.4623382 0.6847816 0.5100718 0.2501547 0.2964726 0.2617971 0.4110133 
Eutetras_palmeri_63                        0.2209895 0.4022101 0.5073294 0.0000000 0.3904176 0.5443284 0.4487726 0.5668461 0.0000010 0.4444631 0.0745066 0.2918552 0.0196497 0.2552251 0.2956716 0.2815115 0.3332668 0.2006845 0.1959530 0.2866392 0.5479475 0.3863215 0.0236456 0.2886967 0.4193304 0.1937339 0.4320424 0.0258166 0.2192290 0.4352726 0.2958336 0.0954587 0.2024986 0.2070124 0.4020353 0.2928458 0.1689380 0.5292006 0.2702439 0.1894304 0.0480266 0.2866408 0.3835966 0.4134896 0.4554505 0.2811660 0.4118402 0.5768615 0.2866655 0.1965246 0.0156657 0.1863603 0.5701732 0.2923483 0.4482186 0.2351341 0.4764440 0.3166584 0.2944905 0.1444582 0.4020656 0.5584426 0.2203503 0.2282263 0.2650890 0.3088622 0.2543670 0.3631268 0.0192035 0.0158735 0.3187258 0.3270615 0.4753574 0.2284518 0.4687608 0.3078092 0.4729466 0.2745764 0.4382898 0.5425923 0.3141318 0.4578006 0.0610948 
Eutetras_pringlei_149_quer                 0.3902725 0.1264753 0.2159100 0.3904176 0.0000000 0.1805175 0.1443004 0.1608609 0.0000010 0.0000010 0.0000010 0.2091326 0.0000010 0.2332205 0.4028974 0.3736973 0.0843315 0.3908223 0.3680677 0.3852856 0.2273719 0.1412984 0.0000010 0.2225807 0.2229439 0.3869742 0.4630981 0.0000010 0.3641526 0.1302927 0.2394940 0.8401849 0.3648399 0.3641410 0.3632009 0.3784451 0.3783038 0.3043298 0.3495246 0.3777520 1.1816463 0.3597897 0.2105511 0.3775155 0.3854732 0.2380505 0.2270756 0.2272341 0.3784920 0.3801425 0.0000010 0.3858697 0.1089812 0.2328155 0.3772214 0.3697749 0.3901546 0.2272341 0.1959670 0.3555789 0.0854685 0.1317080 0.3806459 0.3800589 0.3716128 0.4084465 0.4067725 0.0944438 0.3522428 0.0000010 0.0939813 0.2273641 0.1880352 0.4121910 0.1952899 0.3876713 0.2358965 0.3911696 0.3672349 0.2229439 0.2401098 0.1058335 0.3119725 
Eutrochium_fistulosum_SRR9119106           0.5531079 0.0623959 0.1812119 0.5443284 0.1805175 0.0000000 0.3758127 0.3032632 0.1912937 0.5039592 0.8622310 0.3330971 0.8026093 0.2067601 0.6341067 0.4942045 0.3895401 0.5501887 0.5184170 0.5476274 0.1654848 0.1525293 0.7948988 0.1943932 0.2195001 0.5480463 0.3862221 0.5482279 0.3518917 0.1576892 0.3313367 0.4140296 0.3424479 0.5172217 0.4401185 0.5143737 0.5354354 0.4962975 0.5818079 0.5175144 0.7240562 0.4980207 0.2183318 0.4944991 0.5567246 0.2277648 0.2194391 0.1973327 0.5173172 0.5095706 0.3046455 0.5147281 0.2375023 0.1956760 0.5304461 0.3240806 0.4945341 0.2004900 0.2097815 0.4169614 0.2305220 0.4685021 0.5439724 0.5328939 0.5700993 0.6375829 0.6334226 0.1351386 0.2993702 0.7980016 0.2675024 0.2110634 0.1593600 0.3271942 0.1565888 0.4944085 0.4040825 0.6687549 0.4958144 0.1604576 0.2346457 0.2300773 0.3959483 
Galeana_pratensis_104_mex                  0.3974463 0.1510211 0.3921191 0.4487726 0.1443004 0.3758127 0.0000000 0.4275605 0.3189378 0.2864698 0.3846299 0.3989151 0.3532436 0.3066050 0.5438485 0.4122478 0.3183345 0.3976302 0.3845488 0.4184450 0.3127493 0.1641057 0.4045358 0.3153775 0.3134202 0.3877240 0.2818995 0.2990575 0.3543766 0.2822983 0.4028855 0.3730124 0.3488351 0.3681160 0.3789469 0.3255048 0.3864304 0.4406970 0.4627402 0.3865541 0.3954386 0.3202711 0.3210263 0.3584938 0.4577864 0.3377647 0.3196823 0.3603988 0.3316596 0.3836766 0.3472439 0.3856327 0.3508098 0.3193331 0.2596820 0.3589133 0.5197349 0.2986407 0.2999504 0.3149887 0.1785704 0.5067094 0.3901440 0.3389657 0.3996570 0.5101530 0.4315315 0.0662144 0.3381549 0.3898621 0.3107646 0.3088583 0.2846699 0.4161698 0.2773402 0.4907578 0.2666217 0.5745635 0.3888167 0.3058337 0.3233727 0.1741366 0.2984916 
Helianthus_annuus_SRR9119062               0.5421433 0.1097312 0.3613118 0.5668461 0.1608609 0.3032632 0.4275605 0.0000000 0.2884318 0.5126880 0.8878709 0.3996638 0.8457922 0.2900298 0.6701025 0.4942656 0.3902360 0.5641364 0.5519239 0.6093326 0.2680090 0.2090210 0.9140787 0.2838119 0.2953684 0.5666003 0.4748217 0.6065524 0.3583307 0.1945997 0.3806172 0.4339618 0.3752490 0.5396531 0.4201958 0.5393513 0.5639168 0.5552655 0.5691582 0.5623236 0.8146661 0.5179610 0.2952461 0.5151211 0.6264973 0.3124580 0.2972143 0.2702167 0.5441695 0.5564369 0.3777047 0.5567657 0.2841185 0.2935885 0.5777276 0.3982981 0.5432133 0.2789727 0.2721299 0.4543477 0.2174830 0.4542082 0.5456582 0.5660783 0.5539578 0.6410288 0.5773998 0.1163394 0.3728580 0.9028468 0.2815016 0.2928843 0.2564777 0.3719465 0.2390953 0.5143860 0.4433433 0.6999830 0.5344494 0.2660366 0.3079838 0.2087840 0.3857915 
Lycapsus_tenuifolius_17                    0.0000010 0.0000010 0.2540534 0.0000010 0.0000010 0.1912937 0.3189378 0.2884318 0.0000000 0.3715409 0.0000010 0.6118654 0.0000010 0.0000010 1.1866214 0.4012278 0.6255760 0.0000010 0.0000010 0.0000010 0.1128558 0.3109067 0.0000010 0.0656736 0.1093752 0.0000010 0.1408865 0.5757819 0.1115831 0.1206157 0.4621973 0.2026435 0.0067429 0.0000010 0.3997030 0.4230040 0.0000010 0.5377405 0.5682301 0.0000010 0.0000010 0.4997999 0.1098933 0.4254965 0.5434117 0.8651002 0.1083410 0.1263821 0.4729155 0.0000010 0.1037323 0.0000010 0.1406003 0.0556885 0.4433360 0.0639868 0.5520442 0.1087981 0.1202478 0.3205199 0.2851056 0.6878477 0.3473319 0.4938607 0.0000010 0.6419313 0.4894916 0.0000010 0.0724887 0.0000010 0.1449561 0.0774170 0.0636786 0.4519638 0.0402464 0.6133089 0.5036771 1.2412750 0.4147637 0.1061791 0.1189354 0.2773434 0.0000010 
Pericome_caudata_50_silver                 0.4606007 0.0000010 0.4972011 0.4444631 0.0000010 0.5039592 0.2864698 0.5126880 0.3715409 0.0000000 0.4444631 0.4267876 0.3146738 0.4503911 0.7507067 0.1589020 0.4248755 0.4444631 0.4607442 0.4631176 0.4435968 0.4167935 0.4496009 0.3981111 0.4433930 0.4496009 0.2610990 0.4311785 0.3811759 0.3405798 0.4179588 0.3820530 0.4013319 0.4255266 0.3171672 0.4309230 0.4255266 0.1002139 0.4501532 0.4444631 0.4444631 0.4318055 0.4445648 0.5293266 0.0859355 0.4444631 0.4501430 0.5243158 0.4253398 0.4640503 0.4043201 0.4444631 0.4557329 0.3918253 0.2558615 0.3904649 0.5945203 0.4027568 0.3990592 0.4207170 0.4187040 0.2810524 0.4474763 0.4329427 0.4444631 0.4331420 0.1740294 0.0000010 0.3904649 0.4324331 0.3947067 0.4027568 0.4445648 0.4440487 0.4445648 0.4332955 0.3685935 0.7728885 0.6011148 0.4501430 0.4145794 0.4169924 0.0000010 
Perityle_aglossa_84_dead_horse             0.0789449 0.0000010 0.8528560 0.0745066 0.0000010 0.8622310 0.3846299 0.8878709 0.0000010 0.4444631 0.0000000 0.1326618 0.0296860 0.0428198 0.0444721 0.0788463 0.1486379 0.0295486 0.0214963 0.1389864 0.6114028 0.0000010 0.0430689 0.1520289 0.3976793 0.0154364 0.4104726 0.0296677 0.0489818 0.7143954 0.0880861 0.0817533 0.1274797 0.0291777 0.4338428 0.2721956 0.0182287 0.7205660 0.0414955 0.0410236 0.0373906 0.2855651 0.2770206 0.8973137 0.6720487 0.0614060 0.3181466 0.7293798 0.2807925 0.0328638 0.0534104 0.0440750 0.6808666 0.1438941 0.4104112 0.0376908 0.5927148 0.1575273 0.1711512 0.0354476 0.7257527 0.6657125 0.0403779 0.1419979 0.1013301 0.0330835 0.0403490 0.0000010 0.0194098 0.0280025 0.1140976 0.1748587 0.5593116 0.0962848 0.5593116 0.0692847 0.4090592 0.0315647 0.6751662 0.6114028 0.0967318 0.8063668 0.0000010 
Perityle_ajoensis_204                      0.2233583 0.0622422 0.3522447 0.2918552 0.2091326 0.3330971 0.3989151 0.3996638 0.6118654 0.4267876 0.1326618 0.0000000 0.0048536 0.0453738 0.4303053 0.3295289 0.3244214 0.1901822 0.1977163 0.3293706 0.1727270 0.1734753 0.0156641 0.1152216 0.1543403 0.2004656 0.5236925 0.3247955 0.3186016 0.2280257 0.1890407 0.3061182 0.3255598 0.2217136 0.4234978 0.4892408 0.1683358 0.5295225 0.4290079 0.1721652 0.0388984 0.4671409 0.1630111 0.6132734 0.5919706 0.0588643 0.1573015 0.1886251 0.4732256 0.1819933 0.2595917 0.1827977 0.4066268 0.1333700 0.5407050 0.3360617 0.4619427 0.1223689 0.1136259 0.3495526 0.2522636 0.4053852 0.2536250 0.4488996 0.3314974 0.4168354 0.3382683 0.1144855 0.2741347 0.0078863 0.2896138 0.1261015 0.2173428 0.1701701 0.1914159 0.3274745 0.2434342 0.4015796 0.5834375 0.1705073 0.2094596 0.3041747 0.4123289 
Perityle_ambrosiifolia_67_green            0.0721093 0.0000010 0.7512424 0.0196497 0.0000010 0.8026093 0.3532436 0.8457922 0.0000010 0.3146738 0.0296860 0.0048536 0.0000000 0.0000010 0.0146763 0.0196605 0.0450802 0.0196429 0.0398371 0.0297219 0.4713178 0.0000010 0.0097602 0.0000010 0.1159884 0.0347573 0.3224195 0.0245883 0.0302751 0.0000010 0.0346777 0.0346034 0.0246628 0.0196605 0.3976609 0.1370457 0.0196605 0.3585116 0.0196137 0.0048665 0.0000010 0.1369641 0.1216401 0.9603193 0.3674278 0.0297219 0.1159884 0.7998231 0.1425998 0.0000010 0.0000010 0.0000010 0.6815645 0.0000010 0.3246947 0.0245925 0.4454792 0.0000010 0.0000010 0.0343422 0.6258067 0.5798216 0.0448619 0.0295595 0.0605476 0.0346977 0.0347623 0.0000010 0.0249060 0.0046065 0.0146707 0.0347386 0.4713178 0.0000010 0.4713178 0.0354671 0.3087277 0.0397829 0.5452077 0.4713178 0.0048577 0.6800350 0.0000010 
Perityle_angustifolia_13_Eagle_creek       0.2211946 0.0386736 0.2351931 0.2552251 0.2332205 0.2067601 0.3066050 0.2900298 0.0000010 0.4503911 0.0428198 0.0453738 0.0000010 0.0000000 0.2921613 0.1956446 0.1806968 0.1829443 0.1872267 0.1885166 0.1020053 0.0270794 0.0153086 0.0400441 0.0936429 0.1917976 0.5022927 0.0347841 0.1855676 0.0843183 0.1183120 0.1188560 0.1899372 0.1679911 0.3813540 0.3729149 0.1704081 0.4000850 0.2721539 0.1639557 0.0392340 0.3419731 0.0832586 0.5241367 0.4952046 0.0259063 0.0969828 0.1434658 0.3513483 0.1690636 0.0152378 0.1690376 0.2474437 0.0144922 0.4251742 0.2055141 0.3681201 0.0524912 0.0424875 0.2151753 0.1672988 0.2537129 0.1929042 0.3218020 0.2867669 0.2606414 0.2633367 0.0880607 0.0322177 0.0000010 0.1699561 0.0820845 0.0999882 0.1159144 0.1291903 0.2134475 0.1380151 0.1970501 0.5215985 0.1028030 0.0812196 0.1831307 0.4035000 
Perityle_batopilensis_97                   0.1134332 0.4352230 0.6572472 0.2956716 0.4028974 0.6341067 0.5438485 0.6701025 1.1866214 0.7507067 0.0444721 0.4303053 0.0146763 0.2921613 0.0000000 0.1914622 0.5137117 0.0653989 0.0419415 0.1808583 0.6446286 0.5781081 0.0310524 0.4638891 0.5559849 0.0452343 0.4070496 0.3194317 0.2244433 0.6130562 0.4467972 0.3419904 0.2487155 0.0342948 0.3839505 0.4936936 0.0340814 0.6346866 0.1414402 0.0358559 0.0654832 0.4947989 0.5106105 0.6711240 0.6523034 0.3565249 0.5318347 0.6777417 0.5017592 0.0271687 0.3005202 0.0382253 0.7096359 0.4409559 0.4905293 0.2393164 0.2362682 0.4792906 0.4683299 0.3576707 0.6021215 0.6730550 0.0482133 0.4554254 0.0930496 0.3865460 0.3829492 0.4782461 0.3031251 0.0158609 0.4918638 0.4743937 0.6183146 0.2680757 0.5724166 0.4334192 0.5972852 0.1077770 0.6258488 0.6473544 0.4516741 0.6396324 0.3574518 
Perityle_bisetosa_9                        0.1289125 0.2913549 0.5054317 0.2815115 0.3736973 0.4942045 0.4122478 0.4942656 0.4012278 0.1589020 0.0788463 0.3295289 0.0196605 0.1956446 0.1914622 0.0000000 0.3810517 0.0776916 0.0551987 0.1545623 0.4782053 0.3485576 0.0349481 0.3296820 0.4209966 0.0589740 0.3638025 0.1990654 0.1576569 0.4258844 0.3066776 0.2543672 0.1935057 0.0397925 0.2236309 0.3963262 0.0341264 0.3628099 0.1977063 0.0437198 0.0402549 0.4028135 0.3700611 0.5321956 0.4040852 0.2521155 0.3966103 0.5283148 0.3997263 0.0365324 0.1907877 0.0515303 0.5525084 0.3036803 0.4023615 0.1974744 0.2862223 0.3356268 0.3308305 0.2322809 0.3819651 0.4801126 0.0963830 0.3276362 0.1074083 0.3497539 0.1880630 0.3207283 0.1654529 0.0158806 0.3465913 0.3299558 0.4247428 0.1687361 0.3922045 0.3359403 0.4832445 0.1854392 0.5281048 0.4835029 0.2898489 0.4328326 0.2660546 
Perityle_californica_76_positas            0.2567219 0.1513031 0.4110972 0.3332668 0.0843315 0.3895401 0.3183345 0.3902360 0.6255760 0.4248755 0.1486379 0.3244214 0.0450802 0.1806968 0.5137117 0.3810517 0.0000000 0.2373160 0.2424955 0.3912298 0.4614324 0.1907651 0.0487932 0.3520386 0.4149111 0.2460793 0.6199672 0.4156315 0.2935185 0.2898463 0.2783346 0.3681830 0.3897774 0.2761635 0.4194747 0.4785735 0.2151742 0.6135924 0.5005215 0.2317116 0.1118935 0.4994587 0.3974489 0.5423383 0.6930582 0.2386748 0.4169930 0.4967869 0.5091551 0.2460052 0.4478406 0.2410973 0.2864479 0.3310518 0.4764927 0.3504490 0.5234657 0.3938847 0.3703069 0.2609440 0.1453587 0.3376653 0.2951971 0.4628134 0.3695831 0.4962105 0.3578830 0.0764533 0.3723664 0.0493487 0.2138621 0.3759381 0.3537310 0.2539059 0.2483967 0.3936428 0.4263487 0.4973632 0.5318154 0.4444130 0.3235374 0.1969373 0.4059809 
Perityle_canescens_77                      0.1271981 0.3214342 0.5210519 0.2006845 0.3908223 0.5501887 0.3976302 0.5641364 0.0000010 0.4444631 0.0295486 0.1901822 0.0196429 0.1829443 0.0653989 0.0776916 0.2373160 0.0000000 0.0594285 0.0795048 0.4351940 0.3597533 0.0236391 0.2036527 0.3073685 0.0613598 0.2558622 0.0188048 0.0716076 0.3952436 0.1949742 0.0949406 0.0879264 0.0515452 0.2386554 0.2375861 0.0525849 0.4228059 0.0684184 0.0581025 0.0222629 0.2384274 0.2948790 0.4602723 0.4503414 0.1796751 0.2987686 0.4958908 0.2433379 0.0537325 0.0156614 0.0634887 0.5006991 0.1805045 0.2710654 0.0734611 0.2129256 0.1937354 0.1883603 0.1509491 0.3794790 0.4921625 0.0718359 0.1734832 0.0742812 0.2418123 0.2490729 0.3168348 0.0271311 0.0158691 0.2126086 0.2007257 0.4046975 0.0613439 0.4297133 0.2530264 0.3708611 0.0736637 0.5334078 0.4445144 0.1891364 0.4296288 0.2855060 
Perityle_castillonii_96                    0.1048658 0.2707690 0.5013443 0.1959530 0.3680677 0.5184170 0.3845488 0.5519239 0.0000010 0.4607442 0.0214963 0.1977163 0.0398371 0.1872267 0.0419415 0.0551987 0.2424955 0.0594285 0.0000000 0.0410813 0.4117380 0.3336172 0.0398389 0.2114933 0.3076190 0.0262891 0.2394103 0.0261166 0.0672634 0.3450573 0.1798037 0.0938309 0.0708292 0.0291872 0.2021160 0.2430501 0.0264951 0.3952448 0.0497388 0.0339809 0.0374958 0.2493674 0.2861268 0.4544801 0.4431944 0.1621688 0.2936065 0.4805525 0.2535874 0.0274367 0.0316700 0.0366612 0.5004065 0.1863080 0.2760951 0.0594534 0.1738709 0.1998901 0.1944895 0.1541153 0.3715854 0.5011066 0.0334044 0.1806397 0.0445749 0.2448328 0.2457079 0.3137859 0.0350338 0.0320950 0.2213412 0.2062551 0.3828303 0.0419782 0.4037444 0.2494815 0.3557547 0.0352074 0.5071081 0.4157797 0.1811704 0.4418196 0.2783711 
Perityle_cernua_84                         0.1202577 0.3221487 0.5227709 0.2866392 0.3852856 0.5476274 0.4184450 0.6093326 0.0000010 0.4631176 0.1389864 0.3293706 0.0297219 0.1885166 0.1808583 0.1545623 0.3912298 0.0795048 0.0410813 0.0000000 0.5832449 0.3371993 0.0399403 0.3389312 0.4446740 0.0309661 0.3218114 0.0601118 0.0932779 0.4803025 0.3028329 0.1185486 0.0899132 0.0946367 0.2188463 0.3896285 0.0364648 0.5242202 0.2127282 0.0462842 0.0604087 0.4022668 0.4036582 0.5811744 0.6732540 0.3017236 0.4280119 0.6236670 0.3952464 0.0472141 0.0317499 0.0511238 0.6483917 0.3316989 0.3479108 0.1421703 0.2693598 0.3501805 0.3141385 0.1628734 0.3887652 0.6333480 0.0853097 0.3329772 0.1477637 0.2982285 0.2554626 0.3384428 0.0551677 0.0280299 0.3721199 0.3529355 0.4762799 0.0563648 0.4196811 0.2627678 0.5038069 0.1525927 0.5495462 0.5771192 0.3207144 0.4594528 0.2803696 
Perityle_cfvillosa_25_tin                  0.4315285 0.0647383 0.2614511 0.5479475 0.2273719 0.1654848 0.3127493 0.2680090 0.1128558 0.4435968 0.6114028 0.1727270 0.4713178 0.1020053 0.6446286 0.4782053 0.4614324 0.4351940 0.4117380 0.5832449 0.0000000 0.1454542 0.5415214 0.0595103 0.0157382 0.4226160 0.3428449 0.5975803 0.2358712 0.1198537 0.2635483 0.2685056 0.1884160 0.4504024 0.4155526 0.5220415 0.3970120 0.5663375 0.5659820 0.4160355 0.4762410 0.5582686 0.0165473 0.5255762 0.6122142 0.1152619 0.0165574 0.0769397 0.5372053 0.4216056 0.1522756 0.4304508 0.2297991 0.0790483 0.5012799 0.2252518 0.3337564 0.0424974 0.0725392 0.3998203 0.1996700 0.4036924 0.4869430 0.5703557 0.5183389 0.6342322 0.5565163 0.0965771 0.1126478 0.5492915 0.2476783 0.0521390 0.0090443 0.2262983 0.0056869 0.4600216 0.2917305 0.6644857 0.5049185 0.0137927 0.1565989 0.2193889 0.4092087 
Perityle_cinerea_113_Powell1310            0.3633604 0.0638352 0.1623357 0.3863215 0.1412984 0.1525293 0.1641057 0.2090210 0.3109067 0.4167935 0.0000010 0.1734753 0.0000010 0.0270794 0.5781081 0.3485576 0.1907651 0.3597533 0.3336172 0.3371993 0.1454542 0.0000000 0.0000010 0.1366123 0.1594255 0.3454847 0.3676943 0.2220921 0.3188809 0.1694320 0.2318266 0.3815535 0.3200743 0.3051287 0.3773234 0.3187523 0.3217020 0.3286083 0.4832874 0.3220804 0.2803942 0.3321393 0.1614442 0.3295961 0.4050250 0.0326418 0.1632528 0.1651864 0.3265522 0.3206548 0.3366682 0.3279789 0.2047434 0.1256513 0.3008099 0.3036216 0.3819912 0.1670409 0.1576418 0.2349504 0.1401018 0.2706880 0.3187314 0.3325332 0.3906802 0.5266817 0.4480904 0.1160527 0.3363342 0.0000010 0.2433966 0.1651477 0.1493241 0.3006783 0.1345316 0.3856392 0.1743391 0.6386423 0.2919149 0.1457002 0.1749003 0.1555664 0.3842368 
Perityle_coahuilensis_24                   0.0670490 0.0000010 0.8035507 0.0236456 0.0000010 0.7948988 0.4045358 0.9140787 0.0000010 0.4496009 0.0430689 0.0156641 0.0097602 0.0153086 0.0310524 0.0349481 0.0487932 0.0236391 0.0398389 0.0399403 0.5415214 0.0000010 0.0000000 0.0160050 0.2254596 0.0357736 0.3992728 0.0276100 0.0288047 0.0000010 0.0362954 0.0467490 0.0430333 0.0236561 0.4240236 0.1487123 0.0236561 0.4421464 0.0389737 0.0117342 0.0076219 0.1478004 0.2009454 0.8055995 0.4889982 0.0357875 0.2100165 0.7753256 0.1532060 0.0117382 0.0114488 0.0077919 0.6220665 0.0191569 0.4016503 0.0317445 0.5063712 0.0181787 0.0207540 0.0318849 0.6258067 0.5510560 0.0593387 0.0316000 0.0699557 0.0357245 0.0441026 0.0000010 0.0244320 0.0078947 0.0277004 0.0471352 0.5415214 0.0269491 0.5415214 0.0406394 0.3543936 0.0552774 0.6630710 0.5415214 0.0192029 0.6800350 0.0000010 
Perityle_cochisensis_44_cave_creek         0.2298418 0.0500061 0.2709465 0.2886967 0.2225807 0.1943932 0.3153775 0.2838119 0.0656736 0.3981111 0.1520289 0.1152216 0.0000010 0.0400441 0.4638891 0.3296820 0.3520386 0.2036527 0.2114933 0.3389312 0.0595103 0.1366123 0.0160050 0.0000000 0.0598047 0.2119846 0.2919542 0.3844944 0.1611109 0.1155023 0.1867796 0.1879479 0.1442899 0.2354149 0.4222471 0.4463353 0.1823431 0.5455841 0.4389950 0.1834539 0.0547759 0.4428557 0.0507020 0.5196348 0.6026074 0.0518476 0.0573534 0.0854589 0.4554643 0.1908764 0.0547714 0.1890610 0.2249309 0.0435252 0.4803354 0.1595607 0.4822819 0.0371090 0.0323858 0.2619387 0.2190167 0.4371836 0.2730465 0.4512855 0.3269587 0.4660895 0.3604954 0.1010722 0.0563803 0.0000010 0.1790926 0.0360273 0.0635116 0.1645532 0.0802181 0.3697028 0.2729049 0.4391625 0.4743872 0.0581924 0.1121754 0.2363648 0.4032751 
Perityle_congesta_202                      0.3275496 0.0683163 0.2930527 0.4193304 0.2229439 0.2195001 0.3134202 0.2953684 0.1093752 0.4433930 0.3976793 0.1543403 0.1159884 0.0936429 0.5559849 0.4209966 0.4149111 0.3073685 0.3076190 0.4446740 0.0157382 0.1594255 0.2254596 0.0598047 0.0000000 0.3085040 0.3676046 0.4816771 0.2069352 0.1141141 0.2486426 0.2947691 0.2431363 0.3299311 0.4114445 0.5082580 0.2847925 0.5678734 0.5191482 0.2882934 0.2397375 0.5190691 0.0164392 0.5250918 0.6168257 0.1097495 0.0412950 0.0927713 0.5137434 0.2922997 0.1475731 0.3002151 0.2691000 0.0811323 0.5410866 0.2032751 0.3333276 0.0485237 0.0773420 0.3319031 0.2062924 0.4220777 0.4069945 0.5258041 0.4229270 0.5376879 0.4492834 0.0920993 0.1038228 0.1932690 0.2413766 0.0593227 0.0140092 0.2473461 0.0101175 0.4306863 0.3171110 0.5513310 0.5053931 0.0155786 0.1667991 0.2261471 0.4140741 
Perityle_cordifolia_27                     0.1175513 0.3022833 0.5231788 0.1937339 0.3869742 0.5480463 0.3877240 0.5666003 0.0000010 0.4496009 0.0154364 0.2004656 0.0347573 0.1917976 0.0452343 0.0589740 0.2460793 0.0613598 0.0262891 0.0309661 0.4226160 0.3454847 0.0357736 0.2119846 0.3085040 0.0000000 0.2201513 0.0352482 0.0614922 0.3740775 0.1911843 0.1013280 0.0797990 0.0304663 0.2141485 0.2283464 0.0313023 0.3772976 0.0493165 0.0351159 0.0348292 0.2223906 0.2943749 0.4455068 0.4195511 0.1797432 0.2999923 0.4938327 0.2360186 0.0303008 0.0276489 0.0321594 0.5083958 0.1835912 0.2765681 0.0583413 0.1551072 0.2083234 0.1954302 0.1543031 0.3887724 0.4994469 0.0326361 0.1713565 0.0205955 0.2547326 0.2573637 0.3324422 0.0321800 0.0280190 0.2302785 0.2118218 0.3964366 0.0397738 0.4148581 0.2658641 0.3519833 0.0345023 0.4865989 0.4267643 0.1810254 0.4580256 0.2622694 
Perityle_cordifolia_68_tecolote            0.3014346 0.4474251 0.4381148 0.4320424 0.4630981 0.3862221 0.2818995 0.4748217 0.1408865 0.2610990 0.4104726 0.5236925 0.3224195 0.5022927 0.4070496 0.3638025 0.6199672 0.2558622 0.2394103 0.3218114 0.3428449 0.3676943 0.3992728 0.2919542 0.3676046 0.2201513 0.0000000 0.5978493 0.1868479 0.3018568 0.5304401 0.3448868 0.2357474 0.2348219 0.2864879 0.5377202 0.2242985 0.4623671 0.4102349 0.2381388 0.4440875 0.5719023 0.3157252 0.5351664 0.4914594 0.5187728 0.3076658 0.3561286 0.5615910 0.2257003 0.2055446 0.2297687 0.3930876 0.3035839 0.4324376 0.0792304 0.2722162 0.3040600 0.3094625 0.3740686 0.3452805 0.6888757 0.2570567 0.5655889 0.2416869 0.5732192 0.4821477 0.4956629 0.1629528 0.3761355 0.3903212 0.3018522 0.2681798 0.4204010 0.2782357 0.5920554 0.5756604 0.4300484 0.4763091 0.3456469 0.3373101 0.3645495 0.3754717 
Perityle_coronopifolia_28_patagonia        0.0728174 0.0000010 0.6174622 0.0258166 0.0000010 0.5482279 0.2990575 0.6065524 0.5757819 0.4311785 0.0296677 0.3247955 0.0245883 0.0347841 0.3194317 0.1990654 0.4156315 0.0188048 0.0261166 0.0601118 0.5975803 0.2220921 0.0276100 0.3844944 0.4816771 0.0352482 0.5978493 0.0000000 0.2820890 0.3446828 0.3353632 0.3951619 0.3640213 0.0185458 0.4214189 0.2259058 0.0184128 0.6164971 0.3870348 0.0226593 0.0222302 0.3154166 0.4763665 0.2635140 0.7033909 0.0414400 0.4679104 0.6585444 0.3192161 0.0225804 0.4084358 0.0185387 0.5771286 0.3358396 0.2472973 0.2320020 0.6045488 0.4318621 0.4022230 0.0427918 0.1958578 0.8467978 0.0521264 0.0386082 0.0709127 0.4582684 0.2795848 0.0000010 0.3858629 0.0198590 0.3864444 0.3851514 0.5019681 0.1765832 0.3373841 0.4524539 0.5520992 0.3262667 0.3530850 0.5754628 0.3688499 0.1048285 0.0000010 
Perityle_crassifolia_70_ventanas           0.1054726 0.3134323 0.3715602 0.2192290 0.3641526 0.3518917 0.3543766 0.3583307 0.1115831 0.3811759 0.0489818 0.3186016 0.0302751 0.1855676 0.2244433 0.1576569 0.2935185 0.0716076 0.0672634 0.0932779 0.2358712 0.3188809 0.0288047 0.1611109 0.2069352 0.0614922 0.1868479 0.2820890 0.0000000 0.1405863 0.3073618 0.1103660 0.0845444 0.0594803 0.2700806 0.3312999 0.0667203 0.4451565 0.2455888 0.0598154 0.0476931 0.3346052 0.2048203 0.4405571 0.4629061 0.2122526 0.2081305 0.2608559 0.3396722 0.0563699 0.0892426 0.0625802 0.2827386 0.1523409 0.3469818 0.1080085 0.2693274 0.1697026 0.1585251 0.2381290 0.3346908 0.5623311 0.0838467 0.3072996 0.0665142 0.4207970 0.3198077 0.3024560 0.1090093 0.0249360 0.1748830 0.1645093 0.2205101 0.1664558 0.2591088 0.4097323 0.4131584 0.2467723 0.4639536 0.2330222 0.1641637 0.3586886 0.2781932 
Perityle_crassifolia_74_playa_balandra     0.3639189 0.0621727 0.2156005 0.4352726 0.1302927 0.1576892 0.2822983 0.1945997 0.1206157 0.3405798 0.7143954 0.2280257 0.0000010 0.0843183 0.6130562 0.4258844 0.2898463 0.3952436 0.3450573 0.4803025 0.1198537 0.1694320 0.0000010 0.1155023 0.1141141 0.3740775 0.3018568 0.3446828 0.1405863 0.0000000 0.2174202 0.1540764 0.2013411 0.3665758 0.3448086 0.4342736 0.3518204 0.4385685 0.5183139 0.3625065 0.3452902 0.4313622 0.1046065 0.4233460 0.5047973 0.0926102 0.1165396 0.1177921 0.4343767 0.3622930 0.1259207 0.3694177 0.1880218 0.0950699 0.3854218 0.2510607 0.4659662 0.1190076 0.1068867 0.3253157 0.1501165 0.3862037 0.3712402 0.4342055 0.4573548 0.5911201 0.5145687 0.0946251 0.1270418 0.0000010 0.2049246 0.1177124 0.1055697 0.2844932 0.0926805 0.4145406 0.2016706 0.6318833 0.3705444 0.1180908 0.1101953 0.1792195 0.3886837 
Perityle_cuneata_34_cuneata_San_antonio    0.2236054 0.0964424 0.3869694 0.2958336 0.2394940 0.3313367 0.4028855 0.3806172 0.4621973 0.4179588 0.0880861 0.1890407 0.0346777 0.1183120 0.4467972 0.3066776 0.2783346 0.1949742 0.1798037 0.3028329 0.2635483 0.2318266 0.0362954 0.1867796 0.2486426 0.1911843 0.5304401 0.3353632 0.3073618 0.2174202 0.0000000 0.2895211 0.3044997 0.1970616 0.4130697 0.4835242 0.1634536 0.5127977 0.4211290 0.1868461 0.0695456 0.4588964 0.2471577 0.5973757 0.5743189 0.1177252 0.2533094 0.2985611 0.4655448 0.1945485 0.2740484 0.1950737 0.3942969 0.1988026 0.5003125 0.3228885 0.4542194 0.2208139 0.2079935 0.3333930 0.2676644 0.4416479 0.2079050 0.4546399 0.3217083 0.4288147 0.3453795 0.1468175 0.2648284 0.0284306 0.2610841 0.2401134 0.2564415 0.2183195 0.2430802 0.3467967 0.2952665 0.3580617 0.5476419 0.2778978 0.2148632 0.3173037 0.4263165 
Perityle_cuneata_4                         0.1449396 0.9353909 0.4787634 0.0954587 0.8401849 0.4140296 0.3730124 0.4339618 0.2026435 0.3820530 0.0817533 0.3061182 0.0346034 0.1188560 0.3419904 0.2543672 0.3681830 0.0949406 0.0938309 0.1185486 0.2685056 0.3815535 0.0467490 0.1879479 0.2947691 0.1013280 0.3448868 0.3951619 0.1103660 0.1540764 0.2895211 0.0000000 0.2891435 0.0867149 0.4927314 0.4553901 0.0897386 0.5841930 0.4071575 0.0988811 0.0410098 0.4767725 0.2588602 0.5981904 0.6509899 0.0978928 0.2740409 0.3284401 0.4893354 0.0985687 0.1993387 0.0974594 0.3008480 0.1474531 0.5517834 0.1141488 0.6241074 0.2291663 0.2060301 0.2301235 0.3359081 0.7209544 0.1372340 0.4397381 0.1266977 0.4264864 0.2711107 0.8934723 0.1963854 0.0279184 0.1815579 0.2249458 0.2457117 0.2656673 0.2545877 0.4301152 0.5738967 0.3390919 0.5708712 0.2533517 0.2269165 0.3148344 0.9993640 
Perityle_discoidea_81                      0.0879708 0.3102585 0.3665107 0.2024986 0.3648399 0.3424479 0.3488351 0.3752490 0.0067429 0.4013319 0.1274797 0.3255598 0.0246628 0.1899372 0.2487155 0.1935057 0.3897774 0.0879264 0.0708292 0.0899132 0.1884160 0.3200743 0.0430333 0.1442899 0.2431363 0.0797990 0.2357474 0.3640213 0.0845444 0.2013411 0.3044997 0.2891435 0.0000000 0.0790166 0.2691606 0.4284988 0.0758589 0.4744064 0.3086357 0.0674440 0.0515775 0.4156692 0.2001030 0.4869608 0.4871351 0.1855325 0.2226669 0.2704660 0.4266411 0.0630970 0.1623548 0.0804527 0.2217031 0.1151390 0.4748746 0.0728668 0.2810507 0.1944765 0.2014095 0.2347999 0.3158041 0.5899441 0.1307506 0.4150184 0.1093035 0.4687483 0.3416691 0.3050966 0.1531840 0.0239238 0.1962891 0.1923892 0.1552713 0.1926161 0.2184785 0.4609363 0.5223148 0.2698115 0.4880298 0.1817899 0.2188048 0.3337041 0.2576870 
Perityle_dissecta_201                      0.1091075 0.2797631 0.5053573 0.2070124 0.3641410 0.5172217 0.3681160 0.5396531 0.0000010 0.4255266 0.0291777 0.2217136 0.0196605 0.1679911 0.0342948 0.0397925 0.2761635 0.0515452 0.0291872 0.0946367 0.4504024 0.3051287 0.0236561 0.2354149 0.3299311 0.0304663 0.2348219 0.0185458 0.0594803 0.3665758 0.1970616 0.0867149 0.0790166 0.0000000 0.2120315 0.2752417 0.0131374 0.4609101 0.0391871 0.0263219 0.0222780 0.2820166 0.2955582 0.4790778 0.5009320 0.1882801 0.3142827 0.5175622 0.2878340 0.0183367 0.0156726 0.0238610 0.5485474 0.2067750 0.2803324 0.0513885 0.1749168 0.2328081 0.2267838 0.1481621 0.3548864 0.5481546 0.0402994 0.2121567 0.0783172 0.2240197 0.2378919 0.3083428 0.0076388 0.0158806 0.2529910 0.2342259 0.3894255 0.0329339 0.3972577 0.2471480 0.3929655 0.0384765 0.5270508 0.4538684 0.1974183 0.4316226 0.2516200 
Perityle_emoryi_47_punta_san_jose          0.1276668 0.3362700 0.4123337 0.4020353 0.3632009 0.4401185 0.3789469 0.4201958 0.3997030 0.3171672 0.4338428 0.4234978 0.3976609 0.3813540 0.3839505 0.2236309 0.4194747 0.2386554 0.2021160 0.2188463 0.4155526 0.3773234 0.4240236 0.4222471 0.4114445 0.2141485 0.2864879 0.4214189 0.2700806 0.3448086 0.4130697 0.4927314 0.2691606 0.2120315 0.0000000 0.3956041 0.2043843 0.3669825 0.3060661 0.1976994 0.4223393 0.4046752 0.4065352 0.4362702 0.3749317 0.3763869 0.4188086 0.4691432 0.4087520 0.2023500 0.4231700 0.2062877 0.4356252 0.3841548 0.3035503 0.2894526 0.2517665 0.3988532 0.3945551 0.4028631 0.3914379 0.4111483 0.2217965 0.4127792 0.2285173 0.4914618 0.4200384 0.3093583 0.4128105 0.4240236 0.4147312 0.4018901 0.3986391 0.2953854 0.4214961 0.4866838 0.3952400 0.4049331 0.5079460 0.4189646 0.3841090 0.4095300 0.2893013 
Perityle_feddemae_99                       0.2710051 0.4572447 0.5600308 0.2928458 0.3784451 0.5143737 0.3255048 0.5393513 0.4230040 0.4309230 0.2721956 0.4892408 0.1370457 0.3729149 0.4936936 0.3963262 0.4785735 0.2375861 0.2430501 0.3896285 0.5220415 0.3187523 0.1487123 0.4463353 0.5082580 0.2283464 0.5377202 0.2259058 0.3312999 0.4342736 0.4835242 0.4553901 0.4284988 0.2752417 0.3956041 0.0000000 0.2310749 0.5715484 0.4357984 0.2501431 0.2020048 0.1270494 0.4839187 0.0906295 0.5606755 0.4252206 0.4986810 0.5587662 0.1284714 0.2471396 0.4222152 0.2464944 0.5389033 0.4391579 0.3396865 0.3219780 0.4923964 0.4747521 0.4602642 0.1203858 0.2866350 0.7330379 0.2905415 0.1836656 0.3571877 0.5553194 0.4176391 0.4434906 0.4117192 0.1412526 0.4500631 0.4815477 0.4730873 0.3969614 0.3889518 0.5510074 0.5291704 0.4908913 0.3130546 0.5228403 0.4571689 0.2335880 0.1747195 
Perityle_fosteri_93                        0.1086033 0.2897445 0.5029721 0.1689380 0.3783038 0.5354354 0.3864304 0.5639168 0.0000010 0.4255266 0.0182287 0.1683358 0.0196605 0.1704081 0.0340814 0.0341264 0.2151742 0.0525849 0.0264951 0.0364648 0.3970120 0.3217020 0.0236561 0.1823431 0.2847925 0.0313023 0.2242985 0.0184128 0.0667203 0.3518204 0.1634536 0.0897386 0.0758589 0.0131374 0.2043843 0.2310749 0.0000000 0.3617686 0.0397539 0.0209529 0.0222780 0.2315445 0.2673665 0.4499747 0.4039005 0.1626155 0.2687593 0.4737837 0.2415507 0.0189840 0.0156726 0.0207818 0.5081810 0.1590181 0.2619426 0.0432967 0.1639343 0.1753875 0.1679830 0.1480841 0.3751553 0.4877917 0.0284665 0.1601589 0.0488829 0.2203313 0.2267073 0.3286445 0.0076388 0.0158806 0.2016329 0.1813361 0.3835248 0.0245039 0.3966635 0.2304711 0.3451360 0.0303177 0.5091083 0.4007679 0.1608194 0.4538532 0.2545073 
Perityle_gamon_221                         0.4382103 0.2724464 0.5401114 0.5292006 0.3043298 0.4962975 0.4406970 0.5552655 0.5377405 0.1002139 0.7205660 0.5295225 0.3585116 0.4000850 0.6346866 0.3628099 0.6135924 0.4228059 0.3952448 0.5242202 0.5663375 0.3286083 0.4421464 0.5455841 0.5678734 0.3772976 0.4623671 0.6164971 0.4451565 0.4385685 0.5127977 0.5841930 0.4744064 0.4609101 0.3669825 0.5715484 0.3617686 0.0000000 0.5740537 0.3808744 0.4656996 0.5460868 0.5163365 0.5561552 0.2520921 0.5073608 0.5706664 0.5985599 0.5549884 0.4013565 0.5208654 0.4022719 0.6013569 0.5641574 0.4923906 0.4496297 0.5560096 0.5538773 0.5024559 0.3335148 0.4421824 0.5554515 0.4738351 0.5428287 0.4681907 0.6049792 0.3588575 0.2590657 0.5301071 0.4251461 0.5534369 0.5515550 0.4833206 0.4105192 0.4053144 0.4989717 0.5990236 0.6320407 0.5782678 0.5735776 0.5753708 0.4587899 0.2762103 
Perityle_gentryi_8_san_francisco           0.1237151 0.4227746 0.5617573 0.2702439 0.3495246 0.5818079 0.4627402 0.5691582 0.5682301 0.4501532 0.0414955 0.4290079 0.0196137 0.2721539 0.1414402 0.1977063 0.5005215 0.0684184 0.0497388 0.2127282 0.5659820 0.4832874 0.0389737 0.4389950 0.5191482 0.0493165 0.4102349 0.3870348 0.2455888 0.5183139 0.4211290 0.4071575 0.3086357 0.0391871 0.3060661 0.4357984 0.0397539 0.5740537 0.0000000 0.0456484 0.0633221 0.4669046 0.4882813 0.5597996 0.5642546 0.3304329 0.4992997 0.5986594 0.4646390 0.0361170 0.3692408 0.0457655 0.6013589 0.4112902 0.5088194 0.2489547 0.2615729 0.4572954 0.4501319 0.3039828 0.4142506 0.6824771 0.0531946 0.4463943 0.1216758 0.3762771 0.3830889 0.4423040 0.3681518 0.0238898 0.4689344 0.4531366 0.5223864 0.1739111 0.4640061 0.3849981 0.5832848 0.2435488 0.5767553 0.5693651 0.4385951 0.4674435 0.3327805 
Perityle_gilensis_22_Superstition          0.1076985 0.2907111 0.5005026 0.1894304 0.3777520 0.5175144 0.3865541 0.5623236 0.0000010 0.4444631 0.0410236 0.1721652 0.0048665 0.1639557 0.0358559 0.0437198 0.2317116 0.0581025 0.0339809 0.0462842 0.4160355 0.3220804 0.0117342 0.1834539 0.2882934 0.0351159 0.2381388 0.0226593 0.0598154 0.3625065 0.1868461 0.0988811 0.0674440 0.0263219 0.1976994 0.2501431 0.0209529 0.3808744 0.0456484 0.0000000 0.0110555 0.2513927 0.2701555 0.4589051 0.4169218 0.1762364 0.2767943 0.4803773 0.2584341 0.0168142 0.0038873 0.0186865 0.5097288 0.1606541 0.2668639 0.0571215 0.1755655 0.1765143 0.1692810 0.1510558 0.3746598 0.4893002 0.0461263 0.1761837 0.0541504 0.2389015 0.2461662 0.3218850 0.0272084 0.0039385 0.2073585 0.1848088 0.3971708 0.0281595 0.4101274 0.2547861 0.3565775 0.0479742 0.5273205 0.4195938 0.1691183 0.4459019 0.2699790 
Perityle_gilensis_salensis_225             0.0670187 0.2930292 0.7364304 0.0480266 1.1816463 0.7240562 0.3954386 0.8146661 0.0000010 0.4444631 0.0373906 0.0388984 0.0000010 0.0392340 0.0654832 0.0402549 0.1118935 0.0222629 0.0374958 0.0604087 0.4762410 0.2803942 0.0076219 0.0547759 0.2397375 0.0348292 0.4440875 0.0222302 0.0476931 0.3452902 0.0695456 0.0410098 0.0515775 0.0222780 0.4223393 0.2020048 0.0222780 0.4656996 0.0633221 0.0110555 0.0000000 0.1816582 0.2206850 0.7242152 0.5539159 0.0526312 0.2262487 0.6256604 0.1890930 0.0110610 0.0113556 0.0073429 0.5907761 0.0394503 0.4150679 0.0336880 0.5452322 0.0581384 0.0599730 0.0377847 0.4124992 0.5610736 0.0597993 0.0777853 0.0979120 0.0451244 0.0531479 0.3265075 0.0195065 0.0000010 0.1012015 0.0929971 0.4642790 0.0596469 0.4653645 0.1037187 0.3553362 0.0593891 0.6652744 0.4642790 0.0632991 0.5751810 0.9188357 
Perityle_glaucescens_94                    0.2733991 0.4539873 0.5542695 0.2866408 0.3597897 0.4980207 0.3202711 0.5179610 0.4997999 0.4318055 0.2855651 0.4671409 0.1369641 0.3419731 0.4947989 0.4028135 0.4994587 0.2384274 0.2493674 0.4022668 0.5582686 0.3321393 0.1478004 0.4428557 0.5190691 0.2223906 0.5719023 0.3154166 0.3346052 0.4313622 0.4588964 0.4767725 0.4156692 0.2820166 0.4046752 0.1270494 0.2315445 0.5460868 0.4669046 0.2513927 0.1816582 0.0000000 0.5000823 0.0956514 0.5208529 0.4116189 0.5132922 0.6165987 0.0607294 0.2509985 0.4489183 0.2504323 0.5613076 0.4276042 0.3986027 0.3173852 0.4861076 0.4979658 0.4810657 0.1141700 0.2790948 0.7366653 0.2925443 0.2144184 0.3490934 0.5491945 0.4183964 0.4226994 0.4294193 0.1401605 0.4586658 0.4641279 0.4602264 0.3799014 0.3807175 0.5111562 0.5688912 0.4988856 0.3268699 0.5539476 0.4399198 0.2311717 0.1745569 
Perityle_gracilis_11                       0.3223754 0.0658716 0.2876004 0.3835966 0.2105511 0.2183318 0.3210263 0.2952461 0.1098933 0.4445648 0.2770206 0.1630111 0.1216401 0.0832586 0.5106105 0.3700611 0.3974489 0.2948790 0.2861268 0.4036582 0.0165473 0.1614442 0.2009454 0.0507020 0.0164392 0.2943749 0.3157252 0.4763665 0.2048203 0.1046065 0.2471577 0.2588602 0.2001030 0.2955582 0.4065352 0.4839187 0.2673665 0.5163365 0.4882813 0.2701555 0.2206850 0.5000823 0.0000000 0.5257321 0.5788383 0.0952801 0.0179117 0.0868869 0.4909359 0.2719412 0.1030393 0.2776756 0.2307079 0.0606181 0.5024060 0.1898570 0.3206140 0.0424114 0.0556502 0.3364202 0.2126487 0.4079133 0.3250308 0.5096734 0.3955088 0.5194203 0.4362950 0.0921625 0.0977777 0.1885822 0.2286127 0.0544596 0.0150893 0.1998235 0.0138429 0.4058428 0.2914282 0.4885650 0.4970283 0.0168391 0.1291574 0.2282837 0.4148892 
Perityle_harkerae_31                       0.4766645 0.4321883 0.5449576 0.4134896 0.3775155 0.4944991 0.3584938 0.5151211 0.4254965 0.5293266 0.8973137 0.6132734 0.9603193 0.5241367 0.6711240 0.5321956 0.5423383 0.4602723 0.4544801 0.5811744 0.5255762 0.3295961 0.8055995 0.5196348 0.5250918 0.4455068 0.5351664 0.2635140 0.4405571 0.4233460 0.5973757 0.5981904 0.4869608 0.4790778 0.4362702 0.0906295 0.4499747 0.5561552 0.5597996 0.4589051 0.7242152 0.0956514 0.5257321 0.0000000 0.5115984 0.5733889 0.5224936 0.5260804 0.1083219 0.4528853 0.5307244 0.4531721 0.5367357 0.5063420 0.3252599 0.4282397 0.5355483 0.5169371 0.5051969 0.1584952 0.2567829 0.7525521 0.4761102 0.1894647 0.4961463 0.7109713 0.6335194 0.4352452 0.5074959 0.8288795 0.5414547 0.5119369 0.4801182 0.4967421 0.4109347 0.6837696 0.5361679 0.7478217 0.2538995 0.5206086 0.5273562 0.2393329 0.1806114 
Perityle_hofmeisteria_4_nombre_de_dios     0.4614057 0.4077960 0.6127113 0.4554505 0.3854732 0.5567246 0.4577864 0.6264973 0.5434117 0.0859355 0.6720487 0.5919706 0.3674278 0.4952046 0.6523034 0.4040852 0.6930582 0.4503414 0.4431944 0.6732540 0.6122142 0.4050250 0.4889982 0.6026074 0.6168257 0.4195511 0.4914594 0.7033909 0.4629061 0.5047973 0.5743189 0.6509899 0.4871351 0.5009320 0.3749317 0.5606755 0.4039005 0.2520921 0.5642546 0.4169218 0.5539159 0.5208529 0.5788383 0.5115984 0.0000000 0.6070468 0.6251107 0.6390326 0.5427955 0.4384234 0.5496915 0.4312092 0.6718706 0.6314216 0.5565195 0.4822820 0.5728384 0.5961276 0.5739369 0.3897045 0.5301499 0.6301623 0.5033303 0.5484609 0.4886066 0.6229468 0.3594262 0.3797641 0.5649063 0.4719602 0.6261683 0.6233663 0.5297139 0.4483695 0.4787345 0.5397745 0.7186446 0.6832777 0.5450169 0.6186256 0.6449554 0.5155178 0.1119727 
