83
Amauria_brandeegeana_62                    0.0000000 0.0960473 0.1431216 0.2286385 0.2391355 1.5112569 0.3285016 0.2324129 0.2885466 0.0411115 0.1556744 0.2530700 0.2379515 0.2079644 0.2150922 0.2158665 0.2666235 0.2586413 0.2425939 0.2459363 0.1404502 0.1482077 0.0770047 0.2438259 0.2576217 0.2272091 0.1808561 0.2461289 0.1841151 0.1218656 0.1157888 0.1751278 0.0356202 0.2543276 0.0069072 0.1913587 0.2299501 0.2113270 0.2343852 0.2413921 0.2347179 0.2256186 0.1383269 0.1885818 0.2271560 0.2556808 0.2307994 0.2311435 0.1656479 0.2682767 0.2173509 0.1597633 0.1809461 0.1951660 0.1760985 0.1824020 0.2780697 0.1517594 0.2454043 0.1895645 0.4250032 0.2025129 0.1607454 0.2299036 0.1862261 0.4209070 0.2773412 0.2185712 0.2240056 0.1846943 0.2341723 0.2230916 0.2062757 0.2333605 0.1998435 0.1786785 0.2033377 0.2372933 0.2095735 0.1833581 0.2071668 0.1086567 0.3818303 
Amauria_carterae_99_mesa                   0.0960473 0.0000000 0.0939398 0.2305076 0.1983040 1.6847843 0.3040225 0.2380290 0.2011328 0.0993505 0.1171075 0.1620730 0.1719206 0.1709162 0.1905009 0.1754154 0.1758319 0.2658636 0.1882253 0.1722165 0.1059820 0.0884806 0.0642907 0.1712478 0.1868071 0.1746122 0.1172222 0.1345864 0.1305952 0.1046280 0.1096381 0.1791032 0.0975125 0.1712571 0.1031667 0.1224718 0.1681416 0.1127108 0.1810265 0.2544877 0.1669751 0.1296197 0.0885059 0.1239878 0.1137730 0.1795060 0.1731896 0.1768398 0.1200452 0.1979266 0.1715962 0.0921386 0.1027873 0.1492438 0.1177215 0.1273086 0.2474971 0.1212187 0.1732574 0.1479619 0.1650614 0.1608897 0.1476860 0.1659968 0.1231192 0.3805960 0.1772645 0.1320881 0.1751506 0.1084803 0.1353138 0.1993923 0.1766910 0.1774282 0.1623797 0.1205112 0.1752673 0.1793151 0.2090739 0.1385393 0.1041210 0.1053398 0.3442441 
Amauria_rotundifolia_SRR9119150            0.1431216 0.0939398 0.0000000 0.2400867 0.2628240 2.3314798 0.3348631 0.2203593 0.2692570 0.1518612 0.1594098 0.2893761 0.2845793 0.2384173 0.2354359 0.2359578 0.3222729 0.2688405 0.2354353 0.2855425 0.1498648 0.1892008 0.1415273 0.2949989 0.3140145 0.2888369 0.1894241 0.2955183 0.2159798 0.0869504 0.1013820 0.1821315 0.1153689 0.3106810 0.1159961 0.2087140 0.2849068 0.2510941 0.2769555 0.2624621 0.2695767 0.2227498 0.1600770 0.1965497 0.2731887 0.3045967 0.2842636 0.2875834 0.1603860 0.3277385 0.2540053 0.1901500 0.2135919 0.2387030 0.2042411 0.1939012 0.2794660 0.1592258 0.2986984 0.1848701 0.1392309 0.2299909 0.1551158 0.2727272 0.2019062 0.4543066 0.3031296 0.2148213 0.2501166 0.2444090 0.2528123 0.2291581 0.2404054 0.2824737 0.2184879 0.2090526 0.2371105 0.2857411 0.2226462 0.2214639 0.2196394 0.1280455 0.4000090 
Conoclinium_coelestinum_SRR9119114         0.2286385 0.2305076 0.2400867 0.0000000 0.3062198 0.0000010 0.3871331 0.2504457 0.3829772 0.2467271 0.2264593 0.2842875 0.2501199 0.2249157 0.2665556 0.2877956 0.2626361 0.3483515 0.3549639 0.2581855 0.2568557 0.1844798 0.2304089 0.2560162 0.2620974 0.2442389 0.2848450 0.3066413 0.2782043 0.2068655 0.2134939 0.2500401 0.2185221 0.2521861 0.1959537 0.2546974 0.2580011 0.2839701 0.3050580 0.3072587 0.2522341 0.2803921 0.1810939 0.2664332 0.2873957 0.2653806 0.2527781 0.2439615 0.2517063 0.2671261 0.2383594 0.1855968 0.2589787 0.2142928 0.2795961 0.2736990 0.3108610 0.2119104 0.2540639 0.2790286 0.3473693 0.3263140 0.2205327 0.3028173 0.2808853 0.4215649 0.2820203 0.2394136 0.2505737 0.1948724 0.2883807 0.3051883 0.2626509 0.2580899 0.2180906 0.2791141 0.3057834 0.3008717 0.3416597 0.2337445 0.2910202 0.2048589 0.3816860 
Eutetras_palmeri_63                        0.2391355 0.1983040 0.2628240 0.3062198 0.0000000 0.0068574 0.3868111 0.2852575 0.3090373 0.2343599 0.2353412 0.1851167 0.1509675 0.1478267 0.1648331 0.2084298 0.1607227 0.2223521 0.3756526 0.1592238 0.1967517 0.1732411 0.1429148 0.2229753 0.2777192 0.1737264 0.2429204 0.3073292 0.2458911 0.1133929 0.1834157 0.1789257 0.2172475 0.1760391 0.1897215 0.2520856 0.1496280 0.2638604 0.1958463 0.1745643 0.1591269 0.2549797 0.1264102 0.2490160 0.2798719 0.1610510 0.1877859 0.2284757 0.2441110 0.1969826 0.1487560 0.1341467 0.2442278 0.1190290 0.2277928 0.2478549 0.3934591 0.1342337 0.1989675 0.1855266 0.4036998 0.2792572 0.0745377 0.1899243 0.2673070 0.4166963 0.1783165 0.0916637 0.1678974 0.2357416 0.2566868 0.1674687 0.1269550 0.1866029 0.0962270 0.2274318 0.1916630 0.2280051 0.3407995 0.1268356 0.2532773 0.1364808 0.4654792 
Eutetras_pringlei_149_quer                 1.5112569 1.6847843 2.3314798 0.0000010 0.0068574 0.0000000 1.6687700 0.0000010 0.0000010 1.3251818 1.2216069 0.1291396 1.1489543 0.1787254 0.4269600 0.2532483 0.1986346 0.0978615 1.0147264 0.1496349 0.0000010 0.0000010 0.2877682 1.1054579 0.9114407 1.0667685 1.8540935 0.7684982 0.2625847 0.0000010 0.0000010 0.0000010 1.5112569 0.2436101 1.5112569 2.6328887 0.8200847 2.2732475 0.2236594 0.1712490 0.7815675 2.3985257 0.0000010 2.1876245 0.8613320 0.1801233 1.0100455 0.8531563 2.6328887 0.9110976 1.0440328 0.0000010 1.9925237 0.0000010 1.2942459 0.8669505 5.1894645 1.1636425 1.0818009 0.0885466 0.0000010 1.1421885 0.0819712 0.1222802 1.8300195 0.5689009 0.1984140 0.0000010 0.9058381 1.1009933 1.5531990 1.1227305 1.2045511 1.1651432 0.1114653 1.5808368 0.1251884 0.6764760 0.9335181 0.0000010 2.6365334 0.0000010 1.1457057 
Eutrochium_fistulosum_SRR9119106           0.3285016 0.3040225 0.3348631 0.3871331 0.3868111 1.6687700 0.0000000 0.2773681 0.4548183 0.3725841 0.3164957 0.3581678 0.2998364 0.2769619 0.3196526 0.3401788 0.2933189 0.4207072 0.4912076 0.3136741 0.3115801 0.2288123 0.1749982 0.2990928 0.3176597 0.2937825 0.3533011 0.3860432 0.3419656 0.3459549 0.2705883 0.3748719 0.3398786 0.2984347 0.2707968 0.3573656 0.2961730 0.3664016 0.3540319 0.3724032 0.2959146 0.3708572 0.2263286 0.3639900 0.3659622 0.3134372 0.3104400 0.3029316 0.3548517 0.3080937 0.2951311 0.2131913 0.3175855 0.2876420 0.3527057 0.3412496 0.3081618 0.2749457 0.3145133 0.3325585 0.4513512 0.4055789 0.2098510 0.3555020 0.3422275 0.3933280 0.3311104 0.2310352 0.2943501 0.2379928 0.3833364 0.3495288 0.3163562 0.3091275 0.2609521 0.3316424 0.3701730 0.3611572 0.3814792 0.3003584 0.3757636 0.2395547 0.2727819 
Galeana_pratensis_104_mex                  0.2324129 0.2380290 0.2203593 0.2504457 0.2852575 0.0000010 0.2773681 0.0000000 0.2376309 0.2398223 0.2362768 0.2978752 0.3003807 0.2944060 0.3153319 0.2876198 0.2908058 0.4347300 0.2246832 0.2853788 0.3056686 0.3043721 0.3315055 0.2987258 0.3086915 0.2881688 0.2329865 0.2546552 0.2769218 0.3467655 0.2546236 0.4154997 0.2398223 0.2888621 0.2413172 0.2440393 0.2772177 0.2460677 0.3009402 0.4100669 0.2859361 0.2499476 0.3008582 0.2460697 0.2571557 0.3067857 0.2946279 0.3013639 0.2472678 0.2990613 0.2736961 0.2948162 0.2294892 0.2946367 0.2596731 0.2502619 0.1539158 0.3284298 0.2968006 0.3216202 0.2889146 0.2906447 0.2683868 0.2981264 0.2748365 0.3011788 0.2812625 0.2844258 0.2921580 0.3264588 0.2523540 0.3125073 0.3010755 0.2967659 0.3128935 0.2662114 0.2905904 0.2886049 0.2633405 0.2860840 0.2253465 0.3098097 0.1850004 
Helianthus_annuus_SRR9119062               0.2885466 0.2011328 0.2692570 0.3829772 0.3090373 0.0000010 0.4548183 0.2376309 0.0000000 0.2794668 0.2896622 0.3151364 0.2792469 0.2501196 0.2608925 0.3085983 0.2710842 0.3660316 0.3981082 0.2695800 0.2791093 0.2054343 0.1803679 0.2763375 0.2816230 0.2695708 0.3038966 0.3479723 0.3129101 0.1765019 0.1924395 0.2944784 0.2331197 0.2628802 0.2281705 0.2924598 0.2713652 0.3204116 0.3183365 0.3060225 0.2589079 0.3183715 0.2057713 0.2891783 0.3228394 0.2726681 0.2754798 0.2674150 0.2740315 0.2668588 0.2619791 0.2087724 0.3063652 0.2180955 0.3273743 0.3481945 0.3621857 0.2383136 0.2720855 0.3038722 0.3842615 0.3529789 0.2207798 0.3177511 0.3171858 0.4118921 0.3140079 0.2217019 0.2571229 0.2319764 0.2992993 0.3021749 0.2778650 0.2949322 0.2157718 0.3339665 0.2991104 0.3184839 0.3554635 0.2554817 0.3428068 0.2192863 0.4421517 
Lycapsus_tenuifolius_17                    0.0411115 0.0993505 0.1518612 0.2467271 0.2343599 1.3251818 0.3725841 0.2398223 0.2794668 0.0000000 0.1541705 0.2583149 0.2522336 0.2197092 0.2327185 0.2354580 0.2838559 0.2599505 0.2304444 0.2611985 0.1355372 0.1436630 0.0821570 0.2614044 0.2942717 0.2458289 0.1851992 0.2661715 0.1958220 0.0907488 0.1200869 0.1753517 0.0053355 0.2681079 0.0407617 0.1885603 0.2412784 0.2080011 0.2614044 0.2703619 0.2517071 0.2271200 0.1407174 0.1857037 0.2199447 0.2735280 0.2419561 0.2445715 0.1587326 0.2928370 0.2257869 0.1556283 0.1985253 0.1978002 0.1786367 0.1906723 0.2903153 0.1653774 0.2533376 0.1638217 0.1845297 0.2164770 0.1699301 0.2560761 0.1915890 0.4454600 0.2845818 0.2218468 0.2387239 0.1838072 0.2265417 0.2476752 0.2249229 0.2503181 0.2001405 0.1890149 0.2134812 0.2506129 0.2281373 0.1934378 0.2220309 0.1157003 0.4040351 
Pericome_caudata_50_silver                 0.1556744 0.1171075 0.1594098 0.2264593 0.2353412 1.2216069 0.3164957 0.2362768 0.2896622 0.1541705 0.0000000 0.1916158 0.2095835 0.1898185 0.2232256 0.1896257 0.2221847 0.2690812 0.2746650 0.2262253 0.1162054 0.1310839 0.1022068 0.2097097 0.2136216 0.2039792 0.1714964 0.2234694 0.1719708 0.1005936 0.1377596 0.1787715 0.1411359 0.2238680 0.1269891 0.1751545 0.2040437 0.1908286 0.2011762 0.2431384 0.2130802 0.1905715 0.1333098 0.1842015 0.1852472 0.2236395 0.2141178 0.2052588 0.1665225 0.2519233 0.1959917 0.1321259 0.1698692 0.1917549 0.2060700 0.2019072 0.3090446 0.1399947 0.2150111 0.1910671 0.4102621 0.2220341 0.1539929 0.1921937 0.1698660 0.4298178 0.2611546 0.1852028 0.2065099 0.1466760 0.2417391 0.2014837 0.2003877 0.2239019 0.1997788 0.1690237 0.1875207 0.2111558 0.2284502 0.1683412 0.1673642 0.1047009 0.4011259 
Perityle_aglossa_84_dead_horse             0.2530700 0.1620730 0.2893761 0.2842875 0.1851167 0.1291396 0.3581678 0.2978752 0.3151364 0.2583149 0.1916158 0.0000000 0.2266128 0.1660367 0.1651763 0.1470009 0.1376095 0.2413932 0.3914785 0.1249204 0.0693663 0.1941243 0.2323094 0.3399236 0.2881463 0.2495602 0.1796502 0.2868439 0.3055660 0.1148986 0.1653191 0.2075679 0.2207695 0.2366362 0.1813757 0.2334072 0.1783614 0.2632889 0.1518194 0.1430725 0.2139668 0.2428486 0.1613679 0.2303626 0.2869491 0.1792849 0.2377666 0.2591707 0.2178511 0.2768308 0.2048699 0.2150360 0.2011447 0.1992947 0.2601729 0.2173144 0.3845762 0.1634706 0.2425235 0.2102187 0.4059916 0.2710247 0.0585213 0.0816431 0.2823664 0.4004234 0.2222338 0.1183549 0.2059695 0.4050841 0.2797574 0.0879132 0.1673534 0.2184162 0.1127746 0.2322021 0.1839969 0.1008485 0.3572806 0.1972182 0.1993875 0.0910518 0.4594266 
Perityle_ajoensis_204                      0.2379515 0.1719206 0.2845793 0.2501199 0.1509675 1.1489543 0.2998364 0.3003807 0.2792469 0.2522336 0.2095835 0.2266128 0.0000000 0.0636826 0.0768920 0.2274005 0.1300732 0.2697472 0.3323515 0.1423543 0.1728132 0.0925286 0.1544809 0.0961674 0.1447979 0.0536761 0.2759092 0.2963606 0.3042696 0.1005717 0.1504175 0.1818164 0.2215079 0.1590414 0.1603451 0.2699193 0.1009301 0.2803189 0.2223360 0.1497327 0.0874615 0.2724645 0.0589397 0.2530557 0.3115994 0.1235340 0.0893960 0.0996009 0.2234706 0.1010318 0.0538403 0.0404208 0.2980867 0.0548708 0.2452125 0.2439625 0.3863355 0.0589701 0.0937982 0.2315351 0.3911492 0.2697958 0.1104046 0.2119712 0.2614832 0.3467964 0.2157769 0.0661009 0.0704665 0.0848905 0.2960471 0.0948306 0.0921381 0.0823155 0.1279066 0.2592667 0.2380901 0.1874688 0.2804949 0.0599064 0.2811745 0.1183406 0.4323144 
Perityle_ambrosiifolia_67_green            0.2079644 0.1709162 0.2384173 0.2249157 0.1478267 0.1787254 0.2769619 0.2944060 0.2501196 0.2197092 0.1898185 0.1660367 0.0636826 0.0000000 0.1075708 0.2427131 0.1047024 0.2419427 0.3275258 0.1153367 0.1731826 0.0819154 0.2438738 0.1624910 0.2125316 0.0715712 0.2574797 0.2540229 0.3319354 0.0909773 0.1608789 0.1774778 0.1965535 0.1658945 0.1652130 0.2269352 0.0772334 0.2693716 0.2316187 0.1524503 0.0730534 0.2319842 0.0480131 0.2326527 0.2654898 0.0950260 0.1031614 0.1401260 0.2261218 0.1020997 0.0699388 0.0296168 0.2412858 0.0469982 0.2243615 0.2445592 0.3849409 0.0435781 0.1137881 0.2107324 0.3895806 0.2402102 0.1121341 0.1624283 0.2511207 0.3556777 0.1998138 0.0909188 0.0650653 0.1967999 0.2505632 0.1063596 0.0563917 0.1020737 0.1498350 0.2112298 0.2739275 0.1658971 0.3149629 0.0647516 0.2472047 0.1216453 0.4394900 
Perityle_angustifolia_13_Eagle_creek       0.2150922 0.1905009 0.2354359 0.2665556 0.1648331 0.4269600 0.3196526 0.3153319 0.2608925 0.2327185 0.2232256 0.1651763 0.0768920 0.1075708 0.0000000 0.1635328 0.1121507 0.2704710 0.3480610 0.1114011 0.1378405 0.0575139 0.2291095 0.1492153 0.1228838 0.0787124 0.2324158 0.2643991 0.2772510 0.1164555 0.1688688 0.1931368 0.2176403 0.1231684 0.1763437 0.2228379 0.0973692 0.2293283 0.1636226 0.1617975 0.0954405 0.2312606 0.0563699 0.2261859 0.2413417 0.1207952 0.0613344 0.0864956 0.2123963 0.1232252 0.0760513 0.0635685 0.2177310 0.0265781 0.2305159 0.2767644 0.3814176 0.0864118 0.0717954 0.2220449 0.4050276 0.2706180 0.0978596 0.1665641 0.2448284 0.3682986 0.1960874 0.0910681 0.0977023 0.1865603 0.2529811 0.1014297 0.0753945 0.0687704 0.1270401 0.2328309 0.1773348 0.1434546 0.3071330 0.0636121 0.2285746 0.1158861 0.4208210 
Perityle_batopilensis_97                   0.2158665 0.1754154 0.2359578 0.2877956 0.2084298 0.2532483 0.3401788 0.2876198 0.3085983 0.2354580 0.1896257 0.1470009 0.2274005 0.2427131 0.1635328 0.0000000 0.2003642 0.2436093 0.3978626 0.1980654 0.0435097 0.2104073 0.2021967 0.3470157 0.3174195 0.2451018 0.1506775 0.2826992 0.2695918 0.1119186 0.1588786 0.1842048 0.2317078 0.1763635 0.1799258 0.2170788 0.1609249 0.2466328 0.0321110 0.2128445 0.1990238 0.2227389 0.1748539 0.2173369 0.2589905 0.2459587 0.2327695 0.2571582 0.2134206 0.2586103 0.2220990 0.2340564 0.1637931 0.2064585 0.2351333 0.2329427 0.3782062 0.1646724 0.2416710 0.1782412 0.4471367 0.2630808 0.0812321 0.1365428 0.2515891 0.3722232 0.2211687 0.1160382 0.2285298 0.4317126 0.2551859 0.0781517 0.1572151 0.2183156 0.1439473 0.2165652 0.1428720 0.1120401 0.3536243 0.1721438 0.1694045 0.0899564 0.4824235 
Perityle_bisetosa_9                        0.2666235 0.1758319 0.3222729 0.2626361 0.1607227 0.1986346 0.2933189 0.2908058 0.2710842 0.2838559 0.2221847 0.1376095 0.1300732 0.1047024 0.1121507 0.2003642 0.0000000 0.2220938 0.3539862 0.0750227 0.1905661 0.0817133 0.1964015 0.2409648 0.2081088 0.1500964 0.3025597 0.3291608 0.3484987 0.0929770 0.1630207 0.1877824 0.2462770 0.1396117 0.1863883 0.2931130 0.0619069 0.3241338 0.1977833 0.1114370 0.0939257 0.2987398 0.0615598 0.2788336 0.3615615 0.0961414 0.1308126 0.1637233 0.2475834 0.1415755 0.1237295 0.1033027 0.3184829 0.1001506 0.2750521 0.2545254 0.3928221 0.0653121 0.1440023 0.1990918 0.3912137 0.2900137 0.0644994 0.1239098 0.3087436 0.3583792 0.2129465 0.0372437 0.1094789 0.3217652 0.2860603 0.1181045 0.1146549 0.1402510 0.1005523 0.2781443 0.2587444 0.1875835 0.3165346 0.0996305 0.2683901 0.1304730 0.4368852 
Perityle_californica_76_positas            0.2586413 0.2658636 0.2688405 0.3483515 0.2223521 0.0978615 0.4207072 0.4347300 0.3660316 0.2599505 0.2690812 0.2413932 0.2697472 0.2419427 0.2704710 0.2436093 0.2220938 0.0000000 0.3667883 0.2335022 0.1544230 0.1298153 0.1206333 0.3605423 0.3548996 0.2738474 0.2880190 0.3770315 0.2568594 0.1185666 0.3406429 0.1562089 0.2565298 0.2252285 0.2505469 0.2908080 0.2598852 0.2729756 0.2445881 0.3227015 0.2769782 0.2952561 0.1261492 0.2933624 0.2925300 0.2267238 0.2644572 0.2838989 0.2881412 0.3067329 0.2687873 0.1281251 0.2727211 0.2514308 0.2775236 0.3213590 0.5227470 0.1584998 0.2639282 0.2379392 0.0839384 0.3177450 0.2070315 0.2472338 0.2880701 0.5603168 0.2388393 0.2594648 0.2726271 0.2958031 0.3072930 0.3138260 0.2554190 0.2777648 0.2260575 0.2596152 0.2294191 0.2924828 0.3989401 0.2380416 0.2856815 0.1316822 0.5293539 
Perityle_canescens_77                      0.2425939 0.1882253 0.2354353 0.3549639 0.3756526 1.0147264 0.4912076 0.2246832 0.3981082 0.2304444 0.2746650 0.3914785 0.3323515 0.3275258 0.3480610 0.3978626 0.3539862 0.3667883 0.0000000 0.3400067 0.3801356 0.2999746 0.2301914 0.3577137 0.3619387 0.3407580 0.3193639 0.3721717 0.3239851 0.2577759 0.1191204 0.3312973 0.2152450 0.3543772 0.2499956 0.2935087 0.3368127 0.3106478 0.4082243 0.3759905 0.3225563 0.2968311 0.2985024 0.2896075 0.2924884 0.3514329 0.3328453 0.3437250 0.2648585 0.3629327 0.3341962 0.2821266 0.3073801 0.2822083 0.2927768 0.2878689 0.2659120 0.3304140 0.3348870 0.3349635 0.0872118 0.3797438 0.2512506 0.4081844 0.3073728 0.4798889 0.3782303 0.2365297 0.3422374 0.3539911 0.3043995 0.3792827 0.3285356 0.3448574 0.2533014 0.2860299 0.4102017 0.4015786 0.2532494 0.3039639 0.3378654 0.3011937 0.3518823 
Perityle_castillonii_96                    0.2459363 0.1722165 0.2855425 0.2581855 0.1592238 0.1496349 0.3136741 0.2853788 0.2695800 0.2611985 0.2262253 0.1249204 0.1423543 0.1153367 0.1114011 0.1980654 0.0750227 0.2335022 0.3400067 0.0000000 0.1750042 0.0627863 0.1909514 0.2507426 0.2173307 0.1630583 0.2862001 0.3123944 0.3304987 0.0909936 0.1650500 0.1731766 0.2139559 0.1306739 0.1695942 0.2608041 0.0668003 0.2976953 0.1974982 0.1221333 0.1073716 0.2736875 0.0568377 0.2716920 0.3193224 0.1019666 0.1124352 0.1509260 0.2448510 0.1580526 0.1462628 0.1199804 0.2783825 0.1103808 0.2608455 0.2486636 0.3654509 0.0756484 0.1244114 0.1901524 0.3895039 0.2838926 0.0684781 0.1156671 0.3002827 0.3629777 0.2101885 0.0602564 0.1308835 0.3266394 0.2750346 0.1242214 0.1044861 0.1401868 0.0970033 0.2536379 0.2466971 0.1802810 0.3141837 0.0985132 0.2650783 0.1414184 0.4431744 
Perityle_cernua_84                         0.1404502 0.1059820 0.1498648 0.2568557 0.1967517 0.0000010 0.3115801 0.3056686 0.2791093 0.1355372 0.1162054 0.0693663 0.1728132 0.1731826 0.1378405 0.0435097 0.1905661 0.1544230 0.3801356 0.1750042 0.0000000 0.1863523 0.0958730 0.1843690 0.1922787 0.1790576 0.0397329 0.1875638 0.1243079 0.1100903 0.1179831 0.1251388 0.1361851 0.1912715 0.1297477 0.1499437 0.1483307 0.1477875 0.0493765 0.1936828 0.1694062 0.1513819 0.1675869 0.1475851 0.1728798 0.1882202 0.1876213 0.1886988 0.1457741 0.2102228 0.1836048 0.1823600 0.0409670 0.2067240 0.1620378 0.1489779 0.4411532 0.1450914 0.1972895 0.1363633 0.4494803 0.1651769 0.0433959 0.0454812 0.1265349 0.3952915 0.2190600 0.0649611 0.1813303 0.1842915 0.2053704 0.0604722 0.1276712 0.1775595 0.0800738 0.1528997 0.0459767 0.0577186 0.3261358 0.1428432 0.0530207 0.0798862 0.5318785 
Perityle_cfvillosa_25_tin                  0.1482077 0.0884806 0.1892008 0.1844798 0.1732411 0.0000010 0.2288123 0.3043721 0.2054343 0.1436630 0.1310839 0.1941243 0.0925286 0.0819154 0.0575139 0.2104073 0.0817133 0.1298153 0.2999746 0.0627863 0.1863523 0.0000000 0.0396297 0.0847315 0.0911936 0.0808821 0.2103726 0.1943972 0.1638827 0.0960017 0.0844280 0.1031965 0.1117981 0.0307031 0.1098744 0.1793816 0.0460835 0.1846408 0.1877689 0.1197990 0.0945415 0.1820686 0.0048696 0.1883824 0.2087396 0.0979699 0.0089457 0.0094998 0.1866495 0.1106134 0.0912950 0.0918183 0.1840928 0.1005794 0.1662935 0.1754525 0.4367924 0.0166468 0.0080288 0.1561065 0.4044573 0.1405148 0.0672808 0.1816469 0.1663067 0.4110491 0.1994250 0.0197250 0.0911766 0.0846033 0.2176419 0.1210909 0.0068887 0.0458760 0.0130787 0.1553983 0.2038757 0.1671657 0.2419793 0.0140382 0.1927695 0.1327692 0.5051032 
Perityle_cinerea_113_Powell1310            0.0770047 0.0642907 0.1415273 0.2304089 0.1429148 0.2877682 0.1749982 0.3315055 0.1803679 0.0821570 0.1022068 0.2323094 0.1544809 0.2438738 0.2291095 0.2021967 0.1964015 0.1206333 0.2301914 0.1909514 0.0958730 0.0396297 0.0000000 0.5165926 0.4545221 0.1987248 0.2124344 0.3115034 0.2932875 0.0869881 0.0867848 0.0649419 0.0821570 0.1966568 0.0770047 0.0866453 0.2294771 0.1690309 0.2003800 0.1975962 0.1889767 0.0867135 0.0396297 0.0778433 0.2445868 0.2065494 0.1306697 0.2867572 0.0778433 0.3723909 0.1892412 0.0854724 0.1753514 0.0524740 0.1103388 0.1511443 0.4201670 0.0396297 0.1866246 0.1528841 0.1286503 0.2276057 0.1257562 0.2297938 0.2215551 0.6254784 0.1961985 0.0567248 0.2151251 0.5164678 0.0824374 0.1446089 0.0955209 0.1931200 0.0931495 0.0645976 0.2184714 0.2592630 0.2083749 0.0807022 0.2074790 0.0783179 0.4683272 
Perityle_coahuilensis_24                   0.2438259 0.1712478 0.2949989 0.2560162 0.2229753 1.1054579 0.2990928 0.2987258 0.2763375 0.2614044 0.2097097 0.3399236 0.0961674 0.1624910 0.1492153 0.3470157 0.2409648 0.3605423 0.3577137 0.2507426 0.1843690 0.0847315 0.5165926 0.0000000 0.2814232 0.1074115 0.3069413 0.3138968 0.5346780 0.0949065 0.1610611 0.1779178 0.2218867 0.2476594 0.1733738 0.2900167 0.1253759 0.3157222 0.3180911 0.3186761 0.0716785 0.2862742 0.0490114 0.2698017 0.3506215 0.2350882 0.1443745 0.1831580 0.2415310 0.1330251 0.0888422 0.0392099 0.3254939 0.0506565 0.2649406 0.2527644 0.3818244 0.0552035 0.1550187 0.3104156 0.4056536 0.2940089 0.2847394 0.2928716 0.3213119 0.4545757 0.2971547 0.1194436 0.0952597 0.0142355 0.2835849 0.1154440 0.1111806 0.1236735 0.3112894 0.2589123 0.3964437 0.2118177 0.3331168 0.1026445 0.2743308 0.1228519 0.4482451 
Perityle_cochisensis_44_cave_creek         0.2576217 0.1868071 0.3140145 0.2620974 0.2777192 0.9114407 0.3176597 0.3086915 0.2816230 0.2942717 0.2136216 0.2881463 0.1447979 0.2125316 0.1228838 0.3174195 0.2081088 0.3548996 0.3619387 0.2173307 0.1922787 0.0911936 0.4545221 0.2814232 0.0000000 0.1544887 0.2988122 0.3340661 0.4334356 0.1150211 0.1736808 0.1622679 0.2434875 0.2505679 0.1716416 0.2642535 0.1178597 0.3110120 0.3162838 0.1896471 0.1391673 0.2745192 0.0619202 0.2713634 0.3434531 0.2148049 0.1289333 0.1789482 0.2484628 0.2122305 0.1221787 0.1251376 0.2974824 0.0996016 0.2731041 0.2622475 0.3757722 0.0680454 0.1430116 0.3222005 0.4075859 0.3253119 0.2990212 0.2889062 0.3218643 0.4136619 0.3002395 0.0827760 0.1351863 0.3314020 0.3143865 0.1107970 0.0966427 0.1422848 0.2985007 0.2586742 0.3363549 0.2065500 0.3187436 0.0940500 0.3014459 0.1441347 0.4526023 
Perityle_congesta_202                      0.2272091 0.1746122 0.2888369 0.2442389 0.1737264 1.0667685 0.2937825 0.2881688 0.2695708 0.2458289 0.2039792 0.2495602 0.0536761 0.0715712 0.0787124 0.2451018 0.1500964 0.2738474 0.3407580 0.1630583 0.1790576 0.0808821 0.1987248 0.1074115 0.1544887 0.0000000 0.2809249 0.2921125 0.3171579 0.0924923 0.1432621 0.1728006 0.2194437 0.1641366 0.1527191 0.2690743 0.1029891 0.2901807 0.2434824 0.1602159 0.0924657 0.2767321 0.0469700 0.2542280 0.3314815 0.1471277 0.0917601 0.1028587 0.2261934 0.1084505 0.0353778 0.0511577 0.2950609 0.0492833 0.2461786 0.2462930 0.3855430 0.0486684 0.0922683 0.2348290 0.3835269 0.2697568 0.1400409 0.2280570 0.2573615 0.3505892 0.2238962 0.0805873 0.0822580 0.0924983 0.2951430 0.0987845 0.0790127 0.0839571 0.1524237 0.2514985 0.2517810 0.1930694 0.2831759 0.0606965 0.2767844 0.1257168 0.4523942 
Perityle_cordifolia_27                     0.1808561 0.1172222 0.1894241 0.2848450 0.2429204 1.8540935 0.3533011 0.2329865 0.3038966 0.1851992 0.1714964 0.1796502 0.2759092 0.2574797 0.2324158 0.1506775 0.3025597 0.2880190 0.3193639 0.2862001 0.0397329 0.2103726 0.2124344 0.3069413 0.2988122 0.2809249 0.0000000 0.2471567 0.2334669 0.1228872 0.1347855 0.1884385 0.1678060 0.3139095 0.1387140 0.1832906 0.2560788 0.1770289 0.1668902 0.2829146 0.2506662 0.1879974 0.1765420 0.1820485 0.2122692 0.2982721 0.3048877 0.2987531 0.1617905 0.2901574 0.2674818 0.2027349 0.0716280 0.2362816 0.2037254 0.1907603 0.2606314 0.1799411 0.3056151 0.1949790 0.4413228 0.2210785 0.1132104 0.1608021 0.2177877 0.4496501 0.3032071 0.2162168 0.2608808 0.2878634 0.2269962 0.1521654 0.2547518 0.2698512 0.2379825 0.1898468 0.1526129 0.1667977 0.2649915 0.2339313 0.1134271 0.0817083 0.4010334 
Perityle_cordifolia_68_tecolote            0.2461289 0.1345864 0.2955183 0.3066413 0.3073292 0.7684982 0.3860432 0.2546552 0.3479723 0.2661715 0.2234694 0.2868439 0.2963606 0.2540229 0.2643991 0.2826992 0.3291608 0.3770315 0.3721717 0.3123944 0.1875638 0.1943972 0.3115034 0.3138968 0.3340661 0.2921125 0.2471567 0.0000000 0.2690040 0.1220573 0.1380180 0.2368908 0.2102224 0.3189681 0.2015229 0.2446714 0.2784499 0.2351915 0.3085174 0.2796471 0.2869576 0.2589867 0.1846375 0.2381062 0.2895690 0.3219714 0.3000274 0.3185416 0.2057455 0.3580575 0.2634052 0.2017622 0.2819533 0.2522432 0.2529709 0.0193836 0.3623064 0.2480626 0.3009853 0.2702945 0.5012156 0.2872041 0.2674592 0.3006780 0.2445411 0.4947239 0.3548060 0.1878512 0.2550070 0.2690776 0.2583514 0.2052176 0.2633106 0.2879868 0.2655674 0.2420718 0.2803852 0.2761975 0.2947284 0.2690377 0.2989698 0.1549129 0.4576935 
Perityle_coronopifolia_28_patagonia        0.1841151 0.1305952 0.2159798 0.2782043 0.2458911 0.2625847 0.3419656 0.2769218 0.3129101 0.1958220 0.1719708 0.3055660 0.3042696 0.3319354 0.2772510 0.2695918 0.3484987 0.2568594 0.3239851 0.3304987 0.1243079 0.1638827 0.2932875 0.5346780 0.4334356 0.3171579 0.2334669 0.2690040 0.0000000 0.0815682 0.1311962 0.1801079 0.1700925 0.3279662 0.1623779 0.2162274 0.3122724 0.2542924 0.2849982 0.3229615 0.3103963 0.2248353 0.1327670 0.2040914 0.2871336 0.3575961 0.3277380 0.3449473 0.1777264 0.3805198 0.2689274 0.1905025 0.2523056 0.2249059 0.1808308 0.1838702 0.3485300 0.1510883 0.3314947 0.1148918 0.4541740 0.2389657 0.1429865 0.2827118 0.0570947 0.4831119 0.2728561 0.2359691 0.3066855 0.5483754 0.2358120 0.2121330 0.2619889 0.3029415 0.2205031 0.1957720 0.2616635 0.2986846 0.2512076 0.2336420 0.2553958 0.0729407 0.4093164 
Perityle_crassifolia_70_ventanas           0.1218656 0.1046280 0.0869504 0.2068655 0.1133929 0.0000010 0.3459549 0.3467655 0.1765019 0.0907488 0.1005936 0.1148986 0.1005717 0.0909773 0.1164555 0.1119186 0.0929770 0.1185666 0.2577759 0.0909936 0.1100903 0.0960017 0.0869881 0.0949065 0.1150211 0.0924923 0.1228872 0.1220573 0.0815682 0.0000000 0.0826267 0.0864331 0.0970295 0.0909930 0.1180654 0.1003298 0.0874751 0.0786291 0.1103458 0.1056907 0.0841286 0.1054779 0.0977990 0.1035786 0.0980997 0.0929281 0.1014780 0.1032507 0.0954378 0.1204082 0.1059462 0.0909072 0.1034853 0.1110153 0.1064981 0.1153550 0.4637023 0.0977432 0.0995492 0.1120159 0.3695963 0.1423898 0.1153066 0.1180486 0.0916157 0.3569969 0.1221989 0.0649182 0.0890971 0.0949065 0.0179825 0.1072773 0.1006003 0.0978328 0.0945294 0.0845564 0.1205392 0.1155505 0.1115487 0.1031648 0.1136942 0.0789791 0.6581448 
Perityle_crassifolia_74_playa_balandra     0.1157888 0.1096381 0.1013820 0.2134939 0.1834157 0.0000010 0.2705883 0.2546236 0.1924395 0.1200869 0.1377596 0.1653191 0.1504175 0.1608789 0.1688688 0.1588786 0.1630207 0.3406429 0.1191204 0.1650500 0.1179831 0.0844280 0.0867848 0.1610611 0.1736808 0.1432621 0.1347855 0.1380180 0.1311962 0.0826267 0.0000000 0.2420194 0.1200869 0.1567999 0.1138446 0.1434061 0.1500388 0.1131546 0.1625319 0.1614871 0.1534481 0.1442953 0.0844280 0.1399451 0.1161823 0.1733283 0.1629566 0.1609558 0.1396365 0.1790427 0.1557888 0.0813469 0.1119077 0.1483840 0.1102221 0.1314846 0.3018226 0.1220406 0.1591742 0.2060310 0.0736962 0.1284043 0.1504196 0.1848297 0.1278167 0.3884291 0.1753356 0.1455894 0.1611294 0.1222567 0.0855898 0.1898068 0.1685031 0.1559009 0.1560626 0.1336256 0.1736648 0.1771523 0.1150997 0.1333244 0.1233400 0.0977472 0.3469918 
Perityle_cuneata_34_cuneata_San_antonio    0.1751278 0.1791032 0.1821315 0.2500401 0.1789257 0.0000010 0.3748719 0.4154997 0.2944784 0.1753517 0.1787715 0.2075679 0.1818164 0.1774778 0.1931368 0.1842048 0.1877824 0.1562089 0.3312973 0.1731766 0.1251388 0.1031965 0.0649419 0.1779178 0.1622679 0.1728006 0.1884385 0.2368908 0.1801079 0.0864331 0.2420194 0.0000000 0.1757744 0.1638196 0.1617404 0.2080014 0.1618926 0.2096994 0.1919226 0.2593620 0.1617453 0.2216437 0.1017275 0.2140091 0.2132299 0.1873372 0.1653845 0.1826969 0.2076964 0.1899924 0.1662764 0.1088761 0.2020616 0.1671662 0.1869399 0.2575306 0.4990724 0.1317116 0.1822788 0.2172189 0.4154213 0.2127304 0.1943577 0.2086527 0.1751173 0.4444116 0.1789499 0.1390304 0.1664038 0.1111282 0.2406415 0.1933416 0.1883800 0.1676538 0.2035539 0.1782142 0.1720279 0.1797314 0.3095535 0.1759039 0.1797443 0.1074306 0.5361731 
Perityle_discoidea_81                      0.0356202 0.0975125 0.1153689 0.2185221 0.2172475 1.5112569 0.3398786 0.2398223 0.2331197 0.0053355 0.1411359 0.2207695 0.2215079 0.1965535 0.2176403 0.2317078 0.2462770 0.2565298 0.2152450 0.2139559 0.1361851 0.1117981 0.0821570 0.2218867 0.2434875 0.2194437 0.1678060 0.2102224 0.1700925 0.0970295 0.1200869 0.1757744 0.0000000 0.2252132 0.0406432 0.1686860 0.2189442 0.1714869 0.2517859 0.2643426 0.2095769 0.1879652 0.1084406 0.1610741 0.1772002 0.2343305 0.2084592 0.2187261 0.1487145 0.2483406 0.1995283 0.1232201 0.1664616 0.1786575 0.1385193 0.1841414 0.2829476 0.1376900 0.2182129 0.1606344 0.1845297 0.1926556 0.1702668 0.2383810 0.1641647 0.4296446 0.2351971 0.2040228 0.2122491 0.1439180 0.1702978 0.2336872 0.2052143 0.2126662 0.1890506 0.1603652 0.2088349 0.2276597 0.2253509 0.1638806 0.1747606 0.1139564 0.3906009 
Perityle_dissecta_201                      0.2543276 0.1712571 0.3106810 0.2521861 0.1760391 0.2436101 0.2984347 0.2888621 0.2628802 0.2681079 0.2238680 0.2366362 0.1590414 0.1658945 0.1231684 0.1763635 0.1396117 0.2252285 0.3543772 0.1306739 0.1912715 0.0307031 0.1966568 0.2476594 0.2505679 0.1641366 0.3139095 0.3189681 0.3279662 0.0909930 0.1567999 0.1638196 0.2252132 0.0000000 0.1675239 0.2868574 0.0800450 0.3193439 0.1503188 0.1911013 0.1259257 0.2891667 0.0246159 0.2676321 0.3619728 0.1650582 0.1023630 0.1239058 0.2449250 0.1546483 0.1467643 0.1290946 0.3146674 0.1239206 0.2684307 0.2513280 0.3857908 0.0604630 0.1166948 0.1803676 0.3918518 0.2820971 0.0826789 0.2056885 0.3158906 0.3848632 0.2213745 0.0755868 0.1451231 0.3265894 0.2919669 0.1225648 0.1127134 0.1294765 0.1314808 0.2738774 0.2066355 0.1954761 0.3113829 0.1017457 0.2835763 0.1284307 0.4532122 
Perityle_emoryi_47_punta_san_jose          0.0069072 0.1031667 0.1159961 0.1959537 0.1897215 1.5112569 0.2707968 0.2413172 0.2281705 0.0407617 0.1269891 0.1813757 0.1603451 0.1652130 0.1763437 0.1799258 0.1863883 0.2505469 0.2499956 0.1695942 0.1297477 0.1098744 0.0770047 0.1733738 0.1716416 0.1527191 0.1387140 0.2015229 0.1623779 0.1180654 0.1138446 0.1617404 0.0406432 0.1675239 0.0000000 0.1489507 0.1625527 0.1396944 0.1837818 0.2396291 0.1699670 0.1584210 0.1088375 0.1576663 0.1479000 0.1783347 0.1594783 0.1630351 0.1505552 0.1894107 0.1536567 0.1104266 0.1284048 0.1347234 0.1423915 0.1767762 0.2986501 0.1299956 0.1594500 0.1748113 0.4162885 0.1889749 0.1504400 0.1781551 0.1621014 0.3999537 0.2113658 0.1769007 0.1658791 0.1373885 0.1729232 0.1883638 0.1573904 0.1646150 0.1817067 0.1489532 0.1770064 0.1836370 0.2189092 0.1292238 0.1378165 0.1067307 0.3882042 
Perityle_feddemae_99                       0.1913587 0.1224718 0.2087140 0.2546974 0.2520856 2.6328887 0.3573656 0.2440393 0.2924598 0.1885603 0.1751545 0.2334072 0.2699193 0.2269352 0.2228379 0.2170788 0.2931130 0.2908080 0.2935087 0.2608041 0.1499437 0.1793816 0.0866453 0.2900167 0.2642535 0.2690743 0.1832906 0.2446714 0.2162274 0.1003298 0.1434061 0.2080014 0.1686860 0.2868574 0.1489507 0.0000000 0.2701898 0.1956025 0.2587683 0.2560586 0.2788720 0.0643383 0.1779080 0.0370970 0.1860080 0.2956667 0.2528719 0.2591527 0.0234790 0.3171520 0.2329337 0.1791590 0.2079003 0.2310378 0.2008089 0.1729766 0.3182161 0.1693795 0.2689166 0.1936722 0.4333478 0.2201615 0.1582318 0.2383991 0.2021480 0.4391107 0.2962601 0.2221919 0.2477452 0.2277577 0.2247411 0.2048351 0.2217614 0.2508028 0.1880478 0.2002583 0.2177193 0.2288925 0.2323413 0.2009959 0.2202240 0.1198999 0.3946679 
Perityle_fosteri_93                        0.2299501 0.1681416 0.2849068 0.2580011 0.1496280 0.8200847 0.2961730 0.2772177 0.2713652 0.2412784 0.2040437 0.1783614 0.1009301 0.0772334 0.0973692 0.1609249 0.0619069 0.2598852 0.3368127 0.0668003 0.1483307 0.0460835 0.2294771 0.1253759 0.1178597 0.1029891 0.2560788 0.2784499 0.3122724 0.0874751 0.1500388 0.1618926 0.2189442 0.0800450 0.1625527 0.2701898 0.0000000 0.2551676 0.1548298 0.1137428 0.0628963 0.2678137 0.0389110 0.2440750 0.3015668 0.0837619 0.0873147 0.0991734 0.2139073 0.0977116 0.0862858 0.0516583 0.2723924 0.0792855 0.2504546 0.2469007 0.3717027 0.0572983 0.1022882 0.2011508 0.3792317 0.2513228 0.0883978 0.1483023 0.2668212 0.3076926 0.2003280 0.0420607 0.0374296 0.1704232 0.2710592 0.1064081 0.1002091 0.0888812 0.1317546 0.2534817 0.1991135 0.1314161 0.2937721 0.0816753 0.2262457 0.1070365 0.4301790 
Perityle_gamon_221                         0.2113270 0.1127108 0.2510941 0.2839701 0.2638604 2.2732475 0.3664016 0.2460677 0.3204116 0.2080011 0.1908286 0.2632889 0.2803189 0.2693716 0.2293283 0.2466328 0.3241338 0.2729756 0.3106478 0.2976953 0.1477875 0.1846408 0.1690309 0.3157222 0.3110120 0.2901807 0.1770289 0.2351915 0.2542924 0.0786291 0.1131546 0.2096994 0.1714869 0.3193439 0.1396944 0.1956025 0.2551676 0.0000000 0.2431274 0.2873080 0.2712158 0.2006590 0.1639909 0.1826230 0.1347161 0.3187175 0.2754734 0.2853337 0.1620312 0.3080761 0.2687656 0.2099982 0.1946938 0.2415749 0.1916875 0.1671136 0.3134435 0.1855073 0.2997241 0.2228294 0.4569240 0.2033749 0.1306462 0.2612082 0.2363022 0.4362942 0.3063553 0.1823255 0.2652620 0.2809774 0.2255407 0.1935462 0.2324809 0.2776239 0.2100015 0.1821857 0.2454290 0.2293918 0.2563819 0.2249258 0.2003572 0.0996113 0.4146050 
Perityle_gentryi_8_san_francisco           0.2343852 0.1810265 0.2769555 0.3050580 0.1958463 0.2236594 0.3540319 0.3009402 0.3183365 0.2614044 0.2011762 0.1518194 0.2223360 0.2316187 0.1636226 0.0321110 0.1977833 0.2445881 0.4082243 0.1974982 0.0493765 0.1877689 0.2003800 0.3180911 0.3162838 0.2434824 0.1668902 0.3085174 0.2849982 0.1103458 0.1625319 0.1919226 0.2517859 0.1503188 0.1837818 0.2587683 0.1548298 0.2431274 0.0000000 0.2146984 0.1807590 0.2578046 0.1732951 0.2332745 0.2863547 0.2266882 0.2178394 0.2426286 0.2146668 0.2303061 0.2200374 0.2161821 0.2001902 0.1961430 0.2538262 0.2358357 0.3813400 0.1667763 0.2241840 0.1785149 0.4444317 0.2911767 0.0914463 0.1338166 0.2685411 0.3789061 0.2287248 0.1112653 0.2119193 0.4248444 0.2861589 0.0878839 0.1875722 0.2295299 0.1397127 0.2506088 0.1345442 0.1248844 0.3536875 0.1822308 0.1710585 0.0928136 0.4909353 
Perityle_gilensis_22_Superstition          0.2413921 0.2544877 0.2624621 0.3072587 0.1745643 0.1712490 0.3724032 0.4100669 0.3060225 0.2703619 0.2431384 0.1430725 0.1497327 0.1524503 0.1617975 0.2128445 0.1114370 0.3227015 0.3759905 0.1221333 0.1936828 0.1197990 0.1975962 0.3186761 0.1896471 0.1602159 0.2829146 0.2796471 0.3229615 0.1056907 0.1614871 0.2593620 0.2643426 0.1911013 0.2396291 0.2560586 0.1137428 0.2873080 0.2146984 0.0000000 0.1381834 0.2538716 0.1274651 0.2600385 0.2886435 0.1119872 0.1460143 0.1770365 0.2628724 0.2005952 0.1470630 0.1547283 0.2548705 0.1332785 0.2870013 0.3031773 0.4489124 0.1262352 0.1542302 0.2316140 0.4178031 0.3304063 0.0646512 0.1474222 0.2749227 0.3762527 0.2045872 0.0573964 0.1462811 0.4134775 0.2782145 0.1315897 0.1268697 0.1552833 0.0817992 0.2513090 0.2521902 0.1612870 0.3550827 0.1275491 0.2754758 0.2153018 0.5459325 
Perityle_gilensis_salensis_225             0.2347179 0.1669751 0.2695767 0.2522341 0.1591269 0.7815675 0.2959146 0.2859361 0.2589079 0.2517071 0.2130802 0.2139668 0.0874615 0.0730534 0.0954405 0.1990238 0.0939257 0.2769782 0.3225563 0.1073716 0.1694062 0.0945415 0.1889767 0.0716785 0.1391673 0.0924657 0.2506662 0.2869576 0.3103963 0.0841286 0.1534481 0.1617453 0.2095769 0.1259257 0.1699670 0.2788720 0.0628963 0.2712158 0.1807590 0.1381834 0.0000000 0.2804708 0.0627050 0.2537362 0.3159447 0.0928960 0.1146531 0.1307691 0.2270433 0.0674335 0.0769906 0.0502449 0.2750485 0.0689935 0.2450597 0.2439798 0.3751072 0.0644011 0.1281482 0.2191811 0.3887466 0.2476611 0.1119039 0.1749714 0.2711410 0.3278365 0.2264826 0.0551371 0.0551171 0.1209592 0.2722421 0.1086818 0.0963538 0.1078192 0.1274008 0.2565431 0.2304274 0.1554364 0.2940549 0.0899017 0.2207957 0.1227372 0.4254754 
Perityle_glaucescens_94                    0.2256186 0.1296197 0.2227498 0.2803921 0.2549797 2.3985257 0.3708572 0.2499476 0.3183715 0.2271200 0.1905715 0.2428486 0.2724645 0.2319842 0.2312606 0.2227389 0.2987398 0.2952561 0.2968311 0.2736875 0.1513819 0.1820686 0.0867135 0.2862742 0.2745192 0.2767321 0.1879974 0.2589867 0.2248353 0.1054779 0.1442953 0.2216437 0.1879652 0.2891667 0.1584210 0.0643383 0.2678137 0.2006590 0.2578046 0.2538716 0.2804708 0.0000000 0.1812177 0.0447899 0.1960633 0.2944201 0.2632921 0.2697994 0.0221770 0.3183152 0.2419554 0.1834717 0.2164741 0.2334975 0.2166788 0.1780607 0.3210399 0.1764926 0.2731068 0.2088917 0.4384395 0.2509712 0.1650173 0.2390920 0.2246506 0.4435481 0.3144238 0.2203677 0.2512069 0.2150056 0.2456827 0.2151702 0.2320044 0.2677178 0.1934436 0.1998752 0.2231374 0.2405658 0.2280033 0.2095995 0.2385699 0.1239543 0.4092321 
Perityle_gracilis_11                       0.1383269 0.0885059 0.1600770 0.1810939 0.1264102 0.0000010 0.2263286 0.3008582 0.2057713 0.1407174 0.1333098 0.1613679 0.0589397 0.0480131 0.0563699 0.1748539 0.0615598 0.1261492 0.2985024 0.0568377 0.1675869 0.0048696 0.0396297 0.0490114 0.0619202 0.0469700 0.1765420 0.1846375 0.1327670 0.0977990 0.0844280 0.1017275 0.1084406 0.0246159 0.1088375 0.1779080 0.0389110 0.1639909 0.1732951 0.1274651 0.0627050 0.1812177 0.0000000 0.1839563 0.1709265 0.0639617 0.0032752 0.0065037 0.1820585 0.0661080 0.0577702 0.0592888 0.1549465 0.0617789 0.1563878 0.1754247 0.4175663 0.0163833 0.0056828 0.1473474 0.4044573 0.1364790 0.0672808 0.1609358 0.1351497 0.3960974 0.1749237 0.0197250 0.0586081 0.0481018 0.2147629 0.1235124 0.0062493 0.0326374 0.0130787 0.1583478 0.1675153 0.1522610 0.2438666 0.0069461 0.1578860 0.1343399 0.5016895 
Perityle_harkerae_31                       0.1885818 0.1239878 0.1965497 0.2664332 0.2490160 2.1876245 0.3639900 0.2460697 0.2891783 0.1857037 0.1842015 0.2303626 0.2530557 0.2326527 0.2261859 0.2173369 0.2788336 0.2933624 0.2896075 0.2716920 0.1475851 0.1883824 0.0778433 0.2698017 0.2713634 0.2542280 0.1820485 0.2381062 0.2040914 0.1035786 0.1399451 0.2140091 0.1610741 0.2676321 0.1576663 0.0370970 0.2440750 0.1826230 0.2332745 0.2600385 0.2537362 0.0447899 0.1839563 0.0000000 0.1580879 0.2797601 0.2554716 0.2541952 0.0199588 0.2910751 0.2425949 0.1821600 0.1879928 0.2283069 0.2026259 0.1736532 0.3061816 0.1760850 0.2581186 0.1897608 0.4324833 0.2270769 0.1564322 0.2211326 0.2044808 0.4330909 0.3033961 0.2028572 0.2521673 0.2144695 0.2235468 0.2079263 0.2249177 0.2538616 0.1843837 0.1796735 0.2156535 0.2241056 0.2226933 0.1991407 0.1970035 0.1211057 0.3979206 
Perityle_hofmeisteria_4_nombre_de_dios     0.2271560 0.1137730 0.2731887 0.2873957 0.2798719 0.8613320 0.3659622 0.2571557 0.3228394 0.2199447 0.1852472 0.2869491 0.3115994 0.2654898 0.2413417 0.2589905 0.3615615 0.2925300 0.2924884 0.3193224 0.1728798 0.2087396 0.2445868 0.3506215 0.3434531 0.3314815 0.2122692 0.2895690 0.2871336 0.0980997 0.1161823 0.2132299 0.1772002 0.3619728 0.1479000 0.1860080 0.3015668 0.1347161 0.2863547 0.2886435 0.3159447 0.1960633 0.1709265 0.1580879 0.0000000 0.3477811 0.3180439 0.3250250 0.1292453 0.3752715 0.2755056 0.2117671 0.2547610 0.2542141 0.2480567 0.1645317 0.3312979 0.2114079 0.3436175 0.2743658 0.4148712 0.2508480 0.1973893 0.3195223 0.2690175 0.4772783 0.3412485 0.1982385 0.2740646 0.2879615 0.2235925 0.2331384 0.2606159 0.3205984 0.2330423 0.2065394 0.2609069 0.2830296 0.2436774 0.2797996 0.2638233 0.1047840 0.4041909 
