85
Amauria_brandeegeana_62                    0.0000000 0.1824945 0.1024963 0.3586884 0.2049698 0.1246850 0.2477843 0.3214898 0.3199271 0.2210051 0.2244569 0.3051254 0.1957441 0.3037752 0.1723025 0.1913575 0.1790812 0.6433832 0.2950777 0.1842198 0.1940877 0.2013558 0.2259965 0.1643166 0.3071250 0.1951505 0.3061051 0.1873033 0.2386001 0.2483186 0.2167005 0.2316531 0.2488644 0.2193425 0.1849583 0.0974823 0.2237213 0.1916104 0.2133149 0.1890216 0.2389572 0.2033800 0.2341889 0.2958462 0.2296516 0.2014694 0.1893087 0.1640222 0.2899366 0.2339560 0.1846904 0.2307462 0.2539485 0.1959392 0.3097625 0.2070984 0.2711476 0.1724856 0.1991022 0.1498035 0.3326780 0.2101401 0.2252970 0.2312180 0.1579024 0.2086576 0.1983250 0.2515901 0.2374986 0.2207712 0.1973890 0.1605371 0.2461069 0.1929200 0.1978222 0.1868287 0.1791154 0.2490155 0.4045499 0.1889978 0.1923994 0.2187252 0.1893977 0.1778861 0.2617867 
Amauria_carterae_99_mesa                   0.1824945 0.0000000 0.2015210 0.1109736 0.1793041 0.0428755 0.0992930 0.2055414 0.1434977 0.1508906 0.1645023 0.1254188 0.1880774 0.1258633 0.1297125 0.1809178 0.1765502 0.8236476 0.0543352 0.1806536 0.1765502 0.1878619 0.0778121 0.1886479 0.1340001 0.1883983 0.1216555 0.2049988 0.1976590 0.1915057 0.0378182 0.1724454 0.0378512 0.1508906 0.1962075 0.2015210 0.2050044 0.1763135 0.1725717 0.1811305 0.1372057 0.1845991 0.2168765 0.1223788 0.2021157 0.1839632 0.1726006 0.1840431 0.1323132 0.2014110 0.1961027 0.1966919 0.1958568 0.2006998 0.1311523 0.1921603 0.1316348 0.1927951 0.1840431 0.1840431 0.0683862 0.0568604 0.0688863 0.1261629 0.2006473 0.1973177 0.2047378 0.1709190 0.1950151 0.1129061 0.1771832 0.1930054 0.1847420 0.1840431 0.1878226 0.1923469 0.1843493 0.1740180 0.2055811 0.1856650 0.1958303 0.1841959 0.1799324 0.1879447 0.1196341 
Amauria_rotundifolia_SRR9119150            0.1024963 0.2015210 0.0000000 0.3652334 0.1730858 0.1329254 0.2636593 0.3296942 0.2957699 0.1831654 0.2093131 0.2986965 0.1737517 0.2827663 0.1715599 0.1747671 0.1752101 0.3061777 0.2896870 0.1794863 0.1744639 0.1778372 0.2275138 0.1554715 0.2827686 0.1750526 0.2605411 0.1861001 0.1966346 0.2519708 0.2192530 0.3324993 0.2478532 0.2235547 0.1663910 0.0091531 0.2249187 0.1694911 0.1836968 0.1858493 0.2031617 0.1775685 0.2223650 0.2773087 0.2437472 0.1784539 0.1680451 0.1559730 0.2397227 0.2313466 0.1788969 0.2129067 0.2254457 0.1845507 0.2848139 0.2055476 0.2696792 0.1926698 0.1747478 0.1426778 0.3339573 0.2234476 0.2323421 0.2332668 0.1618202 0.1757201 0.1915478 0.2303245 0.2071535 0.2338407 0.1749171 0.1557836 0.2214606 0.1740052 0.1819515 0.1796209 0.1904022 0.2257704 0.3349711 0.1656903 0.1738079 0.3428922 0.1658014 0.1779430 0.2112224 
Conoclinium_coelestinum_SRR9119114         0.3586884 0.1109736 0.3652334 0.0000000 0.3612182 0.0943419 0.1907462 0.3128222 0.3477352 0.3379230 0.3772108 0.3419679 0.3634976 0.3307847 0.1289271 0.3676559 0.3334356 0.4642636 0.3189781 0.3512648 0.3591788 0.3663461 0.1462696 0.3578515 0.3177027 0.3645163 0.3200739 0.3545284 0.3800012 0.3887879 0.1515810 0.3968781 0.3045463 0.3391196 0.3558749 0.3873433 0.3879389 0.3539527 0.3500175 0.3708661 0.3376424 0.3618386 0.3740167 0.3229021 0.3611358 0.3740168 0.3550287 0.3637810 0.3368045 0.3456226 0.3563825 0.3647360 0.4071343 0.3532902 0.3251949 0.3401911 0.2889028 0.2975200 0.3662990 0.3548228 0.3562534 0.1752221 0.2928912 0.2186223 0.3647207 0.3805359 0.3559403 0.3879863 0.3727923 0.1826575 0.3591568 0.3630113 0.3784207 0.3611069 0.3632128 0.3619110 0.3129255 0.3752185 0.3612114 0.3994696 0.3588309 0.3299704 0.3521564 0.3370724 0.2324575 
Eutetras_palmeri_63                        0.2049698 0.1793041 0.1730858 0.3612182 0.0000000 0.1478560 0.3286537 0.3381937 0.2418739 0.1142619 0.1018137 0.3331027 0.1327873 0.3079730 0.1887380 0.1401340 0.1274325 0.2732940 0.2736033 0.1350190 0.1315544 0.1314938 0.2433983 0.1412398 0.3181888 0.1285633 0.2860103 0.1323109 0.1111664 0.1692887 0.1902210 0.2507691 0.2660307 0.1233791 0.1307946 0.2009740 0.2728238 0.1346477 0.1225612 0.1425827 0.2733085 0.1379451 0.1551381 0.3162964 0.1551550 0.1275104 0.1419888 0.1345509 0.2676322 0.1501308 0.1352455 0.1774506 0.2740748 0.1374075 0.3144615 0.1297329 0.2793255 0.1123307 0.1337782 0.1241322 0.3146056 0.1887280 0.3582946 0.2085145 0.1374155 0.1067510 0.1349695 0.2464334 0.2414765 0.1991949 0.1633608 0.1413262 0.1461527 0.1363676 0.1366742 0.1285955 0.1046963 0.2615145 0.1313363 0.2181569 0.1267987 0.3951706 0.1263095 0.1257516 0.2014112 
Eutetras_pringlei_149_quer                 0.1246850 0.0428755 0.1329254 0.0943419 0.1478560 0.0000000 0.0667335 0.1064057 0.1384600 0.1044157 0.1320972 0.0638475 0.1243504 0.0459165 0.0165458 0.1254345 0.1250398 0.6047679 0.0888770 0.1250398 0.1322479 0.1172563 0.0343456 0.1254690 0.0763947 0.1172563 0.0459165 0.1177413 0.1383300 0.1587517 0.0543525 0.1172936 0.0885914 0.1044157 0.1389860 0.1329254 0.1320451 0.1179017 0.1178532 0.1181521 0.0641099 0.1183039 0.1315931 0.0459165 0.1319905 0.1321925 0.1250398 0.1172563 0.0578953 0.1392528 0.1179017 0.1183566 0.1248677 0.1391325 0.0648421 0.1460003 0.0639805 0.1261229 0.1172563 0.1172563 0.1085923 0.0934316 0.0836012 0.0522614 0.1115527 0.1307128 0.1388932 0.1408290 0.1623061 0.0405830 0.1250398 0.1254690 0.1460403 0.1172563 0.1240505 0.1110150 0.1172563 0.1401528 0.1378993 0.1393223 0.1176179 0.1393726 0.1172563 0.1313655 0.0538593 
Eutrochium_fistulosum_SRR9119106           0.2477843 0.0992930 0.2636593 0.1907462 0.3286537 0.0667335 0.0000000 0.2489679 0.2362924 0.3417547 0.2921672 0.2166628 0.3578109 0.1811821 0.1157825 0.3532620 0.2958097 0.8034789 0.1982250 0.3169512 0.3027477 0.3313565 0.1055055 0.2912813 0.1847085 0.3580842 0.2389344 0.3824656 0.3562984 0.3061450 0.1204310 0.3928214 0.2332655 0.2777699 0.3718436 0.2341521 0.3625313 0.3059014 0.3579516 0.2916693 0.2653610 0.3240301 0.3692976 0.1794765 0.2948145 0.3371940 0.3214220 0.3129949 0.2455535 0.3716653 0.3845761 0.4528598 0.3931468 0.3322664 0.1860772 0.2996695 0.1604455 0.2162443 0.3496218 0.3146306 0.2373289 0.1074327 0.1736693 0.1192964 0.3089922 0.3020334 0.3806755 0.3194509 0.4009773 0.1196202 0.3244046 0.2956606 0.3298952 0.3694089 0.3309932 0.3609387 0.2273255 0.3801274 0.5802581 0.3558942 0.3767127 0.3602759 0.3079115 0.3344558 0.1762918 
Galeana_pratensis_104_mex                  0.3214898 0.2055414 0.3296942 0.3128222 0.3381937 0.1064057 0.2489679 0.0000000 0.2789038 0.3515835 0.3707148 0.3006655 0.3226802 0.2687781 0.0887088 0.3158664 0.2973537 0.7023974 0.2649196 0.3197035 0.3141531 0.3229805 0.1557294 0.3303813 0.2863575 0.3167621 0.2429842 0.3383567 0.3583731 0.3544150 0.2335188 0.3356684 0.3295538 0.3515835 0.3698690 0.3296942 0.3692707 0.3304282 0.3284713 0.3210897 0.2850296 0.3369824 0.3319719 0.2738688 0.3309933 0.2993207 0.3355823 0.3229805 0.2962156 0.3065539 0.3196988 0.3431733 0.3743824 0.3479560 0.2707089 0.3373697 0.2479871 0.3125082 0.3229805 0.3229805 0.3011333 0.2035379 0.2804534 0.2207677 0.3430276 0.3512409 0.3474633 0.3711341 0.3508901 0.2198239 0.3176145 0.3303813 0.3818644 0.3167621 0.3220566 0.3301989 0.3010381 0.3514221 0.3416278 0.4217427 0.3412017 0.2802867 0.3119320 0.3153920 0.2538727 
Helianthus_annuus_SRR9119062               0.3199271 0.1434977 0.2957699 0.3477352 0.2418739 0.1384600 0.2362924 0.2789038 0.0000000 0.2564540 0.2639815 0.1924808 0.2519906 0.1977754 0.1161814 0.2528064 0.2326930 0.3227248 0.2080751 0.2508026 0.2529204 0.2524449 0.1987395 0.2513703 0.1908543 0.2491886 0.1944530 0.2472493 0.2878430 0.3022485 0.1566086 0.3070726 0.2028627 0.2708857 0.2583586 0.3476332 0.2912306 0.2494202 0.2494341 0.2738091 0.1977127 0.2570602 0.2597449 0.1899150 0.2607272 0.2444512 0.2413819 0.2533276 0.2039952 0.2510256 0.2525034 0.2668567 0.3448972 0.2369514 0.1936674 0.2396360 0.1761283 0.2140711 0.2546045 0.2499022 0.2563447 0.1876957 0.2937135 0.1672954 0.2612516 0.2849216 0.2432571 0.3309841 0.3090893 0.1614921 0.2486617 0.2575714 0.2623460 0.2539820 0.2587385 0.2500707 0.2151002 0.3352916 0.2801691 0.2814187 0.2541400 0.3901481 0.2287456 0.2244216 0.1791209 
Lycapsus_tenuifolius_17                    0.2210051 0.1508906 0.1831654 0.3379230 0.1142619 0.1044157 0.3417547 0.3515835 0.2564540 0.0000000 0.1753758 0.3216338 0.1433396 0.3006781 0.1549196 0.1490172 0.1350020 0.2685366 0.2810870 0.1378339 0.1461701 0.1443434 0.1868825 0.1546729 0.3136422 0.1464847 0.2836577 0.1549057 0.1159391 0.1104569 0.1807748 0.2595825 0.3174928 0.0012220 0.1544204 0.2205985 0.2924867 0.1357478 0.1413813 0.1521227 0.3086704 0.1573370 0.1726917 0.3048752 0.1371536 0.1728262 0.1443149 0.1571151 0.2699120 0.1702354 0.1449014 0.2253981 0.2704478 0.1320637 0.3143517 0.1291147 0.2640359 0.1097271 0.1497980 0.1476630 0.3138139 0.1838293 0.3902903 0.1970298 0.1515670 0.1134737 0.1521046 0.2541469 0.2756328 0.1887388 0.1653379 0.1559313 0.0930448 0.1588863 0.1534008 0.1458826 0.1117883 0.2991262 0.1724028 0.2140357 0.1484327 0.3332400 0.1326587 0.1282066 0.1851389 
Pericome_caudata_50_silver                 0.2244569 0.1645023 0.2093131 0.3772108 0.1018137 0.1320972 0.2921672 0.3707148 0.2639815 0.1753758 0.0000000 0.3227723 0.1711290 0.2927420 0.1502601 0.1828033 0.1584342 0.2736073 0.3101199 0.1597493 0.1673000 0.1596332 0.1857555 0.1830698 0.3010901 0.1766502 0.2981810 0.1923096 0.1559465 0.1722726 0.1795767 0.2702849 0.3242234 0.1169127 0.2010356 0.2237223 0.3065075 0.1599664 0.1729686 0.1703934 0.3165379 0.1744995 0.2017501 0.3353605 0.1513930 0.2210740 0.1645196 0.2034916 0.2915431 0.1969602 0.1873847 0.2737533 0.3206342 0.1520226 0.2983047 0.1584831 0.2647959 0.1346043 0.1709803 0.1940229 0.3064827 0.2164940 0.2831923 0.1922255 0.1960748 0.1736166 0.2028541 0.2776490 0.3052514 0.1826912 0.1832887 0.1863066 0.1577722 0.2064176 0.1747263 0.1784775 0.1231369 0.3301328 0.3415353 0.2390763 0.1957075 0.3294992 0.1498503 0.1572140 0.2032945 
Perityle_aglossa_84_dead_horse             0.3051254 0.1254188 0.2986965 0.3419679 0.3331027 0.0638475 0.2166628 0.3006655 0.1924808 0.3216338 0.3227723 0.0000000 0.3207482 0.0722088 0.0089250 0.3167966 0.2628790 0.9305891 0.2434329 0.3051130 0.3122060 0.3212987 0.0902921 0.3118274 0.0692394 0.3217474 0.0732310 0.3336741 0.3464265 0.3078075 0.1579142 0.3209707 0.2231914 0.3148626 0.3197919 0.2986965 0.3526163 0.3015543 0.3236934 0.3166660 0.0754577 0.3292810 0.3672034 0.0726959 0.3114682 0.3408864 0.3061130 0.3186386 0.0751399 0.3127412 0.3136015 0.3220210 0.3678790 0.3320211 0.0864425 0.2771267 0.1018521 0.2195366 0.3209407 0.3057732 0.2438521 0.1199878 0.2652719 0.0463278 0.3147064 0.3445478 0.3321985 0.3730461 0.3889833 0.0306872 0.3335334 0.3173269 0.3269311 0.3136739 0.3178543 0.3092182 0.2249850 0.3789793 0.3327991 0.3171620 0.3161145 0.3061361 0.2954625 0.3021555 0.1171530 
Perityle_ajoensis_204                      0.1957441 0.1880774 0.1737517 0.3634976 0.1327873 0.1243504 0.3578109 0.3226802 0.2519906 0.1433396 0.1711290 0.3207482 0.0000000 0.3014562 0.1633467 0.0572955 0.0419547 0.2614884 0.2664738 0.0386461 0.0287221 0.0095546 0.2408162 0.0607726 0.3113937 0.0090264 0.2341510 0.0724123 0.1307942 0.1749191 0.2085046 0.2404056 0.2725923 0.1519418 0.0496282 0.1973123 0.2938405 0.0366217 0.1329158 0.0542823 0.2246268 0.0401039 0.1853632 0.3071272 0.1642272 0.1346063 0.0490926 0.0067956 0.2387512 0.1851641 0.0525802 0.1076389 0.2319393 0.0560627 0.3060221 0.1021007 0.2637811 0.0545462 0.0105000 0.0222645 0.3161238 0.2099042 0.3723896 0.2050078 0.0586913 0.1277436 0.0531138 0.2700008 0.2790822 0.2097368 0.0763791 0.0608023 0.1600130 0.0118823 0.0070272 0.0409583 0.0058012 0.3019399 0.1421237 0.1340925 0.0467965 0.3517350 0.0234059 0.0620889 0.1794289 
Perityle_ambrosiifolia_67_green            0.3037752 0.1258633 0.2827663 0.3307847 0.3079730 0.0459165 0.1811821 0.2687781 0.1977754 0.3006781 0.2927420 0.0722088 0.3014562 0.0000000 0.0089404 0.2991699 0.2802518 0.9153605 0.1783178 0.2978392 0.2943263 0.2997027 0.0643481 0.2924250 0.0209199 0.2980132 0.0357318 0.3004332 0.3103747 0.3144451 0.1503502 0.2600265 0.1717124 0.2986175 0.2967565 0.2827663 0.3910270 0.2862371 0.3022476 0.2993652 0.0263099 0.3002885 0.3462857 0.0212940 0.3149483 0.3060597 0.3062382 0.2973406 0.0206214 0.3098283 0.2971699 0.3269766 0.4235058 0.3009127 0.0291447 0.2664941 0.0666207 0.2141729 0.2996648 0.2901871 0.2120183 0.1365372 0.2706503 0.0216677 0.3007161 0.3063456 0.2964903 0.4024108 0.3931092 0.0075819 0.3019212 0.2972348 0.3210027 0.2927903 0.2965584 0.2909022 0.2231448 0.3868327 0.3017897 0.3563038 0.3039836 0.2831153 0.2820069 0.2835672 0.0822935 
Perityle_angustifolia_13_Eagle_creek       0.1723025 0.1297125 0.1715599 0.1289271 0.1887380 0.0165458 0.1157825 0.0887088 0.1161814 0.1549196 0.1502601 0.0089250 0.1633467 0.0089404 0.0000000 0.1566956 0.1632300 0.9133631 0.1239450 0.1572037 0.1556960 0.1631732 0.0384598 0.1556960 0.0149507 0.1599054 0.0302103 0.1734829 0.1797604 0.1921834 0.1104031 0.1532717 0.1210668 0.1549196 0.1700910 0.1715599 0.1869979 0.1517225 0.1636303 0.1607616 0.0179276 0.1634246 0.2024889 0.0029643 0.1804518 0.1748379 0.1557261 0.1596221 0.0121484 0.1848273 0.1676422 0.1707807 0.1525680 0.1646260 0.0180257 0.1677183 0.0335154 0.1341215 0.1634244 0.1553683 0.1357426 0.0762262 0.1168323 0.0180806 0.1565140 0.1756434 0.1644799 0.1872748 0.2064125 0.0038337 0.1636315 0.1634524 0.1921834 0.1596221 0.1631419 0.1596429 0.1489744 0.1938217 0.1768790 0.1511676 0.1633382 0.2172320 0.1585803 0.1438696 0.0523225 
Perityle_batopilensis_97                   0.1913575 0.1809178 0.1747671 0.3676559 0.1401340 0.1254345 0.3532620 0.3158664 0.2528064 0.1490172 0.1828033 0.3167966 0.0572955 0.2991699 0.1566956 0.0000000 0.0536896 0.2791114 0.2610814 0.0528485 0.0517819 0.0601623 0.2312769 0.0807167 0.3115676 0.0600535 0.2440047 0.0731847 0.1432195 0.1776374 0.1959544 0.2381574 0.2786077 0.1545677 0.0592877 0.1969127 0.2896495 0.0586583 0.1393899 0.0161140 0.2399574 0.0636433 0.1949925 0.3051306 0.1718028 0.1431674 0.0712411 0.0549717 0.2476546 0.1897538 0.0582185 0.1237653 0.2425772 0.0711091 0.3042593 0.1128847 0.2600651 0.0527400 0.0640465 0.0478317 0.2965339 0.2117592 0.3578910 0.2038537 0.0715778 0.1392800 0.0674589 0.2568761 0.2905459 0.2072360 0.1000944 0.0807600 0.1631803 0.0590969 0.0550812 0.0619590 0.0406341 0.2926535 0.1624203 0.1451843 0.0576938 0.3551499 0.0458159 0.0686934 0.1820458 
Perityle_bisetosa_9                        0.1790812 0.1765502 0.1752101 0.3334356 0.1274325 0.1250398 0.2958097 0.2973537 0.2326930 0.1350020 0.1584342 0.2628790 0.0419547 0.2802518 0.1632300 0.0536896 0.0000000 0.3627927 0.2303513 0.0299005 0.0233446 0.0471953 0.2194343 0.0378729 0.2856348 0.0499755 0.2558557 0.0670391 0.1221014 0.1737544 0.1932098 0.2113181 0.2145972 0.1406317 0.0433846 0.1893093 0.1874544 0.0297661 0.1099701 0.0555739 0.2439011 0.0409482 0.1575742 0.2875711 0.1460412 0.1057148 0.0231489 0.0458554 0.2478733 0.1497143 0.0404269 0.0470267 0.1537042 0.0484829 0.2929727 0.1041492 0.2731830 0.0495945 0.0458554 0.0352366 0.2810840 0.1933794 0.2921716 0.2064338 0.0540397 0.1217747 0.0484908 0.1870683 0.1902546 0.2063672 0.0365719 0.0378991 0.1543728 0.0447206 0.0466037 0.0443198 0.0273499 0.1776993 0.1276892 0.0516509 0.0476080 0.3037966 0.0352661 0.0555987 0.1922399 
Perityle_californica_76_positas            0.6433832 0.8236476 0.3061777 0.4642636 0.2732940 0.6047679 0.8034789 0.7023974 0.3227248 0.2685366 0.2736073 0.9305891 0.2614884 0.9153605 0.9133631 0.2791114 0.3627927 0.0000000 0.8032866 0.3268429 0.3598665 0.3103721 0.6447937 0.2340869 0.9275299 0.2959909 0.2777071 0.2535344 0.2957162 0.8066442 0.7803740 0.8076926 0.4535569 0.6746067 0.2728632 0.6775159 0.3860327 0.3462248 0.2177018 0.4061754 0.2691778 0.3594246 0.2796145 0.8913771 0.8599584 0.2301750 0.3044632 0.3433773 0.3235758 0.4654296 0.2989348 0.2879526 0.2823495 0.2945461 0.9939413 0.3216846 0.8262069 0.6940684 0.2753967 0.2634296 0.7986846 0.6259093 0.7609651 0.9261268 0.2416456 0.2896743 0.3098021 0.6140456 0.2704604 1.0239421 0.2470738 0.2424615 0.3490955 0.2646172 0.3954508 0.2717881 0.7025933 0.7647979 0.2581874 0.2390485 0.2601665 0.8556494 0.2792949 0.2892475 0.3392734 
Perityle_canescens_77                      0.2950777 0.0543352 0.2896870 0.3189781 0.2736033 0.0888770 0.1982250 0.2649196 0.2080751 0.2810870 0.3101199 0.2434329 0.2664738 0.1783178 0.1239450 0.2610814 0.2303513 0.8032866 0.0000000 0.2594807 0.2578693 0.2649555 0.1551549 0.2786285 0.1731180 0.2654947 0.2000464 0.2738429 0.2976787 0.2633426 0.0675878 0.2812023 0.1087438 0.2726190 0.2685119 0.2896870 0.3740488 0.2505799 0.2851704 0.2623082 0.1998983 0.2693281 0.3161705 0.1899152 0.2932690 0.2911820 0.2631569 0.2648071 0.2011347 0.3094009 0.2702143 0.3387546 0.4339548 0.2664136 0.1708421 0.2251216 0.1502033 0.1847704 0.2689848 0.2542955 0.1309852 0.0560646 0.2784606 0.1389824 0.2682626 0.2946249 0.2682333 0.3682779 0.3885657 0.1318549 0.3010243 0.2830716 0.2770085 0.2649494 0.2621719 0.2607566 0.1947097 0.3786796 0.2907304 0.3551863 0.2757457 0.3163661 0.2435293 0.2467593 0.1405955 
Perityle_castillonii_96                    0.1842198 0.1806536 0.1794863 0.3512648 0.1350190 0.1250398 0.3169512 0.3197035 0.2508026 0.1378339 0.1597493 0.3051130 0.0386461 0.2978392 0.1572037 0.0528485 0.0299005 0.3268429 0.2594807 0.0000000 0.0230477 0.0407737 0.2351319 0.0364192 0.3014969 0.0419232 0.2640542 0.0595611 0.1329147 0.1696361 0.1946529 0.2145145 0.2441561 0.1515435 0.0435252 0.2019780 0.2489089 0.0362755 0.1200130 0.0544520 0.2634599 0.0448067 0.1637547 0.3077542 0.1634430 0.1169224 0.0412241 0.0396508 0.2612421 0.1578200 0.0410215 0.0759532 0.2354047 0.0475883 0.3055235 0.1002001 0.2787351 0.0496514 0.0396508 0.0318909 0.3015933 0.1933794 0.3477441 0.2098444 0.0478362 0.1299224 0.0498669 0.2703597 0.2585310 0.2063672 0.0364354 0.0364405 0.1536609 0.0398129 0.0402444 0.0455326 0.0314507 0.2587930 0.1332374 0.1302569 0.0435291 0.3034318 0.0298920 0.0509752 0.1910026 
Perityle_cernua_84                         0.1940877 0.1765502 0.1744639 0.3591788 0.1315544 0.1322479 0.3027477 0.3141531 0.2529204 0.1461701 0.1673000 0.3122060 0.0287221 0.2943263 0.1556960 0.0517819 0.0233446 0.3598665 0.2578693 0.0230477 0.0000000 0.0293774 0.2349602 0.0463145 0.3001188 0.0317894 0.2585859 0.0633823 0.1340788 0.1704239 0.1959039 0.2172988 0.2456915 0.1494027 0.0394462 0.1939369 0.2841868 0.0214468 0.1256417 0.0517196 0.2517392 0.0371738 0.1700509 0.3024272 0.1613350 0.1189838 0.0260100 0.0296615 0.2549110 0.1648093 0.0339407 0.1033852 0.2342423 0.0451113 0.2998579 0.0951128 0.2695357 0.0518477 0.0317599 0.0277063 0.2992600 0.1992202 0.3515125 0.2062383 0.0468770 0.1312565 0.0476019 0.2614634 0.2861004 0.2098227 0.0514668 0.0463404 0.1588838 0.0297906 0.0298575 0.0391795 0.0273469 0.2873839 0.1330981 0.1385901 0.0437995 0.2958686 0.0300656 0.0542204 0.1757780 
Perityle_cfvillosa_25_tin                  0.2013558 0.1878619 0.1778372 0.3663461 0.1314938 0.1172563 0.3313565 0.3229805 0.2524449 0.1443434 0.1596332 0.3212987 0.0095546 0.2997027 0.1631732 0.0601623 0.0471953 0.3103721 0.2649555 0.0407737 0.0293774 0.0000000 0.2350338 0.0458897 0.3096180 0.0095341 0.2514539 0.0704766 0.1299484 0.1737773 0.2086209 0.2388295 0.2566313 0.1542908 0.0497857 0.2004507 0.2776880 0.0364808 0.1204088 0.0564604 0.2391674 0.0404003 0.1670323 0.3058047 0.1665972 0.1197293 0.0500264 0.0040494 0.2388890 0.1645562 0.0523740 0.0999762 0.2367089 0.0557758 0.3022638 0.1068896 0.2669302 0.0586659 0.0066543 0.0214070 0.3142481 0.2040096 0.3514417 0.2096343 0.0565068 0.1256454 0.0523202 0.2687615 0.2731536 0.2133389 0.0744133 0.0459140 0.1605142 0.0105186 0.0083064 0.0386494 0.0077013 0.2862436 0.1348345 0.1421160 0.0457985 0.3544704 0.0244661 0.0627386 0.1831883 
Perityle_cinerea_113_Powell1310            0.2259965 0.0778121 0.2275138 0.1462696 0.2433983 0.0343456 0.1055055 0.1557294 0.1987395 0.1868825 0.1857555 0.0902921 0.2408162 0.0643481 0.0384598 0.2312769 0.2194343 0.6447937 0.1551549 0.2351319 0.2349602 0.2350338 0.0000000 0.2358029 0.0772820 0.2350338 0.0448311 0.2234972 0.2050008 0.2327431 0.0985426 0.1947096 0.1260634 0.1868825 0.2346841 0.2275138 0.2247606 0.2235283 0.2064732 0.2316664 0.0729857 0.2300410 0.2177298 0.0560118 0.2012031 0.2180825 0.2292223 0.2350338 0.0788113 0.1810288 0.2177303 0.2361726 0.2235371 0.2462054 0.0647584 0.2341872 0.0886390 0.2241972 0.2350338 0.2290722 0.1645593 0.0959956 0.1366465 0.0422351 0.2359167 0.1990697 0.2458703 0.2487108 0.2598844 0.0133794 0.2292223 0.2358029 0.2283649 0.2350338 0.2403534 0.2184968 0.2253390 0.2417848 0.2099776 0.2254083 0.2290099 0.2121063 0.2241500 0.2344155 0.0560052 
Perityle_coahuilensis_24                   0.1643166 0.1886479 0.1554715 0.3578515 0.1412398 0.1254690 0.2912813 0.3303813 0.2513703 0.1546729 0.1830698 0.3118274 0.0607726 0.2924250 0.1556960 0.0807167 0.0378729 0.2340869 0.2786285 0.0364192 0.0463145 0.0458897 0.2358029 0.0000000 0.3019704 0.0650334 0.2284118 0.0793802 0.1483304 0.1723522 0.1960076 0.2638229 0.2427616 0.1517029 0.0637341 0.1744056 0.2676250 0.0321615 0.1448864 0.0718134 0.1657463 0.0516968 0.1778773 0.3175089 0.1625873 0.1424773 0.0435088 0.0570837 0.2397035 0.1898183 0.0621506 0.1159159 0.2447562 0.0620117 0.3103252 0.1022862 0.2729926 0.0541158 0.0609726 0.0514061 0.3037379 0.2170403 0.2903545 0.2068635 0.0492005 0.1524108 0.0748036 0.2751980 0.2713190 0.2103111 0.0592764 0.0026654 0.1577847 0.0621209 0.0631406 0.0570597 0.0233708 0.2969370 0.2444053 0.1285134 0.0611408 0.3427304 0.0302770 0.0833220 0.1694435 
Perityle_cochisensis_44_cave_creek         0.3071250 0.1340001 0.2827686 0.3177027 0.3181888 0.0763947 0.1847085 0.2863575 0.1908543 0.3136422 0.3010901 0.0692394 0.3113937 0.0209199 0.0149507 0.3115676 0.2856348 0.9275299 0.1731180 0.3014969 0.3001188 0.3096180 0.0772820 0.3019704 0.0000000 0.3079694 0.0349505 0.3131336 0.3195268 0.3201978 0.1534243 0.2758849 0.1684945 0.3116047 0.3066962 0.2827686 0.3962326 0.2963402 0.3140222 0.3095203 0.0239841 0.3081790 0.3557155 0.0159493 0.3222030 0.3131591 0.3098415 0.3072860 0.0225848 0.3159584 0.3099864 0.3459882 0.4363718 0.3134706 0.0228618 0.2741271 0.0701086 0.2235298 0.3095798 0.3002204 0.2053743 0.1320896 0.2713699 0.0261361 0.3135494 0.3154969 0.3048622 0.4225282 0.4076435 0.0126796 0.3256186 0.3067143 0.3310320 0.3074630 0.3065538 0.3015036 0.2256631 0.4062260 0.3110419 0.3768897 0.3167428 0.2935293 0.2933022 0.2882434 0.0870718 
Perityle_congesta_202                      0.1951505 0.1883983 0.1750526 0.3645163 0.1285633 0.1172563 0.3580842 0.3167621 0.2491886 0.1464847 0.1766502 0.3217474 0.0090264 0.2980132 0.1599054 0.0600535 0.0499755 0.2959909 0.2654947 0.0419232 0.0317894 0.0095341 0.2350338 0.0650334 0.3079694 0.0000000 0.2506829 0.0744402 0.1328112 0.1779169 0.2118343 0.2446643 0.2755609 0.1514131 0.0538505 0.1967739 0.2961205 0.0376250 0.1303968 0.0563894 0.2411485 0.0431779 0.1808748 0.3039535 0.1636279 0.1295706 0.0522895 0.0095946 0.2382288 0.1844859 0.0574621 0.1114578 0.2356894 0.0605842 0.3027953 0.1070708 0.2650950 0.0588414 0.0109735 0.0238355 0.3119354 0.2099042 0.3713141 0.2067096 0.0600888 0.1286567 0.0616075 0.2652965 0.2846101 0.2100960 0.0787113 0.0650674 0.1609992 0.0125447 0.0090550 0.0443806 0.0116054 0.2994274 0.1574706 0.1448719 0.0481431 0.3522523 0.0244826 0.0649292 0.1815389 
Perityle_cordifolia_27                     0.3061051 0.1216555 0.2605411 0.3200739 0.2860103 0.0459165 0.2389344 0.2429842 0.1944530 0.2836577 0.2981810 0.0732310 0.2341510 0.0357318 0.0302103 0.2440047 0.2558557 0.2777071 0.2000464 0.2640542 0.2585859 0.2514539 0.0448311 0.2284118 0.0349505 0.2506829 0.0000000 0.2343535 0.2609979 0.3483070 0.1524970 0.3683729 0.2431025 0.3447472 0.2505762 0.2923136 0.3316627 0.2501264 0.2721419 0.2733790 0.0726039 0.2693072 0.3026307 0.0384720 0.3176412 0.2672531 0.2608280 0.2432617 0.0562068 0.3217043 0.2452450 0.3115474 0.3431506 0.2293123 0.0457195 0.2221942 0.0645365 0.2108547 0.2437376 0.2405317 0.2085328 0.1169040 0.2819750 0.0128849 0.2328336 0.2730107 0.2556607 0.3780020 0.3417331 0.0178106 0.2580389 0.2307488 0.3020948 0.2382313 0.2665674 0.2432349 0.2229335 0.4141254 0.3581621 0.2591861 0.2593565 0.4322842 0.2423000 0.2406755 0.0970749 
Perityle_cordifolia_68_tecolote            0.1873033 0.2049988 0.1861001 0.3545284 0.1323109 0.1177413 0.3824656 0.3383567 0.2472493 0.1549057 0.1923096 0.3336741 0.0724123 0.3004332 0.1734829 0.0731847 0.0670391 0.2535344 0.2738429 0.0595611 0.0633823 0.0704766 0.2234972 0.0793802 0.3131336 0.0744402 0.2343535 0.0000000 0.1485763 0.1724852 0.2244952 0.2230195 0.3190353 0.1483748 0.0737511 0.2120824 0.3038417 0.0629248 0.1437189 0.0686299 0.2545840 0.0664124 0.1955874 0.3112620 0.1599049 0.1568564 0.0719773 0.0690955 0.2563725 0.1929640 0.0662488 0.1416528 0.2397627 0.0515353 0.3127498 0.1081360 0.2778968 0.0732210 0.0786988 0.0634983 0.3195291 0.2118936 0.3852199 0.2156850 0.0657526 0.1456068 0.0562143 0.2589311 0.2745969 0.2208848 0.0976784 0.0794197 0.1579393 0.0761559 0.0688469 0.0631745 0.0606226 0.2978051 0.1824901 0.1532533 0.0648754 0.3472455 0.0537141 0.0583093 0.1894116 
Perityle_coronopifolia_28_patagonia        0.2386001 0.1976590 0.1966346 0.3800012 0.1111664 0.1383300 0.3562984 0.3583731 0.2878430 0.1159391 0.1559465 0.3464265 0.1307942 0.3103747 0.1797604 0.1432195 0.1221014 0.2957162 0.2976787 0.1329147 0.1340788 0.1299484 0.2050008 0.1483304 0.3195268 0.1328112 0.2609979 0.1485763 0.0000000 0.1695796 0.2259548 0.2474783 0.3270959 0.1277174 0.1409213 0.2228094 0.3056018 0.1274603 0.1201151 0.1441148 0.2883044 0.1436351 0.1759089 0.3130007 0.1531547 0.1434863 0.1387557 0.1396037 0.2657221 0.1812152 0.1422950 0.2173164 0.2708216 0.1304146 0.3142073 0.1319344 0.2706559 0.1200971 0.1337373 0.1377218 0.3328370 0.2203993 0.3899230 0.2183503 0.1447663 0.0053784 0.1487829 0.2844216 0.3050332 0.2101916 0.1440385 0.1484205 0.1457665 0.1417582 0.1348835 0.1324538 0.1068930 0.3294981 0.0670422 0.1984969 0.1432261 0.3085154 0.1176824 0.1311426 0.1999546 
Perityle_crassifolia_70_ventanas           0.2483186 0.1915057 0.2519708 0.3887879 0.1692887 0.1587517 0.3061450 0.3544150 0.3022485 0.1104569 0.1722726 0.3078075 0.1749191 0.3144451 0.1921834 0.1776374 0.1737544 0.8066442 0.2633426 0.1696361 0.1704239 0.1737773 0.2327431 0.1723522 0.3201978 0.1779169 0.3483070 0.1724852 0.1695796 0.0000000 0.2096182 0.2505031 0.2651286 0.1127103 0.1785606 0.2564097 0.3142617 0.1672341 0.1655647 0.1812764 0.3447616 0.1815565 0.2262996 0.3222830 0.1936382 0.1715958 0.1636956 0.1722369 0.3364090 0.1954738 0.1773125 0.1857944 0.2814602 0.1754550 0.3252224 0.1770171 0.3102577 0.1483661 0.1740274 0.1665239 0.3083923 0.2033837 0.3503795 0.2564299 0.1791882 0.1672107 0.1755819 0.2404517 0.2537572 0.2398968 0.1738063 0.1724220 0.0040333 0.1729738 0.1748156 0.1819328 0.1448706 0.2350669 0.1750190 0.2070537 0.1772638 0.2851669 0.1700552 0.1622629 0.2740268 
Perityle_crassifolia_74_playa_balandra     0.2167005 0.0378182 0.2192530 0.1515810 0.1902210 0.0543525 0.1204310 0.2335188 0.1566086 0.1807748 0.1795767 0.1579142 0.2085046 0.1503502 0.1104031 0.1959544 0.1932098 0.7803740 0.0675878 0.1946529 0.1959039 0.2086209 0.0985426 0.1960076 0.1534243 0.2118343 0.1524970 0.2244952 0.2259548 0.2096182 0.0000000 0.1946092 0.0607002 0.1807748 0.1992856 0.2192530 0.2098947 0.1896483 0.1909936 0.1961258 0.1587754 0.2057240 0.2282525 0.1426034 0.2107630 0.2032035 0.1871847 0.2054582 0.1527091 0.2081161 0.2047605 0.2080766 0.2145209 0.2053403 0.1543999 0.1989983 0.1241520 0.1945628 0.2085819 0.1928520 0.0632997 0.0804186 0.0904060 0.1199031 0.2051282 0.2256641 0.2083436 0.2092485 0.2146067 0.1109550 0.2067865 0.2023550 0.2070490 0.2057500 0.2082922 0.2048375 0.1901211 0.1986842 0.2268856 0.1956164 0.2044075 0.2673777 0.1927470 0.1792042 0.1374160 
Perityle_cuneata_34_cuneata_San_antonio    0.2316531 0.1724454 0.3324993 0.3968781 0.2507691 0.1172936 0.3928214 0.3356684 0.3070726 0.2595825 0.2702849 0.3209707 0.2404056 0.2600265 0.1532717 0.2381574 0.2113181 0.8076926 0.2812023 0.2145145 0.2172988 0.2388295 0.1947096 0.2638229 0.2758849 0.2446643 0.3683729 0.2230195 0.2474783 0.2505031 0.1946092 0.0000000 0.3493396 0.1891465 0.2394312 0.2902109 0.3936503 0.2127920 0.2377238 0.2066309 0.3508879 0.2267786 0.2776713 0.2748330 0.2082373 0.2525830 0.2449668 0.2292720 0.3558931 0.2422633 0.2328846 0.2887137 0.4109440 0.2119471 0.2687756 0.2224855 0.2437064 0.1060206 0.2441275 0.2292430 0.3123228 0.1763354 0.3370879 0.1892135 0.2358474 0.2458714 0.2020510 0.3146768 0.3924944 0.1924748 0.2768779 0.2656414 0.2749166 0.2407548 0.2221418 0.2230642 0.0961097 0.3481986 0.2640377 0.3115632 0.2346173 0.3704074 0.2111170 0.2090925 0.3251912 
Perityle_cuneata_4                         0.2488644 0.0378512 0.2478532 0.3045463 0.2660307 0.0885914 0.2332655 0.3295538 0.2028627 0.3174928 0.3242234 0.2231914 0.2725923 0.1717124 0.1210668 0.2786077 0.2145972 0.4535569 0.1087438 0.2441561 0.2456915 0.2566313 0.1260634 0.2427616 0.1684945 0.2755609 0.2431025 0.3190353 0.3270959 0.2651286 0.0607002 0.3493396 0.0000000 0.2612226 0.3053110 0.2522413 0.3573652 0.2353298 0.2933086 0.2598109 0.2376205 0.2603627 0.3100352 0.1860138 0.2787812 0.3262682 0.2368870 0.2798464 0.2265225 0.3275474 0.2902181 0.3889133 0.4015566 0.2480862 0.1597459 0.2284775 0.1473907 0.1824422 0.2676130 0.2659224 0.1475533 0.0874150 0.1928114 0.1355595 0.2697653 0.2890225 0.3055818 0.3851848 0.3966732 0.1252175 0.2868355 0.2498047 0.2599170 0.3134904 0.2586810 0.2564628 0.1793281 0.4215470 0.4904218 0.3242835 0.2910436 0.4964819 0.2181355 0.2628295 0.1776445 
Perityle_discoidea_81                      0.2193425 0.1508906 0.2235547 0.3391196 0.1233791 0.1044157 0.2777699 0.3515835 0.2708857 0.0012220 0.1169127 0.3148626 0.1519418 0.2986175 0.1549196 0.1545677 0.1406317 0.6746067 0.2726190 0.1515435 0.1494027 0.1542908 0.1868825 0.1517029 0.3116047 0.1514131 0.3447472 0.1483748 0.1277174 0.1127103 0.1807748 0.1891465 0.2612226 0.0000000 0.1504561 0.2280731 0.2841942 0.1478907 0.1324576 0.1529532 0.3350904 0.1563344 0.1564456 0.3039055 0.1317848 0.1405245 0.1618127 0.1511662 0.3270912 0.1336438 0.1443635 0.1919403 0.3403558 0.1434393 0.3081254 0.1412338 0.2614797 0.1097271 0.1527402 0.1477224 0.3138110 0.1838293 0.3444992 0.1970298 0.1552040 0.1242202 0.1465157 0.2590900 0.2777197 0.1887388 0.1817793 0.1532399 0.1067172 0.1551864 0.1517190 0.1458582 0.1117883 0.2658816 0.1312274 0.2575904 0.1528603 0.2071802 0.1478402 0.1322238 0.2377742 
Perityle_dissecta_201                      0.1849583 0.1962075 0.1663910 0.3558749 0.1307946 0.1389860 0.3718436 0.3698690 0.2583586 0.1544204 0.2010356 0.3197919 0.0496282 0.2967565 0.1700910 0.0592877 0.0433846 0.2728632 0.2685119 0.0435252 0.0394462 0.0497857 0.2346841 0.0637341 0.3066962 0.0538505 0.2505762 0.0737511 0.1409213 0.1785606 0.1992856 0.2394312 0.3053110 0.1504561 0.0000000 0.1914068 0.3058482 0.0389732 0.1304591 0.0582226 0.2659980 0.0487612 0.1963029 0.3091726 0.1652645 0.1442374 0.0526760 0.0486553 0.2472743 0.1976420 0.0488046 0.1230922 0.2197901 0.0561315 0.3057740 0.1042661 0.2748705 0.0550107 0.0522351 0.0381685 0.3169899 0.2153674 0.3950742 0.2162474 0.0596121 0.1375572 0.0623364 0.2743282 0.2885377 0.2215751 0.0731852 0.0637683 0.1600473 0.0507870 0.0491573 0.0380114 0.0399591 0.3103176 0.1860796 0.1347497 0.0514155 0.3499284 0.0327331 0.0627720 0.1731296 
Perityle_emoryi_47_punta_san_jose          0.0974823 0.2015210 0.0091531 0.3873433 0.2009740 0.1329254 0.2341521 0.3296942 0.3476332 0.2205985 0.2237223 0.2986965 0.1973123 0.2827663 0.1715599 0.1969127 0.1893093 0.6775159 0.2896870 0.2019780 0.1939369 0.2004507 0.2275138 0.1744056 0.2827686 0.1967739 0.2923136 0.2120824 0.2228094 0.2564097 0.2192530 0.2902109 0.2522413 0.2280731 0.1914068 0.0000000 0.2404341 0.1898441 0.2176477 0.1995688 0.2276742 0.1999836 0.2478582 0.2773087 0.2478680 0.2038529 0.1935271 0.1647488 0.2748850 0.2480707 0.2056134 0.2443274 0.2682677 0.2157102 0.2848139 0.2422470 0.2696792 0.1952450 0.1984251 0.1538293 0.3339573 0.2234476 0.2304865 0.2332668 0.1726228 0.1937782 0.2179256 0.2353631 0.2262130 0.2338407 0.2007941 0.1706515 0.2571957 0.1947142 0.1952736 0.2096353 0.1927691 0.2265523 0.3921652 0.1948497 0.2062030 0.2478748 0.1914175 0.1970338 0.2474682 
Perityle_feddemae_99                       0.2237213 0.2050044 0.2249187 0.3879389 0.2728238 0.1320451 0.3625313 0.3692707 0.2912306 0.2924867 0.3065075 0.3526163 0.2938405 0.3910270 0.1869979 0.2896495 0.1874544 0.3860327 0.3740488 0.2489089 0.2841868 0.2776880 0.2247606 0.2676250 0.3962326 0.2961205 0.3316627 0.3038417 0.3056018 0.3142617 0.2098947 0.3936503 0.3573652 0.2841942 0.3058482 0.2404341 0.0000000 0.2637380 0.3169738 0.2763610 0.3621846 0.2926597 0.1828984 0.4175284 0.1414408 0.2968507 0.2637137 0.2847089 0.3537386 0.2018863 0.3030660 0.3502293 0.3355622 0.2719993 0.4124852 0.2301171 0.3268494 0.1180343 0.2904435 0.2788012 0.3802917 0.1962818 0.3950941 0.2169625 0.2779927 0.2812963 0.3036890 0.3300483 0.3403860 0.2175608 0.2849426 0.2678222 0.2905256 0.3055341 0.2907271 0.2885235 0.1260407 0.3566178 0.3890662 0.2708859 0.3056850 0.3425514 0.2332914 0.2828177 0.2281031 
Perityle_fosteri_93                        0.1916104 0.1763135 0.1694911 0.3539527 0.1346477 0.1179017 0.3059014 0.3304282 0.2494202 0.1357478 0.1599664 0.3015543 0.0366217 0.2862371 0.1517225 0.0586583 0.0297661 0.3462248 0.2505799 0.0362755 0.0214468 0.0364808 0.2235283 0.0321615 0.2963402 0.0376250 0.2501264 0.0629248 0.1274603 0.1672341 0.1896483 0.2127920 0.2353298 0.1478907 0.0389732 0.1898441 0.2637380 0.0000000 0.1116917 0.0583027 0.2421185 0.0347868 0.1661319 0.2960955 0.1628862 0.1108582 0.0389823 0.0353897 0.2452995 0.1632771 0.0399403 0.0772360 0.2382086 0.0475971 0.2921534 0.1049589 0.2648234 0.0474361 0.0353897 0.0355581 0.3038321 0.1988303 0.3433955 0.2032178 0.0545908 0.1245625 0.0498242 0.2669262 0.2601369 0.2058990 0.0499315 0.0321797 0.1553406 0.0377548 0.0372180 0.0375951 0.0273809 0.2623172 0.1278404 0.1400987 0.0503851 0.3026551 0.0343463 0.0533197 0.1737417 
Perityle_gamon_221                         0.2133149 0.1725717 0.1836968 0.3500175 0.1225612 0.1178532 0.3579516 0.3284713 0.2494341 0.1413813 0.1729686 0.3236934 0.1329158 0.3022476 0.1636303 0.1393899 0.1099701 0.2177018 0.2851704 0.1200130 0.1256417 0.1204088 0.2064732 0.1448864 0.3140222 0.1303968 0.2721419 0.1437189 0.1201151 0.1655647 0.1909936 0.2377238 0.2933086 0.1324576 0.1304591 0.2176477 0.3169738 0.1116917 0.0000000 0.1299946 0.2647118 0.1457768 0.1840573 0.3220764 0.1604883 0.0503202 0.1263382 0.1330537 0.2810100 0.1930276 0.1502948 0.2003005 0.2548325 0.1392239 0.3190781 0.1299538 0.2676745 0.0915175 0.1333239 0.1257879 0.3098741 0.1762869 0.3817919 0.1977694 0.1447121 0.1168293 0.1361939 0.2679325 0.2639258 0.2024670 0.1469876 0.1456459 0.1486801 0.1360957 0.1341333 0.1367787 0.0770393 0.3112737 0.1538879 0.1977817 0.1395086 0.3585289 0.1100291 0.1272511 0.1942226 
Perityle_gentryi_8_san_francisco           0.1890216 0.1811305 0.1858493 0.3708661 0.1425827 0.1181521 0.2916693 0.3210897 0.2738091 0.1521227 0.1703934 0.3166660 0.0542823 0.2993652 0.1607616 0.0161140 0.0555739 0.4061754 0.2623082 0.0544520 0.0517196 0.0564604 0.2316664 0.0718134 0.3095203 0.0563894 0.2733790 0.0686299 0.1441148 0.1812764 0.1961258 0.2066309 0.2598109 0.1529532 0.0582226 0.1995688 0.2763610 0.0583027 0.1299946 0.0000000 0.2739581 0.0649125 0.1764797 0.3068082 0.1704226 0.1344625 0.0732620 0.0551854 0.2722352 0.1660066 0.0636954 0.1204553 0.2648727 0.0680135 0.3044419 0.1189706 0.2542980 0.0549925 0.0586579 0.0486021 0.3010225 0.2054912 0.3392366 0.2040490 0.0695760 0.1410607 0.0668199 0.2642797 0.2902821 0.2074573 0.0974920 0.0718577 0.1710650 0.0554763 0.0542663 0.0624556 0.0385547 0.2813444 0.1415802 0.1572016 0.0605941 0.3008223 0.0474232 0.0632131 0.1987585 
Perityle_gilensis_22_Superstition          0.2389572 0.1372057 0.2031617 0.3376424 0.2733085 0.0641099 0.2653610 0.2850296 0.1977127 0.3086704 0.3165379 0.0754577 0.2246268 0.0263099 0.0179276 0.2399574 0.2439011 0.2691778 0.1998983 0.2634599 0.2517392 0.2391674 0.0729857 0.1657463 0.0239841 0.2411485 0.0726039 0.2545840 0.2883044 0.3447616 0.1587754 0.3508879 0.2376205 0.3350904 0.2659980 0.2276742 0.3621846 0.2421185 0.2647118 0.2739581 0.0000000 0.2570789 0.3017164 0.0212103 0.3199311 0.2884394 0.2508424 0.2422661 0.0538636 0.3313131 0.2463674 0.3303406 0.3485930 0.2392848 0.0280940 0.2208812 0.0700501 0.2203453 0.2323301 0.2161264 0.2174173 0.1370222 0.2618105 0.0283638 0.2168665 0.2607243 0.2904089 0.4208775 0.3475039 0.0126682 0.2509715 0.1722621 0.3034856 0.2458851 0.2629683 0.2438199 0.2286205 0.4456193 0.4049144 0.2615962 0.2781274 0.4530530 0.2432850 0.2301829 0.0924030 
Perityle_gilensis_salensis_225             0.2033800 0.1845991 0.1775685 0.3618386 0.1379451 0.1183039 0.3240301 0.3369824 0.2570602 0.1573370 0.1744995 0.3292810 0.0401039 0.3002885 0.1634246 0.0636433 0.0409482 0.3594246 0.2693281 0.0448067 0.0371738 0.0404003 0.2300410 0.0516968 0.3081790 0.0431779 0.2693072 0.0664124 0.1436351 0.1815565 0.2057240 0.2267786 0.2603627 0.1563344 0.0487612 0.1999836 0.2926597 0.0347868 0.1457768 0.0649125 0.2570789 0.0000000 0.1821514 0.3126670 0.1629197 0.1392245 0.0498207 0.0410146 0.2651427 0.1778400 0.0540486 0.0972820 0.2455138 0.0553722 0.3048939 0.1103493 0.2649707 0.0518780 0.0432951 0.0401889 0.3141320 0.2110596 0.3742217 0.2035871 0.0580875 0.1407372 0.0592875 0.2660282 0.2946283 0.2066294 0.0778229 0.0517260 0.1703308 0.0422389 0.0425434 0.0379114 0.0194358 0.2954231 0.1484619 0.1447864 0.0533869 0.2985717 0.0374686 0.0673444 0.1898469 
Perityle_glaucescens_94                    0.2341889 0.2168765 0.2223650 0.3740167 0.1551381 0.1315931 0.3692976 0.3319719 0.2597449 0.1726917 0.2017501 0.3672034 0.1853632 0.3462857 0.2024889 0.1949925 0.1575742 0.2796145 0.3161705 0.1637547 0.1700509 0.1670323 0.2177298 0.1778773 0.3557155 0.1808748 0.3026307 0.1955874 0.1759089 0.2262996 0.2282525 0.2776713 0.3100352 0.1564456 0.1963029 0.2478582 0.1828984 0.1661319 0.1840573 0.1764797 0.3017164 0.1821514 0.0000000 0.3451916 0.0470846 0.1794460 0.1702432 0.2007110 0.2961437 0.0557670 0.1929364 0.2553125 0.3139738 0.1644675 0.3444854 0.1473107 0.3028982 0.1339464 0.1800987 0.1877825 0.3479531 0.2015496 0.3827623 0.2430324 0.1854873 0.1666275 0.1952854 0.2982300 0.3014395 0.2398836 0.1998846 0.1779793 0.1945647 0.2070898 0.1763290 0.1761929 0.1289059 0.3336516 0.2522465 0.2401419 0.1890418 0.3992589 0.1494488 0.1659610 0.2080943 
Perityle_gracilis_11                       0.2958462 0.1223788 0.2773087 0.3229021 0.3162964 0.0459165 0.1794765 0.2738688 0.1899150 0.3048752 0.3353605 0.0726959 0.3071272 0.0212940 0.0029643 0.3051306 0.2875711 0.8913771 0.1899152 0.3077542 0.3024272 0.3058047 0.0560118 0.3175089 0.0159493 0.3039535 0.0384720 0.3112620 0.3130007 0.3222830 0.1426034 0.2748330 0.1860138 0.3039055 0.3091726 0.2773087 0.4175284 0.2960955 0.3220764 0.3068082 0.0212103 0.3126670 0.3451916 0.0000000 0.3157334 0.3252716 0.3098114 0.3012672 0.0227140 0.3184080 0.3098808 0.3781279 0.4372146 0.3096832 0.0268467 0.2715328 0.0643668 0.2141705 0.3095330 0.2967516 0.2009726 0.1216246 0.2858808 0.0172861 0.3133160 0.3111754 0.3032749 0.4170722 0.4326436 0.0000010 0.3603306 0.3221570 0.3307666 0.3034659 0.3026296 0.3003082 0.2198789 0.4310310 0.3088972 0.3846399 0.3161626 0.2823052 0.2930663 0.2862092 0.0762113 
