83
Amauria_brandeegeana_62                    0.0000000 0.0652317 0.3497483 0.6252007 0.0951151 0.0650159 0.6585967 0.1280321 0.3489362 0.2059604 0.3077847 0.1121556 0.0986331 0.1077092 0.2472430 0.1146181 0.1047539 0.2515541 0.1124431 0.1167705 0.1146479 0.1082067 0.0739668 0.1117676 0.1012398 0.0980478 0.1067923 0.2056993 0.1895116 0.1846199 0.1199165 0.1513924 0.1121285 0.1820982 0.1240523 0.1081763 0.1112022 0.1130373 0.1113863 0.2516319 0.1059515 0.1130876 0.2214898 0.1047365 0.1178643 0.1182586 0.1075540 0.1089094 0.1069889 0.1214548 0.1084260 0.1094530 0.1056832 0.1189786 0.1123381 0.0936189 0.0911352 0.1094557 0.1082516 0.1884497 0.1895941 0.1121847 0.1099118 0.2025174 0.1165280 0.1866892 0.1070964 0.1100269 0.1105577 0.1813850 0.1228785 0.1078576 0.0968659 0.1080576 0.1830899 0.2249527 0.1128894 0.1109745 0.0964845 0.1107421 0.1150144 0.1010061 0.0915879 
Amauria_carterae_99_mesa                   0.0652317 0.0000000 0.0900627 0.4820026 0.0429198 0.0431403 0.4757657 0.1068553 0.2122617 0.0852924 0.1968259 0.0937521 0.0893742 0.0789872 0.0990100 0.0943033 0.0766851 0.0867210 0.0924037 0.0892554 0.0894882 0.0893921 0.0669878 0.0934279 0.0816507 0.0864235 0.0891401 0.0873011 0.0608762 0.0853501 0.1075675 0.0813306 0.0673217 0.0852924 0.0982271 0.0895421 0.0734339 0.0872860 0.0875100 0.0968083 0.0831927 0.0891673 0.0963085 0.0893921 0.0799427 0.0897041 0.0894801 0.0827890 0.0872089 0.0777498 0.0807630 0.0807854 0.0872156 0.0937327 0.0912838 0.0818238 0.0908257 0.0893011 0.0893921 0.0649865 0.0782209 0.0951145 0.0834195 0.0670942 0.0957402 0.0629105 0.1022670 0.0894849 0.0912592 0.0853501 0.0981063 0.0807121 0.0767689 0.0972011 0.0530298 0.0654151 0.0849214 0.0856682 0.0652754 0.0916515 0.1131842 0.0831716 0.0805822 
Amauria_rotundifolia_SRR9119150            0.3497483 0.0900627 0.0000000 0.6922357 0.3521164 0.0884105 0.7453354 0.2047221 0.4007746 0.3684294 0.3269054 0.4090185 0.2989265 0.3594967 0.4011557 0.4043525 0.4028854 0.3934288 0.2157575 0.3781300 0.3985316 0.3947926 0.0920944 0.4026486 0.4140387 0.1661311 0.3975277 0.4642730 0.4234553 0.3694361 0.1868236 0.2492808 0.3865095 0.3224507 0.4097260 0.2741184 0.2179080 0.3868545 0.3812780 0.3620035 0.3888291 0.3990367 0.3199453 0.3747383 0.3742299 0.4110395 0.3390634 0.3921838 0.3893322 0.3936396 0.3662176 0.3968947 0.3867094 0.4028991 0.3303102 0.1774455 0.2274989 0.4051454 0.4019061 0.4264664 0.4049069 0.1319001 0.4022035 0.4092369 0.2521454 0.3851972 0.2449050 0.3936548 0.4008395 0.3918653 0.4128755 0.3213114 0.3677791 0.3006353 0.3756250 0.4338215 0.3998067 0.3922728 0.1613622 0.3967903 0.5944618 0.1662504 0.3494150 
Conoclinium_coelestinum_SRR9119114         0.6252007 0.4820026 0.6922357 0.0000000 0.6416212 0.3866704 0.3882286 0.4528332 0.6117857 0.5538851 0.6986629 0.6196624 0.6040868 0.5873262 0.6472500 0.6261110 0.6141059 0.7245479 0.5864246 0.6064650 0.6296534 0.6282276 0.3134529 0.6257209 0.5197728 0.3939527 0.6088964 0.6426112 0.7061029 0.6282446 0.3155517 0.5668270 0.6248640 0.5031480 0.6455323 0.5618123 0.5502964 0.6056360 0.6268700 0.7227350 0.6113159 0.6240180 0.6522586 0.6234373 0.6430353 0.6398866 0.6011776 0.6065207 0.6218299 0.6467611 0.6091988 0.6167831 0.6240747 0.6105962 0.6177223 0.4333374 0.5249577 0.6190677 0.6251165 0.7042327 0.7263920 0.3840931 0.6142220 0.7253549 0.5621373 0.6921344 0.4218554 0.6252489 0.6257209 0.6282446 0.6311665 0.6004595 0.6089391 0.4393375 0.6791058 0.7039443 0.6233472 0.6224514 0.4377731 0.6286067 0.5693713 0.4315459 0.5089498 
Eutetras_palmeri_63                        0.0951151 0.0429198 0.3521164 0.6416212 0.0000000 0.0541368 0.6683124 0.1146631 0.3395905 0.1992077 0.3612758 0.1001404 0.0913055 0.0896260 0.2410459 0.0960716 0.1250819 0.2537054 0.0735663 0.0934728 0.0968948 0.0903385 0.0777574 0.0910425 0.0899543 0.0806389 0.0964054 0.2292240 0.2393787 0.2037844 0.0910992 0.1178730 0.1200792 0.1700229 0.1031523 0.0879616 0.0694934 0.0906099 0.0785074 0.2257977 0.0854826 0.0947585 0.1949585 0.0869298 0.0696432 0.0782887 0.0873684 0.0925082 0.0873287 0.0816309 0.0861448 0.0912253 0.0930988 0.0991798 0.0927258 0.0696832 0.0672514 0.0943950 0.0911985 0.2399874 0.2121352 0.0875534 0.0886906 0.2251308 0.0862598 0.1985301 0.0905455 0.0905948 0.0888972 0.2090339 0.1011820 0.0909866 0.0831232 0.0919443 0.2203909 0.2417889 0.0947777 0.0885238 0.0544884 0.0914676 0.1063391 0.0723466 0.0631714 
Eutetras_pringlei_149_quer                 0.0650159 0.0431403 0.0884105 0.3866704 0.0541368 0.0000000 0.3832904 0.0972681 0.0979990 0.0852142 0.0591473 0.1253721 0.0813879 0.1057383 0.0850578 0.1102759 0.1096691 0.1029549 0.0621458 0.1168712 0.1058772 0.1171736 0.0850121 0.1206734 0.1235847 0.0901847 0.1129240 0.1150252 0.0984942 0.1024323 0.0843236 0.0658231 0.0986167 0.0666952 0.1443736 0.0697071 0.0583538 0.1093556 0.0822716 0.0820824 0.1093583 0.1129760 0.0584355 0.1171736 0.0871283 0.0822657 0.0815253 0.1132975 0.1171736 0.0871283 0.1019039 0.1094736 0.1055516 0.1174806 0.0850578 0.0779081 0.0697578 0.1171736 0.1210950 0.0947791 0.1114304 0.0903529 0.1131705 0.0984553 0.0773851 0.1175306 0.1022751 0.1094746 0.1168087 0.1024323 0.1168951 0.0776477 0.1056079 0.0833377 0.1149155 0.0910817 0.1093506 0.1168553 0.0575304 0.1211772 0.1261760 0.0565412 0.0882123 
Eutrochium_fistulosum_SRR9119106           0.6585967 0.4757657 0.7453354 0.3882286 0.6683124 0.3832904 0.0000000 0.4620333 0.6726255 0.6117098 0.6941611 0.6734902 0.6519154 0.6497387 0.6397794 0.6743666 0.6491918 0.7664156 0.6197721 0.6642495 0.6827151 0.6879085 0.2954770 0.6669461 0.5615094 0.3839279 0.6612618 0.6849451 0.7435982 0.7116733 0.3160522 0.5927044 0.6844249 0.5443690 0.6913713 0.5768081 0.5883968 0.6719143 0.7032973 0.7340429 0.6606320 0.6743672 0.6696572 0.6759583 0.6929616 0.7142625 0.6597834 0.6657612 0.6825769 0.7006994 0.6482811 0.6582227 0.6680061 0.6724353 0.6428037 0.4241134 0.5285485 0.6869349 0.6875306 0.7512185 0.7661084 0.3903700 0.6586712 0.7618816 0.5746725 0.7139148 0.4201783 0.6698372 0.6636435 0.7116733 0.6731676 0.6456782 0.6570489 0.4426831 0.7273466 0.7638688 0.6674304 0.6708007 0.4214189 0.6951021 0.6454811 0.4488658 0.5610396 
Galeana_pratensis_104_mex                  0.1280321 0.1068553 0.2047221 0.4528332 0.1146631 0.0972681 0.4620333 0.0000000 0.2894021 0.1376832 0.2803239 0.1196381 0.1124867 0.1081671 0.1266313 0.1227297 0.1106761 0.1532616 0.1618205 0.1175961 0.1148967 0.1125178 0.1075036 0.1145904 0.1116452 0.1162644 0.1168970 0.1103398 0.1234940 0.1298483 0.1397828 0.1571999 0.1313295 0.1376832 0.1270680 0.1151973 0.1425267 0.1057573 0.1349932 0.1694185 0.1126319 0.1145855 0.2171702 0.1148960 0.1499528 0.1377772 0.1078461 0.1124378 0.1125178 0.1524581 0.1056312 0.1078755 0.1054650 0.1209495 0.1168718 0.1045975 0.1032676 0.1123499 0.1148960 0.1354106 0.1415975 0.1234972 0.1084670 0.1260456 0.1169398 0.1256004 0.1269801 0.1175827 0.1122460 0.1298483 0.1268966 0.1124378 0.1080679 0.1205098 0.1097387 0.1286745 0.1123581 0.1085492 0.1400119 0.1173798 0.1174006 0.1696784 0.1689331 
Helianthus_annuus_SRR9119062               0.3489362 0.2122617 0.4007746 0.6117857 0.3395905 0.0979990 0.6726255 0.2894021 0.0000000 0.3789030 0.4075859 0.3416615 0.3288469 0.2984606 0.3955876 0.3547503 0.3485531 0.3870606 0.3388071 0.3499640 0.3625610 0.3525553 0.1340504 0.3526244 0.4165137 0.2867457 0.3433288 0.3682630 0.3983809 0.3324637 0.2930324 0.3069011 0.3383042 0.3354414 0.3723548 0.3166202 0.3146868 0.3445974 0.3629303 0.3656708 0.3487775 0.3519226 0.3692144 0.3510411 0.3603594 0.3722322 0.3411914 0.3550498 0.3490316 0.3691275 0.3354272 0.3436761 0.3452099 0.3512357 0.3271121 0.2794169 0.3078305 0.3529250 0.3550911 0.3944120 0.3948826 0.2443876 0.3374896 0.3938865 0.2906684 0.3822251 0.3452113 0.3492468 0.3502804 0.3324637 0.3558446 0.3442370 0.3360273 0.4049024 0.3752318 0.3908620 0.3481441 0.3450401 0.3203498 0.3528122 0.6053158 0.3179688 0.3964205 
Lycapsus_tenuifolius_17                    0.2059604 0.0852924 0.3684294 0.5538851 0.1992077 0.0852142 0.6117098 0.1376832 0.3789030 0.0000000 0.4584083 0.1741838 0.1297994 0.1632702 0.2085465 0.1730936 0.1622168 0.3052379 0.1569547 0.1730162 0.1743222 0.1763266 0.0711090 0.1758289 0.1669163 0.0621930 0.1780561 0.1770701 0.2577840 0.0015932 0.0076978 0.1478831 0.2084666 0.0017421 0.1892757 0.0887274 0.1300072 0.1762777 0.2188496 0.2606597 0.1725236 0.1758466 0.2794590 0.1744873 0.2251431 0.2148080 0.1576485 0.1757562 0.1720977 0.2225940 0.1659834 0.1680274 0.1740880 0.1694611 0.1631635 0.0598307 0.0883300 0.1742489 0.1742087 0.2597581 0.2565203 0.0673401 0.1687840 0.2659126 0.0888047 0.2604936 0.0924832 0.1788392 0.1737510 0.0015932 0.1827361 0.1744363 0.1702022 0.1085437 0.2454886 0.2722398 0.1718869 0.1710083 0.1067130 0.1763507 0.2175479 0.1166396 0.1520906 
Pericome_caudata_50_silver                 0.3077847 0.1968259 0.3269054 0.6986629 0.3612758 0.0591473 0.6941611 0.2803239 0.4075859 0.4584083 0.0000000 0.3646668 0.2675164 0.3360620 0.4315054 0.3594272 0.3899168 0.3887371 0.2508375 0.3719504 0.3583080 0.3324662 0.0778148 0.3635508 0.4813127 0.2817492 0.3605903 0.4683080 0.3794210 0.3694794 0.3084006 0.2172257 0.3693092 0.4155718 0.3660314 0.2170430 0.2261406 0.3315621 0.3599541 0.3199912 0.3459043 0.3422055 0.2844341 0.3274632 0.3322065 0.3884293 0.2814593 0.3661727 0.3249166 0.3672169 0.3330173 0.3608419 0.3892470 0.3760763 0.3152237 0.2678161 0.2659136 0.3643114 0.3584369 0.4051363 0.3768082 0.2251617 0.3592134 0.4222277 0.2049722 0.3583970 0.3314851 0.3820448 0.3620599 0.3524934 0.3703794 0.3248152 0.3666549 0.3719206 0.4228555 0.4480701 0.3657555 0.3354111 0.2580923 0.3410774 0.6965526 0.2714047 0.4535663 
Perityle_aglossa_84_dead_horse             0.1121556 0.0937521 0.4090185 0.6196624 0.1001404 0.1253721 0.6734902 0.1196381 0.3416615 0.1741838 0.3646668 0.0000000 0.0284295 0.0379450 0.1713698 0.0479624 0.0722222 0.2537287 0.1209248 0.0357162 0.0327994 0.0358168 0.0360295 0.0335135 0.0304068 0.0231459 0.0484854 0.2487082 0.2750420 0.1776516 0.0758804 0.1409106 0.1065411 0.1439734 0.0405117 0.0466532 0.1160142 0.0365462 0.1154082 0.1727830 0.0289855 0.0373174 0.2264517 0.0348211 0.1150208 0.1597206 0.0318362 0.0390653 0.0345123 0.1324184 0.0367614 0.0307297 0.0325055 0.0505444 0.0197622 0.0304556 0.0290152 0.0376728 0.0333424 0.2868341 0.2487662 0.0404864 0.0308910 0.2704172 0.0477690 0.2406745 0.0375785 0.0354388 0.0317659 0.1715519 0.0396505 0.0353846 0.0308322 0.0275846 0.2535947 0.3669959 0.0317318 0.0320494 0.1102706 0.0354304 0.0444024 0.1381911 0.1151016 
Perityle_ajoensis_204                      0.0986331 0.0893742 0.2989265 0.6040868 0.0913055 0.0813879 0.6519154 0.1124867 0.3288469 0.1297994 0.2675164 0.0284295 0.0000000 0.0290584 0.1354137 0.0438858 0.0259176 0.2094836 0.1223468 0.0353442 0.0271643 0.0346643 0.0359034 0.0295406 0.0301371 0.0184067 0.0302478 0.0582279 0.1564235 0.1012787 0.0757801 0.1293483 0.0781269 0.1101020 0.0411132 0.0288197 0.1016550 0.0321651 0.1039738 0.1488921 0.0258973 0.0308255 0.2104239 0.0321263 0.1076045 0.1054978 0.0276435 0.0275702 0.0308585 0.1132700 0.0308721 0.0109756 0.0250635 0.0379128 0.0255960 0.0283643 0.0272592 0.0346506 0.0333909 0.1525075 0.1675625 0.0326644 0.0234748 0.1593680 0.0361572 0.1517251 0.0420491 0.0335005 0.0282846 0.1027298 0.0146980 0.0302600 0.0231994 0.0210874 0.1414162 0.1694363 0.0184478 0.0272160 0.1100757 0.0359324 0.0308317 0.1352403 0.1141321 
Perityle_ambrosiifolia_67_green            0.1077092 0.0789872 0.3594967 0.5873262 0.0896260 0.1057383 0.6497387 0.1081671 0.2984606 0.1632702 0.3360620 0.0379450 0.0290584 0.0000000 0.1869100 0.0423761 0.0705368 0.2446753 0.1262010 0.0305075 0.0323855 0.0263675 0.0258859 0.0285558 0.0186784 0.0241834 0.0412275 0.2264985 0.2810530 0.1625829 0.0715737 0.1198720 0.1019293 0.1314626 0.0365637 0.0404691 0.1094629 0.0281834 0.1134333 0.1367553 0.0204729 0.0292508 0.1936709 0.0235946 0.1138197 0.1162793 0.0205483 0.0220337 0.0247339 0.1430581 0.0264297 0.0303663 0.0310436 0.0438038 0.0247758 0.0305370 0.0280880 0.0303438 0.0265101 0.2853882 0.2439640 0.0353734 0.0238073 0.2740429 0.0415757 0.2337848 0.0373070 0.0274883 0.0266250 0.1602062 0.0381578 0.0219941 0.0138781 0.0262182 0.2594378 0.3122422 0.0294841 0.0220894 0.0924566 0.0270608 0.0519624 0.1151408 0.1069683 
Perityle_angustifolia_13_Eagle_creek       0.2472430 0.0990100 0.4011557 0.6472500 0.2410459 0.0850578 0.6397794 0.1266313 0.3955876 0.2085465 0.4315054 0.1713698 0.1354137 0.1869100 0.0000000 0.1910319 0.1844476 0.2993916 0.1641119 0.1775970 0.1766787 0.1909564 0.0358429 0.1832918 0.1953640 0.0301401 0.1910262 0.1808862 0.2720997 0.1906284 0.0868065 0.1408348 0.2235124 0.1846941 0.1938695 0.0639951 0.1315364 0.1875503 0.2464261 0.2656762 0.1787506 0.1800077 0.2960598 0.1857125 0.2672367 0.2493854 0.1685234 0.1853048 0.1854106 0.2675480 0.1817812 0.1676539 0.1783084 0.1741225 0.1585072 0.0366007 0.0656103 0.1909104 0.1890696 0.2860717 0.2941800 0.0403235 0.1771995 0.2876189 0.0543106 0.2838834 0.0558107 0.1860496 0.1814585 0.1906284 0.1897123 0.1835304 0.1765773 0.0846846 0.2764229 0.2940608 0.1711814 0.1791679 0.1148776 0.1930567 0.2908288 0.1376116 0.2024855 
Perityle_batopilensis_97                   0.1146181 0.0943033 0.4043525 0.6261110 0.0960716 0.1102759 0.6743666 0.1227297 0.3547503 0.1730936 0.3594272 0.0479624 0.0438858 0.0423761 0.1910319 0.0000000 0.0781870 0.2592895 0.1193952 0.0429719 0.0465058 0.0441628 0.0295522 0.0423362 0.0366632 0.0376821 0.0487138 0.2139039 0.2744533 0.1773949 0.0734603 0.1466957 0.1068878 0.1467337 0.0521332 0.0459202 0.1156679 0.0468230 0.1200125 0.1445466 0.0386684 0.0456427 0.2288092 0.0415155 0.1179762 0.1356116 0.0397663 0.0484224 0.0428904 0.1339155 0.0444209 0.0430849 0.0420620 0.0518695 0.0449868 0.0305963 0.0309046 0.0447009 0.0430316 0.2827324 0.2470702 0.0251868 0.0424622 0.2701642 0.0477723 0.2382363 0.0447605 0.0447370 0.0404557 0.1728364 0.0545294 0.0507628 0.0412073 0.0387678 0.2563238 0.3276736 0.0441546 0.0411627 0.1159649 0.0436526 0.0610052 0.1363019 0.1140917 
Perityle_bisetosa_9                        0.1047539 0.0766851 0.4028854 0.6141059 0.1250819 0.1096691 0.6491918 0.1106761 0.3485531 0.1622168 0.3899168 0.0722222 0.0259176 0.0705368 0.1844476 0.0781870 0.0000000 0.2438701 0.1175306 0.1281885 0.0419204 0.0374555 0.0095902 0.1804409 0.0216584 0.0231725 0.1259148 0.3721768 0.2818217 0.1604447 0.0731607 0.1284297 0.1742704 0.1375771 0.1041895 0.0394168 0.1091724 0.0374417 0.1094252 0.1618142 0.0653872 0.0432411 0.2054479 0.0213155 0.1172190 0.2895096 0.0234363 0.0834158 0.0269902 0.2537679 0.0228757 0.1000496 0.0579665 0.1015836 0.0232639 0.0243024 0.0256152 0.0804262 0.1138037 0.3080502 0.2396847 0.0276710 0.1751935 0.2614015 0.0368394 0.2255165 0.0286339 0.0952284 0.1555539 0.1573464 0.1112690 0.0304310 0.0174901 0.0298376 0.2459638 0.4037198 0.1346958 0.0397930 0.0958085 0.0449861 0.0860026 0.1189933 0.1245818 
Perityle_californica_76_positas            0.2515541 0.0867210 0.3934288 0.7245479 0.2537054 0.1029549 0.7664156 0.1532616 0.3870606 0.3052379 0.3887371 0.2537287 0.2094836 0.2446753 0.2993916 0.2592895 0.2438701 0.0000000 0.1740022 0.2587664 0.2536657 0.2561230 0.0919070 0.2496536 0.3172478 0.1071272 0.2564697 0.2563275 0.2728364 0.2519852 0.1253744 0.0757203 0.2587546 0.2516695 0.2688313 0.1471527 0.1412211 0.2584148 0.2516793 0.2875430 0.2503206 0.2515543 0.2423984 0.2532784 0.2720807 0.2565925 0.2275707 0.2516930 0.2544902 0.2772449 0.2467780 0.2485090 0.2498601 0.2575300 0.2518600 0.1025425 0.1459668 0.2547471 0.2546690 0.2778028 0.2932755 0.1134984 0.2450212 0.2812539 0.1300707 0.2703370 0.1420730 0.2510423 0.2496030 0.2519852 0.2684454 0.2331898 0.2323105 0.1933133 0.2519982 0.2901681 0.2483737 0.2526946 0.1069630 0.2582100 0.3984907 0.1364598 0.2250844 
Perityle_canescens_77                      0.1124431 0.0924037 0.2157575 0.5864246 0.0735663 0.0621458 0.6197721 0.1618205 0.3388071 0.1569547 0.2508375 0.1209248 0.1223468 0.1262010 0.1641119 0.1193952 0.1175306 0.1740022 0.0000000 0.1244598 0.1259201 0.1224223 0.1037771 0.1186698 0.1286555 0.1275280 0.1240293 0.1170632 0.0819583 0.1460834 0.1385171 0.1422037 0.1281731 0.1571355 0.1344925 0.1121141 0.0424554 0.1207308 0.0893650 0.1994570 0.1225654 0.1187399 0.1217229 0.1189408 0.0411188 0.0898319 0.1193023 0.1195494 0.1171948 0.0426284 0.1104569 0.1187653 0.1205504 0.1283951 0.1187585 0.1098421 0.1045500 0.1189486 0.1189408 0.0860217 0.0978754 0.1148795 0.1161502 0.0840521 0.1177187 0.1004509 0.1302661 0.1227633 0.1169486 0.1460834 0.1328751 0.1195088 0.1190301 0.1321232 0.0844512 0.0780062 0.1222642 0.1227689 0.1006257 0.1190331 0.1452113 0.1053856 0.0914135 
Perityle_castillonii_96                    0.1167705 0.0892554 0.3781300 0.6064650 0.0934728 0.1168712 0.6642495 0.1175961 0.3499640 0.1730162 0.3719504 0.0357162 0.0353442 0.0305075 0.1775970 0.0429719 0.1281885 0.2587664 0.1244598 0.0000000 0.0373823 0.0322062 0.0225792 0.0245111 0.0279507 0.0326421 0.0475515 0.2147377 0.3039393 0.1631728 0.0811932 0.1348318 0.1495747 0.1486014 0.0327970 0.0395209 0.1140641 0.0308745 0.1147245 0.1746521 0.0220471 0.0255302 0.2332331 0.0301957 0.1134974 0.1316807 0.0267192 0.0374686 0.0306290 0.1862662 0.0309950 0.0330168 0.0364545 0.0470583 0.0304787 0.0325778 0.0343076 0.0336038 0.0380565 0.3134865 0.2464197 0.0351451 0.0274023 0.2671558 0.0416694 0.2318874 0.0375933 0.0341923 0.0227390 0.1653679 0.0443048 0.0405509 0.0281640 0.0385106 0.2482061 0.3283869 0.0362448 0.0256591 0.1103647 0.0318037 0.0518033 0.1349106 0.1138544 
Perityle_cernua_84                         0.1146479 0.0894882 0.3985316 0.6296534 0.0968948 0.1058772 0.6827151 0.1148967 0.3625610 0.1743222 0.3583080 0.0327994 0.0271643 0.0323855 0.1766787 0.0465058 0.0419204 0.2536657 0.1259201 0.0373823 0.0000000 0.0338617 0.0226791 0.0348252 0.0274855 0.0207748 0.0430441 0.1706318 0.2641334 0.1745126 0.0757375 0.1411988 0.0850189 0.1416601 0.0433422 0.0378890 0.1173253 0.0367337 0.1198496 0.1785429 0.0278392 0.0369201 0.2356706 0.0309387 0.1180075 0.1219953 0.0290855 0.0300840 0.0313387 0.1247258 0.0345651 0.0276543 0.0304948 0.0483129 0.0220623 0.0304592 0.0307430 0.0357131 0.0326736 0.2669238 0.2525102 0.0351768 0.0298860 0.2723401 0.0458984 0.2343273 0.0352761 0.0350054 0.0328003 0.1742590 0.0388378 0.0304274 0.0308675 0.0253990 0.2537819 0.2824750 0.0287606 0.0288499 0.1076794 0.0337109 0.0431111 0.1270858 0.1081015 
Perityle_cfvillosa_25_tin                  0.1082067 0.0893921 0.3947926 0.6282276 0.0903385 0.1171736 0.6879085 0.1125178 0.3525553 0.1763266 0.3324662 0.0358168 0.0346643 0.0263675 0.1909564 0.0441628 0.0374555 0.2561230 0.1224223 0.0322062 0.0338617 0.0000000 0.0325694 0.0260008 0.0245277 0.0348768 0.0401692 0.2478940 0.2415511 0.1702871 0.0757359 0.1355665 0.0777300 0.1461062 0.0375199 0.0476895 0.1098010 0.0301688 0.1115253 0.1704373 0.0198169 0.0298054 0.2138210 0.0040038 0.1103641 0.1641974 0.0239001 0.0351476 0.0034485 0.1157240 0.0239009 0.0320116 0.0305914 0.0457464 0.0279403 0.0324765 0.0324389 0.0075404 0.0051028 0.2547169 0.2461420 0.0403832 0.0234282 0.2685177 0.0434638 0.2277489 0.0352734 0.0279846 0.0242452 0.1607726 0.0386051 0.0378339 0.0274541 0.0383953 0.2450225 0.3409474 0.0312782 0.0236936 0.1101502 0.0085296 0.0496812 0.1268050 0.1067806 
Perityle_cinerea_113_Powell1310            0.0739668 0.0669878 0.0920944 0.3134529 0.0777574 0.0850121 0.2954770 0.1075036 0.1340504 0.0711090 0.0778148 0.0360295 0.0359034 0.0258859 0.0358429 0.0295522 0.0095902 0.0919070 0.1037771 0.0225792 0.0226791 0.0325694 0.0000000 0.0291306 0.0135951 0.0306438 0.0325782 0.0361407 0.0920554 0.0711090 0.0986246 0.0954599 0.0637193 0.0711090 0.0493967 0.0361250 0.1036739 0.0160564 0.0991176 0.0329119 0.0160725 0.0258333 0.1002289 0.0359254 0.1002289 0.1030249 0.0193225 0.0292382 0.0325694 0.1002289 0.0226417 0.0226633 0.0193622 0.0326154 0.0325098 0.0395885 0.0326937 0.0325694 0.0359254 0.0959442 0.1241926 0.0342675 0.0193835 0.1031648 0.0359186 0.0740319 0.0242165 0.0193179 0.0258333 0.0711090 0.0460368 0.0325614 0.0129001 0.0383961 0.0712101 0.1038264 0.0226404 0.0227039 0.0958659 0.0393446 0.0431916 0.1127750 0.1127750 
Perityle_coahuilensis_24                   0.1117676 0.0934279 0.4026486 0.6257209 0.0910425 0.1206734 0.6669461 0.1145904 0.3526244 0.1758289 0.3635508 0.0335135 0.0295406 0.0285558 0.1832918 0.0423362 0.1804409 0.2496536 0.1186698 0.0245111 0.0348252 0.0260008 0.0291306 0.0000000 0.0244500 0.0324349 0.0416279 0.3423729 0.2796838 0.1723472 0.0839860 0.1443707 0.1412969 0.1477897 0.0282146 0.0443096 0.1067465 0.0291319 0.1062116 0.1662176 0.0197880 0.0092899 0.2206273 0.0244784 0.1148238 0.1786102 0.0225612 0.0337819 0.0252282 0.2112163 0.0259402 0.0291448 0.0324038 0.0449946 0.0231805 0.0303371 0.0289311 0.0285672 0.0305172 0.3106710 0.2404198 0.0376764 0.0220475 0.2608021 0.0410296 0.2327279 0.0373667 0.0283837 0.0012983 0.1639440 0.0379064 0.0340286 0.0229311 0.0339552 0.2481821 0.4000154 0.0309491 0.0244293 0.1073688 0.0243391 0.0464256 0.1293904 0.1111506 
Perityle_cochisensis_44_cave_creek         0.1012398 0.0816507 0.4140387 0.5197728 0.0899543 0.1235847 0.5615094 0.1116452 0.4165137 0.1669163 0.4813127 0.0304068 0.0301371 0.0186784 0.1953640 0.0366632 0.0216584 0.3172478 0.1286555 0.0279507 0.0274855 0.0245277 0.0135951 0.0244500 0.0000000 0.0209320 0.0333839 0.1644157 0.2971669 0.2158891 0.0671283 0.1490542 0.0813522 0.1394225 0.0414386 0.0289508 0.1031275 0.0259755 0.1107026 0.2237215 0.0172489 0.0274388 0.3080076 0.0234578 0.1180923 0.1125175 0.0227114 0.0289206 0.0230402 0.1249391 0.0187500 0.0215919 0.0260256 0.0355567 0.0257025 0.0248136 0.0266899 0.0245187 0.0230568 0.3007245 0.3171542 0.0226412 0.0144593 0.3039820 0.0346890 0.2897560 0.0262302 0.0262216 0.0215403 0.2158891 0.0364207 0.0384706 0.0201589 0.0253684 0.2969855 0.3332884 0.0259940 0.0159333 0.0988491 0.0245654 0.0459353 0.1226928 0.0987048 
Perityle_congesta_202                      0.0980478 0.0864235 0.1661311 0.3939527 0.0806389 0.0901847 0.3839279 0.1162644 0.2867457 0.0621930 0.2817492 0.0231459 0.0184067 0.0241834 0.0301401 0.0376821 0.0231725 0.1071272 0.1275280 0.0326421 0.0207748 0.0348768 0.0306438 0.0324349 0.0209320 0.0000000 0.0372949 0.0326076 0.0931645 0.0621930 0.0729910 0.1106003 0.0767756 0.0621930 0.0422768 0.0374524 0.1142552 0.0301990 0.1111115 0.0481026 0.0255239 0.0277324 0.1570007 0.0348768 0.1201048 0.1113939 0.0278475 0.0253595 0.0324876 0.1199905 0.0254595 0.0068497 0.0207699 0.0349972 0.0207215 0.0303169 0.0326378 0.0372472 0.0348768 0.0934679 0.1152442 0.0352984 0.0232367 0.1011412 0.0397124 0.1005409 0.0405543 0.0374049 0.0300676 0.0621930 0.0301773 0.0253595 0.0231441 0.0074187 0.0854658 0.1098284 0.0137640 0.0256333 0.1009717 0.0373054 0.0316288 0.1302110 0.1233999 
Perityle_cordifolia_27                     0.1067923 0.0891401 0.3975277 0.6088964 0.0964054 0.1129240 0.6612618 0.1168970 0.3433288 0.1780561 0.3605903 0.0484854 0.0302478 0.0412275 0.1910262 0.0487138 0.1259148 0.2564697 0.1240293 0.0475515 0.0430441 0.0401692 0.0325782 0.0416279 0.0333839 0.0372949 0.0000000 0.2813164 0.2965462 0.1808225 0.0811954 0.1379067 0.1514760 0.1501824 0.0505437 0.0443391 0.1040280 0.0422122 0.1137164 0.1695010 0.0348762 0.0442641 0.2278742 0.0368433 0.1167796 0.1646415 0.0343294 0.0438901 0.0369517 0.1828720 0.0352376 0.0400136 0.0398335 0.0454657 0.0334677 0.0282824 0.0306659 0.0479536 0.0495786 0.3115180 0.2564463 0.0049373 0.0400292 0.2748083 0.0103388 0.2383090 0.0489119 0.0431138 0.0399606 0.1759301 0.0473144 0.0403805 0.0330964 0.0405989 0.2564617 0.3811532 0.0445894 0.0367754 0.1123447 0.0416192 0.0426413 0.1292426 0.1076481 
Perityle_cordifolia_68_tecolote            0.2056993 0.0873011 0.4642730 0.6426112 0.2292240 0.1150252 0.6849451 0.1103398 0.3682630 0.1770701 0.4683080 0.2487082 0.0582279 0.2264985 0.1808862 0.2139039 0.3721768 0.2563275 0.1170632 0.2147377 0.1706318 0.2478940 0.0361407 0.3423729 0.1644157 0.0326076 0.2813164 0.0000000 0.3978631 0.1939931 0.0757135 0.1736384 0.3345689 0.1451538 0.2659488 0.1347483 0.2726795 0.2247012 0.2393059 0.2183431 0.2871478 0.1893763 0.3020540 0.1475203 0.3283060 0.4420037 0.1987946 0.3262853 0.2574125 0.3456705 0.1292742 0.2994509 0.1670754 0.3167658 0.0814305 0.0099779 0.0289780 0.2203759 0.3529097 0.3632657 0.2865485 0.0326606 0.3656967 0.2840581 0.0896815 0.2901211 0.0421081 0.2184262 0.3464755 0.2505224 0.2789169 0.0845768 0.1355491 0.0362419 0.2626688 0.4766117 0.2767427 0.1949593 0.1053009 0.2642763 0.2403577 0.1244139 0.2689578 
Perityle_coronopifolia_28_patagonia        0.1895116 0.0608762 0.4234553 0.7061029 0.2393787 0.0984942 0.7435982 0.1234940 0.3983809 0.2577840 0.3794210 0.2750420 0.1564235 0.2810530 0.2720997 0.2744533 0.2818217 0.2728364 0.0819583 0.3039393 0.2641334 0.2415511 0.0920554 0.2796838 0.2971669 0.0931645 0.2965462 0.3978631 0.0000000 0.2740336 0.1118942 0.1427002 0.2799708 0.1905888 0.2819092 0.1045231 0.0734588 0.2466029 0.2230331 0.2354514 0.2356540 0.2562324 0.1669818 0.2245958 0.1977920 0.3150486 0.1835752 0.2649180 0.2258955 0.2545460 0.2327934 0.2661664 0.2852035 0.2712267 0.2033449 0.0848878 0.0806579 0.2732081 0.2712573 0.0335022 0.0567855 0.1011812 0.2824802 0.0051402 0.1064519 0.0894821 0.1074442 0.2825838 0.2784530 0.2580143 0.2828791 0.2013781 0.2486442 0.1102792 0.0655421 0.1265830 0.2893055 0.2556850 0.0276437 0.2545154 0.4175544 0.0822314 0.2604624 
Perityle_crassifolia_70_ventanas           0.1846199 0.0853501 0.3694361 0.6282446 0.2037844 0.1024323 0.7116733 0.1298483 0.3324637 0.0015932 0.3694794 0.1776516 0.1012787 0.1625829 0.1906284 0.1773949 0.1604447 0.2519852 0.1460834 0.1631728 0.1745126 0.1702871 0.0711090 0.1723472 0.2158891 0.0621930 0.1808225 0.1939931 0.2740336 0.0000000 0.0076978 0.1296416 0.2045324 0.0034809 0.1746254 0.0702263 0.1263396 0.1768984 0.2234026 0.1950014 0.1687902 0.1696462 0.2216074 0.1595154 0.2229850 0.2206837 0.1182270 0.1701612 0.1666637 0.2212659 0.1635625 0.1684636 0.1761394 0.1724726 0.1231981 0.0560499 0.0756398 0.1709422 0.1700020 0.2809273 0.2506604 0.0673401 0.1631773 0.2859170 0.0746351 0.2360503 0.0924832 0.1683016 0.1696294 0.0010758 0.1813254 0.1354251 0.1765572 0.1085437 0.2724879 0.2764494 0.1730125 0.1671421 0.1106452 0.1740978 0.2949423 0.1166396 0.2116041 
Perityle_crassifolia_74_playa_balandra     0.1199165 0.1075675 0.1868236 0.3155517 0.0910992 0.0843236 0.3160522 0.1397828 0.2930324 0.0076978 0.3084006 0.0758804 0.0757801 0.0715737 0.0868065 0.0734603 0.0731607 0.1253744 0.1385171 0.0811932 0.0757375 0.0757359 0.0986246 0.0839860 0.0671283 0.0729910 0.0811954 0.0757135 0.1118942 0.0076978 0.0000000 0.1257422 0.1077329 0.0076978 0.1022043 0.0757981 0.1176688 0.0815364 0.1234834 0.0824391 0.0759878 0.0783333 0.1620586 0.0757359 0.1302253 0.1207768 0.0843743 0.0869272 0.0728616 0.1300843 0.0645580 0.0700084 0.0757183 0.0814463 0.0811421 0.0702137 0.0729002 0.0728317 0.0757359 0.1150042 0.1067573 0.0801599 0.0677531 0.1180301 0.0812471 0.1172777 0.0933775 0.0875054 0.0811129 0.0076978 0.0845172 0.0841283 0.0730497 0.0757966 0.1000288 0.1247844 0.0727092 0.0679145 0.1176115 0.0787009 0.0547724 0.1317730 0.1250671 
Perityle_cuneata_34_cuneata_San_antonio    0.1513924 0.0813306 0.2492808 0.5668270 0.1178730 0.0658231 0.5927044 0.1571999 0.3069011 0.1478831 0.2172257 0.1409106 0.1293483 0.1198720 0.1408348 0.1466957 0.1284297 0.0757203 0.1422037 0.1348318 0.1411988 0.1355665 0.0954599 0.1443707 0.1490542 0.1106003 0.1379067 0.1736384 0.1427002 0.1296416 0.1257422 0.0000000 0.1300469 0.1505546 0.1435289 0.1345541 0.1424002 0.1372303 0.1415563 0.1700695 0.1298597 0.1399203 0.1725459 0.1298201 0.1431460 0.1583075 0.1315737 0.1379615 0.1324431 0.1385965 0.1248068 0.1324636 0.1253972 0.1418675 0.1325972 0.1077222 0.1285306 0.1355077 0.1355007 0.1460803 0.1512495 0.1202005 0.1348947 0.1383696 0.1405761 0.1472833 0.1519644 0.1263891 0.1428327 0.1392959 0.1446840 0.1220783 0.1149705 0.1575825 0.1162756 0.1804230 0.1455865 0.1376896 0.1124689 0.1385742 0.1899798 0.1263435 0.1314358 
Perityle_cuneata_4                         0.1121285 0.0673217 0.3865095 0.6248640 0.1200792 0.0986167 0.6844249 0.1313295 0.3383042 0.2084666 0.3693092 0.1065411 0.0781269 0.1019293 0.2235124 0.1068878 0.1742704 0.2587546 0.1281731 0.1495747 0.0850189 0.0777300 0.0637193 0.1412969 0.0813522 0.0767756 0.1514760 0.3345689 0.2799708 0.2045324 0.1077329 0.1300469 0.0000000 0.1840980 0.1495315 0.0914338 0.1291833 0.0866796 0.1260526 0.2036594 0.1084540 0.0899977 0.2139749 0.0760289 0.1237636 0.2196554 0.0794598 0.1161679 0.0790290 0.1704716 0.0838291 0.1312311 0.1012375 0.1329854 0.0814269 0.0779566 0.0758782 0.1082941 0.1186795 0.2925600 0.2615532 0.0895045 0.1379253 0.2758915 0.0918850 0.2442156 0.1052342 0.1368813 0.1394060 0.1932614 0.1397972 0.0834246 0.0775063 0.0915493 0.2620848 0.3686436 0.1440174 0.0793072 0.1014584 0.0812820 0.1161750 0.1083353 0.1073368 
Perityle_discoidea_81                      0.1820982 0.0852924 0.3224507 0.5031480 0.1700229 0.0666952 0.5443690 0.1376832 0.3354414 0.0017421 0.4155718 0.1439734 0.1101020 0.1314626 0.1846941 0.1467337 0.1375771 0.2516695 0.1571355 0.1486014 0.1416601 0.1461062 0.0711090 0.1477897 0.1394225 0.0621930 0.1501824 0.1451538 0.1905888 0.0034809 0.0076978 0.1505546 0.1840980 0.0000000 0.1640413 0.0888257 0.1301581 0.1461685 0.1827933 0.2433702 0.1442302 0.1478051 0.2775382 0.1441316 0.1977175 0.1784798 0.1330200 0.1477828 0.1416691 0.1976884 0.1353297 0.1395434 0.1459652 0.1401968 0.1456363 0.0598307 0.0884274 0.1439176 0.1438838 0.1927916 0.1895900 0.0673401 0.1402228 0.1995200 0.0889056 0.1942198 0.0925954 0.1507269 0.1455993 0.0034809 0.1550480 0.1520585 0.1418234 0.1086755 0.1811583 0.2077135 0.1436599 0.1425468 0.1067130 0.1461251 0.1883131 0.1166396 0.1139226 
Perityle_dissecta_201                      0.1240523 0.0982271 0.4097260 0.6455323 0.1031523 0.1443736 0.6913713 0.1270680 0.3723548 0.1892757 0.3660314 0.0405117 0.0411132 0.0365637 0.1938695 0.0521332 0.1041895 0.2688313 0.1344925 0.0327970 0.0433422 0.0375199 0.0493967 0.0282146 0.0414386 0.0422768 0.0505437 0.2659488 0.2819092 0.1746254 0.1022043 0.1435289 0.1495315 0.1640413 0.0000000 0.0467663 0.1153189 0.0324594 0.1196287 0.1790274 0.0287849 0.0356277 0.2215291 0.0361692 0.1163818 0.1528312 0.0310327 0.0405236 0.0361778 0.1679096 0.0348599 0.0342303 0.0444387 0.0531904 0.0352249 0.0452058 0.0449339 0.0397462 0.0432412 0.2955523 0.2489504 0.0591396 0.0325011 0.2793209 0.0531752 0.2353796 0.0536947 0.0340826 0.0282145 0.1635273 0.0445337 0.0480079 0.0357179 0.0451635 0.2558496 0.3515845 0.0366093 0.0342090 0.1180721 0.0361224 0.0514686 0.1497249 0.1281636 
Perityle_emoryi_47_punta_san_jose          0.1081763 0.0895421 0.2741184 0.5618123 0.0879616 0.0697071 0.5768081 0.1151973 0.3166202 0.0887274 0.2170430 0.0466532 0.0288197 0.0404691 0.0639951 0.0459202 0.0394168 0.1471527 0.1121141 0.0395209 0.0378890 0.0476895 0.0361250 0.0443096 0.0289508 0.0374524 0.0443391 0.1347483 0.1045231 0.0702263 0.0757981 0.1345541 0.0914338 0.0888257 0.0467663 0.0000000 0.1201667 0.0387646 0.1128885 0.1070141 0.0382034 0.0387647 0.1702440 0.0359915 0.1071070 0.1559814 0.0398387 0.0544446 0.0440770 0.1049906 0.0348420 0.0439679 0.0293964 0.0542749 0.0320944 0.0304572 0.0274232 0.0424598 0.0464802 0.1010174 0.1134106 0.0276600 0.0418685 0.0992736 0.0437628 0.1052744 0.0468012 0.0380563 0.0431072 0.0647129 0.0520561 0.0385219 0.0289512 0.0352989 0.0811893 0.1926090 0.0365409 0.0394030 0.1030323 0.0488915 0.0000010 0.1328213 0.1183373 
Perityle_feddemae_99                       0.1112022 0.0734339 0.2179080 0.5502964 0.0694934 0.0583538 0.5883968 0.1425267 0.3146868 0.1300072 0.2261406 0.1160142 0.1016550 0.1094629 0.1315364 0.1156679 0.1091724 0.1412211 0.0424554 0.1140641 0.1173253 0.1098010 0.1036739 0.1067465 0.1031275 0.1142552 0.1040280 0.2726795 0.0734588 0.1263396 0.1176688 0.1424002 0.1291833 0.1301581 0.1153189 0.1201667 0.0000000 0.1018460 0.0783931 0.1747745 0.1087166 0.1086723 0.0946618 0.1077706 0.0346216 0.1726142 0.1059616 0.1103177 0.1045337 0.0360225 0.1001181 0.1091426 0.0987441 0.1179831 0.1122397 0.1008938 0.0917808 0.1075721 0.1067247 0.0794881 0.0887008 0.1182601 0.1047060 0.0634860 0.1053014 0.1071390 0.1203476 0.1064159 0.1058104 0.1332237 0.1205493 0.0990766 0.0894616 0.1078379 0.0750959 0.1733834 0.1083476 0.1119317 0.0771814 0.1119699 0.1056930 0.0873158 0.0774496 
Perityle_fosteri_93                        0.1130373 0.0872860 0.3868545 0.6056360 0.0906099 0.1093556 0.6719143 0.1057573 0.3445974 0.1762777 0.3315621 0.0365462 0.0321651 0.0281834 0.1875503 0.0468230 0.0374417 0.2584148 0.1207308 0.0308745 0.0367337 0.0301688 0.0160564 0.0291319 0.0259755 0.0301990 0.0422122 0.2247012 0.2466029 0.1768984 0.0815364 0.1372303 0.0866796 0.1461685 0.0324594 0.0387646 0.1018460 0.0000000 0.1115278 0.1642199 0.0200080 0.0314956 0.2123807 0.0264318 0.1055489 0.1442661 0.0171663 0.0350374 0.0287541 0.1147283 0.0281150 0.0336265 0.0335311 0.0461720 0.0279552 0.0304435 0.0290229 0.0323448 0.0290193 0.2580559 0.2423424 0.0353129 0.0245737 0.2685992 0.0435233 0.2334337 0.0130411 0.0247126 0.0272847 0.1665365 0.0449154 0.0366026 0.0252072 0.0319111 0.2548448 0.3240817 0.0301096 0.0263607 0.1004563 0.0299644 0.0529733 0.1298531 0.1131915 
Perityle_gamon_221                         0.1113863 0.0875100 0.3812780 0.6268700 0.0785074 0.0822716 0.7032973 0.1349932 0.3629303 0.2188496 0.3599541 0.1154082 0.1039738 0.1134333 0.2464261 0.1200125 0.1094252 0.2516793 0.0893650 0.1147245 0.1198496 0.1115253 0.0991176 0.1062116 0.1107026 0.1111115 0.1137164 0.2393059 0.2230331 0.2234026 0.1234834 0.1415563 0.1260526 0.1827933 0.1196287 0.1128885 0.0783931 0.1115278 0.0000000 0.2413221 0.1047476 0.1086999 0.1884729 0.1044551 0.0836649 0.0129227 0.0986428 0.1178670 0.1044939 0.0882813 0.1036263 0.1172337 0.1105033 0.1218885 0.1047443 0.0978823 0.0869581 0.1125468 0.1102505 0.2230446 0.2239429 0.1174400 0.1089786 0.2399812 0.1091813 0.2275681 0.1097186 0.1079317 0.1039431 0.2195313 0.1266383 0.1052946 0.1008996 0.1127525 0.2481812 0.2377177 0.1177219 0.1122969 0.0908860 0.1057452 0.1284120 0.0787289 0.0702081 
Perityle_gentryi_8_san_francisco           0.2516319 0.0968083 0.3620035 0.7227350 0.2257977 0.0820824 0.7340429 0.1694185 0.3656708 0.2606597 0.3199912 0.1727830 0.1488921 0.1367553 0.2656762 0.1445466 0.1618142 0.2875430 0.1994570 0.1746521 0.1785429 0.1704373 0.0329119 0.1662176 0.2237215 0.0481026 0.1695010 0.2183431 0.2354514 0.1950014 0.0824391 0.1700695 0.2036594 0.2433702 0.1790274 0.1070141 0.1747745 0.1642199 0.2413221 0.0000000 0.1601637 0.1653850 0.2429371 0.1730394 0.2401499 0.2557739 0.1571410 0.1789769 0.1676608 0.2399129 0.1744552 0.1705754 0.1792710 0.1703627 0.1823263 0.0633435 0.1120390 0.1727778 0.1703664 0.2494493 0.2573835 0.0226186 0.1688437 0.2557049 0.0837473 0.2468353 0.1066905 0.1764941 0.1648713 0.1913902 0.1829072 0.1900475 0.1787461 0.1590508 0.2475654 0.2907256 0.1672392 0.1682390 0.1461812 0.1717409 0.3428472 0.1369524 0.2273117 
Perityle_gilensis_22_Superstition          0.1059515 0.0831927 0.3888291 0.6113159 0.0854826 0.1093583 0.6606320 0.1126319 0.3487775 0.1725236 0.3459043 0.0289855 0.0258973 0.0204729 0.1787506 0.0386684 0.0653872 0.2503206 0.1225654 0.0220471 0.0278392 0.0198169 0.0160725 0.0197880 0.0172489 0.0255239 0.0348762 0.2871478 0.2356540 0.1687902 0.0759878 0.1298597 0.1084540 0.1442302 0.0287849 0.0382034 0.1087166 0.0200080 0.1047476 0.1601637 0.0000000 0.0210654 0.2108222 0.0192382 0.1062735 0.1719476 0.0167905 0.0286199 0.0187019 0.1439839 0.0207440 0.0262806 0.0229663 0.0411024 0.0197189 0.0263583 0.0273259 0.0256091 0.0296750 0.2495997 0.2394960 0.0300713 0.0182517 0.2642937 0.0381509 0.2228114 0.0330700 0.0250660 0.0181897 0.1585102 0.0361314 0.0304066 0.0185696 0.0297970 0.2474066 0.3413040 0.0248931 0.0170068 0.1030329 0.0193940 0.0416911 0.1245741 0.1054589 
Perityle_gilensis_salensis_225             0.1130876 0.0891673 0.3990367 0.6240180 0.0947585 0.1129760 0.6743672 0.1145855 0.3519226 0.1758466 0.3422055 0.0373174 0.0308255 0.0292508 0.1800077 0.0456427 0.0432411 0.2515543 0.1187399 0.0255302 0.0369201 0.0298054 0.0258333 0.0092899 0.0274388 0.0277324 0.0442641 0.1893763 0.2562324 0.1696462 0.0783333 0.1399203 0.0899977 0.1478051 0.0356277 0.0387647 0.1086723 0.0314956 0.1086999 0.1653850 0.0210654 0.0000000 0.2258300 0.0265953 0.1196170 0.1304964 0.0257991 0.0367403 0.0273159 0.1272895 0.0280983 0.0352487 0.0355090 0.0461481 0.0255613 0.0303509 0.0289487 0.0314333 0.0304041 0.2631739 0.2390235 0.0325649 0.0277025 0.2593135 0.0410491 0.2313824 0.0373963 0.0317034 0.0074246 0.1656950 0.0460553 0.0365540 0.0251933 0.0339810 0.2466406 0.2940687 0.0331308 0.0286305 0.1025415 0.0304302 0.0525345 0.1239654 0.1113596 
Perityle_glaucescens_94                    0.2214898 0.0963085 0.3199453 0.6522586 0.1949585 0.0584355 0.6696572 0.2171702 0.3692144 0.2794590 0.2844341 0.2264517 0.2104239 0.1936709 0.2960598 0.2288092 0.2054479 0.2423984 0.1217229 0.2332331 0.2356706 0.2138210 0.1002289 0.2206273 0.3080076 0.1570007 0.2278742 0.3020540 0.1669818 0.2216074 0.1620586 0.1725459 0.2139749 0.2775382 0.2215291 0.1702440 0.0946618 0.2123807 0.1884729 0.2429371 0.2108222 0.2258300 0.0000000 0.2272629 0.1136602 0.2274265 0.1973245 0.2202101 0.2123592 0.1118262 0.2270821 0.2195006 0.2421112 0.2133223 0.2377658 0.1576399 0.1927489 0.2219583 0.2153343 0.1806214 0.1982063 0.1238203 0.2191493 0.1978796 0.1691878 0.2062168 0.2179199 0.2300535 0.2191423 0.2089370 0.2212053 0.2446452 0.2347558 0.2696109 0.2078054 0.2477475 0.2244811 0.2277736 0.1288705 0.2168542 0.4321189 0.1134643 0.1533561 
Perityle_gracilis_11                       0.1047365 0.0893921 0.3747383 0.6234373 0.0869298 0.1171736 0.6759583 0.1148960 0.3510411 0.1744873 0.3274632 0.0348211 0.0321263 0.0235946 0.1857125 0.0415155 0.0213155 0.2532784 0.1189408 0.0301957 0.0309387 0.0040038 0.0359254 0.0244784 0.0234578 0.0348768 0.0368433 0.1475203 0.2245958 0.1595154 0.0757359 0.1298201 0.0760289 0.1441316 0.0361692 0.0359915 0.1077706 0.0264318 0.1044551 0.1730394 0.0192382 0.0265953 0.2272629 0.0000000 0.1061535 0.1032768 0.0220092 0.0320677 0.0019978 0.1108672 0.0219903 0.0284759 0.0284687 0.0422169 0.0267773 0.0324765 0.0306874 0.0060122 0.0030003 0.2275963 0.2429378 0.0430004 0.0204141 0.2424181 0.0437770 0.2269632 0.0352734 0.0258992 0.0224142 0.1547293 0.0410416 0.0353635 0.0246664 0.0361965 0.2312380 0.2548541 0.0296336 0.0214276 0.1101502 0.0070237 0.0381697 0.1268050 0.1001914 
Perityle_harkerae_31                       0.1178643 0.0799427 0.3742299 0.6430353 0.0696432 0.0871283 0.6929616 0.1499528 0.3603594 0.2251431 0.3322065 0.1150208 0.1076045 0.1138197 0.2672367 0.1179762 0.1172190 0.2720807 0.0411188 0.1134974 0.1180075 0.1103641 0.1002289 0.1148238 0.1180923 0.1201048 0.1167796 0.3283060 0.1977920 0.2229850 0.1302253 0.1431460 0.1237636 0.1977175 0.1163818 0.1071070 0.0346216 0.1055489 0.0836649 0.2401499 0.1062735 0.1196170 0.1136602 0.1061535 0.0000000 0.1534274 0.1037255 0.1133251 0.1062731 0.0098009 0.1064634 0.1118285 0.1133794 0.1169120 0.1075553 0.1035020 0.0934757 0.1110315 0.1101626 0.2147561 0.2154596 0.1245556 0.1079966 0.2293184 0.1145243 0.2234975 0.1207326 0.1107362 0.1128881 0.2121298 0.1171452 0.1055297 0.1026996 0.1258647 0.2372739 0.3070021 0.1117914 0.1091439 0.0820704 0.1102374 0.1349698 0.0954057 0.0907122 
