85
Amauria_brandeegeana_62                    0.0000000 0.1556929 0.2731369 0.4315191 0.3862320 0.0993276 0.3318106 0.2282520 0.4053301 0.2128632 0.4297188 0.3915890 0.4079107 0.4345123 0.2888861 0.4463790 0.2054311 0.2969510 0.3173104 0.3558792 0.1523665 0.5953028 0.2127529 0.4930859 0.2629973 0.1861886 0.4755011 0.4761991 0.4345558 0.3442732 0.2757248 0.3119544 0.5364280 0.1841741 0.4485263 0.4100655 0.6097544 0.4692985 0.3708129 0.4305368 0.3777484 0.4057668 0.4734044 0.2177385 0.5982399 0.4541510 0.4456390 0.1626886 0.1693045 0.6588134 0.4316315 0.4544925 0.2308411 0.1987759 0.4458435 0.2665185 0.2406899 0.2668709 0.5466441 0.4343118 0.2465434 0.1261090 0.1301107 0.1234818 0.4532475 0.4058944 0.3420957 0.3803723 0.3705869 0.1410821 0.4392214 0.4390844 0.3219878 0.2206589 0.3344733 0.3702944 0.2943011 0.3989406 0.4328215 0.3207266 0.4542323 0.4014304 0.5992545 0.4831898 0.1519371 
Amauria_carterae_99_mesa                   0.1556929 0.0000000 0.1835818 0.3118894 0.2215101 0.1267520 0.2622157 0.2172558 0.2351539 0.2567732 0.2285774 0.1531110 0.2169187 0.1555086 0.2009837 0.1582038 0.1617507 0.1636196 0.1733468 0.1741831 0.1458357 0.2186672 0.2702972 0.2227877 0.1768436 0.2049215 0.1635550 0.1908979 0.2101675 0.1615261 0.2614411 0.1753090 0.1326389 0.2368360 0.1676954 0.2523439 0.2251619 0.1688607 0.2262780 0.1720161 0.2178209 0.2182230 0.2365801 0.2039634 0.2193719 0.2059096 0.2232347 0.2107713 0.2060980 0.2395538 0.1739816 0.1613969 0.1677566 0.2222055 0.1649866 0.1442843 0.1753967 0.3347753 0.2220181 0.1543333 0.1972288 0.1209642 0.1504829 0.1603262 0.2202625 0.2004283 0.1688541 0.1363638 0.1773221 0.2151859 0.2134976 0.2150368 0.2521373 0.1888088 0.2036248 0.2277285 0.2098546 0.1421760 0.2109634 0.2217602 0.2125622 0.2255080 0.2119594 0.2169640 0.1841239 
Amauria_rotundifolia_SRR9119150            0.2731369 0.1835818 0.0000000 0.4166414 0.3992192 0.1257142 0.2881838 0.1868698 0.3253591 0.2296759 0.4569256 0.2420584 0.4033741 0.2546280 0.2924762 0.2575428 0.1511547 0.2167892 0.2213635 0.2506959 0.1531631 0.5701567 0.2636742 0.4893042 0.1691383 0.1921670 0.2970785 0.2656885 0.4561763 0.2999948 0.2760426 0.2411687 0.3656893 0.2097614 0.2651779 0.3998222 0.6203815 0.4202774 0.3705478 0.2501341 0.3996199 0.4147120 0.4666858 0.2274832 0.5999727 0.4482074 0.4423089 0.1720615 0.1767081 0.6836293 0.2563930 0.2668602 0.1494366 0.2072694 0.4713255 0.2093588 0.2001600 0.2904521 0.5613539 0.4089317 0.2382206 0.1467356 0.1380351 0.1249623 0.4714246 0.4251663 0.2462399 0.2765871 0.3083560 0.1806647 0.4524918 0.4527621 0.3343198 0.2376865 0.3366303 0.4012791 0.2972001 0.2447951 0.4531727 0.3285751 0.4800095 0.3989126 0.5763634 0.4585173 0.1750823 
Conoclinium_coelestinum_SRR9119114         0.4315191 0.3118894 0.4166414 0.0000000 0.3731515 0.1801236 0.1451775 0.3055306 0.4038526 0.2417439 0.3901182 0.3948609 0.3753199 0.4206865 0.2674696 0.4135695 0.3295645 0.3545265 0.3958225 0.4146569 0.3217375 0.4383373 0.3955641 0.4302019 0.3650869 0.1942016 0.4293834 0.3803884 0.4257302 0.3340611 0.3366935 0.3727284 0.3995078 0.2139258 0.4057811 0.4058204 0.6753544 0.4996844 0.3536653 0.4079754 0.3588148 0.3642581 0.3787429 0.2400559 0.6901581 0.3951687 0.3867446 0.1859353 0.1878598 0.7153445 0.4250779 0.4134880 0.3252666 0.2216872 0.4958062 0.3839244 0.3421847 0.2738177 0.4538236 0.4345276 0.2652151 0.2134178 0.2349938 0.2769539 0.4043035 0.4187618 0.3946058 0.4359469 0.3856834 0.3038344 0.4369957 0.3783152 0.3427203 0.2279543 0.3454290 0.3814173 0.3071422 0.4269932 0.3997323 0.3430369 0.3958171 0.4917584 0.4369393 0.4249205 0.3025480 
Eutetras_palmeri_63                        0.3862320 0.2215101 0.3992192 0.3731515 0.0000000 0.1459775 0.2997323 0.2925861 0.3641135 0.1157051 0.1062741 0.4064932 0.0951681 0.4149466 0.0783114 0.4057956 0.3260973 0.3492571 0.3854810 0.4002306 0.2553859 0.1352522 0.3306686 0.2594296 0.3622470 0.0558761 0.4007848 0.4550717 0.1117103 0.2735197 0.3054460 0.3766277 0.6236310 0.1149477 0.4076234 0.1606427 0.6331226 0.4270665 0.0822424 0.3922472 0.0953700 0.0916788 0.1151885 0.0687141 0.6430617 0.0990846 0.1014473 0.0618731 0.0761973 0.6600506 0.4200487 0.4008675 0.3725621 0.0784010 0.4364460 0.3058756 0.3380822 0.1965535 0.1461585 0.3817907 0.0858930 0.1707494 0.1751870 0.1990718 0.1048241 0.1097791 0.3327712 0.3603778 0.3795855 0.2326919 0.2677332 0.0901828 0.1146948 0.0610354 0.0803531 0.1579675 0.0812370 0.3855077 0.0889258 0.0947668 0.1120849 0.4698965 0.1356744 0.1064289 0.2099035 
Eutetras_pringlei_149_quer                 0.0993276 0.1267520 0.1257142 0.1801236 0.1459775 0.0000000 0.1446118 0.1025091 0.1382263 0.1821488 0.1416917 0.1197013 0.1332582 0.0901706 0.1349538 0.1108278 0.1166575 0.1213183 0.1328527 0.1047173 0.0895994 0.1412034 0.0982051 0.1547934 0.1251334 0.1333372 0.1104945 0.1208731 0.1398068 0.1281480 0.1387972 0.1466430 0.0238865 0.1770634 0.1003142 0.1982481 0.1714008 0.1274375 0.1715746 0.1141562 0.1371757 0.1415014 0.1771822 0.1306361 0.1716386 0.1535699 0.1495078 0.1437158 0.1395440 0.1880789 0.1127515 0.1080298 0.0962168 0.1640998 0.1104916 0.1052475 0.1204167 0.1400992 0.1412034 0.1023293 0.1347275 0.1176644 0.1350852 0.1015862 0.1454567 0.1310296 0.1147432 0.1096757 0.1403650 0.1225809 0.1366571 0.1371757 0.1670005 0.1457863 0.1235735 0.1388900 0.1331893 0.0986817 0.1487363 0.1462088 0.1492841 0.1686677 0.1369969 0.1294344 0.1201814 
Eutrochium_fistulosum_SRR9119106           0.3318106 0.2622157 0.2881838 0.1451775 0.2997323 0.1446118 0.0000000 0.2787770 0.3764996 0.2034818 0.2908724 0.2518522 0.2955085 0.2661037 0.1674586 0.2844516 0.2673436 0.2811859 0.3109328 0.2759308 0.2416534 0.2961614 0.3439644 0.2852565 0.2657807 0.1507555 0.3114296 0.3008589 0.2975811 0.2624580 0.3273263 0.3313294 0.4375944 0.1773290 0.2781189 0.3529116 0.4979374 0.3379521 0.2704236 0.2781794 0.2909906 0.2673985 0.2886606 0.2080354 0.5246541 0.2878976 0.3086316 0.1456923 0.1386463 0.5343652 0.2962852 0.2681410 0.2531150 0.1668583 0.3428993 0.3122479 0.2947546 0.2544431 0.3017602 0.2874209 0.2295588 0.1837127 0.1881298 0.2037009 0.3109724 0.2998391 0.3074017 0.2935912 0.2916160 0.2248028 0.2939114 0.2735645 0.3075935 0.1148292 0.2718614 0.3208046 0.2391170 0.2843003 0.2895729 0.2797569 0.2880174 0.4253484 0.2954285 0.2910497 0.2249349 
Galeana_pratensis_104_mex                  0.2282520 0.2172558 0.1868698 0.3055306 0.2925861 0.1025091 0.2787770 0.0000000 0.2672941 0.2627824 0.2854607 0.2025994 0.2572991 0.1891882 0.2066613 0.1885191 0.2018034 0.2052610 0.2028398 0.1966183 0.1537917 0.2736210 0.2912380 0.2757622 0.2115068 0.2089351 0.1961269 0.2017270 0.2924801 0.2053422 0.3032943 0.2013117 0.2415133 0.2156368 0.2012506 0.3536154 0.3829979 0.1865261 0.2859542 0.2053948 0.2586640 0.2622309 0.3132111 0.2492323 0.3690517 0.2773597 0.2827911 0.2063780 0.1962547 0.3855803 0.2122620 0.1967315 0.1991035 0.2312019 0.2347365 0.1677753 0.1937098 0.3187812 0.2741365 0.1796536 0.2734818 0.1358849 0.1349009 0.1821105 0.2684506 0.2832085 0.1999722 0.1921561 0.2105714 0.1525144 0.2936847 0.2597985 0.3101308 0.1448382 0.2660167 0.2741903 0.2623350 0.1879149 0.2774505 0.2733362 0.2252283 0.3550050 0.2593307 0.2798168 0.1543294 
Helianthus_annuus_SRR9119062               0.4053301 0.2351539 0.3253591 0.4038526 0.3641135 0.1382263 0.3764996 0.2672941 0.0000000 0.2411498 0.4551304 0.3966278 0.3617481 0.3983616 0.2403505 0.3826562 0.2359159 0.2560280 0.2853982 0.3868892 0.2208089 0.5483835 0.3284554 0.4765100 0.2833331 0.2133871 0.4037507 0.4206101 0.4595109 0.4357788 0.3635137 0.3518852 0.3558938 0.2231149 0.3928582 0.4494249 0.5349462 0.4927330 0.3666314 0.3395826 0.3697197 0.3882910 0.4190656 0.2558039 0.5244719 0.4454137 0.3815800 0.2093518 0.2167498 0.5884510 0.3814923 0.3834133 0.2610719 0.2399853 0.5267951 0.3264882 0.2549363 0.3488085 0.4682903 0.4695593 0.2557569 0.1808448 0.2085833 0.1813252 0.4060231 0.4482760 0.3562165 0.3217221 0.3711875 0.1937952 0.4067707 0.4285061 0.3298748 0.2190418 0.3832427 0.3686824 0.2697879 0.2708878 0.4802114 0.3002827 0.3958574 0.4722960 0.5641763 0.4684027 0.2614046 
Lycapsus_tenuifolius_17                    0.2128632 0.2567732 0.2296759 0.2417439 0.1157051 0.1821488 0.2034818 0.2627824 0.2411498 0.0000000 0.1382420 0.2337477 0.1155507 0.2294104 0.1059767 0.2365161 0.2296440 0.2397053 0.2525922 0.2496830 0.2339681 0.1191159 0.3796974 0.1272132 0.2596290 0.1215847 0.2255599 0.2564679 0.1304682 0.2486196 0.2483474 0.2728836 0.2277533 0.0079045 0.2386212 0.1380447 0.3419788 0.2389254 0.1145987 0.2291120 0.1264217 0.1237902 0.1321885 0.1124190 0.3653160 0.1117674 0.1261328 0.1178628 0.1181969 0.3636246 0.2506213 0.2293526 0.2376996 0.1535088 0.2201412 0.2332628 0.2630205 0.2390868 0.1217924 0.2414138 0.1279607 0.2123117 0.2161795 0.2239884 0.1206095 0.1280022 0.2350385 0.2440086 0.2647532 0.2780298 0.1204893 0.1210945 0.0347732 0.1259287 0.1165644 0.1359944 0.1222262 0.2352675 0.1171622 0.1267590 0.1194453 0.3118563 0.1164257 0.1260606 0.2418357 
Pericome_caudata_50_silver                 0.4297188 0.2285774 0.4569256 0.3901182 0.1062741 0.1416917 0.2908724 0.2854607 0.4551304 0.1382420 0.0000000 0.5501339 0.1115697 0.5670050 0.1675669 0.5497003 0.3430354 0.3904112 0.4200548 0.5513455 0.2839275 0.3300827 0.3310729 0.2655173 0.3673571 0.0812158 0.5638279 0.6065195 0.1299634 0.4855875 0.2995702 0.4611805 0.6321534 0.1218447 0.5647724 0.1827917 0.6876766 0.5648130 0.1021473 0.5191362 0.1103178 0.1166203 0.1239758 0.0891465 0.6679969 0.1171808 0.1161977 0.0810088 0.0867631 0.7198471 0.5262608 0.5520158 0.3724609 0.1036228 0.5851812 0.3531446 0.3889967 0.1949597 0.2250024 0.5540332 0.1022635 0.1687693 0.1699159 0.2019738 0.1220219 0.1342668 0.4845486 0.4801780 0.4324762 0.2304685 0.2864610 0.1674967 0.1571560 0.0783633 0.1061687 0.1950443 0.1249616 0.4525432 0.1130685 0.1110117 0.1229873 0.4639876 0.3852568 0.1391254 0.2524829 
Perityle_aglossa_84_dead_horse             0.3915890 0.1531110 0.2420584 0.3948609 0.4064932 0.1197013 0.2518522 0.2025994 0.3966278 0.2337477 0.5501339 0.0000000 0.3807973 0.1310959 0.2962505 0.0692072 0.0502133 0.2052204 0.2180691 0.0461137 0.0664821 0.5811103 0.2294181 0.5509051 0.0478094 0.1839438 0.1403524 0.0716736 0.5374806 0.3910674 0.2873237 0.3357096 0.3473748 0.2099227 0.0432013 0.4049946 0.5510999 0.2021630 0.4126993 0.0684768 0.4092179 0.3998462 0.4644732 0.2524174 0.5404308 0.5597787 0.4292947 0.1817221 0.1904282 0.6282650 0.0484400 0.0423935 0.0450903 0.2075412 0.2246379 0.2725961 0.0667420 0.3442258 0.5339460 0.1664910 0.2624518 0.1222302 0.1441284 0.0753487 0.4430518 0.5259008 0.0924519 0.2068494 0.3563956 0.0639645 0.4783844 0.4325037 0.3397669 0.2282426 0.3456856 0.3826295 0.2788621 0.2066387 0.5579461 0.3327418 0.4554048 0.3609876 0.6198634 0.5212411 0.1704537 
Perityle_ajoensis_204                      0.4079107 0.2169187 0.4033741 0.3753199 0.0951681 0.1332582 0.2955085 0.2572991 0.3617481 0.1155507 0.1115697 0.3807973 0.0000000 0.3811462 0.0456692 0.4062288 0.3015019 0.3374979 0.3607376 0.3611384 0.2418422 0.0914940 0.3312229 0.2534599 0.3355926 0.0402750 0.4208027 0.4244332 0.1051966 0.2809998 0.3045873 0.3670985 0.5658868 0.1147730 0.4064717 0.1314181 0.6064309 0.4525712 0.0921501 0.3961021 0.0664818 0.0754423 0.1273974 0.0491025 0.5877703 0.1082629 0.0611762 0.0502444 0.0371007 0.6451741 0.4178167 0.4018665 0.3358766 0.0637798 0.4413604 0.3039950 0.3047109 0.1661213 0.1105975 0.4099003 0.0777756 0.1812937 0.1735726 0.1947363 0.0719303 0.1082405 0.3137927 0.3432220 0.4182257 0.2154427 0.2307199 0.0782267 0.1175540 0.0320030 0.0548128 0.1273398 0.0596167 0.3774864 0.0949323 0.0536657 0.0819147 0.4819215 0.0882360 0.1114390 0.2159777 
Perityle_ambrosiifolia_67_green            0.4345123 0.1555086 0.2546280 0.4206865 0.4149466 0.0901706 0.2661037 0.1891882 0.3983616 0.2294104 0.5670050 0.1310959 0.3811462 0.0000000 0.2808415 0.1268665 0.0334044 0.1983218 0.2306642 0.1116508 0.0637773 0.5465528 0.2257774 0.5570496 0.0441424 0.1884315 0.2243811 0.1532279 0.5618141 0.3645814 0.2946611 0.3376622 0.3517241 0.2155612 0.0945047 0.4008996 0.5763634 0.3107868 0.4259968 0.1130805 0.3863371 0.4012037 0.4968893 0.2486075 0.5526377 0.5655200 0.4366309 0.1809398 0.1732893 0.6389232 0.0836001 0.1120036 0.0237173 0.2173970 0.3541962 0.2750010 0.0566783 0.3192715 0.5371680 0.2919756 0.2495182 0.1195816 0.1529319 0.0637868 0.4578156 0.5477852 0.1964551 0.2260224 0.3632435 0.0243036 0.4673949 0.4272498 0.3386583 0.2250302 0.3419128 0.3612884 0.2700423 0.1955527 0.5867385 0.3215175 0.4654904 0.3844811 0.5925247 0.5391931 0.1864274 
Perityle_angustifolia_13_Eagle_creek       0.2888861 0.2009837 0.2924762 0.2674696 0.0783114 0.1349538 0.1674586 0.2066613 0.2403505 0.1059767 0.1675669 0.2962505 0.0456692 0.2808415 0.0000000 0.2936274 0.2238030 0.2584849 0.2725294 0.3097511 0.2359351 0.2065946 0.3060190 0.1400838 0.2350813 0.0428676 0.2899256 0.2639150 0.1793834 0.2983347 0.2781269 0.3123090 0.1953597 0.1036937 0.2923389 0.1208769 0.4909157 0.3059884 0.1720095 0.2895935 0.0377363 0.0717525 0.1780618 0.0497641 0.5208888 0.1683304 0.1024619 0.0437388 0.0300404 0.5539114 0.3017333 0.2845990 0.1945479 0.0597026 0.2924197 0.2230365 0.2665622 0.1714715 0.2071919 0.2807662 0.0714348 0.1790327 0.1632882 0.1805992 0.1231742 0.1795728 0.2953295 0.3108068 0.2964407 0.2039090 0.1138707 0.1206841 0.1378278 0.1209318 0.0364454 0.1252220 0.0597647 0.3032963 0.1580273 0.1003981 0.1207896 0.2928009 0.2089235 0.1451030 0.2799003 
Perityle_batopilensis_97                   0.4463790 0.1582038 0.2575428 0.4135695 0.4057956 0.1108278 0.2844516 0.1885191 0.3826562 0.2365161 0.5497003 0.0692072 0.4062288 0.1268665 0.2936274 0.0000000 0.0507010 0.2025232 0.2280186 0.0719890 0.0859946 0.5444248 0.2330636 0.5634018 0.0624914 0.1952983 0.1390953 0.0877652 0.5314642 0.3330434 0.3061902 0.3230652 0.3556038 0.2126631 0.0642232 0.4000818 0.5981521 0.2373155 0.4281038 0.0245155 0.3918106 0.4238122 0.4952518 0.2543957 0.5574916 0.5516609 0.4566022 0.1823551 0.1904266 0.6641429 0.0662210 0.0610528 0.0538092 0.2209692 0.2675759 0.2756336 0.0716299 0.3246240 0.5386229 0.2217552 0.2713409 0.1226797 0.1230773 0.0390501 0.4741244 0.5097183 0.0952412 0.2021956 0.3749206 0.0587458 0.4708367 0.4583275 0.3480038 0.2343790 0.3369110 0.3804704 0.2775390 0.2087035 0.5593810 0.3302664 0.4730266 0.3834681 0.5702149 0.5469904 0.2001416 
Perityle_bisetosa_9                        0.2054311 0.1617507 0.1511547 0.3295645 0.3260973 0.1166575 0.2673436 0.2018034 0.2359159 0.2296440 0.3430354 0.0502133 0.3015019 0.0334044 0.2238030 0.0507010 0.0000000 0.1619509 0.1421192 0.0377420 0.0750529 0.3850221 0.2389319 0.3357665 0.0282037 0.1920798 0.0893220 0.0544252 0.3371951 0.1707121 0.2962783 0.1699846 0.1534567 0.2124631 0.0330625 0.4003432 0.3863108 0.1340504 0.3282255 0.0568420 0.3204165 0.3053060 0.3502439 0.2482045 0.4010710 0.3369027 0.3374962 0.1821883 0.1776131 0.4098248 0.0409528 0.0237882 0.0285004 0.2207234 0.1609181 0.1719346 0.0465328 0.3247818 0.3908623 0.1185028 0.2677706 0.1236991 0.1458252 0.0646544 0.3401042 0.3318254 0.1037094 0.1561111 0.1604182 0.0284376 0.3477180 0.3085410 0.3151299 0.1910733 0.3140095 0.3281934 0.2740583 0.1580470 0.3354553 0.3132767 0.3308037 0.3479310 0.3800301 0.3407940 0.1423709 
Perityle_californica_76_positas            0.2969510 0.1636196 0.2167892 0.3545265 0.3492571 0.1213183 0.2811859 0.2052610 0.2560280 0.2397053 0.3904112 0.2052204 0.3374979 0.1983218 0.2584849 0.2025232 0.1619509 0.0000000 0.1847573 0.2084067 0.1637602 0.4032121 0.2261772 0.4379534 0.1569643 0.2138912 0.2205492 0.1646027 0.4191154 0.2456551 0.2490257 0.2037390 0.1675223 0.2312124 0.1999369 0.3763581 0.4622782 0.2700807 0.3968227 0.2073977 0.3458959 0.3400232 0.4255779 0.2518796 0.4620702 0.4016738 0.4007502 0.2028963 0.2025143 0.4813109 0.2189286 0.2029400 0.1268508 0.2217446 0.3416783 0.2348436 0.2081737 0.3014126 0.3891562 0.2440950 0.2754697 0.0800815 0.1498133 0.1166132 0.4056550 0.4132432 0.2277343 0.2381550 0.2587961 0.1567532 0.4138046 0.4136134 0.3614436 0.2506103 0.3010495 0.3961520 0.2707153 0.2201142 0.4117625 0.3782594 0.3877259 0.3357299 0.3903468 0.4009188 0.2256005 
Perityle_canescens_77                      0.3173104 0.1733468 0.2213635 0.3958225 0.3854810 0.1328527 0.3109328 0.2028398 0.2853982 0.2525922 0.4200548 0.2180691 0.3607376 0.2306642 0.2725294 0.2280186 0.1421192 0.1847573 0.0000000 0.2094743 0.1061261 0.4716902 0.2311049 0.4460681 0.1516534 0.2229476 0.1787203 0.2181072 0.4234747 0.2736101 0.2687776 0.2165003 0.2090441 0.2393580 0.2244314 0.3837144 0.4909692 0.3176330 0.3916455 0.2296936 0.3561295 0.3787614 0.4273026 0.2460941 0.4934105 0.4116063 0.4194077 0.2181145 0.2157232 0.5554887 0.2333417 0.2151790 0.1324181 0.2378159 0.3679561 0.1663090 0.1576121 0.3312653 0.4306841 0.2616290 0.2677918 0.0691636 0.1579954 0.1013505 0.4210247 0.4100835 0.2014519 0.2584076 0.2449273 0.1274276 0.4363768 0.4087603 0.3423464 0.2458714 0.3215913 0.3860534 0.2729276 0.2304079 0.4194458 0.3522891 0.4125755 0.3354735 0.4558620 0.4317253 0.1485211 
Perityle_castillonii_96                    0.3558792 0.1741831 0.2506959 0.4146569 0.4002306 0.1047173 0.2759308 0.1966183 0.3868892 0.2496830 0.5513455 0.0461137 0.3611384 0.1116508 0.3097511 0.0719890 0.0377420 0.2084067 0.2094743 0.0000000 0.0759181 0.5860620 0.2325859 0.5451468 0.0360811 0.2120366 0.1246323 0.0648335 0.5434493 0.3543061 0.3136813 0.3352230 0.2893317 0.2348651 0.0321057 0.4401993 0.5024883 0.1676199 0.4297893 0.0702071 0.3927606 0.3760970 0.4588555 0.2663033 0.4810219 0.5344682 0.4213664 0.2080716 0.1988488 0.5684801 0.0298532 0.0366042 0.0234394 0.2430371 0.2060153 0.2829067 0.0521059 0.3538226 0.4987592 0.1415765 0.2719064 0.1315081 0.1602771 0.0786171 0.4301234 0.5521286 0.1084413 0.2011245 0.3217117 0.0243036 0.4655494 0.4125154 0.3570160 0.2555736 0.3639728 0.3890919 0.3029327 0.1996121 0.5541318 0.3539740 0.4351908 0.3880078 0.6194548 0.5212987 0.1928335 
Perityle_cernua_84                         0.1523665 0.1458357 0.1531631 0.3217375 0.2553859 0.0895994 0.2416534 0.1537917 0.2208089 0.2339681 0.2839275 0.0664821 0.2418422 0.0637773 0.2359351 0.0859946 0.0750529 0.1637602 0.1061261 0.0759181 0.0000000 0.3385113 0.1809328 0.2628717 0.0723776 0.1866714 0.0845570 0.0767977 0.2765626 0.1744759 0.2718620 0.1555894 0.1242864 0.2096262 0.0683894 0.2948159 0.3113432 0.0389302 0.2806535 0.0951605 0.2480847 0.2448889 0.2920716 0.2373275 0.3313655 0.2651557 0.2726878 0.1823525 0.1780777 0.3405186 0.0797720 0.0647625 0.0804380 0.2086200 0.1150870 0.0859720 0.0771915 0.3080024 0.3391330 0.0341645 0.2530514 0.0822407 0.1087433 0.0762534 0.2674254 0.2683099 0.0998822 0.1611472 0.1471157 0.0293409 0.2716946 0.2444001 0.2911961 0.1814238 0.2316141 0.2619995 0.2654469 0.1654231 0.2721933 0.2662472 0.2624013 0.2624496 0.3296607 0.2646013 0.1093103 
Perityle_cfvillosa_25_tin                  0.5953028 0.2186672 0.5701567 0.4383373 0.1352522 0.1412034 0.2961614 0.2736210 0.5483835 0.1191159 0.3300827 0.5811103 0.0914940 0.5465528 0.2065946 0.5444248 0.3850221 0.4032121 0.4716902 0.5860620 0.3385113 0.0000000 0.3180390 0.3931312 0.4060795 0.0521437 0.5780367 0.5166297 0.3220159 0.6245099 0.2946527 0.6059874 0.5042352 0.1187359 0.5640669 0.1832218 0.7008277 0.6249765 0.3094294 0.5189516 0.0659955 0.1027381 0.2996612 0.0456137 0.6764044 0.3240793 0.1422122 0.0602331 0.0328101 0.7683904 0.5617471 0.5580133 0.3411564 0.0624210 0.6076532 0.5171132 0.3997527 0.1755075 0.0025062 0.5723717 0.0893806 0.1992164 0.1785646 0.1823504 0.1564473 0.3300518 0.5733942 0.5576506 0.5321012 0.2049523 0.3022592 0.2026521 0.1936624 0.1754906 0.0289939 0.2012354 0.1079698 0.4754787 0.3265454 0.1220148 0.1618832 0.4921303 0.0929784 0.2882208 0.4076907 
Perityle_cinerea_113_Powell1310            0.2127529 0.2702972 0.2636742 0.3955641 0.3306686 0.0982051 0.3439644 0.2912380 0.3284554 0.3796974 0.3310729 0.2294181 0.3312229 0.2257774 0.3060190 0.2330636 0.2389319 0.2261772 0.2311049 0.2325859 0.1809328 0.3180390 0.0000000 0.3236595 0.2280158 0.3127630 0.2418028 0.2303682 0.3429026 0.3054974 0.2960057 0.2962208 0.5578777 0.3230723 0.2171781 0.3556249 0.2688943 0.2156219 0.3559689 0.2522518 0.3250440 0.3298006 0.3632544 0.3092879 0.2698858 0.3479266 0.3351788 0.3133751 0.3280014 0.2884044 0.2429083 0.2284832 0.2380338 0.3495382 0.2205423 0.2561091 0.2454198 0.3679204 0.3140638 0.1791400 0.3433691 0.1865445 0.2643680 0.2413697 0.3277922 0.3336378 0.2518312 0.2620993 0.3021341 0.0697088 0.3230756 0.3338105 0.3742827 0.2631509 0.3011423 0.3435744 0.2987552 0.2702006 0.3351317 0.3290535 0.2799023 0.2950733 0.3098661 0.3155636 0.2380340 
Perityle_coahuilensis_24                   0.4930859 0.2227877 0.4893042 0.4302019 0.2594296 0.1547934 0.2852565 0.2757622 0.4765100 0.1272132 0.2655173 0.5509051 0.2534599 0.5570496 0.1400838 0.5634018 0.3357665 0.4379534 0.4460681 0.5451468 0.2628717 0.3931312 0.3236595 0.0000000 0.3778806 0.0427502 0.5944650 0.5715803 0.2368556 0.4208454 0.3318284 0.4984082 0.7129575 0.1276763 0.5770082 0.2998801 0.7320495 0.6278648 0.1619677 0.5515806 0.2380481 0.2254234 0.2897906 0.0639838 0.7154464 0.2700262 0.2213576 0.0392944 0.0371340 0.7680561 0.5861450 0.5690738 0.3827453 0.0714391 0.5501312 0.3588725 0.3939485 0.2152723 0.3710501 0.5207405 0.1277987 0.2011302 0.1871991 0.2072508 0.2257653 0.2384562 0.4605345 0.5470803 0.4523680 0.2473967 0.2359449 0.2890438 0.2503287 0.0401376 0.2241670 0.2728177 0.1308171 0.4958951 0.2347611 0.1367212 0.2548752 0.4817323 0.3788194 0.2672998 0.2907821 
Perityle_cochisensis_44_cave_creek         0.2629973 0.1768436 0.1691383 0.3650869 0.3622470 0.1251334 0.2657807 0.2115068 0.2833331 0.2596290 0.3673571 0.0478094 0.3355926 0.0441424 0.2350813 0.0624914 0.0282037 0.1569643 0.1516534 0.0360811 0.0723776 0.4060795 0.2280158 0.3778806 0.0000000 0.2175163 0.1147574 0.0633772 0.3717138 0.1880704 0.3066265 0.2059740 0.2067548 0.2387468 0.0316116 0.4123964 0.4229315 0.1710003 0.3304606 0.0716571 0.3551295 0.3342545 0.3607340 0.2718426 0.4318057 0.3545101 0.3612739 0.2077702 0.2017616 0.4553942 0.0376824 0.0316509 0.0285975 0.2490081 0.2323649 0.1931482 0.0519204 0.3360358 0.4154390 0.1335300 0.2783910 0.1228245 0.1421414 0.0784651 0.3611927 0.3691939 0.1180534 0.1459136 0.2046929 0.0201671 0.3754668 0.3379901 0.3301018 0.1963140 0.3541751 0.3541073 0.2872364 0.1512460 0.3670562 0.3228308 0.3502787 0.3688430 0.4036501 0.3729104 0.1498515 
Perityle_congesta_202                      0.1861886 0.2049215 0.1921670 0.1942016 0.0558761 0.1333372 0.1507555 0.2089351 0.2133871 0.1215847 0.0812158 0.1839438 0.0402750 0.1884315 0.0428676 0.1952983 0.1920798 0.2138912 0.2229476 0.2120366 0.1866714 0.0521437 0.3127630 0.0427502 0.2175163 0.0000000 0.1974321 0.2307176 0.0718598 0.1831630 0.2936245 0.2254166 0.2180875 0.1153327 0.1995820 0.1072107 0.3439482 0.2148791 0.0726111 0.1916222 0.0360697 0.0360986 0.0811328 0.0377878 0.3668289 0.0656623 0.0446565 0.0267256 0.0360511 0.3699759 0.2067566 0.1919430 0.2032333 0.0492039 0.1913048 0.1833009 0.2256179 0.1935203 0.0567099 0.1929360 0.0634607 0.1422024 0.1688598 0.1884780 0.0446336 0.0719629 0.2089464 0.2071549 0.2162005 0.2028844 0.0402407 0.0382847 0.1143433 0.0204964 0.0206304 0.0561569 0.0388885 0.1963357 0.0584732 0.0468904 0.0435245 0.2735072 0.0453782 0.0490125 0.1846797 
Perityle_cordifolia_27                     0.4755011 0.1635550 0.2970785 0.4293834 0.4007848 0.1104945 0.3114296 0.1961269 0.4037507 0.2255599 0.5638279 0.1403524 0.4208027 0.2243811 0.2899256 0.1390953 0.0893220 0.2205492 0.1787203 0.1246323 0.0845570 0.5780367 0.2418028 0.5944650 0.1147574 0.1974321 0.0000000 0.1849466 0.5451003 0.3830071 0.2865868 0.3051322 0.3153184 0.2068504 0.1801390 0.4040319 0.5979120 0.3096720 0.4095793 0.1325434 0.3852498 0.4314567 0.5169563 0.2420267 0.5617393 0.6100242 0.4752447 0.1808004 0.1734450 0.6797556 0.1591307 0.2078114 0.1013687 0.2130833 0.2982605 0.2882359 0.1011822 0.3278416 0.5653699 0.2492379 0.2675552 0.1197950 0.1314857 0.0047556 0.5001952 0.5240636 0.0116587 0.2143680 0.4035080 0.0678608 0.4762782 0.4725867 0.3380877 0.2372235 0.3349053 0.3690156 0.2796448 0.2377857 0.5800109 0.3282719 0.5143948 0.4195951 0.6009043 0.5724009 0.1964515 
Perityle_cordifolia_68_tecolote            0.4761991 0.1908979 0.2656885 0.3803884 0.4550717 0.1208731 0.3008589 0.2017270 0.4206101 0.2564679 0.6065195 0.0716736 0.4244332 0.1532279 0.2639150 0.0877652 0.0544252 0.1646027 0.2181072 0.0648335 0.0767977 0.5166297 0.2303682 0.5715803 0.0633772 0.2307176 0.1849466 0.0000000 0.5762520 0.4187539 0.3098039 0.3243574 0.3332555 0.2250540 0.0677527 0.4208882 0.5459242 0.2344640 0.4375275 0.0942468 0.4196285 0.4471404 0.5159382 0.2695606 0.5021338 0.6036999 0.4845281 0.2139044 0.2061681 0.6079860 0.0740677 0.0546530 0.0663590 0.2385063 0.2763868 0.2873131 0.0228052 0.3297467 0.4810291 0.1925314 0.2911073 0.1231987 0.1484082 0.0961626 0.4840271 0.5593384 0.1201030 0.1851604 0.4209688 0.0549439 0.5283002 0.4837712 0.3544001 0.2228716 0.3627973 0.4200010 0.2805079 0.1915558 0.6016007 0.3564806 0.4899788 0.3958518 0.5682866 0.5646293 0.1895835 
Perityle_coronopifolia_28_patagonia        0.4345558 0.2101675 0.4561763 0.4257302 0.1117103 0.1398068 0.2975811 0.2924801 0.4595109 0.1304682 0.1299634 0.5374806 0.1051966 0.5618141 0.1793834 0.5314642 0.3371951 0.4191154 0.4234747 0.5434493 0.2765626 0.3220159 0.3429026 0.2368556 0.3717138 0.0718598 0.5451003 0.5762520 0.0000000 0.4762566 0.3123602 0.4744810 0.6175522 0.1164935 0.5465027 0.1490144 0.6958256 0.5988408 0.0930767 0.5101905 0.1008271 0.1117452 0.1089620 0.0815665 0.6785580 0.1006681 0.0963097 0.0732309 0.0885787 0.7259007 0.5068773 0.5303902 0.3600628 0.1035799 0.5993077 0.3608437 0.3865544 0.2065316 0.2294418 0.5542480 0.0586704 0.1797007 0.1834228 0.1994635 0.1043257 0.0189077 0.4827326 0.4922419 0.4361556 0.2473747 0.2781592 0.1627969 0.1598793 0.0679040 0.0876414 0.2146687 0.1169843 0.4574036 0.1010804 0.0990106 0.1119848 0.4885920 0.3624331 0.0999538 0.2801096 
Perityle_crassifolia_70_ventanas           0.3442732 0.1615261 0.2999948 0.3340611 0.2735197 0.1281480 0.2624580 0.2053422 0.4357788 0.2486196 0.4855875 0.3910674 0.2809998 0.3645814 0.2983347 0.3330434 0.1707121 0.2456551 0.2736101 0.3543061 0.1744759 0.6245099 0.3054974 0.4208454 0.1880704 0.1831630 0.3830071 0.4187539 0.4762566 0.0000000 0.2038471 0.3475883 0.1913343 0.2236448 0.3240918 0.3917542 0.4972009 0.3585579 0.4166576 0.2894874 0.2728799 0.2786122 0.4069606 0.2556632 0.5026523 0.4972398 0.3329808 0.1958115 0.1868268 0.6307691 0.2954150 0.3735040 0.1570569 0.2029570 0.4359095 0.2611791 0.2286211 0.3173645 0.4595937 0.3524389 0.2639720 0.1240364 0.1539921 0.1457602 0.3457435 0.4660480 0.3409720 0.2999525 0.3220633 0.1697813 0.3380000 0.3287594 0.3250137 0.2455631 0.2728938 0.3264397 0.2891337 0.2379926 0.4765440 0.3127974 0.3461064 0.2966736 0.6659978 0.4505782 0.2084773 
Perityle_crassifolia_74_playa_balandra     0.2757248 0.2614411 0.2760426 0.3366935 0.3054460 0.1387972 0.3273263 0.3032943 0.3635137 0.2483474 0.2995702 0.2873237 0.3045873 0.2946611 0.2781269 0.3061902 0.2962783 0.2490257 0.2687776 0.3136813 0.2718620 0.2946527 0.2960057 0.3318284 0.3066265 0.2936245 0.2865868 0.3098039 0.3123602 0.2038471 0.0000000 0.3094520 0.4373245 0.1823765 0.3028015 0.3561576 0.3866900 0.2967699 0.3033925 0.3036449 0.3086985 0.2939416 0.3210136 0.2897706 0.4033502 0.2987906 0.3236543 0.2813155 0.2627566 0.4109062 0.3071433 0.2921389 0.2981611 0.2930197 0.3123927 0.2916178 0.2954590 0.3095746 0.2979724 0.2656339 0.3077690 0.1729134 0.2430035 0.2591772 0.3103812 0.2984514 0.2884050 0.2723421 0.3123556 0.2507694 0.3221315 0.2863176 0.2613358 0.2280007 0.2922197 0.3163163 0.2862925 0.2760954 0.3078295 0.3124053 0.2598381 0.3499203 0.3042813 0.3056448 0.2185507 
Perityle_cuneata_34_cuneata_San_antonio    0.3119544 0.1753090 0.2411687 0.3727284 0.3766277 0.1466430 0.3313294 0.2013117 0.3518852 0.2728836 0.4611805 0.3357096 0.3670985 0.3376622 0.3123090 0.3230652 0.1699846 0.2037390 0.2165003 0.3352230 0.1555894 0.6059874 0.2962208 0.4984082 0.2059740 0.2254166 0.3051322 0.3243574 0.4744810 0.3475883 0.3094520 0.0000000 0.1305954 0.2422674 0.3252920 0.4306612 0.5607954 0.4218787 0.3963012 0.3108653 0.3806384 0.3766533 0.4170383 0.2761663 0.5684357 0.4503949 0.4025623 0.2141310 0.2000532 0.6243241 0.3222003 0.3297900 0.1904648 0.2365769 0.4609345 0.2682084 0.2063455 0.3369104 0.5249345 0.3793166 0.2909658 0.1406860 0.1349733 0.1542316 0.4253147 0.4678789 0.2828165 0.3125406 0.2325758 0.1805551 0.4558918 0.4043794 0.3533132 0.2374305 0.3788161 0.3940441 0.3265242 0.2590586 0.4472178 0.3566188 0.4108455 0.4086866 0.5903821 0.4751598 0.1891133 
Perityle_cuneata_4                         0.5364280 0.1326389 0.3656893 0.3995078 0.6236310 0.0238865 0.4375944 0.2415133 0.3558938 0.2277533 0.6321534 0.3473748 0.5658868 0.3517241 0.1953597 0.3556038 0.1534567 0.1675223 0.2090441 0.2893317 0.1242864 0.5042352 0.5578777 0.7129575 0.2067548 0.2180875 0.3153184 0.3332555 0.6175522 0.1913343 0.4373245 0.1305954 0.0000000 0.1421967 0.3389140 0.5359187 0.6356660 0.4777197 0.4878120 0.3562882 0.5757724 0.5907416 0.5750077 0.3359646 0.6221359 0.5889564 0.5790192 0.1805768 0.1552698 0.6427694 0.3533637 0.3446019 0.1967858 0.2192333 0.7381859 0.2990724 0.1509936 0.5937679 0.6034247 0.4323095 0.3633540 0.0728149 0.0841630 0.1049325 0.6089020 0.5856461 0.1416288 0.2631082 0.2507879 0.0000010 0.7917460 0.5978242 0.4360590 0.1008569 0.4897468 0.5930427 0.3637118 0.3287302 0.5920076 0.4828468 0.6283545 0.6546254 0.4734707 0.6578470 0.1485301 
Perityle_discoidea_81                      0.1841741 0.2368360 0.2097614 0.2139258 0.1149477 0.1770634 0.1773290 0.2156368 0.2231149 0.0079045 0.1218447 0.2099227 0.1147730 0.2155612 0.1036937 0.2126631 0.2124631 0.2312124 0.2393580 0.2348651 0.2096262 0.1187359 0.3230723 0.1276763 0.2387468 0.1153327 0.2068504 0.2250540 0.1164935 0.2236448 0.1823765 0.2422674 0.1421967 0.0000000 0.2262477 0.1569891 0.2842951 0.2187461 0.1139540 0.2084954 0.1209673 0.1209125 0.1308614 0.1068790 0.3141697 0.1076613 0.1206589 0.1102711 0.1103498 0.3167081 0.2314300 0.2194128 0.2239654 0.1414758 0.2042696 0.2213147 0.2372180 0.1455304 0.1187359 0.2259874 0.1156671 0.2123117 0.2167733 0.2105015 0.1175172 0.1165011 0.2184467 0.2295053 0.2410279 0.2862424 0.1203952 0.1178581 0.0235737 0.1209326 0.1175207 0.1191842 0.1161962 0.2162456 0.1167840 0.1210649 0.1146918 0.2208495 0.1187359 0.1267421 0.2356946 
Perityle_dissecta_201                      0.4485263 0.1676954 0.2651779 0.4057811 0.4076234 0.1003142 0.2781189 0.2012506 0.3928582 0.2386212 0.5647724 0.0432013 0.4064717 0.0945047 0.2923389 0.0642232 0.0330625 0.1999369 0.2244314 0.0321057 0.0683894 0.5640669 0.2171781 0.5770082 0.0316116 0.1995820 0.1801390 0.0677527 0.5465027 0.3240918 0.3028015 0.3252920 0.3389140 0.2262477 0.0000000 0.4132545 0.6033090 0.2950116 0.4172569 0.0582866 0.3933497 0.4257249 0.5335432 0.2591954 0.5497421 0.5798395 0.4600473 0.1954305 0.1855294 0.6768061 0.0322537 0.0332126 0.0268146 0.2292226 0.2432395 0.2785733 0.0553763 0.3318366 0.5492197 0.2125746 0.2674738 0.1347418 0.1639114 0.0731395 0.5203607 0.5235468 0.1042625 0.1958431 0.4072540 0.0120324 0.4752898 0.4875198 0.3475882 0.2361245 0.3449820 0.3719202 0.2819790 0.1921716 0.5643794 0.3320335 0.5212515 0.4036245 0.5767040 0.5893352 0.1967470 
Perityle_emoryi_47_punta_san_jose          0.4100655 0.2523439 0.3998222 0.4058204 0.1606427 0.1982481 0.3529116 0.3536154 0.4494249 0.1380447 0.1827917 0.4049946 0.1314181 0.4008996 0.1208769 0.4000818 0.4003432 0.3763581 0.3837144 0.4401993 0.2948159 0.1832218 0.3556249 0.2998801 0.4123964 0.1072107 0.4040319 0.4208882 0.1490144 0.3917542 0.3561576 0.4306612 0.5359187 0.1569891 0.4132545 0.0000000 0.5254677 0.4199191 0.1624346 0.3939637 0.1359603 0.1316020 0.1832700 0.0823055 0.5364082 0.1632729 0.1355711 0.1109361 0.1276298 0.5477687 0.4171242 0.4062785 0.3788689 0.1166831 0.4421104 0.3766836 0.3646059 0.2435337 0.1626017 0.3810340 0.1238752 0.1952915 0.2411749 0.2115583 0.1254108 0.1489415 0.4035080 0.4188689 0.3546328 0.2842133 0.2878492 0.1360939 0.1712153 0.1094685 0.0896812 0.1847901 0.1171328 0.4116339 0.1530199 0.1399619 0.1410629 0.4875751 0.1636777 0.0627711 0.2818183 
Perityle_feddemae_99                       0.6097544 0.2251619 0.6203815 0.6753544 0.6331226 0.1714008 0.4979374 0.3829979 0.5349462 0.3419788 0.6876766 0.5510999 0.6064309 0.5763634 0.4909157 0.5981521 0.3863108 0.4622782 0.4909692 0.5024883 0.3113432 0.7008277 0.2688943 0.7320495 0.4229315 0.3439482 0.5979120 0.5459242 0.6958256 0.4972009 0.3866900 0.5607954 0.6356660 0.2842951 0.6033090 0.5254677 0.0000000 0.6359776 0.6219979 0.5891102 0.5592259 0.6174263 0.7291906 0.3558405 0.0524189 0.7075393 0.6748990 0.3072434 0.2737603 0.0558545 0.6104299 0.5943900 0.3743203 0.3125436 0.6177611 0.4918579 0.3914505 0.4141825 0.7563635 0.5679191 0.3717708 0.1499891 0.1728530 0.2058264 0.6779522 0.6727557 0.4565078 0.5224189 0.5612118 0.3327342 0.6724593 0.6737502 0.5222316 0.4179691 0.5076128 0.6597125 0.4678140 0.5856538 0.6887442 0.5384091 0.6706009 0.4517310 0.6987424 0.7095209 0.3218395 
Perityle_fosteri_93                        0.4692985 0.1688607 0.4202774 0.4996844 0.4270665 0.1274375 0.3379521 0.1865261 0.4927330 0.2389254 0.5648130 0.2021630 0.4525712 0.3107868 0.3059884 0.2373155 0.1340504 0.2700807 0.3176330 0.1676199 0.0389302 0.6249765 0.2156219 0.6278648 0.1710003 0.2148791 0.3096720 0.2344640 0.5988408 0.3585579 0.2967699 0.4218787 0.4777197 0.2187461 0.2950116 0.4199191 0.6359776 0.0000000 0.4274880 0.2499334 0.4364410 0.4694763 0.5702466 0.2678507 0.5902704 0.6031736 0.4867051 0.2108954 0.2088930 0.6914271 0.2422124 0.2803159 0.1920144 0.2402255 0.2681144 0.2360147 0.1134806 0.3479991 0.5985178 0.0960470 0.2908557 0.1031835 0.1383714 0.0928587 0.5893345 0.5828517 0.1372977 0.3124780 0.4617358 0.0502028 0.4986385 0.5657987 0.3489409 0.2475313 0.3933136 0.4183065 0.3018962 0.3722188 0.5867558 0.3622355 0.6007342 0.4249412 0.6165591 0.6354789 0.1982691 
Perityle_gamon_221                         0.3708129 0.2262780 0.3705478 0.3536653 0.0822424 0.1715746 0.2704236 0.2859542 0.3666314 0.1145987 0.1021473 0.4126993 0.0921501 0.4259968 0.1720095 0.4281038 0.3282255 0.3968227 0.3916455 0.4297893 0.2806535 0.3094294 0.3559689 0.1619677 0.3304606 0.0726111 0.4095793 0.4375275 0.0930767 0.4166576 0.3033925 0.3963012 0.4878120 0.1139540 0.4172569 0.1624346 0.6219979 0.4274880 0.0000000 0.4250003 0.0923600 0.1008006 0.0743799 0.0780548 0.6117706 0.0443157 0.0915362 0.0716304 0.0768287 0.6577519 0.4172710 0.4067448 0.3319996 0.1044365 0.4300494 0.3280786 0.3964468 0.2174447 0.2470872 0.3910591 0.0967007 0.2071658 0.1890067 0.2145309 0.0869300 0.0970899 0.4195530 0.4472560 0.3137170 0.2531367 0.1799071 0.1611400 0.1528101 0.0706340 0.0787725 0.1603465 0.1216128 0.3751945 0.0753115 0.0933505 0.1001853 0.4423559 0.3047549 0.0982697 0.2656592 
Perityle_gentryi_8_san_francisco           0.4305368 0.1720161 0.2501341 0.4079754 0.3922472 0.1141562 0.2781794 0.2053948 0.3395826 0.2291120 0.5191362 0.0684768 0.3961021 0.1130805 0.2895935 0.0245155 0.0568420 0.2073977 0.2296936 0.0702071 0.0951605 0.5189516 0.2522518 0.5515806 0.0716571 0.1916222 0.1325434 0.0942468 0.5101905 0.2894874 0.3036449 0.3108653 0.3562882 0.2084954 0.0582866 0.3939637 0.5891102 0.2499334 0.4250003 0.0000000 0.3927254 0.4182089 0.4910173 0.2503768 0.5552285 0.5285153 0.4512400 0.1817181 0.1930658 0.6582577 0.0700573 0.0633642 0.0608459 0.2201459 0.2788142 0.2635849 0.0800096 0.3191492 0.5351190 0.2285593 0.2638349 0.1288407 0.1324951 0.0438223 0.4666132 0.4849933 0.0876956 0.2065228 0.3693975 0.0630115 0.4765303 0.4530455 0.3384215 0.2368208 0.3357766 0.3792753 0.2738314 0.2064665 0.5237072 0.3243705 0.4752888 0.3915586 0.5316084 0.5298958 0.2013739 
Perityle_gilensis_22_Superstition          0.3777484 0.2178209 0.3996199 0.3588148 0.0953700 0.1371757 0.2909906 0.2586640 0.3697197 0.1264217 0.1103178 0.4092179 0.0664818 0.3863371 0.0377363 0.3918106 0.3204165 0.3458959 0.3561295 0.3927606 0.2480847 0.0659955 0.3250440 0.2380481 0.3551295 0.0360697 0.3852498 0.4196285 0.1008271 0.2728799 0.3086985 0.3806384 0.5757724 0.1209673 0.3933497 0.1359603 0.5592259 0.4364410 0.0923600 0.3927254 0.0000000 0.0195706 0.1202645 0.0535445 0.5856921 0.0964127 0.0360134 0.0436275 0.0229813 0.5998463 0.4025203 0.3792006 0.3591538 0.0639521 0.4122761 0.3124395 0.3114118 0.1816432 0.0671749 0.3827107 0.0880705 0.1782579 0.1743676 0.1991415 0.0433740 0.1053673 0.3220157 0.3721556 0.3527784 0.2225263 0.2534427 0.0195650 0.1155299 0.0365889 0.0345315 0.0985553 0.0469653 0.3832287 0.0901710 0.0459121 0.0531892 0.4777757 0.0656509 0.0882601 0.2124877 
Perityle_gilensis_salensis_225             0.4057668 0.2182230 0.4147120 0.3642581 0.0916788 0.1415014 0.2673985 0.2622309 0.3882910 0.1237902 0.1166203 0.3998462 0.0754423 0.4012037 0.0717525 0.4238122 0.3053060 0.3400232 0.3787614 0.3760970 0.2448889 0.1027381 0.3298006 0.2254234 0.3342545 0.0360986 0.4314567 0.4471404 0.1117452 0.2786122 0.2939416 0.3766533 0.5907416 0.1209125 0.4257249 0.1316020 0.6174263 0.4694763 0.1008006 0.4182089 0.0195706 0.0000000 0.1374106 0.0536107 0.6177857 0.1122654 0.0523704 0.0414019 0.0159961 0.6700507 0.4350336 0.4146945 0.3512019 0.0639588 0.3937620 0.2838229 0.3100248 0.1819502 0.0986286 0.4284110 0.0858192 0.1987110 0.1747437 0.1995138 0.0568331 0.1168609 0.3151634 0.3578441 0.4021013 0.2223416 0.2340388 0.0071251 0.1277134 0.0586773 0.0305475 0.0986092 0.0786085 0.3970097 0.1032201 0.0690045 0.0649050 0.4759040 0.0961466 0.1336252 0.2064778 
Perityle_glaucescens_94                    0.4734044 0.2365801 0.4666858 0.3787429 0.1151885 0.1771822 0.2886606 0.3132111 0.4190656 0.1321885 0.1239758 0.4644732 0.1273974 0.4968893 0.1780618 0.4952518 0.3502439 0.4255779 0.4273026 0.4588555 0.2920716 0.2996612 0.3632544 0.2897906 0.3607340 0.0811328 0.5169563 0.5159382 0.1089620 0.4069606 0.3210136 0.4170383 0.5750077 0.1308614 0.5335432 0.1832700 0.7291906 0.5702466 0.0743799 0.4910173 0.1202645 0.1374106 0.0000000 0.1027366 0.6802569 0.0671477 0.1267898 0.0854934 0.0917327 0.7747893 0.5135356 0.5307047 0.3698772 0.1134993 0.5157380 0.3753986 0.4124481 0.2287975 0.2501873 0.4985052 0.1148603 0.1979016 0.1916950 0.2206922 0.1418494 0.1139245 0.4061400 0.4866237 0.4924811 0.2847865 0.2748391 0.2002850 0.1761345 0.0874674 0.1130968 0.2357336 0.1389468 0.4717100 0.1042515 0.1138943 0.1693902 0.4732433 0.2975810 0.1862570 0.2933915 
Perityle_gracilis_11                       0.2177385 0.2039634 0.2274832 0.2400559 0.0687141 0.1306361 0.2080354 0.2492323 0.2558039 0.1124190 0.0891465 0.2524174 0.0491025 0.2486075 0.0497641 0.2543957 0.2482045 0.2518796 0.2460941 0.2663033 0.2373275 0.0456137 0.3092879 0.0639838 0.2718426 0.0377878 0.2420267 0.2695606 0.0815665 0.2556632 0.2897706 0.2761663 0.3359646 0.1068790 0.2591954 0.0823055 0.3558405 0.2678507 0.0780548 0.2503768 0.0535445 0.0536107 0.1027366 0.0000000 0.3665757 0.0669960 0.0513063 0.0199640 0.0407938 0.3787751 0.2729952 0.2453602 0.2610156 0.0725063 0.2413689 0.2265649 0.2626924 0.1674463 0.0456832 0.2431580 0.0717974 0.1579897 0.1598027 0.1833766 0.0428069 0.0794982 0.2624948 0.2520592 0.2554263 0.2068315 0.0839645 0.0557799 0.1138865 0.0291808 0.0322881 0.0599836 0.0521052 0.2412873 0.0686033 0.0471672 0.0541188 0.3352327 0.0371236 0.0512556 0.2012776 
