84
Amauria_brandeegeana_62                    0.0000000 0.2050605 0.3014454 0.4152834 0.2997362 0.3127002 0.2361336 0.1745079 0.3268330 0.0059874 0.3051254 0.1649443 0.1304831 0.1369136 0.0933992 0.2686786 0.1665368 0.3226951 0.2569633 0.2053863 0.1118121 0.1132239 0.1126521 0.1760988 0.1144749 0.1317539 0.1987461 0.1932082 0.3170121 0.2335099 0.1270432 0.1266167 0.2609716 0.0068899 0.1320047 0.3114328 0.2507817 0.1223469 0.2814424 0.2484295 0.1787822 0.1225167 0.1534904 0.1089102 0.1840913 0.1168748 0.1710082 0.1690739 0.1677455 0.3448901 0.1551970 0.1220828 0.1060478 0.1793469 0.1143704 0.2828945 0.1300058 0.1182987 0.1124353 0.1675976 0.2916883 0.1503275 0.2370988 0.1058362 0.1657998 0.2968174 0.1250886 0.3081324 0.3774877 0.1749785 0.1747836 0.1323318 0.1663029 0.1232819 0.1209214 0.1219543 0.2416387 0.3025547 0.3297482 0.1153490 0.1867366 0.1746652 0.3126662 0.4013634 
Amauria_carterae_99_mesa                   0.2050605 0.0000000 0.0766783 0.1786461 0.3465109 0.0465408 0.2036443 0.2090416 0.1913611 0.2092471 0.0912511 0.2026215 0.1980129 0.2170149 0.2206705 0.0687567 0.1950986 0.3825923 0.0721365 0.2036001 0.2159534 0.1980129 0.1851689 0.2267613 0.2020978 0.1980129 0.2074676 0.2018661 0.0906678 0.0972504 0.2119091 0.1758865 0.2265974 0.2092471 0.2122721 0.0724163 0.0914727 0.2267724 0.0872232 0.0687567 0.2212592 0.2267613 0.2300229 0.1980129 0.2309878 0.1874562 0.1953303 0.1984224 0.2077935 0.0758455 0.2266072 0.2027454 0.2072512 0.2073997 0.2159534 0.0722283 0.2064895 0.1982916 0.2023056 0.1933157 0.0918301 0.2715919 0.0977061 0.2147928 0.2119474 0.0909433 0.2121107 0.0761500 0.2199662 0.2171096 0.2267613 0.2221602 0.1980129 0.2160581 0.2224552 0.2204280 0.0840749 0.0757604 0.2020777 0.2023056 0.1158702 0.2026056 0.0724163 0.0647687 
Amauria_rotundifolia_SRR9119150            0.3014454 0.0766783 0.0000000 0.3827970 0.3418364 0.0861018 0.3081675 0.2004194 0.2223503 0.2860064 0.1335359 0.2972897 0.2676046 0.2801915 0.1900118 0.1157583 0.2938548 0.3748536 0.1007536 0.3421392 0.2681092 0.2576243 0.1953265 0.3053526 0.2685415 0.2792682 0.3171157 0.3166671 0.1332774 0.1137785 0.2245127 0.2700720 0.4033459 0.2750515 0.2786255 0.1258229 0.1173958 0.2504448 0.1329753 0.1160529 0.3092751 0.2706003 0.2934057 0.2486989 0.3407451 0.1695551 0.2908642 0.2975198 0.2977853 0.2163131 0.3083045 0.2601064 0.2664375 0.3167375 0.2742866 0.1373460 0.2770076 0.2559241 0.2644235 0.2941154 0.1346508 0.2360472 0.0944099 0.1914902 0.3044805 0.1291060 0.2806825 0.1503344 0.4375210 0.2895210 0.3038573 0.2661838 0.2967080 0.2853094 0.2682273 0.2110975 0.1161472 0.1259450 0.4136977 0.2632727 0.0941534 0.3022305 0.1268480 0.2336628 
Conoclinium_coelestinum_SRR9119114         0.4152834 0.1786461 0.3827970 0.0000000 0.4079710 0.2450913 0.4117714 0.2519856 0.3480498 0.4481337 0.4002397 0.4988134 0.4003323 0.4636437 0.3224263 0.3616049 0.4855561 0.3471361 0.2670499 0.3958712 0.4210798 0.4483374 0.2571767 0.5081184 0.4395913 0.5029322 0.4843722 0.4125924 0.3839446 0.2525930 0.2771655 0.4318755 0.4945522 0.3701379 0.4828381 0.3763273 0.4354885 0.4089874 0.3821289 0.2769983 0.5019398 0.4667374 0.5089362 0.3686160 0.5102155 0.2358324 0.4612889 0.4947892 0.4448857 0.3519109 0.3590653 0.3357764 0.4702863 0.4116554 0.4192263 0.2972209 0.3636449 0.3382833 0.5009354 0.5176456 0.3287654 0.3294206 0.2596364 0.2580140 0.5130203 0.4161092 0.4615652 0.3973620 0.5022127 0.3912154 0.5075323 0.3837050 0.4917267 0.4265442 0.4308605 0.3013241 0.3215792 0.3361810 0.4628587 0.4193380 0.2135954 0.4625313 0.3599138 0.2608863 
Eutetras_palmeri_63                        0.2997362 0.3465109 0.3418364 0.4079710 0.0000000 0.2627185 0.3044210 0.3565513 0.3892570 0.3061075 0.3333413 0.2877189 0.2948526 0.3049872 0.3004069 0.3382821 0.2935628 0.3747556 0.3383098 0.3045066 0.2926860 0.2945392 0.3081340 0.2931389 0.2931389 0.2909420 0.3088398 0.3040110 0.3532110 0.3477289 0.3122206 0.2959173 0.3139751 0.3246344 0.2937247 0.3352488 0.3367984 0.2972783 0.3212159 0.3343773 0.3012225 0.2962474 0.3127732 0.2945148 0.3061590 0.2774901 0.2942972 0.2981672 0.2909420 0.3344451 0.3204985 0.3146951 0.2981017 0.3051990 0.2962457 0.3291696 0.3076958 0.3246691 0.2941728 0.2909420 0.3518193 0.3282938 0.3465453 0.3156219 0.2918411 0.3597903 0.3004137 0.3456466 0.3077307 0.2968407 0.2931389 0.2824879 0.2909420 0.2994805 0.2973170 0.3200569 0.3496840 0.3299372 0.3004175 0.2909420 0.3435011 0.2945148 0.3352488 0.3435813 
Eutetras_pringlei_149_quer                 0.3127002 0.0465408 0.0861018 0.2450913 0.2627185 0.0000000 0.3491483 0.1936484 0.2520694 0.3127002 0.0841332 0.2836148 0.2836148 0.3017804 0.2613463 0.0714375 0.2841953 0.3982338 0.0928900 0.2789033 0.3042662 0.2841173 0.1789729 0.3205851 0.2870372 0.2836148 0.2841316 0.2854767 0.0752211 0.1375141 0.1997223 0.2882156 0.3250797 0.3127002 0.3009665 0.0711510 0.0834327 0.3069506 0.0814905 0.0756347 0.3010532 0.3205851 0.2993860 0.2837882 0.2986282 0.2111643 0.2795594 0.2842970 0.2956962 0.0710633 0.3203381 0.2836123 0.2897298 0.2845181 0.3057508 0.0717034 0.2910203 0.2924092 0.2886810 0.2778719 0.0977797 0.3203542 0.0668310 0.2104949 0.2886645 0.0754147 0.3074516 0.0628807 0.2817585 0.2962233 0.3205851 0.2962750 0.2846808 0.2998563 0.3078894 0.2410377 0.0757089 0.0726082 0.2987806 0.2886810 0.1259277 0.2940746 0.0711510 0.0676896 
Eutrochium_fistulosum_SRR9119106           0.2361336 0.2036443 0.3081675 0.4117714 0.3044210 0.3491483 0.0000000 0.1582485 0.4274977 0.2200481 0.3113137 0.2171326 0.2176251 0.2223955 0.1143703 0.2916809 0.2117570 0.3712188 0.2925136 0.2237569 0.2173608 0.2112691 0.1076483 0.2279049 0.2112488 0.2152674 0.2239972 0.2152154 0.3128496 0.2621773 0.1145338 0.2300515 0.2594011 0.2338416 0.2177764 0.3095964 0.2994559 0.2220906 0.3139909 0.2928273 0.2180329 0.2264637 0.2246609 0.2179063 0.2316678 0.1022356 0.2137058 0.2196559 0.2194619 0.3087148 0.2368013 0.2111557 0.2178498 0.2243256 0.2172212 0.3071714 0.2412933 0.1921246 0.2157613 0.2172966 0.3077056 0.1746823 0.2924975 0.1140864 0.2175441 0.3150399 0.2262996 0.3182159 0.2687884 0.2231707 0.2259069 0.1790326 0.2155713 0.2172092 0.2148093 0.1188779 0.3109900 0.3080449 0.2368907 0.2140866 0.1789951 0.2228540 0.3095964 0.3061403 
Galeana_pratensis_104_mex                  0.1745079 0.2090416 0.2004194 0.2519856 0.3565513 0.1936484 0.1582485 0.0000000 0.2334429 0.1741128 0.2197194 0.1702562 0.1651995 0.1702477 0.1646371 0.1991526 0.1548070 0.2089508 0.2194202 0.1610772 0.1693812 0.1651995 0.1538819 0.1605895 0.1651974 0.1651995 0.1655644 0.1649643 0.2192877 0.2147215 0.1385166 0.1599557 0.1702076 0.1741128 0.1703774 0.2148411 0.1885361 0.1708788 0.2034893 0.1991526 0.1708206 0.1605895 0.2075277 0.1651995 0.1928102 0.1402181 0.1559340 0.1655808 0.1651995 0.1972686 0.1527236 0.1651995 0.1703768 0.1601844 0.1693812 0.2084796 0.1590041 0.1564989 0.1699620 0.1651995 0.2195541 0.1761644 0.2484348 0.1490492 0.1757708 0.2190005 0.1603778 0.2215541 0.1745210 0.1651994 0.1605895 0.1453546 0.1651995 0.1694654 0.1653244 0.1634254 0.2166597 0.1783434 0.1599451 0.1651995 0.2203508 0.1651995 0.2148411 0.2030360 
Helianthus_annuus_SRR9119062               0.3268330 0.1913611 0.2223503 0.3480498 0.3892570 0.2520694 0.4274977 0.2334429 0.0000000 0.3334267 0.2090424 0.3122833 0.3132699 0.3294310 0.2855292 0.1931178 0.3050045 0.3745854 0.2126798 0.3719605 0.3188677 0.3002818 0.2385103 0.3279789 0.3238566 0.3078855 0.3297593 0.3262875 0.2057269 0.2245461 0.2720351 0.3253593 0.4264863 0.3334267 0.3266332 0.2093941 0.1985563 0.3303479 0.1971665 0.1911299 0.3309895 0.3279978 0.3538831 0.3101749 0.3705486 0.2175112 0.3106925 0.3083183 0.3103645 0.2909121 0.3625625 0.3057862 0.3076661 0.3258052 0.3238726 0.2580394 0.3157233 0.2986814 0.3101545 0.3052781 0.2179592 0.2958339 0.1992440 0.2415459 0.3074342 0.2145122 0.3289802 0.2045340 0.4649290 0.3273876 0.3279978 0.3405646 0.3062131 0.3238933 0.3237651 0.2734979 0.2117184 0.2054246 0.4222326 0.3149610 0.1782765 0.3151030 0.2093941 0.2624767 
Lycapsus_tenuifolius_17                    0.0059874 0.2092471 0.2860064 0.4481337 0.3061075 0.3127002 0.2200481 0.1741128 0.3334267 0.0000000 0.2738748 0.1059929 0.1071059 0.1191182 0.0893403 0.2628097 0.1035256 0.3226951 0.2564605 0.1841986 0.1076312 0.1116468 0.1124690 0.1171466 0.1102609 0.1103183 0.1335573 0.1327756 0.2683516 0.2377027 0.1195267 0.1245607 0.2185424 0.0000010 0.1155856 0.2718538 0.2616847 0.1166860 0.2585549 0.2376889 0.1159536 0.1172032 0.1327775 0.1056620 0.1574030 0.1117918 0.1119504 0.1117538 0.1075476 0.3267895 0.1493049 0.1153116 0.1052355 0.1318981 0.1090788 0.2730907 0.1234173 0.1159156 0.1089196 0.1089939 0.2473387 0.1472416 0.2366466 0.0963508 0.1096765 0.2712848 0.1197982 0.2756287 0.2621430 0.1123641 0.1158556 0.1270843 0.1106398 0.1193732 0.1130675 0.1134750 0.2418576 0.2793360 0.2257037 0.1086316 0.1899289 0.1115975 0.2706717 0.3176471 
Pericome_caudata_50_silver                 0.3051254 0.0912511 0.1335359 0.4002397 0.3333413 0.0841332 0.3113137 0.2197194 0.2090424 0.2738748 0.0000000 0.3040275 0.2452798 0.2713035 0.1814313 0.0674289 0.2898974 0.3181229 0.0707852 0.3042718 0.2382088 0.2350828 0.1824070 0.3091755 0.2415356 0.2652883 0.3143246 0.3100824 0.1052061 0.1123138 0.2159267 0.2600956 0.3772904 0.2572953 0.2599204 0.0779488 0.0896449 0.2223232 0.1025042 0.0770268 0.3121788 0.2550804 0.2962851 0.2110105 0.3322915 0.1533388 0.2755603 0.3024347 0.3071255 0.1795348 0.2966772 0.2360674 0.2403527 0.3026246 0.2443992 0.1056429 0.2420554 0.2293028 0.2455786 0.3044855 0.1099850 0.2328247 0.0649845 0.1873545 0.3102464 0.0893544 0.2573535 0.1009296 0.4581763 0.2901993 0.3057977 0.2430689 0.2958509 0.2477839 0.2478985 0.1986858 0.0658848 0.0825267 0.4200830 0.2337972 0.0763020 0.2920501 0.0752971 0.2155474 
Perityle_aglossa_84_dead_horse             0.1649443 0.2026215 0.2972897 0.4988134 0.2877189 0.2836148 0.2171326 0.1702562 0.3122833 0.1059929 0.3040275 0.0000000 0.0109620 0.0465675 0.0257356 0.2474007 0.0281192 0.3178569 0.2254440 0.1145338 0.0281697 0.0161520 0.0218207 0.0392607 0.0302875 0.0124657 0.0596164 0.0626684 0.2845745 0.2242625 0.1056015 0.1292078 0.2485107 0.1099076 0.0261586 0.2764731 0.2168898 0.0351104 0.3140052 0.2305106 0.0376973 0.0349628 0.1314549 0.0075876 0.1705795 0.0974111 0.0332415 0.0151086 0.0139730 0.3128427 0.0320461 0.0109859 0.0094425 0.0581306 0.0306725 0.2592791 0.0358539 0.0454173 0.0161475 0.0276127 0.2733339 0.1253960 0.2168974 0.0278267 0.0092013 0.2621043 0.1008067 0.2929146 0.2921466 0.0336458 0.0382463 0.0919557 0.0112443 0.0356639 0.0258764 0.0325368 0.2164133 0.3201749 0.2561578 0.0101337 0.1647812 0.0159669 0.2796898 0.3517444 
Perityle_ajoensis_204                      0.1304831 0.1980129 0.2676046 0.4003323 0.2948526 0.2836148 0.2176251 0.1651995 0.3132699 0.1071059 0.2452798 0.0109620 0.0000000 0.0521099 0.0257515 0.2330880 0.0267533 0.3178569 0.2236556 0.1132411 0.0296017 0.0116970 0.0186600 0.0359922 0.0287631 0.0076758 0.0553774 0.0541629 0.2458896 0.2244377 0.1057340 0.1271599 0.2387084 0.1134372 0.0327354 0.2416636 0.2198142 0.0390287 0.2406694 0.2312343 0.0312502 0.0340553 0.1398353 0.0076038 0.1999872 0.0924462 0.0253966 0.0076706 0.0076721 0.3092091 0.0297307 0.0110003 0.0095928 0.0566472 0.0341476 0.2617720 0.0377595 0.0435230 0.0034769 0.0043702 0.2393135 0.1255149 0.2175067 0.0278546 0.0121356 0.2491511 0.1057143 0.2488041 0.2684388 0.0293915 0.0348184 0.0887896 0.0043735 0.0381555 0.0247229 0.0325639 0.2169335 0.2529208 0.2175944 0.0114261 0.1649851 0.0098698 0.2416636 0.3427438 
Perityle_ambrosiifolia_67_green            0.1369136 0.2170149 0.2801915 0.4636437 0.3049872 0.3017804 0.2223955 0.1702477 0.3294310 0.1191182 0.2713035 0.0465675 0.0521099 0.0000000 0.0255027 0.2554170 0.0452219 0.3424854 0.2447083 0.1343461 0.0277055 0.0437545 0.0379639 0.0459688 0.0452701 0.0530015 0.0796980 0.0744327 0.2581643 0.2358646 0.1283722 0.1345466 0.2446331 0.1272761 0.0425044 0.2586792 0.2562633 0.0311093 0.2609074 0.2471092 0.0460256 0.0398939 0.1512464 0.0335104 0.1958322 0.1230808 0.0506261 0.0541892 0.0504186 0.3292750 0.0387434 0.0354382 0.0370362 0.0782459 0.0339614 0.2863565 0.0448282 0.0508785 0.0393593 0.0507162 0.2526289 0.1423416 0.2434748 0.0393265 0.0498543 0.2609781 0.1172916 0.2744112 0.2509744 0.0400963 0.0459932 0.1121991 0.0519876 0.0362638 0.0422479 0.0298724 0.2352660 0.2698613 0.2268407 0.0490250 0.1766456 0.0518160 0.2609147 0.3330167 
Perityle_angustifolia_13_Eagle_creek       0.0933992 0.2206705 0.1900118 0.3224263 0.3004069 0.2613463 0.1143703 0.1646371 0.2855292 0.0893403 0.1814313 0.0257356 0.0257515 0.0255027 0.0000000 0.1650204 0.0190509 0.3306239 0.1994350 0.0188004 0.0083889 0.0292959 0.0249367 0.0186909 0.0169036 0.0239896 0.0449384 0.0393619 0.1845918 0.2031784 0.1162160 0.0942996 0.1249280 0.0979951 0.0169010 0.1736374 0.1781315 0.0186580 0.1794959 0.1650203 0.0169515 0.0204002 0.1042561 0.0264074 0.1142854 0.1121168 0.0101408 0.0292768 0.0275186 0.1753091 0.0252978 0.0352430 0.0274860 0.0396467 0.0066223 0.1808793 0.0408019 0.0409666 0.0257196 0.0257444 0.1836151 0.1416799 0.1796784 0.0277234 0.0292460 0.1869368 0.1003161 0.1892150 0.0904425 0.0169033 0.0186909 0.0762801 0.0257748 0.0134750 0.0169295 0.0181884 0.1826743 0.1791751 0.0349205 0.0257196 0.1790764 0.0292209 0.1736374 0.1832796 
Perityle_batopilensis_97                   0.2686786 0.0687567 0.1157583 0.3616049 0.3382821 0.0714375 0.2916809 0.1991526 0.1931178 0.2628097 0.0674289 0.2474007 0.2330880 0.2554170 0.1650204 0.0000000 0.2449500 0.3410078 0.0760612 0.3030281 0.2270087 0.2171180 0.1580547 0.2556576 0.2292025 0.2485381 0.2664056 0.2517412 0.0526350 0.1043266 0.1941355 0.2443478 0.3801257 0.2481681 0.2443323 0.0348802 0.0676675 0.2149800 0.0730228 0.0205883 0.2559927 0.2421497 0.2704919 0.2073985 0.3072049 0.1468554 0.2500580 0.2448553 0.2465264 0.1669261 0.2761463 0.2201469 0.2268318 0.2737449 0.2321702 0.1000439 0.2241405 0.2156429 0.2261684 0.2431520 0.0778068 0.2095607 0.0553617 0.1624065 0.2528038 0.0560212 0.2408191 0.0648277 0.3807107 0.2417340 0.2572800 0.2316202 0.2472788 0.2386670 0.2326456 0.1764202 0.0653545 0.0631798 0.3376699 0.2262772 0.0634934 0.2526715 0.0355472 0.1663889 
Perityle_bisetosa_9                        0.1665368 0.1950986 0.2938548 0.4855561 0.2935628 0.2841953 0.2117570 0.1548070 0.3050045 0.1035256 0.2898974 0.0281192 0.0267533 0.0452219 0.0190509 0.2449500 0.0000000 0.3193278 0.2219021 0.1124061 0.0169177 0.0335992 0.0093524 0.0295789 0.0285422 0.0270153 0.0558366 0.0543694 0.2820869 0.2247733 0.0949369 0.1226610 0.2305304 0.1070117 0.0266879 0.2828362 0.2172089 0.0239169 0.2882093 0.2308229 0.0260242 0.0266207 0.1328353 0.0202399 0.1633921 0.0926505 0.0297705 0.0350624 0.0315334 0.3117500 0.0279558 0.0246589 0.0258672 0.0524657 0.0228276 0.2607894 0.0289578 0.0343415 0.0334390 0.0490746 0.2677944 0.1123531 0.2228521 0.0259696 0.0305633 0.2593462 0.0963531 0.2903033 0.2847566 0.0205125 0.0285653 0.0820731 0.0326257 0.0249883 0.0241508 0.0259583 0.2155404 0.2993556 0.2597987 0.0288656 0.1684462 0.0381414 0.2864944 0.3570847 
Perityle_californica_76_positas            0.3226951 0.3825923 0.3748536 0.3471361 0.3747556 0.3982338 0.3712188 0.2089508 0.3745854 0.3226951 0.3181229 0.3178569 0.3178569 0.3424854 0.3306239 0.3410078 0.3193278 0.0000000 0.3577699 0.3178569 0.3406889 0.3178569 0.3455724 0.3366404 0.3178569 0.3178569 0.3170675 0.3277739 0.3427550 0.3867384 0.3133655 0.2806006 0.3382890 0.3226951 0.3416694 0.3289635 0.3647463 0.3416694 0.3276914 0.3410078 0.3345330 0.3366404 0.3032777 0.3178569 0.3143981 0.3072449 0.3190055 0.3292983 0.3194109 0.3293508 0.3362160 0.3298926 0.3194867 0.3170675 0.3306239 0.3680917 0.3277739 0.3415549 0.3178569 0.3178569 0.3315248 0.3306595 0.3875593 0.3068320 0.3178569 0.3427550 0.3421210 0.3289635 0.3257886 0.3416694 0.3366404 0.3133655 0.3178569 0.3306239 0.3438153 0.3306239 0.3187325 0.3273145 0.3278014 0.3282044 0.4474322 0.3194109 0.3289635 0.3388446 
Perityle_canescens_77                      0.2569633 0.0721365 0.1007536 0.2670499 0.3383098 0.0928900 0.2925136 0.2194202 0.2126798 0.2564605 0.0707852 0.2254440 0.2236556 0.2447083 0.1994350 0.0760612 0.2219021 0.3577699 0.0000000 0.2237651 0.2353526 0.2214953 0.1889254 0.2396728 0.2289998 0.2213403 0.2372315 0.2352936 0.0764667 0.1048782 0.2185499 0.2249818 0.2571016 0.2762632 0.2358124 0.0826397 0.0846950 0.2387279 0.0678684 0.0743692 0.2390277 0.2436478 0.2511908 0.2238414 0.2430823 0.1535244 0.2239101 0.2212689 0.2259280 0.0984352 0.3159087 0.2592417 0.2276647 0.2388740 0.2358172 0.0728799 0.2683386 0.2551246 0.2233368 0.2191267 0.0831140 0.2347398 0.0873914 0.1929517 0.2295180 0.0829953 0.2375763 0.0828151 0.2770857 0.2321835 0.2416594 0.2476921 0.2177863 0.2424866 0.2325324 0.2160855 0.0847009 0.0799369 0.2635553 0.2253242 0.1015219 0.2276090 0.0826397 0.0786768 
Perityle_castillonii_96                    0.2053863 0.2036001 0.3421392 0.3958712 0.3045066 0.2789033 0.2237569 0.1610772 0.3719605 0.1841986 0.3042718 0.1145338 0.1132411 0.1343461 0.0188004 0.3030281 0.1124061 0.3178569 0.2237651 0.0000000 0.0598027 0.0460881 0.0155426 0.1237738 0.0951309 0.1142732 0.1411724 0.1348590 0.3130532 0.2220428 0.0983706 0.1837051 0.2281243 0.2081235 0.1176617 0.3153433 0.2937604 0.1097250 0.3091101 0.3040537 0.1178657 0.1236916 0.2030657 0.0956388 0.2362924 0.0927245 0.1095900 0.1161628 0.1147344 0.3351901 0.0320933 0.0278233 0.0863012 0.1397744 0.1160537 0.2800430 0.0738083 0.0318701 0.1062588 0.1117396 0.3052932 0.1336212 0.3049682 0.0250354 0.1181866 0.3154906 0.1416953 0.3066405 0.2574676 0.1148888 0.1222994 0.0803760 0.1118426 0.0962394 0.1167243 0.0277915 0.2896211 0.3198806 0.2145236 0.1160676 0.1760609 0.1145374 0.3153433 0.3628167 
Perityle_cernua_84                         0.1118121 0.2159534 0.2681092 0.4210798 0.2926860 0.3042662 0.2173608 0.1693812 0.3188677 0.1076312 0.2382088 0.0281697 0.0296017 0.0277055 0.0083889 0.2270087 0.0169177 0.3406889 0.2353526 0.0598027 0.0000000 0.0378161 0.0217689 0.0238882 0.0263519 0.0304547 0.0566842 0.0586119 0.2388470 0.2277116 0.1161614 0.1162390 0.1649968 0.1159643 0.0212855 0.2331292 0.2444587 0.0230031 0.2309116 0.2046785 0.0213620 0.0238993 0.1290528 0.0285967 0.1230753 0.1121168 0.0226244 0.0343903 0.0304727 0.2683149 0.0248139 0.0354395 0.0318144 0.0553837 0.0164460 0.2398092 0.0410083 0.0430659 0.0317391 0.0317617 0.2187724 0.1359254 0.2221974 0.0248998 0.0332828 0.2420552 0.1068043 0.2412012 0.1877656 0.0203122 0.0226218 0.1011031 0.0331559 0.0203191 0.0238803 0.0135846 0.2110895 0.2401418 0.1515550 0.0341876 0.1753008 0.0343416 0.2331292 0.2564790 
Perityle_cfvillosa_25_tin                  0.1132239 0.1980129 0.2576243 0.4483374 0.2945392 0.2841173 0.2112691 0.1651995 0.3002818 0.1116468 0.2350828 0.0161520 0.0116970 0.0437545 0.0292959 0.2171180 0.0335992 0.3178569 0.2214953 0.0460881 0.0378161 0.0000000 0.0186600 0.0436939 0.0366583 0.0102375 0.0641489 0.0589702 0.2265270 0.2193300 0.1019270 0.1120464 0.1576568 0.1041944 0.0298350 0.2171300 0.2174284 0.0351145 0.2219909 0.1892954 0.0374946 0.0439865 0.1083681 0.0069204 0.1140319 0.0924462 0.0337599 0.0136971 0.0143793 0.2399197 0.0320853 0.0109966 0.0148427 0.0597162 0.0341057 0.2186434 0.0361565 0.0435073 0.0102384 0.0102450 0.2052644 0.1225944 0.2048732 0.0249924 0.0172369 0.2310724 0.1095487 0.2338385 0.1702359 0.0266261 0.0399821 0.0942145 0.0125745 0.0424557 0.0295277 0.0325497 0.1996607 0.2298507 0.1408573 0.0178136 0.1610683 0.0125343 0.2200926 0.2305673 
Perityle_cinerea_113_Powell1310            0.1126521 0.1851689 0.1953265 0.2571767 0.3081340 0.1789729 0.1076483 0.1538819 0.2385103 0.1124690 0.1824070 0.0218207 0.0186600 0.0379639 0.0249367 0.1580547 0.0093524 0.3455724 0.1889254 0.0155426 0.0217689 0.0186600 0.0000000 0.0315871 0.0123864 0.0186600 0.0313998 0.0280985 0.1892113 0.1991825 0.0840229 0.1123885 0.1219322 0.1124690 0.0250487 0.1654038 0.1572878 0.0283073 0.1727912 0.1580547 0.0282860 0.0315871 0.1316462 0.0186600 0.1396308 0.0924462 0.0124795 0.0218224 0.0250500 0.1565495 0.0333101 0.0282211 0.0249961 0.0250685 0.0217689 0.1781258 0.0249529 0.0347668 0.0217962 0.0218343 0.1787354 0.1218750 0.1822085 0.0270919 0.0281955 0.2013015 0.1059625 0.1719492 0.0641578 0.0218546 0.0315871 0.0849205 0.0186600 0.0217746 0.0250872 0.0249151 0.1681876 0.1714071 0.0154761 0.0217962 0.1906569 0.0249634 0.1654038 0.1687058 
Perityle_coahuilensis_24                   0.1760988 0.2267613 0.3053526 0.5081184 0.2931389 0.3205851 0.2279049 0.1605895 0.3279789 0.1171466 0.3091755 0.0392607 0.0359922 0.0459688 0.0186909 0.2556576 0.0295789 0.3366404 0.2396728 0.1237738 0.0238882 0.0436939 0.0315871 0.0000000 0.0369661 0.0386737 0.0658165 0.0686169 0.2898732 0.2346581 0.1212195 0.1420321 0.2466146 0.1221661 0.0331073 0.2848440 0.2344284 0.0311606 0.3205721 0.2404395 0.0240848 0.0041715 0.1445998 0.0294428 0.1780675 0.1131044 0.0339360 0.0429397 0.0402284 0.3278863 0.0065505 0.0356027 0.0352092 0.0664588 0.0268474 0.2769480 0.0449164 0.0490916 0.0437164 0.0573717 0.2785583 0.1368131 0.2283022 0.0336618 0.0577090 0.2683052 0.1139782 0.3019741 0.2973008 0.0294302 0.0024388 0.1076908 0.0416306 0.0301907 0.0325368 0.0252847 0.2284200 0.3668697 0.2712353 0.0378744 0.1810032 0.0442277 0.2901554 0.3655148 
Perityle_cochisensis_44_cave_creek         0.1144749 0.2020978 0.2685415 0.4395913 0.2931389 0.2870372 0.2112488 0.1651974 0.3238566 0.1102609 0.2415356 0.0302875 0.0287631 0.0452701 0.0169036 0.2292025 0.0285422 0.3178569 0.2289998 0.0951309 0.0263519 0.0366583 0.0123864 0.0369661 0.0000000 0.0371071 0.0623611 0.0530290 0.2419326 0.2254920 0.1015176 0.1191607 0.1964267 0.1137320 0.0345297 0.2379296 0.2401269 0.0342705 0.2361592 0.2146859 0.0346454 0.0369820 0.1377763 0.0199699 0.1572663 0.0974840 0.0275975 0.0383287 0.0359484 0.2952544 0.0316924 0.0259142 0.0292174 0.0602566 0.0334885 0.2571409 0.0300430 0.0315289 0.0347104 0.0347329 0.2262710 0.1247685 0.2253011 0.0193179 0.0361297 0.2448650 0.1050871 0.2445812 0.2208333 0.0304548 0.0357977 0.0930061 0.0348359 0.0363203 0.0366234 0.0274822 0.2269245 0.2542248 0.1767547 0.0330337 0.1722863 0.0370869 0.2377149 0.2970154 
Perityle_congesta_202                      0.1317539 0.1980129 0.2792682 0.5029322 0.2909420 0.2836148 0.2152674 0.1651995 0.3078855 0.1103183 0.2652883 0.0124657 0.0076758 0.0530015 0.0239896 0.2485381 0.0270153 0.3178569 0.2213403 0.1142732 0.0304547 0.0102375 0.0186600 0.0386737 0.0371071 0.0000000 0.0556046 0.0566502 0.2463588 0.2218596 0.1019270 0.1266065 0.2383439 0.1133465 0.0310386 0.2483235 0.2139167 0.0403005 0.2517032 0.2326357 0.0350414 0.0401979 0.1158459 0.0101342 0.1635398 0.0924462 0.0294743 0.0092139 0.0091763 0.3073779 0.0297307 0.0091486 0.0114531 0.0607944 0.0363785 0.2596784 0.0340376 0.0415435 0.0103241 0.0217083 0.2397335 0.1225944 0.2194338 0.0249924 0.0111648 0.2435386 0.1026033 0.2608111 0.2523841 0.0294209 0.0376559 0.0924238 0.0065156 0.0428459 0.0267582 0.0301605 0.2185818 0.2578121 0.2132964 0.0134053 0.1610683 0.0097473 0.2522572 0.3444932 
Perityle_cordifolia_27                     0.1987461 0.2074676 0.3171157 0.4843722 0.3088398 0.2841316 0.2239972 0.1655644 0.3297593 0.1335573 0.3143246 0.0596164 0.0553774 0.0796980 0.0449384 0.2664056 0.0558366 0.3170675 0.2372315 0.1411724 0.0566842 0.0641489 0.0313998 0.0658165 0.0623611 0.0556046 0.0000000 0.0830108 0.3030775 0.2346948 0.1201552 0.1503517 0.2683066 0.1304274 0.0593721 0.3001841 0.2314887 0.0545725 0.3223752 0.2528783 0.0677503 0.0652023 0.1438211 0.0460329 0.1808956 0.1176491 0.0633097 0.0658773 0.0702098 0.3314523 0.0387649 0.0393769 0.0594397 0.0093985 0.0585906 0.2826700 0.0466181 0.0489405 0.0615439 0.0812504 0.2996003 0.1448464 0.2485415 0.0137152 0.0608404 0.2785154 0.0841728 0.3173907 0.2967889 0.0594035 0.0661432 0.1125367 0.0653015 0.0631724 0.0607520 0.0368899 0.2418794 0.3352522 0.3038695 0.0602798 0.1690205 0.0701278 0.3078896 0.3780144 
Perityle_cordifolia_68_tecolote            0.1932082 0.2018661 0.3166671 0.4125924 0.3040110 0.2854767 0.2152154 0.1649643 0.3262875 0.1327756 0.3100824 0.0626684 0.0541629 0.0744327 0.0393619 0.2517412 0.0543694 0.3277739 0.2352936 0.1348590 0.0586119 0.0589702 0.0280985 0.0686169 0.0530290 0.0566502 0.0830108 0.0000000 0.3174106 0.2345826 0.0979416 0.1396047 0.2596578 0.1216853 0.0609652 0.2991348 0.2596567 0.0531360 0.3273715 0.2304102 0.0676109 0.0590901 0.1735541 0.0375332 0.2215807 0.1071584 0.0578857 0.0659940 0.0702886 0.3415764 0.0526451 0.0468085 0.0514473 0.0752864 0.0583306 0.2657555 0.0122119 0.0525050 0.0563069 0.0691714 0.2899178 0.1302919 0.2294148 0.0333997 0.0653455 0.2986931 0.1321720 0.3113932 0.3055167 0.0556763 0.0632225 0.1104575 0.0620563 0.0629646 0.0587754 0.0485541 0.2333146 0.3392384 0.2808656 0.0513528 0.1614561 0.0626216 0.2972011 0.3486477 
Perityle_coronopifolia_28_patagonia        0.3170121 0.0906678 0.1332774 0.3839446 0.3532110 0.0752211 0.3128496 0.2192877 0.2057269 0.2683516 0.1052061 0.2845745 0.2458896 0.2581643 0.1845918 0.0526350 0.2820869 0.3427550 0.0764667 0.3130532 0.2388470 0.2265270 0.1892113 0.2898732 0.2419326 0.2463588 0.3030775 0.3174106 0.0000000 0.1162477 0.2316495 0.2483687 0.3935313 0.2636455 0.2482546 0.0993149 0.0649394 0.2320981 0.1172021 0.0684475 0.2944395 0.2470035 0.2790226 0.2195504 0.2956121 0.1632196 0.2882565 0.2851086 0.2932092 0.1727201 0.2972032 0.2426844 0.2292572 0.3156482 0.2397908 0.0907739 0.2539660 0.2438779 0.2239519 0.2805686 0.1159123 0.2410969 0.0513251 0.2077554 0.2898267 0.0066185 0.2474642 0.1129324 0.4370554 0.3009998 0.2913943 0.2488609 0.2861992 0.2500285 0.2438934 0.2130018 0.0686360 0.1054836 0.4336244 0.2338806 0.0826993 0.2926037 0.1022754 0.2129075 
Perityle_crassifolia_70_ventanas           0.2335099 0.0972504 0.1137785 0.2525930 0.3477289 0.1375141 0.2621773 0.2147215 0.2245461 0.2377027 0.1123138 0.2242625 0.2244377 0.2358646 0.2031784 0.1043266 0.2247733 0.3867384 0.1048782 0.2220428 0.2277116 0.2193300 0.1991825 0.2346581 0.2254920 0.2218596 0.2346948 0.2345826 0.1162477 0.0000000 0.2167046 0.2304096 0.2619860 0.2444786 0.2308484 0.1141521 0.1201807 0.2362494 0.1074397 0.1003536 0.2319398 0.2368560 0.2401142 0.2243259 0.2339121 0.1752744 0.2222916 0.2219475 0.2245539 0.1133612 0.2980844 0.2497829 0.2266677 0.2368500 0.2330342 0.0956610 0.2529128 0.2607693 0.2240816 0.2193961 0.1163445 0.2416454 0.1085394 0.1878303 0.2287206 0.1222851 0.2402832 0.1248459 0.2625680 0.2312542 0.2346581 0.2439745 0.2222382 0.2353943 0.2322129 0.2153541 0.1292929 0.1150173 0.2481224 0.2240816 0.1192534 0.2288390 0.1141521 0.1041594 
Perityle_crassifolia_74_playa_balandra     0.1270432 0.2119091 0.2245127 0.2771655 0.3122206 0.1997223 0.1145338 0.1385166 0.2720351 0.1195267 0.2159267 0.1056015 0.1057340 0.1283722 0.1162160 0.1941355 0.0949369 0.3133655 0.2185499 0.0983706 0.1161614 0.1019270 0.0840229 0.1212195 0.1015176 0.1019270 0.1201552 0.0979416 0.2316495 0.2167046 0.0000000 0.1229803 0.1517382 0.1195267 0.1204974 0.2022744 0.1978370 0.1283684 0.2096249 0.1941355 0.1093239 0.1212195 0.1429412 0.1019270 0.1509455 0.0776888 0.1026265 0.1056029 0.1095449 0.2007136 0.1058899 0.1056593 0.1092930 0.1089802 0.1161614 0.2194303 0.1015885 0.0982554 0.1054665 0.1019270 0.2251791 0.1412803 0.2120563 0.0980572 0.1130343 0.2297641 0.1264945 0.2132050 0.1047501 0.1202313 0.1212195 0.0289151 0.1019270 0.1162016 0.1207051 0.1197824 0.2181432 0.1977079 0.1049866 0.1054665 0.2100366 0.1056029 0.2022744 0.2096620 
Perityle_cuneata_34_cuneata_San_antonio    0.1266167 0.1758865 0.2700720 0.4318755 0.2959173 0.2882156 0.2300515 0.1599557 0.3253593 0.1245607 0.2600956 0.1292078 0.1271599 0.1345466 0.0942996 0.2443478 0.1226610 0.2806006 0.2249818 0.1837051 0.1162390 0.1120464 0.1123885 0.1420321 0.1191607 0.1266065 0.1503517 0.1396047 0.2483687 0.2304096 0.1229803 0.0000000 0.2271937 0.1118002 0.1298274 0.2560391 0.2405289 0.1164436 0.2453298 0.2239853 0.1355877 0.1270713 0.1066648 0.1038459 0.1702730 0.1071487 0.1232786 0.1332098 0.1319931 0.3042869 0.1390985 0.1141397 0.1143103 0.1517539 0.1181085 0.2749602 0.1183346 0.1136251 0.1148785 0.1291346 0.2367010 0.1419455 0.2089649 0.1087540 0.1299253 0.2511995 0.1095334 0.2525995 0.2880424 0.1287552 0.1407659 0.0971578 0.1308116 0.1272999 0.1194111 0.1192900 0.2157066 0.2478201 0.2742615 0.1133401 0.1752078 0.1343278 0.2560391 0.3323799 
Perityle_cuneata_4                         0.2609716 0.2265974 0.4033459 0.4945522 0.3139751 0.3250797 0.2594011 0.1702076 0.4264863 0.2185424 0.3772904 0.2485107 0.2387084 0.2446331 0.1249280 0.3801257 0.2305304 0.3382890 0.2571016 0.2281243 0.1649968 0.1576568 0.1219322 0.2466146 0.1964267 0.2383439 0.2683066 0.2596578 0.3935313 0.2619860 0.1517382 0.2271937 0.0000000 0.2288151 0.2305433 0.3904098 0.3197200 0.2075383 0.3799619 0.3536294 0.2393686 0.2235494 0.2372957 0.1964421 0.2533250 0.1193766 0.2254182 0.2459229 0.2510047 0.3801226 0.1616027 0.1332764 0.1957933 0.2752818 0.2177968 0.3186546 0.1703380 0.1240880 0.2134597 0.2443131 0.3855938 0.1313330 0.3038319 0.1483226 0.2470683 0.3972118 0.1916743 0.3831273 0.3543882 0.2466314 0.2480559 0.1318763 0.2478179 0.2056188 0.2206863 0.1549864 0.3115875 0.4007389 0.3419554 0.2285627 0.1924543 0.2486218 0.3988787 0.4402392 
Perityle_discoidea_81                      0.0068899 0.2092471 0.2750515 0.3701379 0.3246344 0.3127002 0.2338416 0.1741128 0.3334267 0.0000010 0.2572953 0.1099076 0.1134372 0.1272761 0.0979951 0.2481681 0.1070117 0.3226951 0.2762632 0.2081235 0.1159643 0.1041944 0.1124690 0.1221661 0.1137320 0.1133465 0.1304274 0.1216853 0.2636455 0.2444786 0.1195267 0.1118002 0.2288151 0.0000000 0.1235263 0.2584910 0.2570646 0.1169726 0.2440722 0.2504213 0.1187697 0.1220716 0.1244191 0.1114332 0.1759633 0.1117918 0.1121784 0.1133424 0.1135237 0.3603348 0.1493049 0.1153116 0.1070453 0.1339709 0.1130710 0.2950438 0.1234173 0.1159156 0.1115899 0.1116853 0.2537749 0.1472416 0.2452648 0.0963508 0.1107184 0.2676748 0.1204866 0.2550467 0.2790613 0.1167359 0.1204510 0.1185979 0.1101183 0.1255405 0.1153879 0.1134750 0.2489393 0.2774851 0.2633446 0.1083981 0.1899289 0.1149498 0.2584910 0.3465085 
Perityle_dissecta_201                      0.1320047 0.2122721 0.2786255 0.4828381 0.2937247 0.3009665 0.2177764 0.1703774 0.3266332 0.1155856 0.2599204 0.0261586 0.0327354 0.0425044 0.0169010 0.2443323 0.0266879 0.3416694 0.2358124 0.1176617 0.0212855 0.0298350 0.0250487 0.0331073 0.0345297 0.0310386 0.0593721 0.0609652 0.2482546 0.2308484 0.1204974 0.1298274 0.2305433 0.1235263 0.0000000 0.2460718 0.2352987 0.0247413 0.2534214 0.2365937 0.0290313 0.0333710 0.1329584 0.0293515 0.1819384 0.1129927 0.0318112 0.0341291 0.0303069 0.3227277 0.0270719 0.0335099 0.0260715 0.0589030 0.0254584 0.2713589 0.0391532 0.0449808 0.0312782 0.0289969 0.2410826 0.1366075 0.2314513 0.0278342 0.0301688 0.2507314 0.1058516 0.2600739 0.2409938 0.0200031 0.0320939 0.0994354 0.0311117 0.0276793 0.0198775 0.0182154 0.2293165 0.2636792 0.2197663 0.0340254 0.1722029 0.0320316 0.2499559 0.3407004 
Perityle_emoryi_47_punta_san_jose          0.3114328 0.0724163 0.1258229 0.3763273 0.3352488 0.0711510 0.3095964 0.2148411 0.2093941 0.2718538 0.0779488 0.2764731 0.2416636 0.2586792 0.1736374 0.0348802 0.2828362 0.3289635 0.0826397 0.3153433 0.2331292 0.2171300 0.1654038 0.2848440 0.2379296 0.2483235 0.3001841 0.2991348 0.0993149 0.1141521 0.2022744 0.2560391 0.3904098 0.2584910 0.2460718 0.0000000 0.0712596 0.2269917 0.0859095 0.0510744 0.2912963 0.2441949 0.2895487 0.2121335 0.3162442 0.1577583 0.2754845 0.2724574 0.2807570 0.1740136 0.2899091 0.2273650 0.2247284 0.3026897 0.2394298 0.0998820 0.2364445 0.2285360 0.2241478 0.2707961 0.0872304 0.2252197 0.0634637 0.1689445 0.2802832 0.0842057 0.2441837 0.0975103 0.4200537 0.2854373 0.2864194 0.2402718 0.2764231 0.2462739 0.2407693 0.1881272 0.0724754 0.0668599 0.3948658 0.2311158 0.0727787 0.2815438 0.0000010 0.1928702 
Perityle_feddemae_99                       0.2507817 0.0914727 0.1173958 0.4354885 0.3367984 0.0834327 0.2994559 0.1885361 0.1985563 0.2616847 0.0896449 0.2168898 0.2198142 0.2562633 0.1781315 0.0676675 0.2172089 0.3647463 0.0846950 0.2937604 0.2444587 0.2174284 0.1572878 0.2344284 0.2401269 0.2139167 0.2314887 0.2596567 0.0649394 0.1201807 0.1978370 0.2405289 0.3197200 0.2570646 0.2352987 0.0712596 0.0000000 0.2363273 0.0451071 0.0654159 0.2345452 0.2497009 0.2335544 0.2212095 0.2536171 0.1415111 0.2332177 0.2189831 0.2312397 0.1057130 0.2860714 0.2316223 0.2255761 0.2627498 0.2475760 0.1057243 0.2431086 0.2327552 0.2112345 0.2327599 0.0743509 0.2220612 0.0832912 0.1790030 0.2178663 0.0721606 0.2372715 0.0901176 0.3355565 0.2355712 0.2358833 0.2371353 0.2189206 0.2548477 0.2412907 0.1911935 0.0901983 0.0827770 0.3020349 0.2278017 0.0857394 0.2307295 0.0716994 0.1267614 
Perityle_fosteri_93                        0.1223469 0.2267724 0.2504448 0.4089874 0.2972783 0.3069506 0.2220906 0.1708788 0.3303479 0.1166860 0.2223232 0.0351104 0.0390287 0.0311093 0.0186580 0.2149800 0.0239169 0.3416694 0.2387279 0.1097250 0.0230031 0.0351145 0.0283073 0.0311606 0.0342705 0.0403005 0.0545725 0.0531360 0.2320981 0.2362494 0.1283684 0.1164436 0.2075383 0.1169726 0.0247413 0.2269917 0.2363273 0.0000000 0.2245299 0.2212795 0.0273613 0.0298857 0.1355681 0.0294223 0.1854772 0.1127971 0.0286863 0.0416328 0.0377311 0.3088537 0.0295015 0.0355440 0.0335924 0.0559768 0.0260128 0.2646664 0.0429699 0.0451369 0.0376907 0.0377172 0.2278158 0.1424630 0.2337926 0.0336050 0.0379136 0.2355295 0.1178287 0.2330523 0.2301627 0.0160275 0.0286299 0.0946969 0.0377499 0.0293314 0.0222720 0.0275756 0.2261829 0.2433416 0.2092454 0.0364232 0.1803493 0.0402766 0.2269917 0.3262487 
Perityle_gamon_221                         0.2814424 0.0872232 0.1329753 0.3821289 0.3212159 0.0814905 0.3139909 0.2034893 0.1971665 0.2585549 0.1025042 0.3140052 0.2406694 0.2609074 0.1794959 0.0730228 0.2882093 0.3276914 0.0678684 0.3091101 0.2309116 0.2219909 0.1727912 0.3205721 0.2361592 0.2517032 0.3223752 0.3273715 0.1172021 0.1074397 0.2096249 0.2453298 0.3799619 0.2440722 0.2534214 0.0859095 0.0451071 0.2245299 0.0000000 0.0880697 0.3206245 0.2468719 0.2926347 0.2151732 0.3081998 0.1627122 0.2776409 0.2938952 0.3124469 0.1494083 0.2930817 0.2281084 0.2297917 0.2976041 0.2356927 0.1185134 0.2301393 0.2268351 0.2308497 0.3097260 0.1074555 0.2337851 0.0779931 0.1821788 0.3201612 0.1010930 0.2495673 0.1152206 0.4266134 0.2987857 0.3079657 0.2420018 0.2872852 0.2495653 0.2421859 0.1968427 0.0806848 0.0953032 0.3869801 0.2264392 0.0890678 0.2852514 0.0841355 0.2234653 
Perityle_gentryi_8_san_francisco           0.2484295 0.0687567 0.1160529 0.2769983 0.3343773 0.0756347 0.2928273 0.1991526 0.1911299 0.2376889 0.0770268 0.2305106 0.2312343 0.2471092 0.1650203 0.0205883 0.2308229 0.3410078 0.0743692 0.3040537 0.2046785 0.1892954 0.1580547 0.2404395 0.2146859 0.2326357 0.2528783 0.2304102 0.0684475 0.1003536 0.1941355 0.2239853 0.3536294 0.2504213 0.2365937 0.0510744 0.0654159 0.2212795 0.0880697 0.0000000 0.2402923 0.2228828 0.2435081 0.2094162 0.3081185 0.1468554 0.2312419 0.2274625 0.2312146 0.1710871 0.2762876 0.2202332 0.2056996 0.2545607 0.2154412 0.1016508 0.2269813 0.2157266 0.2063858 0.2255285 0.0902692 0.2095607 0.0553601 0.1624065 0.2338521 0.0725807 0.2194902 0.0791241 0.3705792 0.2397595 0.2420472 0.2118869 0.2293840 0.2174760 0.2232355 0.1764202 0.0674690 0.0753372 0.3237890 0.2175833 0.0634934 0.2342231 0.0510744 0.1590766 
Perityle_gilensis_22_Superstition          0.1787822 0.2212592 0.3092751 0.5019398 0.3012225 0.3010532 0.2180329 0.1708206 0.3309895 0.1159536 0.3121788 0.0376973 0.0312502 0.0460256 0.0169515 0.2559927 0.0260242 0.3345330 0.2390277 0.1178657 0.0213620 0.0374946 0.0282860 0.0240848 0.0346454 0.0350414 0.0677503 0.0676109 0.2944395 0.2319398 0.1093239 0.1355877 0.2393686 0.1187697 0.0290313 0.2912963 0.2345452 0.0273613 0.3206245 0.2402923 0.0000000 0.0201552 0.1374856 0.0267138 0.1694122 0.1082427 0.0329350 0.0429706 0.0420978 0.3280794 0.0154213 0.0317264 0.0307484 0.0652940 0.0256626 0.2767000 0.0356683 0.0470797 0.0386637 0.0572632 0.2856011 0.1426327 0.2286241 0.0364961 0.0423038 0.2716297 0.1102068 0.3034933 0.2878553 0.0288307 0.0224852 0.0980837 0.0406974 0.0289941 0.0291311 0.0252563 0.2284091 0.3304212 0.2703695 0.0342681 0.1810474 0.0422192 0.2969430 0.3680561 
Perityle_gilensis_salensis_225             0.1225167 0.2267613 0.2706003 0.4667374 0.2962474 0.3205851 0.2264637 0.1605895 0.3279978 0.1172032 0.2550804 0.0349628 0.0340553 0.0398939 0.0204002 0.2421497 0.0266207 0.3366404 0.2436478 0.1236916 0.0238993 0.0439865 0.0315871 0.0041715 0.0369820 0.0401979 0.0652023 0.0590901 0.2470035 0.2368560 0.1212195 0.1270713 0.2235494 0.1220716 0.0333710 0.2441949 0.2497009 0.0298857 0.2468719 0.2228828 0.0201552 0.0000000 0.1366381 0.0294244 0.1829866 0.1131044 0.0313132 0.0413780 0.0336025 0.3282548 0.0043597 0.0356027 0.0362058 0.0634152 0.0256562 0.2712499 0.0430600 0.0490916 0.0385013 0.0379689 0.2312147 0.1394993 0.2321982 0.0336618 0.0393344 0.2511849 0.1144856 0.2565445 0.2313262 0.0257185 0.0031022 0.1060926 0.0403386 0.0289563 0.0308953 0.0252847 0.2300892 0.2633284 0.2098317 0.0368848 0.1810032 0.0390363 0.2498442 0.3337904 
Perityle_glaucescens_94                    0.1534904 0.2300229 0.2934057 0.5089362 0.3127732 0.2993860 0.2246609 0.2075277 0.3538831 0.1327775 0.2962851 0.1314549 0.1398353 0.1512464 0.1042561 0.2704919 0.1328353 0.3032777 0.2511908 0.2030657 0.1290528 0.1083681 0.1316462 0.1445998 0.1377763 0.1158459 0.1438211 0.1735541 0.2790226 0.2401142 0.1429412 0.1066648 0.2372957 0.1244191 0.1329584 0.2895487 0.2335544 0.1355681 0.2926347 0.2435081 0.1374856 0.1366381 0.0000000 0.1168201 0.0864920 0.0924507 0.1431212 0.1404209 0.1474471 0.3433339 0.1493367 0.1200386 0.1231429 0.1647242 0.1375933 0.2911246 0.1281582 0.1257372 0.1188312 0.1529661 0.2791452 0.1462110 0.2231650 0.1256090 0.1319395 0.2642892 0.1076529 0.3026841 0.2991863 0.1545417 0.1464070 0.1126079 0.1401664 0.1440647 0.1314716 0.1256017 0.2375527 0.2894565 0.3136211 0.1374106 0.1880563 0.1475031 0.2969579 0.3844000 
Perityle_gracilis_11                       0.1089102 0.1980129 0.2486989 0.3686160 0.2945148 0.2837882 0.2179063 0.1651995 0.3101749 0.1056620 0.2110105 0.0075876 0.0076038 0.0335104 0.0264074 0.2073985 0.0202399 0.3178569 0.2238414 0.0956388 0.0285967 0.0069204 0.0186600 0.0294428 0.0199699 0.0101342 0.0460329 0.0375332 0.2195504 0.2243259 0.1019270 0.1038459 0.1964421 0.1114332 0.0293515 0.2121335 0.2212095 0.0294223 0.2151732 0.2094162 0.0267138 0.0294244 0.1168201 0.0000000 0.1584669 0.0924462 0.0199671 0.0101594 0.0101504 0.2865257 0.0320728 0.0128432 0.0076382 0.0446691 0.0279683 0.2554712 0.0377232 0.0454504 0.0063222 0.0063198 0.2142356 0.1199509 0.2149855 0.0278283 0.0089177 0.2231737 0.1014828 0.2143578 0.2198545 0.0239615 0.0280758 0.0866511 0.0050554 0.0321549 0.0226293 0.0349230 0.2085677 0.2296333 0.1867176 0.0075962 0.1647860 0.0088687 0.2121335 0.2832022 
Perityle_harkerae_31                       0.1840913 0.2309878 0.3407451 0.5102155 0.3061590 0.2986282 0.2316678 0.1928102 0.3705486 0.1574030 0.3322915 0.1705795 0.1999872 0.1958322 0.1142854 0.3072049 0.1633921 0.3143981 0.2430823 0.2362924 0.1230753 0.1140319 0.1396308 0.1780675 0.1572663 0.1635398 0.1808956 0.2215807 0.2956121 0.2339121 0.1509455 0.1702730 0.2533250 0.1759633 0.1819384 0.3162442 0.2536171 0.1854772 0.3081998 0.3081185 0.1694122 0.1829866 0.0864920 0.1584669 0.0000000 0.1027367 0.1881153 0.1820160 0.1962476 0.3486546 0.1553287 0.1313888 0.1464521 0.2156544 0.1812459 0.2672869 0.1327700 0.1371196 0.1552567 0.1972160 0.3082341 0.1579006 0.2588904 0.1356958 0.1716478 0.2915906 0.1027844 0.3205687 0.2851310 0.2126263 0.1819363 0.1175181 0.1817485 0.1720555 0.1931246 0.1369146 0.2788982 0.3138070 0.3015533 0.1970501 0.1886045 0.1905505 0.3234636 0.3745650 
