84
Amauria_brandeegeana_62                    0.0000000 0.0550086 0.1154730 0.1904447 0.1270994 0.1566767 0.1659796 0.2349559 0.1435996 0.1299884 0.0627840 0.1348644 0.1383424 0.1474072 0.1309453 0.1639809 0.1211147 0.1538116 0.1460220 0.1439792 0.1432114 0.1174866 0.1431170 0.1375024 0.1356456 0.1452710 0.1533959 0.1411221 0.0889387 0.0835736 0.1137098 0.1471668 0.1303448 0.1350905 0.1239770 0.1491798 0.1424594 0.1430225 0.1329632 0.1430472 0.1405242 0.1491572 0.1349911 0.1612987 0.1493668 0.1442787 0.1352769 0.1367284 0.1524327 0.1421597 0.0966506 0.0748455 0.2450345 0.1327029 0.1537071 0.2408262 0.0802838 0.2573324 0.1321813 0.1824910 0.1323612 0.1485087 0.1335935 0.1383731 0.1283735 0.1751193 0.1608174 0.0860590 0.1450386 0.1403956 0.1496734 0.0893548 0.1393022 0.1367769 0.0968153 0.1512973 0.1470673 0.1284821 0.1515853 0.0931709 0.1363664 0.1133986 0.1130957 0.0983252 
Amauria_carterae_99_mesa                   0.0550086 0.0000000 0.0614486 0.1412848 0.0924886 0.0903583 0.1699163 0.1535602 0.0869519 0.0969511 0.0000010 0.0761230 0.0819162 0.0817754 0.0911612 0.0880041 0.0844707 0.1021852 0.0790078 0.0789624 0.0818835 0.0948171 0.0849558 0.0852433 0.0790803 0.0876429 0.1243296 0.0997288 0.0909395 0.0996180 0.0757379 0.1114202 0.0869519 0.0790850 0.0850878 0.0811298 0.0819730 0.0992018 0.0914664 0.0849917 0.0791594 0.0841895 0.0761230 0.0844310 0.1039962 0.0819739 0.0761230 0.0847795 0.0784742 0.0851870 0.0795098 0.0805142 0.0878558 0.0763806 0.1125354 0.1745617 0.0848448 0.0849213 0.0761230 0.1223729 0.1364052 0.1145614 0.0763914 0.0997288 0.0944779 0.1335407 0.1212814 0.0969253 0.0760531 0.0849917 0.0872051 0.0850829 0.0790515 0.0819730 0.0809307 0.1210290 0.1027192 0.0731444 0.0822800 0.1001094 0.0791124 0.0816872 0.0936202 0.0870522 
Amauria_rotundifolia_SRR9119150            0.1154730 0.0614486 0.0000000 0.2403985 0.2097638 0.1976288 0.1651563 0.3197409 0.1877046 0.2237672 0.0866802 0.2184826 0.1962527 0.0996231 0.1218810 0.2503139 0.1809309 0.1162533 0.2491246 0.1624025 0.2099146 0.1056750 0.2299224 0.1176803 0.1863659 0.2541716 0.3297061 0.2356370 0.0853627 0.0842911 0.2204018 0.2360150 0.0987383 0.2155051 0.1621384 0.2513262 0.1645404 0.2195294 0.1776892 0.2505235 0.2422657 0.2452196 0.2169428 0.1727752 0.2193922 0.2395583 0.2120488 0.2210216 0.3055249 0.1977040 0.0925511 0.0706345 0.2230613 0.1779955 0.1699288 0.2289244 0.0691428 0.2446437 0.2150828 0.2483520 0.1430928 0.2096262 0.2308057 0.2309254 0.1087814 0.1826398 0.2548038 0.0802848 0.2278716 0.2522111 0.1869880 0.0901802 0.2106798 0.2453737 0.0790256 0.1686932 0.2319261 0.2284476 0.2536213 0.0986532 0.2169085 0.2305253 0.0950409 0.0965596 
Conoclinium_coelestinum_SRR9119114         0.1904447 0.1412848 0.2403985 0.0000000 0.2005501 0.2166222 0.2318051 0.3179009 0.2245598 0.2157683 0.1074587 0.1977506 0.1989855 0.1682573 0.1784839 0.2174864 0.2053607 0.2283768 0.2029388 0.1896893 0.2027711 0.1772459 0.2076918 0.1916290 0.1947900 0.2070691 0.2137817 0.2264993 0.1418056 0.1555945 0.2073847 0.2234374 0.1799628 0.1966126 0.1809852 0.2382173 0.1864218 0.2216140 0.1813047 0.2089992 0.2074377 0.2349370 0.1993999 0.2399089 0.2247271 0.1987903 0.1970203 0.1966969 0.2465433 0.1916709 0.1335398 0.1222883 0.3040263 0.1982614 0.2158578 0.2638387 0.1302109 0.3072071 0.1976930 0.2518225 0.2207163 0.2409914 0.2007453 0.2228084 0.1543975 0.2317157 0.2391429 0.1542904 0.2039534 0.2076399 0.2299065 0.1354009 0.2002293 0.1998295 0.1478027 0.2173758 0.2353550 0.2007429 0.2096079 0.1575632 0.1997206 0.2280142 0.1631133 0.1618592 
Eutetras_palmeri_63                        0.1270994 0.0924886 0.2097638 0.2005501 0.0000000 0.1255561 0.1434278 0.3383146 0.0919866 0.1255431 0.0827283 0.1302948 0.1264038 0.1096812 0.1183139 0.1592857 0.0907798 0.1145266 0.1415648 0.1081863 0.1147368 0.1141310 0.1514898 0.1043613 0.1248127 0.1516245 0.1994121 0.1539091 0.0771399 0.0933848 0.1265377 0.1228752 0.0866715 0.1438658 0.1108107 0.1590362 0.1144905 0.1401297 0.1123143 0.1511941 0.1406725 0.1535363 0.1318212 0.1215996 0.1419869 0.1297018 0.1447507 0.1300150 0.2369293 0.1101768 0.0971934 0.0807854 0.2496978 0.1164580 0.1315497 0.2233699 0.0770430 0.2467778 0.1350215 0.1938978 0.1393101 0.1399975 0.1509597 0.1410143 0.1042192 0.1256866 0.1372896 0.0998560 0.1248604 0.1536907 0.1150101 0.0928317 0.1337820 0.1344767 0.0932725 0.1131749 0.1345349 0.1450422 0.1555214 0.1023767 0.1419713 0.1557084 0.0914375 0.0976935 
Eutrochium_fistulosum_SRR9119106           0.1566767 0.0903583 0.1976288 0.2166222 0.1255561 0.0000000 0.1819546 0.2983649 0.1494410 0.1494993 0.1236269 0.1542256 0.1524349 0.1307175 0.1525517 0.1592134 0.1362986 0.1478781 0.1635913 0.1516589 0.1593551 0.1340745 0.1633769 0.1366079 0.1527664 0.1742991 0.1694722 0.1803200 0.1002941 0.1098854 0.1399729 0.1615401 0.1178189 0.1547668 0.1510862 0.1770838 0.1537810 0.1683788 0.1610134 0.1648842 0.1648768 0.1711972 0.1572742 0.1626688 0.1737874 0.1621047 0.1571392 0.1524847 0.2022258 0.1542455 0.1238785 0.1008002 0.1751325 0.1513255 0.1715988 0.2503981 0.0996143 0.2055845 0.1557455 0.1903200 0.1827982 0.1854626 0.1630543 0.1744950 0.1358932 0.1683735 0.1692982 0.1046464 0.1603813 0.1663030 0.1495780 0.1229087 0.1602476 0.1651948 0.1006109 0.1606368 0.1635453 0.1563449 0.1712389 0.1214876 0.1561347 0.1604310 0.1240682 0.1283211 
Galeana_pratensis_104_mex                  0.1659796 0.1699163 0.1651563 0.2318051 0.1434278 0.1819546 0.0000000 0.1944301 0.1763273 0.1684060 0.0000010 0.1760412 0.1795462 0.1642600 0.1687315 0.1687184 0.1670062 0.1891629 0.1610923 0.1572493 0.1608576 0.1466684 0.1649628 0.1655774 0.1797498 0.1751280 0.1971205 0.1786304 0.1707658 0.1767556 0.1636128 0.1737627 0.1763273 0.1762070 0.1722409 0.1743110 0.1647263 0.1853533 0.1692809 0.1650466 0.1614617 0.1782857 0.1760412 0.1745559 0.1921858 0.1647204 0.1760412 0.1643069 0.1671214 0.1616941 0.1623107 0.1624320 0.1718297 0.1694161 0.1833129 0.1719930 0.1681127 0.1646299 0.1760412 0.1917061 0.1958831 0.1604008 0.1657068 0.1786304 0.1732457 0.2202516 0.2052072 0.1335706 0.1610574 0.1650466 0.1655855 0.1873575 0.1723492 0.1647298 0.1794945 0.2047190 0.1975025 0.1615103 0.1654571 0.1867443 0.1798374 0.1707301 0.1754647 0.1704379 
Helianthus_annuus_SRR9119062               0.2349559 0.1535602 0.3197409 0.3179009 0.3383146 0.2983649 0.1944301 0.0000000 0.2516719 0.3266305 0.1657215 0.3061149 0.2768264 0.1919296 0.2211972 0.3483019 0.2601737 0.2192312 0.3330902 0.2344426 0.2765402 0.1535050 0.3691068 0.1869750 0.2739752 0.3479531 0.3878578 0.3517910 0.1247880 0.1394419 0.3711506 0.3200144 0.1762091 0.3487385 0.2394792 0.3399871 0.2363845 0.3636447 0.2601400 0.3808145 0.3124425 0.3297072 0.2958815 0.2680509 0.3825633 0.3220683 0.3667717 0.2937371 0.3610929 0.2584859 0.1692755 0.1480376 0.2998609 0.2656540 0.2482502 0.2715910 0.1384914 0.3545940 0.3531723 0.3314685 0.2157892 0.3011836 0.3519248 0.3361001 0.1963083 0.2713210 0.3516389 0.1351420 0.3086038 0.3569120 0.2659591 0.1652972 0.2881712 0.3204271 0.1557297 0.2571655 0.3455504 0.3635248 0.3301906 0.1603111 0.3751397 0.3117198 0.1615772 0.1466205 
Lycapsus_tenuifolius_17                    0.1435996 0.0869519 0.1877046 0.2245598 0.0919866 0.1494410 0.1763273 0.2516719 0.0000000 0.1040645 0.0819347 0.1066133 0.1089104 0.1004464 0.1102294 0.1215549 0.1025163 0.1291873 0.1190590 0.1114910 0.1228484 0.1055275 0.1122415 0.1028992 0.1059810 0.1183996 0.1286765 0.1301361 0.0120473 0.0323791 0.0919014 0.0954089 0.0013371 0.1095768 0.1110584 0.1307611 0.1162357 0.1126647 0.1122731 0.1146801 0.1111948 0.1269173 0.1092634 0.1359481 0.1235646 0.1136861 0.1102902 0.1089233 0.1602707 0.1104194 0.0833885 0.0668090 0.1832710 0.1060708 0.1390592 0.2374481 0.0695951 0.2034547 0.1053729 0.1384856 0.1600293 0.1463445 0.1111192 0.1301036 0.0964298 0.1230960 0.1078615 0.0753320 0.1160828 0.1172196 0.0081407 0.0855186 0.1103775 0.1162027 0.0774628 0.1081966 0.1149759 0.1046994 0.1334685 0.1072685 0.1120582 0.1168257 0.0842313 0.0904067 
Pericome_caudata_50_silver                 0.1299884 0.0969511 0.2237672 0.2157683 0.1255431 0.1494993 0.1684060 0.3266305 0.1040645 0.0000000 0.0925208 0.1101801 0.1157861 0.1127503 0.1236853 0.1445073 0.1026780 0.1085858 0.1290576 0.1228020 0.1141054 0.1047505 0.1318108 0.1090796 0.1120935 0.1345548 0.1640798 0.1216363 0.0842634 0.0871234 0.1087051 0.1079422 0.0921978 0.1358633 0.1221415 0.1372586 0.1266447 0.1238417 0.1214905 0.1311370 0.1211793 0.1343521 0.1141326 0.1170744 0.1292260 0.1223769 0.1243896 0.1061774 0.2072531 0.1186908 0.1038089 0.0868694 0.2637725 0.1084590 0.1038220 0.2249076 0.0545756 0.2258950 0.1285982 0.1856888 0.1638089 0.1347990 0.1277924 0.1197289 0.1060274 0.1172158 0.1186627 0.0964181 0.1258377 0.1326917 0.1142564 0.1046644 0.1155137 0.1111684 0.0970771 0.1007104 0.1184979 0.1247841 0.1393578 0.1012984 0.1247013 0.1514402 0.1090755 0.1119153 
Perityle_aglossa_84_dead_horse             0.0627840 0.0000010 0.0866802 0.1074587 0.0827283 0.1236269 0.0000010 0.1657215 0.0819347 0.0925208 0.0000000 0.0198779 0.0212566 0.0000010 0.0324760 0.0373695 0.0732962 0.1848959 0.0550220 0.0496959 0.0369651 0.0000010 0.0287261 0.0193486 0.0260078 0.0501475 0.0800074 0.0929352 0.0782053 0.0692721 0.0723401 0.1055774 0.0951416 0.0312022 0.0473407 0.1083638 0.0449020 0.1077898 0.0246263 0.0233359 0.0260230 0.0960193 0.0209557 0.1446448 0.1018622 0.0513894 0.0207332 0.0286570 0.1014563 0.0234249 0.0322017 0.0260234 0.4682855 0.0207836 0.0970795 0.8716050 0.0726130 0.4986212 0.0503706 0.2768334 0.0000010 0.0901163 0.0181182 0.0826056 0.0641289 0.0885617 0.0731000 0.0000010 0.0553179 0.0259787 0.0883494 0.0221608 0.0286651 0.0233755 0.0000010 0.0776611 0.0942999 0.0392658 0.0595331 0.0508917 0.0233738 0.0780063 0.1407075 0.0690742 
Perityle_ajoensis_204                      0.1348644 0.0761230 0.2184826 0.1977506 0.1302948 0.1542256 0.1760412 0.3061149 0.1066133 0.1101801 0.0198779 0.0000000 0.0111944 0.0329855 0.0472617 0.0403059 0.1041548 0.1344560 0.0450213 0.0353443 0.0334436 0.0427368 0.0399596 0.0256497 0.0066028 0.0490093 0.1299515 0.1581665 0.0855634 0.0770858 0.0982507 0.1193476 0.0978253 0.0127799 0.0496578 0.1503172 0.0405518 0.1176342 0.0413863 0.0399444 0.0371443 0.1461354 0.0053745 0.1343026 0.1225362 0.0398776 0.0061997 0.0238709 0.1905318 0.0263378 0.0228276 0.0085935 0.1647449 0.0074934 0.1523894 0.1976344 0.0651874 0.1455153 0.0159824 0.2127282 0.1181960 0.1509362 0.0419128 0.1514920 0.0591573 0.1174432 0.1317301 0.0388293 0.0440868 0.0418502 0.1168687 0.0058278 0.0073008 0.0334987 0.0028452 0.1178651 0.1404862 0.0234820 0.0582057 0.0963971 0.0079356 0.1650393 0.0948648 0.0641143 
Perityle_ambrosiifolia_67_green            0.1383424 0.0819162 0.1962527 0.1989855 0.1264038 0.1524349 0.1795462 0.2768264 0.1089104 0.1157861 0.0212566 0.0111944 0.0000000 0.0367655 0.0519261 0.0407563 0.1077466 0.1375695 0.0435975 0.0356486 0.0338610 0.0489786 0.0354183 0.0300320 0.0157682 0.0468470 0.0951924 0.1479059 0.0855634 0.0795523 0.0998516 0.1201281 0.1009553 0.0145123 0.0521587 0.1362923 0.0419198 0.1147829 0.0439207 0.0344297 0.0316269 0.1307471 0.0137040 0.1338831 0.1185939 0.0399606 0.0146607 0.0259845 0.1627354 0.0276197 0.0233085 0.0096728 0.1738925 0.0118180 0.1543087 0.1976344 0.0651874 0.1544740 0.0239587 0.2172656 0.1220254 0.1534073 0.0374650 0.1437173 0.0579917 0.1184364 0.1243250 0.0421065 0.0425607 0.0363322 0.1221449 0.0115681 0.0174573 0.0317716 0.0114268 0.1206361 0.1390751 0.0176488 0.0554388 0.1031677 0.0174162 0.1541269 0.0965604 0.0657358 
Perityle_angustifolia_13_Eagle_creek       0.1474072 0.0817754 0.0996231 0.1682573 0.1096812 0.1307175 0.1642600 0.1919296 0.1004464 0.1127503 0.0000010 0.0329855 0.0367655 0.0000000 0.0387393 0.0369415 0.0940954 0.1129081 0.0256540 0.0219019 0.0462914 0.0393957 0.0424741 0.0181985 0.0353700 0.0385136 0.0972587 0.1391861 0.0740105 0.0704464 0.0850845 0.1204928 0.1004464 0.0292925 0.0367776 0.1236840 0.0256353 0.1053161 0.0425949 0.0463010 0.0312211 0.1193418 0.0330101 0.1217443 0.1192761 0.0293119 0.0330101 0.0462471 0.1152014 0.0274820 0.0211976 0.0059228 0.0500539 0.0293963 0.1396705 0.1456993 0.0529051 0.0481856 0.0311254 0.1558920 0.1338416 0.1411291 0.0350826 0.1413423 0.0392688 0.1222353 0.1205200 0.0288100 0.0293571 0.0463010 0.1006488 0.0374245 0.0348749 0.0369248 0.0318725 0.1217977 0.1361913 0.0259876 0.0332028 0.1124080 0.0348832 0.1060933 0.0836715 0.0588848 
Perityle_batopilensis_97                   0.1309453 0.0911612 0.1218810 0.1784839 0.1183139 0.1525517 0.1687315 0.2211972 0.1102294 0.1236853 0.0324760 0.0472617 0.0519261 0.0387393 0.0000000 0.0658900 0.1015969 0.1389491 0.0540144 0.0459498 0.0615744 0.0616893 0.0566960 0.0407144 0.0453398 0.0612384 0.1003196 0.1388198 0.0876841 0.0847101 0.0996693 0.1316769 0.1058518 0.0532167 0.0550252 0.1298483 0.0499767 0.1233155 0.0369266 0.0566700 0.0520638 0.1258464 0.0496073 0.1377401 0.1319191 0.0554621 0.0507695 0.0589543 0.1232046 0.0420077 0.0350815 0.0278351 0.1688495 0.0463803 0.1518256 0.1948317 0.0682194 0.1768607 0.0472520 0.1801380 0.1464183 0.1416914 0.0509177 0.1375218 0.0626173 0.1272822 0.1234228 0.0420372 0.0539998 0.0578527 0.1159343 0.0430637 0.0507518 0.0486052 0.0408353 0.1256802 0.1419121 0.0465307 0.0638891 0.1077500 0.0519805 0.1107061 0.1070906 0.0723932 
Perityle_bisetosa_9                        0.1639809 0.0880041 0.2503139 0.2174864 0.1592857 0.1592134 0.1687184 0.3483019 0.1215549 0.1445073 0.0373695 0.0403059 0.0407563 0.0369415 0.0658900 0.0000000 0.1108151 0.1359661 0.0240968 0.0224620 0.0409867 0.0519194 0.0512266 0.0272171 0.0367420 0.0525415 0.2732012 0.1864140 0.0781096 0.0744856 0.1087772 0.1196136 0.1028163 0.0496616 0.0464724 0.1775119 0.0203283 0.1447503 0.0470862 0.0502437 0.0464609 0.1712793 0.0434343 0.1501009 0.1488527 0.0224316 0.0426827 0.0494479 0.2669631 0.0301777 0.0325230 0.0226893 0.0816480 0.0337566 0.1585635 0.1985561 0.0707692 0.0954315 0.0426395 0.1867623 0.1265851 0.1603487 0.0456002 0.1753845 0.0643484 0.1280920 0.1471709 0.0289432 0.0172460 0.0533262 0.1254820 0.0417634 0.0432214 0.0372536 0.0319124 0.1248202 0.1624500 0.0354086 0.0402807 0.1058140 0.0447404 0.1860953 0.0985634 0.0692395 
Perityle_californica_76_positas            0.1211147 0.0844707 0.1809309 0.2053607 0.0907798 0.1362986 0.1670062 0.2601737 0.1025163 0.1026780 0.0732962 0.1041548 0.1077466 0.0940954 0.1015969 0.1108151 0.0000000 0.1204174 0.1072466 0.0982294 0.1138876 0.0930142 0.1035095 0.0943871 0.1061231 0.1141965 0.1005130 0.1268898 0.0778603 0.0816855 0.0207981 0.1076551 0.0947008 0.1069070 0.1025318 0.1251622 0.1053546 0.1186201 0.1018637 0.1034616 0.1011372 0.1266324 0.1080405 0.1318412 0.1256338 0.1021315 0.1064417 0.1051566 0.1566670 0.1031956 0.0868282 0.0733282 0.2093980 0.0975252 0.1335497 0.2106700 0.0684136 0.2178660 0.1067280 0.1513973 0.1663980 0.1373984 0.1085187 0.1205683 0.0981359 0.1420355 0.1295555 0.0866967 0.1053029 0.1059414 0.1065227 0.0905089 0.1103945 0.1074511 0.0813082 0.1297127 0.1169870 0.1023116 0.1187304 0.1075313 0.1094940 0.0523544 0.0879314 0.0871850 
Perityle_canescens_77                      0.1538116 0.1021852 0.1162533 0.2283768 0.1145266 0.1478781 0.1891629 0.2192312 0.1291873 0.1085858 0.1848959 0.1344560 0.1375695 0.1129081 0.1389491 0.1359661 0.1204174 0.0000000 0.1311326 0.1247253 0.1202124 0.1079514 0.1216078 0.1205241 0.1344989 0.1418397 0.1316690 0.1358749 0.1070285 0.1016938 0.1071090 0.1414635 0.1190403 0.1365335 0.1435000 0.0491440 0.1328655 0.0778352 0.1397119 0.1247064 0.1266205 0.0491960 0.1376914 0.0506911 0.0916780 0.1294153 0.1392687 0.1200011 0.0450068 0.1344626 0.1144376 0.1058435 0.1426065 0.1333987 0.1460590 0.2009696 0.0719739 0.1475890 0.1329143 0.1459539 0.1707445 0.1647380 0.1445434 0.1312418 0.1302724 0.1500951 0.1405565 0.1008722 0.1294299 0.1247064 0.1327992 0.1118704 0.1409122 0.1220932 0.0976904 0.1451288 0.1419826 0.1219929 0.1456511 0.1120472 0.1362761 0.1204951 0.1193773 0.1263581 
Perityle_castillonii_96                    0.1460220 0.0790078 0.2491246 0.2029388 0.1415648 0.1635913 0.1610923 0.3330902 0.1190590 0.1290576 0.0550220 0.0450213 0.0435975 0.0256540 0.0540144 0.0240968 0.1072466 0.1311326 0.0000000 0.0215274 0.0481266 0.0331649 0.0543653 0.0243394 0.0410879 0.0563596 0.1342987 0.1690707 0.0703310 0.0694347 0.1038401 0.1090283 0.0981545 0.0522751 0.0487088 0.1613439 0.0164199 0.1298476 0.0549383 0.0553190 0.0466078 0.1558524 0.0469246 0.1516387 0.1371704 0.0220825 0.0495221 0.0533175 0.2230054 0.0363779 0.0369897 0.0284018 0.1428551 0.0350255 0.1608497 0.1858568 0.0635867 0.1433120 0.0482041 0.1964823 0.1341071 0.1543662 0.0507352 0.1669557 0.0584284 0.1282192 0.1418862 0.0191093 0.0179277 0.0563373 0.1224995 0.0425170 0.0467980 0.0440274 0.0260796 0.1216861 0.1437140 0.0436831 0.0429107 0.1009284 0.0521678 0.1716362 0.0915038 0.0609305 
Perityle_cernua_84                         0.1439792 0.0789624 0.1624025 0.1896893 0.1081863 0.1516589 0.1572493 0.2344426 0.1114910 0.1228020 0.0496959 0.0353443 0.0356486 0.0219019 0.0459498 0.0224620 0.0982294 0.1247253 0.0215274 0.0000000 0.0402305 0.0331443 0.0424949 0.0185012 0.0335595 0.0471082 0.0885604 0.1528236 0.0722335 0.0694008 0.0928067 0.1195228 0.0965664 0.0378800 0.0444757 0.1355253 0.0175938 0.1222020 0.0474765 0.0424751 0.0331487 0.1301102 0.0377762 0.1441274 0.1283290 0.0238272 0.0381200 0.0454003 0.1475822 0.0296252 0.0281591 0.0212197 0.1023855 0.0311009 0.1525249 0.1762690 0.0652570 0.1124187 0.0365580 0.1607646 0.1299087 0.1488778 0.0435246 0.1488061 0.0556373 0.1192176 0.1128817 0.0158761 0.0214809 0.0448343 0.1068221 0.0381419 0.0405882 0.0402201 0.0260639 0.1190433 0.1340833 0.0311973 0.0414191 0.0985972 0.0426831 0.1170734 0.0898662 0.0593648 
Perityle_cfvillosa_25_tin                  0.1432114 0.0818835 0.2099146 0.2027711 0.1147368 0.1593551 0.1608576 0.2765402 0.1228484 0.1141054 0.0369651 0.0334436 0.0338610 0.0462914 0.0615744 0.0409867 0.1138876 0.1202124 0.0481266 0.0402305 0.0000000 0.0678656 0.0332552 0.0345018 0.0349375 0.0539160 0.0830882 0.1341429 0.0836716 0.0845391 0.1040735 0.1211316 0.1061661 0.0355636 0.0602470 0.1277820 0.0443263 0.1247437 0.0533419 0.0331743 0.0407458 0.1236259 0.0354147 0.1381426 0.1158267 0.0422447 0.0354363 0.0135882 0.1563459 0.0405747 0.0360293 0.0273619 0.1951882 0.0322687 0.1551220 0.1736491 0.0607466 0.1235211 0.0395737 0.2185161 0.1300629 0.1547151 0.0446620 0.1430487 0.0729953 0.1366399 0.1231200 0.0553717 0.0448982 0.0341142 0.1198606 0.0368914 0.0367673 0.0305917 0.0378768 0.1321264 0.1348843 0.0326578 0.0537169 0.1055879 0.0388253 0.1369206 0.0983335 0.0790568 
Perityle_cinerea_113_Powell1310            0.1174866 0.0948171 0.1056750 0.1772459 0.1141310 0.1340745 0.1466684 0.1535050 0.1055275 0.1047505 0.0000010 0.0427368 0.0489786 0.0393957 0.0616893 0.0519194 0.0930142 0.1079514 0.0331649 0.0331443 0.0678656 0.0000000 0.0613249 0.0489748 0.0490775 0.0550701 0.1289664 0.1226159 0.0951304 0.0701616 0.0898483 0.1144407 0.1055275 0.0459127 0.0552742 0.1114885 0.0331511 0.1264849 0.0521489 0.0613526 0.0362904 0.1116159 0.0458750 0.1084804 0.1391069 0.0489271 0.0458750 0.0677382 0.1050796 0.0520310 0.0427542 0.0096905 0.0617289 0.0427533 0.1197632 0.2309257 0.0763126 0.0711689 0.0458750 0.1369543 0.0923355 0.1331681 0.0522684 0.1227631 0.0585699 0.1118316 0.1019005 0.0198491 0.0331176 0.0613526 0.1058661 0.0522022 0.0458750 0.0582770 0.0210868 0.1118907 0.1371296 0.0489423 0.0490410 0.0908462 0.0490465 0.1104998 0.0853667 0.0523048 
Perityle_coahuilensis_24                   0.1431170 0.0849558 0.2299224 0.2076918 0.1514898 0.1633769 0.1649628 0.3691068 0.1122415 0.1318108 0.0287261 0.0399596 0.0354183 0.0424741 0.0566960 0.0512266 0.1035095 0.1216078 0.0543653 0.0424949 0.0332552 0.0613249 0.0000000 0.0330286 0.0347804 0.0670450 0.2314644 0.1569108 0.0816173 0.0793112 0.1476756 0.1173349 0.1010178 0.0559655 0.0566792 0.1978315 0.0442094 0.2086482 0.0499765 0.0060635 0.0152812 0.1317802 0.0426357 0.1395513 0.1470065 0.0519914 0.0732134 0.0347713 0.3029574 0.0287899 0.0324841 0.0180639 0.2513550 0.0349726 0.1575320 0.1783695 0.0546436 0.1529743 0.0677357 0.2336830 0.1343397 0.1558391 0.0575542 0.1574334 0.0665288 0.1331568 0.1359559 0.0487049 0.0521328 0.0100615 0.1195465 0.0343440 0.0419419 0.0280982 0.0438885 0.1231486 0.1476025 0.0481070 0.0634859 0.0987755 0.0793862 0.1519270 0.1000941 0.0773567 
Perityle_cochisensis_44_cave_creek         0.1375024 0.0852433 0.1176803 0.1916290 0.1043613 0.1366079 0.1655774 0.1869750 0.1028992 0.1090796 0.0193486 0.0256497 0.0300320 0.0181985 0.0407144 0.0272171 0.0943871 0.1205241 0.0243394 0.0185012 0.0345018 0.0489748 0.0330286 0.0000000 0.0274413 0.0372846 0.0825874 0.1450389 0.0705778 0.0696597 0.0876124 0.1270093 0.0890388 0.0242693 0.0315378 0.1257480 0.0243300 0.1129198 0.0374921 0.0345140 0.0316031 0.1241795 0.0271089 0.1225690 0.1254884 0.0228030 0.0285603 0.0359443 0.1190505 0.0228240 0.0126778 0.0134905 0.0479294 0.0242946 0.1383998 0.1751271 0.0482158 0.0359639 0.0242082 0.1547953 0.1309178 0.1429038 0.0301916 0.1398160 0.0437572 0.1079129 0.1098845 0.0322883 0.0242926 0.0345140 0.1048522 0.0304614 0.0285857 0.0272689 0.0290391 0.1158748 0.1303269 0.0186951 0.0316266 0.0991083 0.0300410 0.1053748 0.0785883 0.0531893 
Perityle_congesta_202                      0.1356456 0.0790803 0.1863659 0.1947900 0.1248127 0.1527664 0.1797498 0.2739752 0.1059810 0.1120935 0.0260078 0.0066028 0.0157682 0.0353700 0.0453398 0.0367420 0.1061231 0.1344989 0.0410879 0.0335595 0.0349375 0.0490775 0.0347804 0.0274413 0.0000000 0.0478676 0.0874227 0.1460529 0.0855835 0.0796132 0.1004717 0.1222347 0.0990054 0.0137263 0.0479033 0.1315197 0.0398075 0.1158836 0.0409683 0.0343465 0.0315000 0.1282481 0.0082677 0.1264846 0.1196405 0.0405622 0.0089734 0.0264396 0.1594487 0.0256919 0.0278653 0.0145926 0.1827117 0.0097352 0.1530071 0.1952178 0.0651995 0.1519163 0.0217162 0.2236581 0.1181960 0.1521967 0.0386426 0.1448165 0.0604704 0.1183817 0.1242870 0.0388382 0.0399287 0.0356781 0.1192829 0.0092511 0.0116966 0.0280491 0.0057001 0.1205592 0.1397681 0.0210331 0.0509364 0.0964112 0.0116697 0.1486081 0.0965807 0.0657490 
Perityle_cordifolia_27                     0.1452710 0.0876429 0.2541716 0.2070691 0.1516245 0.1742991 0.1751280 0.3479531 0.1183996 0.1345548 0.0501475 0.0490093 0.0468470 0.0385136 0.0612384 0.0525415 0.1141965 0.1418397 0.0563596 0.0471082 0.0539160 0.0550701 0.0670450 0.0372846 0.0478676 0.0000000 0.1650148 0.1593417 0.0815170 0.0767306 0.1083140 0.1232738 0.1038981 0.0565352 0.0360291 0.2074425 0.0490415 0.2180465 0.0573630 0.0670932 0.0539930 0.1446504 0.0513596 0.1567898 0.1432703 0.0530906 0.0518425 0.0494649 0.2429934 0.0467561 0.0461981 0.0351812 0.2151005 0.0460984 0.1676863 0.1855391 0.0740196 0.1558447 0.0557471 0.2486364 0.1414746 0.1635035 0.0579162 0.1663537 0.0515687 0.1305456 0.1363710 0.0452192 0.0503374 0.0619511 0.1179651 0.0526116 0.0507533 0.0518899 0.0407644 0.1250608 0.1501036 0.0451415 0.0681697 0.1119663 0.0533239 0.1666134 0.1033574 0.0574702 
Perityle_cordifolia_68_tecolote            0.1533959 0.1243296 0.3297061 0.2137817 0.1994121 0.1694722 0.1971205 0.3878578 0.1286765 0.1640798 0.0800074 0.1299515 0.0951924 0.0972587 0.1003196 0.2732012 0.1005130 0.1316690 0.1342987 0.0885604 0.0830882 0.1289664 0.2314644 0.0825874 0.0874227 0.1650148 0.0000000 0.2037097 0.0989799 0.1201550 0.2108534 0.1322404 0.1192375 0.1724504 0.0953376 0.1726634 0.0948171 0.1869239 0.0934640 0.1820106 0.1101222 0.1629815 0.1191544 0.1489220 0.2812185 0.1297550 0.2083572 0.1085693 0.2468221 0.0854177 0.0866086 0.0939963 0.1797244 0.0843725 0.1476858 0.1078692 0.0545381 0.2025466 0.1860231 0.1923599 0.1748823 0.1679296 0.1797315 0.1737823 0.0766417 0.1718093 0.2206504 0.1011784 0.1478248 0.1586598 0.1349105 0.0978267 0.1122374 0.1227037 0.1176178 0.1512358 0.1962634 0.1710303 0.1442596 0.1282794 0.2089320 0.1721318 0.1169282 0.1299009 
Perityle_coronopifolia_28_patagonia        0.1411221 0.0997288 0.2356370 0.2264993 0.1539091 0.1803200 0.1786304 0.3517910 0.1301361 0.1216363 0.0929352 0.1581665 0.1479059 0.1391861 0.1388198 0.1864140 0.1268898 0.1358749 0.1690707 0.1528236 0.1341429 0.1226159 0.1569108 0.1450389 0.1460529 0.1593417 0.2037097 0.0000000 0.0922817 0.0971834 0.1355977 0.1502313 0.1144102 0.1717797 0.1444864 0.1460720 0.1564890 0.1483221 0.1438896 0.1620827 0.1551762 0.1378870 0.1578272 0.1511541 0.1347337 0.1660027 0.1609590 0.1424880 0.2402315 0.1468260 0.1154129 0.0869353 0.2977552 0.1486345 0.0530468 0.2285889 0.0612618 0.2680231 0.1567416 0.0951648 0.1665870 0.0832431 0.1673091 0.0189434 0.1140265 0.1565054 0.1467016 0.1010396 0.1615118 0.1561594 0.1419939 0.1072436 0.1540915 0.1522535 0.0944990 0.1354603 0.1329733 0.1542758 0.1793513 0.1172301 0.1585940 0.1667551 0.1113899 0.1228714 
Perityle_crassifolia_70_ventanas           0.0889387 0.0909395 0.0853627 0.1418056 0.0771399 0.1002941 0.1707658 0.1247880 0.0120473 0.0842634 0.0782053 0.0855634 0.0855634 0.0740105 0.0876841 0.0781096 0.0778603 0.1070285 0.0703310 0.0722335 0.0836716 0.0951304 0.0816173 0.0705778 0.0855835 0.0815170 0.0989799 0.0922817 0.0000000 0.0350549 0.0701853 0.0862573 0.0103093 0.0838112 0.0759756 0.0992138 0.0703130 0.0974919 0.0860555 0.0855174 0.0819032 0.1012835 0.0875151 0.1016151 0.1142306 0.0704337 0.0875151 0.0875215 0.0975161 0.0799864 0.0706764 0.0696310 0.0797008 0.0820205 0.0964903 0.2310495 0.0686156 0.0956254 0.0836682 0.1007138 0.1617278 0.1177382 0.0820943 0.0903414 0.0764469 0.0861455 0.0766372 0.0796507 0.0703547 0.0855174 0.0086000 0.0894656 0.0856152 0.0817048 0.0816070 0.0839319 0.0918712 0.0780070 0.0800256 0.1104546 0.0894630 0.0799773 0.0739483 0.0737848 
Perityle_crassifolia_74_playa_balandra     0.0835736 0.0996180 0.0842911 0.1555945 0.0933848 0.1098854 0.1767556 0.1394419 0.0323791 0.0871234 0.0692721 0.0770858 0.0795523 0.0704464 0.0847101 0.0744856 0.0816855 0.1016938 0.0694347 0.0694008 0.0845391 0.0701616 0.0793112 0.0696597 0.0796132 0.0767306 0.1201550 0.0971834 0.0350549 0.0000000 0.0689748 0.0968398 0.0323791 0.0771363 0.0693435 0.0864466 0.0694111 0.0966678 0.0823698 0.0844741 0.0795623 0.0890862 0.0770858 0.0842524 0.1026032 0.0719363 0.0770858 0.0870178 0.0841766 0.0746197 0.0648212 0.0661327 0.0768890 0.0748265 0.0975982 0.2190317 0.0718166 0.0844658 0.0770858 0.1084613 0.1572150 0.1124499 0.0772933 0.0945488 0.0852582 0.0946141 0.0819232 0.0902835 0.0719130 0.0844741 0.0372927 0.0796915 0.0770858 0.0794239 0.0878888 0.0919523 0.0943603 0.0720706 0.0721881 0.1092655 0.0771049 0.0791692 0.0817293 0.0663701 
Perityle_cuneata_34_cuneata_San_antonio    0.1137098 0.0757379 0.2204018 0.2073847 0.1265377 0.1399729 0.1636128 0.3711506 0.0919014 0.1087051 0.0723401 0.0982507 0.0998516 0.0850845 0.0996693 0.1087772 0.0207981 0.1071090 0.1038401 0.0928067 0.1040735 0.0898483 0.1476756 0.0876124 0.1004717 0.1083140 0.2108534 0.1355977 0.0701853 0.0689748 0.0000000 0.1018669 0.0832558 0.1151481 0.0972997 0.1344936 0.0954024 0.1206386 0.0921681 0.1260900 0.1006025 0.1290614 0.1028736 0.1193642 0.1248360 0.0972365 0.1111349 0.0979519 0.2459275 0.1023809 0.0818928 0.0668474 0.2405535 0.0947945 0.1255922 0.2032654 0.0577767 0.2162323 0.1144128 0.2056807 0.1542599 0.1400877 0.1042818 0.1300543 0.0890231 0.1373611 0.1375006 0.0763502 0.0993977 0.1152402 0.1048130 0.0814429 0.1023153 0.0980395 0.0719824 0.1218602 0.1228126 0.0973885 0.1153589 0.0960710 0.1090512 0.0790761 0.0756664 0.0767069 
Perityle_cuneata_4                         0.1471668 0.1114202 0.2360150 0.2234374 0.1228752 0.1615401 0.1737627 0.3200144 0.0954089 0.1079422 0.1055774 0.1193476 0.1201281 0.1204928 0.1316769 0.1196136 0.1076551 0.1414635 0.1090283 0.1195228 0.1211316 0.1144407 0.1173349 0.1270093 0.1222347 0.1232738 0.1322404 0.1502313 0.0862573 0.0968398 0.1018669 0.0000000 0.0957645 0.1233289 0.1297905 0.1461982 0.1203655 0.1337786 0.1187127 0.1183331 0.1163424 0.1439696 0.1216601 0.1471648 0.1343524 0.1128496 0.1226473 0.1158000 0.1956067 0.1228139 0.1114719 0.0942267 0.2431864 0.1175338 0.1587017 0.2483665 0.0963127 0.2386726 0.1275629 0.1952032 0.1622730 0.1487381 0.1239397 0.1467229 0.1092589 0.1331397 0.1283133 0.1081115 0.1113765 0.1183565 0.1042732 0.1135399 0.1238537 0.1178048 0.1105217 0.1197515 0.1345312 0.1173032 0.1285240 0.1122733 0.1252014 0.1523808 0.1158233 0.1150464 
Perityle_discoidea_81                      0.1303448 0.0869519 0.0987383 0.1799628 0.0866715 0.1178189 0.1763273 0.1762091 0.0013371 0.0921978 0.0951416 0.0978253 0.1009553 0.1004464 0.1058518 0.1028163 0.0947008 0.1190403 0.0981545 0.0965664 0.1061661 0.1055275 0.1010178 0.0890388 0.0990054 0.1038981 0.1192375 0.1144102 0.0103093 0.0323791 0.0832558 0.0957645 0.0000000 0.0980147 0.0947191 0.1170664 0.0966121 0.1060353 0.1060048 0.1039887 0.0996359 0.1106079 0.1009524 0.1133288 0.1193103 0.0965491 0.1009524 0.1008883 0.1076254 0.0965639 0.0871738 0.0704325 0.1361923 0.0991042 0.1180496 0.2374481 0.0693574 0.1750370 0.0947761 0.1227127 0.1600293 0.1333317 0.1000670 0.1129211 0.0993326 0.1029749 0.0986263 0.0753320 0.0995312 0.1039887 0.0080819 0.0896173 0.1009246 0.1011229 0.0774628 0.1031060 0.0968563 0.0913416 0.1123630 0.1072685 0.1010104 0.0998404 0.0824817 0.0886530 
Perityle_dissecta_201                      0.1350905 0.0790850 0.2155051 0.1966126 0.1438658 0.1547668 0.1762070 0.3487385 0.1095768 0.1358633 0.0312022 0.0127799 0.0145123 0.0292925 0.0532167 0.0496616 0.1069070 0.1365335 0.0522751 0.0378800 0.0355636 0.0459127 0.0559655 0.0242693 0.0137263 0.0565352 0.1724504 0.1717797 0.0838112 0.0771363 0.1151481 0.1233289 0.0980147 0.0000000 0.0509863 0.1541456 0.0432233 0.1265792 0.0470359 0.0568746 0.0407577 0.1498256 0.0139601 0.1377237 0.1319810 0.0449014 0.0223010 0.0274639 0.2281614 0.0296329 0.0248578 0.0135115 0.1537623 0.0096758 0.1559518 0.1932144 0.0653138 0.1391975 0.0187208 0.2085301 0.1183169 0.1539232 0.0539934 0.1608879 0.0617130 0.1233552 0.1469999 0.0388630 0.0489919 0.0513392 0.1198375 0.0134257 0.0161311 0.0392451 0.0085682 0.1231962 0.1496913 0.0335705 0.0643273 0.0987593 0.0221939 0.1759868 0.0967697 0.0642485 
Perityle_emoryi_47_punta_san_jose          0.1239770 0.0850878 0.1621384 0.1809852 0.1108107 0.1510862 0.1722409 0.2394792 0.1110584 0.1221415 0.0473407 0.0496578 0.0521587 0.0367776 0.0550252 0.0464724 0.1025318 0.1435000 0.0487088 0.0444757 0.0602470 0.0552742 0.0566792 0.0315378 0.0479033 0.0360291 0.0953376 0.1444864 0.0759756 0.0693435 0.0972997 0.1297905 0.0947191 0.0509863 0.0000000 0.1345138 0.0482371 0.1204195 0.0544297 0.0566537 0.0510131 0.1318985 0.0520148 0.1505547 0.1275001 0.0508844 0.0523023 0.0534463 0.1442385 0.0464522 0.0351897 0.0309060 0.1256995 0.0485020 0.1567521 0.1879166 0.0664607 0.1478091 0.0485172 0.1673811 0.1461535 0.1459660 0.0517765 0.1432680 0.0595617 0.1206264 0.1165789 0.0453767 0.0487222 0.0578129 0.1085671 0.0489267 0.0534955 0.0533013 0.0409205 0.1226649 0.1357923 0.0445971 0.0648436 0.1030602 0.0544383 0.1158694 0.0999530 0.0574687 
Perityle_feddemae_99                       0.1491798 0.0811298 0.2513262 0.2382173 0.1590362 0.1770838 0.1743110 0.3399871 0.1307611 0.1372586 0.1083638 0.1503172 0.1362923 0.1236840 0.1298483 0.1775119 0.1251622 0.0491440 0.1613439 0.1355253 0.1277820 0.1114885 0.1978315 0.1257480 0.1315197 0.2074425 0.1726634 0.1460720 0.0992138 0.0864466 0.1344936 0.1461982 0.1170664 0.1541456 0.1345138 0.0000000 0.1399397 0.1070025 0.1345791 0.1420275 0.1474872 0.0158731 0.1524041 0.0373222 0.1511933 0.1539277 0.1495425 0.1353203 0.0993275 0.1348822 0.1071179 0.0838763 0.2517070 0.1373349 0.1507128 0.2064202 0.0695065 0.2605868 0.2029840 0.2129377 0.1415635 0.1715678 0.1550629 0.1527444 0.1191565 0.1506715 0.1543676 0.0832667 0.1576029 0.1790962 0.1487008 0.0986001 0.1472833 0.1470845 0.0848239 0.1361417 0.1327567 0.1393529 0.1760612 0.1029321 0.1502924 0.1675494 0.1123599 0.1152900 
Perityle_fosteri_93                        0.1424594 0.0819730 0.1645404 0.1864218 0.1144905 0.1537810 0.1647263 0.2363845 0.1162357 0.1266447 0.0449020 0.0405518 0.0419198 0.0256353 0.0499767 0.0203283 0.1053546 0.1328655 0.0164199 0.0175938 0.0443263 0.0331511 0.0442094 0.0243300 0.0398075 0.0490415 0.0948171 0.1564890 0.0703130 0.0694111 0.0954024 0.1203655 0.0966121 0.0432233 0.0482371 0.1399397 0.0000000 0.1274294 0.0480769 0.0441879 0.0344595 0.1342817 0.0430997 0.1425648 0.1366639 0.0187892 0.0433590 0.0509478 0.1466006 0.0320272 0.0290422 0.0202281 0.0903223 0.0372429 0.1606043 0.1856911 0.0642776 0.1117158 0.0418232 0.1648020 0.1381557 0.1525753 0.0450758 0.1551583 0.0558914 0.1228761 0.1176203 0.0223377 0.0163890 0.0429783 0.1136331 0.0378920 0.0446490 0.0418437 0.0290288 0.1269774 0.1344238 0.0324636 0.0393658 0.1032135 0.0482439 0.1199722 0.0932733 0.0609989 
Perityle_gamon_221                         0.1430225 0.0992018 0.2195294 0.2216140 0.1401297 0.1683788 0.1853533 0.3636447 0.1126647 0.1238417 0.1077898 0.1176342 0.1147829 0.1053161 0.1233155 0.1447503 0.1186201 0.0778352 0.1298476 0.1222020 0.1247437 0.1264849 0.2086482 0.1129198 0.1158836 0.2180465 0.1869239 0.1483221 0.0974919 0.0966678 0.1206386 0.1337786 0.1060353 0.1265792 0.1204195 0.1070025 0.1274294 0.0000000 0.1249262 0.1252727 0.1182339 0.1201959 0.1203385 0.0885163 0.0959285 0.1253004 0.1277256 0.1124896 0.1735540 0.1202697 0.1033598 0.0912359 0.2362169 0.1110730 0.1330130 0.2167040 0.0747127 0.2321474 0.2056925 0.1925746 0.1616548 0.1531334 0.1320012 0.1306813 0.1180188 0.1515628 0.1449777 0.1010916 0.1311373 0.1912265 0.1214171 0.1013770 0.1187695 0.1193353 0.1077034 0.1324916 0.1455971 0.1356047 0.1461192 0.1027677 0.1292739 0.1600628 0.1228297 0.1256016 
Perityle_gentryi_8_san_francisco           0.1329632 0.0914664 0.1776892 0.1813047 0.1123143 0.1610134 0.1692809 0.2601400 0.1122731 0.1214905 0.0246263 0.0413863 0.0439207 0.0425949 0.0369266 0.0470862 0.1018637 0.1397119 0.0549383 0.0474765 0.0533419 0.0521489 0.0499765 0.0374921 0.0409683 0.0573630 0.0934640 0.1438896 0.0860555 0.0823698 0.0921681 0.1187127 0.1060048 0.0470359 0.0544297 0.1345791 0.0480769 0.1249262 0.0000000 0.0499554 0.0478652 0.1320995 0.0435873 0.1576592 0.1328896 0.0478179 0.0439443 0.0494681 0.1504596 0.0458102 0.0332910 0.0241173 0.1726230 0.0411821 0.1649701 0.1984646 0.0684052 0.1654328 0.0424848 0.1944280 0.1266077 0.1524789 0.0487200 0.1413988 0.0604343 0.1271464 0.1176558 0.0488729 0.0503852 0.0521036 0.1115549 0.0385045 0.0450606 0.0468372 0.0379360 0.1256873 0.1379458 0.0429006 0.0596348 0.0968706 0.0480271 0.1062839 0.1022459 0.0693332 
Perityle_gilensis_22_Superstition          0.1430472 0.0849917 0.2505235 0.2089992 0.1511941 0.1648842 0.1650466 0.3808145 0.1146801 0.1311370 0.0233359 0.0399444 0.0344297 0.0463010 0.0566700 0.0502437 0.1034616 0.1247064 0.0553190 0.0424751 0.0331743 0.0613526 0.0060635 0.0345140 0.0343465 0.0670932 0.1820106 0.1620827 0.0855174 0.0844741 0.1260900 0.1183331 0.1039887 0.0568746 0.0566537 0.1420275 0.0441879 0.1252727 0.0499554 0.0000000 0.0144319 0.1391403 0.0416619 0.1364665 0.1391840 0.0491674 0.0605027 0.0349895 0.2532206 0.0287778 0.0313021 0.0162558 0.1875849 0.0349570 0.1574500 0.1808370 0.0546118 0.1521066 0.0667495 0.2272573 0.1344159 0.1557714 0.0566088 0.1573715 0.0664970 0.1307893 0.1336610 0.0487281 0.0521121 0.0038829 0.1220202 0.0330906 0.0425575 0.0271781 0.0439074 0.1230210 0.1504466 0.0508241 0.0634613 0.1011438 0.0641396 0.1546315 0.0999442 0.0756409 
Perityle_gilensis_salensis_225             0.1405242 0.0791594 0.2422657 0.2074377 0.1406725 0.1648768 0.1614617 0.3124425 0.1111948 0.1211793 0.0260230 0.0371443 0.0316269 0.0312211 0.0520638 0.0464609 0.1011372 0.1266205 0.0466078 0.0331487 0.0407458 0.0362904 0.0152812 0.0316031 0.0315000 0.0539930 0.1101222 0.1551762 0.0819032 0.0795623 0.1006025 0.1163424 0.0996359 0.0407577 0.0510131 0.1474872 0.0344595 0.1182339 0.0478652 0.0144319 0.0000000 0.1435665 0.0389313 0.1428036 0.1218198 0.0473576 0.0391780 0.0432868 0.1970505 0.0267175 0.0279195 0.0094425 0.1819159 0.0316666 0.1536095 0.1853709 0.0607688 0.1613960 0.0462551 0.2315162 0.1425257 0.1521494 0.0477398 0.1590109 0.0567736 0.1323637 0.1295310 0.0256227 0.0447215 0.0169857 0.1184963 0.0283255 0.0397650 0.0352988 0.0320386 0.1196188 0.1406042 0.0330005 0.0615802 0.0988036 0.0425891 0.1523333 0.0985887 0.0659266 
Perityle_glaucescens_94                    0.1491572 0.0841895 0.2452196 0.2349370 0.1535363 0.1711972 0.1782857 0.3297072 0.1269173 0.1343521 0.0960193 0.1461354 0.1307471 0.1193418 0.1258464 0.1712793 0.1266324 0.0491960 0.1558524 0.1301102 0.1236259 0.1116159 0.1317802 0.1241795 0.1282481 0.1446504 0.1629815 0.1378870 0.1012835 0.0890862 0.1290614 0.1439696 0.1106079 0.1498256 0.1318985 0.0158731 0.1342817 0.1201959 0.1320995 0.1391403 0.1435665 0.0000000 0.1471738 0.0323479 0.0944131 0.1487666 0.1412106 0.1303421 0.0943863 0.1299916 0.1018501 0.0794983 0.2841584 0.1347667 0.1431581 0.2064617 0.0695057 0.2584193 0.1422183 0.2297857 0.1459120 0.1626898 0.1489373 0.1456997 0.1108206 0.1491269 0.1521662 0.0869209 0.1518685 0.1296865 0.1447335 0.0972730 0.1429641 0.1419739 0.0881519 0.1359963 0.1317672 0.1326461 0.1682411 0.1006551 0.1409866 0.1664948 0.1088413 0.1135461 
Perityle_gracilis_11                       0.1349911 0.0761230 0.2169428 0.1993999 0.1318212 0.1572742 0.1760412 0.2958815 0.1092634 0.1141326 0.0209557 0.0053745 0.0137040 0.0330101 0.0496073 0.0434343 0.1080405 0.1376914 0.0469246 0.0377762 0.0354147 0.0458750 0.0426357 0.0271089 0.0082677 0.0513596 0.1191544 0.1578272 0.0875151 0.0770858 0.1028736 0.1216601 0.1009524 0.0139601 0.0520148 0.1524041 0.0430997 0.1203385 0.0435873 0.0416619 0.0389313 0.1471738 0.0000000 0.1373688 0.1240670 0.0422894 0.0008748 0.0222991 0.1800537 0.0284958 0.0255835 0.0137693 0.1760803 0.0096519 0.1554500 0.1953225 0.0667154 0.1465919 0.0194098 0.2303143 0.1181960 0.1535068 0.0443241 0.1537681 0.0616481 0.1201423 0.1339379 0.0388293 0.0471222 0.0435218 0.1194994 0.0069237 0.0053200 0.0359553 0.0028452 0.1203901 0.1424989 0.0250879 0.0603670 0.0963971 0.0061121 0.1681745 0.0983009 0.0673880 
Perityle_harkerae_31                       0.1612987 0.0844310 0.1727752 0.2399089 0.1215996 0.1626688 0.1745559 0.2680509 0.1359481 0.1170744 0.1446448 0.1343026 0.1338831 0.1217443 0.1377401 0.1501009 0.1318412 0.0506911 0.1516387 0.1441274 0.1381426 0.1084804 0.1395513 0.1225690 0.1264846 0.1567898 0.1489220 0.1511541 0.1016151 0.0842524 0.1193642 0.1471648 0.1133288 0.1377237 0.1505547 0.0373222 0.1425648 0.0885163 0.1576592 0.1364665 0.1428036 0.0323479 0.1373688 0.0000000 0.0987599 0.1456839 0.1326267 0.1171979 0.0326187 0.1471005 0.1059833 0.0902036 0.1744637 0.1308591 0.1517220 0.2069451 0.0746005 0.1856357 0.1358313 0.1636761 0.1334949 0.1757523 0.1517479 0.1467793 0.1341497 0.1598019 0.1534282 0.0835117 0.1484346 0.1364665 0.1290262 0.1063691 0.1341830 0.1369631 0.0884262 0.1530091 0.1431778 0.1284841 0.1591598 0.0940782 0.1391346 0.1322062 0.1144449 0.1173800 
Perityle_hofmeisteria_4_nombre_de_dios     0.1493668 0.1039962 0.2193922 0.2247271 0.1419869 0.1737874 0.1921858 0.3825633 0.1235646 0.1292260 0.1018622 0.1225362 0.1185939 0.1192761 0.1319191 0.1488527 0.1256338 0.0916780 0.1371704 0.1283290 0.1158267 0.1391069 0.1470065 0.1254884 0.1196405 0.1432703 0.2812185 0.1347337 0.1142306 0.1026032 0.1248360 0.1343524 0.1193103 0.1319810 0.1275001 0.1511933 0.1366639 0.0959285 0.1328896 0.1391840 0.1218198 0.0944131 0.1240670 0.0987599 0.0000000 0.1310426 0.1255390 0.1149474 0.2655194 0.1281754 0.1090333 0.0903076 0.3114626 0.1180558 0.1424580 0.2337644 0.0876503 0.2407421 0.1255275 0.2310694 0.1696907 0.1516272 0.1372144 0.1369128 0.1254325 0.1587152 0.1496047 0.1136566 0.1387862 0.1178132 0.1325581 0.1074494 0.1192785 0.1239226 0.1195000 0.1380620 0.1311502 0.1188713 0.1524625 0.1110717 0.1247694 0.1640998 0.1309614 0.1335714 
