84
Amauria_brandeegeana_62                    0.0000000 0.0867872 0.3472195 0.3374627 0.2378879 0.3419085 0.1106941 0.4276932 0.2674970 0.3818929 0.3450383 0.3235560 0.3264761 0.2283143 0.4069975 0.2780380 0.2755480 0.5037952 0.3200681 0.0925228 0.2959807 0.1442619 0.3110944 0.3480829 0.3213620 0.4006849 0.4190028 0.4563064 0.2671410 0.1510863 0.1083052 0.0893587 0.1504430 0.3578643 0.3325206 0.7369855 0.2713557 0.3089396 0.4037868 0.3128589 0.2979523 0.4021200 0.2037704 0.2713328 0.5377115 0.2730146 0.3247075 0.4591041 0.3484998 0.2107762 0.3371521 0.2950243 0.3900883 0.3078397 0.1352688 0.1471746 0.1725497 0.3907385 0.2935766 0.1322738 0.0694828 0.3098621 0.0904410 0.3430267 0.3463733 0.3221026 0.3351936 0.3394354 0.3607026 0.2602963 0.3120766 0.3239039 0.1595507 0.2913727 0.0906722 0.3105532 0.4416186 0.2459089 0.3515838 0.1270977 0.3058382 0.3787935 0.1383482 0.1364557 
Amauria_carterae_99_mesa                   0.0867872 0.0000000 0.0804440 0.1417021 0.0553450 0.1381944 0.0864589 0.1668915 0.0846890 0.1015718 0.1009491 0.0715829 0.0928679 0.0880567 0.0882506 0.0940658 0.1249526 0.4442642 0.0841940 0.0912368 0.0715907 0.0798719 0.0757546 0.0844738 0.0797641 0.0942926 0.1011834 0.1378240 0.0993980 0.1063842 0.1130405 0.0851381 0.0846890 0.0754594 0.0884139 0.0000010 0.0798825 0.1675839 0.0925737 0.0801166 0.0887035 0.1169283 0.0839977 0.1216955 0.1715234 0.0943624 0.0882710 0.0797641 0.1167523 0.0757653 0.1011955 0.0756676 0.0922114 0.0757796 0.1434646 0.1054745 0.0843664 0.1608739 0.0716713 0.1223497 0.0831948 0.1656692 0.0880752 0.0965919 0.1424678 0.0880752 0.1106951 0.0802722 0.0969834 0.0686569 0.1083949 0.0842745 0.0783936 0.0839382 0.0797641 0.1153015 0.1516516 0.0974407 0.1054189 0.1227503 0.0715907 0.1072005 0.1366561 0.1412311 
Amauria_rotundifolia_SRR9119150            0.3472195 0.0804440 0.0000000 0.3612020 0.2573704 0.3348628 0.1070294 0.3727483 0.1737338 0.3550805 0.3083116 0.3073093 0.3134494 0.2639248 0.4140767 0.2728352 0.2822474 0.5457625 0.3536211 0.0829663 0.3174059 0.2340749 0.3437329 0.2821779 0.3556910 0.3946178 0.4220157 0.4339280 0.2103940 0.1473305 0.1159056 0.1093796 0.1170719 0.3965869 0.2691856 0.6862961 0.2968797 0.3121407 0.3927500 0.3183220 0.3061939 0.4154648 0.2582326 0.2735711 0.5597464 0.2871043 0.3324296 0.4319369 0.3929179 0.2054581 0.3643861 0.2965965 0.3268379 0.3082921 0.1730325 0.1256105 0.1788240 0.3588225 0.3256998 0.1402931 0.0718484 0.2808679 0.0769258 0.4242907 0.3258993 0.1933756 0.3303384 0.3332516 0.3618318 0.2572641 0.2127724 0.3395134 0.1913208 0.3188741 0.0854015 0.3138998 0.4246695 0.2540215 0.3489010 0.1386368 0.3026628 0.4215845 0.1479058 0.1516361 
Conoclinium_coelestinum_SRR9119114         0.3374627 0.1417021 0.3612020 0.0000000 0.1915456 0.2327327 0.1631006 0.3251326 0.3672985 0.2085067 0.2186155 0.2032344 0.2232943 0.2271560 0.4532152 0.2210077 0.3762399 0.3597472 0.2046104 0.1742264 0.2200648 0.2728668 0.2166962 0.3598295 0.2222231 0.3658835 0.2039448 0.4322383 0.3730727 0.1927207 0.1930999 0.2066018 0.2988216 0.3793687 0.2570968 0.2575854 0.2145770 0.2874857 0.4504696 0.2224358 0.2220089 0.2209908 0.2258797 0.2179590 0.4300685 0.2097196 0.2471187 0.2196606 0.2192722 0.2246924 0.2229104 0.2344866 0.3922951 0.2100042 0.2138835 0.2132739 0.2420859 0.2578749 0.2130750 0.1901311 0.1764531 0.3980188 0.1738752 0.2183650 0.4233648 0.3938705 0.2312925 0.2032786 0.2180307 0.2147993 0.3186852 0.2268699 0.2431822 0.2238790 0.1852146 0.2337784 0.3999880 0.2274845 0.2232733 0.2013107 0.2251259 0.3374568 0.2033342 0.2107531 
Eutetras_palmeri_63                        0.2378879 0.0553450 0.2573704 0.1915456 0.0000000 0.2035930 0.0961711 0.3534902 0.1895511 0.1271262 0.1393542 0.1113793 0.1306483 0.1150751 0.3073340 0.0823691 0.2314175 0.3874451 0.1147202 0.0902791 0.1127502 0.1914737 0.1127684 0.2022796 0.1220540 0.1966578 0.1795964 0.3332725 0.2233942 0.1108169 0.1089704 0.0940074 0.1557817 0.2416466 0.1313393 0.1990073 0.1161890 0.2403330 0.2943159 0.1119641 0.1224422 0.2061719 0.0997401 0.2188943 0.3452023 0.1168951 0.1170239 0.1881558 0.1948110 0.1329505 0.1330419 0.1210314 0.2869048 0.1223339 0.1451443 0.1261577 0.1277984 0.1949283 0.1014082 0.1328281 0.0627827 0.2438698 0.0918585 0.1423779 0.2801384 0.2833298 0.1609982 0.1399383 0.1569355 0.0606606 0.2930359 0.1316311 0.0844765 0.1266308 0.0801523 0.1655121 0.2845507 0.1193804 0.1385905 0.1201115 0.1059541 0.2322716 0.1311107 0.1288687 
Eutrochium_fistulosum_SRR9119106           0.3419085 0.1381944 0.3348628 0.2327327 0.2035930 0.0000000 0.1444197 0.3516625 0.2818697 0.2802774 0.2329940 0.1951762 0.2019451 0.2052631 0.3937004 0.2509360 0.2979784 0.3843310 0.2110232 0.1294334 0.2111007 0.2140947 0.2163283 0.2779545 0.2232617 0.3024398 0.2286758 0.3676429 0.3368765 0.1946108 0.2253178 0.2195864 0.2607099 0.3188686 0.2628224 0.3370841 0.2045413 0.3351240 0.3798355 0.2223573 0.2211341 0.3024048 0.2016476 0.2651589 0.4310317 0.2249704 0.2415747 0.3352366 0.2775095 0.2125134 0.2288705 0.2110643 0.3519524 0.2157322 0.2231208 0.1940919 0.2074250 0.3376280 0.2104862 0.2039978 0.1377911 0.3382844 0.1449007 0.2454151 0.3427428 0.3516344 0.2771165 0.2169286 0.2579256 0.2221256 0.4659478 0.2231284 0.2098799 0.2198319 0.1513621 0.2693006 0.3522104 0.2095646 0.2346189 0.2151391 0.2130794 0.3603257 0.2075718 0.2129659 
Galeana_pratensis_104_mex                  0.1106941 0.0864589 0.1070294 0.1631006 0.0961711 0.1444197 0.0000000 0.1811309 0.1256270 0.1210363 0.1211999 0.0836355 0.1152225 0.1073052 0.1183324 0.1034145 0.1363265 0.4173170 0.1021046 0.1033830 0.0847473 0.0543398 0.0943771 0.1096568 0.0982143 0.1118606 0.1201379 0.1613078 0.1355832 0.1249640 0.1039011 0.0862206 0.1152178 0.1096866 0.1104871 0.8950362 0.0920615 0.1819844 0.1075998 0.0912102 0.1061042 0.1400103 0.0920464 0.1262530 0.2087847 0.1151420 0.0944865 0.0982371 0.1298553 0.0996654 0.1209932 0.0882973 0.1206462 0.0984013 0.1611078 0.1217369 0.0961626 0.2636775 0.0837258 0.1588853 0.0587968 0.1759857 0.1036342 0.1129942 0.1684618 0.1130523 0.1334802 0.1124249 0.1209035 0.0800294 0.2602606 0.1059284 0.0989569 0.1145476 0.0920644 0.1337793 0.1821460 0.1115429 0.1210261 0.1597347 0.0909484 0.1104062 0.1607425 0.1634015 
Helianthus_annuus_SRR9119062               0.4276932 0.1668915 0.3727483 0.3251326 0.3534902 0.3516625 0.1811309 0.0000000 0.3031450 0.4107363 0.3880117 0.3484222 0.3702946 0.3711897 0.4426545 0.3186309 0.3201541 0.4888716 0.3656018 0.1856419 0.3438835 0.2558560 0.3500439 0.3825150 0.3572965 0.4086615 0.3521012 0.4376322 0.3833742 0.2493781 0.2436904 0.2479080 0.2946356 0.4127614 0.3850787 0.5556310 0.3667614 0.3994436 0.4244319 0.3631060 0.3575692 0.3602623 0.3353129 0.3094078 0.4666274 0.3617172 0.3768581 0.4514864 0.3580789 0.3436769 0.3582218 0.3555685 0.3831837 0.3612681 0.2367533 0.2311313 0.3326858 0.4352642 0.3459506 0.2318282 0.1818040 0.3762068 0.1882706 0.3808906 0.3896722 0.3847459 0.3983320 0.3856426 0.3704456 0.2896234 0.4391367 0.3509486 0.2760603 0.3645283 0.2161157 0.4016301 0.4660338 0.3779539 0.3776260 0.2291272 0.3403779 0.3958754 0.2129848 0.2111854 
Lycapsus_tenuifolius_17                    0.2674970 0.0846890 0.1737338 0.3672985 0.1895511 0.2818697 0.1256270 0.3031450 0.0000000 0.3562388 0.3357633 0.2989185 0.2703414 0.2328260 0.2984114 0.3486927 0.2898128 0.6232776 0.2535003 0.0830479 0.2418972 0.2147336 0.3488992 0.4014295 0.3150168 0.3255567 0.3964760 0.4010945 0.1667270 0.1262562 0.1230529 0.1130275 0.0000010 0.2686856 0.2144317 0.8558923 0.2034428 0.2233644 0.3253613 0.3349406 0.2520146 0.3603375 0.2023617 0.1474580 0.3577909 0.2959361 0.3534879 0.4056282 0.2576296 0.0898874 0.3559053 0.2404081 0.4127437 0.2507178 0.1488365 0.1358094 0.1259272 0.4220103 0.3174868 0.1310782 0.0851439 0.2344526 0.0940496 0.3491468 0.3624254 0.2566214 0.2702767 0.3173867 0.2800148 0.3627651 0.1950858 0.3383187 0.1638970 0.2375490 0.0853454 0.2779407 0.3983688 0.2165463 0.3386747 0.1082564 0.3275116 0.2398641 0.1473702 0.1510604 
Pericome_caudata_50_silver                 0.3818929 0.1015718 0.3550805 0.2085067 0.1271262 0.2802774 0.1210363 0.4107363 0.3562388 0.0000000 0.1669138 0.1639956 0.1967194 0.1366286 0.4405999 0.0833161 0.2611372 0.3666605 0.2000734 0.0964635 0.1759932 0.2503241 0.1893997 0.3471144 0.2047996 0.3768156 0.2569801 0.4645237 0.2882760 0.1541371 0.1236242 0.1206020 0.1817647 0.3417367 0.1944880 0.2443900 0.1718577 0.3236416 0.4189141 0.1939069 0.1766898 0.2968491 0.1303154 0.2758610 0.5257731 0.1520761 0.1763633 0.2397180 0.2830417 0.1699003 0.1898872 0.1815014 0.4492055 0.1832147 0.1534677 0.1412535 0.1610013 0.1906776 0.1817650 0.1611359 0.0941053 0.3154470 0.0751234 0.2362714 0.3468735 0.3138545 0.1998566 0.1809225 0.2252227 0.0912342 0.3318528 0.1709486 0.0978158 0.1826590 0.0955916 0.1905387 0.4461175 0.1499575 0.2100308 0.1416745 0.1656933 0.3646285 0.1417115 0.1400532 
Perityle_aglossa_84_dead_horse             0.3450383 0.1009491 0.3083116 0.2186155 0.1393542 0.2329940 0.1211999 0.3880117 0.3357633 0.1669138 0.0000000 0.0836078 0.1119156 0.0591825 0.3326036 0.0544005 0.2551346 0.3928554 0.1001792 0.0498459 0.0800210 0.2216646 0.0799944 0.2466848 0.0856549 0.2673424 0.1923066 0.4235945 0.2521011 0.1353779 0.1380596 0.1240383 0.1722150 0.2423611 0.1748798 0.2320076 0.0995659 0.3046112 0.3209176 0.0938139 0.0806524 0.2360115 0.0845875 0.2274883 0.4424196 0.0854791 0.0944992 0.1808608 0.2055352 0.0960495 0.0668900 0.0878767 0.3874549 0.0716833 0.1690968 0.1260568 0.1153937 0.1839868 0.0729512 0.1419213 0.0805859 0.2832024 0.0492415 0.0851958 0.3249302 0.3186888 0.1728716 0.1738358 0.1516579 0.0434199 0.3238097 0.0760952 0.0605168 0.0727658 0.0774012 0.1666045 0.3928316 0.0603296 0.0892987 0.1389790 0.0674735 0.3014263 0.1524461 0.1513916 
Perityle_ajoensis_204                      0.3235560 0.0715829 0.3073093 0.2032344 0.1113793 0.1951762 0.0836355 0.3484222 0.2989185 0.1639956 0.0836078 0.0000000 0.1120500 0.0664639 0.3363901 0.0581723 0.2244743 0.3477021 0.1194522 0.0597848 0.0459424 0.2162761 0.0583600 0.2151726 0.0572711 0.2586026 0.1836857 0.4238768 0.2202639 0.1144067 0.1000892 0.1122483 0.1601603 0.2740133 0.1553657 0.2356405 0.0948964 0.2714018 0.3368362 0.1036786 0.0777958 0.2291952 0.0389306 0.2095683 0.4322925 0.0735791 0.0587531 0.1690938 0.2057603 0.1027559 0.0615002 0.0603617 0.3635058 0.0617055 0.1601361 0.1115965 0.1054643 0.1204596 0.0285533 0.1416809 0.0328325 0.2787047 0.0750941 0.1395872 0.3266379 0.3260128 0.1490471 0.1613379 0.1423686 0.0347614 0.2984243 0.0773721 0.0427251 0.0812635 0.0401166 0.1444553 0.3752657 0.0562417 0.1337250 0.1356843 0.0413646 0.2748624 0.1219228 0.1191611 
Perityle_ambrosiifolia_67_green            0.3264761 0.0928679 0.3134494 0.2232943 0.1306483 0.2019451 0.1152225 0.3702946 0.2703414 0.1967194 0.1119156 0.1120500 0.0000000 0.0737797 0.3213016 0.0510697 0.2297068 0.3912428 0.1207702 0.0276906 0.1026368 0.1881870 0.0934993 0.2114326 0.1131314 0.2501626 0.2149842 0.4180423 0.2344200 0.1363236 0.1312351 0.1211539 0.1656947 0.2504405 0.1589613 0.2027733 0.1177209 0.3012962 0.3147550 0.1075665 0.1055814 0.2439163 0.0806471 0.2386543 0.4437946 0.0762013 0.1233237 0.2320987 0.2057293 0.1112732 0.0986935 0.1020397 0.3325014 0.0952582 0.1631282 0.1261423 0.0727113 0.1889465 0.0996552 0.1423556 0.0674542 0.2722337 0.0460993 0.1191407 0.3118213 0.3136992 0.1825472 0.1780305 0.1354935 0.0755904 0.3242033 0.1003564 0.0538925 0.0827263 0.0675598 0.1731625 0.3349587 0.0859915 0.1220424 0.1332497 0.0964152 0.2955449 0.1458325 0.1443995 
Perityle_angustifolia_13_Eagle_creek       0.2283143 0.0880567 0.2639248 0.2271560 0.1150751 0.2052631 0.1073052 0.3711897 0.2328260 0.1366286 0.0591825 0.0664639 0.0737797 0.0000000 0.2816427 0.0384371 0.2394828 0.3791753 0.0468340 0.0308138 0.0733433 0.1836637 0.0564410 0.1668224 0.0734369 0.1725400 0.1520036 0.3362005 0.2093103 0.1264499 0.1314134 0.1241339 0.1668029 0.1787194 0.1100277 0.1867611 0.0552851 0.2854552 0.2979578 0.0679237 0.0649682 0.1968427 0.0741906 0.2165541 0.3814153 0.0623526 0.0763694 0.1609491 0.1848344 0.0593948 0.0552401 0.0652985 0.2552025 0.0522499 0.1576952 0.1239946 0.0998013 0.1772428 0.0653013 0.1367659 0.0715694 0.2814170 0.0429177 0.0621963 0.3171129 0.2575023 0.1491626 0.1282725 0.1059902 0.0420181 0.3033195 0.0623129 0.0516477 0.0606325 0.0698566 0.1485432 0.2658515 0.0642774 0.0569373 0.1335219 0.0705295 0.2245035 0.1419894 0.1403432 
Perityle_batopilensis_97                   0.4069975 0.0882506 0.4140767 0.4532152 0.3073340 0.3937004 0.1183324 0.4426545 0.2984114 0.4405999 0.3326036 0.3363901 0.3213016 0.2816427 0.0000000 0.3175293 0.3032888 0.5799205 0.3369905 0.0370003 0.3392385 0.1809466 0.3225045 0.3309098 0.3266768 0.3762709 0.3189034 0.4558936 0.3598917 0.1586502 0.1337792 0.1420352 0.2441512 0.3486080 0.4146750 0.9627280 0.3065630 0.3539277 0.1728161 0.3162737 0.3219836 0.4582515 0.2895619 0.3239932 0.4966569 0.3063302 0.3570177 0.4261309 0.4229325 0.2175608 0.3223071 0.3325975 0.3295571 0.3106730 0.1911967 0.1212614 0.2291361 0.4473135 0.3360565 0.1613065 0.0760395 0.3891583 0.0585898 0.3368567 0.3603616 0.3561984 0.4018585 0.3567446 0.3472530 0.3077863 0.4229344 0.3070125 0.2160769 0.3163388 0.0772242 0.4002128 0.4521051 0.2973738 0.3324204 0.1502989 0.3378972 0.4062372 0.1686771 0.1685062 
Perityle_bisetosa_9                        0.2780380 0.0940658 0.2728352 0.2210077 0.0823691 0.2509360 0.1034145 0.3186309 0.3486927 0.0833161 0.0544005 0.0581723 0.0510697 0.0384371 0.3175293 0.0000000 0.3060425 0.3550602 0.0488937 0.0259492 0.0593504 0.2073486 0.0413138 0.2771359 0.0525457 0.2776380 0.1088139 0.4671076 0.2722460 0.1231644 0.1290104 0.1199860 0.2101903 0.2406416 0.0930676 0.2573407 0.0272185 0.2510748 0.3381323 0.0719896 0.0228544 0.1922899 0.0521047 0.1778508 0.4272141 0.0268385 0.0638940 0.0544417 0.1528877 0.0302578 0.0284930 0.0563232 0.3412541 0.0284155 0.1774875 0.1227438 0.0721248 0.0581204 0.0510583 0.1056127 0.0644537 0.3012139 0.0233751 0.0546007 0.4070939 0.3221550 0.1087405 0.1113567 0.0388400 0.0583019 0.2224876 0.0321410 0.0390625 0.0382240 0.0575903 0.1108810 0.3494796 0.0337283 0.0600810 0.1305505 0.0524692 0.2599285 0.1222017 0.1258793 
Perityle_californica_76_positas            0.2755480 0.1249526 0.2822474 0.3762399 0.2314175 0.2979784 0.1363265 0.3201541 0.2898128 0.2611372 0.2551346 0.2244743 0.2297068 0.2394828 0.3032888 0.3060425 0.0000000 0.5920750 0.2445007 0.1162771 0.2193226 0.2976648 0.2310901 0.2750323 0.2390464 0.3011988 0.2369524 0.3473858 0.2455336 0.1218801 0.1004205 0.1253317 0.2162533 0.2661943 0.2413628 0.6527231 0.2296464 0.2357820 0.2829799 0.2496388 0.2408219 0.2821867 0.2152955 0.1693208 0.3442486 0.2380272 0.2431246 0.2868237 0.2511410 0.1485463 0.2444922 0.2284760 0.3110102 0.2517903 0.1982096 0.1368187 0.1520659 0.4014883 0.2313353 0.1627902 0.1093401 0.3032273 0.1146454 0.2618156 0.3409879 0.3073495 0.2863923 0.2564425 0.2554257 0.2732798 0.3267161 0.2490725 0.1809008 0.2306186 0.0961748 0.2850975 0.3260727 0.2422284 0.2506899 0.1422864 0.2352013 0.2218101 0.1370892 0.1382070 
Perityle_canescens_77                      0.5037952 0.4442642 0.5457625 0.3597472 0.3874451 0.3843310 0.4173170 0.4888716 0.6232776 0.3666605 0.3928554 0.3477021 0.3912428 0.3791753 0.5799205 0.3550602 0.5920750 0.0000000 0.3840820 0.4299937 0.3651890 0.3994738 0.3716141 0.5900639 0.3846242 0.5574849 0.3799620 0.6919647 0.5282773 0.4469612 0.4729928 0.4564252 0.4919045 0.6051775 0.3885746 0.1975856 0.3909287 0.5495917 0.5838085 0.3760805 0.3849296 0.3816939 0.3965865 0.4884409 0.6155304 0.4043066 0.3639190 0.3768297 0.3852990 0.4712996 0.3776168 0.3764527 0.5743600 0.3793801 0.4602404 0.4592337 0.4579408 0.3591199 0.3544706 0.5176925 0.4564675 0.6113232 0.4455018 0.3913556 0.6125131 0.5598835 0.4040093 0.4020249 0.3918109 0.3873742 0.4917115 0.3792043 0.4737795 0.3982094 0.4585131 0.4040093 0.5975164 0.3892167 0.3914401 0.4930134 0.3726669 0.5813282 0.4771597 0.4768409 
Perityle_castillonii_96                    0.3200681 0.0841940 0.3536211 0.2046104 0.1147202 0.2110232 0.1021046 0.3656018 0.2535003 0.2000734 0.1001792 0.1194522 0.1207702 0.0468340 0.3369905 0.0488937 0.2445007 0.3840820 0.0000000 0.0339583 0.1114847 0.1930720 0.1365860 0.1761029 0.1444293 0.2628696 0.2626725 0.4103272 0.2202450 0.1169315 0.1240985 0.1242466 0.1561519 0.2827223 0.1566361 0.2613772 0.0798514 0.2857288 0.3475645 0.0997709 0.1007875 0.3028995 0.0579500 0.2402003 0.5088023 0.0704527 0.1308719 0.2635552 0.2473779 0.1033658 0.1426310 0.1098523 0.3779824 0.0990707 0.1693693 0.1091466 0.1034547 0.1759266 0.1054565 0.1475800 0.0672857 0.2799315 0.0429123 0.1611894 0.3106574 0.3093897 0.1680750 0.1893314 0.1659767 0.0402718 0.3015344 0.1189330 0.0464058 0.1041066 0.0647715 0.1568801 0.3860117 0.0397019 0.1192799 0.1453430 0.1051674 0.3063451 0.1453734 0.1439174 
Perityle_cernua_84                         0.0925228 0.0912368 0.0829663 0.1742264 0.0902791 0.1294334 0.1033830 0.1856419 0.0830479 0.0964635 0.0498459 0.0597848 0.0276906 0.0308138 0.0370003 0.0259492 0.1162771 0.4299937 0.0339583 0.0000000 0.0630738 0.0235987 0.0499831 0.0532134 0.0597554 0.0638798 0.0880820 0.1375816 0.1133801 0.1118846 0.1219443 0.1104022 0.0830479 0.0308169 0.0862523 0.0000010 0.0307827 0.2141810 0.0403661 0.0597621 0.0371745 0.1356856 0.0663689 0.1173028 0.2218156 0.0408299 0.0696401 0.0843990 0.1208192 0.0245688 0.0307683 0.0570579 0.0563065 0.0434087 0.1526627 0.0881099 0.0630122 0.2598105 0.0598433 0.1464598 0.0672711 0.1578953 0.0526934 0.0438594 0.1363390 0.0498610 0.1007337 0.0863945 0.0370815 0.0665825 0.2642543 0.0339833 0.0514462 0.0433270 0.0630369 0.1009349 0.1662515 0.0404378 0.0498195 0.1393300 0.0597903 0.1091748 0.1800225 0.1709677 
Perityle_cfvillosa_25_tin                  0.2959807 0.0715907 0.3174059 0.2200648 0.1127502 0.2111007 0.0847473 0.3438835 0.2418972 0.1759932 0.0800210 0.0459424 0.1026368 0.0733433 0.3392385 0.0593504 0.2193226 0.3651890 0.1114847 0.0630738 0.0000000 0.2271984 0.0579585 0.1527298 0.0580957 0.2508856 0.2123841 0.3966717 0.2235335 0.1190167 0.1034654 0.1150243 0.1616699 0.2725447 0.1536814 0.2050725 0.0957947 0.2780033 0.3502592 0.0932669 0.0760608 0.2347246 0.0533810 0.2171857 0.4477566 0.0759111 0.0677322 0.1866765 0.2117235 0.1041578 0.0809158 0.0637879 0.3167181 0.0554005 0.1661346 0.1215593 0.1015562 0.1499091 0.0323588 0.1444806 0.0162237 0.2814058 0.0784002 0.1356323 0.3161459 0.3110939 0.1441361 0.1763411 0.1412782 0.0315566 0.3001407 0.0678030 0.0392020 0.0774134 0.0281018 0.1393951 0.3411292 0.0670297 0.1336612 0.1418094 0.0181873 0.2758305 0.1317979 0.1295823 
Perityle_cinerea_113_Powell1310            0.1442619 0.0798719 0.2340749 0.2728668 0.1914737 0.2140947 0.0543398 0.2558560 0.2147336 0.2503241 0.2216646 0.2162761 0.1881870 0.1836637 0.1809466 0.2073486 0.2976648 0.3994738 0.1930720 0.0235987 0.2271984 0.0000000 0.2156347 0.2366854 0.2218561 0.2338108 0.2104903 0.2929121 0.2395689 0.1898687 0.1708364 0.1766713 0.1836849 0.2109565 0.2378517 1.0757108 0.1983993 0.2633548 0.1853521 0.2393846 0.2106952 0.2633076 0.2279778 0.2194051 0.2570683 0.2199611 0.2101741 0.2166724 0.2458793 0.1300487 0.1838256 0.2273375 0.2066084 0.1932209 0.2063090 0.1693508 0.1755256 0.2636565 0.2275362 0.0997565 0.0490159 0.3183669 0.0357681 0.2099000 0.2684572 0.2018343 0.2632260 0.2519683 0.2052885 0.2267807 0.2522199 0.2047789 0.1712251 0.2102546 0.0543207 0.2632260 0.2865940 0.2001977 0.2052749 0.1581608 0.2271984 0.2366406 0.1257773 0.1257773 
Perityle_coahuilensis_24                   0.3110944 0.0757546 0.3437329 0.2166962 0.1127684 0.2163283 0.0943771 0.3500439 0.3488992 0.1893997 0.0799944 0.0583600 0.0934993 0.0564410 0.3225045 0.0413138 0.2310901 0.3716141 0.1365860 0.0499831 0.0579585 0.2156347 0.0000000 0.2117623 0.0864938 0.2516011 0.2588825 0.4271397 0.2263193 0.1189650 0.1169901 0.1119814 0.1578691 0.2989270 0.1657954 0.2193849 0.0798250 0.2863172 0.3462848 0.0959492 0.0511819 0.2780983 0.0562673 0.2051734 0.4994428 0.0522571 0.0833125 0.1856436 0.2502652 0.0804502 0.1038309 0.0504425 0.4302116 0.0471974 0.1545769 0.1018812 0.0927276 0.1562384 0.0766509 0.1366332 0.0626633 0.2742511 0.0652295 0.1905411 0.3180538 0.3196815 0.1550173 0.1747119 0.1606642 0.0493479 0.2957359 0.0760276 0.0498230 0.0611565 0.0573302 0.1531751 0.3931646 0.0518384 0.1192608 0.1298512 0.0578223 0.2989648 0.1353178 0.1259913 
Perityle_cochisensis_44_cave_creek         0.3480829 0.0844738 0.2821779 0.3598295 0.2022796 0.2779545 0.1096568 0.3825150 0.4014295 0.3471144 0.2466848 0.2151726 0.2114326 0.1668224 0.3309098 0.2771359 0.2750323 0.5900639 0.1761029 0.0532134 0.1527298 0.2366854 0.2117623 0.0000000 0.2346775 0.2672487 0.3306207 0.4103428 0.2270813 0.1213020 0.1239208 0.1240922 0.1669610 0.2061414 0.2427552 0.7382255 0.1294220 0.2800540 0.3544057 0.2555402 0.1570130 0.3689309 0.1529513 0.2004177 0.4032336 0.2225187 0.2634916 0.3931800 0.2674848 0.0491666 0.2354958 0.1485163 0.3911356 0.1497415 0.1694183 0.0921291 0.1018794 0.3789260 0.2239305 0.1447060 0.0716783 0.3091109 0.0718606 0.2749155 0.3735039 0.3386071 0.2447326 0.3045215 0.2509961 0.3029913 0.3099267 0.2282298 0.1149917 0.1553465 0.0722190 0.2600242 0.4265378 0.1312824 0.2778651 0.1389578 0.2234430 0.2726388 0.1454885 0.1440379 
Perityle_congesta_202                      0.3213620 0.0797641 0.3556910 0.2222231 0.1220540 0.2232617 0.0982143 0.3572965 0.3150168 0.2047996 0.0856549 0.0572711 0.1131314 0.0734369 0.3266768 0.0525457 0.2390464 0.3846242 0.1444293 0.0597554 0.0580957 0.2218561 0.0864938 0.2346775 0.0000000 0.2697117 0.2369554 0.4015783 0.2302443 0.1304231 0.1070450 0.1090394 0.1724087 0.3077744 0.1689457 0.2274478 0.0960196 0.2785523 0.3473384 0.1229637 0.0788501 0.2803515 0.0504261 0.2085657 0.5007985 0.0773539 0.0526704 0.1733925 0.2379739 0.1013188 0.0910755 0.0714832 0.3820391 0.0745063 0.1569945 0.1308590 0.1069427 0.1396267 0.0567650 0.1445178 0.0121505 0.2802882 0.0588667 0.1732292 0.3191582 0.3185363 0.1561879 0.1779416 0.1468151 0.0295504 0.2985980 0.0941584 0.0083603 0.0663267 0.0163050 0.1532147 0.3950586 0.0644739 0.1291878 0.1297489 0.0481076 0.2952149 0.1284953 0.1260965 
Perityle_cordifolia_27                     0.4006849 0.0942926 0.3946178 0.3658835 0.1966578 0.3024398 0.1118606 0.4086615 0.3255567 0.3768156 0.2673424 0.2586026 0.2501626 0.1725400 0.3762709 0.2776380 0.3011988 0.5574849 0.2628696 0.0638798 0.2508856 0.2338108 0.2516011 0.2672487 0.2697117 0.0000000 0.4033219 0.4941895 0.2784270 0.1439564 0.1237439 0.1085836 0.1990947 0.2986284 0.3103594 0.6696283 0.1986707 0.2866462 0.3996294 0.2527815 0.2431812 0.4002755 0.1664500 0.2613023 0.5201148 0.2308218 0.2786656 0.3938161 0.3384642 0.1221837 0.2595635 0.2319364 0.3880508 0.2430122 0.1632753 0.1311987 0.0584747 0.3657346 0.2463189 0.1371230 0.0643697 0.3170087 0.0596407 0.2870482 0.3811996 0.3520511 0.3035853 0.3050661 0.3323830 0.2632810 0.3371498 0.2646121 0.1169479 0.2295414 0.0717504 0.2959028 0.4251498 0.1730200 0.2918610 0.1298085 0.2504222 0.3817413 0.1355713 0.1316381 
Perityle_cordifolia_68_tecolote            0.4190028 0.1011834 0.4220157 0.2039448 0.1795964 0.2286758 0.1201379 0.3521012 0.3964760 0.2569801 0.1923066 0.1836857 0.2149842 0.1520036 0.3189034 0.1088139 0.2369524 0.3799620 0.2626725 0.0880820 0.2123841 0.2104903 0.2588825 0.3306207 0.2369554 0.4033219 0.0000000 0.4698806 0.3030201 0.1455323 0.1335330 0.1296304 0.1885469 0.4270876 0.2649063 0.2466524 0.1987264 0.2802969 0.3476913 0.1965808 0.2066842 0.3524679 0.1459178 0.2379009 0.5536678 0.1389717 0.2054818 0.2982176 0.3321681 0.2013149 0.2596162 0.2099860 0.5226858 0.2061522 0.2083642 0.0106136 0.1834084 0.2199742 0.2057051 0.1584560 0.0849135 0.3245279 0.0832474 0.3156493 0.2979357 0.3582213 0.2168232 0.2310935 0.2678936 0.1204894 0.3693060 0.2087350 0.1369496 0.2195741 0.0891083 0.2083788 0.4809165 0.1749536 0.2195896 0.1535048 0.1896066 0.3914652 0.1555284 0.1569027 
Perityle_coronopifolia_28_patagonia        0.4563064 0.1378240 0.4339280 0.4322383 0.3332725 0.3676429 0.1613078 0.4376322 0.4010945 0.4645237 0.4235945 0.4238768 0.4180423 0.3362005 0.4558936 0.4671076 0.3473858 0.6919647 0.4103272 0.1375816 0.3966717 0.2929121 0.4271397 0.4103428 0.4015783 0.4941895 0.4698806 0.0000000 0.3579064 0.1943068 0.1920008 0.1959213 0.2942363 0.4236499 0.4266183 1.2260282 0.3768568 0.3175287 0.4205390 0.3927713 0.4118836 0.4951487 0.3196139 0.3344189 0.4902571 0.3700962 0.4122780 0.5660771 0.4213352 0.3239353 0.4107860 0.3990923 0.5019875 0.4143809 0.2087099 0.2202543 0.2643588 0.5390194 0.3898967 0.1394772 0.1517023 0.3371744 0.1385559 0.4259102 0.1003952 0.4352216 0.4559960 0.3753672 0.4800046 0.4207909 0.4590527 0.4260714 0.2699902 0.3814560 0.1379747 0.4228470 0.4841094 0.3352677 0.4426084 0.1416827 0.3918944 0.4192574 0.1550641 0.1607989 
Perityle_crassifolia_70_ventanas           0.2671410 0.0993980 0.2103940 0.3730727 0.2233942 0.3368765 0.1355832 0.3833742 0.1667270 0.2882760 0.2521011 0.2202639 0.2344200 0.2093103 0.3598917 0.2722460 0.2455336 0.5282773 0.2202450 0.1133801 0.2235335 0.2395689 0.2263193 0.2270813 0.2302443 0.2784270 0.3030201 0.3579064 0.0000000 0.0902808 0.1324287 0.1504239 0.1533752 0.2573334 0.2157193 0.7379240 0.2237843 0.2981838 0.3283678 0.2400072 0.2383549 0.3214023 0.2174232 0.2265717 0.3752176 0.2422618 0.2410646 0.3444306 0.3006636 0.1595038 0.2419368 0.2330145 0.2435642 0.2289087 0.1485312 0.1773305 0.1680596 0.3706695 0.2206651 0.1483466 0.1055271 0.2284949 0.1046947 0.2527738 0.3126940 0.2447883 0.2932772 0.2269941 0.2768632 0.2417350 0.1349641 0.2352597 0.2064422 0.2389005 0.1102397 0.2938300 0.2824913 0.2436398 0.2614662 0.1147783 0.2201622 0.2770847 0.1517981 0.1501901 
Perityle_crassifolia_74_playa_balandra     0.1510863 0.1063842 0.1473305 0.1927207 0.1108169 0.1946108 0.1249640 0.2493781 0.1262562 0.1541371 0.1353779 0.1144067 0.1363236 0.1264499 0.1586502 0.1231644 0.1218801 0.4469612 0.1169315 0.1118846 0.1190167 0.1898687 0.1189650 0.1213020 0.1304231 0.1439564 0.1455323 0.1943068 0.0902808 0.0000000 0.1434574 0.1314648 0.1245439 0.1188212 0.1399607 0.1932663 0.1147867 0.2163056 0.1544251 0.1235739 0.1242475 0.1600490 0.1238842 0.1610227 0.2157764 0.1259550 0.1320823 0.2184629 0.1409782 0.1123493 0.1334940 0.1151804 0.1470549 0.1217942 0.1683947 0.1333091 0.1252756 0.2986236 0.1124705 0.1436310 0.0986958 0.1875920 0.1098013 0.1367675 0.1965747 0.1472921 0.1720149 0.1239652 0.1510056 0.1082772 0.2056143 0.1267726 0.1123701 0.1352738 0.1090622 0.1773075 0.1609271 0.1244522 0.1359271 0.1344332 0.1145836 0.1358607 0.1528377 0.1548457 
Perityle_cuneata_34_cuneata_San_antonio    0.1083052 0.1130405 0.1159056 0.1930999 0.1089704 0.2253178 0.1039011 0.2436904 0.1230529 0.1236242 0.1380596 0.1000892 0.1312351 0.1314134 0.1337792 0.1290104 0.1004205 0.4729928 0.1240985 0.1219443 0.1034654 0.1708364 0.1169901 0.1239208 0.1070450 0.1237439 0.1335330 0.1920008 0.1324287 0.1434574 0.0000000 0.1050666 0.1230529 0.1238998 0.1262813 0.2439230 0.1239887 0.1854647 0.1380545 0.1150277 0.1347604 0.1410100 0.1136100 0.1671587 0.1853430 0.1294730 0.1067612 0.1001830 0.1409259 0.1206422 0.1319181 0.1137085 0.1196887 0.1275565 0.1343341 0.1336237 0.1139145 0.1450795 0.1103255 0.1155220 0.0902348 0.1345466 0.1064092 0.1310196 0.1883260 0.1200793 0.1485782 0.1235233 0.1491813 0.1032698 0.1396206 0.1276547 0.1172947 0.1309883 0.0751135 0.1559686 0.1412350 0.1385932 0.1382343 0.1428550 0.1002980 0.0672487 0.1132137 0.1157291 
Perityle_cuneata_4                         0.0893587 0.0851381 0.1093796 0.2066018 0.0940074 0.2195864 0.0862206 0.2479080 0.1130275 0.1206020 0.1240383 0.1122483 0.1211539 0.1241339 0.1420352 0.1199860 0.1253317 0.4564252 0.1242466 0.1104022 0.1150243 0.1766713 0.1119814 0.1240922 0.1090394 0.1085836 0.1296304 0.1959213 0.1504239 0.1314648 0.1050666 0.0000000 0.1130275 0.1148394 0.1172682 0.2921373 0.1179999 0.2181059 0.1185176 0.1124097 0.1301645 0.1385298 0.1237870 0.1577464 0.2179761 0.1256688 0.1118393 0.1120277 0.1384073 0.1092375 0.1154410 0.1149506 0.1147086 0.1212098 0.1750680 0.1356387 0.1004051 0.2009862 0.1151574 0.0901672 0.0678658 0.1304857 0.0866842 0.1209720 0.1960831 0.1150328 0.1545024 0.1095860 0.1336902 0.1103476 0.1792459 0.1271666 0.1176541 0.1061973 0.0787023 0.1579183 0.1333916 0.1304126 0.1270648 0.1139745 0.1090662 0.1093106 0.0921068 0.0932764 
Perityle_discoidea_81                      0.1504430 0.0846890 0.1170719 0.2988216 0.1557817 0.2607099 0.1152178 0.2946356 0.0000010 0.1817647 0.1722150 0.1601603 0.1656947 0.1668029 0.2441512 0.2101903 0.2162533 0.4919045 0.1561519 0.0830479 0.1616699 0.1836849 0.1578691 0.1669610 0.1724087 0.1990947 0.1885469 0.2942363 0.1533752 0.1245439 0.1230529 0.1130275 0.0000000 0.1834171 0.1330931 0.4845940 0.1561408 0.2232856 0.2393320 0.1730579 0.1661396 0.2178031 0.1687313 0.1488272 0.3048295 0.1729718 0.1847818 0.2376075 0.2044053 0.0897139 0.1688598 0.1642527 0.1570852 0.1625600 0.1488365 0.1358094 0.1266367 0.3196023 0.1624501 0.1310782 0.0851439 0.1715090 0.0940496 0.1717990 0.2888899 0.1594914 0.2163457 0.1923303 0.1879467 0.1902771 0.1937645 0.1602974 0.1638970 0.1684367 0.0853454 0.2142253 0.2111702 0.1711184 0.1759960 0.1082564 0.1538519 0.2048063 0.1473702 0.1510604 
Perityle_dissecta_201                      0.3578643 0.0754594 0.3965869 0.3793687 0.2416466 0.3188686 0.1096866 0.4127614 0.2686856 0.3417367 0.2423611 0.2740133 0.2504405 0.1787194 0.3486080 0.2406416 0.2661943 0.6051775 0.2827223 0.0308169 0.2725447 0.2109565 0.2989270 0.2061414 0.3077744 0.2986284 0.4270876 0.4236499 0.2573334 0.1188212 0.1238998 0.1148394 0.1834171 0.0000000 0.3010958 0.6719338 0.2149223 0.2885745 0.3509583 0.2517917 0.2498196 0.4169727 0.1836767 0.2146750 0.5264605 0.2189109 0.2665541 0.4170451 0.3875498 0.0965284 0.2848314 0.2423724 0.4129200 0.2508361 0.1569992 0.1186143 0.0926968 0.3654771 0.2766916 0.1363600 0.0584623 0.3079207 0.0303634 0.3137026 0.3492684 0.3458671 0.2887518 0.3134311 0.3005841 0.2419165 0.3360267 0.2738920 0.1249428 0.2256605 0.0548356 0.2900197 0.4216821 0.1733052 0.2713632 0.1298723 0.2608067 0.3548237 0.1351302 0.1331005 
Perityle_emoryi_47_punta_san_jose          0.3325206 0.0884139 0.2691856 0.2570968 0.1313393 0.2628224 0.1104871 0.3850787 0.2144317 0.1944880 0.1748798 0.1553657 0.1589613 0.1100277 0.4146750 0.0930676 0.2413628 0.3885746 0.1566361 0.0862523 0.1536814 0.2378517 0.1657954 0.2427552 0.1689457 0.3103594 0.2649063 0.4266183 0.2157193 0.1399607 0.1262813 0.1172682 0.1330931 0.3010958 0.0000000 0.2558832 0.1593143 0.3112600 0.3799046 0.1292810 0.1527481 0.2893789 0.1059764 0.2663112 0.5128252 0.1205726 0.1774343 0.2840849 0.2737976 0.1745053 0.1728538 0.1633017 0.4271474 0.1514486 0.1575811 0.1353001 0.1113139 0.1989147 0.1474778 0.1339623 0.0584805 0.3025647 0.0866764 0.1902736 0.3176371 0.3639206 0.1983459 0.1312577 0.2395477 0.0814681 0.3005923 0.1677980 0.0943142 0.1582918 0.0797024 0.1798829 0.3250803 0.1278223 0.1713438 0.1199720 0.1392219 0.3381826 0.1507843 0.1546444 
Perityle_feddemae_99                       0.7369855 0.0000010 0.6862961 0.2575854 0.1990073 0.3370841 0.8950362 0.5556310 0.8558923 0.2443900 0.2320076 0.2356405 0.2027733 0.1867611 0.9627280 0.2573407 0.6527231 0.1975856 0.2613772 0.0000010 0.2050725 1.0757108 0.2193849 0.7382255 0.2274478 0.6696283 0.2466524 1.2260282 0.7379240 0.1932663 0.2439230 0.2921373 0.4845940 0.6719338 0.2558832 0.0000000 0.1855080 0.5068952 1.0017995 0.2311561 0.2292205 0.0391697 0.1808689 0.0505410 0.8047487 0.2210214 0.2690623 0.2440084 0.0252494 0.2355187 0.2358522 0.2219527 0.8644320 0.2138401 0.3004369 0.2639136 0.2150545 0.2408838 0.2273222 0.0000010 0.0000010 0.6327582 0.0000010 0.2462351 0.9460850 0.8465647 0.1761303 0.2606530 0.2421494 0.2371005 0.5698105 0.2473586 0.2374102 0.1896710 0.0000010 0.1873482 0.6745159 0.2007464 0.2518080 0.1640828 0.2507808 0.6437161 0.0000010 0.0000010 
Perityle_fosteri_93                        0.2713557 0.0798825 0.2968797 0.2145770 0.1161890 0.2045413 0.0920615 0.3667614 0.2034428 0.1718577 0.0995659 0.0948964 0.1177209 0.0552851 0.3065630 0.0272185 0.2296464 0.3909287 0.0798514 0.0307827 0.0957947 0.1983993 0.0798250 0.1294220 0.0960196 0.1986707 0.1987264 0.3768568 0.2237843 0.1147867 0.1239887 0.1179999 0.1561408 0.2149223 0.1593143 0.1855080 0.0000000 0.2693305 0.2933699 0.0861761 0.0799187 0.2150686 0.0636375 0.2215293 0.4104235 0.0515014 0.1155304 0.2366647 0.2037717 0.0937323 0.0851066 0.0978928 0.3013526 0.0771905 0.1573942 0.1064842 0.0946569 0.1798502 0.0695964 0.1395200 0.0628270 0.2709706 0.0491555 0.1070305 0.2928732 0.2870212 0.1710079 0.1610099 0.1424944 0.0417679 0.3064594 0.0814041 0.0480096 0.0877983 0.0673224 0.1607910 0.3316933 0.0490274 0.1076110 0.1332479 0.0722212 0.2923843 0.1422207 0.1405840 
Perityle_gamon_221                         0.3089396 0.1675839 0.3121407 0.2874857 0.2403330 0.3351240 0.1819844 0.3994436 0.2233644 0.3236416 0.3046112 0.2714018 0.3012962 0.2854552 0.3539277 0.2510748 0.2357820 0.5495917 0.2857288 0.2141810 0.2780033 0.2633548 0.2863172 0.2800540 0.2785523 0.2866462 0.2802969 0.3175287 0.2981838 0.2163056 0.1854647 0.2181059 0.2232856 0.2885745 0.3112600 0.5068952 0.2693305 0.0000000 0.3392803 0.3111784 0.2932039 0.2784052 0.2844922 0.2850493 0.0493887 0.3122246 0.2934410 0.3919906 0.2721609 0.2641372 0.2774060 0.2799493 0.3100874 0.2909351 0.2337950 0.2328192 0.2766916 0.3994599 0.2759842 0.1758137 0.1377105 0.2844904 0.1855316 0.3044085 0.2736993 0.3134446 0.3580778 0.2998207 0.3290892 0.2292729 0.3658609 0.2948104 0.2414849 0.2920808 0.1702278 0.3669876 0.2815494 0.3087091 0.3038941 0.1667484 0.2780861 0.2761800 0.1697485 0.1768919 
Perityle_gentryi_8_san_francisco           0.4037868 0.0925737 0.3927500 0.4504696 0.2943159 0.3798355 0.1075998 0.4244319 0.3253613 0.4189141 0.3209176 0.3368362 0.3147550 0.2979578 0.1728161 0.3381323 0.2829799 0.5838085 0.3475645 0.0403661 0.3502592 0.1853521 0.3462848 0.3544057 0.3473384 0.3996294 0.3476913 0.4205390 0.3283678 0.1544251 0.1380545 0.1185176 0.2393320 0.3509583 0.3799046 1.0017995 0.2933699 0.3392803 0.0000000 0.3397655 0.3359970 0.4477943 0.2901120 0.3000603 0.5393174 0.3001056 0.3601314 0.4477756 0.4349997 0.2010699 0.3347259 0.3391139 0.3921794 0.3270356 0.1770409 0.1243548 0.2026137 0.4482149 0.3385574 0.1477128 0.0675272 0.3852629 0.0461448 0.3672518 0.3454391 0.3377675 0.3966421 0.3555139 0.3573900 0.3320514 0.3750296 0.3437661 0.2243041 0.3268801 0.0774931 0.3893965 0.4573454 0.2693358 0.3467322 0.1302030 0.3430072 0.4085343 0.1459832 0.1410485 
Perityle_gilensis_22_Superstition          0.3128589 0.0801166 0.3183220 0.2224358 0.1119641 0.2223573 0.0912102 0.3631060 0.3349406 0.1939069 0.0938139 0.1036786 0.1075665 0.0679237 0.3162737 0.0719896 0.2496388 0.3760805 0.0997709 0.0597621 0.0932669 0.2393846 0.0959492 0.2555402 0.1229637 0.2527815 0.1965808 0.3927713 0.2400072 0.1235739 0.1150277 0.1124097 0.1730579 0.2517917 0.1292810 0.2311561 0.0861761 0.3111784 0.3397655 0.0000000 0.1147291 0.2627312 0.0655399 0.2416516 0.4628467 0.0564082 0.1171442 0.1866619 0.2365518 0.0992850 0.1162422 0.0926682 0.3930216 0.1056955 0.1604932 0.1197898 0.0600937 0.1757466 0.0865737 0.1519931 0.0544502 0.2851309 0.0753446 0.0872285 0.3107930 0.3074983 0.1570544 0.1537887 0.1572929 0.0346462 0.3159669 0.1023506 0.0609287 0.1165164 0.0704955 0.1550557 0.3661815 0.0930863 0.0703317 0.1373234 0.0904415 0.2766873 0.1438825 0.1385104 
Perityle_gilensis_salensis_225             0.2979523 0.0887035 0.3061939 0.2220089 0.1224422 0.2211341 0.1061042 0.3575692 0.2520146 0.1766898 0.0806524 0.0777958 0.1055814 0.0649682 0.3219836 0.0228544 0.2408219 0.3849296 0.1007875 0.0371745 0.0760608 0.2106952 0.0511819 0.1570130 0.0788501 0.2431812 0.2066842 0.4118836 0.2383549 0.1242475 0.1347604 0.1301645 0.1661396 0.2498196 0.1527481 0.2292205 0.0799187 0.2932039 0.3359970 0.1147291 0.0000000 0.2481639 0.0712188 0.2334382 0.4645864 0.0564209 0.0946892 0.2228472 0.2234341 0.0852244 0.0678774 0.0728872 0.3282291 0.0512416 0.1693347 0.1115916 0.1142736 0.1766332 0.0667587 0.1505603 0.0762763 0.2896239 0.0524934 0.1345647 0.3182412 0.3190150 0.1582217 0.1868042 0.1284363 0.0492024 0.3077171 0.0717473 0.0480965 0.0724750 0.0674883 0.1565677 0.3605099 0.0368807 0.1195838 0.1422239 0.0688544 0.3012627 0.1562664 0.1554293 
Perityle_glaucescens_94                    0.4021200 0.1169283 0.4154648 0.2209908 0.2061719 0.3024048 0.1400103 0.3602623 0.3603375 0.2968491 0.2360115 0.2291952 0.2439163 0.1968427 0.4582515 0.1922899 0.2821867 0.3816939 0.3028995 0.1356856 0.2347246 0.2633076 0.2780983 0.3689309 0.2803515 0.4002755 0.3524679 0.4951487 0.3214023 0.1600490 0.1410100 0.1385298 0.2178031 0.4169727 0.2893789 0.0391697 0.2150686 0.2784052 0.4477943 0.2627312 0.2481639 0.0000000 0.1801123 0.0870833 0.5335256 0.2134013 0.2564888 0.3521353 0.1432351 0.2124571 0.2958914 0.2238341 0.5194863 0.2468761 0.1419145 0.1628310 0.2251883 0.2860646 0.2533704 0.1485719 0.0947261 0.3224454 0.1184547 0.3505710 0.4000099 0.3882912 0.2592588 0.2610391 0.3213026 0.1711490 0.3463460 0.2744186 0.1515367 0.2344098 0.1244478 0.2373886 0.4436839 0.2003537 0.2663223 0.1122689 0.2380835 0.3788036 0.1105665 0.1170918 
Perityle_gracilis_11                       0.2037704 0.0839977 0.2582326 0.2258797 0.0997401 0.2016476 0.0920464 0.3353129 0.2023617 0.1303154 0.0845875 0.0389306 0.0806471 0.0741906 0.2895619 0.0521047 0.2152955 0.3965865 0.0579500 0.0663689 0.0533810 0.2279778 0.0562673 0.1529513 0.0504261 0.1664500 0.1459178 0.3196139 0.2174232 0.1238842 0.1136100 0.1237870 0.1687313 0.1836767 0.1059764 0.1808689 0.0636375 0.2844922 0.2901120 0.0655399 0.0712188 0.1801123 0.0000000 0.1978237 0.3665092 0.0669919 0.0636821 0.1347050 0.1619665 0.0755254 0.0786835 0.0567036 0.2527925 0.0666642 0.1629950 0.1262574 0.1057924 0.1592290 0.0403854 0.1535001 0.0369971 0.2800493 0.0816307 0.0819085 0.3083974 0.2551834 0.1366619 0.1185106 0.1112655 0.0094409 0.3012286 0.0697395 0.0357991 0.0740596 0.0549640 0.1432038 0.2629060 0.0728465 0.0760704 0.1419415 0.0504996 0.2270801 0.1386078 0.1367706 
Perityle_harkerae_31                       0.2713328 0.1216955 0.2735711 0.2179590 0.2188943 0.2651589 0.1262530 0.3094078 0.1474580 0.2758610 0.2274883 0.2095683 0.2386543 0.2165541 0.3239932 0.1778508 0.1693208 0.4884409 0.2402003 0.1173028 0.2171857 0.2194051 0.2051734 0.2004177 0.2085657 0.2613023 0.2379009 0.3344189 0.2265717 0.1610227 0.1671587 0.1577464 0.1488272 0.2146750 0.2663112 0.0505410 0.2215293 0.2850493 0.3000603 0.2416516 0.2334382 0.0870833 0.1978237 0.0000000 0.3644278 0.2081548 0.2304091 0.3293013 0.0527790 0.2062557 0.2205903 0.2166752 0.2516675 0.2222851 0.1539717 0.1755387 0.2159225 0.3374891 0.2052805 0.1373397 0.0861545 0.2545327 0.1192452 0.2752620 0.2827351 0.2131762 0.3107337 0.2274690 0.2419170 0.1492506 0.2986781 0.2345254 0.1456301 0.2240406 0.1135007 0.2775794 0.2532599 0.1988863 0.2683194 0.1216896 0.2090430 0.2437433 0.1177542 0.1247729 
Perityle_hofmeisteria_4_nombre_de_dios     0.5377115 0.1715234 0.5597464 0.4300685 0.3452023 0.4310317 0.2087847 0.4666274 0.3577909 0.5257731 0.4424196 0.4322925 0.4437946 0.3814153 0.4966569 0.4272141 0.3442486 0.6155304 0.5088023 0.2218156 0.4477566 0.2570683 0.4994428 0.4032336 0.5007985 0.5201148 0.5536678 0.4902571 0.3752176 0.2157764 0.1853430 0.2179761 0.3048295 0.5264605 0.5128252 0.8047487 0.4104235 0.0493887 0.5393174 0.4628467 0.4645864 0.5335256 0.3665092 0.3644278 0.0000000 0.4143050 0.4515134 0.5746683 0.5119895 0.3319317 0.5103096 0.4506506 0.6117067 0.4662647 0.2393700 0.2504212 0.2984616 0.5039958 0.4606423 0.1844859 0.1418499 0.3559581 0.1928121 0.5690744 0.3707413 0.4540179 0.5003204 0.4545323 0.5424923 0.3802980 0.4138194 0.5233391 0.3360522 0.4620858 0.1818509 0.4769219 0.5299414 0.4003632 0.4832203 0.1635247 0.4317175 0.4977208 0.1769063 0.1805599 
