85
Amauria_brandeegeana_62                    0.0000000 0.0970078 0.1470786 0.3190759 0.2054819 0.2645882 0.2310032 0.3889045 0.1947000 0.4370073 0.2561061 0.1432739 0.2551469 0.2175437 0.2503960 0.2645269 0.2790235 0.1320570 0.1332355 0.1444974 0.2389908 0.0919117 0.2666289 0.1559979 0.1270673 0.2625965 0.2773072 0.2565797 0.1651776 0.1315887 0.2178275 0.2182806 0.1224807 0.2251953 0.2350883 0.2659449 0.2031829 0.2342949 0.1870607 0.1364272 0.1004399 0.2568606 0.2103237 0.2697038 0.2790522 0.2537542 0.2370776 0.2658899 0.2464349 0.2586370 0.2661841 0.2175494 0.2838983 0.1332984 0.1777527 0.1328493 0.1235678 0.2625223 0.0602424 0.2492182 0.0933836 0.2530464 0.1155648 0.2046240 0.2409084 0.2625977 0.1445146 0.2506009 0.1137206 0.2444709 0.2656430 0.2153927 0.2697446 0.1637922 0.2051327 0.1124546 0.2247869 0.2632826 0.3004120 0.2236728 0.1067048 0.2679376 0.1995831 0.0968214 0.1122275 
Amauria_carterae_99_mesa                   0.0970078 0.0000000 0.0984147 0.3084593 0.1034764 0.1862445 0.1502607 0.2946170 0.0986949 0.1807147 0.0984036 0.0951962 0.0894387 0.0949700 0.1019957 0.0946917 0.2920810 0.0964188 0.0861212 0.0927147 0.0983138 0.0945296 0.0936444 0.0910359 0.0984623 0.1112713 0.1018274 0.1169605 0.0984343 0.0988148 0.1238934 0.1164842 0.0950457 0.0890806 0.0929527 0.1102180 0.1008895 0.1085653 0.1016551 0.0929120 0.0838826 0.1055010 0.1004143 0.1060057 0.1117842 0.0981102 0.0981088 0.0986904 0.1075488 0.0913273 0.0892605 0.0948304 0.1112679 0.0931289 0.1151115 0.1061272 0.0997336 0.0952270 0.0688706 0.1094557 0.0939932 0.1158666 0.1098244 0.1022028 0.1108925 0.1112781 0.1029591 0.0762087 0.1128994 0.0928614 0.0929452 0.0967846 0.1004236 0.0986665 0.0900157 0.0964300 0.1026927 0.0969808 0.0949565 0.1108520 0.0962714 0.0985503 0.1024053 0.1057024 0.1101842 
Amauria_rotundifolia_SRR9119150            0.1470786 0.0984147 0.0000000 0.3331127 0.1797520 0.2257506 0.2039297 0.3641961 0.1418942 0.4622760 0.2343112 0.1209980 0.2010095 0.1967572 0.2281199 0.2285328 0.3237017 0.1377630 0.1354845 0.1505838 0.1774948 0.0872357 0.2275097 0.1402047 0.1327829 0.2087385 0.2390166 0.2481201 0.1262377 0.1011390 0.1728184 0.1879474 0.0967965 0.1820070 0.2545715 0.2307961 0.1962117 0.2226401 0.1435831 0.1421587 0.1028818 0.2301885 0.1891030 0.2312041 0.2330214 0.2009492 0.1786906 0.2361843 0.2011348 0.2064712 0.2190379 0.1715881 0.2405462 0.1342108 0.1883440 0.1379507 0.1320506 0.2254059 0.0667677 0.2178999 0.0933632 0.1995656 0.1125735 0.1531209 0.2064869 0.2021956 0.1464035 0.2723785 0.1207514 0.1841310 0.2215021 0.1619577 0.2104370 0.1486334 0.1699569 0.1175746 0.2032735 0.2326128 0.3012765 0.1862841 0.1107300 0.2381625 0.1545287 0.0991899 0.1267341 
Conoclinium_coelestinum_SRR9119114         0.3190759 0.3084593 0.3331127 0.0000000 0.3282460 0.3114911 0.2704970 0.3878634 0.3741520 0.4852745 0.3709516 0.3685369 0.3681423 0.3738029 0.3665979 0.3614915 0.5748353 0.3725989 0.3455430 0.3672190 0.3572902 0.4725203 0.3672083 0.3698295 0.3647894 0.3509652 0.3770835 0.3424741 0.3857900 0.3764788 0.3496856 0.3428981 0.3717442 0.3655006 0.3820904 0.3894558 0.3785207 0.3553392 0.3701566 0.3635615 0.2543179 0.3872821 0.3592805 0.3874969 0.3481474 0.3738271 0.3675492 0.3548366 0.3905996 0.3702119 0.3698069 0.3654089 0.3488090 0.3699642 0.3300624 0.3682725 0.3421774 0.3668078 0.1756048 0.3782946 0.1387634 0.3349998 0.2853718 0.3749021 0.3783523 0.3536332 0.3719115 0.3171646 0.2869814 0.3718141 0.3675982 0.3836544 0.3575144 0.3572902 0.3708474 0.3110326 0.3694099 0.3583190 0.3861548 0.3777265 0.2957465 0.3597729 0.3699957 0.2551754 0.1884204 
Eutetras_palmeri_63                        0.2054819 0.1034764 0.1797520 0.3282460 0.0000000 0.1806536 0.1743067 0.3243320 0.0818308 0.3759676 0.0917311 0.0798517 0.0816531 0.0866341 0.0848447 0.0858218 0.2214261 0.0931370 0.0669232 0.0770291 0.0890184 0.0642225 0.0806608 0.0768334 0.0846605 0.1022715 0.0872586 0.1224201 0.1180521 0.0826346 0.0929413 0.1043471 0.0759968 0.0858919 0.2195795 0.2207841 0.0923749 0.0975389 0.0772834 0.0731750 0.0781885 0.2182823 0.0877053 0.2220650 0.1125089 0.0933493 0.0874154 0.0879682 0.1719308 0.0877984 0.0858145 0.0813123 0.1033972 0.0800650 0.0977946 0.0896559 0.0779252 0.0878498 0.0453859 0.1294751 0.0865674 0.1207704 0.0835169 0.0851170 0.1187588 0.1043805 0.1101194 0.0854543 0.0894793 0.0820163 0.0786491 0.0917491 0.0858602 0.0778242 0.0869612 0.0681699 0.1088462 0.0970318 0.1118677 0.0956425 0.0961519 0.0890694 0.0921594 0.0781154 0.0960441 
Eutrochium_fistulosum_SRR9119106           0.2645882 0.1862445 0.2257506 0.3114911 0.1806536 0.0000000 0.2016075 0.3853874 0.2221156 0.4689272 0.2135391 0.2151861 0.2206845 0.2224569 0.2176970 0.2111215 0.4666291 0.2330069 0.2232276 0.2267407 0.2162890 0.1474009 0.2157400 0.2113745 0.2135902 0.2464576 0.2201125 0.2956905 0.2456418 0.2069371 0.2429161 0.2467577 0.2300478 0.2240539 0.2975349 0.2420666 0.2343342 0.2374029 0.2159979 0.2173085 0.1285776 0.2458372 0.2210430 0.2483854 0.2270911 0.2226905 0.2229806 0.2224111 0.2464064 0.2215366 0.2199758 0.2136705 0.2453057 0.2231985 0.2401887 0.2263358 0.2293633 0.2223387 0.0908458 0.2733525 0.1178978 0.2432473 0.1742048 0.2209036 0.2687016 0.2461751 0.2474408 0.2252832 0.1398149 0.2226854 0.2174898 0.2299750 0.2192825 0.2133670 0.2190157 0.1679378 0.2408996 0.2296043 0.2474685 0.2237977 0.1690990 0.2147326 0.2286037 0.1177727 0.1356204 
Galeana_pratensis_104_mex                  0.2310032 0.1502607 0.2039297 0.2704970 0.1743067 0.2016075 0.0000000 0.4127223 0.1929871 0.2363537 0.2174571 0.2128933 0.2034197 0.2023606 0.2122671 0.2115952 0.3427321 0.2049444 0.1232050 0.2010423 0.2121793 0.1625266 0.1997951 0.2068820 0.2063329 0.2132619 0.2158519 0.1614820 0.2005277 0.2015611 0.2015631 0.1926275 0.1909510 0.2011149 0.2429426 0.2256467 0.1996603 0.2161892 0.2115427 0.2075284 0.1833662 0.2223812 0.2108472 0.2199226 0.2219608 0.2092469 0.2129724 0.2069726 0.2240855 0.2053483 0.2058979 0.2032470 0.2135123 0.2023657 0.2407321 0.2043222 0.1926508 0.2129475 0.0645605 0.2350028 0.0823026 0.1373902 0.1397068 0.2074696 0.2394747 0.2193920 0.2248257 0.1077872 0.2102839 0.2060075 0.2116677 0.1927321 0.2088047 0.2089553 0.2110303 0.1653116 0.2271975 0.1853790 0.2240854 0.2237964 0.1300992 0.2106040 0.2017753 0.1251713 0.1763149 
Helianthus_annuus_SRR9119062               0.3889045 0.2946170 0.3641961 0.3878634 0.3243320 0.3853874 0.4127223 0.0000000 0.3824299 0.4389395 0.3814764 0.3743298 0.3686234 0.3685109 0.3646865 0.3728779 0.4836622 0.2955231 0.2665730 0.3179045 0.3709174 0.3184726 0.3666274 0.3671686 0.2910952 0.3697556 0.3842756 0.3088216 0.3305601 0.3037785 0.3704364 0.2809990 0.3506980 0.3745248 0.3410735 0.3704819 0.3381452 0.3680808 0.3707081 0.3398835 0.2869489 0.3700556 0.3718643 0.3633015 0.3807878 0.3700124 0.3785792 0.3762516 0.3712780 0.3734938 0.3741917 0.3678040 0.3747229 0.3680909 0.3195045 0.3041523 0.2956993 0.3764537 0.1875903 0.3958775 0.2122700 0.3443442 0.2618842 0.3845495 0.3980316 0.3760091 0.3912743 0.2737200 0.2635322 0.3760421 0.3717115 0.3847341 0.3758982 0.3700155 0.3801137 0.2838805 0.3904025 0.3543159 0.3231086 0.3835011 0.2513955 0.3735362 0.3930855 0.2118870 0.2301488 
Lycapsus_tenuifolius_17                    0.1947000 0.0986949 0.1418942 0.3741520 0.0818308 0.2221156 0.1929871 0.3824299 0.0000000 0.4051885 0.1046968 0.1020998 0.1088264 0.1026931 0.1006620 0.1049159 0.2292921 0.1171768 0.0791802 0.0970693 0.1106696 0.0633788 0.1082963 0.1025847 0.1052711 0.1219055 0.1153699 0.1176014 0.0554148 0.0294123 0.0879149 0.0901683 0.0029665 0.1102494 0.1940852 0.2226867 0.1059254 0.1221724 0.1071334 0.1001863 0.0893618 0.2202095 0.1056466 0.2265180 0.1328504 0.1156334 0.1087609 0.1116839 0.2065486 0.1116107 0.1108485 0.1076701 0.1219500 0.1020138 0.1200297 0.1056614 0.0966487 0.1093931 0.0392257 0.1351375 0.0692125 0.1320274 0.0731724 0.1134411 0.1315257 0.1238745 0.1273160 0.0922739 0.0968982 0.1067204 0.1078160 0.0146595 0.1107341 0.1038033 0.1123668 0.0797603 0.1353959 0.1200064 0.1463157 0.1110949 0.0755772 0.1107295 0.0343635 0.0611428 0.0878172 
Pericome_caudata_50_silver                 0.4370073 0.1807147 0.4622760 0.4852745 0.3759676 0.4689272 0.2363537 0.4389395 0.4051885 0.0000000 0.4253740 0.3514272 0.4564825 0.3978468 0.4397374 0.4627126 0.4650104 0.2389174 0.2843293 0.3464590 0.4295606 0.1568147 0.4599792 0.3609580 0.2303844 0.4660525 0.4695521 0.3957612 0.3269600 0.2469667 0.4332656 0.3429340 0.3325497 0.4214902 0.3785716 0.4744319 0.3753955 0.4207330 0.4063629 0.3328609 0.1820183 0.4695485 0.4052327 0.4742156 0.4920993 0.4445488 0.4359055 0.4456368 0.4163882 0.4533201 0.4578258 0.4186926 0.4657421 0.3489960 0.3519667 0.2436423 0.2721267 0.4512777 0.0543687 0.4622311 0.0802356 0.4720975 0.1537459 0.4146537 0.4611110 0.4630326 0.3584722 0.3828088 0.1402483 0.4360583 0.4560919 0.4300337 0.4464133 0.3690981 0.4080227 0.1825958 0.4397428 0.4748046 0.4248449 0.4140507 0.1394320 0.4487006 0.4273717 0.1181679 0.1205696 
Perityle_aglossa_84_dead_horse             0.2561061 0.0984036 0.2343112 0.3709516 0.0917311 0.2135391 0.2174571 0.3814764 0.1046968 0.4253740 0.0000000 0.0214019 0.0321648 0.0266788 0.0388714 0.0346150 0.2256870 0.0721444 0.0242282 0.0298827 0.0259035 0.0347366 0.0295943 0.0336642 0.0285647 0.0763260 0.0394803 0.1214595 0.1249308 0.0912085 0.1038522 0.1161801 0.0951053 0.0251995 0.2040024 0.2528318 0.0262927 0.0970091 0.0394561 0.0353924 0.0292176 0.2589160 0.0287192 0.2542262 0.1068089 0.0322853 0.0298150 0.0513442 0.1780489 0.0353176 0.0333201 0.0296086 0.0853072 0.0239648 0.1057897 0.0464882 0.0364228 0.0257598 0.0099987 0.1239010 0.0569565 0.1232793 0.0593582 0.0259654 0.1181772 0.0736340 0.1152334 0.0933155 0.0471981 0.0222534 0.0351064 0.1057689 0.0276814 0.0311814 0.0312723 0.0250740 0.1153057 0.0906793 0.0817068 0.0142244 0.0815169 0.0569291 0.1084906 0.0722023 0.0833799 
Perityle_ajoensis_204                      0.1432739 0.0951962 0.1209980 0.3685369 0.0798517 0.2151861 0.2128933 0.3743298 0.1020998 0.3514272 0.0214019 0.0000000 0.0242861 0.0215338 0.0262037 0.0252640 0.2306140 0.0657676 0.0244269 0.0220590 0.0225888 0.0387491 0.0244615 0.0244559 0.0260233 0.0606786 0.0324180 0.1283346 0.1201757 0.0944270 0.1042046 0.1155236 0.0946296 0.0225825 0.1556645 0.1587896 0.0251434 0.0798096 0.0299551 0.0277073 0.0224405 0.1588412 0.0221097 0.1615828 0.0835485 0.0279386 0.0213673 0.0216637 0.1614340 0.0252261 0.0233568 0.0242896 0.0637300 0.0188120 0.1021757 0.0412669 0.0313815 0.0064184 0.0120243 0.1234900 0.0605579 0.1148110 0.0543931 0.0243206 0.1209193 0.0596982 0.1119433 0.0672538 0.0336877 0.0204658 0.0270980 0.1025479 0.0254937 0.0205161 0.0271971 0.0250724 0.1089762 0.0692403 0.0908358 0.0299034 0.0849171 0.0226188 0.1041911 0.0726915 0.0774307 
Perityle_ambrosiifolia_67_green            0.2551469 0.0894387 0.2010095 0.3681423 0.0816531 0.2206845 0.2034197 0.3686234 0.1088264 0.4564825 0.0321648 0.0242861 0.0000000 0.0309385 0.0308850 0.0242831 0.2070626 0.0629813 0.0189395 0.0156953 0.0300423 0.0206069 0.0216385 0.0215803 0.0247649 0.0746108 0.0412257 0.1130744 0.1240589 0.0911936 0.1018172 0.1105419 0.0922904 0.0278092 0.2046904 0.2336785 0.0266314 0.0871502 0.0414111 0.0153923 0.0251418 0.2336783 0.0286362 0.2310265 0.0928783 0.0399235 0.0277671 0.0309989 0.1754183 0.0144635 0.0135146 0.0198498 0.0745140 0.0269304 0.1044588 0.0371959 0.0261502 0.0307927 0.0099977 0.1210496 0.0604969 0.1218380 0.0489572 0.0310818 0.1229964 0.0734579 0.1115234 0.0799414 0.0351639 0.0286330 0.0223616 0.1073469 0.0332041 0.0247489 0.0331485 0.0235585 0.1255842 0.0886179 0.0691861 0.0387670 0.0815075 0.0317370 0.1070307 0.0663583 0.0755607 
Perityle_angustifolia_13_Eagle_creek       0.2175437 0.0949700 0.1967572 0.3738029 0.0866341 0.2224569 0.2023606 0.3685109 0.1026931 0.3978468 0.0266788 0.0215338 0.0309385 0.0000000 0.0326516 0.0309439 0.2081365 0.0681810 0.0151250 0.0238430 0.0244299 0.0275404 0.0242008 0.0254088 0.0234403 0.0697281 0.0329515 0.1242094 0.1244691 0.0924506 0.1052460 0.1145618 0.0925203 0.0151298 0.1972895 0.2267017 0.0212435 0.0860754 0.0318461 0.0294401 0.0239355 0.2237371 0.0258210 0.2267066 0.0874059 0.0265773 0.0260035 0.0217356 0.1762690 0.0292157 0.0301066 0.0279579 0.0734196 0.0113571 0.1115043 0.0398270 0.0313762 0.0232753 0.0099876 0.1167744 0.0674305 0.1164139 0.0594100 0.0234973 0.1180057 0.0715575 0.1114578 0.0778948 0.0368990 0.0081949 0.0309306 0.1078277 0.0251308 0.0240838 0.0236532 0.0264862 0.1160173 0.0711881 0.0780708 0.0334193 0.0851352 0.0242850 0.1093954 0.0739526 0.0857134 
Perityle_batopilensis_97                   0.2503960 0.1019957 0.2281199 0.3665979 0.0848447 0.2176970 0.2122671 0.3646865 0.1006620 0.4397374 0.0388714 0.0262037 0.0308850 0.0326516 0.0000000 0.0314891 0.2188873 0.0694812 0.0318990 0.0266902 0.0325228 0.0349779 0.0301001 0.0279966 0.0349186 0.0767573 0.0363397 0.1245392 0.1197034 0.0885663 0.1037757 0.1132246 0.0891375 0.0310156 0.2029457 0.2532167 0.0348654 0.0988690 0.0087577 0.0312379 0.0306095 0.2584540 0.0329308 0.2525331 0.1046693 0.0396005 0.0314434 0.0508290 0.1771342 0.0308060 0.0312793 0.0281399 0.0866591 0.0318104 0.1080135 0.0437951 0.0338469 0.0297298 0.0201592 0.1218504 0.0604378 0.1164637 0.0610585 0.0358280 0.1211158 0.0732225 0.1169490 0.1000804 0.0383965 0.0271134 0.0299255 0.1054859 0.0363478 0.0322138 0.0372907 0.0356465 0.1160487 0.0914404 0.0781125 0.0422112 0.0876301 0.0508354 0.1040868 0.0704735 0.0794607 
Perityle_bisetosa_9                        0.2645269 0.0946917 0.2285328 0.3614915 0.0858218 0.2111215 0.2115952 0.3728779 0.1049159 0.4627126 0.0346150 0.0252640 0.0242831 0.0309439 0.0314891 0.0000000 0.2124895 0.0656890 0.0253424 0.0207089 0.0324488 0.0275453 0.0281973 0.0225307 0.0285852 0.0771238 0.0356715 0.1168529 0.1217740 0.0853090 0.1008245 0.1056529 0.0900927 0.0294885 0.2057990 0.2555887 0.0284950 0.0916898 0.0479768 0.0252849 0.0224846 0.2600148 0.0312427 0.2542310 0.1019425 0.0391912 0.0302344 0.0550546 0.1766431 0.0284757 0.0240519 0.0207056 0.0861391 0.0279196 0.1047965 0.0371781 0.0325996 0.0307890 0.0160349 0.1222619 0.0639666 0.1166908 0.0558421 0.0337595 0.1267051 0.0762361 0.1159158 0.0973208 0.0320672 0.0281063 0.0278551 0.1024977 0.0318971 0.0284950 0.0332032 0.0280476 0.1273459 0.0945862 0.0732498 0.0396840 0.0813509 0.0698269 0.1020315 0.0682236 0.0834068 
Perityle_californica_76_positas            0.2790235 0.2920810 0.3237017 0.5748353 0.2214261 0.4666291 0.3427321 0.4836622 0.2292921 0.4650104 0.2256870 0.2306140 0.2070626 0.2081365 0.2188873 0.2124895 0.0000000 0.2424308 0.2093243 0.2142423 0.2187062 0.0964357 0.2165226 0.2145926 0.2274541 0.2045201 0.2206088 0.2532768 0.2761886 0.2447993 0.1507275 0.2348838 0.2291932 0.2151238 0.3533044 0.3757799 0.2147204 0.2468746 0.2197894 0.2150851 0.2649600 0.3776312 0.2167787 0.3747819 0.2429299 0.2235112 0.2185705 0.2187118 0.3798334 0.2149419 0.2129234 0.2149409 0.2118773 0.2159804 0.2666515 0.2299035 0.2180013 0.2228901 0.2634344 0.2616587 0.4809602 0.2368562 0.2318091 0.2186148 0.2588458 0.2065211 0.2652314 0.2348363 0.3194760 0.2035089 0.2131814 0.2297136 0.2205553 0.2172428 0.2206218 0.2251666 0.2585398 0.2317281 0.2081254 0.2202444 0.2937484 0.2189151 0.2427481 0.2183585 0.2519209 
Perityle_canescens_77                      0.1320570 0.0964188 0.1377630 0.3725989 0.0931370 0.2330069 0.2049444 0.2955231 0.1171768 0.2389174 0.0721444 0.0657676 0.0629813 0.0681810 0.0694812 0.0656890 0.2424308 0.0000000 0.0636080 0.0615523 0.0702234 0.0503096 0.0633662 0.0577909 0.0738208 0.0818487 0.0769713 0.1142956 0.1327196 0.1129102 0.1204586 0.1202767 0.1143717 0.0701154 0.1476265 0.1593556 0.0736521 0.0723659 0.0718515 0.0681753 0.0555837 0.1563657 0.0716321 0.1541418 0.0687486 0.0706640 0.0693747 0.0690081 0.1553952 0.0604709 0.0618132 0.0629375 0.0858263 0.0681614 0.0944028 0.0761119 0.0677511 0.0631610 0.0350652 0.1202183 0.0712491 0.1052022 0.0673241 0.0761771 0.1117595 0.0845321 0.1133975 0.0522231 0.0489991 0.0667731 0.0668923 0.1151734 0.0729756 0.0704325 0.0775031 0.0532410 0.1119539 0.0109568 0.1267365 0.0839649 0.0813705 0.0716331 0.1186883 0.0787485 0.0827960 
Perityle_castillonii_96                    0.1332355 0.0861212 0.1354845 0.3455430 0.0669232 0.2232276 0.1232050 0.2665730 0.0791802 0.2843293 0.0242282 0.0244269 0.0189395 0.0151250 0.0318990 0.0253424 0.2093243 0.0636080 0.0000000 0.0227553 0.0229871 0.0310167 0.0215160 0.0242133 0.0216112 0.0725964 0.0321226 0.1210032 0.1105726 0.0687073 0.0812822 0.0975593 0.0737220 0.0215451 0.1725931 0.1841983 0.0188717 0.0826056 0.0305054 0.0279854 0.0193119 0.1838555 0.0229689 0.1814155 0.0755236 0.0252638 0.0252964 0.0229869 0.1813864 0.0240912 0.0253544 0.0241069 0.0781756 0.0208351 0.0962526 0.0348733 0.0328982 0.0229495 0.0099778 0.1107002 0.0638854 0.1014841 0.0555711 0.0268132 0.1089617 0.0754082 0.1054037 0.0665262 0.0367860 0.0150640 0.0266806 0.0825992 0.0268765 0.0217204 0.0266066 0.0189190 0.1070552 0.0624575 0.0228289 0.0319614 0.0880340 0.0230038 0.0876518 0.0738855 0.0755885 
Perityle_cernua_84                         0.1444974 0.0927147 0.1505838 0.3672190 0.0770291 0.2267407 0.2010423 0.3179045 0.0970693 0.3464590 0.0298827 0.0220590 0.0156953 0.0238430 0.0266902 0.0207089 0.2142423 0.0615523 0.0227553 0.0000000 0.0260205 0.0345889 0.0208355 0.0149042 0.0259618 0.0622361 0.0291872 0.1214133 0.1275003 0.0910412 0.1047918 0.1104816 0.0930918 0.0239602 0.1677870 0.1875274 0.0261149 0.0805589 0.0257544 0.0218643 0.0205320 0.1850874 0.0260533 0.1843718 0.0755692 0.0306852 0.0236625 0.0240229 0.1772808 0.0157130 0.0177099 0.0176926 0.0665140 0.0235536 0.0991388 0.0344954 0.0261018 0.0218178 0.0079833 0.1123408 0.0569565 0.1150393 0.0506018 0.0299750 0.1133568 0.0633739 0.1101092 0.0641507 0.0351098 0.0207057 0.0216884 0.0988645 0.0280966 0.0240497 0.0298874 0.0249842 0.1112944 0.0612243 0.0695405 0.0380341 0.0822756 0.0260573 0.0983111 0.0720384 0.0677876 
Perityle_cfvillosa_25_tin                  0.2389908 0.0983138 0.1774948 0.3572902 0.0890184 0.2162890 0.2121793 0.3709174 0.1106696 0.4295606 0.0259035 0.0225888 0.0300423 0.0244299 0.0325228 0.0324488 0.2187062 0.0702234 0.0229871 0.0260205 0.0000000 0.0452340 0.0239097 0.0273801 0.0048717 0.0614347 0.0366553 0.1226497 0.1292736 0.0952173 0.1006249 0.1143632 0.0955743 0.0149760 0.2053741 0.2156642 0.0268027 0.0843385 0.0335566 0.0286146 0.0228240 0.2150218 0.0082758 0.2142490 0.0876328 0.0304897 0.0106230 0.0052857 0.1743653 0.0331874 0.0308349 0.0292449 0.0630839 0.0241269 0.1109211 0.0457486 0.0383002 0.0245964 0.0019863 0.1238358 0.0604484 0.1120509 0.0551431 0.0257319 0.1196165 0.0647275 0.1125617 0.0876762 0.0390049 0.0183501 0.0292219 0.1091583 0.0090927 0.0054081 0.0205944 0.0014459 0.1224273 0.0781335 0.0837269 0.0322842 0.0899704 0.0015058 0.1099177 0.0722389 0.0810473 
Perityle_cinerea_113_Powell1310            0.0919117 0.0945296 0.0872357 0.4725203 0.0642225 0.1474009 0.1625266 0.3184726 0.0633788 0.1568147 0.0347366 0.0387491 0.0206069 0.0275404 0.0349779 0.0275453 0.0964357 0.0503096 0.0310167 0.0345889 0.0452340 0.0000000 0.0311587 0.0275404 0.0452421 0.0876767 0.0455648 0.1212031 0.0561153 0.0561760 0.0882312 0.1024361 0.0561153 0.0382919 0.1047907 0.0682210 0.0381953 0.0615646 0.0276901 0.0275763 0.0133395 0.0682633 0.0417083 0.0643714 0.0688084 0.0345512 0.0417083 0.0489381 0.0644337 0.0206033 0.0206069 0.0275805 0.0876705 0.0311735 0.0919825 0.0456677 0.0346687 0.0424196 0.0266781 0.1299398 0.2352834 0.1013100 0.0879961 0.0421440 0.1209794 0.0839191 0.1031178 0.0584510 0.0500461 0.0275404 0.0275995 0.0561153 0.0452421 0.0453012 0.0418192 0.0417083 0.0991736 0.0453391 0.0348962 0.0419845 0.1175309 0.0417083 0.0597649 0.1076816 0.0976482 
Perityle_coahuilensis_24                   0.2666289 0.0936444 0.2275097 0.3672083 0.0806608 0.2157400 0.1997951 0.3666274 0.1082963 0.4599792 0.0295943 0.0244615 0.0216385 0.0242008 0.0301001 0.0281973 0.2165226 0.0633662 0.0215160 0.0208355 0.0239097 0.0311587 0.0000000 0.0226530 0.0247911 0.0698974 0.0339973 0.1137467 0.1280710 0.0926141 0.0993203 0.1104847 0.0959441 0.0246874 0.2059323 0.2576693 0.0285153 0.0860130 0.0445731 0.0204662 0.0254417 0.2621602 0.0243874 0.2549293 0.1005617 0.0300059 0.0267901 0.0485854 0.1762585 0.0219468 0.0221712 0.0257810 0.0835320 0.0250400 0.1029586 0.0373798 0.0276143 0.0288579 0.0100040 0.1154563 0.0604484 0.1137938 0.0527648 0.0301760 0.1175721 0.0715124 0.1119298 0.0918841 0.0339546 0.0221020 0.0205801 0.1073673 0.0474642 0.0219662 0.0323370 0.0221562 0.1213436 0.0866515 0.0715333 0.0339130 0.0833973 0.0711412 0.1080677 0.0721682 0.0763243 
Perityle_cochisensis_44_cave_creek         0.1559979 0.0910359 0.1402047 0.3698295 0.0768334 0.2113745 0.2068820 0.3671686 0.1025847 0.3609580 0.0336642 0.0244559 0.0215803 0.0254088 0.0279966 0.0225307 0.2145926 0.0577909 0.0242133 0.0149042 0.0273801 0.0275404 0.0226530 0.0000000 0.0285001 0.0613807 0.0312322 0.1180479 0.1279424 0.0940576 0.1024566 0.1125609 0.0934617 0.0273689 0.1733132 0.1733837 0.0269872 0.0779992 0.0297821 0.0204099 0.0264487 0.1682737 0.0286557 0.1714719 0.0815609 0.0343602 0.0252262 0.0274220 0.1702248 0.0224846 0.0234288 0.0179211 0.0643287 0.0261860 0.0952777 0.0384432 0.0273795 0.0244019 0.0160212 0.1198437 0.0466248 0.1157680 0.0506478 0.0319181 0.1153396 0.0604338 0.1079715 0.0625734 0.0364411 0.0243448 0.0224720 0.1053393 0.0283532 0.0262708 0.0318328 0.0264878 0.1058263 0.0627464 0.0755208 0.0411230 0.0766198 0.0274154 0.1066688 0.0719953 0.0733833 
Perityle_congesta_202                      0.1270673 0.0984623 0.1327829 0.3647894 0.0846605 0.2135902 0.2063329 0.2910952 0.1052711 0.2303844 0.0285647 0.0260233 0.0247649 0.0234403 0.0349186 0.0285852 0.2274541 0.0738208 0.0216112 0.0259618 0.0048717 0.0452421 0.0247911 0.0285001 0.0000000 0.0654956 0.0430261 0.1174776 0.1149766 0.0966683 0.1048094 0.1122753 0.1024149 0.0135105 0.1317650 0.1488983 0.0272329 0.0831161 0.0360772 0.0336238 0.0223386 0.1488106 0.0048680 0.1495395 0.0799477 0.0309533 0.0122224 0.0060919 0.1494179 0.0273048 0.0273262 0.0285318 0.0668733 0.0246924 0.1094712 0.0444347 0.0373749 0.0260450 0.0000010 0.1172870 0.0604484 0.0870110 0.0553028 0.0361995 0.1124182 0.0654923 0.1173470 0.0687073 0.0406952 0.0234010 0.0361709 0.1058008 0.0085431 0.0036554 0.0221436 0.0029016 0.1172017 0.0708048 0.0938052 0.0399741 0.0890608 0.0048751 0.1095932 0.0722459 0.0813038 
Perityle_cordifolia_27                     0.2625965 0.1112713 0.2087385 0.3509652 0.1022715 0.2464576 0.2132619 0.3697556 0.1219055 0.4660525 0.0763260 0.0606786 0.0746108 0.0697281 0.0767573 0.0771238 0.2045201 0.0818487 0.0725964 0.0622361 0.0614347 0.0876767 0.0698974 0.0613807 0.0654956 0.0000000 0.0774108 0.1223132 0.1443938 0.1085422 0.0968465 0.0961992 0.1059046 0.0662288 0.2183923 0.2442704 0.0746392 0.1093243 0.0700499 0.0632830 0.0432350 0.2422470 0.0666617 0.2404930 0.1107328 0.0732883 0.0617724 0.0638069 0.1894156 0.0749257 0.0745934 0.0663138 0.0152028 0.0647001 0.1284427 0.0785423 0.0728146 0.0666670 0.0411290 0.1325003 0.0613366 0.1117228 0.0095166 0.0680619 0.1306539 0.0153432 0.1266054 0.1099220 0.0647439 0.0595311 0.0678035 0.1163917 0.0687094 0.0614029 0.0676316 0.0483145 0.1307653 0.1020803 0.1373342 0.0765724 0.0923901 0.0662163 0.1225237 0.0630186 0.0680347 
Perityle_cordifolia_68_tecolote            0.2773072 0.1018274 0.2390166 0.3770835 0.0872586 0.2201125 0.2158519 0.3842756 0.1153699 0.4695521 0.0394803 0.0324180 0.0412257 0.0329515 0.0363397 0.0356715 0.2206088 0.0769713 0.0321226 0.0291872 0.0366553 0.0455648 0.0339973 0.0312322 0.0430261 0.0774108 0.0000000 0.1223531 0.1352260 0.1095450 0.1027497 0.1186730 0.1022880 0.0345326 0.2127237 0.2583690 0.0369906 0.0974306 0.0537088 0.0287355 0.0311108 0.2631116 0.0349514 0.2580581 0.1182325 0.0404124 0.0375874 0.0623827 0.1799638 0.0386514 0.0328489 0.0341397 0.0913358 0.0351909 0.1172423 0.0114264 0.0422796 0.0463169 0.0222504 0.1298602 0.0676696 0.1251328 0.0603481 0.0425798 0.1389842 0.0780701 0.1197746 0.1001746 0.0470475 0.0369167 0.0351733 0.1108001 0.0453655 0.0344277 0.0402619 0.0329826 0.1345502 0.1035468 0.0792599 0.0418729 0.0933778 0.0777550 0.1136106 0.0743742 0.0711040 
Perityle_coronopifolia_28_patagonia        0.2565797 0.1169605 0.2481201 0.3424741 0.1224201 0.2956905 0.1614820 0.3088216 0.1176014 0.3957612 0.1214595 0.1283346 0.1130744 0.1242094 0.1245392 0.1168529 0.2532768 0.1142956 0.1210032 0.1214133 0.1226497 0.1212031 0.1137467 0.1180479 0.1174776 0.1223132 0.1223531 0.0000000 0.1536463 0.1077464 0.1114166 0.1127638 0.1136217 0.1167397 0.2440508 0.3206743 0.1253446 0.1447551 0.1281997 0.1246816 0.0815342 0.3117336 0.1208106 0.3115850 0.1350747 0.1269250 0.1216070 0.1211713 0.2468290 0.1194869 0.1180435 0.1264929 0.1273695 0.1303745 0.1095992 0.1333034 0.1251702 0.1231051 0.0702031 0.0449651 0.0856849 0.1392199 0.1076261 0.1296757 0.0315316 0.1248976 0.1254719 0.1319066 0.1160907 0.1159420 0.1170387 0.1198269 0.1224582 0.1230019 0.1220336 0.1087336 0.1187319 0.1302868 0.1183446 0.1319072 0.0313180 0.1224326 0.1294751 0.0979383 0.1162687 
Perityle_crassifolia_70_ventanas           0.1651776 0.0984343 0.1262377 0.3857900 0.1180521 0.2456418 0.2005277 0.3305601 0.0554148 0.3269600 0.1249308 0.1201757 0.1240589 0.1244691 0.1197034 0.1217740 0.2761886 0.1327196 0.1105726 0.1275003 0.1292736 0.0561153 0.1280710 0.1279424 0.1149766 0.1443938 0.1352260 0.1536463 0.0000000 0.0346941 0.1124764 0.1172454 0.0522406 0.1284622 0.1697887 0.2000519 0.1306876 0.1472395 0.1242370 0.1267102 0.0935044 0.2011438 0.1304879 0.2019440 0.1562045 0.1315053 0.1265315 0.1292746 0.2032408 0.1253461 0.1231642 0.1266907 0.1523441 0.1271787 0.1519276 0.1141294 0.1217372 0.1263879 0.0434285 0.1564823 0.0728003 0.1585059 0.0729779 0.1327641 0.1522152 0.1446187 0.1510246 0.1169418 0.1020053 0.1240115 0.1255374 0.0442185 0.1279460 0.1281652 0.1305827 0.0812692 0.1572773 0.1461745 0.1826994 0.1274197 0.0774864 0.1293617 0.0780878 0.0630494 0.0895129 
Perityle_crassifolia_74_playa_balandra     0.1315887 0.0988148 0.1011390 0.3764788 0.0826346 0.2069371 0.2015611 0.3037785 0.0294123 0.2469667 0.0912085 0.0944270 0.0911936 0.0924506 0.0885663 0.0853090 0.2447993 0.1129102 0.0687073 0.0910412 0.0952173 0.0561760 0.0926141 0.0940576 0.0966683 0.1085422 0.1095450 0.1077464 0.0346941 0.0000000 0.0872877 0.0799063 0.0268169 0.0960554 0.1180967 0.1635599 0.1014349 0.1144926 0.0911757 0.0970958 0.0871591 0.1635400 0.0967141 0.1627961 0.1145337 0.0999291 0.0956323 0.0967990 0.1656829 0.0926908 0.0899530 0.0940191 0.1085939 0.0940636 0.1175949 0.1044805 0.0925926 0.0945158 0.0435703 0.1202961 0.0804729 0.1028516 0.0769841 0.1004001 0.1137804 0.1085348 0.1247856 0.0792991 0.0988063 0.0939472 0.0971277 0.0307163 0.0967686 0.0952756 0.0985929 0.0832881 0.1262875 0.1101694 0.1451502 0.1016319 0.0777814 0.0952947 0.0024171 0.0632852 0.0941937 
Perityle_cuneata_34_cuneata_San_antonio    0.2178275 0.1238934 0.1728184 0.3496856 0.0929413 0.2429161 0.2015631 0.3704364 0.0879149 0.4332656 0.1038522 0.1042046 0.1018172 0.1052460 0.1037757 0.1008245 0.1507275 0.1204586 0.0812822 0.1047918 0.1006249 0.0882312 0.0993203 0.1024566 0.1048094 0.0968465 0.1027497 0.1114166 0.1124764 0.0872877 0.0000000 0.0561946 0.0790184 0.1013089 0.2280615 0.2445475 0.1065369 0.1307190 0.1100439 0.1018680 0.0923380 0.2438211 0.0991667 0.2459436 0.1359083 0.1061825 0.0967115 0.0988495 0.2120027 0.1045847 0.1047379 0.0998100 0.0988312 0.1079954 0.1272610 0.1046806 0.1041498 0.1040187 0.0455761 0.1350564 0.0756135 0.1152659 0.0601043 0.1073834 0.1281122 0.0978337 0.1289938 0.1077296 0.1022659 0.0994996 0.0980146 0.0879111 0.0998268 0.0994584 0.1036958 0.0817362 0.1250184 0.1179315 0.1457085 0.1060085 0.1000950 0.1007554 0.0962545 0.0398646 0.0763850 
Perityle_cuneata_4                         0.2182806 0.1164842 0.1879474 0.3428981 0.1043471 0.2467577 0.1926275 0.2809990 0.0901683 0.3429340 0.1161801 0.1155236 0.1105419 0.1145618 0.1132246 0.1056529 0.2348838 0.1202767 0.0975593 0.1104816 0.1143632 0.1024361 0.1104847 0.1125609 0.1122753 0.0961992 0.1186730 0.1127638 0.1172454 0.0799063 0.0561946 0.0000000 0.0834052 0.1123604 0.2225841 0.2734955 0.1204284 0.1422475 0.1165310 0.1120083 0.0896979 0.2754795 0.1130273 0.2720398 0.1331829 0.1203989 0.1119184 0.1131093 0.2385501 0.1131040 0.1144379 0.1107101 0.1011191 0.1152898 0.1375670 0.1178439 0.1170615 0.1152841 0.0602957 0.1318386 0.0861261 0.1128653 0.0654802 0.1196001 0.1273195 0.0987171 0.1386633 0.1169196 0.1273578 0.1093011 0.1095642 0.0899241 0.1143534 0.1116489 0.1164188 0.0927990 0.1327514 0.1263094 0.1515332 0.1223894 0.1015013 0.1144402 0.0965795 0.0420166 0.0813120 
Perityle_discoidea_81                      0.1224807 0.0950457 0.0967965 0.3717442 0.0759968 0.2300478 0.1909510 0.3506980 0.0029665 0.3325497 0.0951053 0.0946296 0.0922904 0.0925203 0.0891375 0.0900927 0.2291932 0.1143717 0.0737220 0.0930918 0.0955743 0.0561153 0.0959441 0.0934617 0.1024149 0.1059046 0.1022880 0.1136217 0.0522406 0.0268169 0.0790184 0.0834052 0.0000000 0.0950545 0.1777733 0.1917526 0.0995355 0.1179135 0.0923288 0.0958917 0.0868179 0.1916048 0.0978923 0.1910461 0.1191902 0.1003174 0.0934271 0.0967584 0.1935741 0.0934729 0.0901990 0.0923079 0.1059955 0.0926881 0.1140934 0.1027184 0.0937820 0.0952792 0.0371047 0.1240085 0.0692125 0.1087537 0.0695522 0.1000257 0.1188196 0.1072236 0.1198853 0.0844053 0.0951068 0.0911010 0.0947879 0.0109940 0.0956112 0.0956982 0.0994003 0.0764327 0.1211654 0.1060447 0.1431128 0.1008949 0.0717425 0.0956352 0.0302634 0.0573191 0.0857396 
Perityle_dissecta_201                      0.2251953 0.0890806 0.1820070 0.3655006 0.0858919 0.2240539 0.2011149 0.3745248 0.1102494 0.4214902 0.0251995 0.0225825 0.0278092 0.0151298 0.0310156 0.0294885 0.2151238 0.0701154 0.0215451 0.0239602 0.0149760 0.0382919 0.0246874 0.0273689 0.0135105 0.0662288 0.0345326 0.1167397 0.1284622 0.0960554 0.1013089 0.1123604 0.0950545 0.0000000 0.1981148 0.2145659 0.0231210 0.0857912 0.0341881 0.0295830 0.0200677 0.2127281 0.0166890 0.2142808 0.0908404 0.0244836 0.0172835 0.0141795 0.1755818 0.0302512 0.0278285 0.0253644 0.0679498 0.0162980 0.1108074 0.0416441 0.0343003 0.0222072 0.0039783 0.1204512 0.0638741 0.1132114 0.0533069 0.0220438 0.1186917 0.0687845 0.1113727 0.0831604 0.0357703 0.0133137 0.0294272 0.1096653 0.0173675 0.0154719 0.0122498 0.0132056 0.1140141 0.0782985 0.0764550 0.0314184 0.0834109 0.0149827 0.1114676 0.0741319 0.0788292 
Perityle_emoryi_47_punta_san_jose          0.2350883 0.0929527 0.2545715 0.3820904 0.2195795 0.2975349 0.2429426 0.3410735 0.1940852 0.3785716 0.2040024 0.1556645 0.2046904 0.1972895 0.2029457 0.2057990 0.3533044 0.1476265 0.1725931 0.1677870 0.2053741 0.1047907 0.2059323 0.1733132 0.1317650 0.2183923 0.2127237 0.2440508 0.1697887 0.1180967 0.2280615 0.2225841 0.1777733 0.1981148 0.0000000 0.2712459 0.2075567 0.2271427 0.1785313 0.1746312 0.1094384 0.2692405 0.2031384 0.2685148 0.2394297 0.2065939 0.2022904 0.2054468 0.2419984 0.2035393 0.2038752 0.2025782 0.2183473 0.1769916 0.2267345 0.1400525 0.1586362 0.1951546 0.0706955 0.2212360 0.1041386 0.2545038 0.1005321 0.1913823 0.2206367 0.2140708 0.1788498 0.2356898 0.1194788 0.1997783 0.2036741 0.2140470 0.2068409 0.1728927 0.2008290 0.0983270 0.2167541 0.2158711 0.2590252 0.2116193 0.1090197 0.2055179 0.2072486 0.1015985 0.1204015 
Perityle_feddemae_99                       0.2659449 0.1102180 0.2307961 0.3894558 0.2207841 0.2420666 0.2256467 0.3704819 0.2226867 0.4744319 0.2528318 0.1587896 0.2336785 0.2267017 0.2532167 0.2555887 0.3757799 0.1593556 0.1841983 0.1875274 0.2156642 0.0682210 0.2576693 0.1733837 0.1488983 0.2442704 0.2583690 0.3206743 0.2000519 0.1635599 0.2445475 0.2734955 0.1917526 0.2145659 0.2712459 0.0000000 0.2243284 0.2638226 0.1844351 0.1768208 0.0766068 0.0094787 0.2106694 0.0146229 0.2692323 0.2343023 0.2046541 0.2563347 0.0125677 0.2393327 0.2480897 0.1999061 0.2621375 0.1694692 0.2417215 0.1554044 0.1539837 0.2516346 0.0390942 0.2580122 0.0469079 0.2402486 0.0734215 0.1983513 0.2491324 0.2366408 0.2121439 0.2804003 0.0716360 0.2217116 0.2513325 0.2332542 0.2461824 0.1851612 0.2084088 0.0667640 0.2459222 0.2584437 0.3191010 0.2137914 0.0972991 0.2584061 0.2391190 0.0803976 0.0843384 
Perityle_fosteri_93                        0.2031829 0.1008895 0.1962117 0.3785207 0.0923749 0.2343342 0.1996603 0.3381452 0.1059254 0.3753955 0.0262927 0.0251434 0.0266314 0.0212435 0.0348654 0.0284950 0.2147204 0.0736521 0.0188717 0.0261149 0.0268027 0.0381953 0.0285153 0.0269872 0.0272329 0.0746392 0.0369906 0.1253446 0.1306876 0.1014349 0.1065369 0.1204284 0.0995355 0.0231210 0.2075567 0.2243284 0.0000000 0.0900745 0.0348296 0.0309468 0.0245745 0.2237509 0.0272401 0.2232847 0.0875363 0.0202881 0.0274690 0.0258857 0.1800289 0.0285093 0.0275987 0.0247172 0.0785639 0.0251306 0.1059790 0.0466912 0.0392323 0.0249229 0.0120190 0.1160403 0.0640248 0.1087815 0.0630545 0.0328908 0.1132217 0.0766692 0.1157076 0.0828058 0.0403109 0.0184866 0.0321274 0.1080059 0.0286142 0.0302451 0.0268832 0.0296062 0.1190528 0.0723018 0.0823832 0.0349520 0.0910202 0.0268164 0.1097503 0.0799009 0.0861919 
Perityle_gamon_221                         0.2342949 0.1085653 0.2226401 0.3553392 0.0975389 0.2374029 0.2161892 0.3680808 0.1221724 0.4207330 0.0970091 0.0798096 0.0871502 0.0860754 0.0988690 0.0916898 0.2468746 0.0723659 0.0826056 0.0805589 0.0843385 0.0615646 0.0860130 0.0779992 0.0831161 0.1093243 0.0974306 0.1447551 0.1472395 0.1144926 0.1307190 0.1422475 0.1179135 0.0857912 0.2271427 0.2638226 0.0900745 0.0000000 0.0866881 0.0824515 0.0645301 0.2570593 0.0842347 0.2565113 0.0435664 0.0963852 0.0892803 0.0858907 0.1871238 0.0878270 0.0917776 0.0859970 0.1121084 0.0810871 0.0999394 0.1011449 0.0933757 0.0888446 0.0457332 0.1410099 0.0874271 0.1358486 0.0807658 0.0919258 0.1331944 0.1067857 0.1273668 0.0717215 0.0847297 0.0819062 0.0908641 0.1236296 0.0886127 0.0761311 0.0895811 0.0656648 0.1290225 0.0655169 0.1423264 0.1040195 0.0943442 0.0877147 0.1232684 0.0830185 0.1082857 
Perityle_gentryi_8_san_francisco           0.1870607 0.1016551 0.1435831 0.3701566 0.0772834 0.2159979 0.2115427 0.3707081 0.1071334 0.4063629 0.0394561 0.0299551 0.0414111 0.0318461 0.0087577 0.0479768 0.2197894 0.0718515 0.0305054 0.0257544 0.0335566 0.0276901 0.0445731 0.0297821 0.0360772 0.0700499 0.0537088 0.1281997 0.1242370 0.0911757 0.1100439 0.1165310 0.0923288 0.0341881 0.1785313 0.1844351 0.0348296 0.0866881 0.0000000 0.0321584 0.0318951 0.1832156 0.0331014 0.1850198 0.1044447 0.0387372 0.0522042 0.0525830 0.1776837 0.0358425 0.0487584 0.0316855 0.0891455 0.0330856 0.1026533 0.0463014 0.0362816 0.0463365 0.0180589 0.1237323 0.0639457 0.1176737 0.0608572 0.0559874 0.1477958 0.0919171 0.1210609 0.0749803 0.0382817 0.0487781 0.0511589 0.1062434 0.0596175 0.0336502 0.0395840 0.0385443 0.1447530 0.0960417 0.0881162 0.0450973 0.0824482 0.0534479 0.1057659 0.0683251 0.0791753 
Perityle_gilensis_22_Superstition          0.1364272 0.0929120 0.1421587 0.3635615 0.0731750 0.2173085 0.2075284 0.3398835 0.1001863 0.3328609 0.0353924 0.0277073 0.0153923 0.0294401 0.0312379 0.0252849 0.2150851 0.0681753 0.0279854 0.0218643 0.0286146 0.0275763 0.0204662 0.0204099 0.0336238 0.0632830 0.0287355 0.1246816 0.1267102 0.0970958 0.1018680 0.1120083 0.0958917 0.0295830 0.1746312 0.1768208 0.0309468 0.0824515 0.0321584 0.0000000 0.0278453 0.1766935 0.0296597 0.1759748 0.0797213 0.0371268 0.0282388 0.0296595 0.1737424 0.0163929 0.0173836 0.0223242 0.0685969 0.0301037 0.1044676 0.0411627 0.0350935 0.0273847 0.0180754 0.1150667 0.0674857 0.1114197 0.0556639 0.0334894 0.1148172 0.0644051 0.1084495 0.0710361 0.0429434 0.0262991 0.0076515 0.1007684 0.0316818 0.0276840 0.0354262 0.0295423 0.1095174 0.0644681 0.0849472 0.0434638 0.0823889 0.0286545 0.1047014 0.0702429 0.0793754 
Perityle_gilensis_salensis_225             0.1004399 0.0838826 0.1028818 0.2543179 0.0781885 0.1285776 0.1833662 0.2869489 0.0893618 0.1820183 0.0292176 0.0224405 0.0251418 0.0239355 0.0306095 0.0224846 0.2649600 0.0555837 0.0193119 0.0205320 0.0228240 0.0133395 0.0254417 0.0264487 0.0223386 0.0432350 0.0311108 0.0815342 0.0935044 0.0871591 0.0923380 0.0896979 0.0868179 0.0200677 0.1094384 0.0766068 0.0245745 0.0645301 0.0318951 0.0278453 0.0000000 0.0753243 0.0242268 0.0767059 0.0617597 0.0278088 0.0251299 0.0215210 0.0781407 0.0238534 0.0225376 0.0224512 0.0474704 0.0198627 0.0897017 0.0382457 0.0290812 0.0251254 0.0100190 0.0971717 0.0603704 0.0845798 0.0481538 0.0266652 0.0939257 0.0446867 0.0929042 0.0255343 0.0387038 0.0184870 0.0265065 0.0908310 0.0228773 0.0228887 0.0252917 0.0196535 0.0927949 0.0531414 0.1038453 0.0387778 0.0631866 0.0228674 0.0893739 0.0650078 0.0792919 
Perityle_glaucescens_94                    0.2568606 0.1055010 0.2301885 0.3872821 0.2182823 0.2458372 0.2223812 0.3700556 0.2202095 0.4695485 0.2589160 0.1588412 0.2336783 0.2237371 0.2584540 0.2600148 0.3776312 0.1563657 0.1838555 0.1850874 0.2150218 0.0682633 0.2621602 0.1682737 0.1488106 0.2422470 0.2631116 0.3117336 0.2011438 0.1635400 0.2438211 0.2754795 0.1916048 0.2127281 0.2692405 0.0094787 0.2237509 0.2570593 0.1832156 0.1766935 0.0753243 0.0000000 0.2090644 0.0086333 0.2700538 0.2331591 0.2051933 0.2628381 0.0083039 0.2384198 0.2484413 0.1990329 0.2647235 0.1682551 0.2380025 0.1554895 0.1540225 0.2574889 0.0391374 0.2517320 0.0436051 0.2423572 0.0761522 0.1999562 0.2414860 0.2367168 0.2048213 0.2765299 0.0718386 0.2202543 0.2547020 0.2319313 0.2474032 0.1835979 0.2065793 0.0692742 0.2425429 0.2583733 0.3176727 0.2163127 0.0908257 0.2639192 0.2371090 0.0804813 0.0846205 
Perityle_gracilis_11                       0.2103237 0.1004143 0.1891030 0.3592805 0.0877053 0.2210430 0.2108472 0.3718643 0.1056466 0.4052327 0.0287192 0.0221097 0.0286362 0.0258210 0.0329308 0.0312427 0.2167787 0.0716321 0.0229689 0.0260533 0.0082758 0.0417083 0.0243874 0.0286557 0.0048680 0.0666617 0.0349514 0.1208106 0.1304879 0.0967141 0.0991667 0.1130273 0.0978923 0.0166890 0.2031384 0.2106694 0.0272401 0.0842347 0.0331014 0.0296597 0.0242268 0.2090644 0.0000000 0.2105681 0.0928998 0.0319101 0.0132782 0.0091057 0.1779223 0.0303405 0.0303661 0.0274558 0.0676320 0.0271224 0.1088457 0.0444539 0.0383520 0.0209790 0.0019877 0.1193357 0.0639570 0.1088409 0.0570405 0.0313355 0.1148259 0.0666879 0.1127752 0.0862025 0.0407162 0.0216993 0.0311971 0.1096223 0.0099389 0.0035981 0.0222887 0.0029029 0.1147970 0.0766077 0.0858795 0.0347117 0.0920001 0.0082797 0.1091190 0.0722907 0.0833060 
Perityle_harkerae_31                       0.2697038 0.1060057 0.2312041 0.3874969 0.2220650 0.2483854 0.2199226 0.3633015 0.2265180 0.4742156 0.2542262 0.1615828 0.2310265 0.2267066 0.2525331 0.2542310 0.3747819 0.1541418 0.1814155 0.1843718 0.2142490 0.0643714 0.2549293 0.1714719 0.1495395 0.2404930 0.2580581 0.3115850 0.2019440 0.1627961 0.2459436 0.2720398 0.1910461 0.2142808 0.2685148 0.0146229 0.2232847 0.2565113 0.1850198 0.1759748 0.0767059 0.0086333 0.2105681 0.0000000 0.2632890 0.2316199 0.2048524 0.2543560 0.0124657 0.2377227 0.2441671 0.1989575 0.2605929 0.1699092 0.2362792 0.1546246 0.1515641 0.2504634 0.0370010 0.2559872 0.0401153 0.2406506 0.0729646 0.2018572 0.2461398 0.2370098 0.2111224 0.2710355 0.0700938 0.2203675 0.2489433 0.2335038 0.2451646 0.1853001 0.2073574 0.0663584 0.2491097 0.2537969 0.3124763 0.2173563 0.0909143 0.2553720 0.2380517 0.0805147 0.0805152 
