85
Amauria_brandeegeana_62                    0.0000000 0.1476671 0.2031027 0.2074581 0.2260446 0.3537057 0.1876337 0.0808132 0.2822660 0.0252429 0.4416802 0.2426005 0.2323089 0.2245458 0.1037941 0.4911228 0.5336248 0.2085402 0.1952978 0.1455736 0.2131862 0.2195744 0.4664892 0.1760783 0.2250176 0.2239333 0.4390347 0.2074326 0.3529209 0.2971973 0.2432861 0.3187603 0.0223008 0.2406211 0.1057872 0.1601032 0.2159225 0.1650639 0.2197115 0.5130597 0.4757081 0.2430324 0.2067830 0.2425262 0.4601656 0.2226178 0.2229039 0.2270631 0.2525214 0.4722293 0.2266327 0.2214743 0.2128405 0.2239184 0.1805435 0.0908587 0.1648951 0.2251410 0.2249425 0.0689667 0.0756637 0.2234723 0.0909528 0.2324772 0.2021803 0.2183867 0.2413652 0.2092214 0.0777292 0.2369320 0.4609836 0.2346600 0.2285619 0.2336734 0.2249647 0.0854048 0.2435387 0.2262793 0.2157077 0.2182497 0.4784031 0.2256112 0.5197474 0.1037579 0.1282664 
Amauria_carterae_99_mesa                   0.1476671 0.0000000 0.2009212 0.1965253 0.1325375 0.2826648 0.1371084 0.0995811 0.2210329 0.1429701 0.3566793 0.1641305 0.1464308 0.1462242 0.1038240 0.3797375 0.3874482 0.0651413 0.1391879 0.1549734 0.1521736 0.1575704 0.3878332 0.1351034 0.1487968 0.1735266 0.3535265 0.1401532 0.3199844 0.3088253 0.1545926 0.1713155 0.1430014 0.1362778 0.1341542 0.1948952 0.1361710 0.0684198 0.1538076 0.3724427 0.3615601 0.1734222 0.1371139 0.1705848 0.3646359 0.1576366 0.1534617 0.1538156 0.1818022 0.3779990 0.1645006 0.1365054 0.1735370 0.1423198 0.1437176 0.1142235 0.1180301 0.1491798 0.1489880 0.0921372 0.1091324 0.1344242 0.1124085 0.1583992 0.1610000 0.1733183 0.1418562 0.0536932 0.0921960 0.1562082 0.3874320 0.1496869 0.1561231 0.1722028 0.1422173 0.1232754 0.1513454 0.1625023 0.1554723 0.1410164 0.3956421 0.1564799 0.3673188 0.1278803 0.1000916 
Amauria_rotundifolia_SRR9119150            0.2031027 0.2009212 0.0000000 0.2751914 0.3567587 0.3587582 0.2666579 0.1076288 0.3503964 0.2341318 0.4805335 0.4143330 0.4169348 0.3707662 0.1414473 0.4851847 0.5279696 0.2487348 0.3465856 0.2812436 0.3753994 0.4330627 0.4674525 0.2837549 0.4347920 0.4360283 0.4312400 0.3992170 0.3995011 0.3369729 0.3931026 0.4185908 0.1953511 0.3748373 0.2061857 0.2929225 0.3637207 0.2531542 0.3734805 0.5281965 0.5016249 0.4239249 0.3318016 0.4016936 0.4859424 0.4274524 0.4355882 0.4328429 0.4530320 0.4828980 0.4332836 0.4373050 0.4084745 0.3908443 0.3208933 0.1215298 0.2369597 0.4316610 0.4352778 0.0748938 0.1038029 0.3961693 0.1583238 0.4351760 0.3929367 0.4095260 0.4189977 0.2940818 0.0853155 0.4162799 0.4696143 0.3924565 0.4394674 0.4427990 0.4249623 0.0809629 0.3903665 0.4092505 0.3529976 0.3990878 0.4946089 0.4264352 0.5348543 0.2276616 0.2021377 
Conoclinium_coelestinum_SRR9119114         0.2074581 0.1965253 0.2751914 0.0000000 0.2944442 0.3250456 0.1920877 0.1466419 0.3265242 0.2147658 0.4005336 0.2889651 0.2843725 0.3034597 0.2071371 0.4341925 0.4525679 0.2622032 0.3061202 0.2425659 0.2817439 0.2890894 0.4184024 0.2923344 0.2904052 0.3007738 0.3848158 0.2703847 0.4123097 0.3085308 0.2909172 0.3842618 0.2154246 0.3009589 0.2042837 0.2289180 0.3030542 0.2180557 0.2913125 0.4537740 0.4259168 0.2873060 0.2864615 0.3099131 0.3762677 0.2851376 0.2885729 0.2871129 0.3644074 0.4132434 0.2868632 0.2875823 0.3082951 0.2831218 0.2992255 0.1616823 0.2613246 0.2862833 0.2883475 0.1541446 0.1747762 0.2744069 0.1735182 0.2940948 0.2721985 0.3101660 0.3054379 0.2451972 0.1653845 0.2901580 0.4204759 0.2909638 0.2925319 0.2994940 0.2866646 0.1913106 0.3029417 0.3001761 0.2821489 0.2854021 0.4319790 0.2864615 0.4634080 0.2077931 0.2553684 
Eutetras_palmeri_63                        0.2260446 0.1325375 0.3567587 0.2944442 0.0000000 0.3497336 0.1831061 0.1147019 0.3495980 0.2336115 0.4784217 0.1176448 0.1281162 0.1159458 0.0767975 0.4071380 0.4831799 0.1292998 0.1251773 0.0905648 0.1111657 0.1136651 0.4787451 0.1006049 0.1191808 0.1218858 0.4779099 0.1292055 0.2802087 0.2884340 0.1302475 0.2480799 0.2307828 0.1259735 0.1597562 0.1974745 0.1069269 0.1101197 0.1173189 0.4329522 0.4299179 0.1541929 0.1116215 0.1616268 0.5044370 0.1231079 0.1189754 0.1192853 0.2058944 0.4140179 0.1163317 0.1162758 0.1182787 0.1093434 0.1144640 0.0765943 0.1005989 0.1150251 0.1176281 0.0843429 0.0829757 0.1309650 0.0858529 0.1178933 0.1288542 0.1167111 0.0836358 0.1065030 0.0736747 0.1260914 0.4719955 0.1358735 0.1219543 0.1126662 0.1147457 0.1120276 0.0763574 0.1161834 0.1115815 0.1111029 0.4387920 0.1219432 0.4752533 0.0991181 0.0969813 
Eutetras_pringlei_149_quer                 0.3537057 0.2826648 0.3587582 0.3250456 0.3497336 0.0000000 0.3513509 0.3231977 0.3829196 0.3522296 0.0778509 0.3748665 0.3574847 0.3614912 0.3603800 0.0937457 0.0857379 0.2521472 0.3474364 0.3568887 0.3559400 0.3676525 0.0620144 0.3614912 0.3521226 0.3731939 0.0383845 0.3426375 0.0904579 0.0953113 0.3636991 0.3929914 0.3466271 0.3600042 0.3704280 0.3740022 0.3596201 0.2569218 0.3464285 0.0656328 0.0621987 0.3870576 0.3521226 0.3864925 0.0510060 0.3633248 0.3521226 0.3521226 0.3920455 0.0619888 0.3613773 0.3614912 0.3657366 0.3560267 0.3381359 0.3374935 0.3778110 0.3521226 0.3521226 0.2621112 0.3166212 0.3574383 0.3672744 0.3502268 0.3437065 0.3672744 0.3873346 0.2490126 0.2921820 0.3543796 0.0581608 0.3836654 0.3579219 0.3498711 0.3574847 0.2798188 0.4062730 0.3561036 0.3446743 0.3552021 0.0623807 0.3589223 0.0545730 0.3427677 0.3667217 
Eutrochium_fistulosum_SRR9119106           0.1876337 0.1371084 0.2666579 0.1920877 0.1831061 0.3513509 0.0000000 0.1264488 0.2711738 0.1938474 0.4538634 0.1765595 0.1769260 0.1715812 0.1252361 0.4319244 0.4546446 0.1235229 0.1633770 0.1650315 0.1623334 0.1705565 0.4674540 0.1490966 0.1684589 0.1819271 0.4494227 0.1917315 0.3353567 0.3208660 0.1805438 0.2307094 0.1943338 0.1620208 0.1945374 0.2116821 0.1608953 0.1247358 0.1756464 0.4552087 0.4462747 0.1869492 0.1663925 0.1759853 0.4393898 0.1817171 0.1685692 0.1711974 0.2067263 0.4411510 0.1800086 0.1705973 0.1766639 0.1778235 0.1855653 0.1201743 0.1521995 0.1715381 0.1663925 0.1112324 0.1143016 0.1994291 0.1501778 0.1704448 0.1943013 0.1766358 0.1928800 0.1185592 0.1173581 0.1893001 0.4693795 0.1830302 0.1705641 0.1789062 0.1685754 0.1298081 0.1879204 0.1839484 0.1665315 0.1738415 0.4378182 0.1710947 0.4571278 0.1514325 0.1444142 
Galeana_pratensis_104_mex                  0.0808132 0.0995811 0.1076288 0.1466419 0.1147019 0.3231977 0.1264488 0.0000000 0.1584557 0.0721082 0.3679505 0.1221340 0.0875019 0.0867386 0.0858753 0.3643346 0.3797987 0.0816791 0.0921635 0.0895584 0.1039924 0.0836358 0.3691056 0.0837363 0.0923175 0.0991328 0.3277232 0.1000401 0.3186659 0.3039594 0.1116247 0.1042321 0.0808386 0.1009460 0.0756522 0.1321493 0.1017463 0.0915786 0.1044942 0.3760735 0.3718513 0.1291007 0.0924680 0.1229317 0.3455495 0.0864046 0.0955038 0.0953849 0.1228237 0.3657665 0.0986892 0.0866313 0.0960674 0.1003282 0.1083827 0.1076766 0.0992676 0.0924680 0.0924680 0.0973919 0.0971288 0.1051136 0.0975696 0.1096387 0.1018956 0.0929297 0.0934722 0.0819391 0.1028385 0.1103986 0.3681881 0.0899892 0.0983912 0.1233485 0.0895077 0.1302102 0.0935145 0.0935988 0.0976066 0.1126504 0.3678281 0.0924680 0.3456677 0.0860938 0.1061441 
Helianthus_annuus_SRR9119062               0.2822660 0.2210329 0.3503964 0.3265242 0.3495980 0.3829196 0.2711738 0.1584557 0.0000000 0.2939924 0.5008182 0.3700732 0.3642523 0.3648338 0.1876834 0.5580503 0.5334620 0.2548666 0.3121073 0.3061112 0.3642637 0.3707813 0.5038192 0.3010397 0.3647365 0.3707426 0.4797290 0.3221256 0.4528990 0.3968586 0.3707183 0.3813354 0.2815872 0.3893264 0.3099999 0.2804187 0.3542237 0.2149413 0.3513420 0.5577675 0.5322514 0.3611508 0.3675779 0.3125554 0.4586740 0.3642057 0.3645633 0.3637263 0.3746243 0.5259871 0.3691653 0.3708761 0.3647594 0.3720996 0.3555605 0.1763841 0.2345143 0.3606267 0.3646452 0.1719458 0.1953325 0.3470555 0.1777799 0.3725984 0.3072712 0.3720700 0.3573662 0.2498452 0.1985735 0.3739952 0.5021999 0.3691700 0.3670357 0.3683874 0.3677064 0.2535610 0.3733940 0.3555378 0.3612267 0.3674366 0.4951680 0.3625134 0.5251056 0.2743806 0.2481073 
Lycapsus_tenuifolius_17                    0.0252429 0.1429701 0.2341318 0.2147658 0.2336115 0.3522296 0.1938474 0.0721082 0.2939924 0.0000000 0.4466455 0.2709669 0.2712780 0.2416183 0.1063956 0.4740961 0.5327277 0.2425694 0.2141827 0.1406321 0.2388807 0.2672239 0.4592510 0.1780255 0.2680003 0.2645472 0.4295192 0.2506608 0.3652380 0.2964183 0.2700247 0.3627670 0.0128081 0.2451209 0.1074486 0.1750635 0.2243269 0.2251705 0.2356498 0.4999813 0.4680452 0.2870973 0.2020959 0.3010934 0.4776676 0.2631076 0.2659327 0.2702077 0.3123969 0.4635247 0.2692171 0.2624324 0.2342286 0.2525891 0.1854768 0.0935343 0.1629140 0.2681347 0.2679143 0.0633235 0.0756637 0.2550897 0.0908364 0.2724631 0.2461510 0.2367619 0.2825802 0.2587106 0.0777292 0.2659297 0.4533935 0.2593350 0.2713785 0.2742815 0.2659922 0.0854048 0.2652967 0.2662039 0.2214818 0.2470062 0.4659993 0.2667038 0.5076366 0.1133747 0.1305541 
Pericome_caudata_50_silver                 0.4416802 0.3566793 0.4805335 0.4005336 0.4784217 0.0778509 0.4538634 0.3679505 0.5008182 0.4466455 0.0000000 0.5490342 0.4820519 0.5333810 0.3963521 0.0928847 0.1910700 0.5054931 0.5262692 0.4738182 0.5186076 0.5900233 0.1344268 0.4870140 0.5144502 0.5625152 0.0915440 0.4812842 0.2661008 0.1967028 0.5438241 0.6690415 0.4249720 0.5126403 0.4255415 0.4446821 0.5389280 0.4211223 0.5099157 0.2000066 0.1197238 0.5196394 0.4699171 0.5475071 0.0783241 0.5222489 0.5305935 0.5359462 0.6461694 0.1228222 0.5385573 0.4991584 0.5402079 0.4939446 0.4465895 0.3807688 0.4645328 0.5321760 0.5297250 0.3178347 0.3363498 0.5215787 0.4326834 0.5470661 0.5227441 0.5227903 0.5253374 0.4906414 0.3760360 0.5175033 0.1465662 0.5209916 0.5288465 0.5355012 0.4874015 0.3982939 0.5380221 0.5680278 0.5445205 0.4953506 0.2702435 0.5385472 0.1609368 0.4010891 0.4556307 
Perityle_aglossa_84_dead_horse             0.2426005 0.1641305 0.4143330 0.2889651 0.1176448 0.3748665 0.1765595 0.1221340 0.3700732 0.2709669 0.5490342 0.0000000 0.1114054 0.0704035 0.0660433 0.4831764 0.5342604 0.1161680 0.0852055 0.0465049 0.0307472 0.1090328 0.5408146 0.0471699 0.1040863 0.1165916 0.5427847 0.1087675 0.3058778 0.3272882 0.1249616 0.2880772 0.2397127 0.0349150 0.1718683 0.2041737 0.0239530 0.1151741 0.0852445 0.4825238 0.4602508 0.1354359 0.0576398 0.1537141 0.5601353 0.0962563 0.1019308 0.1001216 0.2454918 0.4718054 0.1055575 0.1025310 0.1011276 0.0318997 0.0886874 0.0393667 0.0515645 0.1019651 0.1019083 0.0919220 0.0717972 0.1211695 0.0606256 0.0350959 0.1154303 0.1029563 0.1530369 0.1098534 0.0570894 0.0500141 0.5319621 0.1301722 0.1063775 0.0443431 0.1034782 0.1150713 0.1349160 0.1187529 0.0479353 0.0276654 0.5848418 0.1030591 0.5248566 0.0918454 0.0712287 
Perityle_ajoensis_204                      0.2323089 0.1464308 0.4169348 0.2843725 0.1281162 0.3574847 0.1769260 0.0875019 0.3642523 0.2712780 0.4820519 0.1114054 0.0000000 0.0378933 0.0406188 0.4257932 0.4772576 0.1231658 0.0944297 0.0267114 0.0918293 0.0407149 0.4860276 0.0258206 0.0208425 0.0990588 0.4746893 0.1336597 0.2931189 0.2988448 0.1214894 0.2912625 0.2311047 0.0730336 0.1664666 0.2215742 0.0590158 0.1474855 0.0849489 0.4288096 0.4140898 0.1677767 0.0157914 0.1967395 0.5223719 0.0346682 0.0178257 0.0188602 0.2449948 0.3986911 0.0449675 0.0422816 0.1159589 0.0801467 0.0901866 0.0479417 0.0525127 0.0189175 0.0188460 0.0639655 0.0541460 0.1327002 0.0717539 0.1100796 0.1406088 0.1169697 0.1818990 0.1372526 0.0657538 0.1158329 0.4714994 0.1439420 0.0209094 0.1110332 0.0173094 0.0563447 0.1459971 0.1209926 0.0599475 0.1052603 0.4677799 0.0148259 0.4827375 0.0854933 0.0756791 
Perityle_ambrosiifolia_67_green            0.2245458 0.1462242 0.3707662 0.3034597 0.1159458 0.3614912 0.1715812 0.0867386 0.3648338 0.2416183 0.5333810 0.0704035 0.0378933 0.0000000 0.0313249 0.4693249 0.5139591 0.1030854 0.0835227 0.0219556 0.0591729 0.0090706 0.5255745 0.0068986 0.0341033 0.0885248 0.5383780 0.1039122 0.2961143 0.3223551 0.1200704 0.2122954 0.2252619 0.0655385 0.1760127 0.2183382 0.0512931 0.0980678 0.0771413 0.4603567 0.4452367 0.1492723 0.0285982 0.1508507 0.5677288 0.0334492 0.0304383 0.0329278 0.1721311 0.4337012 0.0125259 0.0124814 0.0850470 0.0642863 0.0872866 0.0440312 0.0461990 0.0340883 0.0328396 0.0718186 0.0534008 0.0908319 0.0663829 0.0695888 0.1061044 0.0862416 0.1412564 0.0801725 0.0641476 0.0790753 0.5131722 0.1157436 0.0353064 0.0689687 0.0304351 0.0701894 0.1422889 0.0950388 0.0607088 0.0638790 0.4470626 0.0340789 0.4912450 0.0796365 0.0697759 
Perityle_angustifolia_13_Eagle_creek       0.1037941 0.1038240 0.1414473 0.2071371 0.0767975 0.3603800 0.1252361 0.0858753 0.1876834 0.1063956 0.3963521 0.0660433 0.0406188 0.0313249 0.0000000 0.4200741 0.4460862 0.0592988 0.0641809 0.0313568 0.0495074 0.0312964 0.4281619 0.0273155 0.0445296 0.0751853 0.3764045 0.0796889 0.3085570 0.3234243 0.0954405 0.1278978 0.1157644 0.0535783 0.1206523 0.0979380 0.0477325 0.0646385 0.0496518 0.4306796 0.4263895 0.0957835 0.0402962 0.0891890 0.3997240 0.0393719 0.0423849 0.0423475 0.0939195 0.4133781 0.0373322 0.0313035 0.0646069 0.0353972 0.0915976 0.0439839 0.0606937 0.0402962 0.0402962 0.0746627 0.0607919 0.0832414 0.0731521 0.0560926 0.0790136 0.0645959 0.0850498 0.0641898 0.0674410 0.0638468 0.4241467 0.0935173 0.0466126 0.0578891 0.0382334 0.0769024 0.0870413 0.0788189 0.0598107 0.0534984 0.3896418 0.0424133 0.4223833 0.0710456 0.0756886 
Perityle_batopilensis_97                   0.4911228 0.3797375 0.4851847 0.4341925 0.4071380 0.0937457 0.4319244 0.3643346 0.5580503 0.4740961 0.0928847 0.4831764 0.4257932 0.4693249 0.4200741 0.0000000 0.1379671 0.3674375 0.4525072 0.4623284 0.4651560 0.4783072 0.1340080 0.4829506 0.4540633 0.4838814 0.0775763 0.4297900 0.2505637 0.2217472 0.4750627 0.6291818 0.4789785 0.4810774 0.4474814 0.4722183 0.4729457 0.3511807 0.4480418 0.1435006 0.1283082 0.4487645 0.4320163 0.4631434 0.0914374 0.4689225 0.4551052 0.4588459 0.5870501 0.1253411 0.4764568 0.4412219 0.4771674 0.4420585 0.4289319 0.4081259 0.4616137 0.4564601 0.4546623 0.3326657 0.3552414 0.4550230 0.4286068 0.4731370 0.4579782 0.4771674 0.4551216 0.3592690 0.3950868 0.4736430 0.1327818 0.4702321 0.4601439 0.4777213 0.4292751 0.3963208 0.4677124 0.4762176 0.4791950 0.4390058 0.2163274 0.4626556 0.1556416 0.4175430 0.4802278 
Perityle_bisetosa_9                        0.5336248 0.3874482 0.5279696 0.4525679 0.4831799 0.0857379 0.4546446 0.3797987 0.5334620 0.5327277 0.1910700 0.5342604 0.4772576 0.5139591 0.4460862 0.1379671 0.0000000 0.4229993 0.5021138 0.4845230 0.5016059 0.5409299 0.1815353 0.5201390 0.4974868 0.5446453 0.2000105 0.4671175 0.3027251 0.2390725 0.5209442 0.6349304 0.5243463 0.5250970 0.4663034 0.5340817 0.5283975 0.4084920 0.5011799 0.1623512 0.1079664 0.4983643 0.4650293 0.5208266 0.2001696 0.5073747 0.4984821 0.5073660 0.6330941 0.1137602 0.5170684 0.4892030 0.5191014 0.4849965 0.4677650 0.3960342 0.5095060 0.5040456 0.5061839 0.3219600 0.3482612 0.5062852 0.4605163 0.5133807 0.4929722 0.5153841 0.5017126 0.4194652 0.4135508 0.5155712 0.1817936 0.5187887 0.5160746 0.5165515 0.4796224 0.4064766 0.5212561 0.5164468 0.5089774 0.4795050 0.2184487 0.5121542 0.1632440 0.4117445 0.4899193 
Perityle_californica_76_positas            0.2085402 0.0651413 0.2487348 0.2622032 0.1292998 0.2521472 0.1235229 0.0816791 0.2548666 0.2425694 0.5054931 0.1161680 0.1231658 0.1030854 0.0592988 0.3674375 0.4229993 0.0000000 0.0750880 0.0624424 0.1082766 0.1168777 0.4871528 0.0709597 0.1225628 0.1280085 0.5110391 0.1001155 0.2519821 0.2728018 0.1063696 0.0956228 0.2009087 0.1015983 0.1467378 0.2474166 0.0874264 0.1137511 0.1036889 0.3917069 0.3741347 0.1193941 0.0903037 0.1117218 0.5027048 0.1205651 0.1226397 0.1246180 0.1180940 0.3629475 0.1185928 0.1185296 0.1256652 0.1049683 0.0991897 0.0681969 0.0921504 0.1225375 0.1244380 0.0780608 0.0648301 0.1234044 0.0652029 0.1215680 0.1032190 0.1256488 0.1493704 0.0927832 0.0650231 0.1278194 0.4684673 0.0979678 0.1245102 0.1165259 0.1188297 0.1086699 0.1395881 0.1142867 0.0850005 0.1175725 0.2775021 0.1225409 0.3795967 0.0519488 0.0792079 
Perityle_canescens_77                      0.1952978 0.1391879 0.3465856 0.3061202 0.1251773 0.3474364 0.1633770 0.0921635 0.3121073 0.2141827 0.5262692 0.0852055 0.0944297 0.0835227 0.0641809 0.4525072 0.5021138 0.0750880 0.0000000 0.0730581 0.0794963 0.0835983 0.5268268 0.0735494 0.0892674 0.0952175 0.5264040 0.0776868 0.2891723 0.3126857 0.1113256 0.1884674 0.1999395 0.0915128 0.1606744 0.1883758 0.0753916 0.0488589 0.0822428 0.4614928 0.4547343 0.1060491 0.0885991 0.1024317 0.5493542 0.0877595 0.0892528 0.0909415 0.1113353 0.4426126 0.0863811 0.0835626 0.0886694 0.0801355 0.0967285 0.0600211 0.0816763 0.0907301 0.0906604 0.0602447 0.0463723 0.0847603 0.0688781 0.0912566 0.0816872 0.0900387 0.1378170 0.0521933 0.0607743 0.0964487 0.5065733 0.1154721 0.0906985 0.0905160 0.0864426 0.0798500 0.1400468 0.0855489 0.0630292 0.0808319 0.4404875 0.0923429 0.4650283 0.0708134 0.0583793 
Perityle_castillonii_96                    0.1455736 0.1549734 0.2812436 0.2425659 0.0905648 0.3568887 0.1650315 0.0895584 0.3061112 0.1406321 0.4738182 0.0465049 0.0267114 0.0219556 0.0313568 0.4623284 0.4845230 0.0624424 0.0730581 0.0000000 0.0247962 0.0550515 0.4898693 0.0149837 0.0242027 0.0692900 0.4774486 0.0787258 0.3039977 0.3153492 0.0996323 0.2736886 0.1543826 0.0385488 0.1219299 0.1019248 0.0285114 0.0484548 0.0590120 0.4922011 0.4409766 0.1037325 0.0226712 0.1212766 0.4807320 0.0214080 0.0236079 0.0236602 0.2284262 0.4507190 0.0259555 0.0226512 0.0626733 0.0399141 0.0799202 0.0394640 0.0412423 0.0225442 0.0203464 0.0662296 0.0461141 0.0652989 0.0636288 0.0386800 0.0807659 0.0666946 0.1071211 0.0482173 0.0640771 0.0436074 0.4844215 0.1063885 0.0414372 0.0419270 0.0208478 0.0653868 0.0983190 0.0738718 0.0456963 0.0333972 0.6244041 0.0225381 0.5108146 0.0724440 0.0622945 
Perityle_cernua_84                         0.2131862 0.1521736 0.3753994 0.2817439 0.1111657 0.3559400 0.1623334 0.1039924 0.3642637 0.2388807 0.5186076 0.0307472 0.0918293 0.0591729 0.0495074 0.4651560 0.5016059 0.1082766 0.0794963 0.0247962 0.0000000 0.0846477 0.5134594 0.0368903 0.0806871 0.0972565 0.5192562 0.0969583 0.2827257 0.3038760 0.1089045 0.2706203 0.2168409 0.0207557 0.1481132 0.1746599 0.0106820 0.0949826 0.0716252 0.4581889 0.4389272 0.1166612 0.0383020 0.1404305 0.5382951 0.0740478 0.0785745 0.0787774 0.2280337 0.4421629 0.0835719 0.0853379 0.0807707 0.0235355 0.0787150 0.0194425 0.0430540 0.0796163 0.0785578 0.0744459 0.0569931 0.1051423 0.0475856 0.0289621 0.0964885 0.0815160 0.1364394 0.0959846 0.0375813 0.0405149 0.5024639 0.1170285 0.0827629 0.0330447 0.0835647 0.0946901 0.1195873 0.0984983 0.0309441 0.0198792 0.5704828 0.0796714 0.5097522 0.0739079 0.0564486 
Perityle_cfvillosa_25_tin                  0.2195744 0.1575704 0.4330627 0.2890894 0.1136651 0.3676525 0.1705565 0.0836358 0.3707813 0.2672239 0.5900233 0.1090328 0.0407149 0.0090706 0.0312964 0.4783072 0.5409299 0.1168777 0.0835983 0.0550515 0.0846477 0.0000000 0.5757206 0.0082838 0.0530788 0.1486488 0.5993676 0.1755599 0.3000660 0.3244968 0.1353511 0.3346851 0.2254277 0.0651867 0.1531199 0.2352746 0.0513361 0.2065449 0.0719062 0.5454325 0.4456740 0.1711203 0.0269513 0.2189881 0.6221788 0.0550098 0.0875468 0.0949566 0.3076563 0.4693893 0.0227839 0.0148375 0.1432227 0.0779428 0.0814240 0.0439862 0.0461636 0.0989584 0.0994191 0.0746684 0.0571358 0.1348348 0.0663039 0.1995917 0.1781902 0.1265616 0.1755558 0.1439773 0.0641476 0.1125261 0.5924368 0.1453458 0.0589220 0.1289244 0.0336804 0.0701894 0.1300804 0.1819812 0.1103696 0.0979805 0.6236315 0.0775888 0.5294971 0.0776506 0.0715588 
Perityle_coahuilensis_24                   0.4664892 0.3878332 0.4674525 0.4184024 0.4787451 0.0620144 0.4674540 0.3691056 0.5038192 0.4592510 0.1344268 0.5408146 0.4860276 0.5255745 0.4281619 0.1340080 0.1815353 0.4871528 0.5268268 0.4898693 0.5134594 0.5757206 0.0000000 0.5014515 0.5181179 0.5548067 0.1445050 0.4814219 0.3270351 0.2472156 0.5518686 0.6502706 0.4609519 0.5373158 0.4477318 0.4776200 0.5319908 0.4226144 0.5126316 0.0826560 0.0087522 0.5227048 0.4839935 0.5424650 0.1343282 0.5167954 0.5285915 0.5336572 0.6518086 0.0284863 0.5295479 0.4984529 0.5486289 0.4953788 0.4782342 0.3759760 0.4789061 0.5273507 0.5277717 0.3334058 0.3310689 0.5166167 0.4301310 0.5412747 0.5290005 0.5419307 0.5264914 0.4811077 0.3582510 0.5321138 0.0338051 0.5359037 0.5324511 0.5405617 0.4830769 0.3834375 0.5516025 0.5734811 0.5424083 0.4869115 0.2909192 0.5372058 0.0903800 0.3993725 0.4692773 
Perityle_cochisensis_44_cave_creek         0.1760783 0.1351034 0.2837549 0.2923344 0.1006049 0.3614912 0.1490966 0.0837363 0.3010397 0.1780255 0.4870140 0.0471699 0.0258206 0.0068986 0.0273155 0.4829506 0.5201390 0.0709597 0.0735494 0.0149837 0.0368903 0.0082838 0.5014515 0.0000000 0.0301068 0.0762603 0.5025838 0.0858234 0.2945597 0.3272441 0.1047920 0.1906646 0.1823772 0.0497783 0.1772123 0.1556440 0.0341036 0.0618853 0.0710776 0.4718053 0.4517613 0.1355552 0.0271242 0.1269618 0.5113169 0.0294682 0.0285873 0.0286728 0.1259105 0.4430820 0.0125070 0.0110667 0.0717216 0.0457681 0.0897008 0.0394754 0.0427751 0.0271695 0.0271341 0.0688917 0.0534008 0.0721683 0.0610023 0.0490432 0.0866324 0.0731122 0.1204997 0.0559323 0.0607714 0.0500135 0.4979781 0.1058975 0.0315688 0.0451286 0.0241950 0.0668837 0.1252830 0.0824415 0.0514197 0.0411542 0.4442297 0.0227910 0.4929405 0.0714795 0.0659885 
Perityle_congesta_202                      0.2250176 0.1487968 0.4347920 0.2904052 0.1191808 0.3521226 0.1684589 0.0923175 0.3647365 0.2680003 0.5144502 0.1040863 0.0208425 0.0341033 0.0445296 0.4540633 0.4974868 0.1225628 0.0892674 0.0242027 0.0806871 0.0530788 0.5181179 0.0301068 0.0000000 0.0877874 0.5186280 0.1444361 0.2887599 0.3005515 0.1241604 0.3226436 0.2253827 0.0687794 0.1521352 0.2097503 0.0534808 0.1646227 0.0809503 0.4672939 0.4296438 0.1663762 0.0063665 0.2084422 0.5495917 0.0318647 0.0094446 0.0092865 0.2836690 0.4402616 0.0406903 0.0394644 0.1141994 0.0802913 0.0866822 0.0498122 0.0538916 0.0084925 0.0084307 0.0691096 0.0617704 0.1414693 0.0737025 0.1096815 0.1442294 0.1209597 0.1904647 0.1438538 0.0682288 0.1096980 0.5052945 0.1473249 0.0179330 0.1118180 0.0109308 0.0459137 0.1402748 0.1281808 0.0544091 0.1006029 0.6112430 0.0101304 0.5029419 0.0830723 0.0770386 
Perityle_cordifolia_27                     0.2239333 0.1735266 0.4360283 0.3007738 0.1218858 0.3731939 0.1819271 0.0991328 0.3707426 0.2645472 0.5625152 0.1165916 0.0990588 0.0885248 0.0751853 0.4838814 0.5446453 0.1280085 0.0952175 0.0692900 0.0972565 0.1486488 0.5548067 0.0762603 0.0877874 0.0000000 0.5451683 0.1485291 0.3071292 0.3203158 0.1255158 0.3251780 0.2257499 0.0806042 0.1577720 0.2136043 0.0658528 0.1736837 0.0778659 0.4718653 0.4663662 0.1757475 0.0810768 0.2067987 0.5884727 0.0877550 0.0860245 0.0859125 0.2914908 0.4758123 0.0846648 0.0909604 0.0631701 0.0943281 0.0944668 0.0511734 0.0761695 0.0828576 0.0834026 0.0841707 0.0765533 0.1575328 0.0122300 0.1159033 0.1452444 0.0683302 0.1846122 0.1543644 0.0543603 0.1171624 0.4965536 0.1421112 0.1009870 0.1215379 0.0931325 0.1171524 0.1301700 0.1442479 0.0595756 0.1085490 0.6451121 0.0846108 0.5460905 0.0873137 0.0737068 
Perityle_cordifolia_68_tecolote            0.4390347 0.3535265 0.4312400 0.3848158 0.4779099 0.0383845 0.4494227 0.3277232 0.4797290 0.4295192 0.0915440 0.5427847 0.4746893 0.5383780 0.3764045 0.0775763 0.2000105 0.5110391 0.5264040 0.4774486 0.5192562 0.5993676 0.1445050 0.5025838 0.5186280 0.5451683 0.0000000 0.4693696 0.2875893 0.2231727 0.5436205 0.7001975 0.4417348 0.5319552 0.4191187 0.4404613 0.5511731 0.4090559 0.5040192 0.2050350 0.1121948 0.5194771 0.4890767 0.5412788 0.1019598 0.5319663 0.5266443 0.5348803 0.6617296 0.1150229 0.5424474 0.4965784 0.5428709 0.4934574 0.4603148 0.3313827 0.4683559 0.5217981 0.5341124 0.3284897 0.2425632 0.5246525 0.3953612 0.5508667 0.5270688 0.5367586 0.5058145 0.4854335 0.3353343 0.5322523 0.1502786 0.5256977 0.5308425 0.5397466 0.4770509 0.3137353 0.5412754 0.5655795 0.5402692 0.4887192 0.3358469 0.5355862 0.1725110 0.3663544 0.4218719 
Perityle_coronopifolia_28_patagonia        0.2074326 0.1401532 0.3992170 0.2703847 0.1292055 0.3426375 0.1917315 0.1000401 0.3221256 0.2506608 0.4812842 0.1087675 0.1336597 0.1039122 0.0796889 0.4297900 0.4671175 0.1001155 0.0776868 0.0787258 0.0969583 0.1755599 0.4814219 0.0858234 0.1444361 0.1485291 0.4693696 0.0000000 0.3062003 0.3224022 0.1152560 0.2734620 0.2144984 0.0984237 0.1477705 0.2077148 0.0859896 0.0876497 0.0920404 0.4366173 0.4353450 0.1234994 0.0863224 0.1345046 0.5012840 0.1402729 0.1386013 0.1764894 0.1888150 0.4222420 0.1747851 0.1489447 0.1311470 0.1017821 0.0941479 0.0721586 0.0910463 0.1428502 0.1757642 0.0818650 0.0701002 0.0978331 0.0749167 0.1434952 0.0118501 0.1374793 0.1556471 0.0695588 0.0681159 0.1123878 0.4683311 0.1318687 0.1814460 0.1404707 0.1346678 0.0924847 0.1449009 0.1089390 0.0686247 0.1015530 0.4594787 0.1737878 0.4798883 0.0822680 0.0726691 
Perityle_crassifolia_70_ventanas           0.3529209 0.3199844 0.3995011 0.4123097 0.2802087 0.0904579 0.3353567 0.3186659 0.4528990 0.3652380 0.2661008 0.3058778 0.2931189 0.2961143 0.3085570 0.2505637 0.3027251 0.2519821 0.2891723 0.3039977 0.2827257 0.3000660 0.3270351 0.2945597 0.2887599 0.3071292 0.2875893 0.3062003 0.0000000 0.0691665 0.2800909 0.3155414 0.3692898 0.3020327 0.3662370 0.3250004 0.2945418 0.2535995 0.2955239 0.3160622 0.3007792 0.3055912 0.2863515 0.3051460 0.2706401 0.3019303 0.2866489 0.2912962 0.3453806 0.2911166 0.2983775 0.2978150 0.2982473 0.2860485 0.2848860 0.3189544 0.3026062 0.2860737 0.2886851 0.2939612 0.3460616 0.3104156 0.3893319 0.2931953 0.3015730 0.2995345 0.3059316 0.2355807 0.3679814 0.2895873 0.3247460 0.2804998 0.2912392 0.2928667 0.2858686 0.4116506 0.3172204 0.3023151 0.2840888 0.2873137 0.1554219 0.2912408 0.2955452 0.3237307 0.3018233 
Perityle_crassifolia_74_playa_balandra     0.2971973 0.3088253 0.3369729 0.3085308 0.2884340 0.0953113 0.3208660 0.3039594 0.3968586 0.2964183 0.1967028 0.3272882 0.2988448 0.3223551 0.3234243 0.2217472 0.2390725 0.2728018 0.3126857 0.3153492 0.3038760 0.3244968 0.2472156 0.3272441 0.3005515 0.3203158 0.2231727 0.3224022 0.0691665 0.0000000 0.2877134 0.3614336 0.3079834 0.3074347 0.2971388 0.3180473 0.3196415 0.2607910 0.3066703 0.2445999 0.2450812 0.3134752 0.3001415 0.3342024 0.2110801 0.3192095 0.3001415 0.3034277 0.3870425 0.2357740 0.3215503 0.3174547 0.3115415 0.3011606 0.3125797 0.3276009 0.3180143 0.3001415 0.3001415 0.2726830 0.3289501 0.3277728 0.3645701 0.2999970 0.3196854 0.3094597 0.3161216 0.2528091 0.3486297 0.3146262 0.2424262 0.2875122 0.3080044 0.3120887 0.3034100 0.3765943 0.3119055 0.3106721 0.2969960 0.3103182 0.1248163 0.3001415 0.2247394 0.3183793 0.3238843 
Perityle_cuneata_34_cuneata_San_antonio    0.2432861 0.1545926 0.3931026 0.2909172 0.1302475 0.3636991 0.1805438 0.1116247 0.3707183 0.2700247 0.5438241 0.1249616 0.1214894 0.1200704 0.0954405 0.4750627 0.5209442 0.1063696 0.1113256 0.0996323 0.1089045 0.1353511 0.5518686 0.1047920 0.1241604 0.1255158 0.5436205 0.1152560 0.2800909 0.2877134 0.0000000 0.2740718 0.2481988 0.1155103 0.1634902 0.2037347 0.1052935 0.0896335 0.1074015 0.5030485 0.4715567 0.1316565 0.1061754 0.1439335 0.5659841 0.1224897 0.1229827 0.1209848 0.2423295 0.4819906 0.1236135 0.1219543 0.1210949 0.1097617 0.1000635 0.0970328 0.1043419 0.1219760 0.1217847 0.0805859 0.0918216 0.1192635 0.1040633 0.1165144 0.1173500 0.1233322 0.1446348 0.0728422 0.0915777 0.1241570 0.5382397 0.1155904 0.1282584 0.1174750 0.1235648 0.0979690 0.1389702 0.1203866 0.0899446 0.1070062 0.6181063 0.1207252 0.5327145 0.1114370 0.0900198 
Perityle_cuneata_4                         0.3187603 0.1713155 0.4185908 0.3842618 0.2480799 0.3929914 0.2307094 0.1042321 0.3813354 0.3627670 0.6690415 0.2880772 0.2912625 0.2122954 0.1278978 0.6291818 0.6349304 0.0956228 0.1884674 0.2736886 0.2706203 0.3346851 0.6502706 0.1906646 0.3226436 0.3251780 0.7001975 0.2734620 0.3155414 0.3614336 0.2740718 0.0000000 0.3115972 0.2163489 0.3234791 0.3652322 0.1984075 0.1330363 0.2528524 0.6060442 0.5858905 0.2789910 0.2466049 0.2220882 0.6962010 0.3118553 0.3184115 0.3281135 0.3073325 0.5939650 0.3214118 0.3005324 0.3145009 0.2469479 0.2469940 0.1216599 0.1539480 0.3203907 0.3309513 0.0838315 0.1084651 0.2471030 0.1658033 0.3290146 0.2935166 0.3250539 0.2485893 0.0861898 0.0997197 0.2887216 0.6425380 0.2558662 0.3325888 0.3178663 0.2827353 0.1467631 0.2764645 0.2928997 0.2534551 0.2616787 0.6324863 0.3259897 0.5503792 0.2163665 0.1721621 
Perityle_discoidea_81                      0.0223008 0.1430014 0.1953511 0.2154246 0.2307828 0.3466271 0.1943338 0.0808386 0.2815872 0.0128081 0.4249720 0.2397127 0.2311047 0.2252619 0.1157644 0.4789785 0.5243463 0.2009087 0.1999395 0.1543826 0.2168409 0.2254277 0.4609519 0.1823772 0.2253827 0.2257499 0.4417348 0.2144984 0.3692898 0.3079834 0.2481988 0.3115972 0.0000000 0.2456873 0.1085689 0.1705447 0.2197613 0.1541957 0.2221657 0.5176174 0.4812593 0.2399724 0.2173927 0.2319482 0.4427700 0.2250582 0.2231595 0.2272017 0.2438817 0.4807249 0.2293086 0.2238645 0.2213216 0.2282345 0.1908924 0.1032981 0.1734725 0.2272797 0.2253036 0.0662573 0.0793880 0.2242946 0.0990932 0.2332674 0.2089731 0.2253870 0.2502326 0.1855876 0.0879652 0.2264083 0.4641777 0.2482915 0.2291108 0.2268728 0.2253271 0.0911237 0.2566299 0.2365371 0.2089153 0.2257768 0.4476101 0.2278683 0.5103715 0.1176234 0.1393378 
Perityle_dissecta_201                      0.2406211 0.1362778 0.3748373 0.3009589 0.1259735 0.3600042 0.1620208 0.1009460 0.3893264 0.2451209 0.5126403 0.0349150 0.0730336 0.0655385 0.0535783 0.4810774 0.5250970 0.1015983 0.0915128 0.0385488 0.0207557 0.0651867 0.5373158 0.0497783 0.0687794 0.0806042 0.5319552 0.0984237 0.3020327 0.3074347 0.1155103 0.2163489 0.2456873 0.0000000 0.2010482 0.2138432 0.0178673 0.0795357 0.0876946 0.4820317 0.4357125 0.1318205 0.0593254 0.1359219 0.5429364 0.0651653 0.0687518 0.0689240 0.1581947 0.4243875 0.0677591 0.0627485 0.0741141 0.0255999 0.0921581 0.0282093 0.0545261 0.0700225 0.0687342 0.0715275 0.0606444 0.0975928 0.0553006 0.0327473 0.0963987 0.0726983 0.1353980 0.0842103 0.0439596 0.0432855 0.5282237 0.1251494 0.0700398 0.0378946 0.0624526 0.0944906 0.1335738 0.1071811 0.0432818 0.0242208 0.4328758 0.0700818 0.4878613 0.0827362 0.0619232 
Perityle_emoryi_47_punta_san_jose          0.1057872 0.1341542 0.2061857 0.2042837 0.1597562 0.3704280 0.1945374 0.0756522 0.3099999 0.1074486 0.4255415 0.1718683 0.1664666 0.1760127 0.1206523 0.4474814 0.4663034 0.1467378 0.1606744 0.1219299 0.1481132 0.1531199 0.4477318 0.1772123 0.1521352 0.1577720 0.4191187 0.1477705 0.3662370 0.2971388 0.1634902 0.3234791 0.1085689 0.2010482 0.0000000 0.1530034 0.1710895 0.1241780 0.1598331 0.4660599 0.4360549 0.1794956 0.1513370 0.2135000 0.4355686 0.1543487 0.1533812 0.1537789 0.3035513 0.4318523 0.1530920 0.1598781 0.1526894 0.1668546 0.1595522 0.1027133 0.1756125 0.1520935 0.1519835 0.0633179 0.0730081 0.1620322 0.0991127 0.1624252 0.1425970 0.1575776 0.1786922 0.1394405 0.0853175 0.1592260 0.4390950 0.1198601 0.1577425 0.1653269 0.1654050 0.0906055 0.1677311 0.1589909 0.1428445 0.1562215 0.5259636 0.1564722 0.5338829 0.1023278 0.1328315 
Perityle_feddemae_99                       0.1601032 0.1948952 0.2929225 0.2289180 0.1974745 0.3740022 0.2116821 0.1321493 0.2804187 0.1750635 0.4446821 0.2041737 0.2215742 0.2183382 0.0979380 0.4722183 0.5340817 0.2474166 0.1883758 0.1019248 0.1746599 0.2352746 0.4776200 0.1556440 0.2097503 0.2136043 0.4404613 0.2077148 0.3250004 0.3180473 0.2037347 0.3652322 0.1705447 0.2138432 0.1530034 0.0000000 0.1917557 0.1573949 0.1812965 0.5077688 0.4643630 0.1112703 0.1514712 0.1438816 0.4857196 0.2091257 0.2071381 0.2090698 0.2218439 0.4665306 0.2120192 0.2318345 0.1866754 0.1901976 0.1512378 0.0728094 0.1200228 0.2060486 0.2059203 0.0924824 0.0959066 0.2095226 0.0980609 0.2050212 0.1955465 0.1861626 0.2417918 0.2428470 0.0813344 0.2102560 0.4734035 0.2108347 0.2213678 0.2153991 0.2244490 0.1389791 0.2051712 0.2039727 0.1690212 0.1966186 0.6307106 0.2062409 0.5342194 0.1167350 0.0887821 
Perityle_fosteri_93                        0.2159225 0.1361710 0.3637207 0.3030542 0.1069269 0.3596201 0.1608953 0.1017463 0.3542237 0.2243269 0.5389280 0.0239530 0.0590158 0.0512931 0.0477325 0.4729457 0.5283975 0.0874264 0.0753916 0.0285114 0.0106820 0.0513361 0.5319908 0.0341036 0.0534808 0.0658528 0.5511731 0.0859896 0.2945418 0.3196415 0.1052935 0.1984075 0.2197613 0.0178673 0.1710895 0.1917557 0.0000000 0.0623586 0.0745646 0.4725034 0.4562179 0.1176279 0.0430285 0.1156951 0.5554086 0.0513189 0.0534585 0.0535969 0.1229539 0.4446547 0.0552619 0.0500824 0.0584410 0.0167620 0.0829884 0.0216054 0.0397220 0.0548173 0.0534448 0.0720824 0.0538110 0.0861258 0.0453282 0.0216423 0.0856533 0.0597586 0.1287433 0.0664265 0.0343238 0.0361655 0.5188372 0.1054279 0.0547677 0.0255237 0.0470348 0.0959232 0.1252926 0.0926848 0.0318542 0.0142306 0.4319537 0.0548016 0.4960305 0.0755115 0.0530401 
Perityle_gamon_221                         0.1650639 0.0684198 0.2531542 0.2180557 0.1101197 0.2569218 0.1247358 0.0915786 0.2149413 0.2251705 0.4211223 0.1151741 0.1474855 0.0980678 0.0646385 0.3511807 0.4084920 0.1137511 0.0488589 0.0484548 0.0949826 0.2065449 0.4226144 0.0618853 0.1646227 0.1736837 0.4090559 0.0876497 0.2535995 0.2607910 0.0896335 0.1330363 0.1541957 0.0795357 0.1241780 0.1573949 0.0623586 0.0000000 0.0818713 0.3771063 0.3673798 0.0530059 0.0721265 0.0529297 0.4464008 0.1651584 0.1595824 0.1957897 0.0531973 0.3488899 0.2046650 0.1789631 0.1403278 0.0887270 0.0779315 0.0467649 0.0672658 0.1606426 0.1788450 0.0662851 0.0531312 0.1082870 0.0418966 0.1782271 0.0890273 0.1515284 0.1468913 0.0739045 0.0406804 0.1256881 0.3902907 0.1149934 0.1937437 0.1507053 0.1437930 0.0868746 0.1324131 0.1206831 0.0591454 0.1087441 0.2868525 0.1955983 0.3575081 0.0494085 0.0530614 
Perityle_gentryi_8_san_francisco           0.2197115 0.1538076 0.3734805 0.2913125 0.1173189 0.3464285 0.1756464 0.1044942 0.3513420 0.2356498 0.5099157 0.0852445 0.0849489 0.0771413 0.0496518 0.4480418 0.5011799 0.1036889 0.0822428 0.0590120 0.0716252 0.0719062 0.5126316 0.0710776 0.0809503 0.0778659 0.5040192 0.0920404 0.2955239 0.3066703 0.1074015 0.2528524 0.2221657 0.0876946 0.1598331 0.1812965 0.0745646 0.0818713 0.0000000 0.4564701 0.4439185 0.1172332 0.0712508 0.1404419 0.5288028 0.0787270 0.0785466 0.0796321 0.2099584 0.4319160 0.0752083 0.0752653 0.0804835 0.0773925 0.0815286 0.0624801 0.0812139 0.0797463 0.0761039 0.0717993 0.0649242 0.0856320 0.0825640 0.0856501 0.0983130 0.0836795 0.1412335 0.0774735 0.0742333 0.0890446 0.4973930 0.1110128 0.0818475 0.0867826 0.0783902 0.0899974 0.1264990 0.0915693 0.0601493 0.0745562 0.5086976 0.0796043 0.5094453 0.0848382 0.0794566 
Perityle_gilensis_22_Superstition          0.5130597 0.3724427 0.5281965 0.4537740 0.4329522 0.0656328 0.4552087 0.3760735 0.5577675 0.4999813 0.2000066 0.4825238 0.4288096 0.4603567 0.4306796 0.1435006 0.1623512 0.3917069 0.4614928 0.4922011 0.4581889 0.5454325 0.0826560 0.4718053 0.4672939 0.4718653 0.2050350 0.4366173 0.3160622 0.2445999 0.5030485 0.6060442 0.5176174 0.4820317 0.4660599 0.5077688 0.4725034 0.3771063 0.4564701 0.0000000 0.0109443 0.4649443 0.4301976 0.4804136 0.2058118 0.4794464 0.4565726 0.4499406 0.6072478 0.0386295 0.4670123 0.4349491 0.5037161 0.4458463 0.4513981 0.3781540 0.4588288 0.4312811 0.4315977 0.3350643 0.3353236 0.4518009 0.4325867 0.4599520 0.4941766 0.4870256 0.4743894 0.3832768 0.3662986 0.4758171 0.0482245 0.4957960 0.4720645 0.4979032 0.4258840 0.3813034 0.4969837 0.5237839 0.4835101 0.4332624 0.2574198 0.4832827 0.0788147 0.4011696 0.4715893 
Perityle_gilensis_salensis_225             0.4757081 0.3615601 0.5016249 0.4259168 0.4299179 0.0621987 0.4462747 0.3718513 0.5322514 0.4680452 0.1197238 0.4602508 0.4140898 0.4452367 0.4263895 0.1283082 0.1079664 0.3741347 0.4547343 0.4409766 0.4389272 0.4456740 0.0087522 0.4517613 0.4296438 0.4663662 0.1121948 0.4353450 0.3007792 0.2450812 0.4715567 0.5858905 0.4812593 0.4357125 0.4360549 0.4643630 0.4562179 0.3673798 0.4439185 0.0109443 0.0000000 0.4634788 0.4163826 0.4802964 0.1107911 0.4275001 0.4272040 0.4309087 0.5917823 0.0244785 0.4446420 0.4179703 0.4552688 0.4342652 0.4384990 0.3758530 0.4371754 0.4264017 0.4245729 0.3361480 0.3322467 0.4406128 0.4299675 0.4422490 0.4601223 0.4560531 0.4708951 0.3652669 0.3614457 0.4526391 0.0098443 0.4591803 0.4356713 0.4528008 0.4104752 0.3813034 0.4863225 0.4634453 0.4422133 0.4212483 0.1607627 0.4354625 0.0790885 0.4030931 0.4512234 
Perityle_glaucescens_94                    0.2430324 0.1734222 0.4239249 0.2873060 0.1541929 0.3870576 0.1869492 0.1291007 0.3611508 0.2870973 0.5196394 0.1354359 0.1677767 0.1492723 0.0957835 0.4487645 0.4983643 0.1193941 0.1060491 0.1037325 0.1166612 0.1711203 0.5227048 0.1355552 0.1663762 0.1757475 0.5194771 0.1234994 0.3055912 0.3134752 0.1316565 0.2789910 0.2399724 0.1318205 0.1794956 0.1112703 0.1176279 0.0530059 0.1172332 0.4649443 0.4634788 0.0000000 0.1142737 0.0237645 0.5400994 0.1677179 0.1620553 0.1635916 0.1120902 0.4527556 0.1708969 0.1826167 0.1574818 0.1264983 0.1323456 0.0728220 0.1026224 0.1616135 0.1607756 0.0895617 0.0922172 0.1208508 0.0955828 0.1568348 0.1123674 0.1634922 0.1803802 0.0780588 0.0779645 0.1483228 0.5039221 0.1584330 0.1667928 0.1550751 0.1701800 0.1304141 0.1512859 0.1269498 0.0981662 0.1331726 0.5853729 0.1656938 0.5222343 0.1288825 0.0909074 
Perityle_gracilis_11                       0.2067830 0.1371139 0.3318016 0.2864615 0.1116215 0.3521226 0.1663925 0.0924680 0.3675779 0.2020959 0.4699171 0.0576398 0.0157914 0.0285982 0.0402962 0.4320163 0.4650293 0.0903037 0.0885991 0.0226712 0.0383020 0.0269513 0.4839935 0.0271242 0.0063665 0.0810768 0.4890767 0.0863224 0.2863515 0.3001415 0.1061754 0.2466049 0.2173927 0.0593254 0.1513370 0.1514712 0.0430285 0.0721265 0.0712508 0.4301976 0.4163826 0.1142737 0.0000000 0.1403405 0.4800605 0.0247126 0.0010549 0.0031782 0.2197776 0.4044694 0.0336286 0.0310992 0.0778928 0.0496159 0.0851883 0.0498777 0.0523247 0.0042442 0.0031705 0.0690250 0.0617704 0.0794277 0.0738154 0.0521592 0.0915315 0.0798775 0.1310813 0.0657009 0.0683577 0.0552163 0.4729925 0.1073408 0.0074344 0.0525515 0.0068882 0.0459137 0.1261846 0.0752362 0.0539868 0.0469475 0.4974548 0.0053007 0.4997983 0.0830580 0.0751321 
Perityle_harkerae_31                       0.2425262 0.1705848 0.4016936 0.3099131 0.1616268 0.3864925 0.1759853 0.1229317 0.3125554 0.3010934 0.5475071 0.1537141 0.1967395 0.1508507 0.0891890 0.4631434 0.5208266 0.1117218 0.1024317 0.1212766 0.1404305 0.2189881 0.5424650 0.1269618 0.2084422 0.2067987 0.5412788 0.1345046 0.3051460 0.3342024 0.1439335 0.2220882 0.2319482 0.1359219 0.2135000 0.1438816 0.1156951 0.0529297 0.1404419 0.4804136 0.4802964 0.0237645 0.1403405 0.0000000 0.5736434 0.2093535 0.2061784 0.2197487 0.0278549 0.4605701 0.2154185 0.2071421 0.1843322 0.1414780 0.1391854 0.0681546 0.1025287 0.2051641 0.2158478 0.0865676 0.0880818 0.1336656 0.0871874 0.1968406 0.1232636 0.1913871 0.1856841 0.0814835 0.0711909 0.1751630 0.5224369 0.1760531 0.2205586 0.1882980 0.1941860 0.1180588 0.1730415 0.1580020 0.1196222 0.1489686 0.4498858 0.2224263 0.4860137 0.1224270 0.0847230 
