85
Amauria_brandeegeana_62                    0.0000000 0.1222605 0.2343454 0.4045872 0.2325388 0.0946655 0.3470743 0.1480033 0.3761786 0.1041518 0.2441675 0.2539365 0.3584264 0.2110197 0.1320574 0.3108014 0.3588277 0.4868918 0.1886651 0.2127820 0.2459763 0.2704692 0.2527556 0.2185987 0.2910915 0.2720888 0.2684243 0.3320859 0.1809844 0.1587126 0.2631686 0.2469502 0.1109248 0.2506643 0.2452709 0.3255008 0.2433391 0.3434597 0.2250741 0.2546745 0.2520156 0.3308623 0.2663545 0.2638863 0.3461127 0.2502705 0.2823036 0.2664395 0.3188674 0.2442179 0.2535596 0.2601324 0.2704171 0.1165757 0.2731072 0.1517785 0.1368109 0.2573085 0.1227824 0.1583456 0.1317219 0.2288544 0.1349397 0.2635649 0.2846876 0.2748289 0.2872498 0.2702202 0.1051585 0.2549027 0.1736706 0.2708396 0.0941680 0.2376911 0.2129621 0.1139441 0.3301514 0.2711474 0.2572396 0.2536751 0.1076968 0.2663058 0.3176812 0.1007615 0.2592928 
Amauria_carterae_99_mesa                   0.1222605 0.0000000 0.1444605 0.2033407 0.1448198 0.1256668 0.2690112 0.1263354 0.2252123 0.1010144 0.1060164 0.1188851 0.1375789 0.1074500 0.1112014 0.1088705 0.1277310 0.3702090 0.1224741 0.1254871 0.1143130 0.1190951 0.1053203 0.1231594 0.1236649 0.1127703 0.1277373 0.1287261 0.1318591 0.1396872 0.1118197 0.1135416 0.0984347 0.1142777 0.1131428 0.1383606 0.1119692 0.1755115 0.1057107 0.1032801 0.1055001 0.1437172 0.1189721 0.1332327 0.1728667 0.1232637 0.1189721 0.1233472 0.1356530 0.1055228 0.1251903 0.1143150 0.1047688 0.1163085 0.0980520 0.1105604 0.0849658 0.1192431 0.1189721 0.1355610 0.1232073 0.1275825 0.1045259 0.1212768 0.1354525 0.1086248 0.1407599 0.1077893 0.1167215 0.1231017 0.1055164 0.1336218 0.1082297 0.1210940 0.1253775 0.1086125 0.1389685 0.1327345 0.1283626 0.1305422 0.0716687 0.1189721 0.1271700 0.1039719 0.1321738 
Amauria_rotundifolia_SRR9119150            0.2343454 0.1444605 0.0000000 0.2433084 0.1801346 0.1181856 0.2386695 0.1097569 0.3609184 0.2398000 0.2053299 0.2062232 0.2564480 0.1973507 0.2265326 0.2187917 0.2492109 0.4254095 0.2001830 0.2095079 0.2011804 0.2148307 0.1978233 0.2102893 0.2160917 0.2080174 0.2198738 0.1397144 0.1192816 0.1380968 0.2194405 0.2378945 0.2371864 0.2044160 0.2377682 0.2022899 0.1990003 0.1920616 0.2032932 0.1966266 0.2009041 0.1930796 0.2159156 0.1847445 0.1979392 0.2220439 0.2151063 0.2136328 0.1845928 0.2035436 0.2148579 0.2040176 0.2025907 0.1521045 0.1437768 0.2427312 0.2328319 0.2118941 0.1630731 0.2324698 0.1203910 0.2337557 0.1204192 0.2065661 0.1318697 0.2166884 0.1649265 0.1979453 0.1461311 0.2005407 0.1930821 0.1317777 0.1196564 0.2031887 0.2051125 0.1235725 0.1590695 0.2033812 0.2201893 0.2025772 0.0672481 0.2076289 0.2508588 0.0882648 0.2739590 
Conoclinium_coelestinum_SRR9119114         0.4045872 0.2033407 0.2433084 0.0000000 0.3361457 0.1746152 0.3133521 0.1551382 0.4186367 0.3757494 0.3582168 0.3561837 0.3806188 0.3314297 0.2654028 0.3803484 0.3867455 0.5998271 0.2954746 0.3316160 0.3612435 0.3805169 0.3766847 0.3327041 0.3856923 0.3870693 0.3744514 0.3557420 0.2086556 0.1769187 0.3743207 0.3736115 0.3950337 0.3622823 0.3871217 0.3351815 0.3440330 0.3860542 0.3652614 0.3706762 0.3737051 0.3365084 0.3750449 0.2883113 0.3929852 0.3976069 0.3830813 0.3881633 0.3317166 0.3729156 0.3593079 0.3792193 0.3699085 0.2340298 0.3127448 0.2461337 0.2587175 0.3874876 0.2415046 0.2655318 0.1667154 0.3505948 0.1819146 0.3626452 0.3105795 0.3842053 0.3497596 0.3597117 0.2059020 0.3682087 0.2937033 0.3007534 0.1559530 0.3370803 0.3323670 0.1597190 0.3470419 0.3934706 0.3710343 0.3738932 0.1283410 0.3808718 0.3431696 0.1511028 0.3817876 
Eutetras_palmeri_63                        0.2325388 0.1448198 0.1801346 0.3361457 0.0000000 0.0326432 0.2832372 0.1312073 0.4260776 0.2831728 0.2597730 0.2741100 0.3142707 0.2727698 0.2394237 0.2883005 0.3165686 0.4774318 0.2719947 0.2697354 0.2684539 0.2767996 0.2728418 0.2689714 0.2864628 0.2749919 0.2911044 0.1900594 0.1500408 0.1315521 0.2648710 0.2760307 0.2806204 0.2713864 0.2917289 0.2789294 0.2724527 0.2594207 0.2702345 0.2693557 0.2712454 0.2737341 0.2770336 0.2685047 0.2650006 0.2753332 0.2750677 0.2824031 0.2710754 0.2734922 0.2675735 0.2805507 0.2675940 0.1717468 0.2156356 0.2645277 0.2752337 0.2755523 0.1718423 0.2709436 0.1488845 0.2905748 0.1499214 0.2785609 0.1856514 0.2770789 0.1833040 0.2750728 0.1305526 0.2681542 0.2716082 0.1982050 0.1039053 0.2914634 0.2695863 0.1217030 0.1819064 0.2760627 0.2945530 0.2757716 0.1041511 0.2750677 0.2672794 0.0889082 0.3005130 
Eutetras_pringlei_149_quer                 0.0946655 0.1256668 0.1181856 0.1746152 0.0326432 0.0000000 0.1516261 0.1630754 0.1499172 0.1245842 0.1140554 0.1438608 0.1364553 0.1250485 0.1403910 0.1369032 0.1402746 0.3517993 0.1401681 0.1443635 0.1363150 0.1437737 0.1287238 0.1401241 0.1519299 0.1326007 0.1399832 0.1180261 0.1332428 0.1464976 0.1511170 0.1509158 0.1207956 0.1363150 0.1363062 0.1115696 0.1363150 0.1485324 0.1251819 0.1250485 0.1291002 0.1273263 0.1437737 0.1195578 0.1482313 0.1366114 0.1437737 0.1474273 0.1231712 0.1327988 0.1287977 0.1289241 0.1360234 0.1401292 0.1261403 0.1360967 0.1273149 0.1443374 0.1437737 0.1409007 0.1255393 0.1360941 0.1118482 0.1521254 0.1142128 0.1364922 0.1491905 0.1180006 0.1425902 0.1362795 0.1291356 0.1292933 0.1159640 0.1437737 0.1440394 0.1303210 0.1377298 0.1282263 0.1494217 0.1405328 0.1147182 0.1437737 0.1110286 0.0969163 0.1516445 
Eutrochium_fistulosum_SRR9119106           0.3470743 0.2690112 0.2386695 0.3133521 0.2832372 0.1516261 0.0000000 0.2631586 0.4816108 0.3109777 0.2719650 0.2787451 0.2884079 0.2620540 0.3500086 0.2642979 0.2779167 0.5916969 0.2836031 0.2894497 0.2742326 0.2772658 0.2636086 0.2856557 0.2839328 0.2644298 0.2592872 0.2635863 0.2529374 0.3118425 0.2808152 0.3218669 0.3079225 0.2746387 0.3195324 0.2584450 0.2701178 0.3067601 0.2602028 0.2642412 0.2644743 0.2388676 0.2792213 0.2341609 0.3111788 0.2819967 0.2785771 0.2832441 0.2430112 0.2730497 0.2790595 0.2709146 0.2542581 0.2736855 0.1997718 0.3248789 0.3135732 0.2791387 0.2737632 0.3399639 0.2120180 0.3127897 0.1991280 0.2761447 0.2588414 0.2665917 0.2785935 0.2788326 0.3423368 0.2828230 0.2644606 0.2707483 0.2700830 0.2704969 0.2800724 0.2404567 0.2752432 0.2794782 0.3016064 0.2801515 0.1353380 0.2770286 0.3574788 0.2005883 0.3551437 
Galeana_pratensis_104_mex                  0.1480033 0.1263354 0.1097569 0.1551382 0.1312073 0.1630754 0.2631586 0.0000000 0.1471232 0.1263162 0.1315516 0.1264800 0.1233346 0.1368934 0.1325232 0.1406697 0.1260566 0.3425785 0.1443488 0.1315720 0.1234309 0.1266164 0.1395883 0.1317310 0.1297360 0.1429706 0.1541858 0.1332309 0.1186563 0.1503364 0.1368874 0.1364172 0.1230509 0.1205111 0.1396719 0.1348312 0.1233135 0.1618411 0.1345800 0.1368934 0.1398860 0.1266549 0.1266164 0.1179559 0.1618534 0.1317931 0.1266164 0.1294692 0.1252796 0.1397660 0.1286221 0.1455544 0.1354295 0.1204431 0.1252703 0.1483652 0.1148848 0.1239992 0.1266164 0.1310160 0.1698979 0.1453149 0.1305028 0.1378209 0.1388364 0.1400870 0.1420050 0.1208999 0.1486220 0.1260114 0.1399136 0.1206263 0.1197247 0.1292401 0.1371766 0.1287090 0.1341441 0.1316606 0.1376267 0.1351347 0.1095062 0.1266164 0.1574688 0.1046126 0.1267544 
Helianthus_annuus_SRR9119062               0.3761786 0.2252123 0.3609184 0.4186367 0.4260776 0.1499172 0.4816108 0.1471232 0.0000000 0.3806612 0.4370556 0.4414460 0.4908443 0.4165679 0.3142622 0.4591584 0.5524058 0.6195399 0.3967889 0.4332177 0.4317167 0.4454327 0.4340143 0.4298766 0.4594571 0.4389358 0.4282778 0.4357984 0.2977602 0.1878484 0.4378348 0.3807162 0.3748458 0.4441173 0.3863525 0.4324832 0.4332988 0.4787570 0.4289903 0.4302688 0.4383683 0.4307173 0.4402121 0.4098885 0.4851281 0.5099381 0.4471722 0.4475039 0.4189329 0.4367919 0.4415950 0.4383168 0.4399224 0.3404929 0.3526691 0.3348701 0.3386279 0.4505016 0.3440117 0.3588943 0.1235863 0.4177530 0.1879141 0.4452771 0.4229942 0.4421164 0.4364871 0.4550900 0.2230375 0.4436250 0.4114822 0.4171530 0.1180528 0.4673322 0.4273079 0.1418289 0.4401534 0.4452527 0.4270421 0.4533898 0.1098787 0.4426971 0.4325084 0.1381684 0.4108808 
Lycapsus_tenuifolius_17                    0.1041518 0.1010144 0.2398000 0.3757494 0.2831728 0.1245842 0.3109777 0.1263162 0.3806612 0.0000000 0.2244835 0.2232557 0.3331073 0.2279859 0.1247764 0.2887694 0.3187609 0.4471024 0.1899974 0.2098428 0.2092101 0.2143487 0.2343377 0.2263621 0.2195374 0.2574456 0.2491233 0.3228342 0.1398488 0.1272407 0.2337283 0.2418310 0.0050849 0.2103172 0.2365446 0.2852476 0.2165279 0.3466344 0.2435379 0.2343865 0.2348501 0.2962678 0.2119983 0.2675648 0.3498642 0.2274321 0.2119470 0.2192274 0.2843499 0.2395392 0.2167975 0.2392606 0.2506806 0.0807951 0.2344173 0.1600724 0.1628245 0.2148819 0.0808923 0.1387987 0.1413452 0.2416747 0.1054368 0.2335652 0.3122356 0.2590711 0.2838445 0.2312451 0.0855165 0.2159269 0.1769508 0.2475876 0.0884729 0.2172789 0.2121250 0.0865786 0.2897778 0.2546173 0.2259069 0.2315280 0.0894641 0.2119470 0.3100269 0.1038185 0.2373894 
Pericome_caudata_50_silver                 0.2441675 0.1060164 0.2053299 0.3582168 0.2597730 0.1140554 0.2719650 0.1315516 0.4370556 0.2244835 0.0000000 0.1122196 0.2996133 0.1099880 0.0694991 0.2725407 0.2956174 0.5051550 0.1095296 0.1000185 0.1036636 0.1925386 0.1021441 0.1074517 0.1995165 0.1296242 0.1246939 0.2560202 0.1270738 0.1269503 0.1145694 0.1221133 0.2800476 0.1171508 0.1151354 0.1954875 0.0962103 0.2865534 0.1106244 0.1060397 0.1129615 0.2086743 0.1921745 0.1677252 0.2800020 0.2161561 0.2353869 0.1832966 0.1894399 0.1094797 0.1316767 0.1102295 0.1276751 0.0754447 0.1001472 0.1215600 0.0924621 0.2299883 0.0895213 0.1095755 0.0880545 0.1098546 0.0836164 0.1201043 0.2230022 0.1221179 0.2373545 0.0953782 0.0641155 0.1068313 0.0998456 0.2542864 0.0690073 0.2112975 0.1112776 0.0746767 0.2645124 0.1123802 0.1115775 0.1094809 0.0628485 0.1840990 0.2126479 0.0781538 0.1032933 
Perityle_aglossa_84_dead_horse             0.2539365 0.1188851 0.2062232 0.3561837 0.2741100 0.1438608 0.2787451 0.1264800 0.4414460 0.2232557 0.1122196 0.0000000 0.2404934 0.1070576 0.0115107 0.2676249 0.2401503 0.4759237 0.1191958 0.0353755 0.0242013 0.1127347 0.1031204 0.0303110 0.1244774 0.0938353 0.1232223 0.2701808 0.1311254 0.1175786 0.1076197 0.0945735 0.2750369 0.0357400 0.1026421 0.1578102 0.0317228 0.2687678 0.1027173 0.1010285 0.1026429 0.1563955 0.1106339 0.1398469 0.2757448 0.1500019 0.1209865 0.1098703 0.1514301 0.1053867 0.0609699 0.1093636 0.0942977 0.0124855 0.1056999 0.1056893 0.0817077 0.1151235 0.0152652 0.1145394 0.1052669 0.1179362 0.1014219 0.0235898 0.2404234 0.0975674 0.2539999 0.1125385 0.0181896 0.0480028 0.1085431 0.2357951 0.0073723 0.1022605 0.0340699 0.0105931 0.2802812 0.1338059 0.0421788 0.0345775 0.0756910 0.1049566 0.1942171 0.0729328 0.0860599 
Perityle_ajoensis_204                      0.3584264 0.1375789 0.2564480 0.3806188 0.3142707 0.1364553 0.2884079 0.1233346 0.4908443 0.3331073 0.2996133 0.2404934 0.0000000 0.2956007 0.1705802 0.3631782 0.2804680 0.6023229 0.2660981 0.1922024 0.2541168 0.2349584 0.3499158 0.1969570 0.2515233 0.3539383 0.3550843 0.3283452 0.1495894 0.1136641 0.2906408 0.3307057 0.4069295 0.2450046 0.3688642 0.3224251 0.2342189 0.3439824 0.3020608 0.3469941 0.3408220 0.3251015 0.2331269 0.2487576 0.3489193 0.2222884 0.2739651 0.2374503 0.3244981 0.3209071 0.2489861 0.3493685 0.3473385 0.0816242 0.2688002 0.2789326 0.2929702 0.2679111 0.0864493 0.2636263 0.1178209 0.3034049 0.1036093 0.2597657 0.2915712 0.3472757 0.2995546 0.2979674 0.0506865 0.2461224 0.2651937 0.3126828 0.0148293 0.2498007 0.1884090 0.0241369 0.3401259 0.3237073 0.2885239 0.2386164 0.0804291 0.2330399 0.4106908 0.0751437 0.3315940 
Perityle_ambrosiifolia_67_green            0.2110197 0.1074500 0.1973507 0.3314297 0.2727698 0.1250485 0.2620540 0.1368934 0.4165679 0.2279859 0.1099880 0.1070576 0.2956007 0.0000000 0.0963834 0.1577297 0.2663960 0.4457196 0.1143133 0.0953121 0.0953252 0.1752748 0.0066663 0.0987750 0.1781775 0.0555059 0.0466183 0.2030147 0.1259358 0.1309558 0.1322027 0.1120009 0.2262013 0.1070585 0.0264591 0.1797040 0.0964857 0.2394611 0.0294083 0.0069670 0.0126984 0.1848227 0.1790050 0.1718952 0.2443318 0.2171457 0.1761373 0.1784294 0.1733676 0.0181078 0.1194071 0.0172671 0.0558909 0.0995340 0.0465496 0.0475717 0.0325211 0.1749939 0.1129063 0.0848698 0.0836707 0.0632664 0.0198738 0.1163463 0.1956907 0.0526709 0.2262672 0.1224299 0.0971604 0.1037585 0.0090338 0.2170439 0.0896487 0.1841915 0.1045894 0.0955809 0.2268827 0.0862911 0.1020123 0.1055725 0.0243622 0.1696021 0.2102404 0.0929610 0.1253827 
Perityle_angustifolia_13_Eagle_creek       0.1320574 0.1112014 0.2265326 0.2654028 0.2394237 0.1403910 0.3500086 0.1325232 0.3142622 0.1247764 0.0694991 0.0115107 0.1705802 0.0963834 0.0000000 0.1623427 0.1389027 0.2899207 0.1151118 0.0272428 0.0095545 0.0234477 0.0963455 0.0291721 0.0294146 0.0986533 0.1098490 0.2067938 0.1386210 0.1170355 0.0571552 0.0612135 0.1247764 0.0173628 0.1031197 0.1214546 0.0212011 0.2500062 0.0968135 0.0985760 0.0964821 0.1315769 0.0194445 0.1214155 0.2526739 0.0475062 0.0194445 0.0233636 0.1188405 0.0987292 0.0192947 0.0986881 0.0995806 0.0105650 0.0771299 0.1063334 0.0885835 0.0214479 0.0084278 0.0848212 0.1046469 0.0873260 0.0852572 0.0232301 0.2087936 0.1009272 0.2093861 0.0719355 0.0181197 0.0192133 0.0988468 0.2107741 0.0110953 0.0214002 0.0272778 0.0107576 0.2129956 0.0905041 0.0311388 0.0352354 0.0713526 0.0194445 0.1584131 0.0865590 0.0613444 
Perityle_batopilensis_97                   0.3108014 0.1088705 0.2187917 0.3803484 0.2883005 0.1369032 0.2642979 0.1406697 0.4591584 0.2887694 0.2725407 0.2676249 0.3631782 0.1577297 0.1623427 0.0000000 0.3948666 0.5831373 0.2081510 0.2461656 0.2713785 0.2872267 0.2275601 0.2395005 0.3114999 0.2317913 0.2481294 0.2792465 0.1363826 0.1355141 0.2726269 0.3156838 0.3682488 0.2702896 0.2421657 0.3137316 0.2544477 0.3092740 0.1697822 0.2193485 0.1981391 0.3377718 0.2897483 0.2531524 0.3215270 0.2808925 0.3567715 0.2992892 0.3139872 0.1945980 0.2726818 0.2083854 0.2165775 0.1161339 0.2027689 0.1432342 0.1648924 0.3342756 0.1236958 0.1699359 0.0919919 0.1983810 0.0321983 0.2878831 0.2349719 0.2055423 0.2583575 0.2645937 0.1006426 0.2733601 0.1300598 0.2576921 0.0941132 0.2865143 0.2378426 0.1046345 0.2968055 0.2598777 0.3430492 0.2615612 0.0284582 0.2915234 0.3650290 0.1006441 0.3197759 
Perityle_bisetosa_9                        0.3588277 0.1277310 0.2492109 0.3867455 0.3165686 0.1402746 0.2779167 0.1260566 0.5524058 0.3187609 0.2956174 0.2401503 0.2804680 0.2663960 0.1389027 0.3948666 0.0000000 0.6621257 0.2307959 0.1847886 0.2408055 0.2358175 0.3295059 0.1949703 0.2500133 0.3158085 0.3418647 0.3442588 0.1427690 0.1170606 0.2879954 0.3597733 0.4129651 0.2408224 0.3514050 0.3226722 0.2350916 0.3391508 0.2804256 0.3325810 0.3044124 0.3388957 0.2328075 0.2213903 0.3294806 0.1870930 0.2921780 0.2270621 0.3030015 0.2994008 0.2141063 0.3149854 0.2986599 0.0726448 0.3041468 0.2495044 0.2556067 0.2844801 0.0972530 0.2380710 0.1222047 0.2963456 0.1083900 0.2516649 0.2989781 0.3131018 0.3043246 0.2802175 0.0259936 0.2037655 0.2304934 0.3008502 0.0185791 0.2258079 0.1875318 0.0268636 0.3398356 0.3192787 0.3162541 0.2178950 0.0848910 0.2315013 0.4116692 0.0751771 0.3246748 
Perityle_californica_76_positas            0.4868918 0.3702090 0.4254095 0.5998271 0.4774318 0.3517993 0.5916969 0.3425785 0.6195399 0.4471024 0.5051550 0.4759237 0.6023229 0.4457196 0.2899207 0.5831373 0.6621257 0.0000000 0.4241428 0.4094171 0.4720339 0.5074083 0.5281796 0.4257517 0.5274197 0.5219690 0.5317820 0.5915393 0.3553326 0.2094034 0.4623380 0.4836197 0.5277790 0.4735233 0.4855294 0.5282709 0.4532391 0.6488140 0.4533151 0.5254333 0.5097365 0.5367683 0.4921603 0.4229967 0.6621971 0.4923239 0.5877464 0.5057640 0.5184772 0.4830327 0.4609027 0.5156213 0.5171981 0.3265355 0.5418506 0.3790002 0.3946894 0.5653286 0.3356960 0.3518744 0.2051369 0.4302348 0.3260311 0.5088660 0.5323527 0.5032153 0.5556980 0.4720456 0.2119442 0.4535567 0.4126008 0.5358555 0.1419769 0.5389072 0.4102455 0.2913324 0.6096006 0.5133144 0.4994071 0.4536747 0.1908503 0.5050530 0.3751167 0.2723494 0.4427449 
Perityle_canescens_77                      0.1886651 0.1224741 0.2001830 0.2954746 0.2719947 0.1401681 0.2836031 0.1443488 0.3967889 0.1899974 0.1095296 0.1191958 0.2660981 0.1143133 0.1151118 0.2081510 0.2307959 0.4241428 0.0000000 0.1216137 0.1150914 0.1695511 0.1143355 0.1265878 0.1710402 0.1211909 0.1331254 0.2261407 0.1554543 0.1624932 0.1157129 0.1166698 0.1905660 0.1245446 0.1144325 0.1897802 0.1262602 0.2493613 0.1127783 0.1131050 0.1142415 0.1776516 0.1679959 0.1820652 0.2561187 0.1862366 0.1651529 0.1722031 0.1773556 0.1156078 0.1234257 0.1197277 0.1207687 0.1049445 0.1002202 0.1268486 0.0954609 0.1653856 0.1111889 0.1309163 0.1267079 0.1071951 0.1004232 0.1286943 0.2285486 0.1254855 0.2329267 0.1213247 0.1196682 0.1191262 0.1131382 0.2419993 0.1063633 0.1730462 0.1248310 0.1166804 0.2353966 0.1302751 0.1296280 0.1309423 0.0893438 0.1651529 0.2230867 0.1081881 0.1199490 
Perityle_castillonii_96                    0.2127820 0.1254871 0.2095079 0.3316160 0.2697354 0.1443635 0.2894497 0.1315720 0.4332177 0.2098428 0.1000185 0.0353755 0.1922024 0.0953121 0.0272428 0.2461656 0.1847886 0.4094171 0.1216137 0.0000000 0.0269538 0.1008721 0.0953309 0.0222156 0.1063821 0.1036070 0.1099925 0.2589466 0.1369469 0.1239504 0.0910999 0.0845929 0.2098428 0.0341681 0.1033241 0.1517372 0.0377945 0.2814687 0.0957215 0.0979696 0.0999034 0.1442718 0.0994231 0.1370447 0.2865679 0.1203310 0.0980619 0.1034878 0.1425994 0.0941537 0.0162620 0.0980369 0.1042731 0.0265384 0.1042861 0.1117391 0.0855147 0.1009064 0.0266044 0.1201675 0.1223300 0.1182538 0.1129053 0.0476371 0.2549627 0.1050475 0.2365393 0.0947291 0.0129031 0.0127527 0.1014477 0.2379135 0.0223398 0.1146007 0.0259098 0.0323608 0.2389019 0.1226695 0.0260427 0.0306667 0.0895733 0.0980619 0.1948891 0.0801452 0.0851575 
Perityle_cernua_84                         0.2459763 0.1143130 0.2011804 0.3612435 0.2684539 0.1363150 0.2742326 0.1234309 0.4317167 0.2092101 0.1036636 0.0242013 0.2541168 0.0953252 0.0095545 0.2713785 0.2408055 0.4720339 0.1150914 0.0269538 0.0000000 0.1102226 0.0909112 0.0226042 0.1196504 0.0816959 0.1077020 0.2697030 0.1269562 0.1137756 0.0931668 0.0942587 0.2669802 0.0231106 0.0915782 0.1501178 0.0156343 0.2720438 0.0926073 0.0933090 0.0903046 0.1465098 0.1081518 0.1329127 0.2778687 0.1483650 0.1261192 0.1084846 0.1440612 0.0947424 0.0451829 0.0951132 0.0831291 0.0096775 0.1051312 0.1015088 0.0761948 0.1182759 0.0109114 0.1075857 0.1003633 0.1093022 0.0945237 0.0372222 0.2358312 0.0851509 0.2435760 0.1069103 0.0155213 0.0380282 0.1021542 0.2366637 0.0148383 0.1075867 0.0253788 0.0132864 0.2735905 0.1234789 0.0344839 0.0298732 0.0669767 0.1040860 0.1830000 0.0679073 0.0855359 
Perityle_cfvillosa_25_tin                  0.2704692 0.1190951 0.2148307 0.3805169 0.2767996 0.1437737 0.2772658 0.1266164 0.4454327 0.2143487 0.1925386 0.1127347 0.2349584 0.1752748 0.0234477 0.2872267 0.2358175 0.5074083 0.1695511 0.1008721 0.1102226 0.0000000 0.2038268 0.0971836 0.0129388 0.1860453 0.2041050 0.2854588 0.1332127 0.1210020 0.1758349 0.1970756 0.2790223 0.1137742 0.2237839 0.2218135 0.1227080 0.2931965 0.1788153 0.2018261 0.2045146 0.2219557 0.0079405 0.1765058 0.2964375 0.1432827 0.0073877 0.0129209 0.2148906 0.2047380 0.1369713 0.2056104 0.1842078 0.0110942 0.2162525 0.1433468 0.1409932 0.0513479 0.0050326 0.1378222 0.1051947 0.1954376 0.0992176 0.1257654 0.2375398 0.1912954 0.2608893 0.1907947 0.0235071 0.1322739 0.1610832 0.2421863 0.0000010 0.0787828 0.0939150 0.0026380 0.2859844 0.2134343 0.1434250 0.1248502 0.0756376 0.0067377 0.2938870 0.0729924 0.2170757 
Perityle_coahuilensis_24                   0.2527556 0.1053203 0.1978233 0.3766847 0.2728418 0.1287238 0.2636086 0.1395883 0.4340143 0.2343377 0.1021441 0.1031204 0.3499158 0.0066663 0.0963455 0.2275601 0.3295059 0.5281796 0.1143355 0.0953309 0.0909112 0.2038268 0.0000000 0.0981478 0.2151940 0.0535344 0.0417767 0.2311917 0.1297475 0.1309558 0.1275503 0.1173663 0.2958261 0.1022314 0.0274950 0.1903723 0.0942620 0.2682511 0.0331940 0.0067984 0.0134277 0.2319827 0.2072566 0.1705093 0.2494363 0.2258730 0.2535273 0.1822112 0.1858359 0.0180643 0.1183309 0.0144028 0.0572840 0.0979546 0.0532573 0.0475987 0.0341607 0.2454524 0.1027697 0.0832369 0.0836707 0.0642225 0.0218803 0.1059342 0.1912609 0.0501934 0.2378070 0.1193775 0.0942160 0.0997702 0.0028055 0.2464300 0.0896487 0.2199951 0.1046083 0.0985161 0.2704942 0.0842259 0.0935601 0.1018851 0.0243622 0.1956627 0.2354898 0.0954465 0.1251857 
Perityle_cochisensis_44_cave_creek         0.2185987 0.1231594 0.2102893 0.3327041 0.2689714 0.1401241 0.2856557 0.1317310 0.4298766 0.2263621 0.1074517 0.0303110 0.1969570 0.0987750 0.0291721 0.2395005 0.1949703 0.4257517 0.1265878 0.0222156 0.0226042 0.0971836 0.0981478 0.0000000 0.1009534 0.0971785 0.1117465 0.2523041 0.1389385 0.1241380 0.0884929 0.0848854 0.2263621 0.0292489 0.1003979 0.1456055 0.0334350 0.2726097 0.0947300 0.1005847 0.1000116 0.1401729 0.0958605 0.1352451 0.2787005 0.1385042 0.0933610 0.0983179 0.1358355 0.0983511 0.0303245 0.1006485 0.0977507 0.0237884 0.1072448 0.1135476 0.0871851 0.0960004 0.0242898 0.1180640 0.1313719 0.1195837 0.1106557 0.0392848 0.2439992 0.1009129 0.2405957 0.1090330 0.0155195 0.0280920 0.1051090 0.2301990 0.0261941 0.1085228 0.0119364 0.0324007 0.2427695 0.1290053 0.0282405 0.0328523 0.0941396 0.0933610 0.1959027 0.0802334 0.0889175 
Perityle_congesta_202                      0.2910915 0.1236649 0.2160917 0.3856923 0.2864628 0.1519299 0.2839328 0.1297360 0.4594571 0.2195374 0.1995165 0.1244774 0.2515233 0.1781775 0.0294146 0.3114999 0.2500133 0.5274197 0.1710402 0.1063821 0.1196504 0.0129388 0.2151940 0.1009534 0.0000000 0.1973368 0.2243277 0.2812141 0.1391892 0.1282420 0.1989392 0.2124625 0.3071918 0.1201914 0.2443969 0.2341385 0.1290479 0.2970703 0.1874285 0.2156582 0.2249759 0.2326760 0.0108563 0.1811446 0.3033788 0.1490524 0.0078335 0.0135673 0.2264683 0.2148311 0.1557654 0.2204899 0.1968200 0.0167104 0.2359280 0.1539783 0.1490943 0.0597086 0.0082386 0.1413551 0.1142664 0.1988336 0.1039060 0.1371687 0.2287755 0.2111391 0.2605227 0.2031862 0.0342230 0.1476142 0.1635266 0.2526149 0.0074099 0.0715892 0.0975934 0.0106319 0.2943352 0.2228466 0.1581311 0.1249542 0.0847922 0.0110725 0.3071454 0.0780889 0.2262671 
Perityle_cordifolia_27                     0.2720888 0.1127703 0.2080174 0.3870693 0.2749919 0.1326007 0.2644298 0.1429706 0.4389358 0.2574456 0.1296242 0.0938353 0.3539383 0.0555059 0.0986533 0.2317913 0.3158085 0.5219690 0.1211909 0.1036070 0.0816959 0.1860453 0.0535344 0.0971785 0.1973368 0.0000000 0.0848705 0.2624823 0.1341408 0.1347144 0.1397689 0.1418185 0.3193546 0.0905634 0.0504862 0.2027784 0.0943788 0.2778257 0.0425025 0.0528704 0.0477468 0.2216430 0.1897658 0.1722601 0.2725899 0.2287966 0.2423444 0.1673834 0.1970243 0.0570856 0.1228146 0.0612781 0.0094911 0.0981757 0.0725886 0.0591441 0.0378534 0.2249038 0.0850179 0.0852626 0.0922386 0.0739353 0.0138618 0.1013718 0.2192718 0.0131809 0.2475420 0.1353791 0.0969762 0.1031844 0.0583944 0.2550233 0.0854983 0.2007161 0.0998961 0.0984344 0.2808740 0.1209784 0.1077754 0.0945116 0.0243620 0.1803113 0.2285874 0.1059156 0.1405096 
Perityle_cordifolia_68_tecolote            0.2684243 0.1277373 0.2198738 0.3744514 0.2911044 0.1399832 0.2592872 0.1541858 0.4282778 0.2491233 0.1246939 0.1232223 0.3550843 0.0466183 0.1098490 0.2481294 0.3418647 0.5317820 0.1331254 0.1099925 0.1077020 0.2041050 0.0417767 0.1117465 0.2243277 0.0848705 0.0000000 0.2411247 0.1459051 0.1450100 0.1503286 0.1441485 0.3056114 0.1207867 0.0506912 0.2015585 0.1062567 0.2793701 0.0497470 0.0432439 0.0417805 0.2482874 0.2075771 0.1826708 0.2716999 0.2288222 0.2566035 0.1928324 0.1991822 0.0456316 0.1364985 0.0429022 0.0769864 0.1094675 0.0705241 0.0051271 0.0511218 0.2538503 0.1208670 0.1106409 0.0839679 0.0869320 0.0445785 0.1221567 0.2009568 0.0721800 0.2577026 0.1449892 0.1120970 0.1152092 0.0478389 0.2636981 0.1024239 0.2312634 0.1182276 0.1048147 0.2908567 0.1084144 0.1139876 0.1221412 0.0326154 0.2034267 0.2568552 0.1139808 0.1474908 
Perityle_coronopifolia_28_patagonia        0.3320859 0.1287261 0.1397144 0.3557420 0.1900594 0.1180261 0.2635863 0.1332309 0.4357984 0.3228342 0.2560202 0.2701808 0.3283452 0.2030147 0.2067938 0.2792465 0.3442588 0.5915393 0.2261407 0.2589466 0.2697030 0.2854588 0.2311917 0.2523041 0.2812141 0.2624823 0.2411247 0.0000000 0.0966124 0.0931150 0.2717093 0.3249772 0.3659125 0.2651949 0.3080724 0.3122687 0.2789292 0.2293905 0.2375287 0.2459310 0.2383863 0.3111226 0.2829993 0.2527080 0.2363229 0.2667488 0.3128290 0.2715953 0.3030516 0.2567164 0.2928187 0.2285312 0.2597508 0.1409823 0.2237061 0.2255289 0.2458394 0.2980401 0.1506548 0.2137553 0.1079324 0.2568149 0.0843175 0.2810807 0.0222144 0.2626664 0.1785332 0.2630706 0.1202404 0.2771061 0.1762726 0.1436331 0.1028756 0.2914346 0.2422777 0.1084243 0.1955887 0.2416253 0.3303560 0.2798965 0.0716811 0.2694256 0.3745631 0.0836844 0.3416352 
Perityle_crassifolia_70_ventanas           0.1809844 0.1318591 0.1192816 0.2086556 0.1500408 0.1332428 0.2529374 0.1186563 0.2977602 0.1398488 0.1270738 0.1311254 0.1495894 0.1259358 0.1386210 0.1363826 0.1427690 0.3553326 0.1554543 0.1369469 0.1269562 0.1332127 0.1297475 0.1389385 0.1391892 0.1341408 0.1459051 0.0966124 0.0000000 0.0028374 0.1446248 0.1366646 0.1429121 0.1288138 0.1407872 0.1348401 0.1231172 0.1571049 0.1303694 0.1298510 0.1299176 0.1330531 0.1310888 0.1222005 0.1565931 0.1291510 0.1310888 0.1389045 0.1286585 0.1297626 0.1366630 0.1357069 0.1286520 0.1248777 0.1039290 0.1534382 0.1294326 0.1313506 0.1310888 0.1647839 0.1259257 0.1431399 0.1118212 0.1374258 0.0911909 0.1359338 0.1290639 0.1288692 0.1348238 0.1348300 0.1299623 0.0286713 0.1078893 0.1349411 0.1407499 0.1026090 0.1253126 0.1468373 0.1419270 0.1394309 0.0763321 0.1310888 0.1586012 0.0887893 0.1447609 
Perityle_crassifolia_74_playa_balandra     0.1587126 0.1396872 0.1380968 0.1769187 0.1315521 0.1464976 0.3118425 0.1503364 0.1878484 0.1272407 0.1269503 0.1175786 0.1136641 0.1309558 0.1170355 0.1355141 0.1170606 0.2094034 0.1624932 0.1239504 0.1137756 0.1210020 0.1309558 0.1241380 0.1282420 0.1347144 0.1450100 0.0931150 0.0028374 0.0000000 0.1238602 0.1170840 0.1311537 0.1101556 0.1306874 0.1260118 0.1101556 0.1846967 0.1279427 0.1309558 0.1347065 0.1332755 0.1210020 0.1183812 0.1803026 0.1137941 0.1210020 0.1314951 0.1183595 0.1381150 0.1170088 0.1344901 0.1282624 0.1100773 0.1195883 0.1414146 0.1163363 0.1214304 0.1210020 0.1525547 0.1304615 0.1379974 0.1280253 0.1249326 0.0932303 0.1347148 0.1659191 0.1207173 0.1140480 0.1170088 0.1313404 0.0257691 0.1078893 0.1242979 0.1309605 0.1182355 0.1590190 0.1344507 0.1277783 0.1317616 0.0763321 0.1210020 0.1549209 0.1134576 0.1237211 
Perityle_cuneata_34_cuneata_San_antonio    0.2631686 0.1118197 0.2194405 0.3743207 0.2648710 0.1511170 0.2808152 0.1368874 0.4378348 0.2337283 0.1145694 0.1076197 0.2906408 0.1322027 0.0571552 0.2726269 0.2879954 0.4623380 0.1157129 0.0910999 0.0931668 0.1758349 0.1275503 0.0884929 0.1989392 0.1397689 0.1503286 0.2717093 0.1446248 0.1238602 0.0000000 0.0661997 0.2887039 0.1103999 0.1309577 0.1742314 0.0978293 0.2936510 0.1207257 0.1249294 0.1187682 0.1822343 0.1743922 0.1543629 0.2922941 0.2006257 0.1852330 0.1800618 0.1609798 0.1257626 0.1312833 0.1344892 0.1393810 0.0665124 0.1095302 0.1233500 0.0960754 0.1907719 0.0895065 0.1111789 0.1177547 0.1160708 0.1128078 0.1155454 0.2389818 0.1307341 0.2638731 0.1210878 0.0475356 0.1011084 0.1245326 0.2406371 0.0570218 0.1857996 0.0887974 0.0659615 0.2906162 0.1271469 0.1076610 0.1078922 0.0802586 0.1780955 0.2079629 0.1083275 0.0875692 
Perityle_cuneata_4                         0.2469502 0.1135416 0.2378945 0.3736115 0.2760307 0.1509158 0.3218669 0.1364172 0.3807162 0.2418310 0.1221133 0.0945735 0.3307057 0.1120009 0.0612135 0.3156838 0.3597733 0.4836197 0.1166698 0.0845929 0.0942587 0.1970756 0.1173663 0.0848854 0.2124625 0.1418185 0.1441485 0.3249772 0.1366646 0.1170840 0.0661997 0.0000000 0.2888074 0.1009883 0.1290010 0.2259271 0.1035318 0.3517232 0.1211328 0.1257269 0.1238306 0.2546472 0.1934813 0.1774308 0.3588913 0.2195765 0.2595318 0.1950227 0.2171594 0.1276069 0.0956122 0.1234944 0.1424401 0.0638630 0.1193488 0.1292716 0.0958937 0.2542898 0.0639015 0.1074860 0.1219391 0.1133904 0.1010492 0.1098733 0.2840268 0.1373101 0.3092459 0.1147613 0.0475688 0.0903009 0.1124690 0.2988264 0.0531964 0.2318830 0.0866642 0.0630636 0.3387706 0.1250460 0.1045688 0.1028032 0.0845751 0.1935114 0.2546391 0.1029125 0.1001887 
Perityle_discoidea_81                      0.1109248 0.0984347 0.2371864 0.3950337 0.2806204 0.1207956 0.3079225 0.1230509 0.3748458 0.0050849 0.2800476 0.2750369 0.4069295 0.2262013 0.1247764 0.3682488 0.4129651 0.5277790 0.1905660 0.2098428 0.2669802 0.2790223 0.2958261 0.2263621 0.3071918 0.3193546 0.3056114 0.3659125 0.1429121 0.1311537 0.2887039 0.2888074 0.0000000 0.2694681 0.2877660 0.3539604 0.2544746 0.4001592 0.2513111 0.2958806 0.2955519 0.3696131 0.2766578 0.2651445 0.4009119 0.2468052 0.3156361 0.2839410 0.3552735 0.2732052 0.2705626 0.3001880 0.3129923 0.0807951 0.3081037 0.1579243 0.1607649 0.2980528 0.0808923 0.1387987 0.1368988 0.2352993 0.1026771 0.2922116 0.3071533 0.3171239 0.3061658 0.2883568 0.0855165 0.2684998 0.1750019 0.2812173 0.0927949 0.2628380 0.2121250 0.0865786 0.3691090 0.3183908 0.2867158 0.2675417 0.0851026 0.2765953 0.3603587 0.1007004 0.2664934 
Perityle_dissecta_201                      0.2506643 0.1142777 0.2044160 0.3622823 0.2713864 0.1363150 0.2746387 0.1205111 0.4441173 0.2103172 0.1171508 0.0357400 0.2450046 0.1070585 0.0173628 0.2702896 0.2408224 0.4735233 0.1245446 0.0341681 0.0231106 0.1137742 0.1022314 0.0292489 0.1201914 0.0905634 0.1207867 0.2651949 0.1288138 0.1101556 0.1103999 0.1009883 0.2694681 0.0000000 0.1016764 0.1583255 0.0296009 0.2740750 0.1015760 0.1026442 0.1011492 0.1554718 0.1116774 0.1359321 0.2794014 0.1496254 0.1248318 0.1072058 0.1519554 0.1066672 0.0650961 0.1074117 0.0918308 0.0096702 0.1101946 0.1097817 0.0837037 0.1161329 0.0101474 0.1165465 0.1003633 0.1154139 0.0943525 0.0465005 0.2330563 0.0971327 0.2471283 0.1177047 0.0155157 0.0448666 0.1081656 0.2393115 0.0110762 0.1066109 0.0318774 0.0105931 0.2781036 0.1340210 0.0394786 0.0404675 0.0669767 0.1070803 0.2024354 0.0653666 0.0988101 
Perityle_emoryi_47_punta_san_jose          0.2452709 0.1131428 0.2377682 0.3871217 0.2917289 0.1363062 0.3195324 0.1396719 0.3863525 0.2365446 0.1151354 0.1026421 0.3688642 0.0264591 0.1031197 0.2421657 0.3514050 0.4855294 0.1144325 0.1033241 0.0915782 0.2237839 0.0274950 0.1003979 0.2443969 0.0504862 0.0506912 0.3080724 0.1407872 0.1306874 0.1309577 0.1290010 0.2877660 0.1016764 0.0000000 0.2050224 0.1024047 0.3179079 0.0458136 0.0300249 0.0325772 0.2075992 0.2251952 0.1967918 0.3179569 0.2470937 0.2347836 0.2286634 0.2018700 0.0308655 0.0978493 0.0288798 0.0509221 0.1016354 0.0635094 0.0494315 0.0358495 0.2378541 0.1037187 0.0953681 0.0880328 0.0771841 0.0370293 0.1098485 0.2681398 0.0518837 0.2972696 0.1307866 0.1030072 0.0985283 0.0267121 0.2733439 0.0981435 0.2207888 0.1056027 0.1017270 0.3300319 0.1111654 0.1083764 0.1070138 0.0284988 0.2252295 0.2156561 0.1086141 0.1402912 
Perityle_feddemae_99                       0.3255008 0.1383606 0.2022899 0.3351815 0.2789294 0.1115696 0.2584450 0.1348312 0.4324832 0.2852476 0.1954875 0.1578102 0.3224251 0.1797040 0.1214546 0.3137316 0.3226722 0.5282709 0.1897802 0.1517372 0.1501178 0.2218135 0.1903723 0.1456055 0.2341385 0.2027784 0.2015585 0.3122687 0.1348401 0.1260118 0.1742314 0.2259271 0.3539604 0.1583255 0.2050224 0.0000000 0.1566899 0.3284648 0.1805544 0.1916317 0.1873812 0.0300067 0.2218168 0.0293789 0.3317235 0.2248907 0.2612570 0.2231558 0.0279795 0.1904328 0.1526578 0.1874918 0.1959496 0.1017735 0.1830470 0.1581625 0.1631699 0.2530572 0.1078463 0.1748553 0.1290306 0.1999802 0.1345258 0.1757747 0.2648866 0.1863150 0.2612102 0.1888617 0.0917585 0.1490950 0.1682025 0.2661445 0.1145981 0.2405222 0.1479060 0.0928730 0.3007130 0.1987723 0.1852762 0.1588661 0.0715647 0.2188863 0.1813564 0.1232879 0.1883919 
Perityle_fosteri_93                        0.2433391 0.1119692 0.1990003 0.3440330 0.2724527 0.1363150 0.2701178 0.1233135 0.4332988 0.2165279 0.0962103 0.0317228 0.2342189 0.0964857 0.0212011 0.2544477 0.2350916 0.4532391 0.1262602 0.0377945 0.0156343 0.1227080 0.0942620 0.0334350 0.1290479 0.0943788 0.1062567 0.2789292 0.1231172 0.1101556 0.0978293 0.1035318 0.2544746 0.0296009 0.1024047 0.1566899 0.0000000 0.2717915 0.1001933 0.0966241 0.0949519 0.1555333 0.1213440 0.1426822 0.2796303 0.1543933 0.1180352 0.1238012 0.1512852 0.0958047 0.0351776 0.0967540 0.0961195 0.0124626 0.0968296 0.1075669 0.0870313 0.1230185 0.0110222 0.1179482 0.1003633 0.1207794 0.0921687 0.0394090 0.2419520 0.0979972 0.2420565 0.1097874 0.0128916 0.0349661 0.1001235 0.2235872 0.0110762 0.1023248 0.0386421 0.0105931 0.2630270 0.1292718 0.0432768 0.0385715 0.0669767 0.1201060 0.1956073 0.0653666 0.1001976 
Perityle_gamon_221                         0.3434597 0.1755115 0.1920616 0.3860542 0.2594207 0.1485324 0.3067601 0.1618411 0.4787570 0.3466344 0.2865534 0.2687678 0.3439824 0.2394611 0.2500062 0.3092740 0.3391508 0.6488140 0.2493613 0.2814687 0.2720438 0.2931965 0.2682511 0.2726097 0.2970703 0.2778257 0.2793701 0.2293905 0.1571049 0.1846967 0.2936510 0.3517232 0.4001592 0.2740750 0.3179079 0.3284648 0.2717915 0.0000000 0.2751865 0.2711024 0.2714219 0.3084515 0.2955186 0.2778283 0.0158884 0.2941086 0.3159097 0.2907411 0.3184849 0.2771415 0.2918036 0.2707546 0.2739213 0.1476317 0.2344746 0.2558580 0.2870756 0.3054628 0.1485649 0.2492195 0.0382059 0.2722819 0.1158061 0.2837139 0.2054312 0.2785354 0.2265765 0.2793519 0.1614281 0.2779400 0.2345601 0.2501061 0.1204533 0.2780517 0.2643286 0.1300611 0.2324931 0.2713877 0.3329117 0.2788330 0.0674093 0.2858340 0.3963120 0.1142014 0.3543820 
Perityle_gentryi_8_san_francisco           0.2250741 0.1057107 0.2032932 0.3652614 0.2702345 0.1251819 0.2602028 0.1345800 0.4289903 0.2435379 0.1106244 0.1027173 0.3020608 0.0294083 0.0968135 0.1697822 0.2804256 0.4533151 0.1127783 0.0957215 0.0926073 0.1788153 0.0331940 0.0947300 0.1874285 0.0425025 0.0497470 0.2375287 0.1303694 0.1279427 0.1207257 0.1211328 0.2513111 0.1015760 0.0458136 0.1805544 0.1001933 0.2751865 0.0000000 0.0332042 0.0368339 0.1855674 0.1815009 0.1649051 0.2783552 0.2264351 0.1800650 0.1842767 0.1734243 0.0390416 0.1021793 0.0366621 0.0428358 0.0958608 0.0553689 0.0551834 0.0310095 0.1833545 0.0975385 0.0901649 0.0837667 0.0725549 0.0280617 0.1105182 0.2167227 0.0460675 0.2421062 0.1245560 0.0885026 0.1000591 0.0287937 0.2210947 0.0776935 0.1780995 0.0990168 0.0929769 0.2472272 0.1016453 0.1103670 0.1049416 0.0202540 0.1800650 0.2172601 0.0908110 0.1306087 
Perityle_gilensis_22_Superstition          0.2546745 0.1032801 0.1966266 0.3706762 0.2693557 0.1250485 0.2642412 0.1368934 0.4302688 0.2343865 0.1060397 0.1010285 0.3469941 0.0069670 0.0985760 0.2193485 0.3325810 0.5254333 0.1131050 0.0979696 0.0933090 0.2018261 0.0067984 0.1005847 0.2156582 0.0528704 0.0432439 0.2459310 0.1298510 0.1309558 0.1249294 0.1257269 0.2958806 0.1026442 0.0300249 0.1916317 0.0966241 0.2711024 0.0332042 0.0000000 0.0154033 0.2021462 0.2052713 0.1719053 0.2787181 0.2317092 0.2497591 0.2025104 0.1870612 0.0211091 0.1050672 0.0154624 0.0533444 0.0980198 0.0532694 0.0458090 0.0341922 0.2432221 0.1079740 0.0865372 0.0836707 0.0682363 0.0198738 0.1087147 0.1977473 0.0531718 0.2346059 0.1221182 0.0972295 0.1020899 0.0083803 0.2450268 0.0896487 0.2247145 0.1070198 0.0955809 0.2686439 0.0913387 0.0998914 0.1055779 0.0243622 0.1974813 0.2193375 0.0929610 0.1269056 
Perityle_gilensis_salensis_225             0.2520156 0.1055001 0.2009041 0.3737051 0.2712454 0.1291002 0.2644743 0.1398860 0.4383683 0.2348501 0.1129615 0.1026429 0.3408220 0.0126984 0.0964821 0.1981391 0.3044124 0.5097365 0.1142415 0.0999034 0.0903046 0.2045146 0.0134277 0.1000116 0.2249759 0.0477468 0.0417805 0.2383863 0.1299176 0.1347065 0.1187682 0.1238306 0.2955519 0.1011492 0.0325772 0.1873812 0.0949519 0.2714219 0.0368339 0.0154033 0.0000000 0.1919626 0.2070402 0.1744383 0.2729284 0.2217012 0.2264766 0.2096779 0.1824171 0.0201890 0.1002583 0.0183774 0.0480795 0.0981300 0.0563442 0.0442832 0.0361125 0.2182164 0.1099109 0.0855527 0.0881072 0.0686394 0.0219174 0.1128441 0.2033745 0.0501499 0.2387524 0.1227894 0.0973361 0.0983005 0.0099448 0.2341848 0.0940184 0.2137873 0.1069405 0.0987501 0.2704041 0.0930143 0.1070503 0.1064525 0.0285717 0.2043003 0.2097577 0.0956388 0.1327743 
Perityle_glaucescens_94                    0.3308623 0.1437172 0.1930796 0.3365084 0.2737341 0.1273263 0.2388676 0.1266549 0.4307173 0.2962678 0.2086743 0.1563955 0.3251015 0.1848227 0.1315769 0.3377718 0.3388957 0.5367683 0.1776516 0.1442718 0.1465098 0.2219557 0.2319827 0.1401729 0.2326760 0.2216430 0.2482874 0.3111226 0.1330531 0.1332755 0.1822343 0.2546472 0.3696131 0.1554718 0.2075992 0.0300067 0.1555333 0.3084515 0.1855674 0.2021462 0.1919626 0.0000000 0.2229231 0.0252300 0.3173437 0.2188005 0.2910665 0.2169529 0.0283444 0.1923435 0.1524720 0.1944287 0.1914441 0.1019087 0.1889629 0.1635418 0.1638510 0.2813379 0.1090758 0.1775668 0.1378719 0.2026762 0.1425047 0.1686226 0.2644071 0.1884251 0.2558839 0.1850882 0.0985671 0.1439682 0.1752833 0.2631664 0.1237442 0.2336253 0.1411649 0.1054376 0.2879244 0.2160927 0.2267981 0.1506079 0.0894578 0.2151668 0.2106895 0.1210551 0.1885648 
Perityle_gracilis_11                       0.2663545 0.1189721 0.2159156 0.3750449 0.2770336 0.1437737 0.2792213 0.1266164 0.4402121 0.2119983 0.1921745 0.1106339 0.2331269 0.1790050 0.0194445 0.2897483 0.2328075 0.4921603 0.1679959 0.0994231 0.1081518 0.0079405 0.2072566 0.0958605 0.0108563 0.1897658 0.2075771 0.2829993 0.1310888 0.1210020 0.1743922 0.1934813 0.2766578 0.1116774 0.2251952 0.2218168 0.1213440 0.2955186 0.1815009 0.2052713 0.2070402 0.2229231 0.0000000 0.1795023 0.2987503 0.1433159 0.0039633 0.0088615 0.2159017 0.2072667 0.1370335 0.2090412 0.1891939 0.0096936 0.2180446 0.1451137 0.1427775 0.0488138 0.0037360 0.1339746 0.1051947 0.1919295 0.0992176 0.1237819 0.2339998 0.1962646 0.2585507 0.1904432 0.0208212 0.1323701 0.1650110 0.2388756 0.0000010 0.0758937 0.0926260 0.0026380 0.2834512 0.2128995 0.1404454 0.1226270 0.0756376 0.0039263 0.2912648 0.0729924 0.2149486 
Perityle_harkerae_31                       0.2638863 0.1332327 0.1847445 0.2883113 0.2685047 0.1195578 0.2341609 0.1179559 0.4098885 0.2675648 0.1677252 0.1398469 0.2487576 0.1718952 0.1214155 0.2531524 0.2213903 0.4229967 0.1820652 0.1370447 0.1329127 0.1765058 0.1705093 0.1352451 0.1811446 0.1722601 0.1826708 0.2527080 0.1222005 0.1183812 0.1543629 0.1774308 0.2651445 0.1359321 0.1967918 0.0293789 0.1426822 0.2778283 0.1649051 0.1719053 0.1744383 0.0252300 0.1795023 0.0000000 0.2846251 0.1857539 0.1777837 0.1809394 0.0130820 0.1770401 0.1334774 0.1749900 0.1663985 0.0915519 0.1555033 0.1534686 0.1611840 0.1769644 0.0995631 0.1732997 0.1332248 0.1919247 0.1347827 0.1539309 0.2523553 0.1740063 0.2263282 0.1669364 0.0881583 0.1278370 0.1659914 0.2188752 0.1141681 0.1837895 0.1395802 0.0926693 0.2286865 0.1756799 0.1512233 0.1413267 0.0805451 0.1752459 0.1562142 0.1102006 0.1714220 
