80
Amauria_brandeegeana_62                    0.0000000 0.0342772 0.0360985 0.2846801 0.0968022 0.1818254 0.1205426 0.3309648 0.0887329 0.1109561 0.1314080 0.2833109 0.1120550 0.3687418 0.0994790 0.1074868 0.1116294 0.1347268 0.1208206 0.1257478 0.1381907 0.1324084 0.1639209 0.1250985 0.1227565 0.1426976 0.1302565 0.0878091 0.2475487 0.0981594 0.1264952 0.0466168 0.1055523 0.1525948 0.1573539 0.1234226 0.1249235 0.3814731 0.1032760 0.1262141 0.1569228 0.1238351 0.1499076 0.1263107 0.0728444 0.1339714 0.1259772 0.1503246 0.1261462 0.1814894 0.1346692 0.1102410 0.1222391 0.1566794 0.1218826 0.1236299 0.1238321 0.1237814 0.1504105 0.1476027 0.0813961 0.1073054 0.1222540 0.1122160 0.1907850 0.1626587 0.0835734 0.1056112 0.1324084 0.1030069 0.1052232 0.0969689 0.1189007 0.0843914 0.1811639 0.1170672 0.1333555 0.1303846 0.1166712 0.1013841 
Amauria_carterae_99_mesa                   0.0342772 0.0000000 0.0271185 0.2129017 0.1072231 0.1553477 0.1155650 0.2071591 0.0704207 0.1149357 0.1550756 0.2283556 0.1323838 0.2389272 0.1102925 0.1208518 0.1103073 0.1647868 0.1370097 0.1429246 0.1350576 0.1570879 0.1174849 0.1432690 0.1064658 0.1843916 0.1473207 0.1062606 0.1699384 0.1169446 0.1472303 0.0536786 0.1234315 0.1667117 0.1871798 0.1326871 0.1517618 0.2444662 0.1130085 0.1607714 0.2045320 0.1168634 0.1863604 0.1555293 0.0963775 0.1603565 0.1477782 0.1972248 0.1442681 0.1162722 0.1361915 0.1114396 0.1133257 0.1807153 0.1305201 0.1397661 0.1399080 0.1444691 0.1464404 0.1767341 0.0628547 0.1259499 0.1365311 0.0916555 0.1453895 0.1268550 0.0990484 0.1179943 0.1570879 0.1117742 0.1127203 0.1117975 0.1390343 0.0939107 0.1339488 0.1225201 0.1577006 0.1486527 0.1382519 0.1046064 
Amauria_rotundifolia_SRR9119150            0.0360985 0.0271185 0.0000000 0.2611410 0.1131946 0.2152383 0.1279126 0.3403775 0.1166889 0.1376454 0.1587660 0.3119808 0.1340984 0.3831618 0.1107103 0.1371946 0.1254758 0.1520878 0.1400673 0.1427350 0.1711516 0.1386853 0.2107127 0.1423960 0.1329024 0.1504059 0.1588173 0.1098085 0.2788610 0.1486721 0.1407818 0.0574938 0.1191810 0.1782027 0.1774551 0.1520591 0.1448214 0.4099870 0.1144244 0.1406715 0.1592546 0.1458182 0.1562268 0.1435301 0.0940843 0.1445664 0.1330103 0.1699839 0.1301829 0.2185898 0.1412302 0.1280860 0.1355430 0.1700097 0.1274132 0.1290235 0.1312818 0.1469799 0.1727927 0.1625184 0.0810052 0.1250283 0.1483552 0.1238531 0.2137590 0.1735734 0.0956832 0.1080937 0.1409690 0.1256659 0.1163188 0.1179859 0.1237531 0.1047161 0.2053711 0.1545680 0.1484594 0.1426845 0.1313869 0.1096462 
Conoclinium_coelestinum_SRR9119114         0.2846801 0.2129017 0.2611410 0.0000000 0.2745214 0.2159013 0.2032232 0.3541240 0.2899029 0.3185551 0.2911920 0.3799024 0.2711105 0.3402432 0.2439055 0.2868743 0.2497048 0.2887216 0.2848260 0.2878783 0.2255045 0.2671286 0.3900608 0.2727802 0.2625675 0.2770353 0.3084267 0.2316819 0.2614342 0.3406612 0.2983839 0.2782799 0.2353789 0.2964071 0.3444653 0.2816076 0.2833114 0.4591634 0.2392194 0.2469709 0.2940369 0.2582356 0.2974418 0.2631836 0.2448832 0.2705805 0.2663534 0.3143374 0.2502184 0.3415083 0.2560756 0.2542453 0.3006684 0.2674209 0.2217730 0.2559035 0.2601830 0.2702532 0.2560529 0.2728201 0.1734180 0.2499740 0.2919649 0.2755840 0.3519319 0.2834778 0.1774995 0.2316120 0.2692428 0.2696008 0.2501511 0.2235343 0.2617485 0.1993454 0.3480903 0.2856411 0.2952253 0.2627598 0.2600146 0.2307301 
Eutetras_palmeri_63                        0.0968022 0.1072231 0.1131946 0.2745214 0.0000000 0.2075834 0.1180412 0.3235686 0.1209622 0.0916201 0.1384205 0.2769528 0.1258775 0.3968554 0.1017544 0.1310460 0.1254709 0.1502466 0.1290339 0.1296745 0.1620737 0.1309329 0.2018780 0.1232615 0.0873627 0.1372044 0.1468881 0.1040073 0.2436366 0.1358895 0.1349480 0.1107630 0.1061022 0.1406449 0.1797557 0.1373243 0.1278709 0.4214369 0.1094560 0.1280306 0.1629781 0.1485269 0.1574259 0.1246875 0.1112049 0.1313359 0.1219351 0.1664532 0.1180771 0.2160387 0.0947513 0.1266391 0.0715622 0.1700998 0.0736140 0.1202841 0.1189831 0.1368085 0.1873513 0.1615094 0.0351791 0.1058409 0.1400459 0.0807096 0.2049329 0.1705315 0.1161835 0.1113808 0.1310931 0.1137323 0.1047333 0.1349616 0.1194388 0.1052616 0.1977697 0.1193626 0.1434277 0.1340569 0.1132693 0.0701047 
Eutrochium_fistulosum_SRR9119106           0.1818254 0.1553477 0.2152383 0.2159013 0.2075834 0.0000000 0.1510197 0.3875073 0.1871044 0.2019320 0.2062347 0.3558304 0.1987308 0.3711215 0.1772438 0.1870126 0.1671011 0.2227255 0.1918994 0.1992554 0.1622806 0.2139407 0.2397175 0.2122300 0.2038570 0.2291917 0.2019822 0.1614291 0.2405711 0.2014454 0.2377834 0.1597306 0.1915995 0.2342630 0.2486073 0.2021912 0.2150390 0.4072122 0.1842445 0.2229816 0.2598655 0.1862401 0.2465593 0.2147583 0.1336941 0.2136121 0.2068338 0.2494092 0.1956227 0.2302395 0.2013040 0.1790742 0.1968339 0.2019623 0.1518978 0.1972000 0.2005236 0.1911163 0.1871320 0.2102211 0.1021541 0.1916512 0.1987019 0.1928513 0.2352095 0.2128577 0.1008112 0.1744651 0.2139407 0.1739977 0.1824829 0.1394073 0.2079513 0.1289536 0.2389678 0.2031061 0.2172151 0.2040352 0.1976319 0.1802637 
Galeana_pratensis_104_mex                  0.1205426 0.1155650 0.1279126 0.2032232 0.1180412 0.1510197 0.0000000 0.1885698 0.1097932 0.1364095 0.1574140 0.2682468 0.1175998 0.3549860 0.1171473 0.1313893 0.1280233 0.1649643 0.1468542 0.1499020 0.1492793 0.1550800 0.1367660 0.1451202 0.1389370 0.1774839 0.1728939 0.1399337 0.1344068 0.1397817 0.1901659 0.1025270 0.1355530 0.1110214 0.1631190 0.1327516 0.1594257 0.3758062 0.1178942 0.1440299 0.1732871 0.0983617 0.1682654 0.1708992 0.0824368 0.1458429 0.1584045 0.1715964 0.1437090 0.1136725 0.1354230 0.1232278 0.1492027 0.1652988 0.1340079 0.1433741 0.1489477 0.1704587 0.1392127 0.1536843 0.1022019 0.1180645 0.1638769 0.1321603 0.1596452 0.1528283 0.1058018 0.1221898 0.1550800 0.1432890 0.1140229 0.1068580 0.1311699 0.0767025 0.1637477 0.1328345 0.1480673 0.1561645 0.1199356 0.1066723 
Helianthus_annuus_SRR9119062               0.3309648 0.2071591 0.3403775 0.3541240 0.3235686 0.3875073 0.1885698 0.0000000 0.3519152 0.3664734 0.3795736 0.4295503 0.3649895 0.3790409 0.3253294 0.3484412 0.2792843 0.3936049 0.3790753 0.3675729 0.1838008 0.3669280 0.4202887 0.3570820 0.3473021 0.3775798 0.3129993 0.3055592 0.2639782 0.3526069 0.3470555 0.3544918 0.3381859 0.4228975 0.4311460 0.3803642 0.3689182 0.4940983 0.3366277 0.3595901 0.4058501 0.3373708 0.3888596 0.3662025 0.2515477 0.3654439 0.3488796 0.4133950 0.3428655 0.3234104 0.3381968 0.3511476 0.3751055 0.3249833 0.2160602 0.3365892 0.3442003 0.3254254 0.2748106 0.4109031 0.1549554 0.3270762 0.3105307 0.3514931 0.4009455 0.3499168 0.1698627 0.3222801 0.3669280 0.3729940 0.3283050 0.1972730 0.3339171 0.1759374 0.3854651 0.3508883 0.3701061 0.3431221 0.3363860 0.3147050 
Lycapsus_tenuifolius_17                    0.0887329 0.0704207 0.1166889 0.2899029 0.1209622 0.1871044 0.1097932 0.3519152 0.0000000 0.1392348 0.1546745 0.2590832 0.1204482 0.3326093 0.1253039 0.1228144 0.1104949 0.1501767 0.1301739 0.1345176 0.1056708 0.1575918 0.1322360 0.1456618 0.1469994 0.1611195 0.1848317 0.0051698 0.2250759 0.1395092 0.1650883 0.0850575 0.1114160 0.1535918 0.1732893 0.1239001 0.1394513 0.3399071 0.1089661 0.1571525 0.1841088 0.1139938 0.1737064 0.1438258 0.0909108 0.1621189 0.1496139 0.1703324 0.1402220 0.2200517 0.1411554 0.1124275 0.1186869 0.1389186 0.1129114 0.1438971 0.1447463 0.1318380 0.1553844 0.1569778 0.0720727 0.1313699 0.1755707 0.1349235 0.1946121 0.1924332 0.0859414 0.1012477 0.1578269 0.0098663 0.1274134 0.0897520 0.1503869 0.0779941 0.1981180 0.1568838 0.1449017 0.1481918 0.1368659 0.1050940 
Pericome_caudata_50_silver                 0.1109561 0.1149357 0.1376454 0.3185551 0.0916201 0.2019320 0.1364095 0.3664734 0.1392348 0.0000000 0.1786609 0.2769497 0.1399440 0.4183571 0.1418328 0.1397092 0.1590718 0.1836359 0.1529773 0.1543022 0.1733042 0.1811472 0.1660901 0.1711746 0.1251531 0.1785374 0.1665552 0.1318116 0.2628531 0.1380037 0.1596868 0.1186399 0.1346245 0.1769718 0.2025329 0.1506746 0.1672119 0.3950633 0.1333022 0.1685384 0.2118796 0.1466956 0.2027183 0.1708303 0.1101267 0.1774219 0.1655483 0.2049739 0.1581586 0.2450601 0.1059334 0.1350558 0.0895973 0.1903805 0.1046177 0.1619273 0.1623183 0.1553515 0.1898752 0.1838168 0.0512847 0.1512661 0.1582377 0.1102132 0.2047628 0.2003006 0.1311786 0.1438267 0.1813993 0.1353042 0.1444581 0.1388486 0.1625812 0.1268790 0.2133481 0.1661920 0.1700540 0.1709849 0.1485642 0.0774336 
Perityle_aglossa_84_dead_horse             0.1314080 0.1550756 0.1587660 0.2911920 0.1384205 0.2062347 0.1574140 0.3795736 0.1546745 0.1786609 0.0000000 0.1661579 0.0450325 0.2864166 0.0360481 0.1568925 0.0904707 0.0644554 0.0350732 0.0448760 0.0701134 0.0479803 0.0959171 0.0582425 0.1000989 0.0817087 0.1575305 0.1540626 0.2481427 0.1371927 0.1582132 0.1551224 0.0375440 0.2017256 0.1179124 0.0639126 0.1138047 0.2972034 0.0367583 0.0550716 0.1219159 0.0395539 0.1104900 0.1225868 0.1013881 0.0577352 0.0422019 0.1158929 0.0421501 0.1386364 0.1255970 0.0380035 0.1670112 0.1004410 0.1757092 0.0369864 0.0413716 0.0898114 0.1159966 0.1014899 0.1221507 0.0194747 0.1494975 0.0995737 0.1410566 0.1536123 0.0629110 0.0437230 0.0480311 0.1474514 0.0348690 0.0590165 0.0639064 0.0250364 0.1589347 0.0863874 0.0465551 0.0108841 0.0438536 0.1077870 
Perityle_ajoensis_204                      0.2833109 0.2283556 0.3119808 0.3799024 0.2769528 0.3558304 0.2682468 0.4295503 0.2590832 0.2769497 0.1661579 0.0000000 0.1693880 0.3423712 0.1559006 0.2785428 0.2485542 0.2034709 0.1581999 0.1765451 0.0429602 0.1758658 0.1463773 0.1487894 0.2314855 0.1843248 0.3336958 0.2865277 0.2553369 0.2532168 0.2661326 0.2571973 0.1822568 0.3856409 0.2286239 0.1715200 0.2684211 0.3281940 0.1860159 0.1944141 0.2374119 0.0670085 0.2411328 0.2495140 0.0864617 0.1725011 0.1689008 0.2456010 0.1798702 0.3140299 0.3258365 0.1549365 0.2878626 0.1673008 0.2429956 0.1576732 0.1469487 0.3046781 0.2006144 0.1903829 0.0911095 0.1571366 0.3224524 0.2616038 0.3060942 0.3271379 0.1162212 0.2157525 0.1760831 0.2781452 0.1466831 0.1032953 0.1785375 0.0106048 0.3253985 0.2137953 0.2024367 0.2069848 0.1693322 0.2753280 
Perityle_ambrosiifolia_67_green            0.1120550 0.1323838 0.1340984 0.2711105 0.1258775 0.1987308 0.1175998 0.3649895 0.1204482 0.1399440 0.0450325 0.1693880 0.0000000 0.2829311 0.0164157 0.1244769 0.0517591 0.0431297 0.0224127 0.0270733 0.0661641 0.0373644 0.0494403 0.0200594 0.0929419 0.0580392 0.0908397 0.1295748 0.2471270 0.1176863 0.1448392 0.1283353 0.0198754 0.1753685 0.0856484 0.0264961 0.0892439 0.2827924 0.0120893 0.0337656 0.0927129 0.0142432 0.0857658 0.0933612 0.0793979 0.0419112 0.0324766 0.0877286 0.0285923 0.1107834 0.1104060 0.0225968 0.1357216 0.0725562 0.1505507 0.0250595 0.0280347 0.0679389 0.1021429 0.0715191 0.0928594 0.0284747 0.0853661 0.0811930 0.1142895 0.0985907 0.0125238 0.0301111 0.0373644 0.1255291 0.0227207 0.0264122 0.0424855 0.0035486 0.1151709 0.0631812 0.0372449 0.0372491 0.0336462 0.0854214 
Perityle_batopilensis_97                   0.3687418 0.2389272 0.3831618 0.3402432 0.3968554 0.3711215 0.3549860 0.3790409 0.3326093 0.4183571 0.2864166 0.3423712 0.2829311 0.0000000 0.2826515 0.3697917 0.3347958 0.3085077 0.2870889 0.3006430 0.0740052 0.3023264 0.2448028 0.3086922 0.4173282 0.3536306 0.3474646 0.3343741 0.1991225 0.3811411 0.4236225 0.3298747 0.2877912 0.4082204 0.3383454 0.2989029 0.3834446 0.0000010 0.2883813 0.3070776 0.3425131 0.1157565 0.3345934 0.3949476 0.1019027 0.3240962 0.3072899 0.3284997 0.2822207 0.2751105 0.3841704 0.2880453 0.4407672 0.2540275 0.3430397 0.2965546 0.3009118 0.3133541 0.1860679 0.3267882 0.1284649 0.2839176 0.3337713 0.4008932 0.3231394 0.3025304 0.1631224 0.2737085 0.3023264 0.3630529 0.2768609 0.1400394 0.3131990 0.0419199 0.3251092 0.3162730 0.3032153 0.3090531 0.3051324 0.3633926 
Perityle_bisetosa_9                        0.0994790 0.1102925 0.1107103 0.2439055 0.1017544 0.1772438 0.1171473 0.3253294 0.1253039 0.1418328 0.0360481 0.1559006 0.0164157 0.2826515 0.0000000 0.1157761 0.0407794 0.0344547 0.0134270 0.0181989 0.0391196 0.0307107 0.1047626 0.0249651 0.0745681 0.0518635 0.1204188 0.1181694 0.2148418 0.1303122 0.1188982 0.1074719 0.0168762 0.1684338 0.0872611 0.0189990 0.0883841 0.3099574 0.0076536 0.0196086 0.0852257 0.0150902 0.0725726 0.0958500 0.0568740 0.0357466 0.0257466 0.0756061 0.0197591 0.1105400 0.0929941 0.0125116 0.1275111 0.0578887 0.1348198 0.0228609 0.0242082 0.0611415 0.0893469 0.0653968 0.0691236 0.0305597 0.1102841 0.0732487 0.1123820 0.1057958 0.0043323 0.0123659 0.0297604 0.1203258 0.0244831 0.0204374 0.0185313 0.0037696 0.1185294 0.0894996 0.0320929 0.0289936 0.0316919 0.0730546 
Perityle_californica_76_positas            0.1074868 0.1208518 0.1371946 0.2868743 0.1310460 0.1870126 0.1313893 0.3484412 0.1228144 0.1397092 0.1568925 0.2785428 0.1244769 0.3697917 0.1157761 0.0000000 0.1271639 0.1617637 0.1318901 0.1398527 0.1089778 0.1547194 0.1289323 0.1451827 0.1489284 0.1589515 0.1531915 0.1201508 0.2271792 0.0205216 0.0575948 0.1112222 0.1204346 0.1669938 0.1710076 0.1277491 0.1660128 0.3494484 0.1207934 0.1612258 0.1795071 0.1207975 0.1734466 0.1720346 0.0249234 0.1549588 0.1431466 0.1730870 0.1419619 0.1869469 0.1628982 0.1247233 0.1453621 0.1407421 0.1261499 0.1373683 0.1405288 0.1405513 0.1603285 0.1586740 0.1077027 0.1264912 0.1476548 0.1389761 0.2016956 0.1866395 0.0945630 0.1147637 0.1547194 0.1277242 0.1219144 0.1047821 0.1524618 0.0760127 0.2009170 0.1376721 0.1539979 0.1486460 0.1376900 0.1052231 
Perityle_canescens_77                      0.1116294 0.1103073 0.1254758 0.2497048 0.1254709 0.1671011 0.1280233 0.2792843 0.1104949 0.1590718 0.0904707 0.2485542 0.0517591 0.3347958 0.0407794 0.1271639 0.0000000 0.0927247 0.0732910 0.0823486 0.1153323 0.0871073 0.0713563 0.0723457 0.0870563 0.0854021 0.1046482 0.1515739 0.2224087 0.1130702 0.1569954 0.1162614 0.0616223 0.1015743 0.0880929 0.0672547 0.0677801 0.3580042 0.0522918 0.0767014 0.1046393 0.0324539 0.0958900 0.0779261 0.0521584 0.0857536 0.0848282 0.0950978 0.0791391 0.0549297 0.1146582 0.0546447 0.1385901 0.0984188 0.1845423 0.0783892 0.0789149 0.0995573 0.0986801 0.0959421 0.0776807 0.0535704 0.0965431 0.0754009 0.0922982 0.0721941 0.0422111 0.0564087 0.0871073 0.1453227 0.0518989 0.0607241 0.0671295 0.0440067 0.0887740 0.0669523 0.0915666 0.0849203 0.0676588 0.0877915 
Perityle_castillonii_96                    0.1347268 0.1647868 0.1520878 0.2887216 0.1502466 0.2227255 0.1649643 0.3936049 0.1501767 0.1836359 0.0644554 0.2034709 0.0431297 0.3085077 0.0344547 0.1617637 0.0927247 0.0000000 0.0344307 0.0402700 0.0869074 0.0353015 0.0862754 0.0722890 0.1237597 0.0991727 0.1403391 0.1693040 0.2717333 0.1621503 0.1883572 0.1540931 0.0294319 0.2148201 0.1310293 0.0679294 0.1176797 0.3135469 0.0405058 0.0734026 0.1297611 0.0460102 0.1203865 0.1175335 0.1011799 0.0683505 0.0489554 0.1202818 0.0422819 0.1325445 0.1384575 0.0427933 0.1678981 0.1140063 0.1868329 0.0435234 0.0448446 0.0927409 0.1365879 0.0944878 0.1175013 0.0533211 0.1323010 0.1147654 0.1468384 0.1288584 0.0583410 0.0345927 0.0353435 0.1613967 0.0428301 0.0585644 0.0758486 0.0286232 0.1457299 0.0980133 0.0477774 0.0541414 0.0642138 0.1115086 
Perityle_cernua_84                         0.1208206 0.1370097 0.1400673 0.2848260 0.1290339 0.1918994 0.1468542 0.3790753 0.1301739 0.1529773 0.0350732 0.1581999 0.0224127 0.2870889 0.0134270 0.1318901 0.0732910 0.0344307 0.0000000 0.0114590 0.0668762 0.0274875 0.0501287 0.0462587 0.1010444 0.0741567 0.1061539 0.1410202 0.2258844 0.1342886 0.1610162 0.1273026 0.0084293 0.1906402 0.0968666 0.0461937 0.1099512 0.2811872 0.0279996 0.0510186 0.1031610 0.0206579 0.0967409 0.1142531 0.0736000 0.0415871 0.0157564 0.0963167 0.0091818 0.1186875 0.1212690 0.0198829 0.1452083 0.0882852 0.1558013 0.0091777 0.0112697 0.0777390 0.1125692 0.0789669 0.0883251 0.0278252 0.0973945 0.0916305 0.1281517 0.1112454 0.0455909 0.0137449 0.0274875 0.1337334 0.0116141 0.0424645 0.0544211 0.0071190 0.1265289 0.0706840 0.0217693 0.0347691 0.0392230 0.0947721 
Perityle_cfvillosa_25_tin                  0.1257478 0.1429246 0.1427350 0.2878783 0.1296745 0.1992554 0.1499020 0.3675729 0.1345176 0.1543022 0.0448760 0.1765451 0.0270733 0.3006430 0.0181989 0.1398527 0.0823486 0.0402700 0.0114590 0.0000000 0.0744844 0.0332470 0.0783965 0.0497046 0.1009483 0.0714172 0.1050159 0.1432091 0.2428873 0.1341878 0.1627069 0.1387734 0.0155823 0.1858058 0.1044211 0.0493288 0.1084889 0.3086658 0.0269238 0.0553217 0.1088339 0.0292176 0.0983261 0.1124815 0.0833426 0.0475903 0.0041648 0.0992965 0.0106963 0.1141898 0.1156611 0.0211771 0.1400055 0.0883896 0.1563566 0.0042599 0.0020826 0.0850672 0.1205743 0.0864898 0.0833232 0.0316855 0.0981779 0.0885798 0.1243819 0.1066840 0.0475621 0.0175759 0.0332470 0.1402030 0.0086350 0.0501661 0.0551432 0.0107370 0.1193632 0.0762231 0.0265476 0.0388140 0.0421022 0.0917430 
Perityle_cinerea_113_Powell1310            0.1381907 0.1350576 0.1711516 0.2255045 0.1620737 0.1622806 0.1492793 0.1838008 0.1056708 0.1733042 0.0701134 0.0429602 0.0661641 0.0740052 0.0391196 0.1089778 0.1153323 0.0869074 0.0668762 0.0744844 0.0000000 0.0741932 0.0379052 0.0792993 0.1205670 0.0745418 0.1193691 0.1192811 0.0934739 0.1159924 0.1430224 0.1655001 0.0471527 0.1743778 0.0930092 0.0323229 0.0828148 0.0770853 0.0564125 0.0876889 0.0961844 0.0414522 0.0944978 0.0969085 0.0611835 0.0940830 0.0865601 0.0967544 0.0704579 0.0389609 0.1714686 0.0337865 0.1542366 0.0790812 0.1704509 0.0742477 0.0744844 0.0989418 0.0998275 0.1096714 0.0911355 0.0392690 0.1194347 0.1100332 0.0617549 0.0434406 0.0409122 0.0374439 0.0741932 0.1236697 0.0509692 0.0347854 0.0705381 0.0238929 0.0464871 0.0718142 0.0788170 0.0738234 0.0618510 0.1473341 
Perityle_coahuilensis_24                   0.1324084 0.1570879 0.1386853 0.2671286 0.1309329 0.2139407 0.1550800 0.3669280 0.1575918 0.1811472 0.0479803 0.1758658 0.0373644 0.3023264 0.0307107 0.1547194 0.0871073 0.0353015 0.0274875 0.0332470 0.0741932 0.0000000 0.1245372 0.0534954 0.0973040 0.0767511 0.1499022 0.1617169 0.2647826 0.1959876 0.1461513 0.1485913 0.0266409 0.1997667 0.1196555 0.0628840 0.1143098 0.3390186 0.0370554 0.0562279 0.1118757 0.0483321 0.1049103 0.1172583 0.1083868 0.0507400 0.0327232 0.1141882 0.0299872 0.1304722 0.1352766 0.0359691 0.1652523 0.1103350 0.1824931 0.0282379 0.0313463 0.0886071 0.1278963 0.0998835 0.1218889 0.0436882 0.1326882 0.1042526 0.1445629 0.1642702 0.0582724 0.0297758 0.0021084 0.1567760 0.0333212 0.0517488 0.0587092 0.0286924 0.1629992 0.1286561 0.0423591 0.0460632 0.0504943 0.1018834 
Perityle_cochisensis_44_cave_creek         0.1639209 0.1174849 0.2107127 0.3900608 0.2018780 0.2397175 0.1367660 0.4202887 0.1322360 0.1660901 0.0959171 0.1463773 0.0494403 0.2448028 0.1047626 0.1289323 0.0713563 0.0862754 0.0501287 0.0783965 0.0379052 0.1245372 0.0000000 0.1120375 0.1975164 0.1404210 0.1616695 0.1233184 0.1784049 0.2161067 0.2331994 0.1213275 0.0993712 0.2148373 0.1202863 0.0535678 0.1469717 0.2863306 0.1043698 0.1322019 0.1790429 0.0083125 0.1544240 0.1868684 0.0605195 0.1269619 0.1192331 0.1374571 0.1166860 0.1349566 0.2061203 0.0248644 0.1581018 0.0622976 0.1515406 0.1157319 0.1144276 0.1152338 0.0927766 0.0795815 0.0722688 0.1113351 0.1778986 0.1530285 0.1601719 0.2082486 0.0254950 0.1182819 0.1245372 0.1424213 0.1004136 0.0099796 0.1228819 0.0036452 0.1795864 0.1531733 0.1022228 0.1184020 0.1141886 0.1783925 
Perityle_congesta_202                      0.1250985 0.1432690 0.1423960 0.2727802 0.1232615 0.2122300 0.1451202 0.3570820 0.1456618 0.1711746 0.0582425 0.1487894 0.0200594 0.3086922 0.0249651 0.1451827 0.0723457 0.0722890 0.0462587 0.0497046 0.0792993 0.0534954 0.1120375 0.0000000 0.0885538 0.0618322 0.1500295 0.1541097 0.2657723 0.1464136 0.1451720 0.1496033 0.0340540 0.1808570 0.1127958 0.0367133 0.1082728 0.3282085 0.0159137 0.0486491 0.1108626 0.0060172 0.0998926 0.1104547 0.0997649 0.0421011 0.0509909 0.1006732 0.0466528 0.1266780 0.1147372 0.0344202 0.1511614 0.0914987 0.1729024 0.0423028 0.0432294 0.0824666 0.1142733 0.0836508 0.1059162 0.0405194 0.1372977 0.0938020 0.1399731 0.1586365 0.0285244 0.0369818 0.0535452 0.1439479 0.0320402 0.0488356 0.0510341 0.0035170 0.1584611 0.0778430 0.0589324 0.0513699 0.0452666 0.0942221 
Perityle_cordifolia_27                     0.1227565 0.1064658 0.1329024 0.2625675 0.0873627 0.2038570 0.1389370 0.3473021 0.1469994 0.1251531 0.1000989 0.2314855 0.0929419 0.4173282 0.0745681 0.1489284 0.0870563 0.1237597 0.1010444 0.1009483 0.1205670 0.0973040 0.1975164 0.0885538 0.0000000 0.1027462 0.1636386 0.1312540 0.2482218 0.1484649 0.1469469 0.1183913 0.0824244 0.1492724 0.1381634 0.1043370 0.1144955 0.4481382 0.0772437 0.1021858 0.1286084 0.1022262 0.1212232 0.1241854 0.0777538 0.0905114 0.0952631 0.1316251 0.0973315 0.1888653 0.0256386 0.0951640 0.1079643 0.1258200 0.0932590 0.0882868 0.0858907 0.1019730 0.1431931 0.1381615 0.0000010 0.0772898 0.1496296 0.0075153 0.1735311 0.1714013 0.0969018 0.0833323 0.0985310 0.1372959 0.0780970 0.0779043 0.0914187 0.0760348 0.1930192 0.1253771 0.1172580 0.1025630 0.0826866 0.0202232 
Perityle_cordifolia_68_tecolote            0.1426976 0.1843916 0.1504059 0.2770353 0.1372044 0.2291917 0.1774839 0.3775798 0.1611195 0.1785374 0.0817087 0.1843248 0.0580392 0.3536306 0.0518635 0.1589515 0.0854021 0.0991727 0.0741567 0.0714172 0.0745418 0.0767511 0.1404210 0.0618322 0.1027462 0.0000000 0.1683258 0.1698638 0.2385307 0.1664163 0.1534134 0.1735926 0.0517020 0.2026764 0.1231463 0.0575923 0.1181085 0.3511898 0.0419437 0.0763484 0.1153786 0.0607231 0.1092285 0.1212161 0.1177662 0.0694930 0.0705641 0.1140611 0.0649297 0.1568901 0.1305879 0.0477591 0.1697094 0.0018911 0.2015007 0.0654032 0.0659220 0.1101658 0.1615081 0.1058741 0.1309100 0.0529378 0.1536908 0.1122003 0.1550213 0.1618802 0.0716708 0.0474980 0.0766725 0.1584396 0.0523281 0.0690873 0.0662061 0.0473788 0.1740798 0.1241711 0.0832858 0.0729139 0.0632951 0.1051150 
Perityle_coronopifolia_28_patagonia        0.1302565 0.1473207 0.1588173 0.3084267 0.1468881 0.2019822 0.1728939 0.3129993 0.1848317 0.1665552 0.1575305 0.3336958 0.0908397 0.3474646 0.1204188 0.1531915 0.1046482 0.1403391 0.1061539 0.1050159 0.1193691 0.1499022 0.1616695 0.1500295 0.1636386 0.1683258 0.0000000 0.1633639 0.2472867 0.1826015 0.2092731 0.1372462 0.0732861 0.1938120 0.1660519 0.1043640 0.1352528 0.3887578 0.0732632 0.1195372 0.1885479 0.0802460 0.1451952 0.1792811 0.0872619 0.1521572 0.1160124 0.1511412 0.0983308 0.1126520 0.1151815 0.0843301 0.1659670 0.1331114 0.1817367 0.1308956 0.1448156 0.0313803 0.0536394 0.1389741 0.0952623 0.1334722 0.0113532 0.1253353 0.1287228 0.1249167 0.0663173 0.0761082 0.1500848 0.1589706 0.1293445 0.0652751 0.1174318 0.0547376 0.1347929 0.1278630 0.1165008 0.0990766 0.1198920 0.0980479 
Perityle_crassifolia_70_ventanas           0.0878091 0.1062606 0.1098085 0.2316819 0.1040073 0.1614291 0.1399337 0.3055592 0.0051698 0.1318116 0.1540626 0.2865277 0.1295748 0.3343741 0.1181694 0.1201508 0.1515739 0.1693040 0.1410202 0.1432091 0.1192811 0.1617169 0.1233184 0.1541097 0.1312540 0.1698638 0.1633639 0.0000000 0.1671921 0.1216666 0.1521949 0.0890012 0.1202728 0.1599801 0.1771970 0.1329090 0.1379773 0.3385804 0.1234882 0.1553539 0.1934989 0.1175905 0.1808913 0.1456586 0.1114339 0.1677184 0.1529578 0.1857659 0.1389135 0.1271541 0.1466060 0.1156163 0.1039147 0.1565168 0.1249412 0.1508593 0.1479278 0.1543388 0.1551225 0.1637558 0.0858985 0.1160992 0.1561693 0.1142195 0.1582499 0.1434668 0.1011534 0.1130899 0.1617169 0.0016367 0.1203494 0.1150332 0.1393667 0.0917175 0.1534214 0.1424864 0.1538063 0.1548538 0.1380611 0.0980743 
Perityle_crassifolia_74_playa_balandra     0.2475487 0.1699384 0.2788610 0.2614342 0.2436366 0.2405711 0.1344068 0.2639782 0.2250759 0.2628531 0.2481427 0.2553369 0.2471270 0.1991225 0.2148418 0.2271792 0.2224087 0.2717333 0.2258844 0.2428873 0.0934739 0.2647826 0.1784049 0.2657723 0.2482218 0.2385307 0.2472867 0.1671921 0.0000000 0.2780632 0.2689860 0.2023625 0.2245134 0.2059672 0.2658943 0.2528753 0.2078871 0.2322238 0.2276726 0.2604474 0.2764275 0.1741222 0.2587250 0.2327849 0.1681730 0.2623054 0.2511578 0.2684951 0.2305023 0.2644735 0.2362457 0.2347075 0.2142785 0.1673450 0.1648841 0.2431455 0.2417430 0.1816083 0.1667932 0.2276156 0.1342041 0.2198008 0.2464713 0.2315749 0.2352734 0.2159059 0.1049239 0.2208288 0.2647826 0.2298180 0.2410411 0.1062320 0.2426819 0.1047316 0.2409265 0.2491350 0.2384330 0.2218924 0.2403463 0.1944981 
Perityle_cuneata_34_cuneata_San_antonio    0.0981594 0.1169446 0.1486721 0.3406612 0.1358895 0.2014454 0.1397817 0.3526069 0.1395092 0.1380037 0.1371927 0.2532168 0.1176863 0.3811411 0.1303122 0.0205216 0.1130702 0.1621503 0.1342886 0.1341878 0.1159924 0.1959876 0.2161067 0.1464136 0.1484649 0.1664163 0.1826015 0.1216666 0.2780632 0.0000000 0.0947952 0.1108132 0.1518018 0.1774866 0.1683793 0.1306733 0.1520911 0.3961762 0.1373076 0.1522811 0.1847577 0.1213917 0.1732586 0.2085087 0.0238596 0.1606583 0.1816880 0.1642338 0.1556203 0.2116018 0.2012147 0.1213222 0.1450652 0.1380145 0.1271267 0.1608158 0.1808107 0.1417612 0.1587915 0.1610348 0.0919459 0.1428002 0.1861597 0.1228099 0.1957294 0.2013517 0.0886435 0.1436569 0.1621973 0.1370310 0.1416788 0.0885096 0.1447951 0.0694362 0.1905289 0.1822843 0.1521481 0.1571344 0.1806256 0.1239726 
Perityle_cuneata_4                         0.1264952 0.1472303 0.1407818 0.2983839 0.1349480 0.2377834 0.1901659 0.3470555 0.1650883 0.1596868 0.1582132 0.2661326 0.1448392 0.4236225 0.1188982 0.0575948 0.1569954 0.1883572 0.1610162 0.1627069 0.1430224 0.1461513 0.2331994 0.1451720 0.1469469 0.1534134 0.2092731 0.1521949 0.2689860 0.0947952 0.0000000 0.1458235 0.1305671 0.2007234 0.1876483 0.1550179 0.1693744 0.4422688 0.1279585 0.1547508 0.1692063 0.1461182 0.1701654 0.1729893 0.0475341 0.1444820 0.1422013 0.1807534 0.1393106 0.2499086 0.1768095 0.1530516 0.1666059 0.1699385 0.1565750 0.1329233 0.1392951 0.1793368 0.1758508 0.1850057 0.1141145 0.1355320 0.1904384 0.1487197 0.2300786 0.2153962 0.1208653 0.1297289 0.1485875 0.1596626 0.1298692 0.1204261 0.1410664 0.1045619 0.2423614 0.1924527 0.1657130 0.1561549 0.1289191 0.1190257 
Perityle_discoidea_81                      0.0466168 0.0536786 0.0574938 0.2782799 0.1107630 0.1597306 0.1025270 0.3544918 0.0850575 0.1186399 0.1551224 0.2571973 0.1283353 0.3298747 0.1074719 0.1112222 0.1162614 0.1540931 0.1273026 0.1387734 0.1655001 0.1485913 0.1213275 0.1496033 0.1183913 0.1735926 0.1372462 0.0890012 0.2023625 0.1108132 0.1458235 0.0000000 0.1172431 0.1820863 0.1611784 0.1340019 0.1331627 0.3181638 0.1166538 0.1472007 0.1802404 0.1333597 0.1686389 0.1359526 0.0998158 0.1459849 0.1423446 0.1736779 0.1339790 0.1636359 0.1352965 0.1124152 0.1150455 0.1670193 0.1184711 0.1344167 0.1373182 0.1314525 0.1461647 0.1668033 0.0710658 0.1240076 0.1294623 0.1001312 0.2112376 0.1935599 0.0767342 0.1123338 0.1485913 0.1073848 0.1150347 0.1007502 0.1245432 0.1037265 0.2067968 0.1278126 0.1495839 0.1438664 0.1324941 0.1043404 
Perityle_dissecta_201                      0.1055523 0.1234315 0.1191810 0.2353789 0.1061022 0.1915995 0.1355530 0.3381859 0.1114160 0.1346245 0.0375440 0.1822568 0.0198754 0.2877912 0.0168762 0.1204346 0.0616223 0.0294319 0.0084293 0.0155823 0.0471527 0.0266409 0.0993712 0.0340540 0.0824244 0.0517020 0.0732861 0.1202728 0.2245134 0.1518018 0.1305671 0.1172431 0.0000000 0.1701528 0.0843115 0.0286218 0.0832295 0.3062375 0.0173646 0.0446840 0.0796443 0.0126688 0.0746699 0.0943907 0.0590826 0.0306183 0.0226889 0.0780166 0.0147152 0.0941691 0.1030019 0.0122334 0.1248770 0.0650313 0.1373942 0.0165915 0.0190796 0.0581842 0.0918603 0.0610558 0.0778570 0.0205835 0.0669695 0.0776925 0.1065741 0.0803133 0.0302516 0.0135275 0.0276215 0.1179736 0.0160134 0.0201370 0.0338821 0.0074554 0.1024700 0.1094187 0.0294251 0.0285056 0.0281167 0.0720168 
Perityle_emoryi_47_punta_san_jose          0.1525948 0.1667117 0.1782027 0.2964071 0.1406449 0.2342630 0.1110214 0.4228975 0.1535918 0.1769718 0.2017256 0.3856409 0.1753685 0.4082204 0.1684338 0.1669938 0.1015743 0.2148201 0.1906402 0.1858058 0.1743778 0.1997667 0.2148373 0.1808570 0.1492724 0.2026764 0.1938120 0.1599801 0.2059672 0.1774866 0.2007234 0.1820863 0.1701528 0.0000000 0.2238608 0.1817460 0.1796786 0.4757384 0.1608020 0.1977576 0.2309456 0.1922528 0.2193406 0.1882419 0.2348993 0.1934109 0.1913485 0.2241653 0.1842402 0.1972988 0.1512076 0.1604282 0.1335201 0.2012377 0.1540567 0.1889081 0.1847429 0.1439978 0.2053056 0.2151458 0.1287514 0.1682530 0.1897031 0.1321648 0.2096500 0.1948605 0.0539193 0.1596490 0.1997667 0.1571045 0.1633834 0.0897654 0.1769588 0.0984523 0.2045794 0.1814125 0.1962777 0.1983845 0.1743497 0.1464701 
Perityle_feddemae_99                       0.1573539 0.1871798 0.1774551 0.3444653 0.1797557 0.2486073 0.1631190 0.4311460 0.1732893 0.2025329 0.1179124 0.2286239 0.0856484 0.3383454 0.0872611 0.1710076 0.0880929 0.1310293 0.0968666 0.1044211 0.0930092 0.1196555 0.1202863 0.1127958 0.1381634 0.1231463 0.1660519 0.1771970 0.2658943 0.1683793 0.1876483 0.1611784 0.0843115 0.2238608 0.0000000 0.0963046 0.1499671 0.3493589 0.0866813 0.1120619 0.0218113 0.0980845 0.0110825 0.1498961 0.1084569 0.1162896 0.1140367 0.0116650 0.1047570 0.1837991 0.1655519 0.0808825 0.1749814 0.1334913 0.2196024 0.1082675 0.1098522 0.1221657 0.1449348 0.1177475 0.1170101 0.0962813 0.1595765 0.1337478 0.1816243 0.1812319 0.0761869 0.0944159 0.1198049 0.1764323 0.0895288 0.0679884 0.1061496 0.0564594 0.1933338 0.1251844 0.1099642 0.1078478 0.1012231 0.1367845 
Perityle_fosteri_93                        0.1234226 0.1326871 0.1520591 0.2816076 0.1373243 0.2021912 0.1327516 0.3803642 0.1239001 0.1506746 0.0639126 0.1715200 0.0264961 0.2989029 0.0189990 0.1277491 0.0672547 0.0679294 0.0461937 0.0493288 0.0323229 0.0628840 0.0535678 0.0367133 0.1043370 0.0575923 0.1043640 0.1329090 0.2528753 0.1306733 0.1550179 0.1340019 0.0286218 0.1817460 0.0963046 0.0000000 0.0995314 0.2817902 0.0188676 0.0541385 0.1005837 0.0207625 0.0973305 0.1023146 0.0759546 0.0490148 0.0536745 0.0969471 0.0486829 0.1034531 0.1154731 0.0225495 0.1496811 0.0632046 0.1533583 0.0424878 0.0489735 0.0812542 0.1058591 0.0782238 0.0903086 0.0289273 0.0968636 0.0906011 0.1223858 0.1068280 0.0121954 0.0164253 0.0628840 0.1301662 0.0328923 0.0364044 0.0587151 0.0143112 0.1237393 0.0678579 0.0588657 0.0597027 0.0392585 0.0898164 
Perityle_gamon_221                         0.1249235 0.1517618 0.1448214 0.2833114 0.1278709 0.2150390 0.1594257 0.3689182 0.1394513 0.1672119 0.1138047 0.2684211 0.0892439 0.3834446 0.0883841 0.1660128 0.0677801 0.1176797 0.1099512 0.1084889 0.0828148 0.1143098 0.1469717 0.1082728 0.1144955 0.1181085 0.1352528 0.1379773 0.2078871 0.1520911 0.1693744 0.1331627 0.0832295 0.1796786 0.1499671 0.0995314 0.0000000 0.4106620 0.0767036 0.1053634 0.1417982 0.0889663 0.1343608 0.0239462 0.1073649 0.1093007 0.1074313 0.1353756 0.1039839 0.1916655 0.1119527 0.0880610 0.1415378 0.1120710 0.1521448 0.1041018 0.1077352 0.1083715 0.1355147 0.1086429 0.0896809 0.0876200 0.1330660 0.1045361 0.1735183 0.1577387 0.0470885 0.0748965 0.1144565 0.1339772 0.0922946 0.0447820 0.1008170 0.0262080 0.1759959 0.1176827 0.1172814 0.1049527 0.0977487 0.0822819 
Perityle_gentryi_8_san_francisco           0.3814731 0.2444662 0.4099870 0.4591634 0.4214369 0.4072122 0.3758062 0.4940983 0.3399071 0.3950633 0.2972034 0.3281940 0.2827924 0.0000010 0.3099574 0.3494484 0.3580042 0.3135469 0.2811872 0.3086658 0.0770853 0.3390186 0.2863306 0.3282085 0.4481382 0.3511898 0.3887578 0.3385804 0.2322238 0.3961762 0.4422688 0.3181638 0.3062375 0.4757384 0.3493589 0.2817902 0.4106620 0.0000000 0.3071444 0.3307142 0.3857383 0.1149607 0.3732194 0.4183144 0.1154008 0.3427179 0.3264931 0.3570332 0.3087986 0.3411184 0.4166604 0.2604253 0.4390614 0.2400722 0.3311630 0.3169886 0.3225916 0.3522053 0.2044225 0.3211674 0.1426054 0.3052231 0.3804217 0.4319475 0.3825275 0.3969813 0.1708412 0.3039217 0.3390186 0.3619977 0.3023148 0.1414915 0.3312845 0.0487249 0.3938801 0.3386411 0.3238100 0.3273761 0.3207487 0.3963751 
Perityle_gilensis_22_Superstition          0.1032760 0.1130085 0.1144244 0.2392194 0.1094560 0.1842445 0.1178942 0.3366277 0.1089661 0.1333022 0.0367583 0.1860159 0.0120893 0.2883813 0.0076536 0.1207934 0.0522918 0.0405058 0.0279996 0.0269238 0.0564125 0.0370554 0.1043698 0.0159137 0.0772437 0.0419437 0.0732632 0.1234882 0.2276726 0.1373076 0.1279585 0.1166538 0.0173646 0.1608020 0.0866813 0.0188676 0.0767036 0.3071444 0.0000000 0.0282932 0.0820039 0.0104327 0.0741516 0.0720093 0.0754536 0.0315802 0.0302863 0.0787568 0.0276642 0.0848256 0.0869325 0.0151226 0.1353804 0.0646142 0.1474475 0.0234120 0.0261422 0.0566623 0.1003600 0.0613647 0.0801658 0.0131441 0.0693168 0.0701802 0.1039757 0.0759401 0.0164565 0.0162873 0.0381222 0.1175049 0.0106038 0.0329417 0.0330668 0.0036506 0.0977989 0.0553447 0.0440942 0.0284695 0.0225449 0.0712780 
Perityle_gilensis_salensis_225             0.1262141 0.1607714 0.1406715 0.2469709 0.1280306 0.2229816 0.1440299 0.3595901 0.1571525 0.1685384 0.0550716 0.1944141 0.0337656 0.3070776 0.0196086 0.1612258 0.0767014 0.0734026 0.0510186 0.0553217 0.0876889 0.0562279 0.1322019 0.0486491 0.1021858 0.0763484 0.1195372 0.1553539 0.2604474 0.1522811 0.1547508 0.1472007 0.0446840 0.1977576 0.1120619 0.0541385 0.1053634 0.3307142 0.0282932 0.0000000 0.1055827 0.0438335 0.0966219 0.1026407 0.1046315 0.0640107 0.0520130 0.1043149 0.0505174 0.1301379 0.1265355 0.0489750 0.1663064 0.1001216 0.1830257 0.0474600 0.0494129 0.0887190 0.1278520 0.1004694 0.1236624 0.0415209 0.1139954 0.0990573 0.1360456 0.1107330 0.0413291 0.0323918 0.0572051 0.1575559 0.0393247 0.0555044 0.0445032 0.0287113 0.1334190 0.0813597 0.0621868 0.0523039 0.0498003 0.1001934 
Perityle_glaucescens_94                    0.1569228 0.2045320 0.1592546 0.2940369 0.1629781 0.2598655 0.1732871 0.4058501 0.1841088 0.2118796 0.1219159 0.2374119 0.0927129 0.3425131 0.0852257 0.1795071 0.1046393 0.1297611 0.1031610 0.1088339 0.0961844 0.1118757 0.1790429 0.1108626 0.1286084 0.1153786 0.1885479 0.1934989 0.2764275 0.1847577 0.1692063 0.1802404 0.0796443 0.2309456 0.0218113 0.1005837 0.1417982 0.3857383 0.0820039 0.1055827 0.0000000 0.1072446 0.0128229 0.1357646 0.1251220 0.1165979 0.1061563 0.0070512 0.0976063 0.1872611 0.1529348 0.0912038 0.1869576 0.1383896 0.2281282 0.1036789 0.1078041 0.1246187 0.1627896 0.1208732 0.1339185 0.0981369 0.1733594 0.1289922 0.1928213 0.1885036 0.0854717 0.0854887 0.1137511 0.1891473 0.0945399 0.0821317 0.0974981 0.0681442 0.2070602 0.1263529 0.1117171 0.1034605 0.1004387 0.1257340 
Perityle_gracilis_11                       0.1238351 0.1168634 0.1458182 0.2582356 0.1485269 0.1862401 0.0983617 0.3373708 0.1139938 0.1466956 0.0395539 0.0670085 0.0142432 0.1157565 0.0150902 0.1207975 0.0324539 0.0460102 0.0206579 0.0292176 0.0414522 0.0483321 0.0083125 0.0060172 0.1022262 0.0607231 0.0802460 0.1175905 0.1741222 0.1213917 0.1461182 0.1333597 0.0126688 0.1922528 0.0980845 0.0207625 0.0889663 0.1149607 0.0104327 0.0438335 0.1072446 0.0000000 0.0942787 0.0864372 0.0806667 0.0080474 0.0347842 0.0964284 0.0271565 0.1007578 0.1318771 0.0148177 0.1472547 0.0677801 0.1577642 0.0247406 0.0266774 0.0747694 0.0912687 0.0565245 0.0801289 0.0130682 0.0754052 0.0917380 0.1284928 0.1163832 0.0171242 0.0259804 0.0483321 0.1196685 0.0104032 0.0067648 0.0334413 0.0036546 0.1179081 0.0553240 0.0392796 0.0235499 0.0145620 0.1054526 
Perityle_harkerae_31                       0.1499076 0.1863604 0.1562268 0.2974418 0.1574259 0.2465593 0.1682654 0.3888596 0.1737064 0.2027183 0.1104900 0.2411328 0.0857658 0.3345934 0.0725726 0.1734466 0.0958900 0.1203865 0.0967409 0.0983261 0.0944978 0.1049103 0.1544240 0.0998926 0.1212232 0.1092285 0.1451952 0.1808913 0.2587250 0.1732586 0.1701654 0.1686389 0.0746699 0.2193406 0.0110825 0.0973305 0.1343608 0.3732194 0.0741516 0.0966219 0.0128229 0.0942787 0.0000000 0.1321496 0.1125768 0.1050649 0.0978179 0.0040303 0.0923628 0.1802353 0.1485156 0.0825633 0.1802915 0.1312498 0.2200251 0.0946895 0.0950709 0.1181572 0.1568374 0.1185603 0.1212534 0.0843859 0.1370387 0.1224974 0.1799330 0.1509565 0.0770021 0.0815210 0.1050303 0.1818257 0.0825909 0.0741831 0.0923399 0.0555912 0.1758680 0.1098861 0.1077297 0.0970274 0.0891744 0.1237498 
Perityle_hofmeisteria_4_nombre_de_dios     0.1263107 0.1555293 0.1435301 0.2631836 0.1246875 0.2147583 0.1708992 0.3662025 0.1438258 0.1708303 0.1225868 0.2495140 0.0933612 0.3949476 0.0958500 0.1720346 0.0779261 0.1175335 0.1142531 0.1124815 0.0969085 0.1172583 0.1868684 0.1104547 0.1241854 0.1212161 0.1792811 0.1456586 0.2327849 0.2085087 0.1729893 0.1359526 0.0943907 0.1882419 0.1498961 0.1023146 0.0239462 0.4183144 0.0720093 0.1026407 0.1357646 0.0864372 0.1321496 0.0000000 0.1036565 0.1132214 0.1191454 0.1352535 0.1084947 0.1965570 0.1343599 0.0913522 0.1468654 0.1206430 0.1657031 0.1131675 0.1167627 0.1159712 0.1488565 0.1146129 0.1004839 0.1058188 0.1700754 0.1134058 0.1829699 0.2110026 0.0559083 0.0760484 0.1177999 0.1397695 0.1053251 0.0539975 0.0961141 0.0368955 0.2086368 0.1754402 0.1194046 0.1084912 0.1139349 0.0836140 
Perityle_incana_3_ucla                     0.0728444 0.0963775 0.0940843 0.2448832 0.1112049 0.1336941 0.0824368 0.2515477 0.0909108 0.1101267 0.1013881 0.0864617 0.0793979 0.1019027 0.0568740 0.0249234 0.0521584 0.1011799 0.0736000 0.0833426 0.0611835 0.1083868 0.0605195 0.0997649 0.0777538 0.1177662 0.0872619 0.1114339 0.1681730 0.0238596 0.0475341 0.0998158 0.0590826 0.2348993 0.1084569 0.0759546 0.1073649 0.1154008 0.0754536 0.1046315 0.1251220 0.0806667 0.1125768 0.1036565 0.0000000 0.1091452 0.0893068 0.1150665 0.0732454 0.1271512 0.1161791 0.0646591 0.1028098 0.1193705 0.1236976 0.0816426 0.0816426 0.0752433 0.1002084 0.1055765 0.0650110 0.0639362 0.0811047 0.0727266 0.1473943 0.1230073 0.0597868 0.0665454 0.1083868 0.1127570 0.0667295 0.0494041 0.0828182 0.0332340 0.1328290 0.0657680 0.1022147 0.0942648 0.0837559 0.0766461 
Perityle_intricata_59_Clark_mtns           0.1339714 0.1603565 0.1445664 0.2705805 0.1313359 0.2136121 0.1458429 0.3654439 0.1621189 0.1774219 0.0577352 0.1725011 0.0419112 0.3240962 0.0357466 0.1549588 0.0857536 0.0683505 0.0415871 0.0475903 0.0940830 0.0507400 0.1269619 0.0421011 0.0905114 0.0694930 0.1521572 0.1677184 0.2623054 0.1606583 0.1444820 0.1459849 0.0306183 0.1934109 0.1162896 0.0490148 0.1093007 0.3427179 0.0315802 0.0640107 0.1165979 0.0080474 0.1050649 0.1132214 0.1091452 0.0000000 0.0476065 0.1120394 0.0359825 0.1325578 0.1167536 0.0440301 0.1586489 0.0919100 0.1859091 0.0358560 0.0412792 0.0895525 0.1319358 0.0856992 0.1204646 0.0386947 0.1356334 0.0984317 0.1411894 0.1524689 0.0326492 0.0375343 0.0523905 0.1584199 0.0360321 0.0559900 0.0561047 0.0178126 0.1573208 0.0924482 0.0549447 0.0492241 0.0481822 0.0993949 
Perityle_inyoensis_9_pleasant              0.1259772 0.1477782 0.1330103 0.2663534 0.1219351 0.2068338 0.1584045 0.3488796 0.1496139 0.1655483 0.0422019 0.1689008 0.0324766 0.3072899 0.0257466 0.1431466 0.0848282 0.0489554 0.0157564 0.0041648 0.0865601 0.0327232 0.1192331 0.0509909 0.0952631 0.0705641 0.1160124 0.1529578 0.2511578 0.1816880 0.1422013 0.1423446 0.0226889 0.1913485 0.1140367 0.0536745 0.1074313 0.3264931 0.0302863 0.0520130 0.1061563 0.0347842 0.0978179 0.1191454 0.0893068 0.0476065 0.0000000 0.1060942 0.0146812 0.1291417 0.1245228 0.0262196 0.1493351 0.0949872 0.1657641 0.0056320 0.0022810 0.0903884 0.1248915 0.0897790 0.0948635 0.0323420 0.1061811 0.0897954 0.1364953 0.1115473 0.0581242 0.0195117 0.0347440 0.1482152 0.0150462 0.0583303 0.0497935 0.0212549 0.1339450 0.1250865 0.0318300 0.0363705 0.0415179 0.0904348 
