81
Amauria_brandeegeana_62                  0.0000000 0.1232890 0.0731772 0.4569142 0.1814228 0.0460329 0.4052692 0.1658367 0.3437344 0.2548950 0.2473675 0.0822555 0.2262972 0.1299994 0.2100649 0.1096859 0.4797094 0.3728606 0.1935199 0.2232965 0.2070290 0.2331727 0.0820356 0.2168459 0.2002160 0.2313024 0.2228798 0.2519695 0.2463978 0.2928621 0.5104607 0.2746574 0.2527670 0.2545480 0.2095079 0.2381572 0.2547231 0.2028059 0.2109323 0.1796730 0.3143340 0.2040635 0.2442091 0.2254237 0.2364887 0.1367612 0.3125308 0.2258675 0.3543530 0.2474187 0.1792626 0.2014423 0.2403361 0.1899100 0.2350830 0.0817685 0.2319670 0.2250217 0.2353653 0.0537396 0.0614359 0.1666573 0.1121361 0.2231383 0.3510508 0.2300441 0.1977431 0.0859581 0.1962494 0.2163228 0.2706043 0.2213513 0.2363308 0.1917428 0.2575973 0.2273810 0.2426388 0.2515250 0.2403880 0.0780948 0.2502512 
Amauria_carterae_99_mesa                 0.1232890 0.0000000 0.1359569 0.2132296 0.1272420 0.1271235 0.2101072 0.0859831 0.1965261 0.0914060 0.1362014 0.0429781 0.1260375 0.1176538 0.1058216 0.1243376 0.2532623 0.0770619 0.1041857 0.1122516 0.1078816 0.1136407 0.1062793 0.1029665 0.1075697 0.1254979 0.1437722 0.1547840 0.1361248 0.1414408 0.1376847 0.1176237 0.1586758 0.0957975 0.1169214 0.0854997 0.1341640 0.1124109 0.1150074 0.1179510 0.0829130 0.1364144 0.1069190 0.1048632 0.1137614 0.1051741 0.0441142 0.1222592 0.1212399 0.1125912 0.0959878 0.1153293 0.1169006 0.1016636 0.1205220 0.1437705 0.1245423 0.1240909 0.1274504 0.0665236 0.0409466 0.1425991 0.1024744 0.1132812 0.0518893 0.1572408 0.1062082 0.0764353 0.1139870 0.1068895 0.1288920 0.1266441 0.1254979 0.1204768 0.1201466 0.1717458 0.1098567 0.1169364 0.1131587 0.1415716 0.1340347 
Amauria_rotundifolia_SRR9119150          0.0731772 0.1359569 0.0000000 0.5419494 0.2956180 0.0623562 0.5106383 0.1747030 0.4092811 0.2890327 0.3655045 0.1185938 0.3211535 0.2210621 0.2540765 0.1121899 0.5608439 0.4059090 0.2275857 0.3005199 0.2814735 0.2918959 0.1168845 0.3082926 0.2756609 0.3212634 0.2926368 0.3641798 0.3640364 0.3388152 0.5702231 0.3128672 0.3660552 0.2737512 0.2986017 0.2927747 0.3303828 0.2442802 0.3477854 0.2391482 0.5434667 0.2974743 0.3423629 0.2696704 0.2464090 0.2256721 0.3562783 0.3369709 0.4672570 0.3292376 0.2220737 0.2743886 0.3526552 0.2337225 0.3179270 0.1017708 0.2814017 0.3394548 0.3455443 0.0737739 0.0992362 0.1915582 0.1446781 0.3643531 0.3687833 0.3453962 0.2798515 0.1163883 0.2273399 0.3076630 0.3444076 0.3010750 0.3383608 0.2838356 0.2938960 0.2914418 0.3285974 0.3562720 0.3200181 0.0975845 0.3562593 
Conoclinium_coelestinum_SRR9119114       0.4569142 0.2132296 0.5419494 0.0000000 0.4190753 0.1308888 0.1674076 0.2796086 0.4329156 0.4467692 0.5152142 0.2333565 0.4302974 0.3902285 0.2995685 0.2916256 0.7065379 0.4452643 0.3952184 0.4568488 0.4169284 0.4214452 0.1387764 0.4269534 0.3716389 0.4471118 0.4621069 0.4761892 0.4490813 0.3793047 0.5698073 0.4534297 0.4826303 0.4384774 0.4466588 0.4775651 0.4977875 0.4078214 0.4169669 0.3829806 0.4955590 0.4427904 0.4668796 0.4041036 0.4028901 0.4143103 0.3801079 0.4396934 0.5003873 0.4769878 0.3494233 0.4224292 0.4595617 0.3823123 0.4235879 0.2131355 0.3512490 0.4270441 0.4436785 0.1185953 0.1869080 0.2942883 0.2585778 0.4468704 0.4269106 0.5056653 0.4413457 0.2409718 0.3949280 0.4307389 0.4944979 0.4162747 0.4503975 0.4424824 0.3972479 0.4966064 0.4586653 0.4829589 0.4428172 0.1807905 0.4489968 
Eutetras_palmeri_63                      0.1814228 0.1272420 0.2956180 0.4190753 0.0000000 0.0132821 0.3581833 0.1278636 0.2855193 0.1859100 0.2030959 0.0813886 0.2533179 0.2083202 0.0898702 0.1133871 0.3994514 0.2901259 0.0960980 0.1616484 0.1559272 0.2059542 0.1203187 0.1706421 0.1051598 0.2943235 0.1619535 0.2325028 0.2150819 0.2121876 0.3873719 0.2106375 0.2542609 0.1912271 0.1704799 0.1952448 0.1976618 0.1133136 0.1769267 0.0983384 0.4732261 0.1903742 0.2121322 0.1885630 0.1240632 0.2006152 0.0997004 0.2560538 0.3619711 0.1722562 0.0914370 0.1372081 0.2355988 0.0921545 0.1537293 0.0938218 0.1246424 0.2736957 0.2916675 0.0515437 0.0385162 0.0685538 0.0722042 0.2808596 0.2817912 0.2690067 0.1538200 0.0823168 0.1070870 0.1824186 0.2472946 0.2146846 0.2478019 0.1635752 0.1491200 0.2464067 0.1854893 0.2198032 0.2062745 0.1026900 0.2981804 
Eutetras_pringlei_149_quer               0.0460329 0.1271235 0.0623562 0.1308888 0.0132821 0.0000000 0.1153386 0.0877569 0.1405860 0.0364597 0.0616456 0.0601209 0.0584225 0.0616799 0.0592172 0.0601018 0.3576206 0.0590691 0.0457773 0.0545774 0.0458089 0.0621863 0.0909178 0.0419734 0.0349415 0.0650531 0.0511135 0.0725378 0.0581998 0.0726254 0.2652422 0.0439514 0.0665851 0.0330144 0.0424175 0.0185417 0.0588823 0.0456298 0.0515307 0.0491742 0.0375422 0.0619202 0.0486829 0.0448581 0.0524315 0.0423500 0.0340480 0.0583627 0.0589391 0.0527560 0.0423030 0.0588540 0.0552191 0.0389659 0.0725642 0.0726615 0.0481622 0.0517747 0.0623766 0.0443897 0.0338742 0.0661959 0.0376437 0.0424070 0.0187643 0.0618222 0.0332567 0.0572220 0.0486644 0.0419636 0.0690118 0.0617509 0.0614938 0.0441783 0.0514139 0.0661456 0.0510460 0.0550395 0.0354085 0.0803856 0.0725817 
Eutrochium_fistulosum_SRR9119106         0.4052692 0.2101072 0.5106383 0.1674076 0.3581833 0.1153386 0.0000000 0.2829998 0.4646531 0.4163584 0.5167412 0.2238567 0.4072737 0.3362393 0.2976020 0.2155085 0.6297990 0.4608740 0.3649518 0.4159490 0.3958810 0.3673960 0.1425037 0.3996381 0.3564125 0.4079253 0.4225550 0.4505885 0.4109510 0.3564915 0.5062596 0.4286901 0.4702124 0.3998950 0.4016002 0.4270686 0.4452787 0.3549891 0.4365410 0.3663489 0.6268553 0.4140252 0.4359610 0.3576566 0.3566816 0.3646383 0.3864090 0.4036892 0.4784082 0.4312234 0.3351249 0.3892467 0.4535893 0.3612923 0.4118091 0.2190108 0.3276860 0.3901391 0.4079739 0.1132472 0.1503833 0.2645043 0.2457080 0.3831272 0.4243804 0.4753362 0.4350957 0.2380188 0.3407540 0.3978162 0.4684093 0.3563889 0.4099549 0.3968450 0.3908377 0.4533404 0.4225029 0.4376819 0.4071943 0.1518682 0.4241512 
Galeana_pratensis_104_mex                0.1658367 0.0859831 0.1747030 0.2796086 0.1278636 0.0877569 0.2829998 0.0000000 0.1408049 0.1450235 0.1463618 0.0694974 0.0956700 0.0771782 0.1091547 0.0816332 0.1564161 0.2390192 0.1346283 0.1242464 0.1097757 0.0920533 0.0500131 0.1136364 0.1170061 0.0952309 0.1434064 0.1719502 0.1496090 0.1758315 0.2239042 0.1553689 0.1670638 0.1492403 0.1146769 0.1059652 0.1601895 0.0997484 0.1278244 0.1107135 0.1015136 0.1302130 0.1347521 0.0916271 0.1394159 0.0793312 0.1170641 0.0959062 0.1821157 0.1316049 0.0962643 0.1033218 0.1093985 0.1114963 0.1472526 0.1032117 0.1231031 0.0925039 0.0923792 0.0572208 0.0498526 0.1236240 0.0686746 0.1078447 0.2255054 0.1483827 0.1080631 0.0814226 0.1074083 0.1145240 0.1582491 0.0961644 0.0952309 0.1125251 0.1358177 0.1585865 0.1415263 0.1208059 0.1188076 0.0763005 0.1043667 
Helianthus_annuus_SRR9119062             0.3437344 0.1965261 0.4092811 0.4329156 0.2855193 0.1405860 0.4646531 0.1408049 0.0000000 0.3493303 0.3488825 0.1554733 0.3623051 0.2512432 0.2195495 0.1878785 0.5330843 0.2808969 0.3043776 0.3173539 0.2964374 0.3009048 0.1625522 0.2954046 0.2710278 0.3540925 0.2787782 0.3464208 0.3164627 0.3312604 0.5262536 0.3921014 0.3770769 0.3547024 0.2974928 0.3347629 0.3052695 0.2726590 0.3021598 0.2738046 0.4004937 0.3225649 0.2859404 0.3159764 0.2606018 0.2727111 0.3884054 0.3149517 0.3974785 0.2778297 0.2595371 0.2883235 0.3229131 0.2833160 0.3093012 0.1781981 0.2698328 0.3142405 0.3198767 0.0952913 0.1281634 0.2139085 0.1966181 0.3099426 0.2234229 0.3776700 0.3220926 0.1861590 0.2704100 0.3130675 0.3697421 0.3037158 0.3271795 0.3121288 0.2635066 0.3651507 0.3234142 0.3181045 0.3096981 0.1699419 0.3328725 
Lycapsus_tenuifolius_17                  0.2548950 0.0914060 0.2890327 0.4467692 0.1859100 0.0364597 0.4163584 0.1450235 0.3493303 0.0000000 0.2647645 0.0886009 0.3018225 0.1187464 0.1542079 0.0732020 0.4994396 0.3767094 0.2185916 0.2354115 0.2264360 0.2983897 0.0932938 0.2537464 0.2352872 0.3185116 0.2206112 0.2800727 0.2404346 0.0403915 0.1694595 0.1836628 0.1655252 0.0027534 0.2335668 0.0860467 0.2723717 0.2175493 0.2578632 0.2044091 0.4174460 0.2385365 0.2231910 0.2796391 0.1599248 0.1963606 0.1554076 0.3040072 0.3961983 0.2246872 0.2080976 0.2244565 0.2262438 0.2143564 0.2580223 0.0880131 0.2294052 0.2961102 0.3098237 0.0325915 0.0273142 0.0880191 0.0959204 0.2345720 0.3471430 0.2669388 0.2459879 0.1003214 0.1946834 0.2509537 0.0647097 0.3046600 0.3184095 0.2224939 0.2374404 0.2798830 0.2291596 0.2729999 0.2458497 0.0780407 0.3316329 
Pericome_caudata_50_silver               0.2473675 0.1362014 0.3655045 0.5152142 0.2030959 0.0616456 0.5167412 0.1463618 0.3488825 0.2647645 0.0000000 0.0777772 0.2636769 0.1882594 0.0916039 0.1055184 0.3801535 0.3378087 0.1179229 0.1603439 0.1598679 0.2213323 0.1165099 0.1837660 0.1135864 0.2912899 0.1515083 0.2192338 0.1988495 0.2726834 0.4305035 0.2812015 0.3140238 0.2588906 0.1591509 0.2493544 0.1867855 0.1222660 0.1812770 0.1068752 0.3789445 0.1776526 0.1987839 0.2135488 0.1367286 0.1728125 0.2139742 0.2607761 0.3508061 0.1719855 0.0965433 0.1424879 0.2375651 0.1058302 0.1581011 0.0814798 0.1474867 0.2588074 0.2763424 0.0423601 0.0491005 0.0989746 0.0836997 0.2265131 0.3328218 0.2921703 0.1070158 0.0549751 0.1115639 0.1883041 0.2831715 0.2206990 0.2426202 0.1682455 0.1965282 0.2513810 0.1936754 0.2267260 0.1937364 0.1136689 0.2854772 
Perityle_aglossa_84_dead_horse           0.0822555 0.0429781 0.1185938 0.2333565 0.0813886 0.0601209 0.2238567 0.0694974 0.1554733 0.0886009 0.0777772 0.0000000 0.0615547 0.0221511 0.0110452 0.0297924 0.0590630 0.0408347 0.0465200 0.0295290 0.0112030 0.0619226 0.0000010 0.0074571 0.0185746 0.0612754 0.0563413 0.0527324 0.0530689 0.1230513 0.1746060 0.1480110 0.1542577 0.0929920 0.0149631 0.0802084 0.0613635 0.0114056 0.0353972 0.0235571 0.0082226 0.0335410 0.0379981 0.0613952 0.0417017 0.0150454 0.1188194 0.0654259 0.1450686 0.0419908 0.0151737 0.0075796 0.0075216 0.0000010 0.0181149 0.0405224 0.0574183 0.0586853 0.0585731 0.0311854 0.0289963 0.0462273 0.0310387 0.0037713 0.0138333 0.1139133 0.0685580 0.0295706 0.0115204 0.0074893 0.1090542 0.0538862 0.0649813 0.0372591 0.0574802 0.1196188 0.0525864 0.0260528 0.0111189 0.0351856 0.0770987 
Perityle_ajoensis_204                    0.2262972 0.1260375 0.3211535 0.4302974 0.2533179 0.0584225 0.4072737 0.0956700 0.3623051 0.3018225 0.2636769 0.0615547 0.0000000 0.1905173 0.1387845 0.0918252 0.5133665 0.3636456 0.1901839 0.2615457 0.2344713 0.0134719 0.0805159 0.2444181 0.2108349 0.0116437 0.2522393 0.2849031 0.2817402 0.3088795 0.4618148 0.3120517 0.3401371 0.3059266 0.2217265 0.3116870 0.2957328 0.2195662 0.2660776 0.2039206 0.4981919 0.2501950 0.2837476 0.0112935 0.1888509 0.2167255 0.2516159 0.0159247 0.2550415 0.2786928 0.1497260 0.2015930 0.2389464 0.1583482 0.2239118 0.0758451 0.1761868 0.0105803 0.0105781 0.0253581 0.0789871 0.1352189 0.1157221 0.2417256 0.3534841 0.3072805 0.2472869 0.0546908 0.1584192 0.2505030 0.3477440 0.0109884 0.0190123 0.2377306 0.1015245 0.2634892 0.2535763 0.2697376 0.2183523 0.0791741 0.0238998 
Perityle_ambrosiifolia_67_green          0.1299994 0.1176538 0.2210621 0.3902285 0.2083202 0.0616799 0.3362393 0.0771782 0.2512432 0.1187464 0.1882594 0.0221511 0.1905173 0.0000000 0.0371651 0.1231227 0.3577804 0.0532213 0.0848114 0.1128807 0.0756255 0.1138246 0.0674442 0.0892432 0.0272655 0.2549186 0.1374871 0.1413236 0.2005682 0.1270708 0.3484123 0.1892702 0.2245802 0.1172682 0.0711767 0.1342771 0.1524051 0.0688637 0.1201666 0.0864234 0.1776169 0.1228738 0.1751349 0.1176575 0.1117070 0.0890364 0.1620343 0.1871552 0.2846822 0.1383357 0.0235380 0.0562621 0.1179827 0.0248182 0.1064621 0.0538070 0.0634084 0.2118048 0.2645582 0.0357345 0.0330834 0.0764745 0.0460143 0.2130714 0.0132961 0.2271373 0.1223797 0.0377029 0.0754288 0.0899747 0.1864751 0.1211471 0.1670488 0.0717336 0.1200090 0.1984222 0.2311797 0.0995558 0.1181311 0.0743874 0.2701576 
Perityle_angustifolia_13_Eagle_creek     0.2100649 0.1058216 0.2540765 0.2995685 0.0898702 0.0592172 0.2976020 0.1091547 0.2195495 0.1542079 0.0916039 0.0110452 0.1387845 0.0371651 0.0000000 0.0348520 0.1543028 0.3086621 0.0759714 0.0392506 0.0084039 0.1362467 0.0495097 0.0512539 0.0376183 0.1355458 0.0781581 0.0969941 0.0813533 0.1805482 0.3222185 0.2358898 0.2295878 0.1573790 0.0210360 0.1425420 0.0860322 0.0104937 0.0639975 0.0606030 0.0533804 0.0353272 0.0755270 0.1260002 0.0756376 0.0236824 0.2628828 0.1308914 0.2626038 0.0779846 0.0084737 0.0231205 0.0251019 0.0148270 0.0773063 0.0451373 0.1155455 0.1296261 0.1301374 0.0256312 0.0188001 0.0625684 0.0485466 0.0042562 0.3088937 0.1405120 0.0696287 0.0125645 0.0171451 0.0493543 0.1662292 0.1171180 0.1399701 0.0251155 0.1852035 0.1539059 0.0845823 0.0375097 0.0273635 0.0381737 0.1463017 
Perityle_batopilensis_97                 0.1096859 0.1243376 0.1121899 0.2916256 0.1133871 0.0601018 0.2155085 0.0816332 0.1878785 0.0732020 0.1055184 0.0297924 0.0918252 0.1231227 0.0348520 0.0000000 0.5043762 0.0545145 0.0444485 0.0925253 0.0816081 0.1014073 0.0800705 0.0899184 0.0283278 0.1003531 0.0717568 0.1290196 0.0878846 0.0785238 0.3226588 0.1085449 0.1101436 0.0722728 0.0801215 0.0641668 0.1160841 0.0494338 0.0221863 0.0023911 0.0338338 0.0784495 0.1183345 0.0896999 0.0958889 0.0946776 0.0156646 0.0963339 0.1024353 0.1119642 0.0343987 0.0782818 0.0959814 0.0337925 0.0786884 0.0763307 0.0303066 0.0948934 0.0996400 0.0458765 0.0179152 0.0445005 0.0283995 0.1520366 0.0269782 0.1420705 0.0924632 0.0201771 0.0839172 0.0955170 0.0958276 0.0983918 0.0934604 0.0893359 0.0258221 0.1202761 0.1071524 0.1114866 0.1286168 0.0705798 0.1076413 
Perityle_bisetosa_9                      0.4797094 0.2532623 0.5608439 0.7065379 0.3994514 0.3576206 0.6297990 0.1564161 0.5330843 0.4994396 0.3801535 0.0590630 0.5133665 0.3577804 0.1543028 0.5043762 0.0000000 0.3168306 0.3146193 0.2842693 0.2238891 0.4852035 0.0812308 0.2592556 0.1767648 0.5241952 0.3340787 0.3735026 0.3785957 0.4783003 0.4205026 0.5933271 0.5749666 0.5010506 0.2257176 0.4762738 0.3716792 0.2477010 0.2164339 0.3389039 0.2774012 0.2552822 0.3457936 0.4777061 0.3842538 0.2745792 0.3076069 0.5232014 0.6577076 0.3567973 0.2103379 0.2415961 0.4022993 0.1981959 0.3306787 0.1984618 0.3205177 0.5167957 0.5299146 0.0211106 0.0193345 0.3492258 0.2482004 0.2657575 0.3156109 0.5344825 0.3064808 0.1262982 0.2863933 0.2621705 0.5301183 0.4980239 0.5400523 0.2290994 0.3277740 0.5236252 0.3595962 0.3015196 0.2699256 0.3932433 0.5378243 
Perityle_californica_76_positas          0.3728606 0.0770619 0.4059090 0.4452643 0.2901259 0.0590691 0.4608740 0.2390192 0.2808969 0.3767094 0.3378087 0.0408347 0.3636456 0.0532213 0.3086621 0.0545145 0.3168306 0.0000000 0.3103081 0.3295930 0.3215180 0.3548882 0.0402051 0.3146604 0.3070818 0.3547634 0.3186583 0.3457870 0.3082098 0.4088695 0.3484303 0.3954814 0.3153352 0.3804343 0.3302435 0.4310725 0.3419613 0.3250251 0.3010338 0.2761380 0.3864203 0.3387647 0.3228125 0.3457267 0.2943003 0.1887980 0.1234062 0.3255543 0.3557580 0.3300322 0.3407207 0.3224090 0.3224782 0.3098381 0.3043601 0.0818200 0.2936608 0.3595150 0.3582524 0.0408347 0.0287067 0.1843111 0.0402051 0.3200741 0.0226196 0.3597563 0.3039592 0.0536240 0.3121684 0.3204681 0.4016491 0.3645224 0.3725783 0.3112391 0.0691591 0.3887370 0.3133416 0.3560666 0.3465495 0.0676164 0.3766574 
Perityle_canescens_77                    0.1935199 0.1041857 0.2275857 0.3952184 0.0960980 0.0457773 0.3649518 0.1346283 0.3043776 0.2185916 0.1179229 0.0465200 0.1901839 0.0848114 0.0759714 0.0444485 0.3146193 0.3103081 0.0000000 0.0782137 0.0727360 0.2037522 0.0880374 0.0874631 0.0816157 0.2083296 0.1022484 0.1432677 0.0941416 0.2308973 0.4134368 0.2547304 0.2574172 0.2114649 0.0853073 0.1954346 0.0963853 0.0658716 0.0475795 0.0641551 0.2530047 0.1002806 0.0716199 0.1868343 0.0645396 0.0836769 0.2458051 0.2030786 0.3245412 0.0753924 0.0692456 0.0836964 0.1342694 0.0643688 0.1148277 0.0658289 0.1257129 0.1946854 0.2072596 0.0263819 0.0241735 0.0803066 0.0584612 0.0876105 0.2916347 0.1935182 0.0978181 0.0521289 0.0782430 0.0877057 0.2295057 0.1971443 0.2088922 0.0935988 0.2216381 0.2060027 0.0386479 0.1388243 0.1112197 0.0761621 0.2214503 
Perityle_castillonii_96                  0.2232965 0.1122516 0.3005199 0.4568488 0.1616484 0.0545774 0.4159490 0.1242464 0.3173539 0.2354115 0.1603439 0.0295290 0.2615457 0.1128807 0.0392506 0.0925253 0.2842693 0.3295930 0.0782137 0.0000000 0.0445797 0.2215539 0.0842152 0.0879407 0.0398814 0.2700827 0.1100522 0.1802446 0.1474481 0.2538316 0.3964873 0.2810036 0.3021588 0.2351093 0.0589770 0.2335383 0.1592490 0.0176175 0.1218825 0.0877188 0.2997248 0.0800037 0.1333745 0.2023123 0.0953531 0.0815093 0.2753097 0.2649923 0.3640172 0.1345935 0.0257659 0.0617336 0.1690994 0.0272698 0.1290559 0.0633961 0.1165798 0.2565667 0.2684287 0.0356680 0.0234484 0.0791579 0.0537164 0.1147479 0.3262024 0.2728861 0.1325075 0.0185107 0.0667958 0.0866042 0.2664052 0.2304437 0.2702648 0.0623001 0.1999481 0.2537083 0.1393164 0.1243115 0.1150434 0.0908654 0.2869462 
Perityle_cernua_84                       0.2070290 0.1078816 0.2814735 0.4169284 0.1559272 0.0458089 0.3958810 0.1097757 0.2964374 0.2264360 0.1598679 0.0112030 0.2344713 0.0756255 0.0084039 0.0816081 0.2238891 0.3215180 0.0727360 0.0445797 0.0000000 0.1840059 0.0658013 0.0670419 0.0310360 0.2450913 0.1044250 0.1584067 0.1459094 0.2413216 0.3773886 0.2671690 0.2858927 0.2233591 0.0456578 0.2256369 0.1485072 0.0227446 0.1374080 0.0807191 0.2791171 0.0523761 0.1237736 0.1740789 0.0837541 0.0365424 0.2476211 0.2387582 0.3561528 0.1219935 0.0061507 0.0362974 0.1672126 0.0118420 0.1127090 0.0485600 0.1104906 0.2333246 0.2462970 0.0205446 0.0189316 0.0538186 0.0478877 0.0642104 0.3167580 0.2783587 0.1260247 0.0094707 0.0354239 0.0657145 0.2577193 0.1940837 0.2428918 0.0282064 0.1765891 0.2509911 0.1373843 0.0948857 0.0753063 0.0712187 0.2627881 
Perityle_cfvillosa_25_tin                0.2331727 0.1136407 0.2918959 0.4214452 0.2059542 0.0621863 0.3673960 0.0920533 0.3009048 0.2983897 0.2213323 0.0619226 0.0134719 0.1138246 0.1362467 0.1014073 0.4852035 0.3548882 0.2037522 0.2215539 0.1840059 0.0000000 0.0821767 0.1736024 0.1583696 0.0049625 0.1876550 0.2097390 0.2291712 0.3059897 0.4681678 0.3204596 0.2819763 0.3021840 0.1618850 0.2680977 0.2612969 0.1988036 0.1807190 0.1728753 0.3613731 0.1919529 0.2373191 0.0074298 0.1910828 0.1504390 0.2591681 0.0119893 0.1453502 0.2520892 0.1515826 0.1628968 0.1805958 0.1437693 0.1766808 0.0797021 0.1735859 0.0051724 0.0039231 0.0257838 0.0800542 0.1381471 0.1188758 0.1894268 0.3446661 0.2421636 0.2059844 0.0549647 0.1670322 0.1933788 0.2984844 0.0045328 0.0089406 0.1801640 0.1001135 0.2256156 0.2213458 0.1950761 0.1731778 0.0825661 0.0067934 
Perityle_cinerea_113_Powell1310          0.0820356 0.1062793 0.1168845 0.1387764 0.1203187 0.0909178 0.1425037 0.0500131 0.1625522 0.0932938 0.1165099 0.0000010 0.0805159 0.0674442 0.0495097 0.0800705 0.0812308 0.0402051 0.0880374 0.0842152 0.0658013 0.0821767 0.0000000 0.0654169 0.0420681 0.0805159 0.1034511 0.1165811 0.1102093 0.1541781 0.0955154 0.1338584 0.1399240 0.0925403 0.0489316 0.0797737 0.1188129 0.0662450 0.0831106 0.0896734 0.0266812 0.0844770 0.0820011 0.0805159 0.0755269 0.0724970 0.0148687 0.0805159 0.1080008 0.0773984 0.0558566 0.0673184 0.0850530 0.0429739 0.0971368 0.0894132 0.0973051 0.0754656 0.0821767 0.0143440 0.0073786 0.0834895 0.0691928 0.0549666 0.0132961 0.1001056 0.0783444 0.0331326 0.0661110 0.0658685 0.1266693 0.0805159 0.0805159 0.0654169 0.0811625 0.0942564 0.0905016 0.0912870 0.0668802 0.0886121 0.0937925 
Perityle_coahuilensis_24                 0.2168459 0.1029665 0.3082926 0.4269534 0.1706421 0.0419734 0.3996381 0.1136364 0.2954046 0.2537464 0.1837660 0.0074571 0.2444181 0.0892432 0.0512539 0.0899184 0.2592556 0.3146604 0.0874631 0.0879407 0.0670419 0.1736024 0.0654169 0.0000000 0.0425465 0.2541992 0.1251580 0.1681180 0.1831310 0.2826691 0.4423036 0.2923866 0.2852363 0.2488455 0.0701994 0.2418772 0.1778623 0.0523902 0.1391467 0.1164863 0.3202571 0.0698155 0.1713825 0.1934684 0.1107206 0.0466885 0.3014150 0.2182729 0.3010568 0.1664746 0.0326970 0.0411701 0.1895993 0.0375202 0.1494916 0.0419389 0.1443467 0.2156012 0.2155322 0.0203280 0.0189026 0.0830671 0.0605066 0.1730901 0.3101071 0.2646842 0.1481358 0.0126905 0.0507235 0.0016858 0.2727364 0.1864640 0.2290517 0.0626261 0.1858920 0.2570513 0.1819596 0.1318822 0.1109807 0.0742427 0.2256884 
Perityle_cochisensis_44_cave_creek       0.2002160 0.1075697 0.2756609 0.3716389 0.1051598 0.0349415 0.3564125 0.1170061 0.2710278 0.2352872 0.1135864 0.0185746 0.2108349 0.0272655 0.0376183 0.0283278 0.1767648 0.3070818 0.0816157 0.0398814 0.0310360 0.1583696 0.0420681 0.0425465 0.0000000 0.2192004 0.0782362 0.1256706 0.1185468 0.2612938 0.3995417 0.2683288 0.3036841 0.2296449 0.0237997 0.2354117 0.1287188 0.0193183 0.1133987 0.0839399 0.2677435 0.0360441 0.0956869 0.1462017 0.0660790 0.0260282 0.2549827 0.2142918 0.3167144 0.0973611 0.0142977 0.0126127 0.1267580 0.0166276 0.1139669 0.0387162 0.1235042 0.2063995 0.2198356 0.0151889 0.0285357 0.0558641 0.0630471 0.0347341 0.3026259 0.2287872 0.0944792 0.0252251 0.0182551 0.0411878 0.2674008 0.1687257 0.2254811 0.0383179 0.1933894 0.2296775 0.1060991 0.0743250 0.0470702 0.0667353 0.2357800 
Perityle_congesta_202                    0.2313024 0.1254979 0.3212634 0.4471118 0.2943235 0.0650531 0.4079253 0.0952309 0.3540925 0.3185116 0.2912899 0.0612754 0.0116437 0.2549186 0.1355458 0.1003531 0.5241952 0.3547634 0.2083296 0.2700827 0.2450913 0.0049625 0.0805159 0.2541992 0.2192004 0.0000000 0.2664635 0.2847041 0.3547968 0.3155557 0.4599924 0.3115862 0.3573436 0.3094946 0.2339903 0.3235164 0.3029755 0.2323895 0.2765839 0.2204881 0.5099765 0.2912975 0.3277540 0.0050899 0.1898916 0.2874216 0.2487365 0.0063583 0.2859447 0.2872556 0.1545466 0.2147849 0.2515987 0.1685905 0.2328197 0.0822069 0.1706851 0.0041436 0.0019300 0.0253581 0.0789745 0.1326879 0.1213939 0.2882427 0.3445449 0.3108255 0.2498086 0.0544842 0.1636693 0.2888419 0.3600826 0.0024383 0.0123672 0.2486707 0.1019017 0.2672249 0.3264104 0.2781620 0.2279717 0.0867842 0.0133196 
Perityle_cordifolia_27                   0.2228798 0.1437722 0.2926368 0.4621069 0.1619535 0.0511135 0.4225550 0.1434064 0.2787782 0.2206112 0.1515083 0.0563413 0.2522393 0.1374871 0.0781581 0.0717568 0.3340787 0.3186583 0.1022484 0.1100522 0.1044250 0.1876550 0.1034511 0.1251580 0.0782362 0.2664635 0.0000000 0.1781217 0.1544445 0.2420249 0.3876424 0.2631992 0.2635605 0.2155580 0.0928790 0.2263248 0.1841870 0.0862071 0.1332596 0.0966544 0.2949841 0.1138975 0.1581054 0.2098581 0.1124671 0.1265465 0.2581977 0.2205973 0.3009369 0.1621781 0.0698781 0.0994488 0.1855649 0.0741674 0.1538358 0.0470637 0.1400298 0.2195453 0.2226391 0.0408282 0.0428966 0.0754941 0.0590475 0.1978163 0.3024549 0.2569707 0.1323245 0.0568797 0.0963498 0.1334757 0.2511744 0.2164154 0.2487043 0.1107704 0.2571254 0.2542394 0.1461390 0.1563014 0.1436633 0.0602266 0.2317116 
Perityle_cordifolia_68_tecolote          0.2519695 0.1547840 0.3641798 0.4761892 0.2325028 0.0725378 0.4505885 0.1719502 0.3464208 0.2800727 0.2192338 0.0527324 0.2849031 0.1413236 0.0969941 0.1290196 0.3735026 0.3457870 0.1432677 0.1802446 0.1584067 0.2097390 0.1165811 0.1681180 0.1256706 0.2847041 0.1781217 0.0000000 0.2239414 0.2681538 0.4332951 0.2914879 0.3404620 0.2623248 0.1482097 0.2886590 0.2364822 0.1326248 0.1714947 0.1713474 0.3529391 0.1776282 0.2031676 0.2160718 0.1387269 0.1697275 0.2919779 0.2595625 0.3410232 0.2196311 0.1026449 0.1502189 0.2240359 0.1140551 0.1877217 0.0300154 0.1526834 0.2496384 0.2586999 0.0515856 0.0477287 0.1107978 0.0969787 0.2268730 0.3403199 0.2898265 0.1832352 0.0637363 0.1256034 0.1709620 0.3171729 0.2205055 0.2726406 0.1704989 0.2318576 0.2734419 0.1975419 0.1810593 0.1866335 0.0967178 0.2692973 
Perityle_coronopifolia_28_patagonia      0.2463978 0.1361248 0.3640364 0.4490813 0.2150819 0.0581998 0.4109510 0.1496090 0.3164627 0.2404346 0.1988495 0.0530689 0.2817402 0.2005682 0.0813533 0.0878846 0.3785957 0.3082098 0.0941416 0.1474481 0.1459094 0.2291712 0.1102093 0.1831310 0.1185468 0.3547968 0.1544445 0.2239414 0.0000000 0.2287743 0.3646034 0.2762970 0.3060521 0.2403171 0.1653814 0.2611294 0.2066633 0.1118566 0.1611551 0.0694672 0.4022324 0.2090206 0.2229847 0.2169762 0.1353887 0.1828023 0.2073687 0.2810853 0.3957636 0.1977123 0.0821534 0.1324894 0.2472312 0.0989093 0.1498796 0.0718181 0.1352053 0.3094841 0.3727554 0.0621451 0.0235489 0.0691886 0.0714675 0.3061412 0.2890789 0.3069034 0.1367150 0.0615096 0.1033277 0.1996439 0.2949452 0.2312586 0.2730728 0.1629748 0.2067672 0.3074791 0.1961703 0.2377515 0.1867859 0.0770111 0.3618900 
Perityle_crassifolia_70_ventanas         0.2928621 0.1414408 0.3388152 0.3793047 0.2121876 0.0726254 0.3564915 0.1758315 0.3312604 0.0403915 0.2726834 0.1230513 0.3088795 0.1270708 0.1805482 0.0785238 0.4783003 0.4088695 0.2308973 0.2538316 0.2413216 0.3059897 0.1541781 0.2826691 0.2612938 0.3155557 0.2420249 0.2681538 0.2287743 0.0000000 0.1546677 0.1828815 0.1886434 0.0354389 0.2457465 0.1148922 0.2712340 0.2364000 0.2546813 0.2234298 0.4106351 0.2641742 0.2363122 0.2757719 0.1842770 0.2081812 0.1505712 0.2973264 0.3899316 0.2363995 0.2386698 0.2526330 0.2425286 0.2395755 0.2564138 0.1245002 0.2558914 0.2937557 0.3000786 0.0785005 0.0633314 0.1062912 0.1248995 0.2407833 0.4074313 0.2828679 0.2525846 0.1356506 0.2042394 0.2794113 0.0958091 0.3027559 0.3126471 0.2459477 0.2603495 0.2931187 0.2371474 0.2841371 0.2531056 0.1026940 0.3230787 
Perityle_crassifolia_74_playa_balandra   0.5104607 0.1376847 0.5702231 0.5698073 0.3873719 0.2652422 0.5062596 0.2239042 0.5262536 0.1694595 0.4305035 0.1746060 0.4618148 0.3484123 0.3222185 0.3226588 0.4205026 0.3484303 0.4134368 0.3964873 0.3773886 0.4681678 0.0955154 0.4423036 0.3995417 0.4599924 0.3876424 0.4332951 0.3646034 0.1546677 0.0000000 0.3253455 0.3017639 0.1678958 0.3904041 0.2494519 0.4328595 0.3792782 0.3160583 0.3591214 0.2784717 0.4076617 0.4139527 0.4496544 0.4094394 0.3454669 0.1960929 0.4509337 0.5541937 0.4154381 0.3806763 0.3918229 0.3711950 0.3915234 0.4066498 0.1874898 0.4672625 0.4567716 0.4536619 0.1119747 0.1047640 0.3295700 0.2230305 0.3837471 0.3506480 0.4384297 0.4044510 0.1915089 0.3753331 0.4400820 0.2268111 0.4473400 0.4633878 0.3819584 0.3803786 0.4321129 0.4073199 0.4000719 0.4035035 0.3042436 0.4640833 
Perityle_cuneata_34_cuneata_San_antonio  0.2746574 0.1176237 0.3128672 0.4534297 0.2106375 0.0439514 0.4286901 0.1553689 0.3921014 0.1836628 0.2812015 0.1480110 0.3120517 0.1892702 0.2358898 0.1085449 0.5933271 0.3954814 0.2547304 0.2810036 0.2671690 0.3204596 0.1338584 0.2923866 0.2683288 0.3115862 0.2631992 0.2914879 0.2762970 0.1828815 0.3253455 0.0000000 0.1390739 0.1836609 0.2663158 0.1846375 0.3053962 0.2587401 0.2929758 0.2019114 0.4480434 0.2727972 0.2685718 0.2976971 0.2449483 0.2246941 0.0557097 0.3077145 0.3841444 0.2716954 0.2502912 0.2589427 0.2750993 0.2476742 0.2508910 0.1230299 0.2723028 0.3054981 0.3051013 0.0554671 0.1126165 0.1424125 0.1881724 0.2989889 0.4178617 0.2892907 0.2621982 0.1557203 0.2493532 0.2921910 0.1883910 0.3061882 0.3166809 0.2653121 0.3272806 0.2923354 0.3018555 0.3067219 0.2963629 0.0671216 0.3266389 
Perityle_cuneata_4                       0.2527670 0.1586758 0.3660552 0.4826303 0.2542609 0.0665851 0.4702124 0.1670638 0.3770769 0.1655252 0.3140238 0.1542577 0.3401371 0.2245802 0.2295878 0.1101436 0.5749666 0.3153352 0.2574172 0.3021588 0.2858927 0.2819763 0.1399240 0.2852363 0.3036841 0.3573436 0.2635605 0.3404620 0.3060521 0.1886434 0.3017639 0.1390739 0.0000000 0.1674449 0.2920343 0.1565831 0.3436776 0.2660945 0.3403845 0.2303333 0.5592904 0.2919650 0.3257618 0.2898270 0.2393118 0.2656765 0.1708666 0.3204682 0.3999174 0.3203387 0.2347080 0.2671276 0.3009306 0.2488416 0.3092656 0.1174259 0.2868725 0.3118806 0.3180343 0.0636240 0.1188767 0.1407785 0.1879875 0.3812503 0.3179639 0.3151517 0.3138918 0.1691511 0.2371935 0.2951369 0.1781749 0.2980208 0.3275135 0.2807602 0.2903988 0.3246005 0.3142181 0.3114857 0.3256580 0.0934898 0.3367399 
Perityle_discoidea_81                    0.2545480 0.0957975 0.2737512 0.4384774 0.1912271 0.0330144 0.3998950 0.1492403 0.3547024 0.0027534 0.2588906 0.0929920 0.3059266 0.1172682 0.1573790 0.0722728 0.5010506 0.3804343 0.2114649 0.2351093 0.2233591 0.3021840 0.0925403 0.2488455 0.2296449 0.3094946 0.2155580 0.2623248 0.2403171 0.0354389 0.1678958 0.1836609 0.1674449 0.0000000 0.2285109 0.0915469 0.2662922 0.2148293 0.2452333 0.1982669 0.4077378 0.2347326 0.2210977 0.2835665 0.1652686 0.1925733 0.1571461 0.2942961 0.3970806 0.2226036 0.2097265 0.2193267 0.2205410 0.2085966 0.2517033 0.0877802 0.2325500 0.2978631 0.2998679 0.0375842 0.0270042 0.0904935 0.0960402 0.2273517 0.3424626 0.2718995 0.2403979 0.1040007 0.1971479 0.2460097 0.0654240 0.2953590 0.3094507 0.2150004 0.2432133 0.2773025 0.2313780 0.2661355 0.2405371 0.0816765 0.3203260 
Perityle_dissecta_201                    0.2095079 0.1169214 0.2986017 0.4466588 0.1704799 0.0424175 0.4016002 0.1146769 0.2974928 0.2335668 0.1591509 0.0149631 0.2217265 0.0711767 0.0210360 0.0801215 0.2257176 0.3302435 0.0853073 0.0589770 0.0456578 0.1618850 0.0489316 0.0701994 0.0237997 0.2339903 0.0928790 0.1482097 0.1653814 0.2457465 0.3904041 0.2663158 0.2920343 0.2285109 0.0000000 0.2290084 0.1453170 0.0428394 0.1289367 0.0831489 0.2741487 0.0579847 0.1475085 0.1450922 0.0943633 0.0631851 0.2637548 0.2214068 0.3500030 0.1218658 0.0124747 0.0384704 0.1570721 0.0102368 0.1025725 0.0421379 0.0986554 0.2221892 0.2332110 0.0206195 0.0285115 0.0678188 0.0476446 0.0418206 0.3175057 0.2548606 0.1077577 0.0285919 0.0351472 0.0733063 0.2649976 0.1732143 0.2153764 0.0510455 0.1934670 0.2310454 0.1717023 0.1020543 0.0402890 0.0627366 0.2492884 
Perityle_emoryi_47_punta_san_jose        0.2381572 0.0854997 0.2927747 0.4775651 0.1952448 0.0185417 0.4270686 0.1059652 0.3347629 0.0860467 0.2493544 0.0802084 0.3116870 0.1342771 0.1425420 0.0641668 0.4762738 0.4310725 0.1954346 0.2335383 0.2256369 0.2680977 0.0797737 0.2418772 0.2354117 0.3235164 0.2263248 0.2886590 0.2611294 0.1148922 0.2494519 0.1846375 0.1565831 0.0915469 0.2290084 0.0000000 0.2748241 0.2036446 0.2783917 0.2043651 0.4345551 0.2303606 0.2404269 0.2457588 0.1444810 0.1957736 0.1547632 0.3056338 0.4342310 0.2372552 0.1831635 0.2142974 0.2524819 0.2008336 0.2584589 0.0867119 0.2053748 0.3032588 0.3125826 0.0216796 0.0269211 0.0776099 0.0803763 0.2271581 0.3973209 0.2858125 0.2285337 0.0827285 0.1713897 0.2387278 0.0733024 0.2635985 0.3215897 0.2167338 0.2376427 0.2819883 0.2163947 0.2931071 0.2378341 0.0560166 0.3314226 
Perityle_feddemae_99                     0.2547231 0.1341640 0.3303828 0.4977875 0.1976618 0.0588823 0.4452787 0.1601895 0.3052695 0.2723717 0.1867855 0.0613635 0.2957328 0.1524051 0.0860322 0.1160841 0.3716792 0.3419613 0.0963853 0.1592490 0.1485072 0.2612969 0.1188129 0.1778623 0.1287188 0.3029755 0.1841870 0.2364822 0.2066633 0.2712340 0.4328595 0.3053962 0.3436776 0.2662922 0.1453170 0.2748241 0.0000000 0.1229618 0.1425743 0.1344426 0.3259610 0.1592117 0.0409060 0.2541062 0.0219810 0.1764295 0.2764595 0.3007399 0.4205163 0.0392425 0.0947288 0.1493805 0.2129001 0.1121347 0.1639462 0.0875363 0.1409786 0.2966755 0.3066613 0.0687542 0.0484563 0.0935919 0.0898167 0.1968022 0.3376591 0.3021880 0.1750981 0.0678732 0.1069732 0.1763431 0.3037005 0.2654815 0.3064556 0.1514224 0.2200358 0.2899376 0.1681606 0.2169788 0.1908130 0.0999304 0.3194180 
Perityle_fosteri_93                      0.2028059 0.1124109 0.2442802 0.4078214 0.1133136 0.0456298 0.3549891 0.0997484 0.2726590 0.2175493 0.1222660 0.0114056 0.2195662 0.0688637 0.0104937 0.0494338 0.2477010 0.3250251 0.0658716 0.0176175 0.0227446 0.1988036 0.0662450 0.0523902 0.0193183 0.2323895 0.0862071 0.1326248 0.1118566 0.2364000 0.3792782 0.2587401 0.2660945 0.2148293 0.0428394 0.2036446 0.1229618 0.0000000 0.0791960 0.0652485 0.2168752 0.0391925 0.0979266 0.1818955 0.0725564 0.0412212 0.2626210 0.2273153 0.3218370 0.0984327 0.0030850 0.0293467 0.1186720 0.0103882 0.1096721 0.0458705 0.1038999 0.2165973 0.2303158 0.0210852 0.0192794 0.0558334 0.0554465 0.0507414 0.3176908 0.2284102 0.0917858 0.0096440 0.0291320 0.0510554 0.2317385 0.2082666 0.2339691 0.0356893 0.1808756 0.2333273 0.0896577 0.0875345 0.0607195 0.0741891 0.2463060 
Perityle_gamon_221                       0.2109323 0.1150074 0.3477854 0.4169669 0.1769267 0.0515307 0.4365410 0.1278244 0.3021598 0.2578632 0.1812770 0.0353972 0.2660776 0.1201666 0.0639975 0.0221863 0.2164339 0.3010338 0.0475795 0.1218825 0.1374080 0.1807190 0.0831106 0.1391467 0.1133987 0.2765839 0.1332596 0.1714947 0.1611551 0.2546813 0.3160583 0.2929758 0.3403845 0.2452333 0.1289367 0.2783917 0.1425743 0.0791960 0.0000000 0.1029577 0.3773735 0.1462910 0.1392431 0.1641623 0.0681161 0.1468692 0.2389661 0.2693415 0.4295837 0.1209066 0.0652933 0.1109917 0.2107844 0.0750782 0.1560362 0.0629092 0.1105170 0.2668535 0.2781620 0.0213806 0.0300688 0.0753610 0.0502329 0.1437675 0.2777238 0.2671638 0.1485370 0.0294583 0.0533369 0.1393361 0.3105272 0.2050850 0.2607087 0.1381287 0.1891535 0.2641608 0.0866507 0.1766665 0.1561489 0.0443165 0.2917268 
Perityle_gentryi_8_san_francisco         0.1796730 0.1179510 0.2391482 0.3829806 0.0983384 0.0491742 0.3663489 0.1107135 0.2738046 0.2044091 0.1068752 0.0235571 0.2039206 0.0864234 0.0606030 0.0023911 0.3389039 0.2761380 0.0641551 0.0877188 0.0807191 0.1728753 0.0896734 0.1164863 0.0839399 0.2204881 0.0966544 0.1713474 0.0694672 0.2234298 0.3591214 0.2019114 0.2303333 0.1982669 0.0831489 0.2043651 0.1344426 0.0652485 0.1029577 0.0000000 0.3564086 0.0917529 0.1066909 0.1436910 0.0697292 0.0879283 0.0893799 0.2074923 0.2870174 0.1059994 0.0716087 0.0941086 0.1772222 0.0765966 0.1238747 0.0656253 0.1065939 0.2021319 0.2238248 0.0325495 0.0171522 0.0409957 0.0519547 0.0951065 0.2661680 0.2178192 0.0931333 0.0233548 0.0588721 0.1149910 0.2335999 0.1848350 0.2155944 0.1021256 0.1074200 0.2247135 0.0789411 0.1478370 0.0992794 0.0782935 0.2327972 
Perityle_gilensis_22_Superstition        0.3143340 0.0829130 0.5434667 0.4955590 0.4732261 0.0375422 0.6268553 0.1015136 0.4004937 0.4174460 0.3789445 0.0082226 0.4981919 0.1776169 0.0533804 0.0338338 0.2774012 0.3864203 0.2530047 0.2997248 0.2791171 0.3613731 0.0266812 0.3202571 0.2677435 0.5099765 0.2949841 0.3529391 0.4022324 0.4106351 0.2784717 0.4480434 0.5592904 0.4077378 0.2741487 0.4345551 0.3259610 0.2168752 0.3773735 0.3564086 0.0000000 0.2969614 0.3217227 0.2985466 0.1177862 0.3225249 0.2982864 0.4986421 0.7080508 0.2881686 0.1799434 0.2855429 0.3207475 0.2069465 0.3906296 0.0310245 0.1832775 0.4855827 0.5150638 0.0153337 0.0190290 0.0826884 0.0665953 0.2718132 0.3868161 0.4928430 0.3677034 0.0160091 0.1608123 0.3204812 0.5117003 0.3914919 0.4816246 0.2732273 0.2665427 0.4616013 0.3470661 0.3310433 0.2995698 0.1054603 0.5330889 
Perityle_gilensis_salensis_225           0.2040635 0.1364144 0.2974743 0.4427904 0.1903742 0.0619202 0.4140252 0.1302130 0.3225649 0.2385365 0.1776526 0.0335410 0.2501950 0.1228738 0.0353272 0.0784495 0.2552822 0.3387647 0.1002806 0.0800037 0.0523761 0.1919529 0.0844770 0.0698155 0.0360441 0.2912975 0.1138975 0.1776282 0.2090206 0.2641742 0.4076617 0.2727972 0.2919650 0.2347326 0.0579847 0.2303606 0.1592117 0.0391925 0.1462910 0.0917529 0.2969614 0.0000000 0.1783094 0.1780670 0.1035116 0.0897188 0.2638435 0.2520428 0.4050115 0.1372474 0.0242773 0.0434765 0.1878021 0.0393109 0.1491791 0.0636694 0.1331288 0.2657167 0.2919014 0.0411579 0.0381428 0.0774478 0.0648062 0.1168730 0.3219854 0.2757369 0.1419531 0.0280785 0.0479840 0.0850758 0.2671653 0.1994514 0.2470044 0.0600118 0.1979374 0.2523300 0.2225074 0.1349061 0.1026665 0.0909845 0.3059967 
Perityle_glaucescens_94                  0.2442091 0.1069190 0.3423629 0.4668796 0.2121322 0.0486829 0.4359610 0.1347521 0.2859404 0.2231910 0.1987839 0.0379981 0.2837476 0.1751349 0.0755270 0.1183345 0.3457936 0.3228125 0.0716199 0.1333745 0.1237736 0.2373191 0.0820011 0.1713825 0.0956869 0.3277540 0.1581054 0.2031676 0.2229847 0.2363122 0.4139527 0.2685718 0.3257618 0.2210977 0.1475085 0.2404269 0.0409060 0.0979266 0.1392431 0.1066909 0.3217227 0.1783094 0.0000000 0.2300497 0.0115071 0.1882730 0.2640704 0.2816474 0.4432975 0.0098382 0.0826846 0.1275084 0.2131240 0.0857957 0.1281441 0.0643368 0.1174204 0.3053076 0.3306735 0.0415196 0.0286700 0.0853962 0.0738190 0.2425847 0.3181068 0.2952424 0.1610394 0.0481044 0.1101510 0.1904487 0.2725453 0.2406246 0.2827367 0.1494340 0.2045897 0.2635226 0.2074010 0.1948461 0.1859693 0.0900620 0.3424744 
Perityle_gracilis_11                     0.2254237 0.1048632 0.2696704 0.4041036 0.1885630 0.0448581 0.3576566 0.0916271 0.3159764 0.2796391 0.2135488 0.0613952 0.0112935 0.1176575 0.1260002 0.0896999 0.4777061 0.3457267 0.1868343 0.2023123 0.1740789 0.0074298 0.0805159 0.1934684 0.1462017 0.0050899 0.2098581 0.2160718 0.2169762 0.2757719 0.4496544 0.2976971 0.2898270 0.2835665 0.1450922 0.2457588 0.2541062 0.1818955 0.1641623 0.1436910 0.2985466 0.1780670 0.2300497 0.0000000 0.1818603 0.1438295 0.2391784 0.0086148 0.1797230 0.2351559 0.1378640 0.1497730 0.1729482 0.1320074 0.1556116 0.0701284 0.1574554 0.0062805 0.0050095 0.0253581 0.0840705 0.1207885 0.1080108 0.1790389 0.3354506 0.2356698 0.1840009 0.0545736 0.1535975 0.1918481 0.2766248 0.0062845 0.0097509 0.1704944 0.0942777 0.2174338 0.2118574 0.1964407 0.1543591 0.0716365 0.0159565 
Perityle_harkerae_31                     0.2364887 0.1137614 0.2464090 0.4028901 0.1240632 0.0524315 0.3566816 0.1394159 0.2606018 0.1599248 0.1367286 0.0417017 0.1888509 0.1117070 0.0756376 0.0958889 0.3842538 0.2943003 0.0645396 0.0953531 0.0837541 0.1910828 0.0755269 0.1107206 0.0660790 0.1898916 0.1124671 0.1387269 0.1353887 0.1842770 0.4094394 0.2449483 0.2393118 0.1652686 0.0943633 0.1444810 0.0219810 0.0725564 0.0681161 0.0697292 0.1177862 0.1035116 0.0115071 0.1818603 0.0000000 0.1150911 0.2471537 0.1872808 0.2769493 0.0116101 0.0625340 0.0970511 0.1034438 0.0638138 0.0948771 0.0676142 0.1040950 0.1846024 0.1868675 0.0470737 0.0287818 0.0837132 0.0566344 0.1211735 0.2921932 0.1730082 0.1089405 0.0513567 0.0916596 0.1093500 0.1798169 0.1769848 0.1909512 0.1002873 0.1974486 0.1846872 0.1110965 0.1161791 0.1380768 0.0619923 0.1979077 
Perityle_huecosensis_48                  0.1367612 0.1051741 0.2256721 0.4143103 0.2006152 0.0423500 0.3646383 0.0793312 0.2727111 0.1963606 0.1728125 0.0150454 0.2167255 0.0890364 0.0236824 0.0946776 0.2745792 0.1887980 0.0836769 0.0815093 0.0365424 0.1504390 0.0724970 0.0466885 0.0260282 0.2874216 0.1265465 0.1697275 0.1828023 0.2081812 0.3454669 0.2246941 0.2656765 0.1925733 0.0631851 0.1957736 0.1764295 0.0412212 0.1468692 0.0879283 0.3225249 0.0897188 0.1882730 0.1438295 0.1150911 0.0000000 0.1718469 0.2193684 0.3413400 0.1553648 0.0180885 0.0324298 0.2016113 0.0308818 0.1236309 0.0486269 0.0722361 0.2386895 0.2895344 0.0260119 0.0334982 0.0573401 0.0628097 0.1935127 0.1638793 0.2724642 0.1342398 0.0286620 0.0530129 0.0535206 0.2378998 0.1629553 0.2093234 0.0577274 0.1030311 0.2466859 0.2101235 0.1341770 0.1071536 0.0793884 0.2988795 
