81
Amauria_brandeegeana_62                    0.0000000 0.2994351 0.3139302 0.1200462 0.2878684 0.2473580 0.3695282 0.0137243 0.3298149 0.3932541 0.2610091 0.2674718 0.2343571 0.2894838 0.3152207 0.1686096 0.2267617 0.3537825 0.4480616 0.2140008 0.3793400 0.2119318 0.1506204 0.3259261 0.4200626 0.3604263 0.2652998 0.1915783 0.1703676 0.2786083 0.0139565 0.3660845 0.0314198 0.3423072 0.3526571 0.3295688 0.2670161 0.3315638 0.3267183 0.3908097 0.2705662 0.2222859 0.3050370 0.3277006 0.1722246 0.3139260 0.2299877 0.3338486 0.2860649 0.1275506 0.2218678 0.2151864 0.2655856 0.3333196 0.1981986 0.1951155 0.2056709 0.2362483 0.1219296 0.1400672 0.2834867 0.1789376 0.4003806 0.3146076 0.2225810 0.4202443 0.2206292 0.3146964 0.4000291 0.2157269 0.2351766 0.2211222 0.3001122 0.1190059 0.5255816 0.2775821 0.2464343 0.5467236 0.2324811 0.3982480 0.4084917 
Conoclinium_coelestinum_SRR9119114         0.2994351 0.0000000 0.7199270 0.2650746 0.4974740 0.2163772 0.2466185 0.2534883 0.6091800 0.3236913 0.6961895 0.2505908 0.2661252 0.6113990 0.5706892 0.2473173 0.2282267 0.3470149 0.3114445 0.2559684 0.2729038 0.4633464 0.3514695 0.6368463 0.8024681 0.2721649 0.2328626 0.2911366 0.2419709 0.5295555 0.3022991 0.3214910 0.4389734 0.7076433 0.3239539 0.3292596 0.4144370 0.3082717 0.6469556 0.7602775 0.6964751 0.5309521 0.3043838 0.5596493 0.4799558 0.6035451 0.2955485 0.7339230 0.6182690 0.3514695 0.2678066 0.3665326 0.2801315 0.2341264 0.2129047 0.2405057 0.2587329 0.2666742 0.2488416 0.1349259 0.6108520 0.1870170 0.6362116 0.2729499 0.3849461 0.7118212 0.2320308 0.5244308 0.2227037 0.2751890 0.2800214 0.6519334 0.4764481 0.1619766 0.6860463 0.2952289 0.5094266 0.4254425 0.1520845 0.7533931 0.4125057 
Eutetras_palmeri_63                        0.3139302 0.7199270 0.0000000 0.1185413 0.1886224 0.4027892 0.4271015 0.2610834 0.1869103 0.3144860 0.1518193 0.2459709 0.4606800 0.1866429 0.0924299 0.1670421 0.2410738 0.2238957 0.7830545 0.2735021 0.5409155 0.1456370 0.1097946 0.1532675 0.2113098 0.2745079 0.2274474 0.2777001 0.4376170 0.2494441 0.2473666 0.2318744 0.0563663 0.3552678 0.2232649 0.3574265 0.0913974 0.2519371 0.3839137 0.2591006 0.1049422 0.1878824 0.4166042 0.1374240 0.1265796 0.1334020 0.2510779 0.3372963 0.1208747 0.0839978 0.2773265 0.2837804 0.2163011 0.2646184 0.2094982 0.4022864 0.3155607 0.2606476 0.0752347 0.2921155 0.1894166 0.9708741 0.2075483 0.2676713 0.2573394 0.3341887 0.8825781 0.1455069 0.8388085 0.7908672 0.2575740 0.1172813 0.1176990 0.9162957 0.3215683 0.3005021 0.1698469 0.4297568 0.4129591 0.1890733 0.4719172 
Eutetras_pringlei_149_quer                 0.1200462 0.2650746 0.1185413 0.0000000 0.1424865 0.1988810 0.2085274 0.0844954 0.1703667 0.1653290 0.1098522 0.1131592 0.1797250 0.1415733 0.1103321 0.1319502 0.1325907 0.1422761 0.3570597 0.1005913 0.2268393 0.1010988 0.1085152 0.1340386 0.2348329 0.1040264 0.1369481 0.1725829 0.2005071 0.1641159 0.1095070 0.1270155 0.0736826 0.3417994 0.1445158 0.1401505 0.0802350 0.1235497 0.1469609 0.3052436 0.1029580 0.1281690 0.1785363 0.1103927 0.1371283 0.1336358 0.1185027 0.3159755 0.0986699 0.1070014 0.1042139 0.2446535 0.1262300 0.1361650 0.0882621 0.1940097 0.1384095 0.1117788 0.0708917 0.1605486 0.1945298 0.1080776 0.2201484 0.1414520 0.2368729 0.3042482 0.2084242 0.0851839 0.2058564 0.2845841 0.1141904 0.1206399 0.0945328 0.0937957 0.3369590 0.1157863 0.1473117 0.2774600 0.2008963 0.1599699 0.2001066 
Eutrochium_fistulosum_SRR9119106           0.2878684 0.4974740 0.1886224 0.1424865 0.0000000 0.2820428 0.3659682 0.2411505 0.2341073 0.2905241 0.1847675 0.2314610 0.4610962 0.2241595 0.1815029 0.2461174 0.2651554 0.2157807 0.6792691 0.2174846 0.4654510 0.1816902 0.1915253 0.2095872 0.2092320 0.2204018 0.2532949 0.3051739 0.3346423 0.2514993 0.2521286 0.2094003 0.1945223 0.3474720 0.2058820 0.3140886 0.2035002 0.2245232 0.3073958 0.2324800 0.1807350 0.2173886 0.3918244 0.1818291 0.2121311 0.2096813 0.2175035 0.3190080 0.1795747 0.1668314 0.2216516 0.2692421 0.2081946 0.2703336 0.2049205 0.3350223 0.2586744 0.2404244 0.1472369 0.2397834 0.1778597 0.4138866 0.2384673 0.2552029 0.2797404 0.2991647 0.4118938 0.1992279 0.7017122 0.8041233 0.2165382 0.2075946 0.1791938 0.4889681 0.3255220 0.2537806 0.1711701 0.3282787 0.3669343 0.2220289 0.3540901 
Galeana_pratensis_104_mex                  0.2473580 0.2163772 0.4027892 0.1988810 0.2820428 0.0000000 0.2942316 0.1839239 0.2901911 0.2156013 0.2346390 0.1927036 0.2386788 0.2771608 0.2904237 0.2988074 0.1873317 0.2566131 0.4277612 0.1609359 0.2441506 0.2237303 0.2331696 0.2669366 0.4240220 0.2344897 0.2116126 0.2444895 0.2901692 0.3487083 0.2170194 0.2499626 0.2899801 0.4710512 0.2526609 0.2563899 0.2614425 0.2429521 0.2686219 0.4540068 0.2252578 0.3057189 0.2539634 0.2794580 0.2498124 0.2717352 0.1929042 0.4689068 0.2265845 0.2260666 0.1801397 0.3916375 0.2112269 0.1890610 0.1692076 0.2405418 0.1853913 0.2021291 0.1097929 0.1812659 0.3814884 0.1005175 0.3852747 0.2002583 0.3750835 0.4766814 0.3383815 0.2572323 0.3213511 0.2476568 0.1831754 0.2453689 0.2522974 0.1106831 0.5388187 0.2053331 0.2797203 0.4194675 0.1692612 0.3138308 0.3377836 
Helianthus_annuus_SRR9119062               0.3695282 0.2466185 0.4271015 0.2085274 0.3659682 0.2942316 0.0000000 0.3577770 0.4116165 0.4496011 0.3803382 0.3551033 0.3612141 0.4154632 0.3800706 0.3432263 0.2770628 0.3865948 0.3931337 0.3842674 0.2965681 0.3385846 0.3191114 0.3807732 0.4776829 0.4248487 0.3278725 0.4115186 0.2803289 0.4250626 0.3536193 0.4215825 0.2874992 0.3787971 0.3883121 0.4586841 0.3516978 0.3928288 0.5230420 0.4870998 0.3687783 0.3732085 0.4667112 0.4188591 0.3182483 0.3757939 0.3685495 0.3844748 0.3665092 0.2925456 0.3583834 0.2768094 0.3370051 0.3493260 0.2946236 0.2901292 0.3711455 0.3716705 0.3136294 0.2482783 0.3926119 0.2287291 0.4668816 0.3845499 0.2834601 0.4704052 0.2157796 0.4032013 0.4655031 0.4334417 0.3830674 0.4067212 0.3940496 0.2275794 0.4891593 0.3724451 0.3539729 0.4833842 0.3532173 0.4318641 0.4619628 
Lycapsus_tenuifolius_17                    0.0137243 0.2534883 0.2610834 0.0844954 0.2411505 0.1839239 0.3577770 0.0000000 0.3019674 0.3559692 0.2164929 0.2086402 0.1982187 0.2164712 0.2541492 0.1407572 0.2036232 0.3045876 0.3582737 0.1844281 0.3169268 0.1637683 0.1324521 0.2748581 0.3323791 0.2513660 0.1950319 0.1837469 0.1371118 0.2363758 0.0000010 0.2632391 0.0348830 0.4205926 0.2739184 0.2859157 0.2203125 0.2382469 0.3485924 0.3070017 0.2248459 0.1650489 0.3268262 0.2455402 0.1445648 0.2651642 0.1736162 0.4042340 0.2286450 0.0963303 0.1737172 0.2905784 0.2031480 0.2899568 0.1651337 0.2031887 0.1537995 0.1810768 0.0982162 0.1187675 0.2126446 0.1452423 0.3356704 0.2829562 0.2839710 0.4491583 0.2137177 0.2434433 0.2573589 0.2299615 0.1863823 0.2229200 0.2368931 0.1013451 0.4697867 0.2361708 0.1881848 0.4557483 0.1925989 0.2757026 0.2993878 
Pericome_caudata_50_silver                 0.3298149 0.6091800 0.1869103 0.1703667 0.2341073 0.2901911 0.4116165 0.3019674 0.0000000 0.2905805 0.1585260 0.2603576 0.4550964 0.1481380 0.1248296 0.1714943 0.1779176 0.1726210 0.6468948 0.2334160 0.7961758 0.1469617 0.1023637 0.1534994 0.1733380 0.2286520 0.1970658 0.2571633 0.4082037 0.2104690 0.2774172 0.1895038 0.1346389 0.3709021 0.1843915 0.2823154 0.1088355 0.2174329 0.2719466 0.2111036 0.1379021 0.2226613 0.4403079 0.1685057 0.1173184 0.1532026 0.2242670 0.3569781 0.1794911 0.0871386 0.2469184 0.3188637 0.1647687 0.2185488 0.1441218 0.3965361 0.2580109 0.2526984 0.0634183 0.2060867 0.1361302 0.7255127 0.1614379 0.2502605 0.3146433 0.4043691 0.7049924 0.1744700 0.8024786 0.7589830 0.2300187 0.1570283 0.1606261 0.7057267 0.3775821 0.2809142 0.1178746 0.4573604 0.3461199 0.1706829 0.5677240 
Perityle_aglossa_84_dead_horse             0.3932541 0.3236913 0.3144860 0.1653290 0.2905241 0.2156013 0.4496011 0.3559692 0.2905805 0.0000000 0.1249755 0.3513224 0.3302055 0.2217989 0.2529895 0.1788650 0.3171267 0.1342668 0.3143185 0.2807501 0.4596155 0.1711601 0.0717490 0.1843494 0.3397751 0.4207049 0.3416244 0.3214353 0.2437673 0.3259146 0.3627188 0.2349176 0.1693026 0.4111203 0.1891154 0.3790181 0.2038084 0.1695190 0.2499619 0.3871772 0.1214832 0.2710738 0.4643549 0.2955882 0.0552558 0.1862967 0.3475997 0.3966876 0.1888793 0.0867161 0.3279682 0.3910788 0.1221276 0.2639610 0.2269048 0.3255414 0.3229210 0.3527204 0.0512791 0.1071800 0.2881000 0.2687077 0.2420990 0.4425166 0.3158866 0.5320007 0.1701021 0.2674868 0.5490021 0.4339655 0.3438486 0.1097533 0.2736105 0.2664083 0.5624473 0.4441500 0.1819141 0.4935426 0.1860384 0.2760506 0.5101802 
Perityle_ajoensis_204                      0.2610091 0.6961895 0.1518193 0.1098522 0.1847675 0.2346390 0.3803382 0.2164929 0.1585260 0.1249755 0.0000000 0.1154686 0.3423148 0.1561788 0.1041899 0.1849151 0.1472340 0.0795832 0.7212935 0.0959626 1.7496192 0.0716000 0.0184683 0.0342807 0.1521895 0.2051485 0.1486226 0.2068383 0.3434695 0.2268210 0.2232302 0.1011436 0.1150062 0.3742697 0.1222210 0.2251369 0.0817216 0.0659743 0.2248554 0.2425006 0.0078746 0.2304193 0.3676360 0.1123051 0.0542068 0.0137727 0.0940204 0.3605521 0.0770523 0.0137162 0.1129666 0.3022440 0.0786118 0.1621399 0.0621170 0.3544918 0.0930183 0.1239347 0.0685505 0.1343647 0.1114728 1.1397608 0.0533928 0.2192335 0.2961690 0.3833155 0.7210840 0.1307695 0.8038389 0.7799653 0.0831433 0.0316422 0.1099976 9.0000000 0.3643546 0.2339711 0.0356172 0.3781013 0.2862778 0.0270327 0.4369336 
Perityle_ambrosiifolia_67_green            0.2674718 0.2505908 0.2459709 0.1131592 0.2314610 0.1927036 0.3551033 0.2086402 0.2603576 0.3513224 0.1154686 0.0000000 0.1374331 0.1858973 0.2121377 0.1825750 0.1735390 0.2428912 0.3940549 0.1104055 0.1243498 0.0929382 0.0378158 0.1468078 0.2679517 0.2482920 0.2662196 0.2062727 0.2148725 0.2463951 0.2129664 0.2681018 0.1433222 0.4424689 0.2562910 0.2648479 0.1608869 0.2522187 0.2469403 0.3126088 0.1283224 0.1983399 0.3596071 0.1966775 0.0691027 0.1677260 0.1125695 0.4294883 0.1507476 0.0312450 0.1457832 0.3230311 0.1951562 0.2453965 0.1182335 0.1608894 0.0719594 0.1184785 0.0867333 0.1212651 0.1876722 0.1069833 0.2355544 0.2652584 0.3156045 0.4240153 0.1432926 0.2021595 0.2283319 0.3013738 0.1086445 0.1580728 0.1702061 0.0217012 0.4693832 0.2839574 0.1008740 0.4637251 0.2054909 0.2535766 0.3789503 
Perityle_angustifolia_13_Eagle_creek       0.2343571 0.2661252 0.4606800 0.1797250 0.4610962 0.2386788 0.3612141 0.1982187 0.4550964 0.3302055 0.3423148 0.1374331 0.0000000 0.4152509 0.3820603 0.3433927 0.2784445 0.3453764 0.3933203 0.1900323 0.1016496 0.3253509 0.2964622 0.3799476 0.4792468 0.2279298 0.2852472 0.2642577 0.2450872 0.4068954 0.2310455 0.3547992 0.3417127 0.5612728 0.3321431 0.3158112 0.4125779 0.3435579 0.3886325 0.5206707 0.3447084 0.3590068 0.2428029 0.3467932 0.2748738 0.3975766 0.1447092 0.5601770 0.3184427 0.2735327 0.1343081 0.4223042 0.3034959 0.3181548 0.2181549 0.1988193 0.0916420 0.1426198 0.1909156 0.1592414 0.4168431 0.0790507 0.4917226 0.2789411 0.4719284 0.5259542 0.1856808 0.3482333 0.2240665 0.2385245 0.1444914 0.3271389 0.3390104 0.0132134 0.5621496 0.2341458 0.3182393 0.5073886 0.2381262 0.3718913 0.2440451 
Perityle_batopilensis_97                   0.2894838 0.6113990 0.1866429 0.1415733 0.2241595 0.2771608 0.4154632 0.2164712 0.1481380 0.2217989 0.1561788 0.1858973 0.4152509 0.0000000 0.0979411 0.1334036 0.1484708 0.1393890 0.6561203 0.2136144 0.9922977 0.1586810 0.0835638 0.1918055 0.2651399 0.3047985 0.1237180 0.2453340 0.3945123 0.1982244 0.2371459 0.2319780 0.1135174 0.3510357 0.1912901 0.2390399 0.0143581 0.2392840 0.3375837 0.2434398 0.0839642 0.1735874 0.3433908 0.2007916 0.1005078 0.1055956 0.2136793 0.3406913 0.1385442 0.0854760 0.2249692 0.2875962 0.1758523 0.1271379 0.1236486 0.3792147 0.2283328 0.2128404 0.0314320 0.1311475 0.1754068 0.8087062 0.2148010 0.2291557 0.2762762 0.4117668 0.6923023 0.1506706 0.7726708 0.5475778 0.2121739 0.1068601 0.1300402 0.6982116 0.4056900 0.2288941 0.1260173 0.4258627 0.2661352 0.2116902 0.4821199 
Perityle_bisetosa_9                        0.3152207 0.5706892 0.0924299 0.1103321 0.1815029 0.2904237 0.3800706 0.2541492 0.1248296 0.2529895 0.1041899 0.2121377 0.3820603 0.0979411 0.0000000 0.1716277 0.1761647 0.1373182 0.7715480 0.1542377 1.0127666 0.0352627 0.0285063 0.1078260 0.0832881 0.1585339 0.1937069 0.1854400 0.3344530 0.1963993 0.2622423 0.0602875 0.0906447 0.3568375 0.0555234 0.2327595 0.1003971 0.1472909 0.1204994 0.1683610 0.1053957 0.1798096 0.4305293 0.0343507 0.0411655 0.1101318 0.1881609 0.3440382 0.1224332 0.0380509 0.1833779 0.3017408 0.0594089 0.1953784 0.1069254 0.3753532 0.2399692 0.2268298 0.0557617 0.1274405 0.0940874 1.2388589 0.0876270 0.2269075 0.2905554 0.3756584 1.4730623 0.0373100 0.8181949 0.6403863 0.2181201 0.1247045 0.0335460 0.5853882 0.3774870 0.2311728 0.0397418 0.3922922 0.2702779 0.1264526 0.4882372 
Perityle_californica_76_positas            0.1686096 0.2473173 0.1670421 0.1319502 0.2461174 0.2988074 0.3432263 0.1407572 0.1714943 0.1788650 0.1849151 0.1825750 0.3433927 0.1334036 0.1716277 0.0000000 0.2062129 0.1669966 0.6235811 0.1724513 0.0000010 0.1771858 0.1714586 0.1845373 0.1693008 0.1659029 0.1658508 0.1957347 0.3248842 0.0600450 0.1547519 0.1720099 0.1270220 0.3254639 0.1521316 0.1784530 0.1391403 0.1941595 0.2030628 0.1769582 0.1703960 0.1791493 0.2034604 0.1680284 0.1901207 0.1809401 0.1928443 0.3150916 0.1830874 0.1411390 0.1878682 0.3138226 0.1663732 0.1750263 0.1624661 0.3543395 0.1788197 0.2073685 0.0928856 0.1406155 0.1265016 0.3327250 0.2130301 0.1530184 0.3189949 0.3330787 0.4180446 0.1862431 0.6423427 0.5114253 0.1884129 0.1662239 0.1640637 0.5165684 0.3670188 0.1500956 0.1594837 0.3282356 0.3183800 0.1828846 0.3260554 
Perityle_canescens_77                      0.2267617 0.2282267 0.2410738 0.1325907 0.2651554 0.1873317 0.2770628 0.2036232 0.1779176 0.3171267 0.1472340 0.1735390 0.2784445 0.1484708 0.1761647 0.2062129 0.0000000 0.2663965 0.3856248 0.1581586 0.3185095 0.1224069 0.1262163 0.1638276 0.2417475 0.1867899 0.1679106 0.2307691 0.2534889 0.2810267 0.2008382 0.2464757 0.1541500 0.3519052 0.2543563 0.2276569 0.1508684 0.2605059 0.2925256 0.2658723 0.1482537 0.1644175 0.2381077 0.1332422 0.1338562 0.1733222 0.1741819 0.3478702 0.1393877 0.1067537 0.1673955 0.3275333 0.2228352 0.1979614 0.1634073 0.2385879 0.1794634 0.1803826 0.0388563 0.1050560 0.1480181 0.1551500 0.2397152 0.1663503 0.3042162 0.4354047 0.2142280 0.1311765 0.2988487 0.2849943 0.1636849 0.1740910 0.1374408 0.2042127 0.4315171 0.1553963 0.1873717 0.3707583 0.1956461 0.1604573 0.3115785 
Perityle_castillonii_96                    0.3537825 0.3470149 0.2238957 0.1422761 0.2157807 0.2566131 0.3865948 0.3045876 0.1726210 0.1342668 0.0795832 0.2428912 0.3453764 0.1393890 0.1373182 0.1669966 0.2663965 0.0000000 0.2662959 0.1992995 0.4971634 0.0504068 0.0282012 0.1245511 0.2126295 0.2921820 0.2703112 0.2842102 0.2899984 0.2456933 0.3042493 0.1092234 0.1064154 0.4279467 0.0816492 0.3106933 0.1061688 0.0839267 0.2246131 0.2904016 0.0857127 0.1611532 0.4169570 0.1305350 0.0379297 0.1398029 0.2480848 0.4138509 0.1373550 0.0179722 0.2473528 0.3107666 0.0357616 0.1615681 0.1956078 0.3423597 0.2847001 0.2692855 0.0575590 0.0981009 0.1911730 0.3185941 0.1870468 0.3019058 0.3130289 0.4248070 0.1702652 0.1283491 0.4913832 0.4632555 0.2645214 0.1070181 0.1182433 0.3373727 0.4590577 0.3155005 0.1037171 0.4447508 0.1797508 0.1654936 0.4655131 
Perityle_cernua_84                         0.4480616 0.3114445 0.7830545 0.3570597 0.6792691 0.4277612 0.3931337 0.3582737 0.6468948 0.3143185 0.7212935 0.3940549 0.3933203 0.6561203 0.7715480 0.6235811 0.3856248 0.2662959 0.0000000 0.3506018 0.4090706 0.7483178 0.7782488 0.7026442 0.8406490 0.4063278 0.3965528 0.4084810 0.3738535 0.6069884 0.4187668 0.3272643 0.8216527 1.0311857 0.2632436 0.4359269 0.5864772 0.3083995 0.8100522 0.8579154 0.6999750 0.6795944 0.4200706 0.7483907 0.7601582 0.6724017 0.3871347 0.9441438 0.7029199 0.7271629 0.3900553 0.7483253 0.2807124 0.3103919 0.3497965 0.3779859 0.3651039 0.3863378 0.4470943 0.1804712 0.7773635 0.2089043 0.7613060 0.3855465 0.7452956 0.8326793 0.1768137 0.7178878 0.3909205 0.3230767 0.3846875 0.8352565 0.6944046 0.1775537 0.9027417 0.3695044 0.7087596 0.4099527 0.2528856 0.7907966 0.4588813 
Perityle_cfvillosa_25_tin                  0.2140008 0.2559684 0.2735021 0.1005913 0.2174846 0.1609359 0.3842674 0.1844281 0.2334160 0.2807501 0.0959626 0.1104055 0.1900323 0.2136144 0.1542377 0.1724513 0.1581586 0.1992995 0.3506018 0.0000000 0.8144153 0.0829405 0.0095861 0.1656463 0.1827831 0.2684533 0.2144640 0.2078345 0.1968503 0.2753181 0.1997655 0.2393152 0.1226669 0.3316604 0.2340696 0.3203968 0.1346134 0.1907998 0.2736479 0.2704883 0.0636148 0.2201674 0.3438985 0.1764531 0.0587916 0.1085306 0.0902794 0.3187373 0.0707108 0.0158910 0.1277743 0.2972022 0.1614750 0.2167722 0.1372867 0.1924769 0.0400709 0.0801599 0.0704482 0.0894608 0.1930399 0.1201518 0.1819875 0.3051436 0.3031925 0.4116298 0.1188993 0.1591407 0.2299460 0.3280914 0.0424295 0.0852424 0.1275494 0.0685233 0.4077813 0.2441975 0.0843384 0.3918513 0.1822450 0.1640068 0.2133813 
Perityle_cinerea_113_Powell1310            0.3793400 0.2729038 0.5409155 0.2268393 0.4654510 0.2441506 0.2965681 0.3169268 0.7961758 0.4596155 1.7496192 0.1243498 0.1016496 0.9922977 1.0127666 0.0000010 0.3185095 0.4971634 0.4090706 0.8144153 0.0000000 1.8145629 9.0000000 0.9705666 1.0619159 0.1776309 0.3541654 0.3747761 0.1938017 0.0000010 0.3811226 0.4950019 9.0000000 1.3815671 0.5165621 0.4039419 2.8815761 0.4612334 0.5754971 1.0177234 1.7496192 0.2540832 0.3276980 1.3553367 9.0000000 0.9185184 0.1402678 1.3055147 0.2631825 9.0000000 0.1351116 9.0000000 0.4191081 0.8994691 0.1294450 0.1596717 0.1466280 0.1471777 9.0000000 0.3512690 1.1887587 0.1500200 0.9886543 0.3981680 2.7098424 0.7406347 0.2363546 1.8145629 0.1288940 0.3614280 0.1434616 1.7496192 1.8653806 0.1042776 0.7406347 0.3054561 0.4930632 0.6011553 0.3101389 0.9123273 0.2768647 
Perityle_coahuilensis_24                   0.2119318 0.4633464 0.1456370 0.1010988 0.1816902 0.2237303 0.3385846 0.1637683 0.1469617 0.1711601 0.0716000 0.0929382 0.3253509 0.1586810 0.0352627 0.1771858 0.1224069 0.0504068 0.7483178 0.0829405 1.8145629 0.0000000 0.0217441 0.0773919 0.0808538 0.1639196 0.1322705 0.1616552 0.3362991 0.2099560 0.1716548 0.0335560 0.0914008 0.3668868 0.0676989 0.1885291 0.1014817 0.0729998 0.1835678 0.2302719 0.0645796 0.2269790 0.3710789 0.0617610 0.0521976 0.0730011 0.0844001 0.3522070 0.0843907 0.0213636 0.0913628 0.3065305 0.0346860 0.1744670 0.0576544 0.3539834 0.0813722 0.1056563 0.0556761 0.1431730 0.1138693 1.2241228 0.0691926 0.1686416 0.3079565 0.3664606 0.7210840 0.0673178 0.8336907 0.7186061 0.1017992 0.1020659 0.0427165 9.0000000 0.3533837 0.2129254 0.0375890 0.3877827 0.2581214 0.0868559 0.4563584 
Perityle_cochisensis_44_cave_creek         0.1506204 0.3514695 0.1097946 0.1085152 0.1915253 0.2331696 0.3191114 0.1324521 0.1023637 0.0717490 0.0184683 0.0378158 0.2964622 0.0835638 0.0285063 0.1714586 0.1262163 0.0282012 0.7782488 0.0095861 9.0000000 0.0217441 0.0000000 0.0211732 0.0525073 0.0907069 0.1493278 0.1593313 0.3103263 0.1780038 0.1484346 0.0363939 0.1107472 0.3562990 0.0483881 0.1479901 0.0777148 0.0306282 0.0279026 0.1638703 0.0117286 0.1719905 0.1956106 0.0306231 0.0480268 0.0164583 0.0231490 0.3412001 0.0162867 0.0121810 0.0141899 0.3041828 0.0283509 0.1454460 0.0800649 0.3098094 0.0321413 0.0214136 0.0683963 0.1299164 0.1223802 0.5039418 0.0312620 0.1419667 0.3073481 0.3116476 0.7210840 0.0339528 0.7971373 0.7216234 0.0185942 0.0288783 0.0286149 9.0000000 0.3272703 0.1514515 0.0122255 0.2857230 0.2565372 0.0246983 0.3327586 
Perityle_congesta_202                      0.3259261 0.6368463 0.1532675 0.1340386 0.2095872 0.2669366 0.3807732 0.2748581 0.1534994 0.1843494 0.0342807 0.1468078 0.3799476 0.1918055 0.1078260 0.1845373 0.1638276 0.1245511 0.7026442 0.1656463 0.9705666 0.0773919 0.0211732 0.0000000 0.1703070 0.2689345 0.1683038 0.2215439 0.3498494 0.2040720 0.2584222 0.1374529 0.1221300 0.3692729 0.1467520 0.2580851 0.1037205 0.0922682 0.2381781 0.2386780 0.0125277 0.2175873 0.4051471 0.1141139 0.0574966 0.0151473 0.1369491 0.3556623 0.0846166 0.0116129 0.1554795 0.3018737 0.0876751 0.1861783 0.0966489 0.3668928 0.1673384 0.1787975 0.0654254 0.1666900 0.1056509 0.7212902 0.0929537 0.2487988 0.2931735 0.3815103 0.5479792 0.1267096 0.7723747 0.6904774 0.1457710 0.0332906 0.1031986 0.6777596 0.3688689 0.2796795 0.0397583 0.4259159 0.3030609 0.0350576 0.4535978 
Perityle_cordifolia_27                     0.4200626 0.8024681 0.2113098 0.2348329 0.2092320 0.4240220 0.4776829 0.3323791 0.1733380 0.3397751 0.1521895 0.2679517 0.4792468 0.2651399 0.0832881 0.1693008 0.2417475 0.2126295 0.8406490 0.1827831 1.0619159 0.0808538 0.0525073 0.1703070 0.0000000 0.3370060 0.2715707 0.3000670 0.4724130 0.2104801 0.3293749 0.1935110 0.1327940 0.4004066 0.2068206 0.3686031 0.1375405 0.2066640 0.2793218 0.2859756 0.1279050 0.2015956 0.4963703 0.1504200 0.0695475 0.1520815 0.2486890 0.3897851 0.1565786 0.0468349 0.2411352 0.3073043 0.1530107 0.2267395 0.2240579 0.4714089 0.3143584 0.2658661 0.0774758 0.2368616 0.1505125 0.9190899 0.2083506 0.3177600 0.3239346 0.4084270 1.1224546 0.1295431 0.8268104 0.8242279 0.2815770 0.1450904 0.0982490 0.7171897 0.4309612 0.3829464 0.0886707 0.5653547 0.3537373 0.1890292 0.5528623 
Perityle_cordifolia_68_tecolote            0.3604263 0.2721649 0.2745079 0.1040264 0.2204018 0.2344897 0.4248487 0.2513660 0.2286520 0.4207049 0.2051485 0.2482920 0.2279298 0.3047985 0.1585339 0.1659029 0.1867899 0.2921820 0.4063278 0.2684533 0.1776309 0.1639196 0.0907069 0.2689345 0.3370060 0.0000000 0.3171396 0.2893679 0.2409316 0.2808696 0.2654583 0.3812379 0.1332168 0.3635462 0.3394657 0.3168227 0.1301653 0.3835025 0.3845930 0.3189197 0.1253383 0.1851707 0.4420331 0.2322891 0.0867542 0.1968859 0.3022074 0.3646017 0.1692846 0.0725943 0.3241922 0.2654062 0.2717840 0.2705040 0.0144902 0.2150829 0.3126057 0.2891039 0.0626801 0.1216798 0.2102625 0.1781163 0.3304154 0.3525329 0.2679028 0.4480467 0.1834851 0.1626887 0.4606125 0.4217405 0.3124587 0.1457300 0.1337777 0.1747652 0.5472692 0.3201186 0.1890443 0.5135565 0.1898233 0.3128118 0.4619973 
Perityle_coronopifolia_28_patagonia        0.2652998 0.2328626 0.2274474 0.1369481 0.2532949 0.2116126 0.3278725 0.1950319 0.1970658 0.3416244 0.1486226 0.2662196 0.2852472 0.1237180 0.1937069 0.1658508 0.1679106 0.2703112 0.3965528 0.2144640 0.3541654 0.1322705 0.1493278 0.1683038 0.2715707 0.3171396 0.0000000 0.2443631 0.2595574 0.2265807 0.2152194 0.3072577 0.1469897 0.4051733 0.2903955 0.3016016 0.1134169 0.3117229 0.3129097 0.2698365 0.1221523 0.1769619 0.2966978 0.1292956 0.1372399 0.1923749 0.2741199 0.3958717 0.1429347 0.1282214 0.2723464 0.3412258 0.2454587 0.2346460 0.2063399 0.3131698 0.3049432 0.2761856 0.0646525 0.1214521 0.1725189 0.2355517 0.2834517 0.0138570 0.3538036 0.5082319 0.2219254 0.1354339 0.4818302 0.3088409 0.2762464 0.1478690 0.1068856 0.2537197 0.5530727 0.2480938 0.1846486 0.5665866 0.1963464 0.2874963 0.4602702 
Perityle_crassifolia_70_ventanas           0.1915783 0.2911366 0.2777001 0.1725829 0.3051739 0.2444895 0.4115186 0.1837469 0.2571633 0.3214353 0.2068383 0.2062727 0.2642577 0.2453340 0.1854400 0.1957347 0.2307691 0.2842102 0.4084810 0.2078345 0.3747761 0.1616552 0.1593313 0.2215439 0.3000670 0.2893679 0.2443631 0.0000000 0.2027725 0.2494608 0.1771867 0.2600061 0.1103089 0.4892172 0.2692995 0.2778251 0.2365736 0.2756479 0.3404975 0.3357375 0.1891378 0.2123665 0.2969002 0.1827409 0.2028629 0.2389532 0.1906404 0.4720395 0.2241868 0.1260362 0.1955969 0.4182508 0.2238560 0.3285147 0.2645120 0.2952501 0.1986141 0.2011680 0.1699155 0.1449652 0.2448696 0.1731993 0.3315288 0.2618988 0.3982549 0.5367496 0.2224586 0.2039359 0.3327954 0.0736720 0.1994154 0.2120989 0.1625965 0.1504993 0.5590484 0.2523059 0.1828064 0.5324145 0.2728513 0.2441372 0.3893627 
Perityle_crassifolia_74_playa_balandra     0.1703676 0.2419709 0.4376170 0.2005071 0.3346423 0.2901692 0.2803289 0.1371118 0.4082037 0.2437673 0.3434695 0.2148725 0.2450872 0.3945123 0.3344530 0.3248842 0.2534889 0.2899984 0.3738535 0.1968503 0.1938017 0.3362991 0.3103263 0.3498494 0.4724130 0.2409316 0.2595574 0.2027725 0.0000000 0.4082258 0.1797709 0.2780048 0.2808596 0.1346067 0.2785783 0.2994021 0.3641165 0.2756964 0.3676420 0.4924611 0.3450205 0.3533385 0.2855798 0.3545071 0.3068257 0.3545379 0.2109004 0.1258776 0.3280524 0.2959287 0.2284210 0.0430853 0.2367941 0.2575651 0.1971076 0.0903788 0.1880069 0.1937738 0.3195535 0.2353560 0.4195156 0.0737450 0.4482942 0.2479191 0.0784049 0.1472082 0.2364890 0.3424426 0.2991854 0.1641755 0.2065537 0.3664396 0.3173455 0.0926166 0.1588144 0.2451468 0.3500347 0.2126942 0.2929545 0.4046930 0.0645082 
Perityle_cuneata_34_cuneata_San_antonio    0.2786083 0.5295555 0.2494441 0.1641159 0.2514993 0.3487083 0.4250626 0.2363758 0.2104690 0.3259146 0.2268210 0.2463951 0.4068954 0.1982244 0.1963993 0.0600450 0.2810267 0.2456933 0.6069884 0.2753181 0.0000010 0.2099560 0.1780038 0.2040720 0.2104801 0.2808696 0.2265807 0.2494608 0.4082258 0.0000000 0.2408234 0.2540641 0.1348645 0.3707200 0.2480043 0.3127927 0.1542585 0.2670408 0.4099306 0.2440961 0.1683175 0.2382726 0.3954676 0.2118526 0.1962826 0.1740504 0.2626340 0.3569824 0.1952383 0.1302968 0.2574087 0.3510076 0.2422661 0.2275177 0.2361811 0.4447814 0.2842570 0.2646549 0.0893704 0.1791771 0.1824508 0.4972914 0.2538137 0.2303154 0.3398222 0.3816123 0.7559456 0.2136842 0.6820299 0.6779472 0.2837412 0.1653242 0.1745767 0.7252653 0.4362136 0.2599435 0.2081633 0.3795302 0.3656328 0.2206944 0.4490993 
Perityle_discoidea_81                      0.0139565 0.3022991 0.2473666 0.1095070 0.2521286 0.2170194 0.3536193 0.0000010 0.2774172 0.3627188 0.2232302 0.2129664 0.2310455 0.2371459 0.2622423 0.1547519 0.2008382 0.3042493 0.4187668 0.1997655 0.3811226 0.1716548 0.1484346 0.2584222 0.3293749 0.2654583 0.2152194 0.1771867 0.1797709 0.2408234 0.0000000 0.2863592 0.0394441 0.4042794 0.2816838 0.2808081 0.2261493 0.2725705 0.3906629 0.3061160 0.2289359 0.1907600 0.3158282 0.2668671 0.1511996 0.2685688 0.1804073 0.3866448 0.2204704 0.1123519 0.1870229 0.2722413 0.2128149 0.3008857 0.1860982 0.2097205 0.1702146 0.1939599 0.1134931 0.1312807 0.2185373 0.1668780 0.3166176 0.2917253 0.2693936 0.4647962 0.1993229 0.2482267 0.2963115 0.1911989 0.1956094 0.2314045 0.2412824 0.1092234 0.4841156 0.2243674 0.1933231 0.4963551 0.2030080 0.2935054 0.3837995 
Perityle_dissecta_201                      0.3660845 0.3214910 0.2318744 0.1270155 0.2094003 0.2499626 0.4215825 0.2632391 0.1895038 0.2349176 0.1011436 0.2681018 0.3547992 0.2319780 0.0602875 0.1720099 0.2464757 0.1092234 0.3272643 0.2393152 0.4950019 0.0335560 0.0363939 0.1374529 0.1935110 0.3812379 0.3072577 0.2600061 0.2780048 0.2540641 0.2863592 0.0000000 0.1021388 0.4051895 0.1017328 0.3519793 0.1463320 0.0851550 0.2599320 0.3355334 0.0985616 0.2148472 0.4786783 0.0534244 0.0449116 0.1782474 0.3068963 0.3934989 0.1027433 0.0262762 0.3162309 0.2943065 0.0491925 0.1838383 0.2116263 0.3362158 0.3774201 0.3433277 0.0607750 0.0999361 0.1749616 0.2803861 0.1730653 0.3542270 0.2894117 0.4791204 0.1832607 0.0479644 0.5976689 0.4791440 0.3263781 0.1261406 0.0265469 0.2866680 0.5222534 0.3763009 0.0794728 0.5073781 0.1795155 0.1819314 0.4712308 
Perityle_emoryi_47_punta_san_jose          0.0314198 0.4389734 0.0563663 0.0736826 0.1945223 0.2899801 0.2874992 0.0348830 0.1346389 0.1693026 0.1150062 0.1433222 0.3417127 0.1135174 0.0906447 0.1270220 0.1541500 0.1064154 0.8216527 0.1226669 9.0000000 0.0914008 0.1107472 0.1221300 0.1327940 0.1332168 0.1469897 0.1103089 0.2808596 0.1348645 0.0394441 0.1021388 0.0000000 0.3222791 0.1063515 0.1787868 0.1346443 0.1225616 0.1324549 0.0969720 0.1033207 0.1074572 0.2497982 0.0845981 0.1413177 0.1179831 0.1307426 0.3046990 0.1137405 0.0902539 0.1320724 0.2791046 0.1111894 0.1853076 0.1321722 0.2992610 0.1455214 0.1546239 0.0885796 0.1042189 0.1212178 0.8786727 0.1232984 0.1422439 0.2591107 0.3014862 0.5429400 0.1178499 0.8152378 0.5629088 0.1263169 0.1084910 0.0837728 2.5757738 0.3172340 0.1343871 0.0746678 0.2929344 0.2698819 0.1297932 0.3242435 
Perityle_feddemae_99                       0.3423072 0.7076433 0.3552678 0.3417994 0.3474720 0.4710512 0.3787971 0.4205926 0.3709021 0.4111203 0.3742697 0.4424689 0.5612728 0.3510357 0.3568375 0.3254639 0.3519052 0.4279467 1.0311857 0.3316604 1.3815671 0.3668868 0.3562990 0.3692729 0.4004066 0.3635462 0.4051733 0.4892172 0.1346067 0.3707200 0.4042794 0.4051895 0.3222791 0.0000000 0.3884530 0.4095200 0.3355986 0.4178788 0.4001364 0.4399604 0.3775789 0.4249944 0.4033405 0.3679794 0.3165614 0.3834472 0.4167435 0.0112247 0.3558983 0.3645956 0.4110192 0.1110635 0.3879381 0.3712570 0.3351077 0.1964138 0.3898342 0.4307746 0.3131698 0.3001614 0.3125535 0.8648527 0.3908518 0.3943678 0.1405238 0.1086832 1.0994373 0.3820033 0.8599095 1.1060058 0.4101937 0.3896019 0.3586796 0.9599732 0.1082568 0.3629549 0.3227516 0.1656588 0.5266734 0.3693306 0.1742219 
Perityle_fosteri_93                        0.3526571 0.3239539 0.2232649 0.1445158 0.2058820 0.2526609 0.3883121 0.2739184 0.1843915 0.1891154 0.1222210 0.2562910 0.3321431 0.1912901 0.0555234 0.1521316 0.2543563 0.0816492 0.2632436 0.2340696 0.5165621 0.0676989 0.0483881 0.1467520 0.2068206 0.3394657 0.2903955 0.2692995 0.2785783 0.2480043 0.2816838 0.1017328 0.1063515 0.3884530 0.0000000 0.3152218 0.1116055 0.1417300 0.2437585 0.2996757 0.0953665 0.1951663 0.4176959 0.0573512 0.0594369 0.1640504 0.2911387 0.3767592 0.1179247 0.0451001 0.2946763 0.2712682 0.0293226 0.1690539 0.1996997 0.3175048 0.3420524 0.3264679 0.0568784 0.0920282 0.1976263 0.3046069 0.2092021 0.3331280 0.2789861 0.4533672 0.1878265 0.0480702 0.5567245 0.4485225 0.3146986 0.1176819 0.0407490 0.3021890 0.4910763 0.3593469 0.1037090 0.4426975 0.1650774 0.2000653 0.4577124 
Perityle_gamon_221                         0.3295688 0.3292596 0.3574265 0.1401505 0.3140886 0.2563899 0.4586841 0.2859157 0.2823154 0.3790181 0.2251369 0.2648479 0.3158112 0.2390399 0.2327595 0.1784530 0.2276569 0.3106933 0.4359269 0.3203968 0.4039419 0.1885291 0.1479901 0.2580851 0.3686031 0.3168227 0.3016016 0.2778251 0.2994021 0.3127927 0.2808081 0.3519793 0.1787868 0.4095200 0.3152218 0.0000000 0.1884683 0.3350557 0.3512310 0.3379597 0.2171603 0.2398456 0.3085491 0.2364198 0.1275832 0.2578032 0.2763689 0.4080603 0.2664489 0.1505440 0.2687891 0.3202205 0.2837372 0.2340200 0.2336464 0.3517165 0.2861917 0.3025668 0.0712848 0.0820234 0.1878049 0.2417092 0.3173950 0.3226093 0.3459685 0.5286558 0.2727518 0.2030776 0.4205534 0.3267781 0.2936023 0.2606193 0.2112858 0.2596295 0.6263866 0.2367385 0.1989409 0.6014535 0.1788638 0.3008372 0.5319710 
Perityle_gentryi_8_san_francisco           0.2670161 0.4144370 0.0913974 0.0802350 0.2035002 0.2614425 0.3516978 0.2203125 0.1088355 0.2038084 0.0817216 0.1608869 0.4125779 0.0143581 0.1003971 0.1391403 0.1508684 0.1061688 0.5864772 0.1346134 2.8815761 0.1014817 0.0777148 0.1037205 0.1375405 0.1301653 0.1134169 0.2365736 0.3641165 0.1542585 0.2261493 0.1463320 0.1346443 0.3355986 0.1116055 0.1884683 0.0000000 0.1332875 0.2275701 0.1465371 0.0842034 0.1594538 0.2879206 0.1057039 0.0985720 0.1046780 0.1411121 0.3253156 0.1134210 0.0789819 0.1361027 0.2974544 0.1054971 0.1453178 0.0982696 0.3768514 0.1814557 0.1802428 0.0540119 0.1169324 0.0842412 0.9464146 0.1061114 0.1539160 0.2902838 0.3726747 0.9384285 0.1298701 0.8436642 0.6367667 0.1562777 0.1059100 0.1068109 0.9383827 0.3570510 0.1617312 0.0880656 0.3822659 0.2645636 0.1153783 0.4205333 
Perityle_gilensis_22_Superstition          0.3315638 0.3082717 0.2519371 0.1235497 0.2245232 0.2429521 0.3928288 0.2382469 0.2174329 0.1695190 0.0659743 0.2522187 0.3435579 0.2392840 0.1472909 0.1941595 0.2605059 0.0839267 0.3083995 0.1907998 0.4612334 0.0729998 0.0306282 0.0922682 0.2066640 0.3835025 0.3117229 0.2756479 0.2756964 0.2670408 0.2725705 0.0851550 0.1225616 0.4178788 0.1417300 0.3350557 0.1332875 0.0000000 0.2851736 0.3228872 0.0584024 0.2257343 0.4404158 0.1158492 0.0613245 0.1231121 0.2647902 0.4065973 0.0663393 0.0305295 0.2879743 0.2903436 0.0831616 0.1805202 0.2108401 0.3237478 0.3053113 0.2904485 0.0795689 0.0875510 0.1725905 0.2617404 0.1855901 0.3133241 0.2837827 0.4424552 0.1535845 0.1339227 0.5536502 0.4619883 0.2618321 0.0942067 0.1080292 0.2811863 0.4976170 0.3698664 0.1004953 0.4448555 0.1709280 0.1325093 0.4330345 
Perityle_gilensis_salensis_225             0.3267183 0.6469556 0.3839137 0.1469609 0.3073958 0.2686219 0.5230420 0.3485924 0.2719466 0.2499619 0.2248554 0.2469403 0.3886325 0.3375837 0.1204994 0.2030628 0.2925256 0.2246131 0.8100522 0.2736479 0.5754971 0.1835678 0.0279026 0.2381781 0.2793218 0.3845930 0.3129097 0.3404975 0.3676420 0.4099306 0.3906629 0.2599320 0.1324549 0.4001364 0.2437585 0.3512310 0.2275701 0.2851736 0.0000000 0.4036240 0.1344424 0.3588341 0.4887209 0.2231583 0.0718086 0.1660414 0.2624361 0.3796121 0.1991944 0.0289355 0.2702688 0.4084342 0.2317218 0.2824552 0.1928771 0.4051483 0.1970588 0.2358981 0.0641027 0.1818457 0.2831781 0.6409921 0.2655589 0.3811365 0.3276623 0.5153680 0.8575572 0.1817349 0.7605933 0.6338081 0.2891785 0.0913440 0.1657908 0.5068437 0.4854977 0.4158784 0.1644526 0.5236515 0.3019721 0.2536859 0.5770259 
Perityle_glaucescens_94                    0.3908097 0.7602775 0.2591006 0.3052436 0.2324800 0.4540068 0.4870998 0.3070017 0.2111036 0.3871772 0.2425006 0.3126088 0.5206707 0.2434398 0.1683610 0.1769582 0.2658723 0.2904016 0.8579154 0.2704883 1.0177234 0.2302719 0.1638703 0.2386780 0.2859756 0.3189197 0.2698365 0.3357375 0.4924611 0.2440961 0.3061160 0.3355334 0.0969720 0.4399604 0.2996757 0.3379597 0.1465371 0.3228872 0.4036240 0.0000000 0.1661080 0.0363421 0.4373686 0.2174117 0.1653967 0.1842226 0.3431236 0.4203222 0.2015240 0.1317772 0.3619739 0.3212894 0.3144585 0.1997855 0.2597195 0.4992261 0.3767100 0.3380315 0.0898600 0.2557468 0.2124119 1.0477770 0.2792907 0.3357869 0.2985757 0.4082802 1.1488652 0.2017928 0.9566110 0.9333102 0.3445956 0.1989378 0.1807582 1.0435304 0.4231419 0.3004609 0.2459772 0.5287337 0.4127530 0.2568853 0.5393202 
Perityle_gracilis_11                       0.2705662 0.6964751 0.1049422 0.1029580 0.1807350 0.2252578 0.3687783 0.2248459 0.1379021 0.1214832 0.0078746 0.1283224 0.3447084 0.0839642 0.1053957 0.1703960 0.1482537 0.0857127 0.6999750 0.0636148 1.7496192 0.0645796 0.0117286 0.0125277 0.1279050 0.1253383 0.1221523 0.1891378 0.3450205 0.1683175 0.2289359 0.0985616 0.1033207 0.3775789 0.0953665 0.2171603 0.0842034 0.0584024 0.1344424 0.1661080 0.0000000 0.1714573 0.3685946 0.0895621 0.0551604 0.0062542 0.1024550 0.3636937 0.0811699 0.0069784 0.0965686 0.3003512 0.0668444 0.1583825 0.0586572 0.3486066 0.1137637 0.1406386 0.0609533 0.1327894 0.0935516 1.1397608 0.0364408 0.1901520 0.2914891 0.3172388 0.7210840 0.1155016 0.8040697 0.7554750 0.1071590 0.0202739 0.0960315 9.0000000 0.3362977 0.1912050 0.0251404 0.3825935 0.2880844 0.0081019 0.4083083 
Perityle_harkerae_31                       0.2222859 0.5309521 0.1878824 0.1281690 0.2173886 0.3057189 0.3732085 0.1650489 0.2226613 0.2710738 0.2304193 0.1983399 0.3590068 0.1735874 0.1798096 0.1791493 0.1644175 0.1611532 0.6795944 0.2201674 0.2540832 0.2269790 0.1719905 0.2175873 0.2015956 0.1851707 0.1769619 0.2123665 0.3533385 0.2382726 0.1907600 0.2148472 0.1074572 0.4249944 0.1951663 0.2398456 0.1594538 0.2257343 0.3588341 0.0363421 0.1714573 0.0000000 0.3332054 0.2036568 0.1897313 0.1673125 0.2377591 0.4082003 0.2217500 0.1409074 0.2322410 0.3217209 0.2097106 0.1796291 0.1258619 0.3543374 0.2217373 0.2201908 0.1099510 0.1215318 0.1712591 0.6776304 0.2218731 0.2221312 0.3011482 0.3836217 0.7210840 0.2152240 0.7601953 1.1141754 0.2385305 0.2114556 0.1806744 9.0000000 0.4045847 0.1847903 0.2104314 0.3412168 0.3179383 0.2313813 0.4343751 
Perityle_hofmeisteria_4_nombre_de_dios     0.3050370 0.3043838 0.4166042 0.1785363 0.3918244 0.2539634 0.4667112 0.3268262 0.4403079 0.4643549 0.3676360 0.3596071 0.2428029 0.3433908 0.4305293 0.2034604 0.2381077 0.4169570 0.4200706 0.3438985 0.3276980 0.3710789 0.1956106 0.4051471 0.4963703 0.4420331 0.2966978 0.2969002 0.2855798 0.3954676 0.3158282 0.4786783 0.2497982 0.4033405 0.4176959 0.3085491 0.2879206 0.4404158 0.4887209 0.4373686 0.3685946 0.3332054 0.0000000 0.4240844 0.1516062 0.4425807 0.3568487 0.3949109 0.3913096 0.2333264 0.3729160 0.4401990 0.3561411 0.3304241 0.2246958 0.2409512 0.2535529 0.3569571 0.0865935 0.0909043 0.3104561 0.1845183 0.4424280 0.3573973 0.3882847 0.5841232 0.2342595 0.4296370 0.4006088 0.2789328 0.3369542 0.3401297 0.3854331 0.1391160 0.5772542 0.3272744 0.3365171 0.5868152 0.2052319 0.4927896 0.5108936 
Perityle_huecosensis_48                    0.3277006 0.5596493 0.1374240 0.1103927 0.1818291 0.2794580 0.4188591 0.2455402 0.1685057 0.2955882 0.1123051 0.1966775 0.3467932 0.2007916 0.0343507 0.1680284 0.1332422 0.1305350 0.7483907 0.1764531 1.3553367 0.0617610 0.0306231 0.1141139 0.1504200 0.2322891 0.1292956 0.1827409 0.3545071 0.2118526 0.2668671 0.0534244 0.0845981 0.3679794 0.0573512 0.2364198 0.1057039 0.1158492 0.2231583 0.2174117 0.0895621 0.2036568 0.4240844 0.0000000 0.0497231 0.1086505 0.1644121 0.3582802 0.1068946 0.0208830 0.1735233 0.2909924 0.0539269 0.1908049 0.0637524 0.3491418 0.2003729 0.1942560 0.0684015 0.1308395 0.1094431 1.0599340 0.0985609 0.2280398 0.2849419 0.3518297 0.8946896 0.0431300 0.7945649 0.7088832 0.1898080 0.1100707 0.0262353 0.6844446 0.3622301 0.2701460 0.0418387 0.4337738 0.2725309 0.1286234 0.4767460 
Perityle_incana_3_ucla                     0.1722246 0.4799558 0.1265796 0.1371283 0.2121311 0.2498124 0.3182483 0.1445648 0.1173184 0.0552558 0.0542068 0.0691027 0.2748738 0.1005078 0.0411655 0.1901207 0.1338562 0.0379297 0.7601582 0.0587916 9.0000000 0.0521976 0.0480268 0.0574966 0.0695475 0.0867542 0.1372399 0.2028629 0.3068257 0.1962826 0.1511996 0.0449116 0.1413177 0.3165614 0.0594369 0.1275832 0.0985720 0.0613245 0.0718086 0.1653967 0.0551604 0.1897313 0.1516062 0.0497231 0.0000000 0.0614286 0.0603032 0.3149941 0.0553019 0.0589580 0.0606417 0.2686535 0.0469684 0.1290027 0.0642905 0.2924869 0.0662855 0.0882041 0.0694971 0.1185214 0.1151395 0.5039418 0.0566112 0.1250359 0.2764770 0.2643441 0.7210840 0.0569439 0.6844676 0.7818053 0.0664325 0.0748798 0.0473836 9.0000000 0.2770165 0.1690680 0.0491602 0.2818228 0.3047073 0.0599102 0.2672070 
Perityle_intricata_59_Clark_mtns           0.3139260 0.6035451 0.1334020 0.1336358 0.2096813 0.2717352 0.3757939 0.2651642 0.1532026 0.1862967 0.0137727 0.1677260 0.3975766 0.1055956 0.1101318 0.1809401 0.1733222 0.1398029 0.6724017 0.1085306 0.9185184 0.0730011 0.0164583 0.0151473 0.1520815 0.1968859 0.1923749 0.2389532 0.3545379 0.1740504 0.2685688 0.1782474 0.1179831 0.3834472 0.1640504 0.2578032 0.1046780 0.1231121 0.1660414 0.1842226 0.0062542 0.1673125 0.4425807 0.1086505 0.0614286 0.0000000 0.1582818 0.3696142 0.0764384 0.0069635 0.1485477 0.3077575 0.0947250 0.1937736 0.0966077 0.3931238 0.1980583 0.1843309 0.0660610 0.1668949 0.1162550 0.7539226 0.0802377 0.2369384 0.3028404 0.3532870 0.5820022 0.1215996 0.8351661 0.8327193 0.1611516 0.0279246 0.1038481 0.6892723 0.3751618 0.2502884 0.0451696 0.4440446 0.3152595 0.0125993 0.4279888 
