84
Amauria_brandeegeana_62                    0.0000000 9.0000000 0.0829765 0.1406158 0.0895816 9.0000000 0.1518194 0.2042139 0.2538947 0.0932000 0.1111193 0.0924735 0.0888403 0.0814192 0.1468379 0.0678664 0.0882070 0.1124947 0.0781567 0.0823362 0.0633608 0.0937594 0.0376288 0.1398209 0.0628035 0.1083885 0.0986709 0.2907013 0.3197953 0.1140202 0.0855217 0.1088093 0.1023783 0.2582311 0.0927140 0.0382902 0.0993951 0.1096442 0.0948099 0.0925070 0.1015327 0.1051007 0.5065219 0.0830375 0.0983049 9.0000000 0.1496654 9.0000000 0.0884638 0.1078504 9.0000000 0.0744186 0.0628087 0.0870297 0.1022984 0.0678868 0.0973901 0.0851724 0.0639021 0.1110180 0.1368178 0.1980596 9.0000000 0.0878271 0.0677129 0.0770386 0.0944972 0.0942874 0.1233194 0.1392627 0.0746016 0.1003925 0.0768949 0.1211033 0.1249252 0.1084933 0.0880581 0.0706604 0.1050922 9.0000000 0.1049833 0.0900921 9.0000000 0.1032742 
Amauria_carterae_99_mesa                   9.0000000 0.0000000 0.0490742 0.2308514 0.1638625 0.0826036 0.1832898 0.1640931 0.2921277 0.5089668 0.1670166 0.1164768 0.1317339 0.1181560 0.1188045 0.1272393 0.1370639 0.1450956 0.1882148 0.1259485 0.1164836 0.1264211 0.1118506 0.1298584 0.1551390 0.1267354 0.1282261 0.1442827 0.1295014 0.1581144 0.1718231 0.2398082 0.1190152 0.1264385 0.1284647 0.0967158 0.1358699 0.1162442 0.1327303 0.1376034 0.1108577 0.1223928 0.1367647 0.1202315 0.1364183 0.1406236 0.1199319 0.1127358 0.1302158 0.1287397 0.1350035 0.1133922 0.1120026 0.1043062 0.1291487 0.1165653 0.3141421 0.1390961 0.1301220 0.1292424 0.1301617 0.1147047 0.1233991 0.1725825 0.1114562 0.1322916 0.1332720 0.1126222 0.1873251 9.0000000 0.0748020 0.1412639 0.1033346 0.1569768 0.1319501 0.1351674 0.1329816 0.1045751 0.2083189 0.1373693 0.1360646 0.1368845 0.1062007 0.1315009 
Amauria_rotundifolia_SRR9119150            0.0829765 0.0490742 0.0000000 0.2159301 0.1846519 0.1249483 0.1739671 0.1442981 0.3453399 0.1379988 0.1554398 0.1665828 0.1875617 0.1381157 0.1470783 0.1666301 0.1738341 0.1610371 0.1068267 0.1550257 0.1144751 0.1336619 0.1072992 0.1831041 0.2084608 0.1781051 0.1814623 0.2182261 0.1250905 0.1475638 0.1123233 0.1429275 0.1660146 0.1711495 0.1750687 0.0278514 0.1905379 0.1522570 0.1980093 0.1653158 0.1615366 0.1678025 0.2134926 0.1379699 0.1678752 0.2350104 0.1771376 0.2144203 0.1829700 0.1732765 0.1948435 0.1336288 0.1678986 0.1404430 0.1845167 0.1162889 0.1069188 0.1058470 0.1266405 0.1762149 0.1883875 0.1017315 0.0872532 0.1793381 0.0783112 0.1701518 0.1160138 0.1665606 0.1567986 0.1839958 0.0611937 0.1689926 0.1649601 0.1471160 0.1819731 0.1748585 0.1826469 0.0767388 0.1646151 0.2213346 0.1625193 0.1756139 0.0837185 0.1467204 
Conoclinium_coelestinum_SRR9119114         0.1406158 0.2308514 0.2159301 0.0000000 0.3032326 0.1812498 0.1952329 0.2027833 0.3568597 0.2374552 0.2818786 0.2476344 0.2513580 0.2419383 0.2586301 0.2035278 0.2651779 0.3018937 0.2875051 0.2576146 0.2423034 0.2579354 0.1809187 0.2657481 0.3345898 0.2552782 0.2616187 0.2981165 0.2416267 0.2507592 0.2091081 0.2688477 0.2553303 0.2964994 0.2568873 0.1998702 0.2760065 0.2504710 0.2791505 0.2396319 0.2633190 0.2564013 0.2898253 0.2424238 0.2816407 0.2890180 0.2631476 0.2568394 0.2494976 0.2645935 0.2774143 0.2350068 0.2441604 0.2194064 0.2606710 0.2523926 0.2497369 0.2568827 0.2217149 0.2657252 0.2649759 0.2314679 0.2069513 0.2435334 0.1884754 0.2610804 0.2418417 0.2589723 0.2658670 0.2548220 0.2324456 0.2675574 0.2329870 0.2588897 0.2693876 0.2702016 0.2615154 0.1891057 0.2772047 0.2702445 0.2527442 0.2567517 0.2381943 0.2622133 
Eutetras_palmeri_63                        0.0895816 0.1638625 0.1846519 0.3032326 0.0000000 0.0199244 0.1841374 0.2264298 0.4570626 0.1468654 0.0868048 0.1703069 0.1694019 0.1443457 0.1528278 0.1714428 0.1890040 0.2132329 0.1636819 0.1710157 0.1259570 0.1587045 0.1256769 0.1659599 0.2232369 0.1546014 0.1664980 0.2188272 0.1575565 0.1534906 0.1311280 0.1664163 0.1508214 0.1889714 0.1686913 0.1177497 0.2136622 0.1526468 0.1978402 0.1733452 0.1469658 0.1606242 0.2174365 0.1455987 0.2195517 0.2269573 0.1590479 0.1965311 0.1591162 0.1688903 0.2017821 0.1390987 0.1679282 0.1439151 0.1637648 0.1527476 0.1162901 0.1588775 0.1546292 0.1638291 0.1591824 0.1621352 0.1456596 0.1674396 0.1381693 0.1688698 0.1507298 0.1560947 0.1019500 0.1168501 0.0904709 0.1803718 0.1535674 0.1504875 0.1702739 0.1659576 0.1874100 0.0998642 0.1071306 0.2271722 0.1700153 0.1713739 0.1435791 0.1648555 
Eutetras_pringlei_149_quer                 9.0000000 0.0826036 0.1249483 0.1812498 0.0199244 0.0000000 0.1890969 0.1580270 0.3176536 9.0000000 0.0721837 0.1806275 0.1584577 0.1542948 0.1696563 0.1671547 0.1593521 0.1009283 0.2277115 0.1805320 0.1591485 0.1706024 0.1683471 0.1317825 0.1446653 0.1643677 0.1664139 0.1166614 0.0684874 0.1304966 9.0000000 0.4632545 0.1046234 0.0948526 0.1824261 0.0825510 0.0943261 0.1660571 0.1008843 0.1793496 0.1604973 0.1690483 0.0877563 0.1538367 0.0916885 0.0991820 0.1686418 0.1023082 0.1652266 0.1700703 0.0891665 0.1459587 0.1562129 0.1574512 0.1737204 0.1644180 9.0000000 0.1375622 0.1722883 0.1655193 0.1591686 0.0752556 0.1612433 0.1449885 0.1177307 0.1305836 0.0776434 0.1686016 0.0836693 9.0000000 0.0911743 0.1489721 0.1560596 0.1326703 0.1678532 0.1674320 0.1582320 0.0934001 0.1317239 0.0886671 0.1710020 0.1671911 0.1058378 0.1704213 
Eutrochium_fistulosum_SRR9119106           0.1518194 0.1832898 0.1739671 0.1952329 0.1841374 0.1890969 0.0000000 0.1628125 0.3608211 0.1879366 0.1858736 0.1605142 0.1759885 0.1547373 0.1563612 0.1639059 0.1938092 0.2223313 0.1715810 0.1712444 0.1524693 0.1588655 0.1536461 0.1630823 0.2437679 0.1721539 0.1752993 0.1900637 0.1741570 0.1873176 0.1395136 0.1999138 0.1605340 0.2371855 0.1721419 0.1490333 0.1970502 0.1556184 0.1950289 0.1716903 0.1499762 0.1662499 0.1961256 0.1510753 0.1963094 0.1965178 0.1777517 0.1808190 0.1672406 0.1696309 0.1838570 0.1449359 0.1698246 0.1411819 0.1723590 0.1444130 0.1691638 0.1691532 0.1497005 0.1742943 0.1801071 0.1675754 0.1557222 0.1886111 0.1490446 0.1626433 0.1715143 0.1643011 0.1742923 0.1977864 0.1343280 0.1609909 0.1489510 0.1982870 0.1740152 0.1754434 0.1925367 0.1122338 0.1764281 0.1891213 0.1750048 0.1639592 0.1591213 0.1700486 
Galeana_pratensis_104_mex                  0.2042139 0.1640931 0.1442981 0.2027833 0.2264298 0.1580270 0.1628125 0.0000000 0.2408091 0.0000010 0.2252216 0.1352845 0.1370978 0.1321847 0.1054712 0.1386674 0.1697508 0.1149011 0.2056166 0.1512830 0.1323932 0.1156952 0.1958866 0.1724038 0.1398625 0.1363257 0.1512742 0.2015948 0.1594381 0.1645722 0.2927662 0.0739753 0.1386149 0.1181485 0.1568989 0.0951738 0.1965771 0.1418990 0.1953136 0.1627919 0.1316823 0.1410661 0.1942124 0.1298924 0.1940346 0.2019890 0.1488751 0.1767118 0.1390360 0.1461588 0.1932845 0.1291521 0.1367736 0.1301137 0.1536376 0.1399904 0.3027641 0.1567893 0.1155456 0.1433067 0.1406477 0.1569281 0.1914284 0.1895276 0.0927108 0.1733422 0.1602981 0.1478773 0.2651670 0.0000010 0.0846127 0.1447603 0.1029621 0.1641344 0.1439291 0.1433936 0.1320869 0.1032911 0.3008587 0.1962079 0.1442937 0.1770425 0.1507332 0.1416164 
Helianthus_annuus_SRR9119062               0.2538947 0.2921277 0.3453399 0.3568597 0.4570626 0.3176536 0.3608211 0.2408091 0.0000000 0.4246664 0.4193399 0.3799404 0.4084108 0.3998578 0.4078715 0.3478413 0.4252483 0.3617710 0.3474318 0.4043576 0.3733147 0.4029870 0.2144478 0.3852662 0.4775605 0.4029917 0.4208086 0.3844961 0.3435843 0.4319384 0.3201455 0.4547218 0.3768008 0.4637905 0.4227708 0.3530758 0.3818761 0.3883124 0.3734641 0.3873388 0.4453195 0.4154098 0.3924719 0.3893345 0.3573189 0.3992571 0.4189257 0.2579136 0.4089270 0.4084708 0.3799763 0.3788716 0.3974924 0.3272677 0.4117219 0.3859286 0.3427720 0.3786660 0.3314173 0.4195923 0.4128436 0.3023722 0.2106847 0.3153217 0.2985962 0.3717377 0.3430263 0.3750943 0.3910599 0.4330468 0.2607125 0.4231863 0.3781083 0.4448546 0.4159913 0.4147507 0.4157160 0.2562830 0.3961266 0.3785955 0.4242610 0.3906666 0.1982214 0.4179026 
Lycapsus_tenuifolius_17                    0.0932000 0.5089668 0.1379988 0.2374552 0.1468654 9.0000000 0.1879366 0.0000010 0.4246664 0.0000000 0.1735772 0.1277364 0.1367518 0.1214888 0.1730768 0.0950435 0.1629179 0.1983357 0.1194506 0.1321257 0.1062860 0.1443768 0.0640928 0.1658688 0.1419457 0.1527243 0.1488042 0.5586716 0.3808344 0.0191763 0.0249419 0.1293341 0.1289313 0.3307179 0.1474078 0.0992109 0.1740133 0.1486055 0.1389856 0.1337724 0.1455808 0.1470371 0.5666968 0.1256563 0.1593606 0.5679237 0.1819509 0.5008286 0.1358261 0.1518266 0.5298974 0.1179220 0.1642043 0.1172244 0.1372647 0.1127597 0.1068000 0.1673705 0.1062111 0.1623871 0.1744827 0.3477860 9.0000000 0.1236304 0.0828849 0.1141683 0.1190405 0.1325386 0.1878921 0.1961014 0.1280374 0.1538206 0.1251329 0.0198800 0.1719505 0.1583717 0.1341921 0.0846591 0.1795077 0.6011508 0.1617002 0.1364079 0.3348285 0.1607417 
Pericome_caudata_50_silver                 0.1111193 0.1670166 0.1554398 0.2818786 0.0868048 0.0721837 0.1858736 0.2252216 0.4193399 0.1735772 0.0000000 0.1805521 0.1628029 0.1486041 0.1905587 0.1530529 0.1723587 0.1773149 0.1725398 0.1648171 0.1333746 0.1650379 0.1247763 0.1878035 0.1953627 0.1675366 0.1667438 0.2077425 0.1800476 0.1585591 0.1520514 0.1753572 0.1530649 0.2157501 0.1651619 0.1184500 0.1982168 0.1618069 0.1951662 0.1725958 0.1644876 0.1676195 0.2087412 0.1555964 0.1981648 0.2169919 0.1784698 0.1592852 0.1610517 0.1706295 0.2023418 0.1485876 0.1534067 0.1376886 0.1691520 0.1556377 0.1518929 0.1612806 0.1337002 0.1703889 0.1809368 0.1720893 0.1517917 0.1731475 0.1433034 0.1741508 0.1646019 0.1570864 0.0671986 0.1031978 0.1162851 0.1858660 0.1495628 0.1704055 0.1783684 0.1740465 0.1537376 0.1048279 0.0662969 0.2199753 0.1749711 0.1715169 0.1548144 0.1680974 
Perityle_aglossa_84_dead_horse             0.0924735 0.1164768 0.1665828 0.2476344 0.1703069 0.1806275 0.1605142 0.1352845 0.3799404 0.1277364 0.1805521 0.0000000 0.0552433 0.0337761 0.0427157 0.0512795 0.0832369 0.1839152 0.1282913 0.0467200 0.0400576 0.0514214 0.0797967 0.0524545 0.0992255 0.0543177 0.0751497 0.1667417 0.1445104 0.1039186 0.1051483 0.1921514 0.1019914 0.1513575 0.0530390 0.0914859 0.1838788 0.0431182 0.1541325 0.0570726 0.0263439 0.0499653 0.1824686 0.0398765 0.1810309 0.1792709 0.0485597 0.2322839 0.0577007 0.0522017 0.1731410 0.0310192 0.0513764 0.0380853 0.0560403 0.0272013 0.1028699 0.1489491 0.0608480 0.0512614 0.0591186 0.1404735 0.1417095 0.1407689 0.0666389 0.0145942 0.1289891 0.0438828 0.1668158 0.1716056 0.0295034 0.0527225 0.0407752 0.1069911 0.0552985 0.0560662 0.0733522 0.0445121 0.1709129 0.1669887 0.0568389 0.0195179 0.1194996 0.0520535 
Perityle_ajoensis_204                      0.0888403 0.1317339 0.1875617 0.2513580 0.1694019 0.1584577 0.1759885 0.1370978 0.4084108 0.1367518 0.1628029 0.0552433 0.0000000 0.0257558 0.0554892 0.0698577 0.0784696 0.1804647 0.1195124 0.0569516 0.0328698 0.0381124 0.0724471 0.0738738 0.1064464 0.0581456 0.0790976 0.1876899 0.1458095 0.1054872 0.1037404 0.1320270 0.1273727 0.1518051 0.0534599 0.0829609 0.2002542 0.0422313 0.1769954 0.0624292 0.0386250 0.0581734 0.1928730 0.0066080 0.1747833 0.2073583 0.0699290 0.1170111 0.0237212 0.0709812 0.1695202 0.0168829 0.0741842 0.0266219 0.0651535 0.0320115 0.0955279 0.1446349 0.0603655 0.0690975 0.0600482 0.1444325 0.1160202 0.1313797 0.0700479 0.0668128 0.1231544 0.0671950 0.1827859 0.1791583 0.0307173 0.0815756 0.0473576 0.1065675 0.0729913 0.0508672 0.0630548 0.0493614 0.1944068 0.1787143 0.0634366 0.0658482 0.1208513 0.0709005 
Perityle_ambrosiifolia_67_green            0.0814192 0.1181560 0.1381157 0.2419383 0.1443457 0.1542948 0.1547373 0.1321847 0.3998578 0.1214888 0.1486041 0.0337761 0.0257558 0.0000000 0.0367142 0.0300379 0.0472827 0.1827245 0.1152104 0.0298215 0.0155677 0.0240005 0.0609603 0.0398058 0.0746340 0.0303798 0.0485888 0.1559284 0.1396026 0.0988287 0.0974607 0.1435874 0.0891267 0.1441836 0.0307412 0.0751794 0.1582688 0.0285414 0.1368742 0.0454119 0.0090020 0.0240608 0.1648806 0.0186312 0.1664603 0.1632188 0.0373871 0.1035266 0.0249841 0.0334021 0.1576584 0.0111232 0.0331598 0.0129684 0.0342287 0.0136518 0.0892171 0.1356486 0.0414743 0.0278932 0.0388827 0.1239584 0.1093244 0.1261822 0.0574822 0.0287617 0.1152271 0.0273510 0.1658822 0.1732077 0.0181930 0.0326563 0.0138335 0.1003534 0.0312297 0.0318610 0.0337373 0.0348607 0.1642434 0.1500106 0.0338203 0.0244252 0.1064536 0.0278678 
Perityle_angustifolia_13_Eagle_creek       0.1468379 0.1188045 0.1470783 0.2586301 0.1528278 0.1696563 0.1563612 0.1054712 0.4078715 0.1730768 0.1905587 0.0427157 0.0554892 0.0367142 0.0000000 0.0496519 0.0764983 0.1802396 0.1426053 0.0374387 0.0448902 0.0515687 0.0459780 0.0466919 0.0916546 0.0468183 0.0750215 0.1561037 0.1387526 0.1242857 0.1084810 0.1908827 0.1164084 0.1459172 0.0423476 0.1013626 0.1793188 0.0373719 0.1555694 0.0575175 0.0178926 0.0477894 0.1580334 0.0456134 0.1896087 0.1571128 0.0351535 0.0646081 0.0549330 0.0561061 0.1506255 0.0381059 0.0598296 0.0453659 0.0513245 0.0198331 0.1401889 0.1612756 0.0668256 0.0542915 0.0545006 0.1387041 0.0951618 0.1499077 0.0649159 0.0366290 0.1426770 0.0449213 0.1944117 0.2040240 0.0082016 0.0408713 0.0376188 0.1231109 0.0558756 0.0600098 0.0659621 0.0572892 0.1984330 0.1384351 0.0577889 0.0499004 0.1180278 0.0547943 
Perityle_batopilensis_97                   0.0678664 0.1272393 0.1666301 0.2035278 0.1714428 0.1671547 0.1639059 0.1386674 0.3478413 0.0950435 0.1530529 0.0512795 0.0698577 0.0300379 0.0496519 0.0000000 0.0440908 0.1648685 0.1147453 0.0503224 0.0364477 0.0425461 0.0609328 0.0591284 0.1024964 0.0492161 0.0628605 0.1629634 0.1360851 0.0895360 0.0914326 0.1021083 0.1066707 0.1383124 0.0486796 0.0818250 0.1537522 0.0465723 0.1573252 0.0197874 0.0258381 0.0444685 0.1681166 0.0333580 0.1395985 0.1738194 0.0669973 0.1346850 0.0617067 0.0497522 0.1577250 0.0283529 0.0704117 0.0357127 0.0549636 0.0298835 0.0889260 0.1266316 0.0599276 0.0498722 0.0610354 0.1302724 0.1006055 0.1355726 0.0648601 0.0446352 0.1176633 0.0458416 0.1699174 0.1763858 0.0361900 0.0595828 0.0365806 0.0934600 0.0560721 0.0510383 0.0659319 0.0410636 0.1718572 0.1622084 0.0517854 0.0460579 0.1151358 0.0467243 
Perityle_bisetosa_9                        0.0882070 0.1370639 0.1738341 0.2651779 0.1890040 0.1593521 0.1938092 0.1697508 0.4252483 0.1629179 0.1723587 0.0832369 0.0784696 0.0472827 0.0764983 0.0440908 0.0000000 0.2096404 0.1626360 0.0687563 0.0614530 0.0610751 0.0593435 0.0771293 0.1274819 0.0592548 0.0908216 0.1892306 0.1718333 0.1260676 0.1510676 0.1941798 0.1403251 0.1580702 0.0596961 0.1284522 0.1953727 0.0637345 0.1901278 0.0847857 0.0458555 0.0570187 0.1901839 0.0465397 0.1943618 0.2001482 0.0750120 0.1515806 0.0634013 0.0708195 0.1803591 0.0465586 0.0830533 0.0325002 0.0651599 0.0520877 0.1603396 0.1779392 0.0852763 0.0636153 0.0718258 0.1645661 0.1173080 0.1803051 0.0909494 0.0660548 0.1637385 0.0582460 0.1904933 0.2248957 0.1100151 0.0695629 0.0464090 0.1302252 0.0741586 0.0682477 0.0830240 0.0526745 0.1937241 0.1815633 0.0611136 0.0636889 0.1396835 0.0641436 
Perityle_californica_76_positas            0.1124947 0.1450956 0.1610371 0.3018937 0.2132329 0.1009283 0.2223313 0.1149011 0.3617710 0.1983357 0.1773149 0.1839152 0.1804647 0.1827245 0.1802396 0.1648685 0.2096404 0.0000000 0.1965692 0.1935314 0.1871151 0.1823238 0.1295821 0.1735364 0.1973344 0.1821491 0.1852255 0.1901450 0.2066743 0.1940922 0.1773633 0.1295874 0.1654424 0.2717180 0.1947174 0.1891517 0.2230291 0.1813666 0.2091324 0.1922945 0.1772877 0.1891664 0.2123245 0.1725339 0.2140713 0.2094850 0.1913846 0.0837732 0.1810990 0.1916125 0.2000897 0.1772117 0.1884144 0.1012087 0.1873314 0.1837193 0.1949890 0.1922880 0.1764660 0.1932804 0.1906729 0.1601021 0.0742452 0.2029664 0.1184887 0.1756738 0.2007411 0.1768010 0.2019108 0.2433225 0.1179967 0.2258988 0.1697075 0.1970930 0.1929536 0.1958875 0.1785400 0.1317291 0.2047875 0.2114667 0.1896935 0.1805762 0.0844112 0.1903837 
Perityle_canescens_77                      0.0781567 0.1882148 0.1068267 0.2875051 0.1636819 0.2277115 0.1715810 0.2056166 0.3474318 0.1194506 0.1725398 0.1282913 0.1195124 0.1152104 0.1426053 0.1147453 0.1626360 0.1965692 0.0000000 0.1300301 0.1143154 0.1317573 0.1168512 0.1498544 0.1622483 0.1282952 0.1293117 0.1434941 0.1359568 0.1486759 0.1404201 0.1351075 0.1159941 0.2064525 0.1322828 0.1076947 0.1395863 0.1290525 0.1087120 0.1250365 0.1226065 0.1266593 0.1493708 0.1112477 0.1540746 0.1434115 0.1274803 0.1801373 0.1211233 0.1398877 0.1378378 0.1084243 0.1464451 0.1081754 0.1237584 0.1211934 0.0546119 0.1085030 0.1233576 0.1363278 0.1368626 0.1376569 0.1526165 0.0769732 0.1225599 0.1499696 0.0996910 0.1171914 0.1587267 0.1579104 0.1054563 0.1460389 0.1095275 0.1458038 0.1378776 0.1437631 0.1259582 0.1179212 0.1694128 0.1014799 0.1286064 0.1433371 0.1501428 0.1367778 
Perityle_castillonii_96                    0.0823362 0.1259485 0.1550257 0.2576146 0.1710157 0.1805320 0.1712444 0.1512830 0.4043576 0.1321257 0.1648171 0.0467200 0.0569516 0.0298215 0.0374387 0.0503224 0.0687563 0.1935314 0.1300301 0.0000000 0.0328124 0.0402155 0.0709854 0.0532565 0.0938404 0.0484877 0.0671092 0.1790421 0.1632265 0.1103275 0.1199953 0.1443491 0.1041291 0.1617403 0.0140713 0.0852243 0.1817628 0.0256924 0.1578297 0.0631749 0.0273965 0.0476617 0.1881958 0.0384105 0.1774623 0.1870715 0.0392108 0.1137023 0.0529965 0.0558165 0.1766430 0.0289161 0.0600629 0.0294369 0.0480831 0.0198015 0.1039589 0.1529578 0.0587143 0.0550230 0.0579049 0.1489500 0.1269462 0.1353479 0.0656450 0.0386082 0.1341537 0.0441310 0.1906196 0.1686592 0.0171004 0.0478468 0.0331680 0.1099978 0.0620911 0.0563323 0.0528724 0.0437129 0.1958627 0.1695662 0.0498496 0.0451073 0.1335606 0.0545996 
Perityle_cernua_84                         0.0633608 0.1164836 0.1144751 0.2423034 0.1259570 0.1591485 0.1524693 0.1323932 0.3733147 0.1062860 0.1333746 0.0400576 0.0328698 0.0155677 0.0448902 0.0364477 0.0614530 0.1871151 0.1143154 0.0328124 0.0000000 0.0198264 0.0666750 0.0355960 0.0855155 0.0293388 0.0521931 0.1590737 0.1489564 0.0930649 0.0958557 0.1216690 0.0813027 0.1528534 0.0351992 0.0708149 0.1649567 0.0292728 0.1373457 0.0445974 0.0175406 0.0286807 0.1755234 0.0206800 0.1624465 0.1723497 0.0412708 0.1017699 0.0314112 0.0355593 0.1665196 0.0111462 0.0357848 0.0080231 0.0373648 0.0229968 0.0827526 0.1367496 0.0445333 0.0343846 0.0376613 0.1295719 0.1091489 0.1185744 0.0520664 0.0303528 0.1192831 0.0307919 0.1507737 0.1553053 0.0190162 0.0474575 0.0158263 0.0962479 0.0387023 0.0364894 0.0335393 0.0328573 0.1561254 0.1550160 0.0374589 0.0332796 0.1159106 0.0342618 
Perityle_cfvillosa_25_tin                  0.0937594 0.1264211 0.1336619 0.2579354 0.1587045 0.1706024 0.1588655 0.1156952 0.4029870 0.1443768 0.1650379 0.0514214 0.0381124 0.0240005 0.0515687 0.0425461 0.0610751 0.1823238 0.1317573 0.0402155 0.0198264 0.0000000 0.0515006 0.0381470 0.0770650 0.0102388 0.0627933 0.1592260 0.1512325 0.1124808 0.1044584 0.1489789 0.1051739 0.1523022 0.0395815 0.0868566 0.1616129 0.0398665 0.1387426 0.0557080 0.0259900 0.0344303 0.1642665 0.0223842 0.1716967 0.1640518 0.0416456 0.0772744 0.0372118 0.0110416 0.1553598 0.0227823 0.0416141 0.0116754 0.0421531 0.0298958 0.1038527 0.1484414 0.0466432 0.0060765 0.0101409 0.1343286 0.1153149 0.1346455 0.0675202 0.0412734 0.1246687 0.0378089 0.1724434 0.1645738 0.0310011 0.0511907 0.0205170 0.1142377 0.0086287 0.0073828 0.0269628 0.0243560 0.1735136 0.1491324 0.0448783 0.0372424 0.1238782 0.0050876 
Perityle_cinerea_113_Powell1310            0.0376288 0.1118506 0.1072992 0.1809187 0.1256769 0.1683471 0.1536461 0.1958866 0.2144478 0.0640928 0.1247763 0.0797967 0.0724471 0.0609603 0.0459780 0.0609328 0.0593435 0.1295821 0.1168512 0.0709854 0.0666750 0.0515006 0.0000000 0.0684934 0.0461495 0.0609416 0.0779037 0.1735204 0.1414221 0.0944360 0.0558463 0.0593793 0.0966701 0.1191794 0.0672232 0.0698406 0.1408749 0.0478295 0.1395566 0.0763394 0.0617257 0.0675664 0.1885640 0.0650896 0.1229867 0.1781838 0.0632639 0.1101464 0.0725871 0.0754227 0.1732914 0.0611462 0.0624999 0.0382410 0.0805510 0.0600350 0.0779629 0.1181479 0.0461782 0.0755676 0.0758001 0.1116595 0.1015506 0.1204521 0.0331953 0.0741673 0.1145197 0.0733807 0.1184367 0.0711505 0.0175721 0.0670999 0.0621768 0.0881995 0.0790931 0.0664875 0.0830760 0.0324939 0.1239949 0.1724126 0.0747875 0.0756039 0.1145575 0.0765555 
Perityle_coahuilensis_24                   0.1398209 0.1298584 0.1831041 0.2657481 0.1659599 0.1317825 0.1630823 0.1724038 0.3852662 0.1658688 0.1878035 0.0524545 0.0738738 0.0398058 0.0466919 0.0591284 0.0771293 0.1735364 0.1498544 0.0532565 0.0355960 0.0381470 0.0684934 0.0000000 0.0851197 0.0625354 0.0815444 0.1446731 0.1404220 0.1094199 0.1033021 0.1889530 0.1066777 0.1488063 0.0558657 0.0752447 0.1796941 0.0438344 0.1626358 0.0599601 0.0226341 0.0366804 0.1624516 0.0413533 0.1730905 0.1640463 0.0669675 0.1590143 0.0658372 0.0502273 0.1517092 0.0283789 0.0508607 0.0388296 0.0581431 0.0234006 0.1269429 0.1404919 0.0565956 0.0480829 0.0668414 0.1419083 0.1339106 0.1717428 0.0616091 0.0518305 0.1486083 0.0512560 0.1944120 0.1907873 0.0178685 0.0534276 0.0265229 0.1210075 0.0579969 0.0494314 0.0666334 0.0462574 0.2055758 0.1502352 0.0645659 0.0495572 0.1319559 0.0469987 
Perityle_cochisensis_44_cave_creek         0.0628035 0.1551390 0.2084608 0.3345898 0.2232369 0.1446653 0.2437679 0.1398625 0.4775605 0.1419457 0.1953627 0.0992255 0.1064464 0.0746340 0.0916546 0.1024964 0.1274819 0.1973344 0.1622483 0.0938404 0.0855155 0.0770650 0.0461495 0.0851197 0.0000000 0.0854469 0.1160870 0.2244372 0.2374157 0.1653996 0.1404783 0.1644824 0.1601924 0.2310025 0.0956038 0.1031077 0.2396590 0.0919362 0.2078000 0.1028721 0.0759148 0.0887010 0.2390608 0.0799720 0.2177432 0.2466325 0.0918987 0.1195882 0.0992954 0.0919821 0.2292924 0.0738569 0.1176298 0.0379192 0.0960557 0.0877449 0.1023116 0.1759875 0.1339670 0.0887525 0.0873667 0.1750237 0.1045974 0.1677184 0.1141724 0.0950559 0.1841322 0.0828299 0.2603937 0.1957403 0.0316722 0.1174919 0.0774894 0.1622829 0.0917313 0.0846100 0.0834687 0.0738928 0.2669658 0.2386058 0.0988854 0.0991300 0.1197815 0.0951848 
Perityle_congesta_202                      0.1083885 0.1267354 0.1781051 0.2552782 0.1546014 0.1643677 0.1721539 0.1363257 0.4029917 0.1527243 0.1675366 0.0543177 0.0581456 0.0303798 0.0468183 0.0492161 0.0592548 0.1821491 0.1282952 0.0484877 0.0293388 0.0102388 0.0609416 0.0625354 0.0854469 0.0000000 0.0746405 0.1587235 0.1461865 0.1077325 0.1068352 0.1802659 0.1188189 0.1418520 0.0492322 0.0840426 0.1866334 0.0468410 0.1601709 0.0584713 0.0186156 0.0370062 0.1659328 0.0268963 0.1813092 0.1705279 0.0653269 0.1219384 0.0518097 0.0118030 0.1559247 0.0210140 0.0471507 0.0189027 0.0505329 0.0225813 0.1204128 0.1449317 0.0510758 0.0106945 0.0211985 0.1360867 0.0958123 0.1469122 0.0603149 0.0547857 0.1342721 0.0446967 0.1754393 0.2104143 0.0303109 0.0465087 0.0322150 0.1127172 0.0218168 0.0096486 0.0492739 0.0225936 0.1787153 0.1488124 0.0486198 0.0382184 0.1156408 0.0063640 
Perityle_cordifolia_27                     0.0986709 0.1282261 0.1814623 0.2616187 0.1664980 0.1664139 0.1752993 0.1512742 0.4208086 0.1488042 0.1667438 0.0751497 0.0790976 0.0485888 0.0750215 0.0628605 0.0908216 0.1852255 0.1293117 0.0671092 0.0521931 0.0627933 0.0779037 0.0815444 0.1160870 0.0746405 0.0000000 0.1749751 0.1500599 0.1126653 0.1003791 0.1719840 0.1170019 0.1493625 0.0694751 0.0973707 0.1895380 0.0605424 0.1699765 0.0699869 0.0446253 0.0698852 0.1819129 0.0506858 0.1782060 0.1819010 0.0832095 0.1582669 0.0706808 0.0728278 0.1690090 0.0405951 0.0750900 0.0444535 0.0593911 0.0441075 0.1145169 0.1541929 0.0494568 0.0752899 0.0808157 0.1392195 0.1120667 0.1469362 0.0753782 0.0712212 0.1318665 0.0610768 0.1804578 0.1976181 0.0499768 0.0849071 0.0585578 0.1179435 0.0780687 0.0712235 0.0842324 0.0580250 0.1855461 0.1664527 0.0767314 0.0728491 0.1230385 0.0756453 
Perityle_cordifolia_68_tecolote            0.2907013 0.1442827 0.2182261 0.2981165 0.2188272 0.1166614 0.1900637 0.2015948 0.3844961 0.5586716 0.2077425 0.1667417 0.1876899 0.1559284 0.1561037 0.1629634 0.1892306 0.1901450 0.1434941 0.1790421 0.1590737 0.1592260 0.1735204 0.1446731 0.2244372 0.1587235 0.1749751 0.0000000 0.1190831 0.1761108 0.1478816 0.2650778 0.1385711 0.1412350 0.1871243 0.1136409 0.1261388 0.1554227 0.1303447 0.1722151 0.1615141 0.1747327 0.1316646 0.1585388 0.1261971 0.1314053 0.1652570 0.1421845 0.1770411 0.1810476 0.1242781 0.1468305 0.1581379 0.1518807 0.1817525 0.1534336 0.5728570 0.0121494 0.1660935 0.1743980 0.1756403 0.1333121 0.0989997 0.1400201 0.1675220 0.1411561 0.1248903 0.1597995 0.2261767 0.2391446 0.0785582 0.2009752 0.1522981 0.1650967 0.1774398 0.1745593 0.2231611 0.1224054 0.2467024 0.1006532 0.1662239 0.1397408 0.1075222 0.1684222 
Perityle_coronopifolia_28_patagonia        0.3197953 0.1295014 0.1250905 0.2416267 0.1575565 0.0684874 0.1741570 0.1594381 0.3435843 0.3808344 0.1800476 0.1445104 0.1458095 0.1396026 0.1387526 0.1360851 0.1718333 0.2066743 0.1359568 0.1632265 0.1489564 0.1512325 0.1414221 0.1404220 0.2374157 0.1461865 0.1500599 0.1190831 0.0000000 0.1500863 0.1342143 0.3892793 0.1202499 0.1258371 0.1630707 0.1356879 0.0907650 0.1407068 0.0917200 0.1434862 0.1312171 0.1429259 0.0846732 0.1327521 0.0949436 0.0896469 0.1477062 0.1151572 0.1474195 0.1544439 0.0809116 0.1264935 0.1358334 0.1237069 0.1500728 0.1352441 0.2975850 0.0790554 0.1421210 0.1504576 0.1546057 0.0618271 0.0626199 0.1261016 0.1656938 0.1451017 0.0333154 0.1343291 0.1980229 0.4300641 0.0754498 0.1506018 0.1278032 0.1482556 0.1526411 0.1562353 0.1880130 0.1168532 0.2158339 0.0741885 0.1491144 0.1333506 0.0560531 0.1536379 
Perityle_crassifolia_70_ventanas           0.1140202 0.1581144 0.1475638 0.2507592 0.1534906 0.1304966 0.1873176 0.1645722 0.4319384 0.0191763 0.1585591 0.1039186 0.1054872 0.0988287 0.1242857 0.0895360 0.1260676 0.1940922 0.1486759 0.1103275 0.0930649 0.1124808 0.0944360 0.1094199 0.1653996 0.1077325 0.1126653 0.1761108 0.1500863 0.0000000 0.0315374 0.1273004 0.1273114 0.1043283 0.1189697 0.1193562 0.1682003 0.1011853 0.1641237 0.1075542 0.0968300 0.1085543 0.1902082 0.0958027 0.1718021 0.1869120 0.1191962 0.1291709 0.1051667 0.1158005 0.1840120 0.0928834 0.1140705 0.0733187 0.1116701 0.0979956 0.1216115 0.1537576 0.1075959 0.1163105 0.1165103 0.1385306 0.0910983 0.1645430 0.1146254 0.0984350 0.1357449 0.1078690 0.1690667 0.1707686 0.0835581 0.1344771 0.0964643 0.0027043 0.1190597 0.1175932 0.1186958 0.0896856 0.1749957 0.1815691 0.1221120 0.1076246 0.1014716 0.1203221 
Perityle_crassifolia_74_playa_balandra     0.0855217 0.1718231 0.1123233 0.2091081 0.1311280 9.0000000 0.1395136 0.2927662 0.3201455 0.0249419 0.1520514 0.1051483 0.1037404 0.0974607 0.1084810 0.0914326 0.1510676 0.1773633 0.1404201 0.1199953 0.0958557 0.1044584 0.0558463 0.1033021 0.1404783 0.1068352 0.1003791 0.1478816 0.1342143 0.0315374 0.0000000 0.1096377 0.1305576 0.1995177 0.1190616 0.0957724 0.1627999 0.1018857 0.1422960 0.1147073 0.0912152 0.1040975 0.1904784 0.0950974 0.1686599 0.1576909 0.1094297 0.1015034 0.1035273 0.1114709 0.1878992 0.0925688 0.1099243 0.0636677 0.1013710 0.1064497 0.1237744 0.1332291 0.0935405 0.1111900 0.1078540 0.1151845 0.0821072 0.1311673 0.0812983 0.0975455 0.1263802 0.1063513 0.1229101 0.1152073 0.1130149 0.1127776 0.0945820 0.0315374 0.1111606 0.1140631 0.0946907 0.0842226 0.1295140 0.1569808 0.1117423 0.1101696 0.1348504 0.1138033 
Perityle_cuneata_34_cuneata_San_antonio    0.1088093 0.2398082 0.1429275 0.2688477 0.1664163 0.4632545 0.1999138 0.0739753 0.4547218 0.1293341 0.1753572 0.1921514 0.1320270 0.1435874 0.1908827 0.1021083 0.1941798 0.1295874 0.1351075 0.1443491 0.1216690 0.1489789 0.0593793 0.1889530 0.1644824 0.1802659 0.1719840 0.2650778 0.3892793 0.1273004 0.1096377 0.0000000 0.1658955 0.3633554 0.1600131 0.1381151 0.1962724 0.1604504 0.1545954 0.1624454 0.1652785 0.1634890 0.3785159 0.1288960 0.2018807 0.3169265 0.1849263 0.3081713 0.1448601 0.1609028 0.2751245 0.1249288 0.1788889 0.1069802 0.1609192 0.1318028 0.1275679 0.1859486 0.1108675 0.1706337 0.2091511 0.3161509 0.5750594 0.1566049 0.0845790 0.1699277 0.1373408 0.1524719 0.1720025 0.2067417 0.1727506 0.1554463 0.1522804 0.1384722 0.1718306 0.1681871 0.1465704 0.0783967 0.1650737 0.3428258 0.1632237 0.1457625 0.3411755 0.1629897 
Perityle_cuneata_4                         0.1023783 0.1190152 0.1660146 0.2553303 0.1508214 0.1046234 0.1605340 0.1386149 0.3768008 0.1289313 0.1530649 0.1019914 0.1273727 0.0891267 0.1164084 0.1066707 0.1403251 0.1654424 0.1159941 0.1041291 0.0813027 0.1051739 0.0966701 0.1066777 0.1601924 0.1188189 0.1170019 0.1385711 0.1202499 0.1273114 0.1305576 0.1658955 0.0000000 0.1900635 0.1092223 0.0896894 0.1547777 0.0989054 0.1454086 0.1132334 0.0967857 0.1106660 0.1482196 0.0933705 0.1588501 0.1538468 0.1251783 0.1834455 0.1208550 0.1113414 0.1390213 0.0845323 0.1158182 0.0878311 0.1151894 0.0852008 0.1110526 0.1415861 0.1066561 0.1175594 0.1240289 0.0998993 0.1261480 0.1392749 0.0941243 0.0944041 0.1149528 0.1033431 0.1553519 0.1998209 0.0670889 0.1312308 0.0906207 0.1311320 0.1225587 0.1170508 0.1294112 0.0722057 0.1646334 0.1419563 0.1247686 0.1003564 0.1000912 0.1174061 
Perityle_discoidea_81                      0.2582311 0.1264385 0.1711495 0.2964994 0.1889714 0.0948526 0.2371855 0.1181485 0.4637905 0.3307179 0.2157501 0.1513575 0.1518051 0.1441836 0.1459172 0.1383124 0.1580702 0.2717180 0.2064525 0.1617403 0.1528534 0.1523022 0.1191794 0.1488063 0.2310025 0.1418520 0.1493625 0.1412350 0.1258371 0.1043283 0.1995177 0.3633554 0.1900635 0.0000000 0.1620183 0.2587818 0.2179793 0.1282289 0.2147431 0.1577414 0.1266535 0.1488263 0.1538788 0.1445320 0.2283412 0.1508997 0.1523391 0.0818828 0.1525377 0.1551185 0.1479137 0.1385808 0.1349461 0.1112888 0.1518376 0.1418462 0.3467537 0.2154573 0.1504608 0.1500195 0.1513561 0.1158298 0.0387366 0.2542595 0.1841677 0.1447728 0.2064391 0.1580099 0.2210446 0.3659305 0.1296107 0.1851659 0.1412859 0.1039774 0.1559899 0.1610604 0.1809441 0.1556317 0.2246746 0.1479824 0.1564365 0.1544013 0.0657389 0.1537092 
Perityle_dissecta_201                      0.0927140 0.1284647 0.1750687 0.2568873 0.1686913 0.1824261 0.1721419 0.1568989 0.4227708 0.1474078 0.1651619 0.0530390 0.0534599 0.0307412 0.0423476 0.0486796 0.0596961 0.1947174 0.1322828 0.0140713 0.0351992 0.0395815 0.0672232 0.0558657 0.0956038 0.0492322 0.0694751 0.1871243 0.1630707 0.1189697 0.1190616 0.1600131 0.1092223 0.1620183 0.0000000 0.0916476 0.1849674 0.0279372 0.1625704 0.0625963 0.0245817 0.0462618 0.1931427 0.0372361 0.1818578 0.1909711 0.0394966 0.1520971 0.0501788 0.0582276 0.1836752 0.0272940 0.0586695 0.0281085 0.0513077 0.0195859 0.1083381 0.1532150 0.0572083 0.0543887 0.0577907 0.1476425 0.1226551 0.1486861 0.0707670 0.0458461 0.1366495 0.0457312 0.1888645 0.1713427 0.0154102 0.0451482 0.0326667 0.1189018 0.0575090 0.0550246 0.0549791 0.0489235 0.1931828 0.1771482 0.0532240 0.0441950 0.1297289 0.0528097 
Perityle_emoryi_47_punta_san_jose          0.0382902 0.0967158 0.0278514 0.1998702 0.1177497 0.0825510 0.1490333 0.0951738 0.3530758 0.0992109 0.1184500 0.0914859 0.0829609 0.0751794 0.1013626 0.0818250 0.1284522 0.1891517 0.1076947 0.0852243 0.0708149 0.0868566 0.0698406 0.0752447 0.1031077 0.0840426 0.0973707 0.1136409 0.1356879 0.1193562 0.0957724 0.1381151 0.0896894 0.2587818 0.0916476 0.0000000 0.1475606 0.0786811 0.1063900 0.0931022 0.0871513 0.0857115 0.1308974 0.0728032 0.1456209 0.1214251 0.0846253 0.0958235 0.0821981 0.0912006 0.1185996 0.0640736 0.1177656 0.0412623 0.0763295 0.0770840 0.0916187 0.1315958 0.0740787 0.0857687 0.0888400 0.0936339 0.0895827 0.1073569 0.0584776 0.0797349 0.1004595 0.0707869 0.1159386 0.1250132 0.0470377 0.0827679 0.0719754 0.1212301 0.0904011 0.0921264 0.0729501 0.0516717 0.1185194 0.1087681 0.0921583 0.0872994 0.0755532 0.0875878 
Perityle_feddemae_99                       0.0993951 0.1358699 0.1905379 0.2760065 0.2136622 0.0943261 0.1970502 0.1965771 0.3818761 0.1740133 0.1982168 0.1838788 0.2002542 0.1582688 0.1793188 0.1537522 0.1953727 0.2230291 0.1395863 0.1817628 0.1649567 0.1616129 0.1408749 0.1796941 0.2396590 0.1866334 0.1895380 0.1261388 0.0907650 0.1682003 0.1627999 0.1962724 0.1547777 0.2179793 0.1849674 0.1475606 0.0000000 0.1749627 0.0883400 0.1727073 0.1766316 0.1813793 0.0240717 0.1554292 0.0219495 0.0752211 0.1924598 0.1525895 0.1909807 0.1839393 0.0149146 0.1464887 0.1979540 0.1366784 0.1831230 0.1563276 0.1413738 0.1276163 0.1624115 0.1842111 0.1952105 0.0775312 0.0993585 0.1557168 0.1406988 0.1667479 0.1133833 0.1729253 0.2149398 0.2405670 0.1552984 0.1989766 0.1605732 0.1785923 0.1911168 0.1837551 0.1996419 0.1177626 0.2312675 0.0628277 0.1787180 0.1674672 0.0969216 0.1762899 
Perityle_fosteri_93                        0.1096442 0.1162442 0.1522570 0.2504710 0.1526468 0.1660571 0.1556184 0.1418990 0.3883124 0.1486055 0.1618069 0.0431182 0.0422313 0.0285414 0.0373719 0.0465723 0.0637345 0.1813666 0.1290525 0.0256924 0.0292728 0.0398665 0.0478295 0.0438344 0.0919362 0.0468410 0.0605424 0.1554227 0.1407068 0.1011853 0.1018857 0.1604504 0.0989054 0.1282289 0.0279372 0.0786811 0.1749627 0.0000000 0.1473288 0.0495800 0.0152043 0.0414643 0.1612020 0.0313581 0.1743559 0.1596663 0.0335841 0.1065411 0.0413348 0.0460107 0.1515341 0.0180339 0.0226336 0.0274894 0.0462956 0.0094219 0.1231077 0.1416997 0.0366719 0.0414153 0.0503183 0.1276327 0.1133946 0.1440356 0.0650108 0.0448435 0.1316008 0.0409546 0.1715318 0.1589845 0.0065109 0.0365982 0.0292141 0.1112030 0.0457365 0.0445002 0.0524173 0.0393293 0.1730950 0.1460787 0.0487051 0.0418780 0.1174957 0.0416109 
Perityle_gamon_221                         0.0948099 0.1327303 0.1980093 0.2791505 0.1978402 0.1008843 0.1950289 0.1953136 0.3734641 0.1389856 0.1951662 0.1541325 0.1769954 0.1368742 0.1555694 0.1573252 0.1901278 0.2091324 0.1087120 0.1578297 0.1373457 0.1387426 0.1395566 0.1626358 0.2078000 0.1601709 0.1699765 0.1303447 0.0917200 0.1641237 0.1422960 0.1545954 0.1454086 0.2147431 0.1625704 0.1063900 0.0883400 0.1473288 0.0000000 0.1570146 0.1484367 0.1600847 0.0733599 0.1353326 0.0912546 0.0196850 0.1719933 0.1592540 0.1699879 0.1633738 0.0647970 0.1259962 0.1786352 0.1280039 0.1582626 0.1336402 0.0649211 0.1019525 0.1444078 0.1664900 0.1745558 0.0816187 0.0973607 0.1116486 0.1315369 0.1541807 0.0937872 0.1546174 0.2143344 0.2176006 0.1076155 0.1762425 0.1437071 0.1613428 0.1757084 0.1632088 0.1696843 0.1122183 0.2300354 0.0369910 0.1549364 0.1535064 0.0990915 0.1607035 
Perityle_gentryi_8_san_francisco           0.0925070 0.1376034 0.1653158 0.2396319 0.1733452 0.1793496 0.1716903 0.1627919 0.3873388 0.1337724 0.1725958 0.0570726 0.0624292 0.0454119 0.0575175 0.0197874 0.0847857 0.1922945 0.1250365 0.0631749 0.0445974 0.0557080 0.0763394 0.0599601 0.1028721 0.0584713 0.0699869 0.1722151 0.1434862 0.1075542 0.1147073 0.1624454 0.1132334 0.1577414 0.0625963 0.0931022 0.1727073 0.0495800 0.1570146 0.0000000 0.0364109 0.0563473 0.1821559 0.0470238 0.1742106 0.1820739 0.0633934 0.1351803 0.0622537 0.0619596 0.1694774 0.0376060 0.0669663 0.0494663 0.0630094 0.0401225 0.1091664 0.1433156 0.0618201 0.0616612 0.0661344 0.1345594 0.0979290 0.1534062 0.0693334 0.0543663 0.1295062 0.0510183 0.1814967 0.1706103 0.0314167 0.0704624 0.0455254 0.1149680 0.0670876 0.0651877 0.0787687 0.0486585 0.1860555 0.1744843 0.0664391 0.0613967 0.1172229 0.0593873 
Perityle_gilensis_22_Superstition          0.1015327 0.1108577 0.1615366 0.2633190 0.1469658 0.1604973 0.1499762 0.1316823 0.4453195 0.1455808 0.1644876 0.0263439 0.0386250 0.0090020 0.0178926 0.0258381 0.0458555 0.1772877 0.1226065 0.0273965 0.0175406 0.0259900 0.0617257 0.0226341 0.0759148 0.0186156 0.0446253 0.1615141 0.1312171 0.0968300 0.0912152 0.1652785 0.0967857 0.1266535 0.0245817 0.0871513 0.1766316 0.0152043 0.1484367 0.0364109 0.0000000 0.0194280 0.1673104 0.0179896 0.1827404 0.1655221 0.0180391 0.1362051 0.0281888 0.0350372 0.1558135 0.0091732 0.0386304 0.0149186 0.0287836 0.0119943 0.0975917 0.1510951 0.0540631 0.0263633 0.0265431 0.1276163 0.1151750 0.1342651 0.0652122 0.0209860 0.1191781 0.0238896 0.1694896 0.1791367 0.0125950 0.0351004 0.0102287 0.0959329 0.0289020 0.0307052 0.0529777 0.0439234 0.1780196 0.1478924 0.0338872 0.0259059 0.1173635 0.0272845 
Perityle_gilensis_salensis_225             0.1051007 0.1223928 0.1678025 0.2564013 0.1606242 0.1690483 0.1662499 0.1410661 0.4154098 0.1470371 0.1676195 0.0499653 0.0581734 0.0240608 0.0477894 0.0444685 0.0570187 0.1891664 0.1266593 0.0476617 0.0286807 0.0344303 0.0675664 0.0366804 0.0887010 0.0370062 0.0698852 0.1747327 0.1429259 0.1085543 0.1040975 0.1634890 0.1106660 0.1488263 0.0462618 0.0857115 0.1813793 0.0414643 0.1600847 0.0563473 0.0194280 0.0000000 0.1802023 0.0300660 0.1788440 0.1794329 0.0585577 0.1417765 0.0473914 0.0435617 0.1664927 0.0208836 0.0537842 0.0206344 0.0454866 0.0261679 0.1058122 0.1462445 0.0583603 0.0396767 0.0493157 0.1381645 0.1133796 0.1430515 0.0614826 0.0454618 0.1294670 0.0416729 0.1781012 0.1907987 0.0229679 0.0517739 0.0154551 0.1119834 0.0486256 0.0418363 0.0535337 0.0476215 0.1815453 0.1658995 0.0475391 0.0433381 0.1204584 0.0407542 
Perityle_glaucescens_94                    0.5065219 0.1367647 0.2134926 0.2898253 0.2174365 0.0877563 0.1961256 0.1942124 0.3924719 0.5666968 0.2087412 0.1824686 0.1928730 0.1648806 0.1580334 0.1681166 0.1901839 0.2123245 0.1493708 0.1881958 0.1755234 0.1642665 0.1885640 0.1624516 0.2390608 0.1659328 0.1819129 0.1316646 0.0846732 0.1902082 0.1904784 0.3785159 0.1482196 0.1538788 0.1931427 0.1308974 0.0240717 0.1612020 0.0733599 0.1821559 0.1673104 0.1802023 0.0000000 0.1629531 0.0262031 0.0705698 0.1717282 0.1558338 0.1810935 0.1821643 0.0184141 0.1536739 0.1613867 0.1591227 0.1877063 0.1577899 0.5398489 0.1063806 0.1845956 0.1758826 0.1775556 0.0843200 0.0923143 0.1455846 0.1806881 0.1645687 0.1028578 0.1684138 0.2346519 0.4617627 0.1067997 0.2016841 0.1559176 0.1812007 0.1785530 0.1786662 0.2223012 0.1391378 0.2547122 0.0712236 0.1711507 0.1620019 0.0968162 0.1657369 
Perityle_gracilis_11                       0.0830375 0.1202315 0.1379699 0.2424238 0.1455987 0.1538367 0.1510753 0.1298924 0.3893345 0.1256563 0.1555964 0.0398765 0.0066080 0.0186312 0.0456134 0.0333580 0.0465397 0.1725339 0.1112477 0.0384105 0.0206800 0.0223842 0.0650896 0.0413533 0.0799720 0.0268963 0.0506858 0.1585388 0.1327521 0.0958027 0.0950974 0.1288960 0.0933705 0.1445320 0.0372361 0.0728032 0.1554292 0.0313581 0.1353326 0.0470238 0.0179896 0.0300660 0.1629531 0.0000000 0.1638918 0.1632247 0.0408060 0.1068957 0.0026650 0.0321274 0.1551240 0.0141577 0.0352889 0.0202253 0.0379302 0.0216569 0.0883158 0.1372282 0.0396088 0.0291470 0.0313593 0.1259601 0.1139376 0.1192785 0.0602296 0.0305052 0.1139831 0.0314142 0.1718706 0.1663559 0.0223821 0.0439981 0.0153483 0.0975012 0.0326230 0.0309937 0.0378802 0.0298291 0.1709989 0.1524981 0.0331324 0.0334449 0.1145309 0.0267718 
Perityle_harkerae_31                       0.0983049 0.1364183 0.1678752 0.2816407 0.2195517 0.0916885 0.1963094 0.1940346 0.3573189 0.1593606 0.1981648 0.1810309 0.1747833 0.1664603 0.1896087 0.1395985 0.1943618 0.2140713 0.1540746 0.1774623 0.1624465 0.1716967 0.1229867 0.1730905 0.2177432 0.1813092 0.1782060 0.1261971 0.0949436 0.1718021 0.1686599 0.2018807 0.1588501 0.2283412 0.1818578 0.1456209 0.0219495 0.1743559 0.0912546 0.1742106 0.1827404 0.1788440 0.0262031 0.1638918 0.0000000 0.0697501 0.1872580 0.1518991 0.1784598 0.1863549 0.0087163 0.1535009 0.1667869 0.1383765 0.1829309 0.1644984 0.1618344 0.1319998 0.1475869 0.1858684 0.1935496 0.0801145 0.0942211 0.1521767 0.1480111 0.1641475 0.1104355 0.1719961 0.2165266 0.2195184 0.1591319 0.1980443 0.1567891 0.1822640 0.1913895 0.1890048 0.1688580 0.1251573 0.2269607 0.0667330 0.1778843 0.1614583 0.0976732 0.1763792 
