82
Amauria_brandeegeana_62                    0.0000000 0.0587589 0.0776983 0.2937070 0.2550490 0.2667117 0.3540483 0.0036645 0.1127579 0.1077943 0.0837611 0.1029708 0.0837556 0.1197523 0.0987180 0.1775820 0.1115032 0.1010736 0.1083291 0.1272518 0.1591829 0.1030240 0.1106728 0.0965063 0.0895509 0.1116901 0.1152626 0.0733080 0.0753459 0.0829710 0.0790926 0.0056681 0.0912717 0.0753991 0.1167638 0.1075308 0.1123620 0.1141199 0.0992153 0.1236377 0.1096089 0.0868509 0.1119756 0.1022282 0.1923254 0.0933046 0.1109358 0.1163760 0.0989886 0.0976329 0.1180808 0.0850149 0.0856213 0.1189151 0.1105265 0.1212364 0.0965205 0.0986625 0.0820992 0.0704381 0.0970886 0.0757471 0.0988627 0.1064460 0.0978973 0.0983986 0.0783417 0.1069254 0.1100009 0.1034786 0.0900181 0.0943640 0.1041772 0.0966407 0.0630515 0.1061050 0.1291575 0.1157431 0.1068609 0.0891338 0.0929042 0.0755569 
Amauria_carterae_99_mesa                   0.0587589 0.0000000 0.0728627 0.1834932 0.1615903 0.2787868 0.1850656 0.0569592 0.0967121 0.1066361 0.0659852 0.0707075 0.0689363 0.0941884 0.0713777 0.1534932 0.0926918 0.0839010 0.0901112 0.0692249 0.1034505 0.0800703 0.0784572 0.0724004 0.0717792 0.0938347 0.0804501 0.0781658 0.0743239 0.0803013 0.0580233 0.0434806 0.0730669 0.0364940 0.1123624 0.0985698 0.0902196 0.0961494 0.0786403 0.0811777 0.1060290 0.0541687 0.1005370 0.0909532 0.1907079 0.0539301 0.0879128 0.1083242 0.0687416 0.0707564 0.0571141 0.0714509 0.0688554 0.0759096 0.0994234 0.0891781 0.0732959 0.0702420 0.0757187 0.0685828 0.0765233 0.0745171 0.0816813 0.0783574 0.0870911 0.0913954 0.0735999 0.1252427 0.0934139 0.0801505 0.0852351 0.0735689 0.0670493 0.0793667 0.0611982 0.0976504 0.1076605 0.1060316 0.0894647 0.0997856 0.0688450 0.0512161 
Amauria_rotundifolia_SRR9119150            0.0776983 0.0728627 0.0000000 0.2949854 0.2564282 0.3115308 0.3376433 0.0508088 0.1111353 0.1106189 0.0906592 0.0972736 0.0903595 0.1143673 0.0943440 0.1835107 0.1171651 0.1021822 0.1154405 0.1195656 0.1538105 0.1017064 0.1110468 0.0943897 0.0943497 0.1101425 0.1092015 0.0752023 0.0752279 0.0988450 0.0744105 0.0555531 0.0974571 0.0656752 0.1169232 0.1089629 0.1108811 0.1130341 0.0994890 0.1105298 0.1092724 0.0890796 0.1116731 0.1025941 0.2266685 0.0869342 0.1073182 0.1174097 0.0969743 0.0989258 0.0983989 0.0904238 0.0883087 0.1172864 0.1167458 0.1318407 0.0956344 0.0958496 0.0781573 0.0705582 0.1037959 0.0864614 0.0976439 0.1067911 0.1031026 0.1097689 0.0884535 0.1064990 0.1092617 0.1015533 0.0983098 0.0943104 0.0922678 0.1017279 0.0630591 0.1109586 0.1245795 0.1176360 0.1092286 0.0965470 0.0923482 0.0801976 
Eutetras_pringlei_149_quer                 0.2937070 0.1834932 0.2949854 0.0000000 0.3438527 0.3484848 0.2784078 0.2255063 0.3020449 0.2701569 0.2727532 0.2662123 0.2198045 0.2973985 0.2856173 0.2815648 0.2839383 0.2714720 0.2594015 0.2927868 0.2075843 0.2710157 0.2805187 0.2727649 0.2372439 0.2841725 0.3068566 0.2349515 0.1799556 0.2436785 0.2601484 0.2638729 0.2632513 0.2358756 0.3021405 0.2793469 0.2925074 0.2953294 0.2705382 0.2750521 0.3007073 0.2563168 0.2883883 0.2671564 0.2103651 0.2526846 0.2740859 0.2875237 0.2671734 0.2653117 0.2587300 0.2753571 0.2479247 0.2794317 0.2399267 0.2491510 0.2640127 0.2628717 0.2330299 0.1794377 0.2706615 0.2135196 0.2747833 0.2996536 0.2974065 0.3065517 0.2747983 0.2022856 0.2768338 0.2713460 0.2958827 0.2753612 0.2735729 0.2825753 0.1639083 0.3092423 0.3113946 0.2874697 0.2849820 0.2106550 0.2693107 0.2296820 
Eutrochium_fistulosum_SRR9119106           0.2550490 0.1615903 0.2564282 0.3438527 0.0000000 0.2092113 0.3854180 0.1337862 0.2531982 0.1727021 0.2536299 0.2533009 0.2093614 0.2348786 0.2667549 0.2136689 0.2232402 0.2145149 0.2264825 0.2414312 0.2584009 0.2299643 0.2422166 0.2342360 0.2124007 0.2555270 0.2481237 0.1609714 0.1218694 0.2268746 0.2156593 0.2261562 0.2347643 0.1889164 0.2505017 0.2412391 0.2476883 0.2500204 0.2289831 0.2454539 0.2488921 0.2394267 0.2424507 0.2171012 0.4328609 0.2376707 0.2399682 0.2282010 0.2352348 0.2354800 0.2411400 0.2335884 0.2085347 0.2316668 0.1962090 0.2472678 0.2216804 0.2323369 0.1849323 0.1233034 0.2071872 0.1807181 0.2388563 0.2440812 0.2457206 0.2536627 0.2186053 0.1149544 0.2400194 0.2304533 0.2444124 0.2253523 0.2340378 0.2430766 0.1450772 0.2560208 0.2590794 0.2568762 0.2302513 0.1227781 0.2303478 0.1672313 
Galeana_pratensis_104_mex                  0.2667117 0.2787868 0.3115308 0.3484848 0.2092113 0.0000000 0.3352148 0.4370775 0.2898227 0.5438190 0.2753787 0.2751591 0.2695083 0.2979123 0.2818146 0.4732125 0.2994539 0.2816688 0.2275950 0.2711892 0.3189605 0.2841306 0.2763092 0.2767080 0.3112593 0.3031481 0.2956629 0.2817485 0.2608780 0.2396177 0.2568508 0.2240169 0.2446028 0.2490890 0.3030324 0.2861330 0.2862140 0.2928791 0.2778766 0.2866460 0.3041921 0.2581177 0.2968377 0.2785619 0.3004860 0.2641831 0.3021170 0.3073375 0.2642060 0.2875711 0.2760506 0.2863808 0.2753512 0.2913472 0.3107503 0.3069598 0.2508207 0.2755512 0.3155591 0.2845662 0.2801989 0.2924208 0.2640315 0.2881506 0.2943127 0.2587220 0.2506967 0.5211408 0.2840534 0.2841306 0.2723605 0.2688197 0.2682587 0.2887450 0.2560803 0.2545517 0.3097692 0.3097302 0.2646450 0.7318878 0.2869102 0.2285175 
Helianthus_annuus_SRR9119062               0.3540483 0.1850656 0.3376433 0.2784078 0.3854180 0.3352148 0.0000000 0.3569421 0.3450002 0.3915998 0.2838167 0.3031513 0.1990161 0.3390323 0.3018469 0.2659560 0.3297099 0.3241805 0.3361991 0.3368445 0.1776127 0.3261274 0.3295928 0.3212000 0.2504495 0.3493337 0.3401391 0.2467028 0.1791301 0.2830388 0.3231092 0.3199581 0.3249821 0.2722132 0.3389206 0.3310875 0.3443341 0.3368044 0.3224095 0.3275546 0.3405539 0.2864871 0.3395165 0.3146340 0.2692052 0.2917635 0.3294128 0.3422611 0.3159013 0.3065305 0.2899880 0.3160468 0.2941304 0.3171754 0.2790305 0.1996456 0.3307976 0.3219726 0.2149865 0.1296841 0.3157999 0.1649338 0.3337168 0.3396156 0.3271485 0.3436899 0.3184058 0.1975872 0.3300707 0.3256815 0.3627977 0.3248825 0.3136471 0.3239463 0.1073304 0.3455679 0.3493854 0.3441844 0.3422756 0.1350135 0.3254231 0.2854789 
Lycapsus_tenuifolius_17                    0.0036645 0.0569592 0.0508088 0.2255063 0.1337862 0.4370775 0.3569421 0.0000000 0.0845908 0.0721794 0.0626948 0.0758125 0.0556175 0.1059089 0.0640117 0.0940010 0.0876140 0.0762174 0.0872221 0.0859500 0.1190276 0.0765857 0.0980314 0.0730679 0.0529850 0.0851828 0.0960560 0.0356828 0.0456261 0.0800843 0.0430770 0.0000010 0.0825572 0.0246518 0.0952871 0.0886567 0.0782243 0.1054132 0.0745519 0.0860832 0.0862590 0.0662193 0.0868698 0.0787638 0.5148402 0.0646757 0.0824082 0.0872966 0.0765293 0.0787873 0.0597380 0.0590231 0.0645765 0.0724130 0.0752458 0.0929199 0.0810783 0.0779754 0.0689500 0.0484508 0.0840351 0.0518753 0.0706690 0.0971503 0.0747665 0.0795919 0.0631826 0.0686799 0.0843210 0.0765983 0.0436426 0.0768693 0.0662784 0.0762644 0.0364911 0.0838810 0.1041576 0.0882991 0.0841542 0.0635491 0.0743945 0.0707770 
Pericome_caudata_50_silver                 0.1127579 0.0967121 0.1111353 0.3020449 0.2531982 0.2898227 0.3450002 0.0845908 0.0000000 0.1028458 0.0729399 0.0913980 0.0783489 0.1124480 0.0920249 0.1636922 0.1067222 0.0964637 0.0972403 0.1140059 0.1457414 0.1028450 0.1103095 0.0921083 0.1016716 0.1187345 0.1093951 0.0864924 0.0881736 0.0667694 0.0932676 0.0767783 0.0863907 0.0973585 0.1080053 0.0967702 0.1064583 0.1054678 0.1008276 0.1119292 0.1087025 0.0741450 0.1032364 0.0941888 0.2135989 0.1001581 0.1109683 0.1082659 0.0899800 0.0926601 0.1075273 0.0881788 0.0761087 0.1033510 0.1129267 0.1213283 0.0873197 0.1031307 0.0780011 0.0690197 0.0972778 0.0751468 0.1046284 0.0981008 0.1038094 0.0586119 0.0304535 0.0859929 0.0979555 0.1013857 0.1051108 0.0915678 0.1015270 0.0935827 0.0664193 0.0670891 0.1292383 0.1356925 0.0995168 0.0801833 0.0850825 0.0642500 
Perityle_aglossa_84_dead_horse             0.1077943 0.1066361 0.1106189 0.2701569 0.1727021 0.5438190 0.3915998 0.0721794 0.1028458 0.0000000 0.0749375 0.0495623 0.0436705 0.1122493 0.0546329 0.1028291 0.0927938 0.0618984 0.0714427 0.0890352 0.1449980 0.0676318 0.0969253 0.0679890 0.0620123 0.0949593 0.1068425 0.0804847 0.0868982 0.0732346 0.0797431 0.0788831 0.0834138 0.0778521 0.1002182 0.0806373 0.0896591 0.1085456 0.0642966 0.0679194 0.0950965 0.0506129 0.0947123 0.0729746 0.5216411 0.0478932 0.0715164 0.0932766 0.0505962 0.0570927 0.0423511 0.0573999 0.0523080 0.0802078 0.0947414 0.1157177 0.0687123 0.0644452 0.0767313 0.0588000 0.0997423 0.0673196 0.0046535 0.1068777 0.0832312 0.1074769 0.0790155 0.0815836 0.0776958 0.0678216 0.0963842 0.0694315 0.0544134 0.0766888 0.0262096 0.1107575 0.1168281 0.0927124 0.0165619 0.0888840 0.0626540 0.0616632 
Perityle_ajoensis_204                      0.0837611 0.0659852 0.0906592 0.2727532 0.2536299 0.2753787 0.2838167 0.0626948 0.0729399 0.0749375 0.0000000 0.0175273 0.0217795 0.0748147 0.0245999 0.1775049 0.0900389 0.0177249 0.0404492 0.0456814 0.0803055 0.0202914 0.0239275 0.0054639 0.0416489 0.0723375 0.0614927 0.0648332 0.0542936 0.0595338 0.0519247 0.0560258 0.0154824 0.0636776 0.0863233 0.0247758 0.0814628 0.0757623 0.0174471 0.0439717 0.0848067 0.0062873 0.0826623 0.0184235 0.1656361 0.0074752 0.0134684 0.0893312 0.0218207 0.0221913 0.0400027 0.0474929 0.0114355 0.0805969 0.0863609 0.0973334 0.0065105 0.0068090 0.0453918 0.0461372 0.0601860 0.0480275 0.0467033 0.0551737 0.0504657 0.0800266 0.0586733 0.0320194 0.0236508 0.0202565 0.0905679 0.0157309 0.0091333 0.0196604 0.0011606 0.0797148 0.0859148 0.0755012 0.0587667 0.0533318 0.0055639 0.0328756 
Perityle_ambrosiifolia_67_green            0.1029708 0.0707075 0.0972736 0.2662123 0.2533009 0.2751591 0.3031513 0.0758125 0.0913980 0.0495623 0.0175273 0.0000000 0.0223005 0.0809788 0.0229278 0.1586547 0.0935889 0.0233078 0.0159628 0.0569056 0.1008136 0.0320399 0.0351700 0.0347935 0.0588888 0.0760549 0.0791920 0.0670643 0.0641661 0.0615535 0.0676581 0.0714744 0.0306318 0.0763490 0.0986107 0.0305684 0.0940352 0.0792731 0.0303091 0.0570022 0.0951249 0.0093004 0.0914930 0.0301238 0.1890851 0.0102543 0.0348174 0.0966854 0.0075705 0.0199129 0.0362585 0.0656347 0.0181779 0.0892709 0.0875747 0.1049503 0.0226537 0.0238129 0.0560834 0.0580303 0.0706394 0.0525580 0.0372454 0.0703452 0.0689982 0.0927819 0.0699240 0.0359001 0.0368626 0.0320242 0.0932321 0.0280796 0.0338992 0.0339219 0.0176663 0.0960423 0.0938183 0.0798794 0.0460595 0.0771557 0.0223173 0.0476009 
Perityle_angustifolia_13_Eagle_creek       0.0837556 0.0689363 0.0903595 0.2198045 0.2093614 0.2695083 0.1990161 0.0556175 0.0783489 0.0436705 0.0217795 0.0223005 0.0000000 0.0686004 0.0322234 0.1508473 0.0735429 0.0097922 0.0392804 0.0172227 0.0570899 0.0266237 0.0182558 0.0276745 0.0544912 0.0792814 0.0736271 0.0684659 0.0627297 0.0679006 0.0625655 0.0545303 0.0280182 0.0429976 0.0911276 0.0316545 0.0809275 0.0787403 0.0254216 0.0267144 0.0844851 0.0151509 0.0812336 0.0216251 0.1633240 0.0173498 0.0268340 0.0761893 0.0145263 0.0187987 0.0238017 0.0548771 0.0115197 0.0800618 0.0839417 0.0718426 0.0138486 0.0149295 0.0532390 0.0544052 0.0525568 0.0483086 0.0429598 0.0662710 0.0590373 0.0837006 0.0533894 0.0394980 0.0320453 0.0266227 0.0791675 0.0179185 0.0249986 0.0213568 0.0156103 0.0855375 0.0934321 0.0760179 0.0410888 0.0763263 0.0136574 0.0238257 
Perityle_batopilensis_97                   0.1197523 0.0941884 0.1143673 0.2973985 0.2348786 0.2979123 0.3390323 0.1059089 0.1124480 0.1122493 0.0748147 0.0809788 0.0686004 0.0000000 0.0734810 0.1627177 0.0848058 0.0969277 0.1044285 0.1105015 0.1334137 0.0936413 0.1069938 0.0863499 0.0881781 0.1028906 0.0659462 0.0776062 0.0786504 0.0895298 0.0819174 0.0924812 0.0898199 0.0674998 0.0988511 0.0940340 0.0832232 0.0061475 0.0919955 0.0992803 0.0936682 0.0702346 0.0912613 0.0872391 0.2194731 0.0791238 0.1031257 0.0950210 0.0809930 0.0845706 0.0734743 0.0892008 0.0780593 0.0591968 0.1001984 0.1164723 0.0937470 0.0899214 0.0439207 0.0510084 0.0720040 0.0882414 0.0934401 0.0622948 0.0981533 0.1108364 0.0911285 0.1129545 0.0991971 0.0921374 0.1063924 0.0928790 0.0855126 0.0939943 0.0605845 0.1108706 0.0756143 0.1110060 0.1033683 0.0937360 0.0894460 0.0736756 
Perityle_bisetosa_9                        0.0987180 0.0713777 0.0943440 0.2856173 0.2667549 0.2818146 0.3018469 0.0640117 0.0920249 0.0546329 0.0245999 0.0229278 0.0322234 0.0734810 0.0000000 0.1768654 0.0939440 0.0176367 0.0812422 0.0714834 0.0628900 0.0268113 0.0409995 0.0293897 0.0565922 0.0839447 0.0723237 0.0655386 0.0555056 0.0602588 0.0629202 0.0595238 0.0299732 0.0759741 0.0876868 0.0195333 0.0892099 0.0732161 0.0232154 0.0606090 0.0904611 0.0165131 0.0862570 0.0091161 0.1664624 0.0191336 0.0381263 0.0956197 0.0252973 0.0295383 0.0601133 0.0581362 0.0207218 0.0916875 0.1081855 0.1120847 0.0292565 0.0252193 0.0587512 0.0581109 0.0725909 0.0637313 0.0415530 0.0634967 0.0674502 0.0905343 0.0685092 0.0358299 0.0188182 0.0267778 0.0951004 0.0318485 0.0409409 0.0269685 0.0144338 0.0943916 0.0902372 0.0724728 0.0544324 0.0856313 0.0239656 0.0334907 
Perityle_californica_76_positas            0.1775820 0.1534932 0.1835107 0.2815648 0.2136689 0.4732125 0.2659560 0.0940010 0.1636922 0.1028291 0.1775049 0.1586547 0.1508473 0.1627177 0.1768654 0.0000000 0.1613449 0.1561867 0.1653004 0.1631301 0.1832326 0.1535436 0.1615784 0.1590164 0.1522505 0.1801704 0.1658388 0.1380724 0.1386278 0.1111753 0.1496083 0.1519510 0.1541001 0.1119216 0.1840778 0.1725902 0.1602967 0.1733735 0.1503428 0.1725966 0.1776001 0.1511279 0.1739656 0.1648517 0.3416512 0.1544507 0.1743677 0.1758942 0.1592366 0.1665186 0.1461817 0.1548508 0.1496034 0.1473703 0.1541567 0.2078649 0.1530392 0.1576069 0.1291529 0.1090031 0.1309426 0.1393712 0.1596292 0.1627120 0.1695877 0.1599246 0.1460565 0.1176932 0.1699796 0.1535723 0.1808824 0.1659655 0.1552680 0.1602207 0.1340195 0.1649721 0.1832615 0.1760684 0.1633170 0.1005787 0.1561834 0.0849745 
Perityle_canescens_77                      0.1115032 0.0926918 0.1171651 0.2839383 0.2232402 0.2994539 0.3297099 0.0876140 0.1067222 0.0927938 0.0900389 0.0935889 0.0735429 0.0848058 0.0939440 0.1613449 0.0000000 0.1013780 0.1105496 0.1124448 0.1459422 0.1000676 0.1051536 0.0951484 0.0868046 0.1194898 0.0720590 0.0876121 0.0818530 0.0874267 0.0803796 0.0857872 0.0985763 0.0660478 0.0953067 0.1032351 0.0694005 0.0852958 0.0960916 0.1055805 0.0886234 0.0803153 0.0875683 0.0995916 0.1951535 0.0891057 0.1090966 0.0910753 0.0947019 0.0969807 0.0853204 0.0799599 0.0934537 0.0677389 0.1140045 0.1198350 0.0961730 0.0948946 0.0504221 0.0436766 0.0850121 0.0888479 0.0915048 0.0687885 0.0926663 0.1114702 0.0888094 0.1039935 0.1047840 0.0991385 0.1066874 0.0986242 0.0955166 0.1009924 0.0651001 0.1143189 0.0839843 0.0902669 0.1009866 0.0519325 0.0919457 0.0750043 
Perityle_castillonii_96                    0.1010736 0.0839010 0.1021822 0.2714720 0.2145149 0.2816688 0.3241805 0.0762174 0.0964637 0.0618984 0.0177249 0.0233078 0.0097922 0.0969277 0.0176367 0.1561867 0.1013780 0.0000000 0.0372289 0.0506291 0.0954728 0.0329759 0.0418911 0.0286279 0.0581015 0.0806548 0.0894407 0.0777269 0.0716137 0.0649733 0.0708627 0.0761372 0.0329544 0.0648484 0.1057896 0.0323938 0.0978054 0.0946428 0.0313613 0.0256432 0.1010047 0.0153638 0.1012972 0.0258305 0.1818778 0.0224032 0.0305047 0.1034694 0.0273519 0.0259325 0.0206402 0.0620103 0.0139877 0.0771312 0.0946493 0.1030163 0.0224175 0.0191406 0.0637552 0.0611731 0.0849887 0.0598092 0.0467137 0.0845340 0.0662257 0.0951363 0.0679469 0.0415252 0.0319724 0.0325438 0.1032828 0.0250289 0.0217787 0.0314562 0.0185037 0.0964156 0.1087554 0.1075028 0.0564033 0.0854650 0.0166607 0.0477381 
Perityle_cernua_84                         0.1083291 0.0901112 0.1154405 0.2594015 0.2264825 0.2275950 0.3361991 0.0872221 0.0972403 0.0714427 0.0404492 0.0159628 0.0392804 0.1044285 0.0812422 0.1653004 0.1105496 0.0372289 0.0000000 0.0717341 0.1038215 0.0474394 0.0606924 0.0430090 0.0817422 0.0904773 0.0954669 0.0783998 0.0742898 0.1011239 0.0745714 0.0838329 0.0493920 0.0815203 0.1169082 0.0557589 0.1103245 0.1032939 0.0456565 0.0407159 0.1099879 0.0120094 0.1123103 0.0440151 0.1835417 0.0183766 0.0467288 0.1096271 0.0180931 0.0169625 0.0129053 0.0820274 0.0307330 0.0768312 0.1018858 0.1247792 0.0361190 0.0326339 0.0747592 0.0746022 0.0916762 0.0732353 0.0552640 0.0918001 0.0925129 0.0987455 0.0772753 0.1127912 0.0490787 0.0475359 0.1038287 0.0382337 0.0340255 0.0471703 0.0371902 0.0981536 0.1091534 0.1159068 0.0614987 0.1190990 0.0304538 0.0656415 
Perityle_cfvillosa_25_tin                  0.1272518 0.0692249 0.1195656 0.2927868 0.2414312 0.2711892 0.3368445 0.0859500 0.1140059 0.0890352 0.0456814 0.0569056 0.0172227 0.1105015 0.0714834 0.1631301 0.1124448 0.0506291 0.0717341 0.0000000 0.1153565 0.0612412 0.0608570 0.0472801 0.0518890 0.1091761 0.1103955 0.0636406 0.0591892 0.1070975 0.0917517 0.1040249 0.0591853 0.0674681 0.1312180 0.0672061 0.1195572 0.1110891 0.0598796 0.0543027 0.1241785 0.0444606 0.1231889 0.0615077 0.1878820 0.0453549 0.0498446 0.1263724 0.0592078 0.0548548 0.0543263 0.0879917 0.0208785 0.1083923 0.0904163 0.0991365 0.0378358 0.0401224 0.0522271 0.0509433 0.0983154 0.0472155 0.0798734 0.1035054 0.0922581 0.1198704 0.0945387 0.0322644 0.0635864 0.0618110 0.1233356 0.0428042 0.0403162 0.0591668 0.0144168 0.1200528 0.1255202 0.1169429 0.0927347 0.0753360 0.0497461 0.0810273 
Perityle_cinerea_113_Powell1310            0.1591829 0.1034505 0.1538105 0.2075843 0.2584009 0.3189605 0.1776127 0.1190276 0.1457414 0.1449980 0.0803055 0.1008136 0.0570899 0.1334137 0.0628900 0.1832326 0.1459422 0.0954728 0.1038215 0.1153565 0.0000000 0.1013539 0.1021410 0.1028364 0.1208008 0.1496831 0.1542102 0.0957282 0.0863689 0.1298751 0.1178177 0.1281319 0.1023205 0.0914453 0.1571601 0.0921449 0.1528561 0.1346629 0.0992654 0.1089884 0.1492469 0.0959749 0.1502230 0.0767044 0.1788564 0.0957894 0.1200990 0.1497390 0.1023660 0.1075505 0.0937574 0.1341601 0.0924834 0.1311446 0.1172474 0.1111947 0.1039190 0.1085893 0.1036032 0.0757839 0.1294534 0.0880080 0.1112396 0.1436513 0.1475562 0.1422592 0.1272401 0.0378267 0.0846648 0.1014946 0.1407884 0.1136222 0.0978877 0.1077724 0.0692057 0.1471023 0.1463279 0.1457092 0.1266323 0.1012464 0.0981170 0.1063380 
Perityle_coahuilensis_24                   0.1030240 0.0800703 0.1017064 0.2710157 0.2299643 0.2841306 0.3261274 0.0765857 0.1028450 0.0676318 0.0202914 0.0320399 0.0266237 0.0936413 0.0268113 0.1535436 0.1000676 0.0329759 0.0474394 0.0612412 0.1013539 0.0000000 0.0407486 0.0338687 0.0500686 0.0712641 0.0818594 0.0756789 0.0691315 0.0627360 0.0718339 0.0717342 0.0280382 0.0734870 0.0966645 0.0311746 0.0969514 0.0902196 0.0011774 0.0542604 0.0970513 0.0241433 0.0957623 0.0284541 0.1694940 0.0267024 0.0385403 0.0990036 0.0294762 0.0390367 0.0545628 0.0607985 0.0230621 0.0904040 0.0942243 0.0956005 0.0302944 0.0313076 0.0552073 0.0582581 0.0813980 0.0501908 0.0519581 0.0756142 0.0748958 0.0938636 0.0681802 0.0392129 0.0353535 0.0007968 0.1004023 0.0316098 0.0397717 0.0283115 0.0235413 0.0954823 0.1038066 0.0965932 0.0672447 0.0738761 0.0271779 0.0491036 
Perityle_cochisensis_44_cave_creek         0.1106728 0.0784572 0.1110468 0.2805187 0.2422166 0.2763092 0.3295928 0.0980314 0.1103095 0.0969253 0.0239275 0.0351700 0.0182558 0.1069938 0.0409995 0.1615784 0.1051536 0.0418911 0.0606924 0.0608570 0.1021410 0.0407486 0.0000000 0.0304289 0.0506900 0.0941553 0.0967075 0.0779400 0.0721810 0.0833285 0.0819079 0.0866626 0.0402860 0.0645342 0.1178925 0.0432035 0.1122473 0.1049714 0.0392716 0.0485717 0.1101271 0.0287031 0.1122490 0.0399367 0.1869392 0.0281895 0.0503414 0.1147083 0.0395179 0.0483606 0.0293872 0.0704734 0.0230027 0.0928781 0.0959356 0.0943991 0.0408465 0.0376298 0.0625803 0.0608245 0.0957217 0.0510416 0.0672407 0.0919528 0.0716333 0.1068066 0.0806837 0.0411361 0.0490142 0.0407507 0.1146395 0.0405616 0.0310724 0.0405842 0.0132660 0.1037199 0.1153143 0.1125221 0.0798944 0.0805167 0.0358557 0.0678190 
Perityle_congesta_202                      0.0965063 0.0724004 0.0943897 0.2727649 0.2342360 0.2767080 0.3212000 0.0730679 0.0921083 0.0679890 0.0054639 0.0347935 0.0276745 0.0863499 0.0293897 0.1590164 0.0951484 0.0286279 0.0430090 0.0472801 0.1028364 0.0338687 0.0304289 0.0000000 0.0531819 0.0771704 0.0806530 0.0726754 0.0703299 0.0635664 0.0690920 0.0670931 0.0230705 0.0736631 0.0946692 0.0316347 0.0946159 0.0838278 0.0313758 0.0557041 0.0913488 0.0117218 0.0893194 0.0262450 0.1922705 0.0208538 0.0382829 0.0926486 0.0305833 0.0310851 0.0486165 0.0591752 0.0197481 0.0852458 0.0939648 0.0952850 0.0239390 0.0278955 0.0545427 0.0556245 0.0668969 0.0493266 0.0526185 0.0694800 0.0656638 0.0894314 0.0656889 0.0576102 0.0382151 0.0334384 0.0944044 0.0232551 0.0162090 0.0230361 0.0030390 0.0950238 0.0962106 0.0853068 0.0584147 0.0743223 0.0241374 0.0436615 
Perityle_cordifolia_27                     0.0895509 0.0717792 0.0943497 0.2372439 0.2124007 0.3112593 0.2504495 0.0529850 0.1016716 0.0620123 0.0416489 0.0588888 0.0544912 0.0881781 0.0565922 0.1522505 0.0868046 0.0581015 0.0817422 0.0518890 0.1208008 0.0500686 0.0506900 0.0531819 0.0000000 0.0676826 0.0868694 0.0785220 0.0674875 0.0554519 0.0622201 0.0523803 0.0502231 0.0451327 0.0916177 0.0608724 0.0801738 0.0878099 0.0511844 0.0847105 0.0850870 0.0483509 0.0810720 0.0618357 0.2088986 0.0516162 0.0632835 0.0874585 0.0611070 0.0608801 0.0877962 0.0084092 0.0467214 0.1037137 0.0873330 0.0658874 0.0543748 0.0503304 0.0669744 0.0571052 0.0728740 0.0074411 0.0565225 0.0801183 0.0238352 0.0911465 0.0697626 0.0427370 0.0659924 0.0523796 0.0900134 0.0549046 0.0633209 0.0535058 0.0262294 0.0972576 0.0962788 0.0705705 0.0713756 0.0700912 0.0486459 0.0429677 
Perityle_cordifolia_68_tecolote            0.1116901 0.0938347 0.1101425 0.2841725 0.2555270 0.3031481 0.3493337 0.0851828 0.1187345 0.0949593 0.0723375 0.0760549 0.0792814 0.1028906 0.0839447 0.1801704 0.1194898 0.0806548 0.0904773 0.1091761 0.1496831 0.0712641 0.0941553 0.0771704 0.0676826 0.0000000 0.0958141 0.0894349 0.0764369 0.0761515 0.0819509 0.0783695 0.0795609 0.0827324 0.1162879 0.0864350 0.1033062 0.0980413 0.0700431 0.0998598 0.1097217 0.0700941 0.1108894 0.0869864 0.2062582 0.0671830 0.0821744 0.1149344 0.0755264 0.0750120 0.1020540 0.0710846 0.0676928 0.1040559 0.0151119 0.1027288 0.0768975 0.0712950 0.0776275 0.0673112 0.0960048 0.0708525 0.0780744 0.0883837 0.0919063 0.1158028 0.0938075 0.1047581 0.0863557 0.0723939 0.1086080 0.0771661 0.0849101 0.0766383 0.0608267 0.1169622 0.1083769 0.1022260 0.0983060 0.0901950 0.0734014 0.0650733 
Perityle_coronopifolia_28_patagonia        0.1152626 0.0804501 0.1092015 0.3068566 0.2481237 0.2956629 0.3401391 0.0960560 0.1093951 0.1068425 0.0614927 0.0791920 0.0736271 0.0659462 0.0723237 0.1658388 0.0720590 0.0894407 0.0954669 0.1103955 0.1542102 0.0818594 0.0967075 0.0806530 0.0868694 0.0958141 0.0000000 0.0820803 0.0810788 0.0749758 0.0778097 0.0811327 0.0768507 0.0776968 0.0987316 0.0864051 0.0776980 0.0649384 0.0793847 0.1094822 0.0967995 0.0646149 0.0916565 0.0797024 0.2061649 0.0769004 0.0944298 0.0956861 0.0758970 0.0826688 0.0991475 0.0865391 0.0743623 0.0520319 0.1089182 0.1146285 0.0822528 0.0837114 0.0144634 0.0412023 0.0636074 0.0790117 0.0838857 0.0079525 0.0968605 0.1007673 0.0809777 0.1115475 0.0919515 0.0803088 0.1031679 0.0824334 0.0903402 0.0814607 0.0596982 0.1055427 0.0790773 0.1081709 0.0956915 0.0427368 0.0784633 0.0681326 
Perityle_crassifolia_70_ventanas           0.0733080 0.0781658 0.0752023 0.2349515 0.1609714 0.2817485 0.2467028 0.0356828 0.0864924 0.0804847 0.0648332 0.0670643 0.0684659 0.0776062 0.0655386 0.1380724 0.0876121 0.0777269 0.0783998 0.0636406 0.0957282 0.0756789 0.0779400 0.0726754 0.0785220 0.0894349 0.0820803 0.0000000 0.0009810 0.0824270 0.0376561 0.0262123 0.0784440 0.0117535 0.0894324 0.0812732 0.0819364 0.0818650 0.0710144 0.0807655 0.0836246 0.0550985 0.0743918 0.0755906 0.2152976 0.0558204 0.0898012 0.0799357 0.0679099 0.0697231 0.0573785 0.0654488 0.0663276 0.0754942 0.0955197 0.1140102 0.0705162 0.0708463 0.0751598 0.0603035 0.0696086 0.0831925 0.0736237 0.0735394 0.0877693 0.0883703 0.0743303 0.0897014 0.0811069 0.0757420 0.0068049 0.0754805 0.0683479 0.0741743 0.0557085 0.0910496 0.0927407 0.0933771 0.0799137 0.0774442 0.0643118 0.0363988 
Perityle_crassifolia_74_playa_balandra     0.0753459 0.0743239 0.0752279 0.1799556 0.1218694 0.2608780 0.1791301 0.0456261 0.0881736 0.0868982 0.0542936 0.0641661 0.0627297 0.0786504 0.0555056 0.1386278 0.0818530 0.0716137 0.0742898 0.0591892 0.0863689 0.0691315 0.0721810 0.0703299 0.0674875 0.0764369 0.0810788 0.0009810 0.0000000 0.0838336 0.0312630 0.0345763 0.0658846 0.0117286 0.0898833 0.0757580 0.0813334 0.0828066 0.0663438 0.0765612 0.0790285 0.0499085 0.0728023 0.0676668 0.1714327 0.0508010 0.0746617 0.0779182 0.0645076 0.0667815 0.0506913 0.0548402 0.0630064 0.0728205 0.0841334 0.0652687 0.0623133 0.0635786 0.0696208 0.0587828 0.0592911 0.0663842 0.0744334 0.0721479 0.0771826 0.0865654 0.0678608 0.0743300 0.0725540 0.0692038 0.0067811 0.0673263 0.0648101 0.0700652 0.0552035 0.0909748 0.0914336 0.0856783 0.0826764 0.0785486 0.0587878 0.0351559 
Perityle_cuneata_34_cuneata_San_antonio    0.0829710 0.0803013 0.0988450 0.2436785 0.2268746 0.2396177 0.2830388 0.0800843 0.0667694 0.0732346 0.0595338 0.0615535 0.0679006 0.0895298 0.0602588 0.1111753 0.0874267 0.0649733 0.1011239 0.1070975 0.1298751 0.0627360 0.0833285 0.0635664 0.0554519 0.0761515 0.0749758 0.0824270 0.0838336 0.0000000 0.0531527 0.0583863 0.0642522 0.0684886 0.0848902 0.0789140 0.0762055 0.0860212 0.0614232 0.0753434 0.0863622 0.0530139 0.0848146 0.0674365 0.1581160 0.0568347 0.0757256 0.0911554 0.0641568 0.0635725 0.0751347 0.0550184 0.0553680 0.0899700 0.0927314 0.1110947 0.0649787 0.0631827 0.0616862 0.0686066 0.0753739 0.0745117 0.0580900 0.0695543 0.0681994 0.0733525 0.0539852 0.1039898 0.0709948 0.0626139 0.0943908 0.0648394 0.0635712 0.0673513 0.0570504 0.0740462 0.0912620 0.0796975 0.0734156 0.0790844 0.0617200 0.0100016 
Perityle_cuneata_4                         0.0790926 0.0580233 0.0744105 0.2601484 0.2156593 0.2568508 0.3231092 0.0430770 0.0932676 0.0797431 0.0519247 0.0676581 0.0625655 0.0819174 0.0629202 0.1496083 0.0803796 0.0708627 0.0745714 0.0917517 0.1178177 0.0718339 0.0819079 0.0690920 0.0622201 0.0819509 0.0778097 0.0376561 0.0312630 0.0531527 0.0000000 0.0478118 0.0654700 0.0674287 0.0856854 0.0695704 0.0804407 0.0804631 0.0700612 0.0950080 0.0824209 0.0573255 0.0831027 0.0609566 0.1725180 0.0699941 0.0782296 0.0865500 0.0655543 0.0697630 0.0935209 0.0610141 0.0579688 0.0851290 0.0817284 0.1007312 0.0653721 0.0682729 0.0541749 0.0424764 0.0733449 0.0507393 0.0755570 0.0731500 0.0657194 0.0851533 0.0563280 0.0479615 0.0720086 0.0719265 0.0700602 0.0652006 0.0777719 0.0679328 0.0426672 0.0906617 0.0919645 0.1005985 0.0818877 0.0663500 0.0617793 0.0469512 
Perityle_discoidea_81                      0.0056681 0.0434806 0.0555531 0.2638729 0.2261562 0.2240169 0.3199581 0.0000010 0.0767783 0.0788831 0.0560258 0.0714744 0.0545303 0.0924812 0.0595238 0.1519510 0.0857872 0.0761372 0.0838329 0.1040249 0.1281319 0.0717342 0.0866626 0.0670931 0.0523803 0.0783695 0.0811327 0.0262123 0.0345763 0.0583863 0.0478118 0.0000000 0.0690310 0.0471157 0.0875364 0.0796382 0.0795905 0.0856609 0.0678179 0.0943089 0.0801125 0.0613301 0.0833234 0.0737025 0.1819833 0.0617595 0.0792952 0.0886134 0.0744394 0.0735002 0.0860563 0.0609709 0.0608879 0.0877853 0.0803463 0.0909797 0.0729512 0.0683126 0.0509942 0.0446685 0.0771341 0.0482725 0.0656009 0.0798745 0.0688286 0.0739284 0.0553953 0.0665454 0.0803918 0.0716243 0.0484459 0.0719351 0.0646976 0.0701479 0.0379237 0.0731362 0.0916952 0.0812617 0.0804468 0.0668055 0.0675981 0.0610865 
Perityle_dissecta_201                      0.0912717 0.0730669 0.0974571 0.2632513 0.2347643 0.2446028 0.3249821 0.0825572 0.0863907 0.0834138 0.0154824 0.0306318 0.0280182 0.0898199 0.0299732 0.1541001 0.0985763 0.0329544 0.0493920 0.0591853 0.1023205 0.0280382 0.0402860 0.0230705 0.0502231 0.0795609 0.0768507 0.0784440 0.0658846 0.0642522 0.0654700 0.0690310 0.0000000 0.0701181 0.1003486 0.0302973 0.0939269 0.0869377 0.0263493 0.0444564 0.0925208 0.0211407 0.0966112 0.0250244 0.1696550 0.0230623 0.0331707 0.0985469 0.0324174 0.0339424 0.0350029 0.0594527 0.0257154 0.0865895 0.0974837 0.0902593 0.0242973 0.0242209 0.0535947 0.0539021 0.0739227 0.0541414 0.0601447 0.0734940 0.0655414 0.0908705 0.0690671 0.0372802 0.0309257 0.0280597 0.0984300 0.0277511 0.0247737 0.0270703 0.0118372 0.0910483 0.0983284 0.0924837 0.0710764 0.0720538 0.0216844 0.0523437 
Perityle_emoryi_47_punta_san_jose          0.0753991 0.0364940 0.0656752 0.2358756 0.1889164 0.2490890 0.2722132 0.0246518 0.0973585 0.0778521 0.0636776 0.0763490 0.0429976 0.0674998 0.0759741 0.1119216 0.0660478 0.0648484 0.0815203 0.0674681 0.0914453 0.0734870 0.0645342 0.0736631 0.0451327 0.0827324 0.0776968 0.0117535 0.0117286 0.0684886 0.0674287 0.0471157 0.0701181 0.0000000 0.0875161 0.0745941 0.0838555 0.0765057 0.0719077 0.0946236 0.0839933 0.0650240 0.0744284 0.0623472 0.1640532 0.0691944 0.0833661 0.0798701 0.0708725 0.0665749 0.0942587 0.0625382 0.0467134 0.0847822 0.0625285 0.0522575 0.0632687 0.0710821 0.0311445 0.0277296 0.0570552 0.0197348 0.0783075 0.0702812 0.0763999 0.0836507 0.0601257 0.0269311 0.0776377 0.0735276 0.0498530 0.0630823 0.0819371 0.0674011 0.0203297 0.0874959 0.0978615 0.0838536 0.0739205 0.0400428 0.0644560 0.0495148 
Perityle_feddemae_99                       0.1167638 0.1123624 0.1169232 0.3021405 0.2505017 0.3030324 0.3389206 0.0952871 0.1080053 0.1002182 0.0863233 0.0986107 0.0911276 0.0988511 0.0876868 0.1840778 0.0953067 0.1057896 0.1169082 0.1312180 0.1571601 0.0966645 0.1178925 0.0946692 0.0916177 0.1162879 0.0987316 0.0894324 0.0898833 0.0848902 0.0856854 0.0875364 0.1003486 0.0875161 0.0000000 0.1002064 0.0842028 0.0964918 0.0929194 0.1188936 0.0227935 0.0898164 0.0173703 0.1000795 0.2120957 0.0931556 0.1061234 0.0207309 0.1028970 0.1032203 0.1101323 0.0852165 0.0919020 0.1117620 0.1344760 0.1419785 0.0998903 0.0971044 0.0833755 0.0879377 0.0860687 0.0944916 0.0905243 0.0956101 0.0974389 0.1127841 0.0876513 0.0937427 0.0994390 0.0956456 0.1091453 0.1013394 0.0958074 0.1008791 0.0821018 0.1134826 0.0929615 0.0893747 0.1070780 0.1203116 0.0937145 0.0726067 
Perityle_fosteri_93                        0.1075308 0.0985698 0.1089629 0.2793469 0.2412391 0.2861330 0.3310875 0.0886567 0.0967702 0.0806373 0.0247758 0.0305684 0.0316545 0.0940340 0.0195333 0.1725902 0.1032351 0.0323938 0.0557589 0.0672061 0.0921449 0.0311746 0.0432035 0.0316347 0.0608724 0.0864350 0.0864051 0.0812732 0.0757580 0.0789140 0.0695704 0.0796382 0.0302973 0.0745941 0.1002064 0.0000000 0.1000722 0.0902251 0.0284301 0.0540512 0.0943804 0.0247849 0.0937571 0.0156458 0.1797809 0.0228636 0.0414239 0.0980020 0.0337305 0.0400317 0.0410888 0.0618818 0.0290194 0.0974158 0.1081005 0.1110448 0.0329090 0.0309264 0.0692457 0.0765585 0.0772017 0.0648508 0.0559825 0.0791960 0.0707891 0.1020511 0.0796740 0.0000010 0.0206563 0.0311308 0.1021317 0.0406966 0.0318818 0.0351580 0.0302295 0.1038562 0.0992083 0.0824736 0.0696897 0.0984518 0.0283114 0.0556241 
Perityle_gamon_221                         0.1123620 0.0902196 0.1108811 0.2925074 0.2476883 0.2862140 0.3443341 0.0782243 0.1064583 0.0896591 0.0814628 0.0940352 0.0809275 0.0832232 0.0892099 0.1602967 0.0694005 0.0978054 0.1103245 0.1195572 0.1528561 0.0969514 0.1122473 0.0946159 0.0801738 0.1033062 0.0776980 0.0819364 0.0813334 0.0762055 0.0804407 0.0795905 0.0939269 0.0838555 0.0842028 0.1000722 0.0000000 0.0813481 0.0938685 0.1170300 0.0845184 0.0800507 0.0768361 0.0977890 0.2020753 0.0939059 0.1053142 0.0842211 0.0949231 0.0935457 0.1199716 0.0801595 0.0844502 0.0840900 0.1091551 0.1215166 0.0945002 0.0923365 0.0525257 0.0458869 0.0876180 0.0820971 0.0895123 0.0742961 0.0903801 0.1066502 0.0841366 0.1010968 0.1013359 0.0955182 0.1034173 0.0953444 0.1073068 0.0943472 0.0729122 0.1094093 0.0858203 0.0894292 0.1013716 0.0628230 0.0907841 0.0681200 
Perityle_gentryi_8_san_francisco           0.1141199 0.0961494 0.1130341 0.2953294 0.2500204 0.2928791 0.3368044 0.1054132 0.1054678 0.1085456 0.0757623 0.0792731 0.0787403 0.0061475 0.0732161 0.1733735 0.0852958 0.0946428 0.1032939 0.1110891 0.1346629 0.0902196 0.1049714 0.0838278 0.0878099 0.0980413 0.0649384 0.0818650 0.0828066 0.0860212 0.0804631 0.0856609 0.0869377 0.0765057 0.0964918 0.0902251 0.0813481 0.0000000 0.0884920 0.1095384 0.0914262 0.0710007 0.0896246 0.0868218 0.2253124 0.0776014 0.0990126 0.0936230 0.0824807 0.0814632 0.0918607 0.0890073 0.0779491 0.0782780 0.1109429 0.1173452 0.0906989 0.0859465 0.0447588 0.0522310 0.0692603 0.0913502 0.0881291 0.0611288 0.0993193 0.1080995 0.0896038 0.1148900 0.0942007 0.0892382 0.1045129 0.0910237 0.0844342 0.0877525 0.0625573 0.1081701 0.0751664 0.0939733 0.1015651 0.0978988 0.0841435 0.0717443 
Perityle_gilensis_22_Superstition          0.0992153 0.0786403 0.0994890 0.2705382 0.2289831 0.2778766 0.3224095 0.0745519 0.1008276 0.0642966 0.0174471 0.0303091 0.0254216 0.0919955 0.0232154 0.1503428 0.0960916 0.0313613 0.0456565 0.0598796 0.0992654 0.0011774 0.0392716 0.0313758 0.0511844 0.0700431 0.0793847 0.0710144 0.0663438 0.0614232 0.0700612 0.0678179 0.0263493 0.0719077 0.0929194 0.0284301 0.0938685 0.0884920 0.0000000 0.0519985 0.0940999 0.0215555 0.0937239 0.0254315 0.1628388 0.0255267 0.0354811 0.0970097 0.0264619 0.0353043 0.0535494 0.0583825 0.0207435 0.0886796 0.0932852 0.0963333 0.0285987 0.0280034 0.0548485 0.0575079 0.0804582 0.0496269 0.0479614 0.0744623 0.0731112 0.0932212 0.0659658 0.0355665 0.0324597 0.0000010 0.0959441 0.0300271 0.0383251 0.0258624 0.0226867 0.0938530 0.1007263 0.0942531 0.0646823 0.0725631 0.0241427 0.0472686 
Perityle_gilensis_salensis_225             0.1236377 0.0811777 0.1105298 0.2750521 0.2454539 0.2866460 0.3275546 0.0860832 0.1119292 0.0679194 0.0439717 0.0570022 0.0267144 0.0992803 0.0606090 0.1725966 0.1055805 0.0256432 0.0407159 0.0543027 0.1089884 0.0542604 0.0485717 0.0557041 0.0847105 0.0998598 0.1094822 0.0807655 0.0765612 0.0753434 0.0950080 0.0943089 0.0444564 0.0946236 0.1188936 0.0540512 0.1170300 0.1095384 0.0519985 0.0000000 0.1219432 0.0286623 0.1100406 0.0367002 0.1920613 0.0497509 0.0550691 0.1030053 0.0293960 0.0271909 0.0623295 0.0849702 0.0318670 0.0975213 0.1043068 0.0998613 0.0257417 0.0418116 0.0642284 0.0687501 0.0869295 0.0627606 0.0766020 0.0842561 0.0887171 0.0975894 0.0724082 0.0513181 0.0618935 0.0538561 0.1016694 0.0234397 0.0532093 0.0470667 0.0297001 0.1148688 0.1280239 0.1215275 0.0656507 0.0963144 0.0400667 0.0513698 
Perityle_glaucescens_94                    0.1096089 0.1060290 0.1092724 0.3007073 0.2488921 0.3041921 0.3405539 0.0862590 0.1087025 0.0950965 0.0848067 0.0951249 0.0844851 0.0936682 0.0904611 0.1776001 0.0886234 0.1010047 0.1099879 0.1241785 0.1492469 0.0970513 0.1101271 0.0913488 0.0850870 0.1097217 0.0967995 0.0836246 0.0790285 0.0863622 0.0824209 0.0801125 0.0925208 0.0839933 0.0227935 0.0943804 0.0845184 0.0914262 0.0940999 0.1219432 0.0000000 0.0824529 0.0184346 0.0932531 0.2174020 0.0906385 0.1014763 0.0193572 0.0946794 0.0964989 0.1095191 0.0809493 0.0867268 0.1053907 0.1238001 0.1297296 0.0939142 0.0928056 0.0803240 0.0799094 0.0790424 0.0905075 0.0896737 0.0894560 0.0932740 0.1089168 0.0870192 0.0896892 0.0987169 0.0956378 0.1025241 0.0931143 0.0959438 0.0948790 0.0731190 0.1102709 0.0942351 0.0933601 0.1017961 0.1202700 0.0913077 0.0663750 
Perityle_gracilis_11                       0.0868509 0.0541687 0.0890796 0.2563168 0.2394267 0.2581177 0.2864871 0.0662193 0.0741450 0.0506129 0.0062873 0.0093004 0.0151509 0.0702346 0.0165131 0.1511279 0.0803153 0.0153638 0.0120094 0.0444606 0.0959749 0.0241433 0.0287031 0.0117218 0.0483509 0.0700941 0.0646149 0.0550985 0.0499085 0.0530139 0.0573255 0.0613301 0.0211407 0.0650240 0.0898164 0.0247849 0.0800507 0.0710007 0.0215555 0.0286623 0.0824529 0.0000000 0.0823794 0.0185433 0.1752187 0.0021891 0.0220914 0.0865356 0.0119050 0.0143958 0.0196656 0.0550391 0.0089848 0.0781620 0.0817710 0.0890234 0.0114357 0.0106199 0.0425869 0.0430059 0.0557496 0.0412697 0.0352304 0.0589672 0.0588728 0.0781083 0.0562390 0.0281429 0.0240336 0.0241054 0.0847439 0.0159631 0.0083602 0.0220183 0.0044764 0.0794653 0.0780756 0.0696815 0.0431511 0.0602219 0.0083544 0.0361805 
Perityle_harkerae_31                       0.1119756 0.1005370 0.1116731 0.2883883 0.2424507 0.2968377 0.3395165 0.0868698 0.1032364 0.0947123 0.0826623 0.0914930 0.0812336 0.0912613 0.0862570 0.1739656 0.0875683 0.1012972 0.1123103 0.1231889 0.1502230 0.0957623 0.1122490 0.0893194 0.0810720 0.1108894 0.0916565 0.0743918 0.0728023 0.0848146 0.0831027 0.0833234 0.0966112 0.0744284 0.0173703 0.0937571 0.0768361 0.0896246 0.0937239 0.1100406 0.0184346 0.0823794 0.0000000 0.0922459 0.1969968 0.0883846 0.1020761 0.0138268 0.0967966 0.0993698 0.0997487 0.0779450 0.0852218 0.1029541 0.1204144 0.1266001 0.0941189 0.0951223 0.0700700 0.0734791 0.0802680 0.0815713 0.0866277 0.0900689 0.0901691 0.1058112 0.0817694 0.0818630 0.0949957 0.0942397 0.1042123 0.0964060 0.0918890 0.0958088 0.0679046 0.1069472 0.0889978 0.0944354 0.1021350 0.1095100 0.0896112 0.0691969 
Perityle_huecosensis_48                    0.1022282 0.0909532 0.1025941 0.2671564 0.2171012 0.2785619 0.3146340 0.0787638 0.0941888 0.0729746 0.0184235 0.0301238 0.0216251 0.0872391 0.0091161 0.1648517 0.0995916 0.0258305 0.0440151 0.0615077 0.0767044 0.0284541 0.0399367 0.0262450 0.0618357 0.0869864 0.0797024 0.0755906 0.0676668 0.0674365 0.0609566 0.0737025 0.0250244 0.0623472 0.1000795 0.0156458 0.0977890 0.0868218 0.0254315 0.0367002 0.0932531 0.0185433 0.0922459 0.0000000 0.1856958 0.0203552 0.0351998 0.0958112 0.0320042 0.0341735 0.0225555 0.0588697 0.0228535 0.0764769 0.0966419 0.1050638 0.0276048 0.0258965 0.0641100 0.0726973 0.0688948 0.0612904 0.0537214 0.0734802 0.0708383 0.0961104 0.0722733 0.0138038 0.0128290 0.0284402 0.0942739 0.0319560 0.0258520 0.0273972 0.0238178 0.0978215 0.0972901 0.0820142 0.0648329 0.0880048 0.0230720 0.0456825 
Perityle_incana_3_ucla                     0.1923254 0.1907079 0.2266685 0.2103651 0.4328609 0.3004860 0.2692052 0.5148402 0.2135989 0.5216411 0.1656361 0.1890851 0.1633240 0.2194731 0.1664624 0.3416512 0.1951535 0.1818778 0.1835417 0.1878820 0.1788564 0.1694940 0.1869392 0.1922705 0.2088986 0.2062582 0.2061649 0.2152976 0.1714327 0.1581160 0.1725180 0.1819833 0.1696550 0.1640532 0.2120957 0.1797809 0.2020753 0.2253124 0.1628388 0.1920613 0.2174020 0.1752187 0.1969968 0.1856958 0.0000000 0.1735452 0.1903713 0.2107225 0.1906933 0.1827850 0.1844362 0.1966813 0.1790688 0.1794595 0.2146446 0.2161909 0.1754525 0.1742424 0.2112348 0.1296430 0.2135935 0.2025788 0.1953971 0.1822986 0.2089482 0.2342758 0.2277044 0.7345910 0.1902462 0.1694940 0.2188974 0.1867551 0.1816177 0.1873858 0.1394206 0.2338185 0.2375322 0.2143191 0.1994143 0.5397419 0.1776042 0.1558693 
Perityle_intricata_59_Clark_mtns           0.0933046 0.0539301 0.0869342 0.2526846 0.2376707 0.2641831 0.2917635 0.0646757 0.1001581 0.0478932 0.0074752 0.0102543 0.0173498 0.0791238 0.0191336 0.1544507 0.0891057 0.0224032 0.0183766 0.0453549 0.0957894 0.0267024 0.0281895 0.0208538 0.0516162 0.0671830 0.0769004 0.0558204 0.0508010 0.0568347 0.0699941 0.0617595 0.0230623 0.0691944 0.0931556 0.0228636 0.0939059 0.0776014 0.0255267 0.0497509 0.0906385 0.0021891 0.0883846 0.0203552 0.1735452 0.0000000 0.0268139 0.0918952 0.0135519 0.0208268 0.0368478 0.0563422 0.0145341 0.0790250 0.0783127 0.0922428 0.0172091 0.0176002 0.0440660 0.0428651 0.0675847 0.0422435 0.0372387 0.0668379 0.0691398 0.0866671 0.0594310 0.0279793 0.0324939 0.0257621 0.0904146 0.0206112 0.0270087 0.0261837 0.0055704 0.0888319 0.0885491 0.0840640 0.0448779 0.0620838 0.0166691 0.0443038 
