83
Amauria_brandeegeana_62                    0.0000000 0.0548455 0.1275517 0.1258655 0.1658242 0.2476263 0.4184973 0.0063288 0.2596490 0.1258192 0.1270803 0.1010030 0.1008239 0.1591657 0.1272121 0.2962064 0.2514466 0.1198426 0.1059964 0.1205049 0.0901116 0.2177177 0.0881225 0.1250100 0.1177924 0.1234620 0.2267046 0.0775791 0.1688819 0.1677026 0.1760305 0.0071508 0.1357023 0.1172466 0.1315451 0.1060485 0.7543524 0.0816453 0.1561399 0.1855774 0.1197481 0.0793523 0.1208494 0.2333798 0.2466591 0.0361548 0.1083963 0.0914572 0.1081381 0.1347171 0.1276870 0.0813587 0.1226315 0.0759565 0.2304545 0.1151733 0.1266302 0.0913605 0.0912213 0.2223974 0.1825237 0.3125945 0.0956985 0.1356229 0.2406305 0.1005580 0.2271671 0.1965468 0.0694360 0.0850411 0.1728549 0.1258991 0.1018934 0.1122173 0.1285672 0.1013111 0.1826218 0.1269984 0.1330496 0.1092159 0.0879804 0.1195830 0.1769870 
Amauria_carterae_99_mesa                   0.0548455 0.0000000 0.0369869 0.1336321 0.0649637 0.0989215 0.2378345 0.0270143 0.0645533 0.0581040 0.0550130 0.0517411 0.0500146 0.0794107 0.0492182 0.0697230 0.0724170 0.0487969 0.0554079 0.0605486 0.0407561 0.0487925 0.0605042 0.0547249 0.0947488 0.0980946 0.0872581 0.0714687 0.0775926 0.0423100 0.0452398 0.0294670 0.0546584 0.0213669 0.0783546 0.0523824 0.0000010 0.0785519 0.0490778 0.0518921 0.0715294 0.0490551 0.0773563 0.0795025 0.0580705 0.0370696 0.0460540 0.0517645 0.0724643 0.0460763 0.0516192 0.0494901 0.0576752 0.0495086 0.0766021 0.0915581 0.0667940 0.0493116 0.0498736 0.0675632 0.0715738 0.0653919 0.0450168 0.0667020 0.0897761 0.0527645 0.0828477 0.0820837 0.0604486 0.0495503 0.0459822 0.0740017 0.0436092 0.0490632 0.0492456 0.0490961 0.0986387 0.0731796 0.0492242 0.0527200 0.0697887 0.0489460 0.0253732 
Amauria_rotundifolia_SRR9119150            0.1275517 0.0369869 0.0000000 0.1303641 0.1784026 0.2430461 0.3991783 0.1250812 0.2944115 0.1053377 0.1128524 0.0913615 0.0867585 0.1580334 0.0987618 0.2627679 0.2432676 0.1009940 0.0814608 0.1043654 0.0617998 0.2437285 0.0806441 0.1132452 0.1543419 0.1716866 0.2404132 0.0984874 0.1854088 0.1429427 0.1529593 0.1337581 0.1154223 0.0917472 0.1707106 0.0850422 0.7532410 0.0832705 0.1322027 0.1656997 0.1476313 0.0786240 0.1556289 0.2463980 0.2260957 0.0350465 0.0961495 0.0810610 0.1025515 0.1155090 0.1109994 0.0726839 0.1099546 0.0651941 0.2305219 0.1220131 0.1105643 0.0790887 0.0792841 0.2477331 0.1863854 0.3088488 0.0845976 0.1203573 0.2483845 0.0861442 0.2546483 0.2038711 0.0314695 0.0643498 0.1668657 0.1421859 0.0952888 0.0882581 0.1033080 0.0806160 0.1910866 0.1833944 0.1082655 0.0987809 0.0846003 0.1001397 0.1626142 
Conoclinium_coelestinum_SRR9119114         0.1258655 0.1336321 0.1303641 0.0000000 0.1502438 0.0752859 0.2730189 0.1121530 0.1535384 0.1503492 0.1589490 0.1777091 0.1435557 0.1552906 0.1474820 0.2187014 0.1387297 0.1471290 0.1379087 0.1638199 0.1440871 0.1438332 0.1497893 0.1601577 0.1556384 0.1628346 0.1495940 0.1370383 0.1464889 0.1492100 0.1271840 0.1110105 0.1463437 0.1217542 0.1444398 0.1493514 9.0000000 0.1538671 0.1469307 0.1473443 0.1351954 0.1413054 0.1431014 0.1526365 0.1646264 0.1219038 0.1330097 0.1496991 0.1435569 0.1461176 0.1498576 0.1417735 0.1468728 0.1478119 0.1496671 0.1626567 0.1480291 0.1392776 0.1543746 0.1434065 0.1721762 0.1290581 0.1400283 0.1568892 0.1523864 0.1420135 0.1817042 0.1570072 0.1449834 0.1458539 0.1409043 0.1526294 0.1341069 0.1470339 0.1476530 0.1392790 0.1885587 0.1484006 0.1541636 0.1545906 0.1673004 0.1436819 0.1398260 
Eutetras_palmeri_63                        0.1658242 0.0649637 0.1784026 0.1502438 0.0000000 0.2031865 0.2375719 0.1695593 0.2172887 0.1737675 0.1852437 0.1337657 0.2017949 0.1066178 0.1666306 0.1216678 0.1800142 0.2041792 0.1704108 0.1786812 0.1119650 0.0915116 0.1096937 0.1806371 0.1661257 0.1615715 0.1734639 0.0927074 0.1663458 0.0810815 0.1505422 0.1639036 0.1794803 0.1478407 0.1756676 0.1766791 0.6946447 0.1085753 0.0994259 0.0924477 0.1675125 0.1998490 0.1658268 0.1641757 0.2268347 0.0507906 0.1536546 0.1714208 0.1742541 0.1114466 0.1711625 0.1751917 0.1818990 0.1689421 0.1686381 0.1787431 0.1698999 0.1500452 0.1566881 0.1841384 0.1788578 0.1097577 0.1181550 0.1727910 0.1760059 0.1612158 0.0961606 0.0972373 0.0863233 0.2094177 0.0886609 0.1772382 0.1732704 0.2267027 0.1971618 0.1181140 0.0930069 0.1606245 0.1652325 0.1769181 0.0909773 0.1740129 0.0828105 
Eutrochium_fistulosum_SRR9119106           0.2476263 0.0989215 0.2430461 0.0752859 0.2031865 0.0000000 0.4122919 0.2438367 0.2771477 0.2376950 0.2485907 0.1815890 0.1998977 0.2118135 0.2460830 0.3116143 0.2527248 0.2565949 0.1864263 0.2429621 0.1464878 0.2764755 0.1637831 0.2448217 0.2440867 0.2437696 0.2458437 0.1737486 0.2310229 0.2034703 0.1794853 0.2401397 0.2523033 0.2143850 0.2240199 0.2461082 0.7192138 0.1336374 0.2174911 0.2487475 0.2191350 0.2018023 0.2198914 0.2616564 0.3187243 0.1062435 0.2226701 0.1935516 0.2026414 0.2001164 0.2458281 0.2203644 0.2451493 0.2071677 0.2526165 0.2101592 0.1875368 0.2223859 0.2239685 0.2673843 0.2121464 0.2526965 0.1546801 0.2462189 0.2642479 0.2317067 0.2684127 0.2377759 0.1074749 0.2072948 0.2458749 0.2401574 0.2252705 0.2292859 0.2470319 0.1551720 0.2317616 0.2254440 0.2493380 0.2373609 0.1262254 0.2341314 0.2201960 
Helianthus_annuus_SRR9119062               0.4184973 0.2378345 0.3991783 0.2730189 0.2375719 0.4122919 0.0000000 0.3980926 0.4887042 0.4124301 0.4051271 0.2537601 0.3632481 0.2403809 0.3919052 0.2175407 0.3936620 0.3943143 0.4014591 0.4132381 0.2405903 0.2163555 0.2558109 0.4015049 0.4227447 0.4377653 0.4227410 0.3033705 0.2897922 0.1877601 0.3762333 0.4034931 0.4103357 0.3814954 0.4181982 0.4049862 0.7497691 0.2427849 0.2323714 0.2178444 0.4190975 0.4042915 0.4215690 0.4163103 0.4641432 0.2722282 0.3824778 0.4066399 0.4188309 0.2446123 0.4015807 0.3891724 0.4247838 0.3946220 0.3868713 0.4435044 0.3610667 0.3743388 0.3839843 0.4244927 0.3763729 0.1975084 0.2487932 0.4121959 0.4202216 0.3988677 0.2338592 0.2384584 0.2554521 0.3946376 0.2143534 0.4531155 0.4018828 0.4039681 0.3755550 0.2749978 0.2580618 0.4180890 0.3981946 0.3778365 0.3862698 0.3988759 0.1941147 
Lycapsus_tenuifolius_17                    0.0063288 0.0270143 0.1250812 0.1121530 0.1695593 0.2438367 0.3980926 0.0000000 0.2763853 0.1165481 0.1209795 0.0717014 0.0838361 0.1536832 0.1214326 0.2859356 0.2495234 0.1067539 0.0895898 0.1063259 0.0522477 0.2360726 0.0655663 0.1168060 0.1082739 0.1136909 0.2421836 0.0460719 0.1030780 0.1557289 0.1672042 0.0010403 0.1286110 0.1016332 0.1302822 0.0930830 0.8028521 0.0511499 0.1416729 0.1745575 0.1207662 0.0665724 0.1203600 0.2576759 0.2449742 0.0139951 0.1011045 0.0776045 0.1011432 0.1157751 0.1205586 0.0685040 0.1047483 0.0634798 0.2359032 0.0996445 0.1096871 0.0807844 0.0717468 0.2295549 0.1777381 0.3090392 0.0625333 0.1372572 0.2584055 0.0819989 0.2184310 0.1899688 0.0432586 0.0658568 0.1794840 0.1040881 0.0928928 0.0945867 0.1245156 0.0783633 0.1715857 0.1241357 0.1261898 0.0965231 0.0673231 0.1100951 0.1659315 
Pericome_caudata_50_silver                 0.2596490 0.0645533 0.2944115 0.1535384 0.2172887 0.2771477 0.4887042 0.2763853 0.0000000 0.2536828 0.2760283 0.1538167 0.2124117 0.1820952 0.2624160 0.4038364 0.2563436 0.3065851 0.2549698 0.2532089 0.1493478 0.2701573 0.1215831 0.2641035 0.2302154 0.2483515 0.2263900 0.1264366 0.1886053 0.2242228 0.1900272 0.2727782 0.2659604 0.2122515 0.2247925 0.2477102 0.8472744 0.0984165 0.2256742 0.2541998 0.2209281 0.2266904 0.2258282 0.2271016 0.3521534 0.0427695 0.2315766 0.1752589 0.2102283 0.1999536 0.2654757 0.2236489 0.2127785 0.2040301 0.2395584 0.2334681 0.1680807 0.2221809 0.1987183 0.2493792 0.1892911 0.3628388 0.1672850 0.2514249 0.2501894 0.1879011 0.2494560 0.2076120 0.0914894 0.2226424 0.2215045 0.2413281 0.2452553 0.2754670 0.3132579 0.1382091 0.1874107 0.2320920 0.2576582 0.2555918 0.0833700 0.2580072 0.2548562 
Perityle_aglossa_84_dead_horse             0.1258192 0.0581040 0.1053377 0.1503492 0.1737675 0.2376950 0.4124301 0.1165481 0.2536828 0.0000000 0.0302047 0.0936928 0.0192736 0.1554897 0.0257939 0.2628955 0.2560958 0.0178268 0.0420152 0.0270557 0.0409079 0.1683125 0.0703954 0.0322725 0.1004141 0.1190551 0.2411055 0.0895976 0.1956438 0.1327115 0.1491418 0.1157863 0.0385817 0.0436970 0.1315863 0.0293282 0.7895106 0.0918341 0.1082862 0.1405627 0.1245109 0.0248642 0.1244343 0.2321558 0.1770880 0.0398114 0.0238579 0.0385093 0.1044054 0.0797275 0.0567761 0.0226814 0.0598897 0.0172396 0.2379365 0.1089999 0.0892156 0.0180182 0.0195999 0.2459250 0.2113381 0.2889903 0.0604922 0.0103453 0.2446239 0.0436377 0.2376827 0.2052273 0.0180545 0.0165949 0.1286026 0.1301808 0.0202838 0.0272696 0.0157910 0.0562851 0.1966378 0.1397127 0.0340711 0.0043749 0.0952795 0.0250992 0.1551686 
Perityle_ajoensis_204                      0.1270803 0.0550130 0.1128524 0.1589490 0.1852437 0.2485907 0.4051271 0.1209795 0.2760283 0.0302047 0.0000000 0.0884733 0.0228253 0.1701655 0.0305018 0.2578989 0.2690752 0.0242299 0.0409902 0.0312408 0.0331730 0.1861918 0.0738525 0.0098605 0.1280702 0.1449221 0.2628208 0.0841425 0.1835189 0.1373889 0.1487969 0.1224387 0.0389764 0.0358110 0.1584938 0.0303795 0.7989840 0.0839643 0.1127450 0.1447089 0.1515101 0.0135303 0.1529385 0.2683503 0.1976057 0.0335527 0.0132231 0.0211498 0.1131435 0.0882547 0.0772627 0.0250023 0.0588143 0.0150039 0.2576893 0.1198458 0.1018722 0.0169094 0.0155949 0.2506660 0.1998175 0.3194413 0.0509984 0.0399085 0.2743634 0.0401223 0.2366305 0.1991737 0.0224427 0.0212733 0.1446010 0.1237087 0.0052424 0.0332380 0.0256420 0.0517200 0.1869870 0.1636522 0.0306349 0.0233194 0.0926399 0.0193331 0.1581023 
Perityle_ambrosiifolia_67_green            0.1010030 0.0517411 0.0913615 0.1777091 0.1337657 0.1815890 0.2537601 0.0717014 0.1538167 0.0936928 0.0884733 0.0000000 0.0559476 0.1270748 0.0765242 0.1212640 0.1205937 0.0549300 0.0867413 0.0924489 0.0352084 0.0438019 0.0674831 0.0870316 0.1165065 0.1161369 0.1454395 0.1050869 0.0960545 0.1155614 0.0544941 0.0712695 0.0880448 0.0545447 0.1226497 0.0827107 0.3056104 0.1352405 0.0422043 0.0465189 0.1158975 0.0654544 0.1199113 0.1302712 0.0860481 0.0761863 0.0712430 0.0778892 0.1167938 0.0363357 0.0813460 0.0752131 0.0936214 0.0773630 0.1393796 0.1073123 0.0604725 0.0876171 0.0816155 0.1425370 0.1412353 0.1237146 0.0595684 0.0994360 0.1465109 0.0837588 0.1567214 0.1468501 0.0454178 0.1737143 0.0426219 0.1067281 0.0725850 0.0544458 0.0612929 0.0429608 0.1663760 0.1066710 0.0864997 0.0829158 0.0671023 0.0782968 0.1066079 
Perityle_angustifolia_13_Eagle_creek       0.1008239 0.0500146 0.0867585 0.1435557 0.2017949 0.1998977 0.3632481 0.0838361 0.2124117 0.0192736 0.0228253 0.0559476 0.0000000 0.1732443 0.0122975 0.1954845 0.1886020 0.0070553 0.0328652 0.0262598 0.0027528 0.1189846 0.0835149 0.0212311 0.0732334 0.1062512 0.2064294 0.1039511 0.0985180 0.1209975 0.1373012 0.0833546 0.0034307 0.0133777 0.1186468 0.0194712 0.5551500 0.0912493 0.1084237 0.1229532 0.1069591 0.0124835 0.1097532 0.1929440 0.0852525 0.0316734 0.0072510 0.0175118 0.1103361 0.0568736 0.0086175 0.0035545 0.0423702 0.0035326 0.1874103 0.1126792 0.0896181 0.0141430 0.0107094 0.2238360 0.1577855 0.2107301 0.0249574 0.0296862 0.2122619 0.0199208 0.2148713 0.2167018 0.0182641 0.0070912 0.1172686 0.1250414 0.0144119 0.0210585 0.0017660 0.0316487 0.2106036 0.1107676 0.0104693 0.0107198 0.0756603 0.0087554 0.1366726 
Perityle_batopilensis_97                   0.1591657 0.0794107 0.1580334 0.1552906 0.1066178 0.2118135 0.2403809 0.1536832 0.1820952 0.1554897 0.1701655 0.1270748 0.1732443 0.0000000 0.1493220 0.1325772 0.1833672 0.1749397 0.1497777 0.1672905 0.1061615 0.0908062 0.1076499 0.1567133 0.1350801 0.1247932 0.1709797 0.0844456 0.1539695 0.0882720 0.1129767 0.1488599 0.1541059 0.1330708 0.1511348 0.1636000 0.7482335 0.0249813 0.0960198 0.0972345 0.1441696 0.1768526 0.1433649 0.1555844 0.2121753 0.0425910 0.1297141 0.1353558 0.1517858 0.1036076 0.1484118 0.1609040 0.1385092 0.1497130 0.1673994 0.1783143 0.1430640 0.1222040 0.1398453 0.1778872 0.1690133 0.0767002 0.1086384 0.1478834 0.1722456 0.1313170 0.1140419 0.1106561 0.0883055 0.2304507 0.0897168 0.1593791 0.1566792 0.2132879 0.1722680 0.0967153 0.1212040 0.1387331 0.1443154 0.1601412 0.0802017 0.1553087 0.0894122 
Perityle_bisetosa_9                        0.1272121 0.0492182 0.0987618 0.1474820 0.1666306 0.2460830 0.3919052 0.1214326 0.2624160 0.0257939 0.0305018 0.0765242 0.0122975 0.1493220 0.0000000 0.2424871 0.2524754 0.0103150 0.0356856 0.0289862 0.0277842 0.1824571 0.0679378 0.0350000 0.1702497 0.1705383 0.2488605 0.0855589 0.1920907 0.1187853 0.1428571 0.1308170 0.0212751 0.0367393 0.1894523 0.0022356 0.5862317 0.0810948 0.0941990 0.1259114 0.1635834 0.0209943 0.1655896 0.2344177 0.1806034 0.0326947 0.0266651 0.0307196 0.0977050 0.0668894 0.0651424 0.0145172 0.0506502 0.0093099 0.2339460 0.1075291 0.0830841 0.0166328 0.0155260 0.2423518 0.2073245 0.3011488 0.0507973 0.0359294 0.2418925 0.0283001 0.2361028 0.1926645 0.0178312 0.0035928 0.1212610 0.1197459 0.0217260 0.0277862 0.0198081 0.0491300 0.1865248 0.1870183 0.0155492 0.0192553 0.0879899 0.0240567 0.1446191 
Perityle_californica_76_positas            0.2962064 0.0697230 0.2627679 0.2187014 0.1216678 0.3116143 0.2175407 0.2859356 0.4038364 0.2628955 0.2578989 0.1212640 0.1954845 0.1325772 0.2424871 0.0000000 0.3457462 0.2423439 0.2566541 0.2518127 0.0530292 0.1031240 0.1191267 0.2544010 0.2762748 0.2960962 0.3425445 0.1364753 0.1326364 0.0269116 0.2486084 0.2869688 0.2596527 0.2341232 0.3080972 0.2539141 0.7346285 0.1370726 0.1016163 0.0975548 0.3006114 0.2406410 0.2915546 0.3595770 0.3249534 0.0646132 0.2254127 0.2462756 0.2990852 0.1086784 0.2460558 0.2380975 0.2792171 0.2393764 0.3200779 0.2840329 0.2013947 0.2139579 0.2354895 0.4086846 0.1931350 0.1212464 0.0731555 0.2678836 0.3688569 0.2468856 0.1087856 0.1162161 0.0509129 0.3361801 0.1020025 0.3236245 0.2528504 0.2481661 0.2349420 0.0897523 0.1220071 0.3090294 0.2441210 0.2403984 0.0988873 0.2470561 0.0325044 
Perityle_canescens_77                      0.2514466 0.0724170 0.2432676 0.1387297 0.1800142 0.2527248 0.3936620 0.2495234 0.2563436 0.2560958 0.2690752 0.1205937 0.1886020 0.1833672 0.2524754 0.3457462 0.0000000 0.2668111 0.1909771 0.2608546 0.1311526 0.2416387 0.1071885 0.2635482 0.2553583 0.2468588 0.0352789 0.1191764 0.1196739 0.1828932 0.0894282 0.2541498 0.2621439 0.2315745 0.2208359 0.2348126 0.0855205 0.0705600 0.1664294 0.1939805 0.2282083 0.2100841 0.2148055 0.0532388 0.3161899 0.0342409 0.2516541 0.1966388 0.1964734 0.1672852 0.2901102 0.2182921 0.2421271 0.2018864 0.0308150 0.2018356 0.1285835 0.2178926 0.2257949 0.0317994 0.0217788 0.2338893 0.1399744 0.2784438 0.0313725 0.2172749 0.2436708 0.1858663 0.0785300 0.2149513 0.2039260 0.2115041 0.2373407 0.2733041 0.2869160 0.1250419 0.1881248 0.2119315 0.2547039 0.2400776 0.0341852 0.2445849 0.1890439 
Perityle_castillonii_96                    0.1198426 0.0487969 0.1009940 0.1471290 0.2041792 0.2565949 0.3943143 0.1067539 0.3065851 0.0178268 0.0242299 0.0549300 0.0070553 0.1749397 0.0103150 0.2423439 0.2668111 0.0000000 0.0340195 0.0217056 0.0000010 0.1956106 0.0765311 0.0192151 0.1014301 0.1242046 0.2855595 0.0949475 0.1243373 0.1449503 0.1339291 0.1062772 0.0189797 0.0179873 0.1412782 0.0119976 0.7638730 0.0855850 0.1134312 0.1487739 0.1356736 0.0148324 0.1371766 0.2792657 0.1635352 0.0321813 0.0078816 0.0205136 0.1201152 0.0698402 0.0358597 0.0069790 0.0374548 0.0084869 0.2745634 0.1098749 0.0798313 0.0107658 0.0109006 0.3054212 0.1966682 0.2691414 0.0193561 0.0266156 0.2884446 0.0236353 0.2556907 0.2303545 0.0179059 0.0084061 0.1596427 0.1412311 0.0143300 0.0200681 0.0102701 0.0420193 0.2150889 0.1466550 0.0166947 0.0103631 0.0740381 0.0114832 0.1615514 
Perityle_cernua_84                         0.1059964 0.0554079 0.0814608 0.1379087 0.1704108 0.1864263 0.4014591 0.0895898 0.2549698 0.0420152 0.0409902 0.0867413 0.0328652 0.1497777 0.0356856 0.2566541 0.1909771 0.0340195 0.0000000 0.0509994 0.0359344 0.1189970 0.0668832 0.0442959 0.0833556 0.1109419 0.1852780 0.0825776 0.1828887 0.1332058 0.1304546 0.0926354 0.0465243 0.0401963 0.1145675 0.0412362 0.6410160 0.0787347 0.1102451 0.1332907 0.1003170 0.0328203 0.1037506 0.1779323 0.1399406 0.0401820 0.0386185 0.0437944 0.1036411 0.0779682 0.0437149 0.0409215 0.0641113 0.0354067 0.1792877 0.1178562 0.0806877 0.0359527 0.0370214 0.2036787 0.1965600 0.2668318 0.0489650 0.0472733 0.1885550 0.0508926 0.2096877 0.1942195 0.0317776 0.0326695 0.1194105 0.1290128 0.0332771 0.0496021 0.0287952 0.0339123 0.1932636 0.1159234 0.0422357 0.0320349 0.0856645 0.0361511 0.1519353 
Perityle_cfvillosa_25_tin                  0.1205049 0.0605486 0.1043654 0.1638199 0.1786812 0.2429621 0.4132381 0.1063259 0.2532089 0.0270557 0.0312408 0.0924489 0.0262598 0.1672905 0.0289862 0.2518127 0.2608546 0.0217056 0.0509994 0.0000000 0.0380157 0.1772143 0.0736569 0.0313662 0.1085195 0.1275740 0.2509852 0.0891094 0.1997256 0.1365980 0.1488684 0.1071896 0.0411663 0.0411006 0.1412149 0.0315930 0.8149359 0.0918704 0.1155895 0.1412888 0.1348704 0.0275091 0.1347633 0.2425659 0.1771019 0.0470302 0.0174630 0.0423058 0.1165128 0.0880920 0.0601113 0.0274353 0.0619370 0.0207101 0.2418740 0.1164642 0.0932812 0.0117835 0.0031380 0.2607114 0.2051136 0.2916735 0.0529551 0.0359594 0.2646053 0.0439468 0.2365287 0.2088608 0.0268991 0.0189075 0.1381590 0.1292704 0.0202261 0.0058560 0.0120653 0.0583042 0.2040424 0.1418972 0.0364553 0.0211167 0.0910279 0.0251326 0.1539803 
Perityle_cinerea_113_Powell1310            0.0901116 0.0407561 0.0617998 0.1440871 0.1119650 0.1464878 0.2405903 0.0522477 0.1493478 0.0409079 0.0331730 0.0352084 0.0027528 0.1061615 0.0277842 0.0530292 0.1311526 0.0000010 0.0359344 0.0380157 0.0000000 0.0512810 0.0927662 0.0364326 0.0924851 0.1072789 0.1661992 0.0994357 0.1013224 0.0490651 0.0402010 0.0673881 0.0330147 0.0329881 0.1080495 0.0304557 0.3468096 0.1082844 0.0418857 0.0443229 0.1086520 0.0000010 0.1083602 0.1476068 0.0232127 0.0625684 0.0281216 0.0304820 0.1104936 0.0163301 0.0302153 0.0156969 0.0619496 0.0282553 0.1523781 0.0926042 0.0246328 0.0280533 0.0283392 0.1643953 0.1405946 0.0864590 0.0153339 0.0458275 0.1710965 0.0361930 0.1163028 0.1117640 0.0202179 0.0283218 0.0512810 0.1109047 0.0262843 0.0026680 0.0000010 0.0029006 0.1443788 0.0995042 0.0280002 0.0156966 0.0675868 0.0280545 0.0457401 
Perityle_coahuilensis_24                   0.2177177 0.0487925 0.2437285 0.1438332 0.0915116 0.2764755 0.2163555 0.2360726 0.2701573 0.1683125 0.1861918 0.0438019 0.1189846 0.0908062 0.1824571 0.1031240 0.2416387 0.1956106 0.1189970 0.1772143 0.0512810 0.0000000 0.0390066 0.1824016 0.1991280 0.2321421 0.2184934 0.0765905 0.1937126 0.0683045 0.1487529 0.2411854 0.2031827 0.1669023 0.2205272 0.1526341 0.8950036 0.1070218 0.0030249 0.0028169 0.1938418 0.1250866 0.2023473 0.2100105 0.2849117 0.0287551 0.1679266 0.1067727 0.1628701 0.0034375 0.1888231 0.1311351 0.1795820 0.1169207 0.2193970 0.1801093 0.1050069 0.1441793 0.1283531 0.2368567 0.1487024 0.1495158 0.0657625 0.1741307 0.2240362 0.1378729 0.1444315 0.0984916 0.0179033 0.1875979 0.0023399 0.2129014 0.1757211 0.1571548 0.1983273 0.0566905 0.1148231 0.2326357 0.1820843 0.1773380 0.0777045 0.1839513 0.0738281 
Perityle_cochisensis_44_cave_creek         0.0881225 0.0605042 0.0806441 0.1497893 0.1096937 0.1637831 0.2558109 0.0655663 0.1215831 0.0703954 0.0738525 0.0674831 0.0835149 0.1076499 0.0679378 0.1191267 0.1071885 0.0765311 0.0668832 0.0736569 0.0927662 0.0390066 0.0000000 0.0794118 0.0910112 0.1057312 0.1141126 0.0904940 0.1802805 0.0933041 0.0631532 0.0670147 0.0891897 0.0537583 0.0889686 0.0741936 0.3066273 0.1127008 0.0451065 0.0438026 0.0826152 0.0784872 0.0854835 0.1034447 0.0791147 0.0602084 0.0707131 0.0769491 0.0815161 0.0420039 0.0841215 0.0763360 0.0795359 0.0700543 0.1068658 0.1104894 0.0893569 0.0727467 0.0657258 0.1141073 0.1195684 0.1183373 0.0920025 0.0762331 0.1192879 0.0784509 0.1181576 0.1117452 0.0832451 0.1482658 0.0379115 0.0974462 0.0611910 0.0765298 0.0709455 0.0925656 0.1300914 0.0866430 0.0788072 0.0663544 0.0638246 0.0753149 0.0922714 
Perityle_congesta_202                      0.1250100 0.0547249 0.1132452 0.1601577 0.1806371 0.2448217 0.4015049 0.1168060 0.2641035 0.0322725 0.0098605 0.0870316 0.0212311 0.1567133 0.0350000 0.2544010 0.2635482 0.0192151 0.0442959 0.0313662 0.0364326 0.1824016 0.0794118 0.0000000 0.1480441 0.1626174 0.2505061 0.0855223 0.1842740 0.1331073 0.1434740 0.1220751 0.0414370 0.0356453 0.1782708 0.0294381 0.7717849 0.0823625 0.1073809 0.1382609 0.1731935 0.0109193 0.1714533 0.2576231 0.1950659 0.0398674 0.0101898 0.0192432 0.1119194 0.0820245 0.0717656 0.0227626 0.0581805 0.0161002 0.2535399 0.1160908 0.0955614 0.0140492 0.0183714 0.2352935 0.1908401 0.3123883 0.0541556 0.0450869 0.2641638 0.0411620 0.2374412 0.1996108 0.0268965 0.0178595 0.1415058 0.1222515 0.0041813 0.0289220 0.0230810 0.0493150 0.1914191 0.1763874 0.0349194 0.0200014 0.0920876 0.0184117 0.1511619 
Perityle_cordifolia_27                     0.1177924 0.0947488 0.1543419 0.1556384 0.1661257 0.2440867 0.4227447 0.1082739 0.2302154 0.1004141 0.1280702 0.1165065 0.0732334 0.1350801 0.1702497 0.2762748 0.2553583 0.1014301 0.0833556 0.1085195 0.0924851 0.1991280 0.0910112 0.1480441 0.0000000 0.0769583 0.2230221 0.0927821 0.1940128 0.1379110 0.1421519 0.1360894 0.1622963 0.0905702 0.1063262 0.0865588 0.6967633 0.0913097 0.1313654 0.1545619 0.0988679 0.0792985 0.1085973 0.2173486 0.2556114 0.0650933 0.1448663 0.0724863 0.0956080 0.1032161 0.1233909 0.0632668 0.0747915 0.0618735 0.2479712 0.0719282 0.1127158 0.0831753 0.0742530 0.2291507 0.2146822 0.3161813 0.0576355 0.1576097 0.2326481 0.0580869 0.2346990 0.1917826 0.0841172 0.0656661 0.1367049 0.1283798 0.0987720 0.0910530 0.1423176 0.0855662 0.1866566 0.1093893 0.1622451 0.0913716 0.1259464 0.1065456 0.1506753 
Perityle_cordifolia_68_tecolote            0.1234620 0.0980946 0.1716866 0.1628346 0.1615715 0.2437696 0.4377653 0.1136909 0.2483515 0.1190551 0.1449221 0.1161369 0.1062512 0.1247932 0.1705383 0.2960962 0.2468588 0.1242046 0.1109419 0.1275740 0.1072789 0.2321421 0.1057312 0.1626174 0.0769583 0.0000000 0.2195772 0.0846747 0.1766715 0.1676997 0.1509840 0.1377608 0.1731371 0.1003951 0.1212008 0.1052387 0.5217259 0.0792742 0.1657396 0.1885005 0.1150529 0.1027158 0.1139790 0.2088425 0.2907037 0.0717039 0.1565334 0.0904067 0.1014839 0.1468562 0.1369102 0.0868597 0.1012946 0.0849978 0.2383732 0.0311008 0.1421254 0.0971969 0.0924313 0.2333679 0.2061857 0.2922454 0.0985749 0.1615980 0.2206298 0.0874413 0.2422603 0.2045353 0.1087604 0.0863088 0.1653939 0.1230424 0.1133763 0.1180163 0.1643288 0.1208888 0.1940233 0.1021337 0.1627330 0.1144152 0.1168020 0.1220137 0.1744850 
Perityle_coronopifolia_28_patagonia        0.2267046 0.0872581 0.2404132 0.1495940 0.1734639 0.2458437 0.4227410 0.2421836 0.2263900 0.2411055 0.2628208 0.1454395 0.2064294 0.1709797 0.2488605 0.3425445 0.0352789 0.2855595 0.1852780 0.2509852 0.1661992 0.2184934 0.1141126 0.2505061 0.2230221 0.2195772 0.0000000 0.1339524 0.1649684 0.1737401 0.0819803 0.2391040 0.2486808 0.2105472 0.1829646 0.2401358 0.1229350 0.0814518 0.1949401 0.2071634 0.1842104 0.2337230 0.1868925 0.0809251 0.3324535 0.0438453 0.2181322 0.1837036 0.1808919 0.1980371 0.2607691 0.2224068 0.2127410 0.1955851 0.0414938 0.2149930 0.1555698 0.2050878 0.2068973 0.0505024 0.0484310 0.2315696 0.1738314 0.2448728 0.0269204 0.1968885 0.2308076 0.1769232 0.1140986 0.2205259 0.1851745 0.2032001 0.2405667 0.2777606 0.3015994 0.1529721 0.1941647 0.1896526 0.2403740 0.2531185 0.0449477 0.2486243 0.1905496 
Perityle_crassifolia_70_ventanas           0.0775791 0.0714687 0.0984874 0.1370383 0.0927074 0.1737486 0.3033705 0.0460719 0.1264366 0.0895976 0.0841425 0.1050869 0.1039511 0.0844456 0.0855589 0.1364753 0.1191764 0.0949475 0.0825776 0.0891094 0.0994357 0.0765905 0.0904940 0.0855223 0.0927821 0.0846747 0.1339524 0.0000000 0.0483899 0.0684811 0.0884743 0.0442204 0.0907671 0.0384240 0.0734361 0.0884965 0.5101923 0.0791506 0.0813741 0.0769734 0.0703541 0.0920104 0.0705679 0.1266772 0.1143508 0.0274467 0.0787347 0.0955977 0.0738870 0.0848457 0.0854274 0.0864396 0.0978525 0.0820030 0.1234356 0.0951224 0.1034421 0.0803271 0.0807643 0.1275343 0.1796699 0.0908745 0.0991960 0.0986685 0.1337281 0.0816322 0.0997234 0.0909018 0.0922399 0.0764978 0.0749815 0.0109009 0.0745019 0.1034358 0.0935961 0.1049529 0.1064107 0.0644494 0.0879531 0.0881128 0.0720908 0.0833812 0.0530563 
Perityle_crassifolia_74_playa_balandra     0.1688819 0.0775926 0.1854088 0.1464889 0.1663458 0.2310229 0.2897922 0.1030780 0.1886053 0.1956438 0.1835189 0.0960545 0.0985180 0.1539695 0.1920907 0.1326364 0.1196739 0.1243373 0.1828887 0.1997256 0.1013224 0.1937126 0.1802805 0.1842740 0.1940128 0.1766715 0.1649684 0.0483899 0.0000000 0.1591062 0.0742755 0.1269002 0.1885735 0.1466273 0.1634439 0.1930725 0.2828775 0.1444278 0.1191665 0.1374425 0.1596276 0.1090044 0.1635007 0.1578547 0.1586387 0.1073629 0.1867410 0.1707208 0.1631013 0.1032389 0.1938112 0.1613449 0.1922853 0.1740613 0.1507310 0.1187623 0.0902921 0.1793261 0.1906722 0.1514578 0.0977536 0.0855824 0.1078170 0.2053779 0.1688871 0.1784169 0.1573590 0.1652167 0.1014727 0.1771902 0.1830473 0.1143519 0.1727407 0.1004180 0.1205092 0.0945695 0.1835481 0.1451727 0.1941472 0.1593529 0.0769121 0.1805733 0.0671550 
Perityle_cuneata_34_cuneata_San_antonio    0.1677026 0.0423100 0.1429427 0.1492100 0.0810815 0.2034703 0.1877601 0.1557289 0.2242228 0.1327115 0.1373889 0.1155614 0.1209975 0.0882720 0.1187853 0.0269116 0.1828932 0.1449503 0.1332058 0.1365980 0.0490651 0.0683045 0.0933041 0.1331073 0.1379110 0.1676997 0.1737401 0.0684811 0.1591062 0.0000000 0.1589465 0.1563098 0.1305176 0.1099429 0.1728296 0.1257171 0.7068532 0.0941722 0.0612860 0.0601615 0.1663042 0.1334457 0.1653119 0.1821069 0.1824139 0.0276499 0.1117155 0.1226045 0.1647812 0.0705334 0.1300489 0.1293781 0.1488551 0.1193455 0.1683787 0.1749393 0.1042014 0.1036544 0.1224270 0.2052156 0.1456912 0.0960211 0.0594411 0.1378021 0.1867118 0.1285838 0.0845158 0.0865961 0.0284469 0.1954008 0.0675679 0.1698699 0.1270597 0.1639892 0.1414980 0.0387542 0.0900613 0.1762609 0.1235306 0.1257242 0.0744765 0.1290394 0.0215692 
Perityle_cuneata_4                         0.1760305 0.0452398 0.1529593 0.1271840 0.1505422 0.1794853 0.3762333 0.1672042 0.1900272 0.1491418 0.1487969 0.0544941 0.1373012 0.1129767 0.1428571 0.2486084 0.0894282 0.1339291 0.1304546 0.1488684 0.0402010 0.1487529 0.0631532 0.1434740 0.1421519 0.1509840 0.0819803 0.0884743 0.0742755 0.1589465 0.0000000 0.1671312 0.1478206 0.0998572 0.1328740 0.1459415 0.3269775 0.0670182 0.1015110 0.1465561 0.1365568 0.1133416 0.1254495 0.1038020 0.1665317 0.0359615 0.1224531 0.1247128 0.1403479 0.0677647 0.1451977 0.1385364 0.1552465 0.1423514 0.0912801 0.1328658 0.0682236 0.1444173 0.1347976 0.1155607 0.0531275 0.2060444 0.0460591 0.1586205 0.1087601 0.1329655 0.2044923 0.2001776 0.0372623 0.1415929 0.1449856 0.1598646 0.1339775 0.1579849 0.1398175 0.0477851 0.1535942 0.1270980 0.1424346 0.1385637 0.0489812 0.1409892 0.1522859 
Perityle_discoidea_81                      0.0071508 0.0294670 0.1337581 0.1110105 0.1639036 0.2401397 0.4034931 0.0010403 0.2727782 0.1157863 0.1224387 0.0712695 0.0833546 0.1488599 0.1308170 0.2869688 0.2541498 0.1062772 0.0926354 0.1071896 0.0673881 0.2411854 0.0670147 0.1220751 0.1360894 0.1377608 0.2391040 0.0442204 0.1269002 0.1563098 0.1671312 0.0000000 0.1412519 0.1028279 0.1486528 0.0944348 0.8243473 0.0521792 0.1407847 0.1746120 0.1218943 0.0661699 0.1215473 0.2575382 0.2450079 0.0189249 0.1119353 0.0796836 0.0982843 0.1149478 0.1218988 0.0700824 0.1096583 0.0647647 0.2344441 0.1005634 0.1101087 0.0803959 0.0739676 0.2241663 0.1774975 0.3128155 0.0785731 0.1445401 0.2596272 0.0878957 0.2188689 0.1872057 0.0466738 0.0696523 0.1767046 0.1090008 0.0944309 0.0957250 0.1245782 0.0796167 0.1746216 0.1449328 0.1366300 0.0961538 0.0696955 0.1108875 0.1653352 
Perityle_dissecta_201                      0.1357023 0.0546584 0.1154223 0.1463437 0.1794803 0.2523033 0.4103357 0.1286110 0.2659604 0.0385817 0.0389764 0.0880448 0.0034307 0.1541059 0.0212751 0.2596527 0.2621439 0.0189797 0.0465243 0.0411663 0.0330147 0.2031827 0.0891897 0.0414370 0.1622963 0.1731371 0.2486808 0.0907671 0.1885735 0.1305176 0.1478206 0.1412519 0.0000000 0.0412595 0.1982776 0.0256952 0.6847526 0.0866467 0.1138126 0.1442169 0.1736058 0.0232034 0.1744491 0.2474849 0.1983435 0.0452557 0.0317751 0.0381320 0.1095957 0.0827366 0.0740957 0.0129477 0.0412228 0.0183030 0.2485562 0.1095354 0.0885230 0.0266148 0.0297278 0.2455531 0.2022212 0.3113750 0.0531882 0.0481737 0.2540367 0.0233393 0.2482853 0.2073774 0.0223784 0.0200129 0.1441429 0.1266188 0.0309282 0.0269713 0.0205123 0.0535727 0.1970916 0.1934696 0.0269280 0.0300007 0.0944770 0.0329040 0.1539994 
Perityle_emoryi_47_punta_san_jose          0.1172466 0.0213669 0.0917472 0.1217542 0.1478407 0.2143850 0.3814954 0.1016332 0.2122515 0.0436970 0.0358110 0.0545447 0.0133777 0.1330708 0.0367393 0.2341232 0.2315745 0.0179873 0.0401963 0.0411006 0.0329881 0.1669023 0.0537583 0.0356453 0.0905702 0.1003951 0.2105472 0.0384240 0.1466273 0.1099429 0.0998572 0.1028279 0.0412595 0.0000000 0.1292699 0.0292410 0.7943752 0.0530848 0.1106916 0.1285817 0.1165249 0.0194088 0.1255714 0.2038386 0.1827796 0.0260858 0.0385674 0.0406120 0.0925117 0.0853920 0.0647682 0.0180332 0.0492026 0.0148932 0.2184747 0.0766972 0.0781410 0.0206340 0.0359939 0.2187842 0.1709831 0.2519057 0.0473806 0.0499832 0.2193164 0.0340466 0.2085273 0.1664004 0.0094505 0.0114993 0.1292828 0.0765957 0.0298559 0.0247869 0.0276241 0.0427576 0.1683782 0.1181127 0.0478968 0.0226977 0.0578716 0.0337586 0.1346167 
Perityle_feddemae_99                       0.1315451 0.0783546 0.1707106 0.1444398 0.1756676 0.2240199 0.4181982 0.1302822 0.2247925 0.1315863 0.1584938 0.1226497 0.1186468 0.1511348 0.1894523 0.3080972 0.2208359 0.1412782 0.1145675 0.1412149 0.1080495 0.2205272 0.0889686 0.1782708 0.1063262 0.1212008 0.1829646 0.0734361 0.1634439 0.1728296 0.1328740 0.1486528 0.1982776 0.1292699 0.0000000 0.1165216 0.6815283 0.0809546 0.1662949 0.1829809 0.0294316 0.1210306 0.0343902 0.1992689 0.2625133 0.0418821 0.1724773 0.1123196 0.0292976 0.1471805 0.1580410 0.1055310 0.1277743 0.1011533 0.2180226 0.1216296 0.1423692 0.1086056 0.1112702 0.2087436 0.1738323 0.2982924 0.1074505 0.1857152 0.2075195 0.1144660 0.2166022 0.1905138 0.1013763 0.1106698 0.1648868 0.1081402 0.1293952 0.1446079 0.1845711 0.1089968 0.1891468 0.0803246 0.1847092 0.1330156 0.0797066 0.1365549 0.1942348 
Perityle_fosteri_93                        0.1060485 0.0523824 0.0850422 0.1493514 0.1766791 0.2461082 0.4049862 0.0930830 0.2477102 0.0293282 0.0303795 0.0827107 0.0194712 0.1636000 0.0022356 0.2539141 0.2348126 0.0119976 0.0412362 0.0315930 0.0304557 0.1526341 0.0741936 0.0294381 0.0865588 0.1052387 0.2401358 0.0884965 0.1930725 0.1257171 0.1459415 0.0944348 0.0256952 0.0292410 0.1165216 0.0000000 0.7726873 0.0795707 0.1021422 0.1334719 0.1044185 0.0252802 0.1064522 0.2372178 0.1420332 0.0288831 0.0220440 0.0334189 0.1003971 0.0776640 0.0279192 0.0217703 0.0554330 0.0144161 0.2280609 0.1107848 0.0899276 0.0188317 0.0196902 0.2531731 0.2100198 0.2820938 0.0533117 0.0381896 0.2460815 0.0343990 0.2345514 0.2014382 0.0179786 0.0083538 0.1353886 0.1215059 0.0230512 0.0341232 0.0183396 0.0541394 0.1929757 0.1194560 0.0178549 0.0211490 0.0915392 0.0237421 0.1521933 
Perityle_gamon_221                         0.7543524 0.0000010 0.7532410 9.0000000 0.6946447 0.7192138 0.7497691 0.8028521 0.8472744 0.7895106 0.7989840 0.3056104 0.5551500 0.7482335 0.5862317 0.7346285 0.0855205 0.7638730 0.6410160 0.8149359 0.3468096 0.8950036 0.3066273 0.7717849 0.6967633 0.5217259 0.1229350 0.5101923 0.2828775 0.7068532 0.3269775 0.8243473 0.6847526 0.7943752 0.6815283 0.7726873 0.0000000 0.1676078 0.6601906 0.7737387 0.7022026 0.6491219 0.6763372 0.0233294 1.0469387 0.0000010 0.7842843 0.6361867 0.6494612 0.6239413 0.8844372 0.7571896 0.7647794 0.6757497 0.0956280 0.6115170 0.4472586 0.7517797 0.7395021 0.0915142 0.0000010 0.7062004 0.3756352 0.5350570 0.0869469 0.7442672 0.8471063 0.6957323 9.0000000 0.7313897 0.7928712 0.7029060 0.7756225 0.6974987 0.7475528 0.3772246 0.6228619 0.4325687 0.6522039 0.7396173 0.0000010 0.7867984 0.7208998 
Perityle_gentryi_8_san_francisco           0.0816453 0.0785519 0.0832705 0.1538671 0.1085753 0.1336374 0.2427849 0.0511499 0.0984165 0.0918341 0.0839643 0.1352405 0.0912493 0.0249813 0.0810948 0.1370726 0.0705600 0.0855850 0.0787347 0.0918704 0.1082844 0.1070218 0.1127008 0.0823625 0.0913097 0.0792742 0.0814518 0.0791506 0.1444278 0.0941722 0.0670182 0.0521792 0.0866467 0.0530848 0.0809546 0.0795707 0.1676078 0.0000000 0.1119780 0.1119455 0.0762225 0.0758885 0.0807512 0.0728066 0.0816271 0.0424611 0.0708238 0.0745816 0.0824296 0.1127203 0.0792179 0.0811318 0.0767595 0.0746765 0.0711518 0.0905959 0.0599736 0.0711990 0.0874197 0.0764886 0.1008492 0.0537583 0.1073639 0.0968492 0.0857239 0.0773479 0.1133419 0.1026989 0.0875118 0.1608301 0.1061201 0.0870234 0.0692440 0.0969012 0.0828728 0.0783271 0.1202985 0.0612194 0.0816433 0.0841859 0.0822806 0.0750539 0.0831961 
Perityle_gilensis_22_Superstition          0.1561399 0.0490778 0.1322027 0.1469307 0.0994259 0.2174911 0.2323714 0.1416729 0.2256742 0.1082862 0.1127450 0.0422043 0.1084237 0.0960198 0.0941990 0.1016163 0.1664294 0.1134312 0.1102451 0.1155895 0.0418857 0.0030249 0.0451065 0.1073809 0.1313654 0.1657396 0.1949401 0.0813741 0.1191665 0.0612860 0.1015110 0.1407847 0.1138126 0.1106916 0.1662949 0.1021422 0.6601906 0.1119780 0.0000000 0.0050278 0.1637080 0.1170900 0.1552829 0.1841734 0.1471105 0.0260941 0.0972989 0.1139251 0.1627922 0.0056881 0.1131669 0.1044955 0.1437896 0.1009332 0.1726947 0.1710706 0.1052397 0.0905669 0.0997663 0.1948976 0.1537238 0.1181188 0.0574328 0.1135286 0.1946063 0.1122277 0.1089049 0.1011828 0.0179059 0.1733184 0.0020233 0.1712341 0.1035857 0.1388660 0.1144992 0.0388345 0.1138394 0.1748317 0.1027517 0.1005959 0.0848584 0.1101419 0.0698677 
Perityle_gilensis_salensis_225             0.1855774 0.0518921 0.1656997 0.1473443 0.0924477 0.2487475 0.2178444 0.1745575 0.2541998 0.1405627 0.1447089 0.0465189 0.1229532 0.0972345 0.1259114 0.0975548 0.1939805 0.1487739 0.1332907 0.1412888 0.0443229 0.0028169 0.0438026 0.1382609 0.1545619 0.1885005 0.2071634 0.0769734 0.1374425 0.0601615 0.1465561 0.1746120 0.1442169 0.1285817 0.1829809 0.1334719 0.7737387 0.1119455 0.0050278 0.0000000 0.1830938 0.1300199 0.1753999 0.2087327 0.1847397 0.0256948 0.1219929 0.1223042 0.1834093 0.0091755 0.1403977 0.1305554 0.1703634 0.1316094 0.1870240 0.1794654 0.1071601 0.1176563 0.1287779 0.2284356 0.1481257 0.1161961 0.0548345 0.1453939 0.2168366 0.1392648 0.1072515 0.1008816 0.0225340 0.1930507 0.0018720 0.1948030 0.1308581 0.1590926 0.1457163 0.0592690 0.1143730 0.1925334 0.1353137 0.1299122 0.0777778 0.1364481 0.0685513 
Perityle_glaucescens_94                    0.1197481 0.0715294 0.1476313 0.1351954 0.1675125 0.2191350 0.4190975 0.1207662 0.2209281 0.1245109 0.1515101 0.1158975 0.1069591 0.1441696 0.1635834 0.3006114 0.2282083 0.1356736 0.1003170 0.1348704 0.1086520 0.1938418 0.0826152 0.1731935 0.0988679 0.1150529 0.1842104 0.0703541 0.1596276 0.1663042 0.1365568 0.1218943 0.1736058 0.1165249 0.0294316 0.1044185 0.7022026 0.0762225 0.1637080 0.1830938 0.0000000 0.1074860 0.0243336 0.2063755 0.2561252 0.0386309 0.1462412 0.0997956 0.0079578 0.1405132 0.1444298 0.0943632 0.1172829 0.0919218 0.2252888 0.1130388 0.1369751 0.0985045 0.0975003 0.2160417 0.1868136 0.2949689 0.1077608 0.1598362 0.2078816 0.1039030 0.2160334 0.1824970 0.1016067 0.1007430 0.1583127 0.1061540 0.1227543 0.1301939 0.1785464 0.1083848 0.1813855 0.0780317 0.1576486 0.1276966 0.0803538 0.1311942 0.1877416 
Perityle_gracilis_11                       0.0793523 0.0490551 0.0786240 0.1413054 0.1998490 0.2018023 0.4042915 0.0665724 0.2266904 0.0248642 0.0135303 0.0654544 0.0124835 0.1768526 0.0209943 0.2406410 0.2100841 0.0148324 0.0328203 0.0275091 0.0000010 0.1250866 0.0784872 0.0109193 0.0792985 0.1027158 0.2337230 0.0920104 0.1090044 0.1334457 0.1133416 0.0661699 0.0232034 0.0194088 0.1210306 0.0252802 0.6491219 0.0758885 0.1170900 0.1300199 0.1074860 0.0000000 0.1102042 0.2154897 0.1307713 0.0296019 0.0000010 0.0081207 0.1109423 0.0821171 0.0162245 0.0083900 0.0434449 0.0041563 0.2080252 0.1145449 0.0898409 0.0116515 0.0069990 0.2433181 0.1964791 0.2481934 0.0169923 0.0370812 0.2325341 0.0253951 0.2152210 0.2112257 0.0178312 0.0140045 0.1237289 0.1283105 0.0027617 0.0220743 0.0115112 0.0265553 0.2099254 0.1269069 0.0193738 0.0140538 0.0716903 0.0040804 0.1522741 
Perityle_harkerae_31                       0.1208494 0.0773563 0.1556289 0.1431014 0.1658268 0.2198914 0.4215690 0.1203600 0.2258282 0.1244343 0.1529385 0.1199113 0.1097532 0.1433649 0.1655896 0.2915546 0.2148055 0.1371766 0.1037506 0.1347633 0.1083602 0.2023473 0.0854835 0.1714533 0.1085973 0.1139790 0.1868925 0.0705679 0.1635007 0.1653119 0.1254495 0.1215473 0.1744491 0.1255714 0.0343902 0.1064522 0.6763372 0.0807512 0.1552829 0.1753999 0.0243336 0.1102042 0.0000000 0.2066537 0.2436536 0.0417099 0.1490800 0.1024577 0.0292628 0.1412985 0.1501748 0.0973317 0.1165248 0.0933415 0.2100120 0.1234175 0.1389228 0.1013641 0.1012478 0.1978521 0.1842184 0.2900638 0.1074937 0.1698243 0.2073384 0.1042352 0.2114463 0.1800849 0.1064341 0.1052366 0.1603854 0.1055519 0.1222440 0.1305678 0.1786962 0.1081148 0.1776422 0.0796069 0.1609426 0.1269167 0.0765443 0.1318433 0.1821728 
Perityle_hofmeisteria_4_nombre_de_dios     0.2333798 0.0795025 0.2463980 0.1526365 0.1641757 0.2616564 0.4163103 0.2576759 0.2271016 0.2321558 0.2683503 0.1302712 0.1929440 0.1555844 0.2344177 0.3595770 0.0532388 0.2792657 0.1779323 0.2425659 0.1476068 0.2100105 0.1034447 0.2576231 0.2173486 0.2088425 0.0809251 0.1266772 0.1578547 0.1821069 0.1038020 0.2575382 0.2474849 0.2038386 0.1992689 0.2372178 0.0233294 0.0728066 0.1841734 0.2087327 0.2063755 0.2154897 0.2066537 0.0000000 0.3324629 0.0478395 0.2186945 0.1630706 0.1884606 0.1824561 0.2611514 0.2299378 0.2036009 0.1984691 0.0607976 0.2170358 0.1342592 0.2054368 0.1902309 0.0594637 0.0264070 0.2553093 0.1536738 0.2182755 0.0675515 0.1897761 0.2588769 0.2047588 0.0909463 0.2201534 0.1766309 0.2131265 0.2374214 0.2710777 0.2987157 0.1309986 0.2072594 0.1740816 0.2294841 0.2452524 0.0587949 0.2465477 0.2004999 
Perityle_huecosensis_48                    0.2466591 0.0580705 0.2260957 0.1646264 0.2268347 0.3187243 0.4641432 0.2449742 0.3521534 0.1770880 0.1976057 0.0860481 0.0852525 0.2121753 0.1806034 0.3249534 0.3161899 0.1635352 0.1399406 0.1771019 0.0232127 0.2849117 0.0791147 0.1950659 0.2556114 0.2907037 0.3324535 0.1143508 0.1586387 0.1824139 0.1665317 0.2450079 0.1983435 0.1827796 0.2625133 0.1420332 1.0469387 0.0816271 0.1471105 0.1847397 0.2561252 0.1307713 0.2436536 0.3324629 0.0000000 0.0396137 0.1884276 0.1252291 0.2032253 0.1126925 0.2134165 0.1352686 0.1862374 0.1334049 0.3189745 0.2177235 0.1061061 0.1361664 0.1417440 0.3164891 0.1970916 0.3916107 0.0446531 0.2083335 0.3451586 0.1559974 0.3014922 0.2563001 0.0316174 0.1242390 0.2001310 0.2401129 0.1719373 0.1623863 0.2020580 0.0564079 0.2427565 0.2893944 0.1758925 0.1640817 0.0997989 0.1765958 0.2023649 
