83
Amauria_brandeegeana_62                    0.0000000 0.0345976 0.0175444 0.1916354 0.0624136 0.0345411 0.1632859 0.0968729 0.2568669 0.0162722 0.1043499 0.0790568 0.0932780 0.0944943 0.0680131 0.0677299 0.0754162 0.1108735 0.0818249 0.0777185 0.0752914 0.0764933 0.0971670 0.0976760 0.0724798 0.1018598 0.0823959 0.1307468 0.1051810 0.1086277 0.0699270 0.0811267 0.1562794 0.0185433 0.0885911 0.1212729 0.0614149 0.0903430 0.1080294 0.0945081 0.0930609 0.0847808 0.0788100 0.0956606 0.1015467 0.1023349 0.0568776 0.0863330 0.1660926 0.0888990 0.0812256 0.1180495 0.0937025 0.1102939 0.0753592 0.0908325 0.0832603 0.0761854 0.0894816 0.1173243 0.1241031 0.0689135 0.1213388 0.0595622 0.0833560 0.1012675 0.1021380 0.0777433 0.0810215 0.0720649 0.0694037 0.0975168 0.0983891 0.0911673 0.0925809 0.0583284 0.0627089 0.0803465 0.1090676 0.0973168 0.0757615 0.0937501 0.1092023 
Amauria_carterae_99_mesa                   0.0345976 0.0000000 0.0316881 0.1941020 0.0609121 0.0265915 0.1553835 0.1002449 0.2088008 0.0275967 0.0779508 0.0693045 0.0723050 0.0731843 0.0675108 0.0753697 0.0726578 0.1086775 0.0710703 0.0777786 0.0662166 0.0750086 0.0903334 0.0779194 0.0793963 0.0786350 0.0653317 0.0757003 0.0765432 0.0744360 0.0785950 0.0684365 0.0761040 0.0298090 0.0760486 0.0853222 0.0747026 0.0796180 0.0785664 0.0733649 0.0705624 0.0859694 0.0633876 0.0846220 0.0803463 0.0839082 0.0528450 0.0674919 0.1073673 0.0799755 0.0785394 0.0697112 0.0632262 0.0667297 0.0728599 0.0807642 0.0794856 0.0775788 0.0765783 0.0716327 0.0741442 0.0640221 0.0705845 0.0558853 0.0666896 0.0842288 0.0765298 0.0658736 0.0599238 0.0749716 0.0723182 0.0784791 0.0760659 0.0682806 0.0680346 0.0746565 0.0634795 0.0710379 0.0771864 0.0728636 0.0647232 0.0843338 0.0756127 
Amauria_rotundifolia_SRR9119150            0.0175444 0.0316881 0.0000000 0.1865008 0.0619480 0.0344295 0.1546472 0.0939739 0.2368985 0.0159663 0.0926673 0.0763934 0.0901389 0.0881502 0.0666467 0.0630600 0.0783173 0.1069092 0.0789214 0.0778702 0.0746130 0.0776986 0.0961449 0.0900264 0.0757105 0.1066475 0.0761688 0.1118050 0.0920999 0.0942442 0.0696966 0.0705105 0.1364886 0.0160732 0.0881527 0.1184501 0.0633274 0.0942401 0.1018079 0.0894443 0.0869365 0.0878896 0.0773209 0.0930941 0.0911149 0.0995216 0.0556468 0.0774548 0.1370262 0.0879843 0.0836894 0.1091969 0.0937390 0.0973636 0.0775051 0.0867397 0.0811583 0.0716056 0.0819000 0.1046167 0.0972885 0.0601227 0.1033268 0.0533525 0.0778605 0.0976630 0.0912728 0.0739328 0.0668291 0.0744304 0.0698362 0.0898654 0.0922064 0.0776308 0.0822216 0.0606412 0.0585460 0.0783468 0.0973671 0.0886225 0.0760502 0.0826772 0.1053028 
Conoclinium_coelestinum_SRR9119114         0.1916354 0.1941020 0.1865008 0.0000000 0.1814051 0.1000703 0.1720116 0.1656807 0.2744336 0.1659311 0.1940380 0.1758298 0.1934956 0.1962345 0.1798984 0.1693637 0.1885666 0.1967161 0.1981280 0.1943179 0.1862853 0.1925337 0.1784891 0.1959703 0.1956656 0.1966186 0.1789733 0.1952617 0.1987784 0.2083165 0.2126377 0.1743253 0.2394152 0.1723014 0.1930244 0.2014927 0.1900308 0.1952358 0.1916734 0.1953753 0.1906535 0.2025600 0.1863908 0.1979692 0.1879842 0.1967886 0.1604092 0.1815847 0.2291431 0.1982549 0.1970659 0.1906160 0.2217170 0.1929298 0.1944301 0.1977094 0.2096095 0.1926492 0.1952470 0.1892956 0.1970935 0.1751985 0.2035386 0.1850011 0.1788723 0.2008018 0.2066718 0.1894233 0.1776067 0.1547308 0.1997395 0.1976682 0.2048071 0.1830787 0.1895660 0.1895692 0.1679818 0.1985974 0.2048880 0.1926308 0.1757895 0.1984354 0.1917320 
Eutetras_palmeri_63                        0.0624136 0.0609121 0.0619480 0.1814051 0.0000000 0.0037424 0.1720795 0.0859117 0.2286573 0.0354460 0.0576765 0.0597160 0.0754967 0.0742123 0.0539888 0.0470940 0.0697816 0.1103079 0.0707182 0.0703251 0.0646473 0.0680847 0.0702414 0.0745916 0.0610370 0.0796014 0.0673904 0.0870497 0.0768993 0.0731825 0.0612155 0.0554459 0.1335530 0.0374568 0.0739904 0.0845795 0.0514289 0.0740767 0.0856193 0.0725412 0.0723175 0.0670693 0.0669326 0.0757881 0.0767418 0.0780638 0.0396086 0.0608317 0.1208593 0.0710271 0.0716430 0.0807055 0.0763705 0.0792110 0.0673731 0.0755752 0.0710935 0.0585508 0.0689767 0.0744679 0.1045364 0.0511493 0.0989937 0.0361197 0.0604713 0.0884046 0.0741033 0.0489805 0.0285079 0.0595231 0.0589869 0.0744624 0.0776861 0.0639078 0.0658369 0.0433709 0.0412486 0.0503037 0.0768348 0.0735052 0.0584164 0.0752067 0.0772980 
Eutetras_pringlei_149_quer                 0.0345411 0.0265915 0.0344295 0.1000703 0.0037424 0.0000000 0.0503702 0.0540671 0.0705223 0.0039879 0.0112749 0.0191780 0.0228186 0.0266196 0.0153764 0.0309507 0.0266984 0.0152643 0.0306948 0.0268321 0.0227697 0.0268475 0.0230241 0.0189281 0.0189281 0.0266630 0.0191678 0.0267689 0.0348179 0.0423380 0.0425527 0.0114469 0.0266029 0.0039702 0.0305982 0.0344317 0.0266984 0.0382377 0.0266545 0.0266196 0.0227906 0.0424038 0.0192145 0.0345803 0.0343855 0.0345628 0.0078300 0.0230708 0.0266630 0.0344418 0.0189281 0.0231651 0.0212715 0.0191363 0.0189912 0.0304790 0.0228967 0.0269717 0.0266630 0.0231658 0.0305575 0.0198364 0.0463472 0.0191197 0.0152344 0.0383286 0.0304627 0.0037999 0.0037811 0.3501682 0.0268781 0.0189281 0.0461474 0.0230492 0.0190857 0.0228947 0.0191498 0.0112954 0.0266387 0.0229344 0.0152168 0.0267276 0.0305193 
Eutrochium_fistulosum_SRR9119106           0.1632859 0.1553835 0.1546472 0.1720116 0.1720795 0.0503702 0.0000000 0.1495305 0.2459397 0.1346728 0.1830151 0.1612472 0.1750751 0.1791833 0.1585237 0.1384437 0.1774413 0.1717567 0.1678612 0.1804685 0.1741460 0.1709610 0.1610861 0.1809187 0.1838120 0.1801562 0.1639380 0.1790827 0.1833428 0.1984559 0.1894812 0.1581662 0.2202782 0.1308244 0.1793406 0.1900055 0.1815921 0.1709058 0.1762247 0.1769387 0.1752661 0.1876277 0.1641668 0.1903167 0.1783825 0.1842836 0.1331272 0.1658428 0.2142682 0.1844674 0.1800441 0.1728944 0.2029223 0.1690728 0.1762955 0.1910459 0.1901193 0.1620924 0.1773284 0.1701350 0.1799393 0.1434203 0.1889540 0.1532820 0.1592142 0.1873937 0.1906411 0.1818490 0.1661009 0.1262271 0.1724719 0.1811368 0.1939144 0.1641956 0.1723362 0.1796290 0.1410145 0.1877175 0.1890692 0.1779631 0.1539065 0.1733051 0.1753712 
Galeana_pratensis_104_mex                  0.0968729 0.1002449 0.0939739 0.1656807 0.0859117 0.0540671 0.1495305 0.0000000 0.1429970 0.0793154 0.1013733 0.0835201 0.0817242 0.1000824 0.0810269 0.0880204 0.0865240 0.0971920 0.0998921 0.0900889 0.0819218 0.0862777 0.0844152 0.0984184 0.0808971 0.0908264 0.0750842 0.0975214 0.0936662 0.1036904 0.1104045 0.0731165 0.0868202 0.0806105 0.0872255 0.1002837 0.0718365 0.0933813 0.0918335 0.0954962 0.0895144 0.1018124 0.0829245 0.0981345 0.0954535 0.0939329 0.0642625 0.0827799 0.0975204 0.0924135 0.0967190 0.0878002 0.0803112 0.0822353 0.0859766 0.0922387 0.0946765 0.0862028 0.0887685 0.0818293 0.0955883 0.0944069 0.0881112 0.0796620 0.0826200 0.1053138 0.0928876 0.0913226 0.0816952 0.1062004 0.0817723 0.0992417 0.1073143 0.0838081 0.0834241 0.0733451 0.0826653 0.0980708 0.0950150 0.0888464 0.0802161 0.0871905 0.0863732 
Helianthus_annuus_SRR9119062               0.2568669 0.2088008 0.2368985 0.2744336 0.2286573 0.0705223 0.2459397 0.1429970 0.0000000 0.2340656 0.2580144 0.2412112 0.2496600 0.2589105 0.2240015 0.1675740 0.2486797 0.2272608 0.2300690 0.2526402 0.2485756 0.2512881 0.1674529 0.2624761 0.2702970 0.2592681 0.2430124 0.2516405 0.2572220 0.2482954 0.2296418 0.2299141 0.2916485 0.2260574 0.2558037 0.2613574 0.2146765 0.2523263 0.2624831 0.2523019 0.2559816 0.2562972 0.2467315 0.2630595 0.2536960 0.2364996 0.2082664 0.2297218 0.2833431 0.2563132 0.2618114 0.2568525 0.2967841 0.2419126 0.2449390 0.2514171 0.2529249 0.2040959 0.2566446 0.2522797 0.2512564 0.1716989 0.2399560 0.1784013 0.2412274 0.2647357 0.2521559 0.2514950 0.2423378 0.1322161 0.2467594 0.2642931 0.2741803 0.2436605 0.2518804 0.2251881 0.1626342 0.2542681 0.2437912 0.2593262 0.2315808 0.1982376 0.2563968 
Lycapsus_tenuifolius_17                    0.0162722 0.0275967 0.0159663 0.1659311 0.0354460 0.0039879 0.1346728 0.0793154 0.2340656 0.0000000 0.0519003 0.0483019 0.0598191 0.0618268 0.0527567 0.0482289 0.0558801 0.0977776 0.0623141 0.0588949 0.0523340 0.0558486 0.0860381 0.0593006 0.0555930 0.0614485 0.0612049 0.0636616 0.0667037 0.0181054 0.0201117 0.0477450 0.1071737 0.0018935 0.0600772 0.0663565 0.0432493 0.0654363 0.0610679 0.0602590 0.0597208 0.0703389 0.0555325 0.0702999 0.0622535 0.0640946 0.0368095 0.0495306 0.1056244 0.0633583 0.0603992 0.0543853 0.0597889 0.0624607 0.0602104 0.0654115 0.0631428 0.0619551 0.0593625 0.0533246 0.0688525 0.0491200 0.1021626 0.0401878 0.0485665 0.0711794 0.0709480 0.0484322 0.0357950 0.0632287 0.0535523 0.0597824 0.0228105 0.0506591 0.0542626 0.0392103 0.0450487 0.0498008 0.0656603 0.0588498 0.0443392 0.0649730 0.0570937 
Pericome_caudata_50_silver                 0.1043499 0.0779508 0.0926673 0.1940380 0.0576765 0.0112749 0.1830151 0.1013733 0.2580144 0.0519003 0.0000000 0.1137747 0.1161585 0.1187186 0.0787654 0.0700314 0.0843049 0.1216816 0.0948001 0.0884426 0.0847367 0.0867734 0.0966349 0.1257060 0.0811254 0.1111617 0.0872118 0.1371778 0.1236869 0.1275289 0.0874562 0.1080429 0.1782537 0.0548032 0.1068926 0.1266171 0.0665412 0.1055186 0.1206459 0.1198707 0.1193400 0.0920673 0.0887766 0.1036704 0.1200912 0.1202332 0.0606326 0.1101564 0.1659241 0.0971867 0.0917463 0.1327409 0.1217327 0.1192194 0.0864582 0.1015889 0.0935979 0.0847993 0.1196205 0.1318821 0.1718413 0.0761415 0.1333354 0.0669877 0.1090535 0.1120433 0.1260902 0.0636986 0.0681619 0.0722608 0.0802845 0.1306695 0.1205147 0.1239885 0.1199469 0.0668179 0.0657933 0.0694053 0.1345948 0.1156739 0.0944077 0.0933909 0.1264039 
Perityle_aglossa_84_dead_horse             0.0790568 0.0693045 0.0763934 0.1758298 0.0597160 0.0191780 0.1612472 0.0835201 0.2412112 0.0483019 0.1137747 0.0000000 0.0325249 0.0334854 0.0099134 0.0149644 0.0208168 0.1098055 0.0393829 0.0231503 0.0230874 0.0232630 0.0472177 0.0279809 0.0128950 0.0534858 0.0280865 0.0722784 0.0485950 0.1102553 0.0791328 0.0837903 0.1099890 0.0513862 0.0303652 0.0747583 0.0130644 0.0428630 0.0484904 0.0290187 0.0294125 0.0402201 0.0228357 0.0451285 0.0505347 0.0483701 0.0162927 0.0303738 0.1011547 0.0379967 0.0214932 0.0701279 0.0229090 0.0552600 0.0208100 0.0378723 0.0315627 0.0222900 0.0356883 0.0677220 0.0764137 0.0343462 0.0732758 0.0181637 0.0054226 0.0485178 0.0476472 0.0744245 0.0785212 0.0223387 0.0193768 0.0275020 0.1069960 0.0371091 0.0321524 0.0055962 0.0142656 0.0842527 0.0533112 0.0291060 0.0112420 0.0409236 0.0639768 
Perityle_ajoensis_204                      0.0932780 0.0723050 0.0901389 0.1934956 0.0754967 0.0228186 0.1750751 0.0817242 0.2496600 0.0598191 0.1161585 0.0325249 0.0000000 0.0371543 0.0135483 0.0220739 0.0273801 0.1136157 0.0484323 0.0280245 0.0284438 0.0063956 0.0509451 0.0457350 0.0126351 0.0390170 0.0385945 0.0720497 0.0555898 0.1194857 0.0835846 0.0913807 0.1139962 0.0624077 0.0379931 0.0862257 0.0184187 0.0529745 0.0709190 0.0365110 0.0475427 0.0508503 0.0036337 0.0547280 0.0605561 0.0549188 0.0190467 0.0102205 0.0851403 0.0522077 0.0395184 0.0546354 0.0410686 0.0675392 0.0193426 0.0503032 0.0356060 0.0307008 0.0135060 0.0373297 0.0665795 0.0365957 0.0865855 0.0156403 0.0317319 0.0579633 0.0620657 0.0880901 0.0845855 0.0219666 0.0178354 0.0456545 0.1187250 0.0094245 0.0182231 0.0009012 0.0046084 0.0985576 0.0561950 0.0335236 0.0304120 0.0429182 0.0369752 
Perityle_ambrosiifolia_67_green            0.0944943 0.0731843 0.0881502 0.1962345 0.0742123 0.0266196 0.1791833 0.1000824 0.2589105 0.0618268 0.1187186 0.0334854 0.0371543 0.0000000 0.0232551 0.0250833 0.0314136 0.1213726 0.0532790 0.0344992 0.0368502 0.0277405 0.0565049 0.0303439 0.0145402 0.0576256 0.0481331 0.0745638 0.0671211 0.1219020 0.0909014 0.0934562 0.1236422 0.0640062 0.0382896 0.0890114 0.0245836 0.0617350 0.0694144 0.0201626 0.0372132 0.0588371 0.0241048 0.0643664 0.0682709 0.0578637 0.0278482 0.0347239 0.0977988 0.0590187 0.0254872 0.0612818 0.0315264 0.0694005 0.0281193 0.0588334 0.0509733 0.0359033 0.0393091 0.0615183 0.0875107 0.0384082 0.0917182 0.0295242 0.0302871 0.0641416 0.0613075 0.0895604 0.0840311 0.0402967 0.0286389 0.0298425 0.1198448 0.0381669 0.0369088 0.0117466 0.0247512 0.0981015 0.0713198 0.0514454 0.0252713 0.0551827 0.0618305 
Perityle_angustifolia_13_Eagle_creek       0.0680131 0.0675108 0.0666467 0.1798984 0.0539888 0.0153764 0.1585237 0.0810269 0.2240015 0.0527567 0.0787654 0.0099134 0.0135483 0.0232551 0.0000000 0.0168168 0.0202618 0.1068026 0.0424653 0.0241177 0.0234789 0.0124844 0.0418690 0.0288817 0.0064762 0.0173173 0.0296588 0.0284909 0.0427439 0.0740998 0.0805803 0.0604383 0.0879882 0.0543329 0.0233236 0.0488152 0.0214168 0.0448889 0.0378459 0.0213401 0.0321305 0.0479733 0.0118235 0.0459076 0.0435319 0.0287693 0.0184443 0.0115570 0.0599125 0.0415465 0.0288550 0.0157678 0.0152684 0.0302826 0.0037401 0.0413484 0.0303396 0.0242484 0.0152141 0.0098690 0.0496196 0.0353760 0.0797443 0.0150273 0.0076857 0.0476927 0.0442265 0.0696917 0.0583748 0.0244107 0.0173991 0.0288369 0.0805813 0.0116114 0.0148238 0.0120589 0.0102424 0.0734945 0.0415195 0.0267579 0.0071346 0.0418364 0.0119500 
Perityle_batopilensis_97                   0.0677299 0.0753697 0.0630600 0.1693637 0.0470940 0.0309507 0.1384437 0.0880204 0.1675740 0.0482289 0.0700314 0.0149644 0.0220739 0.0250833 0.0168168 0.0000000 0.0167992 0.0605458 0.0360739 0.0194660 0.0170218 0.0252904 0.0256450 0.0251550 0.0145667 0.0251113 0.0150682 0.0231124 0.0343685 0.0643507 0.0800665 0.0442635 0.1425797 0.0530348 0.0218905 0.0401715 0.0169128 0.0424520 0.0154685 0.0250833 0.0219123 0.0382199 0.0197625 0.0382574 0.0478936 0.0261403 0.0146611 0.0211075 0.0250807 0.0340669 0.0272832 0.0200041 0.0218539 0.0212643 0.0230902 0.0321980 0.0190055 0.0267665 0.0240354 0.0211402 0.0534657 0.0349707 0.0288994 0.0202452 0.0199349 0.0422934 0.0303858 0.0537225 0.0529649 0.4049893 0.0168693 0.0250341 0.0669264 0.0199904 0.0210148 0.0180089 0.0156888 0.0682110 0.0383346 0.0230689 0.0157983 0.0311671 0.0240538 
Perityle_bisetosa_9                        0.0754162 0.0726578 0.0783173 0.1885666 0.0697816 0.0266984 0.1774413 0.0865240 0.2486797 0.0558801 0.0843049 0.0208168 0.0273801 0.0314136 0.0202618 0.0167992 0.0000000 0.1129046 0.0453507 0.0015042 0.0235436 0.0231406 0.0365501 0.0340126 0.0207180 0.0363928 0.0380847 0.0382758 0.0474557 0.0958074 0.0829192 0.0693696 0.1061564 0.0593143 0.0103580 0.0648690 0.0000010 0.0499088 0.0513248 0.0296622 0.0308929 0.0492187 0.0244375 0.0531208 0.0479390 0.0095258 0.0177659 0.0238264 0.0794724 0.0488622 0.0336788 0.0400679 0.0312450 0.0425995 0.0236395 0.0464853 0.0268014 0.0308006 0.0257762 0.0311983 0.1173466 0.0366308 0.0872608 0.0177446 0.0221884 0.0571969 0.0478146 0.0828209 0.0668189 0.0079608 0.0031048 0.0346861 0.0969263 0.0228198 0.0292324 0.0045447 0.0155760 0.0894320 0.0518090 0.0405922 0.0201107 0.0428826 0.0332026 
Perityle_californica_76_positas            0.1108735 0.1086775 0.1069092 0.1967161 0.1103079 0.0152643 0.1717567 0.0971920 0.2272608 0.0977776 0.1216816 0.1098055 0.1136157 0.1213726 0.1068026 0.0605458 0.1129046 0.0000000 0.1214955 0.1163834 0.1059209 0.1135591 0.0975815 0.1220262 0.1033496 0.1199500 0.1168383 0.1174305 0.1230898 0.1183181 0.1335180 0.0790861 0.1558960 0.0982646 0.1184966 0.1225813 0.0765436 0.1226558 0.1238605 0.1178261 0.1196129 0.1190661 0.1113374 0.1212902 0.1183831 0.1152832 0.0931258 0.1076534 0.1728955 0.1168554 0.1231938 0.1120217 0.1414930 0.1173649 0.1189320 0.1174179 0.1174422 0.1017686 0.1180173 0.1115546 0.1304277 0.1070496 0.1603287 0.0931722 0.1048502 0.1296303 0.1382119 0.1155616 0.1014918 0.0965703 0.1139690 0.1244277 0.1189973 0.1068809 0.1115306 0.0719703 0.0896850 0.1234675 0.1194741 0.1190622 0.0998497 0.1252723 0.1136636 
Perityle_canescens_77                      0.0818249 0.0710703 0.0789214 0.1981280 0.0707182 0.0306948 0.1678612 0.0998921 0.2300690 0.0623141 0.0948001 0.0393829 0.0484323 0.0532790 0.0424653 0.0360739 0.0453507 0.1214955 0.0000000 0.0472351 0.0425066 0.0480806 0.0603054 0.0507533 0.0458531 0.0528829 0.0442207 0.0564902 0.0457799 0.0856457 0.0960472 0.0746001 0.0725081 0.0625927 0.0461889 0.0521996 0.0347491 0.0511786 0.0598548 0.0501110 0.0460047 0.0571514 0.0428936 0.0565176 0.0485859 0.0459780 0.0242217 0.0423810 0.0980481 0.0497149 0.0506906 0.0439595 0.0472570 0.0492460 0.0496492 0.0545467 0.0547176 0.0467438 0.0492599 0.0433013 0.0530682 0.0292560 0.0693012 0.0296560 0.0400867 0.0513858 0.0555247 0.0827532 0.0753731 0.0387579 0.0413633 0.0505972 0.0896149 0.0423541 0.0464458 0.0301558 0.0313057 0.0928583 0.0410230 0.0509211 0.0363402 0.0457625 0.0460236 
Perityle_castillonii_96                    0.0777185 0.0777786 0.0778702 0.1943179 0.0703251 0.0268321 0.1804685 0.0900889 0.2526402 0.0588949 0.0884426 0.0231503 0.0280245 0.0344992 0.0241177 0.0194660 0.0015042 0.1163834 0.0472351 0.0000000 0.0254596 0.0266445 0.0357063 0.0388126 0.0254950 0.0353148 0.0377332 0.0275037 0.0514818 0.0881599 0.0871093 0.0738422 0.0894414 0.0626088 0.0095291 0.0630176 0.0018803 0.0536478 0.0445818 0.0328853 0.0324343 0.0538924 0.0266686 0.0548586 0.0519856 0.0076263 0.0197375 0.0238374 0.0770181 0.0491801 0.0382273 0.0365508 0.0305230 0.0355453 0.0286510 0.0504009 0.0289553 0.0294590 0.0275410 0.0285414 0.0604343 0.0378152 0.0895535 0.0177819 0.0260465 0.0584853 0.0518780 0.0789794 0.0690264 0.0079906 0.0036338 0.0387387 0.0888890 0.0239839 0.0294532 0.0074948 0.0156736 0.0888249 0.0498387 0.0399981 0.0223404 0.0429341 0.0308414 
Perityle_cernua_84                         0.0752914 0.0662166 0.0746130 0.1862853 0.0646473 0.0227697 0.1741460 0.0819218 0.2485756 0.0523340 0.0847367 0.0230874 0.0284438 0.0368502 0.0234789 0.0170218 0.0235436 0.1059209 0.0425066 0.0254596 0.0000000 0.0293920 0.0461490 0.0394560 0.0244281 0.0385124 0.0348061 0.0382557 0.0349309 0.0864564 0.0827933 0.0714271 0.0975231 0.0553482 0.0260242 0.0581533 0.0074671 0.0389705 0.0390132 0.0332527 0.0332313 0.0367250 0.0243302 0.0392990 0.0413338 0.0316159 0.0228329 0.0178983 0.0807835 0.0339808 0.0399022 0.0360344 0.0390025 0.0399822 0.0329626 0.0387810 0.0356309 0.0279539 0.0315915 0.0307648 0.0496318 0.0303130 0.0773514 0.0157291 0.0254259 0.0426735 0.0538950 0.0738093 0.0641873 0.0261872 0.0164577 0.0398957 0.0881453 0.0197778 0.0195262 0.0055387 0.0170796 0.0829020 0.0391281 0.0262414 0.0234018 0.0418631 0.0335748 
Perityle_cfvillosa_25_tin                  0.0764933 0.0750086 0.0776986 0.1925337 0.0680847 0.0268475 0.1709610 0.0862777 0.2512881 0.0558486 0.0867734 0.0232630 0.0063956 0.0277405 0.0124844 0.0252904 0.0231406 0.1135591 0.0480806 0.0266445 0.0293920 0.0000000 0.0572458 0.0379008 0.0125014 0.0130594 0.0361795 0.0385846 0.0516344 0.0870419 0.0819018 0.0747799 0.1093522 0.0592224 0.0274203 0.0617035 0.0229701 0.0515558 0.0480552 0.0260678 0.0392897 0.0548218 0.0041860 0.0550669 0.0526802 0.0314851 0.0185005 0.0051255 0.0550617 0.0492719 0.0383456 0.0205080 0.0237161 0.0367594 0.0185374 0.0499509 0.0380322 0.0321557 0.0048212 0.0082744 0.0808646 0.0421132 0.0864402 0.0207830 0.0215016 0.0565208 0.0542747 0.0787154 0.0673065 0.0220241 0.0178065 0.0378312 0.0898524 0.0049356 0.0127606 0.0045369 0.0053952 0.0861486 0.0521630 0.0337625 0.0184266 0.0479318 0.0082271 
Perityle_cinerea_113_Powell1310            0.0971670 0.0903334 0.0961449 0.1784891 0.0702414 0.0230241 0.1610861 0.0844152 0.1674529 0.0860381 0.0966349 0.0472177 0.0509451 0.0565049 0.0418690 0.0256450 0.0365501 0.0975815 0.0603054 0.0357063 0.0461490 0.0572458 0.0000000 0.0522706 0.0387966 0.0579931 0.0422827 0.0509580 0.0640077 0.0975326 0.0973793 0.0648187 0.0582823 0.0831988 0.0459289 0.0615096 0.0235205 0.0628561 0.0615081 0.0590119 0.0459338 0.0651440 0.0481408 0.0578580 0.0637660 0.0422989 0.0578916 0.0468413 0.0577022 0.0581321 0.0533140 0.0514003 0.0607876 0.0479350 0.0531607 0.0543224 0.0481964 0.0529060 0.0568443 0.0494750 0.0604522 0.0349531 0.0603919 0.0245555 0.0514403 0.0725460 0.0590716 0.0744512 0.0739722 0.0546629 0.0386078 0.0519248 0.0999656 0.0478336 0.0465279 0.0332401 0.0394111 0.0901140 0.0628938 0.0509135 0.0468615 0.0428857 0.0545602 
Perityle_coahuilensis_24                   0.0976760 0.0779194 0.0900264 0.1959703 0.0745916 0.0189281 0.1809187 0.0984184 0.2624761 0.0593006 0.1257060 0.0279809 0.0457350 0.0303439 0.0288817 0.0251550 0.0340126 0.1220262 0.0507533 0.0388126 0.0394560 0.0379008 0.0522706 0.0000000 0.0257742 0.0635556 0.0449128 0.0943860 0.0618986 0.1222801 0.0924681 0.0915254 0.1169107 0.0618742 0.0439877 0.0902017 0.0199336 0.0596491 0.0653734 0.0347821 0.0300881 0.0576254 0.0355495 0.0627822 0.0637575 0.0625525 0.0266387 0.0369577 0.1297660 0.0584660 0.0037139 0.0745077 0.0322334 0.0701194 0.0351390 0.0582168 0.0481684 0.0395531 0.0474217 0.1034826 0.1260031 0.0397742 0.0911313 0.0286664 0.0333289 0.0646146 0.0584608 0.0910969 0.0960227 0.0403881 0.0314321 0.0003943 0.1186635 0.0563114 0.0461260 0.0117916 0.0264861 0.0984711 0.0697612 0.0506463 0.0256960 0.0564222 0.0744093 
Perityle_cochisensis_44_cave_creek         0.0724798 0.0793963 0.0757105 0.1956656 0.0610370 0.0189281 0.1838120 0.0808971 0.2702970 0.0555930 0.0811254 0.0128950 0.0126351 0.0145402 0.0064762 0.0145667 0.0207180 0.1033496 0.0458531 0.0254950 0.0244281 0.0125014 0.0387966 0.0257742 0.0000000 0.0153142 0.0336285 0.0304602 0.0435099 0.0697512 0.0843621 0.0655919 0.1413937 0.0596345 0.0271652 0.0515905 0.0181481 0.0507086 0.0384255 0.0132849 0.0324165 0.0460478 0.0112739 0.0510478 0.0470996 0.0278369 0.0202953 0.0086265 0.0332272 0.0461609 0.0272296 0.0087935 0.0218098 0.0376242 0.0123680 0.0457301 0.0294368 0.0209127 0.0131128 0.0081179 0.0829905 0.0295990 0.1135077 0.0138112 0.0096820 0.0483329 0.0504275 0.0690249 0.0627302 0.3501682 0.0209377 0.0256861 0.0761914 0.0089346 0.0131818 0.0072097 0.0069742 0.0815430 0.0512262 0.0310883 0.0074017 0.0288532 0.0109718 
Perityle_congesta_202                      0.1018598 0.0786350 0.1066475 0.1966186 0.0796014 0.0266630 0.1801562 0.0908264 0.2592681 0.0614485 0.1111617 0.0534858 0.0390170 0.0576256 0.0173173 0.0251113 0.0363928 0.1199500 0.0528829 0.0353148 0.0385124 0.0130594 0.0579931 0.0635556 0.0153142 0.0000000 0.0429056 0.0644387 0.0777306 0.1172854 0.0831450 0.0969775 0.1434642 0.0635232 0.0521711 0.0804183 0.0245846 0.0734842 0.0804532 0.0534983 0.0694048 0.0548090 0.0136498 0.0730402 0.0754261 0.0583002 0.0228374 0.0319526 0.0490954 0.0612610 0.0472750 0.0423094 0.0655184 0.0682345 0.0273161 0.0609764 0.0406488 0.0353852 0.0285856 0.0056165 0.1317718 0.0438570 0.0915110 0.0225899 0.0485730 0.0781406 0.0836470 0.1000704 0.0924707 0.0200108 0.0208005 0.0651523 0.1166807 0.0274187 0.0387773 0.0071866 0.0045928 0.1087089 0.0768759 0.0503542 0.0491907 0.0514324 0.0067596 
Perityle_cordifolia_27                     0.0823959 0.0653317 0.0761688 0.1789733 0.0673904 0.0191678 0.1639380 0.0750842 0.2430124 0.0612049 0.0872118 0.0280865 0.0385945 0.0481331 0.0296588 0.0150682 0.0380847 0.1168383 0.0442207 0.0377332 0.0348061 0.0361795 0.0422827 0.0449128 0.0336285 0.0429056 0.0000000 0.0452572 0.0419953 0.0822486 0.0872746 0.0730766 0.1134980 0.0578232 0.0408695 0.0518173 0.0122303 0.0471456 0.0455739 0.0396199 0.0427697 0.0433502 0.0347271 0.0429478 0.0482657 0.0445316 0.0230185 0.0340646 0.0861795 0.0393886 0.0439836 0.0459666 0.0422540 0.0125432 0.0388709 0.0471747 0.0286073 0.0244836 0.0420822 0.0352405 0.1047320 0.0288205 0.0816703 0.0019895 0.0305700 0.0520834 0.0419716 0.0842983 0.0722777 0.0326881 0.0272925 0.0448335 0.0922050 0.0350907 0.0370694 0.0103757 0.0127279 0.0934651 0.0482087 0.0411147 0.0312497 0.0390454 0.0387909 
Perityle_cordifolia_68_tecolote            0.1307468 0.0757003 0.1118050 0.1952617 0.0870497 0.0267689 0.1790827 0.0975214 0.2516405 0.0636616 0.1371778 0.0722784 0.0720497 0.0745638 0.0284909 0.0231124 0.0382758 0.1174305 0.0564902 0.0275037 0.0382557 0.0385846 0.0509580 0.0943860 0.0304602 0.0644387 0.0452572 0.0000000 0.0941068 0.1349011 0.0910773 0.1277444 0.1510922 0.0672927 0.0575902 0.1029525 0.0218958 0.0789265 0.0781555 0.0716962 0.0711589 0.0566040 0.0368307 0.0775615 0.0989533 0.0630708 0.0281418 0.0762210 0.1486667 0.0595732 0.0499110 0.0991445 0.0714766 0.0780708 0.0372961 0.0560141 0.0091966 0.0369737 0.0729738 0.1056007 0.1336606 0.0409015 0.0956775 0.0236990 0.0830704 0.0881070 0.0884452 0.1018622 0.1262117 0.0303557 0.0256838 0.0921018 0.1257124 0.0959748 0.0826522 0.0219883 0.0234258 0.1158042 0.1035329 0.0918854 0.0554377 0.0555857 0.0796114 
Perityle_coronopifolia_28_patagonia        0.1051810 0.0765432 0.0920999 0.1987784 0.0768993 0.0348179 0.1833428 0.0936662 0.2572220 0.0667037 0.1236869 0.0485950 0.0555898 0.0671211 0.0427439 0.0343685 0.0474557 0.1230898 0.0457799 0.0514818 0.0349309 0.0516344 0.0640077 0.0618986 0.0435099 0.0777306 0.0419953 0.0941068 0.0000000 0.1300569 0.0999169 0.0984916 0.1311124 0.0672647 0.0586772 0.0816403 0.0335932 0.0486694 0.0790875 0.0603757 0.0611553 0.0396464 0.0441076 0.0400034 0.0493287 0.0788276 0.0231957 0.0453110 0.1202364 0.0337502 0.0525768 0.0907463 0.0671996 0.0772392 0.0542163 0.0427740 0.0630019 0.0474359 0.0584365 0.0914130 0.0875043 0.0295992 0.0719885 0.0320222 0.0489848 0.0117302 0.0716629 0.0925044 0.1005598 0.0471677 0.0447271 0.0628881 0.1230139 0.0544381 0.0452298 0.0327470 0.0317111 0.1042682 0.0553950 0.0490329 0.0469292 0.0384484 0.0866044 
Perityle_crassifolia_70_ventanas           0.1086277 0.0744360 0.0942442 0.2083165 0.0731825 0.0423380 0.1984559 0.1036904 0.2482954 0.0181054 0.1275289 0.1102553 0.1194857 0.1219020 0.0740998 0.0643507 0.0958074 0.1183181 0.0856457 0.0881599 0.0864564 0.0870419 0.0975326 0.1222801 0.0697512 0.1172854 0.0822486 0.1349011 0.1300569 0.0000000 0.0046157 0.1131387 0.1192121 0.0230049 0.1019303 0.1359680 0.0629084 0.1065073 0.1195938 0.1187012 0.1181853 0.0956546 0.0846539 0.1101497 0.1265446 0.1150391 0.0531711 0.1137421 0.1742160 0.0928526 0.0920419 0.1337654 0.1073834 0.1184935 0.0868483 0.0961939 0.0846053 0.0826446 0.1151177 0.1282842 0.1081789 0.0770267 0.0903271 0.0645463 0.1181228 0.1185156 0.1200552 0.0988318 0.1005114 0.0969190 0.0773087 0.1233763 0.0023097 0.1180876 0.1157588 0.0606057 0.0682164 0.0965392 0.1299987 0.1114450 0.0979041 0.0902590 0.1301102 
Perityle_crassifolia_74_playa_balandra     0.0699270 0.0785950 0.0696966 0.2126377 0.0612155 0.0425527 0.1894812 0.1104045 0.2296418 0.0201117 0.0874562 0.0791328 0.0835846 0.0909014 0.0805803 0.0800665 0.0829192 0.1335180 0.0960472 0.0871093 0.0827933 0.0819018 0.0973793 0.0924681 0.0843621 0.0831450 0.0872746 0.0910773 0.0999169 0.0046157 0.0000000 0.0743942 0.0863670 0.0211776 0.0891907 0.0903555 0.0675212 0.0903429 0.0943160 0.0870293 0.0867468 0.0999264 0.0747271 0.0953133 0.1047366 0.0901945 0.0603240 0.0747807 0.1424101 0.0876604 0.0910927 0.0795017 0.0751656 0.0915235 0.0893514 0.0907220 0.0927162 0.0888788 0.0829766 0.0769843 0.0978386 0.0815034 0.1004252 0.0712109 0.0813766 0.1070806 0.0851734 0.0857227 0.0665859 0.0829536 0.0812423 0.0930669 0.0089516 0.0724386 0.0792382 0.0633539 0.0678112 0.0855721 0.0933604 0.0907063 0.0734402 0.0960428 0.0817617 
Perityle_cuneata_34_cuneata_San_antonio    0.0811267 0.0684365 0.0705105 0.1743253 0.0554459 0.0114469 0.1581662 0.0731165 0.2299141 0.0477450 0.1080429 0.0837903 0.0913807 0.0934562 0.0604383 0.0442635 0.0693696 0.0790861 0.0746001 0.0738422 0.0714271 0.0747799 0.0648187 0.0915254 0.0655919 0.0969775 0.0730766 0.1277444 0.0984916 0.1131387 0.0743942 0.0000000 0.1484124 0.0490936 0.0874048 0.1165943 0.0513772 0.0829629 0.1059291 0.0916081 0.0862562 0.0741123 0.0721778 0.0844854 0.0965367 0.1021746 0.0459766 0.0859164 0.1475490 0.0795243 0.0738756 0.1202457 0.0836276 0.1034451 0.0740740 0.0773240 0.0734583 0.0639202 0.0947310 0.1103574 0.1428004 0.0513678 0.1104594 0.0413176 0.0804407 0.0910896 0.0976119 0.0704370 0.0718432 0.0671974 0.0673220 0.0918690 0.1066536 0.0908934 0.0910241 0.0465802 0.0473822 0.0776404 0.1027984 0.0963533 0.0689784 0.0697840 0.1057641 
Perityle_cuneata_4                         0.1562794 0.0761040 0.1364886 0.2394152 0.1335530 0.0266029 0.2202782 0.0868202 0.2916485 0.1071737 0.1782537 0.1099890 0.1139962 0.1236422 0.0879882 0.1425797 0.1061564 0.1558960 0.0725081 0.0894414 0.0975231 0.1093522 0.0582823 0.1169107 0.1413937 0.1434642 0.1134980 0.1510922 0.1311124 0.1192121 0.0863670 0.1484124 0.0000000 0.0968298 0.1160699 0.1523369 0.1418418 0.1270727 0.1341587 0.1208222 0.1143754 0.1215309 0.0846478 0.1066938 0.1279552 0.1388902 0.0421674 0.1127650 0.1874639 0.1088598 0.1119560 0.1516785 0.0635484 0.1400659 0.1122381 0.1028426 0.0565425 0.0625322 0.1160063 0.1483064 0.1516170 0.0390403 0.1478993 0.0218818 0.1119327 0.1133224 0.1261856 0.1305611 0.1503413 0.0410466 0.1010416 0.1162553 0.1315754 0.1132415 0.1147560 0.1321450 0.0291985 0.1410706 0.1369261 0.1187569 0.1092976 0.0561372 0.1494638 
Perityle_discoidea_81                      0.0185433 0.0298090 0.0160732 0.1723014 0.0374568 0.0039702 0.1308244 0.0806105 0.2260574 0.0018935 0.0548032 0.0513862 0.0624077 0.0640062 0.0543329 0.0530348 0.0593143 0.0982646 0.0625927 0.0626088 0.0553482 0.0592224 0.0831988 0.0618742 0.0596345 0.0635232 0.0578232 0.0672927 0.0672647 0.0230049 0.0211776 0.0490936 0.0968298 0.0000000 0.0640872 0.0691409 0.0507162 0.0694657 0.0637716 0.0604305 0.0616001 0.0739888 0.0566440 0.0743013 0.0673280 0.0678428 0.0364621 0.0541739 0.1064364 0.0657559 0.0624892 0.0576580 0.0583993 0.0596493 0.0629039 0.0662397 0.0669151 0.0643098 0.0611387 0.0563163 0.0719163 0.0488825 0.0846390 0.0432092 0.0542031 0.0732658 0.0743676 0.0535055 0.0411700 0.0596006 0.0590733 0.0623673 0.0241570 0.0526566 0.0575678 0.0451673 0.0457208 0.0551561 0.0684610 0.0627732 0.0476563 0.0678185 0.0604728 
Perityle_dissecta_201                      0.0885911 0.0760486 0.0881527 0.1930244 0.0739904 0.0305982 0.1793406 0.0872255 0.2558037 0.0600772 0.1068926 0.0303652 0.0379931 0.0382896 0.0233236 0.0218905 0.0103580 0.1184966 0.0461889 0.0095291 0.0260242 0.0274203 0.0459289 0.0439877 0.0271652 0.0521711 0.0408695 0.0575902 0.0586772 0.1019303 0.0891907 0.0874048 0.1160699 0.0640872 0.0000000 0.0752965 0.0044725 0.0559282 0.0659260 0.0381537 0.0371632 0.0522958 0.0281820 0.0597783 0.0595620 0.0313783 0.0220813 0.0352083 0.0917832 0.0533306 0.0405141 0.0563573 0.0353190 0.0557705 0.0270363 0.0489498 0.0316616 0.0339520 0.0368823 0.0470172 0.0817099 0.0375002 0.0904803 0.0176061 0.0315473 0.0642549 0.0586658 0.0893223 0.0808661 0.0219598 0.0066720 0.0434354 0.1009872 0.0340082 0.0393831 0.0099262 0.0162491 0.1003352 0.0599994 0.0492518 0.0262259 0.0435362 0.0465232 
Perityle_feddemae_99                       0.1212729 0.0853222 0.1184501 0.2014927 0.0845795 0.0344317 0.1900055 0.1002837 0.2613574 0.0663565 0.1266171 0.0747583 0.0862257 0.0890114 0.0488152 0.0401715 0.0648690 0.1225813 0.0521996 0.0630176 0.0581533 0.0617035 0.0615096 0.0902017 0.0515905 0.0804183 0.0518173 0.1029525 0.0816403 0.1359680 0.0903555 0.1165943 0.1523369 0.0691409 0.0752965 0.0000000 0.0395837 0.0634550 0.0858018 0.0883344 0.0861430 0.0292661 0.0594536 0.0465145 0.0756600 0.0957223 0.0296849 0.0785202 0.1234334 0.0417960 0.0741521 0.0897618 0.0910337 0.0891175 0.0634799 0.0489106 0.0614950 0.0495244 0.0884458 0.0837900 0.1015340 0.0331928 0.0808624 0.0335694 0.0770399 0.0724423 0.0904314 0.1077869 0.1106202 0.0385050 0.0489283 0.0900401 0.1279221 0.0782523 0.0792887 0.0387628 0.0351372 0.1165553 0.0843100 0.0768120 0.0707397 0.0571052 0.0818023 
Perityle_fosteri_93                        0.0614149 0.0747026 0.0633274 0.1900308 0.0514289 0.0266984 0.1815921 0.0718365 0.2146765 0.0432493 0.0665412 0.0130644 0.0184187 0.0245836 0.0214168 0.0169128 0.0000010 0.0765436 0.0347491 0.0018803 0.0074671 0.0229701 0.0235205 0.0199336 0.0181481 0.0245846 0.0122303 0.0218958 0.0335932 0.0629084 0.0675212 0.0513772 0.1418418 0.0507162 0.0044725 0.0395837 0.0000000 0.0334219 0.0266542 0.0236819 0.0144282 0.0359796 0.0183409 0.0404744 0.0405251 0.0071642 0.0174936 0.0178800 0.0226976 0.0338637 0.0218370 0.0155895 0.0209810 0.0148527 0.0209775 0.0286613 0.0150774 0.0205345 0.0217894 0.0165812 0.0650056 0.0318920 0.0343705 0.0125392 0.0220628 0.0401033 0.0286721 0.0543380 0.0495332 0.3501682 0.0009060 0.0199336 0.0632139 0.0184244 0.0173694 0.0055750 0.0143841 0.0641571 0.0350630 0.0227922 0.0194151 0.0197554 0.0209367 
Perityle_gamon_221                         0.0903430 0.0796180 0.0942401 0.1952358 0.0740767 0.0382377 0.1709058 0.0933813 0.2523263 0.0654363 0.1055186 0.0428630 0.0529745 0.0617350 0.0448889 0.0424520 0.0499088 0.1226558 0.0511786 0.0536478 0.0389705 0.0515558 0.0628561 0.0596491 0.0507086 0.0734842 0.0471456 0.0789265 0.0486694 0.1065073 0.0903429 0.0829629 0.1270727 0.0694657 0.0559282 0.0634550 0.0334219 0.0000000 0.0739145 0.0605848 0.0579783 0.0418124 0.0467515 0.0405113 0.0397189 0.0609167 0.0282474 0.0404065 0.1080410 0.0384136 0.0569876 0.0712125 0.0680074 0.0683301 0.0551970 0.0431841 0.0538894 0.0453911 0.0550606 0.0679815 0.0848212 0.0395246 0.0851073 0.0306450 0.0445968 0.0549171 0.0696834 0.0991476 0.0802958 0.0386919 0.0452020 0.0600385 0.1059423 0.0440045 0.0439124 0.0334224 0.0328718 0.1022540 0.0487623 0.0497959 0.0446116 0.0572786 0.0699214 
Perityle_gentryi_8_san_francisco           0.1080294 0.0785664 0.1018079 0.1916734 0.0856193 0.0266545 0.1762247 0.0918335 0.2624831 0.0610679 0.1206459 0.0484904 0.0709190 0.0694144 0.0378459 0.0154685 0.0513248 0.1238605 0.0598548 0.0445818 0.0390132 0.0480552 0.0615081 0.0653734 0.0384255 0.0804532 0.0455739 0.0781555 0.0790875 0.1195938 0.0943160 0.1059291 0.1341587 0.0637716 0.0659260 0.0858018 0.0266542 0.0739145 0.0000000 0.0659130 0.0610058 0.0568760 0.0426073 0.0739514 0.0829547 0.0652969 0.0363439 0.0647890 0.1123860 0.0546175 0.0439276 0.0879831 0.0631536 0.0714234 0.0483844 0.0563936 0.0525682 0.0346164 0.0690920 0.0798558 0.0686367 0.0436454 0.0903084 0.0285830 0.0500068 0.0784528 0.0795135 0.1044206 0.1001741 0.0446308 0.0375824 0.0662577 0.1166726 0.0645975 0.0637331 0.0236738 0.0303795 0.1130916 0.0800509 0.0628927 0.0456024 0.0522316 0.0826238 
Perityle_gilensis_22_Superstition          0.0945081 0.0733649 0.0894443 0.1953753 0.0725412 0.0266196 0.1769387 0.0954962 0.2523019 0.0602590 0.1198707 0.0290187 0.0365110 0.0201626 0.0213401 0.0250833 0.0296622 0.1178261 0.0501110 0.0328853 0.0332527 0.0260678 0.0590119 0.0347821 0.0132849 0.0534983 0.0396199 0.0716962 0.0603757 0.1187012 0.0870293 0.0916081 0.1208222 0.0604305 0.0381537 0.0883344 0.0236819 0.0605848 0.0659130 0.0000000 0.0375100 0.0537668 0.0223101 0.0632590 0.0616201 0.0571327 0.0256341 0.0309022 0.0905743 0.0552170 0.0312140 0.0641733 0.0295567 0.0646264 0.0265388 0.0562276 0.0467318 0.0311663 0.0375028 0.0636544 0.1166907 0.0374897 0.0833247 0.0256145 0.0230158 0.0635704 0.0578583 0.0898896 0.0880684 0.0341439 0.0273720 0.0342539 0.1178694 0.0327278 0.0339756 0.0108470 0.0240249 0.0991939 0.0671393 0.0489335 0.0223044 0.0523964 0.0644591 
Perityle_gilensis_salensis_225             0.0930609 0.0705624 0.0869365 0.1906535 0.0723175 0.0227906 0.1752661 0.0895144 0.2559816 0.0597208 0.1193400 0.0294125 0.0475427 0.0372132 0.0321305 0.0219123 0.0308929 0.1196129 0.0460047 0.0324343 0.0332313 0.0392897 0.0459338 0.0300881 0.0324165 0.0694048 0.0427697 0.0711589 0.0611553 0.1181853 0.0867468 0.0862562 0.1143754 0.0616001 0.0371632 0.0861430 0.0144282 0.0579783 0.0610058 0.0375100 0.0000000 0.0549943 0.0365318 0.0579392 0.0614089 0.0573188 0.0291149 0.0392725 0.1104156 0.0541486 0.0307220 0.0705993 0.0366749 0.0671060 0.0399716 0.0535638 0.0389862 0.0317526 0.0467815 0.0726434 0.0901903 0.0322785 0.0881543 0.0225368 0.0309629 0.0649310 0.0523397 0.0913359 0.0843197 0.0465859 0.0265054 0.0295914 0.1177071 0.0413553 0.0421961 0.0135580 0.0248224 0.0976509 0.0660408 0.0443544 0.0318389 0.0492497 0.0738490 
Perityle_glaucescens_94                    0.0847808 0.0859694 0.0878896 0.2025600 0.0670693 0.0424038 0.1876277 0.1018124 0.2562972 0.0703389 0.0920673 0.0402201 0.0508503 0.0588371 0.0479733 0.0382199 0.0492187 0.1190661 0.0571514 0.0538924 0.0367250 0.0548218 0.0651440 0.0576254 0.0460478 0.0548090 0.0433502 0.0566040 0.0396464 0.0956546 0.0999264 0.0741123 0.1215309 0.0739888 0.0522958 0.0292661 0.0359796 0.0418124 0.0568760 0.0537668 0.0549943 0.0000000 0.0465292 0.0153620 0.0467608 0.0578556 0.0298297 0.0400978 0.0891838 0.0126924 0.0588680 0.0475096 0.0588762 0.0541854 0.0575929 0.0397279 0.0596548 0.0512479 0.0551114 0.0485986 0.0846074 0.0405978 0.0861896 0.0377400 0.0401108 0.0457751 0.0649876 0.0891806 0.0737196 0.0427454 0.0481077 0.0580112 0.0956887 0.0396656 0.0412235 0.0330853 0.0400802 0.0946096 0.0482648 0.0447223 0.0401818 0.0633967 0.0516727 
Perityle_gracilis_11                       0.0788100 0.0633876 0.0773209 0.1863908 0.0669326 0.0192145 0.1641668 0.0829245 0.2467315 0.0555325 0.0887766 0.0228357 0.0036337 0.0241048 0.0118235 0.0197625 0.0244375 0.1113374 0.0428936 0.0266686 0.0243302 0.0041860 0.0481408 0.0355495 0.0112739 0.0136498 0.0347271 0.0368307 0.0441076 0.0846539 0.0747271 0.0721778 0.0846478 0.0566440 0.0281820 0.0594536 0.0183409 0.0467515 0.0426073 0.0223101 0.0365318 0.0465292 0.0000000 0.0471237 0.0487070 0.0290134 0.0174312 0.0038398 0.0580056 0.0429553 0.0355040 0.0185186 0.0245359 0.0381600 0.0190793 0.0453395 0.0357379 0.0236463 0.0083591 0.0079369 0.0519339 0.0333066 0.0812197 0.0151057 0.0204466 0.0493969 0.0512987 0.0783127 0.0655096 0.0182840 0.0174245 0.0354791 0.0902232 0.0052984 0.0110391 0.0009902 0.0039141 0.0850749 0.0478586 0.0258634 0.0182132 0.0399259 0.0078829 
Perityle_harkerae_31                       0.0956606 0.0846220 0.0930941 0.1979692 0.0757881 0.0345803 0.1903167 0.0981345 0.2630595 0.0702999 0.1036704 0.0451285 0.0547280 0.0643664 0.0459076 0.0382574 0.0531208 0.1212902 0.0565176 0.0548586 0.0392990 0.0550669 0.0578580 0.0627822 0.0510478 0.0730402 0.0429478 0.0775615 0.0400034 0.1101497 0.0953133 0.0844854 0.1066938 0.0743013 0.0597783 0.0465145 0.0404744 0.0405113 0.0739514 0.0632590 0.0579392 0.0153620 0.0471237 0.0000000 0.0489479 0.0668076 0.0279396 0.0395875 0.1108629 0.0137237 0.0604122 0.0722507 0.0673234 0.0701521 0.0576095 0.0379512 0.0618348 0.0508194 0.0554950 0.0689689 0.0508313 0.0363858 0.0839228 0.0346271 0.0481504 0.0447809 0.0671608 0.0973982 0.0836471 0.0365120 0.0473913 0.0626658 0.1092986 0.0408403 0.0432699 0.0382007 0.0352057 0.1019226 0.0503346 0.0470480 0.0472165 0.0571594 0.0698975 
Perityle_hofmeisteria_4_nombre_de_dios     0.1015467 0.0803463 0.0911149 0.1879842 0.0767418 0.0343855 0.1783825 0.0954535 0.2536960 0.0622535 0.1200912 0.0505347 0.0605561 0.0682709 0.0435319 0.0478936 0.0479390 0.1183831 0.0485859 0.0519856 0.0413338 0.0526802 0.0637660 0.0637575 0.0470996 0.0754261 0.0482657 0.0989533 0.0493287 0.1265446 0.1047366 0.0965367 0.1279552 0.0673280 0.0595620 0.0756600 0.0405251 0.0397189 0.0829547 0.0616201 0.0614089 0.0467608 0.0487070 0.0489479 0.0000000 0.0793302 0.0239746 0.0496668 0.1370506 0.0464409 0.0568526 0.0871883 0.0714106 0.0784638 0.0535891 0.0484097 0.0618013 0.0486980 0.0617871 0.1104497 0.1100535 0.0393689 0.0799020 0.0405961 0.0505045 0.0470553 0.0753067 0.0944188 0.0991422 0.0405252 0.0459641 0.0647944 0.1217083 0.0655974 0.0526352 0.0387657 0.0407312 0.1039311 0.0584406 0.0586481 0.0484072 0.0571334 0.0829057 
