83
Amauria_brandeegeana_62                    0.0000000 0.0751068 0.1159468 0.3752237 0.1623077 0.1029546 0.2656565 0.1280541 0.3243489 0.0269590 0.1513222 0.1294493 0.0792627 0.1033832 0.0759132 0.3662924 0.3373740 0.1086554 0.1411998 0.1314095 0.0687682 0.0665909 0.1547321 0.1009872 0.1245569 0.1268905 0.1636570 0.1399774 0.1414269 0.1164837 0.1478344 0.1297895 0.0273584 0.1624358 0.3187822 0.1062877 0.1115341 0.1497633 0.1192002 0.1121132 0.1032757 0.0820851 0.1167915 0.1789887 0.1588968 0.0789605 0.1620839 0.1717569 0.1106671 0.0906620 0.1131330 0.1503096 0.1799383 0.1206583 0.0962334 0.1277511 0.0786553 0.1212655 0.1133410 0.1592265 0.2936800 0.2185499 0.0895019 0.1295232 0.1158434 0.0965105 0.2112935 0.2164586 0.0620805 0.1477293 0.2071757 0.1450326 0.1430885 0.1290951 0.1363348 0.0551981 0.2402738 0.1452095 0.0908860 0.1203185 0.1519832 0.0966902 0.0957666 
Amauria_carterae_99_mesa                   0.0751068 0.0000000 0.0715096 0.2245620 0.0992858 0.0852382 0.1925450 0.0911007 0.2218807 0.0558962 0.0871773 0.0785680 0.0651550 0.0678150 0.0570326 0.1035163 0.1751601 0.0916263 0.0736681 0.0801032 0.0553181 0.0552654 0.0662661 0.0698563 0.0652018 0.0776404 0.1138443 0.1187563 0.0594035 0.0615275 0.0928574 0.0681277 0.0703257 0.0729561 0.0513129 0.0772728 0.0751884 0.0844384 0.0685018 0.0881347 0.0804843 0.0634549 0.0837588 0.0826389 0.0722598 0.0508038 0.0620286 0.3515359 0.0811551 0.0683475 0.0534306 0.0852454 0.0750848 0.0754710 0.1079153 0.1221536 0.0735145 0.0574983 0.0553461 0.1144963 0.2453045 0.0633504 0.0608815 0.0795671 0.1051390 0.0801447 0.1139685 0.0815086 0.0467335 0.0742630 0.1318124 0.0714100 0.0763143 9.0000000 0.0747568 0.0495313 0.1181206 0.0789483 0.0666126 0.0779348 0.1480321 0.0550853 0.0456205 
Amauria_rotundifolia_SRR9119150            0.1159468 0.0715096 0.0000000 0.3280934 0.1409114 0.1277700 0.2890761 0.1449208 0.3618110 0.0778878 0.1273374 0.1198076 0.1135670 0.0988582 0.0946791 0.3629203 0.2559596 0.1191196 0.1191713 0.1249747 0.1000959 0.1041740 0.1176820 0.1068659 0.1023807 0.1123240 0.1367872 0.1432242 0.0822825 0.0909051 0.1216083 0.1071448 0.0728495 0.1292518 0.0338261 0.1229061 0.1273854 0.1377411 0.0833445 0.1052695 0.1168711 0.1097897 0.1286983 0.1284278 0.1225652 0.0789300 0.1749532 0.1623040 0.1236873 0.0962076 0.0859758 0.1301304 0.1652068 0.1562650 0.1180254 0.1328162 0.0987618 0.1002834 0.1005857 0.1618223 0.3167057 0.1863482 0.1335422 0.1246444 0.1239582 0.1148346 0.2384575 0.2377770 0.1027222 0.1303217 0.2038784 0.1276317 0.1259303 0.1523606 0.1075838 0.0726311 0.2594455 0.1189911 0.1088606 0.1389217 0.1667043 0.1052266 0.0859414 
Conoclinium_coelestinum_SRR9119114         0.3752237 0.2245620 0.3280934 0.0000000 0.3794424 0.2612841 0.1595114 0.2333975 0.3587971 0.2937888 0.3610813 0.3843219 0.2975610 0.3185602 0.2426766 0.4866051 0.4501687 0.3218877 0.3779359 0.3400143 0.3042786 0.2202673 0.3718340 0.2694219 0.3510239 0.3137796 0.3990218 0.3745801 0.2608485 0.2319684 0.4364956 0.3713371 0.2966909 0.3733008 0.5353540 0.3279869 0.3517321 0.3867930 0.3201413 0.3537528 0.3294880 0.3108003 0.3309348 0.4086956 0.3628805 0.2541293 0.3717999 0.4126963 0.3301579 0.3155414 0.2757690 0.3768645 0.3936268 0.3506499 0.3194795 0.3058366 0.2479330 0.3130133 0.3106275 0.3585245 0.5145496 0.2867031 0.1780179 0.3807096 0.3361882 0.3118940 0.3994918 0.4021122 0.1731127 0.3831662 0.3706989 0.3684889 0.3288914 0.3988047 0.3859049 0.2215356 0.4182106 0.3752646 0.3167411 0.3858687 0.2392911 0.3056866 0.3318131 
Eutetras_palmeri_63                        0.1623077 0.0992858 0.1409114 0.3794424 0.0000000 0.0503352 0.2335963 0.1387016 0.2591941 0.1014479 0.0874689 0.1555392 0.1137978 0.0857647 0.0853916 0.5076286 0.2639714 0.1049764 0.1520398 0.1038718 0.0751229 0.0634860 0.1547327 0.0781850 0.1291402 0.1484941 0.1525246 0.1728559 0.0641985 0.0725394 0.1637922 0.1569176 0.0994424 0.1574414 0.3512383 0.1047804 0.1361848 0.1833029 0.0803355 0.1322971 0.1042251 0.0916098 0.1175066 0.2012685 0.1613164 0.0665874 0.1173137 0.1885118 0.1117665 0.0847873 0.0603884 0.1576742 0.1730700 0.1448303 0.0861648 0.0887489 0.0792446 0.0785184 0.0756581 0.1295989 0.3875164 0.1188685 0.1326700 0.1456077 0.1325156 0.1039735 0.1600843 0.1662913 0.0541741 0.1756146 0.1546202 0.1322911 0.1044376 0.1642430 0.1498227 0.0654276 0.1964975 0.1679194 0.0952719 0.1474807 0.0916475 0.0827876 0.1314904 
Eutetras_pringlei_149_quer                 0.1029546 0.0852382 0.1277700 0.2612841 0.0503352 0.0000000 0.1752431 0.1174038 0.2106100 0.0815875 0.1260647 0.0972290 0.0913482 0.0733568 0.0700567 0.2133784 0.1720201 0.1161985 0.0836188 0.0869411 0.0635491 0.0729121 0.0785090 0.0834009 0.1022291 0.1243425 0.1883989 0.1191034 0.0667071 0.0691728 0.1263509 0.0919060 0.0987759 0.0838533 0.2742172 0.0901340 0.0895006 0.1147140 0.0738938 0.0926511 0.0861373 0.0680625 0.0939260 0.1127272 0.0835797 0.0672230 0.0697677 0.0798341 0.0915871 0.0741837 0.0676710 0.0915467 0.1535263 0.0876671 0.1077904 0.1370539 0.0869541 0.0685936 0.0660544 0.1155581 0.1894251 0.0824486 0.1202960 0.0934842 0.1080651 0.0995972 0.0925955 0.0658757 0.0751056 0.0881879 0.1123562 0.0895953 0.0911266 0.0939370 0.0824903 0.0650884 0.1000203 0.1607827 0.0767617 0.0935434 0.1424430 0.0833602 0.0570478 
Eutrochium_fistulosum_SRR9119106           0.2656565 0.1925450 0.2890761 0.1595114 0.2335963 0.1752431 0.0000000 0.1777751 0.3034031 0.2739274 0.3530786 0.2830809 0.2530192 0.3119378 0.2255892 0.5250313 0.4099780 0.3183723 0.2652810 0.2890504 0.2972870 0.1992165 0.2729681 0.2892676 0.3313360 0.2867325 0.3316171 0.2931750 0.2175478 0.1969108 0.3262009 0.2480753 0.3076747 0.2703609 0.4951016 0.3300682 0.2655468 0.2983836 0.3022393 0.2552174 0.3050361 0.2833421 0.2874909 0.3105039 0.2710598 0.1946459 0.3366914 0.2496322 0.3382440 0.2963399 0.2826791 0.2782343 0.3412124 0.2756704 0.3263411 0.3073411 0.2258245 0.2999109 0.2988456 0.2829853 0.4521214 0.3412192 0.1776389 0.2665859 0.2999375 0.3245728 0.3017133 0.2976456 0.1307834 0.2764037 0.3229441 0.2763308 0.3324866 0.2460134 0.2638963 0.1896314 0.3374176 0.3402998 0.3147959 0.2709699 0.2157479 0.3074958 0.2334951 
Galeana_pratensis_104_mex                  0.1280541 0.0911007 0.1449208 0.2333975 0.1387016 0.1174038 0.1777751 0.0000000 0.2049408 0.0825872 0.1233764 0.1221331 0.0827633 0.0952617 0.1000349 0.1214888 0.1333366 0.1398596 0.1021838 0.0995436 0.0866789 0.0910094 0.0960812 0.1023662 0.0993931 0.1132908 0.1404650 0.1300886 0.1086892 0.0997836 0.1110659 0.1011918 0.0958297 0.1050947 0.1086750 0.1379763 0.1031059 0.1202516 0.0963300 0.0890980 0.1306509 0.0929059 0.1321678 0.1312200 0.1020980 0.0948887 0.0965333 2.2932342 0.1359695 0.0964089 0.0897503 0.1162100 0.1074122 0.1041077 0.1248508 0.1454282 0.1206509 0.0939582 0.0888411 0.1422888 0.2690280 0.1074612 0.0811800 0.1085542 0.1246448 0.1167516 0.1421534 0.1097330 0.0705038 0.1063379 0.1348596 0.1084596 0.1133471 9.0000000 0.1070315 0.0814862 0.1474920 0.1201832 0.1012309 0.1116597 0.1659831 0.0886190 0.0819399 
Helianthus_annuus_SRR9119062               0.3243489 0.2218807 0.3618110 0.3587971 0.2591941 0.2106100 0.3034031 0.2049408 0.0000000 0.2517368 0.3876692 0.3214436 0.2580989 0.2921601 0.1823772 0.4706257 0.4124891 0.2448661 0.2883944 0.2821734 0.2740709 0.1720867 0.3060244 0.3036585 0.3284319 0.3278406 0.3603722 0.3387262 0.1734412 0.1727827 0.3351907 0.2972614 0.2685395 0.2963353 0.5880911 0.3243952 0.2950931 0.3020109 0.2840437 0.2874101 0.2774559 0.2338125 0.2861005 0.3306255 0.3055394 0.1370215 0.3526298 0.2907497 0.3194821 0.2866766 0.2890683 0.3080328 0.3678721 0.3034430 0.2296762 0.2310733 0.1843397 0.2941454 0.2954883 0.2926511 0.3625029 0.3241289 0.2413891 0.3084595 0.3041110 0.2992274 0.3179186 0.3085960 0.1371227 0.2955538 0.3423702 0.2770695 0.3129697 0.2924613 0.2914406 0.1568361 0.3155441 0.3620386 0.2847371 0.3177419 0.2010342 0.3035037 0.2521067 
Lycapsus_tenuifolius_17                    0.0269590 0.0558962 0.0778878 0.2937888 0.1014479 0.0815875 0.2739274 0.0825872 0.2517368 0.0000000 0.0968492 0.0822781 0.0682782 0.0656729 0.0549054 0.2434843 0.2505485 0.0864446 0.0776940 0.0992715 0.0572600 0.0491814 0.0730885 0.0762469 0.0683861 0.0595247 0.0997698 0.0997963 0.0267013 0.0288900 0.0937368 0.0680426 0.0020629 0.0797726 0.0566316 0.1000967 0.0834240 0.1088616 0.0580028 0.0678560 0.0961155 0.0674342 0.1061276 0.1139148 0.0793308 0.0566008 0.0603063 0.1883916 0.1035546 0.0648957 0.0544341 0.0959792 0.1081681 0.1006076 0.0804618 0.0977261 0.0596254 0.0575290 0.0554965 0.1327479 0.2644551 0.1671614 0.0247563 0.0765579 0.0967870 0.0833017 0.2027261 0.1685946 0.0210441 0.0910124 0.1867559 0.0417491 0.0852768 0.1172582 0.0737679 0.0364907 0.2101453 0.0879436 0.0774664 0.0760064 0.1425284 0.0550571 0.0813279 
Pericome_caudata_50_silver                 0.1513222 0.0871773 0.1273374 0.3610813 0.0874689 0.1260647 0.3530786 0.1233764 0.3876692 0.0968492 0.0000000 0.1244388 0.0733305 0.0852808 0.0752830 0.2899558 0.2570069 0.1104565 0.1212688 0.1370764 0.0782450 0.0869160 0.1147270 0.0819324 0.0889336 0.0863386 0.1230472 0.1421008 0.0652562 0.0808921 0.1014659 0.1224790 0.1009678 0.1236299 0.1232182 0.1144782 0.1214477 0.1531422 0.0717650 0.1159530 0.1130082 0.0788398 0.1374286 0.1422687 0.1160239 0.0576551 0.1290430 0.4056633 0.1214059 0.0842558 0.0668747 0.1302266 0.1618634 0.1473731 0.1013952 0.1137889 0.0762814 0.0723852 0.0757549 0.1862824 0.3163059 0.1826940 0.0692189 0.1279201 0.1154700 0.0998161 0.2491111 0.2196648 0.0891120 0.1266766 0.2853130 0.1194677 0.0987522 0.3580235 0.1268449 0.0566581 0.2121204 0.1251696 0.0957355 0.1504417 0.1543491 0.0744688 0.1199935 
Perityle_aglossa_84_dead_horse             0.1294493 0.0785680 0.1198076 0.3843219 0.1555392 0.0972290 0.2830809 0.1221331 0.3214436 0.0822781 0.1244388 0.0000000 0.0847843 0.0913909 0.0584592 0.3691681 0.2910414 0.1096433 0.1287312 0.0869492 0.0750915 0.0605613 0.1371307 0.0921732 0.1117668 0.0499738 0.1546931 0.1041364 0.0625246 0.0666190 0.1210964 0.1169885 0.0873073 0.1379576 0.2926913 0.1110517 0.1110219 0.1410892 0.0792581 0.0958169 0.1037491 0.0736674 0.1191939 0.1649872 0.1415123 0.0684258 0.1449516 0.1685258 0.1147401 0.0848850 0.0770035 0.1299262 0.1380416 0.1246490 0.0982295 0.1190454 0.0608910 0.0809633 0.0784354 0.1456693 0.3007404 0.1937683 0.1152956 0.0148857 0.0878432 0.0484101 0.2383847 0.2403184 0.0460561 0.1241149 0.2067287 0.1302636 0.1055824 0.1238597 0.1251802 0.0530193 0.2478448 0.1379685 0.0969531 0.0316538 0.1289664 0.0835180 0.0940010 
Perityle_ajoensis_204                      0.0792627 0.0651550 0.1135670 0.2975610 0.1137978 0.0913482 0.2530192 0.0827633 0.2580989 0.0682782 0.0733305 0.0847843 0.0000000 0.0353545 0.0337671 0.3606580 0.2201268 0.0741018 0.0794412 0.0728484 0.0320510 0.0385222 0.0492080 0.0356862 0.0336198 0.0863331 0.1155871 0.1072447 0.0406491 0.0451839 0.0962788 0.0817226 0.0668815 0.0415889 0.0555976 0.0748841 0.0520728 0.0937239 0.0287019 0.0508372 0.0800475 0.0366443 0.1000423 0.1208019 0.0510743 0.0387263 0.0357449 0.0881017 0.0822112 0.0356580 0.0211717 0.0529615 0.0980512 0.0681181 0.0593361 0.0968841 0.0425054 0.0287133 0.0287789 0.1112772 0.2936588 0.1731616 0.1107269 0.0650154 0.1082100 0.0674896 0.1740200 0.1500682 0.0111942 0.0545041 0.1249020 0.0540310 0.0522154 0.0563234 0.0528795 0.0224122 0.1996336 0.0936164 0.0456628 0.0854395 0.1301106 0.0371818 0.0870546 
Perityle_ambrosiifolia_67_green            0.1033832 0.0678150 0.0988582 0.3185602 0.0857647 0.0733568 0.3119378 0.0952617 0.2921601 0.0656729 0.0852808 0.0913909 0.0353545 0.0000000 0.0167895 0.2101592 0.2053458 0.0834624 0.0243152 0.1118623 0.0200027 0.0224126 0.0022513 0.0176789 0.0181743 0.0663509 0.1003855 0.1041691 0.0480347 0.0480772 0.0726550 0.0930063 0.0714273 0.0772034 0.0697434 0.1039875 0.0568221 0.1260069 0.0038277 0.0408881 0.0945445 0.0206279 0.1228707 0.1303432 0.0552391 0.0510246 0.0809095 0.5964603 0.1074244 0.0171549 0.0189498 0.0729779 0.1227599 0.0894249 0.0681813 0.0824496 0.0466318 0.0205197 0.0198084 0.1815792 0.3040835 0.1720633 0.0396231 0.1107904 0.0997233 0.0822500 0.2476835 0.2268238 0.0025579 0.0722811 0.2764207 0.0596323 0.0344450 9.0000000 0.0295161 0.0106710 0.2197316 0.0967668 0.0282197 0.1160810 0.1033742 0.0200171 0.0813750 
Perityle_angustifolia_13_Eagle_creek       0.0759132 0.0570326 0.0946791 0.2426766 0.0853916 0.0700567 0.2255892 0.1000349 0.1823772 0.0549054 0.0752830 0.0584592 0.0337671 0.0167895 0.0000000 0.0688720 0.1640052 0.0819305 0.0014606 0.1048073 0.0121705 0.0097306 0.0213571 0.0211826 0.0211383 0.0537504 0.0860700 0.0855194 0.0451397 0.0497931 0.0753314 0.0508195 0.0646626 0.0192867 0.0575943 0.0888768 0.0133152 0.0851238 0.0185948 0.0295323 0.0869180 0.0090661 0.0850311 0.0848467 0.0088836 0.0467676 0.0137179 0.4190886 0.0871624 0.0170056 0.0122618 0.0256248 0.0720759 0.0043749 0.0719317 0.0777383 0.0581128 0.0122737 0.0122318 0.1216554 0.2292163 0.1241341 0.0421250 0.0510536 0.0795191 0.0597768 0.1185661 0.0884430 0.0050864 0.0146713 0.1847878 0.0450519 0.0221289 9.0000000 0.0242523 0.0090861 0.1228054 0.0792528 0.0164070 0.0526156 0.1094661 0.0122538 0.0938139 
Perityle_bisetosa_9                        0.3662924 0.1035163 0.3629203 0.4866051 0.5076286 0.2133784 0.5250313 0.1214888 0.4706257 0.2434843 0.2899558 0.3691681 0.3606580 0.2101592 0.0688720 0.0000000 0.3754923 0.2637592 0.3483988 0.4250790 0.1909693 0.0836301 0.3291631 0.1556716 0.1992607 0.3655051 0.3989194 0.3911076 0.1592771 0.0975734 0.3890143 0.4137097 0.2148679 0.3318829 0.2207098 0.3068486 0.3256881 0.3595922 0.2092685 0.3436252 0.3396631 0.2198343 0.4466242 0.3772057 0.3117899 0.2129711 0.2574179 0.7657920 0.3168731 0.2072908 0.1473958 0.3422638 0.3771935 0.2272492 0.2600534 0.2934208 0.1265341 0.1948906 0.1895510 0.4895960 0.4128499 0.2955223 0.0651933 0.3456116 0.3925022 0.2552787 0.4968171 0.5050947 0.0338018 0.3213915 0.5166223 0.3187988 0.2107360 0.7707498 0.3360291 0.0736175 0.5321171 0.3118362 0.2163666 0.4046581 0.1791947 0.1955323 0.4347522 
Perityle_californica_76_positas            0.3373740 0.1751601 0.2559596 0.4501687 0.2639714 0.1720201 0.4099780 0.1333366 0.4124891 0.2505485 0.2570069 0.2910414 0.2201268 0.2053458 0.1640052 0.3754923 0.0000000 0.2069084 0.2949645 0.1976294 0.1967857 0.1164144 0.2893316 0.2103444 0.2342520 0.2437164 0.2889203 0.3115673 0.1330087 0.1428677 0.2388662 0.2574577 0.2664028 0.2898131 0.3165463 0.2531114 0.2665504 0.3297767 0.2034786 0.2996730 0.2426028 0.1940354 0.2600483 0.3447009 0.2814814 0.0402185 0.2377115 0.5905364 0.2590580 0.2024471 0.1836447 0.3033672 0.2606324 0.2540611 0.1817179 0.1842320 0.1591279 0.1996283 0.1929962 0.2433522 0.3551937 0.2409338 0.0897009 0.2687035 0.2451234 0.2532159 0.3568692 0.3369489 0.0538269 0.2970275 0.3657784 0.2086902 0.2167552 0.4803172 0.3136650 0.1012590 0.3769346 0.2885646 0.2042923 0.2839564 0.1490225 0.1933632 0.2123635 
Perityle_canescens_77                      0.1086554 0.0916263 0.1191196 0.3218877 0.1049764 0.1161985 0.3183723 0.1398596 0.2448661 0.0864446 0.1104565 0.1096433 0.0741018 0.0834624 0.0819305 0.2637592 0.2069084 0.0000000 0.0928594 0.1148946 0.0754381 0.0771211 0.0823317 0.0855951 0.0922636 0.0892745 0.1278119 0.1142521 0.0658393 0.0796270 0.1080169 0.0802360 0.0973863 0.0949011 0.0865719 0.0849897 0.0954634 0.0876807 0.0819484 0.0783778 0.0790440 0.0845272 0.0797254 0.0916250 0.0924586 0.0745179 0.0797492 0.3764144 0.0835620 0.0879641 0.0682028 0.1061419 0.1161083 0.1049479 0.1057323 0.1223958 0.0779610 0.0781974 0.0745389 0.1372787 0.3129474 0.1439938 0.0718156 0.1087989 0.1135116 0.1092054 0.1823391 0.1456540 0.0482950 0.1002028 0.1992661 0.0855337 0.1060680 9.0000000 0.1046727 0.0730662 0.1820315 0.1222573 0.0954100 0.1056053 0.1349020 0.0744426 0.1023321 
Perityle_castillonii_96                    0.1411998 0.0736681 0.1191713 0.3779359 0.1520398 0.0836188 0.2652810 0.1021838 0.2883944 0.0776940 0.1212688 0.1287312 0.0794412 0.0243152 0.0014606 0.3483988 0.2949645 0.0928594 0.0000000 0.1139153 0.0185000 0.0067563 0.0499372 0.0278728 0.0554073 0.1063864 0.1500899 0.1310780 0.0547886 0.0535731 0.1363412 0.1343961 0.0774765 0.0439224 0.2931698 0.1067827 0.0436027 0.1452342 0.0217226 0.0276567 0.1024881 0.0167865 0.1280265 0.1741104 0.0387176 0.0685164 0.0450543 0.0654279 0.1143194 0.0234666 0.0187693 0.0548447 0.1662950 0.0236164 0.0731797 0.0873679 0.0584556 0.0156486 0.0156957 0.1381969 0.2984724 0.1869216 0.1143927 0.1389698 0.1052771 0.0845224 0.2108817 0.1995449 0.0031797 0.0537004 0.1003855 0.1216307 0.0311361 0.0605686 0.0229107 0.0088792 0.2229447 0.1327081 0.0238648 0.1258677 0.1099430 0.0307640 0.1124617 
Perityle_cernua_84                         0.1314095 0.0801032 0.1249747 0.3400143 0.1038718 0.0869411 0.2890504 0.0995436 0.2821734 0.0992715 0.1370764 0.0869492 0.0728484 0.1118623 0.1048073 0.4250790 0.1976294 0.1148946 0.1139153 0.0000000 0.1023459 0.0921521 0.1159451 0.1287657 0.1135663 0.0718816 0.1448662 0.1308458 0.0348038 0.0442194 0.1140769 0.0945383 0.1099767 0.1231729 0.1176420 0.1241091 0.1241824 0.1393720 0.1016174 0.0956782 0.1056559 0.0912317 0.1071954 0.1490690 0.1243501 0.0406091 0.1204722 0.1502774 0.1311059 0.1156206 0.1045757 0.1339980 0.0932848 0.1608268 0.1063347 0.0887397 0.0392733 0.1044711 0.1021999 0.0986592 0.2899361 0.1494940 0.0635759 0.0807916 0.1173751 0.1063426 0.1767355 0.1570757 0.0181073 0.1320552 0.1652633 0.0608825 0.1357420 0.1311105 0.1093186 0.0570864 0.1951121 0.1385269 0.1192762 0.0809226 0.1098821 0.1061191 0.0621400 
Perityle_cfvillosa_25_tin                  0.0687682 0.0553181 0.1000959 0.3042786 0.0751229 0.0635491 0.2972870 0.0866789 0.2740709 0.0572600 0.0782450 0.0750915 0.0320510 0.0200027 0.0121705 0.1909693 0.1967857 0.0754381 0.0185000 0.1023459 0.0000000 0.0144357 0.0218609 0.0211355 0.0208166 0.0565499 0.0975139 0.0964585 0.0344842 0.0349450 0.0691037 0.0835426 0.0645034 0.0225278 0.0707008 0.0949251 0.0128988 0.0955756 0.0178248 0.0384363 0.0802378 0.0056102 0.1068275 0.1040236 0.0113030 0.0475229 0.0448526 0.5901816 0.0967054 0.0177583 0.0131613 0.0412051 0.1046759 0.0449243 0.0611419 0.0743216 0.0450508 0.0000010 0.0000010 0.1675668 0.2862306 0.1602328 0.0324029 0.0775270 0.0933975 0.0721081 0.2353897 0.1897218 0.0025653 0.0279100 0.2256055 0.0490884 0.0143339 9.0000000 0.0263547 0.0052608 0.2093801 0.0896140 0.0190743 0.0894498 0.0909586 0.0000010 0.0764196 
Perityle_cinerea_113_Powell1310            0.0665909 0.0552654 0.1041740 0.2202673 0.0634860 0.0729121 0.1992165 0.0910094 0.1720867 0.0491814 0.0869160 0.0605613 0.0385222 0.0224126 0.0097306 0.0836301 0.1164144 0.0771211 0.0067563 0.0921521 0.0144357 0.0000000 0.0180033 0.0209375 0.0382385 0.0817956 0.1479775 0.0875340 0.0415523 0.0533504 0.0960432 0.0457515 0.0610248 0.0144366 0.2223955 0.0856821 0.0077010 0.0795760 0.0227141 0.0304119 0.0801241 0.0142886 0.0781684 0.0807162 0.0098960 0.0249551 0.0204582 0.0234578 0.0785853 0.0147044 0.0113092 0.0237449 0.0875974 0.0133190 0.0747762 0.0788284 0.0486460 0.0160514 0.0160049 0.1041056 0.2356374 0.1017894 0.0465039 0.0567747 0.0835786 0.0570010 0.0893276 0.0565444 0.0000010 0.0098789 0.1193652 0.0467848 0.0247527 0.0040689 0.0183302 0.0089046 0.0882392 0.0948246 0.0202186 0.0583655 0.1043719 0.0160624 0.0410562 
Perityle_coahuilensis_24                   0.1547321 0.0662661 0.1176820 0.3718340 0.1547327 0.0785090 0.2729681 0.0960812 0.3060244 0.0730885 0.1147270 0.1371307 0.0492080 0.0022513 0.0213571 0.3291631 0.2893316 0.0823317 0.0499372 0.1159451 0.0218609 0.0180033 0.0000000 0.0206330 0.0447461 0.1124818 0.1484448 0.1327439 0.0785912 0.0486497 0.1254283 0.1452220 0.0711168 0.0918746 0.2662000 0.0988851 0.0459441 0.1509445 0.0013806 0.0339294 0.0948411 0.0207290 0.1297557 0.1686475 0.0483124 0.0514437 0.1367708 0.0325698 0.1048294 0.0173223 0.0205356 0.0858429 0.1766568 0.0894672 0.0659708 0.0834770 0.0450693 0.0199818 0.0187493 0.1599346 0.3126608 0.1792685 0.1090700 0.1725431 0.1092860 0.0832426 0.2298466 0.2275684 0.0016244 0.0824992 0.1222044 0.1294980 0.0334119 0.0274227 0.0370539 0.0143919 0.2332684 0.1312927 0.0271573 0.1395305 0.1018172 0.0323458 0.1110381 
Perityle_cochisensis_44_cave_creek         0.1009872 0.0698563 0.1068659 0.2694219 0.0781850 0.0834009 0.2892676 0.1023662 0.3036585 0.0762469 0.0819324 0.0921732 0.0356862 0.0176789 0.0211826 0.1556716 0.2103444 0.0855951 0.0278728 0.1287657 0.0211355 0.0209375 0.0206330 0.0000000 0.0204804 0.0686887 0.1001305 0.1058749 0.0478078 0.0502365 0.0776871 0.0886519 0.0828443 0.0192261 0.0724590 0.1134167 0.0244951 0.1026523 0.0161387 0.0363217 0.1012704 0.0190317 0.1316548 0.1056750 0.0231163 0.0543584 0.0715719 0.5916950 0.1111846 0.0168267 0.0150842 0.0251674 0.1345504 0.0300211 0.0796706 0.0885686 0.0509616 0.0208002 0.0198493 0.1928422 0.2679946 0.1617221 0.0530732 0.0951792 0.1034274 0.0867215 0.2381773 0.2169020 0.0124007 0.0274029 0.2580299 0.0628381 0.0354955 9.0000000 0.0245499 0.0125950 0.2287567 0.1050736 0.0258167 0.1134091 0.1011346 0.0208189 0.0973567 
Perityle_congesta_202                      0.1245569 0.0652018 0.1023807 0.3510239 0.1291402 0.1022291 0.3313360 0.0993931 0.3284319 0.0683861 0.0889336 0.1117668 0.0336198 0.0181743 0.0211383 0.1992607 0.2342520 0.0922636 0.0554073 0.1135663 0.0208166 0.0382385 0.0447461 0.0204804 0.0000000 0.0702335 0.1037604 0.1127384 0.0483307 0.0508826 0.1035409 0.1175881 0.0702509 0.0521938 0.0882659 0.1023292 0.0584818 0.1465582 0.0160711 0.0727480 0.0937945 0.0233631 0.1197218 0.1415153 0.0475586 0.0543171 0.0777076 0.5637009 0.1076624 0.0147196 0.0117248 0.0695568 0.1304699 0.0782429 0.0663491 0.0794433 0.0505516 0.0182825 0.0183092 0.1765402 0.3011240 0.1709617 0.0417410 0.1109341 0.0900242 0.0830519 0.2753557 0.2411319 0.0538406 0.0700371 0.2563828 0.0962748 0.0318047 0.5968233 0.0540183 0.0141295 0.2560239 0.1038810 0.0273267 0.1358104 0.1003682 0.0182564 0.1251636 
Perityle_cordifolia_27                     0.1268905 0.0776404 0.1123240 0.3137796 0.1484941 0.1243425 0.2867325 0.1132908 0.3278406 0.0595247 0.0863386 0.0499738 0.0863331 0.0663509 0.0537504 0.3655051 0.2437164 0.0892745 0.1063864 0.0718816 0.0565499 0.0817956 0.1124818 0.0686887 0.0702335 0.0000000 0.1243052 0.0922016 0.0566804 0.0645399 0.0880265 0.1166565 0.0666718 0.1138870 0.1305814 0.0915148 0.1178475 0.1316565 0.0525685 0.0906311 0.0837827 0.0513993 0.1155143 0.1425099 0.1132782 0.0506975 0.1034894 0.1830582 0.1005185 0.0592199 0.0551523 0.1166794 0.0559485 0.1250372 0.0680645 0.0940504 0.0394390 0.0593736 0.0576380 0.1225072 0.2952062 0.1662414 0.0963797 0.0613594 0.0760002 0.0068008 0.2608599 0.2385830 0.0786668 0.1158963 0.2083384 0.1153740 0.0806781 0.1746793 0.0990124 0.0481264 0.2554584 0.1078069 0.0725553 0.0789369 0.1114852 0.0631415 0.0940448 
Perityle_cordifolia_68_tecolote            0.1636570 0.1138443 0.1367872 0.3990218 0.1525246 0.1883989 0.3316171 0.1404650 0.3603722 0.0997698 0.1230472 0.1546931 0.1155871 0.1003855 0.0860700 0.3989194 0.2889203 0.1278119 0.1500899 0.1448662 0.0975139 0.1479775 0.1484448 0.1001305 0.1037604 0.1243052 0.0000000 0.1644018 0.0772898 0.0950308 0.1398064 0.1430429 0.1117896 0.1480255 0.1896261 0.1339087 0.1482155 0.1760088 0.0882127 0.1420155 0.1271222 0.0934595 0.1487915 0.1744751 0.1447223 0.0771233 0.1490754 0.2169470 0.1381557 0.0998819 0.0893607 0.1511962 0.1607560 0.1757229 0.1041952 0.0122139 0.0917543 0.0948799 0.0921891 0.1888538 0.3350220 0.2180187 0.1244871 0.1526536 0.1367237 0.1141546 0.2639446 0.2545282 0.1100911 0.1530796 0.2490480 0.1547516 0.1163951 0.2024195 0.1400204 0.0803883 0.2854801 0.1434102 0.1103935 0.1656718 0.1398820 0.0972723 0.1295982 
Perityle_coronopifolia_28_patagonia        0.1399774 0.1187563 0.1432242 0.3745801 0.1728559 0.1191034 0.2931750 0.1300886 0.3387262 0.0997963 0.1421008 0.1041364 0.1072447 0.1041691 0.0855194 0.3911076 0.3115673 0.1142521 0.1310780 0.1308458 0.0964585 0.0875340 0.1327439 0.1058749 0.1127384 0.0922016 0.1644018 0.0000000 0.0768575 0.0854822 0.1394244 0.1193691 0.1112206 0.1351887 0.2975049 0.1304329 0.1303099 0.1732119 0.0884279 0.1178642 0.1172093 0.0906875 0.1389946 0.1756627 0.1377058 0.0594002 0.1594857 0.1590303 0.1348504 0.1012756 0.0929936 0.1401205 0.1948866 0.1460511 0.0325699 0.1225183 0.0764343 0.0951784 0.0935771 0.0942288 0.2784678 0.2117366 0.1234365 0.1101609 0.0115204 0.1062109 0.2526260 0.2354676 0.0601804 0.1441797 0.1989144 0.1195568 0.1168789 0.1455099 0.1303623 0.0822830 0.2559897 0.1617736 0.1089672 0.1116470 0.0981623 0.0996117 0.0992537 
Perityle_crassifolia_70_ventanas           0.1414269 0.0594035 0.0822825 0.2608485 0.0641985 0.0667071 0.2175478 0.1086892 0.1734412 0.0267013 0.0652562 0.0625246 0.0406491 0.0480347 0.0451397 0.1592771 0.1330087 0.0658393 0.0547886 0.0348038 0.0344842 0.0415523 0.0785912 0.0478078 0.0483307 0.0566804 0.0772898 0.0768575 0.0000000 0.0152057 0.0656277 0.0697741 0.0506369 0.0971195 0.0504072 0.0612716 0.0593348 0.1388169 0.0656389 0.0616554 0.0624485 0.0365241 0.0640683 0.1354853 0.1075546 0.0337472 0.1036331 0.4617578 0.0626999 0.0472656 0.0465083 0.1155055 0.0545691 0.0566000 0.0710119 0.0832307 0.0447878 0.0613154 0.0416089 0.0739445 0.2573100 0.0471499 0.0454632 0.1209001 0.0710317 0.0582933 0.1463528 0.1178633 0.0314983 0.0536608 0.1630215 0.0000010 0.0680690 9.0000000 0.0829078 0.0276168 0.0943039 0.0637156 0.0423273 0.0619164 0.0743183 0.0324291 0.0019515 
Perityle_crassifolia_74_playa_balandra     0.1164837 0.0615275 0.0909051 0.2319684 0.0725394 0.0691728 0.1969108 0.0997836 0.1727827 0.0288900 0.0808921 0.0666190 0.0451839 0.0480772 0.0497931 0.0975734 0.1428677 0.0796270 0.0535731 0.0442194 0.0349450 0.0533504 0.0486497 0.0502365 0.0508826 0.0645399 0.0950308 0.0854822 0.0152057 0.0000000 0.0736879 0.0440936 0.0527731 0.0760172 0.0485357 0.0767742 0.0553278 0.1270998 0.0466300 0.0694539 0.0781977 0.0395409 0.0798057 0.1245983 0.0900073 0.0364384 0.0680243 0.7832161 0.0785572 0.0519572 0.0409452 0.1001735 0.0624075 0.0508464 0.0808429 0.1019128 0.0557865 0.0418616 0.0395270 0.0823140 0.2413116 0.0515648 0.0480649 0.1027050 0.0766621 0.0663327 0.1328618 0.1034581 0.0343058 0.0544701 0.1509608 0.0170880 0.0642272 9.0000000 0.0617970 0.0371207 0.1026466 0.0572243 0.0504037 0.0658852 0.0896611 0.0348747 0.0131911 
Perityle_cuneata_34_cuneata_San_antonio    0.1478344 0.0928574 0.1216083 0.4364956 0.1637922 0.1263509 0.3262009 0.1110659 0.3351907 0.0937368 0.1014659 0.1210964 0.0962788 0.0726550 0.0753314 0.3890143 0.2388662 0.1080169 0.1363412 0.1140769 0.0691037 0.0960432 0.1254283 0.0776871 0.1035409 0.0880265 0.1398064 0.1394244 0.0656277 0.0736879 0.0000000 0.1027755 0.0956364 0.1301120 0.1512122 0.1113297 0.1348793 0.1750576 0.0695479 0.1118623 0.1119395 0.0805559 0.1259833 0.1658126 0.1301556 0.0157710 0.1082855 0.1912807 0.1191208 0.0725087 0.0639238 0.1355660 0.1449832 0.1721778 0.0972051 0.1132444 0.0672257 0.0713869 0.0695915 0.1444513 0.3157919 0.1928888 0.1114906 0.1322544 0.1089895 0.0978904 0.2355037 0.2013401 0.1072380 0.1390335 0.2040213 0.1542557 0.0963328 0.1943828 0.1220643 0.0569826 0.2500905 0.1279080 0.0828112 0.1226102 0.1387735 0.0744492 0.1078110 
Perityle_cuneata_4                         0.1297895 0.0681277 0.1071448 0.3713371 0.1569176 0.0919060 0.2480753 0.1011918 0.2972614 0.0680426 0.1224790 0.1169885 0.0817226 0.0930063 0.0508195 0.4137097 0.2574577 0.0802360 0.1343961 0.0945383 0.0835426 0.0457515 0.1452220 0.0886519 0.1175881 0.1166565 0.1430429 0.1193691 0.0697741 0.0440936 0.1027755 0.0000000 0.0640810 0.1509551 0.2675685 0.0887824 0.1108665 0.1484022 0.0805369 0.0966943 0.0823957 0.0718583 0.1106563 0.1760658 0.1628294 0.0554746 0.2191797 0.1551050 0.1078597 0.0884897 0.0860034 0.1352663 0.1503794 0.1176451 0.0835445 0.0968035 0.0610551 0.0911754 0.0830622 0.1471026 0.3142059 0.1228744 0.1105228 0.1505750 0.1055832 0.0895891 0.2061144 0.2134101 0.0374011 0.1356440 0.1999986 0.1146895 0.1067486 0.1137196 0.1199312 0.0391567 0.2104410 0.1372154 0.0951602 0.1201291 0.1361817 0.0896556 0.0706866 
Perityle_discoidea_81                      0.0273584 0.0703257 0.0728495 0.2966909 0.0994424 0.0987759 0.3076747 0.0958297 0.2685395 0.0020629 0.1009678 0.0873073 0.0668815 0.0714273 0.0646626 0.2148679 0.2664028 0.0973863 0.0774765 0.1099767 0.0645034 0.0610248 0.0711168 0.0828443 0.0702509 0.0666718 0.1117896 0.1112206 0.0506369 0.0527731 0.0956364 0.0640810 0.0000000 0.0802265 0.0582032 0.1060538 0.0852241 0.1202807 0.0639746 0.0755963 0.1036303 0.0724161 0.1166081 0.1256298 0.0817097 0.0631150 0.0663997 0.5095251 0.1086055 0.0705917 0.0604427 0.0983301 0.1185378 0.1057069 0.0926838 0.1124592 0.0762363 0.0648873 0.0628508 0.1571259 0.2837823 0.1735774 0.0513680 0.0835162 0.1055905 0.0900388 0.2148050 0.1601352 0.0287746 0.0913099 0.2163257 0.0645674 0.0917311 0.0000010 0.0764501 0.0501398 0.2015210 0.0928133 0.0827941 0.0852641 0.1507098 0.0623614 0.1009954 
Perityle_dissecta_201                      0.1624358 0.0729561 0.1292518 0.3733008 0.1574414 0.0838533 0.2703609 0.1050947 0.2963353 0.0797726 0.1236299 0.1379576 0.0415889 0.0772034 0.0192867 0.3318829 0.2898131 0.0949011 0.0439224 0.1231729 0.0225278 0.0144366 0.0918746 0.0192261 0.0521938 0.1138870 0.1480255 0.1351887 0.0971195 0.0760172 0.1301120 0.1509551 0.0802265 0.0000000 0.3013406 0.1104592 0.0286019 0.1596738 0.0889773 0.0374611 0.1034855 0.0335086 0.1295877 0.1822697 0.0621772 0.0574198 0.1605985 0.0381993 0.1133988 0.0145633 0.0441603 0.0304971 0.1767681 0.0320730 0.0728832 0.0872892 0.0558212 0.0947687 0.0915151 0.1651785 0.3127963 0.1798674 0.1154957 0.1531252 0.1127414 0.0911942 0.2454917 0.2496077 0.0032029 0.0260692 0.1545016 0.1379649 0.0971097 0.0157549 0.0326591 0.0087867 0.2441726 0.1363976 0.0689349 0.1449086 0.1085895 0.1159578 0.1188538 
Perityle_emoryi_47_punta_san_jose          0.3187822 0.0513129 0.0338261 0.5353540 0.3512383 0.2742172 0.4951016 0.1086750 0.5880911 0.0566316 0.1232182 0.2926913 0.0555976 0.0697434 0.0575943 0.2207098 0.3165463 0.0865719 0.2931698 0.1176420 0.0707008 0.2223955 0.2662000 0.0724590 0.0882659 0.1305814 0.1896261 0.2975049 0.0504072 0.0485357 0.1512122 0.2675685 0.0582032 0.3013406 0.0000000 0.0960285 0.2906342 0.3592279 0.0529663 0.2825636 0.0896636 0.0717777 0.1254863 0.3336536 0.3002593 0.0346770 0.1962488 0.8858997 0.1003484 0.0616161 0.0729085 0.2999919 0.2031759 0.2955141 0.0869899 0.0954050 0.0534834 0.0795354 0.0800434 0.1748419 0.2633677 0.1567679 0.0386760 0.3171233 0.1019383 0.0859138 0.4284284 0.3965106 0.1957908 0.2807201 0.4492073 0.3081963 0.1023410 0.8985539 0.2777190 0.0342561 0.3919024 0.1608462 0.0719199 0.3334197 0.1220327 0.0718694 0.3083578 
Perityle_feddemae_99                       0.1062877 0.0772728 0.1229061 0.3279869 0.1047804 0.0901340 0.3300682 0.1379763 0.3243952 0.1000967 0.1144782 0.1110517 0.0748841 0.1039875 0.0888768 0.3068486 0.2531114 0.0849897 0.1067827 0.1241091 0.0949251 0.0856821 0.0988851 0.1134167 0.1023292 0.0915148 0.1339087 0.1304329 0.0612716 0.0767742 0.1113297 0.0887824 0.1060538 0.1104592 0.0960285 0.0000000 0.1117584 0.0956962 0.0870117 0.0821144 0.0036012 0.0956028 0.0296667 0.0968998 0.1118015 0.0733919 0.1190706 0.3090678 0.0091766 0.0995594 0.0876736 0.1249221 0.1438331 0.1407326 0.1101475 0.1122366 0.0655718 0.0941019 0.0935993 0.1838059 0.3237890 0.1947718 0.0708817 0.1153898 0.1306635 0.1171486 0.2524666 0.2037766 0.0514496 0.1234574 0.2473925 0.0727940 0.1265240 0.1140652 0.1105112 0.0761375 0.2415731 0.1290135 0.1125357 0.1087506 0.1327013 0.0919919 0.1002674 
Perityle_fosteri_93                        0.1115341 0.0751884 0.1273854 0.3517321 0.1361848 0.0895006 0.2655468 0.1031059 0.2950931 0.0834240 0.1214477 0.1110219 0.0520728 0.0568221 0.0133152 0.3256881 0.2665504 0.0954634 0.0436027 0.1241824 0.0128988 0.0077010 0.0459441 0.0244951 0.0584818 0.1178475 0.1482155 0.1303099 0.0593348 0.0553278 0.1348793 0.1108665 0.0852241 0.0286019 0.2906342 0.1117584 0.0000000 0.1306008 0.0516536 0.0428043 0.1044809 0.0239535 0.1288157 0.1355891 0.0383248 0.0607966 0.1053498 0.0282905 0.1148476 0.0219444 0.0250424 0.0390794 0.1762847 0.0383772 0.0785318 0.0866509 0.0579045 0.0438909 0.0440754 0.1673214 0.3062654 0.1861575 0.1121595 0.1061505 0.1161524 0.0934557 0.2024565 0.1828123 0.0015781 0.0314445 0.1126922 0.1146692 0.0561668 0.0228091 0.0336311 0.0105569 0.2142463 0.1380216 0.0474753 0.1108333 0.1080025 0.0656529 0.1005575 
Perityle_gamon_221                         0.1497633 0.0844384 0.1377411 0.3867930 0.1833029 0.1147140 0.2983836 0.1202516 0.3020109 0.1088616 0.1531422 0.1410892 0.0937239 0.1260069 0.0851238 0.3595922 0.3297767 0.0876807 0.1452342 0.1393720 0.0955756 0.0795760 0.1509445 0.1026523 0.1465582 0.1316565 0.1760088 0.1732119 0.1388169 0.1270998 0.1750576 0.1484022 0.1202807 0.1596738 0.3592279 0.0956962 0.1306008 0.0000000 0.1384982 0.1303627 0.0909521 0.1012672 0.0950985 0.0209051 0.1408009 0.0670660 0.1648029 0.1572848 0.0945809 0.1039398 0.1026649 0.1443848 0.2081061 0.1444680 0.1268949 0.1253331 0.0844949 0.1326160 0.1260995 0.1681814 0.3314377 0.1914472 0.0933803 0.1337696 0.1390601 0.1250275 0.2344710 0.2281825 0.0625143 0.1615341 0.1948046 0.1694911 0.1589705 0.1462874 0.1403465 0.0705945 0.2558586 0.1570923 0.1132362 0.1295697 0.1580480 0.1114650 0.1385670 
Perityle_gilensis_22_Superstition          0.1192002 0.0685018 0.0833445 0.3201413 0.0803355 0.0738938 0.3022393 0.0963300 0.2840437 0.0580028 0.0717650 0.0792581 0.0287019 0.0038277 0.0185948 0.2092685 0.2034786 0.0819484 0.0217226 0.1016174 0.0178248 0.0227141 0.0013806 0.0161387 0.0160711 0.0525685 0.0882127 0.0884279 0.0656389 0.0466300 0.0695479 0.0805369 0.0639746 0.0889773 0.0529663 0.0870117 0.0516536 0.1384982 0.0000000 0.0268559 0.0854979 0.0199609 0.1102787 0.1308833 0.0694431 0.0513601 0.1103716 0.7176773 0.0903218 0.0149217 0.0165121 0.0852397 0.1184063 0.0837511 0.0664316 0.0832570 0.0450901 0.0175753 0.0168393 0.1657500 0.3053659 0.1687694 0.0399069 0.1177640 0.0832602 0.0700430 0.2599139 0.2357184 0.0025902 0.0673155 0.2747879 0.0679085 0.0319765 9.0000000 0.0325731 0.0126206 0.2098881 0.0850510 0.0248657 0.1058683 0.1020967 0.0173849 0.0766715 
Perityle_gilensis_salensis_225             0.1121132 0.0881347 0.1052695 0.3537528 0.1322971 0.0926511 0.2552174 0.0890980 0.2874101 0.0678560 0.1159530 0.0958169 0.0508372 0.0408881 0.0295323 0.3436252 0.2996730 0.0783778 0.0276567 0.0956782 0.0384363 0.0304119 0.0339294 0.0363217 0.0727480 0.0906311 0.1420155 0.1178642 0.0616554 0.0694539 0.1118623 0.0966943 0.0755963 0.0374611 0.2825636 0.0821144 0.0428043 0.1303627 0.0268559 0.0000000 0.0760892 0.0339753 0.0996127 0.1297845 0.0426622 0.0377035 0.0995502 0.0447430 0.0890916 0.0392636 0.0354965 0.0420199 0.1577662 0.0457412 0.0699566 0.1056017 0.0634822 0.0385515 0.0386314 0.1362494 0.2946420 0.1762365 0.1064975 0.0937917 0.0882046 0.0781728 0.1982115 0.1807819 0.0016791 0.0563307 0.0910914 0.1057198 0.0596166 0.0382066 0.0271323 0.0218802 0.2082376 0.1234666 0.0516973 0.0944157 0.1291572 0.0440942 0.0956086 
Perityle_glaucescens_94                    0.1032757 0.0804843 0.1168711 0.3294880 0.1042251 0.0861373 0.3050361 0.1306509 0.2774559 0.0961155 0.1130082 0.1037491 0.0800475 0.0945445 0.0869180 0.3396631 0.2426028 0.0790440 0.1024881 0.1056559 0.0802378 0.0801241 0.0948411 0.1012704 0.0937945 0.0837827 0.1271222 0.1172093 0.0624485 0.0781977 0.1119395 0.0823957 0.1036303 0.1034855 0.0896636 0.0036012 0.1044809 0.0909521 0.0854979 0.0760892 0.0000000 0.0894557 0.0056571 0.0919904 0.1044804 0.0733474 0.0831620 0.2062744 0.0075857 0.0896928 0.0763106 0.1158620 0.1188765 0.1310879 0.1059285 0.1131935 0.0666189 0.0815991 0.0797084 0.1342320 0.3206386 0.1833837 0.0672267 0.1052428 0.1213369 0.1115615 0.2173807 0.1919404 0.0488774 0.1161462 0.2017910 0.0738392 0.1138938 0.1209869 0.0983162 0.0717379 0.2238558 0.1253739 0.0983589 0.0990562 0.1275782 0.0782601 0.0965343 
Perityle_gracilis_11                       0.0820851 0.0634549 0.1097897 0.3108003 0.0916098 0.0680625 0.2833421 0.0929059 0.2338125 0.0674342 0.0788398 0.0736674 0.0366443 0.0206279 0.0090661 0.2198343 0.1940354 0.0845272 0.0167865 0.0912317 0.0056102 0.0142886 0.0207290 0.0190317 0.0233631 0.0513993 0.0934595 0.0906875 0.0365241 0.0395409 0.0805559 0.0718583 0.0724161 0.0335086 0.0717777 0.0956028 0.0239535 0.1012672 0.0199609 0.0339753 0.0894557 0.0000000 0.0969023 0.1087463 0.0178400 0.0453671 0.0009198 0.5901816 0.0947505 0.0196271 0.0079648 0.0506430 0.1018092 0.0553933 0.0691782 0.0783161 0.0466099 0.0045975 0.0046142 0.1372790 0.2875885 0.1601335 0.0370913 0.0785084 0.0889058 0.0720084 0.2037550 0.1540190 0.0025368 0.0405188 0.2039574 0.0576628 0.0153074 9.0000000 0.0258843 0.0034883 0.1941767 0.0938702 0.0165677 0.0739665 0.1000145 0.0045995 0.0900450 
Perityle_harkerae_31                       0.1167915 0.0837588 0.1286983 0.3309348 0.1175066 0.0939260 0.2874909 0.1321678 0.2861005 0.1061276 0.1374286 0.1191939 0.1000423 0.1228707 0.0850311 0.4466242 0.2600483 0.0797254 0.1280265 0.1071954 0.1068275 0.0781684 0.1297557 0.1316548 0.1197218 0.1155143 0.1487915 0.1389946 0.0640683 0.0798057 0.1259833 0.1106563 0.1166081 0.1295877 0.1254863 0.0296667 0.1288157 0.0950985 0.1102787 0.0996127 0.0056571 0.0969023 0.0000000 0.1119829 0.1308277 0.0729172 0.1133621 0.1579549 0.0335758 0.1161271 0.1034544 0.1377424 0.1389491 0.1584229 0.1065619 0.1150066 0.0680105 0.1071268 0.1055319 0.1548143 0.3251580 0.1903694 0.1216911 0.1127943 0.1422976 0.1380262 0.2075436 0.1872314 0.0511143 0.1354578 0.1934843 0.0746396 0.1398295 0.1429924 0.1139647 0.0732807 0.2239394 0.1503220 0.1261514 0.1117676 0.1319209 0.1119209 0.0887183 
Perityle_hofmeisteria_4_nombre_de_dios     0.1789887 0.0826389 0.1284278 0.4086956 0.2012685 0.1127272 0.3105039 0.1312200 0.3306255 0.1139148 0.1422687 0.1649872 0.1208019 0.1303432 0.0848467 0.3772057 0.3447009 0.0916250 0.1741104 0.1490690 0.1040236 0.0807162 0.1686475 0.1056750 0.1415153 0.1425099 0.1744751 0.1756627 0.1354853 0.1245983 0.1658126 0.1760658 0.1256298 0.1822697 0.3336536 0.0968998 0.1355891 0.0209051 0.1308833 0.1297845 0.0919904 0.1087463 0.1119829 0.0000000 0.1646486 0.0730311 0.2142872 0.1800263 0.0943742 0.1130132 0.1082616 0.1558187 0.2134794 0.1515399 0.1268410 0.1300847 0.0862145 0.1317987 0.1261915 0.2017394 0.3312245 0.1911238 0.1275944 0.1620261 0.1482758 0.1258985 0.2683579 0.2833599 0.0684036 0.1618987 0.2224046 0.1879494 0.1560862 0.1505458 0.1603627 0.0744095 0.2901477 0.1623931 0.1251288 0.1667197 0.1572020 0.1133877 0.1401633 
Perityle_huecosensis_48                    0.1588968 0.0722598 0.1225652 0.3628805 0.1613164 0.0835797 0.2710598 0.1020980 0.3055394 0.0793308 0.1160239 0.1415123 0.0510743 0.0552391 0.0088836 0.3117899 0.2814814 0.0924586 0.0387176 0.1243501 0.0113030 0.0098960 0.0483124 0.0231163 0.0475586 0.1132782 0.1447223 0.1377058 0.1075546 0.0900073 0.1301556 0.1628294 0.0817097 0.0621772 0.3002593 0.1118015 0.0383248 0.1408009 0.0694431 0.0426622 0.1044804 0.0178400 0.1308277 0.1646486 0.0000000 0.0585722 0.1302865 0.0261472 0.1126726 0.0217245 0.0419731 0.0575942 0.1786686 0.0662843 0.0780807 0.0863095 0.0534286 0.0613207 0.0565190 0.1660194 0.3052081 0.1803540 0.1124517 0.1598172 0.1133275 0.0892070 0.2272553 0.2312654 0.0015814 0.0578373 0.1049285 0.1530834 0.0707644 0.0224100 0.0370083 0.0052244 0.2453935 0.1357278 0.0411056 0.1467155 0.1098871 0.0596467 0.1182982 
