80
Amauria_brandeegeana_62                    0.0000000 0.1152754 0.1074282 0.1877089 0.0793119 0.1098334 0.1856406 0.2425571 0.3231746 0.0462269 0.1974169 0.1402049 0.2044383 0.2178041 0.2262579 0.1826664 0.1954007 0.0998929 0.1917311 0.2610519 0.2256537 0.1087739 0.2559020 0.1916030 0.1004077 0.2261876 0.1059907 0.1625555 0.1367895 0.1999140 0.1914617 0.0626630 0.1316342 0.1557622 0.1910410 0.0947234 0.2221997 0.1954698 0.0978985 0.3052136 0.0984498 0.1555463 0.2308691 0.1298723 0.2782869 0.2012930 0.0875621 0.1824033 0.1798968 0.2280350 0.2021931 0.0995591 0.1472647 0.1193109 0.3293696 0.3970511 0.0888641 0.0414104 0.2030639 0.0982922 0.1432495 0.0972076 0.1480731 0.1014280 0.0886961 0.1307458 0.1950198 0.2352727 0.2205571 0.1192036 0.1078262 0.1804785 0.1613988 0.0966770 0.1417036 0.1969466 0.1818694 0.1143687 0.1972824 0.1504952 
Amauria_carterae_99_mesa                   0.1152754 0.0000000 0.1127988 0.1863198 0.0992524 0.0932218 0.1815854 0.2155258 0.2899721 0.0772038 0.1604850 0.1967814 0.1868986 0.2208882 0.2123211 0.1777986 0.1201278 0.1195046 0.2060650 0.2173327 0.1848515 0.1245261 0.2121711 0.1777849 0.1205705 0.1901556 0.1239946 0.1317451 0.1341756 0.1087703 0.1649769 0.0788283 0.0897172 0.1157660 0.2016961 0.0978606 0.2169463 0.2168446 0.1109835 0.3391598 0.1107981 0.0999675 0.2716314 0.0968184 0.2085460 0.1860199 0.1042838 0.2137088 0.1744583 0.2812223 0.1873992 0.1085293 0.1508377 0.1560305 0.2118655 0.3314340 0.0751409 0.0519240 0.1558515 0.1324568 0.1856602 0.1097986 0.1917702 0.1090484 0.0855022 0.1377568 0.2093949 0.2124896 0.1788920 0.1353306 0.1191294 0.2233655 0.2243230 0.1085118 0.1220098 0.2025055 0.2124270 0.1134757 0.1852799 0.0898439 
Amauria_rotundifolia_SRR9119150            0.1074282 0.1127988 0.0000000 0.2382043 0.1246299 0.1322139 0.2147518 0.2359157 0.3525811 0.0679291 0.2213199 0.2170855 0.2106813 0.1946926 0.2575540 0.2186126 0.2077993 0.1254866 0.2234421 0.2908673 0.2227901 0.1601325 0.2806095 0.2151273 0.1564627 0.2111199 0.1494431 0.1701357 0.1382873 0.2482584 0.1964576 0.1003636 0.1743363 0.1833915 0.2462506 0.1342056 0.2507009 0.2411889 0.1497770 0.3258140 0.1478790 0.1760415 0.2890673 0.1375545 0.3381551 0.2223548 0.1448524 0.2510459 0.2018252 0.3076490 0.2146692 0.1547445 0.1467760 0.1432278 0.3885025 0.4285097 0.1364489 0.0541204 0.2238736 0.1225714 0.2143515 0.1427411 0.2042885 0.1436650 0.1269512 0.1421178 0.2357021 0.2471081 0.2206584 0.1501893 0.0955323 0.2305930 0.1830453 0.1407363 0.1763791 0.2161977 0.2458335 0.1403978 0.2220348 0.1727228 
Conoclinium_coelestinum_SRR9119114         0.1877089 0.1863198 0.2382043 0.0000000 0.1979937 0.2095244 0.2243032 0.2813844 0.3431636 0.1764525 0.2635134 0.2398936 0.2681808 0.2649586 0.3166436 0.2341074 0.2099840 0.1925021 0.2586721 0.3520132 0.2992366 0.1763068 0.3308411 0.2603639 0.2067141 0.2644382 0.2035095 0.2209727 0.1973959 0.1691708 0.2445828 0.1708095 0.2676534 0.2048509 0.2573122 0.2032039 0.3170918 0.2678640 0.1987597 0.3537606 0.1999466 0.2082550 0.2803273 0.1673661 0.2647274 0.2814845 0.1885397 0.2738139 0.2385301 0.3120802 0.2551567 0.2023926 0.2148916 0.1940609 0.3225494 0.3750370 0.2212382 0.3085857 0.2506343 0.2437768 0.2116678 0.2134220 0.2313136 0.2147553 0.1894066 0.1939816 0.3215306 0.2887512 0.2548032 0.1997442 0.1640170 0.2646681 0.2573292 0.2178812 0.2478455 0.2637359 0.2594805 0.2322822 0.2695149 0.1986359 
Eutetras_palmeri_63                        0.0793119 0.0992524 0.1246299 0.1979937 0.0000000 0.0508788 0.1641526 0.2249376 0.3143729 0.0838551 0.1745894 0.1538958 0.1789766 0.1968466 0.2287389 0.1879916 0.1852395 0.0993721 0.1934608 0.2636486 0.2000404 0.1294895 0.2552763 0.1639337 0.1078215 0.1960751 0.0807372 0.1486293 0.1194428 0.2054785 0.1625711 0.0920263 0.1569927 0.1241454 0.2008067 0.0690110 0.2250640 0.2006785 0.0745643 0.3189362 0.0647844 0.1294912 0.2707151 0.1122896 0.2982705 0.1702515 0.0581994 0.1901239 0.1650928 0.2708795 0.1781343 0.0882252 0.1299422 0.1204499 0.3386983 0.4047213 0.0678798 0.0264612 0.1670603 0.1055939 0.1696195 0.0785557 0.1618080 0.0713258 0.0723414 0.1295196 0.2074070 0.2238399 0.2087713 0.0892337 0.0822222 0.1921493 0.1625783 0.0672113 0.1256240 0.1990482 0.1882940 0.0793073 0.1689669 0.1437820 
Eutetras_pringlei_149_quer                 0.1098334 0.0932218 0.1322139 0.2095244 0.0508788 0.0000000 0.1312145 0.1298672 0.3414611 0.0715322 0.1373889 0.1359157 0.1195837 0.1328009 0.1517717 0.1297942 0.1774652 0.1077599 0.1449736 0.1578334 0.1142118 0.1151305 0.1782975 0.1248396 0.1452414 0.1059705 0.1130699 0.1205778 0.1102718 0.1628420 0.0693732 0.0853189 0.1411173 0.1079966 0.1395666 0.0934280 0.1504306 0.1654863 0.1034922 0.2018430 0.1018181 0.1104689 0.2380425 0.1118919 0.1847333 0.1265237 0.0924437 0.1470449 0.1027072 0.2388945 0.1127194 0.1006353 0.1038011 0.1099978 0.1957622 0.2395841 0.0872197 0.0493260 0.1398489 0.1014023 0.1866819 0.1014570 0.1639986 0.1075994 0.0892190 0.1130057 0.1503885 0.1375366 0.1662731 0.1136642 0.0564141 0.1590153 0.1410577 0.1078200 0.1391222 0.1374078 0.1449471 0.0662224 0.1247908 0.1337355 
Eutrochium_fistulosum_SRR9119106           0.1856406 0.1815854 0.2147518 0.2243032 0.1641526 0.1312145 0.0000000 0.2037637 0.3934750 0.1612492 0.1709012 0.1403940 0.1714512 0.1558623 0.2220533 0.1458605 0.1759407 0.1898873 0.1649897 0.2387256 0.2003845 0.1182638 0.2107294 0.1633880 0.1864726 0.1803398 0.1864340 0.1349696 0.1051271 0.1271840 0.1570455 0.1562738 0.2452117 0.2209307 0.1671785 0.1711239 0.2200390 0.1704350 0.1783596 0.2947064 0.1813452 0.2092293 0.1629176 0.1259041 0.2005171 0.2033562 0.1719027 0.1662747 0.1513773 0.2403192 0.1661583 0.1729802 0.1425641 0.1432089 0.2507321 0.3156213 0.1448234 0.1426168 0.2578379 0.1314254 0.1470710 0.1858667 0.1412909 0.1903002 0.1451998 0.1118379 0.2115420 0.1823030 0.1690371 0.1252244 0.1144253 0.1617107 0.1726217 0.1886121 0.2395075 0.1645716 0.1595089 0.1709744 0.1706056 0.1982918 
Galeana_pratensis_104_mex                  0.2425571 0.2155258 0.2359157 0.2813844 0.2249376 0.1298672 0.2037637 0.0000000 0.4040172 0.2139562 0.1493915 0.1927222 0.2566104 0.2048209 0.2481860 0.2310860 0.1605910 0.2172334 0.2332603 0.2393786 0.2552327 0.1830601 0.2513392 0.2516273 0.2596059 0.2750435 0.2407941 0.1607575 0.1407345 0.1494378 0.2239790 0.1975010 0.2246339 0.2685901 0.2432841 0.2292991 0.2468285 0.2518960 0.2432967 0.4249510 0.2426858 0.2513293 0.2593482 0.1651153 0.2632702 0.2636939 0.2362003 0.2392978 0.2454641 0.3701304 0.2631253 0.2393485 0.1873057 0.1698378 0.2712738 0.4573656 0.1684744 0.1351714 0.3173785 0.1686403 0.2330138 0.2277891 0.1893374 0.2414577 0.2045395 0.1488982 0.2059771 0.2506469 0.2388863 0.1679215 0.1456911 0.2438293 0.2459194 0.2411934 0.2483151 0.2389714 0.2379384 0.1682218 0.2598372 0.2417901 
Helianthus_annuus_SRR9119062               0.3231746 0.2899721 0.3525811 0.3431636 0.3143729 0.3414611 0.3934750 0.4040172 0.0000000 0.2934287 0.3950854 0.4168741 0.4102737 0.4178985 0.4676118 0.4236478 0.3790924 0.3237508 0.4296272 0.5064292 0.4393796 0.3041131 0.4802813 0.4083653 0.3347898 0.4134881 0.3280533 0.3211739 0.3040483 0.3744005 0.4324739 0.3140192 0.3507438 0.3566232 0.4526918 0.3316226 0.4745684 0.4320418 0.3261816 0.4861292 0.3405314 0.3451542 0.4610354 0.1807767 0.4695508 0.4159577 0.3310706 0.4493001 0.4065123 0.4597954 0.4103045 0.3245268 0.3161395 0.3101971 0.5171672 0.5327191 0.3301745 0.3292590 0.3880902 0.3605202 0.3303913 0.3147140 0.3984134 0.3578762 0.2826839 0.3492035 0.4836054 0.4466349 0.4151075 0.2572393 0.2127968 0.4488095 0.3055235 0.3545671 0.3675842 0.4330671 0.4415493 0.2769150 0.4167784 0.3373361 
Lycapsus_tenuifolius_17                    0.0462269 0.0772038 0.0679291 0.1764525 0.0838551 0.0715322 0.1612492 0.2139562 0.2934287 0.0000000 0.1859197 0.1380277 0.1858777 0.1780048 0.2050233 0.1900965 0.1717059 0.0963689 0.1786275 0.2250199 0.2032534 0.1133924 0.2361802 0.1808691 0.1096348 0.2040485 0.1183013 0.0711260 0.0440724 0.1767271 0.1612924 0.0174303 0.1166643 0.1528843 0.1939040 0.0925815 0.2084129 0.2020794 0.1123874 0.2985178 0.1102835 0.1438130 0.2619394 0.0863269 0.2826812 0.1964457 0.0997065 0.1839783 0.1779553 0.2469573 0.1957842 0.1072645 0.1060420 0.1157687 0.3323223 0.3994060 0.0894968 0.0389413 0.1920045 0.1020637 0.1390201 0.1027305 0.1568178 0.1055737 0.0885617 0.0889153 0.1806220 0.2327755 0.1280505 0.0890198 0.0772396 0.1839226 0.1513847 0.1004252 0.1467174 0.1965005 0.1827789 0.0993160 0.1922502 0.0952994 
Pericome_caudata_50_silver                 0.1974169 0.1604850 0.2213199 0.2635134 0.1745894 0.1373889 0.1709012 0.1493915 0.3950854 0.1859197 0.0000000 0.1689135 0.1850398 0.1954871 0.2244978 0.1894321 0.1500781 0.1739151 0.2155974 0.2608381 0.2032718 0.1334738 0.2449666 0.1726425 0.2096980 0.2274097 0.2089957 0.1440840 0.1217520 0.2063051 0.1640209 0.1646024 0.2705937 0.2324471 0.1962397 0.1943884 0.2194350 0.1917593 0.2144727 0.3111506 0.1935238 0.2464524 0.2132711 0.1067651 0.3218892 0.1855815 0.2033799 0.1898509 0.1725012 0.2522146 0.1858222 0.2283111 0.1363036 0.1765031 0.3694358 0.4275696 0.1233652 0.1095951 0.2876230 0.1418357 0.1526317 0.1942905 0.1506564 0.2033131 0.1803900 0.1216068 0.1854955 0.2197663 0.2069572 0.1008240 0.0957552 0.1841769 0.2032052 0.1784204 0.2746355 0.1934591 0.1986483 0.1646346 0.1750553 0.2242145 
Perityle_aglossa_84_dead_horse             0.1402049 0.1967814 0.2170855 0.2398936 0.1538958 0.1359157 0.1403940 0.1927222 0.4168741 0.1380277 0.1689135 0.0000000 0.0925008 0.1496654 0.0865995 0.0399719 0.1481046 0.1206020 0.0695806 0.0862745 0.1221066 0.0089253 0.1136824 0.0931223 0.1588038 0.1238334 0.1851712 0.1282403 0.1047787 0.1716578 0.0906892 0.1468090 0.2127199 0.2246706 0.0166031 0.1574550 0.0806374 0.0366375 0.1836041 0.2182162 0.1719079 0.2288166 0.0829458 0.0736705 0.1601436 0.1128142 0.1629545 0.0504907 0.0621949 0.1808244 0.0966316 0.1917192 0.1024647 0.1137801 0.2002394 0.3167627 0.1470804 0.1235779 0.2868827 0.1223804 0.0527591 0.1700824 0.0574827 0.1783069 0.1724527 0.0172088 0.0635320 0.0891357 0.1627350 0.1090250 0.0728947 0.0305485 0.1035431 0.1824678 0.2211378 0.0413758 0.0049782 0.1800541 0.1111182 0.2033265 
Perityle_ajoensis_204                      0.2044383 0.1868986 0.2106813 0.2681808 0.1789766 0.1195837 0.1714512 0.2566104 0.4102737 0.1858777 0.1850398 0.0925008 0.0000000 0.0805019 0.1459291 0.1108679 0.1819510 0.1832163 0.1403017 0.1723579 0.0357890 0.1171772 0.1571712 0.0158806 0.2108440 0.0636185 0.2086661 0.1430924 0.1160706 0.2153877 0.0775832 0.1764482 0.2297731 0.2424170 0.1221486 0.1847480 0.1513871 0.1263549 0.2081307 0.2818611 0.1944233 0.2422791 0.1789839 0.1273141 0.2219845 0.0272230 0.1853564 0.1344592 0.0215414 0.2861012 0.0275468 0.1798099 0.0302645 0.1517793 0.2584929 0.3912838 0.1229017 0.1147736 0.2653469 0.1470590 0.1709123 0.1863549 0.1240410 0.2032367 0.1841360 0.0921451 0.1297179 0.1469530 0.2174218 0.0221525 0.0222003 0.1202432 0.1702301 0.1977043 0.2607435 0.1247677 0.1126488 0.1483766 0.0234349 0.2444841 
Perityle_angustifolia_13_Eagle_creek       0.2178041 0.2208882 0.1946926 0.2649586 0.1968466 0.1328009 0.1558623 0.2048209 0.4178985 0.1780048 0.1954871 0.1496654 0.0805019 0.0000000 0.1775819 0.1476784 0.1874221 0.1975980 0.1763497 0.1545839 0.0823990 0.1084466 0.1842268 0.0765146 0.2451357 0.0936288 0.2255825 0.1505662 0.1155711 0.2253817 0.1406688 0.1911738 0.2103964 0.2722582 0.1527434 0.2070406 0.1845537 0.1746742 0.2038673 0.2763710 0.2029610 0.2725282 0.1868029 0.1144095 0.2310503 0.0844472 0.1965982 0.1486469 0.0874243 0.3064763 0.0877020 0.1949394 0.0503889 0.1386362 0.2321038 0.3573446 0.1837463 0.1209592 0.3027177 0.1799400 0.1564326 0.2179697 0.1680345 0.2355133 0.2053631 0.1126744 0.1685547 0.1845473 0.1888291 0.0469433 0.0440192 0.1655573 0.1576263 0.2276580 0.2599548 0.1695781 0.1389524 0.1372682 0.0838779 0.2658846 
Perityle_batopilensis_97                   0.2262579 0.2123211 0.2575540 0.3166436 0.2287389 0.1517717 0.2220533 0.2481860 0.4676118 0.2050233 0.2244978 0.0865995 0.1459291 0.1775819 0.0000000 0.0898182 0.1638156 0.1536306 0.1371526 0.1219532 0.1373054 0.0534801 0.1047076 0.1482915 0.2173656 0.1599211 0.2579798 0.1348302 0.1253962 0.2494061 0.0811402 0.2310756 0.2284241 0.3045165 0.1060930 0.2236091 0.0097739 0.0932150 0.2536155 0.2856326 0.2448291 0.2888645 0.1576565 0.1324643 0.2076095 0.1595546 0.2332931 0.1175302 0.1232791 0.2766080 0.1527665 0.2566316 0.1331783 0.1233493 0.2065729 0.3386068 0.2130055 0.1399859 0.3376978 0.1368729 0.1583861 0.2471219 0.1161135 0.2490999 0.2270593 0.0695864 0.1062608 0.0749096 0.2335163 0.1867311 0.1060023 0.1088246 0.1181477 0.2522036 0.2477744 0.0650248 0.0907602 0.1996696 0.1578069 0.2820013 
Perityle_bisetosa_9                        0.1826664 0.1777986 0.2186126 0.2341074 0.1879916 0.1297942 0.1458605 0.2310860 0.4236478 0.1900965 0.1894321 0.0399719 0.1108679 0.1476784 0.0898182 0.0000000 0.1562734 0.1319791 0.0292783 0.1023542 0.1313312 0.0195561 0.0847677 0.0966876 0.1924481 0.1676061 0.2384566 0.1260578 0.0978324 0.1596035 0.0829641 0.1636845 0.1922533 0.2299240 0.0318170 0.2088252 0.0913247 0.0474233 0.2326083 0.2201033 0.2036044 0.2446510 0.0838946 0.0749074 0.1210065 0.1139611 0.2152515 0.0860720 0.0711723 0.1854027 0.1145676 0.1949722 0.1056429 0.1047661 0.1772926 0.3265492 0.1320635 0.1080289 0.2726644 0.1156970 0.0543706 0.2199349 0.0457630 0.2188860 0.1754899 0.0220651 0.0543244 0.0709537 0.2170681 0.1046787 0.0726902 0.0282485 0.1051800 0.2074727 0.2585270 0.0498698 0.0461565 0.1587411 0.1103327 0.2150471 
Perityle_californica_76_positas            0.1954007 0.1201278 0.2077993 0.2099840 0.1852395 0.1774652 0.1759407 0.1605910 0.3790924 0.1717059 0.1500781 0.1481046 0.1819510 0.1874221 0.1638156 0.1562734 0.0000000 0.1853980 0.1635159 0.1833085 0.1748655 0.1018169 0.1711645 0.1755715 0.2177889 0.1747424 0.2141330 0.1390323 0.1332263 0.0943394 0.1095604 0.1733750 0.2079243 0.2185466 0.1610432 0.1909291 0.1670434 0.1637847 0.2168293 0.2466529 0.2025002 0.1951007 0.2292305 0.0571756 0.1950945 0.2333564 0.1996162 0.1586633 0.1509004 0.2851316 0.1814815 0.2262570 0.1433966 0.1279577 0.2212633 0.3182953 0.2007523 0.1374601 0.2715868 0.1259886 0.2116720 0.2172829 0.1765770 0.2150973 0.1641323 0.0821165 0.1731894 0.1603644 0.1856122 0.1702797 0.1313833 0.1727454 0.1708222 0.2108379 0.2069935 0.1490933 0.1553703 0.1696007 0.1791941 0.1908776 
Perityle_canescens_77                      0.0998929 0.1195046 0.1254866 0.1925021 0.0993721 0.1077599 0.1898873 0.2172334 0.3237508 0.0963689 0.1739151 0.1206020 0.1832163 0.1975980 0.1536306 0.1319791 0.1853980 0.0000000 0.1438086 0.1761270 0.1835066 0.0713650 0.1699466 0.1739028 0.0954300 0.1902008 0.1286145 0.1766273 0.1458405 0.1888812 0.1616296 0.1116750 0.0959425 0.1707787 0.1535172 0.1035519 0.1574836 0.1457240 0.1159419 0.2814041 0.1168738 0.1631693 0.1877081 0.1157123 0.2160340 0.1801466 0.1075209 0.1441417 0.1529665 0.2210738 0.1821985 0.1242870 0.1649437 0.1081228 0.2434242 0.3310756 0.0967971 0.0390208 0.2005718 0.0990027 0.1233859 0.1201338 0.1298943 0.1250256 0.0942810 0.0985939 0.1446593 0.1701156 0.2100200 0.1305844 0.0971238 0.1519462 0.1183111 0.1253941 0.1231130 0.1351666 0.1394155 0.1374321 0.1811039 0.1563995 
Perityle_castillonii_96                    0.1917311 0.2060650 0.2234421 0.2586721 0.1934608 0.1449736 0.1649897 0.2332603 0.4296272 0.1786275 0.2155974 0.0695806 0.1403017 0.1763497 0.1371526 0.0292783 0.1635159 0.1438086 0.0000000 0.1071606 0.1535389 0.0374559 0.1389082 0.1336680 0.2105112 0.1523613 0.2283373 0.1436676 0.1218534 0.2034842 0.1274061 0.1891406 0.2136879 0.2427268 0.0484633 0.2110515 0.1326505 0.0846254 0.2106604 0.2412719 0.1927787 0.2714777 0.1372077 0.0917191 0.1931098 0.1404081 0.1941068 0.0906676 0.0953226 0.2108650 0.1356575 0.2161742 0.1199050 0.1312409 0.2236728 0.3768020 0.1485343 0.1185030 0.3094456 0.1384136 0.0867147 0.2138086 0.0558166 0.2348263 0.2133957 0.0238336 0.0740030 0.1252445 0.2023705 0.1740673 0.1167255 0.0690700 0.1202447 0.2198330 0.2320829 0.0733971 0.0560132 0.1816762 0.1517810 0.2237515 
Perityle_cernua_84                         0.2610519 0.2173327 0.2908673 0.3520132 0.2636486 0.1578334 0.2387256 0.2393786 0.5064292 0.2250199 0.2608381 0.0862745 0.1723579 0.1545839 0.1219532 0.1023542 0.1833085 0.1761270 0.1071606 0.0000000 0.1761418 0.0430978 0.1224133 0.1846739 0.2572617 0.1782322 0.2990796 0.1652028 0.1286886 0.2576733 0.0825771 0.2608372 0.2683146 0.3471056 0.1058287 0.2650805 0.1173990 0.1103000 0.2806396 0.3033853 0.2788484 0.3417994 0.1565708 0.1802794 0.1905214 0.1965256 0.2704737 0.1360574 0.1538468 0.3116276 0.1876029 0.2983981 0.1538867 0.1212107 0.1948178 0.3329193 0.2467551 0.1233295 0.3447602 0.1344411 0.1991035 0.2832024 0.1282582 0.2909377 0.2673135 0.0574096 0.1156967 0.0897702 0.2542665 0.2331918 0.1327827 0.1072528 0.1105950 0.2912038 0.2719525 0.0797692 0.0944713 0.2159469 0.1925069 0.3275525 
Perityle_cfvillosa_25_tin                  0.2256537 0.1848515 0.2227901 0.2992366 0.2000404 0.1142118 0.2003845 0.2552327 0.4393796 0.2032534 0.2032718 0.1221066 0.0357890 0.0823990 0.1373054 0.1313312 0.1748655 0.1835066 0.1535389 0.1761418 0.0000000 0.1120833 0.1598002 0.0236565 0.2277839 0.0697111 0.2270532 0.1460018 0.1127503 0.2482076 0.0794894 0.1969378 0.2205316 0.2684759 0.1497974 0.1951916 0.1430939 0.1432254 0.2447198 0.3055959 0.2220112 0.2563261 0.2035276 0.1338549 0.2565040 0.0284140 0.2257506 0.1697917 0.0358793 0.3242788 0.0375851 0.2148211 0.0351125 0.1431980 0.2728650 0.4092393 0.1465329 0.1288005 0.2932848 0.1446313 0.2048660 0.2050308 0.1443018 0.2249621 0.2056256 0.0909093 0.1286709 0.1471836 0.2343021 0.0404461 0.0178512 0.1398071 0.1674899 0.2180289 0.2584867 0.1325168 0.1468710 0.1387592 0.0247746 0.2676798 
Perityle_cinerea_113_Powell1310            0.1087739 0.1245261 0.1601325 0.1763068 0.1294895 0.1151305 0.1182638 0.1830601 0.3041131 0.1133924 0.1334738 0.0089253 0.1171772 0.1084466 0.0534801 0.0195561 0.1018169 0.0713650 0.0374559 0.0430978 0.1120833 0.0000000 0.0428220 0.1115112 0.1221237 0.1247085 0.1665903 0.0932575 0.1058670 0.0729009 0.0733714 0.1096774 0.0864727 0.1494297 0.0173102 0.1246237 0.0565180 0.0526557 0.1324523 0.1650584 0.1299226 0.1276648 0.0710990 0.0853798 0.0500340 0.1149431 0.1229874 0.0379819 0.0742788 0.1941503 0.1152770 0.1327311 0.0929084 0.1202936 0.0538024 0.1850227 0.1058576 0.1100204 0.1247220 0.0938144 0.0735240 0.1538110 0.0456780 0.1540200 0.1052869 0.0321865 0.0273737 0.0428593 0.1245389 0.1130842 0.0796685 0.0521278 0.1337548 0.1531441 0.1310466 0.0409385 0.0230207 0.1340147 0.1148716 0.1454856 
Perityle_coahuilensis_24                   0.2559020 0.2121711 0.2806095 0.3308411 0.2552763 0.1782975 0.2107294 0.2513392 0.4802813 0.2361802 0.2449666 0.1136824 0.1571712 0.1842268 0.1047076 0.0847677 0.1711645 0.1699466 0.1389082 0.1224133 0.1598002 0.0428220 0.0000000 0.1644153 0.2625747 0.2077941 0.3116718 0.1627293 0.1258357 0.2772579 0.0870514 0.2478777 0.2652361 0.3282277 0.1169022 0.2736363 0.1049049 0.0891619 0.3110731 0.2992908 0.2780644 0.3270743 0.1643319 0.1686772 0.2164146 0.1859567 0.2876543 0.1292273 0.1333998 0.3033539 0.1680199 0.2983847 0.1522726 0.1291830 0.2248458 0.3841310 0.2360664 0.1185439 0.3533471 0.1330628 0.1874158 0.2919021 0.1212086 0.2852468 0.2559641 0.0606221 0.1059375 0.0018151 0.2598869 0.2081628 0.1203365 0.1122902 0.1096346 0.2787723 0.2806988 0.0601238 0.1198665 0.2152792 0.1740262 0.3113146 
Perityle_congesta_202                      0.1916030 0.1777849 0.2151273 0.2603639 0.1639337 0.1248396 0.1633880 0.2516273 0.4083653 0.1808691 0.1726425 0.0931223 0.0158806 0.0765146 0.1482915 0.0966876 0.1755715 0.1739028 0.1336680 0.1846739 0.0236565 0.1115112 0.1644153 0.0000000 0.2177067 0.0688499 0.2099444 0.1377110 0.1108257 0.2042634 0.0701306 0.1616444 0.2774763 0.2288313 0.1166972 0.1928922 0.1466067 0.1163570 0.2013964 0.2694845 0.1797761 0.2492099 0.1693842 0.1140989 0.2087564 0.0083799 0.1835472 0.1290944 0.0119269 0.2595014 0.0132852 0.2002908 0.0241862 0.1378936 0.2483316 0.3816576 0.1247190 0.1205523 0.2529225 0.1418905 0.1658152 0.1883590 0.1257753 0.1905286 0.1884052 0.0904822 0.1327076 0.1368588 0.2124098 0.0033451 0.0052244 0.1120698 0.1648400 0.1791993 0.2807333 0.1158472 0.1078174 0.1485173 0.0047568 0.2329151 
Perityle_cordifolia_27                     0.1004077 0.1205705 0.1564627 0.2067141 0.1078215 0.1452414 0.1864726 0.2596059 0.3347898 0.1096348 0.2096980 0.1588038 0.2108440 0.2451357 0.2173656 0.1924481 0.2177889 0.0954300 0.2105112 0.2572617 0.2277839 0.1221237 0.2625747 0.2177067 0.0000000 0.2656459 0.1373420 0.1867852 0.1525346 0.2331773 0.1902904 0.1202611 0.1142588 0.1708058 0.1911471 0.1179012 0.2136507 0.1837944 0.1429822 0.3060609 0.1297037 0.1698244 0.2378958 0.1312471 0.3350407 0.2360772 0.1277862 0.1926884 0.1832160 0.2163338 0.2113013 0.1847820 0.1662449 0.0648231 0.3813739 0.4262331 0.1248668 0.0501710 0.2338032 0.0509926 0.1445364 0.1342428 0.1463649 0.1312972 0.1140407 0.1517940 0.1975393 0.2346605 0.2385109 0.1514771 0.1233751 0.1822541 0.2034822 0.1316692 0.1528680 0.2083686 0.1902025 0.1474124 0.2300600 0.1353644 
Perityle_cordifolia_68_tecolote            0.2261876 0.1901556 0.2111199 0.2644382 0.1960751 0.1059705 0.1803398 0.2750435 0.4134881 0.2040485 0.2274097 0.1238334 0.0636185 0.0936288 0.1599211 0.1676061 0.1747424 0.1902008 0.1523613 0.1782322 0.0697111 0.1247085 0.2077941 0.0688499 0.2656459 0.0000000 0.2552639 0.1443364 0.1195601 0.2372314 0.1208842 0.1836849 0.2192219 0.2607135 0.1444158 0.2364485 0.1485334 0.1615034 0.2489900 0.2962477 0.2167945 0.2936072 0.2327853 0.1246219 0.2997081 0.0886644 0.2316207 0.1660819 0.0631055 0.3030625 0.0621025 0.2046204 0.0257954 0.1551068 0.3134916 0.4199431 0.1228923 0.1374497 0.2884021 0.1610443 0.1744344 0.2253827 0.1305004 0.2239133 0.2243219 0.1035652 0.1387827 0.2067005 0.2367743 0.0450607 0.0279831 0.1359684 0.1800731 0.2105225 0.2911332 0.1751942 0.1424018 0.1479056 0.1004678 0.2550349 
Perityle_coronopifolia_28_patagonia        0.1059907 0.1239946 0.1494431 0.2035095 0.0807372 0.1130699 0.1864340 0.2407941 0.3280533 0.1183013 0.2089957 0.1851712 0.2086661 0.2255825 0.2579798 0.2384566 0.2141330 0.1286145 0.2283373 0.2990796 0.2270532 0.1665903 0.3116718 0.2099444 0.1373420 0.2552639 0.0000000 0.1809448 0.1406426 0.2517071 0.1930106 0.1182754 0.1847772 0.1489197 0.2249761 0.1090235 0.2519625 0.2307078 0.1113755 0.3396311 0.0979303 0.1534786 0.2929482 0.1350972 0.3717721 0.2257207 0.1030375 0.2286912 0.1969061 0.2834855 0.2006415 0.1146101 0.1406352 0.1471166 0.4113854 0.4664105 0.0638705 0.0542672 0.1997326 0.1271494 0.1825395 0.0788115 0.1886302 0.1090535 0.1033535 0.1416574 0.2178411 0.2880097 0.2575804 0.1088399 0.1065195 0.2188556 0.1776131 0.0999180 0.1650376 0.2594529 0.2276516 0.0583105 0.2204971 0.1578387 
Perityle_crassifolia_70_ventanas           0.1625555 0.1317451 0.1701357 0.2209727 0.1486293 0.1205778 0.1349696 0.1607575 0.3211739 0.0711260 0.1440840 0.1282403 0.1430924 0.1505662 0.1348302 0.1260578 0.1390323 0.1766273 0.1436676 0.1652028 0.1460018 0.0932575 0.1627293 0.1377110 0.1867852 0.1443364 0.1809448 0.0000000 0.0311811 0.1197162 0.0713019 0.0687157 0.1571249 0.1864516 0.1399171 0.1398215 0.1403692 0.1457070 0.1653294 0.2694562 0.1586855 0.1587346 0.1809977 0.1548119 0.1468753 0.1447100 0.1539277 0.1373111 0.1231649 0.2860667 0.1413898 0.1592004 0.1362043 0.1488755 0.1724980 0.3104653 0.1574124 0.1419198 0.2064047 0.1440248 0.1916227 0.1645611 0.1598311 0.1769375 0.1357058 0.0817653 0.1457456 0.1621448 0.0326108 0.1506841 0.1297627 0.1505496 0.1809100 0.1765701 0.2064558 0.1430008 0.1408352 0.1492433 0.1447192 0.1131287 
Perityle_crassifolia_74_playa_balandra     0.1367895 0.1341756 0.1382873 0.1973959 0.1194428 0.1102718 0.1051271 0.1407345 0.3040483 0.0440724 0.1217520 0.1047787 0.1160706 0.1155711 0.1253962 0.0978324 0.1332263 0.1458405 0.1218534 0.1286886 0.1127503 0.1058670 0.1258357 0.1108257 0.1525346 0.1195601 0.1406426 0.0311811 0.0000000 0.1104504 0.0832669 0.0412657 0.1196028 0.1763010 0.1170494 0.1158979 0.1301303 0.1276288 0.1391499 0.2329333 0.1359287 0.1537732 0.1363153 0.1045336 0.1521943 0.1169183 0.1296257 0.1167414 0.0980108 0.2465966 0.1138644 0.1279347 0.1049459 0.1579104 0.1553841 0.2407838 0.1330057 0.1048378 0.2163800 0.1351260 0.1483069 0.1415342 0.1369328 0.1581711 0.0932763 0.0948934 0.1249971 0.1260379 0.0458388 0.1022798 0.0850448 0.1261065 0.1754497 0.1564497 0.1553518 0.1212878 0.1181570 0.1268799 0.1187607 0.1036734 
Perityle_cuneata_34_cuneata_San_antonio    0.1999140 0.1087703 0.2482584 0.1691708 0.2054785 0.1628420 0.1271840 0.1494378 0.3744005 0.1767271 0.2063051 0.1716578 0.2153877 0.2253817 0.2494061 0.1596035 0.0943394 0.1888812 0.2034842 0.2576733 0.2482076 0.0729009 0.2772579 0.2042634 0.2331773 0.2372314 0.2517071 0.1197162 0.1104504 0.0000000 0.1967988 0.1735917 0.2539304 0.2772654 0.1513213 0.2299884 0.2454008 0.2007035 0.2197775 0.2837602 0.2312207 0.2728906 0.2368944 0.0163159 0.2448467 0.2272992 0.2310421 0.1758527 0.2001253 0.2468998 0.2240162 0.2174728 0.1301313 0.2017304 0.3042635 0.4133805 0.1751135 0.0873617 0.3125570 0.1255371 0.1535380 0.2276123 0.1826179 0.2408994 0.1788329 0.0875599 0.2458052 0.2541878 0.1903841 0.2104628 0.1896824 0.1927974 0.1759748 0.2296879 0.3177461 0.2116084 0.1711525 0.1533231 0.2257647 0.2250259 
Perityle_cuneata_4                         0.1914617 0.1649769 0.1964576 0.2445828 0.1625711 0.0693732 0.1570455 0.2239790 0.4324739 0.1612924 0.1640209 0.0906892 0.0775832 0.1406688 0.0811402 0.0829641 0.1095604 0.1616296 0.1274061 0.0825771 0.0794894 0.0733714 0.0870514 0.0701306 0.1902904 0.1208842 0.1930106 0.0713019 0.0832669 0.1967988 0.0000000 0.1626738 0.1592428 0.2376368 0.0835500 0.1592416 0.0811734 0.0928429 0.2014606 0.3109257 0.1805613 0.2143586 0.1512868 0.0726351 0.2292489 0.0893877 0.1860449 0.1244176 0.0662781 0.2949149 0.0849004 0.2193720 0.0713156 0.1371877 0.2101357 0.3793769 0.1230100 0.1104595 0.2886823 0.1387088 0.1486551 0.1904058 0.0960300 0.1902629 0.1699439 0.0774208 0.0823966 0.0872249 0.1768230 0.0813687 0.0707319 0.0852857 0.1661193 0.1912819 0.2060872 0.0899099 0.0967086 0.1501352 0.0901615 0.2126571 
Perityle_discoidea_81                      0.0626630 0.0788283 0.1003636 0.1708095 0.0920263 0.0853189 0.1562738 0.1975010 0.3140192 0.0174303 0.1646024 0.1468090 0.1764482 0.1911738 0.2310756 0.1636845 0.1733750 0.1116750 0.1891406 0.2608372 0.1969378 0.1096774 0.2478777 0.1616444 0.1202611 0.1836849 0.1182754 0.0687157 0.0412657 0.1735917 0.1626738 0.0000000 0.1390065 0.1534173 0.1774634 0.0975389 0.2333725 0.1903555 0.1134736 0.3022720 0.1119970 0.1451596 0.2457565 0.0875555 0.2534511 0.1754535 0.1029649 0.1871764 0.1628448 0.2332480 0.1802660 0.1042387 0.1045536 0.1176526 0.3254178 0.4021168 0.0908986 0.0431686 0.1902453 0.0984352 0.1356967 0.1094828 0.1513512 0.1125685 0.0925839 0.0888644 0.2120607 0.2271082 0.1292403 0.1050003 0.0946118 0.1885108 0.1535512 0.1118948 0.1674947 0.1920161 0.1820945 0.1007318 0.1724129 0.0934416 
Perityle_emoryi_47_punta_san_jose          0.1316342 0.0897172 0.1743363 0.2676534 0.1569927 0.1411173 0.2452117 0.2246339 0.3507438 0.1166643 0.2705937 0.2127199 0.2297731 0.2103964 0.2284241 0.1922533 0.2079243 0.0959425 0.2136879 0.2683146 0.2205316 0.0864727 0.2652361 0.2774763 0.1142588 0.2192219 0.1847772 0.1571249 0.1196028 0.2539304 0.1592428 0.1390065 0.0000000 0.2015564 0.2277695 0.1759052 0.2266467 0.2322050 0.2074332 0.3196157 0.1856249 0.2207889 0.3277512 0.1793703 0.2996376 0.2689272 0.1744334 0.2320693 0.2155682 0.3100227 0.2371929 0.1905749 0.1571102 0.0571303 0.3212645 0.3816232 0.1686838 0.0171066 0.2344022 0.0485490 0.2822019 0.1764235 0.2375127 0.1836415 0.1726923 0.1140422 0.2252887 0.2095274 0.2405789 0.2885047 0.1396119 0.2367860 0.1881925 0.1957201 0.1547272 0.1848909 0.2255508 0.1432638 0.2845671 0.1461925 
Perityle_feddemae_99                       0.1557622 0.1157660 0.1833915 0.2048509 0.1241454 0.1079966 0.2209307 0.2685901 0.3566232 0.1528843 0.2324471 0.2246706 0.2424170 0.2722582 0.3045165 0.2299240 0.2185466 0.1707787 0.2427268 0.3471056 0.2684759 0.1494297 0.3282277 0.2288313 0.1708058 0.2607135 0.1489197 0.1864516 0.1763010 0.2772654 0.2376368 0.1534173 0.2015564 0.0000000 0.2483845 0.1354019 0.3005147 0.2584783 0.0943551 0.3588278 0.0848139 0.1584900 0.3357458 0.1463064 0.3395462 0.2362354 0.0800207 0.2700905 0.2227963 0.2994365 0.2400061 0.1441889 0.1802901 0.2631948 0.4090090 0.4710675 0.0828327 0.0468190 0.2248207 0.1776138 0.2111599 0.1479826 0.2082859 0.1478880 0.1261434 0.1845866 0.2645972 0.3059608 0.2856155 0.1772032 0.1871303 0.2566032 0.2403677 0.1462786 0.2075875 0.2634255 0.2608925 0.1533740 0.2329564 0.1796429 
Perityle_fosteri_93                        0.1910410 0.2016961 0.2462506 0.2573122 0.2008067 0.1395666 0.1671785 0.2432841 0.4526918 0.1939040 0.1962397 0.0166031 0.1221486 0.1527434 0.1060930 0.0318170 0.1610432 0.1535172 0.0484633 0.1058287 0.1497974 0.0173102 0.1169022 0.1166972 0.1911471 0.1444158 0.2249761 0.1399171 0.1170494 0.1513213 0.0835500 0.1774634 0.2277695 0.2483845 0.0000000 0.1956455 0.1028982 0.0566932 0.2245591 0.2274623 0.2149360 0.2289410 0.1103656 0.0913917 0.1160354 0.1312077 0.2040733 0.0777779 0.0840354 0.1915772 0.1249399 0.2133223 0.1231162 0.1414880 0.1697714 0.3181267 0.1561013 0.1299450 0.2784636 0.1370572 0.0541334 0.2141522 0.0533503 0.2208215 0.1774836 0.0507308 0.0755831 0.0931850 0.2233654 0.1299433 0.0916450 0.0453416 0.1120178 0.2202844 0.2611461 0.0585932 0.0217949 0.2015312 0.1276704 0.2302173 
Perityle_gamon_221                         0.0947234 0.0978606 0.1342056 0.2032039 0.0690110 0.0934280 0.1711239 0.2292991 0.3316226 0.0925815 0.1943884 0.1574550 0.1847480 0.2070406 0.2236091 0.2088252 0.1909291 0.1035519 0.2110515 0.2650805 0.1951916 0.1246237 0.2736363 0.1928922 0.1179012 0.2364485 0.1090235 0.1398215 0.1158979 0.2299884 0.1592416 0.0975389 0.1759052 0.1354019 0.1956455 0.0000000 0.2208022 0.1920725 0.0953168 0.3041810 0.0854667 0.0625140 0.2500464 0.1121612 0.3415898 0.2080851 0.0844774 0.1906884 0.1703771 0.2497124 0.1849011 0.1258586 0.1262586 0.1362774 0.3804785 0.4309536 0.0846253 0.0190198 0.1994049 0.1153856 0.1607802 0.1037128 0.1555035 0.0963398 0.0989459 0.1260052 0.1930177 0.2467850 0.2196959 0.1179476 0.0905934 0.1871457 0.1686351 0.0947375 0.1445483 0.2190197 0.1907000 0.0856647 0.1954339 0.1516564 
Perityle_gentryi_8_san_francisco           0.2221997 0.2169463 0.2507009 0.3170918 0.2250640 0.1504306 0.2200390 0.2468285 0.4745684 0.2084129 0.2194350 0.0806374 0.1513871 0.1845537 0.0097739 0.0913247 0.1670434 0.1574836 0.1326505 0.1173990 0.1430939 0.0565180 0.1049049 0.1466067 0.2136507 0.1485334 0.2519625 0.1403692 0.1301303 0.2454008 0.0811734 0.2333725 0.2266467 0.3005147 0.1028982 0.2208022 0.0000000 0.0895364 0.2468903 0.2967705 0.2383185 0.2868016 0.1591515 0.1364243 0.1980659 0.1561523 0.2283643 0.1065086 0.1213988 0.2745672 0.1573572 0.2520519 0.1365557 0.1310240 0.1987749 0.3440722 0.2111712 0.1488929 0.3492066 0.1335501 0.1530426 0.2399166 0.1127205 0.2463934 0.2228241 0.0709460 0.1102876 0.0806462 0.2341141 0.1823552 0.1112890 0.1051142 0.1234313 0.2488099 0.2365439 0.0677414 0.0860958 0.2049671 0.1547237 0.2776233 
Perityle_gilensis_salensis_225             0.1954698 0.2168446 0.2411889 0.2678640 0.2006785 0.1654863 0.1704350 0.2518960 0.4320418 0.2020794 0.1917593 0.0366375 0.1263549 0.1746742 0.0932150 0.0474233 0.1637847 0.1457240 0.0846254 0.1103000 0.1432254 0.0526557 0.0891619 0.1163570 0.1837944 0.1615034 0.2307078 0.1457070 0.1276288 0.2007035 0.0928429 0.1903555 0.2322050 0.2584783 0.0566932 0.1920725 0.0895364 0.0000000 0.2308778 0.2427229 0.2130099 0.2427112 0.1042553 0.1023170 0.1389094 0.1320674 0.2140945 0.0583500 0.0886364 0.2047328 0.1286024 0.2360732 0.1237758 0.1292786 0.1800765 0.3525212 0.1646160 0.1188440 0.3095585 0.1353679 0.0786630 0.2121415 0.0642091 0.2281389 0.1911606 0.0664967 0.0837853 0.0650595 0.2258715 0.1214094 0.0901456 0.0578066 0.1155346 0.2190638 0.2608763 0.0287904 0.0520052 0.1982029 0.1256012 0.2464804 
Perityle_glaucescens_94                    0.0978985 0.1109835 0.1497770 0.1987597 0.0745643 0.1034922 0.1783596 0.2432967 0.3261816 0.1123874 0.2144727 0.1836041 0.2081307 0.2038673 0.2536155 0.2326083 0.2168293 0.1159419 0.2106604 0.2806396 0.2447198 0.1324523 0.3110731 0.2013964 0.1429822 0.2489900 0.1113755 0.1653294 0.1391499 0.2197775 0.2014606 0.1134736 0.2074332 0.0943551 0.2245591 0.0953168 0.2468903 0.2308778 0.0000000 0.3119438 0.0392753 0.1485221 0.2754850 0.1264965 0.3106690 0.2127535 0.0195354 0.2276118 0.1990005 0.2708178 0.2112104 0.1155154 0.1477263 0.1441874 0.3743889 0.4161062 0.0963892 0.0424049 0.1906878 0.1298740 0.1771612 0.0995578 0.1927238 0.1033149 0.1135884 0.1343946 0.2394086 0.2848482 0.2397951 0.1029594 0.1004059 0.2082221 0.1771196 0.1015733 0.1630829 0.2439572 0.2216574 0.1005916 0.2124258 0.1755483 
Perityle_gracilis_11                       0.3052136 0.3391598 0.3258140 0.3537606 0.3189362 0.2018430 0.2947064 0.4249510 0.4861292 0.2985178 0.3111506 0.2182162 0.2818611 0.2763710 0.2856326 0.2201033 0.2466529 0.2814041 0.2412719 0.3033853 0.3055959 0.1650584 0.2992908 0.2694845 0.3060609 0.2962477 0.3396311 0.2694562 0.2329333 0.2837602 0.3109257 0.3022720 0.3196157 0.3588278 0.2274623 0.3041810 0.2967705 0.2427229 0.3119438 0.0000000 0.3199552 0.3387072 0.2468368 0.1008390 0.1374193 0.2815090 0.3103988 0.2427805 0.2538539 0.2149685 0.2707881 0.2973499 0.2514983 0.1917075 0.2073517 0.0460998 0.2481854 0.8038898 0.4333384 0.3301417 0.1041794 0.3209911 0.2038012 0.3435859 0.2746333 0.2845272 0.2751372 0.2979165 0.3332803 0.1651344 0.1477008 0.2369389 0.0105246 0.3408308 0.3804087 0.2460215 0.2427248 0.2790370 0.2801704 0.3442770 
Perityle_harkerae_31                       0.0984498 0.1107981 0.1478790 0.1999466 0.0647844 0.1018181 0.1813452 0.2426858 0.3405314 0.1102835 0.1935238 0.1719079 0.1944233 0.2029610 0.2448291 0.2036044 0.2025002 0.1168738 0.1927787 0.2788484 0.2220112 0.1299226 0.2780644 0.1797761 0.1297037 0.2167945 0.0979303 0.1586855 0.1359287 0.2312207 0.1805613 0.1119970 0.1856249 0.0848139 0.2149360 0.0854667 0.2383185 0.2130099 0.0392753 0.3199552 0.0000000 0.1328606 0.2780982 0.1338761 0.3128128 0.1901356 0.0276104 0.2151371 0.1772065 0.2737658 0.1957952 0.1130512 0.1432102 0.1491839 0.3763870 0.4257911 0.0794219 0.0266496 0.1921205 0.1260575 0.1814124 0.0912376 0.1765318 0.0933057 0.1012430 0.1343520 0.2153389 0.2503688 0.2350588 0.1026199 0.0999728 0.2017412 0.1835077 0.0902860 0.1451840 0.2148363 0.2086384 0.1029768 0.1878478 0.1572265 
Perityle_hofmeisteria_4_nombre_de_dios     0.1555463 0.0999675 0.1760415 0.2082550 0.1294912 0.1104689 0.2092293 0.2513293 0.3451542 0.1438130 0.2464524 0.2288166 0.2422791 0.2725282 0.2888645 0.2446510 0.1951007 0.1631693 0.2714777 0.3417994 0.2563261 0.1276648 0.3270743 0.2492099 0.1698244 0.2936072 0.1534786 0.1587346 0.1537732 0.2728906 0.2143586 0.1451596 0.2207889 0.1584900 0.2289410 0.0625140 0.2868016 0.2427112 0.1485221 0.3387072 0.1328606 0.0000000 0.3052294 0.1325922 0.3881298 0.2665316 0.1353546 0.2521899 0.2264426 0.2756452 0.2414172 0.1910253 0.1697651 0.2596676 0.4375290 0.4601752 0.0998240 0.0227772 0.2341009 0.1480630 0.1977177 0.1588663 0.1983086 0.1511470 0.1214905 0.1729672 0.2515962 0.3023881 0.2858331 0.2004795 0.1930365 0.2457276 0.2257619 0.1505498 0.1967654 0.2779527 0.2543605 0.1409434 0.2497323 0.1713740 
Perityle_huecosensis_48                    0.2308691 0.2716314 0.2890673 0.2803273 0.2707151 0.2380425 0.1629176 0.2593482 0.4610354 0.2619394 0.2132711 0.0829458 0.1789839 0.1868029 0.1576565 0.0838946 0.2292305 0.1877081 0.1372077 0.1565708 0.2035276 0.0710990 0.1643319 0.1693842 0.2378958 0.2327853 0.2929482 0.1809977 0.1363153 0.2368944 0.1512868 0.2457565 0.3277512 0.3357458 0.1103656 0.2500464 0.1591515 0.1042553 0.2754850 0.2468368 0.2780982 0.3052294 0.0000000 0.1007009 0.1898849 0.1826824 0.2735173 0.1364366 0.1388280 0.2201837 0.1757124 0.2990484 0.1509527 0.1282675 0.2369947 0.3574240 0.2391428 0.1239043 0.3572466 0.1852144 0.0816314 0.2751408 0.1071122 0.2838306 0.2442633 0.1122968 0.1309916 0.1426381 0.2480523 0.1205250 0.0855466 0.0566865 0.1071811 0.2802941 0.3424843 0.1108521 0.0992340 0.1995146 0.1758520 0.3238479 
Perityle_incana_3_ucla                     0.1298723 0.0968184 0.1375545 0.1673661 0.1122896 0.1118919 0.1259041 0.1651153 0.1807767 0.0863269 0.1067651 0.0736705 0.1273141 0.1144095 0.1324643 0.0749074 0.0571756 0.1157123 0.0917191 0.1802794 0.1338549 0.0853798 0.1686772 0.1140989 0.1312471 0.1246219 0.1350972 0.1548119 0.1045336 0.0163159 0.0726351 0.0875555 0.1793703 0.1463064 0.0913917 0.1121612 0.1364243 0.1023170 0.1264965 0.1008390 0.1338761 0.1325922 0.1007009 0.0000000 0.1034666 0.1220212 0.1243952 0.0927973 0.0968815 0.0856283 0.1232604 0.1268149 0.1276904 0.1036511 0.1734507 0.1608108 0.1211103 9.0000000 0.2338312 0.1342104 0.0894630 0.1443356 0.1076831 0.1401069 0.0870864 0.0798563 0.1149025 0.1664773 0.1213864 0.1182576 0.0865298 0.0968472 0.1098610 0.1358936 0.1975334 0.0973393 0.0888664 0.1455710 0.1200911 0.0965759 
Perityle_intricata_59_Clark_mtns           0.2782869 0.2085460 0.3381551 0.2647274 0.2982705 0.1847333 0.2005171 0.2632702 0.4695508 0.2826812 0.3218892 0.1601436 0.2219845 0.2310503 0.2076095 0.1210065 0.1950945 0.2160340 0.1931098 0.1905214 0.2565040 0.0500340 0.2164146 0.2087564 0.3350407 0.2997081 0.3717721 0.1468753 0.1521943 0.2448467 0.2292489 0.2534511 0.2996376 0.3395462 0.1160354 0.3415898 0.1980659 0.1389094 0.3106690 0.1374193 0.3128128 0.3881298 0.1898849 0.1034666 0.0000000 0.2283620 0.3138452 0.1642799 0.1940055 0.2200265 0.2304639 0.2921247 0.1545985 0.2020219 0.0513920 0.2701639 0.2055896 0.1381420 0.3725756 0.1554587 0.1135109 0.3281192 0.1443043 0.3274750 0.3053414 0.0888954 0.2077064 0.1996487 0.2849971 0.2252977 0.1800649 0.1398513 0.0908741 0.3133837 0.3798002 0.1435401 0.1410160 0.2303153 0.2426906 0.3217455 
Perityle_inyoensis_9_pleasant              0.2012930 0.1860199 0.2223548 0.2814845 0.1702515 0.1265237 0.2033562 0.2636939 0.4159577 0.1964457 0.1855815 0.1128142 0.0272230 0.0844472 0.1595546 0.1139611 0.2333564 0.1801466 0.1404081 0.1965256 0.0284140 0.1149431 0.1859567 0.0083799 0.2360772 0.0886644 0.2257207 0.1447100 0.1169183 0.2272992 0.0893877 0.1754535 0.2689272 0.2362354 0.1312077 0.2080851 0.1561523 0.1320674 0.2127535 0.2815090 0.1901356 0.2665316 0.1826824 0.1220212 0.2283620 0.0000000 0.2005423 0.1545147 0.0253655 0.2741856 0.0245349 0.2036167 0.0309641 0.1406142 0.2707356 0.4052392 0.1240957 0.1281364 0.2641100 0.1452677 0.1689259 0.1979092 0.1310875 0.2013613 0.1971689 0.0957293 0.1440278 0.1515913 0.2250045 0.0091209 0.0087875 0.1208724 0.1737887 0.1879483 0.2815832 0.1283352 0.1307195 0.1525849 0.0116947 0.2413450 
Perityle_jaliscana_203                     0.0875621 0.1042838 0.1448524 0.1885397 0.0581994 0.0924437 0.1719027 0.2362003 0.3310706 0.0997065 0.2033799 0.1629545 0.1853564 0.1965982 0.2332931 0.2152515 0.1996162 0.1075209 0.1941068 0.2704737 0.2257506 0.1229874 0.2876543 0.1835472 0.1277862 0.2316207 0.1030375 0.1539277 0.1296257 0.2310421 0.1860449 0.1029649 0.1744334 0.0800207 0.2040733 0.0844774 0.2283643 0.2140945 0.0195354 0.3103988 0.0276104 0.1353546 0.2735173 0.1243952 0.3138452 0.2005423 0.0000000 0.2129778 0.1809861 0.2655936 0.1962977 0.0949931 0.1371171 0.1412676 0.3764772 0.4190476 0.0728233 0.0270567 0.1872949 0.1226796 0.1715119 0.0879267 0.1751349 0.0860571 0.1000922 0.1287224 0.2195847 0.2636898 0.2297526 0.0959126 0.0916218 0.1934754 0.1765642 0.0829381 0.1467063 0.2262674 0.2002628 0.0924568 0.2002854 0.1617614 
