80
Amauria_brandeegeana_62                    0.0000000 0.0439152 0.0696286 0.3194840 0.0862835 0.0674040 0.1931974 0.1801895 0.0423832 0.0975030 0.1053599 0.1242143 0.1142071 0.0538432 0.1207986 0.1171958 0.1706723 0.1146206 0.1160102 0.1135399 0.0924488 0.1201873 0.1271707 0.1188063 0.1344980 0.1255965 0.1261844 0.0900896 0.3005310 0.1103772 0.0782831 0.0501410 0.1266068 0.0785642 0.1586231 0.3283619 0.1303367 0.1252685 0.1217093 0.2242747 0.1161304 0.1199523 0.1298944 0.1325181 0.0767025 0.1181179 0.1296899 0.1172491 0.1099746 0.1246624 0.1184519 0.1187650 0.1371033 0.1030890 0.0918049 0.1298914 0.1206962 0.1217841 0.1222248 0.1771696 0.2408036 0.1027480 0.1254640 0.1134299 0.0892862 0.0525842 0.0816128 0.1405922 0.1311316 0.0908481 0.1111038 0.1209520 0.1245301 0.0929790 0.1314854 0.1165659 0.1039191 0.1014381 0.2107945 0.0618935 
Amauria_carterae_99_mesa                   0.0439152 0.0000000 0.0506318 0.1965470 0.0813327 0.0713680 0.1662186 0.1240260 0.0397592 0.1043981 0.1045584 0.1024189 0.1031096 0.0578840 0.1230126 0.1000915 0.0763845 0.0946124 0.1056807 0.0922244 0.1176562 0.1027356 0.1166754 0.0886180 0.1221052 0.1213602 0.1218141 0.0595701 0.2615736 0.0813478 0.0859951 0.0397592 0.1110189 0.0563103 0.1122451 0.1430795 0.1255051 0.1266315 0.1057160 0.1299334 0.1161704 0.1207989 0.1280881 0.1161171 0.0718383 0.0904984 0.1189851 0.1022226 0.0871592 0.1071446 0.1193394 0.0991347 0.1468424 0.1217257 0.1167176 0.1085912 0.0926186 0.1405105 0.0704568 0.1452350 0.1189142 0.1019646 0.1215969 0.1124124 0.0927741 0.0638879 0.0777288 0.1128177 0.1203363 0.0718221 0.0848724 0.0846145 0.1028692 0.0927730 0.1307985 0.0933040 0.1045516 0.1161871 0.0775192 0.0300645 
Amauria_rotundifolia_SRR9119150            0.0696286 0.0506318 0.0000000 0.3121896 0.1129265 0.0822070 0.2143504 0.2021868 0.1066603 0.1568635 0.1115721 0.1170560 0.0960718 0.0442122 0.1026067 0.0889084 0.1551763 0.0993686 0.1162671 0.0860484 0.0857550 0.1193678 0.1772538 0.1171143 0.1342682 0.1200824 0.1178595 0.0925567 0.3389076 0.0901778 0.1133386 0.0872009 0.1099449 0.0750452 0.2114510 0.3460911 0.1271506 0.1063203 0.1139314 0.1766048 0.1045298 0.0902655 0.1197959 0.1022807 0.0470866 0.1287090 0.1153631 0.1114745 0.1153851 0.1231975 0.1020479 0.1037318 0.1126350 0.0892785 0.0729822 0.1254652 0.1206406 0.0956638 0.1243856 0.1631299 0.2429433 0.1098748 0.1148502 0.1097068 0.1010537 0.0884128 0.0732217 0.1219851 0.1278632 0.0848063 0.1152834 0.1180375 0.1153061 0.1158925 0.1221711 0.0905263 0.1099189 0.0942913 0.1830764 0.0823565 
Conoclinium_coelestinum_SRR9119114         0.3194840 0.1965470 0.3121896 0.0000000 0.3497086 0.1711589 0.1830482 0.3223105 0.2866473 0.3468475 0.3106031 0.3474647 0.3252811 0.1642699 0.3543501 0.3217402 0.2966858 0.3402746 0.3446859 0.3154758 0.1527486 0.3441256 0.3197534 0.3304222 0.3500307 0.3474986 0.3599876 0.2394030 0.4146624 0.3030100 0.3249385 0.2649786 0.3518063 0.3316209 0.3251031 0.5561201 0.3616248 0.3574283 0.3514587 0.3897770 0.3261614 0.3251587 0.3631581 0.3318817 0.2169060 0.3296683 0.3384915 0.3294299 0.3265855 0.3525558 0.3477169 0.3388656 0.3618455 0.2150507 0.1944710 0.3438445 0.3323713 0.3251903 0.2695230 0.2420534 0.3043963 0.3092502 0.3574887 0.3458671 0.3318274 0.3150843 0.1344728 0.3467274 0.3540731 0.2331693 0.3216711 0.3259101 0.3424919 0.3017513 0.3494317 0.3156602 0.3132754 0.1767143 0.3555425 0.2874021 
Eutetras_palmeri_63                        0.0862835 0.0813327 0.1129265 0.3497086 0.0000000 0.0136294 0.2399697 0.2403907 0.1009045 0.1642864 0.1340184 0.1460490 0.1390795 0.0717258 0.1407267 0.1266711 0.1832111 0.1396245 0.1463072 0.1271000 0.0938102 0.1476227 0.1771678 0.1400921 0.1551247 0.1526362 0.1509933 0.1140157 0.3619327 0.1499220 0.1029367 0.1049724 0.1499300 0.1100695 0.1962097 0.3655320 0.1522761 0.1420235 0.1523694 0.2697685 0.1422983 0.1328380 0.1462089 0.1531280 0.0971134 0.1421169 0.1531986 0.1498170 0.1373894 0.1544317 0.1323205 0.1459037 0.1530488 0.1089858 0.0946931 0.1507629 0.1448931 0.1312859 0.1448757 0.1860128 0.2661243 0.1339539 0.1514677 0.1375506 0.1022571 0.0705237 0.1052435 0.1672994 0.1591065 0.1128490 0.1306230 0.1402458 0.1518519 0.1201011 0.1528490 0.1306950 0.1356774 0.1075922 0.2337777 0.1036411 
Eutetras_pringlei_149_quer                 0.0674040 0.0713680 0.0822070 0.1711589 0.0136294 0.0000000 0.1449771 0.1055432 0.0556108 0.0541241 0.1194813 0.1152969 0.1195253 0.0430712 0.1333262 0.1104456 0.0846546 0.1017857 0.1149897 0.0895108 0.1062687 0.1104430 0.1297380 0.0959400 0.1249785 0.1237096 0.1287932 0.0836330 0.1946507 0.1208180 0.0612544 0.0556108 0.1226261 0.0670933 0.1076076 0.1286630 0.1379995 0.1338920 0.1195105 0.1278435 0.1292320 0.1335697 0.1412416 0.1296446 0.0518404 0.0891519 0.1331459 0.1271076 0.0857663 0.1173138 0.1080976 0.1030939 0.1502210 0.1250426 0.1113432 0.1233066 0.0935140 0.1411555 0.0730413 0.1505211 0.0975787 0.1202677 0.1325434 0.0956236 0.0693152 0.0334836 0.0950631 0.1246820 0.1276601 0.0829091 0.0928940 0.0927065 0.1191382 0.0731818 0.1159693 0.0942477 0.1236396 0.1148592 0.0448846 0.0472340 
Eutrochium_fistulosum_SRR9119106           0.1931974 0.1662186 0.2143504 0.1830482 0.2399697 0.1449771 0.0000000 0.2328841 0.1991173 0.2463395 0.2170008 0.2456017 0.2187338 0.1039207 0.2323516 0.1988489 0.2372090 0.2276398 0.2462635 0.2055261 0.1370090 0.2412900 0.2558424 0.2364365 0.2526368 0.2406482 0.2477958 0.2183743 0.3834740 0.2531653 0.2237755 0.2179430 0.2466804 0.2014588 0.2361822 0.4804668 0.2649846 0.2476925 0.2477575 0.3084513 0.2369679 0.2140124 0.2651335 0.2323693 0.1028676 0.2303553 0.2472751 0.2513845 0.2309757 0.2566127 0.2265146 0.2255666 0.2460738 0.1839360 0.1624848 0.2453016 0.2459457 0.1987124 0.2181983 0.2231497 0.2561259 0.2168805 0.2499173 0.2465786 0.2204032 0.2127959 0.0979375 0.2166762 0.2530132 0.1736608 0.2298438 0.2347104 0.2414143 0.2695381 0.2429975 0.2053776 0.2192379 0.1709979 0.2690501 0.1895097 
Helianthus_annuus_SRR9119062               0.1801895 0.1240260 0.2021868 0.3223105 0.2403907 0.1055432 0.2328841 0.0000000 0.1708032 0.3457074 0.2188964 0.2294276 0.2188302 0.1356783 0.2248652 0.2489362 0.2197639 0.2448941 0.2194217 0.2043889 0.1387887 0.3396959 0.2338860 0.2919507 0.2478516 0.2643679 0.3189308 0.1906097 0.3886001 0.2374350 0.2478378 0.1809365 0.2803936 0.1958861 0.2724751 0.4785057 0.2439462 0.2348006 0.2828319 0.2978036 0.2306902 0.2243894 0.3298316 0.2247744 0.1526036 0.2432884 0.2604900 0.2359112 0.2957406 0.2474995 0.3130946 0.2311552 0.2365851 0.1831266 0.1589986 0.2534861 0.3180163 0.2115540 0.2447533 0.1882730 0.2805088 0.2665686 0.2577331 0.2345981 0.2390010 0.2248989 0.0843120 0.3165545 0.3353591 0.1967743 0.2826824 0.2600354 0.2810162 0.2498269 0.2738488 0.2014818 0.2514586 0.1674769 0.2593819 0.2071473 
Lycapsus_tenuifolius_17                    0.0423832 0.0397592 0.1066603 0.2866473 0.1009045 0.0556108 0.1991173 0.1708032 0.0000000 0.1293699 0.1362138 0.1284751 0.1006997 0.0423278 0.1042848 0.0882564 0.1580891 0.1021121 0.1249772 0.0931184 0.0726497 0.1442094 0.1816741 0.1454257 0.1485783 0.1421821 0.1387359 0.0098992 0.3132997 0.1252417 0.0759254 0.0011017 0.1225697 0.0652133 0.2157127 0.3181267 0.1538075 0.1090258 0.1254835 0.2492022 0.1151855 0.0997739 0.1509312 0.1104428 0.0654703 0.1480104 0.1291178 0.1216648 0.1398349 0.1409543 0.0984051 0.1131539 0.1204935 0.0814486 0.0656988 0.1547106 0.1511921 0.0962917 0.1246813 0.1803788 0.2263681 0.1339582 0.1389307 0.1188842 0.0915519 0.0940251 0.0721413 0.1324509 0.1483477 0.0103665 0.1318336 0.1413395 0.1238755 0.1125958 0.1597845 0.0926425 0.1342645 0.0805053 0.2398319 0.0075076 
Pericome_caudata_50_silver                 0.0975030 0.1043981 0.1568635 0.3468475 0.1642864 0.0541241 0.2463395 0.3457074 0.1293699 0.0000000 0.1774126 0.2010773 0.1465902 0.0747566 0.1632650 0.1682051 0.2056022 0.1632002 0.1823563 0.1496686 0.0978142 0.1932079 0.1748055 0.1943947 0.1956606 0.1923157 0.1965805 0.1208318 0.4093434 0.2219934 0.1550636 0.1328101 0.1944384 0.1291640 0.2284833 0.4207395 0.1958793 0.1619167 0.1965020 0.2506529 0.1819358 0.1549983 0.2049000 0.1612411 0.1071663 0.1825260 0.1884939 0.1846289 0.1963849 0.1902983 0.1740481 0.1791642 0.1707517 0.1279076 0.1037998 0.2020289 0.2019674 0.1509373 0.0850530 0.2064884 0.2670625 0.1783408 0.1869593 0.1760809 0.1164194 0.0980230 0.0893245 0.1820617 0.2070765 0.1266100 0.1872451 0.1901041 0.1955794 0.1342218 0.1892423 0.1368088 0.1722562 0.1145283 0.2784219 0.1366106 
Perityle_aglossa_84_dead_horse             0.1053599 0.1045584 0.1115721 0.3106031 0.1340184 0.1194813 0.2170008 0.2188964 0.1362138 0.1774126 0.0000000 0.0177702 0.0117707 0.0115429 0.0319100 0.0099918 0.1821972 0.0163577 0.0134223 0.0177691 0.0256738 0.0106933 0.0950635 0.0148310 0.0302664 0.0325701 0.0349062 0.1026276 0.3779351 0.1471663 0.1467563 0.1139272 0.0131113 0.0248742 0.1633515 0.2158606 0.0442959 0.0364494 0.0139131 0.0971617 0.0290808 0.0271786 0.0380059 0.0182532 0.0483731 0.0418616 0.0366962 0.0131856 0.0166722 0.0181689 0.0248957 0.0164635 0.0439685 0.0231417 0.0105862 0.0199319 0.0165509 0.0462582 0.1168930 0.0813983 0.1703781 0.0008759 0.0309263 0.0238967 0.1309590 0.1124412 0.0299006 0.0470255 0.0203198 0.1238775 0.0138334 0.0137409 0.0116462 0.1472479 0.0382695 0.0126653 0.0019525 0.0366842 0.1442694 0.0978734 
Perityle_ajoensis_204                      0.1242143 0.1024189 0.1170560 0.3474647 0.1460490 0.1152969 0.2456017 0.2294276 0.1284751 0.2010773 0.0177702 0.0000000 0.0155601 0.0154324 0.0450789 0.0166124 0.2038069 0.0186141 0.0190901 0.0022904 0.0234424 0.0157020 0.0593380 0.0019552 0.0394953 0.0464133 0.0456699 0.1316980 0.3697470 0.1545700 0.1576124 0.1308155 0.0206897 0.0358019 0.1274794 0.2009412 0.0556647 0.0488694 0.0204891 0.1674338 0.0400314 0.0374189 0.0546865 0.0278707 0.0707501 0.0131100 0.0458213 0.0208031 0.0169517 0.0241735 0.0286127 0.0244243 0.0582820 0.0251051 0.0196014 0.0047725 0.0019808 0.0499539 0.1480378 0.1203375 0.1620459 0.0178524 0.0434917 0.0326350 0.1537182 0.1336145 0.0297259 0.0549694 0.0252056 0.1340504 0.0020073 0.0039862 0.0183406 0.1770658 0.0613581 0.0225339 0.0213020 0.0282685 0.1993323 0.0978440 
Perityle_ambrosiifolia_67_green            0.1142071 0.1031096 0.0960718 0.3252811 0.1390795 0.1195253 0.2187338 0.2188302 0.1006997 0.1465902 0.0117707 0.0155601 0.0000000 0.0058171 0.0354976 0.0035056 0.1904094 0.0067610 0.0078119 0.0160556 0.0150016 0.0022400 0.0226327 0.0137024 0.0280801 0.0306868 0.0361701 0.1247592 0.3658258 0.1303463 0.1416741 0.1037445 0.0111302 0.0257596 0.0987998 0.1749855 0.0384778 0.0387141 0.0011016 0.1413770 0.0302132 0.0314513 0.0423369 0.0179113 0.0572939 0.0162919 0.0371128 0.0078214 0.0111316 0.0133156 0.0205811 0.0124180 0.0535687 0.0180116 0.0157953 0.0178444 0.0150637 0.0435506 0.1436384 0.1183926 0.1518482 0.0118210 0.0348815 0.0197284 0.1491103 0.1135883 0.0222677 0.0450910 0.0110733 0.1301450 0.0140977 0.0163496 0.0055302 0.1679536 0.0488629 0.0120376 0.0145150 0.0265085 0.2042607 0.0689411 
Perityle_angustifolia_13_Eagle_creek       0.0538432 0.0578840 0.0442122 0.1642699 0.0717258 0.0430712 0.1039207 0.1356783 0.0423278 0.0747566 0.0115429 0.0154324 0.0058171 0.0000000 0.0277104 0.0058286 0.0988766 0.0057899 0.0058262 0.0155238 0.0176928 0.0058571 0.0136556 0.0137316 0.0192625 0.0136432 0.0232494 0.0496659 0.3628101 0.0811039 0.0829723 0.0487037 0.0076768 0.0144256 0.0178160 0.2874692 0.0212897 0.0314056 0.0096082 0.0173927 0.0153540 0.0192980 0.0251706 0.0154805 0.0293485 0.0138957 0.0194623 0.0134566 0.0158909 0.0115228 0.0233205 0.0038244 0.0351063 0.0143490 0.0053123 0.0193678 0.0159478 0.0411456 0.0706007 0.0206945 0.1330927 0.0115953 0.0251465 0.0175015 0.0681085 0.0432930 0.0246045 0.0134315 0.0153935 0.0963957 0.0137983 0.0138214 0.0076943 0.0707385 0.0173110 0.0156497 0.0115559 0.0268632 0.0284202 0.0435456 
Perityle_batopilensis_97                   0.1207986 0.1230126 0.1026067 0.3543501 0.1407267 0.1333262 0.2323516 0.2248652 0.1042848 0.1632650 0.0319100 0.0450789 0.0354976 0.0277104 0.0000000 0.0291361 0.2084600 0.0401831 0.0364003 0.0470175 0.0349257 0.0345150 0.0551475 0.0428863 0.0436102 0.0375688 0.0236299 0.1357224 0.3869634 0.1364723 0.1459569 0.1115962 0.0360389 0.0369856 0.1166025 0.2068946 0.0492083 0.0010709 0.0371759 0.1629693 0.0311812 0.0330063 0.0495990 0.0455864 0.0707628 0.0459429 0.0389810 0.0395205 0.0362029 0.0380634 0.0366990 0.0398654 0.0465723 0.0348850 0.0260308 0.0462964 0.0445182 0.0215183 0.1434860 0.1241976 0.1669850 0.0320060 0.0246161 0.0405839 0.1476324 0.1137545 0.0414031 0.0695118 0.0462649 0.1425193 0.0415680 0.0448565 0.0361191 0.1681735 0.0546535 0.0440194 0.0347620 0.0307374 0.2149962 0.0711669 
Perityle_bisetosa_9                        0.1171958 0.1000915 0.0889084 0.3217402 0.1266711 0.1104456 0.1988489 0.2489362 0.0882564 0.1682051 0.0099918 0.0166124 0.0035056 0.0058286 0.0291361 0.0000000 0.1757195 0.0162477 0.0045829 0.0200989 0.0106756 0.0371306 0.0146940 0.0417658 0.0332682 0.0589888 0.0613984 0.1218094 0.3673251 0.1366271 0.1396413 0.0979214 0.0414724 0.0254445 0.1103714 0.2067613 0.0358680 0.0327177 0.0405265 0.1460818 0.0328469 0.0316858 0.0622088 0.0150867 0.0563744 0.0374311 0.0647017 0.0082085 0.0478645 0.0228030 0.0540355 0.0134303 0.0443842 0.0144268 0.0118146 0.0261798 0.0433625 0.0419298 0.1365629 0.1150626 0.1595697 0.0387673 0.0441795 0.0160549 0.1381979 0.1091094 0.0112509 0.0657913 0.0488971 0.1305153 0.0404337 0.0447138 0.0437102 0.1601850 0.0649373 0.0121366 0.0432946 0.0265556 0.1755294 0.0906525 
Perityle_californica_76_positas            0.1706723 0.0763845 0.1551763 0.2966858 0.1832111 0.0846546 0.2372090 0.2197639 0.1580891 0.2056022 0.1821972 0.2038069 0.1904094 0.0988766 0.2084600 0.1757195 0.0000000 0.1973511 0.1991449 0.1747242 0.1011321 0.1937652 0.1969495 0.1959831 0.2142402 0.1984004 0.2073702 0.1371322 0.3930869 0.1462513 0.1779284 0.1539033 0.2032812 0.1655730 0.2107261 0.4311445 0.2169712 0.2109187 0.1987799 0.1992019 0.1914668 0.1935776 0.2127207 0.2032753 0.0970905 0.1926918 0.2080920 0.1915093 0.1891204 0.2035686 0.2096647 0.2007462 0.2320047 0.1472005 0.1131442 0.2045137 0.1974447 0.1871129 0.1734361 0.1576726 0.2934172 0.1790488 0.2118844 0.2039714 0.1840545 0.1665903 0.0962802 0.2016904 0.2041225 0.1446273 0.1851361 0.1936959 0.1991843 0.1952204 0.2105367 0.1768553 0.1836684 0.1255933 0.1962062 0.1575731 
Perityle_castillonii_96                    0.1146206 0.0946124 0.0993686 0.3402746 0.1396245 0.1017857 0.2276398 0.2448941 0.1021121 0.1632002 0.0163577 0.0186141 0.0067610 0.0057899 0.0401831 0.0162477 0.1973511 0.0000000 0.0129389 0.0173127 0.0220588 0.0050279 0.0333413 0.0171632 0.0364726 0.0391931 0.0427486 0.1153007 0.3602462 0.1391252 0.1455681 0.1063634 0.0159622 0.0308407 0.1018652 0.2112892 0.0480683 0.0452417 0.0079038 0.1495397 0.0373769 0.0332012 0.0477178 0.0215017 0.0515691 0.0185164 0.0438217 0.0109218 0.0173376 0.0189340 0.0269893 0.0165695 0.0546095 0.0184794 0.0182734 0.0209942 0.0184193 0.0445113 0.1463320 0.1231704 0.1710980 0.0162344 0.0404643 0.0268005 0.1430326 0.1140722 0.0238115 0.0469883 0.0149044 0.1219369 0.0165825 0.0195670 0.0139283 0.1647145 0.0531985 0.0141848 0.0197922 0.0315698 0.1930976 0.0831925 
Perityle_cernua_84                         0.1160102 0.1056807 0.1162671 0.3446859 0.1463072 0.1149897 0.2462635 0.2194217 0.1249772 0.1823563 0.0134223 0.0190901 0.0078119 0.0058262 0.0364003 0.0045829 0.1991449 0.0129389 0.0000000 0.0170269 0.0148280 0.0088659 0.0605890 0.0159621 0.0286048 0.0351696 0.0387895 0.1261550 0.3653873 0.1442396 0.1530960 0.1224443 0.0111012 0.0260911 0.1255605 0.1632145 0.0490789 0.0399757 0.0119324 0.1647582 0.0323872 0.0308368 0.0463793 0.0132777 0.0629406 0.0313957 0.0399214 0.0114653 0.0127064 0.0135131 0.0218921 0.0146912 0.0524848 0.0143004 0.0117285 0.0195027 0.0182211 0.0411509 0.1435869 0.1135841 0.1601773 0.0134641 0.0366379 0.0227108 0.1481885 0.1208900 0.0188735 0.0427924 0.0194941 0.1312965 0.0163484 0.0183130 0.0078615 0.1696080 0.0541517 0.0142966 0.0169288 0.0283899 0.2117434 0.0887677 
Perityle_cfvillosa_25_tin                  0.1135399 0.0922244 0.0860484 0.3154758 0.1271000 0.0895108 0.2055261 0.2043889 0.0931184 0.1496686 0.0177691 0.0022904 0.0160556 0.0155238 0.0470175 0.0200989 0.1747242 0.0173127 0.0170269 0.0000000 0.0245643 0.0152492 0.0276995 0.0034642 0.0410364 0.0391083 0.0458894 0.1186187 0.3719520 0.1342261 0.1317410 0.0923378 0.0242655 0.0331096 0.0643939 0.2368121 0.0516680 0.0510787 0.0195744 0.1306338 0.0369782 0.0409220 0.0516391 0.0296463 0.0652929 0.0046896 0.0422012 0.0198483 0.0177317 0.0218825 0.0308980 0.0244822 0.0588966 0.0262425 0.0205391 0.0068562 0.0011597 0.0527993 0.1444265 0.1223070 0.1685740 0.0178484 0.0432288 0.0313636 0.1406761 0.1133337 0.0317937 0.0296351 0.0242765 0.1245806 0.0035522 0.0058710 0.0195980 0.1543542 0.0543643 0.0258512 0.0191755 0.0275514 0.1453774 0.0754734 
Perityle_cinerea_113_Powell1310            0.0924488 0.1176562 0.0857550 0.1527486 0.0938102 0.1062687 0.1370090 0.1387887 0.0726497 0.0978142 0.0256738 0.0234424 0.0150016 0.0176928 0.0349257 0.0106756 0.1011321 0.0220588 0.0148280 0.0245643 0.0000000 0.0151818 0.0254664 0.0224555 0.0296935 0.0279405 0.0362453 0.0982339 0.3716318 0.1003537 0.1219601 0.0726497 0.0233962 0.0187706 0.0307983 0.1934179 0.0385572 0.0367069 0.0192171 0.0235398 0.0296670 0.0343545 0.0384303 0.0233171 0.0511920 0.0231126 0.0341000 0.0213102 0.0200898 0.0168348 0.0256442 0.0240215 0.0419644 0.0318092 0.0225628 0.0278807 0.0250550 0.0496249 0.1042763 0.0789841 0.0734739 0.0257934 0.0405880 0.0262356 0.1147121 0.0804963 0.0187329 0.0104555 0.0278352 0.1052951 0.0230901 0.0230618 0.0191966 0.1122612 0.0398187 0.0203632 0.0256959 0.0341675 0.0691693 0.0290871 
Perityle_coahuilensis_24                   0.1201873 0.1027356 0.1193678 0.3441256 0.1476227 0.1104430 0.2412900 0.3396959 0.1442094 0.1932079 0.0106933 0.0157020 0.0022400 0.0058571 0.0345150 0.0371306 0.1937652 0.0050279 0.0088659 0.0152492 0.0151818 0.0000000 0.0799176 0.0174786 0.0294798 0.0370785 0.0474160 0.1213853 0.3678669 0.1678062 0.1563550 0.1245520 0.0120640 0.0241859 0.1352883 0.1840850 0.0471032 0.0396732 0.0041412 0.1395597 0.0323402 0.0298160 0.0505696 0.0158037 0.0605766 0.0371453 0.0390574 0.0031420 0.0202698 0.0164604 0.0287294 0.0144568 0.0521511 0.0145892 0.0139977 0.0163686 0.0189923 0.0419539 0.1416756 0.1152472 0.1675502 0.0122961 0.0346951 0.0203183 0.1489152 0.1274161 0.0226489 0.0444668 0.0044751 0.1289950 0.0172507 0.0171652 0.0124207 0.1634506 0.0477987 0.0108200 0.0135360 0.0289199 0.2075026 0.1042754 
Perityle_cochisensis_44_cave_creek         0.1271707 0.1166754 0.1772538 0.3197534 0.1771678 0.1297380 0.2558424 0.2338860 0.1816741 0.1748055 0.0950635 0.0593380 0.0226327 0.0136556 0.0551475 0.0146940 0.1969495 0.0333413 0.0605890 0.0276995 0.0254664 0.0799176 0.0000000 0.0869918 0.0979511 0.0822527 0.1039599 0.1352859 0.3669395 0.1968649 0.1732307 0.1403021 0.0413319 0.0411093 0.1705134 0.2104398 0.1075427 0.0571175 0.0467523 0.1854429 0.0677104 0.0419201 0.1111311 0.0321261 0.0745037 0.0877270 0.0878406 0.0427258 0.0923499 0.0767486 0.0395206 0.0365229 0.0686384 0.0197587 0.0235253 0.0891783 0.0892210 0.0502802 0.1469661 0.1183897 0.1319503 0.0955695 0.1035686 0.0637697 0.1598331 0.1933811 0.0335807 0.0589810 0.0809978 0.1418270 0.0789997 0.0793713 0.0544810 0.1880442 0.1243468 0.0257427 0.0959174 0.0387914 0.2314801 0.1096896 
Perityle_congesta_202                      0.1188063 0.0886180 0.1171143 0.3304222 0.1400921 0.0959400 0.2364365 0.2919507 0.1454257 0.1943947 0.0148310 0.0019552 0.0137024 0.0137316 0.0428863 0.0417658 0.1959831 0.0171632 0.0159621 0.0034642 0.0224555 0.0174786 0.0869918 0.0000000 0.0384621 0.0464656 0.0444096 0.1250056 0.3646252 0.1656092 0.1512161 0.1244198 0.0183410 0.0324568 0.1443014 0.1897111 0.0534822 0.0469078 0.0202644 0.1541597 0.0378011 0.0357873 0.0522445 0.0264131 0.0646575 0.0230072 0.0442280 0.0181635 0.0189876 0.0236320 0.0296593 0.0216380 0.0577271 0.0245003 0.0184050 0.0024435 0.0007185 0.0477242 0.1498590 0.1202308 0.1593134 0.0155575 0.0376684 0.0296051 0.1465051 0.1321448 0.0277563 0.0507821 0.0268513 0.1238247 0.0008008 0.0025099 0.0209880 0.1691342 0.0517018 0.0204412 0.0173921 0.0255400 0.2002856 0.1080257 
Perityle_cordifolia_27                     0.1344980 0.1221052 0.1342682 0.3500307 0.1551247 0.1249785 0.2526368 0.2478516 0.1485783 0.1956606 0.0302664 0.0394953 0.0280801 0.0192625 0.0436102 0.0332682 0.2142402 0.0364726 0.0286048 0.0410364 0.0296935 0.0294798 0.0979511 0.0384621 0.0000000 0.0412536 0.0489630 0.1382778 0.3792913 0.1648987 0.1665805 0.1348952 0.0335858 0.0341480 0.1556606 0.2103795 0.0509129 0.0485272 0.0341289 0.1808646 0.0397274 0.0357941 0.0494659 0.0357266 0.0688692 0.0643546 0.0507221 0.0339446 0.0406703 0.0376132 0.0150705 0.0339633 0.0577835 0.0213766 0.0194677 0.0426474 0.0393318 0.0508955 0.1410531 0.1173667 0.1577062 0.0319496 0.0451132 0.0088054 0.1587761 0.1338312 0.0297114 0.0627102 0.0407353 0.1482472 0.0367568 0.0404767 0.0328620 0.1749221 0.0577189 0.0359739 0.0339537 0.0300252 0.2129114 0.1037487 
Perityle_cordifolia_68_tecolote            0.1255965 0.1213602 0.1200824 0.3474986 0.1526362 0.1237096 0.2406482 0.2643679 0.1421821 0.1923157 0.0325701 0.0464133 0.0306868 0.0136432 0.0375688 0.0589888 0.1984004 0.0391931 0.0351696 0.0391083 0.0279405 0.0370785 0.0822527 0.0464656 0.0412536 0.0000000 0.0494947 0.1388504 0.3722088 0.1674074 0.1578175 0.1267014 0.0390473 0.0384225 0.1240395 0.2243233 0.0498825 0.0426194 0.0401747 0.1591567 0.0352620 0.0317631 0.0546905 0.0384633 0.0692956 0.0615306 0.0426512 0.0378430 0.0394581 0.0416895 0.0392193 0.0399679 0.0541204 0.0053467 0.0137842 0.0465328 0.0469666 0.0504530 0.1528828 0.1105695 0.1659263 0.0356386 0.0482123 0.0335228 0.1543265 0.1321110 0.0379080 0.0621170 0.0461784 0.1426080 0.0475945 0.0481883 0.0417083 0.1726645 0.0574239 0.0352022 0.0375443 0.0347644 0.2161765 0.1055552 
Perityle_coronopifolia_28_patagonia        0.1261844 0.1218141 0.1178595 0.3599876 0.1509933 0.1287932 0.2477958 0.3189308 0.1387359 0.1965805 0.0349062 0.0456699 0.0361701 0.0232494 0.0236299 0.0613984 0.2073702 0.0427486 0.0387895 0.0458894 0.0362453 0.0474160 0.1039599 0.0444096 0.0489630 0.0494947 0.0000000 0.1344803 0.3884867 0.1662571 0.1630344 0.1248884 0.0395017 0.0388440 0.1392560 0.2211819 0.0568192 0.0264946 0.0420786 0.1683892 0.0386115 0.0356976 0.0572286 0.0496447 0.0669266 0.0639423 0.0457750 0.0416357 0.0457608 0.0427863 0.0465617 0.0425108 0.0472250 0.0415709 0.0334592 0.0460800 0.0474604 0.0305897 0.1471115 0.1202516 0.1707509 0.0361959 0.0050994 0.0390796 0.1488459 0.1212727 0.0335763 0.0735438 0.0535834 0.1396447 0.0439279 0.0417105 0.0444719 0.1641523 0.0550849 0.0446790 0.0333557 0.0198411 0.2151233 0.1049562 
Perityle_crassifolia_70_ventanas           0.0900896 0.0595701 0.0925567 0.2394030 0.1140157 0.0836330 0.2183743 0.1906097 0.0098992 0.1208318 0.1026276 0.1316980 0.1247592 0.0496659 0.1357224 0.1218094 0.1371322 0.1153007 0.1261550 0.1186187 0.0982339 0.1213853 0.1352859 0.1250056 0.1382778 0.1388504 0.1344803 0.0000000 0.2050905 0.0906064 0.0972014 0.0099138 0.1273616 0.0550490 0.1592149 0.2576452 0.1425387 0.1381497 0.1261749 0.2487384 0.1222500 0.1291093 0.1480803 0.1348256 0.0923615 0.1252306 0.1301714 0.1249640 0.1029497 0.1304939 0.1269485 0.1218184 0.1521626 0.1088258 0.0928336 0.1339654 0.1302364 0.1337959 0.1497716 0.1994733 0.1537650 0.1006153 0.1339512 0.1201704 0.1273466 0.0856821 0.0952590 0.1358507 0.1334903 0.0035976 0.1216266 0.1272668 0.1260802 0.1311121 0.1513067 0.1209186 0.1028161 0.1078203 0.2485139 0.0052568 
Perityle_crassifolia_74_playa_balandra     0.3005310 0.2615736 0.3389076 0.4146624 0.3619327 0.1946507 0.3834740 0.3886001 0.3132997 0.4093434 0.3779351 0.3697470 0.3658258 0.3628101 0.3869634 0.3673251 0.3930869 0.3602462 0.3653873 0.3719520 0.3716318 0.3678669 0.3669395 0.3646252 0.3792913 0.3722088 0.3884867 0.2050905 0.0000000 0.3624328 0.3604830 0.3132997 0.3806569 0.3235479 0.3668379 0.5370192 0.3775626 0.3923168 0.3763279 0.3758995 0.3800164 0.3694224 0.3748788 0.3686920 0.3826179 0.3663596 0.3749746 0.3692228 0.3571617 0.3818532 0.3895838 0.3697498 0.3808416 0.3561108 0.3420735 0.3697470 0.3687752 0.3927021 0.3060177 0.3029899 0.3595366 0.3752458 0.3882706 0.3860754 0.3821615 0.3577294 0.3215182 0.3870015 0.3629739 0.3306877 0.3734095 0.3670003 0.3692228 0.3821615 0.3792913 0.3570403 0.3752458 0.3699177 0.3889145 0.2945757 
Perityle_cuneata_34_cuneata_San_antonio    0.1103772 0.0813478 0.0901778 0.3030100 0.1499220 0.1208180 0.2531653 0.2374350 0.1252417 0.2219934 0.1471663 0.1545700 0.1303463 0.0811039 0.1364723 0.1366271 0.1462513 0.1391252 0.1442396 0.1342261 0.1003537 0.1678062 0.1968649 0.1656092 0.1648987 0.1674074 0.1662571 0.0906064 0.3624328 0.0000000 0.1365287 0.0827542 0.1631417 0.1079776 0.2804065 0.3453289 0.1526697 0.1355673 0.1707581 0.2668301 0.1477956 0.1342649 0.1593382 0.1368265 0.1016713 0.1868596 0.1681350 0.1448900 0.1588536 0.1709556 0.1595105 0.1447683 0.1533291 0.1113556 0.0990901 0.1725101 0.1700676 0.1448863 0.1696595 0.1896546 0.2831878 0.1583007 0.1646459 0.1551999 0.1497454 0.1398784 0.1066148 0.1877822 0.1811525 0.0690684 0.1673197 0.1717578 0.1638755 0.1417310 0.1775737 0.1260406 0.1633598 0.1154588 0.2503573 0.1065065 
Perityle_cuneata_4                         0.0782831 0.0859951 0.1133386 0.3249385 0.1029367 0.0612544 0.2237755 0.2478378 0.0759254 0.1550636 0.1467563 0.1576124 0.1416741 0.0829723 0.1459569 0.1396413 0.1779284 0.1455681 0.1530960 0.1317410 0.1219601 0.1563550 0.1732307 0.1512161 0.1665805 0.1578175 0.1630344 0.0972014 0.3604830 0.1365287 0.0000000 0.0818687 0.1589327 0.1003342 0.2055594 0.3777505 0.1614248 0.1515450 0.1605137 0.2743400 0.1493676 0.1438999 0.1622123 0.1541272 0.0917013 0.1527670 0.1650729 0.1546793 0.1494070 0.1605757 0.1537888 0.1529009 0.1659557 0.1324189 0.1197141 0.1606021 0.1547170 0.1369239 0.1614594 0.2158604 0.2764143 0.1468810 0.1610778 0.1456280 0.1139988 0.0854840 0.1196796 0.1758853 0.1679181 0.0801887 0.1466169 0.1537785 0.1581021 0.1310292 0.1681259 0.1378883 0.1523437 0.1388196 0.2551043 0.0643532 
Perityle_discoidea_81                      0.0501410 0.0397592 0.0872009 0.2649786 0.1049724 0.0556108 0.2179430 0.1809365 0.0011017 0.1328101 0.1139272 0.1308155 0.1037445 0.0487037 0.1115962 0.0979214 0.1539033 0.1063634 0.1224443 0.0923378 0.0726497 0.1245520 0.1403021 0.1244198 0.1348952 0.1267014 0.1248884 0.0099138 0.3132997 0.0827542 0.0818687 0.0000000 0.1258573 0.0675204 0.1993995 0.2937214 0.1333199 0.1141433 0.1287059 0.2507936 0.1204761 0.1054045 0.1374272 0.1142989 0.0725493 0.1211255 0.1292031 0.1232382 0.1121396 0.1263766 0.1051653 0.1154010 0.1268552 0.0815971 0.0658277 0.1355209 0.1302495 0.1024129 0.1104491 0.1803788 0.2042327 0.1111126 0.1272875 0.1228448 0.0978147 0.0740603 0.0721413 0.1395379 0.1350406 0.0103459 0.1224501 0.1266162 0.1233567 0.1156460 0.1418667 0.0971786 0.1115527 0.0805053 0.2511960 0.0058863 
Perityle_dissecta_201                      0.1266068 0.1110189 0.1099449 0.3518063 0.1499300 0.1226261 0.2466804 0.2803936 0.1225697 0.1944384 0.0131113 0.0206897 0.0111302 0.0076768 0.0360389 0.0414724 0.2032812 0.0159622 0.0111012 0.0242655 0.0233962 0.0120640 0.0413319 0.0183410 0.0335858 0.0390473 0.0395017 0.1273616 0.3806569 0.1631417 0.1589327 0.1258573 0.0000000 0.0295138 0.1116591 0.1899353 0.0486608 0.0399145 0.0152732 0.1448788 0.0353403 0.0336536 0.0470936 0.0210741 0.0670989 0.0215518 0.0397646 0.0145482 0.0165323 0.0154189 0.0265442 0.0080346 0.0558381 0.0196659 0.0156167 0.0210879 0.0203299 0.0433942 0.1526898 0.1210165 0.1699198 0.0125502 0.0392106 0.0234473 0.1505999 0.1276110 0.0299609 0.0439411 0.0213136 0.1335390 0.0196864 0.0200569 0.0170206 0.1686817 0.0527944 0.0189772 0.0159406 0.0344773 0.2119249 0.1021518 
Perityle_emoryi_47_punta_san_jose          0.0785642 0.0563103 0.0750452 0.3316209 0.1100695 0.0670933 0.2014588 0.1958861 0.0652133 0.1291640 0.0248742 0.0358019 0.0257596 0.0144256 0.0369856 0.0254445 0.1655730 0.0308407 0.0260911 0.0331096 0.0187706 0.0241859 0.0411093 0.0324568 0.0341480 0.0384225 0.0388440 0.0550490 0.3235479 0.1079776 0.1003342 0.0675204 0.0295138 0.0000000 0.1128081 0.2186312 0.0463736 0.0406974 0.0283443 0.1525412 0.0361959 0.0359845 0.0465146 0.0329591 0.0561653 0.0330569 0.0446197 0.0290374 0.0282096 0.0293036 0.0243461 0.0299994 0.0547441 0.0178312 0.0129149 0.0353084 0.0341985 0.0415346 0.0997217 0.1182776 0.1740994 0.0236128 0.0387035 0.0258946 0.1103969 0.0828894 0.0208525 0.0597440 0.0341436 0.0605847 0.0285232 0.0343615 0.0272274 0.1283004 0.0553713 0.0338220 0.0250598 0.0313495 0.2005479 0.0662558 
Perityle_feddemae_99                       0.1586231 0.1122451 0.2114510 0.3251031 0.1962097 0.1076076 0.2361822 0.2724751 0.2157127 0.2284833 0.1633515 0.1274794 0.0987998 0.0178160 0.1166025 0.1103714 0.2107261 0.1018652 0.1255605 0.0643939 0.0307983 0.1352883 0.1705134 0.1443014 0.1556606 0.1240395 0.1392560 0.1592149 0.3668379 0.2804065 0.2055594 0.1993995 0.1116591 0.1128081 0.0000000 0.3676241 0.1567511 0.1219663 0.1094560 0.1655902 0.0940253 0.0719330 0.1485388 0.1071114 0.0521864 0.1282104 0.0985380 0.1278814 0.1466718 0.1316811 0.1017543 0.1151252 0.1296506 0.0240428 0.0202288 0.1520194 0.1472758 0.0460006 0.1379125 0.1108531 0.1662014 0.1478309 0.1368754 0.1214089 0.1890487 0.2184571 0.0353567 0.0933831 0.1307565 0.1231045 0.1315216 0.1355835 0.1148306 0.2338268 0.1539757 0.0750180 0.1480832 0.0333640 0.2353465 0.1691546 
Perityle_fosteri_93                        0.3283619 0.1430795 0.3460911 0.5561201 0.3655320 0.1286630 0.4804668 0.4785057 0.3181267 0.4207395 0.2158606 0.2009412 0.1749855 0.2874692 0.2068946 0.2067613 0.4311445 0.2112892 0.1632145 0.2368121 0.1934179 0.1840850 0.2104398 0.1897111 0.2103795 0.2243233 0.2211819 0.2576452 0.5370192 0.3453289 0.3777505 0.2937214 0.1899353 0.2186312 0.3676241 0.0000000 0.2139505 0.2091124 0.1878991 0.4196571 0.2244163 0.2444154 0.2289769 0.1929921 0.4219083 0.2059719 0.2280837 0.1635455 0.1985489 0.1935713 0.2142184 0.2009391 0.2312518 0.2031741 0.1655021 0.1976324 0.1907683 0.2789948 0.1643537 0.1653182 0.1828285 0.2151413 0.2186063 0.2053615 0.3895710 0.3367293 0.0073343 0.2576733 0.1959555 0.3408900 0.1886328 0.1944800 0.1854019 0.3431540 0.2466394 0.2014154 0.2221483 0.2361342 0.5116859 0.2941921 
Perityle_gamon_221                         0.1303367 0.1255051 0.1271506 0.3616248 0.1522761 0.1379995 0.2649846 0.2439462 0.1538075 0.1958793 0.0442959 0.0556647 0.0384778 0.0212897 0.0492083 0.0358680 0.2169712 0.0480683 0.0490789 0.0516680 0.0385572 0.0471032 0.1075427 0.0534822 0.0509129 0.0498825 0.0568192 0.1425387 0.3775626 0.1526697 0.1614248 0.1333199 0.0486608 0.0463736 0.1567511 0.2139505 0.0000000 0.0528219 0.0500537 0.1954602 0.0435707 0.0395752 0.0100919 0.0496332 0.0728985 0.0771906 0.0540827 0.0482520 0.0494527 0.0518908 0.0427880 0.0471208 0.0541750 0.0323765 0.0294659 0.0581093 0.0562003 0.0616124 0.1598318 0.1206004 0.1717140 0.0444287 0.0557555 0.0456718 0.1536477 0.1369344 0.0453595 0.0736781 0.0584515 0.1519309 0.0527163 0.0547181 0.0475250 0.1700230 0.0575666 0.0471423 0.0467730 0.0425275 0.2286161 0.0998576 
Perityle_gentryi_8_san_francisco           0.1252685 0.1266315 0.1063203 0.3574283 0.1420235 0.1338920 0.2476925 0.2348006 0.1090258 0.1619167 0.0364494 0.0488694 0.0387141 0.0314056 0.0010709 0.0327177 0.2109187 0.0452417 0.0399757 0.0510787 0.0367069 0.0396732 0.0571175 0.0469078 0.0485272 0.0426194 0.0264946 0.1381497 0.3923168 0.1355673 0.1515450 0.1141433 0.0399145 0.0406974 0.1219663 0.2091124 0.0528219 0.0000000 0.0421659 0.1785233 0.0363429 0.0364776 0.0533373 0.0475362 0.0709122 0.0500651 0.0429531 0.0442901 0.0404971 0.0407898 0.0398733 0.0448545 0.0485284 0.0363824 0.0297289 0.0500815 0.0487501 0.0228252 0.1485468 0.1272793 0.1641032 0.0365987 0.0264143 0.0434165 0.1489472 0.1166896 0.0415870 0.0734117 0.0511892 0.1430157 0.0457074 0.0489461 0.0388868 0.1679927 0.0572047 0.0474649 0.0380692 0.0324526 0.2191158 0.0726222 
Perityle_gilensis_22_Superstition          0.1217093 0.1057160 0.1139314 0.3514587 0.1523694 0.1195105 0.2477575 0.2828319 0.1254835 0.1965020 0.0139131 0.0204891 0.0011016 0.0096082 0.0371759 0.0405265 0.1987799 0.0079038 0.0119324 0.0195744 0.0192171 0.0041412 0.0467523 0.0202644 0.0341289 0.0401747 0.0420786 0.1261749 0.3763279 0.1707581 0.1605137 0.1287059 0.0152732 0.0283443 0.1094560 0.1878991 0.0500537 0.0421659 0.0000000 0.1434577 0.0358579 0.0325489 0.0527716 0.0199666 0.0615822 0.0222117 0.0420043 0.0092738 0.0186623 0.0179473 0.0251499 0.0182515 0.0535446 0.0197250 0.0176525 0.0198017 0.0221919 0.0461503 0.1433257 0.1207210 0.1647196 0.0158300 0.0386843 0.0251764 0.1531097 0.1285644 0.0222677 0.0450564 0.0098093 0.1343119 0.0207289 0.0195022 0.0164432 0.1690268 0.0524504 0.0141476 0.0164333 0.0304804 0.2109253 0.1070383 
Perityle_gilensis_salensis_225             0.2242747 0.1299334 0.1766048 0.3897770 0.2697685 0.1278435 0.3084513 0.2978036 0.2492022 0.2506529 0.0971617 0.1674338 0.1413770 0.0173927 0.1629693 0.1460818 0.1992019 0.1495397 0.1647582 0.1306338 0.0235398 0.1395597 0.1854429 0.1541597 0.1808646 0.1591567 0.1683892 0.2487384 0.3758995 0.2668301 0.2743400 0.2507936 0.1448788 0.1525412 0.1655902 0.4196571 0.1954602 0.1785233 0.1434577 0.0000000 0.1582241 0.1326873 0.1730880 0.1422256 0.0640174 0.1551729 0.1504222 0.1678758 0.1275430 0.1610277 0.1443285 0.1634259 0.1791445 0.0486891 0.0452299 0.1620341 0.1572925 0.1184503 0.2108456 0.1485942 0.1755266 0.0889721 0.1743342 0.1652117 0.2337961 0.2392579 0.0337003 0.1225629 0.1471101 0.2010598 0.1584279 0.1598785 0.1472509 0.2781294 0.1670741 0.1367180 0.0901066 0.0387731 0.2429867 0.2197001 
Perityle_glaucescens_94                    0.1161304 0.1161704 0.1045298 0.3261614 0.1422983 0.1292320 0.2369679 0.2306902 0.1151855 0.1819358 0.0290808 0.0400314 0.0302132 0.0153540 0.0311812 0.0328469 0.1914668 0.0373769 0.0323872 0.0369782 0.0296670 0.0323402 0.0677104 0.0378011 0.0397274 0.0352620 0.0386115 0.1222500 0.3800164 0.1477956 0.1493676 0.1204761 0.0353403 0.0361959 0.0940253 0.2244163 0.0435707 0.0363429 0.0358579 0.1582241 0.0000000 0.0042608 0.0444605 0.0369457 0.0576456 0.0469231 0.0116817 0.0361952 0.0343845 0.0355877 0.0344161 0.0350655 0.0487760 0.0249995 0.0155308 0.0419833 0.0393937 0.0428799 0.1362343 0.1074496 0.1573048 0.0291711 0.0374965 0.0330964 0.1392069 0.1090149 0.0296921 0.0592133 0.0420043 0.1326546 0.0367026 0.0395740 0.0327975 0.1506785 0.0476235 0.0334226 0.0303844 0.0319895 0.1899232 0.0890027 
Perityle_harkerae_31                       0.1199523 0.1207989 0.0902655 0.3251587 0.1328380 0.1335697 0.2140124 0.2243894 0.0997739 0.1549983 0.0271786 0.0374189 0.0314513 0.0192980 0.0330063 0.0316858 0.1935776 0.0332012 0.0308368 0.0409220 0.0343545 0.0298160 0.0419201 0.0357873 0.0357941 0.0317631 0.0356976 0.1291093 0.3694224 0.1342649 0.1438999 0.1054045 0.0336536 0.0359845 0.0719330 0.2444154 0.0395752 0.0364776 0.0325489 0.1326873 0.0042608 0.0000000 0.0407729 0.0405149 0.0547792 0.0388954 0.0053009 0.0338990 0.0319344 0.0323732 0.0297844 0.0333390 0.0456098 0.0288897 0.0216528 0.0404429 0.0363689 0.0444662 0.1375833 0.1093651 0.1612986 0.0272880 0.0344395 0.0271058 0.1441416 0.1090607 0.0337412 0.0663567 0.0404426 0.1371681 0.0345156 0.0376804 0.0326172 0.1590336 0.0431874 0.0357520 0.0272319 0.0386330 0.1814253 0.0717383 
Perityle_hofmeisteria_4_nombre_de_dios     0.1298944 0.1280881 0.1197959 0.3631581 0.1462089 0.1412416 0.2651335 0.3298316 0.1509312 0.2049000 0.0380059 0.0546865 0.0423369 0.0251706 0.0495990 0.0622088 0.2127207 0.0477178 0.0463793 0.0516391 0.0384303 0.0505696 0.1111311 0.0522445 0.0494659 0.0546905 0.0572286 0.1480803 0.3748788 0.1593382 0.1622123 0.1374272 0.0470936 0.0465146 0.1485388 0.2289769 0.0100919 0.0533373 0.0527716 0.1730880 0.0444605 0.0407729 0.0000000 0.0524597 0.0718084 0.0769229 0.0537206 0.0519604 0.0554910 0.0507232 0.0509503 0.0495661 0.0559190 0.0341366 0.0313915 0.0542141 0.0568469 0.0608475 0.1606958 0.1200952 0.1742395 0.0402357 0.0535728 0.0459455 0.1500912 0.1362036 0.0450952 0.0736934 0.0632743 0.1568377 0.0533036 0.0540991 0.0533674 0.1731133 0.0586634 0.0502099 0.0447258 0.0423942 0.2264534 0.1093526 
Perityle_huecosensis_48                    0.1325181 0.1161171 0.1022807 0.3318817 0.1531280 0.1296446 0.2323693 0.2247744 0.1104428 0.1612411 0.0182532 0.0278707 0.0179113 0.0154805 0.0455864 0.0150867 0.2032753 0.0215017 0.0132777 0.0296463 0.0233171 0.0158037 0.0321261 0.0264131 0.0357266 0.0384633 0.0496447 0.1348256 0.3686920 0.1368265 0.1541272 0.1142989 0.0210741 0.0329591 0.1071114 0.1929921 0.0496332 0.0475362 0.0199666 0.1422256 0.0369457 0.0405149 0.0524597 0.0000000 0.0663346 0.0292628 0.0450717 0.0224863 0.0221756 0.0231940 0.0318482 0.0224715 0.0624638 0.0268431 0.0234479 0.0302047 0.0279434 0.0535366 0.1573340 0.1240052 0.1634251 0.0183309 0.0482974 0.0276788 0.1591387 0.1219278 0.0299055 0.0553318 0.0289549 0.1455051 0.0271517 0.0281663 0.0177500 0.1772144 0.0601962 0.0278056 0.0209971 0.0363815 0.2126554 0.0778721 
Perityle_incana_3_ucla                     0.0767025 0.0718383 0.0470866 0.2169060 0.0971134 0.0518404 0.1028676 0.1526036 0.0654703 0.1071663 0.0483731 0.0707501 0.0572939 0.0293485 0.0707628 0.0563744 0.0970905 0.0515691 0.0629406 0.0652929 0.0511920 0.0605766 0.0745037 0.0646575 0.0688692 0.0692956 0.0669266 0.0923615 0.3826179 0.1016713 0.0917013 0.0725493 0.0670989 0.0561653 0.0521864 0.4219083 0.0728985 0.0709122 0.0615822 0.0640174 0.0576456 0.0547792 0.0718084 0.0663346 0.0000000 0.0627213 0.0636422 0.0700600 0.0439550 0.0650999 0.0659548 0.0566407 0.0771468 0.0565049 0.0428459 0.0708919 0.0683062 0.0767821 0.1671047 0.0839997 0.2266328 0.0467410 0.0704668 0.0607612 0.0882602 0.0659326 0.0628025 0.0619090 0.0672592 0.1141191 0.0557807 0.0552367 0.0618462 0.0961949 0.0577724 0.0591591 0.0465936 0.0572888 0.0542082 0.0804783 
Perityle_inyoensis_9_pleasant              0.1181179 0.0904984 0.1287090 0.3296683 0.1421169 0.0891519 0.2303553 0.2432884 0.1480104 0.1825260 0.0418616 0.0131100 0.0162919 0.0138957 0.0459429 0.0374311 0.1926918 0.0185164 0.0313957 0.0046896 0.0231126 0.0371453 0.0877270 0.0230072 0.0643546 0.0615306 0.0639423 0.1252306 0.3663596 0.1868596 0.1527670 0.1211255 0.0215518 0.0330569 0.1282104 0.2059719 0.0771906 0.0500651 0.0222117 0.1551729 0.0469231 0.0388954 0.0769229 0.0292628 0.0627213 0.0000000 0.0577433 0.0218721 0.0393363 0.0410207 0.0311215 0.0241571 0.0600290 0.0269708 0.0208825 0.0264289 0.0240830 0.0501345 0.1507628 0.1201244 0.1631157 0.0388610 0.0619812 0.0427548 0.1451528 0.1456756 0.0282234 0.0537970 0.0390725 0.1246158 0.0199052 0.0180256 0.0276344 0.1705173 0.0783449 0.0218464 0.0413182 0.0261958 0.1959271 0.1058215 
Perityle_jaliscana_203                     0.1296899 0.1189851 0.1153631 0.3384915 0.1531986 0.1331459 0.2472751 0.2604900 0.1291178 0.1884939 0.0366962 0.0458213 0.0371128 0.0194623 0.0389810 0.0647017 0.2080920 0.0438217 0.0399214 0.0422012 0.0341000 0.0390574 0.0878406 0.0442280 0.0507221 0.0426512 0.0457750 0.1301714 0.3749746 0.1681350 0.1650729 0.1292031 0.0397646 0.0446197 0.0985380 0.2280837 0.0540827 0.0429531 0.0420043 0.1504222 0.0116817 0.0053009 0.0537206 0.0450717 0.0636422 0.0577433 0.0000000 0.0428132 0.0402086 0.0433073 0.0432511 0.0425521 0.0533355 0.0305467 0.0234554 0.0474777 0.0438232 0.0510962 0.1340693 0.1169403 0.1587850 0.0349327 0.0442338 0.0422486 0.1506748 0.1248041 0.0335683 0.0692465 0.0476899 0.1372307 0.0434052 0.0449729 0.0416915 0.1618210 0.0546166 0.0396378 0.0369546 0.0363108 0.1958678 0.1075702 
