80
Amauria_brandeegeana_62                    0.0000000 0.1907528 0.0677818 0.2473321 0.0592663 0.1963202 0.2618749 0.1141372 0.3596641 0.2538204 0.0727220 0.0685234 0.0675868 0.0755785 0.0589439 0.0581965 0.0569971 0.0706821 0.0591815 0.3157160 0.0618804 0.0581097 0.1784646 0.0661156 0.3093608 0.0482892 0.0760803 0.0677111 0.2430699 0.2224273 0.1987156 0.0492307 0.0644096 0.2758156 0.0695477 0.3095857 0.0855109 0.0420372 0.0691795 0.0544741 0.0734841 0.0779333 0.0871059 0.0648100 0.3233521 0.0678245 0.0444552 0.0690548 0.0689897 0.0662973 0.0650309 0.0663736 0.0745913 0.0768543 0.0623700 0.0610278 0.0559256 0.0644413 0.0680119 0.0698332 0.1947424 0.2203900 0.0714168 0.0759497 0.3584280 0.0772942 0.0497801 0.0999965 0.0660918 0.0658815 0.3132688 0.0696156 0.0612628 0.0496651 0.0673254 0.0654589 0.0715673 0.2916317 0.0686613 0.0361415 
Amauria_carterae_99_mesa                   0.1907528 0.0000000 0.2154859 0.2166297 0.1920132 0.0812920 0.2359533 0.2331024 0.2132031 0.0697686 0.2255217 0.2041855 0.1923098 0.1964101 0.1816563 0.1965661 0.2025990 0.2035069 0.2058019 0.1240921 0.2003423 0.1974569 0.1229041 0.2016197 0.1199379 0.1841486 0.2320746 0.2042832 0.2099258 0.0715801 0.0632299 0.2121859 0.2042428 0.0922452 0.2110246 0.0883828 0.2264253 0.1795001 0.2050511 0.1974891 0.1948210 0.2017488 0.2184685 0.2021639 0.1129000 0.2207327 0.1777027 0.1941856 0.1981540 0.2183080 0.1952720 0.2049199 0.2231284 0.1262717 0.2039220 0.1860849 0.1718842 0.2073555 0.1985156 0.2193572 0.1500524 0.2213669 0.2085658 0.2195633 0.1648747 0.2290013 0.1849740 0.1277957 0.2111568 0.1996164 0.1017738 0.1979109 0.2005152 0.1957821 0.2198331 0.1941656 0.2043534 0.2776983 0.1980845 0.1928033 
Amauria_rotundifolia_SRR9119150            0.0677818 0.2154859 0.0000000 0.2952801 0.0767107 0.2397571 0.2836631 0.1429394 0.3858948 0.3822951 0.1008950 0.0840868 0.0859337 0.0975464 0.0765321 0.1021541 0.0763961 0.0852903 0.0741800 0.3917630 0.0835642 0.0780253 0.2043586 0.0826851 0.3921935 0.0949430 0.1172795 0.0854725 0.3247368 0.2540215 0.2178662 0.0680986 0.0863240 0.4851066 0.0832617 0.3896897 0.1032311 0.0625438 0.1039507 0.0744177 0.0870677 0.1002137 0.1136808 0.0817625 0.4004246 0.0818347 0.0508698 0.0881707 0.1053572 0.1441764 0.0865519 0.0872741 0.0870278 0.0725779 0.0900850 0.0706074 0.0687921 0.0793031 0.0840724 0.1003305 0.2484259 0.2642538 0.0956247 0.1166228 0.4520893 0.1083795 0.1082644 0.1018022 0.0982528 0.0839694 0.3636490 0.1058378 0.0819418 0.0777029 0.0902231 0.0811103 0.0842585 0.3331676 0.0848696 0.0548831 
Conoclinium_coelestinum_SRR9119114         0.2473321 0.2166297 0.2952801 0.0000000 0.2740704 0.2227029 0.3541989 0.2578832 0.4588222 0.2752681 0.3047682 0.2803246 0.2695411 0.2714073 0.2697057 0.2726028 0.2683530 0.3065979 0.2498534 0.2982422 0.2867692 0.2390944 0.2018927 0.2493073 0.2829161 0.2575949 0.2996793 0.2819296 0.3265405 0.2798547 0.2442878 0.2619553 0.2682994 0.2990288 0.2876668 0.2853083 0.2786894 0.2707279 0.2755340 0.2792318 0.2732162 0.2677410 0.2814552 0.2652677 0.3191056 0.2842341 0.2293833 0.2627980 0.2643685 0.2860908 0.2655290 0.2724679 0.2964475 0.1728938 0.2734509 0.2613370 0.2317349 0.2566392 0.2647655 0.2635798 0.1692451 0.3438318 0.2776403 0.2825290 0.3472274 0.2794735 0.2575304 0.1747226 0.2701570 0.2489811 0.3047932 0.2637146 0.2653457 0.2662858 0.2802180 0.2476223 0.2737522 0.4219980 0.2610461 0.2395917 
Eutetras_palmeri_63                        0.0592663 0.1920132 0.0767107 0.2740704 0.0000000 0.1959827 0.2711515 0.1315534 0.3573409 0.2793758 0.0750648 0.0765012 0.0809928 0.0907924 0.0626133 0.0626306 0.0636464 0.0651168 0.0724708 0.3147288 0.0705416 0.0723927 0.1905606 0.0783121 0.3110403 0.0568027 0.0739438 0.0737740 0.2234860 0.2239608 0.1956341 0.0556080 0.0759945 0.3167368 0.0743079 0.3030986 0.0935300 0.0515633 0.0792134 0.0633973 0.0898355 0.0930431 0.0999519 0.0796463 0.3217434 0.0743490 0.0496993 0.0835997 0.0860866 0.0850150 0.0797452 0.0728491 0.0725630 0.0558037 0.0763063 0.0619599 0.0608328 0.0764548 0.0806315 0.0822259 0.2392098 0.1873928 0.0751078 0.0912658 0.3311380 0.0836658 0.0620453 0.1031716 0.0787638 0.0777936 0.2903961 0.0869208 0.0785750 0.0584891 0.0759585 0.0795126 0.0752794 0.2653668 0.0842448 0.0411290 
Eutetras_pringlei_149_quer                 0.1963202 0.0812920 0.2397571 0.2227029 0.1959827 0.0000000 0.3068971 0.2538652 0.2574588 0.0419091 0.2290507 0.2110492 0.1829608 0.1939835 0.2063965 0.1998969 0.1992654 0.2387020 0.1949653 0.0862168 0.2097666 0.1902345 0.1127608 0.2034161 0.0738031 0.1887378 0.2273447 0.2049139 0.2309207 0.0730664 0.0656381 0.2236275 0.2257197 0.0709425 0.2204878 0.0555061 0.2271011 0.2080057 0.2123489 0.2035135 0.1976880 0.2066588 0.2214555 0.2006851 0.0861446 0.2209160 0.1934285 0.1847243 0.1891593 0.2309911 0.1931244 0.2040267 0.2214142 0.1486521 0.2063397 0.2184961 0.1972968 0.2041361 0.1863574 0.2387790 0.1006791 0.2207821 0.2118239 0.2326713 0.1181370 0.2397275 0.1980479 0.1571334 0.2204638 0.2024899 0.0763169 0.1893312 0.1925347 0.1972869 0.2326713 0.1810383 0.2025605 0.2720152 0.1880554 0.1899141 
Eutrochium_fistulosum_SRR9119106           0.2618749 0.2359533 0.2836631 0.3541989 0.2711515 0.3068971 0.0000000 0.2673949 0.4941066 0.3794038 0.2906118 0.2868768 0.2709507 0.2835442 0.2646870 0.2688063 0.2784258 0.3112305 0.2403352 0.4418670 0.2817607 0.2469776 0.1858302 0.2506263 0.4222826 0.2690918 0.2942777 0.2901723 0.2776831 0.3136335 0.2867602 0.2609906 0.2731206 0.4207450 0.2916324 0.4255116 0.2857440 0.2441051 0.2846135 0.2549627 0.2862824 0.2845119 0.3008416 0.2665786 0.3960057 0.2853238 0.2017915 0.2806413 0.2776889 0.2720180 0.2752336 0.2894466 0.2925365 0.0977637 0.2984375 0.2395617 0.2151004 0.2514824 0.2702206 0.2673936 0.3083735 0.3183526 0.2953277 0.2648674 0.4693954 0.2861468 0.2645424 0.1461711 0.2627346 0.2503209 0.4176649 0.2776954 0.2588003 0.2776414 0.2775683 0.2373913 0.2925229 0.4087716 0.2785535 0.2504537 
Galeana_pratensis_104_mex                  0.1141372 0.2331024 0.1429394 0.2578832 0.1315534 0.2538652 0.2673949 0.0000000 0.3259984 0.2522595 0.1488665 0.1290592 0.1258197 0.1352406 0.1252544 0.1182806 0.1234615 0.1724610 0.1409933 0.2755690 0.1279679 0.1335932 0.1873035 0.1302318 0.2663667 0.1127837 0.1516267 0.1436562 0.1946764 0.2583484 0.2426486 0.1356768 0.1479912 0.2775759 0.1380304 0.2645482 0.1589459 0.1186251 0.1426564 0.1125553 0.1316358 0.1377225 0.1634681 0.1329927 0.2842116 0.1369994 0.1153844 0.1333215 0.1318967 0.1350178 0.1302855 0.1321868 0.1484306 0.1107078 0.1330220 0.1490988 0.1140319 0.1323625 0.1322997 0.1486705 0.2050142 0.1743938 0.1292477 0.1385119 0.2981411 0.1403530 0.1108991 0.1403917 0.1358450 0.1285051 0.2712564 0.1325689 0.1301340 0.1254800 0.1349241 0.1286815 0.1259517 0.2726639 0.1305409 0.1114261 
Helianthus_annuus_SRR9119062               0.3596641 0.2132031 0.3858948 0.4588222 0.3573409 0.2574588 0.4941066 0.3259984 0.0000000 0.3391691 0.4007863 0.3815272 0.3811509 0.3521988 0.3069925 0.3542258 0.3668358 0.3115298 0.3053164 0.3932707 0.3728318 0.2908926 0.1878769 0.3621198 0.3820176 0.3529123 0.3964629 0.3943387 0.4787218 0.2669141 0.2236184 0.4089230 0.4018151 0.3631294 0.3825696 0.3989574 0.3852682 0.3054216 0.3832373 0.3268562 0.3827128 0.3835699 0.3956126 0.3730726 0.4230353 0.3778717 0.2823461 0.3772847 0.3772709 0.3915131 0.3746405 0.3756299 0.3957601 0.1312620 0.3367607 0.2624051 0.2638214 0.3675117 0.3720571 0.3374817 0.4119648 0.3586528 0.3781616 0.3610386 0.4374909 0.4048661 0.3645801 0.2994853 0.3367907 0.3655569 0.4004533 0.3745048 0.3724214 0.3242275 0.3602422 0.3423755 0.3775091 0.4395641 0.3724012 0.5239493 
Lycapsus_tenuifolius_17                    0.2538204 0.0697686 0.3822951 0.2752681 0.2793758 0.0419091 0.3794038 0.2522595 0.3391691 0.0000000 0.3525982 0.3421937 0.3219950 0.2837702 0.2231408 0.2946333 0.3345877 0.2329007 0.2298560 0.0878770 0.3241439 0.2086079 0.0792229 0.2787009 0.1293625 0.3289206 0.3667011 0.3344190 0.4256787 0.0303593 0.0237757 0.3168416 0.3518611 0.0701182 0.3376436 0.0147640 0.3395182 0.2509185 0.3370820 0.2588646 0.3358366 0.3051665 0.3487818 0.2930322 0.0777301 0.3381255 0.2090117 0.3298723 0.3334696 0.3635579 0.2830389 0.3313769 0.3322795 0.1084181 0.2616067 0.1880447 0.2111721 0.2843705 0.2938488 0.2582912 0.1837739 0.3143668 0.3408454 0.3135046 0.2500088 0.3194973 0.3444790 0.1610325 0.2600757 0.2799949 0.0403201 0.3330818 0.2806984 0.2844729 0.2847182 0.2316444 0.3235999 0.3402063 0.3280907 0.3071046 
Pericome_caudata_50_silver                 0.0727220 0.2255217 0.1008950 0.3047682 0.0750648 0.2290507 0.2906118 0.1488665 0.4007863 0.3525982 0.0000000 0.0975082 0.0975102 0.1075352 0.0836399 0.0870578 0.0822209 0.0905627 0.0723477 0.3989533 0.0876176 0.0801270 0.2019598 0.0849733 0.3878515 0.0824422 0.1004723 0.0868819 0.3115396 0.2522007 0.2191805 0.0731735 0.0877458 0.4160627 0.0871980 0.3819668 0.1078805 0.0676353 0.0793867 0.0704921 0.1019124 0.1169086 0.1068864 0.0868847 0.3947636 0.0881197 0.0572251 0.1060098 0.1080418 0.0907113 0.0981126 0.0918133 0.0883999 0.0769048 0.0876303 0.0769896 0.0707913 0.0859560 0.0927905 0.1022301 0.2476198 0.2512924 0.0983863 0.1193289 0.4282922 0.0985874 0.1019939 0.1068182 0.0968295 0.0854616 0.3682819 0.1066628 0.0859403 0.0776006 0.0812064 0.0872795 0.0948779 0.3299513 0.1007379 0.0682260 
Perityle_aglossa_84_dead_horse             0.0685234 0.2041855 0.0840868 0.2803246 0.0765012 0.2110492 0.2868768 0.1290592 0.3815272 0.3421937 0.0975082 0.0000000 0.0625578 0.0731832 0.0398406 0.0320119 0.0295386 0.0847066 0.0754554 0.3646996 0.0289522 0.0516607 0.1770489 0.0741652 0.3623001 0.0322956 0.0632279 0.0796363 0.3332215 0.2356946 0.2046142 0.0700739 0.0773351 0.3992240 0.0357291 0.3552072 0.0820883 0.0214558 0.0886127 0.0322644 0.0823578 0.0756199 0.0793861 0.0509476 0.3814641 0.0357327 0.0335465 0.0598455 0.0627150 0.0453840 0.0608493 0.0395553 0.0602210 0.0261496 0.0850251 0.0732780 0.0355250 0.0471468 0.0682354 0.1014166 0.2372015 0.2580206 0.0097299 0.1081927 0.4359135 0.0853877 0.0833957 0.0902673 0.0510078 0.0616625 0.3432967 0.0600122 0.0505656 0.0263510 0.0650714 0.0536671 0.0089693 0.3418459 0.0586067 0.0492677 
Perityle_ajoensis_204                      0.0675868 0.1923098 0.0859337 0.2695411 0.0809928 0.1829608 0.2709507 0.1258197 0.3811509 0.3219950 0.0975102 0.0625578 0.0000000 0.0227838 0.0464107 0.0591932 0.0527397 0.0970935 0.0694440 0.3641338 0.0622183 0.0097611 0.1654380 0.0203688 0.3677202 0.0398191 0.0815008 0.0860831 0.2903526 0.2186172 0.1902798 0.0745848 0.0847474 0.3582822 0.0637037 0.3461295 0.0962483 0.0423348 0.0889058 0.0499809 0.0194498 0.0263651 0.0966250 0.0113934 0.3489333 0.0635567 0.0422545 0.0149143 0.0148819 0.0587945 0.0110541 0.0656088 0.0739294 0.0516456 0.0756988 0.0759081 0.0492538 0.0108393 0.0126474 0.0865318 0.2252106 0.2469406 0.0598743 0.1009477 0.3952452 0.1037221 0.0913949 0.0788289 0.0681284 0.0211384 0.3340935 0.0148278 0.0132813 0.0552089 0.0796092 0.0167145 0.0621572 0.3352975 0.0134007 0.0589862 
Perityle_ambrosiifolia_67_green            0.0755785 0.1964101 0.0975464 0.2714073 0.0907924 0.1939835 0.2835442 0.1352406 0.3521988 0.2837702 0.1075352 0.0731832 0.0227838 0.0000000 0.0487562 0.0657758 0.0549703 0.1020193 0.0804933 0.3267797 0.0705197 0.0205834 0.1683324 0.0082322 0.3411478 0.0489098 0.0935649 0.0929609 0.2454018 0.2277571 0.1897616 0.0886713 0.0970759 0.3256979 0.0681106 0.3097937 0.1093047 0.0515001 0.1007735 0.0588522 0.0008034 0.0136247 0.1074506 0.0240160 0.3171840 0.0694282 0.0548498 0.0254223 0.0245519 0.0716822 0.0171800 0.0746200 0.0870016 0.0595409 0.0826822 0.0764673 0.0539914 0.0237293 0.0224492 0.0917201 0.2307037 0.2188274 0.0718103 0.0994686 0.3625213 0.1087270 0.1004471 0.0833380 0.0704770 0.0081863 0.2981212 0.0244302 0.0255296 0.0621382 0.0889203 0.0269440 0.0733795 0.2991267 0.0228886 0.0690956 
Perityle_angustifolia_13_Eagle_creek       0.0589439 0.1816563 0.0765321 0.2697057 0.0626133 0.2063965 0.2646870 0.1252544 0.3069925 0.2231408 0.0836399 0.0398406 0.0464107 0.0487562 0.0000000 0.0242810 0.0184507 0.0801516 0.0655428 0.2515819 0.0345272 0.0402048 0.1695412 0.0364143 0.2317161 0.0218474 0.0652263 0.0673328 0.1184386 0.2210321 0.1989042 0.0609714 0.0623505 0.2522526 0.0245240 0.2368296 0.0633285 0.0153825 0.0723193 0.0226120 0.0451567 0.0490692 0.0610782 0.0434139 0.2723161 0.0180418 0.0172456 0.0443358 0.0466575 0.0336739 0.0407742 0.0278770 0.0629908 0.0000010 0.0689783 0.0639589 0.0217651 0.0403756 0.0448358 0.0756547 0.2066340 0.0876243 0.0355457 0.0881966 0.2766536 0.0590599 0.0468006 0.0754993 0.0190292 0.0361504 0.2486703 0.0476326 0.0433295 0.0172300 0.0468152 0.0385020 0.0356577 0.1866276 0.0466480 0.0318578 
Perityle_batopilensis_97                   0.0581965 0.1965661 0.1021541 0.2726028 0.0626306 0.1998969 0.2688063 0.1182806 0.3542258 0.2946333 0.0870578 0.0320119 0.0591932 0.0657758 0.0242810 0.0000000 0.0182301 0.0654052 0.0567813 0.3298473 0.0280577 0.0415536 0.1701850 0.0469792 0.3445036 0.0288756 0.0528698 0.0597315 0.2210019 0.2317008 0.1946978 0.0548488 0.0626768 0.3485439 0.0284471 0.3116361 0.0690789 0.0120577 0.0815470 0.0044977 0.0624136 0.0683448 0.0753177 0.0464750 0.3253052 0.0281864 0.0199614 0.0647463 0.0743133 0.0374325 0.0505378 0.0288198 0.0466991 0.0100007 0.0701911 0.0566752 0.0229223 0.0446844 0.0507611 0.0873574 0.2238335 0.2065040 0.0452367 0.0937967 0.3792043 0.0723037 0.0995306 0.0772989 0.0431963 0.0467831 0.3038861 0.0724616 0.0428360 0.0151662 0.0497176 0.0480659 0.0319554 0.2976736 0.0604995 0.0368220 
Perityle_bisetosa_9                        0.0569971 0.2025990 0.0763961 0.2683530 0.0636464 0.1992654 0.2784258 0.1234615 0.3668358 0.3345877 0.0822209 0.0295386 0.0527397 0.0549703 0.0184507 0.0182301 0.0000000 0.0684754 0.0608032 0.3543860 0.0204754 0.0401209 0.1685865 0.0355526 0.3415996 0.0174678 0.0504284 0.0691069 0.3238944 0.2322580 0.1978214 0.0608582 0.0627835 0.3803850 0.0119071 0.3499875 0.0637598 0.0029501 0.0729532 0.0176307 0.0470073 0.0570569 0.0650761 0.0452733 0.3789569 0.0100128 0.0120619 0.0581983 0.0588742 0.0250136 0.0434204 0.0196623 0.0471641 0.0039563 0.0763029 0.0582313 0.0169738 0.0443433 0.0480928 0.0868350 0.2303997 0.2577848 0.0275343 0.0960361 0.4170933 0.0674778 0.0778678 0.0727378 0.0219859 0.0353445 0.3399069 0.0571594 0.0401100 0.0091400 0.0463974 0.0429326 0.0258565 0.3433100 0.0544777 0.0356828 
Perityle_californica_76_positas            0.0706821 0.2035069 0.0852903 0.3065979 0.0651168 0.2387020 0.3112305 0.1724610 0.3115298 0.2329007 0.0905627 0.0847066 0.0970935 0.1020193 0.0801516 0.0654052 0.0684754 0.0000000 0.0832472 0.2658515 0.0740335 0.0898908 0.1876114 0.0917104 0.2559761 0.0641370 0.0820517 0.0810496 0.1344234 0.2081267 0.1960531 0.0011837 0.0621381 0.2699093 0.0844342 0.2495489 0.1092481 0.0684565 0.0845630 0.0666941 0.1009519 0.1075813 0.1081574 0.0990052 0.2797355 0.0797646 0.0667262 0.0979141 0.0994140 0.0912551 0.0927572 0.0862935 0.0842522 0.0783325 0.0919538 0.0774671 0.0877708 0.0970290 0.0989532 0.0907413 0.2586881 0.0883832 0.0806145 0.0993542 0.3042402 0.0966772 0.0647102 0.1175339 0.0872730 0.0923961 0.2385267 0.0988022 0.0991379 0.0734133 0.0957292 0.0873752 0.0801462 0.1751586 0.0961321 0.0012136 
Perityle_canescens_77                      0.0591815 0.2058019 0.0741800 0.2498534 0.0724708 0.1949653 0.2403352 0.1409933 0.3053164 0.2298560 0.0723477 0.0754554 0.0694440 0.0804933 0.0655428 0.0567813 0.0608032 0.0832472 0.0000000 0.2735604 0.0648940 0.0717886 0.1878040 0.0769157 0.2608151 0.0488609 0.0800263 0.0754867 0.1810195 0.2270892 0.1980423 0.0689985 0.0771316 0.2604036 0.0744337 0.2602490 0.0750474 0.0555592 0.0144716 0.0522330 0.0768487 0.0785156 0.0767194 0.0717109 0.2753212 0.0705072 0.0544722 0.0688181 0.0708547 0.0747312 0.0679682 0.0677798 0.0782951 0.0521702 0.0663221 0.0673062 0.0574273 0.0702377 0.0710737 0.1002455 0.1845455 0.1712597 0.0758365 0.0735989 0.2920123 0.0894371 0.0380895 0.0781574 0.0707462 0.0767519 0.2726090 0.0717292 0.0731103 0.0607749 0.0849461 0.0704270 0.0764378 0.2763967 0.0697381 0.0447836 
Perityle_castillonii_96                    0.3157160 0.1240921 0.3917630 0.2982422 0.3147288 0.0862168 0.4418670 0.2755690 0.3932707 0.0878770 0.3989533 0.3646996 0.3641338 0.3267797 0.2515819 0.3298473 0.3543860 0.2658515 0.2735604 0.0000000 0.3662087 0.2513311 0.0862993 0.3220888 0.0585530 0.3562351 0.3965514 0.3818418 0.4239628 0.0937055 0.0909242 0.3526797 0.3832821 0.1421625 0.3709006 0.0933232 0.3773268 0.2727765 0.3760295 0.2931968 0.3641736 0.3472261 0.3736293 0.3357890 0.1251730 0.3679654 0.2406689 0.3511127 0.3573722 0.3671862 0.3269307 0.3716612 0.3820963 0.1342192 0.2942592 0.2302338 0.2469664 0.3302322 0.3327836 0.2979407 0.2138313 0.3635943 0.3609314 0.3608826 0.2531314 0.3670829 0.3729288 0.1744553 0.3137855 0.3231209 0.1102390 0.3531759 0.3294840 0.3068784 0.3111111 0.2942562 0.3544977 0.3893242 0.3520498 0.3409949 
Perityle_cernua_84                         0.0618804 0.2003423 0.0835642 0.2867692 0.0705416 0.2097666 0.2817607 0.1279679 0.3728318 0.3241439 0.0876176 0.0289522 0.0622183 0.0705197 0.0345272 0.0280577 0.0204754 0.0740335 0.0648940 0.3662087 0.0000000 0.0454844 0.1698932 0.0486494 0.3688930 0.0235328 0.0604260 0.0724918 0.2624851 0.2261893 0.2005596 0.0664522 0.0677310 0.3714648 0.0283644 0.3448021 0.0733001 0.0155425 0.0800450 0.0268986 0.0633913 0.0706857 0.0738402 0.0525316 0.3661810 0.0276868 0.0205324 0.0632656 0.0655764 0.0329122 0.0575343 0.0267260 0.0564703 0.0140328 0.0825395 0.0616357 0.0266865 0.0509402 0.0561977 0.0942793 0.2398917 0.2256629 0.0276561 0.1009042 0.4040843 0.0777901 0.0828533 0.0866192 0.0439510 0.0502578 0.3346378 0.0636697 0.0500929 0.0164047 0.0554514 0.0489025 0.0284158 0.3199218 0.0599751 0.0433873 
Perityle_cfvillosa_25_tin                  0.0581097 0.1974569 0.0780253 0.2390944 0.0723927 0.1902345 0.2469776 0.1335932 0.2908926 0.2086079 0.0801270 0.0516607 0.0097611 0.0205834 0.0402048 0.0415536 0.0401209 0.0898908 0.0717886 0.2513311 0.0454844 0.0000000 0.1666842 0.0185650 0.2454404 0.0172541 0.0728526 0.0786850 0.2087422 0.2206445 0.1926570 0.0709727 0.0755972 0.2280519 0.0536001 0.2282242 0.0828269 0.0397974 0.0717953 0.0382782 0.0167374 0.0225108 0.0826699 0.0018959 0.2486713 0.0526581 0.0479149 0.0028517 0.0018996 0.0517670 0.0087507 0.0481679 0.0680689 0.0516996 0.0702304 0.0814504 0.0504227 0.0018917 0.0018929 0.0824219 0.1726283 0.1846652 0.0530333 0.0859708 0.2692460 0.0835509 0.0483581 0.0787492 0.0532004 0.0185334 0.2387655 0.0028346 0.0028785 0.0414933 0.0807871 0.0159263 0.0531033 0.2787598 0.0018885 0.0417101 
Perityle_cinerea_113_Powell1310            0.1784646 0.1229041 0.2043586 0.2018927 0.1905606 0.1127608 0.1858302 0.1873035 0.1878769 0.0792229 0.2019598 0.1770489 0.1654380 0.1683324 0.1695412 0.1701850 0.1685865 0.1876114 0.1878040 0.0862993 0.1698932 0.1666842 0.0000000 0.1774199 0.0781581 0.1687025 0.1964791 0.1875413 0.1953651 0.0965803 0.0941511 0.1819679 0.1829425 0.0968754 0.1745246 0.0738753 0.1849193 0.1659966 0.2001625 0.1722756 0.1768635 0.1854879 0.1857072 0.1775948 0.1028931 0.1703624 0.1494646 0.1632130 0.1652039 0.1782418 0.1795102 0.1717486 0.1982795 0.1362775 0.1816947 0.1745331 0.1506025 0.1801742 0.1694412 0.1878492 0.1294612 0.2026306 0.1714563 0.2151561 0.1564077 0.1764268 0.1663736 0.1748310 0.1734348 0.1767608 0.0958738 0.1681458 0.1722363 0.1691002 0.1762431 0.1574906 0.1643986 0.2258719 0.1682953 0.1577353 
Perityle_coahuilensis_24                   0.0661156 0.2016197 0.0826851 0.2493073 0.0783121 0.2034161 0.2506263 0.1302318 0.3621198 0.2787009 0.0849733 0.0741652 0.0203688 0.0082322 0.0364143 0.0469792 0.0355526 0.0917104 0.0769157 0.3220888 0.0486494 0.0185650 0.1774199 0.0000000 0.2964903 0.0235378 0.0897278 0.0875564 0.3379934 0.2335869 0.1960345 0.0764535 0.0775920 0.3114629 0.0474374 0.3273662 0.0839998 0.0418247 0.0743501 0.0459723 0.0049478 0.0069408 0.0831338 0.0223950 0.3444568 0.0490175 0.0509673 0.0272297 0.0267881 0.0522401 0.0150783 0.0487750 0.0661812 0.0505573 0.0739350 0.0803262 0.0488342 0.0256038 0.0430541 0.0900257 0.1823481 0.2706335 0.0744837 0.0842422 0.3898751 0.0881225 0.0527811 0.0764544 0.0537150 0.0017828 0.3282822 0.0249090 0.0214746 0.0441836 0.0859644 0.0269998 0.0534583 0.3408203 0.0353001 0.0473614 
Perityle_cochisensis_44_cave_creek         0.3093608 0.1199379 0.3921935 0.2829161 0.3110403 0.0738031 0.4222826 0.2663667 0.3820176 0.1293625 0.3878515 0.3623001 0.3677202 0.3411478 0.2317161 0.3445036 0.3415996 0.2559761 0.2608151 0.0585530 0.3688930 0.2454404 0.0781581 0.2964903 0.0000000 0.3388125 0.3918984 0.3560037 0.3588069 0.0836689 0.0809066 0.3223494 0.3633174 0.1619596 0.3626194 0.0922423 0.3776176 0.2561759 0.3842393 0.2818276 0.3653123 0.3664093 0.3746632 0.3131123 0.1119200 0.3580908 0.2300171 0.3565221 0.3633686 0.3733965 0.3388896 0.3611288 0.3679177 0.1173329 0.2841108 0.2212901 0.2283572 0.3067063 0.3176944 0.2873503 0.2229944 0.3487999 0.3545094 0.3640437 0.2351380 0.3676478 0.3639110 0.1514855 0.3042207 0.2977085 0.0989998 0.3598939 0.3117592 0.3109012 0.2987081 0.2953832 0.3517987 0.3785471 0.3573094 0.3474497 
Perityle_congesta_202                      0.0482892 0.1841486 0.0949430 0.2575949 0.0568027 0.1887378 0.2690918 0.1127837 0.3529123 0.3289206 0.0824422 0.0322956 0.0398191 0.0489098 0.0218474 0.0288756 0.0174678 0.0641370 0.0488609 0.3562351 0.0235328 0.0172541 0.1687025 0.0235378 0.3388125 0.0000000 0.0515599 0.0669711 0.3028247 0.2173347 0.1822850 0.0518954 0.0622060 0.3784157 0.0249236 0.3466678 0.0678075 0.0069410 0.0749756 0.0178189 0.0414953 0.0496805 0.0719191 0.0256817 0.3657480 0.0224003 0.0164838 0.0450376 0.0540758 0.0310993 0.0349204 0.0057483 0.0447409 0.0061270 0.0681209 0.0530967 0.0203658 0.0249631 0.0325297 0.0766174 0.2233185 0.2386867 0.0471063 0.0939740 0.4087761 0.0729430 0.0898954 0.0608894 0.0338530 0.0234157 0.3251580 0.0545642 0.0215621 0.0125134 0.0494146 0.0232576 0.0287587 0.3244865 0.0418955 0.0340326 
Perityle_cordifolia_27                     0.0760803 0.2320746 0.1172795 0.2996793 0.0739438 0.2273447 0.2942777 0.1516267 0.3964629 0.3667011 0.1004723 0.0632279 0.0815008 0.0935649 0.0652263 0.0528698 0.0504284 0.0820517 0.0800263 0.3965514 0.0604260 0.0728526 0.1964791 0.0897278 0.3918984 0.0515599 0.0000000 0.0747679 0.3498350 0.2534365 0.2147581 0.0676972 0.0782479 0.4230451 0.0594534 0.3775691 0.0955086 0.0512494 0.0966150 0.0536245 0.1015479 0.0948063 0.0962815 0.0692883 0.4037031 0.0567156 0.0544403 0.0815115 0.0881638 0.0671803 0.0756393 0.0595178 0.0029128 0.0709186 0.0865825 0.0652235 0.0547823 0.0704079 0.0875063 0.0987545 0.2513918 0.1948149 0.0748111 0.1101990 0.4534693 0.1041300 0.1053355 0.1065390 0.0819630 0.0729530 0.3598359 0.0868686 0.0686202 0.0585888 0.0894116 0.0750277 0.0568894 0.3350940 0.0818889 0.0337558 
Perityle_cordifolia_68_tecolote            0.0677111 0.2042832 0.0854725 0.2819296 0.0737740 0.2049139 0.2901723 0.1436562 0.3943387 0.3344190 0.0868819 0.0796363 0.0860831 0.0929609 0.0673328 0.0597315 0.0691069 0.0810496 0.0754867 0.3818418 0.0724918 0.0786850 0.1875413 0.0875564 0.3560037 0.0669711 0.0747679 0.0000000 0.3434134 0.2342253 0.2045504 0.0770992 0.0766712 0.3704390 0.0735195 0.3767374 0.0941776 0.0586878 0.0834927 0.0618564 0.0949191 0.0976943 0.0984169 0.0799501 0.3998270 0.0733886 0.0551180 0.0892202 0.0910784 0.0871552 0.0857208 0.0731162 0.0671028 0.0690304 0.0855481 0.0086595 0.0651501 0.0827660 0.0880228 0.0967335 0.2355747 0.2657894 0.0804460 0.0985659 0.4397576 0.0953589 0.0796765 0.0947641 0.0841668 0.0873348 0.3618985 0.0910608 0.0779424 0.0679605 0.0891168 0.0861814 0.0733240 0.3513988 0.0882859 0.0404382 
Perityle_coronopifolia_28_patagonia        0.2430699 0.2099258 0.3247368 0.3265405 0.2234860 0.2309207 0.2776831 0.1946764 0.4787218 0.4256787 0.3115396 0.3332215 0.2903526 0.2454018 0.1184386 0.2210019 0.3238944 0.1344234 0.1810195 0.4239628 0.2624851 0.2087422 0.1953651 0.3379934 0.3588069 0.3028247 0.3498350 0.3434134 0.0000000 0.2638559 0.1953824 0.3165876 0.3539782 0.4817727 0.3117098 0.4941273 0.2991924 0.1823028 0.2375913 0.1798556 0.3437695 0.2596113 0.3322198 0.3099981 0.4906421 0.3085073 0.1843799 0.3224837 0.3250442 0.3408260 0.2412862 0.3043535 0.3100191 0.0909003 0.2066839 0.1071286 0.1900078 0.3216830 0.3325621 0.2176893 0.2746856 0.4025307 0.3421273 0.2474817 0.5486833 0.2727380 0.2979909 0.1077376 0.2326962 0.3402000 0.4702452 0.3213573 0.3012429 0.2104707 0.2283005 0.2556812 0.3131445 0.4517479 0.3430659 0.2432505 
Perityle_crassifolia_70_ventanas           0.2224273 0.0715801 0.2540215 0.2798547 0.2239608 0.0730664 0.3136335 0.2583484 0.2669141 0.0303593 0.2522007 0.2356946 0.2186172 0.2277571 0.2210321 0.2317008 0.2322580 0.2081267 0.2270892 0.0937055 0.2261893 0.2206445 0.0965803 0.2335869 0.0836689 0.2173347 0.2534365 0.2342253 0.2638559 0.0000000 0.0028740 0.2394542 0.2441292 0.0507529 0.2471321 0.0244041 0.2632626 0.2344647 0.2357776 0.2396856 0.2314205 0.2382746 0.2539331 0.2321429 0.0801895 0.2455462 0.2181223 0.2176207 0.2217402 0.2481107 0.2231216 0.2326140 0.2458227 0.1403017 0.2245814 0.2154249 0.2263958 0.2338963 0.2169154 0.2425358 0.1536275 0.2452267 0.2403649 0.2471399 0.1357826 0.2470935 0.2183294 0.1917499 0.2468641 0.2325258 0.0185908 0.2215675 0.2240900 0.2272768 0.2430443 0.2134307 0.2342688 0.2812647 0.2181392 0.2089776 
Perityle_crassifolia_74_playa_balandra     0.1987156 0.0632299 0.2178662 0.2442878 0.1956341 0.0656381 0.2867602 0.2426486 0.2236184 0.0237757 0.2191805 0.2046142 0.1902798 0.1897616 0.1989042 0.1946978 0.1978214 0.1960531 0.1980423 0.0909242 0.2005596 0.1926570 0.0941511 0.1960345 0.0809066 0.1822850 0.2147581 0.2045504 0.1953824 0.0028740 0.0000000 0.2055464 0.2110743 0.0451632 0.2187295 0.0206031 0.2302102 0.2055554 0.1993138 0.2037402 0.1985116 0.2010172 0.2228496 0.1982425 0.0708560 0.2124276 0.1898129 0.1887524 0.1934397 0.2149738 0.1953887 0.2054512 0.2145230 0.1291483 0.1906268 0.2021316 0.1996499 0.2003288 0.1885484 0.2089011 0.1257677 0.2167528 0.2065888 0.2191998 0.1378696 0.2149875 0.1921183 0.1749936 0.2121956 0.1950990 0.0205681 0.1935064 0.1956021 0.1993502 0.2175532 0.1860597 0.1983232 0.2437071 0.1899006 0.1755278 
Perityle_cuneata_34_cuneata_San_antonio    0.0492307 0.2121859 0.0680986 0.2619553 0.0556080 0.2236275 0.2609906 0.1356768 0.4089230 0.3168416 0.0731735 0.0700739 0.0745848 0.0886713 0.0609714 0.0548488 0.0608582 0.0011837 0.0689985 0.3526797 0.0664522 0.0709727 0.1819679 0.0764535 0.3223494 0.0518954 0.0676972 0.0770992 0.3165876 0.2394542 0.2055464 0.0000000 0.0581317 0.3495441 0.0692434 0.3590313 0.0886416 0.0501539 0.0732595 0.0537443 0.0815445 0.0919817 0.0903234 0.0747709 0.3826738 0.0666896 0.0444830 0.0726601 0.0760223 0.0752430 0.0765454 0.0657490 0.0671691 0.0668073 0.0674115 0.0628545 0.0647594 0.0722537 0.0742473 0.0758421 0.2050152 0.2733092 0.0676128 0.0797674 0.4018768 0.0846738 0.0450885 0.0959657 0.0744580 0.0769654 0.3472054 0.0747781 0.0763582 0.0585247 0.0788614 0.0788008 0.0667843 0.3434918 0.0732199 0.0036580 
Perityle_cuneata_4                         0.0644096 0.2042428 0.0863240 0.2682994 0.0759945 0.2257197 0.2731206 0.1479912 0.4018151 0.3518611 0.0877458 0.0773351 0.0847474 0.0970759 0.0623505 0.0626768 0.0627835 0.0621381 0.0771316 0.3832821 0.0677310 0.0755972 0.1829425 0.0775920 0.3633174 0.0622060 0.0782479 0.0766712 0.3539782 0.2441292 0.2110743 0.0581317 0.0000000 0.3996467 0.0724305 0.3857888 0.0918278 0.0517036 0.0855153 0.0595873 0.0876669 0.0979792 0.0980559 0.0777171 0.4057141 0.0653943 0.0451547 0.0880402 0.0911987 0.0777009 0.0825076 0.0720123 0.0736258 0.0580823 0.0823679 0.0681211 0.0610714 0.0803381 0.0829189 0.0965033 0.2284330 0.2646583 0.0761547 0.1009346 0.4192814 0.0954219 0.0761261 0.1042150 0.0776935 0.0781535 0.3673609 0.0882491 0.0743846 0.0646013 0.0834253 0.0769099 0.0752528 0.3448744 0.0870156 0.0382592 
Perityle_discoidea_81                      0.2758156 0.0922452 0.4851066 0.2990288 0.3167368 0.0709425 0.4207450 0.2775759 0.3631294 0.0701182 0.4160627 0.3992240 0.3582822 0.3256979 0.2522526 0.3485439 0.3803850 0.2699093 0.2604036 0.1421625 0.3714648 0.2280519 0.0968754 0.3114629 0.1619596 0.3784157 0.4230451 0.3704390 0.4817727 0.0507529 0.0451632 0.3495441 0.3996467 0.0000000 0.3777345 0.0230005 0.4031478 0.2808847 0.4024406 0.2979134 0.3936330 0.3628014 0.4087309 0.3172710 0.1037536 0.3811561 0.2333687 0.3883930 0.3874069 0.4524569 0.3259600 0.3750068 0.3711695 0.1407533 0.2899653 0.2288994 0.2347685 0.3174621 0.3301503 0.2863262 0.2367450 0.3467411 0.3972470 0.3664794 0.3012608 0.3522484 0.3881135 0.1885660 0.3009868 0.3151424 0.0560821 0.3930239 0.2983828 0.3277839 0.3092502 0.2493542 0.3764342 0.3779489 0.3821859 0.3538041 
Perityle_dissecta_201                      0.0695477 0.2110246 0.0832617 0.2876668 0.0743079 0.2204878 0.2916324 0.1380304 0.3825696 0.3376436 0.0871980 0.0357291 0.0637037 0.0681106 0.0245240 0.0284471 0.0119071 0.0844342 0.0744337 0.3709006 0.0283644 0.0536001 0.1745246 0.0474374 0.3626194 0.0249236 0.0594534 0.0735195 0.3117098 0.2471321 0.2187295 0.0692434 0.0724305 0.3777345 0.0000000 0.3524578 0.0697384 0.0125600 0.0815967 0.0286455 0.0578292 0.0692071 0.0672367 0.0553122 0.3820486 0.0169843 0.0215253 0.0637389 0.0651824 0.0343156 0.0569034 0.0294921 0.0572821 0.0039680 0.0900503 0.0745291 0.0266369 0.0530520 0.0571481 0.0968959 0.2425187 0.2419800 0.0337531 0.1048572 0.4108351 0.0758677 0.0776998 0.0888355 0.0223389 0.0471187 0.3558815 0.0641567 0.0541253 0.0130771 0.0561136 0.0576017 0.0350376 0.3377656 0.0598068 0.0477274 
Perityle_emoryi_47_punta_san_jose          0.3095857 0.0883828 0.3896897 0.2853083 0.3030986 0.0555061 0.4255116 0.2645482 0.3989574 0.0147640 0.3819668 0.3552072 0.3461295 0.3097937 0.2368296 0.3116361 0.3499875 0.2495489 0.2602490 0.0933232 0.3448021 0.2282242 0.0738753 0.3273662 0.0922423 0.3466678 0.3775691 0.3767374 0.4941273 0.0244041 0.0206031 0.3590313 0.3857888 0.0230005 0.3524578 0.0000000 0.3644075 0.2657172 0.3595564 0.2880410 0.3600070 0.3342591 0.3729109 0.3365210 0.1030395 0.3581071 0.2228139 0.3403982 0.3470552 0.3625155 0.3156797 0.3608145 0.3706581 0.1183244 0.2889314 0.2076585 0.2254245 0.3259793 0.3352634 0.2748091 0.1921783 0.3763909 0.3548046 0.3318963 0.2296179 0.3491942 0.3567640 0.1730573 0.2862452 0.3283738 0.0215104 0.3451856 0.3314920 0.2790062 0.3030217 0.2862958 0.3445573 0.4064655 0.3424206 0.3273837 
Perityle_feddemae_99                       0.0855109 0.2264253 0.1032311 0.2786894 0.0935300 0.2271011 0.2857440 0.1589459 0.3852682 0.3395182 0.1078805 0.0820883 0.0962483 0.1093047 0.0633285 0.0690789 0.0637598 0.1092481 0.0750474 0.3773268 0.0733001 0.0828269 0.1849193 0.0839998 0.3776176 0.0678075 0.0955086 0.0941776 0.2991924 0.2632626 0.2302102 0.0886416 0.0918278 0.4031478 0.0697384 0.3644075 0.0000000 0.0449207 0.0864644 0.0548321 0.0965215 0.1103079 0.0166059 0.0888243 0.3816311 0.0700350 0.0454824 0.0975944 0.1015390 0.0734728 0.0939049 0.0728572 0.0860294 0.0345048 0.0897749 0.0841860 0.0515095 0.0870337 0.0936872 0.1128624 0.2370743 0.2458436 0.0776195 0.1160051 0.4304952 0.1004323 0.0981711 0.1028611 0.0812809 0.0835267 0.3654238 0.0992861 0.0874417 0.0555385 0.0752255 0.0899536 0.0799935 0.3375438 0.0966995 0.0684511 
Perityle_fosteri_93                        0.0420372 0.1795001 0.0625438 0.2707279 0.0515633 0.2080057 0.2441051 0.1186251 0.3054216 0.2509185 0.0676353 0.0214558 0.0423348 0.0515001 0.0153825 0.0120577 0.0029501 0.0684565 0.0555592 0.2727765 0.0155425 0.0397974 0.1659966 0.0418247 0.2561759 0.0069410 0.0512494 0.0586878 0.1823028 0.2344647 0.2055554 0.0501539 0.0517036 0.2808847 0.0125600 0.2657172 0.0449207 0.0000000 0.0556461 0.0122656 0.0462844 0.0500339 0.0449414 0.0453485 0.3038966 0.0096897 0.0099734 0.0446685 0.0456974 0.0136149 0.0390063 0.0077509 0.0516821 0.0060439 0.0630220 0.0553300 0.0136942 0.0443422 0.0447359 0.0768427 0.1947927 0.1294063 0.0195376 0.0801738 0.3191912 0.0392655 0.0273801 0.0755329 0.0117579 0.0414891 0.2645274 0.0455060 0.0423801 0.0009711 0.0335096 0.0404445 0.0196805 0.2316964 0.0455899 0.0209336 
Perityle_gamon_221                         0.0691795 0.2050511 0.1039507 0.2755340 0.0792134 0.2123489 0.2846135 0.1426564 0.3832373 0.3370820 0.0793867 0.0886127 0.0889058 0.1007735 0.0723193 0.0815470 0.0729532 0.0845630 0.0144716 0.3760295 0.0800450 0.0717953 0.2001625 0.0743501 0.3842393 0.0749756 0.0966150 0.0834927 0.2375913 0.2357776 0.1993138 0.0732595 0.0855153 0.4024406 0.0815967 0.3595564 0.0864644 0.0556461 0.0000000 0.0584391 0.0924033 0.1035400 0.0853379 0.0776194 0.3656595 0.0812244 0.0515098 0.0956136 0.1001143 0.0884366 0.0843543 0.0841605 0.0808022 0.0557117 0.0782698 0.0628492 0.0583368 0.0751415 0.0850535 0.1025707 0.2335109 0.2275592 0.0892626 0.1003934 0.4177043 0.1109390 0.1137825 0.0731562 0.0912186 0.0748926 0.3453028 0.1003977 0.0797210 0.0676646 0.0888023 0.0773428 0.0890732 0.3244379 0.0934054 0.0558765 
Perityle_gentryi_8_san_francisco           0.0544741 0.1974891 0.0744177 0.2792318 0.0633973 0.2035135 0.2549627 0.1125553 0.3268562 0.2588646 0.0704921 0.0322644 0.0499809 0.0588522 0.0226120 0.0044977 0.0176307 0.0666941 0.0522330 0.2931968 0.0268986 0.0382782 0.1722756 0.0459723 0.2818276 0.0178189 0.0536245 0.0618564 0.1798556 0.2396856 0.2037402 0.0537443 0.0595873 0.2979134 0.0286455 0.2880410 0.0548321 0.0122656 0.0584391 0.0000000 0.0538209 0.0591812 0.0567989 0.0463400 0.3159184 0.0286840 0.0169749 0.0493766 0.0512849 0.0325759 0.0467793 0.0229984 0.0522472 0.0061881 0.0755922 0.0524074 0.0199162 0.0434127 0.0503743 0.0888574 0.2178439 0.1774015 0.0334090 0.0880911 0.3355453 0.0616496 0.0502164 0.0757456 0.0335593 0.0456730 0.2840891 0.0510634 0.0436465 0.0138812 0.0516133 0.0449446 0.0334726 0.2721202 0.0501254 0.0308794 
Perityle_gilensis_22_Superstition          0.0734841 0.1948210 0.0870677 0.2732162 0.0898355 0.1976880 0.2862824 0.1316358 0.3827128 0.3358366 0.1019124 0.0823578 0.0194498 0.0008034 0.0451567 0.0624136 0.0470073 0.1009519 0.0768487 0.3641736 0.0633913 0.0167374 0.1768635 0.0049478 0.3653123 0.0414953 0.1015479 0.0949191 0.3437695 0.2314205 0.1985116 0.0815445 0.0876669 0.3936330 0.0578292 0.3600070 0.0965215 0.0462844 0.0924033 0.0538209 0.0000000 0.0075762 0.0964457 0.0225274 0.3740945 0.0600772 0.0524874 0.0261721 0.0250568 0.0587914 0.0126916 0.0645883 0.0769317 0.0473196 0.0818363 0.0793284 0.0492100 0.0246878 0.0406234 0.0916294 0.2342419 0.2778090 0.0814428 0.0981720 0.4244607 0.1096674 0.0988067 0.0752661 0.0704776 0.0058475 0.3445049 0.0241364 0.0217560 0.0576674 0.0855826 0.0262231 0.0649515 0.3457540 0.0328253 0.0626226 
Perityle_gilensis_salensis_225             0.0779333 0.2017488 0.1002137 0.2677410 0.0930431 0.2066588 0.2845119 0.1377225 0.3835699 0.3051665 0.1169086 0.0756199 0.0263651 0.0136247 0.0490692 0.0683448 0.0570569 0.1075813 0.0785156 0.3472261 0.0706857 0.0225108 0.1854879 0.0069408 0.3664093 0.0496805 0.0948063 0.0976943 0.2596113 0.2382746 0.2010172 0.0919817 0.0979792 0.3628014 0.0692071 0.3342591 0.1103079 0.0500339 0.1035400 0.0591812 0.0075762 0.0000000 0.1084975 0.0254660 0.3424939 0.0708448 0.0567198 0.0277651 0.0277226 0.0742543 0.0189480 0.0737684 0.0863042 0.0547782 0.0860097 0.0885253 0.0546688 0.0251840 0.0256970 0.0941802 0.2343853 0.2458536 0.0742942 0.1047649 0.3952941 0.1128800 0.1088826 0.0778047 0.0724753 0.0068919 0.3279998 0.0268163 0.0270356 0.0625304 0.0901802 0.0298308 0.0760137 0.3269779 0.0254006 0.0725788 
Perityle_glaucescens_94                    0.0871059 0.2184685 0.1136808 0.2814552 0.0999519 0.2214555 0.3008416 0.1634681 0.3956126 0.3487818 0.1068864 0.0793861 0.0966250 0.1074506 0.0610782 0.0753177 0.0650761 0.1081574 0.0767194 0.3736293 0.0738402 0.0826699 0.1857072 0.0831338 0.3746632 0.0719191 0.0962815 0.0984169 0.3322198 0.2539331 0.2228496 0.0903234 0.0980559 0.4087309 0.0672367 0.3729109 0.0166059 0.0449414 0.0853379 0.0567989 0.0964457 0.1084975 0.0000000 0.0865780 0.3815084 0.0680845 0.0486142 0.0963336 0.1035261 0.0778543 0.0934936 0.0724311 0.0870592 0.0413735 0.0939438 0.0819727 0.0548817 0.0860904 0.0912520 0.1152351 0.2401058 0.2773209 0.0807964 0.1207494 0.4386419 0.1024133 0.1141298 0.0986540 0.0803036 0.0826889 0.3648368 0.1008019 0.0871401 0.0534632 0.0761151 0.0893028 0.0767165 0.3710434 0.0966692 0.0758056 
Perityle_gracilis_11                       0.0648100 0.2021639 0.0817625 0.2652677 0.0796463 0.2006851 0.2665786 0.1329927 0.3730726 0.2930322 0.0868847 0.0509476 0.0113934 0.0240160 0.0434139 0.0464750 0.0452733 0.0990052 0.0717109 0.3357890 0.0525316 0.0018959 0.1775948 0.0223950 0.3131123 0.0256817 0.0692883 0.0799501 0.3099981 0.2321429 0.1982425 0.0747709 0.0777171 0.3172710 0.0553122 0.3365210 0.0888243 0.0453485 0.0776194 0.0463400 0.0225274 0.0254660 0.0865780 0.0000000 0.3619478 0.0526416 0.0481498 0.0007530 0.0037755 0.0575704 0.0102339 0.0534127 0.0660248 0.0530314 0.0708580 0.0813600 0.0516533 0.0007613 0.0000010 0.0883176 0.1985854 0.2559054 0.0511123 0.0875077 0.3849902 0.0833490 0.0535883 0.0788627 0.0576887 0.0231127 0.3303933 0.0007498 0.0024167 0.0475853 0.0837290 0.0177693 0.0519212 0.3485345 0.0014986 0.0467635 
Perityle_harkerae_31                       0.3233521 0.1129000 0.4004246 0.3191056 0.3217434 0.0861446 0.3960057 0.2842116 0.4230353 0.0777301 0.3947636 0.3814641 0.3489333 0.3171840 0.2723161 0.3253052 0.3789569 0.2797355 0.2753212 0.1251730 0.3661810 0.2486713 0.1028931 0.3444568 0.1119200 0.3657480 0.4037031 0.3998270 0.4906421 0.0801895 0.0708560 0.3826738 0.4057141 0.1037536 0.3820486 0.1030395 0.3816311 0.3038966 0.3656595 0.3159184 0.3740945 0.3424939 0.3815084 0.3619478 0.0000000 0.3756184 0.2534537 0.3561383 0.3595082 0.3948552 0.3220869 0.3739174 0.3929613 0.1523760 0.3045877 0.2480033 0.2520944 0.3569683 0.3577998 0.3156722 0.1854042 0.3799751 0.3832424 0.3301305 0.2167782 0.3717783 0.3727352 0.1827229 0.3336214 0.3477465 0.1113345 0.3626294 0.3554367 0.3039141 0.3330464 0.2949605 0.3721373 0.4221085 0.3585151 0.3507437 
Perityle_huecosensis_48                    0.0678245 0.2207327 0.0818347 0.2842341 0.0743490 0.2209160 0.2853238 0.1369994 0.3778717 0.3381255 0.0881197 0.0357327 0.0635567 0.0694282 0.0180418 0.0281864 0.0100128 0.0797646 0.0705072 0.3679654 0.0276868 0.0526581 0.1703624 0.0490175 0.3580908 0.0224003 0.0567156 0.0733886 0.3085073 0.2455462 0.2124276 0.0666896 0.0653943 0.3811561 0.0169843 0.3581071 0.0700350 0.0096897 0.0812244 0.0286840 0.0600772 0.0708448 0.0680845 0.0526416 0.3756184 0.0000000 0.0237232 0.0612798 0.0650510 0.0297426 0.0558568 0.0272560 0.0541215 0.0039436 0.0861430 0.0691936 0.0254980 0.0520890 0.0562552 0.1003933 0.2459518 0.2362364 0.0337238 0.1042335 0.4013722 0.0783562 0.0768729 0.0835108 0.0319515 0.0487711 0.3497984 0.0639686 0.0516082 0.0172066 0.0535103 0.0547875 0.0343796 0.3377802 0.0596217 0.0431159 
Perityle_incana_3_ucla                     0.0444552 0.1777027 0.0508698 0.2293833 0.0496993 0.1934285 0.2017915 0.1153844 0.2823461 0.2090117 0.0572251 0.0335465 0.0422545 0.0548498 0.0172456 0.0199614 0.0120619 0.0667262 0.0544722 0.2406689 0.0205324 0.0479149 0.1494646 0.0509673 0.2300171 0.0164838 0.0544403 0.0551180 0.1843799 0.2181223 0.1898129 0.0444830 0.0451547 0.2333687 0.0215253 0.2228139 0.0454824 0.0099734 0.0515098 0.0169749 0.0524874 0.0567198 0.0486142 0.0481498 0.2534537 0.0237232 0.0000000 0.0460529 0.0471003 0.0271311 0.0443906 0.0203573 0.0524830 0.0104692 0.0567322 0.0550110 0.0229925 0.0468408 0.0472540 0.0689919 0.1528899 0.1338461 0.0327067 0.0684180 0.2686272 0.0435020 0.0274134 0.0711632 0.0214062 0.0509175 0.2445529 0.0480916 0.0443230 0.0129628 0.0371504 0.0473160 0.0316611 0.2301757 0.0470531 0.0265434 
