82
Amauria_brandeegeana_62                    0.0000000 0.0578562 0.0225078 0.2650249 0.0632591 0.0478520 0.1411733 0.1826856 0.2368149 0.0500373 0.0756675 0.0722523 0.1071840 0.0599453 0.0625798 0.0734409 0.0608384 0.0744169 0.0668825 0.0769334 0.0577118 0.0702913 0.0829539 0.0625262 0.1239072 0.0674315 0.0718431 0.0715922 0.0731428 0.0726708 0.0445836 0.0667329 0.0791722 0.0692691 0.0660273 0.0637275 0.0757001 0.0605792 0.0832305 0.0757079 0.0581987 0.0667777 0.0866087 0.0673548 0.0824049 0.0810287 0.0612280 0.0713928 0.0665134 0.0861574 0.0599431 0.0617508 0.0600354 0.0770063 0.0571520 0.0985002 0.0642187 0.0542724 0.0646401 0.0572915 0.0767963 0.1282697 0.0850990 0.0333338 0.0546516 0.0750067 0.0743293 0.0795903 0.2631136 0.0677249 0.0564746 0.0782918 0.0662848 0.0726708 0.0667409 0.0440185 0.1664064 0.1182768 0.0724777 0.0692322 0.0996593 0.0653617 
Amauria_carterae_99_mesa                   0.0578562 0.0000000 0.0684876 0.3338553 0.0471129 0.0629474 0.1234251 0.1716228 0.2143300 0.0463583 0.0790764 0.0625089 0.0651001 0.0576687 0.0588203 0.0701256 0.0577645 0.0997194 0.0713869 0.0654662 0.0535412 0.0535083 0.1107360 0.0554843 0.0604622 0.0620446 0.0551357 0.0629823 0.0924354 0.0668303 0.0734509 0.0637188 0.0720715 0.0834159 0.0583351 0.0558081 0.0736259 0.0654091 0.0740293 0.0675258 0.0548124 0.0592901 0.0788196 0.0550525 0.0802061 0.0756927 0.0556093 0.0582019 0.0572816 0.0803191 0.0535435 0.0593845 0.0537341 0.0687632 0.0463823 0.0857499 0.0686184 0.0580846 0.0566860 0.0498898 0.0698805 0.1333986 0.0835612 0.0587228 0.0510059 0.0774621 0.0644709 0.0638226 0.2768936 0.0622026 0.0524693 0.0704359 0.0542216 0.0603265 0.0588113 0.0561946 0.0711819 0.0806327 0.0564036 0.0606367 0.0846403 0.0567241 
Amauria_rotundifolia_SRR9119150            0.0225078 0.0684876 0.0000000 0.2791678 0.0756338 0.0717249 0.1592602 0.1981805 0.2484916 0.0671898 0.0843678 0.0879394 0.1215837 0.0745873 0.0736036 0.0878601 0.0790473 0.0940565 0.0827401 0.0900342 0.0723695 0.0845901 0.1074326 0.0778610 0.1464964 0.0829839 0.0846891 0.0860584 0.1007855 0.0814790 0.0512613 0.0768772 0.0930606 0.0732103 0.0781942 0.0706470 0.0911325 0.0773029 0.0953931 0.0902456 0.0726223 0.0795758 0.0996692 0.0795932 0.0972523 0.0920917 0.0775303 0.1007977 0.0803472 0.0981316 0.0753085 0.0792830 0.0736567 0.0905995 0.0709541 0.1125479 0.0798166 0.0635813 0.0782336 0.0740007 0.0846648 0.1562442 0.0980707 0.0428360 0.0709620 0.0878804 0.0901917 0.0894749 0.2702943 0.0837758 0.0714901 0.0898045 0.0777883 0.0863437 0.0833042 0.0505432 0.1761554 0.1270675 0.0861431 0.0832861 0.1101774 0.0787279 
Conoclinium_coelestinum_SRR9119114         0.2650249 0.3338553 0.2791678 0.0000000 0.2647475 0.1831388 0.1912790 0.1942508 0.5680069 0.2361696 0.2911943 0.3110807 0.3572914 0.2726237 0.4069459 0.2903915 0.2699405 0.3312024 0.3143297 0.3194891 0.2821857 0.2971308 0.2842483 0.2689723 0.3796795 0.2769014 0.2781976 0.2930194 0.2417987 0.3220611 0.3478021 0.2706039 0.1975360 0.8602445 0.2808668 0.3070213 0.3059829 0.2836731 0.3284496 0.3153331 0.2649143 0.2770272 0.3199812 0.2852506 0.3263189 0.3414494 0.2796614 0.3181441 0.2739116 0.3076786 0.2742090 0.2765998 0.2708953 0.2838023 0.3129869 0.3405177 0.2889459 0.2516120 0.2708348 0.2610897 0.2895776 0.1464934 0.2177802 0.3504641 0.2808753 0.3007700 0.3000625 0.2957171 0.9688883 0.2963047 0.2856091 0.2842673 0.2916245 0.3183578 0.2792758 0.2412967 0.4096627 0.3488868 0.2759206 0.2760728 0.2821006 0.2728444 
Eutetras_palmeri_63                        0.0632591 0.0471129 0.0756338 0.2647475 0.0000000 0.0374349 0.1499657 0.1645945 0.2402510 0.0612597 0.0802052 0.0706513 0.1025783 0.0710347 0.0500194 0.0752729 0.0678692 0.1043912 0.0642742 0.0725743 0.0588203 0.0726137 0.1244482 0.0669546 0.1124625 0.0713429 0.0736125 0.0802259 0.0842534 0.0674638 0.0411194 0.0746677 0.0777544 0.0551246 0.0685477 0.0627862 0.0808434 0.0691429 0.0833869 0.0770191 0.0623515 0.0688923 0.0858464 0.0695191 0.0824194 0.0848369 0.0663171 0.0717320 0.0684332 0.0862563 0.0616360 0.0668278 0.0605418 0.0823580 0.0569247 0.0905226 0.0623920 0.0420895 0.0673426 0.0587738 0.0790472 0.1428729 0.0834837 0.0485414 0.0613532 0.0779809 0.0808125 0.0769516 0.2677820 0.0742101 0.0602713 0.0737895 0.0672157 0.0711107 0.0664809 0.0330982 0.1463998 0.1182372 0.0653399 0.0709391 0.0867978 0.0660276 
Eutetras_pringlei_149_quer                 0.0478520 0.0629474 0.0717249 0.1831388 0.0374349 0.0000000 0.1199346 0.1503891 0.4053245 0.0394230 0.0747650 0.0495454 0.0564671 0.0481868 0.0909939 0.0494968 0.0402053 0.0644192 0.0640784 0.0504548 0.0386566 0.0360091 0.0597986 0.0428533 0.0661602 0.0520929 0.0570109 0.0529220 0.0696667 0.0957810 0.0804878 0.0790809 0.0641169 0.5817986 0.0508984 0.0739157 0.0711310 0.0497033 0.0766132 0.0496134 0.0412181 0.0476006 0.0766107 0.0455476 0.0791314 0.0799467 0.0368741 0.0548336 0.0426403 0.0795394 0.0366277 0.0523376 0.0366146 0.0660927 0.0349640 0.0795525 0.0484926 0.0420158 0.0414178 0.0350735 0.0903423 0.0864647 0.0769279 0.0597299 0.0369128 0.0675886 0.0583683 0.0535512 0.4421258 0.0483046 0.0362884 0.0792699 0.0453856 0.0537099 0.0519410 0.0506474 0.0870218 0.1045159 0.0358267 0.0521270 0.0880887 0.0441068 
Eutrochium_fistulosum_SRR9119106           0.1411733 0.1234251 0.1592602 0.1912790 0.1499657 0.1199346 0.0000000 0.1965569 0.2604582 0.1517379 0.1762564 0.1660709 0.1940903 0.1627884 0.1470095 0.1665686 0.1619558 0.1770406 0.1681692 0.1789041 0.1566570 0.1688890 0.1632640 0.1553653 0.2163075 0.1577776 0.1587878 0.1721987 0.1926812 0.1543003 0.1276996 0.1660906 0.1777076 0.1597876 0.1596074 0.1494185 0.1776081 0.1670471 0.1859949 0.1706751 0.1492251 0.1566609 0.1843048 0.1610932 0.1844361 0.1845219 0.1596606 0.1808405 0.1546759 0.1827584 0.1485466 0.1543206 0.1509398 0.1721542 0.1555087 0.1937473 0.1676796 0.1308240 0.1548337 0.1598648 0.1742813 0.1780766 0.1876518 0.1263132 0.1555323 0.1765204 0.1742265 0.1566831 0.3657522 0.1667684 0.1497447 0.1586295 0.1585740 0.1651588 0.1610466 0.1109211 0.2078223 0.1992955 0.1655891 0.1585765 0.1845713 0.1591974 
Galeana_pratensis_104_mex                  0.1826856 0.1716228 0.1981805 0.1942508 0.1645945 0.1503891 0.1965569 0.0000000 0.9265950 0.1754400 0.1966399 0.1966548 0.2235576 0.1952038 0.1282414 0.2040536 0.1948449 0.2579247 0.2108123 0.1937599 0.1852642 0.1955868 0.6128263 0.2000186 0.1846770 0.1937139 0.2231845 0.2137984 0.2289316 0.2070214 0.6287505 0.1956444 0.1967352 9.0000000 0.2087328 0.2390993 0.2345898 0.1928272 0.2331049 0.2016603 0.1878017 0.1963165 0.2172421 0.1907630 0.2409860 0.2384435 0.1901787 0.2076133 0.1946139 0.2206281 0.1673438 0.1922951 0.1805095 0.2392270 0.1814269 0.2026084 0.2030228 0.1865374 0.1948655 0.1800894 0.2025646 0.1736151 0.2244715 0.6108045 0.2102425 0.2339579 0.1985822 0.2221820 0.6087451 0.1976662 0.1936118 0.2084996 0.1920423 0.1917673 0.1983886 0.1835643 0.2711760 0.2542364 0.1657699 0.1992951 0.2051850 0.2065400 
Helianthus_annuus_SRR9119062               0.2368149 0.2143300 0.2484916 0.5680069 0.2402510 0.4053245 0.2604582 0.9265950 0.0000000 0.2340684 0.2760474 0.2399065 0.2514329 0.2409858 0.2156330 0.2579598 0.2378312 0.2102919 0.2500868 0.2459776 0.2355935 0.2326597 0.1687900 0.2479362 0.2589022 0.2432575 0.2537854 0.2529164 0.3473331 0.2520113 0.1245082 0.2565449 0.3214844 0.1144659 0.2435099 0.2098738 0.2724225 0.2445940 0.2568798 0.2512224 0.2426840 0.2503420 0.2672734 0.2417472 0.2704864 0.2532242 0.2424157 0.2452028 0.2330070 0.2695870 0.2312292 0.2385198 0.2356996 0.2579398 0.2274115 0.2677399 0.2689813 0.2468081 0.2422680 0.2316550 0.2588694 0.3642751 0.3005352 0.1294077 0.2027981 0.2751725 0.2408617 0.2615193 0.3020558 0.2448494 0.2459470 0.2515195 0.2398645 0.2379533 0.2438519 0.2502270 0.2742149 0.2677987 0.2419438 0.2441971 0.2693930 0.2340791 
Lycapsus_tenuifolius_17                    0.0500373 0.0463583 0.0671898 0.2361696 0.0612597 0.0394230 0.1517379 0.1754400 0.2340684 0.0000000 0.0809513 0.0626037 0.0936534 0.0573988 0.0376575 0.0600202 0.0539294 0.0775870 0.0690427 0.0642298 0.0494994 0.0707245 0.0801029 0.0533451 0.1138432 0.0588300 0.0623271 0.0664005 0.0825289 0.0363004 0.0048038 0.0687884 0.0760597 0.0408028 0.0575963 0.0479120 0.0735152 0.0546873 0.0746271 0.0598681 0.0461271 0.0564977 0.0805335 0.0589533 0.0773336 0.0759015 0.0581045 0.0759422 0.0576706 0.0809395 0.0539288 0.0585924 0.0515060 0.0711320 0.0476317 0.0922943 0.0448088 0.0334193 0.0581048 0.0506912 0.0669941 0.1329870 0.0828840 0.0321227 0.0540768 0.0813166 0.0625376 0.0661428 0.2398730 0.0588289 0.0457743 0.0238772 0.0563937 0.0592569 0.0600966 0.0180664 0.1255985 0.1178561 0.0648932 0.0620027 0.0746479 0.0572226 
Pericome_caudata_50_silver                 0.0756675 0.0790764 0.0843678 0.2911943 0.0802052 0.0747650 0.1762564 0.1966399 0.2760474 0.0809513 0.0000000 0.0914491 0.1224896 0.0901011 0.0873005 0.0934683 0.0820742 0.1118208 0.0905350 0.0925717 0.0776084 0.0963085 0.1029026 0.0794011 0.1446248 0.0852128 0.0869151 0.0955059 0.1092525 0.1055131 0.0698435 0.0895694 0.0948683 0.0860415 0.0828097 0.0758305 0.0973160 0.0844050 0.1048243 0.0957380 0.0750319 0.0828079 0.1056834 0.0838937 0.1028201 0.1034536 0.0824284 0.0985564 0.0822371 0.1041682 0.0806986 0.0847464 0.0780335 0.0969143 0.0787510 0.1166910 0.0925593 0.0731720 0.0817413 0.0747660 0.0995397 0.1687343 0.1095528 0.0562636 0.0764251 0.1002418 0.0923924 0.0906933 0.2767398 0.0873584 0.0738850 0.0984139 0.0821984 0.0882032 0.0848290 0.0692017 0.1725048 0.1378152 0.0884346 0.0855046 0.1251324 0.0826432 
Perityle_aglossa_84_dead_horse             0.0722523 0.0625089 0.0879394 0.3110807 0.0706513 0.0495454 0.1660709 0.1966548 0.2399065 0.0626037 0.0914491 0.0000000 0.0463323 0.0530487 0.0320555 0.0491263 0.0390758 0.0992934 0.0724370 0.0236917 0.0223633 0.0412208 0.0959259 0.0395485 0.0627720 0.0265436 0.0441687 0.0525741 0.0835498 0.0919337 0.0554955 0.0809643 0.0893517 0.0783781 0.0270849 0.0421096 0.0752871 0.0388487 0.0815931 0.0480304 0.0344892 0.0408005 0.0829695 0.0264105 0.0795559 0.0806011 0.0261381 0.0290885 0.0276201 0.0819650 0.0233566 0.0271118 0.0211182 0.0551337 0.0107169 0.0849475 0.0481823 0.0381865 0.0275606 0.0196969 0.0870476 0.1449998 0.0834146 0.0431721 0.0060807 0.0803113 0.0489775 0.0770105 0.2748017 0.0435667 0.0330152 0.0868763 0.0255696 0.0316464 0.0277321 0.0291709 0.1300762 0.1078794 0.0355451 0.0169331 0.1011587 0.0281933 
Perityle_ajoensis_204                      0.1071840 0.0651001 0.1215837 0.3572914 0.1025783 0.0564671 0.1940903 0.2235576 0.2514329 0.0936534 0.1224896 0.0463323 0.0000000 0.0864261 0.0150089 0.0723960 0.0662077 0.0985817 0.0854664 0.0454572 0.0465879 0.0553336 0.0995709 0.0715488 0.0811859 0.0361716 0.0744518 0.0814090 0.1239738 0.0945610 0.0536112 0.1076852 0.1202190 0.0718218 0.0374026 0.0501350 0.0989056 0.0685381 0.0947602 0.0582914 0.0661429 0.0703226 0.1017042 0.0373362 0.0986408 0.0829029 0.0498399 0.0420436 0.0535964 0.1095532 0.0517942 0.0416274 0.0477404 0.0833691 0.0099977 0.1029536 0.0486666 0.0373692 0.0522376 0.0389377 0.1177176 0.1492635 0.1176956 0.0372476 0.0400442 0.1105424 0.0806236 0.1094847 0.2812979 0.0651713 0.0505632 0.1153385 0.0278064 0.0119130 0.0384541 0.0092350 0.1430024 0.1292297 0.0656810 0.0573538 0.1008050 0.0538770 
Perityle_ambrosiifolia_67_green            0.0599453 0.0576687 0.0745873 0.2726237 0.0710347 0.0481868 0.1627884 0.1952038 0.2409858 0.0573988 0.0901011 0.0530487 0.0864261 0.0000000 0.0366607 0.0544338 0.0392275 0.1013383 0.0790568 0.0487771 0.0401651 0.0415216 0.0750113 0.0202501 0.1159694 0.0465836 0.0422120 0.0528182 0.0871831 0.0762993 0.0452546 0.0793298 0.0890031 0.0596907 0.0453340 0.0543202 0.0809414 0.0361759 0.0867118 0.0547861 0.0181650 0.0268688 0.0899892 0.0457840 0.0893055 0.0890206 0.0448722 0.0659667 0.0443382 0.0882027 0.0394246 0.0413785 0.0397411 0.0523721 0.0350634 0.1031564 0.0376275 0.0286617 0.0439637 0.0363802 0.0724868 0.1437762 0.0902179 0.0339520 0.0472791 0.0795002 0.0593230 0.0730565 0.2548198 0.0443842 0.0186336 0.0796920 0.0448864 0.0533139 0.0475754 0.0305179 0.1441246 0.1293939 0.0500876 0.0501991 0.0830509 0.0442251 
Perityle_angustifolia_13_Eagle_creek       0.0625798 0.0588203 0.0736036 0.4069459 0.0500194 0.0909939 0.1470095 0.1282414 0.2156330 0.0376575 0.0873005 0.0320555 0.0150089 0.0366607 0.0000000 0.0627829 0.0390718 0.1319240 0.0652013 0.0295233 0.0193686 0.0235528 0.1562254 0.0397257 0.0342841 0.0125932 0.0339763 0.0524543 0.0879296 0.0706444 0.0528650 0.0684325 0.0825719 0.0392134 0.0136935 0.0257677 0.0685753 0.0456187 0.0638602 0.0602401 0.0358788 0.0406277 0.0746455 0.0137327 0.0753200 0.0649254 0.0287144 0.0179634 0.0255703 0.0766863 0.0203690 0.0137262 0.0192949 0.0487276 0.0139456 0.0725536 0.0527888 0.0297416 0.0257159 0.0181422 0.0655421 0.2060959 0.0828374 0.0360013 0.0245200 0.0787023 0.0498105 0.0571309 0.2292152 0.0495298 0.0344612 0.0705746 0.0138226 0.0157355 0.0136529 0.0097640 0.0636455 0.0624918 0.0307893 0.0287943 0.0753622 0.0251804 
Perityle_batopilensis_97                   0.0734409 0.0701256 0.0878601 0.2903915 0.0752729 0.0494968 0.1665686 0.2040536 0.2579598 0.0600202 0.0934683 0.0491263 0.0723960 0.0544338 0.0627829 0.0000000 0.0415044 0.1066415 0.0761136 0.0496739 0.0382528 0.0539228 0.0923912 0.0431532 0.0881694 0.0443019 0.0448705 0.0554697 0.0820175 0.0935856 0.0483291 0.0801300 0.0924935 0.0867432 0.0448608 0.0479213 0.0799677 0.0443247 0.0836696 0.0068854 0.0357955 0.0435446 0.0894773 0.0444343 0.0869396 0.0827109 0.0439533 0.0455385 0.0416055 0.0882418 0.0377589 0.0466303 0.0373681 0.0567432 0.0370732 0.0874274 0.0549503 0.0397821 0.0419852 0.0345890 0.0855419 0.1376943 0.0850772 0.0323283 0.0426251 0.0785294 0.0507368 0.0779030 0.2688696 0.0476408 0.0365403 0.0802493 0.0424987 0.0488628 0.0443213 0.0379990 0.1459676 0.1183066 0.0513396 0.0503862 0.1032389 0.0411376 
Perityle_bisetosa_9                        0.0608384 0.0577645 0.0790473 0.2699405 0.0678692 0.0402053 0.1619558 0.1948449 0.2378312 0.0539294 0.0820742 0.0390758 0.0662077 0.0392275 0.0390718 0.0415044 0.0000000 0.0981876 0.0690935 0.0418725 0.0254715 0.0458234 0.0659293 0.0297179 0.0951252 0.0349919 0.0388156 0.0389152 0.0859889 0.0830568 0.0596246 0.0734445 0.0833420 0.0671274 0.0320497 0.0372896 0.0727658 0.0103446 0.0748538 0.0412294 0.0220643 0.0287585 0.0805611 0.0315300 0.0771052 0.0727477 0.0311333 0.0490145 0.0326318 0.0787689 0.0281971 0.0349805 0.0256889 0.0471058 0.0234127 0.0874590 0.0353923 0.0239760 0.0317554 0.0274047 0.0755889 0.1339803 0.0861443 0.0379718 0.0335408 0.0737677 0.0449063 0.0718226 0.2639236 0.0109263 0.0220260 0.0763055 0.0304279 0.0379376 0.0349083 0.0252184 0.1482226 0.1134553 0.0401292 0.0377388 0.0951665 0.0303709 
Perityle_californica_76_positas            0.0744169 0.0997194 0.0940565 0.3312024 0.1043912 0.0644192 0.1770406 0.2579247 0.2102919 0.0775870 0.1118208 0.0992934 0.0985817 0.1013383 0.1319240 0.1066415 0.0981876 0.0000000 0.1059165 0.1010221 0.0925440 0.0967773 0.1040385 0.1009154 0.1028928 0.1015746 0.0955410 0.1066494 0.1104209 0.1261856 0.0687216 0.0851260 0.1027230 0.1030577 0.0979598 0.0794171 0.0997761 0.0964297 0.1151778 0.1038303 0.0977020 0.1070158 0.1132527 0.0972405 0.1121983 0.1171240 0.0993900 0.0970553 0.1014525 0.1130897 0.1019738 0.1010140 0.0921823 0.1030099 0.0842425 0.1196364 0.0975280 0.0913127 0.1003488 0.0895568 0.1223771 0.1658418 0.0963425 0.0592314 0.0921383 0.1060059 0.0819762 0.0974963 0.2390593 0.1059884 0.0938163 0.1003766 0.0946869 0.1027552 0.0989022 0.0770776 0.1084835 0.1115026 0.0954335 0.0962512 0.1104157 0.0990760 
Perityle_canescens_77                      0.0668825 0.0713869 0.0827401 0.3143297 0.0642742 0.0640784 0.1681692 0.2108123 0.2500868 0.0690427 0.0905350 0.0724370 0.0854664 0.0790568 0.0652013 0.0761136 0.0690935 0.1059165 0.0000000 0.0758162 0.0601514 0.0780612 0.0959616 0.0679116 0.1089804 0.0700974 0.0709905 0.0800608 0.0776806 0.0833418 0.0758864 0.0787461 0.0926749 0.0834447 0.0680673 0.0603687 0.0331576 0.0724532 0.0605811 0.0752171 0.0640338 0.0700095 0.0419886 0.0663698 0.0403723 0.0597085 0.0650241 0.0706154 0.0656607 0.0424714 0.0629317 0.0694772 0.0611389 0.0808204 0.0604166 0.0838998 0.0793504 0.0615033 0.0665427 0.0590214 0.0559977 0.1096571 0.0646416 0.0475898 0.0599141 0.0746574 0.0773025 0.0837258 0.2777328 0.0749811 0.0611860 0.0898010 0.0648121 0.0711997 0.0683611 0.0591111 0.1217715 0.0680725 0.0737848 0.0711681 0.0733574 0.0639447 
Perityle_castillonii_96                    0.0769334 0.0654662 0.0900342 0.3194891 0.0725743 0.0504548 0.1789041 0.1937599 0.2459776 0.0642298 0.0925717 0.0236917 0.0454572 0.0487771 0.0295233 0.0496739 0.0418725 0.1010221 0.0758162 0.0000000 0.0240072 0.0390719 0.0993062 0.0420648 0.0580593 0.0288730 0.0452939 0.0524070 0.0804602 0.0856024 0.0599254 0.0816451 0.0952237 0.0784705 0.0293616 0.0464195 0.0752219 0.0436722 0.0813789 0.0490066 0.0340022 0.0391675 0.0868120 0.0284523 0.0826187 0.0819550 0.0297730 0.0315552 0.0305225 0.0863696 0.0272119 0.0255390 0.0236905 0.0553197 0.0101612 0.0873584 0.0479432 0.0361529 0.0294303 0.0212636 0.0860657 0.1479675 0.0893169 0.0451013 0.0196476 0.0799573 0.0568881 0.0769551 0.2874110 0.0477324 0.0347894 0.0861768 0.0438046 0.0331825 0.0297991 0.0195650 0.1120012 0.1044578 0.0384817 0.0267040 0.1012752 0.0301499 
Perityle_cernua_84                         0.0577118 0.0535412 0.0723695 0.2821857 0.0588203 0.0386566 0.1566570 0.1852642 0.2355935 0.0494994 0.0776084 0.0223633 0.0465879 0.0401651 0.0193686 0.0382528 0.0254715 0.0925440 0.0601514 0.0240072 0.0000000 0.0263988 0.0791647 0.0288679 0.0675193 0.0163559 0.0338811 0.0396373 0.0679913 0.0772947 0.0529501 0.0675314 0.0786717 0.0663886 0.0151808 0.0354391 0.0604102 0.0278269 0.0704104 0.0374205 0.0230295 0.0285681 0.0719260 0.0143081 0.0689583 0.0708928 0.0151563 0.0176267 0.0099712 0.0701846 0.0076552 0.0167608 0.0057486 0.0430194 0.0089324 0.0823442 0.0368256 0.0247218 0.0110327 0.0045451 0.0728291 0.1286507 0.0786450 0.0348855 0.0135662 0.0657206 0.0395016 0.0594086 0.2739950 0.0304454 0.0218561 0.0729158 0.0133239 0.0186178 0.0155785 0.0156367 0.1160048 0.1067045 0.0250519 0.0218646 0.0884513 0.0107159 
Perityle_cfvillosa_25_tin                  0.0702913 0.0535083 0.0845901 0.2971308 0.0726137 0.0360091 0.1688890 0.1955868 0.2326597 0.0707245 0.0963085 0.0412208 0.0553336 0.0415216 0.0235528 0.0539228 0.0458234 0.0967773 0.0780612 0.0390719 0.0263988 0.0000000 0.0797571 0.0465792 0.0804597 0.0329292 0.0530449 0.0578017 0.0737900 0.0787524 0.0441303 0.0826597 0.0997126 0.0795832 0.0348580 0.0519277 0.0758598 0.0463853 0.0871029 0.0542193 0.0403076 0.0477377 0.0879322 0.0338839 0.0851908 0.0881866 0.0367781 0.0374594 0.0172887 0.0874477 0.0268049 0.0219842 0.0251637 0.0613907 0.0146100 0.0893763 0.0405184 0.0312361 0.0156222 0.0171928 0.0830283 0.1266428 0.0942241 0.0307088 0.0349016 0.0841366 0.0658221 0.0805905 0.2722717 0.0518580 0.0397251 0.0789851 0.0327277 0.0397037 0.0347252 0.0170020 0.1215030 0.1170792 0.0378485 0.0421803 0.0783780 0.0193468 
Perityle_cinerea_113_Powell1310            0.0829539 0.1107360 0.1074326 0.2842483 0.1244482 0.0597986 0.1632640 0.6128263 0.1687900 0.0801029 0.1029026 0.0959259 0.0995709 0.0750113 0.1562254 0.0923912 0.0659293 0.1040385 0.0959616 0.0993062 0.0791647 0.0797571 0.0000000 0.0802695 0.1051522 0.0994191 0.0995638 0.0834025 0.0984295 0.1505964 0.1131159 0.1148732 0.0864316 0.1682775 0.0841502 0.0651896 0.1107855 0.0712543 0.1023641 0.0891210 0.0829960 0.0876958 0.1080621 0.0909986 0.1129433 0.1029011 0.0880206 0.0895156 0.0873393 0.1064932 0.0864905 0.0905747 0.0866143 0.1072403 0.0754495 0.1026543 0.0851742 0.0805662 0.0827351 0.0825823 0.1231476 0.1153681 0.0934323 0.0990271 0.0869172 0.1018568 0.1073598 0.1077706 0.0297443 0.0650965 0.0787936 0.1108024 0.0862654 0.0954566 0.0901766 0.0921015 0.1136017 0.0742674 0.1006524 0.0902649 0.1135880 0.0874867 
Perityle_coahuilensis_24                   0.0625262 0.0554843 0.0778610 0.2689723 0.0669546 0.0428533 0.1553653 0.2000186 0.2479362 0.0533451 0.0794011 0.0395485 0.0715488 0.0202501 0.0397257 0.0431532 0.0297179 0.1009154 0.0679116 0.0420648 0.0288679 0.0465792 0.0802695 0.0000000 0.0977619 0.0365261 0.0358829 0.0418427 0.0798289 0.0780192 0.0529413 0.0723244 0.0799656 0.0574796 0.0348801 0.0375515 0.0726615 0.0305922 0.0750939 0.0438080 0.0032553 0.0150360 0.0802424 0.0350536 0.0783485 0.0756463 0.0334476 0.0518447 0.0338085 0.0792740 0.0294505 0.0357182 0.0280766 0.0462979 0.0286055 0.0923328 0.0412470 0.0286432 0.0343524 0.0343366 0.0758503 0.1389888 0.0805710 0.0365266 0.0348194 0.0680868 0.0427792 0.0687713 0.2538961 0.0324452 0.0000010 0.0727384 0.0329043 0.0409599 0.0380774 0.0315146 0.1450455 0.1113501 0.0418084 0.0385522 0.0864018 0.0333860 
Perityle_cochisensis_44_cave_creek         0.1239072 0.0604622 0.1464964 0.3796795 0.1124625 0.0661602 0.2163075 0.1846770 0.2589022 0.1138432 0.1446248 0.0627720 0.0811859 0.1159694 0.0342841 0.0881694 0.0951252 0.1028928 0.1089804 0.0580593 0.0675193 0.0804597 0.1051522 0.0977619 0.0000000 0.0862820 0.1012727 0.1099205 0.1593311 0.1077342 0.0661908 0.1358864 0.1504809 0.0851491 0.0765336 0.0541438 0.1137816 0.0921416 0.1087802 0.0746552 0.0916299 0.0964275 0.1197847 0.0844516 0.1146504 0.0997312 0.0711743 0.0914513 0.0836460 0.1232401 0.0843021 0.0899621 0.0784190 0.1102480 0.0411393 0.1020988 0.0613053 0.0690850 0.0976010 0.0770419 0.1424158 0.1526939 0.1342805 0.0532080 0.0491455 0.1389188 0.0917524 0.1274349 0.2861884 0.0836303 0.0678122 0.1244912 0.0652676 0.0517282 0.0865260 0.0247979 0.1292574 0.1215542 0.0924191 0.0839185 0.1004701 0.0835347 
Perityle_congesta_202                      0.0674315 0.0620446 0.0829839 0.2769014 0.0713429 0.0520929 0.1577776 0.1937139 0.2432575 0.0588300 0.0852128 0.0265436 0.0361716 0.0465836 0.0125932 0.0443019 0.0349919 0.1015746 0.0700974 0.0288730 0.0163559 0.0329292 0.0994191 0.0365261 0.0862820 0.0000000 0.0387953 0.0474268 0.0883570 0.0854075 0.0536092 0.0768366 0.0872262 0.0702907 0.0056084 0.0440731 0.0730801 0.0355920 0.0765788 0.0450140 0.0303753 0.0360860 0.0807716 0.0042328 0.0796986 0.0763385 0.0221801 0.0213472 0.0205776 0.0798620 0.0197795 0.0061024 0.0157670 0.0477087 0.0046222 0.0912432 0.0456104 0.0318014 0.0209354 0.0085066 0.0772110 0.1456639 0.0885630 0.0327683 0.0170129 0.0762854 0.0457082 0.0714348 0.2690053 0.0396414 0.0300288 0.0800352 0.0019140 0.0064962 0.0045781 0.0091394 0.1472579 0.1140703 0.0308756 0.0251233 0.0978083 0.0211567 
Perityle_cordifolia_27                     0.0718431 0.0551357 0.0846891 0.2781976 0.0736125 0.0570109 0.1587878 0.2231845 0.2537854 0.0623271 0.0869151 0.0441687 0.0744518 0.0422120 0.0339763 0.0448705 0.0388156 0.0955410 0.0709905 0.0452939 0.0338811 0.0530449 0.0995638 0.0358829 0.1012727 0.0387953 0.0000000 0.0459681 0.0796165 0.0805066 0.0483682 0.0787742 0.0913035 0.0631802 0.0398637 0.0296533 0.0734613 0.0417694 0.0752477 0.0456726 0.0297666 0.0382049 0.0815796 0.0401851 0.0776062 0.0768199 0.0381570 0.0568867 0.0386996 0.0795681 0.0327142 0.0413019 0.0310278 0.0144903 0.0323305 0.0957820 0.0449286 0.0135074 0.0391593 0.0313713 0.0914606 0.1338400 0.0887353 0.0013648 0.0352404 0.0732514 0.0098393 0.0756434 0.2671145 0.0434738 0.0304229 0.0794252 0.0366842 0.0442376 0.0411205 0.0356610 0.1408230 0.1116352 0.0476073 0.0421230 0.1013936 0.0379611 
Perityle_cordifolia_68_tecolote            0.0715922 0.0629823 0.0860584 0.2930194 0.0802259 0.0529220 0.1721987 0.2137984 0.2529164 0.0664005 0.0955059 0.0525741 0.0814090 0.0528182 0.0524543 0.0554697 0.0389152 0.1066494 0.0800608 0.0524070 0.0396373 0.0578017 0.0834025 0.0418427 0.1099205 0.0474268 0.0459681 0.0000000 0.0861634 0.0926075 0.0607341 0.0852383 0.0958998 0.0781311 0.0478572 0.0523172 0.0797588 0.0439736 0.0850525 0.0558380 0.0354056 0.0434169 0.0871990 0.0481053 0.0867508 0.0854085 0.0460315 0.0596172 0.0463737 0.0867403 0.0435154 0.0496226 0.0417750 0.0588724 0.0389605 0.0989110 0.0100074 0.0342986 0.0465903 0.0399747 0.0883520 0.1504977 0.0951080 0.0404452 0.0432530 0.0804402 0.0543928 0.0806598 0.2689232 0.0458654 0.0346480 0.0866243 0.0456500 0.0511673 0.0486140 0.0383255 0.1577681 0.1194722 0.0514283 0.0516354 0.1031046 0.0451424 
Perityle_coronopifolia_28_patagonia        0.0731428 0.0924354 0.1007855 0.2417987 0.0842534 0.0696667 0.1926812 0.2289316 0.3473331 0.0825289 0.1092525 0.0835498 0.1239738 0.0871831 0.0879296 0.0820175 0.0859889 0.1104209 0.0776806 0.0804602 0.0679913 0.0737900 0.0984295 0.0798289 0.1593311 0.0883570 0.0796165 0.0861634 0.0000000 0.1196991 0.0893249 0.0944590 0.1022370 0.1185659 0.0766082 0.0799065 0.0735873 0.0791879 0.0999790 0.0832442 0.0731884 0.0739653 0.0832358 0.0771826 0.0803668 0.1019666 0.0752614 0.1001118 0.0734911 0.0807096 0.0753542 0.0836426 0.0697887 0.0825095 0.0684693 0.1247755 0.0826064 0.0613023 0.0723226 0.0748480 0.0944209 0.1637132 0.0877360 0.0601748 0.0781734 0.0072823 0.0846054 0.0887853 0.2173612 0.0855371 0.0650689 0.1050539 0.0772748 0.0853862 0.0874455 0.0608754 0.1677689 0.1329993 0.0827143 0.0872934 0.1127642 0.0730487 
Perityle_crassifolia_70_ventanas           0.0726708 0.0668303 0.0814790 0.3220611 0.0674638 0.0957810 0.1543003 0.2070214 0.2520113 0.0363004 0.1055131 0.0919337 0.0945610 0.0762993 0.0706444 0.0935856 0.0830568 0.1261856 0.0833418 0.0856024 0.0772947 0.0787524 0.1505964 0.0780192 0.1077342 0.0854075 0.0805066 0.0926075 0.1196991 0.0000000 0.0250862 0.1050326 0.1095808 0.0365396 0.0875727 0.0568496 0.0957307 0.0878791 0.0978633 0.0907439 0.0717336 0.0815794 0.1042782 0.0849354 0.1038553 0.1016796 0.0834793 0.0838155 0.0876685 0.1067868 0.0712036 0.0878120 0.0802217 0.0951679 0.0782430 0.1053607 0.0912038 0.0665954 0.0878734 0.0783525 0.1101073 0.1738037 0.1193018 0.0531527 0.0791411 0.1047830 0.0870539 0.0815833 0.2666623 0.0869020 0.0717297 0.0199643 0.0831128 0.0855781 0.0859515 0.0535548 0.1099646 0.1340783 0.0711886 0.0908438 0.1099105 0.0881589 
Perityle_crassifolia_74_playa_balandra     0.0445836 0.0734509 0.0512613 0.3478021 0.0411194 0.0804878 0.1276996 0.6287505 0.1245082 0.0048038 0.0698435 0.0554955 0.0536112 0.0452546 0.0528650 0.0483291 0.0596246 0.0687216 0.0758864 0.0599254 0.0529501 0.0441303 0.1131159 0.0529413 0.0661908 0.0536092 0.0483682 0.0607341 0.0893249 0.0250862 0.0000000 0.0727668 0.0462448 0.0495105 0.0475127 0.0261678 0.0828879 0.0631049 0.0753465 0.0455239 0.0529765 0.0558740 0.0895614 0.0501001 0.0839987 0.0756472 0.0530258 0.0475032 0.0599446 0.0896044 0.0508175 0.0526338 0.0519196 0.0561869 0.0448430 0.0703612 0.0592077 0.0434348 0.0587769 0.0502644 0.0467391 0.1230259 0.0570131 0.0465505 0.0497857 0.0875738 0.0608479 0.0697683 0.1944047 0.0642723 0.0498642 0.0103130 0.0446449 0.0530788 0.0504332 0.0412281 0.0704571 0.0718031 0.0550483 0.0522373 0.0549178 0.0602330 
Perityle_cuneata_34_cuneata_San_antonio    0.0667329 0.0637188 0.0768772 0.2706039 0.0746677 0.0790809 0.1660906 0.1956444 0.2565449 0.0687884 0.0895694 0.0809643 0.1076852 0.0793298 0.0684325 0.0801300 0.0734445 0.0851260 0.0787461 0.0816451 0.0675314 0.0826597 0.1148732 0.0723244 0.1358864 0.0768366 0.0787742 0.0852383 0.0944590 0.1050326 0.0727668 0.0000000 0.0948208 0.0724214 0.0730411 0.0748614 0.0853732 0.0745791 0.0904422 0.0797727 0.0723947 0.0710177 0.0925261 0.0728889 0.0930077 0.0967144 0.0746743 0.0928492 0.0720835 0.0923493 0.0712753 0.0760130 0.0679288 0.0866285 0.0654187 0.1087724 0.0770374 0.0651118 0.0734215 0.0700709 0.0980249 0.1748682 0.0986886 0.0673048 0.0797075 0.0818602 0.0876400 0.0819979 0.2611437 0.0797263 0.0703087 0.0907470 0.0820605 0.0770423 0.0771408 0.0640136 0.1568614 0.1326691 0.0744745 0.0793417 0.1183323 0.0814164 
Perityle_cuneata_4                         0.0791722 0.0720715 0.0930606 0.1975360 0.0777544 0.0641169 0.1777076 0.1967352 0.3214844 0.0760597 0.0948683 0.0893517 0.1202190 0.0890031 0.0825719 0.0924935 0.0833420 0.1027230 0.0926749 0.0952237 0.0786717 0.0997126 0.0864316 0.0799656 0.1504809 0.0872262 0.0913035 0.0958998 0.1022370 0.1095808 0.0462448 0.0948208 0.0000000 0.1071487 0.0831972 0.0849183 0.0935706 0.0859024 0.1003299 0.0945001 0.0737126 0.0802990 0.1045253 0.0841190 0.1005198 0.1031900 0.0839155 0.1075898 0.0827958 0.1021681 0.0801473 0.0841587 0.0752248 0.1010191 0.0767127 0.1242269 0.0860984 0.0755242 0.0815724 0.0752174 0.0950249 0.1545062 0.0983087 0.0561155 0.0761390 0.0974976 0.0983592 0.0802988 0.2394934 0.0929301 0.0734435 0.1053954 0.0853928 0.0910099 0.0854884 0.0535383 0.1527975 0.1443720 0.0901896 0.0838675 0.1166849 0.0813341 
Perityle_discoidea_81                      0.0692691 0.0834159 0.0732103 0.8602445 0.0551246 0.5817986 0.1597876 9.0000000 0.1144659 0.0408028 0.0860415 0.0783781 0.0718218 0.0596907 0.0392134 0.0867432 0.0671274 0.1030577 0.0834447 0.0784705 0.0663886 0.0795832 0.1682775 0.0574796 0.0851491 0.0702907 0.0631802 0.0781311 0.1185659 0.0365396 0.0495105 0.0724214 0.1071487 0.0000000 0.0680343 0.0343370 0.0800483 0.0717944 0.0716182 0.0814058 0.0522402 0.0604020 0.0879841 0.0721310 0.0881723 0.0716626 0.0722283 0.0674507 0.0818195 0.0945461 0.0685168 0.0707781 0.0708375 0.0766311 0.0660382 0.0780467 0.0867764 0.0667362 0.0807212 0.0715045 0.0682251 0.6155749 0.0816585 0.0662069 0.0664183 0.0861769 0.0786145 0.0827045 0.2339399 0.0726625 0.0533677 0.0365396 0.0650223 0.0716646 0.0702339 0.0624500 0.0834317 0.0752156 0.0711536 0.0753125 0.0900351 0.0806243 
Perityle_dissecta_201                      0.0660273 0.0583351 0.0781942 0.2808668 0.0685477 0.0508984 0.1596074 0.2087328 0.2435099 0.0575963 0.0828097 0.0270849 0.0374026 0.0453340 0.0136935 0.0448608 0.0320497 0.0979598 0.0680673 0.0293616 0.0151808 0.0348580 0.0841502 0.0348801 0.0765336 0.0056084 0.0398637 0.0478572 0.0766082 0.0875727 0.0475127 0.0730411 0.0831972 0.0680343 0.0000000 0.0423735 0.0714012 0.0350851 0.0771264 0.0451283 0.0292820 0.0360278 0.0791587 0.0050916 0.0776331 0.0764178 0.0216709 0.0092913 0.0189373 0.0781529 0.0172032 0.0074482 0.0144185 0.0479557 0.0041540 0.0912669 0.0451594 0.0326437 0.0198214 0.0087741 0.0779971 0.1398272 0.0872347 0.0327631 0.0127129 0.0727949 0.0443693 0.0719796 0.2698851 0.0389780 0.0293954 0.0822443 0.0041891 0.0082561 0.0051884 0.0143862 0.1504487 0.1087689 0.0306323 0.0229815 0.0949348 0.0212692 
Perityle_emoryi_47_punta_san_jose          0.0637275 0.0558081 0.0706470 0.3070213 0.0627862 0.0739157 0.1494185 0.2390993 0.2098738 0.0479120 0.0758305 0.0421096 0.0501350 0.0543202 0.0257677 0.0479213 0.0372896 0.0794171 0.0603687 0.0464195 0.0354391 0.0519277 0.0651896 0.0375515 0.0541438 0.0440731 0.0296533 0.0523172 0.0799065 0.0568496 0.0261678 0.0748614 0.0849183 0.0343370 0.0423735 0.0000000 0.0631823 0.0413026 0.0620240 0.0412191 0.0316639 0.0388369 0.0723361 0.0434682 0.0642680 0.0604742 0.0422497 0.0430417 0.0405324 0.0762765 0.0360777 0.0428994 0.0345567 0.0422300 0.0296484 0.0793770 0.0465787 0.0304867 0.0385667 0.0325142 0.0772974 0.1271978 0.0698029 0.0097534 0.0294118 0.0741925 0.0347063 0.0697962 0.2302941 0.0431770 0.0301209 0.0518927 0.0412124 0.0409895 0.0428091 0.0391281 0.0742593 0.0831575 0.0539313 0.0450867 0.0882695 0.0405527 
Perityle_feddemae_99                       0.0757001 0.0736259 0.0911325 0.3059829 0.0808434 0.0711310 0.1776081 0.2345898 0.2724225 0.0735152 0.0973160 0.0752871 0.0989056 0.0809414 0.0685753 0.0799677 0.0727658 0.0997761 0.0331576 0.0752219 0.0604102 0.0758598 0.1107855 0.0726615 0.1137816 0.0730801 0.0734613 0.0797588 0.0735873 0.0957307 0.0828879 0.0853732 0.0935706 0.0800483 0.0714012 0.0631823 0.0000000 0.0725140 0.0696879 0.0792019 0.0676888 0.0733679 0.0221944 0.0700738 0.0167215 0.0701975 0.0697228 0.0734472 0.0682498 0.0214661 0.0654233 0.0715989 0.0627053 0.0872181 0.0610083 0.0898477 0.0762027 0.0676846 0.0697339 0.0626043 0.0754441 0.1148162 0.0646199 0.0557585 0.0632838 0.0748294 0.0854520 0.0866949 0.2481600 0.0771502 0.0673847 0.0912516 0.0682084 0.0742062 0.0704272 0.0690238 0.1539386 0.0910066 0.0752077 0.0737482 0.0894707 0.0690040 
Perityle_fosteri_93                        0.0605792 0.0654091 0.0773029 0.2836731 0.0691429 0.0497033 0.1670471 0.1928272 0.2445940 0.0546873 0.0844050 0.0388487 0.0685381 0.0361759 0.0456187 0.0443247 0.0103446 0.0964297 0.0724532 0.0436722 0.0278269 0.0463853 0.0712543 0.0305922 0.0921416 0.0355920 0.0417694 0.0439736 0.0791879 0.0878791 0.0631049 0.0745791 0.0859024 0.0717944 0.0350851 0.0413026 0.0725140 0.0000000 0.0786727 0.0436973 0.0244821 0.0320038 0.0838334 0.0347020 0.0797075 0.0779993 0.0332822 0.0393652 0.0339611 0.0819229 0.0308615 0.0355920 0.0286393 0.0495862 0.0258702 0.0909895 0.0409749 0.0315906 0.0341765 0.0267646 0.0810783 0.1450547 0.0877174 0.0422687 0.0311411 0.0760734 0.0464772 0.0754615 0.2551347 0.0151391 0.0250742 0.0781997 0.0333917 0.0416464 0.0356988 0.0326245 0.1458010 0.1172374 0.0407039 0.0395854 0.0977782 0.0324002 
Perityle_gamon_221                         0.0832305 0.0740293 0.0953931 0.3284496 0.0833869 0.0766132 0.1859949 0.2331049 0.2568798 0.0746271 0.1048243 0.0815931 0.0947602 0.0867118 0.0638602 0.0836696 0.0748538 0.1151778 0.0605811 0.0813789 0.0704104 0.0871029 0.1023641 0.0750939 0.1087802 0.0765788 0.0752477 0.0850525 0.0999790 0.0978633 0.0753465 0.0904422 0.1003299 0.0716182 0.0771264 0.0620240 0.0696879 0.0786727 0.0000000 0.0837993 0.0695280 0.0794853 0.0765195 0.0758844 0.0759669 0.0115592 0.0757012 0.0780571 0.0766223 0.0751170 0.0733212 0.0774824 0.0703244 0.0857880 0.0672605 0.0881847 0.0790517 0.0636539 0.0770247 0.0695752 0.0732824 0.1541630 0.0784337 0.0497385 0.0673811 0.0956659 0.0841038 0.0911177 0.2792053 0.0808243 0.0676189 0.0950986 0.0731868 0.0765326 0.0772751 0.0557765 0.1424668 0.0973801 0.0764231 0.0804227 0.0876024 0.0757736 
Perityle_gentryi_8_san_francisco           0.0757079 0.0675258 0.0902456 0.3153331 0.0770191 0.0496134 0.1706751 0.2016603 0.2512224 0.0598681 0.0957380 0.0480304 0.0582914 0.0547861 0.0602401 0.0068854 0.0412294 0.1038303 0.0752171 0.0490066 0.0374205 0.0542193 0.0891210 0.0438080 0.0746552 0.0450140 0.0456726 0.0558380 0.0832442 0.0907439 0.0455239 0.0797727 0.0945001 0.0814058 0.0451283 0.0412191 0.0792019 0.0436973 0.0837993 0.0000000 0.0360614 0.0437972 0.0888702 0.0438450 0.0858085 0.0837565 0.0437735 0.0454399 0.0426437 0.0888265 0.0383016 0.0469863 0.0369571 0.0563279 0.0354988 0.0806899 0.0511872 0.0390451 0.0434192 0.0351942 0.0849570 0.1380765 0.0850392 0.0311765 0.0435687 0.0792516 0.0521474 0.0808332 0.2677956 0.0474299 0.0367917 0.0810649 0.0428866 0.0473145 0.0437037 0.0358438 0.1234857 0.1050978 0.0514216 0.0491156 0.0998651 0.0421069 
Perityle_gilensis_22_Superstition          0.0581987 0.0548124 0.0726223 0.2649143 0.0623515 0.0412181 0.1492251 0.1878017 0.2426840 0.0461271 0.0750319 0.0344892 0.0661429 0.0181650 0.0358788 0.0357955 0.0220643 0.0977020 0.0640338 0.0340022 0.0230295 0.0403076 0.0829960 0.0032553 0.0916299 0.0303753 0.0297666 0.0354056 0.0731884 0.0717336 0.0529765 0.0723947 0.0737126 0.0522402 0.0292820 0.0316639 0.0676888 0.0244821 0.0695280 0.0360614 0.0000000 0.0039115 0.0758490 0.0304865 0.0724787 0.0690007 0.0285495 0.0475664 0.0284827 0.0752121 0.0246695 0.0303770 0.0232743 0.0391853 0.0224238 0.0861332 0.0348438 0.0239407 0.0291855 0.0214837 0.0699202 0.1337342 0.0736932 0.0333846 0.0281649 0.0623574 0.0374258 0.0636548 0.2520689 0.0262389 0.0011305 0.0675154 0.0280759 0.0349498 0.0320410 0.0268442 0.1399620 0.1041313 0.0363004 0.0330187 0.0863389 0.0272029 
Perityle_gilensis_salensis_225             0.0667777 0.0592901 0.0795758 0.2770272 0.0688923 0.0476006 0.1566609 0.1963165 0.2503420 0.0564977 0.0828079 0.0408005 0.0703226 0.0268688 0.0406277 0.0435446 0.0287585 0.1070158 0.0700095 0.0391675 0.0285681 0.0477377 0.0876958 0.0150360 0.0964275 0.0360860 0.0382049 0.0434169 0.0739653 0.0815794 0.0558740 0.0710177 0.0802990 0.0604020 0.0360278 0.0388369 0.0733679 0.0320038 0.0794853 0.0437972 0.0039115 0.0000000 0.0822173 0.0360557 0.0797621 0.0801944 0.0351981 0.0504453 0.0333976 0.0812015 0.0318745 0.0370669 0.0285820 0.0467945 0.0283139 0.0904949 0.0396064 0.0325443 0.0349756 0.0274140 0.0758672 0.1374872 0.0833289 0.0414914 0.0331614 0.0683937 0.0460413 0.0729618 0.2669039 0.0347483 0.0032894 0.0767321 0.0349788 0.0402037 0.0366496 0.0318991 0.1413457 0.1170805 0.0425852 0.0396616 0.0897924 0.0334127 
Perityle_glaucescens_94                    0.0866087 0.0788196 0.0996692 0.3199812 0.0858464 0.0766107 0.1843048 0.2172421 0.2672734 0.0805335 0.1056834 0.0829695 0.1017042 0.0899892 0.0746455 0.0894773 0.0805611 0.1132527 0.0419886 0.0868120 0.0719260 0.0879322 0.1080621 0.0802424 0.1197847 0.0807716 0.0815796 0.0871990 0.0832358 0.1042782 0.0895614 0.0925261 0.1045253 0.0879841 0.0791587 0.0723361 0.0221944 0.0838334 0.0765195 0.0888702 0.0758490 0.0822173 0.0000000 0.0791050 0.0292917 0.0758360 0.0782233 0.0811721 0.0758110 0.0031650 0.0734812 0.0802630 0.0720964 0.0932872 0.0723426 0.0936126 0.0844951 0.0763554 0.0779469 0.0709306 0.0815949 0.1367587 0.0768249 0.0632316 0.0698200 0.0846689 0.0923989 0.0915150 0.2681395 0.0875674 0.0744178 0.1015090 0.0759299 0.0832776 0.0801183 0.0701671 0.1483821 0.0892245 0.0833992 0.0835319 0.0955679 0.0764110 
Perityle_gracilis_11                       0.0673548 0.0550525 0.0795932 0.2852506 0.0695191 0.0455476 0.1610932 0.1907630 0.2417472 0.0589533 0.0838937 0.0264105 0.0373362 0.0457840 0.0137327 0.0444343 0.0315300 0.0972405 0.0663698 0.0284523 0.0143081 0.0338839 0.0909986 0.0350536 0.0844516 0.0042328 0.0401851 0.0481053 0.0771826 0.0849354 0.0501001 0.0728889 0.0841190 0.0721310 0.0050916 0.0434682 0.0700738 0.0347020 0.0758844 0.0438450 0.0304865 0.0360557 0.0791050 0.0000000 0.0770070 0.0765616 0.0208606 0.0143438 0.0195679 0.0777214 0.0171323 0.0060845 0.0146631 0.0478429 0.0023062 0.0892621 0.0438432 0.0311197 0.0187571 0.0055431 0.0765085 0.1343763 0.0853381 0.0325986 0.0151936 0.0727872 0.0444159 0.0735857 0.2704739 0.0382074 0.0289533 0.0801276 0.0012051 0.0047550 0.0031336 0.0071488 0.1365839 0.1124067 0.0301066 0.0240142 0.0925694 0.0193463 
Perityle_harkerae_31                       0.0824049 0.0802061 0.0972523 0.3263189 0.0824194 0.0791314 0.1844361 0.2409860 0.2704864 0.0773336 0.1028201 0.0795559 0.0986408 0.0893055 0.0753200 0.0869396 0.0771052 0.1121983 0.0403723 0.0826187 0.0689583 0.0851908 0.1129433 0.0783485 0.1146504 0.0796986 0.0776062 0.0867508 0.0803668 0.1038553 0.0839987 0.0930077 0.1005198 0.0881723 0.0776331 0.0642680 0.0167215 0.0797075 0.0759669 0.0858085 0.0724787 0.0797621 0.0292917 0.0770070 0.0000000 0.0743267 0.0766737 0.0800293 0.0750855 0.0297525 0.0722971 0.0797201 0.0692298 0.0909129 0.0684039 0.0913975 0.0827391 0.0677642 0.0755276 0.0679456 0.0807840 0.1342849 0.0732000 0.0571188 0.0679521 0.0812337 0.0877557 0.0909539 0.2677545 0.0834827 0.0727529 0.1000185 0.0751720 0.0808901 0.0774634 0.0707259 0.1430518 0.0877777 0.0814367 0.0796810 0.0979762 0.0752565 
Perityle_hofmeisteria_4_nombre_de_dios     0.0810287 0.0756927 0.0920917 0.3414494 0.0848369 0.0799467 0.1845219 0.2384435 0.2532242 0.0759015 0.1034536 0.0806011 0.0829029 0.0890206 0.0649254 0.0827109 0.0727477 0.1171240 0.0597085 0.0819550 0.0708928 0.0881866 0.1029011 0.0756463 0.0997312 0.0763385 0.0768199 0.0854085 0.1019666 0.1016796 0.0756472 0.0967144 0.1031900 0.0716626 0.0764178 0.0604742 0.0701975 0.0779993 0.0115592 0.0837565 0.0690007 0.0801944 0.0758360 0.0765616 0.0743267 0.0000000 0.0750152 0.0770031 0.0759186 0.0748512 0.0724839 0.0767270 0.0698799 0.0877324 0.0680425 0.0857248 0.0819030 0.0673643 0.0758800 0.0682382 0.0710814 0.1524836 0.0774542 0.0521738 0.0654900 0.0955734 0.0846243 0.0901791 0.2790889 0.0802327 0.0690533 0.0969713 0.0741551 0.0777544 0.0780113 0.0581266 0.1322904 0.0819746 0.0756844 0.0784476 0.0845667 0.0749914 
