83
Amauria_brandeegeana_62                    0.0000000 0.1040557 0.2497619 0.4086526 0.2419759 0.1055339 0.3277771 0.1466344 0.3852079 0.1981018 0.3586833 0.2554751 0.2655386 0.2651879 0.1316291 0.1917307 0.2534786 0.2277684 0.4009056 0.1905481 0.2165830 0.1700845 0.0673678 0.3336741 0.2679484 0.2663959 0.3198928 0.1736859 0.2931758 0.2278736 0.1731715 0.3083058 0.3188126 0.3138739 0.1122486 0.3284820 0.1973813 0.3048932 0.2260819 0.2809434 0.2825359 0.3525485 0.2186515 0.3061837 0.2539704 0.2719280 0.2345478 0.1604605 0.2284502 0.3238609 0.2844016 0.3338161 0.2485269 0.1843242 0.2519561 0.3452150 0.1894841 0.1256980 0.2405380 0.1597480 0.2346690 0.2058443 0.2466366 0.0818055 0.3345980 0.2627630 0.1830700 0.3203322 0.3299953 0.1861024 0.2526789 0.2262357 0.1881295 0.3233676 0.1849727 0.3197819 0.0680986 0.3189249 0.2371277 0.2760238 0.1500325 0.2552747 0.3309980 
Amauria_carterae_99_mesa                   0.1040557 0.0000000 0.0986875 0.1000230 0.0597641 0.0585396 0.1174057 0.1172382 0.1866635 0.0651531 0.0667968 0.0947319 0.1017334 0.0831568 0.0715068 0.0763155 0.0716714 0.0487273 0.0786074 0.1095437 0.0680813 0.0841048 0.0935414 0.0871357 0.0905056 0.0941842 0.0948174 0.1040103 0.0670997 0.6409927 0.0749670 0.0858004 0.0632738 0.0943342 1.5335263 0.0816236 0.0850020 0.0706028 0.0883910 0.0816771 0.0841497 0.0674249 0.0850446 0.0643865 0.0560461 0.1066750 0.0440484 0.0889422 0.0842973 0.0644820 0.0824409 0.0871485 0.0750163 0.0852478 0.0746799 0.9211283 0.1038508 0.0955656 0.0839380 0.0775194 0.0802034 0.0577497 0.0674980 0.0752719 0.0871155 0.0729699 0.0827634 0.0648107 0.0552408 0.0685381 0.1069183 0.0783895 0.0797723 0.0954357 0.0874344 0.0941477 0.0721504 0.0648111 0.0840934 0.0988492 0.0620038 0.0810143 0.0916259 
Amauria_rotundifolia_SRR9119150            0.2497619 0.0986875 0.0000000 0.3078992 0.2066157 0.0949336 0.3031875 0.0829626 0.4498763 0.2305189 0.3863234 0.2649260 0.1549851 0.1606934 0.1242104 0.1534016 0.1250263 0.2258185 0.2264779 0.1495455 0.1254099 0.1518164 0.0734918 0.1745190 0.2676863 0.2897684 0.1817625 0.1701993 0.3469160 0.8762374 0.1308221 0.2843406 0.3359560 0.2861635 1.0267342 0.2214196 0.1695537 0.2846960 0.2379690 0.2669118 0.2780725 0.2482726 0.2245764 0.1727374 0.2658785 0.2580056 0.2764867 0.1441535 0.2057023 0.2246175 0.2690332 0.3211912 0.2461126 0.1552700 0.2562481 0.9907711 0.1365339 0.0966274 0.2350750 0.1407989 0.2196988 0.2424069 0.1833069 0.0956567 0.2957636 0.2452937 0.1378146 0.3053138 0.2204303 0.1542529 0.2485833 0.2316388 0.3168136 0.3084460 0.1559634 0.2734107 0.0593320 0.2951969 0.2190053 0.2610106 0.1595500 0.1531907 0.3366386 
Conoclinium_coelestinum_SRR9119114         0.4086526 0.1000230 0.3078992 0.0000000 0.3197762 0.0802979 0.3013354 0.1343681 0.4446470 0.2666424 0.3493318 0.3197210 0.3269231 0.3036184 0.1768199 0.2442541 0.2633811 0.2861511 0.3451033 0.2538252 0.2682545 0.2195284 0.0832818 0.3049396 0.2974138 0.3140277 0.2809572 0.2353540 0.2806570 0.8202605 0.2164952 0.3499420 0.3575201 0.3222638 1.1396386 0.2916416 0.2448613 0.3283371 0.2407619 0.2968338 0.3183641 0.3614151 0.2824578 0.2861437 0.2891474 0.3238967 0.3040630 0.2133468 0.2770510 0.2915633 0.2914480 0.3082617 0.2901790 0.2515256 0.2578845 0.9075609 0.2244549 0.1763670 0.2961190 0.2041945 0.2152158 0.1946876 0.2124626 0.0890540 0.3147869 0.2510670 0.2328430 0.3889897 0.3285096 0.1830465 0.3036526 0.2748928 0.3159244 0.3207617 0.2352079 0.3128662 0.0859851 0.3922413 0.2962586 0.3156581 0.1190628 0.2911259 0.2977250 
Eutetras_palmeri_63                        0.2419759 0.0597641 0.2066157 0.3197762 0.0000000 0.0000010 0.2592698 0.1048968 0.4560762 0.1045932 0.2383250 0.2193824 0.1914081 0.1964893 0.1562912 0.1684512 0.1562894 0.1680637 0.1883419 0.2120526 0.1416070 0.1731370 0.0726923 0.1963222 0.2264914 0.2191487 0.1809599 0.1910047 0.2192532 0.7183141 0.0976119 0.1816021 0.1798891 0.2323308 0.7902800 0.1974647 0.2158195 0.1442710 0.1696056 0.2179288 0.2010914 0.1899748 0.2071135 0.1780737 0.1629058 0.2482020 0.1600353 0.1570884 0.2238569 0.1927591 0.2160933 0.2286492 0.2124095 0.1644331 0.1864873 0.9222964 0.1874602 0.1504841 0.2192631 0.1499227 0.2223352 0.1677716 0.2047497 0.1085382 0.2167760 0.2390487 0.1719666 0.3139990 0.2061808 0.2445854 0.2452086 0.2127358 0.1213590 0.2216780 0.2036956 0.2268417 0.0720377 0.3194526 0.2116395 0.2436883 0.1037314 0.1774828 0.1746768 
Eutetras_pringlei_149_quer                 0.1055339 0.0585396 0.0949336 0.0802979 0.0000010 0.0000000 0.1017885 0.0922052 0.2212633 0.0313104 0.0702227 0.1007595 0.1006772 0.0945515 0.0877554 0.0924947 0.0708731 0.0598208 0.0652035 0.1210723 0.0611799 0.0950962 0.0702992 0.0910234 0.1004595 0.0970565 0.0977384 0.1196991 0.0536193 0.6695308 0.0467021 0.0827874 0.0529048 0.1107931 1.0013509 0.0747471 0.0962638 0.0646839 0.0853528 0.0961757 0.0913583 0.0617460 0.0859781 0.0555050 0.0548120 0.1187294 0.0542268 0.0926688 0.0952930 0.0589262 0.0836181 0.1007967 0.0903992 0.0893181 0.0870283 0.8734695 0.1227923 0.1051209 0.0948703 0.0890460 0.0820120 0.0565915 0.0536939 0.0770592 0.0975236 0.0623543 0.0868947 0.0594097 0.0435560 0.0894896 0.1185998 0.0872146 0.0577601 0.0982129 0.0980898 0.1037609 0.0651075 0.0628381 0.0880143 0.1117742 0.0587713 0.0886571 0.0949279 
Eutrochium_fistulosum_SRR9119106           0.3277771 0.1174057 0.3031875 0.3013354 0.2592698 0.1017885 0.0000000 0.1008484 0.4339638 0.2491318 0.4137287 0.3022667 0.3174335 0.3007334 0.1935880 0.2333457 0.2627211 0.2576463 0.2627415 0.2171168 0.2507274 0.2238985 0.1270519 0.3024724 0.2638986 0.3227258 0.2963835 0.2266717 0.3313618 0.9041603 0.2140413 0.3462539 0.3437519 0.3058202 1.1345871 0.2630863 0.2061444 0.3039320 0.2669376 0.2937936 0.3135942 0.2901500 0.2468155 0.2459304 0.2880538 0.3014476 0.2737315 0.2263753 0.2590636 0.2787116 0.2951660 0.3442914 0.2863687 0.2380486 0.2902734 1.0578327 0.1912177 0.1452366 0.2751284 0.2188981 0.2531634 0.2157842 0.1924898 0.1172188 0.3046347 0.2949016 0.2096786 0.3344010 0.2932022 0.1806386 0.2934563 0.2703029 0.3590938 0.3271852 0.2359673 0.3003439 0.1103652 0.3274654 0.2596011 0.3238104 0.1609937 0.2983625 0.3151781 
Galeana_pratensis_104_mex                  0.1466344 0.1172382 0.0829626 0.1343681 0.1048968 0.0922052 0.1008484 0.0000000 0.1623469 0.0939477 0.1043333 0.1242476 0.1121097 0.0951674 0.0820090 0.0755664 0.0789548 0.1135029 0.1474132 0.0990265 0.0721875 0.1018486 0.1042583 0.0953225 0.0955864 0.1136036 0.0985750 0.1035891 0.1105956 0.4671362 0.1236503 0.1139831 0.1127528 0.1141425 1.2272935 0.1401905 0.1025880 0.1171785 0.0897065 0.1032110 0.1207191 0.1178886 0.1024360 0.1091372 0.1207786 0.1142382 0.0842022 0.1009543 0.1054713 0.1029400 0.1029354 0.1080871 0.0947771 0.0835964 0.0981064 0.8560842 0.1100564 0.0928038 0.1083040 0.0971466 0.1064182 0.0981516 0.0957178 0.0791491 0.1238463 0.1313814 0.0748249 0.1272293 0.1182353 0.1094698 0.1217093 0.1009945 0.1154933 0.1118208 0.1049704 0.1167154 0.0884584 0.1336588 0.1081202 0.1218285 0.1079832 0.0867979 0.0701829 
Helianthus_annuus_SRR9119062               0.3852079 0.1866635 0.4498763 0.4446470 0.4560762 0.2212633 0.4339638 0.1623469 0.0000000 0.4101560 0.4267341 0.3950537 0.4104395 0.4139644 0.2467719 0.3367457 0.3993935 0.3950413 0.5266297 0.3339377 0.3569076 0.2692050 0.1786332 0.4786887 0.4177019 0.4175744 0.4593437 0.3203041 0.4197573 0.3296419 0.3633140 0.4585228 0.4137853 0.4549911 0.2562020 0.4289981 0.3303236 0.4260392 0.3539870 0.4257945 0.4291437 0.4757624 0.3533127 0.4017391 0.3899174 0.4064344 0.4432199 0.2730178 0.3692818 0.4106283 0.4351095 0.4658207 0.3911826 0.3273545 0.3583537 0.4493123 0.3507388 0.2275161 0.3809990 0.2639336 0.3259896 0.3536490 0.3306029 0.2135920 0.4820738 0.3809471 0.3563965 0.4556622 0.4454466 0.2815309 0.3947698 0.3672696 0.3803296 0.4678628 0.2863395 0.4740464 0.1580774 0.4580954 0.3785472 0.4186544 0.2723453 0.3991192 0.5214624 
Lycapsus_tenuifolius_17                    0.1981018 0.0651531 0.2305189 0.2666424 0.1045932 0.0313104 0.2491318 0.0939477 0.4101560 0.0000000 0.2669244 0.2657657 0.2453924 0.2553626 0.1312570 0.2102696 0.2087126 0.2086936 0.2172295 0.2305403 0.2184944 0.1483020 0.0735990 0.2448438 0.2823032 0.2906451 0.2227662 0.1931487 0.2091687 0.6865643 0.0047507 0.1728933 0.2287366 0.2777546 0.8920975 0.1953317 0.1915061 0.2413580 0.1997950 0.2670151 0.2699318 0.2499454 0.2641237 0.1497188 0.1790128 0.2799520 0.2598633 0.1452693 0.2521891 0.1718339 0.2537811 0.2768555 0.2607031 0.2101654 0.2428592 0.8043701 0.1992019 0.1200084 0.2581172 0.1427054 0.1644985 0.1910792 0.1440668 0.0987817 0.2670835 0.1996746 0.2237651 0.3012178 0.1967124 0.1554756 0.2608592 0.2483219 0.0398856 0.2951033 0.1677210 0.2715381 0.0635132 0.2996437 0.2581191 0.2857529 0.1113393 0.2195580 0.2517662 
Pericome_caudata_50_silver                 0.3586833 0.0667968 0.3863234 0.3493318 0.2383250 0.0702227 0.4137287 0.1043333 0.4267341 0.2669244 0.0000000 0.3762941 0.3651245 0.3696050 0.2482520 0.3280330 0.2625519 0.2291417 0.2965993 0.3049796 0.3065971 0.2436320 0.1137859 0.3672796 0.2919083 0.3689379 0.3599810 0.3288707 0.3249892 0.8534003 0.1693874 0.2938228 0.3029873 0.3518183 0.9822829 0.2573460 0.2453307 0.3151185 0.2853335 0.3102175 0.3439915 0.3118926 0.2909935 0.2356543 0.3150877 0.3388145 0.3163767 0.2909644 0.3066784 0.3025256 0.3333716 0.3668765 0.3465617 0.3528240 0.2941701 0.9392142 0.2897477 0.1610211 0.3405872 0.2842101 0.2929999 0.1739028 0.1597221 0.1393967 0.3463543 0.3440536 0.2893645 0.3832707 0.3146834 0.1353856 0.3546117 0.3363037 0.3225562 0.3664944 0.2888824 0.3524000 0.0941422 0.3775316 0.3232203 0.3584721 0.1493642 0.3402905 0.3542169 
Perityle_aglossa_84_dead_horse             0.2554751 0.0947319 0.2649260 0.3197210 0.2193824 0.1007595 0.3022667 0.1242476 0.3950537 0.2657657 0.3762941 0.0000000 0.1777559 0.2028801 0.0369927 0.1800903 0.1729096 0.2516840 0.2267213 0.1595791 0.1534069 0.0699961 0.0387082 0.2051544 0.0682356 0.0856099 0.2083942 0.1803131 0.2790258 0.7574944 0.2002910 0.2875399 0.2849491 0.1083143 0.8072735 0.2514439 0.0488939 0.2426483 0.1675950 0.0527538 0.0527484 0.2305907 0.0517897 0.1909297 0.2582876 0.0755033 0.2636411 0.0951138 0.0568291 0.2192017 0.0555401 0.1205316 0.0507426 0.1740402 0.0501860 0.8760497 0.1677994 0.0748691 0.0660903 0.0873689 0.2273225 0.1881829 0.1581084 0.0398186 0.0763512 0.2204801 0.1804859 0.3117969 0.2279072 0.1535787 0.0837187 0.0595569 0.2892959 0.1173125 0.0850035 0.0904419 0.0260615 0.3014230 0.0600389 0.0629915 0.1562785 0.1611988 0.2527295 
Perityle_ajoensis_204                      0.2655386 0.1017334 0.1549851 0.3269231 0.1914081 0.1006772 0.3174335 0.1121097 0.4104395 0.2453924 0.3651245 0.1777559 0.0000000 0.0569593 0.0499923 0.0931881 0.0302180 0.2183200 0.2254321 0.0521360 0.0379986 0.0740821 0.0320705 0.0671457 0.1907836 0.1885881 0.0749474 0.1145619 0.2930886 0.8258648 0.1438257 0.2768932 0.3195427 0.1908051 0.9091341 0.2101886 0.1051429 0.2869109 0.1669839 0.1730819 0.1763058 0.2567440 0.1491418 0.1752200 0.2087736 0.2000270 0.2681612 0.0540476 0.1177395 0.2094302 0.1691669 0.2046308 0.1672176 0.0682016 0.1599728 0.9866420 0.1000529 0.0612268 0.1424528 0.0543502 0.1749474 0.2204385 0.1879397 0.0491644 0.1849957 0.2138437 0.0622221 0.2892367 0.2221367 0.1373045 0.1758184 0.1555861 0.3110706 0.1960541 0.0700176 0.1873457 0.0361666 0.2757461 0.1526153 0.1935906 0.1644986 0.0499623 0.2565303 
Perityle_ambrosiifolia_67_green            0.2651879 0.0831568 0.1606934 0.3036184 0.1964893 0.0945515 0.3007334 0.0951674 0.4139644 0.2553626 0.3696050 0.2028801 0.0569593 0.0000000 0.0461750 0.0821892 0.0283017 0.2209395 0.2280628 0.0556966 0.0411245 0.0852146 0.0347436 0.0431607 0.1841259 0.1942759 0.0916386 0.1270979 0.3325327 0.8158400 0.1470622 0.2738260 0.3243737 0.1836827 0.9395987 0.2132276 0.1011171 0.2902398 0.1574243 0.1677800 0.1716328 0.2549468 0.1503732 0.1759289 0.2667949 0.1959256 0.2570341 0.0598087 0.1269877 0.2209733 0.1608032 0.2359901 0.1707325 0.0577138 0.1762204 1.0282023 0.0906766 0.0564076 0.1471045 0.0651359 0.2036788 0.1942537 0.1713828 0.0312919 0.1833777 0.2361088 0.0501372 0.2881849 0.2450547 0.1233677 0.1773813 0.1435611 0.3190470 0.2012578 0.0712582 0.1930647 0.0194659 0.2773875 0.1454341 0.1803223 0.1519491 0.0555188 0.2571228 
Perityle_angustifolia_13_Eagle_creek       0.1316291 0.0715068 0.1242104 0.1768199 0.1562912 0.0877554 0.1935880 0.0820090 0.2467719 0.1312570 0.2482520 0.0369927 0.0499923 0.0461750 0.0000000 0.0689838 0.0184916 0.1225863 0.1266426 0.0431777 0.0204791 0.0287233 0.0040799 0.0458160 0.0196744 0.0234819 0.0473108 0.0680921 0.1903792 0.5993667 0.1514969 0.1563301 0.1379356 0.0243308 0.6093387 0.1567965 0.0253139 0.1256271 0.0813465 0.0056254 0.0290024 0.1374621 0.0212674 0.1404713 0.1593145 0.0381298 0.1059938 0.0210127 0.0184875 0.1575708 0.0214214 0.0549624 0.0092819 0.0369889 0.0136843 0.8253691 0.0505326 0.0478808 0.0157948 0.0131960 0.1650197 0.1842918 0.1482570 0.0204304 0.0287349 0.1513663 0.0341808 0.1963998 0.1578125 0.1084820 0.0346652 0.0173386 0.1437691 0.0210774 0.0182539 0.0354545 0.0032860 0.1845577 0.0218127 0.0337141 0.1436430 0.0276171 0.0673807 
Perityle_batopilensis_97                   0.1917307 0.0763155 0.1534016 0.2442541 0.1684512 0.0924947 0.2333457 0.0755664 0.3367457 0.2102696 0.3280330 0.1800903 0.0931881 0.0821892 0.0689838 0.0000000 0.0542580 0.1921637 0.2166174 0.0715317 0.0656681 0.0883633 0.0324267 0.0853894 0.1735010 0.1981055 0.0852859 0.0831803 0.2508286 0.7679435 0.1197907 0.2147898 0.2543992 0.1675895 0.8335062 0.1919972 0.0991409 0.2228019 0.0859660 0.1488341 0.1539133 0.2024968 0.1687283 0.1431744 0.2017717 0.1805374 0.2156448 0.0780611 0.1451635 0.1944588 0.1433377 0.2025150 0.1452587 0.0663560 0.1622734 0.9123204 0.0541309 0.0587831 0.1584955 0.0754672 0.1901346 0.2070431 0.1498792 0.0058617 0.1634599 0.2169719 0.0376012 0.2813503 0.2145838 0.1349366 0.1618389 0.1463320 0.2686238 0.2010257 0.0898077 0.1580380 0.0273125 0.2794014 0.1576663 0.1783378 0.1466384 0.0746822 0.1670596 
Perityle_bisetosa_9                        0.2534786 0.0716714 0.1250263 0.2633811 0.1562894 0.0708731 0.2627211 0.0789548 0.3993935 0.2087126 0.2625519 0.1729096 0.0302180 0.0283017 0.0184916 0.0542580 0.0000000 0.1895402 0.2009854 0.0236006 0.0223963 0.0414599 0.0000010 0.0339732 0.1597752 0.2114576 0.0376254 0.0755868 0.2490350 0.8108241 0.1109628 0.2570197 0.3145425 0.1980012 0.8878352 0.1632889 0.0753903 0.2598816 0.1522095 0.1761582 0.1870189 0.2172437 0.1380759 0.1219328 0.1417862 0.2004458 0.2423471 0.0380697 0.1132131 0.1404323 0.1692632 0.2023054 0.1831093 0.0300651 0.1723353 0.9513586 0.0562405 0.0268252 0.1470439 0.0381643 0.1309776 0.1764343 0.1510051 0.0087082 0.1994595 0.1853674 0.0248442 0.2510925 0.1683592 0.0980422 0.1730685 0.1496059 0.3043977 0.2316978 0.0564439 0.1944921 0.0133691 0.2445326 0.1339192 0.1926551 0.1253594 0.0281673 0.2382160 
Perityle_californica_76_positas            0.2277684 0.0487273 0.2258185 0.2861511 0.1680637 0.0598208 0.2576463 0.1135029 0.3950413 0.2086936 0.2291417 0.2516840 0.2183200 0.2209395 0.1225863 0.1921637 0.1895402 0.0000000 0.2164375 0.2264837 0.1850932 0.1471994 0.0674493 0.2196792 0.2454510 0.2596999 0.1971984 0.1648194 0.2108877 0.8541492 0.1233340 0.1319541 0.1876371 0.2502442 0.9970226 0.1840793 0.1876162 0.2150320 0.1840502 0.2443629 0.2425497 0.2071343 0.2371899 0.1399684 0.1694573 0.2535399 0.2367933 0.1394846 0.2313390 0.1607635 0.2365959 0.2566354 0.2389217 0.1904319 0.2258776 0.9265032 0.1980650 0.1354398 0.2389296 0.1335371 0.1691815 0.1847726 0.1332024 0.1081643 0.2436605 0.1889371 0.1984341 0.2638590 0.1875536 0.1585197 0.2574632 0.2413085 0.2418769 0.2612678 0.1602867 0.2575760 0.0613009 0.2639528 0.2431947 0.2695878 0.1141763 0.2073103 0.2608537 
Perityle_canescens_77                      0.4009056 0.0786074 0.2264779 0.3451033 0.1883419 0.0652035 0.2627415 0.1474132 0.5266297 0.2172295 0.2965993 0.2267213 0.2254321 0.2280628 0.1266426 0.2166174 0.2009854 0.2164375 0.0000000 0.2393877 0.2020940 0.1368359 0.0873952 0.2344190 0.2457197 0.2110675 0.1969317 0.2215373 0.1870142 0.6944521 0.1406517 0.2524223 0.2422762 0.2328893 0.8925269 0.2245469 0.1905965 0.1049830 0.1870761 0.2174952 0.2128081 0.0818554 0.2025430 0.0595081 0.1043002 0.2338614 0.1784336 0.1318560 0.2236480 0.0627988 0.2079035 0.2240872 0.2223215 0.1952200 0.1857968 0.7810786 0.2436263 0.1368958 0.2233473 0.1272959 0.2032393 0.1996044 0.1839849 0.0979678 0.2261665 0.1959869 0.2006948 0.2979040 0.1339582 0.1623302 0.2479057 0.1888372 0.2314184 0.2111901 0.1606485 0.2295475 0.0713350 0.2973517 0.2123082 0.2341998 0.1185574 0.2140314 0.2128627 
Perityle_castillonii_96                    0.1905481 0.1095437 0.1495455 0.2538252 0.2120526 0.1210723 0.2171168 0.0990265 0.3339377 0.2305403 0.3049796 0.1595791 0.0521360 0.0556966 0.0431777 0.0715317 0.0236006 0.2264837 0.2393877 0.0000000 0.0283636 0.0637007 0.0197702 0.0578659 0.1627150 0.1533321 0.0502938 0.1049387 0.2410485 0.6627547 0.1583052 0.2372057 0.2577442 0.1504779 0.7186878 0.1998744 0.0822092 0.2428627 0.1274416 0.1366223 0.1490952 0.2321717 0.1545867 0.1657311 0.1810081 0.1557999 0.2462468 0.0578027 0.1348162 0.1870283 0.1346631 0.1580196 0.1362449 0.0350727 0.1265772 0.9015016 0.0857596 0.0424832 0.1501437 0.0580893 0.1606353 0.2401397 0.1778041 0.0252958 0.1510206 0.2068496 0.0430139 0.2866529 0.2115147 0.1360549 0.1510449 0.1361473 0.2343184 0.1556068 0.0760618 0.1427187 0.0360880 0.2777376 0.1419685 0.1685577 0.1688715 0.0453526 0.1584976 
Perityle_cernua_84                         0.2165830 0.0680813 0.1254099 0.2682545 0.1416070 0.0611799 0.2507274 0.0721875 0.3569076 0.2184944 0.3065971 0.1534069 0.0379986 0.0411245 0.0204791 0.0656681 0.0223963 0.1850932 0.2020940 0.0283636 0.0000000 0.0369397 0.0040718 0.0515608 0.1516503 0.1951753 0.0506900 0.0849785 0.2460062 0.7690155 0.1082753 0.2534649 0.2959827 0.1640952 0.7855889 0.1714138 0.0643795 0.2578197 0.1272660 0.1313368 0.1421187 0.2242387 0.1228739 0.1399244 0.1586777 0.1628973 0.2449655 0.0388699 0.1000304 0.1605488 0.1325956 0.1541082 0.1391717 0.0449779 0.1377479 0.9324231 0.0600843 0.0237747 0.1372761 0.0373560 0.1287911 0.1555759 0.1428905 0.0057919 0.1520981 0.1772471 0.0363080 0.2723433 0.1858477 0.0927628 0.1553412 0.1282036 0.2702861 0.2010398 0.0500292 0.1519082 0.0100331 0.2611354 0.1186873 0.1565807 0.1299262 0.0377250 0.2068616 
Perityle_cfvillosa_25_tin                  0.1700845 0.0841048 0.1518164 0.2195284 0.1731370 0.0950962 0.2238985 0.1018486 0.2692050 0.1483020 0.2436320 0.0699961 0.0740821 0.0852146 0.0287233 0.0883633 0.0414599 0.1471994 0.1368359 0.0637007 0.0369397 0.0000000 0.0119871 0.0844699 0.0258822 0.0401176 0.0906624 0.1119193 0.1888677 0.6112199 0.1890509 0.1693539 0.1532879 0.0467938 0.6494634 0.1771261 0.0294399 0.1360545 0.1029348 0.0187429 0.0429455 0.1414302 0.0141366 0.1409600 0.1727190 0.0546846 0.1322459 0.0343529 0.0152523 0.1418157 0.0288780 0.0502889 0.0210175 0.0705680 0.0359150 0.8546583 0.0781897 0.0663205 0.0242653 0.0253387 0.1830076 0.1906203 0.1531835 0.0286456 0.0473098 0.1682560 0.0478700 0.2192498 0.1664835 0.1335900 0.0499663 0.0323831 0.1589878 0.0393761 0.0285529 0.0525086 0.0032063 0.2140145 0.0336951 0.0456434 0.1544876 0.0421822 0.0941313 
Perityle_cinerea_113_Powell1310            0.0673678 0.0935414 0.0734918 0.0832818 0.0726923 0.0702992 0.1270519 0.1042583 0.1786332 0.0735990 0.1137859 0.0387082 0.0320705 0.0347436 0.0040799 0.0324267 0.0000010 0.0674493 0.0873952 0.0197702 0.0040718 0.0119871 0.0000000 0.0346505 0.0078775 0.0228147 0.0388547 0.0517299 0.1081787 0.4223018 0.0864740 0.0943676 0.0765893 0.0346631 0.7530851 0.0956144 0.0000010 0.0916082 0.0237131 0.0081321 0.0270984 0.0876808 0.0040217 0.0837854 0.1092271 0.0320751 0.0824139 0.0155753 0.0119695 0.0792713 0.0118815 0.0545818 0.0237045 0.0275122 0.0040099 0.7202532 0.0408156 0.0200308 0.0269985 0.0195022 0.1242074 0.0640076 0.0854450 0.0041011 0.0193915 0.1106736 0.0081986 0.0937621 0.1153902 0.0703987 0.0593073 0.0276039 0.0918656 0.0270644 0.0269358 0.0232116 0.0081448 0.0893874 0.0079499 0.0322447 0.0878352 0.0115654 0.0291118 
Perityle_coahuilensis_24                   0.3336741 0.0871357 0.1745190 0.3049396 0.1963222 0.0910234 0.3024724 0.0953225 0.4786887 0.2448438 0.3672796 0.2051544 0.0671457 0.0431607 0.0458160 0.0853894 0.0339732 0.2196792 0.2344190 0.0578659 0.0515608 0.0844699 0.0346505 0.0000000 0.1926220 0.2039415 0.1052570 0.1225673 0.3244852 0.9329375 0.1466603 0.2765312 0.3433412 0.2369836 1.0240488 0.2143160 0.0999903 0.3000664 0.1628105 0.2033324 0.2051059 0.2543274 0.1517916 0.1753670 0.2518042 0.2059418 0.2708991 0.0754535 0.1354183 0.2111626 0.2028119 0.2744495 0.1788235 0.0735858 0.1976046 1.0226964 0.0969824 0.0525205 0.1546582 0.0758912 0.2062703 0.1933970 0.1647147 0.0371156 0.2635942 0.2352430 0.0567981 0.2922721 0.2406121 0.1218098 0.1846508 0.1294876 0.3504046 0.2389971 0.0873816 0.2488577 0.0194543 0.2832477 0.1481937 0.1987342 0.1424268 0.0615371 0.2913715 
Perityle_cochisensis_44_cave_creek         0.2679484 0.0905056 0.2676863 0.2974138 0.2264914 0.1004595 0.2638986 0.0955864 0.4177019 0.2823032 0.2919083 0.0682356 0.1907836 0.1841259 0.0196744 0.1735010 0.1597752 0.2454510 0.2457197 0.1627150 0.1516503 0.0258822 0.0078775 0.1926220 0.0000000 0.0683194 0.1671021 0.1385270 0.2291177 0.6784873 0.2098968 0.3017408 0.2871704 0.0691093 0.7513657 0.2221383 0.0474511 0.2303547 0.1942397 0.0643469 0.0497171 0.2364224 0.0569403 0.1754886 0.1892176 0.0831232 0.2726389 0.0227148 0.0491649 0.1845184 0.0522641 0.0764780 0.0586274 0.1578591 0.0597302 0.8800711 0.1702775 0.0661618 0.0686881 0.0209900 0.1678820 0.1990937 0.1549386 0.0282541 0.0619035 0.2032108 0.1561039 0.3088712 0.2294186 0.1369003 0.0989045 0.0499638 0.3227286 0.0691952 0.0317944 0.0648436 0.0161849 0.3039439 0.0660088 0.0944123 0.1478366 0.1677206 0.2431128 
Perityle_congesta_202                      0.2663959 0.0941842 0.2897684 0.3140277 0.2191487 0.0970565 0.3227258 0.1136036 0.4175744 0.2906451 0.3689379 0.0856099 0.1885881 0.1942759 0.0234819 0.1981055 0.2114576 0.2596999 0.2110675 0.1533321 0.1951753 0.0401176 0.0228147 0.2039415 0.0683194 0.0000000 0.2189619 0.1315027 0.2677413 0.8353961 0.2065960 0.3190393 0.3309575 0.0631811 0.9577283 0.2388488 0.0334511 0.2588921 0.1716015 0.0532935 0.0681604 0.2252556 0.0106309 0.1773585 0.2298670 0.0821444 0.2662630 0.0080255 0.0273300 0.2073770 0.0583879 0.1002665 0.0449147 0.1778836 0.0676192 0.9834598 0.1695872 0.0658103 0.0401391 0.0116154 0.2095880 0.1872178 0.1543177 0.0284154 0.0731427 0.2120086 0.2228556 0.3017095 0.2189857 0.1413447 0.0815461 0.0499261 0.3557065 0.0114251 0.0212005 0.0679055 0.0128421 0.2893355 0.0502157 0.0806147 0.1499797 0.1676729 0.2827106 
Perityle_cordifolia_27                     0.3198928 0.0948174 0.1817625 0.2809572 0.1809599 0.0977384 0.2963835 0.0985750 0.4593437 0.2227662 0.3599810 0.2083942 0.0749474 0.0916386 0.0473108 0.0852859 0.0376254 0.1971984 0.1969317 0.0502938 0.0506900 0.0906624 0.0388547 0.1052570 0.1671021 0.2189619 0.0000000 0.1325129 0.3254975 1.0062739 0.1304112 0.2574479 0.3139505 0.2625708 1.0680567 0.2000915 0.0734785 0.2570298 0.1505392 0.2097568 0.2171749 0.2267248 0.1357706 0.1608041 0.2560742 0.1908785 0.2275294 0.1043048 0.1233576 0.2035793 0.2101112 0.2855181 0.1837666 0.0331741 0.1937902 1.0303518 0.0592966 0.0364432 0.1660368 0.1036132 0.2273243 0.2156003 0.1557891 0.0168411 0.2727159 0.2343586 0.0066275 0.2845481 0.2248563 0.1214718 0.1730202 0.1644347 0.3392251 0.2616578 0.1169307 0.2536512 0.0360289 0.2751370 0.1341631 0.1819497 0.1549979 0.0753456 0.2618377 
Perityle_cordifolia_68_tecolote            0.1736859 0.1040103 0.1701993 0.2353540 0.1910047 0.1196991 0.2266717 0.1035891 0.3203041 0.1931487 0.3288707 0.1803131 0.1145619 0.1270979 0.0680921 0.0831803 0.0755868 0.1648194 0.2215373 0.1049387 0.0849785 0.1119193 0.0517299 0.1225673 0.1385270 0.1315027 0.1325129 0.0000000 0.2849088 0.6833251 0.1889963 0.1947298 0.2097134 0.1854310 0.7252228 0.1899702 0.1036120 0.2137866 0.0940435 0.1132893 0.1248390 0.2122641 0.1358432 0.1883195 0.2847201 0.1446444 0.1913086 0.1545392 0.1241638 0.2392002 0.1106676 0.2173036 0.1126061 0.0746053 0.1118348 0.8413725 0.0377145 0.0678344 0.1228555 0.1464572 0.2253117 0.2195017 0.1773577 0.0229205 0.2000519 0.2371444 0.0630431 0.2624821 0.2395491 0.1334183 0.1315602 0.1234065 0.2153679 0.1902565 0.1229490 0.1700934 0.0401492 0.2570412 0.1281974 0.1538035 0.1750923 0.0939755 0.1243286 
Perityle_coronopifolia_28_patagonia        0.2931758 0.0670997 0.3469160 0.2806570 0.2192532 0.0536193 0.3313618 0.1105956 0.4197573 0.2091687 0.3249892 0.2790258 0.2930886 0.3325327 0.1903792 0.2508286 0.2490350 0.2108877 0.1870142 0.2410485 0.2460062 0.1888677 0.1081787 0.3244852 0.2291177 0.2677413 0.3254975 0.2849088 0.0000000 0.8880882 0.2020953 0.2547763 0.2460286 0.2810141 1.0440690 0.2036339 0.1838046 0.1740699 0.2967448 0.2087835 0.2567668 0.1838593 0.1887842 0.1383167 0.2080141 0.2365973 0.2790645 0.2201991 0.1978805 0.1650294 0.2382905 0.2721238 0.2481914 0.2704312 0.2018239 0.9728480 0.2206588 0.1776384 0.2408842 0.2234173 0.1270620 0.0247171 0.0313760 0.1367184 0.2566321 0.1001779 0.2307698 0.2722693 0.2449360 0.1421869 0.2467637 0.2369324 0.2444627 0.2733011 0.2305350 0.2663568 0.0690132 0.2481237 0.1969072 0.2399447 0.0422768 0.2906519 0.3387991 
Perityle_crassifolia_70_ventanas           0.2278736 0.6409927 0.8762374 0.8202605 0.7183141 0.6695308 0.9041603 0.4671362 0.3296419 0.6865643 0.8534003 0.7574944 0.8258648 0.8158400 0.5993667 0.7679435 0.8108241 0.8541492 0.6944521 0.6627547 0.7690155 0.6112199 0.4223018 0.9329375 0.6784873 0.8353961 1.0062739 0.6833251 0.8880882 0.0000000 0.7337242 0.9351158 0.3386610 0.7333621 0.0309905 0.7748045 0.6515178 0.9835580 0.8028221 0.7261679 0.7004363 0.9082213 0.6527919 0.7305637 0.7043486 0.7625009 0.8891318 0.6657692 0.6371912 0.7415172 0.7436093 0.8198333 0.6757495 0.7062754 0.7528415 0.2971885 0.5988554 0.6836736 0.6210794 0.6081123 0.8759072 1.0092265 0.8596926 0.5125424 0.8595631 0.8083006 0.6113974 0.6412833 0.7328201 0.6542599 0.7062788 0.6860142 0.2891779 1.0129146 0.6112199 0.7941023 0.3858960 0.6273958 0.6973127 0.7479401 0.8526360 0.8090276 0.8747117 
Perityle_crassifolia_74_playa_balandra     0.1731715 0.0749670 0.1308221 0.2164952 0.0976119 0.0467021 0.2140413 0.1236503 0.3633140 0.0047507 0.1693874 0.2002910 0.1438257 0.1470622 0.1514969 0.1197907 0.1109628 0.1233340 0.1406517 0.1583052 0.1082753 0.1890509 0.0864740 0.1466603 0.2098968 0.2065960 0.1304112 0.1889963 0.2020953 0.7337242 0.0000000 0.1405940 0.1378310 0.2128502 1.0557027 0.1625216 0.1816502 0.1248669 0.1379716 0.2012252 0.1914369 0.1554615 0.1911975 0.1551318 0.1503793 0.2181134 0.1110344 0.1882038 0.2036648 0.1578298 0.1839487 0.2072234 0.1925069 0.1156118 0.1184675 0.8365705 0.1516821 0.1397379 0.1998313 0.1814963 0.2056127 0.1976768 0.1921110 0.1110307 0.2014254 0.2099351 0.1230066 0.2442216 0.1457054 0.1872236 0.2084751 0.1899986 0.0184926 0.2063532 0.2057281 0.2062449 0.0805353 0.2476555 0.1930699 0.2312607 0.1235168 0.1386509 0.1464209 
Perityle_cuneata_34_cuneata_San_antonio    0.3083058 0.0858004 0.2843406 0.3499420 0.1816021 0.0827874 0.3462539 0.1139831 0.4585228 0.1728933 0.2938228 0.2875399 0.2768932 0.2738260 0.1563301 0.2147898 0.2570197 0.1319541 0.2524223 0.2372057 0.2534649 0.1693539 0.0943676 0.2765312 0.3017408 0.3190393 0.2574479 0.1947298 0.2547763 0.9351158 0.1405940 0.0000000 0.2798824 0.3025697 1.1723675 0.2147890 0.2058707 0.2799812 0.1955794 0.2910830 0.2936270 0.2579477 0.2717838 0.1741311 0.1922257 0.3054112 0.2783931 0.1645939 0.2533761 0.1900077 0.2800274 0.2917487 0.2827766 0.2481620 0.2751496 1.1987972 0.2217581 0.1445931 0.2707192 0.1583690 0.1833166 0.2235331 0.1841430 0.1280955 0.2856717 0.2205341 0.2545167 0.2667051 0.1981113 0.1742388 0.2934899 0.2797870 0.2591091 0.3303770 0.1806056 0.2986782 0.0830895 0.2641173 0.2815218 0.3130582 0.1576558 0.2562008 0.3095355 
Perityle_cuneata_4                         0.3188126 0.0632738 0.3359560 0.3575201 0.1798891 0.0529048 0.3437519 0.1127528 0.4137853 0.2287366 0.3029873 0.2849491 0.3195427 0.3243737 0.1379356 0.2543992 0.3145425 0.1876371 0.2422762 0.2577442 0.2959827 0.1532879 0.0765893 0.3433412 0.2871704 0.3309575 0.3139505 0.2097134 0.2460286 0.3386610 0.1378310 0.2798824 0.0000000 0.2892053 0.2300552 0.2774926 0.1849435 0.2637305 0.2464710 0.2903096 0.2950528 0.2335101 0.2262782 0.1763186 0.2046485 0.2864516 0.3126841 0.1484341 0.2166198 0.1865872 0.2874684 0.2855956 0.2661476 0.2570229 0.2743175 0.3942246 0.2542325 0.1437832 0.2388078 0.1495458 0.1755130 0.2212645 0.1718643 0.1104733 0.3011236 0.1944096 0.2843074 0.3094368 0.2065220 0.1845616 0.2694788 0.2452137 0.2091478 0.3559659 0.1666181 0.2909121 0.0618182 0.3027156 0.2521717 0.2924114 0.1306840 0.3213734 0.3692406 
Perityle_dissecta_201                      0.3138739 0.0943342 0.2861635 0.3222638 0.2323308 0.1107931 0.3058202 0.1141425 0.4549911 0.2777546 0.3518183 0.1083143 0.1908051 0.1836827 0.0243308 0.1675895 0.1980012 0.2502442 0.2328893 0.1504779 0.1640952 0.0467938 0.0346631 0.2369836 0.0691093 0.0631811 0.2625708 0.1854310 0.2810141 0.7333621 0.2128502 0.3025697 0.2892053 0.0000000 0.8127200 0.2416816 0.0341201 0.2505931 0.1763524 0.0431217 0.0654621 0.2264683 0.0437639 0.1797709 0.2766967 0.0571308 0.2638033 0.0371965 0.0300151 0.2186856 0.0493784 0.0918624 0.0223370 0.1480766 0.0544903 0.8570805 0.1676177 0.0685472 0.0312417 0.0364454 0.2190406 0.2110684 0.1631417 0.0342692 0.0836202 0.2205184 0.1752121 0.3073371 0.2220402 0.1492499 0.0555455 0.0306545 0.3307165 0.1006730 0.0283106 0.0547951 0.0096181 0.2988002 0.0384205 0.0575587 0.1621082 0.1777042 0.2707518 
Perityle_emoryi_47_punta_san_jose          0.1122486 1.5335263 1.0267342 1.1396386 0.7902800 1.0013509 1.1345871 1.2272935 0.2562020 0.8920975 0.9822829 0.8072735 0.9091341 0.9395987 0.6093387 0.8335062 0.8878352 0.9970226 0.8925269 0.7186878 0.7855889 0.6494634 0.7530851 1.0240488 0.7513657 0.9577283 1.0680567 0.7252228 1.0440690 0.0309905 1.0557027 1.1723675 0.2300552 0.8127200 0.0000000 0.8736340 0.6984223 1.1420275 0.9013086 0.7536054 0.7603161 1.1062799 0.6127521 0.8338566 0.7718482 0.8219524 1.4304799 0.7827214 0.6201674 0.7495143 0.8002123 0.8645846 0.6937162 0.6804641 0.7978968 0.1351460 0.7366900 0.8212281 0.5611420 0.6655060 1.2849028 1.1672028 1.3676971 0.6164043 0.9137836 1.1907662 0.7234506 0.7114955 0.9308110 1.0013351 0.7441329 0.7179131 0.2132195 1.2140834 0.6494634 0.8373160 0.8503675 0.7028138 0.7155396 0.8532829 1.3676971 0.8932832 1.0509248 
Perityle_feddemae_99                       0.3284820 0.0816236 0.2214196 0.2916416 0.1974647 0.0747471 0.2630863 0.1401905 0.4289981 0.1953317 0.2573460 0.2514439 0.2101886 0.2132276 0.1567965 0.1919972 0.1632889 0.1840793 0.2245469 0.1998744 0.1714138 0.1771261 0.0956144 0.2143160 0.2221383 0.2388488 0.2000915 0.1899702 0.2036339 0.7748045 0.1625216 0.2147890 0.2774926 0.2416816 0.8736340 0.0000000 0.2109422 0.1535590 0.1818245 0.2232059 0.2283127 0.1398227 0.2273944 0.1213241 0.1389240 0.2409115 0.1628201 0.1760216 0.2351683 0.1311953 0.2282413 0.2466537 0.2328240 0.1853343 0.2005745 0.9048993 0.1990113 0.1304687 0.2454392 0.1736933 0.2121888 0.2028800 0.1711248 0.1003346 0.2409945 0.2487702 0.1918127 0.2725651 0.2351864 0.1513443 0.2436612 0.2188441 0.2123920 0.2396772 0.1979362 0.2480936 0.0849141 0.2726761 0.2396329 0.2466246 0.1300513 0.2058570 0.1951632 
Perityle_fosteri_93                        0.1973813 0.0850020 0.1695537 0.2448613 0.2158195 0.0962638 0.2061444 0.1025880 0.3303236 0.1915061 0.2453307 0.0488939 0.1051429 0.1011171 0.0253139 0.0991409 0.0753903 0.1876162 0.1905965 0.0822092 0.0643795 0.0294399 0.0000010 0.0999903 0.0474511 0.0334511 0.0734785 0.1036120 0.1838046 0.6515178 0.1816502 0.2058707 0.1849435 0.0341201 0.6984223 0.2109422 0.0000000 0.1683736 0.1063527 0.0156382 0.0331237 0.1785960 0.0292403 0.1690325 0.1698304 0.0370973 0.1746904 0.0284324 0.0279671 0.1758360 0.0165944 0.0356532 0.0154871 0.0615100 0.0359559 0.8354812 0.0963424 0.0516993 0.0293727 0.0285294 0.1480215 0.1850996 0.1474713 0.0143321 0.0419997 0.1559069 0.0711737 0.2543582 0.1890420 0.1322180 0.0345158 0.0157569 0.1987982 0.0325181 0.0300451 0.0212543 0.0196363 0.2474053 0.0213859 0.0505018 0.1485050 0.0870460 0.1290989 
Perityle_gamon_221                         0.3048932 0.0706028 0.2846960 0.3283371 0.1442710 0.0646839 0.3039320 0.1171785 0.4260392 0.2413580 0.3151185 0.2426483 0.2869109 0.2902398 0.1256271 0.2228019 0.2598816 0.2150320 0.1049830 0.2428627 0.2578197 0.1360545 0.0916082 0.3000664 0.2303547 0.2588921 0.2570298 0.2137866 0.1740699 0.9835580 0.1248669 0.2799812 0.2637305 0.2505931 1.1420275 0.1535590 0.1683736 0.0000000 0.2104956 0.2334552 0.2447584 0.0931096 0.2120822 0.0714341 0.0403981 0.2535533 0.2026395 0.1288763 0.1960279 0.0792603 0.2358335 0.2499733 0.2344548 0.2274720 0.2388171 1.0378214 0.2330707 0.1169474 0.2199096 0.1330208 0.1477876 0.1179925 0.0992090 0.0817403 0.2465470 0.1761787 0.2322240 0.2650364 0.1261934 0.1121395 0.2451719 0.2205288 0.2869674 0.2561972 0.1527384 0.2465849 0.0816266 0.2540365 0.2163360 0.2627620 0.1066935 0.2775548 0.3239653 
Perityle_gentryi_8_san_francisco           0.2260819 0.0883910 0.2379690 0.2407619 0.1696056 0.0853528 0.2669376 0.0897065 0.3539870 0.1997950 0.2853335 0.1675950 0.1669839 0.1574243 0.0813465 0.0859660 0.1522095 0.1840502 0.1870761 0.1274416 0.1272660 0.1029348 0.0237131 0.1628105 0.1942397 0.1716015 0.1505392 0.0940435 0.2967448 0.8028221 0.1379716 0.1955794 0.2464710 0.1763524 0.9013086 0.1818245 0.1063527 0.2104956 0.0000000 0.1617355 0.1658305 0.1949956 0.1470463 0.1431681 0.1940223 0.1870290 0.2259259 0.0907315 0.1387690 0.1847576 0.1590094 0.2014902 0.1534494 0.1130580 0.1606234 0.8982286 0.1095102 0.0718549 0.1336050 0.0866644 0.1995918 0.2185037 0.1613783 0.0227819 0.1689887 0.2264297 0.0961714 0.2462874 0.2082027 0.1319899 0.1604944 0.1464912 0.2603909 0.1843734 0.0944960 0.1713183 0.0331815 0.2423600 0.1370011 0.1811401 0.1556720 0.1515958 0.2167546 
Perityle_gilensis_22_Superstition          0.2809434 0.0816771 0.2669118 0.2968338 0.2179288 0.0961757 0.2937936 0.1032110 0.4257945 0.2670151 0.3102175 0.0527538 0.1730819 0.1677800 0.0056254 0.1488341 0.1761582 0.2443629 0.2174952 0.1366223 0.1313368 0.0187429 0.0081321 0.2033324 0.0643469 0.0532935 0.2097568 0.1132893 0.2087835 0.7261679 0.2012252 0.2910830 0.2903096 0.0431217 0.7536054 0.2232059 0.0156382 0.2334552 0.1617355 0.0000000 0.0250446 0.2111170 0.0299036 0.1630474 0.1734691 0.0334599 0.2510673 0.0134926 0.0149356 0.1686631 0.0135774 0.0503667 0.0156901 0.1304441 0.0427956 0.8402868 0.1568945 0.0557485 0.0209457 0.0067500 0.1415815 0.1801205 0.1359148 0.0261450 0.0565371 0.1529994 0.1595500 0.2914910 0.1817412 0.1361230 0.0414659 0.0088640 0.3164536 0.0812694 0.0090363 0.0430783 0.0032540 0.2815781 0.0198660 0.0495029 0.1397537 0.1680406 0.2755058 
Perityle_gilensis_salensis_225             0.2825359 0.0841497 0.2780725 0.3183641 0.2010914 0.0913583 0.3135942 0.1207191 0.4291437 0.2699318 0.3439915 0.0527484 0.1763058 0.1716328 0.0290024 0.1539133 0.1870189 0.2425497 0.2128081 0.1490952 0.1421187 0.0429455 0.0270984 0.2051059 0.0497171 0.0681604 0.2171749 0.1248390 0.2567668 0.7004363 0.1914369 0.2936270 0.2950528 0.0654621 0.7603161 0.2283127 0.0331237 0.2447584 0.1658305 0.0250446 0.0000000 0.2179626 0.0414899 0.1722537 0.2107547 0.0548475 0.2515065 0.0317456 0.0439370 0.1984931 0.0263751 0.0900479 0.0426906 0.1382106 0.0420684 0.8531360 0.1608448 0.0578726 0.0510295 0.0295106 0.1866484 0.1871209 0.1445244 0.0142516 0.0560306 0.1919681 0.1542800 0.3118840 0.2244037 0.1376554 0.0671379 0.0286528 0.3201910 0.0899748 0.0414516 0.0625870 0.0195099 0.3008541 0.0451692 0.0701450 0.1491391 0.1770124 0.2656053 
Perityle_glaucescens_94                    0.3525485 0.0674249 0.2482726 0.3614151 0.1899748 0.0617460 0.2901500 0.1178886 0.4757624 0.2499454 0.3118926 0.2305907 0.2567440 0.2549468 0.1374621 0.2024968 0.2172437 0.2071343 0.0818554 0.2321717 0.2242387 0.1414302 0.0876808 0.2543274 0.2364224 0.2252556 0.2267248 0.2122641 0.1838593 0.9082213 0.1554615 0.2579477 0.2335101 0.2264683 1.1062799 0.1398227 0.1785960 0.0931096 0.1949956 0.2111170 0.2179626 0.0000000 0.2037502 0.0053007 0.0893025 0.2324635 0.2167214 0.1401310 0.2014834 0.0074032 0.2128277 0.2254774 0.2170590 0.2055868 0.2076695 1.0476426 0.2377527 0.1248833 0.2119883 0.1394955 0.1793541 0.1916451 0.1370141 0.0877829 0.2255446 0.1871869 0.2047245 0.2936287 0.1343108 0.1343147 0.2325328 0.1939802 0.2706954 0.2243967 0.1601987 0.2286122 0.0747854 0.2903714 0.2052348 0.2338415 0.1150938 0.2378456 0.2511951 
Perityle_gracilis_11                       0.2186515 0.0850446 0.2245764 0.2824578 0.2071135 0.0859781 0.2468155 0.1024360 0.3533127 0.2641237 0.2909935 0.0517897 0.1491418 0.1503732 0.0212674 0.1687283 0.1380759 0.2371899 0.2025430 0.1545867 0.1228739 0.0141366 0.0040217 0.1517916 0.0569403 0.0106309 0.1357706 0.1358432 0.1887842 0.6527919 0.1911975 0.2717838 0.2262782 0.0437639 0.6127521 0.2273944 0.0292403 0.2120822 0.1470463 0.0299036 0.0414899 0.2037502 0.0000000 0.1669805 0.1738742 0.0580861 0.2581551 0.0056733 0.0233798 0.1758370 0.0282925 0.0450231 0.0271918 0.1268101 0.0456521 0.8068843 0.1618839 0.0618971 0.0302485 0.0100758 0.1458091 0.1703022 0.1479591 0.0230618 0.0450274 0.1649291 0.1660703 0.2971089 0.1859001 0.1327547 0.0656334 0.0285658 0.2550541 0.0071849 0.0123632 0.0374301 0.0129380 0.2921576 0.0338842 0.0594211 0.1380320 0.1265483 0.2009182 
Perityle_harkerae_31                       0.3061837 0.0643865 0.1727374 0.2861437 0.1780737 0.0555050 0.2459304 0.1091372 0.4017391 0.1497188 0.2356543 0.1909297 0.1752200 0.1759289 0.1404713 0.1431744 0.1219328 0.1399684 0.0595081 0.1657311 0.1399244 0.1409600 0.0837854 0.1753670 0.1754886 0.1773585 0.1608041 0.1883195 0.1383167 0.7305637 0.1551318 0.1741311 0.1763186 0.1797709 0.8338566 0.1213241 0.1690325 0.0714341 0.1431681 0.1630474 0.1722537 0.0053007 0.1669805 0.0000000 0.0808612 0.1842459 0.1308266 0.1412958 0.1827144 0.0042372 0.1684180 0.1849190 0.1713623 0.1444774 0.1532156 0.8528775 0.1610163 0.1220650 0.1797353 0.1406763 0.1793696 0.1935015 0.1339182 0.0857229 0.1812843 0.1672579 0.1347422 0.2394910 0.1277008 0.1330732 0.1826626 0.1605279 0.1738116 0.1757567 0.1610723 0.1867177 0.0719325 0.2378991 0.1747529 0.1851290 0.1147634 0.1591779 0.1509766 
Perityle_hofmeisteria_4_nombre_de_dios     0.2539704 0.0560461 0.2658785 0.2891474 0.1629058 0.0548120 0.2880538 0.1207786 0.3899174 0.1790128 0.3150877 0.2582876 0.2087736 0.2667949 0.1593145 0.2017717 0.1417862 0.1694573 0.1043002 0.1810081 0.1586777 0.1727190 0.1092271 0.2518042 0.1892176 0.2298670 0.2560742 0.2847201 0.2080141 0.7043486 0.1503793 0.1922257 0.2046485 0.2766967 0.7718482 0.1389240 0.1698304 0.0403981 0.1940223 0.1734691 0.2107547 0.0893025 0.1738742 0.0808612 0.0000000 0.1965796 0.1359951 0.2399625 0.2060075 0.0994951 0.1968227 0.2720683 0.2158636 0.2120379 0.1626866 0.8499024 0.1683986 0.1248260 0.2261199 0.2326437 0.2580852 0.1715446 0.1327891 0.0903036 0.2635656 0.2355591 0.1545726 0.2732899 0.2012658 0.1389566 0.2173007 0.2129763 0.1938848 0.2665210 0.2352263 0.2604245 0.0782046 0.2590300 0.1865192 0.2118587 0.1297038 0.2200717 0.1884234 
