80
Amauria_brandeegeana_62                  0.0000000 0.0751679 0.0950078 0.4148597 0.3286966 0.2502565 0.3176069 0.2534574 0.0627405 0.2574229 0.1541896 0.4145293 0.4412408 0.3189062 0.1986495 0.4461576 0.1595879 0.1286383 0.2235278 0.1395835 0.2048917 0.3300875 0.2131764 0.3522523 0.1583602 0.1442830 0.4374762 0.3982559 0.3429448 0.3027084 0.1564159 0.1725403 0.1991093 0.1755224 0.1130953 0.2104639 0.1506493 0.2207435 0.1905842 0.2002219 0.2173873 0.4128558 0.1531368 0.2420170 0.4243101 0.1930247 0.1300766 0.1623978 0.1881179 0.2797126 0.1476887 0.1647957 0.1340986 0.3936025 0.3617670 0.2084802 0.1317013 0.1782220 0.1440196 0.1288902 0.1790652 0.1188194 0.2216771 0.2156919 0.2137421 0.5223677 0.1269576 0.1826641 0.3790653 0.1750237 0.1203266 0.1732619 0.2539666 0.2243300 0.2405706 0.1813916 0.1995285 0.1298398 0.4899441 0.1929701 
Amauria_carterae_99_mesa                 0.0751679 0.0000000 0.0499637 0.3294084 0.3385817 0.1943990 0.2941422 0.2281459 0.0802905 0.2611090 0.1101984 0.3278598 0.3387884 0.2332394 0.1476252 0.3466411 0.1604393 0.1128356 0.1517298 0.1147875 0.1254211 0.3318981 0.1327356 0.3260949 0.1271357 0.1361037 0.3342910 0.3022700 0.3248764 0.2811567 0.1438272 0.1099983 0.1659579 0.1338192 0.1041537 0.1629813 0.1230609 0.1697604 0.1543674 0.1396155 0.1415912 0.3474125 0.1262091 0.1736943 0.3134194 0.1288730 0.1276641 0.1044526 0.1205561 0.1762396 0.1281094 0.1135204 0.1193144 0.3048971 0.3222596 0.2207175 0.1217406 0.1264139 0.1197725 0.1137223 0.1380679 0.1066456 0.1467184 0.1479884 0.1704710 0.4759033 0.0698827 0.1182624 0.3255488 0.1255301 0.1031271 0.1207825 0.2563552 0.1750152 0.1315380 0.1472515 0.1272331 0.1302810 0.3826219 0.1494656 
Amauria_rotundifolia_SRR9119150          0.0950078 0.0499637 0.0000000 0.3887344 0.3086004 0.2377331 0.3182432 0.2419883 0.0800017 0.2557363 0.1288813 0.4084338 0.4104726 0.3173478 0.1778409 0.4292180 0.1599885 0.1016201 0.2146282 0.1195843 0.1694165 0.3315355 0.1790983 0.3384675 0.1555396 0.1238966 0.4077581 0.3978856 0.3256717 0.2699142 0.1638447 0.1607185 0.1889666 0.1471818 0.0778048 0.2024696 0.1256651 0.2128732 0.1784784 0.1621993 0.1963147 0.4204503 0.1353826 0.2362553 0.4349040 0.1587538 0.1201194 0.1651730 0.1653455 0.2649505 0.1316942 0.1462225 0.1280495 0.3490340 0.3176306 0.2109646 0.1079912 0.1743982 0.1418759 0.1065670 0.1889088 0.0956579 0.1973766 0.1871548 0.1849204 0.5044317 0.0678806 0.1655387 0.3594705 0.1792743 0.1097821 0.1544181 0.2353291 0.1973969 0.2164985 0.1546349 0.1731746 0.1113440 0.5175825 0.1973567 
Eutetras_palmeri_63                      0.4148597 0.3294084 0.3887344 0.0000000 0.0411843 0.3300788 0.3674353 0.3249951 0.3714065 0.4685133 0.3240437 0.2694325 0.2520900 0.2318827 0.3842141 0.3998483 0.2563099 0.2942608 0.3564795 0.3427307 0.3849086 0.2853412 0.3666347 0.2389085 0.3369904 0.3067546 0.2666779 0.2896676 0.2047456 0.4213793 0.3142080 0.3338228 0.3654592 0.3562437 0.2540012 0.3445121 0.3177645 0.4299938 0.3523958 0.3586173 0.3594096 0.3061445 0.3357978 0.3451289 0.2886138 0.3837124 0.2738105 0.3640970 0.3589714 0.3761291 0.3368483 0.3464255 0.2871454 0.2478114 0.2433671 0.0901524 0.2790283 0.3628183 0.2737084 0.2527540 0.3331386 0.2287974 0.3728211 0.3585243 0.3750449 0.6560672 0.3022082 0.3526698 0.2009067 0.3327838 0.2971392 0.3608849 0.1351396 0.3605012 0.3581348 0.3340549 0.3664084 0.2184402 0.5797875 0.3961584 
Eutetras_pringlei_149_quer               0.3286966 0.3385817 0.3086004 0.0411843 0.0000000 0.2750060 0.3953007 0.3080422 0.3322987 0.3470285 0.2974172 0.1519066 0.1384486 0.1081748 0.3225645 0.3417244 0.3147441 0.3247173 0.3191606 0.3081611 0.3043627 0.2767521 0.3079174 0.1448605 0.3142897 0.3299338 0.1718281 0.1508989 0.1527863 0.3992330 0.2863181 0.2903916 0.2757338 0.3132279 0.2707584 0.3367865 0.3128244 0.3072690 0.3252630 0.3113274 0.2937131 0.1624767 0.3104588 0.3080828 0.1603183 0.3349051 0.2741668 0.3134591 0.2968210 0.3062726 0.3282360 0.3072977 0.3088228 0.1157958 0.1327327 0.1268652 0.3244073 0.3140845 0.2746307 0.3039528 0.3227168 0.3357429 0.3049374 0.3216008 0.3206500 0.4791610 0.5572293 0.2780976 0.1703821 0.3069360 0.3120709 0.3105262 0.1346629 0.3026821 0.2716831 0.3029888 0.3151095 0.3053817 0.3332202 0.2583385 
Eutrochium_fistulosum_SRR9119106         0.2502565 0.1943990 0.2377331 0.3300788 0.2750060 0.0000000 0.3261083 0.2411994 0.1974853 0.3438489 0.1713895 0.3716307 0.3647256 0.2955054 0.1924404 0.4182786 0.1503433 0.1482554 0.1854268 0.1805714 0.2135571 0.2937779 0.1697962 0.3200780 0.1926837 0.1657540 0.3588897 0.3280554 0.2914068 0.2953315 0.2042556 0.2165374 0.2302177 0.1788489 0.1362210 0.2110576 0.1662303 0.2850564 0.1953839 0.1888640 0.1823596 0.3864050 0.1936769 0.2128433 0.3319098 0.2156471 0.1476780 0.1997839 0.2030176 0.2312715 0.1816521 0.1978934 0.1730665 0.3026110 0.2945195 0.2011343 0.1352559 0.2053420 0.1569165 0.1326766 0.2229719 0.1358479 0.1983531 0.1805654 0.2427252 0.5159330 0.1634831 0.1597161 0.3017030 0.2048650 0.1536180 0.2053801 0.2195713 0.2309117 0.1859841 0.1831826 0.1733499 0.1226678 0.4714662 0.2643383 
Galeana_pratensis_104_mex                0.3176069 0.2941422 0.3182432 0.3674353 0.3953007 0.3261083 0.0000000 0.3188784 0.3220609 0.3421196 0.2726004 0.2962150 0.3092277 0.2459080 0.3104026 0.4201214 0.2839974 0.2810577 0.2985982 0.2884055 0.2884294 0.3073914 0.2918334 0.3267292 0.2829464 0.2741102 0.3368104 0.3094048 0.3784659 0.3621342 0.2988224 0.2938531 0.3360916 0.2849503 0.3014468 0.2969183 0.2804554 0.2999118 0.2926483 0.2819850 0.2915842 0.2977104 0.2824026 0.3136181 0.3415693 0.3114746 0.2834811 0.2899512 0.2751172 0.3229721 0.3032262 0.3010839 0.2624407 0.2852513 0.3537801 0.2740352 0.3066294 0.2841793 0.2707298 0.2350832 0.3220977 0.2230172 0.2899169 0.3016833 0.3213059 0.3660786 0.2067437 0.2776198 0.3960741 0.2908307 0.2837731 0.3043801 0.2782084 0.3268683 0.2766507 0.3195212 0.2919625 0.3012753 0.4274091 0.2850780 
Helianthus_annuus_SRR9119062             0.2534574 0.2281459 0.2419883 0.3249951 0.3080422 0.2411994 0.3188784 0.0000000 0.2485102 0.3264267 0.1954986 0.3262460 0.3140576 0.2555424 0.2418256 0.3690650 0.2190578 0.1979389 0.2329554 0.2205019 0.2299694 0.3149693 0.2270086 0.3303988 0.2309811 0.2066767 0.3341594 0.3216989 0.3167139 0.3248775 0.2678913 0.2462070 0.2163265 0.2150069 0.1949660 0.2370407 0.2239848 0.2597834 0.2395431 0.2303818 0.2205956 0.3367652 0.2198565 0.2689353 0.2973158 0.2330202 0.1946055 0.2117166 0.2237036 0.2614088 0.2331622 0.2272610 0.1979401 0.3004011 0.3239736 0.2205381 0.1965118 0.2307003 0.2136479 0.1960119 0.2668307 0.2086532 0.2348284 0.2195207 0.2788408 0.4623566 0.1844770 0.2160960 0.3119087 0.2308468 0.1922713 0.2245637 0.2384931 0.2614849 0.2313368 0.2188878 0.2254564 0.1816046 0.4529795 0.2076530 
Lycapsus_tenuifolius_17                  0.0627405 0.0802905 0.0800017 0.3714065 0.3322987 0.1974853 0.3220609 0.2485102 0.0000000 0.2408070 0.1183576 0.3469102 0.3488757 0.2544298 0.1493940 0.3521203 0.1730866 0.1209177 0.1554395 0.1302994 0.1417561 0.3291315 0.1445525 0.3360947 0.1405556 0.1308685 0.3672172 0.3328006 0.3183859 0.2876254 0.1549796 0.1406815 0.1978642 0.1380893 0.1147244 0.1475666 0.1453030 0.1987149 0.1564231 0.1462600 0.1494550 0.3483901 0.1389918 0.1838755 0.3372521 0.1520716 0.1338566 0.1244802 0.1387088 0.1902770 0.1452234 0.1293012 0.1163396 0.3100151 0.3103352 0.2113124 0.1370544 0.1417108 0.1277441 0.1071328 0.1584191 0.1148953 0.1541171 0.1480794 0.1745013 0.5006307 0.1290196 0.1292628 0.3321675 0.1402864 0.1060687 0.1442549 0.2423730 0.1690360 0.1415491 0.1578282 0.1297862 0.1284419 0.4039421 0.1765527 
Pericome_caudata_50_silver               0.2574229 0.2611090 0.2557363 0.4685133 0.3470285 0.3438489 0.3421196 0.3264267 0.2408070 0.0000000 0.2453553 0.5003591 0.5106116 0.3637616 0.3220911 0.4886130 0.2011059 0.1665857 0.2793584 0.2764713 0.3581221 0.3391220 0.2982783 0.4421555 0.2759842 0.2264659 0.4971295 0.4892593 0.3694929 0.3832060 0.2730720 0.2463029 0.2873593 0.2834730 0.1901534 0.2567876 0.2849829 0.3018002 0.2872765 0.2969263 0.3095710 0.4946195 0.2728034 0.3082379 0.4720831 0.3292865 0.1805166 0.3058881 0.3219030 0.3541656 0.2690336 0.3027874 0.1939573 0.4710675 0.4518845 0.2323148 0.1419874 0.3052010 0.2072636 0.1643087 0.2748905 0.1468925 0.3064609 0.3047411 0.2899224 0.5996248 0.1886944 0.2597527 0.4178255 0.2955868 0.1395167 0.3020900 0.2582059 0.3129201 0.3732566 0.2871057 0.2884683 0.1520257 0.5592279 0.2845906 
Perityle_aglossa_84_dead_horse           0.1541896 0.1101984 0.1288813 0.3240437 0.2974172 0.1713895 0.2726004 0.1954986 0.1183576 0.2453553 0.0000000 0.4307840 0.4102496 0.3309545 0.1135841 0.3996437 0.1442520 0.0919116 0.0294779 0.0759352 0.1838416 0.2955852 0.0441967 0.2946964 0.0965351 0.0598260 0.3218488 0.3489180 0.2572274 0.2051224 0.1380952 0.1759156 0.1148128 0.0387754 0.0381856 0.1261510 0.0890755 0.1218912 0.0816091 0.0486765 0.0549556 0.3274941 0.0971988 0.1546161 0.3750639 0.0793660 0.0520005 0.0779699 0.1170714 0.1849720 0.1037353 0.0774600 0.0275521 0.4063206 0.4078179 0.2044170 0.0492985 0.1001516 0.0917094 0.0826576 0.1458657 0.0536157 0.0368429 0.0585877 0.1710615 0.4533469 0.0812207 0.0223773 0.2608504 0.0991011 0.0691925 0.0662737 0.2645024 0.1557375 0.2006760 0.0574414 0.0207289 0.0930836 0.4234748 0.1333440 
Perityle_ajoensis_204                    0.4145293 0.3278598 0.4084338 0.2694325 0.1519066 0.3716307 0.2962150 0.3262460 0.3469102 0.5003591 0.4307840 0.0000000 0.0891370 0.0401045 0.4283802 0.1871828 0.2798947 0.2857464 0.3925405 0.3524781 0.5487938 0.2630408 0.4591624 0.0836943 0.3949699 0.3426845 0.1884274 0.2610486 0.2025792 0.4092516 0.3460870 0.4388540 0.3629768 0.4102835 0.2648702 0.3779896 0.3264309 0.4565163 0.3721823 0.4611806 0.4227856 0.2419665 0.3650151 0.3916550 0.3084453 0.4698078 0.2822716 0.4173736 0.4634090 0.5175654 0.3434056 0.3912105 0.3176843 0.0743047 0.1016379 0.0709688 0.2829628 0.4343611 0.3062308 0.2459859 0.3734844 0.2021469 0.4588998 0.4227673 0.4210858 0.7063426 0.2792790 0.3752972 0.2183771 0.4109415 0.3175402 0.3981334 0.0251740 0.4042689 0.4950229 0.3541238 0.4034753 0.2246888 0.7038268 0.4174910 
Perityle_ambrosiifolia_67_green          0.4412408 0.3387884 0.4104726 0.2520900 0.1384486 0.3647256 0.3092277 0.3140576 0.3488757 0.5106116 0.4102496 0.0891370 0.0000000 0.0820163 0.4037506 0.1474796 0.2728031 0.2855214 0.3759117 0.3329633 0.5519576 0.2588142 0.4316021 0.0904880 0.4056701 0.3265130 0.1286045 0.2065233 0.1948275 0.4063822 0.3303474 0.4266164 0.3570719 0.4030532 0.2511704 0.3669299 0.3073692 0.4458287 0.3498343 0.4318573 0.4093037 0.1860350 0.3864454 0.3749071 0.2582598 0.4521561 0.2590383 0.3909233 0.4786328 0.5019148 0.3330743 0.3623494 0.2950044 0.0555667 0.1030257 0.0526187 0.2895273 0.4356133 0.2899218 0.2394809 0.3580928 0.1881099 0.4254443 0.4049852 0.3987668 0.6710310 0.2617974 0.3554295 0.1983140 0.4236677 0.3585427 0.3698724 0.0253917 0.3871776 0.4805283 0.3421764 0.3866544 0.2187766 0.6543639 0.4263290 
Perityle_angustifolia_13_Eagle_creek     0.3189062 0.2332394 0.3173478 0.2318827 0.1081748 0.2955054 0.2459080 0.2555424 0.2544298 0.3637616 0.3309545 0.0401045 0.0820163 0.0000000 0.3720979 0.1286212 0.2196535 0.2393243 0.3572366 0.2649299 0.4782189 0.2351010 0.3545736 0.0421791 0.3185002 0.2673921 0.2075874 0.2632638 0.1073109 0.2412790 0.2403121 0.3258172 0.2238054 0.3390812 0.2087293 0.2975028 0.2263158 0.3065009 0.3033922 0.3588181 0.3523544 0.1725652 0.2811405 0.2844158 0.2751611 0.3655956 0.2304097 0.3622240 0.3753047 0.4058668 0.2574424 0.3208417 0.2752724 0.0091015 0.0675921 0.0470583 0.2560058 0.3771451 0.2436903 0.2062168 0.3271998 0.1824004 0.3572945 0.3617204 0.3288144 0.5533908 0.2359001 0.3287621 0.1163659 0.3520614 0.2792406 0.3361152 0.0118877 0.3082784 0.3904050 0.3079014 0.3350187 0.1845517 0.5830110 0.3189515 
Perityle_batopilensis_97                 0.1986495 0.1476252 0.1778409 0.3842141 0.3225645 0.1924404 0.3104026 0.2418256 0.1493940 0.3220911 0.1135841 0.4283802 0.4037506 0.3720979 0.0000000 0.4878811 0.1582078 0.1088647 0.1240418 0.1317796 0.2014745 0.3322519 0.1236796 0.3459228 0.1472275 0.0834319 0.3914095 0.3486740 0.3133529 0.2999840 0.1739994 0.2015014 0.2345135 0.1149672 0.0812834 0.1799261 0.1232866 0.2545185 0.0150582 0.1235610 0.1178671 0.3974554 0.1465350 0.2145068 0.3808650 0.1818412 0.0847580 0.1624912 0.1783532 0.2516687 0.1487836 0.1426911 0.0684379 0.3954818 0.3891257 0.2279556 0.0942775 0.1722538 0.1300812 0.1277467 0.1752209 0.1031664 0.1247685 0.1206582 0.1995779 0.5621051 0.0610813 0.0990108 0.3233801 0.1554881 0.1032565 0.1573599 0.2854553 0.1899531 0.2138621 0.0990633 0.1055543 0.1141317 0.5053538 0.2424558 
Perityle_bisetosa_9                      0.4461576 0.3466411 0.4292180 0.3998483 0.3417244 0.4182786 0.4201214 0.3690650 0.3521203 0.4886130 0.3996437 0.1871828 0.1474796 0.1286212 0.4878811 0.0000000 0.2977081 0.3589091 0.4443969 0.3774371 0.5636576 0.0225346 0.4430652 0.1901791 0.5003281 0.3632177 0.2671540 0.3136737 0.2616241 0.4141712 0.3563561 0.4432106 0.3798728 0.4033623 0.3120563 0.4356214 0.3534295 0.4473959 0.4393670 0.4278587 0.4535872 0.2688867 0.4484408 0.4487544 0.3507775 0.4439506 0.3281538 0.4384942 0.5251214 0.5531814 0.3659898 0.4169222 0.3680620 0.1490032 0.1698713 0.1825146 0.3449250 0.5169121 0.3554517 0.3469518 0.4328256 0.2610550 0.4568582 0.4507623 0.4952348 0.6455597 0.3559531 0.4299710 0.2856625 0.5041432 0.4207979 0.4232554 0.2123707 0.4515027 0.4857523 0.3898503 0.4424380 0.2914689 0.6217706 0.4636668 
Perityle_californica_76_positas          0.1595879 0.1604393 0.1599885 0.2563099 0.3147441 0.1503433 0.2839974 0.2190578 0.1730866 0.2011059 0.1442520 0.2798947 0.2728031 0.2196535 0.1582078 0.2977081 0.0000000 0.1381519 0.1712329 0.1335884 0.1354507 0.3100279 0.1467782 0.2697368 0.1366238 0.1381879 0.2685023 0.2311785 0.2628321 0.2691610 0.1425762 0.1262551 0.1443803 0.1458533 0.1307736 0.1564071 0.1434688 0.1446293 0.1613360 0.1631348 0.1463613 0.2690010 0.1316995 0.1659658 0.2489845 0.1585450 0.1363671 0.1297949 0.1332634 0.1703454 0.1429855 0.1399346 0.1424515 0.2468245 0.2642519 0.2187729 0.1418220 0.1335101 0.1292410 0.1270408 0.1424977 0.1353561 0.1627632 0.1467261 0.1477205 0.3452351 0.1502728 0.1345602 0.2637987 0.1389832 0.1090660 0.1523945 0.2564684 0.1536131 0.1356810 0.1481309 0.1404265 0.1291653 0.3665429 0.1122881 
Perityle_canescens_77                    0.1286383 0.1128356 0.1016201 0.2942608 0.3247173 0.1482554 0.2810577 0.1979389 0.1209177 0.1665857 0.0919116 0.2857464 0.2855214 0.2393243 0.1088647 0.3589091 0.1381519 0.0000000 0.1182225 0.0825382 0.0927414 0.3539719 0.0953470 0.2701503 0.0965824 0.0852181 0.3018493 0.2616178 0.2533854 0.2230267 0.1212878 0.0996044 0.1242001 0.0968963 0.0829551 0.1045960 0.0873382 0.0966918 0.1143806 0.1048540 0.0960829 0.2788368 0.0901502 0.1388886 0.3041970 0.1011334 0.0990540 0.0881204 0.0912940 0.1436758 0.1029064 0.0917537 0.0941171 0.2604623 0.2829454 0.1834935 0.0960104 0.0942516 0.0913596 0.0907255 0.1097029 0.1019554 0.1109227 0.0984145 0.1348742 0.3728094 0.0734870 0.0850747 0.2612375 0.0985017 0.0934317 0.1040817 0.2423143 0.1397510 0.0795082 0.1047993 0.0936709 0.0866292 0.3511125 0.0920382 
Perityle_castillonii_96                  0.2235278 0.1517298 0.2146282 0.3564795 0.3191606 0.1854268 0.2985982 0.2329554 0.1554395 0.2793584 0.0294779 0.3925405 0.3759117 0.3572366 0.1240418 0.4443969 0.1712329 0.1182225 0.0000000 0.1053609 0.1612031 0.3321098 0.0444507 0.3319998 0.1305656 0.0569482 0.3669143 0.3575027 0.3290222 0.2837811 0.1863491 0.1961111 0.2017659 0.0551393 0.0593131 0.1483021 0.1154016 0.1971650 0.1053565 0.0579481 0.0515082 0.4098799 0.1279586 0.2001658 0.3800518 0.0972794 0.0739094 0.1080183 0.1279770 0.2204240 0.1345205 0.1026937 0.0505795 0.3490028 0.3484757 0.2072155 0.0701444 0.1273704 0.1153146 0.1186961 0.1812619 0.0815949 0.0635389 0.0614878 0.1953068 0.4951106 0.1296034 0.0302631 0.3207464 0.1270772 0.1030382 0.0928685 0.2834095 0.1704143 0.1856098 0.0654275 0.0431709 0.1194357 0.4841798 0.2182190 
Perityle_cernua_84                       0.1395835 0.1147875 0.1195843 0.3427307 0.3081611 0.1805714 0.2884055 0.2205019 0.1302994 0.2764713 0.0759352 0.3524781 0.3329633 0.2649299 0.1317796 0.3774371 0.1335884 0.0825382 0.1053609 0.0000000 0.0260173 0.3341587 0.1013714 0.3347223 0.0298499 0.1137584 0.3405929 0.3293225 0.3058510 0.2576330 0.1345771 0.1163901 0.1805514 0.1023494 0.0805931 0.1101101 0.0135717 0.1748528 0.1409007 0.1108536 0.0994858 0.3522626 0.0274647 0.1454941 0.3255300 0.0193404 0.1040776 0.0200756 0.0273483 0.1408210 0.0280103 0.0097816 0.0834204 0.3140685 0.3100553 0.1993110 0.0779131 0.0258853 0.1039834 0.0593961 0.1236467 0.0811311 0.1258498 0.1241247 0.1341250 0.4831878 0.0486257 0.0860141 0.3287864 0.0272833 0.0324398 0.0196356 0.2566230 0.1375076 0.1142255 0.1162776 0.0989487 0.0733717 0.4264754 0.1698423 
Perityle_cfvillosa_25_tin                0.2048917 0.1254211 0.1694165 0.3849086 0.3043627 0.2135571 0.2884294 0.2299694 0.1417561 0.3581221 0.1838416 0.5487938 0.5519576 0.4782189 0.2014745 0.5636576 0.1354507 0.0927414 0.1612031 0.0260173 0.0000000 0.3512550 0.1912671 0.3517857 0.0268528 0.1330495 0.4200356 0.4299485 0.2992987 0.2737834 0.1320781 0.2024109 0.1834436 0.2000729 0.0989125 0.1401782 0.0357875 0.2228488 0.1645697 0.2111873 0.1824326 0.3942947 0.0068001 0.2040719 0.4577350 0.1098690 0.1060549 0.0564646 0.0781259 0.2814913 0.0163264 0.0439467 0.1234143 0.4402011 0.4591543 0.2073635 0.1062192 0.0575847 0.1242725 0.0746565 0.1680408 0.0858529 0.2155027 0.1900670 0.1820619 0.5816947 0.0768807 0.1550916 0.3157430 0.0424271 0.0101743 0.0656808 0.2549169 0.1551967 0.2240072 0.1507231 0.1889804 0.0839421 0.5537297 0.2373659 
Perityle_cinerea_113_Powell1310          0.3300875 0.3318981 0.3315355 0.2853412 0.2767521 0.2937779 0.3073914 0.3149693 0.3291315 0.3391220 0.2955852 0.2630408 0.2588142 0.2351010 0.3322519 0.0225346 0.3100279 0.3539719 0.3321098 0.3341587 0.3512550 0.0000000 0.3149471 0.2380008 0.3587205 0.2888338 0.2950349 0.2338487 0.3025352 0.4068987 0.3003855 0.3395620 0.3200726 0.3107864 0.2730283 0.3723449 0.3313823 0.2877308 0.3345194 0.3151641 0.3100381 0.2951505 0.3658499 0.3695105 0.3191219 0.3653401 0.2932613 0.3386085 0.3472319 0.3927270 0.3270432 0.3154955 0.2927120 0.2561464 0.2925216 0.2651081 0.3377090 0.3629289 0.3038421 0.3103216 0.3060112 0.3040352 0.3172329 0.3125534 0.3586296 0.4948970 0.4040482 0.2967800 0.3208230 0.3569129 0.3314205 0.3537418 0.2603458 0.3301762 0.3131893 0.2883877 0.3065435 0.3349178 0.2822104 0.2933716 
Perityle_coahuilensis_24                 0.2131764 0.1327356 0.1790983 0.3666347 0.3079174 0.1697962 0.2918334 0.2270086 0.1445525 0.2982783 0.0441967 0.4591624 0.4316021 0.3545736 0.1236796 0.4430652 0.1467782 0.0953470 0.0444507 0.1013714 0.1912671 0.3149471 0.0000000 0.3217407 0.1214347 0.0628479 0.3609488 0.3725899 0.3299794 0.2624334 0.1749442 0.2050670 0.2174961 0.0356595 0.0535665 0.1454546 0.1130290 0.2696720 0.1039494 0.0341833 0.0393721 0.4093240 0.1191866 0.2013060 0.3969559 0.1068757 0.0565135 0.0945890 0.1284286 0.2233543 0.1340683 0.1010801 0.0290659 0.4341260 0.4171019 0.1988436 0.0592245 0.1192677 0.0970908 0.0920316 0.1649739 0.0597774 0.0531371 0.0563890 0.1861185 0.5037739 0.0771891 0.0008523 0.3250319 0.1193783 0.0785403 0.1082871 0.2580298 0.1643124 0.2161760 0.0542478 0.0394674 0.0974242 0.4844337 0.2267413 
Perityle_cochisensis_44_cave_creek       0.3522523 0.3260949 0.3384675 0.2389085 0.1448605 0.3200780 0.3267292 0.3303988 0.3360947 0.4421555 0.2946964 0.0836943 0.0904880 0.0421791 0.3459228 0.1901791 0.2697368 0.2701503 0.3319998 0.3347223 0.3517857 0.2380008 0.3217407 0.0000000 0.3292043 0.2931770 0.1131542 0.1356187 0.1818721 0.4156589 0.3171473 0.3400300 0.3601811 0.3317045 0.2671873 0.3350111 0.3130151 0.3954685 0.3448133 0.3262090 0.3177228 0.1600663 0.3284948 0.3389692 0.1833956 0.3627196 0.2699626 0.3309895 0.3206888 0.3631572 0.3319486 0.3226011 0.2785114 0.0676888 0.1232858 0.0686501 0.2738741 0.3314035 0.2925688 0.2503511 0.3206939 0.2097074 0.3268566 0.3213850 0.3944442 0.6305984 0.2813786 0.2974928 0.1987287 0.3299073 0.2761433 0.3423613 0.0339998 0.3651489 0.3157812 0.3132932 0.3229068 0.2377746 0.5545348 0.3647287 
Perityle_congesta_202                    0.1583602 0.1271357 0.1555396 0.3369904 0.3142897 0.1926837 0.2829464 0.2309811 0.1405556 0.2759842 0.0965351 0.3949699 0.4056701 0.3185002 0.1472275 0.5003281 0.1366238 0.0965824 0.1305656 0.0298499 0.0268528 0.3587205 0.1214347 0.3292043 0.0000000 0.1116152 0.3748564 0.3489147 0.2968939 0.2734027 0.1257960 0.1278987 0.1794121 0.1250751 0.0932233 0.1362274 0.0385756 0.1912473 0.1547022 0.1344512 0.1168471 0.3742664 0.0045150 0.1859158 0.3682195 0.0461456 0.1024382 0.0167880 0.0085589 0.2167001 0.0176628 0.0262359 0.1006423 0.3097186 0.3103209 0.2116603 0.0996287 0.0055988 0.1037671 0.0716197 0.1471264 0.0902397 0.1435425 0.1328172 0.1402517 0.4882789 0.0766698 0.1093469 0.3096889 0.0093764 0.0072750 0.0436745 0.2673781 0.1477765 0.1258207 0.1293494 0.1193369 0.0837491 0.4471142 0.1805471 
Perityle_cordifolia_27                   0.1442830 0.1361037 0.1238966 0.3067546 0.3299338 0.1657540 0.2741102 0.2066767 0.1308685 0.2264659 0.0598260 0.3426845 0.3265130 0.2673921 0.0834319 0.3632177 0.1381879 0.0852181 0.0569482 0.1137584 0.1330495 0.2888338 0.0628479 0.2931770 0.1116152 0.0000000 0.3086960 0.2814636 0.2700528 0.2543982 0.1483729 0.1441829 0.1847676 0.0597321 0.0480739 0.1497521 0.1041979 0.2489698 0.0864735 0.0667083 0.0594669 0.3024648 0.1109569 0.1990927 0.3330083 0.1410030 0.0354559 0.1087249 0.1336130 0.2094005 0.1294999 0.1138755 0.0432075 0.3019289 0.2944291 0.1998764 0.0415476 0.1167387 0.0888319 0.0944085 0.1381131 0.0326711 0.0780533 0.0188203 0.1635058 0.4557843 0.0389844 0.0438660 0.2633164 0.1161470 0.0683542 0.1187860 0.2565761 0.1632527 0.1539130 0.0499610 0.0642288 0.0897987 0.3966403 0.1692467 
Perityle_cordifolia_68_tecolote          0.4374762 0.3342910 0.4077581 0.2666779 0.1718281 0.3588897 0.3368104 0.3341594 0.3672172 0.4971295 0.3218488 0.1884274 0.1286045 0.2075874 0.3914095 0.2671540 0.2685023 0.3018493 0.3669143 0.3405929 0.4200356 0.2950349 0.3609488 0.1131542 0.3748564 0.3086960 0.0000000 0.1319891 0.2222502 0.4114451 0.3364617 0.3742553 0.3775244 0.3486122 0.2717770 0.3819340 0.3240669 0.4619893 0.3542427 0.3658738 0.3595558 0.1901745 0.3688328 0.3730496 0.2228492 0.3981568 0.2682348 0.3749467 0.3928343 0.4510769 0.3561280 0.3545351 0.2957943 0.1125327 0.1653067 0.0646148 0.2812619 0.3919422 0.3013855 0.2471576 0.3621363 0.1886890 0.3641848 0.3592603 0.3959220 0.6671674 0.2834094 0.3426293 0.2148218 0.3758635 0.3362736 0.3619804 0.0759609 0.3841080 0.3768256 0.3337248 0.3555576 0.2318848 0.5993672 0.4163841 
Perityle_coronopifolia_28_patagonia      0.3982559 0.3022700 0.3978856 0.2896676 0.1508989 0.3280554 0.3094048 0.3216989 0.3328006 0.4892593 0.3489180 0.2610486 0.2065233 0.2632638 0.3486740 0.3136737 0.2311785 0.2616178 0.3575027 0.3293225 0.4299485 0.2338487 0.3725899 0.1356187 0.3489147 0.2814636 0.1319891 0.0000000 0.2061366 0.3722326 0.3152492 0.3889511 0.3412823 0.3701900 0.2361732 0.3524815 0.2925949 0.4432799 0.3234887 0.3736358 0.3698365 0.2215142 0.3410727 0.3646512 0.2450803 0.4121227 0.2411731 0.3678591 0.3991083 0.4393721 0.3160679 0.3397637 0.2720720 0.1746913 0.1927142 0.0864809 0.2443145 0.3865244 0.2833914 0.2121698 0.3458573 0.1844037 0.3797508 0.3665616 0.4022781 0.6387256 0.2280075 0.3466978 0.1990828 0.3598476 0.2944693 0.3597891 0.0733585 0.3727312 0.4132654 0.3051331 0.3617091 0.1840651 0.6057275 0.4121268 
Perityle_crassifolia_70_ventanas         0.3429448 0.3248764 0.3256717 0.2047456 0.1527863 0.2914068 0.3784659 0.3167139 0.3183859 0.3694929 0.2572274 0.2025792 0.1948275 0.1073109 0.3133529 0.2616241 0.2628321 0.2533854 0.3290222 0.3058510 0.2992987 0.3025352 0.3299794 0.1818721 0.2968939 0.2700528 0.2222502 0.2061366 0.0000000 0.3810007 0.3203719 0.3100751 0.2946576 0.2909407 0.2274742 0.3163418 0.2951866 0.3291008 0.3189834 0.3072809 0.3153403 0.2354555 0.2975496 0.3348470 0.1852082 0.3176587 0.2379141 0.2983167 0.2919767 0.3379397 0.3223433 0.3055641 0.2448499 0.1847480 0.1820472 0.1093971 0.2496833 0.3075640 0.2461854 0.2410974 0.3228707 0.2168514 0.3265961 0.2966564 0.3749349 0.5600089 0.2675101 0.3138703 0.0583398 0.2979011 0.2485762 0.3134680 0.1548658 0.3320632 0.3005278 0.2918550 0.3196322 0.2200895 0.4435476 0.2913846 
Perityle_crassifolia_74_playa_balandra   0.3027084 0.2811567 0.2699142 0.4213793 0.3992330 0.2953315 0.3621342 0.3248775 0.2876254 0.3832060 0.2051224 0.4092516 0.4063822 0.2412790 0.2999840 0.4141712 0.2691610 0.2230267 0.2837811 0.2576330 0.2737834 0.4068987 0.2624334 0.4156589 0.2734027 0.2543982 0.4114451 0.3722326 0.3810007 0.0000000 0.2778509 0.2630673 0.2528924 0.2442749 0.1775603 0.2838440 0.2613252 0.3021998 0.2995723 0.2653412 0.2530470 0.4265193 0.2628572 0.2942550 0.3655940 0.2785827 0.2069519 0.2656595 0.2692375 0.2958682 0.2730370 0.2798473 0.2044141 0.3942899 0.3667700 0.3093298 0.2135629 0.2699684 0.2013409 0.1728783 0.2943882 0.1402545 0.2736339 0.2693688 0.3030120 0.5015682 0.1038416 0.2387464 0.3981302 0.2699382 0.1736603 0.2657663 0.3061947 0.2927525 0.2638069 0.2668367 0.2620526 0.2000930 0.4972005 0.2393591 
Perityle_cuneata_34_cuneata_San_antonio  0.1564159 0.1438272 0.1638447 0.3142080 0.2863181 0.2042556 0.2988224 0.2678913 0.1549796 0.2730720 0.1380952 0.3460870 0.3303474 0.2403121 0.1739994 0.3563561 0.1425762 0.1212878 0.1863491 0.1345771 0.1320781 0.3003855 0.1749442 0.3171473 0.1257960 0.1483729 0.3364617 0.3152492 0.3203719 0.2778509 0.0000000 0.0641510 0.2082333 0.1608503 0.1362680 0.1625674 0.1329220 0.2098795 0.1699665 0.1691467 0.1729813 0.3687411 0.1238909 0.1999999 0.3125783 0.1514194 0.1343952 0.1307515 0.1314641 0.2053354 0.1336869 0.1326056 0.1269309 0.3101157 0.3042497 0.1763138 0.1248842 0.1336077 0.1387885 0.1243488 0.1540713 0.1066341 0.1817692 0.1649979 0.1754084 0.5071528 0.1015270 0.1601531 0.3079530 0.1290218 0.0955213 0.1485267 0.2248076 0.1679581 0.1485251 0.1645784 0.1715689 0.1144159 0.4375164 0.1861615 
Perityle_cuneata_4                       0.1725403 0.1099983 0.1607185 0.3338228 0.2903916 0.2165374 0.2938531 0.2462070 0.1406815 0.2463029 0.1759156 0.4388540 0.4266164 0.3258172 0.2015014 0.4432106 0.1262551 0.0996044 0.1961111 0.1163901 0.2024109 0.3395620 0.2050670 0.3400300 0.1278987 0.1441829 0.3742553 0.3889511 0.3100751 0.2630673 0.0641510 0.0000000 0.1940689 0.1970391 0.1094867 0.1561252 0.1111810 0.2134040 0.1576475 0.2066742 0.1986204 0.3953426 0.1195023 0.2050604 0.3921969 0.1818170 0.1159659 0.1466601 0.1883415 0.2414830 0.1222524 0.1432281 0.1290967 0.3746721 0.3654720 0.1707093 0.0963115 0.1590777 0.1359414 0.1030550 0.1880151 0.0948892 0.2151932 0.1882412 0.1641860 0.5555114 0.0844016 0.1692569 0.2998922 0.1495319 0.0983253 0.1526710 0.2149361 0.1653373 0.2226621 0.1687194 0.2047587 0.1001789 0.5056286 0.1968285 
Perityle_discoidea_81                    0.1991093 0.1659579 0.1889666 0.3654592 0.2757338 0.2302177 0.3360916 0.2163265 0.1978642 0.2873593 0.1148128 0.3629768 0.3570719 0.2238054 0.2345135 0.3798728 0.1443803 0.1242001 0.2017659 0.1805514 0.1834436 0.3200726 0.2174961 0.3601811 0.1794121 0.1847676 0.3775244 0.3412823 0.2946576 0.2528924 0.2082333 0.1940689 0.0000000 0.2001795 0.1276214 0.2220794 0.1831541 0.2635730 0.2271955 0.2181417 0.1837755 0.3851079 0.1747113 0.2421330 0.3239078 0.1974961 0.1011916 0.1782600 0.1757802 0.2465859 0.1750750 0.1860512 0.1453502 0.3412309 0.3174440 0.2015923 0.1106844 0.1808181 0.1169652 0.0952359 0.1813250 0.0876302 0.2162992 0.2160168 0.2451677 0.5390115 0.0839993 0.2001340 0.3391250 0.1869092 0.0846790 0.1818503 0.2246502 0.2350636 0.2139173 0.1956263 0.2045707 0.0964119 0.4205522 0.0512613 
Perityle_dissecta_201                    0.1755224 0.1338192 0.1471818 0.3562437 0.3132279 0.1788489 0.2849503 0.2150069 0.1380893 0.2834730 0.0387754 0.4102835 0.4030532 0.3390812 0.1149672 0.4033623 0.1458533 0.0968963 0.0551393 0.1023494 0.2000729 0.3107864 0.0356595 0.3317045 0.1250751 0.0597321 0.3486122 0.3701900 0.2909407 0.2442749 0.1608503 0.1970391 0.2001795 0.0000000 0.0495401 0.1452979 0.1004677 0.2519096 0.0935384 0.0394616 0.0530622 0.3494413 0.1244699 0.2012422 0.3918384 0.1087289 0.0460061 0.1008061 0.1374448 0.2373183 0.1368986 0.1080727 0.0263105 0.3834411 0.3797483 0.1941336 0.0448662 0.1303388 0.1021785 0.0972250 0.1452716 0.0428598 0.0479592 0.0636668 0.1870978 0.5217217 0.0460284 0.0244143 0.2947314 0.1284889 0.0841436 0.1061448 0.2435411 0.1712321 0.2086702 0.0469453 0.0338994 0.0923374 0.4796982 0.2089815 
Perityle_emoryi_47_punta_san_jose        0.1130953 0.1041537 0.0778048 0.2540012 0.2707584 0.1362210 0.3014468 0.1949660 0.1147244 0.1901534 0.0381856 0.2648702 0.2511704 0.2087293 0.0812834 0.3120563 0.1307736 0.0829551 0.0593131 0.0805931 0.0989125 0.2730283 0.0535665 0.2671873 0.0932233 0.0480739 0.2717770 0.2361732 0.2274742 0.1775603 0.1362680 0.1094867 0.1276214 0.0495401 0.0000000 0.1233902 0.0845078 0.1727284 0.0862275 0.0504229 0.0463275 0.2714776 0.0924399 0.1202832 0.2590642 0.1020304 0.0377696 0.0776216 0.0973291 0.1250928 0.0967065 0.0803093 0.0370085 0.2451036 0.2635908 0.1957192 0.0450587 0.0982639 0.0973977 0.0690471 0.1182094 0.0424524 0.0631614 0.0563094 0.1431819 0.4013916 0.0363689 0.0409418 0.2364136 0.0971345 0.0588894 0.0871132 0.2125295 0.1338947 0.1113020 0.0540924 0.0478402 0.0832334 0.3627467 0.1285260 
Perityle_feddemae_99                     0.2104639 0.1629813 0.2024696 0.3445121 0.3367865 0.2110576 0.2969183 0.2370407 0.1475666 0.2567876 0.1261510 0.3779896 0.3669299 0.2975028 0.1799261 0.4356214 0.1564071 0.1045960 0.1483021 0.1101101 0.1401782 0.3723449 0.1454546 0.3350111 0.1362274 0.1497521 0.3819340 0.3524815 0.3163418 0.2838440 0.1625674 0.1561252 0.2220794 0.1452979 0.1233902 0.0000000 0.1194159 0.2159094 0.1841011 0.1465477 0.1432745 0.4197641 0.1327468 0.0721843 0.3538907 0.1207528 0.1345827 0.1275849 0.1406023 0.0821091 0.1377904 0.1208203 0.1142988 0.3329052 0.2934644 0.2028757 0.1327059 0.1345077 0.1160982 0.1115010 0.1748637 0.1407389 0.1590202 0.1599849 0.1722900 0.4586050 0.1726203 0.1270654 0.3208949 0.1356344 0.1218090 0.1189096 0.2631245 0.1613104 0.1155233 0.1557893 0.1352261 0.1131242 0.4553448 0.2099253 
Perityle_fosteri_93                      0.1506493 0.1230609 0.1256651 0.3177645 0.3128244 0.1662303 0.2804554 0.2239848 0.1453030 0.2849829 0.0890755 0.3264309 0.3073692 0.2263158 0.1232866 0.3534295 0.1434688 0.0873382 0.1154016 0.0135717 0.0357875 0.3313823 0.1130290 0.3130151 0.0385756 0.1041979 0.3240669 0.2925949 0.2951866 0.2613252 0.1329220 0.1111810 0.1831541 0.1004677 0.0845078 0.1194159 0.0000000 0.1720701 0.1294090 0.1142409 0.1062125 0.3221831 0.0361293 0.1298772 0.3047050 0.0296081 0.0946863 0.0281080 0.0345939 0.1262983 0.0430886 0.0260921 0.0815703 0.2954149 0.2944085 0.1924803 0.0737585 0.0341575 0.1019083 0.0731862 0.1301214 0.0662611 0.1232550 0.1183411 0.1449992 0.4654736 0.0279378 0.0924740 0.3084105 0.0358030 0.0425887 0.0244833 0.2436904 0.1469435 0.0968247 0.1060234 0.0956686 0.0714315 0.4090667 0.1748529 
Perityle_gamon_221                       0.2207435 0.1697604 0.2128732 0.4299938 0.3072690 0.2850564 0.2999118 0.2597834 0.1987149 0.3018002 0.1218912 0.4565163 0.4458287 0.3065009 0.2545185 0.4473959 0.1446293 0.0966918 0.1971650 0.1748528 0.2228488 0.2877308 0.2696720 0.3954685 0.1912473 0.2489698 0.4619893 0.4432799 0.3291008 0.3021998 0.2098795 0.2134040 0.2635730 0.2519096 0.1727284 0.2159094 0.1720701 0.0000000 0.2442185 0.2557451 0.1982769 0.4425662 0.1724195 0.2666486 0.4229698 0.2049681 0.1106740 0.1985789 0.2077747 0.2930476 0.1603693 0.1956609 0.1895590 0.4178895 0.3713836 0.2105287 0.1058545 0.2006529 0.1158793 0.0923757 0.2045631 0.0936650 0.2860489 0.2988128 0.2301197 0.5677089 0.0692405 0.2530831 0.4061581 0.1972073 0.0994551 0.1876542 0.2625491 0.2256200 0.2642263 0.1812671 0.2611217 0.0842976 0.5139051 0.2586109 
Perityle_gentryi_8_san_francisco         0.1905842 0.1543674 0.1784784 0.3523958 0.3252630 0.1953839 0.2926483 0.2395431 0.1564231 0.2872765 0.0816091 0.3721823 0.3498343 0.3033922 0.0150582 0.4393670 0.1613360 0.1143806 0.1053565 0.1409007 0.1645697 0.3345194 0.1039494 0.3448133 0.1547022 0.0864735 0.3542427 0.3234887 0.3189834 0.2995723 0.1699665 0.1576475 0.2271955 0.0935384 0.0862275 0.1841011 0.1294090 0.2442185 0.0000000 0.1000113 0.0980078 0.3810769 0.1510160 0.2224851 0.3606797 0.1603575 0.0901531 0.1481582 0.1568348 0.2293472 0.1551697 0.1447501 0.0712839 0.3372425 0.3223819 0.2227397 0.1002688 0.1596775 0.1326575 0.1303460 0.1803708 0.1046568 0.1062771 0.1043946 0.1939022 0.5151444 0.0712402 0.0837472 0.3303711 0.1560718 0.1063624 0.1519215 0.2858794 0.1956954 0.1749415 0.1022773 0.0852255 0.1190148 0.4675452 0.2089590 
Perityle_gilensis_22_Superstition        0.2002219 0.1396155 0.1621993 0.3586173 0.3113274 0.1888640 0.2819850 0.2303818 0.1462600 0.2969263 0.0486765 0.4611806 0.4318573 0.3588181 0.1235610 0.4278587 0.1631348 0.1048540 0.0579481 0.1108536 0.2111873 0.3151641 0.0341833 0.3262090 0.1344512 0.0667083 0.3658738 0.3736358 0.3072809 0.2653412 0.1691467 0.2066742 0.2181417 0.0394616 0.0504229 0.1465477 0.1142409 0.2557451 0.1000113 0.0000000 0.0473469 0.3689108 0.1370822 0.1989032 0.3932043 0.1066303 0.0580302 0.1127718 0.1450054 0.2332396 0.1407736 0.1116083 0.0119954 0.4346213 0.4207183 0.1996681 0.0538472 0.1377810 0.1021445 0.1119661 0.1548945 0.0684985 0.0560210 0.0624638 0.2018712 0.5076312 0.0961776 0.0079873 0.3127346 0.1359297 0.0966889 0.1108911 0.2591179 0.1844620 0.2155405 0.0642888 0.0441164 0.1037624 0.4825254 0.2196947 
Perityle_gilensis_salensis_225           0.2173873 0.1415912 0.1963147 0.3594096 0.2937131 0.1823596 0.2915842 0.2205956 0.1494550 0.3095710 0.0549556 0.4227856 0.4093037 0.3523544 0.1178671 0.4535872 0.1463613 0.0960829 0.0515082 0.0994858 0.1824326 0.3100381 0.0393721 0.3177228 0.1168471 0.0594669 0.3595558 0.3698365 0.3153403 0.2530470 0.1729813 0.1986204 0.1837755 0.0530622 0.0463275 0.1432745 0.1062125 0.1982769 0.0980078 0.0473469 0.0000000 0.4094066 0.1079398 0.1898674 0.4019863 0.1047823 0.0678240 0.0998260 0.1220265 0.2096076 0.1233397 0.1005454 0.0411245 0.3949546 0.3868824 0.1976757 0.0622704 0.1183823 0.1137676 0.0912233 0.1643224 0.0829962 0.0692091 0.0586226 0.1825246 0.5424223 0.0756977 0.0262120 0.3187561 0.1172925 0.0846314 0.1074156 0.2551399 0.1587723 0.1996793 0.0413904 0.0454351 0.1057226 0.5058734 0.2080586 
Perityle_glaucescens_94                  0.4128558 0.3474125 0.4204503 0.3061445 0.1624767 0.3864050 0.2977104 0.3367652 0.3483901 0.4946195 0.3274941 0.2419665 0.1860350 0.1725652 0.3974554 0.2688867 0.2690010 0.2788368 0.4098799 0.3522626 0.3942947 0.2951505 0.4093240 0.1600663 0.3742664 0.3024648 0.1901745 0.2215142 0.2354555 0.4265193 0.3687411 0.3953426 0.3851079 0.3494413 0.2714776 0.4197641 0.3221831 0.4425662 0.3810769 0.3689108 0.4094066 0.0000000 0.3611896 0.4316045 0.2334786 0.3975854 0.2701400 0.3835221 0.3924757 0.4882071 0.3268739 0.3684823 0.3061845 0.1646570 0.1551421 0.0575519 0.2627243 0.3927930 0.2986926 0.2516165 0.3929054 0.2062427 0.4190603 0.3708513 0.4187444 0.6508641 0.3107906 0.3964191 0.2450384 0.3885182 0.3228624 0.3827717 0.0742595 0.3967378 0.4224407 0.3417111 0.4061379 0.2188682 0.5884274 0.4093714 
Perityle_gracilis_11                     0.1531368 0.1262091 0.1353826 0.3357978 0.3104588 0.1936769 0.2824026 0.2198565 0.1389918 0.2728034 0.0971988 0.3650151 0.3864454 0.2811405 0.1465350 0.4484408 0.1316995 0.0901502 0.1279586 0.0274647 0.0068001 0.3658499 0.1191866 0.3284948 0.0045150 0.1109569 0.3688328 0.3410727 0.2975496 0.2628572 0.1238909 0.1195023 0.1747113 0.1244699 0.0924399 0.1327468 0.0361293 0.1724195 0.1510160 0.1370822 0.1079398 0.3611896 0.0000000 0.1829638 0.3502862 0.0454610 0.1018845 0.0153462 0.0056730 0.2052686 0.0177993 0.0240293 0.0994990 0.3080241 0.3111238 0.2052739 0.1028503 0.0056315 0.0993158 0.0722048 0.1403222 0.0904547 0.1396255 0.1274542 0.1309293 0.4929383 0.0762073 0.1037806 0.3089900 0.0056425 0.0087623 0.0407929 0.2566252 0.1390126 0.1194086 0.1272027 0.1169997 0.0777271 0.4558622 0.1729372 
Perityle_harkerae_31                     0.2420170 0.1736943 0.2362553 0.3451289 0.3080828 0.2128433 0.3136181 0.2689353 0.1838755 0.3082379 0.1546161 0.3916550 0.3749071 0.2844158 0.2145068 0.4487544 0.1659658 0.1388886 0.2001658 0.1454941 0.2040719 0.3695105 0.2013060 0.3389692 0.1859158 0.1990927 0.3730496 0.3646512 0.3348470 0.2942550 0.1999999 0.2050604 0.2421330 0.2012422 0.1202832 0.0721843 0.1298772 0.2666486 0.2224851 0.1989032 0.1898674 0.4316045 0.1829638 0.0000000 0.3763884 0.1761100 0.1664606 0.1723710 0.1980204 0.0817161 0.1617925 0.1737520 0.1722531 0.3403786 0.3020270 0.1921018 0.1326764 0.1901739 0.1593206 0.1248799 0.1690760 0.1398843 0.2183817 0.2109808 0.2037412 0.5041794 0.1825545 0.1823179 0.3267793 0.1938434 0.1764217 0.1740946 0.2456407 0.1902272 0.1422018 0.2130040 0.1929284 0.1026431 0.5047100 0.2565292 
Perityle_hofmeisteria_4_nombre_de_dios   0.4243101 0.3134194 0.4349040 0.2886138 0.1603183 0.3319098 0.3415693 0.2973158 0.3372521 0.4720831 0.3750639 0.3084453 0.2582598 0.2751611 0.3808650 0.3507775 0.2489845 0.3041970 0.3800518 0.3255300 0.4577350 0.3191219 0.3969559 0.1833956 0.3682195 0.3330083 0.2228492 0.2450803 0.1852082 0.3655940 0.3125783 0.3921969 0.3239078 0.3918384 0.2590642 0.3538907 0.3047050 0.4229698 0.3606797 0.3932043 0.4019863 0.2334786 0.3502862 0.3763884 0.0000000 0.4195012 0.2688308 0.3713317 0.4308779 0.4058016 0.3352530 0.3681798 0.3121323 0.2354804 0.2841994 0.1177842 0.2808121 0.4106089 0.2911959 0.2497956 0.3906453 0.2101555 0.4139381 0.3840340 0.4114368 0.6290234 0.3015126 0.3658450 0.1913923 0.3785416 0.3257389 0.3730451 0.1640553 0.3767272 0.4264429 0.3278303 0.3833132 0.2096017 0.6463799 0.3852255 
Perityle_huecosensis_48                  0.1930247 0.1288730 0.1587538 0.3837124 0.3349051 0.2156471 0.3114746 0.2330202 0.1520716 0.3292865 0.0793660 0.4698078 0.4521561 0.3655956 0.1818412 0.4439506 0.1585450 0.1011334 0.0972794 0.0193404 0.1098690 0.3653401 0.1068757 0.3627196 0.0461456 0.1410030 0.3981568 0.4121227 0.3176587 0.2785827 0.1514194 0.1818170 0.1974961 0.1087289 0.1020304 0.1207528 0.0296081 0.2049681 0.1603575 0.1066303 0.1047823 0.3975854 0.0454610 0.1761100 0.4195012 0.0000000 0.1198848 0.0353904 0.0615098 0.1926182 0.0452859 0.0239388 0.0950556 0.4265413 0.4430629 0.2255775 0.1047903 0.0495356 0.1096559 0.0840528 0.1612283 0.1063194 0.1325706 0.1320474 0.1839997 0.5381191 0.0939425 0.0942107 0.3356752 0.0465102 0.0491412 0.0249193 0.2729977 0.1747868 0.1846391 0.1234933 0.1070500 0.0878990 0.4967014 0.2158299 
Perityle_incana_3_ucla                   0.1300766 0.1276641 0.1201194 0.2738105 0.2741668 0.1476780 0.2834811 0.1946055 0.1338566 0.1805166 0.0520005 0.2822716 0.2590383 0.2304097 0.0847580 0.3281538 0.1363671 0.0990540 0.0739094 0.1040776 0.1060549 0.2932613 0.0565135 0.2699626 0.1024382 0.0354559 0.2682348 0.2411731 0.2379141 0.2069519 0.1343952 0.1159659 0.1011916 0.0460061 0.0377696 0.1345827 0.0946863 0.1106740 0.0901531 0.0580302 0.0678240 0.2701400 0.1018845 0.1664606 0.2688308 0.1198848 0.0000000 0.0966822 0.1050363 0.1741043 0.1170790 0.1074487 0.0362597 0.2545955 0.2638364 0.1873748 0.0629433 0.1052814 0.0882185 0.0760495 0.1314681 0.0423513 0.0553588 0.0509389 0.1575372 0.3974850 0.0357517 0.0366867 0.2522505 0.1060395 0.0820123 0.1169478 0.2300389 0.1474772 0.1133392 0.0693051 0.0422554 0.0834600 0.3755305 0.0883878 
