82
Amauria_brandeegeana_62                    0.0000000 0.0258147 0.0187509 0.1224390 0.0379030 0.2541083 0.0999314 0.1729781 0.1674350 0.0451679 0.0613345 0.0436866 0.1780443 0.1808158 0.1481413 0.0509346 0.1745320 0.0792512 0.2121888 0.0457406 0.1315808 0.0554277 0.1569696 0.1801775 0.0569979 0.0483284 0.0524713 0.0552098 0.2177053 0.1767673 0.0480019 0.0598359 0.3117972 0.0457296 0.0460868 0.1623952 0.0904156 0.1699862 0.0772959 0.1189527 0.0518344 0.1860609 0.0960472 0.0492886 0.0838517 0.0823178 0.0479346 0.0885062 0.0493810 0.0560451 0.0871193 0.1606311 0.0485126 0.1684142 0.1728522 0.0768541 0.0971411 0.1165939 0.0535311 0.0483718 0.0685146 0.0419380 0.0381725 0.0360807 0.0481668 0.1172759 0.0602511 0.0385410 0.0710042 0.0425485 0.1723615 0.1621733 0.1608619 0.1697930 0.0513016 0.0427105 0.0798934 0.1789226 0.0447730 0.0524639 0.0474539 0.1607959 
Amauria_carterae_99_mesa                   0.0258147 0.0000000 0.0185360 0.1288626 0.0357304 0.1194853 0.0897719 0.1611472 0.1684265 0.0344266 0.0526728 0.0388631 0.1157669 0.1243759 0.1080068 0.0436469 0.1272729 0.0751006 0.1677433 0.0372431 0.1174868 0.0424190 0.1168036 0.1216415 0.0442844 0.0390097 0.0392705 0.0388022 0.1645509 0.0873366 0.0496573 0.0543744 0.2266423 0.0552560 0.0357663 0.1007571 0.0773209 0.1117688 0.0721538 0.0364384 0.0403937 0.1251144 0.0792080 0.0336370 0.0666317 0.0711200 0.0349379 0.0542143 0.0391886 0.0423039 0.0701849 0.1142829 0.0382170 0.1259956 0.1103511 0.0608899 0.1101066 0.1093081 0.0373848 0.0354002 0.0674535 0.0354209 0.0424226 0.0317770 0.0352472 0.1178017 0.0487767 0.0350724 0.0623179 0.0335667 0.1107985 0.1272207 0.1093147 0.1003412 0.0377718 0.0336949 0.0641213 0.1157310 0.0347906 0.0501484 0.0370578 0.1046032 
Amauria_rotundifolia_SRR9119150            0.0187509 0.0185360 0.0000000 0.0939225 0.0274836 0.2689594 0.0681181 0.1631533 0.1507538 0.0367663 0.0528976 0.0275454 0.1681890 0.1720506 0.1339844 0.0337477 0.1603583 0.0724181 0.2010871 0.0264527 0.1129318 0.0303431 0.1385303 0.1881907 0.0321794 0.0288212 0.0621217 0.0465642 0.2292978 0.2222737 0.0462810 0.0745356 0.3111539 0.0381778 0.0249498 0.1614706 0.1072586 0.1556976 0.1193762 0.1607000 0.0278742 0.1951110 0.0962464 0.0226825 0.0718193 0.1347561 0.0297395 0.0993486 0.0361972 0.0388710 0.0909127 0.1491529 0.0272668 0.1616479 0.1584155 0.0596772 0.0985833 0.1185813 0.0345342 0.0275601 0.0566533 0.0388963 0.0313837 0.0251331 0.0293982 0.1345040 0.0578490 0.0662387 0.0373699 0.0171367 0.1800201 0.1585805 0.1451503 0.1506500 0.0237092 0.0222421 0.1070206 0.1799147 0.0266512 0.0432823 0.0315695 0.1942339 
Conoclinium_coelestinum_SRR9119114         0.1224390 0.1288626 0.0939225 0.0000000 0.0987400 0.2827947 0.0435779 0.2622913 0.2291563 0.1010075 0.0982398 0.1090642 0.1897193 0.2002971 0.1895040 0.1211038 0.1906164 0.1515179 0.2488091 0.1148309 0.1732159 0.1152289 0.2529034 0.1956008 0.1251414 0.1100255 0.1160290 0.1155663 0.2433728 0.2646404 0.1281627 0.1364587 0.3880010 0.1268643 0.0981305 0.1994304 0.1402498 0.1939982 0.1403401 0.1743164 0.1155864 0.1945071 0.1377270 0.1197658 0.1311253 0.1421677 0.1190840 0.1620490 0.1129929 0.1144490 0.1301087 0.1927377 0.1136797 0.2156793 0.1908932 0.1407107 0.1765803 0.1813164 0.1068762 0.1087667 0.1564912 0.1400665 0.1351852 0.1327946 0.1025801 0.1597733 0.1286477 0.1117612 0.1280668 0.1047401 0.1845975 0.2255072 0.1798489 0.1844651 0.1090078 0.1212621 0.1395515 0.1922503 0.1124380 0.1417789 0.1131047 0.1820094 
Eutetras_palmeri_63                        0.0379030 0.0357304 0.0274836 0.0987400 0.0000000 0.2240512 0.0752035 0.1692808 0.1523217 0.0328133 0.0504257 0.0345604 0.1542395 0.1582092 0.1147906 0.0395615 0.1484378 0.0638357 0.1792767 0.0319541 0.1099985 0.0357254 0.1270242 0.1648012 0.0430056 0.0359767 0.0312393 0.0473715 0.2220673 0.2270920 0.0479416 0.0448614 0.3040421 0.0523713 0.0320209 0.1496783 0.0951508 0.1402572 0.1012228 0.1633247 0.0306745 0.1648942 0.0916844 0.0286318 0.0628503 0.1011491 0.0348912 0.0745122 0.0419107 0.0416301 0.0826792 0.1304135 0.0308754 0.1514402 0.1367917 0.0617250 0.0928572 0.1163240 0.0389566 0.0326022 0.0465188 0.0530168 0.0489645 0.0167804 0.0355334 0.1280573 0.0382554 0.0314532 0.0419899 0.0218343 0.1536373 0.1400523 0.1368157 0.1399728 0.0303128 0.0195814 0.0856532 0.1598076 0.0336381 0.0592927 0.0355439 0.1650465 
Eutetras_pringlei_149_quer                 0.2541083 0.1194853 0.2689594 0.2827947 0.2240512 0.0000000 0.3182709 0.2102521 0.3300304 0.2780634 0.3003855 0.2848478 0.3351341 0.3435718 0.3008833 0.2833053 0.3679823 0.3335444 0.4142357 0.2805609 0.2392428 0.2735084 0.2308872 0.3386948 0.2925448 0.2871125 0.2716365 0.2819258 0.4284751 0.1751794 0.1041200 0.3104578 0.4661477 0.1895202 0.2742239 0.3395025 0.3285153 0.2906528 0.3344462 0.2779379 0.2457652 0.3353025 0.3274960 0.1770889 0.3201198 0.3279621 0.2829814 0.2346471 0.2784938 0.2764710 0.3292416 0.3255844 0.2780497 0.2729693 0.3179732 0.3396260 0.1351194 0.1956531 0.2864260 0.2790103 0.3074820 0.1113273 0.0847600 0.0602176 0.2827295 0.1425762 0.3120607 0.2937391 0.1269958 0.1834519 0.3279872 0.2803342 0.3194695 0.3370854 0.2585020 0.0679739 0.3397539 0.3357789 0.2857121 0.1156569 0.2721020 0.3486524 
Eutrochium_fistulosum_SRR9119106           0.0999314 0.0897719 0.0681181 0.0435779 0.0752035 0.3182709 0.0000000 0.2260028 0.2024966 0.0841038 0.0879022 0.0959758 0.1801942 0.1911457 0.1697599 0.1030709 0.1783886 0.1287552 0.2391400 0.0904891 0.1332797 0.1046813 0.2110869 0.1830291 0.1006109 0.0884940 0.0930993 0.1027621 0.2404030 0.1939845 0.0883373 0.1178578 0.3590348 0.0932449 0.0889795 0.1920319 0.1191445 0.1708349 0.1278529 0.1418324 0.0897733 0.1836826 0.1215892 0.0793175 0.1127905 0.1313882 0.1038295 0.1357236 0.1000860 0.1041600 0.1095634 0.1860539 0.0931225 0.2032625 0.1774591 0.1212059 0.1283655 0.1533382 0.0922730 0.0990853 0.1311957 0.1028639 0.0935439 0.0890030 0.0915531 0.1205481 0.1125486 0.0939867 0.1064903 0.0659235 0.1679430 0.2028461 0.1679263 0.1660061 0.0837412 0.0810309 0.1228040 0.1809149 0.0868911 0.1038837 0.0955643 0.1755844 
Galeana_pratensis_104_mex                  0.1729781 0.1611472 0.1631533 0.2622913 0.1692808 0.2102521 0.2260028 0.0000000 0.2600225 0.1584569 0.1890077 0.1636495 0.2345912 0.2304301 0.2105625 0.1646634 0.2464356 0.1834149 0.2462912 0.1720919 0.2293711 0.1654525 0.2833050 0.2269365 0.1752177 0.1684886 0.1677778 0.1803761 0.2751902 0.2055130 0.1200024 0.1831374 0.3764449 0.1577919 0.1600900 0.1856294 0.2061431 0.2093632 0.1923671 0.1657165 0.1765404 0.2326123 0.2028845 0.1680293 0.1889006 0.1934076 0.1736778 0.1822640 0.1680216 0.1622577 0.2019440 0.2146974 0.1631753 0.2284283 0.2135541 0.1650439 0.1921308 0.2308972 0.1650583 0.1697113 0.1734731 0.1545850 0.1441161 0.1438464 0.1574425 0.2075996 0.1986447 0.1699340 0.2386525 0.1630682 0.2293803 0.2436536 0.2097908 0.2171983 0.1630269 0.1451328 0.1669683 0.2283657 0.1508393 0.1680618 0.1633563 0.1887399 
Helianthus_annuus_SRR9119062               0.1674350 0.1684265 0.1507538 0.2291563 0.1523217 0.3300304 0.2024966 0.2600225 0.0000000 0.1552465 0.1657327 0.1536707 0.1969793 0.2116886 0.1846005 0.1676480 0.2025108 0.1839801 0.2361179 0.1507623 0.1710815 0.1648713 0.2601176 0.2028733 0.1657320 0.1568159 0.1564667 0.1604436 0.2496444 0.2711027 0.1498149 0.1572195 0.3567547 0.1630115 0.1533993 0.1964465 0.1903071 0.2044316 0.1764589 0.1993943 0.1556425 0.2000954 0.1891498 0.1577558 0.1792980 0.1837758 0.1579319 0.1698381 0.1574394 0.1628315 0.1836558 0.2040070 0.1683468 0.2355121 0.1943420 0.1721803 0.1635764 0.1794890 0.1647309 0.1594071 0.1513948 0.1343072 0.1444143 0.1542416 0.1571467 0.1623252 0.1753713 0.1618866 0.1168848 0.1494998 0.1939802 0.2221974 0.1905409 0.1903464 0.1580096 0.1667409 0.1664255 0.2059190 0.1596417 0.1658403 0.1606229 0.1913698 
Lycapsus_tenuifolius_17                    0.0451679 0.0344266 0.0367663 0.1010075 0.0328133 0.2780634 0.0841038 0.1584569 0.1552465 0.0000000 0.0498813 0.0522150 0.1507125 0.1619933 0.1355339 0.0561083 0.1596484 0.0859087 0.1924106 0.0434487 0.1071385 0.0565327 0.1275841 0.1517032 0.0577140 0.0550158 0.0564805 0.0620187 0.2094141 0.1032509 0.0229381 0.0693474 0.2942974 0.0230357 0.0548425 0.1705054 0.0813807 0.1322497 0.0746913 0.0889379 0.0474848 0.1528863 0.0866475 0.0278506 0.0751055 0.0746652 0.0631965 0.1043595 0.0531304 0.0553765 0.0808181 0.1510988 0.0476811 0.1555688 0.1458491 0.0890074 0.1005124 0.1133300 0.0548229 0.0544234 0.0861479 0.0570013 0.0480965 0.0255331 0.0520528 0.0869112 0.0752016 0.0533751 0.0413794 0.0256633 0.1411495 0.1422936 0.1471038 0.1385223 0.0458864 0.0200685 0.0973767 0.1523640 0.0492992 0.0550002 0.0485523 0.1562122 
Pericome_caudata_50_silver                 0.0613345 0.0526728 0.0528976 0.0982398 0.0504257 0.3003855 0.0879022 0.1890077 0.1657327 0.0498813 0.0000000 0.0753290 0.1811058 0.2215835 0.1453768 0.0726271 0.1758854 0.1012700 0.2095466 0.0601707 0.1193136 0.0743116 0.1583439 0.2049261 0.0767036 0.0612276 0.0844555 0.1159304 0.2852604 0.2403116 0.0525615 0.0832237 0.3149732 0.0550422 0.0648301 0.1671440 0.1255387 0.1621810 0.1225797 0.2259452 0.0627995 0.2040412 0.1569403 0.0519815 0.0936743 0.1700525 0.0980562 0.1089561 0.0977767 0.1121491 0.1214029 0.1614801 0.0563695 0.1672695 0.1669266 0.0879258 0.1018479 0.1184623 0.0830190 0.0670679 0.0825322 0.0498928 0.0401242 0.0478864 0.1058965 0.1359397 0.1040678 0.1079526 0.0509326 0.0430795 0.1999311 0.1624339 0.1613916 0.1648685 0.0588258 0.0467147 0.1626127 0.2175499 0.0570858 0.0447063 0.0794311 0.2159144 
Perityle_aglossa_84_dead_horse             0.0436866 0.0388631 0.0275454 0.1090642 0.0345604 0.2848478 0.0959758 0.1636495 0.1536707 0.0522150 0.0753290 0.0000000 0.1819949 0.2183778 0.1297102 0.0239963 0.1715320 0.0932302 0.2104423 0.0202099 0.1041297 0.0196436 0.1209444 0.2018917 0.0230991 0.0066498 0.0446073 0.0447629 0.2572962 0.2257651 0.0556590 0.0772251 0.2985663 0.0508510 0.0196444 0.1829364 0.1282175 0.1498266 0.1211189 0.1489214 0.0154042 0.1852197 0.1187349 0.0129745 0.0978544 0.1382689 0.0565989 0.0982504 0.0254504 0.0278791 0.1132605 0.1637836 0.0105060 0.1627166 0.1595188 0.0829336 0.0983815 0.1176125 0.0201076 0.0144846 0.0751741 0.0553549 0.0398799 0.0140985 0.0024252 0.1233857 0.0898437 0.0720574 0.0401144 0.0094651 0.1914762 0.1592888 0.1604511 0.1556533 0.0075927 0.0085713 0.1471652 0.2071875 0.0028930 0.0643257 0.0168436 0.2125941 
Perityle_ajoensis_204                      0.1780443 0.1157669 0.1681890 0.1897193 0.1542395 0.3351341 0.1801942 0.2345912 0.1969793 0.1507125 0.1811058 0.1819949 0.0000000 0.0657957 0.0082278 0.1882043 0.0245292 0.2123179 0.0911733 0.1732606 0.0095880 0.1828678 0.1170649 0.0203666 0.1740858 0.1802445 0.2040101 0.1957165 0.1217078 0.2880779 0.1042531 0.1889176 0.1932373 0.1202459 0.1909795 0.0560382 0.1996348 0.0229584 0.2090703 0.2634338 0.1891891 0.0143790 0.2057143 0.1456121 0.1987852 0.2130363 0.1917947 0.1433762 0.2101924 0.2166085 0.1969789 0.0172632 0.1751040 0.0532229 0.0207787 0.1788448 0.0385536 0.0527921 0.1790834 0.1944411 0.1912449 0.1099430 0.1063699 0.1099459 0.2082859 0.0304914 0.2030347 0.1648745 0.0328217 0.1520271 0.0176017 0.0672189 0.0104886 0.0089738 0.1511162 0.1048921 0.2492606 0.0324449 0.1644535 0.1161228 0.1881627 0.0581994 
Perityle_ambrosiifolia_67_green            0.1808158 0.1243759 0.1720506 0.2002971 0.1582092 0.3435718 0.1911457 0.2304301 0.2116886 0.1619933 0.2215835 0.2183778 0.0657957 0.0000000 0.0081161 0.1909826 0.0713209 0.2231115 0.0958902 0.1761770 0.0068062 0.2233333 0.1188778 0.0615438 0.1790372 0.1867556 0.2349711 0.2361389 0.1234565 0.3012348 0.1080116 0.2190693 0.2266192 0.1223799 0.2306201 0.1094624 0.2170660 0.0213287 0.2656204 0.3131501 0.2268197 0.0443344 0.2591514 0.1509171 0.2543622 0.2772627 0.2026461 0.1480131 0.2392258 0.2513872 0.2214019 0.0644611 0.1772063 0.0518107 0.0218094 0.1935873 0.0376680 0.0492709 0.2040537 0.2329471 0.1977217 0.1061479 0.1066705 0.1085473 0.2315946 0.0360175 0.2013540 0.1963995 0.0323010 0.1483358 0.0588107 0.0684782 0.0565030 0.0145550 0.1634273 0.1076922 0.2617488 0.0552047 0.1686366 0.1244799 0.2250134 0.1095006 
Perityle_angustifolia_13_Eagle_creek       0.1481413 0.1080068 0.1339844 0.1895040 0.1147906 0.3008833 0.1697599 0.2105625 0.1846005 0.1355339 0.1453768 0.1297102 0.0082278 0.0081161 0.0000000 0.1487162 0.0168065 0.1877379 0.0668415 0.1295871 0.0015107 0.1484031 0.1125299 0.0054960 0.1466943 0.1335363 0.1355339 0.1504082 0.0663238 0.2025422 0.0965253 0.1365803 0.1747319 0.0973284 0.1211683 0.0363241 0.1556502 0.0175766 0.1600807 0.1656979 0.1412913 0.0027635 0.1606433 0.1147322 0.1492297 0.1620743 0.1267303 0.1287472 0.1424350 0.1517076 0.1545350 0.0082661 0.1402940 0.0426804 0.0027547 0.1736835 0.0358604 0.0312428 0.1428850 0.1411400 0.1616055 0.0989274 0.0917371 0.0924905 0.1358038 0.0250063 0.1350325 0.1173650 0.0189700 0.1066732 0.0013823 0.0549130 0.0013991 0.0013863 0.1342203 0.0946160 0.1669662 0.0082469 0.1316053 0.1124366 0.1374597 0.0373527 
Perityle_batopilensis_97                   0.0509346 0.0436469 0.0337477 0.1211038 0.0395615 0.2833053 0.1030709 0.1646634 0.1676480 0.0561083 0.0726271 0.0239963 0.1882043 0.1909826 0.1487162 0.0000000 0.1853978 0.0953919 0.2241650 0.0268023 0.1270986 0.0248104 0.1334763 0.1942724 0.0275188 0.0250141 0.0452323 0.0356550 0.2338782 0.2057697 0.0544224 0.0699627 0.3336382 0.0537181 0.0235623 0.1866043 0.0923864 0.1724381 0.0807065 0.0925045 0.0253815 0.2000108 0.0962402 0.0201204 0.0879796 0.0847680 0.0310137 0.1045853 0.0236741 0.0256080 0.0897019 0.1646713 0.0291505 0.1762609 0.1737025 0.0809362 0.1191736 0.1338842 0.0258768 0.0189537 0.0825047 0.0513807 0.0433911 0.0258493 0.0278795 0.1390240 0.0806002 0.0573427 0.0263843 0.0139799 0.1864098 0.1794645 0.1657637 0.1709910 0.0212645 0.0254772 0.0928822 0.1915660 0.0264944 0.0647457 0.0218891 0.1920500 
Perityle_bisetosa_9                        0.1745320 0.1272729 0.1603583 0.1906164 0.1484378 0.3679823 0.1783886 0.2464356 0.2025108 0.1596484 0.1758854 0.1715320 0.0245292 0.0713209 0.0168065 0.1853978 0.0000000 0.2180137 0.0989035 0.1588816 0.0068904 0.1769574 0.1310485 0.0204741 0.1805873 0.1746853 0.1759414 0.1793493 0.1316776 0.2877388 0.1097831 0.1855941 0.1717994 0.1234686 0.1807089 0.0314571 0.1881912 0.0235377 0.2035164 0.2411312 0.1730032 0.0185892 0.1980816 0.1481141 0.1906027 0.2067321 0.1849438 0.1483091 0.1843429 0.1893890 0.1899020 0.0237112 0.1733689 0.0347004 0.0260925 0.1869181 0.0274682 0.0319249 0.1707688 0.1823055 0.1981097 0.1081279 0.1121280 0.1139854 0.1768273 0.0266482 0.1967041 0.1591750 0.0407482 0.1381082 0.0163414 0.0663109 0.0192100 0.0209622 0.1569447 0.1195585 0.2174703 0.0387109 0.1656697 0.1238933 0.1749400 0.0345831 
Perityle_californica_76_positas            0.0792512 0.0751006 0.0724181 0.1515179 0.0638357 0.3335444 0.1287552 0.1834149 0.1839801 0.0859087 0.1012700 0.0932302 0.2123179 0.2231115 0.1877379 0.0953919 0.2180137 0.0000000 0.2428128 0.0873762 0.1513276 0.0949565 0.2061972 0.2152423 0.1024943 0.0948971 0.0874104 0.1011366 0.2479940 0.2204796 0.0709422 0.0799071 0.3573484 0.0881322 0.0903761 0.2086466 0.1114532 0.2026618 0.1018768 0.1674340 0.0919596 0.2197352 0.1151641 0.0739828 0.1054736 0.1057922 0.0816365 0.1167742 0.0920404 0.0923800 0.1096672 0.1970416 0.0933040 0.2040412 0.2137405 0.1105767 0.1308152 0.1553381 0.0971477 0.0889108 0.1071285 0.0858307 0.0687360 0.0648839 0.0934369 0.1465218 0.1119068 0.0807618 0.1033926 0.0665576 0.2048690 0.2013816 0.1937358 0.2022928 0.0908412 0.0827829 0.1041034 0.2137017 0.0929776 0.0868579 0.0883961 0.2073489 
Perityle_canescens_77                      0.2121888 0.1677433 0.2010871 0.2488091 0.1792767 0.4142357 0.2391400 0.2462912 0.2361179 0.1924106 0.2095466 0.2104423 0.0911733 0.0958902 0.0668415 0.2241650 0.0989035 0.2428128 0.0000000 0.1958946 0.0640804 0.2300175 0.1723377 0.0902625 0.2174289 0.2165214 0.2141196 0.2306864 0.0846224 0.3209560 0.1250239 0.1987145 0.2131971 0.1436136 0.1997314 0.0853904 0.2182512 0.0838557 0.2146465 0.3006342 0.2036156 0.0906466 0.2176792 0.1931465 0.2112474 0.2169253 0.1969273 0.1838896 0.2225977 0.2346857 0.2193882 0.0856406 0.2110247 0.0979375 0.0888441 0.2130054 0.0701385 0.0864987 0.2178477 0.2219610 0.2156990 0.1140571 0.1445524 0.1451233 0.2197202 0.0783091 0.2077348 0.1888187 0.0937964 0.1846688 0.0857963 0.0992889 0.0835971 0.0780941 0.1977933 0.1546504 0.2167774 0.0926991 0.1947875 0.1498202 0.2256973 0.0821708 
Perityle_castillonii_96                    0.0457406 0.0372431 0.0264527 0.1148309 0.0319541 0.2805609 0.0904891 0.1720919 0.1507623 0.0434487 0.0601707 0.0202099 0.1732606 0.1761770 0.1295871 0.0268023 0.1588816 0.0873762 0.1958946 0.0000000 0.1126749 0.0246200 0.1162913 0.1809587 0.0231889 0.0201608 0.0314962 0.0321694 0.2294634 0.2073550 0.0515097 0.0666190 0.3129036 0.0461401 0.0184990 0.1674801 0.0985440 0.1580410 0.0876129 0.1150419 0.0234297 0.1815886 0.0965965 0.0101004 0.0729928 0.0897496 0.0121054 0.0907305 0.0209616 0.0249445 0.0901532 0.1458487 0.0252699 0.1678174 0.1563056 0.0764385 0.1001005 0.1183064 0.0221049 0.0187301 0.0698936 0.0552304 0.0442267 0.0121912 0.0221187 0.1366183 0.0642703 0.0508576 0.0177865 0.0058336 0.1728632 0.1663261 0.1463889 0.1538384 0.0163288 0.0151381 0.0972149 0.1766277 0.0211407 0.0642990 0.0191295 0.1830495 
Perityle_cernua_84                         0.1315808 0.1174868 0.1129318 0.1732159 0.1099985 0.2392428 0.1332797 0.2293711 0.1710815 0.1071385 0.1193136 0.1041297 0.0095880 0.0068062 0.0015107 0.1270986 0.0068904 0.1513276 0.0640804 0.1126749 0.0000000 0.1220436 0.1169899 0.0096190 0.1274343 0.1128613 0.1115219 0.1209598 0.0678844 0.2368945 0.1036866 0.1329940 0.1699838 0.1026391 0.1006045 0.0232945 0.1368418 0.0154234 0.1370356 0.1678634 0.1180571 0.0069096 0.1415756 0.1214649 0.1279989 0.1411467 0.1076774 0.1253607 0.1197978 0.1209010 0.1343408 0.0072842 0.1184460 0.0425946 0.0028025 0.1300011 0.0335924 0.0334095 0.1163223 0.1149793 0.1303364 0.1014073 0.1047729 0.1007133 0.1091785 0.0258471 0.1192655 0.1067898 0.0328682 0.1102641 0.0041337 0.0537798 0.0056071 0.0055819 0.1107788 0.1036113 0.1353089 0.0124416 0.1063627 0.1113118 0.1144771 0.0232094 
Perityle_cfvillosa_25_tin                  0.0554277 0.0424190 0.0303431 0.1152289 0.0357254 0.2735084 0.1046813 0.1654525 0.1648713 0.0565327 0.0743116 0.0196436 0.1828678 0.2233333 0.1484031 0.0248104 0.1769574 0.0949565 0.2300175 0.0246200 0.1220436 0.0000000 0.1290645 0.1781155 0.0215171 0.0186521 0.0413337 0.0291167 0.2654048 0.1716058 0.0568859 0.0811220 0.3014154 0.0505656 0.0187210 0.1892534 0.0977579 0.1714277 0.0860099 0.0748896 0.0194862 0.1860534 0.1047665 0.0042822 0.0949710 0.0900882 0.0569880 0.0993642 0.0104844 0.0000010 0.0963544 0.1727555 0.0269034 0.1860111 0.1818636 0.0791310 0.1169154 0.1360780 0.0160142 0.0018978 0.0779588 0.0551502 0.0462041 0.0283937 0.0193109 0.1233128 0.1071958 0.0629491 0.0261002 0.0097220 0.1727172 0.1707695 0.1693449 0.1751105 0.0162716 0.0106018 0.1116307 0.1846192 0.0203353 0.0599941 0.0047965 0.1818344 
Perityle_cinerea_113_Powell1310            0.1569696 0.1168036 0.1385303 0.2529034 0.1270242 0.2308872 0.2110869 0.2833050 0.2601176 0.1275841 0.1583439 0.1209444 0.1170649 0.1188778 0.1125299 0.1334763 0.1310485 0.2061972 0.1723377 0.1162913 0.1169899 0.1290645 0.0000000 0.1231613 0.1256167 0.1176402 0.1210170 0.1364641 0.1788793 0.1541228 0.1473595 0.1657658 0.1748009 0.1452832 0.0971286 0.1265276 0.1840963 0.1138438 0.1922703 0.1322598 0.1139092 0.1172129 0.1904380 0.1173615 0.1823345 0.1859858 0.1050043 0.1302847 0.1231928 0.1292657 0.1829889 0.1187274 0.1287840 0.1608331 0.1093322 0.1944318 0.1376643 0.1337090 0.1191345 0.1229541 0.1687681 0.0992557 0.1124375 0.0651586 0.1255262 0.1353605 0.1561082 0.1331483 0.0392169 0.1121983 0.1180243 0.1435691 0.1120152 0.1051618 0.1047251 0.0612564 0.1943975 0.1201114 0.1204510 0.1446698 0.1221481 0.1301375 
Perityle_coahuilensis_24                   0.1801775 0.1216415 0.1881907 0.1956008 0.1648012 0.3386948 0.1830291 0.2269365 0.2028733 0.1517032 0.2049261 0.2018917 0.0203666 0.0615438 0.0054960 0.1942724 0.0204741 0.2152423 0.0902625 0.1809587 0.0096190 0.1781155 0.1231613 0.0000000 0.1738953 0.1883629 0.2341270 0.2494049 0.1327548 0.3006023 0.1053801 0.2026930 0.1921950 0.1241097 0.1949154 0.0545359 0.2249028 0.0215439 0.2250313 0.3242033 0.2621925 0.0047497 0.2999383 0.1502559 0.2737050 0.3039646 0.2087651 0.1456851 0.2584654 0.2761069 0.2358807 0.0141031 0.1808155 0.0494852 0.0150119 0.1822055 0.0362551 0.0519441 0.1996423 0.1977455 0.1980429 0.1112897 0.1082958 0.1116921 0.3192733 0.0348096 0.2042639 0.2273454 0.0285412 0.1561845 0.0013588 0.0634069 0.0073704 0.0101083 0.1508450 0.1065904 0.2748920 0.0532481 0.1715557 0.1188048 0.2093510 0.1036400 
Perityle_cochisensis_44_cave_creek         0.0569979 0.0442844 0.0321794 0.1251414 0.0430056 0.2925448 0.1006109 0.1752177 0.1657320 0.0577140 0.0767036 0.0230991 0.1740858 0.1790372 0.1466943 0.0275188 0.1805873 0.1024943 0.2174289 0.0231889 0.1274343 0.0215171 0.1256167 0.1738953 0.0000000 0.0084656 0.0435567 0.0217059 0.2227008 0.1011095 0.0552263 0.0743743 0.2985785 0.0601515 0.0173948 0.1839265 0.0798951 0.1641672 0.0739476 0.0240093 0.0130354 0.1788885 0.0859270 0.0100294 0.0723979 0.0777392 0.0240687 0.0972978 0.0168094 0.0203679 0.0763350 0.1720640 0.0232924 0.1868433 0.1710248 0.0875225 0.1145624 0.1346175 0.0072381 0.0168777 0.0851122 0.0553193 0.0460382 0.0282247 0.0217694 0.1091609 0.0717629 0.0494789 0.0267223 0.0070369 0.1670697 0.1810352 0.1656160 0.1567722 0.0100998 0.0127145 0.0795829 0.1735190 0.0252164 0.0625773 0.0085096 0.1812971 
Perityle_congesta_202                      0.0483284 0.0390097 0.0288212 0.1100255 0.0359767 0.2871125 0.0884940 0.1684886 0.1568159 0.0550158 0.0612276 0.0066498 0.1802445 0.1867556 0.1335363 0.0250141 0.1746853 0.0948971 0.2165214 0.0201608 0.1128613 0.0186521 0.1176402 0.1883629 0.0084656 0.0000000 0.0296809 0.0246430 0.2545122 0.2175052 0.0614044 0.0700287 0.3151948 0.0503549 0.0047716 0.1788990 0.1002539 0.1615673 0.0997578 0.1246793 0.0103699 0.1938187 0.0946867 0.0101736 0.0761260 0.1036681 0.0329945 0.0980517 0.0150305 0.0168975 0.0873956 0.1585342 0.0094490 0.1667188 0.1686196 0.0816952 0.0979606 0.1219215 0.0037718 0.0146802 0.0755560 0.0548596 0.0440588 0.0203045 0.0084920 0.1337783 0.0697254 0.0500706 0.0309704 0.0058898 0.1791156 0.1639683 0.1583629 0.1665606 0.0050340 0.0021181 0.1077266 0.1856426 0.0097170 0.0660223 0.0065985 0.1907837 
Perityle_cordifolia_27                     0.0524713 0.0392705 0.0621217 0.1160290 0.0312393 0.2716365 0.0930993 0.1677778 0.1564667 0.0564805 0.0844555 0.0446073 0.2040101 0.2349711 0.1355339 0.0452323 0.1759414 0.0874104 0.2141196 0.0314962 0.1115219 0.0413337 0.1210170 0.2341270 0.0435567 0.0296809 0.0000000 0.0671245 0.2714065 0.2281555 0.0534755 0.0849344 0.3017964 0.0492323 0.0525050 0.2043205 0.1325377 0.1524201 0.1424059 0.1675318 0.0336585 0.1975185 0.1230634 0.0253332 0.1576238 0.1641232 0.0593890 0.0881513 0.0524020 0.0508547 0.1150606 0.1824198 0.0365644 0.1585488 0.1641832 0.0771059 0.0985987 0.1183818 0.0469566 0.0333398 0.0658362 0.0526603 0.0395957 0.0137640 0.0468948 0.1366817 0.1006893 0.0844685 0.0265603 0.0240452 0.2261621 0.1605572 0.1653883 0.1611495 0.0282929 0.0107545 0.1797656 0.2113155 0.0316296 0.0587658 0.0448869 0.2335444 
Perityle_cordifolia_68_tecolote            0.0552098 0.0388022 0.0465642 0.1155663 0.0473715 0.2819258 0.1027621 0.1803761 0.1604436 0.0620187 0.1159304 0.0447629 0.1957165 0.2361389 0.1504082 0.0356550 0.1793493 0.1011366 0.2306864 0.0321694 0.1209598 0.0291167 0.1364641 0.2494049 0.0217059 0.0246430 0.0671245 0.0000000 0.3025242 0.2281217 0.0636572 0.0928421 0.3225320 0.0589632 0.0463664 0.1907898 0.1233534 0.1734782 0.1291491 0.1987559 0.0373130 0.2076507 0.1717501 0.0158812 0.0950406 0.1850280 0.0699078 0.0959743 0.0465921 0.0902835 0.1225713 0.1733027 0.0327835 0.1818922 0.1803835 0.0818770 0.1051345 0.1337996 0.0328688 0.0341999 0.0854431 0.0526198 0.0534287 0.0263462 0.0909843 0.1509355 0.1029631 0.1200152 0.0267058 0.0117308 0.2480129 0.1788456 0.1685788 0.1775551 0.0164505 0.0195200 0.1502835 0.2555063 0.0322511 0.0626142 0.0351733 0.2649013 
Perityle_coronopifolia_28_patagonia        0.2177053 0.1645509 0.2292978 0.2433728 0.2220673 0.4284751 0.2404030 0.2751902 0.2496444 0.2094141 0.2852604 0.2572962 0.1217078 0.1234565 0.0663238 0.2338782 0.1316776 0.2479940 0.0846224 0.2294634 0.0678844 0.2654048 0.1788793 0.1327548 0.2227008 0.2545122 0.2714065 0.3025242 0.0000000 0.3836002 0.1381010 0.2764400 0.2508246 0.1572800 0.2631694 0.1245211 0.2580761 0.0850185 0.2915029 0.4132041 0.2412685 0.1263703 0.3097388 0.1962048 0.2529969 0.3129871 0.2435920 0.1992453 0.2837656 0.3011468 0.2630503 0.1187879 0.2200783 0.0892288 0.0974203 0.2217826 0.0780124 0.0847907 0.2713236 0.2624774 0.2449003 0.1297206 0.1434471 0.1416487 0.2882254 0.0836320 0.2591253 0.2796770 0.1032385 0.1920312 0.1315581 0.0893460 0.1117988 0.0899097 0.2034152 0.1496765 0.3073545 0.1328986 0.2274140 0.1532893 0.2787088 0.1453661 
Perityle_crassifolia_70_ventanas           0.1767673 0.0873366 0.2222737 0.2646404 0.2270920 0.1751794 0.1939845 0.2055130 0.2711027 0.1032509 0.2403116 0.2257651 0.2880779 0.3012348 0.2025422 0.2057697 0.2877388 0.2204796 0.3209560 0.2073550 0.2368945 0.1716058 0.1541228 0.3006023 0.1011095 0.2175052 0.2281555 0.2281217 0.3836002 0.0000000 0.1063682 0.2610279 0.2881812 0.1682503 0.2285140 0.1641517 0.2760502 0.2677355 0.2675724 0.2418293 0.2128812 0.3057174 0.2774934 0.0853819 0.2305942 0.2549522 0.2028835 0.1327518 0.2272318 0.2313104 0.2669760 0.2155597 0.1904983 0.2290464 0.2585712 0.1963420 0.1826502 0.1418491 0.2320326 0.1972847 0.0909722 0.0802526 0.0607167 0.0530819 0.2262724 0.3105601 0.2390320 0.2325351 0.0879957 0.1798837 0.2921881 0.2248662 0.2542982 0.2564289 0.1156269 0.0515258 0.2808803 0.2957720 0.2138766 0.1521129 0.2246858 0.2995004 
Perityle_crassifolia_74_playa_balandra     0.0480019 0.0496573 0.0462810 0.1281627 0.0479416 0.1041200 0.0883373 0.1200024 0.1498149 0.0229381 0.0525615 0.0556590 0.1042531 0.1080116 0.0965253 0.0544224 0.1097831 0.0709422 0.1250239 0.0515097 0.1036866 0.0568859 0.1473595 0.1053801 0.0552263 0.0614044 0.0534755 0.0636572 0.1381010 0.1063682 0.0000000 0.0595385 0.2335840 0.0235590 0.0540276 0.0773691 0.0822097 0.0914019 0.0736258 0.0609485 0.0601777 0.1035666 0.0856529 0.0476624 0.0776336 0.0750664 0.0525159 0.0529425 0.0478412 0.0550174 0.0785561 0.1057593 0.0600897 0.0966725 0.0926161 0.0516301 0.0948175 0.0893444 0.0515521 0.0478116 0.0344680 0.0655126 0.0541476 0.0582398 0.0534051 0.0999703 0.0686722 0.0512917 0.0893003 0.0538814 0.1049956 0.1090169 0.0958928 0.0831254 0.0629059 0.0722581 0.0679119 0.0965232 0.0582635 0.0633730 0.0554071 0.0739074 
Perityle_cuneata_34_cuneata_San_antonio    0.0598359 0.0543744 0.0745356 0.1364587 0.0448614 0.3104578 0.1178578 0.1831374 0.1572195 0.0693474 0.0832237 0.0772251 0.1889176 0.2190693 0.1365803 0.0699627 0.1855941 0.0799071 0.1987145 0.0666190 0.1329940 0.0811220 0.1657658 0.2026930 0.0743743 0.0700287 0.0849344 0.0928421 0.2764400 0.2610279 0.0595385 0.0000000 0.3064674 0.0832497 0.0704560 0.1821551 0.1148115 0.1641454 0.1327167 0.2143826 0.0781082 0.2082659 0.1168324 0.0548869 0.0839901 0.1502180 0.0824492 0.0988670 0.0830285 0.0816279 0.1071250 0.1691228 0.0681717 0.1659185 0.1690578 0.0830847 0.1145542 0.1230835 0.0852557 0.0732489 0.0646811 0.0762070 0.0603296 0.0527318 0.0845877 0.1478199 0.0920896 0.0686090 0.0689818 0.0546954 0.1958326 0.1506730 0.1723765 0.1653688 0.0640876 0.0495401 0.1296783 0.1960509 0.0645066 0.0816287 0.0807854 0.1998567 
Perityle_cuneata_4                         0.3117972 0.2266423 0.3111539 0.3880010 0.3040421 0.4661477 0.3590348 0.3764449 0.3567547 0.2942974 0.3149732 0.2985663 0.1932373 0.2266192 0.1747319 0.3336382 0.1717994 0.3573484 0.2131971 0.3129036 0.1699838 0.3014154 0.1748009 0.1921950 0.2985785 0.3151948 0.3017964 0.3225320 0.2508246 0.2881812 0.2335840 0.3064674 0.0000000 0.2568463 0.2950102 0.1484928 0.3419143 0.1786087 0.3330072 0.3442253 0.2950112 0.1880828 0.3343545 0.2667088 0.3056294 0.3345852 0.3216418 0.2677596 0.3117089 0.3181037 0.3295543 0.1795073 0.3276449 0.2062334 0.1813649 0.3259706 0.1808270 0.1569398 0.3218768 0.3058667 0.2919375 0.1549570 0.2163873 0.2200639 0.3061124 0.2204385 0.3327899 0.2939612 0.0856125 0.2968019 0.1848027 0.2092415 0.1625219 0.1627091 0.2970776 0.2286521 0.3293395 0.1937087 0.3163342 0.2656202 0.3073780 0.1865327 
Perityle_discoidea_81                      0.0457296 0.0552560 0.0381778 0.1268643 0.0523713 0.1895202 0.0932449 0.1577919 0.1630115 0.0230357 0.0550422 0.0508510 0.1202459 0.1223799 0.0973284 0.0537181 0.1234686 0.0881322 0.1436136 0.0461401 0.1026391 0.0505656 0.1452832 0.1241097 0.0601515 0.0503549 0.0492323 0.0589632 0.1572800 0.1682503 0.0235590 0.0832497 0.2568463 0.0000000 0.0472488 0.0952813 0.1016611 0.1134488 0.0762262 0.1384234 0.0539261 0.1272242 0.1085287 0.0481740 0.1005719 0.0817715 0.0457535 0.0722040 0.0445511 0.0513235 0.0976346 0.0936851 0.0493631 0.1195390 0.1085077 0.0808715 0.1032441 0.1088871 0.0447362 0.0418921 0.0964055 0.0644834 0.0523754 0.0498491 0.0492494 0.1156507 0.0818905 0.0623752 0.0755395 0.0435660 0.1149362 0.1018208 0.1031423 0.1125337 0.0549253 0.0547000 0.0896128 0.1193782 0.0480947 0.0662765 0.0461246 0.1061748 
Perityle_dissecta_201                      0.0460868 0.0357663 0.0249498 0.0981305 0.0320209 0.2742239 0.0889795 0.1600900 0.1533993 0.0548425 0.0648301 0.0196444 0.1909795 0.2306201 0.1211683 0.0235623 0.1807089 0.0903761 0.1997314 0.0184990 0.1006045 0.0187210 0.0971286 0.1949154 0.0173948 0.0047716 0.0525050 0.0463664 0.2631694 0.2285140 0.0540276 0.0704560 0.2950102 0.0472488 0.0000000 0.1953486 0.1066645 0.1440777 0.1264798 0.1241176 0.0364037 0.1733517 0.1001209 0.0104043 0.1156859 0.1283646 0.0452322 0.0886544 0.0449817 0.0422203 0.0929350 0.1748884 0.0075117 0.1538487 0.1529960 0.0758565 0.0922042 0.1114344 0.0139965 0.0303769 0.0697806 0.0503501 0.0357586 0.0205301 0.0302616 0.1266014 0.0933243 0.0551480 0.0222756 0.0096550 0.1885294 0.1552332 0.1638378 0.1503695 0.0038561 0.0043120 0.1408403 0.1822783 0.0059101 0.0574028 0.0171237 0.2000460 
Perityle_emoryi_47_punta_san_jose          0.1623952 0.1007571 0.1614706 0.1994304 0.1496783 0.3395025 0.1920319 0.1856294 0.1964465 0.1705054 0.1671440 0.1829364 0.0560382 0.1094624 0.0363241 0.1866043 0.0314571 0.2086466 0.0853904 0.1674801 0.0232945 0.1892534 0.1265276 0.0545359 0.1839265 0.1788990 0.2043205 0.1907898 0.1245211 0.1641517 0.0773691 0.1821551 0.1484928 0.0952813 0.1953486 0.0000000 0.1836622 0.0258767 0.2027282 0.1895654 0.1834869 0.0410298 0.1883701 0.1514393 0.1890663 0.2023899 0.2090312 0.1607437 0.2099281 0.2164646 0.1836897 0.0550861 0.1801225 0.0130038 0.0483678 0.2002227 0.0172590 0.0167364 0.1852030 0.1945869 0.1912632 0.0746163 0.0780994 0.0872260 0.2092393 0.0132883 0.2083752 0.1655040 0.0355908 0.1441380 0.0509458 0.0373399 0.0432373 0.0400874 0.1587842 0.0872580 0.2450470 0.0791668 0.1761279 0.0937934 0.1859766 0.0000010 
Perityle_feddemae_99                       0.0904156 0.0773209 0.1072586 0.1402498 0.0951508 0.3285153 0.1191445 0.2061431 0.1903071 0.0813807 0.1255387 0.1282175 0.1996348 0.2170660 0.1556502 0.0923864 0.1881912 0.1114532 0.2182512 0.0985440 0.1368418 0.0977579 0.1840963 0.2249028 0.0798951 0.1002539 0.1325377 0.1233534 0.2580761 0.2760502 0.0822097 0.1148115 0.3419143 0.1016611 0.1066645 0.1836622 0.0000000 0.1802010 0.1059208 0.2344689 0.0812277 0.2334619 0.0508696 0.0809094 0.0084477 0.1281520 0.1254072 0.1310493 0.1299041 0.1299063 0.0442254 0.1856960 0.0816488 0.1797442 0.1870262 0.0892892 0.1101875 0.1256808 0.1184976 0.0927101 0.0705699 0.0687051 0.0670684 0.0653648 0.1319098 0.1507677 0.0906882 0.0976398 0.0777501 0.0663464 0.2163798 0.1758728 0.1792001 0.1895178 0.0740748 0.0557178 0.1120705 0.2225991 0.1090379 0.0864659 0.1235202 0.2213059 
Perityle_fosteri_93                        0.1699862 0.1117688 0.1556976 0.1939982 0.1402572 0.2906528 0.1708349 0.2093632 0.2044316 0.1322497 0.1621810 0.1498266 0.0229584 0.0213287 0.0175766 0.1724381 0.0235377 0.2026618 0.0838557 0.1580410 0.0154234 0.1714277 0.1138438 0.0215439 0.1641672 0.1615673 0.1524201 0.1734782 0.0850185 0.2677355 0.0914019 0.1641454 0.1786087 0.1134488 0.1440777 0.0258767 0.1802010 0.0000000 0.1877681 0.2355838 0.1509810 0.0180184 0.1881497 0.1459845 0.1768800 0.1906429 0.1456764 0.1206557 0.1679330 0.1741399 0.1795492 0.0205453 0.1625242 0.0444922 0.0250393 0.1784709 0.0175613 0.0312090 0.1642644 0.1652757 0.1932182 0.0989354 0.1016580 0.0968703 0.1597347 0.0243404 0.1554000 0.1382808 0.0338570 0.1424111 0.0168639 0.0625086 0.0179957 0.0171792 0.1515891 0.0973400 0.1857743 0.0231252 0.1517129 0.1177236 0.1641730 0.0288902 
Perityle_gamon_221                         0.0772959 0.0721538 0.1193762 0.1403401 0.1012228 0.3344462 0.1278529 0.1923671 0.1764589 0.0746913 0.1225797 0.1211189 0.2090703 0.2656204 0.1600807 0.0807065 0.2035164 0.1018768 0.2146465 0.0876129 0.1370356 0.0860099 0.1922703 0.2250313 0.0739476 0.0997578 0.1424059 0.1291491 0.2915029 0.2675724 0.0736258 0.1327167 0.3330072 0.0762262 0.1264798 0.2027282 0.1059208 0.1877681 0.0000000 0.1979486 0.0967396 0.2173212 0.1148208 0.0610300 0.1059283 0.0106154 0.1238811 0.1260467 0.1351194 0.1289343 0.1061510 0.1892627 0.0826586 0.1916864 0.1925650 0.0915681 0.1322192 0.1475302 0.1132881 0.0958193 0.0884878 0.0689220 0.0571035 0.0664769 0.1319379 0.1662626 0.1147070 0.1064140 0.0805249 0.0565976 0.2210657 0.1816084 0.1884281 0.1888072 0.0661068 0.0664211 0.1626129 0.2279025 0.1026104 0.0750373 0.1148242 0.2196466 
Perityle_gentryi_8_san_francisco           0.1189527 0.0364384 0.1607000 0.1743164 0.1633247 0.2779379 0.1418324 0.1657165 0.1993943 0.0889379 0.2259452 0.1489214 0.2634338 0.3131501 0.1656979 0.0925045 0.2411312 0.1674340 0.3006342 0.1150419 0.1678634 0.0748896 0.1322598 0.3242033 0.0240093 0.1246793 0.1675318 0.1987559 0.4132041 0.2418293 0.0609485 0.2143826 0.3442253 0.1384234 0.1241176 0.1895654 0.2344689 0.2355838 0.1979486 0.0000000 0.1110312 0.2960187 0.2694212 0.0129850 0.1618475 0.2539148 0.1573963 0.1068660 0.1735411 0.2053306 0.2391827 0.2051825 0.1024105 0.1890954 0.2403114 0.1141939 0.1183404 0.1256033 0.1733937 0.0945691 0.0857356 0.0650559 0.0430210 0.0157728 0.1894593 0.2298004 0.1879881 0.2362673 0.0210710 0.0917012 0.3319596 0.2244461 0.2192945 0.2327682 0.0250314 0.0188031 0.2417598 0.3249050 0.1244866 0.0646977 0.1633737 0.3567244 
Perityle_gilensis_22_Superstition          0.0518344 0.0403937 0.0278742 0.1155864 0.0306745 0.2457652 0.0897733 0.1765404 0.1556425 0.0474848 0.0627995 0.0154042 0.1891891 0.2268197 0.1412913 0.0253815 0.1730032 0.0919596 0.2036156 0.0234297 0.1180571 0.0194862 0.1139092 0.2621925 0.0130354 0.0103699 0.0336585 0.0373130 0.2412685 0.2128812 0.0601777 0.0781082 0.2950112 0.0539261 0.0364037 0.1834869 0.0812277 0.1509810 0.0967396 0.1110312 0.0000000 0.1719603 0.0851017 0.0077134 0.2084195 0.1245802 0.0573105 0.0988175 0.0207359 0.0194033 0.0782983 0.1770703 0.0191117 0.1562340 0.1603945 0.0770268 0.1142785 0.1173116 0.0160796 0.0140926 0.0705168 0.0601780 0.0545554 0.0239513 0.0191676 0.1386991 0.0960450 0.0502109 0.0265318 0.0061944 0.2369395 0.1531160 0.1586640 0.1505810 0.0081137 0.0084811 0.1562783 0.1950490 0.0161956 0.0685159 0.0173266 0.1889647 
Perityle_gilensis_salensis_225             0.1860609 0.1251144 0.1951110 0.1945071 0.1648942 0.3353025 0.1836826 0.2326123 0.2000954 0.1528863 0.2040412 0.1852197 0.0143790 0.0443344 0.0027635 0.2000108 0.0185892 0.2197352 0.0906466 0.1815886 0.0069096 0.1860534 0.1172129 0.0047497 0.1788885 0.1938187 0.1975185 0.2076507 0.1263703 0.3057174 0.1035666 0.2082659 0.1880828 0.1272242 0.1733517 0.0410298 0.2334619 0.0180184 0.2173212 0.2960187 0.1719603 0.0000000 0.2392323 0.1474099 0.1924902 0.2527451 0.1935115 0.1458229 0.2019047 0.2114089 0.2354204 0.0096241 0.1863583 0.0498332 0.0150850 0.1868456 0.0346471 0.0462461 0.1955287 0.1830091 0.2022358 0.1057723 0.1132976 0.1080255 0.1919911 0.0350287 0.2044456 0.2024461 0.0287276 0.1555808 0.0037969 0.0636530 0.0056115 0.0090096 0.1539658 0.1094791 0.2308416 0.0137189 0.1770701 0.1230535 0.2022641 0.0676628 
Perityle_glaucescens_94                    0.0960472 0.0792080 0.0962464 0.1377270 0.0916844 0.3274960 0.1215892 0.2028845 0.1891498 0.0866475 0.1569403 0.1187349 0.2057143 0.2591514 0.1606433 0.0962402 0.1980816 0.1151641 0.2176792 0.0965965 0.1415756 0.1047665 0.1904380 0.2999383 0.0859270 0.0946867 0.1230634 0.1717501 0.3097388 0.2774934 0.0856529 0.1168324 0.3343545 0.1085287 0.1001209 0.1883701 0.0508696 0.1881497 0.1148208 0.2694212 0.0851017 0.2392323 0.0000000 0.0842974 0.0137868 0.1920932 0.1410478 0.1306487 0.1385156 0.1806923 0.0180674 0.1919151 0.0880962 0.1855208 0.1918413 0.0945193 0.1206176 0.1352608 0.1209887 0.0984829 0.0725488 0.0682773 0.0690073 0.0673523 0.1774014 0.1628616 0.1220759 0.1361377 0.0725450 0.0729502 0.2959267 0.1833054 0.1858656 0.1933528 0.0727423 0.0602843 0.1469917 0.2789658 0.0993485 0.0879163 0.1192598 0.2844569 
Perityle_gracilis_11                       0.0492886 0.0336370 0.0226825 0.1197658 0.0286318 0.1770889 0.0793175 0.1680293 0.1577558 0.0278506 0.0519815 0.0129745 0.1456121 0.1509171 0.1147322 0.0201204 0.1481141 0.0739828 0.1931465 0.0101004 0.1214649 0.0042822 0.1173615 0.1502559 0.0100294 0.0101736 0.0253332 0.0158812 0.1962048 0.0853819 0.0476624 0.0548869 0.2667088 0.0481740 0.0104043 0.1514393 0.0809094 0.1459845 0.0610300 0.0129850 0.0077134 0.1474099 0.0842974 0.0000000 0.0720624 0.0625281 0.0086649 0.0609040 0.0000010 0.0028457 0.0735518 0.1386719 0.0186154 0.1690837 0.1337214 0.0690479 0.1035806 0.1237904 0.0000010 0.0000010 0.0724542 0.0497384 0.0402286 0.0143790 0.0115403 0.1013041 0.0517895 0.0333442 0.0219689 0.0057918 0.1331161 0.1637636 0.1383776 0.1298319 0.0073262 0.0128410 0.0602031 0.1462493 0.0114917 0.0577777 0.0028795 0.1517475 
Perityle_harkerae_31                       0.0838517 0.0666317 0.0718193 0.1311253 0.0628503 0.3201198 0.1127905 0.1889006 0.1792980 0.0751055 0.0936743 0.0978544 0.1987852 0.2543622 0.1492297 0.0879796 0.1906027 0.1054736 0.2112474 0.0729928 0.1279989 0.0949710 0.1823345 0.2737050 0.0723979 0.0761260 0.1576238 0.0950406 0.2529969 0.2305942 0.0776336 0.0839901 0.3056294 0.1005719 0.1156859 0.1890663 0.0084477 0.1768800 0.1059283 0.1618475 0.2084195 0.1924902 0.0137868 0.0720624 0.0000000 0.1377450 0.1069745 0.1267271 0.1822128 0.1352344 0.0074200 0.1980174 0.0783876 0.1772782 0.1818662 0.0796926 0.1091209 0.1221921 0.0819597 0.1055489 0.0588602 0.0520888 0.0565079 0.0563874 0.2218897 0.1325648 0.1094696 0.0661975 0.0540739 0.0639520 0.2368964 0.1720409 0.1856176 0.1809506 0.0646807 0.0429739 0.1662008 0.2224986 0.0810812 0.0727828 0.0833830 0.1883404 
Perityle_hofmeisteria_4_nombre_de_dios     0.0823178 0.0711200 0.1347561 0.1421677 0.1011491 0.3279621 0.1313882 0.1934076 0.1837758 0.0746652 0.1700525 0.1382689 0.2130363 0.2772627 0.1620743 0.0847680 0.2067321 0.1057922 0.2169253 0.0897496 0.1411467 0.0900882 0.1859858 0.3039646 0.0777392 0.1036681 0.1641232 0.1850280 0.3129871 0.2549522 0.0750664 0.1502180 0.3345852 0.0817715 0.1283646 0.2023899 0.1281520 0.1906429 0.0106154 0.2539148 0.1245802 0.2527451 0.1920932 0.0625281 0.1377450 0.0000000 0.1357023 0.1235508 0.1722381 0.1914552 0.1449341 0.1903001 0.0869837 0.1916152 0.1953638 0.0925833 0.1284351 0.1481278 0.1402301 0.0996738 0.0907595 0.0750848 0.0580592 0.0675055 0.2010837 0.1691225 0.1224778 0.1699658 0.0837870 0.0590166 0.2939069 0.1809344 0.1914253 0.1931816 0.0686484 0.0673914 0.1745811 0.2854891 0.1054250 0.0761684 0.1385393 0.2890868 
