81
Amauria_brandeegeana_62                    0.0000000 0.0582992 0.0750569 0.0902843 0.0948831 0.2619163 0.1392535 0.3405515 0.0284537 0.1063163 0.0980283 0.2023675 0.0841392 0.0797785 0.0963914 0.0984287 0.1260470 0.0895942 0.0860607 0.0826629 0.1808004 0.0999126 0.1206302 0.1133340 0.1090207 0.1104314 0.1443958 0.1171000 0.2151133 0.1180139 0.1864103 0.0234865 0.1422875 0.1666378 0.1007852 0.0975725 0.1066520 0.1373787 0.0787504 0.1058842 0.0892961 0.0917543 0.0847343 0.0931733 0.1044027 0.1071909 0.1158117 0.0924636 0.1231292 0.1032139 0.0848522 0.1059700 0.0930966 0.1056376 0.1060428 0.1433465 0.0980263 0.1495310 0.0652185 0.1494064 0.1425032 0.0415595 0.1136043 0.1261686 0.1256620 0.1329437 0.0916385 0.2998675 0.0991631 0.1695330 0.0980311 0.1172452 0.1130974 0.0233253 0.1635698 0.0848638 0.1091268 0.0805477 0.1502809 0.0835017 0.0701384 
Amauria_carterae_99_mesa                   0.0582992 0.0000000 0.0602480 0.0559460 0.0499019 0.1927909 0.1334727 0.1862432 0.0464731 0.0499690 0.0530438 0.0686372 0.0591530 0.0688909 0.0544045 0.0458988 0.0681649 0.0471623 0.0350567 0.0622366 0.1649455 0.0437259 0.0599568 0.0659059 0.0585913 0.0604848 0.0738951 0.1455435 0.0362907 0.0784332 0.1448538 0.0464424 0.0658378 0.1654062 0.0856946 0.0426473 0.0482984 0.0667468 0.0449639 0.0523594 0.0615416 0.0404907 0.0554125 0.0440031 0.0599763 0.0462945 0.0707833 0.0673597 0.0481201 0.0623781 0.0398025 0.0492516 0.0386521 0.0446911 0.3070555 0.1266457 0.0519801 0.1508420 0.0527109 0.2085326 0.0582953 0.0079783 0.0776996 0.0507094 0.0568758 0.0551617 0.0251680 0.2133574 0.0503454 0.1733868 0.0577239 0.0631810 0.0517557 0.0157737 0.0813639 0.0525682 0.0627780 0.0447354 0.0851856 0.0481287 0.0555658 
Amauria_rotundifolia_SRR9119150            0.0750569 0.0602480 0.0000000 0.0948559 0.0869787 0.2585852 0.1215120 0.3541052 0.0659031 0.0911701 0.0972445 0.1993850 0.0815044 0.0676528 0.1209552 0.1040761 0.1390316 0.0651329 0.0593256 0.0709736 0.2004568 0.0840862 0.1210502 0.1139917 0.0862978 0.1048007 0.1320278 0.1260314 0.2196447 0.1301735 0.1781473 0.0294760 0.1346978 0.1854192 0.1075177 0.0757868 0.1113252 0.1319921 0.0640929 0.0889061 0.1044623 0.0756102 0.0964402 0.0995832 0.0865221 0.1007195 0.1384607 0.0920829 0.1051448 0.1058104 0.0599057 0.0822922 0.0694564 0.0872007 0.1008808 0.1211712 0.0920873 0.1664413 0.0476681 0.1487665 0.1370006 0.0189572 0.0928265 0.0984376 0.0934180 0.1473527 0.0576733 0.3067433 0.0817905 0.1802689 0.0951785 0.1244704 0.1043217 0.0176745 0.1587668 0.1104644 0.1000068 0.0937733 0.1553409 0.0805435 0.0960374 
Eutetras_palmeri_63                        0.0902843 0.0559460 0.0948559 0.0000000 0.0425859 0.2728868 0.1183246 0.3516765 0.0812843 0.0721401 0.0689874 0.1494448 0.0554286 0.0962184 0.0779564 0.0783925 0.0860699 0.0529026 0.0493347 0.0570109 0.1957982 0.0670100 0.0871406 0.0786551 0.0748400 0.0742965 0.1058307 0.1265525 0.1724093 0.1027390 0.1661860 0.0528257 0.0994211 0.1970586 0.0838175 0.0633808 0.1063118 0.1144299 0.0538595 0.0755666 0.0873678 0.0622118 0.0822439 0.0996340 0.0714776 0.0783613 0.0797854 0.0612008 0.0809875 0.0725487 0.0547326 0.0686374 0.0581989 0.0765858 0.0648220 0.1406903 0.0604638 0.1417201 0.0513502 0.1369146 0.1215277 0.0222032 0.0638235 0.0820571 0.0911748 0.1099897 0.0489825 0.2595777 0.0675772 0.1426716 0.0651126 0.0789053 0.0689627 0.0201883 0.1140933 0.0945077 0.0701776 0.0816993 0.1564482 0.0500706 0.0595001 
Eutetras_pringlei_149_quer                 0.0948831 0.0499019 0.0869787 0.0425859 0.0000000 0.2542069 0.1136993 0.3072854 0.0799680 0.0582539 0.0553419 0.1475664 0.0501755 0.0695729 0.0721269 0.0587236 0.0941725 0.0524894 0.0521922 0.0485312 0.2694069 0.0577731 0.0777522 0.0580141 0.0635013 0.0631927 0.2149159 0.1790510 0.2000450 0.0880825 0.3023087 0.0705020 0.0636124 0.2719821 0.0896253 0.0476243 0.0790114 0.1222490 0.0478821 0.0639212 0.0781220 0.0490804 0.0775662 0.0728943 0.0630632 0.1911709 0.0615153 0.0488664 0.0511083 0.0462939 0.0450427 0.0542944 0.0524530 0.0572148 9.0000000 0.1786513 0.0529169 0.2112317 0.0617255 0.2108029 0.1027152 0.0397557 0.0580037 0.0581387 0.0613915 0.0422859 0.0610436 0.3825866 0.0604928 0.1742913 0.0583019 0.0520879 0.0612610 0.0412489 0.0608765 0.1009910 0.0680597 0.0729534 0.0657404 0.0490775 0.0542781 
Eutrochium_fistulosum_SRR9119106           0.2619163 0.1927909 0.2585852 0.2728868 0.2542069 0.0000000 0.1986435 0.4014839 0.2537721 0.2213810 0.2017063 0.3808933 0.2389910 0.2240256 0.2913247 0.2175351 0.3205816 0.2070488 0.2014076 0.1988376 0.4249587 0.2090664 0.3109987 0.2647878 0.2233070 0.2230303 0.3580564 0.3747467 0.5141244 0.2938069 0.4370393 0.2367875 0.2792027 0.5505537 0.3093324 0.1963248 0.2188960 0.3240319 0.2029100 0.2207612 0.2430211 0.1870994 0.2276893 0.2345475 0.2276017 0.3655456 0.2637025 0.2485392 0.2242707 0.2647266 0.1843636 0.2156665 0.2084993 0.2159486 0.4577116 0.2139048 0.2127366 0.2850972 0.2077155 0.4687563 0.2373184 0.1102211 0.2636586 0.2101380 0.2184062 0.2625866 0.1407551 0.7051534 0.2194003 0.4934050 0.2077902 0.2623516 0.2273294 0.1128104 0.2827967 0.2319591 0.2237140 0.2378539 0.3991201 0.2057581 0.2443302 
Galeana_pratensis_104_mex                  0.1392535 0.1334727 0.1215120 0.1183246 0.1136993 0.1986435 0.0000000 0.2236538 0.1247150 0.1184978 0.1066434 0.1793233 0.1186421 0.1501757 0.1320851 0.1225298 0.1713655 0.1162445 0.1071693 0.0995590 0.3338416 0.1035986 0.1404714 0.1180520 0.1096021 0.0997048 0.2242643 0.2649726 0.2026773 0.1412609 0.2082750 0.1316963 0.1218855 0.3031862 0.1305651 0.0981846 0.1165541 0.1971880 0.0980943 0.1135174 0.1057460 0.1007205 0.1039099 0.1115277 0.1232771 0.1875346 0.1201707 0.1314817 0.1271907 0.1165171 0.1030472 0.0999355 0.1003586 0.1110136 0.1344526 0.1447981 0.1022982 0.1314892 0.1248363 0.2775819 0.1172905 0.0893624 0.1629876 0.1059632 0.1255551 0.1231050 0.1026066 0.4238224 0.1098500 0.3283663 0.1041247 0.1156627 0.1182037 0.1066878 0.1405945 0.1173953 0.1059894 0.1114910 0.1748337 0.1016431 0.1154633 
Helianthus_annuus_SRR9119062               0.3405515 0.1862432 0.3541052 0.3516765 0.3072854 0.4014839 0.2236538 0.0000000 0.3467072 0.2600150 0.2605314 0.4366654 0.3412103 0.3159313 0.3133433 0.3707273 0.4394640 0.2574274 0.2597648 0.2390792 0.3053811 0.2519975 0.4423912 0.3760594 0.2551721 0.2870660 0.4039973 0.5378438 0.2375885 0.3865192 0.2891269 0.3421994 0.3847389 0.4778492 0.3830100 0.2465226 0.2582769 0.4029328 0.2397226 0.2766463 0.2722644 0.2533235 0.2686452 0.2632613 0.2672442 0.4081996 0.3634998 0.3887731 0.2764306 0.3673938 0.2200171 0.2672315 0.2564729 0.2532367 0.7038352 0.2062640 0.2727075 0.3226893 0.2528659 0.5008725 0.2379216 0.1647562 0.4035912 0.2915347 0.2805665 0.3721008 0.2049497 0.5503874 0.2546785 0.4936916 0.2526737 0.3704853 0.2914492 0.1559792 0.4143889 0.2707372 0.3000517 0.2809511 0.4260973 0.2583420 0.3317035 
Lycapsus_tenuifolius_17                    0.0284537 0.0464731 0.0659031 0.0812843 0.0799680 0.2537721 0.1247150 0.3467072 0.0000000 0.0935906 0.1226904 0.2042877 0.0736180 0.0729474 0.1160357 0.0978306 0.1445386 0.0729514 0.0724689 0.0729443 0.1959200 0.1061926 0.1132918 0.1205643 0.0970829 0.1326007 0.1267001 0.0950947 0.2147889 0.1054083 0.1600899 0.0019790 0.1210790 0.1628325 0.0955760 0.0795291 0.1007280 0.1225125 0.0665524 0.1096212 0.0926455 0.0772210 0.0759159 0.0897352 0.1003327 0.0959609 0.1198311 0.0860740 0.1142633 0.0976930 0.0734337 0.0995632 0.0780973 0.0870822 0.0682067 0.1387530 0.1171598 0.1571550 0.0508864 0.1223236 0.1242459 0.0233255 0.0889005 0.1137588 0.1063781 0.1264687 0.0664262 0.2883955 0.1033939 0.1629758 0.1172827 0.1352059 0.1417009 0.0180011 0.1577600 0.1084154 0.1319140 0.0752775 0.1505932 0.0945742 0.0650935 
Pericome_caudata_50_silver                 0.1063163 0.0499690 0.0911701 0.0721401 0.0582539 0.2213810 0.1184978 0.2600150 0.0935906 0.0000000 0.1099437 0.3737833 0.0521010 0.0851837 0.1494640 0.1270912 0.2781603 0.0613965 0.0547492 0.0633497 0.2716502 0.0984413 0.1688376 0.0956240 0.0779444 0.1269014 0.1574180 0.1832708 0.5834626 0.1033930 0.2797628 0.0764182 0.1520305 0.3626913 0.1164316 0.0703137 0.1084379 0.1159326 0.0572928 0.1018445 0.1053427 0.0711662 0.0937399 0.1089061 0.0821772 0.1524978 0.1141220 0.0605363 0.0990012 0.0975759 0.0567636 0.0840898 0.0594212 0.0759108 9.0000000 0.1181163 0.1058979 0.2048084 0.0757594 0.1923038 0.1373929 0.0151767 0.0834564 0.0932637 0.0598180 0.0727697 0.0426007 0.4953077 0.0997308 0.2649774 0.0993422 0.1143924 0.1332943 0.0208033 0.1424104 0.1304254 0.1154550 0.0988930 0.1123171 0.0858815 0.0904558 
Perityle_ajoensis_204                      0.0980283 0.0530438 0.0972445 0.0689874 0.0553419 0.2017063 0.1066434 0.2605314 0.1226904 0.1099437 0.0000000 0.3428311 0.0398404 0.1623598 0.1359255 0.1169057 0.2426267 0.0191591 0.0210399 0.0284037 0.2907525 0.0346537 0.1121810 0.0509541 0.0516860 0.0431078 0.1866594 0.2030149 0.6663342 0.1066666 0.2818491 0.0732976 0.0917092 0.3929972 0.1335131 0.0245799 0.0834975 0.1769981 0.0188092 0.0372298 0.0998092 0.0343069 0.0792596 0.1000528 0.0288565 0.2084759 0.0514155 0.0668845 0.0549972 0.0513527 0.0049844 0.0694162 0.0259601 0.0665520 9.0000000 0.1246760 0.0359400 0.1949333 0.1411396 0.1666677 0.1312626 0.0184943 0.1305842 0.0657715 0.0720296 0.0976665 0.0254709 0.4619503 0.0355078 0.2741805 0.0340975 0.0532442 0.0634679 0.0175147 0.1260921 0.1188575 0.0459193 0.0883512 0.1831564 0.0289503 0.0761025 
Perityle_ambrosiifolia_67_green            0.2023675 0.0686372 0.1993850 0.1494448 0.1475664 0.3808933 0.1793233 0.4366654 0.2042877 0.3737833 0.3428311 0.0000000 0.1162851 0.2458822 0.0828304 0.1068037 0.1354662 0.2845670 0.2813551 0.3069687 0.1646525 0.3441998 0.0655530 0.1102737 0.3031915 0.4189012 0.1679091 0.1116020 0.0709825 0.2080202 0.2026962 0.1426753 0.1125283 0.2029685 0.1927215 0.2796602 0.2989647 0.1911388 0.2923695 0.3279946 0.3724002 0.2847103 0.3163145 0.3383652 0.3215814 0.1022589 0.1459520 0.1225175 0.3091477 0.1166689 0.2436741 0.3502161 0.2978016 0.3141706 0.0670489 0.1474712 0.3553262 0.2225349 0.2643462 0.1150478 0.2901885 0.0152537 0.1563318 0.2924340 0.3371732 0.2535202 0.2482007 0.1903549 0.3442954 0.1457479 0.3777715 0.1298994 0.4038625 0.0057182 0.2226858 0.4041357 0.3767459 0.3385944 0.2088142 0.3440761 0.1489926 
Perityle_angustifolia_13_Eagle_creek       0.0841392 0.0591530 0.0815044 0.0554286 0.0501755 0.2389910 0.1186421 0.3412103 0.0736180 0.0521010 0.0398404 0.1162851 0.0000000 0.0727160 0.0439034 0.0847315 0.1006874 0.0452604 0.0363677 0.0421118 0.1654363 0.0412507 0.0410093 0.0328770 0.0539091 0.0559778 0.1106809 0.1062841 0.1245927 0.0769320 0.1873282 0.0581567 0.0492505 0.1745698 0.0662217 0.0425895 0.0507994 0.0949672 0.0315263 0.0443681 0.0416004 0.0403756 0.0393386 0.0450571 0.0456056 0.0818249 0.0366905 0.0662727 0.0337090 0.0320694 0.0242689 0.0475224 0.0335017 0.0536670 0.0568570 0.1189330 0.0437790 0.0644940 0.0582047 0.1271928 0.0866770 0.0156827 0.0644105 0.0464443 0.0873025 0.1007424 0.0261738 0.2237358 0.0424871 0.1492970 0.0459640 0.0360814 0.0484602 0.0150215 0.1015341 0.0457133 0.0514772 0.0053678 0.1576813 0.0429884 0.0409929 
Perityle_batopilensis_97                   0.0797785 0.0688909 0.0676528 0.0962184 0.0695729 0.2240256 0.1501757 0.3159313 0.0729474 0.0851837 0.1623598 0.2458822 0.0727160 0.0000000 0.1776111 0.0638769 0.2689479 0.0568684 0.0477041 0.0628759 0.2981809 0.1370308 0.0908630 0.1241650 0.0726206 0.1978000 0.0503763 0.1251723 0.2000450 0.0997517 0.4579819 0.0639967 0.0937369 0.3540719 0.1092008 0.0633472 0.0658316 0.0321943 0.0641541 0.1314499 0.1006450 0.0649434 0.0773123 0.0781573 0.0964592 0.0474169 0.1692573 0.0818555 0.1037512 0.0968797 0.0625165 0.0848277 0.0612207 0.0694555 0.6032254 0.1446565 0.1568569 0.2651476 0.0231497 0.2175731 0.0553488 0.0261851 0.0501468 0.0621837 0.0775479 0.1026596 0.0528473 0.3721536 0.1611543 0.2732394 0.1791888 0.1660527 0.2172116 0.0329063 0.1020085 0.1746133 0.1574699 0.0919006 0.0654270 0.1190834 0.0922476 
Perityle_bisetosa_9                        0.0963914 0.0544045 0.1209552 0.0779564 0.0721269 0.2913247 0.1320851 0.3133433 0.1160357 0.1494640 0.1359255 0.0828304 0.0439034 0.1776111 0.0000000 0.1394682 0.1515465 0.0664314 0.0514667 0.0896964 0.1482726 0.1072453 0.0829872 0.0614775 0.1108434 0.1317146 0.1221933 0.1786540 0.1871399 0.1336852 0.1885177 0.0939332 0.0462670 0.2400036 0.1318125 0.0806978 0.1147074 0.0897452 0.0919929 0.1331966 0.1454181 0.0809886 0.0945956 0.1386300 0.1277426 0.0996098 0.0738943 0.1026191 0.1494575 0.0552133 0.0734692 0.1368211 0.0559469 0.1019477 0.4646611 0.0914486 0.1259662 0.1299851 0.1414069 0.1752260 0.0992951 0.0648862 0.1267168 0.1298662 0.1136889 0.1243310 0.1494326 0.1595098 0.1080235 0.1686910 0.1297667 0.0683506 0.1497179 0.0631116 0.1685462 0.1519796 0.1415623 0.1122256 0.2190802 0.1123140 0.1008119 
Perityle_californica_76_positas            0.0984287 0.0458988 0.1040761 0.0783925 0.0587236 0.2175351 0.1225298 0.3707273 0.0978306 0.1270912 0.1169057 0.1068037 0.0847315 0.0638769 0.1394682 0.0000000 0.0908743 0.0462222 0.0349312 0.0493714 0.1707172 0.1135407 0.0760699 0.1108182 0.1288297 0.0460320 0.1126361 0.1160352 0.0973564 0.0537903 0.0781720 0.0992188 0.1125067 0.1841455 0.1168931 0.0501746 0.1450801 0.0939959 0.1040986 0.1109539 0.1197681 0.0390396 0.0759480 0.1310129 0.1195674 0.0635596 0.1130415 0.0840519 0.0895053 0.1200823 0.1122384 0.1134064 0.0427326 0.1089416 0.0834083 0.1073727 0.0371223 0.1534915 0.0462518 0.2165749 0.1279510 0.0338089 0.1132031 0.1306398 0.1242873 0.0930090 0.0471640 0.2109354 0.1113745 0.1750536 0.1157146 0.1090319 0.0455386 0.0264092 0.1265362 0.1373380 0.0490517 0.0612475 0.1915000 0.0376730 0.0717326 
Perityle_canescens_77                      0.1260470 0.0681649 0.1390316 0.0860699 0.0941725 0.3205816 0.1713655 0.4394640 0.1445386 0.2781603 0.2426267 0.1354662 0.1006874 0.2689479 0.1515465 0.0908743 0.0000000 0.1247467 0.1083608 0.1365492 0.2146775 0.2405493 0.0849297 0.1145698 0.1584585 0.3242059 0.1813726 0.1118719 0.0607218 0.1377214 0.2191884 0.1034915 0.1118323 0.1837113 0.1280667 0.1218245 0.1062708 0.1847967 0.1496504 0.2109698 0.2020679 0.1183452 0.1201147 0.1695043 0.1735185 0.0824741 0.1426974 0.0793569 0.1734517 0.1226906 0.1154407 0.2153826 0.1101934 0.1267304 0.0791610 0.1357118 0.2276833 0.2326635 0.2401985 0.1594124 0.1310253 0.0376354 0.1611536 0.1170380 0.1645839 0.1831524 0.0994706 0.1969831 0.2688603 0.1486800 0.2791874 0.1392927 0.2824451 0.0323477 0.1349297 0.1969368 0.2469728 0.1537219 0.2177236 0.1914363 0.1084738 
Perityle_castillonii_96                    0.0895942 0.0471623 0.0651329 0.0529026 0.0524894 0.2070488 0.1162445 0.2574274 0.0729514 0.0613965 0.0191591 0.2845670 0.0452604 0.0568684 0.0664314 0.0462222 0.1247467 0.0000000 0.0161022 0.0209137 0.2780797 0.0256384 0.0657848 0.0225372 0.0394663 0.0335851 0.1639267 0.2019035 0.3332103 0.0906568 0.2586292 0.0521506 0.0787474 0.4108639 0.0903503 0.0173259 0.0780599 0.1010966 0.0126475 0.0301711 0.0803364 0.0215081 0.0794179 0.0753525 0.0196282 0.1563950 0.0238199 0.0660063 0.0121793 0.0209575 0.0088270 0.0334066 0.0203125 0.0567871 9.0000000 0.1321523 0.0220685 0.1314527 0.0533561 0.1597551 0.1231764 0.0114771 0.0551488 0.0359444 0.0678575 0.0454812 0.0190766 0.4462315 0.0273304 0.2944698 0.0221358 0.0225001 0.0232438 0.0117191 0.0770566 0.0853852 0.0304646 0.0768507 0.0827468 0.0200995 0.0485410 
Perityle_cernua_84                         0.0860607 0.0350567 0.0593256 0.0493347 0.0521922 0.2014076 0.1071693 0.2597648 0.0724689 0.0547492 0.0210399 0.2813551 0.0363677 0.0477041 0.0514667 0.0349312 0.1083608 0.0161022 0.0000000 0.0162334 0.2757364 0.0211271 0.0610123 0.0227228 0.0354796 0.0310309 0.1554644 0.1998206 0.2187013 0.0872666 0.2560866 0.0401556 0.0923327 0.3727817 0.0843903 0.0171067 0.0805818 0.0880854 0.0083058 0.0256217 0.0750147 0.0190893 0.0753882 0.0755785 0.0220815 0.1527723 0.0222076 0.0501804 0.0127364 0.0347828 0.0107297 0.0287465 0.0191544 0.0547586 9.0000000 0.1117582 0.0184305 0.1181291 0.0404876 0.1569233 0.1207672 0.0074872 0.0435389 0.0306257 0.0643330 0.0440443 0.0222180 0.4474959 0.0229027 0.2948491 0.0197806 0.0243637 0.0214934 0.0087385 0.0680676 0.0798087 0.0278560 0.0692675 0.0843700 0.0139226 0.0437343 
Perityle_cfvillosa_25_tin                  0.0826629 0.0622366 0.0709736 0.0570109 0.0485312 0.1988376 0.0995590 0.2390792 0.0729443 0.0633497 0.0284037 0.3069687 0.0421118 0.0628759 0.0896964 0.0493714 0.1365492 0.0209137 0.0162334 0.0000000 0.2759839 0.0305894 0.0768465 0.0226550 0.0471480 0.0378660 0.1721816 0.2114187 0.2000450 0.0918516 0.2474622 0.0550803 0.0807538 0.4096343 0.0961130 0.0260411 0.0850478 0.1091608 0.0145312 0.0346066 0.0821904 0.0236610 0.0786883 0.0779035 0.0227727 0.1662862 0.0225360 0.0710600 0.0382293 0.0188764 0.0085670 0.0418400 0.0213079 0.0594905 9.0000000 0.1084663 0.0215091 0.1547971 0.0572046 0.1712715 0.1246118 0.0331616 0.0596223 0.0445744 0.0612792 0.0483896 0.0112492 0.4749337 0.0310833 0.2959862 0.0195209 0.0231232 0.0221433 0.0189567 0.0775863 0.0832368 0.0153835 0.0731175 0.1048876 0.0178151 0.0517100 
Perityle_cinerea_113_Powell1310            0.1808004 0.1649455 0.2004568 0.1957982 0.2694069 0.4249587 0.3338416 0.3053811 0.1959200 0.2716502 0.2907525 0.1646525 0.1654363 0.2981809 0.1482726 0.1707172 0.2146775 0.2780797 0.2757364 0.2759839 0.0000000 0.2581618 0.1554675 0.1661892 0.2908408 0.2993296 0.1873061 0.2837133 0.0495816 0.2096578 0.1457033 0.2026305 0.1753983 0.0305072 0.2006908 0.2423869 0.3036473 0.1782678 0.2686985 0.2775029 0.2851360 0.2581264 0.2950349 0.2979206 0.2851664 0.1638322 0.1635144 0.1951973 0.2920299 0.1647134 0.2851447 0.2741520 0.2506827 0.2825878 9.0000000 0.3079471 0.2558658 0.1937028 0.2890488 0.0418159 0.2861463 0.2369104 0.1979083 0.2730322 0.3095010 0.1890031 0.6852662 0.0148039 0.2768572 0.2077051 0.2776810 0.1475706 0.2861777 0.2278509 0.2134778 0.2632846 0.3062659 0.2771905 0.1921486 0.2532557 0.1550683 
Perityle_coahuilensis_24                   0.0999126 0.0437259 0.0840862 0.0670100 0.0577731 0.2090664 0.1035986 0.2519975 0.1061926 0.0984413 0.0346537 0.3441998 0.0412507 0.1370308 0.1072453 0.1135407 0.2405493 0.0256384 0.0211271 0.0305894 0.2581618 0.0000000 0.1277438 0.0413474 0.0471657 0.0474142 0.1820046 0.1917092 0.5367772 0.1090990 0.2618301 0.0705508 0.1086044 0.3506597 0.1182250 0.0293988 0.0901345 0.1591958 0.0021298 0.0046805 0.0922921 0.0310546 0.0880372 0.0952241 0.0322155 0.1828238 0.0429559 0.0557424 0.0502014 0.0534901 0.0169531 0.0555323 0.0278655 0.0674029 9.0000000 0.1055872 0.0325661 0.1626090 0.1253214 0.1432839 0.1316421 0.0116388 0.1069300 0.0623717 0.0658832 0.0770494 0.0224180 0.4622838 0.0000010 0.2583475 0.0314303 0.0477465 0.0570963 0.0089760 0.1504542 0.1292886 0.0448552 0.0904494 0.1702723 0.0272218 0.0735861 
Perityle_cochisensis_44_cave_creek         0.1206302 0.0599568 0.1210502 0.0871406 0.0777522 0.3109987 0.1404714 0.4423912 0.1132918 0.1688376 0.1121810 0.0655530 0.0410093 0.0908630 0.0829872 0.0760699 0.0849297 0.0657848 0.0610123 0.0768465 0.1554675 0.1277438 0.0000000 0.0522166 0.1464877 0.0833737 0.1068706 0.1267700 0.0589658 0.1100463 0.1969077 0.0978920 0.0685102 0.1942018 0.1261390 0.0764205 0.1711121 0.0832178 0.1127129 0.1270957 0.1675065 0.0650042 0.1318545 0.1668814 0.1292520 0.0576515 0.0591393 0.0722491 0.0991817 0.0666234 0.1028611 0.1368456 0.0676754 0.1420223 0.0496132 0.1253902 0.0646275 0.1426738 0.0568067 0.1051624 0.1581316 0.0114585 0.0951702 0.1408907 0.1686007 0.1505906 0.0860203 0.1634141 0.1258618 0.1626874 0.1184292 0.0572654 0.0777672 0.0029232 0.1446710 0.1852036 0.0861746 0.1309390 0.1719041 0.0512373 0.0817605 
Perityle_congesta_202                      0.1133340 0.0659059 0.1139917 0.0786551 0.0580141 0.2647878 0.1180520 0.3760594 0.1205643 0.0956240 0.0509541 0.1102737 0.0328770 0.1241650 0.0614775 0.1108182 0.1145698 0.0225372 0.0227228 0.0226550 0.1661892 0.0413474 0.0522166 0.0000000 0.0684175 0.0452172 0.1239428 0.1337572 0.1874250 0.1249921 0.1892600 0.0723085 0.0545153 0.2441658 0.1098114 0.0405582 0.1119778 0.0990499 0.0197000 0.0502121 0.1102035 0.0113580 0.1019106 0.1122315 0.0498254 0.1010764 0.0450018 0.0792996 0.0680039 0.0301779 0.0381804 0.0727498 0.0303795 0.0835238 0.0534490 0.1334289 0.0094377 0.0974264 0.0782477 0.1287379 0.1354521 0.0224053 0.0870326 0.0767933 0.0991337 0.1573232 0.0217020 0.2262335 0.0398825 0.1569724 0.0210602 0.0050592 0.0448290 0.0028603 0.1380372 0.1131824 0.0401239 0.0991699 0.1781557 0.0006354 0.0910442 
Perityle_cordifolia_27                     0.1090207 0.0585913 0.0862978 0.0748400 0.0635013 0.2233070 0.1096021 0.2551721 0.0970829 0.0779444 0.0516860 0.3031915 0.0539091 0.0726206 0.1108434 0.1288297 0.1584585 0.0394663 0.0354796 0.0471480 0.2908408 0.0471657 0.1464877 0.0684175 0.0000000 0.0560535 0.1612518 0.1965397 0.6153603 0.1029157 0.2765937 0.0764175 0.1282762 0.3773694 0.1074448 0.0436872 0.0995627 0.1131480 0.0357810 0.0525065 0.0925754 0.0508068 0.0887235 0.0926321 0.0515538 0.1568907 0.0661978 0.0723700 0.0693445 0.0769726 0.0340289 0.0134564 0.0440140 0.0726065 9.0000000 0.1174575 0.0521556 0.1774989 0.0595466 0.2042319 0.1386215 0.0185717 0.0746556 0.0299437 0.0748607 0.0803823 0.0291652 0.4898211 0.0483475 0.2696798 0.0507541 0.0649621 0.0578464 0.0237534 0.1439728 0.0936162 0.0552871 0.0883868 0.1115198 0.0450851 0.0806771 
Perityle_cordifolia_68_tecolote            0.1104314 0.0604848 0.1048007 0.0742965 0.0631927 0.2230303 0.0997048 0.2870660 0.1326007 0.1269014 0.0431078 0.4189012 0.0559778 0.1978000 0.1317146 0.0460320 0.3242059 0.0335851 0.0310309 0.0378660 0.2993296 0.0474142 0.0833737 0.0452172 0.0560535 0.0000000 0.2559633 0.2152248 0.2000450 0.1154580 0.2684766 0.0633390 0.1098078 0.4003685 0.1418317 0.0333659 0.1016761 0.2036207 0.0261325 0.0484773 0.1168804 0.0398623 0.0962630 0.1137766 0.0411021 0.2066401 0.0466067 0.0683551 0.0679049 0.0538252 0.0229761 0.0763288 0.0332331 0.0753903 9.0000000 0.1144639 0.0443135 0.2043114 0.1737727 0.2057920 0.1392298 0.0193822 0.1586729 0.0518550 0.0812579 0.0937044 0.0293018 0.4912867 0.0551270 0.2935667 0.0472588 0.0494736 0.0950701 0.0123613 0.0928391 0.1757693 0.0489783 0.0975074 0.2138602 0.0373772 0.0760400 
Perityle_coronopifolia_28_patagonia        0.1443958 0.0738951 0.1320278 0.1058307 0.2149159 0.3580564 0.2242643 0.4039973 0.1267001 0.1574180 0.1866594 0.1679091 0.1106809 0.0503763 0.1221933 0.1126361 0.1813726 0.1639267 0.1554644 0.1721816 0.1873061 0.1820046 0.1068706 0.1239428 0.1612518 0.2559633 0.0000000 0.1098566 0.1962513 0.1499262 0.2593995 0.0887846 0.1171964 0.2504886 0.1246403 0.1660934 0.1782894 0.0942586 0.1391913 0.1906707 0.1676716 0.1686477 0.1693761 0.1644266 0.1635326 0.0650515 0.1583563 0.0775002 0.1829268 0.1153348 0.1246564 0.1625172 0.1616851 0.1683691 0.0667416 0.1425282 0.2183224 0.2003266 0.0248641 0.1247554 0.1421697 0.0269761 0.0335161 0.1962091 0.1825042 0.1815905 0.3028875 0.2489337 0.2120262 0.1568812 0.2134231 0.1380968 0.2724353 0.0327246 0.2064081 0.2430185 0.2188982 0.1719503 0.1267476 0.1954708 0.1093599 
Perityle_crassifolia_70_ventanas           0.1171000 0.1455435 0.1260314 0.1265525 0.1790510 0.3747467 0.2649726 0.5378438 0.0950947 0.1832708 0.2030149 0.1116020 0.1062841 0.1251723 0.1786540 0.1160352 0.1118719 0.2019035 0.1998206 0.2114187 0.2837133 0.1917092 0.1267700 0.1337572 0.1965397 0.2152248 0.1098566 0.0000000 0.3622003 0.1381535 0.3937904 0.0725804 0.1443218 0.0854420 0.1343246 0.1973204 0.1953323 0.1633948 0.1947546 0.2034309 0.2131895 0.1999972 0.2139628 0.1884632 0.2027438 0.0974905 0.1374749 0.1015524 0.1993702 0.1391379 0.1922676 0.1974947 0.1941660 0.2176171 0.0838170 0.2152161 0.1914089 0.3481665 0.0978065 0.1636046 0.1952771 0.0950912 0.0873809 0.1936296 0.2264494 0.1980961 0.4024986 0.1943908 0.1986815 0.0926944 0.2040463 0.1321362 0.2185081 0.0841064 0.1514926 0.2020239 0.2274528 0.2079358 0.1003721 0.1866909 0.0857141 
Perityle_crassifolia_74_playa_balandra     0.2151133 0.0362907 0.2196447 0.1724093 0.2000450 0.5141244 0.2026773 0.2375885 0.2147889 0.5834626 0.6663342 0.0709825 0.1245927 0.2000450 0.1871399 0.0973564 0.0607218 0.3332103 0.2187013 0.2000450 0.0495816 0.5367772 0.0589658 0.1874250 0.6153603 0.2000450 0.1962513 0.3622003 0.0000000 0.1259542 0.0794548 0.1899699 0.2156110 0.2174139 0.2495123 0.2000450 0.6423150 0.0640718 0.5367772 0.6573437 0.7148640 0.2000450 0.3332103 0.5505341 0.5834626 0.0457240 0.2109288 0.0794935 0.5420763 0.2199296 0.6136941 0.6900965 0.2000450 0.6281474 9.0000000 0.3248449 0.2000450 0.2344261 0.2187013 0.3350068 0.6803996 0.2000450 0.2325363 0.8621173 0.5748940 0.2214114 0.2000450 0.0790578 0.5367772 0.0932099 0.5991770 0.1964297 0.2000450 0.2187013 0.3087857 0.6492575 0.2000450 0.3531527 0.0522097 0.2187013 0.1979340 
Perityle_cuneata_34_cuneata_San_antonio    0.1180139 0.0784332 0.1301735 0.1027390 0.0880825 0.2938069 0.1412609 0.3865192 0.1054083 0.1033930 0.1066666 0.2080202 0.0769320 0.0997517 0.1336852 0.0537903 0.1377214 0.0906568 0.0872666 0.0918516 0.2096578 0.1090990 0.1100463 0.1249921 0.1029157 0.1154580 0.1499262 0.1381535 0.1259542 0.0000000 0.1193893 0.0693835 0.1473884 0.2133039 0.1114854 0.0990295 0.1044345 0.1515826 0.0911141 0.1135864 0.0911858 0.1026269 0.0868412 0.1049345 0.1121908 0.1124402 0.1403870 0.1002550 0.1332888 0.1154118 0.0855290 0.0979574 0.0955086 0.1035392 0.1038206 0.1519446 0.1094167 0.1912853 0.0726717 0.1690668 0.1431807 0.0606306 0.1079176 0.1032745 0.1287002 0.1365552 0.0682226 0.2976621 0.1110741 0.1811923 0.1108900 0.1284293 0.1227322 0.0594097 0.1269190 0.0938138 0.1175752 0.0797040 0.1744710 0.0915100 0.0697955 
Perityle_cuneata_4                         0.1864103 0.1448538 0.1781473 0.1661860 0.3023087 0.4370393 0.2082750 0.2891269 0.1600899 0.2797628 0.2818491 0.2026962 0.1873282 0.4579819 0.1885177 0.0781720 0.2191884 0.2586292 0.2560866 0.2474622 0.1457033 0.2618301 0.1969077 0.1892600 0.2765937 0.2684766 0.2593995 0.3937904 0.0794548 0.1193893 0.0000000 0.1664858 0.1957437 0.3233418 0.1891183 0.2526045 0.3023336 0.2277281 0.2563817 0.2904718 0.2990230 0.2586118 0.2823576 0.2945879 0.2739484 0.2223440 0.1883549 0.1539824 0.2681150 0.1973744 0.2785240 0.2636315 0.2702635 0.3119304 0.6760162 0.3958941 0.2412435 0.1972729 0.4131493 0.4190495 0.1734063 0.3483260 0.1813457 0.2627294 0.3007693 0.1210763 0.2486131 0.2971472 0.2778519 0.1984174 0.2535684 0.1885779 0.2797194 0.2765731 0.1622741 0.2673627 0.2645929 0.2805694 0.2581635 0.2449897 0.1610226 
Perityle_discoidea_81                      0.0234865 0.0464424 0.0294760 0.0528257 0.0705020 0.2367875 0.1316963 0.3421994 0.0019790 0.0764182 0.0732976 0.1426753 0.0581567 0.0639967 0.0939332 0.0992188 0.1034915 0.0521506 0.0401556 0.0550803 0.2026305 0.0705508 0.0978920 0.0723085 0.0764175 0.0633390 0.0887846 0.0725804 0.1899699 0.0693835 0.1664858 0.0000000 0.0684606 0.1655585 0.0707341 0.0536771 0.0904311 0.1077561 0.0513596 0.0739196 0.0728411 0.0561070 0.0620981 0.0727051 0.0724896 0.0678642 0.0689957 0.0675087 0.1030597 0.0666925 0.0554870 0.0704060 0.0471193 0.0785996 0.0714088 0.1356202 0.0558677 0.1460732 0.0445912 0.1212873 0.0847522 0.0193554 0.0688849 0.0965148 0.0915417 0.0940277 0.0528584 0.2650730 0.0673867 0.1501436 0.0665769 0.0725426 0.0674029 0.0149519 0.1275720 0.0749886 0.0649693 0.0572985 0.1386141 0.0519708 0.0475035 
Perityle_dissecta_201                      0.1422875 0.0658378 0.1346978 0.0994211 0.0636124 0.2792027 0.1218855 0.3847389 0.1210790 0.1520305 0.0917092 0.1125283 0.0492505 0.0937369 0.0462670 0.1125067 0.1118323 0.0787474 0.0923327 0.0807538 0.1753983 0.1086044 0.0685102 0.0545153 0.1282762 0.1098078 0.1171964 0.1443218 0.2156110 0.1473884 0.1957437 0.0684606 0.0000000 0.2502418 0.1355862 0.1009868 0.1642726 0.0980893 0.0922257 0.1167329 0.1611965 0.1092444 0.1643049 0.1519058 0.1123912 0.0963414 0.0777709 0.0903504 0.1233976 0.0717959 0.0861904 0.1229108 0.1023926 0.1237415 0.0783438 0.1331810 0.1027691 0.0987707 0.0503554 0.1365789 0.1639921 0.0109418 0.0803076 0.1411066 0.1778165 0.1665757 0.0403647 0.2409993 0.1067375 0.1685137 0.1086006 0.0573523 0.1014677 0.0114174 0.1767377 0.1606650 0.1090753 0.1530306 0.1825095 0.0702044 0.0984921 
Perityle_emoryi_47_punta_san_jose          0.1666378 0.1654062 0.1854192 0.1970586 0.2719821 0.5505537 0.3031862 0.4778492 0.1628325 0.3626913 0.3929972 0.2029685 0.1745698 0.3540719 0.2400036 0.1841455 0.1837113 0.4108639 0.3727817 0.4096343 0.0305072 0.3506597 0.1942018 0.2441658 0.3773694 0.4003685 0.2504886 0.0854420 0.2174139 0.2133039 0.3233418 0.1655585 0.2502418 0.0000000 0.2327938 0.3973599 0.3829051 0.2751641 0.3356433 0.4125539 0.4125526 0.3954793 0.4466583 0.3345538 0.3841557 0.1439842 0.2340979 0.1916256 0.4174225 0.2332095 0.3821835 0.4085857 0.3842615 0.4190467 0.0624375 0.2646209 0.4064295 0.3427807 0.3251180 0.0495984 0.4382503 0.1494357 0.2228589 0.4914108 0.3590312 0.2912138 0.6187836 0.1973910 0.3559847 0.2291674 0.3687832 0.2384549 0.4130503 0.1323180 0.2620559 0.3670243 0.4121639 0.4440571 0.2506472 0.3994860 0.2038077 
Perityle_feddemae_99                       0.1007852 0.0856946 0.1075177 0.0838175 0.0896253 0.3093324 0.1305651 0.3830100 0.0955760 0.1164316 0.1335131 0.1927215 0.0662217 0.1092008 0.1318125 0.1168931 0.1280667 0.0903503 0.0843903 0.0961130 0.2006908 0.1182250 0.1261390 0.1098114 0.1074448 0.1418317 0.1246403 0.1343246 0.2495123 0.1114854 0.1891183 0.0707341 0.1355862 0.2327938 0.0000000 0.0963352 0.1071844 0.1362140 0.0873816 0.1264462 0.0493519 0.1020643 0.0353625 0.0977916 0.1116596 0.1032398 0.1262635 0.0224572 0.1327935 0.1048827 0.0863541 0.1130981 0.0937902 0.1181870 0.0685540 0.1491192 0.1306950 0.2017313 0.0773440 0.1332372 0.1363695 0.0456944 0.0888822 0.1261741 0.1232757 0.1377977 0.0807873 0.2906343 0.1156455 0.1725279 0.1316546 0.1225491 0.1524541 0.0354691 0.1662810 0.1109457 0.1347739 0.0722390 0.1775976 0.1086430 0.0777050 
Perityle_fosteri_93                        0.0975725 0.0426473 0.0757868 0.0633808 0.0476243 0.1963248 0.0981846 0.2465226 0.0795291 0.0703137 0.0245799 0.2796602 0.0425895 0.0633472 0.0806978 0.0501746 0.1218245 0.0173259 0.0171067 0.0260411 0.2423869 0.0293988 0.0764205 0.0405582 0.0436872 0.0333659 0.1660934 0.1973204 0.2000450 0.0990295 0.2526045 0.0536771 0.1009868 0.3973599 0.0963352 0.0000000 0.0917473 0.1050517 0.0147734 0.0331289 0.0827229 0.0295091 0.0816309 0.0863408 0.0328171 0.1601154 0.0378213 0.0637749 0.0241891 0.0456796 0.0124195 0.0374444 0.0204592 0.0646797 9.0000000 0.1021225 0.0247712 0.1446675 0.0486805 0.1238930 0.1392190 0.0119602 0.0577447 0.0405931 0.0707269 0.0623978 0.0174267 0.4298992 0.0312128 0.2885210 0.0258959 0.0396555 0.0279391 0.0090937 0.1031457 0.0868269 0.0358737 0.0828558 0.0871496 0.0225055 0.0640555 
Perityle_gamon_221                         0.1066520 0.0482984 0.1113252 0.1063118 0.0790114 0.2188960 0.1165541 0.2582769 0.1007280 0.1084379 0.0834975 0.2989647 0.0507994 0.0658316 0.1147074 0.1450801 0.1062708 0.0780599 0.0805818 0.0850478 0.3036473 0.0901345 0.1711121 0.1119778 0.0995627 0.1016761 0.1782894 0.1953323 0.6423150 0.1044345 0.3023336 0.0904311 0.1642726 0.3829051 0.1071844 0.0917473 0.0000000 0.1227922 0.0784754 0.0970249 0.0785770 0.0964412 0.0811946 0.0098313 0.0927903 0.1784709 0.1084510 0.0726745 0.1080987 0.1147520 0.0720335 0.0922838 0.0900991 0.1012863 9.0000000 0.1263999 0.0943946 0.1878559 0.0712081 0.1879403 0.1560793 0.0344027 0.0747943 0.1156349 0.0974446 0.1042564 0.0669728 0.4790681 0.0924048 0.2922893 0.0893571 0.1099041 0.0922394 0.0239698 0.1705239 0.0904872 0.1038050 0.0798385 0.1201351 0.0750071 0.0774968 
Perityle_gentryi_8_san_francisco           0.1373787 0.0667468 0.1319921 0.1144299 0.1222490 0.3240319 0.1971880 0.4029328 0.1225125 0.1159326 0.1769981 0.1911388 0.0949672 0.0321943 0.0897452 0.0939959 0.1847967 0.1010966 0.0880854 0.1091608 0.1782678 0.1591958 0.0832178 0.0990499 0.1131480 0.2036207 0.0942586 0.1633948 0.0640718 0.1515826 0.2277281 0.1077561 0.0980893 0.2751641 0.1362140 0.1050517 0.1227922 0.0000000 0.0991128 0.1538967 0.1261024 0.1021555 0.1109631 0.1208794 0.1290883 0.0753325 0.1287277 0.1145050 0.1331975 0.0899620 0.0988193 0.1158026 0.0956200 0.1158148 0.1708181 0.1438985 0.1682858 0.1589373 0.0282924 0.2451483 0.0802821 0.0223893 0.0909703 0.1077671 0.1527556 0.1515742 0.1700207 0.2264856 0.1751925 0.1730413 0.1913620 0.1179921 0.2187380 0.0293147 0.1707378 0.1822937 0.1726226 0.1206143 0.1514267 0.1446394 0.1165104 
Perityle_gilensis_22_Superstition          0.0787504 0.0449639 0.0640929 0.0538595 0.0478821 0.2029100 0.0980943 0.2397226 0.0665524 0.0572928 0.0188092 0.2923695 0.0315263 0.0641541 0.0919929 0.1040986 0.1496504 0.0126475 0.0083058 0.0145312 0.2686985 0.0021298 0.1127129 0.0197000 0.0357810 0.0261325 0.1391913 0.1947546 0.5367772 0.0911141 0.2563817 0.0513596 0.0922257 0.3356433 0.0873816 0.0147734 0.0784754 0.0991128 0.0000000 0.0033357 0.0768791 0.0083779 0.0763486 0.0731315 0.0173751 0.1435230 0.0171888 0.0506298 0.0388632 0.0399357 0.0051097 0.0314592 0.0128355 0.0511185 9.0000000 0.1131654 0.0060971 0.1458007 0.0508494 0.1698932 0.1166562 0.0075178 0.0554554 0.0502009 0.0556784 0.0557197 0.0098106 0.4721870 0.0021143 0.2562295 0.0027122 0.0194346 0.0205740 0.0029407 0.1297540 0.0797209 0.0241793 0.0742378 0.0947315 0.0033552 0.0575883 
Perityle_gilensis_salensis_225             0.1058842 0.0523594 0.0889061 0.0755666 0.0639212 0.2207612 0.1135174 0.2766463 0.1096212 0.1018445 0.0372298 0.3279946 0.0443681 0.1314499 0.1331966 0.1109539 0.2109698 0.0301711 0.0256217 0.0346066 0.2775029 0.0046805 0.1270957 0.0502121 0.0525065 0.0484773 0.1906707 0.2034309 0.6573437 0.1135864 0.2904718 0.0739196 0.1167329 0.4125539 0.1264462 0.0331289 0.0970249 0.1538967 0.0033357 0.0000000 0.0973539 0.0348416 0.0935635 0.1039099 0.0371486 0.1876483 0.0518956 0.0595021 0.0518699 0.0641842 0.0204243 0.0589323 0.0309517 0.0707404 9.0000000 0.1279397 0.0365362 0.1899782 0.1199385 0.1869814 0.1379664 0.0110933 0.1036927 0.0640867 0.0733063 0.0857784 0.0270300 0.4796453 0.0046360 0.2707296 0.0339046 0.0554538 0.0571392 0.0146409 0.1288873 0.1236212 0.0484919 0.0960222 0.1645990 0.0323271 0.0780540 
Perityle_glaucescens_94                    0.0892961 0.0615416 0.1044623 0.0873678 0.0781220 0.2430211 0.1057460 0.2722644 0.0926455 0.1053427 0.0998092 0.3724002 0.0416004 0.1006450 0.1454181 0.1197681 0.2020679 0.0803364 0.0750147 0.0821904 0.2851360 0.0922921 0.1675065 0.1102035 0.0925754 0.1168804 0.1676716 0.2131895 0.7148640 0.0911858 0.2990230 0.0728411 0.1611965 0.4125526 0.0493519 0.0827229 0.0785770 0.1261024 0.0768791 0.0973539 0.0000000 0.0910882 0.0011721 0.0773116 0.0914433 0.1689028 0.1215366 0.0029907 0.1142390 0.1133701 0.0646276 0.0935649 0.0834688 0.0972296 9.0000000 0.1274371 0.1092502 0.2251654 0.0897247 0.1946531 0.1370502 0.0456652 0.0855556 0.1103543 0.0873902 0.0907077 0.0687954 0.5027772 0.0943384 0.2956399 0.1045352 0.1208624 0.1216350 0.0296020 0.1408794 0.0830846 0.1144609 0.0584441 0.1466367 0.0961271 0.0750979 
Perityle_gracilis_11                       0.0917543 0.0404907 0.0756102 0.0622118 0.0490804 0.1870994 0.1007205 0.2533235 0.0772210 0.0711662 0.0343069 0.2847103 0.0403756 0.0649434 0.0809886 0.0390396 0.1183452 0.0215081 0.0190893 0.0236610 0.2581264 0.0310546 0.0650042 0.0113580 0.0508068 0.0398623 0.1686477 0.1999972 0.2000450 0.1026269 0.2586118 0.0561070 0.1092444 0.3954793 0.1020643 0.0295091 0.0964412 0.1021555 0.0083779 0.0348416 0.0910882 0.0000000 0.0876488 0.0905054 0.0328768 0.1605101 0.0111265 0.0556872 0.0304799 0.0491810 0.0147555 0.0452152 0.0233484 0.0713731 9.0000000 0.0961362 0.0068071 0.1299293 0.0445354 0.1370444 0.1372892 0.0117110 0.0561670 0.0481490 0.0653987 0.0624906 0.0175566 0.4545075 0.0322084 0.2886754 0.0068396 0.0148531 0.0284608 0.0029826 0.0927418 0.0878208 0.0363533 0.0828013 0.0863653 0.0068162 0.0628401 
Perityle_harkerae_31                       0.0847343 0.0554125 0.0964402 0.0822439 0.0775662 0.2276893 0.1039099 0.2686452 0.0759159 0.0937399 0.0792596 0.3163145 0.0393386 0.0773123 0.0945956 0.0759480 0.1201147 0.0794179 0.0753882 0.0786883 0.2950349 0.0880372 0.1318545 0.1019106 0.0887235 0.0962630 0.1693761 0.2139628 0.3332103 0.0868412 0.2823576 0.0620981 0.1643049 0.4466583 0.0353625 0.0816309 0.0811946 0.1109631 0.0763486 0.0935635 0.0011721 0.0876488 0.0000000 0.0771483 0.0885829 0.1748681 0.0998605 0.0030418 0.0834252 0.1077012 0.0643587 0.0852970 0.0823325 0.0972246 9.0000000 0.1290166 0.0849432 0.1769606 0.0655987 0.1860132 0.1388146 0.0393758 0.0656197 0.0899778 0.0872343 0.0806029 0.0655004 0.4784509 0.0904846 0.3045831 0.0878248 0.0991705 0.0884605 0.0274875 0.1173823 0.0688673 0.0935062 0.0522232 0.1263909 0.0743052 0.0629135 
Perityle_hofmeisteria_4_nombre_de_dios     0.0931733 0.0440031 0.0995832 0.0996340 0.0728943 0.2345475 0.1115277 0.2632613 0.0897352 0.1089061 0.1000528 0.3383652 0.0450571 0.0781573 0.1386300 0.1310129 0.1695043 0.0753525 0.0755785 0.0779035 0.2979206 0.0952241 0.1668814 0.1122315 0.0926321 0.1137766 0.1644266 0.1884632 0.5505341 0.1049345 0.2945879 0.0727051 0.1519058 0.3345538 0.0977916 0.0863408 0.0098313 0.1208794 0.0731315 0.1039099 0.0773116 0.0905054 0.0771483 0.0000000 0.0993792 0.1625356 0.1130217 0.0689357 0.1176072 0.1046557 0.0670961 0.0906767 0.0859959 0.0957953 9.0000000 0.1201380 0.1093002 0.2080778 0.0778280 0.1908595 0.1446410 0.0301995 0.0759001 0.1097756 0.0926604 0.1021483 0.0640728 0.4702548 0.0971155 0.2849765 0.1007844 0.1173235 0.1168601 0.0208772 0.1740106 0.0965986 0.1134842 0.0826306 0.1149918 0.0904540 0.0762466 
Perityle_huecosensis_48                    0.1044027 0.0599763 0.0865221 0.0714776 0.0630632 0.2276017 0.1232771 0.2672442 0.1003327 0.0821772 0.0288565 0.3215814 0.0456056 0.0964592 0.1277426 0.1195674 0.1735185 0.0196282 0.0220815 0.0227727 0.2851664 0.0322155 0.1292520 0.0498254 0.0515538 0.0411021 0.1635326 0.2027438 0.5834626 0.1121908 0.2739484 0.0724896 0.1123912 0.3841557 0.1116596 0.0328171 0.0927903 0.1290883 0.0173751 0.0371486 0.0914433 0.0328768 0.0885829 0.0993792 0.0000000 0.1800528 0.0469544 0.0631032 0.0951953 0.0560504 0.0141143 0.0549299 0.0330240 0.0704144 9.0000000 0.1349837 0.0330185 0.2070797 0.0824054 0.2034161 0.1423830 0.0222741 0.0846289 0.0655176 0.0690663 0.0826303 0.0171474 0.4987636 0.0334390 0.2799256 0.0290787 0.0473186 0.0430070 0.0143639 0.1399196 0.1203223 0.0281627 0.0921631 0.1153015 0.0265088 0.0831518 
Perityle_incana_3_ucla                     0.1071909 0.0462945 0.1007195 0.0783613 0.1911709 0.3655456 0.1875346 0.4081996 0.0959609 0.1524978 0.2084759 0.1022589 0.0818249 0.0474169 0.0996098 0.0635596 0.0824741 0.1563950 0.1527723 0.1662862 0.1638322 0.1828238 0.0576515 0.1010764 0.1568907 0.2066401 0.0650515 0.0974905 0.0457240 0.1124402 0.2223440 0.0678642 0.0963414 0.1439842 0.1032398 0.1601154 0.1784709 0.0753325 0.1435230 0.1876483 0.1689028 0.1605101 0.1748681 0.1625356 0.1800528 0.0000000 0.1151202 0.0502379 0.1932513 0.0931549 0.1537776 0.1465151 0.1581982 0.1491164 0.0566599 0.1296198 0.2056606 0.1953984 0.0280235 0.1187045 0.1734354 0.0151332 0.0483428 0.1560696 0.1938245 0.1429005 0.2396189 0.1842456 0.1853252 0.1424733 0.2109339 0.1132532 0.2284610 0.0119133 0.1202071 0.1962436 0.2069906 0.1767156 0.1340737 0.2034613 0.0833430 
