81
Amauria_brandeegeana_62                    0.0000000 0.1628409 0.1360580 0.5168513 0.1752056 0.2615470 0.1219970 0.4180727 0.1328997 0.1542502 0.2344483 0.1608471 0.1329196 0.1495494 0.2060736 0.1338055 0.1716696 0.1626734 0.1760713 0.2376982 0.1606733 0.0473097 0.1923871 0.2150282 0.1662520 0.2115249 0.2238297 0.1220426 0.0658510 0.2150807 0.2626393 0.1350347 0.1978100 0.1429212 0.2119797 0.2509814 0.2248042 0.1702701 0.2124680 0.1542219 0.1733740 0.2221390 0.1965594 0.1140147 0.2356404 0.1641281 0.1470756 0.2319347 0.2359984 0.4889596 0.1856971 0.2067321 0.1668912 0.2012537 0.1870093 0.1956800 0.1811702 0.2484284 0.0267917 0.1891439 0.0356595 0.2012802 0.1748515 0.1995122 0.2233975 0.1864603 0.0486473 0.1559919 0.1922600 0.1787296 0.1769216 0.1710228 0.1958580 0.0751838 0.1947713 0.1499187 0.2167033 0.1825951 0.2580997 0.1916552 0.1601375 
Amauria_carterae_99_mesa                   0.1628409 0.0000000 0.1828433 0.4318000 0.2400258 0.2659886 0.1385276 0.4404148 0.1856025 0.1933037 0.1843410 0.1650266 0.1972754 0.1486021 0.1399877 0.1883556 0.1293298 0.1881278 0.1834775 0.1127637 0.2339266 0.0739347 0.1780445 0.1930483 0.1701359 0.1586649 0.1799039 0.1521004 0.0532524 0.1646763 0.1565269 0.2067650 0.1771230 0.1192992 0.1717780 0.2053577 0.1689813 0.1822570 0.1757915 0.2259922 0.1766215 0.2084563 0.1887821 0.1633228 0.2167234 0.1733145 0.1796130 0.1709005 0.1819402 0.2077380 0.1603368 0.2019308 0.2469057 0.1320527 0.0926734 0.1712238 0.1667559 0.1766173 0.0242650 0.1514264 0.0387337 0.1925871 0.2330193 0.1427029 0.2597854 0.2330590 0.0629644 0.2552895 0.1777979 0.1711975 0.1567464 0.2269464 0.1759709 0.0738592 0.3031528 0.2400752 0.1788226 0.1797103 0.2147843 0.1769511 0.1192592 
Amauria_rotundifolia_SRR9119150            0.1360580 0.1828433 0.0000000 0.4883470 0.1442459 0.1871115 0.1393395 0.3841025 0.1334346 0.1582257 0.1138924 0.1604711 0.1091843 0.1481017 0.1847706 0.1234106 0.1380214 0.1290101 0.1351350 0.1364318 0.2016747 0.0660736 0.1192594 0.1770450 0.1656071 0.1303503 0.1722069 0.1210033 0.0954461 0.1315874 0.1428042 0.0853174 0.1309512 0.0830820 0.1435976 0.2319461 0.2127504 0.1205948 0.1366989 0.1993066 0.1400867 0.1960115 0.1432602 0.1142311 0.2113827 0.1683520 0.1422819 0.2228648 0.1756393 0.3734334 0.1239740 0.1838551 0.1360055 0.1228285 0.1118504 0.1680261 0.1381326 0.1568815 0.0199152 0.1186457 0.0459344 0.1274282 0.1688357 0.1190545 0.2100282 0.1626885 0.0631835 0.1259969 0.1187526 0.1140739 0.1273025 0.2099112 0.1319734 0.0992718 0.1825595 0.1637533 0.1535459 0.1228291 0.2540923 0.1474293 0.0814459 
Conoclinium_coelestinum_SRR9119114         0.5168513 0.4318000 0.4883470 0.0000000 0.6625375 0.5031751 0.2400507 0.5954705 0.5225437 0.5162399 0.4618009 0.5001813 0.5295045 0.4807928 0.5150797 0.4589840 0.4786219 0.5010219 0.5038409 0.4357683 0.6415223 0.1975387 0.5043173 0.5458797 0.5011024 0.4990940 0.5498886 0.4917993 0.2605536 0.5068363 0.4768885 0.5903354 0.5130543 0.4777756 0.5165762 0.5783021 0.5335178 0.5111296 0.5294600 0.6235238 0.5296587 0.5135314 0.4885536 0.4744162 0.5831817 0.5003714 0.5044974 0.5603973 0.5591329 0.5484808 0.4741179 0.5606297 0.6357439 0.3836818 0.4144982 0.5041175 0.5008842 0.5850022 0.2071273 0.4711891 0.2128060 0.5095297 0.5885765 0.4775943 0.5903821 0.5525647 0.1730237 0.6085677 0.5043173 0.5057140 0.4976661 0.6334477 0.5067260 0.2517177 0.5737799 0.6534368 0.5118701 0.5108929 0.6979121 0.5075222 0.4743692 
Eutetras_palmeri_63                        0.1752056 0.2400258 0.1442459 0.6625375 0.0000000 0.2958582 1.4234208 0.4971499 0.1247482 0.1592104 0.1771705 0.1987268 0.1424469 0.1512708 0.2177680 0.1480445 0.1711799 0.1801835 0.1392729 0.0839420 0.2002443 0.5642527 0.1471654 0.1529611 0.1984035 0.1680608 0.1590589 0.1553511 0.1299678 0.1475017 0.1754835 0.1197677 0.1338065 0.1360177 0.1771102 0.1905659 0.2559073 0.1497016 0.1712091 0.1898674 0.1735240 0.2487261 0.1747470 0.1127485 0.1511458 0.1999485 0.1673604 0.1874062 0.1558640 0.9258624 0.1511553 0.1602152 0.1586388 0.1434065 0.1148823 0.2032969 0.1824978 0.1073618 0.6173396 0.1597711 0.6173396 0.1649193 0.1491197 0.1415980 0.1694342 0.1238341 0.6779624 0.1453057 0.1451640 0.1538041 0.1614714 0.1956637 0.1554290 0.5506821 0.2060960 0.1565412 0.1375753 0.1605556 0.1608556 0.2062415 0.1134996 
Eutrochium_fistulosum_SRR9119106           0.2615470 0.2659886 0.1871115 0.5031751 0.2958582 0.0000000 0.1480021 0.3440876 0.2904634 0.2029559 0.2846798 0.2403604 0.2030236 0.1775324 0.2703707 0.1786880 0.2218181 0.2419552 0.2389891 0.2847310 0.2220178 0.0732490 0.2711104 0.2516988 0.2444151 0.2800063 0.3110315 0.2237161 0.1164016 0.2957449 0.2905806 0.1938647 0.2633766 0.2469401 0.2698296 0.3240264 0.2769774 0.2550468 0.2827891 0.2202400 0.2675024 0.2682402 0.2779412 0.1733893 0.3023920 0.2496982 0.2065047 0.2542332 0.3106642 0.4980630 0.2449188 0.2847881 0.2238510 0.1905311 0.2217550 0.2733236 0.2698792 0.1822521 0.1130821 0.2521710 0.0745271 0.2773090 0.2225221 0.2347731 0.3136508 0.2977406 0.0906826 0.2052821 0.2720944 0.2761591 0.2749643 0.2240755 0.2693813 0.1267569 0.2939713 0.2198545 0.2737355 0.2667237 0.3054564 0.2739801 0.2268281 
Galeana_pratensis_104_mex                  0.1219970 0.1385276 0.1393395 0.2400507 1.4234208 0.1480021 0.0000000 0.2686208 0.1087628 0.1645607 0.1400918 0.1701231 0.1844466 0.1454442 0.1413948 0.1642562 0.1310168 0.1660145 0.1678309 0.1341218 0.6455780 0.1398170 0.1673380 0.2394394 0.1659092 0.1675335 0.1727144 0.1420837 0.1234248 0.1631105 0.1679063 0.4720945 0.1711321 0.1257056 0.1512194 0.1760787 0.1666823 0.1706384 0.1502144 0.6455780 0.1500397 0.1809157 0.1710350 0.1242030 0.2230047 0.1624856 0.1526482 0.1655803 0.2394394 0.2334473 0.1428487 0.1794912 0.5691910 0.1530086 0.1147257 0.1659092 0.1664120 9.0000000 0.1071958 0.1156669 0.1103678 0.1735751 0.4815759 0.1428487 0.2234931 0.2177729 0.1335822 0.6882516 0.1673380 0.1485231 0.1705111 0.6455780 0.1661410 0.1416983 0.2202058 0.5881425 0.1807450 0.1625972 0.7935153 0.1696935 0.1187822 
Helianthus_annuus_SRR9119062               0.4180727 0.4404148 0.3841025 0.5954705 0.4971499 0.3440876 0.2686208 0.0000000 0.3571608 0.3777315 0.4200476 0.4331986 0.4455513 0.3397374 0.4424079 0.3707560 0.3446708 0.4413888 0.4509355 0.4848902 0.4752004 0.2346978 0.4249384 0.4654776 0.4305896 0.4358229 0.4268166 0.3504099 0.4672225 0.4062355 0.4713665 0.4124060 0.4424682 0.3494824 0.4270818 0.4552711 0.4797562 0.4166495 0.4157772 0.4794638 0.3909885 0.4785411 0.2874410 0.3619602 0.4390664 0.4388390 0.3991824 0.4246163 0.4442722 0.5519965 0.3807532 0.4231135 0.4715901 0.5257990 0.4667798 0.4409402 0.4023786 0.9400328 0.3414066 0.3960159 0.2409081 0.4279011 0.4892935 0.3724776 0.4644633 0.3921825 0.2186357 0.4766825 0.4242993 0.3766092 0.3982482 0.4845972 0.4286381 0.2869613 0.3318496 0.4678167 0.4382742 0.4295777 0.7079043 0.4185517 0.3782305 
Lycapsus_tenuifolius_17                    0.1328997 0.1856025 0.1334346 0.5225437 0.1247482 0.2904634 0.1087628 0.3571608 0.0000000 0.1509817 0.1776846 0.1585310 0.1221031 0.1034390 0.1848459 0.0849516 0.1991742 0.1487283 0.1581644 0.1928016 0.0930445 0.0312307 0.1611924 0.1795093 0.1598612 0.1700713 0.1541612 0.0583621 0.0290002 0.1699902 0.2170616 0.0059387 0.1667399 0.1443935 0.1777850 0.2441339 0.2042145 0.1620373 0.1757340 0.0867477 0.1729193 0.2129877 0.2011086 0.0902411 0.1989927 0.1640252 0.1293465 0.2399602 0.1958656 0.4724484 0.1302921 0.1911178 0.0762558 0.1602116 0.1340236 0.1727074 0.1694429 0.0818095 0.0720165 0.1536120 0.0299786 0.1660274 0.0848009 0.1250852 0.2387908 0.2175070 0.0332945 0.0727670 0.1600610 0.0863244 0.1657834 0.0934535 0.1651313 0.0895132 0.2603812 0.0764284 0.1745638 0.1619553 0.1965880 0.1767301 0.1015275 
Pericome_caudata_50_silver                 0.1542502 0.1933037 0.1582257 0.5162399 0.1592104 0.2029559 0.1645607 0.3777315 0.1509817 0.0000000 0.1677582 0.1515113 0.1400577 0.1390396 0.1686317 0.1360731 0.1653900 0.1705322 0.1610613 0.1733932 0.1484506 0.1284283 0.1557868 0.2295288 0.1435628 0.1672929 0.1940456 0.1381757 0.1154731 0.1645611 0.1698702 0.1167268 0.1631103 0.1172962 0.1693637 0.2553384 0.1881951 0.1561613 0.1710795 0.1381904 0.1675631 0.1665775 0.1533865 0.1251086 0.1931125 0.1441784 0.1587440 0.1928952 0.2133252 0.4580503 0.1515757 0.2129056 0.1579987 0.1833529 0.1640533 0.1530648 0.1484164 0.1969919 0.0927083 0.1499024 0.0991450 0.1648750 0.1586151 0.1496387 0.1814586 0.1611505 0.1255857 0.1443912 0.1546252 0.1566540 0.1492969 0.1417768 0.1654347 0.1290098 0.1840228 0.1652366 0.1711264 0.1585439 0.2602199 0.1564910 0.1197091 
Perityle_aglossa_84_dead_horse             0.2344483 0.1843410 0.1138924 0.4618009 0.1771705 0.2846798 0.1400918 0.4200476 0.1776846 0.1677582 0.0000000 0.0672059 0.0136928 0.0383725 0.1558735 0.1018787 0.0888444 0.1271245 0.1004519 0.1021335 0.1022861 0.0541788 0.0461928 0.1508862 0.0658442 0.0701185 0.1608383 0.1105954 0.0703430 0.2015895 0.1332452 0.0879937 0.1107737 0.1077047 0.1454962 0.1403395 0.1922116 0.0282274 0.1351000 0.0954542 0.1337347 0.1773540 0.1145366 0.0991195 0.1765650 0.0707837 0.1310626 0.1155298 0.1408310 0.2105013 0.1435719 0.1039313 0.1333871 0.0486740 0.1286978 0.0834300 0.0742012 0.1494364 0.0098540 0.1261314 0.0202114 0.0446492 0.1191929 0.1467419 0.2397175 0.2349745 0.0652927 0.1046439 0.0455889 0.1226573 0.0630067 0.0978227 0.1134724 0.0086590 0.2571955 0.1218679 0.1178328 0.0261233 0.2358815 0.0900916 0.0606406 
Perityle_ajoensis_204                      0.1608471 0.1650266 0.1604711 0.5001813 0.1987268 0.2403604 0.1701231 0.4331986 0.1585310 0.1515113 0.0672059 0.0000000 0.0621599 0.1031809 0.1462124 0.1514588 0.1393432 0.1704084 0.1601222 0.1399812 0.0094169 0.0785623 0.0539233 0.2244157 0.0082812 0.0994898 0.1622455 0.1036109 0.0844695 0.1394961 0.1768514 0.1385253 0.1582791 0.0837649 0.1785807 0.2463623 0.1649014 0.0561044 0.1742757 0.0084766 0.1641469 0.1809787 0.1261947 0.1269681 0.1675686 0.0120736 0.1761156 0.1666363 0.1797906 0.3590199 0.0983643 0.2179937 0.1514024 0.1204801 0.1529032 0.0115658 0.0072835 0.2350234 0.0433222 0.1114627 0.0346364 0.0655108 0.1492401 0.0922499 0.2261362 0.1753351 0.0839888 0.1730231 0.0534951 0.1392362 0.0038936 0.0093607 0.1592293 0.0040642 0.2267531 0.1328965 0.1528822 0.0878441 0.2305744 0.0110096 0.0831540 
Perityle_ambrosiifolia_67_green            0.1329196 0.1972754 0.1091843 0.5295045 0.1424469 0.2030236 0.1844466 0.4455513 0.1221031 0.1400577 0.0136928 0.0621599 0.0000000 0.0514558 0.1442107 0.0902951 0.1249979 0.1258225 0.0988666 0.0854467 0.0857887 0.0672368 0.0016551 0.1089491 0.0634583 0.0595130 0.0956422 0.0928218 0.0934775 0.1074776 0.1199394 0.0664308 0.1009169 0.0778135 0.1187990 0.1804187 0.1801666 0.0033381 0.1223120 0.0830253 0.1264866 0.1988777 0.1019571 0.0799519 0.1235598 0.0662958 0.1300274 0.1932713 0.1059583 0.3087770 0.0803610 0.1449284 0.1005293 0.0541174 0.0919980 0.0649877 0.0349506 0.1425080 0.0447094 0.0954023 0.0414201 0.0218016 0.1147783 0.0712520 0.2023707 0.1489045 0.0535842 0.0951474 0.0011035 0.0982684 0.0217797 0.0876157 0.1052851 0.0000010 0.2037439 0.1178476 0.1141882 0.0412152 0.2131598 0.0528678 0.0469261 
Perityle_angustifolia_13_Eagle_creek       0.1495494 0.1486021 0.1481017 0.4807928 0.1512708 0.1775324 0.1454442 0.3397374 0.1034390 0.1390396 0.0383725 0.1031809 0.0514558 0.0000000 0.1672957 0.0724514 0.1341213 0.1145634 0.1189593 0.0898587 0.0963352 0.0228068 0.0782548 0.1132286 0.1014316 0.0951826 0.1272154 0.1316064 0.0578439 0.1316156 0.1497555 0.0671117 0.1228801 0.0864691 0.1449305 0.1666312 0.1866555 0.0774601 0.1395319 0.0922538 0.1270705 0.1801226 0.1450954 0.0564484 0.0655107 0.1055526 0.1370499 0.1328960 0.1388875 0.3333889 0.1069537 0.0737895 0.1221012 0.0560309 0.0672382 0.1048635 0.0992387 0.1272270 0.0077307 0.1036414 0.0341745 0.0813014 0.1262533 0.1005070 0.1336103 0.1039502 0.0115233 0.0671625 0.0768902 0.1385732 0.0964719 0.0916556 0.1307479 0.0677524 0.1412264 0.1177969 0.0969325 0.0830620 0.2042951 0.1055099 0.0818322 
Perityle_batopilensis_97                   0.2060736 0.1399877 0.1847706 0.5150797 0.2177680 0.2703707 0.1413948 0.4424079 0.1848459 0.1686317 0.1558735 0.1462124 0.1442107 0.1672957 0.0000000 0.1215764 0.1510956 0.1441565 0.1266380 0.1495799 0.1424424 0.0404332 0.1582703 0.1950037 0.1373092 0.1716853 0.2212113 0.1511420 0.1111408 0.2028021 0.1870474 0.1542612 0.1272045 0.1115114 0.1879366 0.2333437 0.0171740 0.1603966 0.1796291 0.1383158 0.1795933 0.1787523 0.1030002 0.1441206 0.2562993 0.1396322 0.1756373 0.1764723 0.1807315 0.3218724 0.1746893 0.1835709 0.1886881 0.1654886 0.1768281 0.1468345 0.1404300 0.3220885 0.0050111 0.1625319 0.0348554 0.1690997 0.1907407 0.1800141 0.2324838 0.2140557 0.0488690 0.1385627 0.1582703 0.1711478 0.1478912 0.1374977 0.1224990 0.1053400 0.2201019 0.1747755 0.1310351 0.1674443 0.2830153 0.1542340 0.1255080 
Perityle_bisetosa_9                        0.1338055 0.1883556 0.1234106 0.4589840 0.1480445 0.1786880 0.1642562 0.3707560 0.0849516 0.1360731 0.1018787 0.1514588 0.0902951 0.0724514 0.1215764 0.0000000 0.1294324 0.0987348 0.0723757 0.0652004 0.1644717 0.0375444 0.1074299 0.0645792 0.1503631 0.1272842 0.1269695 0.1139802 0.0783408 0.1151638 0.1174568 0.0805328 0.0716530 0.0907848 0.1271192 0.1555122 0.1546864 0.1079238 0.1218738 0.1593603 0.1262445 0.1836028 0.0789175 0.0591007 0.0680303 0.1550200 0.1268453 0.1201097 0.0612337 0.3117228 0.0956154 0.0217490 0.1207360 0.1022845 0.0591866 0.1523021 0.1314029 0.1093290 0.0204248 0.1032810 0.0588228 0.1177145 0.1357101 0.0916088 0.1516271 0.1059976 0.0069891 0.0118772 0.1068323 0.1112575 0.1178769 0.1626868 0.0719330 0.1085906 0.1350073 0.1391461 0.0760817 0.1093364 0.2345106 0.1478370 0.0597967 
Perityle_californica_76_positas            0.1716696 0.1293298 0.1380214 0.4786219 0.1711799 0.2218181 0.1310168 0.3446708 0.1991742 0.1653900 0.0888444 0.1393432 0.1249979 0.1341213 0.1510956 0.1294324 0.0000000 0.1348305 0.1336095 0.0939045 0.1356531 0.0453328 0.1391089 0.1621688 0.1348024 0.1316350 0.1771527 0.1556482 0.0604989 0.1505121 0.1400587 0.1041964 0.1414042 0.0950059 0.1472682 0.1924847 0.1661495 0.1410487 0.1497883 0.1280292 0.1440691 0.1586789 0.1618982 0.0455901 0.2203485 0.1394811 0.1472984 0.1531374 0.1879103 0.3110084 0.1249664 0.1704574 0.1415571 0.1001566 0.1199984 0.1374370 0.1311842 0.0444270 0.0191674 0.1009264 0.0670989 0.1482718 0.1311075 0.1193944 0.2125030 0.1830038 0.0445140 0.1011308 0.1378808 0.1510514 0.1389482 0.1312578 0.1411058 0.1125177 0.2368040 0.1292644 0.1169307 0.1389040 0.2284828 0.1354264 0.0778043 
Perityle_canescens_77                      0.1626734 0.1881278 0.1290101 0.5010219 0.1801835 0.2419552 0.1660145 0.4413888 0.1487283 0.1705322 0.1271245 0.1704084 0.1258225 0.1145634 0.1441565 0.0987348 0.1348305 0.0000000 0.1048900 0.1015706 0.2173303 0.0476754 0.1296810 0.1545507 0.1689791 0.1465614 0.1424968 0.1247337 0.0837811 0.1400233 0.1222977 0.1109362 0.1057331 0.1025879 0.1410930 0.1714144 0.1757923 0.1320312 0.1454295 0.2106399 0.1472181 0.1959037 0.1060648 0.1102258 0.1984790 0.1709653 0.1463704 0.1549304 0.1597101 0.3090363 0.1158109 0.1147482 0.1517233 0.1200186 0.1066289 0.1730770 0.1494853 0.1253863 0.0290017 0.1126285 0.0406029 0.1439968 0.1555511 0.1128271 0.2243742 0.1812014 0.0666624 0.0968520 0.1284381 0.1289548 0.1380640 0.2124197 0.1034174 0.1033433 0.2376376 0.1600135 0.1145716 0.1463033 0.2352514 0.1649475 0.0807561 
Perityle_castillonii_96                    0.1760713 0.1834775 0.1351350 0.5038409 0.1392729 0.2389891 0.1678309 0.4509355 0.1581644 0.1610613 0.1004519 0.1601222 0.0988666 0.1189593 0.1266380 0.0723757 0.1336095 0.1048900 0.0000000 0.0180531 0.1893281 0.0621110 0.1337685 0.1321242 0.1722728 0.1228607 0.1530553 0.1284038 0.0894077 0.1242890 0.1184892 0.0890446 0.0190116 0.0885445 0.1494557 0.2322098 0.1610446 0.1344073 0.1529284 0.1901222 0.1426322 0.1838587 0.0082347 0.0834747 0.1968470 0.1692902 0.1709247 0.1831014 0.1355978 0.3227417 0.1112391 0.1247217 0.1201411 0.0982661 0.0878841 0.1703978 0.1366790 0.1002583 0.0488250 0.1036508 0.0613260 0.1404983 0.1611528 0.1074847 0.2197487 0.1751705 0.0733367 0.0489685 0.1338570 0.1267664 0.1253946 0.2006633 0.0196697 0.1082243 0.2259392 0.1392628 0.0305715 0.1311297 0.2148802 0.1512098 0.0711551 
Perityle_cernua_84                         0.2376982 0.1127637 0.1364318 0.4357683 0.0839420 0.2847310 0.1341218 0.4848902 0.1928016 0.1733932 0.1021335 0.1399812 0.0854467 0.0898587 0.1495799 0.0652004 0.0939045 0.1015706 0.0180531 0.0000000 0.1671547 0.0463711 0.1732215 0.1550250 0.1761319 0.1224066 0.1803994 0.1157668 0.0701813 0.1483266 0.1440147 0.0581745 0.0153637 0.0746447 0.1530230 0.2365363 0.1860920 0.1567326 0.1738111 0.1523308 0.1269330 0.1736618 0.0134047 0.0884579 0.2445265 0.1427569 0.1901426 0.1797308 0.1671093 0.2489799 0.1328364 0.1271080 0.0897699 0.0932934 0.0856795 0.1537690 0.1424815 0.0935724 0.0389359 0.1245091 0.0534134 0.1646986 0.1345655 0.1316815 0.2234546 0.2119636 0.0663655 0.0338630 0.1613882 0.1174021 0.1254672 0.2260561 0.0105529 0.1005657 0.2631888 0.0971539 0.0239229 0.1408487 0.2113565 0.1509428 0.0691197 
Perityle_cfvillosa_25_tin                  0.1606733 0.2339266 0.2016747 0.6415223 0.2002443 0.2220178 0.6455780 0.4752004 0.0930445 0.1484506 0.1022861 0.0094169 0.0857887 0.0963352 0.1424424 0.1644717 0.1356531 0.2173303 0.1893281 0.1671547 0.0000000 0.4860031 0.0878645 0.2011991 0.0071115 0.1226650 0.1427783 0.1027315 0.1108548 0.1383653 0.2317299 0.1512068 0.1817837 0.0923766 0.2067299 0.2345203 0.1549181 0.0916641 0.1993026 0.0052290 0.1770819 0.2294656 0.1110203 0.1308720 0.0758125 0.0107532 0.1876889 0.1513220 0.1307853 0.7853210 0.0961339 0.2310862 0.1544066 0.1920900 0.1555895 0.0106709 0.0030450 0.2689485 9.0000000 0.1224940 9.0000000 0.1033668 0.1661086 0.0817903 0.1966147 0.1044204 9.0000000 0.1871918 0.0871090 0.1613001 0.0055590 0.0098520 0.1843257 9.0000000 0.1565360 0.1429094 0.1645862 0.0990051 0.1453156 0.0014637 0.1088702 
Perityle_cinerea_113_Powell1310            0.0473097 0.0739347 0.0660736 0.1975387 0.5642527 0.0732490 0.1398170 0.2346978 0.0312307 0.1284283 0.0541788 0.0785623 0.0672368 0.0228068 0.0404332 0.0375444 0.0453328 0.0476754 0.0621110 0.0463711 0.4860031 0.0000000 0.0787993 0.0477511 0.0706196 0.0785752 0.0828224 0.0712312 0.0511054 0.0741580 0.0682073 0.4658783 0.0584285 0.0454418 0.0516127 0.1027233 0.0737735 0.0785555 0.0781227 0.3607710 0.0740738 0.1067638 0.0559580 0.0662945 0.1160290 0.0782863 0.0789478 0.0570069 0.0477511 0.0302040 0.0576965 0.0550325 0.3288207 0.0779573 0.0343194 0.0743472 0.0743472 9.0000000 0.0227086 0.0427496 0.0274459 0.0782835 0.2911207 0.0576965 0.1972450 0.1964671 0.0311464 0.6940758 0.0787993 0.0712312 0.0785260 0.6579198 0.0590428 0.0621435 0.1930511 0.3288207 0.0626632 0.0665774 0.7558270 0.0743472 0.0312192 
Perityle_coahuilensis_24                   0.1923871 0.1780445 0.1192594 0.5043173 0.1471654 0.2711104 0.1673380 0.4249384 0.1611924 0.1557868 0.0461928 0.0539233 0.0016551 0.0782548 0.1582703 0.1074299 0.1391089 0.1296810 0.1337685 0.1732215 0.0878645 0.0787993 0.0000000 0.1688918 0.0746149 0.0717457 0.1620257 0.1037219 0.0931549 0.1747146 0.1867005 0.0866559 0.1293487 0.1028803 0.1502965 0.2414791 0.1890564 0.0037433 0.1454176 0.0867517 0.1372219 0.1854960 0.1327498 0.0991798 0.1800653 0.0601420 0.1865228 0.2058852 0.1695881 0.3341207 0.1166441 0.1891616 0.1046310 0.0581581 0.1410337 0.0603949 0.0332603 0.1479210 0.0485643 0.1195023 0.0346908 0.0288524 0.1264728 0.1171849 0.2354300 0.2063320 0.0877123 0.1513554 0.0000010 0.1170821 0.0271486 0.1206187 0.1233386 0.0185207 0.2230813 0.1159440 0.1394128 0.0556291 0.2375282 0.0487683 0.0785738 
Perityle_cochisensis_44_cave_creek         0.2150282 0.1930483 0.1770450 0.5458797 0.1529611 0.2516988 0.2394394 0.4654776 0.1795093 0.2295288 0.1508862 0.2244157 0.1089491 0.1132286 0.1950037 0.0645792 0.1621688 0.1545507 0.1321242 0.1550250 0.2011991 0.0477511 0.1688918 0.0000000 0.2246655 0.1920501 0.1755486 0.1811399 0.0913047 0.1759339 0.2008033 0.0917398 0.1312179 0.1082680 0.1738710 0.2299387 0.2259006 0.1694203 0.1677798 0.1925683 0.1731464 0.2667540 0.1577052 0.1345042 0.2004538 0.2283387 0.1761865 0.1755945 0.0010300 0.1136079 0.1588789 0.0830704 0.1366001 0.1903403 0.1588749 0.2247600 0.1982013 0.1263551 0.0383972 0.1518499 0.2228252 0.1810693 0.1662868 0.1493962 0.2580784 0.2162208 0.0909524 0.0324640 0.1683332 0.1763005 0.1853107 0.1990316 0.1303837 0.2884305 0.2842086 0.1508828 0.1445139 0.1644499 0.2646068 0.2145238 0.1176830 
Perityle_congesta_202                      0.1662520 0.1701359 0.1656071 0.5011024 0.1984035 0.2444151 0.1659092 0.4305896 0.1598612 0.1435628 0.0658442 0.0082812 0.0634583 0.1014316 0.1373092 0.1503631 0.1348024 0.1689791 0.1722728 0.1761319 0.0071115 0.0706196 0.0746149 0.2246655 0.0000000 0.0948504 0.1600121 0.0969020 0.0823166 0.1395470 0.2084470 0.1591019 0.1663577 0.0809841 0.1899097 0.2592288 0.1550114 0.0760896 0.2024577 0.0044759 0.1617583 0.1788614 0.1209323 0.1269831 0.1648498 0.0080897 0.2007208 0.1693826 0.1742396 0.3410900 0.0945436 0.2349433 0.1491979 0.1175827 0.1493369 0.0103736 0.0025131 0.2450331 0.0381957 0.1101163 0.0294776 0.0857332 0.1623478 0.0860668 0.2406765 0.1749375 0.0836291 0.2323646 0.0721774 0.1334905 0.0047135 0.0321324 0.1665907 0.0000010 0.2220445 0.1306943 0.1540988 0.0969149 0.2329682 0.0058378 0.0984116 
Perityle_cordifolia_68_tecolote            0.2115249 0.1586649 0.1303503 0.4990940 0.1680608 0.2800063 0.1675335 0.4358229 0.1700713 0.1672929 0.0701185 0.0994898 0.0595130 0.0951826 0.1716853 0.1272842 0.1316350 0.1465614 0.1228607 0.1224066 0.1226650 0.0785752 0.0717457 0.1920501 0.0948504 0.0000000 0.1724195 0.1171139 0.0896504 0.1787422 0.1529824 0.0936783 0.1272682 0.0988767 0.1522852 0.2241879 0.1990103 0.0686553 0.1449165 0.1173771 0.1480804 0.1838302 0.1316036 0.1116567 0.2144812 0.0993474 0.1496451 0.2217814 0.1854848 0.3394712 0.1267685 0.1952612 0.1281696 0.0186486 0.1435511 0.0999676 0.0886869 0.1444768 0.0490594 0.1365777 0.0448477 0.0797861 0.1305327 0.1287991 0.2341906 0.2117020 0.0916053 0.1178315 0.0713962 0.1278185 0.0808219 0.1236689 0.1295462 0.0599447 0.2389102 0.1357894 0.1354824 0.0771011 0.2389363 0.1056523 0.0618531 
Perityle_coronopifolia_28_patagonia        0.2238297 0.1799039 0.1722069 0.5498886 0.1590589 0.3110315 0.1727144 0.4268166 0.1541612 0.1940456 0.1608383 0.1622455 0.0956422 0.1272154 0.2212113 0.1269695 0.1771527 0.1424968 0.1530553 0.1803994 0.1427783 0.0828224 0.1620257 0.1755486 0.1600121 0.1724195 0.0000000 0.1384700 0.0932077 0.2024245 0.2032455 0.0771018 0.1792569 0.1248695 0.1901029 0.2624130 0.2513591 0.1370285 0.1905744 0.1386819 0.1765765 0.2267575 0.2083617 0.1265160 0.2187215 0.1619270 0.1738026 0.2483264 0.2071686 0.4022039 0.0631455 0.1790412 0.0391263 0.1315614 0.1405558 0.1888301 0.1749064 0.0576848 0.0535393 0.0486300 0.0685618 0.1744566 0.0636941 0.0621569 0.2497597 0.2524269 0.0810767 0.1085651 0.1610379 0.1495943 0.1698112 0.1458629 0.1809822 0.1175896 0.2819413 0.0376802 0.1999757 0.1477774 0.1980147 0.1907808 0.1095423 
Perityle_crassifolia_70_ventanas           0.1220426 0.1521004 0.1210033 0.4917993 0.1553511 0.2237161 0.1420837 0.3504099 0.0583621 0.1381757 0.1105954 0.1036109 0.0928218 0.1316064 0.1511420 0.1139802 0.1556482 0.1247337 0.1284038 0.1157668 0.1027315 0.0712312 0.1037219 0.1811399 0.0969020 0.1171139 0.1384700 0.0000000 0.0108528 0.1159167 0.1324352 0.0094852 0.1243290 0.0890477 0.1377872 0.1853621 0.1668652 0.1025035 0.1360749 0.0914398 0.1368876 0.1476166 0.1310352 0.1024464 0.1695567 0.1003402 0.1334199 0.1633807 0.1682986 0.3527832 0.1010726 0.1737778 0.1108955 0.1106592 0.1108271 0.0991731 0.0963025 0.0953010 0.0236648 0.0877821 0.0369733 0.1114193 0.1219730 0.0948300 0.1795997 0.1526324 0.0695766 0.1116278 0.1026059 0.0130219 0.0999338 0.1012127 0.1276978 0.0934535 0.1997518 0.1158065 0.1329223 0.1059322 0.2184464 0.1024988 0.0680451 
Perityle_crassifolia_74_playa_balandra     0.0658510 0.0532524 0.0954461 0.2605536 0.1299678 0.1164016 0.1234248 0.4672225 0.0290002 0.1154731 0.0703430 0.0844695 0.0934775 0.0578439 0.1111408 0.0783408 0.0604989 0.0837811 0.0894077 0.0701813 0.1108548 0.0511054 0.0931549 0.0913047 0.0823166 0.0896504 0.0932077 0.0108528 0.0000000 0.0808999 0.0764430 0.0285168 0.0794021 0.0721364 0.0919000 0.1072908 0.1360483 0.0907487 0.0979778 0.0984626 0.0958277 0.1235718 0.0844048 0.0624732 0.1321051 0.0865440 0.1014417 0.0731747 0.0961131 0.0566085 0.0757330 0.1071155 0.1133565 0.0802630 0.0667733 0.0826175 0.0806435 0.0886866 0.0251434 0.0576348 0.0296483 0.0994657 0.1275765 0.0739939 0.1722753 0.1577792 0.0483135 0.0926004 0.0929461 0.0126284 0.0844490 0.1075841 0.0859467 0.0624517 0.2176537 0.1237959 0.0809722 0.0868408 0.2312361 0.0843475 0.0581556 
Perityle_cuneata_34_cuneata_San_antonio    0.2150807 0.1646763 0.1315874 0.5068363 0.1475017 0.2957449 0.1631105 0.4062355 0.1699902 0.1645611 0.2015895 0.1394961 0.1074776 0.1316156 0.2028021 0.1151638 0.1505121 0.1400233 0.1242890 0.1483266 0.1383653 0.0741580 0.1747146 0.1759339 0.1395470 0.1787422 0.2024245 0.1159167 0.0808999 0.0000000 0.1964984 0.0910425 0.1594242 0.1631945 0.1952822 0.2617570 0.2189321 0.1418785 0.1811000 0.1354555 0.1518917 0.2138451 0.1818066 0.1107178 0.2219843 0.1429370 0.1437398 0.2153843 0.2219998 0.4420385 0.1595308 0.1805841 0.1299286 0.1198355 0.1203918 0.1879958 0.1848568 0.1477751 0.0189853 0.1363799 0.0563115 0.1833981 0.1412630 0.1734586 0.2157535 0.2160359 0.0493990 0.1188979 0.1747805 0.1461085 0.1790083 0.1418099 0.1516508 0.1079943 0.2131620 0.1391163 0.1769263 0.1474045 0.2329270 0.1884054 0.1303452 
Perityle_cuneata_4                         0.2626393 0.1565269 0.1428042 0.4768885 0.1754835 0.2905806 0.1679063 0.4713665 0.2170616 0.1698702 0.1332452 0.1768514 0.1199394 0.1497555 0.1870474 0.1174568 0.1400587 0.1222977 0.1184892 0.1440147 0.2317299 0.0682073 0.1867005 0.2008033 0.2084470 0.1529824 0.2032455 0.1324352 0.0764430 0.1964984 0.0000000 0.0994263 0.1254862 0.1124971 0.1636882 0.2779940 0.2221069 0.1714498 0.1802668 0.2402211 0.1408281 0.1965199 0.1387353 0.1134325 0.2893786 0.1881233 0.1970950 0.2438145 0.2007434 0.2981666 0.1553240 0.1864084 0.1431025 0.1244512 0.1232319 0.2002170 0.1624056 0.1259454 0.0335495 0.1416951 0.0630762 0.1817746 0.2010517 0.1679499 0.2426833 0.2225064 0.0668657 0.1448439 0.1767288 0.1299728 0.1530627 0.2980300 0.1213582 0.1136202 0.2217548 0.1851037 0.1469570 0.1552269 0.2820250 0.1791868 0.1107518 
Perityle_discoidea_81                      0.1350347 0.2067650 0.0853174 0.5903354 0.1197677 0.1938647 0.4720945 0.4124060 0.0059387 0.1167268 0.0879937 0.1385253 0.0664308 0.0671117 0.1542612 0.0805328 0.1041964 0.1109362 0.0890446 0.0581745 0.1512068 0.4658783 0.0866559 0.0917398 0.1591019 0.0936783 0.0771018 0.0094852 0.0285168 0.0910425 0.0994263 0.0000000 0.0907344 0.0769744 0.1286160 0.1696084 0.1976678 0.0863353 0.1192061 0.1406870 0.1145051 0.1900961 0.1163886 0.0518783 0.0730839 0.1536441 0.1379301 0.1875095 0.0982262 0.7684698 0.0703768 0.0921439 0.0826232 0.0885823 0.0846641 0.1537428 0.1080630 0.0883738 9.0000000 0.0725332 9.0000000 0.0975582 0.1217132 0.0605506 0.1496669 0.0706629 9.0000000 0.0812374 0.0848100 0.0114129 0.0812699 0.1513614 0.0946022 9.0000000 0.1186289 0.1013795 0.1022734 0.0870578 0.1006567 0.1314287 0.0459910 
Perityle_dissecta_201                      0.1978100 0.1771230 0.1309512 0.5130543 0.1338065 0.2633766 0.1711321 0.4424682 0.1667399 0.1631103 0.1107737 0.1582791 0.1009169 0.1228801 0.1272045 0.0716530 0.1414042 0.1057331 0.0190116 0.0153637 0.1817837 0.0584285 0.1293487 0.1312179 0.1663577 0.1272682 0.1792569 0.1243290 0.0794021 0.1594242 0.1254862 0.0907344 0.0000000 0.1011451 0.1481081 0.2224991 0.1587003 0.1228929 0.1432943 0.1845532 0.1418399 0.1816153 0.0133485 0.0877539 0.2143334 0.1667130 0.1564933 0.1949294 0.1344417 0.3073486 0.1410644 0.1365606 0.1253231 0.0959968 0.0899285 0.1683053 0.1414861 0.1024425 0.0436959 0.1244426 0.0558698 0.1341210 0.1626032 0.1399636 0.2183307 0.1901157 0.0661615 0.0479652 0.1294262 0.1268185 0.1334231 0.1955785 0.0177104 0.1054403 0.2172797 0.1420288 0.0294464 0.1331243 0.2071540 0.1552338 0.0784176 
Perityle_emoryi_47_punta_san_jose          0.1429212 0.1192992 0.0830820 0.4777756 0.1360177 0.2469401 0.1257056 0.3494824 0.1443935 0.1172962 0.1077047 0.0837649 0.0778135 0.0864691 0.1115114 0.0907848 0.0950059 0.1025879 0.0885445 0.0746447 0.0923766 0.0454418 0.1028803 0.1082680 0.0809841 0.0988767 0.1248695 0.0890477 0.0721364 0.1631945 0.1124971 0.0769744 0.1011451 0.0000000 0.1151865 0.1016631 0.1238714 0.0868057 0.1194309 0.0896753 0.1100876 0.1099467 0.1025628 0.0847871 0.1781621 0.0818015 0.1038886 0.1027879 0.1268977 0.2181034 0.1133383 0.1109364 0.0987539 0.0720199 0.1112121 0.1047577 0.1004548 0.0620302 0.0051309 0.0854304 0.0120292 0.1113390 0.0994811 0.1193817 0.1962517 0.1931519 0.0435738 0.1054619 0.1034356 0.0931907 0.1084399 0.0853729 0.1038939 0.0547053 0.2020022 0.0952333 0.1046767 0.1004080 0.2290121 0.1108017 0.0760267 
Perityle_feddemae_99                       0.2119797 0.1717780 0.1435976 0.5165762 0.1771102 0.2698296 0.1512194 0.4270818 0.1777850 0.1693637 0.1454962 0.1785807 0.1187990 0.1449305 0.1879366 0.1271192 0.1472682 0.1410930 0.1494557 0.1530230 0.2067299 0.0516127 0.1502965 0.1738710 0.1899097 0.1522852 0.1901029 0.1377872 0.0919000 0.1952822 0.1636882 0.1286160 0.1481081 0.1151865 0.0000000 0.2343062 0.2195486 0.1399253 0.0589961 0.2032524 0.0519978 0.2099642 0.1507079 0.1055708 0.2090568 0.1868547 0.0523753 0.2123283 0.1870212 0.3234955 0.1476760 0.1631542 0.1481893 0.1380555 0.1501729 0.1965714 0.1699335 0.1747713 0.0237790 0.1472077 0.0681772 0.1604820 0.1845894 0.1549584 0.2323548 0.2068398 0.0527427 0.1455840 0.1492991 0.1457177 0.1598039 0.2102833 0.1448488 0.1207700 0.2070844 0.1631823 0.1646879 0.1476213 0.2633209 0.1839624 0.1158791 
Perityle_gamon_221                         0.2509814 0.2053577 0.2319461 0.5783021 0.1905659 0.3240264 0.1760787 0.4552711 0.2441339 0.2553384 0.1403395 0.2463623 0.1804187 0.1666312 0.2333437 0.1555122 0.1924847 0.1714144 0.2322098 0.2365363 0.2345203 0.1027233 0.2414791 0.2299387 0.2592288 0.2241879 0.2624130 0.1853621 0.1072908 0.2617570 0.2779940 0.1696084 0.2224991 0.1016631 0.2343062 0.0000000 0.2545678 0.2342391 0.2229307 0.2228461 0.1947421 0.1528981 0.2154747 0.2003790 0.2853735 0.2518758 0.2321516 0.2805740 0.2036320 0.3281685 0.2184660 0.2531739 0.1593098 0.1335802 0.1716237 0.2549665 0.2291918 0.1706933 0.0591237 0.1521044 0.0536212 0.2426126 0.3209504 0.2215130 0.3333957 0.3054339 0.0923009 0.1840502 0.2386166 0.1744761 0.2219206 0.2350086 0.2156462 0.1222551 0.3090381 0.2400674 0.2236301 0.2397715 0.2517938 0.2336846 0.1853221 
Perityle_gentryi_8_san_francisco           0.2248042 0.1689813 0.2127504 0.5335178 0.2559073 0.2769774 0.1666823 0.4797562 0.2042145 0.1881951 0.1922116 0.1649014 0.1801666 0.1866555 0.0171740 0.1546864 0.1661495 0.1757923 0.1610446 0.1860920 0.1549181 0.0737735 0.1890564 0.2259006 0.1550114 0.1990103 0.2513591 0.1668652 0.1360483 0.2189321 0.2221069 0.1976678 0.1587003 0.1238714 0.2195486 0.2545678 0.0000000 0.1927359 0.2132049 0.1459986 0.2144572 0.2010379 0.1209320 0.1779861 0.2755474 0.1552129 0.2120076 0.1945881 0.1925379 0.3269254 0.1954505 0.2154053 0.2238625 0.2135567 0.1995976 0.1628850 0.1550960 0.3784111 0.0334372 0.1840398 0.0673033 0.1995131 0.2254748 0.1989878 0.2483709 0.2266417 0.0840382 0.1782566 0.1885618 0.2030809 0.1662197 0.1473773 0.1544476 0.1407324 0.2298913 0.2076058 0.1591401 0.1977510 0.3049034 0.1691880 0.1565182 
Perityle_gilensis_salensis_225             0.1702701 0.1822570 0.1205948 0.5111296 0.1497016 0.2550468 0.1706384 0.4166495 0.1620373 0.1561613 0.0282274 0.0561044 0.0033381 0.0774601 0.1603966 0.1079238 0.1410487 0.1320312 0.1344073 0.1567326 0.0916641 0.0785555 0.0037433 0.1694203 0.0760896 0.0686553 0.1370285 0.1025035 0.0907487 0.1418785 0.1714498 0.0863353 0.1228929 0.0868057 0.1399253 0.2342391 0.1927359 0.0000000 0.1363205 0.0908523 0.1393317 0.1829873 0.1246275 0.0982758 0.1680023 0.0631763 0.1748810 0.2017926 0.1618856 0.3396641 0.0950431 0.1888269 0.1052463 0.0592828 0.1381337 0.0638290 0.0350421 0.1487987 0.0483694 0.1084523 0.0346195 0.0282225 0.1297172 0.0895532 0.2357823 0.1863539 0.0874683 0.1506302 0.0033703 0.1101834 0.0266760 0.1201139 0.1190936 0.0164095 0.2220217 0.1163117 0.1363232 0.0495453 0.2369573 0.0487176 0.0726915 
Perityle_glaucescens_94                    0.2124680 0.1757915 0.1366989 0.5294600 0.1712091 0.2827891 0.1502144 0.4157772 0.1757340 0.1710795 0.1351000 0.1742757 0.1223120 0.1395319 0.1796291 0.1218738 0.1497883 0.1454295 0.1529284 0.1738111 0.1993026 0.0781227 0.1454176 0.1677798 0.2024577 0.1449165 0.1905744 0.1360749 0.0979778 0.1811000 0.1802668 0.1192061 0.1432943 0.1194309 0.0589961 0.2229307 0.2132049 0.1363205 0.0000000 0.1957467 0.0161155 0.1951843 0.1500404 0.1009825 0.2071719 0.1848544 0.0519329 0.2102466 0.1762178 0.3036258 0.1405436 0.1718174 0.1408055 0.1355981 0.1416669 0.1901728 0.1598182 0.1379046 0.0531748 0.1450515 0.0758323 0.1506248 0.1761537 0.1450670 0.2378450 0.2086821 0.0696623 0.1721757 0.1387603 0.1366464 0.1498998 0.2291008 0.1386013 0.1278652 0.2236074 0.1550165 0.1555786 0.1413286 0.2485255 0.1756716 0.1149094 
Perityle_gracilis_11                       0.1542219 0.2259922 0.1993066 0.6235238 0.1898674 0.2202400 0.6455780 0.4794638 0.0867477 0.1381904 0.0954542 0.0084766 0.0830253 0.0922538 0.1383158 0.1593603 0.1280292 0.2106399 0.1901222 0.1523308 0.0052290 0.3607710 0.0867517 0.1925683 0.0044759 0.1173771 0.1386819 0.0914398 0.0984626 0.1354555 0.2402211 0.1406870 0.1845532 0.0896753 0.2032524 0.2228461 0.1459986 0.0908523 0.1957467 0.0000000 0.1711134 0.2236545 0.1174329 0.1302685 0.0521925 0.0060144 0.1811690 0.1336686 0.1273511 0.7787130 0.0897294 0.1994222 0.1464038 0.1753778 0.1401177 0.0082544 0.0048278 0.2372920 9.0000000 0.1133645 9.0000000 0.1041167 0.1642721 0.0752984 0.1917947 0.1009339 9.0000000 0.1826385 0.0859500 0.1493709 0.0058953 0.0091591 0.1872140 9.0000000 0.1625570 0.1378085 0.1582979 0.0986543 0.1398910 0.0054765 0.1095699 
Perityle_harkerae_31                       0.1733740 0.1766215 0.1400867 0.5296587 0.1735240 0.2675024 0.1500397 0.3909885 0.1729193 0.1675631 0.1337347 0.1641469 0.1264866 0.1270705 0.1795933 0.1262445 0.1440691 0.1472181 0.1426322 0.1269330 0.1770819 0.0740738 0.1372219 0.1731464 0.1617583 0.1480804 0.1765765 0.1368876 0.0958277 0.1518917 0.1408281 0.1145051 0.1418399 0.1100876 0.0519978 0.1947421 0.2144572 0.1393317 0.0161155 0.1711134 0.0000000 0.1826124 0.1480488 0.1006992 0.2027511 0.1667752 0.0102021 0.1863466 0.1719593 0.3104478 0.1274533 0.1558428 0.1458205 0.1395332 0.1429574 0.1653462 0.1536326 0.1518926 0.0480634 0.1317707 0.0757636 0.1465882 0.1416869 0.1233900 0.2118040 0.1814684 0.0695797 0.1311799 0.1361006 0.1358945 0.1412395 0.1745413 0.1425103 0.1253400 0.2197173 0.1353784 0.1501934 0.1413316 0.2494880 0.1674062 0.0913064 
Perityle_hofmeisteria_4_nombre_de_dios     0.2221390 0.2084563 0.1960115 0.5135314 0.2487261 0.2682402 0.1809157 0.4785411 0.2129877 0.1665775 0.1773540 0.1809787 0.1988777 0.1801226 0.1787523 0.1836028 0.1586789 0.1959037 0.1838587 0.1736618 0.2294656 0.1067638 0.1854960 0.2667540 0.1788614 0.1838302 0.2267575 0.1476166 0.1235718 0.2138451 0.1965199 0.1900961 0.1816153 0.1099467 0.2099642 0.1528981 0.2010379 0.1829873 0.1951843 0.2236545 0.1826124 0.0000000 0.1447740 0.1722487 0.2864458 0.1817071 0.2042280 0.2242075 0.2194435 0.3434852 0.1666537 0.2563015 0.2061882 0.1870091 0.2017797 0.1917364 0.1647607 0.2877243 0.0689808 0.1623724 0.0575298 0.1919916 0.2296158 0.1682931 0.2688530 0.2248651 0.0984774 0.2195522 0.1847131 0.1721859 0.1638525 0.2360630 0.1828399 0.1009832 0.2329528 0.2255032 0.1858800 0.1945512 0.2885917 0.1826538 0.1404734 
Perityle_huecosensis_48                    0.1965594 0.1887821 0.1432602 0.4885536 0.1747470 0.2779412 0.1710350 0.2874410 0.2011086 0.1533865 0.1145366 0.1261947 0.1019571 0.1450954 0.1030002 0.0789175 0.1618982 0.1060648 0.0082347 0.0134047 0.1110203 0.0559580 0.1327498 0.1577052 0.1209323 0.1316036 0.2083617 0.1310352 0.0844048 0.1818066 0.1387353 0.1163886 0.0133485 0.1025628 0.1507079 0.2154747 0.1209320 0.1246275 0.1500404 0.1174329 0.1480488 0.1447740 0.0000000 0.1123319 0.2491383 0.1270661 0.1479269 0.1702844 0.1440287 0.2866593 0.1503649 0.1709726 0.1375966 0.1001244 0.1081165 0.1318064 0.1280196 9.0000000 0.0390939 0.1208675 0.0572330 0.1346506 0.1453638 0.1553391 0.2296150 0.2266964 0.0676875 0.0548195 0.1322416 0.1401333 0.1349126 0.1192988 0.0146472 0.1078201 0.2194013 0.1359531 0.0222089 0.1371398 0.3835775 0.1309257 0.0941123 
Perityle_incana_3_ucla                     0.1140147 0.1633228 0.1142311 0.4744162 0.1127485 0.1733893 0.1242030 0.3619602 0.0902411 0.1251086 0.0991195 0.1269681 0.0799519 0.0564484 0.1441206 0.0591007 0.0455901 0.1102258 0.0834747 0.0884579 0.1308720 0.0662945 0.0991798 0.1345042 0.1269831 0.1116567 0.1265160 0.1024464 0.0624732 0.1107178 0.1134325 0.0518783 0.0877539 0.0847871 0.1055708 0.2003790 0.1779861 0.0982758 0.1009825 0.1302685 0.1006992 0.1722487 0.1123319 0.0000000 0.1401271 0.1303744 0.0876633 0.1677627 0.1423319 0.4090485 0.0986203 0.1339875 0.0839299 0.1160281 0.0739622 0.1316252 0.1148172 0.0783221 0.0597051 0.0951413 0.0411082 0.1091348 0.0844535 0.0924107 0.1318034 0.1093860 0.0350754 0.0569848 0.0978975 0.1059960 0.1032233 0.1349733 0.0912181 0.0883231 0.1350427 0.0886045 0.0978095 0.1013184 0.1917089 0.1313404 0.0489544 
Perityle_intricata_59_Clark_mtns           0.2356404 0.2167234 0.2113827 0.5831817 0.1511458 0.3023920 0.2230047 0.4390664 0.1989927 0.1931125 0.1765650 0.1675686 0.1235598 0.0655107 0.2562993 0.0680303 0.2203485 0.1984790 0.1968470 0.2445265 0.0758125 0.1160290 0.1800653 0.2004538 0.1648498 0.2144812 0.2187215 0.1695567 0.1321051 0.2219843 0.2893786 0.0730839 0.2143334 0.1781621 0.2090568 0.2853735 0.2755474 0.1680023 0.2071719 0.0521925 0.2027511 0.2864458 0.2491383 0.1401271 0.0000000 0.1673495 0.1647678 0.2434478 0.2263403 0.5289607 0.1934330 0.1752153 0.1156503 0.1962685 0.1584275 0.1770391 0.1759818 0.1395501 0.2467241 0.1940034 0.1227614 0.1858811 0.1451944 0.1846080 0.2750135 0.2617512 0.0878050 0.0733472 0.1796283 0.1923782 0.1682503 0.0530984 0.2133554 0.1458294 0.3067752 0.1281599 0.2085837 0.1811379 0.2026201 0.1814798 0.1493181 
Perityle_inyoensis_9_pleasant              0.1641281 0.1733145 0.1683520 0.5003714 0.1999485 0.2496982 0.1624856 0.4388390 0.1640252 0.1441784 0.0707837 0.0120736 0.0662958 0.1055526 0.1396322 0.1550200 0.1394811 0.1709653 0.1692902 0.1427569 0.0107532 0.0782863 0.0601420 0.2283387 0.0080897 0.0993474 0.1619270 0.1003402 0.0865440 0.1429370 0.1881233 0.1536441 0.1667130 0.0818015 0.1868547 0.2518758 0.1552129 0.0631763 0.1848544 0.0060144 0.1667752 0.1817071 0.1270661 0.1303744 0.1673495 0.0000000 0.1757934 0.1701976 0.1791814 0.3486301 0.0969897 0.2275252 0.1494135 0.1211663 0.1506307 0.0092917 0.0063365 0.2408771 0.0381957 0.1102066 0.0319935 0.0733732 0.1534367 0.0879229 0.2350852 0.1778303 0.0871988 0.1880919 0.0597190 0.1369352 0.0099537 0.0136293 0.1679446 0.0020227 0.2247337 0.1310263 0.1568115 0.0971127 0.2378536 0.0092521 0.0911362 
