79
Amauria_brandeegeana_62                    0.0000000 0.1552060 0.1981097 0.3781344 0.3043172 0.3700411 0.3036589 0.2365909 0.3650863 0.2411379 0.3215073 0.3359487 0.3073096 0.2998524 0.2418635 0.3105175 0.3382682 0.2962985 0.4473458 0.3088807 0.2263651 0.3082054 0.3310949 0.2898446 0.3134687 0.3726272 0.3871632 0.3930202 0.2628798 0.3669653 0.3125213 0.2581064 0.3344905 0.2169719 0.3622996 0.3262497 0.3706187 0.3147983 0.3375460 0.3391014 0.3765257 0.3163457 0.3137319 0.3300265 0.2838844 0.3266695 0.3405347 0.2962887 0.2732766 0.3118781 0.3231768 0.3376069 0.2685658 0.2787094 0.2104266 0.2561384 0.2896602 0.2699245 0.2537287 0.1120416 0.3485966 0.3948419 0.4959399 0.3114186 0.3511984 0.1009010 0.3377982 0.2777080 0.3414153 0.3038252 0.3353745 0.2050821 0.3479684 0.4502960 0.3251278 0.3487057 0.2956823 0.3226037 0.3225290 
Amauria_carterae_99_mesa                   0.1552060 0.0000000 0.1109782 0.2399043 0.1110125 0.2325489 0.1799378 0.2408128 0.2222029 0.1052222 0.1305383 0.1378592 0.1173486 0.1103961 0.0975758 0.1514643 0.1128853 0.1859998 0.2686238 0.1420478 0.0984143 0.2707335 0.0992682 0.1098664 0.1416666 0.1145452 0.1241289 0.1312012 0.1409865 0.0962793 0.1289138 0.1320814 0.1528838 0.1172274 0.1124701 0.1149354 0.1137461 0.1586050 0.1304256 0.1300957 0.1011655 0.1239097 0.1072259 0.1456167 0.1067701 0.1418600 0.1203084 0.0915051 0.0920470 0.1170566 0.1027233 0.1137047 0.1275709 0.1395930 0.0953056 0.1125971 0.0827819 0.1299641 0.2269046 0.0973913 0.1450603 0.1258963 0.4620134 0.1633931 0.1381651 0.1244465 0.1362497 0.1366887 0.1208186 0.1478261 0.1468784 0.1553501 0.1711962 0.1562477 0.1406529 0.1516633 0.1377917 0.1230586 0.1261072 
Amauria_rotundifolia_SRR9119150            0.1981097 0.1109782 0.0000000 0.2811117 0.2197799 0.2811812 0.3492560 0.2112180 0.2520811 0.1067311 0.2545139 0.2483345 0.2273224 0.2280446 0.1521205 0.2753426 0.1867076 0.2619810 0.4158741 0.2263359 0.1241185 0.1587466 0.1867050 0.2024033 0.2394571 0.2584700 0.2750796 0.2285821 0.1015421 0.2540912 0.2762044 0.1328038 0.2430030 0.1220011 0.2602743 0.1584883 0.2268264 0.2878187 0.1888567 0.2591335 0.2504945 0.1741719 0.2198449 0.2572353 0.1723823 0.2370928 0.1906063 0.2060874 0.1867953 0.2322148 0.1686131 0.2558430 0.1473553 0.1749658 0.1507206 0.1486599 0.1790184 0.1490359 0.2279900 0.1249427 0.2536354 0.2197962 0.4802074 0.2973521 0.3663951 0.0559402 0.2253404 0.1483695 0.2495277 0.2270251 0.2138657 0.0983502 0.3790137 0.2935691 0.2423123 0.2659794 0.1444640 0.2849155 0.2829711 
Conoclinium_coelestinum_SRR9119114         0.3781344 0.2399043 0.2811117 0.0000000 0.3771513 0.4126884 0.4004545 0.2541025 0.3678719 0.2496624 0.2893063 0.2901267 0.2815982 0.2712380 0.1768610 0.3590305 0.2981088 0.3361908 0.4804533 0.2986097 0.2624717 0.3128421 0.2820236 0.2740047 0.2976048 0.3179179 0.3147262 0.3034434 0.2969014 0.3466046 0.3088226 0.2538671 0.3087375 0.2477531 0.2917609 0.2904528 0.3153390 0.3685331 0.3057745 0.2874864 0.2740296 0.2956359 0.2787863 0.3069653 0.2974911 0.2976516 0.2966992 0.2839395 0.2491866 0.2770787 0.2743366 0.3148715 0.2991294 0.3184986 0.2392979 0.2875372 0.2679298 0.2695193 0.3255268 0.2018403 0.2979881 0.2978914 0.6034029 0.3374096 0.3267218 0.1656517 0.2933156 0.3141312 0.2756217 0.3000617 0.3001458 0.2588026 0.3441740 0.3414743 0.2969478 0.3091395 0.2856022 0.3177317 0.3236410 
Eutetras_palmeri_63                        0.3043172 0.1110125 0.2197799 0.3771513 0.0000000 0.3037463 0.2876021 0.2287656 0.3360142 0.1611004 0.2048068 0.2591378 0.2550308 0.2437478 0.0717234 0.2752913 0.2330762 0.2632185 0.4300020 0.2578355 0.2223784 0.1885695 0.2246916 0.2406572 0.2584490 0.2732478 0.2650349 0.2580435 0.2440051 0.2279779 0.2632396 0.1894125 0.2614813 0.1951420 0.2613007 0.2180242 0.2674782 0.2940608 0.2477476 0.2630553 0.2458519 0.2474595 0.2490647 0.2679847 0.2433671 0.2484774 0.2392531 0.2496653 0.2285233 0.2469798 0.2191557 0.2734213 0.2407664 0.2711111 0.1711969 0.2365615 0.2237442 0.1752663 0.1969367 0.1332225 0.2660796 0.2463726 0.4584502 0.3071913 0.3002728 0.0913468 0.2596544 0.2368678 0.2556410 0.2526232 0.2569255 0.1422940 0.3132980 0.2229860 0.2484302 0.2682784 0.1736486 0.2307700 0.2871081 
Eutetras_pringlei_149_quer                 0.3700411 0.2325489 0.2811812 0.4126884 0.3037463 0.0000000 0.3461589 0.2009742 0.3345570 0.2874666 0.3233365 0.3391417 0.2733188 0.2664939 0.2250959 0.3589486 0.3423274 0.0966294 0.0996304 0.3512811 0.3194992 0.1942192 0.3061663 0.2578785 0.3585300 0.2607036 0.2804095 0.2925219 0.3735181 0.2909205 0.3474860 0.3409221 0.3612187 0.3240302 0.3250730 0.3603328 0.2925062 0.3736502 0.3585453 0.2912620 0.3035916 0.3445230 0.3179585 0.3730169 0.2733464 0.3523307 0.3335677 0.3196324 0.2740501 0.2718745 0.3156734 0.2561699 0.3459190 0.2858873 0.2169634 0.2659144 0.3108940 0.2865482 0.1040646 0.1554892 0.3466805 0.2895366 0.4165712 0.3375990 0.3214545 0.2614282 0.3579028 0.3289378 0.2664939 0.3515807 0.3593928 0.2924884 0.3247466 0.2339116 0.3500870 0.3581384 0.2616460 0.3194877 0.3349125 
Eutrochium_fistulosum_SRR9119106           0.3036589 0.1799378 0.3492560 0.4004545 0.2876021 0.3461589 0.0000000 0.2711483 0.2908713 0.1782353 0.3782445 0.4399907 0.3351121 0.3544423 0.1446658 0.4259971 0.3891719 0.3081012 0.4448550 0.3402726 0.3006067 0.2551856 0.3761996 0.3141238 0.3627807 0.4509462 0.4058125 0.3989092 0.2279319 0.4348853 0.4625341 0.1876183 0.3844487 0.2143690 0.3883286 0.2395665 0.3332728 0.4071185 0.4268895 0.3596644 0.3820556 0.2508601 0.2378947 0.4573551 0.2808698 0.4737791 0.4522308 0.3741886 0.2933847 0.3731739 0.3117416 0.4042879 0.3539059 0.2487118 0.1923616 0.2523286 0.4605022 0.2226509 0.2818336 0.1570883 0.4458194 0.3841256 0.5428968 0.3435121 0.3845995 0.1432006 0.3084349 0.2889428 0.3597855 0.4028914 0.3080636 0.1732572 0.4343445 0.3134535 0.4566728 0.4647830 0.2010853 0.4374008 0.4191082 
Galeana_pratensis_104_mex                  0.2365909 0.2408128 0.2112180 0.2541025 0.2287656 0.2009742 0.2711483 0.0000000 0.2507699 0.1753821 0.2657003 0.2661028 0.2323880 0.2275855 0.2222669 0.2626164 0.2488597 0.1409919 0.1167897 0.2813017 0.2342857 0.2506650 0.2269869 0.2153739 0.2796083 0.2162359 0.2205020 0.2481353 0.2794202 0.2500929 0.2434115 0.2448412 0.3075931 0.1964780 0.2327553 0.2586224 0.2288272 0.2728576 0.2728249 0.2457537 0.2164654 0.2667556 0.2362988 0.2864278 0.1912194 0.2829215 0.2625041 0.2282536 0.1942869 0.2368063 0.2216106 0.2037073 0.2549975 0.2197927 0.2018357 0.2374135 0.2202132 0.2453769 0.1666637 0.1707488 0.2773576 0.2577336 0.5249607 0.2682163 0.2304732 0.2450412 0.2729457 0.2567039 0.2363314 0.2796083 0.2853184 0.2729867 0.2622313 0.2501312 0.2783623 0.2864792 0.2195269 0.2071205 0.2307189 
Helianthus_annuus_SRR9119062               0.3650863 0.2222029 0.2520811 0.3678719 0.3360142 0.3345570 0.2908713 0.2507699 0.0000000 0.2403888 0.2905232 0.2712466 0.2514986 0.2451482 0.2319914 0.3892355 0.2454704 0.3407431 0.4348275 0.2747470 0.2093974 0.3225385 0.2334618 0.2530621 0.2896625 0.2790620 0.2822944 0.2891122 0.2405483 0.3213862 0.3294795 0.2679391 0.2898164 0.2209747 0.2688926 0.2505814 0.2896783 0.3970679 0.2634425 0.2688172 0.2713778 0.2653175 0.2713047 0.2768280 0.2569304 0.2761179 0.2595718 0.2720210 0.2293485 0.2491209 0.2286233 0.2789030 0.2567470 0.2299336 0.2246445 0.2517647 0.2346105 0.2756861 0.2474085 0.2209381 0.2720736 0.2813016 0.5032235 0.3383713 0.3328180 0.1810614 0.2736163 0.2763406 0.2633269 0.2857897 0.2895421 0.2213367 0.3472770 0.3128551 0.2760585 0.2943214 0.2589942 0.3128712 0.3311871 
Lycapsus_tenuifolius_17                    0.2411379 0.1052222 0.1067311 0.2496624 0.1611004 0.2874666 0.1782353 0.1753821 0.2403888 0.0000000 0.1318365 0.0581564 0.1125144 0.1112663 0.0473751 0.1403721 0.0662045 0.2305156 0.3222623 0.0606659 0.0347583 0.1444409 0.0655271 0.1095949 0.0670270 0.1367259 0.1364538 0.1004968 0.0082627 0.1933911 0.0832350 0.0053626 0.0671127 0.1003817 0.1273143 0.0725808 0.1265671 0.1463998 0.0793372 0.1274681 0.1212928 0.0585333 0.1257245 0.0664246 0.1104861 0.0580375 0.0725124 0.1150007 0.0995242 0.1140963 0.0670584 0.1362329 0.0726010 0.1471217 0.1014585 0.0573661 0.0504704 0.0949714 0.1877754 0.1051915 0.0644377 0.0959438 0.4136998 0.2013383 0.1753155 0.0211553 0.0597048 0.0297984 0.1226904 0.0678112 0.0644074 0.0599745 0.2086820 0.1415051 0.0563803 0.0723508 0.1065386 0.1511164 0.1331453 
Pericome_caudata_50_silver                 0.3215073 0.1305383 0.2545139 0.2893063 0.2048068 0.3233365 0.3782445 0.2657003 0.2905232 0.1318365 0.0000000 0.2639459 0.1381864 0.1698212 0.1328896 0.2800297 0.2420700 0.3072567 0.3849594 0.1645047 0.1429268 0.2413163 0.2316692 0.1299081 0.1954703 0.1805751 0.1858366 0.2142432 0.1722364 0.3320381 0.3257917 0.1448460 0.2321141 0.1714142 0.2100867 0.1935781 0.2090173 0.2557625 0.2717501 0.1598342 0.1994101 0.1562048 0.1621704 0.2669937 0.1272342 0.2892939 0.2822736 0.1351566 0.1144353 0.1467895 0.1929777 0.1747771 0.2003487 0.1626466 0.1289183 0.1210739 0.2783648 0.1556251 0.2442949 0.1125884 0.2703965 0.2038488 0.4951365 0.1421232 0.1368847 0.1001341 0.1713014 0.1509040 0.1454428 0.2592130 0.1766888 0.1400890 0.1845342 0.2275507 0.2939825 0.2915354 0.2042032 0.2617365 0.2793061 
Perityle_aglossa_84_dead_horse             0.3359487 0.1378592 0.2483345 0.2901267 0.2591378 0.3391417 0.4399907 0.2661028 0.2712466 0.0581564 0.2639459 0.0000000 0.1991099 0.1924598 0.0886490 0.2935653 0.1690072 0.3205840 0.4780915 0.0119615 0.0847017 0.1621304 0.1735216 0.1805983 0.0263931 0.3462721 0.3247451 0.2709498 0.0876047 0.3433122 0.2655121 0.0656681 0.0270605 0.1296244 0.3278491 0.1430962 0.3034462 0.2648910 0.1905579 0.2239559 0.3229242 0.0198025 0.1950711 0.0164788 0.1541526 0.0186536 0.1837974 0.2635422 0.1559042 0.2508746 0.1574523 0.2943944 0.1380034 0.1861943 0.1316144 0.0247759 0.1472210 0.1299616 0.2736212 0.1418093 0.0008115 0.2427317 0.4632022 0.2504765 0.2664822 0.0685983 0.0116329 0.1023471 0.2246819 0.0423033 0.0235004 0.0144276 0.3152021 0.2466704 0.0258985 0.0101902 0.1762419 0.2715002 0.2587668 
Perityle_ajoensis_204                      0.3073096 0.1173486 0.2273224 0.2815982 0.2550308 0.2733188 0.3351121 0.2323880 0.2514986 0.1125144 0.1381864 0.1991099 0.0000000 0.0225924 0.1064552 0.2879170 0.1616624 0.3035598 0.4014672 0.1971033 0.1534508 0.2132947 0.1355299 0.0041900 0.2222199 0.1432857 0.1293817 0.1535907 0.1512216 0.2775051 0.2653251 0.1307944 0.2165536 0.1777812 0.1544634 0.1535381 0.1562057 0.3007265 0.1768252 0.0173064 0.1452727 0.1382974 0.1543506 0.2128879 0.0970122 0.2111188 0.1792925 0.1266264 0.0075392 0.0095818 0.1432682 0.1406180 0.1765488 0.1065197 0.0781050 0.1329792 0.1418956 0.1342017 0.2253876 0.0832172 0.2115719 0.1548440 0.5025058 0.2223788 0.2329610 0.1135249 0.1772076 0.1830102 0.0153930 0.2473287 0.1851146 0.1475984 0.2726796 0.1879507 0.2118144 0.2223160 0.1487753 0.2262237 0.2658178 
Perityle_ambrosiifolia_67_green            0.2998524 0.1103961 0.2280446 0.2712380 0.2437478 0.2664939 0.3544423 0.2275855 0.2451482 0.1112663 0.1698212 0.1924598 0.0225924 0.0000000 0.1033972 0.2801943 0.1669439 0.3040846 0.4132433 0.1880470 0.1621741 0.2189714 0.1443359 0.0084921 0.2174384 0.1720253 0.1561650 0.1717476 0.1492486 0.2953135 0.2705486 0.1282352 0.2150935 0.1685268 0.1779255 0.1526331 0.1449373 0.2930908 0.1835455 0.0406352 0.1708570 0.1324478 0.1483888 0.2038946 0.0892204 0.2082065 0.1848312 0.1500128 0.0032377 0.0367718 0.1521245 0.1681995 0.1863408 0.0991994 0.0694556 0.1250972 0.1494880 0.1278263 0.2140969 0.0777731 0.2112701 0.1718213 0.4875045 0.2144775 0.2261867 0.1141417 0.1693969 0.1795217 0.0417618 0.2436868 0.1772097 0.1443976 0.2657199 0.1799627 0.2102463 0.2184612 0.1439192 0.2240978 0.2652381 
Perityle_angustifolia_13_Eagle_creek       0.2418635 0.0975758 0.1521205 0.1768610 0.0717234 0.2250959 0.1446658 0.2222669 0.2319914 0.0473751 0.1328896 0.0886490 0.1064552 0.1033972 0.0000000 0.0269526 0.0175790 0.2232441 0.2715925 0.0576935 0.0195293 0.1044452 0.0166660 0.1006390 0.0775071 0.1548177 0.1566745 0.1458738 0.0503234 0.1973169 0.0723206 0.0587228 0.1088087 0.0224318 0.1920517 0.0288652 0.2189786 0.0298977 0.0297917 0.1446425 0.2239305 0.0881547 0.1392997 0.0879481 0.0885532 0.0989505 0.0208890 0.1239816 0.0774992 0.1153200 0.0299084 0.1487657 0.0283340 0.1199289 0.0890131 0.0435425 0.0155966 0.1092286 0.2255501 0.1003486 0.1083737 0.1313708 0.4485911 0.1459049 0.1371290 0.0066343 0.1016657 0.0562844 0.1586973 0.0745991 0.1020377 0.0257044 0.1690177 0.1667914 0.0950672 0.1051378 0.1377839 0.0427776 0.0326255 
Perityle_batopilensis_97                   0.3105175 0.1514643 0.2753426 0.3590305 0.2752913 0.3589486 0.4259971 0.2626164 0.3892355 0.1403721 0.2800297 0.2935653 0.2879170 0.2801943 0.0269526 0.0000000 0.1958602 0.2874606 0.5105854 0.2444906 0.2039501 0.1063735 0.2081434 0.2768737 0.2671776 0.3626341 0.3591307 0.2945039 0.2205456 0.3221501 0.2554959 0.1518676 0.2704767 0.1224121 0.3543548 0.1320228 0.3283038 0.0180564 0.1945000 0.3067734 0.3553258 0.2194792 0.2814888 0.3023942 0.2681503 0.2804999 0.1940868 0.3342890 0.2524655 0.3133424 0.1914161 0.3528581 0.1970744 0.3145762 0.2020167 0.1993565 0.1898391 0.1659210 0.2690896 0.1410340 0.3029026 0.2719945 0.4685362 0.3427190 0.3245256 0.0152486 0.2455923 0.2178291 0.3089229 0.2980333 0.2341987 0.1267442 0.3627049 0.2385865 0.2797383 0.3037185 0.2036187 0.1933037 0.2384324 
Perityle_bisetosa_9                        0.3382682 0.1128853 0.1867076 0.2981088 0.2330762 0.3423274 0.3891719 0.2488597 0.2454704 0.0662045 0.2420700 0.1690072 0.1616624 0.1669439 0.0175790 0.1958602 0.0000000 0.2600805 0.4114261 0.1317080 0.0195430 0.0826749 0.0141796 0.1484556 0.1621257 0.2473460 0.2592516 0.1902177 0.0969178 0.3036890 0.2014406 0.0854372 0.1759153 0.0870969 0.2773146 0.0194041 0.3124092 0.1912238 0.0205645 0.1960344 0.3098939 0.1335022 0.1727213 0.1686376 0.1409429 0.1762131 0.0187061 0.2256816 0.1278193 0.2244528 0.0225598 0.2293872 0.0200325 0.1662446 0.1224280 0.1000057 0.0193687 0.1079391 0.2525945 0.1223473 0.1829512 0.1619839 0.4355890 0.2686973 0.2673287 0.0000010 0.1477769 0.1144278 0.2143580 0.1646628 0.1535886 0.0764180 0.3053785 0.2437309 0.1787082 0.1807080 0.1383438 0.1617025 0.1951362 
Perityle_californica_76_positas            0.2962985 0.1859998 0.2619810 0.3361908 0.2632185 0.0966294 0.3081012 0.1409919 0.3407431 0.2305156 0.3072567 0.3205840 0.3035598 0.3040846 0.2232441 0.2874606 0.2600805 0.0000000 0.2219832 0.3288861 0.2283065 0.2982317 0.2564265 0.2996503 0.3368322 0.3049181 0.3226328 0.3248381 0.2871870 0.3044145 0.2881210 0.2794529 0.3458186 0.1654179 0.3275025 0.2533340 0.3146694 0.3011190 0.2798950 0.3189629 0.3217819 0.3237157 0.3231650 0.3412183 0.2849294 0.3350725 0.2801513 0.3298299 0.2882732 0.3070035 0.2643827 0.2991371 0.2833617 0.2603862 0.2317093 0.2843880 0.2636847 0.2619692 0.1040476 0.1775189 0.3195553 0.3244860 0.5632065 0.2815119 0.2833835 0.2050453 0.3270601 0.2759747 0.3135731 0.3346428 0.3362655 0.2582173 0.2824242 0.2966501 0.3227147 0.3445668 0.2546833 0.2448605 0.2546488 
Perityle_canescens_77                      0.4473458 0.2686238 0.4158741 0.4804533 0.4300020 0.0996304 0.4448550 0.1167897 0.4348275 0.3222623 0.3849594 0.4780915 0.4014672 0.4132433 0.2715925 0.5105854 0.4114261 0.2219832 0.0000000 0.4799817 0.4318333 0.2242979 0.4111641 0.3865495 0.5049789 0.4042573 0.4272716 0.4419823 0.4140696 0.4411468 0.4773587 0.3690000 0.5120442 0.2991457 0.4258819 0.3842541 0.4238545 0.5165036 0.4416694 0.4215969 0.4223820 0.4603664 0.4092546 0.5091192 0.3881895 0.4827742 0.4436493 0.4364497 0.3760748 0.4075451 0.3997155 0.4015495 0.4340190 0.3630974 0.3282480 0.4283856 0.4209001 0.3192893 0.0715134 0.1919867 0.4955834 0.4419603 0.5832233 0.4495928 0.4364928 0.2183047 0.4614641 0.4270780 0.4028764 0.4978854 0.4721312 0.2925735 0.4642796 0.3789359 0.4969515 0.5111502 0.2683439 0.4214370 0.4639923 
Perityle_castillonii_96                    0.3088807 0.1420478 0.2263359 0.2986097 0.2578355 0.3512811 0.3402726 0.2813017 0.2747470 0.0606659 0.1645047 0.0119615 0.1971033 0.1880470 0.0576935 0.2444906 0.1317080 0.3288861 0.4799817 0.0000000 0.0827872 0.1705319 0.1334079 0.1859437 0.0328678 0.2571805 0.2515323 0.2100544 0.0899713 0.2756439 0.1977263 0.0665026 0.0300743 0.1376918 0.2324864 0.1131098 0.2046006 0.2482948 0.1490272 0.2057094 0.2406416 0.0255369 0.1955142 0.0145247 0.1570189 0.0212170 0.1426901 0.2236025 0.1641050 0.1992542 0.1381180 0.2531485 0.1363899 0.1930199 0.1388394 0.0277080 0.1074573 0.1309468 0.2850546 0.1514277 0.0167814 0.2024704 0.4749880 0.2552930 0.2581211 0.0772931 0.0060394 0.1048945 0.2022183 0.0476693 0.0282376 0.0193682 0.3020660 0.2139268 0.0263438 0.0234166 0.1493867 0.2240252 0.2244765 
Perityle_cfvillosa_25_tin                  0.2263651 0.0984143 0.1241185 0.2624717 0.2223784 0.3194992 0.3006067 0.2342857 0.2093974 0.0347583 0.1429268 0.0847017 0.1534508 0.1621741 0.0195293 0.2039501 0.0195430 0.2283065 0.4318333 0.0827872 0.0000000 0.0774999 0.0140870 0.1367343 0.0916234 0.1722230 0.1777627 0.1472722 0.0782380 0.2052846 0.1606212 0.0543407 0.0934618 0.0951991 0.1615707 0.0286013 0.1429672 0.2106011 0.0259630 0.1704830 0.1552401 0.0543193 0.1293797 0.0906122 0.1225865 0.0859791 0.0089739 0.1531259 0.1190533 0.1620924 0.0255831 0.1685552 0.0250756 0.1578712 0.1025445 0.0566406 0.0091510 0.0943494 0.2322752 0.1081399 0.0908501 0.1407883 0.4412818 0.2407979 0.2390297 0.0064033 0.0584812 0.0946092 0.1698677 0.0900562 0.0680435 0.0212186 0.2661730 0.1670224 0.0923071 0.0944141 0.1007405 0.1871172 0.2184963 
Perityle_cinerea_113_Powell1310            0.3082054 0.2707335 0.1587466 0.3128421 0.1885695 0.1942192 0.2551856 0.2506650 0.3225385 0.1444409 0.2413163 0.1621304 0.2132947 0.2189714 0.1044452 0.1063735 0.0826749 0.2982317 0.2242979 0.1705319 0.0774999 0.0000000 0.0976704 0.2227673 0.1625871 0.2691608 0.2627293 0.1993430 0.1703223 0.2548906 0.1268853 0.1784623 0.1714374 0.0941270 0.2752403 0.0920993 0.2628609 0.0988363 0.1134801 0.2426392 0.2575741 0.1684466 0.2701912 0.1668791 0.2395380 0.1586037 0.0988381 0.2594810 0.2187389 0.2287896 0.0841746 0.2688189 0.0990768 0.2391332 0.2211131 0.1567502 0.0885047 0.1810153 0.2196255 0.1601126 0.1603388 0.1730718 0.4620067 0.2921041 0.2891967 0.0109023 0.1692932 0.1434324 0.2332630 0.1517582 0.1589615 0.1236175 0.3022501 0.1824665 0.1576401 0.1705516 0.1585650 0.1730237 0.1231709 
Perityle_coahuilensis_24                   0.3310949 0.0992682 0.1867050 0.2820236 0.2246916 0.3061663 0.3761996 0.2269869 0.2334618 0.0655271 0.2316692 0.1735216 0.1355299 0.1443359 0.0166660 0.2081434 0.0141796 0.2564265 0.4111641 0.1334079 0.0140870 0.0976704 0.0000000 0.1217442 0.1609791 0.2361027 0.2528417 0.1891745 0.0908719 0.2990483 0.2137656 0.0813516 0.1751240 0.0900608 0.2619324 0.0272185 0.2957857 0.1931111 0.0229456 0.1698333 0.2991498 0.1301085 0.1577280 0.1724350 0.1307777 0.1793185 0.0047710 0.2205547 0.1182613 0.1949865 0.0226748 0.2298640 0.0265774 0.1491386 0.1110683 0.1019494 0.0074581 0.1004765 0.2302361 0.1088663 0.1856198 0.1549677 0.4465039 0.2664387 0.2665433 0.0064079 0.1475408 0.1191126 0.1937233 0.1715717 0.1549739 0.0750228 0.3038884 0.2359802 0.1835403 0.1849665 0.1337840 0.1540238 0.2184805 
Perityle_cochisensis_44_cave_creek         0.2898446 0.1098664 0.2024033 0.2740047 0.2406572 0.2578785 0.3141238 0.2153739 0.2530621 0.1095949 0.1299081 0.1805983 0.0041900 0.0084921 0.1006390 0.2768737 0.1484556 0.2996503 0.3865495 0.1859437 0.1367343 0.2227673 0.1217442 0.0000000 0.2029736 0.1223962 0.1048101 0.1393208 0.1475151 0.2573159 0.2410227 0.1279187 0.1995165 0.1735701 0.1258474 0.1452304 0.1284790 0.2883380 0.1666715 0.0135755 0.1208087 0.1285116 0.1318496 0.1937810 0.0907202 0.1939323 0.1621846 0.1083993 0.0032658 0.0041570 0.1257937 0.1171254 0.1609271 0.0937294 0.0700112 0.1291325 0.1246529 0.1280067 0.2183438 0.0732004 0.1882946 0.1435467 0.5101239 0.2247834 0.2286529 0.1101839 0.1689034 0.1781629 0.0093912 0.2113364 0.1757660 0.1418958 0.2675325 0.1889484 0.1943398 0.1981363 0.1384260 0.2035887 0.2465239 
Perityle_congesta_202                      0.3134687 0.1416666 0.2394571 0.2976048 0.2584490 0.3585300 0.3627807 0.2796083 0.2896625 0.0670270 0.1954703 0.0263931 0.2222199 0.2174384 0.0775071 0.2671776 0.1621257 0.3368322 0.5049789 0.0328678 0.0916234 0.1625871 0.1609791 0.2029736 0.0000000 0.2930455 0.2817541 0.2445737 0.1054021 0.2993774 0.2246305 0.0749310 0.0198555 0.1359726 0.2610725 0.1371817 0.2251781 0.2656290 0.1783145 0.2364654 0.2678908 0.0064305 0.2049641 0.0333085 0.1672866 0.0085412 0.1696702 0.2506218 0.1805862 0.2311172 0.1593664 0.2895116 0.1545071 0.2001153 0.1386924 0.0094881 0.1343570 0.1407531 0.2897619 0.1472282 0.0308149 0.2311755 0.4792293 0.2519031 0.2655667 0.0736798 0.0306419 0.1186653 0.2346542 0.0356643 0.0182953 0.0017355 0.3034893 0.2320436 0.0182011 0.0390640 0.1588135 0.2529981 0.2463522 
Perityle_cordifolia_27                     0.3726272 0.1145452 0.2584700 0.3179179 0.2732478 0.2607036 0.4509462 0.2162359 0.2790620 0.1367259 0.1805751 0.3462721 0.1432857 0.1720253 0.1548177 0.3626341 0.2473460 0.3049181 0.4042573 0.2571805 0.1722230 0.2691608 0.2361027 0.1223962 0.2930455 0.0000000 0.0883452 0.1920041 0.1860630 0.3846280 0.4014974 0.1612314 0.3224648 0.1810239 0.2157764 0.2094915 0.2224010 0.3598367 0.2833245 0.1709632 0.2282686 0.2234244 0.1974947 0.3449855 0.0708957 0.3733144 0.2924231 0.1507429 0.1170616 0.1545424 0.2226779 0.0121183 0.2181882 0.0672001 0.0276462 0.1703581 0.2737411 0.1192977 0.2215204 0.0100832 0.3459384 0.1869429 0.4602058 0.2890428 0.3073091 0.1106636 0.2682280 0.2040833 0.1767538 0.3005006 0.2693036 0.1680650 0.3560829 0.2397286 0.3711194 0.3686328 0.1672434 0.3243159 0.3174695 
Perityle_cordifolia_68_tecolote            0.3871632 0.1241289 0.2750796 0.3147262 0.2650349 0.2804095 0.4058125 0.2205020 0.2822944 0.1364538 0.1858366 0.3247451 0.1293817 0.1561650 0.1566745 0.3591307 0.2592516 0.3226328 0.4272716 0.2515323 0.1777627 0.2627293 0.2528417 0.1048101 0.2817541 0.0883452 0.0000000 0.1990709 0.1800130 0.3723750 0.3551226 0.1606667 0.3135483 0.1808312 0.2198636 0.2181448 0.2703351 0.3530426 0.2765913 0.1584027 0.2429919 0.2085831 0.2081008 0.3243479 0.0751169 0.3353946 0.2777477 0.1529766 0.1038075 0.1322582 0.2221506 0.0748991 0.2209178 0.0157353 0.0417847 0.1618883 0.2532223 0.1174095 0.2108715 0.0336165 0.3350722 0.1875541 0.5203026 0.2731975 0.2911183 0.1139848 0.2622750 0.1984705 0.1634271 0.2991191 0.2553073 0.1638888 0.3305022 0.2605301 0.3360299 0.3405058 0.1604481 0.3148328 0.3248778 
Perityle_coronopifolia_28_patagonia        0.3930202 0.1312012 0.2285821 0.3034434 0.2580435 0.2925219 0.3989092 0.2481353 0.2891122 0.1004968 0.2142432 0.2709498 0.1535907 0.1717476 0.1458738 0.2945039 0.1902177 0.3248381 0.4419823 0.2100544 0.1472722 0.1993430 0.1891745 0.1393208 0.2445737 0.1920041 0.1990709 0.0000000 0.1397730 0.2995041 0.3068454 0.1298942 0.2830210 0.1708781 0.2329320 0.1748676 0.2168492 0.2934164 0.2095052 0.1854787 0.2185480 0.1885789 0.2202627 0.2644231 0.1225370 0.2821248 0.2048484 0.1808635 0.1316622 0.1650808 0.1786887 0.1760841 0.1820066 0.1337271 0.0965919 0.1705939 0.1739743 0.0202616 0.2503707 0.0823076 0.2909585 0.0202389 0.4937685 0.3029726 0.3391246 0.0898773 0.2280399 0.1576999 0.1781115 0.2778891 0.2344365 0.1486499 0.3741303 0.1019502 0.2774427 0.2835264 0.0690577 0.3091266 0.2783082 
Perityle_crassifolia_70_ventanas           0.2628798 0.1409865 0.1015421 0.2969014 0.2440051 0.3735181 0.2279319 0.2794202 0.2405483 0.0082627 0.1722364 0.0876047 0.1512216 0.1492486 0.0503234 0.2205456 0.0969178 0.2871870 0.4140696 0.0899713 0.0782380 0.1703223 0.0908719 0.1475151 0.1054021 0.1860630 0.1800130 0.1397730 0.0000000 0.2062017 0.1452816 0.0079311 0.1056443 0.1377708 0.1598270 0.1047878 0.1605828 0.2256069 0.1151851 0.1627743 0.1482247 0.0950773 0.1521656 0.0930552 0.1498043 0.0942666 0.1072759 0.1426782 0.1301071 0.1497121 0.0940865 0.1796321 0.1114164 0.1842345 0.1315982 0.0888101 0.0754002 0.1300207 0.2865062 0.1595914 0.0909269 0.1320931 0.4709774 0.2753283 0.2561461 0.0834695 0.0851795 0.0623609 0.1556474 0.0972406 0.1027014 0.0869220 0.2814340 0.2298877 0.0972479 0.0965109 0.1485235 0.2090601 0.1963878 
Perityle_cuneata_34_cuneata_San_antonio    0.3669653 0.0962793 0.2540912 0.3466046 0.2279779 0.2909205 0.4348853 0.2500929 0.3213862 0.1933911 0.3320381 0.3433122 0.2775051 0.2953135 0.1973169 0.3221501 0.3036890 0.3044145 0.4411468 0.2756439 0.2052846 0.2548906 0.2990483 0.2573159 0.2993774 0.3846280 0.3723750 0.2995041 0.2062017 0.0000000 0.3797151 0.2111116 0.3406912 0.1847925 0.3212107 0.2505058 0.2680724 0.3144357 0.3381075 0.3123468 0.2834477 0.2475819 0.2270000 0.3391157 0.2324854 0.3483059 0.3323707 0.3043430 0.2287617 0.3150684 0.2687044 0.3327225 0.2603711 0.2344143 0.1726200 0.2102606 0.2941697 0.2128674 0.2525471 0.1303990 0.3626002 0.2802254 0.4591814 0.2872718 0.3222155 0.1016254 0.2699693 0.2087756 0.3168635 0.3298684 0.2804860 0.1606331 0.3225204 0.2528517 0.3498576 0.3637183 0.2004028 0.3137716 0.3042496 
Perityle_cuneata_4                         0.3125213 0.1289138 0.2762044 0.3088226 0.2632396 0.3474860 0.4625341 0.2434115 0.3294795 0.0832350 0.3257917 0.2655121 0.2653251 0.2705486 0.0723206 0.2554959 0.2014406 0.2881210 0.4773587 0.1977263 0.1606212 0.1268853 0.2137656 0.2410227 0.2246305 0.4014974 0.3551226 0.3068454 0.1452816 0.3797151 0.0000000 0.0964305 0.2311900 0.1148566 0.3813780 0.1222654 0.3517318 0.2291503 0.2208661 0.3029732 0.3727475 0.1665344 0.2285220 0.2798788 0.1928101 0.2744276 0.2332580 0.3329663 0.2084530 0.3158674 0.1799159 0.3479876 0.1816792 0.2085743 0.1599778 0.1394723 0.2390047 0.1296136 0.2746347 0.1426113 0.2733137 0.2782298 0.4576800 0.2909267 0.3330622 0.0220317 0.1978580 0.1507765 0.3076805 0.2310337 0.1828239 0.0911437 0.3695182 0.2026188 0.2659586 0.2868256 0.1549683 0.2757364 0.2750522 
Perityle_discoidea_81                      0.2581064 0.1320814 0.1328038 0.2538671 0.1894125 0.3409221 0.1876183 0.2448412 0.2679391 0.0053626 0.1448460 0.0656681 0.1307944 0.1282352 0.0587228 0.1518676 0.0854372 0.2794529 0.3690000 0.0665026 0.0543407 0.1784623 0.0813516 0.1279187 0.0749310 0.1612314 0.1606667 0.1298942 0.0079311 0.2111116 0.0964305 0.0000000 0.0749882 0.1176627 0.1496888 0.0914368 0.1493848 0.1562147 0.0980029 0.1466980 0.1394878 0.0669685 0.1409520 0.0720789 0.1259370 0.0664248 0.0913531 0.1376136 0.1100548 0.1323019 0.0830303 0.1609470 0.0909136 0.1682938 0.1184137 0.0631215 0.0666501 0.1212571 0.2611430 0.1468103 0.0716159 0.1230893 0.4725995 0.2126704 0.1884634 0.0725388 0.0643551 0.0429761 0.1405275 0.0829763 0.0724902 0.0767313 0.2217854 0.1704501 0.0650010 0.0778248 0.1441903 0.1613744 0.1387484 
Perityle_dissecta_201                      0.3344905 0.1528838 0.2430030 0.3087375 0.2614813 0.3612187 0.3844487 0.3075931 0.2898164 0.0671127 0.2321141 0.0270605 0.2165536 0.2150935 0.1088087 0.2704767 0.1759153 0.3458186 0.5120442 0.0300743 0.0934618 0.1714374 0.1751240 0.1995165 0.0198555 0.3224648 0.3135483 0.2830210 0.1056443 0.3406912 0.2311900 0.0749882 0.0000000 0.1439684 0.2902721 0.1569077 0.2724564 0.2634058 0.1882723 0.2419553 0.3116590 0.0149174 0.2030089 0.0343155 0.1660640 0.0157203 0.1821853 0.2616413 0.1787943 0.2391200 0.1735520 0.3062828 0.1484554 0.2033351 0.1389730 0.0204166 0.1393835 0.1394984 0.3101930 0.1660199 0.0320149 0.2582117 0.4974167 0.2605945 0.2866795 0.0946318 0.0338757 0.1130611 0.2399810 0.0381146 0.0177285 0.0211705 0.3303012 0.2635165 0.0183986 0.0410270 0.1889005 0.2783627 0.2509614 
Perityle_emoryi_47_punta_san_jose          0.2169719 0.1172274 0.1220011 0.2477531 0.1951420 0.3240302 0.2143690 0.1964780 0.2209747 0.1003817 0.1714142 0.1296244 0.1777812 0.1685268 0.0224318 0.1224121 0.0870969 0.1654179 0.2991457 0.1376918 0.0951991 0.0941270 0.0900608 0.1735701 0.1359726 0.1810239 0.1808312 0.1708781 0.1377708 0.1847925 0.1148566 0.1176627 0.1439684 0.0000000 0.1781101 0.0927528 0.1848199 0.1272253 0.0970399 0.1877668 0.1716369 0.1309534 0.1740773 0.1337657 0.1738408 0.1291153 0.0872211 0.1640567 0.1494304 0.1791510 0.0930409 0.1803097 0.0923883 0.2075466 0.1256305 0.1277356 0.0847914 0.1614871 0.2240165 0.1077818 0.1308437 0.1640010 0.4337997 0.2092982 0.1892213 0.0099917 0.1341568 0.1123232 0.1831556 0.1305836 0.1384109 0.1107017 0.2137640 0.1636589 0.1321406 0.1396483 0.1768067 0.1361923 0.0000010 
Perityle_feddemae_99                       0.3622996 0.1124701 0.2602743 0.2917609 0.2613007 0.3250730 0.3883286 0.2327553 0.2688926 0.1273143 0.2100867 0.3278491 0.1544634 0.1779255 0.1920517 0.3543548 0.2773146 0.3275025 0.4258819 0.2324864 0.1615707 0.2752403 0.2619324 0.1258474 0.2610725 0.2157764 0.2198636 0.2329320 0.1598270 0.3212107 0.3813780 0.1496888 0.2902721 0.1781101 0.0000000 0.2306622 0.0986990 0.3369870 0.3083292 0.1824116 0.0359447 0.2155716 0.0332200 0.3272842 0.1314219 0.3377373 0.3102220 0.0326005 0.1168406 0.1647598 0.2305185 0.2039661 0.2191729 0.1343897 0.1227749 0.1497996 0.2915191 0.1701401 0.2386900 0.1176546 0.3335566 0.2307579 0.4467034 0.2657207 0.3068091 0.1240913 0.2445511 0.1909472 0.1773026 0.2833205 0.2455335 0.1454711 0.3443085 0.2998379 0.3379838 0.3505417 0.1956325 0.3378667 0.3364783 
Perityle_fosteri_93                        0.3262497 0.1149354 0.1584883 0.2904528 0.2180242 0.3603328 0.2395665 0.2586224 0.2505814 0.0725808 0.1935781 0.1430962 0.1535381 0.1526331 0.0288652 0.1320228 0.0194041 0.2533340 0.3842541 0.1131098 0.0286013 0.0920993 0.0272185 0.1452304 0.1371817 0.2094915 0.2181448 0.1748676 0.1047878 0.2505058 0.1222654 0.0914368 0.1569077 0.0927528 0.2306622 0.0000000 0.2368307 0.1421532 0.0346208 0.1949191 0.2489612 0.1328384 0.1780668 0.1468170 0.1525296 0.1499873 0.0307454 0.1792923 0.1237656 0.1655658 0.0378597 0.2063328 0.0286392 0.1785925 0.1238732 0.0962718 0.0285852 0.1151492 0.2638799 0.1362194 0.1610251 0.1606357 0.4379257 0.2466893 0.2285532 0.0030149 0.1495243 0.1069289 0.2059882 0.1354152 0.1513391 0.0909809 0.2635437 0.2181843 0.1466423 0.1583565 0.1510355 0.1268660 0.1496234 
Perityle_gamon_221                         0.3706187 0.1137461 0.2268264 0.3153390 0.2674782 0.2925062 0.3332728 0.2288272 0.2896783 0.1265671 0.2090173 0.3034462 0.1562057 0.1449373 0.2189786 0.3283038 0.3124092 0.3146694 0.4238545 0.2046006 0.1429672 0.2628609 0.2957857 0.1284790 0.2251781 0.2224010 0.2703351 0.2168492 0.1605828 0.2680724 0.3517318 0.1493848 0.2724564 0.1848199 0.0986990 0.2368307 0.0000000 0.3178202 0.3343537 0.1943197 0.0768407 0.2102432 0.0757767 0.2986070 0.1296432 0.3296526 0.3442701 0.0677211 0.1137608 0.1587778 0.2523510 0.1992948 0.2049070 0.1335940 0.1026758 0.1558269 0.2936672 0.1440198 0.2300441 0.0899148 0.3383906 0.2131006 0.4790662 0.2631616 0.3016605 0.1245127 0.2382663 0.2027954 0.2002223 0.2485586 0.2477707 0.1281206 0.3100842 0.2690248 0.3163147 0.3230584 0.1691645 0.3512724 0.3074315 
Perityle_gentryi_8_san_francisco           0.3147983 0.1586050 0.2878187 0.3685331 0.2940608 0.3736502 0.4071185 0.2728576 0.3970679 0.1463998 0.2557625 0.2648910 0.3007265 0.2930908 0.0298977 0.0180564 0.1912238 0.3011190 0.5165036 0.2482948 0.2106011 0.0988363 0.1931111 0.2883380 0.2656290 0.3598367 0.3530426 0.2934164 0.2256069 0.3144357 0.2291503 0.1562147 0.2634058 0.1272253 0.3369870 0.1421532 0.3178202 0.0000000 0.1891472 0.3180652 0.3422840 0.2166384 0.2885270 0.2757422 0.2715706 0.2530523 0.1886423 0.3263346 0.2639613 0.3069331 0.2013580 0.3611557 0.2001202 0.3240043 0.2071324 0.2048144 0.1839387 0.1749144 0.2766898 0.1408650 0.2755106 0.2783013 0.4769271 0.3509581 0.3277733 0.0214597 0.2401209 0.2251575 0.3205894 0.2779120 0.2270743 0.1309196 0.3645988 0.2452801 0.2508776 0.2795346 0.2103867 0.1895422 0.2244545 
Perityle_gilensis_22_Superstition          0.3375460 0.1304256 0.1888567 0.3057745 0.2477476 0.3585453 0.4268895 0.2728249 0.2634425 0.0793372 0.2717501 0.1905579 0.1768252 0.1835455 0.0297917 0.1945000 0.0205645 0.2798950 0.4416694 0.1490272 0.0259630 0.1134801 0.0229456 0.1666715 0.1783145 0.2833245 0.2765913 0.2095052 0.1151851 0.3381075 0.2208661 0.0980029 0.1882723 0.0970399 0.3083292 0.0346208 0.3343537 0.1891472 0.0000000 0.2140789 0.3226721 0.1494427 0.1880525 0.1917333 0.1607092 0.1973242 0.0247666 0.2336974 0.1469949 0.2410890 0.0295993 0.2479003 0.0274293 0.1839309 0.1388470 0.1219711 0.0255380 0.1297045 0.2757115 0.1462130 0.2024726 0.1817996 0.4603743 0.2746451 0.2759662 0.0182866 0.1634678 0.1314735 0.2330824 0.1823317 0.1706521 0.0996372 0.3098092 0.2563165 0.2010395 0.2040633 0.1664988 0.1690316 0.1965662 
Perityle_gilensis_salensis_225             0.3391014 0.1300957 0.2591335 0.2874864 0.2630553 0.2912620 0.3596644 0.2457537 0.2688172 0.1274681 0.1598342 0.2239559 0.0173064 0.0406352 0.1446425 0.3067734 0.1960344 0.3189629 0.4215969 0.2057094 0.1704830 0.2426392 0.1698333 0.0135755 0.2364654 0.1709632 0.1584027 0.1854787 0.1627743 0.3123468 0.3029732 0.1466980 0.2419553 0.1877668 0.1824116 0.1949191 0.1943197 0.3180652 0.2140789 0.0000000 0.1828551 0.1596458 0.1652213 0.2339073 0.1095052 0.2394461 0.2127724 0.1396235 0.0171776 0.0194194 0.1703310 0.1633091 0.1930150 0.1165222 0.0893940 0.1433567 0.1750514 0.1439831 0.2248462 0.0973398 0.2459498 0.1745679 0.5168850 0.2305365 0.2575069 0.1273408 0.2027732 0.1935947 0.0264651 0.2642935 0.2046874 0.1547784 0.2932954 0.2298776 0.2357462 0.2441214 0.1632747 0.2553180 0.2925603 
Perityle_glaucescens_94                    0.3765257 0.1011655 0.2504945 0.2740296 0.2458519 0.3035916 0.3820556 0.2164654 0.2713778 0.1212928 0.1994101 0.3229242 0.1452727 0.1708570 0.2239305 0.3553258 0.3098939 0.3217819 0.4223820 0.2406416 0.1552401 0.2575741 0.2991498 0.1208087 0.2678908 0.2282686 0.2429919 0.2185480 0.1482247 0.2834477 0.3727475 0.1394878 0.3116590 0.1716369 0.0359447 0.2489612 0.0768407 0.3422840 0.3226721 0.1828551 0.0000000 0.2080350 0.0222696 0.3129548 0.1275393 0.3277333 0.3211832 0.0217961 0.1114268 0.1513274 0.2575906 0.1931135 0.2133498 0.1265015 0.1131641 0.1633250 0.2538330 0.1679951 0.2301648 0.1024066 0.3704218 0.2206161 0.4560039 0.2547020 0.3148136 0.1054459 0.2589773 0.1908492 0.1875921 0.2941743 0.2618985 0.1301484 0.3433028 0.2714685 0.3232305 0.3390458 0.1872813 0.3709226 0.3412726 
Perityle_gracilis_11                       0.3163457 0.1239097 0.1741719 0.2956359 0.2474595 0.3445230 0.2508601 0.2667556 0.2653175 0.0585333 0.1562048 0.0198025 0.1382974 0.1324478 0.0881547 0.2194792 0.1335022 0.3237157 0.4603664 0.0255369 0.0543193 0.1684466 0.1301085 0.1285116 0.0064305 0.2234244 0.2085831 0.1885789 0.0950773 0.2475819 0.1665344 0.0669685 0.0149174 0.1309534 0.2155716 0.1328384 0.2102432 0.2166384 0.1494427 0.1596458 0.2080350 0.0000000 0.1750171 0.0278305 0.1360512 0.0042723 0.1411956 0.1654773 0.1187847 0.1395581 0.1218667 0.2164872 0.1112958 0.1781935 0.1047984 0.0073596 0.1049190 0.1290279 0.2722083 0.1405441 0.0260702 0.1753966 0.4791829 0.2314064 0.2278064 0.0651891 0.0258657 0.1002559 0.1532371 0.0381205 0.0127311 0.0017865 0.2542780 0.2378086 0.0118174 0.0344154 0.1685896 0.2101635 0.2081065 
Perityle_harkerae_31                       0.3137319 0.1072259 0.2198449 0.2787863 0.2490647 0.3179585 0.2378947 0.2362988 0.2713047 0.1257245 0.1621704 0.1950711 0.1543506 0.1483888 0.1392997 0.2814888 0.1727213 0.3231650 0.4092546 0.1955142 0.1293797 0.2701912 0.1577280 0.1318496 0.2049641 0.1974947 0.2081008 0.2202627 0.1521656 0.2270000 0.2285220 0.1409520 0.2030089 0.1740773 0.0332200 0.1780668 0.0757767 0.2885270 0.1880525 0.1652213 0.0222696 0.1750171 0.0000000 0.2009363 0.1265457 0.1955424 0.1866827 0.0237607 0.1175525 0.1554205 0.1673769 0.1949149 0.1705886 0.1339797 0.1096616 0.1453768 0.1570508 0.1678054 0.2398359 0.1115784 0.2016064 0.2166728 0.4457388 0.2374200 0.2227394 0.1170996 0.1913466 0.1857445 0.1628415 0.2010944 0.1970607 0.1434941 0.2574546 0.2741363 0.1952998 0.2118661 0.1735920 0.2365177 0.2632581 
Perityle_huecosensis_48                    0.3300265 0.1456167 0.2572353 0.3069653 0.2679847 0.3730169 0.4573551 0.2864278 0.2768280 0.0664246 0.2669937 0.0164788 0.2128879 0.2038946 0.0879481 0.3023942 0.1686376 0.3412183 0.5091192 0.0145247 0.0906122 0.1668791 0.1724350 0.1937810 0.0333085 0.3449855 0.3243479 0.2644231 0.0930552 0.3391157 0.2798788 0.0720789 0.0343155 0.1337657 0.3272842 0.1468170 0.2986070 0.2757422 0.1917333 0.2339073 0.3129548 0.0278305 0.2009363 0.0000000 0.1642474 0.0251353 0.1856824 0.2726528 0.1696282 0.2608282 0.1558702 0.3021563 0.1487337 0.1963172 0.1433403 0.0313831 0.1563323 0.1374094 0.2982270 0.1539561 0.0208381 0.2349878 0.4767298 0.2558873 0.2717751 0.0774202 0.0136951 0.1061258 0.2332809 0.0511211 0.0302911 0.0193466 0.3244305 0.2365252 0.0304866 0.0294907 0.1722034 0.2729788 0.2607599 
Perityle_incana_3_ucla                     0.2838844 0.1067701 0.1723823 0.2974911 0.2433671 0.2733464 0.2808698 0.1912194 0.2569304 0.1104861 0.1272342 0.1541526 0.0970122 0.0892204 0.0885532 0.2681503 0.1409429 0.2849294 0.3881895 0.1570189 0.1225865 0.2395380 0.1307777 0.0907202 0.1672866 0.0708957 0.0751169 0.1225370 0.1498043 0.2324854 0.1928101 0.1259370 0.1660640 0.1738408 0.1314219 0.1525296 0.1296432 0.2715706 0.1607092 0.1095052 0.1275393 0.1360512 0.1265457 0.1642474 0.0000000 0.1599476 0.1589815 0.1002674 0.0811246 0.0931048 0.1441023 0.0699536 0.1508287 0.0604920 0.0319893 0.1373445 0.1277225 0.0975885 0.1963181 0.0159670 0.1613657 0.1166935 0.4579585 0.2328402 0.2151795 0.0912010 0.1538483 0.1611564 0.1001933 0.1724411 0.1651197 0.1447093 0.2435053 0.1715885 0.1656886 0.1689592 0.1176697 0.2233513 0.2323620 
Perityle_intricata_59_Clark_mtns           0.3266695 0.1418600 0.2370928 0.2976516 0.2484774 0.3523307 0.4737791 0.2829215 0.2761179 0.0580375 0.2892939 0.0186536 0.2111188 0.2082065 0.0989505 0.2804999 0.1762131 0.3350725 0.4827742 0.0212170 0.0859791 0.1586037 0.1793185 0.1939323 0.0085412 0.3733144 0.3353946 0.2821248 0.0942666 0.3483059 0.2744276 0.0664248 0.0157203 0.1291153 0.3377373 0.1499873 0.3296526 0.2530523 0.1973242 0.2394461 0.3277333 0.0042723 0.1955424 0.0251353 0.1599476 0.0000000 0.2027349 0.2725467 0.1711815 0.2616118 0.1655325 0.3028415 0.1430117 0.1930212 0.1318277 0.0096608 0.1697186 0.1304342 0.2941148 0.1491469 0.0227909 0.2510998 0.4761653 0.2494239 0.2739377 0.0743448 0.0253168 0.1066375 0.2358583 0.0220419 0.0109116 0.0017672 0.3177874 0.2530008 0.0168444 0.0306236 0.1758997 0.2696010 0.2438464 
Perityle_inyoensis_9_pleasant              0.3405347 0.1203084 0.1906063 0.2966992 0.2392531 0.3335677 0.4522308 0.2625041 0.2595718 0.0725124 0.2822736 0.1837974 0.1792925 0.1848312 0.0208890 0.1940868 0.0187061 0.2801513 0.4436493 0.1426901 0.0089739 0.0988381 0.0047710 0.1621846 0.1696702 0.2924231 0.2777477 0.2048484 0.1072759 0.3323707 0.2332580 0.0913531 0.1821853 0.0872211 0.3102220 0.0307454 0.3442701 0.1886423 0.0247666 0.2127724 0.3211832 0.1411956 0.1866827 0.1856824 0.1589815 0.2027349 0.0000000 0.2321496 0.1465786 0.2448414 0.0211058 0.2500876 0.0263193 0.1857040 0.1402852 0.1140113 0.0058182 0.1213889 0.2687727 0.1433423 0.1959944 0.1742618 0.4487468 0.2744228 0.2717819 0.0090675 0.1559055 0.1237129 0.2317340 0.1761602 0.1630358 0.0878558 0.3094795 0.2525945 0.2011700 0.1997829 0.1574399 0.1496268 0.1955583 
