85
Amauria_brandeegeana_62                    0.0000000 0.0743943 0.1367109 0.1938277 0.0909888 0.2006589 0.2513533 0.2663275 0.4066652 0.2554852 0.1785946 0.1236979 0.1649236 0.1453802 0.1476567 0.2705680 0.1270923 0.2710128 0.1916818 0.1467187 0.1442815 0.1361605 0.3086606 0.1275183 0.1372301 0.1320330 0.1716297 0.1857363 0.1329053 0.2259746 0.3014508 0.1852548 0.1071168 0.1533145 0.2935635 0.2067130 0.1254672 0.1428786 0.1884188 0.2943363 0.1341340 0.1206196 0.1258883 0.1480449 0.2227144 0.1863410 0.1270665 0.2504320 0.1367381 0.1365132 0.1075891 0.1166305 0.1246953 0.1241495 0.1731914 0.1731913 0.2757554 0.3464455 0.1885554 0.1308523 0.1359931 0.2800906 0.0570901 0.1900814 0.3011610 0.1381410 0.1235052 0.3844021 0.1474033 0.1004387 0.1115998 0.1258039 0.1311004 0.2592084 0.1204306 0.1282007 0.1712666 0.1845205 0.1736160 0.1323389 0.1382470 0.1491258 0.1591739 0.1141741 0.1283135 
Amauria_carterae_99_mesa                   0.0743943 0.0000000 0.0612268 9.0000000 0.2724255 0.0878193 0.9496790 9.0000000 0.5427035 0.2281980 0.1197717 0.1279098 0.4506137 0.1316627 1.7461699 0.2748421 0.1239843 0.2811117 0.0822106 0.1227304 0.1281173 0.1332094 9.0000000 0.1294601 9.0000000 0.1476854 0.1192579 0.8372726 0.7483273 9.0000000 9.0000000 9.0000000 0.1161886 0.2660268 0.8517925 0.2358578 0.0558484 9.0000000 0.1366977 0.2896434 9.0000000 0.1319282 0.0505833 0.1215855 0.6806343 0.1249539 9.0000000 0.2317560 0.1353072 0.1308225 0.0462265 9.0000000 9.0000000 0.1282901 0.0936187 0.4740135 0.2360713 1.9651549 9.0000000 0.1319513 0.1333757 0.2755390 9.0000000 0.2687546 9.0000000 0.1279744 0.2085359 0.2299695 0.1467953 0.1243014 9.0000000 0.9450408 0.1293087 0.2637962 9.0000000 0.1300034 0.8437004 9.0000000 0.1433141 0.3627870 0.1270540 0.1296257 0.7934928 9.0000000 9.0000000 
Amauria_rotundifolia_SRR9119150            0.1367109 0.0612268 0.0000000 0.1975597 0.2473572 0.1425546 0.2758936 0.1546401 0.3277992 0.2618059 0.1555323 0.1839289 0.3595323 0.1443977 0.1603286 0.2053381 0.1909969 0.2222314 0.1233765 0.1387813 0.1341430 0.1941131 0.0915441 0.1945611 0.2634303 0.1898805 0.1914666 0.3867922 0.3229519 0.1600573 0.1116707 0.1208495 0.1883024 0.1972661 0.1934693 0.2599493 0.1661085 0.2313668 0.1333758 0.2150930 0.2905424 0.1842248 0.1651442 0.1413558 0.2922719 0.1607485 0.2805033 0.1940336 0.1918773 0.1858480 0.1305280 0.2686760 0.2971335 0.1771874 0.1692663 0.1420528 0.1975801 0.1349493 0.1854787 0.1834332 0.1944461 0.2144644 0.3600202 0.2344371 0.1450120 0.2044315 0.2119733 0.2983800 0.2048030 0.1690010 0.2808781 0.3060141 0.1927484 0.2198259 0.2541641 0.1864258 0.4093080 0.1549822 0.1772892 0.2930961 0.1377688 0.1374209 0.2410335 0.2671295 0.2130058 
Conoclinium_coelestinum_SRR9119114         0.1938277 9.0000000 0.1975597 0.0000000 0.1871544 0.1781609 0.1393352 0.2480698 0.3644672 0.3078042 0.2765503 0.1867147 0.2251182 0.1246460 0.1974812 0.2811872 0.1895435 0.2633372 0.2735265 9.0000000 0.0920590 0.1893076 0.2344501 0.1779214 0.2081144 0.1778897 0.2412854 0.2145058 0.2102161 0.2531421 0.2731654 0.2445372 0.1850794 0.1918287 0.2864873 0.2261720 0.2130891 0.2497279 0.2675815 0.2943268 0.2006791 0.1746767 0.2069269 0.1170280 0.2869468 0.2485770 0.2013514 0.2483430 0.1917970 0.1847488 0.2076656 0.2002677 0.1929582 0.1814196 0.2014941 0.2102453 0.2710560 0.2466382 0.2352845 0.1818453 0.1890755 0.2995990 0.1257274 0.2443260 0.1940269 0.1861604 0.2111874 0.3633499 0.2150426 0.1796914 0.1780593 0.2064032 0.1893577 0.2945545 0.1886550 0.1837506 0.2283554 0.1682500 0.6450847 0.1909884 0.1046299 0.0797688 0.2052158 0.1851308 0.1751158 
Eutetras_palmeri_63                        0.0909888 0.2724255 0.2473572 0.1871544 0.0000000 0.2737874 0.1383520 0.2287573 0.4594756 0.2403470 0.5495088 0.1136817 0.1199714 0.5156201 0.1209854 0.2896033 0.1002103 0.2349565 0.2827277 0.2888966 0.2888966 0.1107470 0.2654468 0.0953831 0.1070466 0.1041136 0.1804808 0.0985643 0.1015013 0.2206718 0.2817976 0.2004403 0.1038059 0.1163686 0.2685866 0.1762221 0.0883709 0.1685207 0.3181975 0.3155927 0.1070132 0.0903254 0.0959055 0.1545748 0.1606769 0.3242889 0.1070107 0.2495930 0.1157931 0.1068329 0.1045058 0.1075719 0.0972392 0.0969970 0.2104065 0.1587607 0.2980308 0.3611650 0.2071562 0.0961578 0.1109424 0.2569626 0.0194464 0.1823590 0.3032678 0.1025174 0.1002790 0.3990164 0.0860967 0.0560618 0.0781320 0.1148358 0.1074332 0.2434949 0.1031787 0.1117244 0.1047710 0.1356775 0.8588245 0.1005285 0.2888966 0.3307653 0.1158812 0.0943864 0.1002857 
Eutetras_pringlei_149_quer                 0.2006589 0.0878193 0.1425546 0.1781609 0.2737874 0.0000000 0.2676312 0.1784836 0.2358683 0.2446981 0.1132251 0.2233325 0.3325475 0.1344394 0.2040580 0.2037393 0.2196545 0.2020582 0.1272560 0.1384865 0.1376267 0.2248165 0.1242088 0.2122649 0.3244727 0.2220391 0.1955019 0.3114152 0.3342954 0.1712224 0.1389435 0.1053482 0.1886082 0.2764621 0.2211373 0.2548619 0.1721230 0.3406815 0.1076370 0.2172307 0.3163775 0.2120854 0.1817984 0.1325463 0.3775836 0.1072913 0.3392884 0.1789066 0.2469231 0.2167227 0.1765526 0.3347849 0.3476761 0.2306323 0.1927170 0.1555170 0.1778329 0.1302006 0.0994642 0.2149071 0.2250065 0.1902296 9.0000000 0.2689440 0.1661256 0.2225088 0.2499902 0.1633441 0.2375936 0.1873056 0.3423427 0.3725635 0.2180553 0.2351256 0.3250437 0.2184071 0.3527697 0.1323588 0.1446401 0.2798407 0.1274167 0.1303619 0.2973385 0.3033076 0.2723824 
Eutrochium_fistulosum_SRR9119106           0.2513533 0.9496790 0.2758936 0.1393352 0.1383520 0.2676312 0.0000000 0.2501435 0.3783987 0.2456950 0.4218361 0.1537873 0.2224333 0.4147147 0.1820683 0.2679799 0.1577170 0.2469039 0.2614703 0.3578164 0.4147147 0.1489421 0.2859749 0.1478387 0.2492187 0.1510820 0.1852719 0.1787915 0.1421718 0.2273729 0.3075350 0.2085943 0.1476319 0.1506547 0.2434675 0.1689668 0.1706973 0.3253096 0.3130083 0.2695869 0.1630637 0.1392233 0.1716587 0.4147147 0.2217250 0.3226434 0.1585847 0.2024362 0.1700191 0.1525620 0.1562383 0.1495333 0.1481679 0.1416813 0.1907651 0.1688885 0.2500048 0.3151733 0.1942082 0.1428697 0.1508114 0.2702410 0.0864848 0.2626757 0.2346935 0.1595763 0.1434252 0.4388507 0.2044285 0.1574196 0.1237210 0.1453316 0.1597599 0.2533009 0.1377734 0.1477028 0.1966124 0.1632507 0.3154484 0.1470852 0.4147147 0.4409473 0.1312545 0.1407653 0.1617521 
Galeana_pratensis_104_mex                  0.2663275 9.0000000 0.1546401 0.2480698 0.2287573 0.1784836 0.2501435 0.0000000 0.2915583 0.3629496 0.4389931 0.2987584 0.2833966 9.0000000 0.1781647 0.1692635 0.2928285 0.1337295 0.2025944 9.0000000 9.0000000 0.2965182 0.1558758 0.2738937 0.2855579 0.2821741 0.3268767 0.2586942 0.2949868 0.1699290 0.1849469 0.1249667 0.2577557 0.2443194 0.1575683 0.2466047 0.2379654 0.3040488 0.1600583 0.1754629 0.2980160 0.2722160 0.2639389 9.0000000 0.2696698 0.1596200 0.2917139 0.1368418 0.2925434 0.2847285 0.2677980 0.2873649 0.2733668 0.2895678 0.4273030 0.1874397 0.1595297 0.1983366 0.1895199 0.2819874 0.2947539 0.1561455 0.1716301 0.2772338 0.2262289 0.3005588 0.2980709 0.2509079 0.2778041 0.2482628 0.2715201 0.2790425 0.2920807 0.1675822 0.2724374 0.2893458 0.2851632 0.1568915 0.0869437 0.2449132 9.0000000 9.0000000 0.2525922 0.2705883 0.2415735 
Helianthus_annuus_SRR9119062               0.4066652 0.5427035 0.3277992 0.3644672 0.4594756 0.2358683 0.3783987 0.2915583 0.0000000 0.4815013 0.6921339 0.4648720 0.5137800 0.4138017 0.3490198 0.4086142 0.4345552 0.3780279 0.3517843 0.4467451 0.4249543 0.4333075 0.3229917 0.4185319 0.4326101 0.4332689 0.5140877 0.4147149 0.4907927 0.3240234 0.3672254 0.3789958 0.4754856 0.4700094 0.3749128 0.4705988 0.3770952 0.4779897 0.3684649 0.4187738 0.4406410 0.4272292 0.4578197 0.4278177 0.5319832 0.3688387 0.4437635 0.3723593 0.4546236 0.4450856 0.4622716 0.4500345 0.4344113 0.4425956 0.5398542 0.3664130 0.3894404 0.3312299 0.4424548 0.4212251 0.4321151 0.4225488 0.2903036 0.5034686 0.4559072 0.4223125 0.4934154 0.6374934 0.4402423 0.4562584 0.4457000 0.4751955 0.4298273 0.3952290 0.4261372 0.4423068 0.4885424 0.2785400 0.3883690 0.4717292 0.4150694 0.4327241 0.4186336 0.4207913 0.4466962 
Lycapsus_tenuifolius_17                    0.2554852 0.2281980 0.2618059 0.3078042 0.2403470 0.2446981 0.2456950 0.3629496 0.4815013 0.0000000 0.3318407 0.2572162 0.2707223 0.2780872 0.2992857 0.2636369 0.2481818 0.2305806 0.3222642 0.2940093 0.2723768 0.2303586 0.3288373 0.2537254 0.2179537 0.2588853 0.3159765 0.2915393 0.2699819 0.3019669 0.3163159 0.2828043 0.2433738 0.0104922 0.3884470 0.2100904 0.2603369 0.3081304 0.3230280 0.2749295 0.2420003 0.2469156 0.2661293 0.2740137 0.3252899 0.3243634 0.2489408 0.2295300 0.2633740 0.2572351 0.2302765 0.2401339 0.2322248 0.2043863 0.2583742 0.2777824 0.2513242 0.3600288 0.3639219 0.2431095 0.2646190 0.2215596 0.2471162 0.2578441 0.4582316 0.2652553 0.2635737 0.4422732 0.2347957 0.2448604 0.2000976 0.2363560 0.2624129 0.2485359 0.2283471 0.2683839 0.2653597 0.3576389 0.3076067 0.2743711 0.2666721 0.2844839 0.2495938 0.2280774 0.1672608 
Pericome_caudata_50_silver                 0.1785946 0.1197717 0.1555323 0.2765503 0.5495088 0.1132251 0.4218361 0.4389931 0.6921339 0.3318407 0.0000000 0.1301541 0.5175618 0.1008670 0.4136116 0.3434187 0.1254760 0.3200573 0.1874813 0.0991450 0.0985936 0.1661971 0.0918727 0.1294770 0.5298937 0.1416418 0.1445441 0.5960704 0.5849721 0.4176601 0.7912372 0.3101540 0.1369881 0.2668165 0.6870821 0.3263000 0.1793715 0.5569089 0.1384332 0.3636353 0.5101809 0.1324192 0.1559329 0.1023222 0.5897004 0.1402517 0.5184387 0.3430187 0.1362262 0.1371783 0.1739952 0.5427239 0.5182599 0.1640339 0.1320730 0.5337572 0.3309434 0.8837929 0.6438240 0.1347658 0.1349012 0.3466513 0.2068942 0.4115399 0.6111890 0.1326779 0.2729095 0.4269540 0.1735669 0.0610985 0.2985644 0.5718527 0.1307329 0.3765855 0.4124633 0.1327866 0.5636960 0.1891031 0.0525210 0.4839153 0.0995409 0.1101760 0.3423783 0.5239029 0.3089467 
Perityle_aglossa_84_dead_horse             0.1236979 0.1279098 0.1839289 0.1867147 0.1136817 0.2233325 0.1537873 0.2987584 0.4648720 0.2572162 0.1301541 0.0000000 0.0425895 0.0331043 0.1170355 0.3120856 0.0239157 0.2834894 0.2023394 0.0335806 0.0343296 0.0269544 0.3349834 0.0257451 0.0316125 0.0349248 0.1407703 0.1218778 0.1225558 0.2420582 0.3233580 0.2224674 0.1067131 0.1616128 0.3251907 0.1959809 0.1092513 0.1125667 0.2016165 0.3312469 0.0299212 0.0280971 0.1035144 0.0352982 0.2070471 0.2039494 0.0319543 0.2948751 0.0357944 0.0359482 0.1179863 0.0273199 0.0251261 0.0197603 0.1305515 0.1625041 0.3133418 0.3726925 0.2062408 0.0288692 0.0296317 0.3029326 0.0342120 0.2686484 0.3184175 0.0189520 0.1418895 0.3504016 0.1405938 0.0884734 0.0407108 0.0433259 0.0360889 0.3054056 0.0189899 0.0302737 0.0391488 0.1510119 0.1377568 0.1266467 0.0335754 0.0478557 0.1284432 0.0176421 0.0832775 
Perityle_ajoensis_204                      0.1649236 0.4506137 0.3595323 0.2251182 0.1199714 0.3325475 0.2224333 0.2833966 0.5137800 0.2707223 0.5175618 0.0425895 0.0000000 0.2064196 0.1474357 0.3547980 0.0648017 0.3500245 0.4117583 0.2064196 0.2064196 0.0594048 0.3269739 0.1138129 0.0837076 0.0413639 0.2007066 0.1779228 0.1137871 0.2424098 0.3129067 0.3108786 0.1291812 0.1332140 0.2985559 0.1559298 0.1665695 0.1355053 0.4294738 0.3928445 0.0842655 0.0542163 0.1602344 0.2064196 0.2113339 0.3913085 0.0736967 0.2994785 0.0516023 0.0563734 0.1256682 0.0433123 0.0802805 0.0422979 0.2551344 0.1938658 0.3595795 0.3818533 0.1976475 0.0465448 0.0660639 0.3239535 0.0484429 0.2087825 0.3078584 0.0947336 0.1020047 0.4043849 0.1800093 0.1020405 0.0272130 0.0574183 0.0831650 0.3172751 0.0411037 0.0379033 0.0735355 0.1399422 0.6925968 0.1209838 0.2064196 0.2064196 0.1216507 0.0499635 0.1095756 
Perityle_ambrosiifolia_67_green            0.1453802 0.1316627 0.1443977 0.1246460 0.5156201 0.1344394 0.4147147 9.0000000 0.4138017 0.2780872 0.1008670 0.0331043 0.2064196 0.0000000 0.5015645 0.2774209 0.0049813 0.2849689 0.1373755 0.0090735 0.0083854 0.0230655 9.0000000 0.0070109 9.0000000 0.0170290 0.1015936 0.5867813 0.6614380 0.1364338 9.0000000 0.1340178 0.0812498 0.2097728 0.7486145 0.2671563 0.1507241 0.8775990 0.1305947 0.2919037 9.0000000 0.0115023 0.1228318 0.0125156 0.5558970 0.1309372 9.0000000 0.2750802 0.0143449 0.0145166 0.1414444 9.0000000 9.0000000 0.0078245 0.1027719 0.4129333 0.2638699 1.9651549 9.0000000 0.0165506 0.0137692 0.3008977 9.0000000 0.3259136 9.0000000 0.0140316 0.2597406 0.1378002 0.1673201 0.0869489 9.0000000 0.6522269 0.0082466 0.3223419 0.1416386 0.0110146 0.6857742 9.0000000 0.1289770 0.3458323 0.0115622 0.0201033 0.5021747 9.0000000 0.1275337 
Perityle_angustifolia_13_Eagle_creek       0.1476567 1.7461699 0.1603286 0.1974812 0.1209854 0.2040580 0.1820683 0.1781647 0.3490198 0.2992857 0.4136116 0.1170355 0.1474357 0.5015645 0.0000000 0.1701443 0.1222371 0.1637385 0.2286777 1.1425828 0.4010294 0.1252097 0.0214814 0.1210454 0.0919945 0.1175922 0.2196844 0.1555957 0.1433732 0.1727173 0.1151648 0.1076156 0.1561809 0.1738727 0.1319387 0.1719713 0.1817511 0.0863896 0.2295037 0.1982917 0.1131122 0.1204205 0.1844201 0.3488971 0.1482728 0.2209492 0.1136886 0.1582124 0.1220820 0.1181493 0.1507064 0.1055145 0.1100469 0.1140075 0.2962947 0.0228630 0.1809200 0.2159541 0.0710227 0.1166775 0.1316654 0.1851598 0.0348483 0.1295731 0.1770566 0.1291053 0.1402056 0.2816466 0.1391007 0.1259829 0.0477463 0.1091438 0.1406934 0.1910342 0.1041179 0.1146000 0.1388135 0.0126068 0.8131288 0.1371305 0.4010294 0.3778531 0.1469752 0.1017964 0.1124405 
Perityle_batopilensis_97                   0.2705680 0.2748421 0.2053381 0.2811872 0.2896033 0.2037393 0.2679799 0.1692635 0.4086142 0.2636369 0.3434187 0.3120856 0.3547980 0.2774209 0.1701443 0.0000000 0.3051917 0.0969257 0.2567298 0.3035737 0.2795293 0.2857430 0.0950368 0.3062109 0.2656030 0.3104063 0.3633829 0.3672054 0.3548142 0.1562569 0.1088314 0.0923445 0.3059841 0.1917936 0.2021085 0.2562764 0.3086395 0.2837822 0.2544773 0.0188408 0.3172058 0.3025208 0.3380216 0.2587760 0.3168490 0.2523754 0.3177772 0.0809211 0.3089948 0.3153818 0.2944593 0.3173345 0.3062481 0.2686850 0.3416072 0.1573971 0.1144402 0.2779659 0.2582770 0.2944740 0.3125390 0.1007146 0.2396047 0.2379596 0.2986191 0.3138884 0.3165313 0.3205884 0.2461070 0.3070643 0.2662367 0.2900118 0.3157529 0.1490096 0.2920668 0.3097305 0.3700027 0.1420315 0.3314496 0.3504181 0.2493326 0.3016939 0.2748572 0.3017212 0.2010487 
Perityle_bisetosa_9                        0.1270923 0.1239843 0.1909969 0.1895435 0.1002103 0.2196545 0.1577170 0.2928285 0.4345552 0.2481818 0.1254760 0.0239157 0.0648017 0.0049813 0.1222371 0.3051917 0.0000000 0.2778810 0.2137851 0.0029108 0.0044991 0.0142768 0.3426394 0.0136671 0.0327891 0.0111814 0.1185539 0.1174187 0.1033864 0.2473154 0.3238835 0.2242441 0.0996990 0.1392996 0.3157821 0.1904582 0.0922497 0.1025915 0.2193196 0.3241289 0.0145700 0.0067051 0.0965988 0.0083870 0.2031723 0.2225195 0.0162295 0.2768534 0.0170312 0.0134210 0.1040005 0.0117252 0.0153753 0.0038964 0.1245779 0.1637662 0.3066835 0.3823440 0.1949489 0.0082729 0.0125084 0.3028967 0.0411247 0.2620006 0.3082777 0.0112080 0.1288333 0.3683688 0.1438712 0.0802894 0.0221477 0.0326040 0.0144897 0.3106467 0.0141367 0.0128921 0.0560986 0.1471585 0.1310433 0.1112018 0.0098115 0.0146804 0.1175688 0.0054548 0.0753650 
Perityle_californica_76_positas            0.2710128 0.2811117 0.2222314 0.2633372 0.2349565 0.2020582 0.2469039 0.1337295 0.3780279 0.2305806 0.3200573 0.2834894 0.3500245 0.2849689 0.1637385 0.0969257 0.2778810 0.0000000 0.2344366 0.2866311 0.2648996 0.2655641 0.1176516 0.2795595 0.2494362 0.2796583 0.3373399 0.3312873 0.3246356 0.1342076 0.1069644 0.0710355 0.2608770 0.1875958 0.1431044 0.2007354 0.2748406 0.2556023 0.2647809 0.1079597 0.2815095 0.2800003 0.3061048 0.2703026 0.2914394 0.2658953 0.2692390 0.0468442 0.2777109 0.2810064 0.2673626 0.2636290 0.2693156 0.2562168 0.3374807 0.1289574 0.0971922 0.2542333 0.2252860 0.2766048 0.2853642 0.0988043 0.1894663 0.1924762 0.2632610 0.2895133 0.2925592 0.3297653 0.2566756 0.2638147 0.2365553 0.2677600 0.2815048 0.1277405 0.2560212 0.2740197 0.3378368 0.1200718 0.2854681 0.3026366 0.2602986 0.2891707 0.2563226 0.2520919 0.2041281 
Perityle_canescens_77                      0.1916818 0.0822106 0.1233765 0.2735265 0.2827277 0.1272560 0.2614703 0.2025944 0.3517843 0.3222642 0.1874813 0.2023394 0.4117583 0.1373755 0.2286777 0.2567298 0.2137851 0.2344366 0.0000000 0.1296607 0.1374235 0.2200562 0.1774425 0.2113531 0.3119643 0.2175778 0.2270602 0.3870694 0.3407013 0.2317772 0.1963736 0.1559265 0.2047173 0.2600790 0.2809912 0.3022544 0.1710322 0.3211659 0.1071631 0.2690355 0.3261963 0.2135827 0.1955361 0.1362907 0.3473229 0.1133829 0.3155854 0.2159567 0.2288159 0.2158545 0.1759339 0.3313521 0.3422454 0.2108708 0.1988986 0.2267050 0.2287705 0.1324807 0.2183385 0.2107082 0.2216631 0.2125903 0.3923554 0.2949580 0.2955755 0.2231168 0.2521975 0.4477311 0.2397883 0.2009924 0.3347036 0.3411858 0.2136302 0.2706817 0.3294184 0.2140491 0.3918276 0.2025504 0.1720509 0.3247073 0.1333429 0.1420657 0.2857665 0.3095134 0.2857794 
Perityle_castillonii_96                    0.1467187 0.1227304 0.1387813 9.0000000 0.2888966 0.1384865 0.3578164 9.0000000 0.4467451 0.2940093 0.0991450 0.0335806 0.2064196 0.0090735 1.1425828 0.3035737 0.0029108 0.2866311 0.1296607 0.0000000 0.0079019 0.0170238 9.0000000 0.0054103 9.0000000 0.0169758 0.1036306 0.6507912 0.6729113 9.0000000 9.0000000 0.1172939 0.0922878 0.2121451 0.7161932 0.2710299 0.1432159 0.7493942 0.1312691 0.3086645 9.0000000 0.0086676 0.1211946 0.0113507 0.5141770 0.1339803 9.0000000 0.2759819 0.0122377 0.0125458 0.1387444 9.0000000 9.0000000 0.0015757 0.1040401 0.4129333 0.2974969 1.9651549 9.0000000 0.0132423 0.0112334 0.2899989 9.0000000 0.4028441 9.0000000 0.0122558 0.2938040 0.0000010 0.1860801 0.0831234 9.0000000 0.5115296 0.0079333 0.3476297 9.0000000 0.0085580 0.6407498 9.0000000 0.1211645 0.3436103 0.0101720 0.0262034 0.5021747 9.0000000 0.3378410 
Perityle_cernua_84                         0.1442815 0.1281173 0.1341430 0.0920590 0.2888966 0.1376267 0.4147147 9.0000000 0.4249543 0.2723768 0.0985936 0.0343296 0.2064196 0.0083854 0.4010294 0.2795293 0.0044991 0.2648996 0.1374235 0.0079019 0.0000000 0.0197156 9.0000000 0.0089699 9.0000000 0.0185459 0.0983599 0.6719054 0.6381731 0.2040486 9.0000000 0.1369652 0.0826585 0.1906488 0.8361133 0.2586421 0.1426021 0.5567736 0.1256974 0.2847293 9.0000000 0.0150243 0.1213648 0.0108551 0.5242466 0.1261461 9.0000000 0.2766172 0.0149016 0.0144230 0.1336336 9.0000000 9.0000000 0.0023915 0.1010441 0.4129333 0.2720732 1.9651549 9.0000000 0.0150794 0.0141690 0.2891313 9.0000000 0.3512918 9.0000000 0.0146443 0.2492947 0.1185671 0.1666585 0.0850543 9.0000000 0.5566459 0.0113976 0.3277475 0.0476509 0.0124652 0.5729556 9.0000000 0.1258058 0.3780284 0.0125363 0.0193796 0.5619493 9.0000000 0.1405365 
Perityle_cfvillosa_25_tin                  0.1361605 0.1332094 0.1941131 0.1893076 0.1107470 0.2248165 0.1489421 0.2965182 0.4333075 0.2303586 0.1661971 0.0269544 0.0594048 0.0230655 0.1252097 0.2857430 0.0142768 0.2655641 0.2200562 0.0170238 0.0197156 0.0000000 0.3435370 0.0172435 0.0350449 0.0185874 0.1405089 0.1237807 0.0998884 0.2344532 0.3298773 0.2224676 0.1062585 0.1558495 0.3214115 0.1689617 0.1083196 0.1119213 0.2202401 0.3117446 0.0227898 0.0161348 0.1111761 0.0000010 0.2121539 0.2225517 0.0241479 0.2616082 0.0209530 0.0156226 0.1187338 0.0207912 0.0213469 0.0162346 0.1451022 0.1716340 0.2948609 0.3782127 0.2062860 0.0042660 0.0016217 0.2995112 0.0481755 0.1924440 0.3018249 0.0183058 0.1102638 0.3590779 0.1452878 0.0956347 0.0395345 0.0427270 0.0265432 0.2745982 0.0045628 0.0037619 0.0514449 0.1493776 0.1744750 0.1195196 0.0245853 0.0294547 0.1306026 0.0115835 0.0892285 
Perityle_cinerea_113_Powell1310            0.3086606 9.0000000 0.0915441 0.2344501 0.2654468 0.1242088 0.2859749 0.1558758 0.3229917 0.3288373 0.0918727 0.3349834 0.3269739 9.0000000 0.0214814 0.0950368 0.3426394 0.1176516 0.1774425 9.0000000 9.0000000 0.3435370 0.0000000 0.3378469 0.3252246 0.3223848 0.3220763 0.2609391 0.3194470 0.1526423 0.0986479 0.0910510 0.2945601 0.2873072 0.0534295 0.2894172 0.2325041 0.3664807 0.1379908 0.1017415 0.3193019 0.3322873 0.3014821 9.0000000 0.3165012 0.1375609 0.3316412 0.1017488 0.3288198 0.3223848 0.2820204 0.3373332 0.3452484 0.3315387 0.3161984 0.0545933 0.1330934 0.1388567 0.1227721 0.3281281 0.3491198 0.1107352 0.5040944 0.3633584 0.2716458 0.3337764 0.3092045 0.3400829 0.3160845 0.3026527 0.2529512 0.3361550 0.3505666 0.1564100 0.3310141 0.3395932 0.3234765 0.0403799 9.0000000 0.2613047 9.0000000 9.0000000 0.3018260 0.3080106 0.2942707 
Perityle_coahuilensis_24                   0.1275183 0.1294601 0.1945611 0.1779214 0.0953831 0.2122649 0.1478387 0.2738937 0.4185319 0.2537254 0.1294770 0.0257451 0.1138129 0.0070109 0.1210454 0.3062109 0.0136671 0.2795595 0.2113531 0.0054103 0.0089699 0.0172435 0.3378469 0.0000000 0.0305191 0.0179345 0.1340240 0.1357021 0.1001202 0.2338228 0.3103286 0.2139548 0.1054068 0.1424972 0.3094447 0.1905561 0.0931188 0.1042634 0.2197028 0.3267252 0.0196086 0.0071579 0.1056063 0.0131585 0.2010739 0.2226181 0.0316529 0.2798252 0.0309184 0.0330374 0.1030246 0.0113289 0.0058725 0.0021592 0.1265699 0.1608657 0.3114996 0.3861194 0.1903152 0.0099546 0.0275019 0.3052045 0.0307439 0.2825790 0.2961570 0.0310356 0.1283459 0.3555711 0.1407883 0.0809401 0.0209221 0.0435888 0.0136238 0.3102748 0.0151471 0.0283100 0.1058345 0.1435773 0.1311092 0.1046970 0.0127961 0.0241596 0.1150012 0.0036866 0.0753135 
Perityle_cochisensis_44_cave_creek         0.1372301 9.0000000 0.2634303 0.2081144 0.1070466 0.3244727 0.2492187 0.2855579 0.4326101 0.2179537 0.5298937 0.0316125 0.0837076 9.0000000 0.0919945 0.2656030 0.0327891 0.2494362 0.3119643 9.0000000 9.0000000 0.0350449 0.3252246 0.0305191 0.0000000 0.0373074 0.1968820 0.1099133 0.0951879 0.2382858 0.3063747 0.2009886 0.1252652 0.1318424 0.2272245 0.0965492 0.1235208 0.0863542 0.3269004 0.2595670 0.0387669 0.0313689 0.1300058 9.0000000 0.1429533 0.3378147 0.0401714 0.2262335 0.0487167 0.0426903 0.1136311 0.0280888 0.0341624 0.0236713 0.2225618 0.1131154 0.2603073 0.3564629 0.1999262 0.0282706 0.0407793 0.2768545 0.0368117 0.1347265 0.3112023 0.0424422 0.0843814 0.3776671 0.1197289 0.0962657 0.0582752 0.0292297 0.0432993 0.2359404 0.0253638 0.0252272 0.0514009 0.1350348 0.6920529 0.1064292 9.0000000 9.0000000 0.1207139 0.0283739 0.0852203 
Perityle_congesta_202                      0.1320330 0.1476854 0.1898805 0.1778897 0.1041136 0.2220391 0.1510820 0.2821741 0.4332689 0.2588853 0.1416418 0.0349248 0.0413639 0.0170290 0.1175922 0.3104063 0.0111814 0.2796583 0.2175778 0.0169758 0.0185459 0.0185874 0.3223848 0.0179345 0.0373074 0.0000000 0.1299629 0.1164324 0.1093405 0.2336163 0.3198798 0.2134199 0.1083752 0.1467534 0.3117386 0.1966786 0.1033824 0.1111857 0.2187809 0.3286198 0.0176509 0.0165066 0.1088695 0.0132981 0.2020925 0.2213672 0.0200754 0.2833758 0.0138125 0.0123514 0.1154357 0.0167148 0.0147345 0.0140389 0.1347826 0.1546256 0.3098904 0.3687621 0.1952222 0.0106625 0.0152655 0.3060171 0.0410576 0.2770207 0.3060794 0.0216142 0.1400700 0.3602683 0.1468598 0.0923355 0.0256493 0.0412196 0.0227680 0.3131136 0.0154162 0.0143268 0.0490917 0.1396731 0.1487798 0.1147539 0.0261022 0.0373481 0.1206855 0.0012197 0.0802298 
Perityle_cordifolia_27                     0.1716297 0.1192579 0.1914666 0.2412854 0.1804808 0.1955019 0.1852719 0.3268767 0.5140877 0.3159765 0.1445441 0.1407703 0.2007066 0.1015936 0.2196844 0.3633829 0.1185539 0.3373399 0.2270602 0.1036306 0.0983599 0.1405089 0.3220763 0.1340240 0.1968820 0.1299629 0.0000000 0.2017270 0.2001929 0.3349293 0.3888734 0.3147732 0.1575441 0.2416978 0.4296501 0.2467223 0.1540712 0.2391040 0.1993609 0.3906997 0.1454006 0.1253622 0.1433516 0.1059758 0.3068885 0.1994309 0.1482815 0.3578869 0.1334098 0.1249982 0.1591155 0.1567287 0.1504238 0.1418398 0.0411037 0.3012346 0.3731556 0.3894780 0.3041984 0.1284132 0.1311185 0.3629676 0.0994756 0.3372161 0.3714082 0.1248771 0.1829699 0.4560944 0.1862663 0.1232732 0.1873683 0.1982052 0.1279513 0.3736094 0.1563037 0.1296857 0.1930758 0.1771583 0.1331860 0.1918352 0.0993718 0.1155014 0.1799123 0.1398140 0.1419297 
Perityle_cordifolia_68_tecolote            0.1857363 0.8372726 0.3867922 0.2145058 0.0985643 0.3114152 0.1787915 0.2586942 0.4147149 0.2915393 0.5960704 0.1218778 0.1779228 0.5867813 0.1555957 0.3672054 0.1174187 0.3312873 0.3870694 0.6507912 0.6719054 0.1237807 0.2609391 0.1357021 0.1099133 0.1164324 0.2017270 0.0000000 0.0956808 0.2259756 0.2819171 0.2585991 0.1460656 0.1810424 0.3164057 0.1722880 0.1511032 0.1350022 0.4261251 0.3962590 0.0873622 0.1177856 0.1461434 0.6855455 0.1995962 0.4387043 0.0928423 0.3115230 0.1247818 0.1211458 0.1372039 0.0814124 0.0889202 0.1085081 0.2375919 0.1824637 0.3523776 0.3438421 0.1874859 0.1143767 0.1242906 0.3282101 0.0462591 0.2134729 0.2533395 0.1284781 0.1236937 0.3562668 0.1926129 0.1102561 0.0574733 0.1026345 0.1252165 0.3139623 0.0878663 0.1157368 0.1707711 0.1416642 0.7437488 0.0982357 0.6517729 0.7086571 0.1203898 0.0762291 0.0711900 
Perityle_coronopifolia_28_patagonia        0.1329053 0.7483273 0.3229519 0.2102161 0.1015013 0.3342954 0.1421718 0.2949868 0.4907927 0.2699819 0.5849721 0.1225558 0.1137871 0.6614380 0.1433732 0.3548142 0.1033864 0.3246356 0.3407013 0.6729113 0.6381731 0.0998884 0.3194470 0.1001202 0.0951879 0.1093405 0.2001929 0.0956808 0.0000000 0.2568852 0.3422326 0.2524539 0.1378135 0.1580238 0.3183875 0.1775387 0.1058878 0.1541708 0.3758182 0.3799100 0.0797957 0.0986605 0.1016278 0.6108660 0.1560321 0.3888178 0.0853926 0.3202200 0.1160341 0.1132735 0.0957142 0.0798310 0.0795366 0.0908445 0.2174751 0.1836231 0.3547457 0.3686739 0.2212546 0.1019167 0.1106595 0.3415105 0.0606362 0.1821058 0.3267152 0.1060974 0.0387972 0.4456197 0.1560673 0.1231067 0.0655845 0.0938699 0.1128818 0.3146648 0.0815456 0.1143731 0.1066135 0.1762603 0.7126448 0.0776470 0.6446641 0.6403412 0.0811152 0.0731576 0.0928189 
Perityle_crassifolia_70_ventanas           0.2259746 9.0000000 0.1600573 0.2531421 0.2206718 0.1712224 0.2273729 0.1699290 0.3240234 0.3019669 0.4176601 0.2420582 0.2424098 0.1364338 0.1727173 0.1562569 0.2473154 0.1342076 0.2317772 9.0000000 0.2040486 0.2344532 0.1526423 0.2338228 0.2382858 0.2336163 0.3349293 0.2259756 0.2568852 0.0000000 0.0268505 0.1006226 0.2427601 0.2375071 0.1378825 0.2575582 0.2181217 0.2456761 0.2693271 0.1576574 0.2445194 0.2319802 0.2316432 0.1469346 0.2705149 0.2659904 0.2431468 0.1397554 0.2446307 0.2406180 0.2349549 0.2384112 0.2361633 0.2378697 0.3649125 0.1517877 0.1622150 0.2729165 0.2580542 0.2262939 0.2337464 0.1499654 0.2001823 0.2823282 0.2999740 0.2505286 0.2467362 0.2898378 0.2291473 0.2180437 0.2221663 0.2393793 0.2404760 0.0669072 0.2367506 0.2389192 0.2445734 0.1635854 0.3270956 0.2320228 0.1894066 0.1934859 0.2456046 0.2230999 0.2007523 
Perityle_crassifolia_74_playa_balandra     0.3014508 9.0000000 0.1116707 0.2731654 0.2817976 0.1389435 0.3075350 0.1849469 0.3672254 0.3163159 0.7912372 0.3233580 0.3129067 9.0000000 0.1151648 0.1088314 0.3238835 0.1069644 0.1963736 9.0000000 9.0000000 0.3298773 0.0986479 0.3103286 0.3063747 0.3198798 0.3888734 0.2819171 0.3422326 0.0268505 0.0000000 0.1363504 0.2817992 0.3307251 0.1079646 0.3178281 0.2338467 0.3283643 0.2568054 0.1108081 0.3053937 0.3210079 0.3057297 9.0000000 0.3486666 0.2516549 0.3189214 0.1122775 0.3143024 0.3242884 0.3167784 0.3067291 0.3218020 0.3219062 0.3843254 0.0999316 0.1652504 0.2479778 0.2821874 0.3165209 0.3270654 0.1574218 9.0000000 0.3630135 0.3745201 0.3252153 0.3249836 0.3024110 0.3093314 0.2962634 0.1818723 0.3181381 0.3136249 0.0133158 0.3243080 0.3175649 0.3051707 0.1232457 9.0000000 0.3204936 9.0000000 9.0000000 0.3779558 0.3030011 0.3066573 
Perityle_cuneata_34_cuneata_San_antonio    0.1852548 9.0000000 0.1208495 0.2445372 0.2004403 0.1053482 0.2085943 0.1249667 0.3789958 0.2828043 0.3101540 0.2224674 0.3108786 0.1340178 0.1076156 0.0923445 0.2242441 0.0710355 0.1559265 0.1172939 0.1369652 0.2224676 0.0910510 0.2139548 0.2009886 0.2134199 0.3147732 0.2585991 0.2524539 0.1006226 0.1363504 0.0000000 0.2084450 0.2269959 0.0990859 0.2263823 0.2148012 0.2120963 0.1918855 0.1065903 0.2389983 0.2098718 0.2246720 0.1463544 0.2213615 0.1908663 0.2347745 0.0582816 0.2241484 0.2253975 0.2152664 0.2313600 0.2299222 0.2177453 0.3395484 0.1009134 0.1015953 0.1875273 0.1878871 0.2155116 0.2298386 0.1023254 0.1350920 0.2245296 0.2320548 0.2316375 0.2165698 0.2956358 0.2069355 0.2021813 0.2057255 0.2245624 0.2236140 0.1389664 0.2210942 0.2100316 0.2877901 0.0977466 0.2298241 0.2323427 0.1187299 0.1337536 0.2306841 0.2196631 0.1992040 
Perityle_cuneata_4                         0.1071168 0.1161886 0.1883024 0.1850794 0.1038059 0.1886082 0.1476319 0.2577557 0.4754856 0.2433738 0.1369881 0.1067131 0.1291812 0.0812498 0.1561809 0.3059841 0.0996990 0.2608770 0.2047173 0.0922878 0.0826585 0.1062585 0.2945601 0.1054068 0.1252652 0.1083752 0.1575441 0.1460656 0.1378135 0.2427601 0.2817992 0.2084450 0.0000000 0.1263032 0.3260924 0.2145853 0.1267315 0.1775694 0.2058501 0.3248366 0.1244427 0.0958397 0.1171955 0.0792471 0.2152640 0.2064652 0.1254506 0.2814041 0.1109819 0.1081889 0.1179754 0.1223644 0.1132511 0.0961504 0.1412033 0.1932366 0.3056440 0.3802660 0.2308355 0.0995964 0.1080171 0.2779070 0.0434750 0.2940164 0.3342300 0.1035700 0.1601757 0.3930792 0.1550268 0.0986937 0.1007234 0.1318547 0.1058177 0.3056719 0.1119008 0.1068844 0.1276410 0.1717612 0.1371586 0.1398635 0.0742676 0.0960311 0.1506266 0.1052456 0.1001258 
Perityle_discoidea_81                      0.1533145 0.2660268 0.1972661 0.1918287 0.1163686 0.2764621 0.1506547 0.2443194 0.4700094 0.0104922 0.2668165 0.1616128 0.1332140 0.2097728 0.1738727 0.1917936 0.1392996 0.1875958 0.2600790 0.2121451 0.1906488 0.1558495 0.2873072 0.1424972 0.1318424 0.1467534 0.2416978 0.1810424 0.1580238 0.2375071 0.3307251 0.2269959 0.1263032 0.0000000 0.2906285 0.1234203 0.1566474 0.1926686 0.2642440 0.2009422 0.1323400 0.1394901 0.1499603 0.2045178 0.2206822 0.2569373 0.1410423 0.1778421 0.1585386 0.1482082 0.1512264 0.1314452 0.1240983 0.1433792 0.2221101 0.1884673 0.1918680 0.2929288 0.2867800 0.1455885 0.1548454 0.2254152 0.0497649 0.1564774 0.3834450 0.1553176 0.1538706 0.3535346 0.1632439 0.1454335 0.1100154 0.1343100 0.1524981 0.1885258 0.1387668 0.1547951 0.1283682 0.2286181 0.2927293 0.1641773 0.1883841 0.1866341 0.1643489 0.1188101 0.1039570 
Perityle_dissecta_201                      0.2935635 0.8517925 0.1934693 0.2864873 0.2685866 0.2211373 0.2434675 0.1575683 0.3749128 0.3884470 0.6870821 0.3251907 0.2985559 0.7486145 0.1319387 0.2021085 0.3157821 0.1431044 0.2809912 0.7161932 0.8361133 0.3214115 0.0534295 0.3094447 0.2272245 0.3117386 0.4296501 0.3164057 0.3183875 0.1378825 0.1079646 0.0990859 0.3260924 0.2906285 0.0000000 0.3321397 0.3353545 0.2291608 0.2934218 0.2117431 0.2855457 0.3089386 0.3432145 0.7969680 0.2607071 0.3118672 0.2883888 0.1454793 0.3144030 0.3107621 0.3247510 0.2874126 0.2825374 0.3091445 0.4357419 0.0784522 0.2186459 0.2500981 0.2655036 0.3006772 0.3261279 0.1638241 0.2425508 0.3030712 0.2942532 0.3244288 0.3334019 0.3646945 0.2741049 0.3110443 0.2320793 0.2875481 0.3227152 0.1856093 0.2816474 0.3203571 0.3208510 0.0938606 0.7579718 0.3205666 0.8054050 0.8082597 0.2658130 0.2685192 0.2426316 
Perityle_emoryi_47_punta_san_jose          0.2067130 0.2358578 0.2599493 0.2261720 0.1762221 0.2548619 0.1689668 0.2466047 0.4705988 0.2100904 0.3263000 0.1959809 0.1559298 0.2671563 0.1719713 0.2562764 0.1904582 0.2007354 0.3022544 0.2710299 0.2586421 0.1689617 0.2894172 0.1905561 0.0965492 0.1966786 0.2467223 0.1722880 0.1775387 0.2575582 0.3178281 0.2263823 0.2145853 0.1234203 0.3321397 0.0000000 0.1851203 0.2201935 0.3012428 0.2695536 0.1426963 0.1820789 0.2195577 0.2633568 0.2185951 0.2968568 0.1508721 0.2033950 0.2025263 0.1972281 0.1905232 0.1382433 0.1366196 0.1459002 0.2374756 0.1641465 0.2572956 0.4058630 0.2320739 0.1817298 0.2002672 0.2187316 0.0159639 0.2356141 0.2751453 0.1999330 0.1983484 0.3735153 0.1784444 0.2008614 0.0526161 0.1326533 0.1979219 0.2503675 0.1428105 0.2044417 0.1615284 0.1402536 0.3171838 0.1868297 0.2573031 0.2866386 0.1384814 0.1293816 0.0095679 
Perityle_feddemae_99                       0.1254672 0.0558484 0.1661085 0.2130891 0.0883709 0.1721230 0.1706973 0.2379654 0.3770952 0.2603369 0.1793715 0.1092513 0.1665695 0.1507241 0.1817511 0.3086395 0.0922497 0.2748406 0.1710322 0.1432159 0.1426021 0.1083196 0.2325041 0.0931188 0.1235208 0.1033824 0.1540712 0.1511032 0.1058878 0.2181217 0.2338467 0.2148012 0.1267315 0.1566474 0.3353545 0.1851203 0.0000000 0.1389238 0.2251711 0.3240097 0.0784479 0.0978389 0.0277319 0.1496953 0.1784642 0.2274664 0.0770860 0.2508964 0.1059560 0.1048648 0.0201637 0.0770217 0.0736635 0.0944013 0.1452065 0.1793220 0.2822680 0.3603822 0.1808632 0.1028038 0.1086923 0.2841932 0.0492355 0.2196026 0.2426315 0.1096123 0.1092380 0.3059086 0.1388138 0.0825847 0.0670299 0.1019175 0.1020547 0.2690120 0.0797979 0.1097477 0.1478225 0.1304800 0.1748413 0.1084814 0.1467381 0.1533753 0.1135653 0.0653048 0.0692558 
Perityle_fosteri_93                        0.1428786 9.0000000 0.2313668 0.2497279 0.1685207 0.3406815 0.3253096 0.3040488 0.4779897 0.3081304 0.5569089 0.1125667 0.1355053 0.8775990 0.0863896 0.2837822 0.1025915 0.2556023 0.3211659 0.7493942 0.5567736 0.1119213 0.3664807 0.1042634 0.0863542 0.1111857 0.2391040 0.1350022 0.1541708 0.2456761 0.3283643 0.2120963 0.1775694 0.1926686 0.2291608 0.2201935 0.1389238 0.0000000 0.3172310 0.3137625 0.1060934 0.1071990 0.1821711 0.5567736 0.1845521 0.3138778 0.1076597 0.2629636 0.1178014 0.1170838 0.1648803 0.1017138 0.1056987 0.1021051 0.3401688 0.1328894 0.3086310 0.3962411 0.2150165 0.1082260 0.1144048 0.2939550 0.0477768 0.1393353 0.3221166 0.0985452 0.1492527 0.4399437 0.1626082 0.1464894 0.0496240 0.1161294 0.1204169 0.2504138 0.1062343 0.1067884 0.1217203 0.1587472 0.7406948 0.1683556 0.5567736 0.7493942 0.1620025 0.1018255 0.1595282 
Perityle_gamon_221                         0.1884188 0.1366977 0.1333758 0.2675815 0.3181975 0.1076370 0.3130083 0.1600583 0.3684649 0.3230280 0.1384332 0.2016165 0.4294738 0.1305947 0.2295037 0.2544773 0.2193196 0.2647809 0.1071631 0.1312691 0.1256974 0.2202401 0.1379908 0.2197028 0.3269004 0.2187809 0.1993609 0.4261251 0.3758182 0.2693271 0.2568054 0.1918855 0.2058501 0.2642440 0.2934218 0.3012428 0.2251711 0.3172310 0.0000000 0.2605494 0.3713655 0.2179255 0.2362019 0.1314289 0.3613410 0.0200616 0.3711882 0.2298299 0.2271780 0.2189755 0.1927116 0.3670331 0.3814176 0.2086185 0.1763939 0.2508366 0.2177408 0.1063511 0.2029661 0.2167955 0.2240456 0.2290705 0.4864414 0.2815690 0.2907241 0.2255082 0.2150594 0.3940287 0.2031183 0.1529749 0.3049160 0.3826389 0.2215475 0.2860365 0.3207206 0.2110321 0.4835048 0.1994054 0.1302211 0.3652793 0.1330705 0.1370662 0.3194372 0.3555894 0.2835850 
Perityle_gentryi_8_san_francisco           0.2943363 0.2896434 0.2150930 0.2943268 0.3155927 0.2172307 0.2695869 0.1754629 0.4187738 0.2749295 0.3636353 0.3312469 0.3928445 0.2919037 0.1982917 0.0188408 0.3241289 0.1079597 0.2690355 0.3086645 0.2847293 0.3117446 0.1017415 0.3267252 0.2595670 0.3286198 0.3906997 0.3962590 0.3799100 0.1576574 0.1108081 0.1065903 0.3248366 0.2009422 0.2117431 0.2695536 0.3240097 0.3137625 0.2605494 0.0000000 0.3489088 0.3172834 0.3593375 0.2742998 0.3278592 0.2602929 0.3458941 0.0913375 0.3294478 0.3335626 0.3172525 0.3459643 0.3375475 0.2898558 0.3517699 0.1659349 0.1284347 0.2866087 0.2842433 0.3161952 0.3340472 0.1097480 0.2387328 0.2492390 0.3072555 0.3333398 0.3472478 0.3352767 0.2665351 0.3214764 0.2681660 0.3172877 0.3327653 0.1651464 0.3153973 0.3302442 0.3986314 0.1501323 0.3468058 0.3756268 0.2560525 0.3069491 0.2833043 0.3308347 0.2104364 
Perityle_gilensis_22_Superstition          0.1341340 9.0000000 0.2905424 0.2006791 0.1070132 0.3163775 0.1630637 0.2980160 0.4406410 0.2420003 0.5101809 0.0299212 0.0842655 9.0000000 0.1131122 0.3172058 0.0145700 0.2815095 0.3261963 9.0000000 9.0000000 0.0227898 0.3193019 0.0196086 0.0387669 0.0176509 0.1454006 0.0873622 0.0797957 0.2445194 0.3053937 0.2389983 0.1244427 0.1323400 0.2855457 0.1426963 0.0784479 0.1060934 0.3713655 0.3489088 0.0000000 0.0116777 0.0940877 9.0000000 0.1695950 0.3760160 0.0260791 0.2759101 0.0275736 0.0235694 0.1008158 0.0191220 0.0220945 0.0134214 0.1762731 0.1547301 0.3288101 0.3843083 0.1938381 0.0159921 0.0210010 0.3032038 0.0558430 0.1887368 0.3100820 0.0215526 0.0813271 0.3926674 0.1433685 0.0858745 0.0360632 0.0373291 0.0255146 0.2812760 0.0207044 0.0225358 0.0674399 0.1521614 0.7719353 0.0958087 9.0000000 9.0000000 0.1180534 0.0133525 0.0751271 
Perityle_gilensis_salensis_225             0.1206196 0.1319282 0.1842248 0.1746767 0.0903254 0.2120854 0.1392233 0.2722160 0.4272292 0.2469156 0.1324192 0.0280971 0.0542163 0.0115023 0.1204205 0.3025208 0.0067051 0.2800003 0.2135827 0.0086676 0.0150243 0.0161348 0.3322873 0.0071579 0.0313689 0.0165066 0.1253622 0.1177856 0.0986605 0.2319802 0.3210079 0.2098718 0.0958397 0.1394901 0.3089386 0.1820789 0.0978389 0.1071990 0.2179255 0.3172834 0.0116777 0.0000000 0.0987085 0.0159978 0.1930039 0.2184204 0.0169495 0.2779171 0.0201912 0.0156629 0.1051769 0.0107236 0.0072642 0.0060362 0.1314003 0.1598840 0.3022616 0.3775725 0.1924281 0.0121048 0.0146815 0.3062842 0.0305837 0.2583429 0.2994061 0.0171358 0.1260789 0.3601185 0.1341736 0.0842001 0.0246024 0.0337364 0.0110572 0.3067273 0.0174210 0.0149316 0.0488316 0.1422765 0.1396016 0.1030099 0.0180386 0.0290803 0.1138976 0.0019697 0.0741261 
Perityle_glaucescens_94                    0.1258883 0.0505833 0.1651442 0.2069269 0.0959055 0.1817984 0.1716587 0.2639389 0.4578197 0.2661293 0.1559329 0.1035144 0.1602344 0.1228318 0.1844201 0.3380216 0.0965988 0.3061048 0.1955361 0.1211946 0.1213648 0.1111761 0.3014821 0.1056063 0.1300058 0.1088695 0.1433516 0.1461434 0.1016278 0.2316432 0.3057297 0.2246720 0.1171955 0.1499603 0.3432145 0.2195577 0.0277319 0.1821711 0.2362019 0.3593375 0.0940877 0.0987085 0.0000000 0.1269116 0.1702457 0.2373864 0.0951873 0.2970538 0.1112270 0.1096240 0.0208223 0.0896563 0.0891253 0.0994075 0.1381818 0.1925965 0.3225417 0.3465706 0.2102652 0.1053725 0.1103667 0.3122376 0.0346248 0.3013847 0.3159554 0.1062677 0.1251157 0.4083705 0.1535947 0.0913903 0.0688541 0.1143168 0.1060578 0.3238530 0.0939739 0.1100827 0.1475781 0.1617690 0.1405210 0.0972477 0.1267755 0.1295510 0.1173796 0.0811360 0.0883666 
Perityle_gracilis_11                       0.1480449 0.1215855 0.1413558 0.1170280 0.1545748 0.1325463 0.4147147 9.0000000 0.4278177 0.2740137 0.1023222 0.0352982 0.2064196 0.0125156 0.3488971 0.2587760 0.0083870 0.2703026 0.1362907 0.0113507 0.0108551 0.0000010 9.0000000 0.0131585 9.0000000 0.0132981 0.1059758 0.6855455 0.6108660 0.1469346 9.0000000 0.1463544 0.0792471 0.2045178 0.7969680 0.2633568 0.1496953 0.5567736 0.1314289 0.2742998 9.0000000 0.0159978 0.1269116 0.0000000 0.5167412 0.1310441 9.0000000 0.2602887 0.0007278 0.0000010 0.1404498 9.0000000 9.0000000 0.0140894 0.1054063 0.4129333 0.2570165 1.9651549 9.0000000 0.0013460 0.0006674 0.2893315 9.0000000 0.3187359 9.0000000 0.0165355 0.2550148 0.1401936 0.1616756 0.0886482 9.0000000 0.5155584 0.0142191 0.3132494 0.0000010 0.0006686 0.5468341 9.0000000 0.1296266 0.3813389 0.0172865 0.0264166 0.5021747 9.0000000 0.1517836 
