79
Amauria_brandeegeana_62                    0.0000000 0.0715265 0.0091267 0.2161326 0.1053335 0.0905646 0.1530208 0.3466938 0.1790862 0.1115547 0.1002721 0.1013971 0.0940158 0.0605752 0.1215507 0.0929923 0.1084405 0.1130399 0.6816316 0.0912025 0.1003968 0.1191510 0.1012880 0.2557195 0.0520428 0.2287284 0.1027696 0.1370761 0.1449082 0.0684392 0.1849497 0.0916855 0.0823210 0.1143789 0.0942950 0.1393289 0.0842914 0.0827022 0.1162653 0.0950445 0.1148841 0.1051364 0.0964768 0.1023947 0.0805684 0.1081870 0.1053641 0.0933630 0.0859030 0.0450998 0.0686309 0.1030297 0.0825261 0.0986539 0.1627647 0.0940136 0.1095280 0.0804771 0.0888092 0.0888565 0.1305685 0.1513915 0.1467682 0.0920299 0.0837549 0.1158308 0.1014481 0.1301665 0.0994132 0.0973538 0.1063776 0.0627669 0.1243447 0.1254897 0.1046432 0.0988833 0.1082717 0.0914483 0.1003343 
Amauria_carterae_99_mesa                   0.0715265 0.0000000 0.0456644 0.1809694 0.1054457 0.0927731 0.1677898 0.1974355 0.0850000 0.1472875 0.1270970 0.1137986 0.1134320 0.1069251 0.1245441 0.1098138 0.1051867 0.1358437 0.5302596 0.1079180 0.1172168 0.1188339 0.1231101 0.3210939 0.0871556 0.2690783 0.1105215 0.1518300 0.1733399 0.1183905 0.0864918 0.1214607 0.0626952 0.1174410 0.1077585 0.1272297 0.0903050 0.1082637 0.1221239 0.1085492 0.1206933 0.1186719 0.0653147 0.1181596 0.1030023 0.1165822 0.1184940 0.1127526 0.1043466 0.0627181 0.0987842 0.1205451 0.1080759 0.1120323 0.1100345 0.1052258 0.1136109 0.1000431 0.1024299 0.1096168 0.1463249 0.2328664 0.0929294 0.0907740 0.1225124 0.1266513 0.1234375 0.1247298 0.1117116 0.1152030 0.1106512 0.0896989 0.1202797 0.1139321 0.1235674 0.1150727 0.1503875 0.1029710 0.0609402 
Amauria_rotundifolia_SRR9119150            0.0091267 0.0456644 0.0000000 0.0662659 0.0088498 0.0088498 0.0462978 0.0787426 0.0000010 0.0548177 0.0452976 0.0359708 0.0364640 0.0362624 0.0642308 0.0368104 0.0455140 0.0453552 0.0860041 0.0273587 0.0359708 0.0362624 0.0359708 0.0553000 0.0363078 0.0359708 0.0181858 0.0360207 0.0269907 0.0267426 0.0000010 0.0455218 0.0095448 0.0359708 0.0362624 0.0456459 0.0271490 0.0362468 0.0452194 0.0370360 0.0456459 0.0359708 0.0376247 0.0364640 0.0368104 0.0359708 0.0365272 0.0364640 0.0373273 0.0339880 0.0365891 0.0368627 0.0271057 0.0359708 0.0359708 0.0363078 0.0363586 0.0565623 0.0557311 0.0368159 0.0361618 0.0359708 0.0452906 0.0464838 0.0364640 0.0453684 0.0359708 0.0451665 0.0359708 0.0363078 0.0359708 0.0362468 0.0544425 0.0456516 0.0452505 0.0465255 0.0459086 0.0359708 0.0092133 
Conoclinium_coelestinum_SRR9119114         0.2161326 0.1809694 0.0662659 0.0000000 0.2187413 0.1995903 0.1393965 0.3582605 0.2808474 0.2298119 0.2256216 0.2322642 0.2129177 0.1784812 0.2369749 0.1911067 0.2134172 0.2392560 0.6770477 0.2200489 0.2031507 0.2075839 0.2442847 0.3206700 0.1642343 0.3289316 0.2130998 0.2501357 0.2329453 0.1908199 0.2757870 0.2171214 0.2005036 0.2396669 0.2179124 0.2829412 0.2048814 0.2174415 0.2458569 0.2265183 0.2377554 0.2290310 0.1889011 0.2276434 0.1851377 0.2414566 0.2247259 0.1989656 0.2167840 0.1059037 0.1942814 0.2009424 0.1777754 0.2054960 0.2817095 0.1965137 0.2190541 0.2091689 0.2032661 0.2085777 0.2440751 0.2628891 0.2345738 0.2044557 0.2392437 0.2331789 0.2438229 0.2329987 0.2177879 0.2301357 0.2455807 0.1813316 0.2247224 0.2484067 0.2304126 0.2126826 0.1850363 0.2041592 0.1929966 
Eutetras_palmeri_63                        0.1053335 0.1054457 0.0088498 0.2187413 0.0000000 0.0027213 0.1662832 0.3653887 0.1862404 0.1612670 0.1346603 0.1326099 0.1148899 0.1069958 0.1403871 0.1121663 0.0991268 0.1274789 0.6970962 0.1137287 0.1180661 0.1675718 0.1238280 0.3009382 0.0863894 0.2554520 0.1320345 0.1664248 0.1663343 0.1509032 0.1847724 0.1298495 0.1053010 0.1335850 0.1119702 0.1767857 0.1049584 0.1061424 0.1194076 0.1230072 0.1243808 0.1258011 0.1272861 0.1253475 0.1077483 0.1249897 0.1367571 0.1170336 0.1018017 0.0359520 0.1091353 0.1266087 0.1196862 0.1158587 0.1767493 0.1009753 0.1195074 0.1253844 0.1484170 0.1117422 0.1535053 0.1724686 0.1569513 0.1122729 0.1458493 0.1360962 0.1227832 0.1436613 0.1200499 0.1199630 0.1360839 0.1139801 0.1487281 0.1283015 0.1285701 0.1148561 0.1311584 0.1116266 0.0971666 
Eutetras_pringlei_149_quer                 0.0905646 0.0927731 0.0088498 0.1995903 0.0027213 0.0000000 0.1266649 0.3437164 0.0780653 0.1852974 0.1546721 0.1472114 0.1422704 0.1283077 0.1251982 0.1410730 0.1321208 0.1517020 0.5167336 0.1305170 0.1482514 0.1726997 0.1534349 0.1738542 0.0946948 0.1858241 0.1425329 0.1560272 0.1861649 0.1369632 0.0907284 0.1468550 0.0901568 0.1406929 0.1366895 0.1356243 0.1237815 0.1314030 0.1296003 0.1356945 0.1296684 0.1488541 0.1203005 0.1485231 0.1338139 0.1247446 0.1425748 0.1429201 0.1438353 0.0449467 0.1344610 0.1183478 0.1431836 0.1417006 0.1431756 0.1397609 0.1196937 0.1400047 0.1545238 0.1482357 0.1463533 0.1881566 0.1467348 0.1305845 0.1665669 0.1527211 0.1538866 0.1501371 0.1446458 0.1445135 0.1342688 0.1170671 0.1672017 0.1331858 0.1476513 0.1538089 0.1064818 0.1387764 0.1062511 
Eutrochium_fistulosum_SRR9119106           0.1530208 0.1677898 0.0462978 0.1393965 0.1662832 0.1266649 0.0000000 0.3546970 0.2689171 0.2041233 0.1972096 0.1926394 0.1820820 0.1673210 0.2071499 0.1688473 0.1563240 0.2039910 0.7153621 0.1874392 0.1680163 0.1488987 0.1942897 0.3454827 0.1512328 0.3033843 0.1865221 0.2127641 0.1698192 0.1892987 0.2714177 0.1929782 0.1715784 0.2048380 0.1854549 0.2468037 0.1722713 0.1748074 0.1848607 0.1869000 0.1881117 0.1927075 0.1571389 0.2004345 0.1702007 0.1990817 0.2063179 0.1705574 0.1763129 0.0547395 0.1724211 0.1753646 0.1782238 0.1729092 0.2424766 0.1720185 0.1924743 0.1513395 0.1678247 0.1754685 0.2060396 0.2311350 0.2123669 0.1546413 0.2140262 0.1949857 0.1927752 0.2013264 0.1834303 0.1886861 0.2108890 0.1644304 0.1911768 0.2084545 0.1937545 0.1999798 0.2150222 0.1708327 0.1662179 
Helianthus_annuus_SRR9119062               0.3466938 0.1974355 0.0787426 0.3582605 0.3653887 0.3437164 0.3546970 0.0000000 0.3731911 0.3679460 0.3540923 0.3534516 0.3422337 0.1933637 0.3447421 0.3606285 0.3560321 0.3443854 0.8335699 0.3379115 0.3394955 0.2399193 0.3509406 0.3842941 0.1453210 0.5649143 0.3473508 0.3439225 0.4308359 0.2174568 0.3744146 0.3476064 0.3192195 0.3550741 0.3349234 0.3688605 0.3435646 0.3287477 0.3739502 0.3470917 0.3771251 0.3452430 0.2917359 0.3550117 0.2843432 0.3686225 0.3551398 0.3312445 0.3497015 0.1092011 0.2901678 0.3319508 0.2719608 0.3242024 0.4019770 0.3459749 0.3435954 0.2780579 0.3293237 0.3495228 0.3483190 0.4110884 0.3600035 0.3292408 0.2937319 0.3651786 0.3521035 0.3280016 0.3521905 0.3423566 0.3547215 0.1994709 0.3501367 0.3834069 0.3491585 0.4000376 0.2491028 0.3334547 0.3036125 
Lycapsus_tenuifolius_17                    0.1790862 0.0850000 0.0000010 0.2808474 0.1862404 0.0780653 0.2689171 0.3731911 0.0000000 0.2236149 0.2094029 0.2091880 0.1921873 0.0850382 0.2206158 0.1997303 0.1515238 0.2239013 0.6963287 0.1968861 0.1625530 0.1236282 0.1990409 0.2619019 0.0510747 0.3748994 0.1629560 0.2273686 0.2487736 0.0816349 0.0000010 0.1994591 0.1313412 0.2148496 0.1865699 0.1612132 0.1799560 0.1757145 0.2062568 0.2001151 0.2093934 0.1827067 0.1041207 0.1996666 0.0808018 0.2115005 0.2117707 0.1716359 0.1876662 0.0360134 0.0785425 0.1644964 0.0846985 0.0984692 0.2629907 0.1901297 0.2057296 0.1035942 0.1060149 0.1964242 0.1962386 0.2627342 0.1822928 0.1734109 0.1167369 0.2109997 0.1979417 0.1962169 0.1994527 0.2079879 0.2029342 0.0742127 0.2006391 0.2102447 0.2081301 0.2253071 0.1345657 0.1583128 0.1774553 
Pericome_caudata_50_silver                 0.1115547 0.1472875 0.0548177 0.2298119 0.1612670 0.1852974 0.2041233 0.3679460 0.2236149 0.0000000 0.1140977 0.1108810 0.1187344 0.1111347 0.1694537 0.1251460 0.1361032 0.1247447 0.7479536 0.1009058 0.1251240 0.1865488 0.1166857 0.3108858 0.0807203 0.2703447 0.1207592 0.1749780 0.1566212 0.1540588 0.2260243 0.1051102 0.1086009 0.1432859 0.1015741 0.1592199 0.0984324 0.0907304 0.1521296 0.1039836 0.1524353 0.1089411 0.1596895 0.1162547 0.1150636 0.1368352 0.1218614 0.0963144 0.1058748 0.0716182 0.1063692 0.1266894 0.1273143 0.1200754 0.1854752 0.1158133 0.1361053 0.1250603 0.1643672 0.1098992 0.2012831 0.1735399 0.1312370 0.0826508 0.1494125 0.1327868 0.1131179 0.1548540 0.1070686 0.1185973 0.1290460 0.1294284 0.1132496 0.1452737 0.1072010 0.1336311 0.1809936 0.1042328 0.1280775 
Perityle_aglossa_84_dead_horse             0.1002721 0.1270970 0.0452976 0.2256216 0.1346603 0.1546721 0.1972096 0.3540923 0.2094029 0.1140977 0.0000000 0.1483056 0.0330244 0.0078182 0.1355947 0.0337412 0.1116222 0.1122156 0.6601560 0.0283369 0.0202380 0.0817691 0.0958647 0.2789657 0.0221188 0.1774581 0.0592630 0.1482979 0.1403045 0.1118722 0.2037117 0.0241601 0.0627225 0.1076971 0.0198990 0.1096678 0.0277349 0.1644868 0.1364897 0.1666579 0.1155067 0.0374257 0.1174890 0.0301484 0.0139230 0.0962608 0.0519413 0.0314387 0.1739940 0.0000010 0.0151310 0.0940309 0.0475013 0.0310966 0.0795204 0.0281836 0.0922683 0.0915342 0.0518848 0.0156050 0.1610376 0.0943574 0.1421951 0.0924468 0.0277365 0.1599760 0.0997087 0.1555856 0.0249280 0.0808771 0.1543665 0.0307411 0.1132154 0.1220682 0.0462400 0.0152050 0.1115098 0.0187613 0.1267419 
Perityle_ajoensis_204                      0.1013971 0.1137986 0.0359708 0.2322642 0.1326099 0.1472114 0.1926394 0.3534516 0.2091880 0.1108810 0.1483056 0.0000000 0.0562743 0.0097797 0.1367840 0.0251112 0.1095806 0.1499763 0.6445558 0.0446705 0.0320356 0.0673619 0.1075178 0.2713221 0.0220567 0.1668661 0.0657638 0.1711784 0.1340458 0.1114916 0.2056831 0.0161529 0.0677818 0.1327454 0.0270223 0.1108176 0.1482803 0.0232792 0.1452399 0.0162583 0.1095418 0.0429293 0.1074369 0.0130939 0.0139107 0.1159245 0.0808628 0.0873529 0.0247895 0.0000010 0.0151230 0.0892399 0.0474348 0.0310660 0.0698270 0.1649571 0.0969194 0.0874393 0.0451820 0.0643478 0.1458278 0.0913240 0.1460657 0.1240055 0.0250839 0.0437633 0.1044369 0.1754355 0.0753233 0.0773055 0.0363681 0.0237790 0.1107576 0.1363759 0.0673466 0.0289335 0.1076590 0.0079652 0.2118465 
Perityle_ambrosiifolia_67_green            0.0940158 0.1134320 0.0364640 0.2129177 0.1148899 0.1422704 0.1820820 0.3422337 0.1921873 0.1187344 0.0330244 0.0562743 0.0000000 0.0087202 0.0903663 0.0223208 0.0956350 0.1098336 0.6283821 0.0161732 0.0270398 0.0822365 0.0510356 0.2592311 0.0160202 0.1672848 0.0571354 0.1175877 0.1314920 0.1133532 0.1886362 0.0180544 0.0636617 0.0861056 0.0182365 0.1086879 0.0190772 0.0357755 0.1180975 0.0477549 0.1025093 0.0303254 0.0401081 0.0309125 0.0140595 0.0770868 0.0360218 0.0192027 0.0501574 0.0000010 0.0073898 0.0680451 0.0442805 0.0218190 0.0636276 0.0257909 0.0923905 0.0862762 0.0460164 0.0286015 0.1070506 0.0999404 0.1284299 0.0860637 0.0102403 0.0678886 0.0496687 0.1341278 0.0292312 0.0347583 0.0666808 0.0275111 0.0951269 0.1260560 0.0440408 0.0280821 0.1035167 0.0192338 0.1015246 
Perityle_angustifolia_13_Eagle_creek       0.0605752 0.1069251 0.0362624 0.1784812 0.1069958 0.1283077 0.1673210 0.1933637 0.0850382 0.1111347 0.0078182 0.0097797 0.0087202 0.0000000 0.0829587 0.0024767 0.0908327 0.0902834 0.5841324 0.0079991 0.0059278 0.0528910 0.0216716 0.2626055 0.0127118 0.2018297 0.0261203 0.1050260 0.1238587 0.0908047 0.0855703 0.0078946 0.0134771 0.0680871 0.0039727 0.0509652 0.0080853 0.0060454 0.0711278 0.0099770 0.0762412 0.0083131 0.0514177 0.0059049 0.0024002 0.0670442 0.0402395 0.0059452 0.0039988 0.0000010 0.0080083 0.0704174 0.0290196 0.0177570 0.0743693 0.0022428 0.0792431 0.0693719 0.0406870 0.0020208 0.1068290 0.0915438 0.0735623 0.0832712 0.0142411 0.0196878 0.0197280 0.1128035 0.0039269 0.0059138 0.0058601 0.0071656 0.0941818 0.1094779 0.0338198 0.0027287 0.0881764 0.0019652 0.0939349 
Perityle_batopilensis_97                   0.1215507 0.1245441 0.0642308 0.2369749 0.1403871 0.1251982 0.2071499 0.3447421 0.2206158 0.1694537 0.1355947 0.1367840 0.0903663 0.0829587 0.0000000 0.0876202 0.1297160 0.1207811 0.6745831 0.1009573 0.0863832 0.1286891 0.1388273 0.2985634 0.0900323 0.2212228 0.1126545 0.0495373 0.1727062 0.1249295 0.2061667 0.1271620 0.0963137 0.1344819 0.0992631 0.1590129 0.1002420 0.1272168 0.1316419 0.1340689 0.1276718 0.1350736 0.0727524 0.1087138 0.0717308 0.1111292 0.1090484 0.1216642 0.0946814 0.0352411 0.0819589 0.0508076 0.0933082 0.0978514 0.1566750 0.0719734 0.0366561 0.1165478 0.0840509 0.0962853 0.0432649 0.1612654 0.1649924 0.1374868 0.1018907 0.1271755 0.1377499 0.1729376 0.1202765 0.0989230 0.1321372 0.0901555 0.1620235 0.1435307 0.1264696 0.0909326 0.0808991 0.0915833 0.1668131 
Perityle_bisetosa_9                        0.0929923 0.1098138 0.0368104 0.1911067 0.1121663 0.1410730 0.1688473 0.3606285 0.1997303 0.1251460 0.0337412 0.0251112 0.0223208 0.0024767 0.0876202 0.0000000 0.0856357 0.1175724 0.6056213 0.0239782 0.0192948 0.0609213 0.0336482 0.2432105 0.0096904 0.1457854 0.0502745 0.1104604 0.1096642 0.1040382 0.2000665 0.0187060 0.0468750 0.0873559 0.0223569 0.1049386 0.0156813 0.0122613 0.0761451 0.0171223 0.0774698 0.0323948 0.0364206 0.0270602 0.0042622 0.0787601 0.0609044 0.0088085 0.0186614 0.0000010 0.0000010 0.0620949 0.0370026 0.0183679 0.0203155 0.0225329 0.0960154 0.0872108 0.0339267 0.0224144 0.1018499 0.0852576 0.1265531 0.0867526 0.0052558 0.0116844 0.0336990 0.1214188 0.0324157 0.0219065 0.0426525 0.0073719 0.1051804 0.1091264 0.0425098 0.0203366 0.0880953 0.0052993 0.0988036 
Perityle_californica_76_positas            0.1084405 0.1051867 0.0455140 0.2134172 0.0991268 0.1321208 0.1563240 0.3560321 0.1515238 0.1361032 0.1116222 0.1095806 0.0956350 0.0908327 0.1297160 0.0856357 0.0000000 0.1444720 0.6889434 0.0870986 0.1070734 0.1382142 0.1073747 0.2929014 0.0624325 0.2158960 0.1267206 0.1539336 0.1529624 0.1259929 0.1610426 0.1028718 0.0814346 0.1250515 0.0937814 0.1427871 0.0882825 0.0812634 0.1148414 0.0986891 0.1153882 0.1015065 0.0680148 0.1087284 0.0882805 0.1163943 0.1161861 0.0929425 0.0925939 0.0350852 0.0817839 0.1168774 0.1108238 0.0991760 0.1551780 0.0943276 0.1239937 0.1090691 0.1028618 0.1055440 0.1485883 0.1582345 0.1212751 0.0913528 0.1119694 0.1085918 0.1058859 0.1143221 0.1056743 0.1019732 0.1211813 0.0904640 0.1230014 0.1381023 0.1044143 0.0970985 0.1532720 0.0950123 0.0793371 
Perityle_canescens_77                      0.1130399 0.1358437 0.0453552 0.2392560 0.1274789 0.1517020 0.2039910 0.3443854 0.2239013 0.1247447 0.1122156 0.1499763 0.1098336 0.0902834 0.1207811 0.1175724 0.1444720 0.0000000 0.7097853 0.1015440 0.1104730 0.1403766 0.1418818 0.2879561 0.0759743 0.2915859 0.1304690 0.1386470 0.2038395 0.1578666 0.2253645 0.1019724 0.1203074 0.1210457 0.1009736 0.1749025 0.0993940 0.1263301 0.1575050 0.1470012 0.1378657 0.1121764 0.1014433 0.1120695 0.1121872 0.1140151 0.1216565 0.1041643 0.1368062 0.0447003 0.1016639 0.1218829 0.1313886 0.1303462 0.1641903 0.1074651 0.1193596 0.0979489 0.1527844 0.1130907 0.1343697 0.1871745 0.1704620 0.1211521 0.1307983 0.1703838 0.1403276 0.1848148 0.1084711 0.1353898 0.1586252 0.1075622 0.1442212 0.1495326 0.1236638 0.1135126 0.1408524 0.1076805 0.1164069 
Perityle_castillonii_96                    0.6816316 0.5302596 0.0860041 0.6770477 0.6970962 0.5167336 0.7153621 0.8335699 0.6963287 0.7479536 0.6601560 0.6445558 0.6283821 0.5841324 0.6745831 0.6056213 0.6889434 0.7097853 0.0000000 0.6578965 0.6616445 0.3662548 0.6741114 0.3755149 0.4445874 0.7090315 0.6721660 0.6927745 0.5392666 0.4328992 0.6780522 0.6562919 0.6419410 0.6940786 0.6510374 0.6941480 0.6529819 0.6392067 0.7021466 0.6599615 0.7103722 0.6589763 0.6125952 0.6632723 0.5586508 0.6832983 0.6665139 0.6527906 0.6630216 0.0826124 0.6143854 0.6730483 0.5777631 0.5775148 0.6637276 0.6456429 0.6596734 0.6269501 0.4358477 0.6492332 0.6881412 0.7367220 0.6691384 0.6754526 0.5396864 0.6670351 0.6711588 0.6726251 0.6643009 0.6361398 0.6667010 0.3846243 0.6897099 0.7611489 0.6713944 0.6184814 0.5352624 0.6330558 0.6430761 
Perityle_cernua_84                         0.0912025 0.1079180 0.0273587 0.2200489 0.1137287 0.1305170 0.1874392 0.3379115 0.1968861 0.1009058 0.0283369 0.0446705 0.0161732 0.0079991 0.1009573 0.0239782 0.0870986 0.1015440 0.6578965 0.0000000 0.0254208 0.0706618 0.0413196 0.2574062 0.0160461 0.1677687 0.0511605 0.1250537 0.1209972 0.1033224 0.1917251 0.0189490 0.0610824 0.0902825 0.0059361 0.0951840 0.0151116 0.0283129 0.1154490 0.0407522 0.1051089 0.0199408 0.0714439 0.0247240 0.0061298 0.0825044 0.0427387 0.0163812 0.0359703 0.0000010 0.0034160 0.0856725 0.0381254 0.0180750 0.0803681 0.0220035 0.0933302 0.0838610 0.0402117 0.0225283 0.1165182 0.0827952 0.1145189 0.0726342 0.0051441 0.0603560 0.0390384 0.1358626 0.0261942 0.0267875 0.0569229 0.0246733 0.0975825 0.1196166 0.0352073 0.0226472 0.0936264 0.0151012 0.1008276 
Perityle_cfvillosa_25_tin                  0.1003968 0.1172168 0.0359708 0.2031507 0.1180661 0.1482514 0.1680163 0.3394955 0.1625530 0.1251240 0.0202380 0.0320356 0.0270398 0.0059278 0.0863832 0.0192948 0.1070734 0.1104730 0.6616445 0.0254208 0.0000000 0.0684054 0.0394842 0.2659984 0.0252760 0.1611746 0.0496346 0.1096216 0.1200047 0.0922225 0.1667231 0.0235615 0.0398818 0.0926516 0.0148766 0.1031464 0.0090485 0.0152035 0.0918884 0.0207734 0.0990530 0.0318508 0.0494734 0.0307720 0.0079557 0.0832632 0.0568995 0.0088239 0.0162498 0.0000010 0.0154094 0.0836643 0.0455629 0.0312027 0.0663242 0.0000010 0.0886174 0.0935402 0.0390086 0.0179994 0.1040186 0.0866828 0.1102804 0.0935970 0.0278894 0.0353170 0.0380598 0.1233269 0.0014384 0.0277987 0.0443559 0.0177535 0.1134351 0.1270230 0.0471922 0.0147036 0.1113794 0.0118032 0.1047268 
Perityle_cinerea_113_Powell1310            0.1191510 0.1188339 0.0362624 0.2075839 0.1675718 0.1726997 0.1488987 0.2399193 0.1236282 0.1865488 0.0817691 0.0673619 0.0822365 0.0528910 0.1286891 0.0609213 0.1382142 0.1403766 0.3662548 0.0706618 0.0684054 0.0000000 0.1003392 0.1056819 0.0000010 0.1020013 0.0986860 0.1186053 0.0763719 0.0750307 0.1261081 0.0732494 0.0801636 0.0967809 0.0686695 0.1068676 0.0703725 0.0749100 0.1120580 0.0608291 0.1121405 0.0775667 0.0855191 0.0678222 0.0610617 0.0967809 0.0971054 0.0643675 0.0688661 0.0000010 0.0791967 0.0950584 0.1070129 0.0828839 0.0673619 0.0693952 0.1088932 0.1300821 0.1077271 0.0794560 0.1478183 0.1117388 0.1363724 0.1609921 0.0914373 0.1007013 0.1007455 0.0897802 0.0726833 0.0679372 0.0820028 0.0103404 0.1539419 0.1480679 0.0867368 0.0753161 0.0549643 0.0635456 0.1394957 
Perityle_coahuilensis_24                   0.1012880 0.1231101 0.0359708 0.2442847 0.1238280 0.1534349 0.1942897 0.3509406 0.1990409 0.1166857 0.0958647 0.1075178 0.0510356 0.0216716 0.1388273 0.0336482 0.1073747 0.1418818 0.6741114 0.0413196 0.0394842 0.1003392 0.0000000 0.2646543 0.0220825 0.1732244 0.0642533 0.1639900 0.1419712 0.1151259 0.1968652 0.0346806 0.0710028 0.1199245 0.0330516 0.1149932 0.0773080 0.0846855 0.1448437 0.1097832 0.1118929 0.0537281 0.1122231 0.0424354 0.0198880 0.1036180 0.0789834 0.0978033 0.1080924 0.0086371 0.0202108 0.0903087 0.0493283 0.0329924 0.0908335 0.0918841 0.0980603 0.0952576 0.0616476 0.0612538 0.1810630 0.0968560 0.1423226 0.1115107 0.0327685 0.1222113 0.0041350 0.1771903 0.0676613 0.0518604 0.1159469 0.0375605 0.1060711 0.1281658 0.0816934 0.0271524 0.1036707 0.0268733 0.1606586 
Perityle_cochisensis_44_cave_creek         0.2557195 0.3210939 0.0553000 0.3206700 0.3009382 0.1738542 0.3454827 0.3842941 0.2619019 0.3108858 0.2789657 0.2713221 0.2592311 0.2626055 0.2985634 0.2432105 0.2929014 0.2879561 0.3755149 0.2574062 0.2659984 0.1056819 0.2646543 0.0000000 0.2484726 0.3562645 0.2903925 0.3010766 0.1545768 0.2661009 0.2662653 0.2663995 0.2480832 0.2776344 0.2513229 0.3019525 0.2625006 0.2608026 0.2903462 0.2662334 0.2887343 0.2570661 0.2341169 0.2668200 0.2616998 0.2907660 0.2795024 0.2636256 0.2600058 0.0000010 0.2465774 0.2955788 0.2863871 0.2581922 0.2500392 0.2566244 0.2584939 0.1810421 0.1358970 0.2667045 0.3069833 0.3784131 0.2554014 0.2586096 0.2601033 0.2918394 0.2646543 0.3063992 0.2602499 0.2632606 0.2645028 0.2548941 0.2818584 0.2758631 0.2732379 0.2654494 0.2418523 0.2613155 0.2613007 
Perityle_congesta_202                      0.0520428 0.0871556 0.0363078 0.1642343 0.0863894 0.0946948 0.1512328 0.1453210 0.0510747 0.0807203 0.0221188 0.0220567 0.0160202 0.0127118 0.0900323 0.0096904 0.0624325 0.0759743 0.4445874 0.0160461 0.0252760 0.0000010 0.0220825 0.2484726 0.0000000 0.2343241 0.0288765 0.1111139 0.1289125 0.0768250 0.0543393 0.0189723 0.0103780 0.0514747 0.0095789 0.0555000 0.0064837 0.0063716 0.0630426 0.0128105 0.0622179 0.0158857 0.0243922 0.0158402 0.0129492 0.0548114 0.0520462 0.0159310 0.0064429 0.0000010 0.0129716 0.0831460 0.0285788 0.0257686 0.0128709 0.0129137 0.0988172 0.0673055 0.0490629 0.0097090 0.1257512 0.1229472 0.0614976 0.0623668 0.0189971 0.0348809 0.0220825 0.0962354 0.0222371 0.0159023 0.0156914 0.0087509 0.0724205 0.0856959 0.0514172 0.0176166 0.0897675 0.0128093 0.0594579 
Perityle_cordifolia_27                     0.2287284 0.2690783 0.0359708 0.3289316 0.2554520 0.1858241 0.3033843 0.5649143 0.3748994 0.2703447 0.1774581 0.1668661 0.1672848 0.2018297 0.2212228 0.1457854 0.2158960 0.2915859 0.7090315 0.1677687 0.1611746 0.1020013 0.1732244 0.3562645 0.2343241 0.0000000 0.1948924 0.2496641 0.1592486 0.2133128 0.3624194 0.1670557 0.2324597 0.2225070 0.1643829 0.2894597 0.1477224 0.1416330 0.2203047 0.1566146 0.2121980 0.1782183 0.1819025 0.1720915 0.1636429 0.2173110 0.1861692 0.1587857 0.1516688 0.0000010 0.1443565 0.1879568 0.1966678 0.1627827 0.1660175 0.1579464 0.2092225 0.2092711 0.0795372 0.1604127 0.2306193 0.0548654 0.2736501 0.2254990 0.1687890 0.1610986 0.1731729 0.2604806 0.1679871 0.1687045 0.1845972 0.1667091 0.2430361 0.2606211 0.1714507 0.1590799 0.2745520 0.1503768 0.2416499 
Perityle_cordifolia_68_tecolote            0.1027696 0.1105215 0.0181858 0.2130998 0.1320345 0.1425329 0.1865221 0.3473508 0.1629560 0.1207592 0.0592630 0.0657638 0.0571354 0.0261203 0.1126545 0.0502745 0.1267206 0.1304690 0.6721660 0.0511605 0.0496346 0.0986860 0.0642533 0.2903925 0.0288765 0.1948924 0.0000000 0.1308614 0.1394613 0.0820744 0.1655681 0.0600547 0.0550696 0.1121079 0.0446986 0.1060369 0.0410406 0.0466839 0.1110872 0.0604144 0.1136745 0.0616071 0.1024424 0.0623539 0.0352184 0.1030346 0.0866846 0.0405000 0.0467026 0.0263074 0.0278009 0.1018041 0.0143724 0.0548179 0.1203173 0.0377340 0.0978082 0.0949145 0.0743219 0.0457442 0.1225329 0.1065186 0.1149313 0.0907824 0.0550413 0.0604843 0.0630952 0.1365020 0.0475453 0.0614255 0.0667515 0.0330814 0.1174962 0.1277991 0.0713797 0.0572499 0.1072010 0.0472296 0.1285447 
Perityle_coronopifolia_28_patagonia        0.1370761 0.1518300 0.0360207 0.2501357 0.1664248 0.1560272 0.2127641 0.3439225 0.2273686 0.1749780 0.1482979 0.1711784 0.1175877 0.1050260 0.0495373 0.1104604 0.1539336 0.1386470 0.6927745 0.1250537 0.1096216 0.1186053 0.1639900 0.3010766 0.1111139 0.2496641 0.1308614 0.0000000 0.1809041 0.1544320 0.2156560 0.1427809 0.1149043 0.1650122 0.1197467 0.1856591 0.1265103 0.1492075 0.1707408 0.1722487 0.1510265 0.1454754 0.0796031 0.1345026 0.1032655 0.1387012 0.1310938 0.1357459 0.1266418 0.0351634 0.1027881 0.0567800 0.1096436 0.1153208 0.1853582 0.1020726 0.0485986 0.1229709 0.1050918 0.1172220 0.0306547 0.1818387 0.1849695 0.1496952 0.1285733 0.1565155 0.1603453 0.1935731 0.1379797 0.1317439 0.1671038 0.1253025 0.1718464 0.1568653 0.1417594 0.1119549 0.0806566 0.1146671 0.1855085 
Perityle_crassifolia_70_ventanas           0.1449082 0.1733399 0.0269907 0.2329453 0.1663343 0.1861649 0.1698192 0.4308359 0.2487736 0.1566212 0.1403045 0.1340458 0.1314920 0.1238587 0.1727062 0.1096642 0.1529624 0.2038395 0.5392666 0.1209972 0.1200047 0.0763719 0.1419712 0.1545768 0.1289125 0.1592486 0.1394613 0.1809041 0.0000000 0.0527415 0.2506599 0.1274662 0.1289511 0.1571612 0.1190764 0.2259952 0.1092633 0.1081773 0.1521789 0.1200699 0.1555638 0.1383257 0.1146960 0.1321308 0.1289280 0.1461709 0.1621576 0.1205522 0.1085971 0.0631396 0.1222619 0.1413745 0.1367721 0.1369834 0.1255033 0.1194879 0.1677888 0.1547855 0.1307780 0.1329257 0.1645527 0.1572031 0.1687998 0.1355933 0.1505350 0.1325097 0.1423270 0.0518914 0.1240728 0.1223956 0.1739779 0.1261472 0.1647395 0.1687628 0.1283571 0.1181631 0.1997146 0.1148481 0.1328855 
Perityle_crassifolia_74_playa_balandra     0.0684392 0.1183905 0.0267426 0.1908199 0.1509032 0.1369632 0.1892987 0.2174568 0.0816349 0.1540588 0.1118722 0.1114916 0.1133532 0.0908047 0.1249295 0.1040382 0.1259929 0.1578666 0.4328992 0.1033224 0.0922225 0.0750307 0.1151259 0.2661009 0.0768250 0.2133128 0.0820744 0.1544320 0.0527415 0.0000000 0.0874832 0.1127267 0.0732982 0.1292136 0.0979097 0.1568096 0.0952633 0.0993030 0.1374721 0.1001305 0.1408485 0.1092003 0.1029577 0.1087762 0.0913211 0.1278643 0.1095467 0.1008756 0.0982547 0.0625556 0.0993737 0.1106606 0.0881193 0.1128078 0.1006294 0.0910956 0.1192724 0.1211946 0.0996823 0.0990193 0.1494444 0.2279204 0.1079990 0.1030153 0.1118989 0.1196446 0.1155177 0.0138363 0.0886176 0.1007442 0.1115479 0.1054338 0.1369301 0.1284648 0.1043759 0.0952930 0.1425321 0.0921521 0.1210015 
Perityle_discoidea_81                      0.1849497 0.0864918 0.0000010 0.2757870 0.1847724 0.0907284 0.2714177 0.3744146 0.0000010 0.2260243 0.2037117 0.2056831 0.1886362 0.0855703 0.2061667 0.2000665 0.1610426 0.2253645 0.6780522 0.1917251 0.1667231 0.1261081 0.1968652 0.2662653 0.0543393 0.3624194 0.1655681 0.2156560 0.2506599 0.0874832 0.0000000 0.2008348 0.1254377 0.2003252 0.1825834 0.1571135 0.1732393 0.1711290 0.1990803 0.1954243 0.2011218 0.1865516 0.0886939 0.1950179 0.0822729 0.1995952 0.2107111 0.1613051 0.1843877 0.0440410 0.0792364 0.1546457 0.0861617 0.0995850 0.2471729 0.1834585 0.2053497 0.0990119 0.1073626 0.1929961 0.1899040 0.2630277 0.1894039 0.1781022 0.1176142 0.2044899 0.1971708 0.1978559 0.1950146 0.2009086 0.2007168 0.0763636 0.2033159 0.2094346 0.2043155 0.2142444 0.1352873 0.1594515 0.1821727 
Perityle_dissecta_201                      0.0916855 0.1214607 0.0455218 0.2171214 0.1298495 0.1468550 0.1929782 0.3476064 0.1994591 0.1051102 0.0241601 0.0161529 0.0180544 0.0078946 0.1271620 0.0187060 0.1028718 0.1019724 0.6562919 0.0189490 0.0235615 0.0732494 0.0346806 0.2663995 0.0189723 0.1670557 0.0600547 0.1427809 0.1274662 0.1127267 0.2008348 0.0000000 0.0578236 0.0999570 0.0101246 0.1001007 0.0145735 0.0119420 0.0942403 0.0105491 0.0985496 0.0249144 0.1012323 0.0172653 0.0100419 0.0904337 0.0486106 0.0167515 0.0168954 0.0087563 0.0101617 0.0827207 0.0461207 0.0255228 0.0698942 0.0184343 0.0926134 0.0846507 0.0464325 0.0195498 0.1450322 0.0847929 0.1188464 0.0770179 0.0228698 0.0386660 0.0335856 0.1353741 0.0261307 0.0105394 0.0273568 0.0142322 0.1019903 0.1194173 0.0312383 0.0210379 0.1047105 0.0053876 0.1152881 
Perityle_emoryi_47_punta_san_jose          0.0823210 0.0626952 0.0095448 0.2005036 0.1053010 0.0901568 0.1715784 0.3192195 0.1313412 0.1086009 0.0627225 0.0677818 0.0636617 0.0134771 0.0963137 0.0468750 0.0814346 0.1203074 0.6419410 0.0610824 0.0398818 0.0801636 0.0710028 0.2480832 0.0103780 0.2324597 0.0550696 0.1149043 0.1289511 0.0732982 0.1254377 0.0578236 0.0000000 0.0867955 0.0575927 0.0913608 0.0493634 0.0544968 0.0791485 0.0603482 0.0846774 0.0738286 0.0475238 0.0658591 0.0178041 0.0891950 0.0844987 0.0474878 0.0534838 0.0000010 0.0156032 0.0600393 0.0439586 0.0328446 0.1150133 0.0595231 0.0850554 0.0723414 0.0435023 0.0609623 0.0774625 0.1305521 0.0850262 0.0900380 0.0369251 0.0805125 0.0694291 0.1355135 0.0666232 0.0647581 0.0718297 0.0308967 0.1005027 0.1264046 0.0802941 0.0635071 0.0866360 0.0332347 0.0990196 
Perityle_feddemae_99                       0.1143789 0.1174410 0.0359708 0.2396669 0.1335850 0.1406929 0.2048380 0.3550741 0.2148496 0.1432859 0.1076971 0.1327454 0.0861056 0.0680871 0.1344819 0.0873559 0.1250515 0.1210457 0.6940786 0.0902825 0.0926516 0.0967809 0.1199245 0.2776344 0.0514747 0.2225070 0.1121079 0.1650122 0.1571612 0.1292136 0.2003252 0.0999570 0.0867955 0.0000000 0.0901584 0.1514411 0.0935139 0.1133489 0.1124388 0.1264100 0.0867556 0.0978960 0.1257806 0.1033118 0.0797812 0.0228443 0.1183266 0.0945890 0.1138994 0.0000010 0.0764878 0.1051449 0.0971991 0.0815552 0.1467521 0.0876478 0.1119828 0.1210354 0.0813343 0.1018763 0.1472838 0.1604806 0.1736598 0.1158580 0.0852286 0.1455648 0.1176530 0.1655845 0.1046157 0.1146739 0.1491735 0.0785522 0.1314280 0.1326299 0.1132333 0.0922887 0.1191966 0.0886043 0.1365725 
Perityle_fosteri_93                        0.0942950 0.1077585 0.0362624 0.2179124 0.1119702 0.1366895 0.1854549 0.3349234 0.1865699 0.1015741 0.0198990 0.0270223 0.0182365 0.0039727 0.0992631 0.0223569 0.0937814 0.1009736 0.6510374 0.0059361 0.0148766 0.0686695 0.0330516 0.2513229 0.0095789 0.1643829 0.0446986 0.1197467 0.1190764 0.0979097 0.1825834 0.0101246 0.0575927 0.0901584 0.0000000 0.0942671 0.0156972 0.0133797 0.1029999 0.0226979 0.1039886 0.0126380 0.0665810 0.0186058 0.0040535 0.0833375 0.0407330 0.0121442 0.0223730 0.0000010 0.0034103 0.0812598 0.0337260 0.0178833 0.0752448 0.0156141 0.0865614 0.0793774 0.0361144 0.0170711 0.1113764 0.0804922 0.1085548 0.0740737 0.0103067 0.0492528 0.0318916 0.1232625 0.0188532 0.0199583 0.0368907 0.0208312 0.0924750 0.1181775 0.0303765 0.0174535 0.0959330 0.0081994 0.1046227 
Perityle_gentryi_8_san_francisco           0.1393289 0.1272297 0.0456459 0.2829412 0.1767857 0.1356243 0.2468037 0.3688605 0.1612132 0.1592199 0.1096678 0.1108176 0.1086879 0.0509652 0.1590129 0.1049386 0.1427871 0.1749025 0.6941480 0.0951840 0.1031464 0.1068676 0.1149932 0.3019525 0.0555000 0.2894597 0.1060369 0.1856591 0.2259952 0.1568096 0.1571135 0.1001007 0.0913608 0.1514411 0.0942671 0.0000000 0.0923080 0.0937475 0.1411711 0.1063025 0.1445783 0.1064069 0.1412576 0.1119343 0.0579454 0.1413143 0.1233636 0.0953971 0.1058070 0.0087014 0.0450126 0.1314382 0.0857696 0.0877951 0.1841136 0.1150672 0.1514999 0.0864235 0.0834356 0.1042798 0.1698767 0.1611422 0.1559437 0.1378762 0.0740083 0.1231413 0.1138929 0.1964351 0.1053801 0.1113279 0.1131825 0.0734576 0.1610094 0.1712491 0.1080018 0.1355840 0.1304195 0.0913127 0.1748170 
Perityle_gilensis_22_Superstition          0.0842914 0.0903050 0.0271490 0.2048814 0.1049584 0.1237815 0.1722713 0.3435646 0.1799560 0.0984324 0.0277349 0.1482803 0.0190772 0.0080853 0.1002420 0.0156813 0.0882825 0.0993940 0.6529819 0.0151116 0.0090485 0.0703725 0.0773080 0.2625006 0.0064837 0.1477224 0.0410406 0.1265103 0.1092633 0.0952633 0.1732393 0.0145735 0.0493634 0.0935139 0.0156972 0.0923080 0.0000000 0.1673189 0.1108207 0.1683907 0.0937137 0.0240718 0.0875266 0.0237774 0.0040800 0.0814614 0.0433967 0.0144050 0.1652356 0.0000010 0.0051747 0.0789424 0.0365534 0.0161295 0.0715576 0.0068246 0.0747110 0.0827149 0.0369944 0.0149462 0.1192421 0.0747143 0.1281324 0.0729359 0.0078554 0.1508119 0.0826901 0.1366267 0.0127709 0.0779423 0.1551863 0.0211483 0.0949867 0.1122755 0.0294796 0.0106208 0.0871844 0.0082890 0.1076785 
Perityle_gilensis_salensis_225             0.0827022 0.1082637 0.0362468 0.2174415 0.1061424 0.1314030 0.1748074 0.3287477 0.1757145 0.0907304 0.1644868 0.0232792 0.0357755 0.0060454 0.1272168 0.0122613 0.0812634 0.1263301 0.6392067 0.0283129 0.0152035 0.0749100 0.0846855 0.2608026 0.0063716 0.1416330 0.0466839 0.1492075 0.1081773 0.0993030 0.1711290 0.0119420 0.0544968 0.1133489 0.0133797 0.0937475 0.1673189 0.0000000 0.1293229 0.0193096 0.0911634 0.0317420 0.0996430 0.0188342 0.0061329 0.0956320 0.0554640 0.0768943 0.0055099 0.0000010 0.0051679 0.0699937 0.0382591 0.0180200 0.0780978 0.1525785 0.0718951 0.0804370 0.0370440 0.0486687 0.1317841 0.0737381 0.1250997 0.1008728 0.0078100 0.0267368 0.0928546 0.1575439 0.0624281 0.0995661 0.0276929 0.0210137 0.0879661 0.1113814 0.0644376 0.0088977 0.0973392 0.0055730 0.1916753 
Perityle_glaucescens_94                    0.1162653 0.1221239 0.0452194 0.2458569 0.1194076 0.1296003 0.1848607 0.3739502 0.2062568 0.1521296 0.1364897 0.1452399 0.1180975 0.0711278 0.1316419 0.0761451 0.1148414 0.1575050 0.7021466 0.1154490 0.0918884 0.1120580 0.1448437 0.2903462 0.0630426 0.2203047 0.1110872 0.1707408 0.1521789 0.1374721 0.1990803 0.0942403 0.0791485 0.1124388 0.1029999 0.1411711 0.1108207 0.1293229 0.0000000 0.1399165 0.0012703 0.1138936 0.0765999 0.0991657 0.0734305 0.0909877 0.1410887 0.1109684 0.1331159 0.0441847 0.0700593 0.0854160 0.0910273 0.0797026 0.1423364 0.1217916 0.1209517 0.0934219 0.0942677 0.1263875 0.1185614 0.1509537 0.1634852 0.1323603 0.0941140 0.1479916 0.1420326 0.1869103 0.1257907 0.1365821 0.1594827 0.0828814 0.1250589 0.1506430 0.1335596 0.1004982 0.1318989 0.0782362 0.1525607 
Perityle_gracilis_11                       0.0950445 0.1085492 0.0370360 0.2265183 0.1230072 0.1356945 0.1869000 0.3470917 0.2001151 0.1039836 0.1666579 0.0162583 0.0477549 0.0099770 0.1340689 0.0171223 0.0986891 0.1470012 0.6599615 0.0407522 0.0207734 0.0608291 0.1097832 0.2662334 0.0128105 0.1566146 0.0604144 0.1722487 0.1200699 0.1001305 0.1954243 0.0105491 0.0603482 0.1264100 0.0226979 0.1063025 0.1683907 0.0193096 0.1399165 0.0000000 0.1033767 0.0389151 0.1033462 0.0060288 0.0081220 0.1117894 0.0753892 0.0842976 0.0237825 0.0000010 0.0103228 0.0865164 0.0381395 0.0179225 0.0643617 0.1617881 0.0945265 0.0892191 0.0367489 0.0597202 0.1448176 0.0853962 0.1437781 0.1188274 0.0155752 0.0397124 0.1188819 0.1718708 0.0699636 0.0840896 0.0352275 0.0176890 0.1037079 0.1341553 0.0629443 0.0156170 0.0933012 0.0040414 0.2090364 
Perityle_harkerae_31                       0.1148841 0.1206933 0.0456459 0.2377554 0.1243808 0.1296684 0.1881117 0.3771251 0.2093934 0.1524353 0.1155067 0.1095418 0.1025093 0.0762412 0.1276718 0.0774698 0.1153882 0.1378657 0.7103722 0.1051089 0.0990530 0.1121405 0.1118929 0.2887343 0.0622179 0.2121980 0.1136745 0.1510265 0.1555638 0.1408485 0.2011218 0.0985496 0.0846774 0.0867556 0.1039886 0.1445783 0.0937137 0.0911634 0.0012703 0.1033767 0.0000000 0.1119835 0.0790494 0.1030572 0.0752763 0.0812731 0.1239608 0.0956407 0.0971672 0.0445919 0.0743023 0.0888643 0.0925729 0.0793614 0.1474091 0.1028283 0.1233461 0.0979128 0.0943163 0.1047635 0.1207251 0.1529462 0.1392594 0.1197501 0.0931153 0.1093863 0.1104893 0.1648784 0.1106494 0.1059173 0.1220220 0.0855286 0.1267361 0.1500927 0.1165118 0.1017512 0.1273433 0.0837420 0.1383676 
Perityle_huecosensis_48                    0.1051364 0.1186719 0.0359708 0.2290310 0.1258011 0.1488541 0.1927075 0.3452430 0.1827067 0.1089411 0.0374257 0.0429293 0.0303254 0.0083131 0.1350736 0.0323948 0.1015065 0.1121764 0.6589763 0.0199408 0.0318508 0.0775667 0.0537281 0.2570661 0.0158857 0.1782183 0.0616071 0.1454754 0.1383257 0.1092003 0.1865516 0.0249144 0.0738286 0.0978960 0.0126380 0.1064069 0.0240718 0.0317420 0.1138936 0.0389151 0.1119835 0.0000000 0.1166596 0.0328270 0.0120102 0.0903179 0.0542604 0.0151742 0.0361303 0.0085927 0.0106472 0.0849781 0.0435980 0.0274150 0.0836796 0.0279637 0.0985167 0.0910329 0.0421912 0.0297345 0.1523320 0.0955492 0.1279684 0.0876583 0.0202773 0.0680893 0.0525633 0.1459416 0.0338057 0.0342522 0.0562556 0.0275902 0.1094345 0.1258018 0.0433511 0.0294759 0.1016648 0.0205127 0.1114877 
Perityle_incana_3_ucla                     0.0964768 0.0653147 0.0376247 0.1889011 0.1272861 0.1203005 0.1571389 0.2917359 0.1041207 0.1596895 0.1174890 0.1074369 0.0401081 0.0514177 0.0727524 0.0364206 0.0680148 0.1014433 0.6125952 0.0714439 0.0494734 0.0855191 0.1122231 0.2341169 0.0243922 0.1819025 0.1024424 0.0796031 0.1146960 0.1029577 0.0886939 0.1012323 0.0475238 0.1257806 0.0665810 0.1412576 0.0875266 0.0996430 0.0765999 0.1033462 0.0790494 0.1166596 0.0000000 0.0807592 0.0384988 0.1049180 0.0908254 0.1031547 0.0407536 0.0000010 0.0437240 0.0614868 0.0655030 0.0484659 0.1317757 0.0349898 0.0780399 0.0843909 0.0621729 0.0667790 0.0793597 0.1273776 0.0902337 0.1155752 0.0638448 0.0610060 0.1110169 0.1125194 0.1084475 0.0600566 0.0760685 0.0279813 0.1367310 0.1198030 0.1155603 0.0434245 0.1124988 0.0565289 0.1334106 
Perityle_intricata_59_Clark_mtns           0.1023947 0.1181596 0.0364640 0.2276434 0.1253475 0.1485231 0.2004345 0.3550117 0.1996666 0.1162547 0.0301484 0.0130939 0.0309125 0.0059049 0.1087138 0.0270602 0.1087284 0.1120695 0.6632723 0.0247240 0.0307720 0.0678222 0.0424354 0.2668200 0.0158402 0.1720915 0.0623539 0.1345026 0.1321308 0.1087762 0.1950179 0.0172653 0.0658591 0.1033118 0.0186058 0.1119343 0.0237774 0.0188342 0.0991657 0.0060288 0.1030572 0.0328270 0.0807592 0.0000000 0.0099921 0.0961534 0.0582231 0.0200794 0.0247148 0.0000010 0.0118184 0.0913878 0.0434270 0.0312644 0.0633069 0.0299567 0.1044818 0.0876235 0.0453435 0.0280475 0.1270379 0.0892392 0.1226249 0.0854319 0.0227286 0.0469229 0.0413016 0.1325849 0.0329956 0.0076720 0.0365937 0.0106685 0.1132241 0.1227665 0.0375964 0.0291198 0.1090175 0.0053389 0.1191602 
Perityle_inyoensis_9_pleasant              0.0805684 0.1030023 0.0368104 0.1851377 0.1077483 0.1338139 0.1702007 0.2843432 0.0808018 0.1150636 0.0139230 0.0139107 0.0140595 0.0024002 0.0717308 0.0042622 0.0882805 0.1121872 0.5586508 0.0061298 0.0079557 0.0610617 0.0198880 0.2616998 0.0129492 0.1636429 0.0352184 0.1032655 0.1289280 0.0913211 0.0822729 0.0100419 0.0178041 0.0797812 0.0040535 0.0579454 0.0040800 0.0061329 0.0734305 0.0081220 0.0752763 0.0120102 0.0384988 0.0099921 0.0000000 0.0680114 0.0452272 0.0020133 0.0020234 0.0000010 0.0041136 0.0638658 0.0297036 0.0191432 0.0160860 0.0040071 0.0788148 0.0928730 0.0366526 0.0144611 0.1006570 0.0841753 0.0846649 0.0873288 0.0157312 0.0220691 0.0199235 0.1023370 0.0100005 0.0080036 0.0139869 0.0109971 0.1014050 0.1110152 0.0301465 0.0091794 0.0897800 0.0020012 0.0949636 
Perityle_jaliscana_203                     0.1081870 0.1165822 0.0359708 0.2414566 0.1249897 0.1247446 0.1990817 0.3686225 0.2115005 0.1368352 0.0962608 0.1159245 0.0770868 0.0670442 0.1111292 0.0787601 0.1163943 0.1140151 0.6832983 0.0825044 0.0832632 0.0967809 0.1036180 0.2907660 0.0548114 0.2173110 0.1030346 0.1387012 0.1461709 0.1278643 0.1995952 0.0904337 0.0891950 0.0228443 0.0833375 0.1413143 0.0814614 0.0956320 0.0909877 0.1117894 0.0812731 0.0903179 0.1049180 0.0961534 0.0680114 0.0000000 0.1083901 0.0813891 0.0970554 0.0000010 0.0698781 0.0909072 0.0890958 0.0764759 0.1389662 0.0768767 0.1040778 0.1065290 0.0763077 0.0903875 0.1207971 0.1525114 0.1526474 0.0985080 0.0840844 0.1234710 0.1025398 0.1634241 0.0904247 0.0978159 0.1309925 0.0814852 0.1217258 0.1244712 0.1003429 0.0855178 0.1288018 0.0763881 0.1272849 
Perityle_lemmonii_12                       0.1053641 0.1184940 0.0365272 0.2247259 0.1367571 0.1425748 0.2063179 0.3551398 0.2117707 0.1218614 0.0519413 0.0808628 0.0360218 0.0402395 0.1090484 0.0609044 0.1161861 0.1216565 0.6665139 0.0427387 0.0568995 0.0971054 0.0789834 0.2795024 0.0520462 0.1861692 0.0866846 0.1310938 0.1621576 0.1095467 0.2107111 0.0486106 0.0844987 0.1183266 0.0407330 0.1233636 0.0433967 0.0554640 0.1410887 0.0753892 0.1239608 0.0542604 0.0908254 0.0582231 0.0452272 0.1083901 0.0000000 0.0411627 0.0740776 0.0000010 0.0380019 0.0887619 0.0766788 0.0581628 0.1090093 0.0446013 0.0964371 0.0926013 0.0496370 0.0470434 0.1238788 0.1091725 0.1418163 0.0962794 0.0544023 0.1006266 0.0755677 0.1525247 0.0472919 0.0654605 0.0900233 0.0454974 0.1232432 0.1364986 0.0416763 0.0598089 0.0981849 0.0482972 0.1239851 
