78
Amauria_brandeegeana_62                    0.0000000 0.4567147 0.3361582 0.2657953 0.2027436 0.2997130 0.2632916 0.1758752 0.4663007 0.0863999 0.2278156 0.2025194 0.1270622 0.4136133 0.0872315 0.3768260 0.2512325 0.2526956 0.1620616 0.1391767 0.1825249 0.2170733 0.3437214 0.2246057 0.2448720 0.2622138 0.2188499 0.2368602 0.2250321 0.1918073 0.3432990 0.2551450 0.1914081 0.2769427 0.1671409 0.2532486 0.2373098 0.2152777 0.2697266 0.2238448 0.7028646 0.2094293 0.2393904 0.2554692 0.2207843 0.5587203 0.2155484 0.2572865 0.2165110 0.2021394 0.2108927 0.0825412 0.2104141 0.1252448 0.1387792 0.2322322 0.2134879 0.4322541 0.2124679 0.1931875 0.3715143 0.1980398 0.2489090 0.4438569 0.1908323 0.2650142 0.2857400 0.1657812 0.2227917 0.2335882 0.2492419 0.4119247 0.2765699 0.2206134 0.1872702 0.1475678 0.2150076 0.2132350 
Amauria_carterae_99_mesa                   0.4567147 0.0000000 1.0409041 0.2988881 0.4212885 0.0474169 0.4632987 0.1836934 0.2560569 0.2516870 0.3999122 0.4432001 0.3878820 0.4703557 0.2047179 0.4548102 0.3982132 0.2538310 0.2633440 0.3823636 0.4129686 0.4382515 0.1061647 0.3899916 0.2394035 0.4391997 0.3742900 0.3623852 0.1433797 0.2737318 0.1172181 0.2627994 0.3670818 0.2820528 0.2019235 0.2778907 0.4243931 0.2523011 0.3708598 0.4316323 0.2455248 0.2477164 0.2739622 0.3197625 0.3986229 0.0621424 0.3890883 0.2713962 0.3788080 0.3966852 0.3702271 0.3769776 0.2547289 0.3595147 0.2037345 0.4638654 0.3726747 0.1178641 0.0665572 0.2797021 0.0568661 0.3771146 0.3025382 0.4490689 0.3096020 0.2721452 0.0939520 0.3843894 0.2768846 0.4119578 0.4222365 0.0913122 0.3019029 0.4219606 0.4350995 0.1307776 0.3865544 0.2264087 
Amauria_rotundifolia_SRR9119150            0.3361582 1.0409041 0.0000000 0.3335512 0.3961557 0.9959611 0.3442214 0.7600896 1.0468748 0.7600787 0.3388549 0.3037734 0.7450070 0.5889670 0.7447119 0.8289472 0.7234773 0.5377171 0.3407950 0.7766432 0.8240523 0.3088211 0.5029257 0.3140662 0.6420351 0.8297970 0.3031355 0.3694003 0.2410744 0.3628041 0.5099011 0.3144194 0.7950543 0.5623858 0.3242594 0.7959769 0.7963932 0.3928383 0.8125050 0.3131582 1.0059045 0.3129338 0.3623528 0.3608564 0.3298008 0.6714633 0.3128260 0.4231706 0.2854896 0.3033486 0.3073316 0.7853939 0.3889066 0.8238467 0.7714208 0.3178412 0.3172893 0.9259787 0.9516355 0.7665509 0.5503100 0.3102651 0.3899582 0.6814680 0.8511261 0.3321789 0.2762497 0.7851576 0.2958607 0.3854068 0.7890863 1.0378002 0.5734737 0.3809421 0.2964436 0.2133164 0.3136035 0.3226485 
Conoclinium_coelestinum_SRR9119114         0.2657953 0.2988881 0.3335512 0.0000000 0.2750771 0.2807184 0.1783352 0.2160215 0.3891269 0.3499757 0.2521676 0.2382846 0.1548983 0.4011910 0.1719079 0.5180793 0.2791012 0.2587644 0.2742816 0.2235126 0.2339159 0.2523023 0.3194204 0.2385851 0.2618506 0.3315495 0.2206795 0.2780149 0.3635152 0.3057927 0.3281455 0.2801509 0.3094125 0.3712142 0.2165062 0.2937747 0.2652889 0.2908409 0.2804307 0.2508664 0.4531739 0.2333799 0.2892678 0.2499944 0.2496043 0.4720668 0.2448341 0.3142993 0.2152055 0.2406518 0.2180597 0.1308113 0.2886309 0.1679536 0.1583508 0.2565651 0.2395153 0.3013300 0.1717077 0.2734260 0.3411153 0.2251679 0.3676806 0.5061515 0.2143775 0.2574775 0.2589455 0.2253535 0.3186625 0.2471162 0.2708186 0.3303067 0.3488018 0.2875919 0.2320138 0.2758789 0.2395985 0.2425023 
Eutetras_palmeri_63                        0.2027436 0.4212885 0.3961557 0.2750771 0.0000000 0.2688923 0.2520532 0.1300042 0.4146526 0.3426010 0.1599092 0.0932276 0.1062952 0.1770103 0.0631362 0.2599000 0.0972279 0.2570441 0.1770113 0.0916356 0.1114263 0.0791536 0.3187765 0.1436471 0.1645474 0.1787659 0.0851456 0.1231963 0.3320324 0.2108344 0.3463820 0.3237863 0.2181343 0.3867910 0.1590962 0.1640716 0.1184949 0.2872541 0.1229685 0.0827356 0.7353201 0.0818799 0.1617968 0.3293652 0.1332770 0.4949103 0.1081020 0.1454775 0.0698926 0.0600806 0.1161150 0.0670642 0.2102588 0.1250689 0.1183753 0.1347097 0.1100442 0.3937478 0.1863622 0.1666022 0.3667319 0.1232971 0.2614122 0.2196639 0.1189158 0.1719891 0.3012817 0.1038084 0.3270972 0.2004805 0.1200884 0.3825825 0.2917720 0.1218427 0.1028758 0.1567637 0.1349674 0.0678405 
Eutetras_pringlei_149_quer                 0.2997130 0.0474169 0.9959611 0.2807184 0.2688923 0.0000000 0.2874270 0.1873786 0.2723627 0.1641830 0.2856096 0.2753945 0.2834122 0.3385083 0.1519563 0.3288817 0.2662995 0.1762026 0.1932785 0.2595813 0.2476673 0.2955701 0.0594991 0.2860764 0.1587668 0.2823920 0.2801960 0.2433203 0.0921357 0.2527042 0.0551930 0.1801811 0.2522845 0.1649221 0.1247972 0.1868633 0.2720244 0.2720179 0.2761832 0.2752766 0.2296585 0.1622952 0.1869684 0.2798737 0.2577453 0.0306133 0.2895700 0.1858441 0.2887077 0.2345748 0.2687332 0.2483786 0.2024390 0.2678891 0.1516035 0.2948426 0.2774926 0.0453435 0.0471745 0.1890712 0.0353443 0.2549779 0.2206307 0.3394384 0.2965235 0.2393694 0.0563706 0.2683861 0.2527042 0.3214865 0.2730241 0.0406244 0.2038884 0.2537803 0.2538690 0.0930384 0.2895700 0.1484944 
Eutrochium_fistulosum_SRR9119106           0.2632916 0.4632987 0.3442214 0.1783352 0.2520532 0.2874270 0.0000000 0.3049663 0.5840835 0.5768890 0.2564172 0.2128144 0.1539249 0.4073290 0.2230494 0.4718383 0.2726259 0.3233565 0.3053150 0.1935413 0.2272237 0.2408811 0.3671519 0.2750175 0.3361241 0.2792583 0.2833590 0.3235191 0.4592707 0.4122685 0.4186781 0.3260122 0.3465418 0.4142402 0.2619459 0.3837015 0.2345870 0.3334289 0.2793192 0.2400651 0.8276464 0.2815276 0.3293673 0.3083857 0.2645343 0.6068987 0.2559457 0.3664814 0.2488039 0.2345992 0.2732162 0.0864539 0.3342138 0.1079641 0.2017698 0.2393853 0.2845763 0.4834955 0.3486138 0.3298405 0.3326715 0.2575908 0.4126085 0.5060894 0.3070462 0.3242511 0.2958394 0.1900720 0.4143452 0.2631612 0.2608238 0.4094946 0.4176963 0.2687368 0.2175862 0.4160548 0.2824674 0.2937497 
Galeana_pratensis_104_mex                  0.1758752 0.1836934 0.7600896 0.2160215 0.1300042 0.1873786 0.3049663 0.0000000 0.3508793 0.1060675 0.1370898 0.1314269 0.1323997 0.2264893 0.0733284 0.2343296 0.1243033 0.1250185 0.1016111 0.1216972 0.1237257 0.1455834 0.1848856 0.1387271 0.0914860 0.1165388 0.1102847 0.1443074 0.1218595 0.1455074 0.2313532 0.1001940 0.1499237 0.1125505 0.0701603 0.1060798 0.1334574 0.1147396 0.1359866 0.1200337 0.1792909 0.0810876 0.1048196 0.1381047 0.1280141 0.2093811 0.1280188 0.1052662 0.1020676 0.0721371 0.1033870 0.0894641 0.0914950 0.1433578 0.0976297 0.1320906 0.1161120 0.1017642 0.0864290 0.1018528 0.2192472 0.1250462 0.2627532 0.2120380 0.1455722 0.1395724 0.2374543 0.1283327 0.1477141 0.1325949 0.1175047 0.1789350 0.1079498 0.1275522 0.0832055 0.0900482 0.1267312 0.0900904 
Helianthus_annuus_SRR9119062               0.4663007 0.2560569 1.0468748 0.3891269 0.4146526 0.2723627 0.5840835 0.3508793 0.0000000 0.5797730 0.3972645 0.4418959 0.3217781 0.6085882 0.2515069 0.5121873 0.3706467 0.3279459 0.3020209 0.3626810 0.3770711 0.4169188 0.3195390 0.4307141 0.3308185 0.3860989 0.3705307 0.3711255 0.3206469 0.3919337 0.3863823 0.3300744 0.3734297 0.8305204 0.2993371 0.2933994 0.3869812 0.3899618 0.3816269 0.4092195 0.3539768 0.3381667 0.3157908 0.3947675 0.4177676 0.3327215 0.3703146 0.3133881 0.3722167 0.3929737 0.3832656 0.3291446 0.3282451 0.2495989 0.3110886 0.4273839 0.3812340 0.2062557 0.1832548 0.3222756 0.3901557 0.3787772 0.3698503 0.6625639 0.3402846 0.3962091 0.3965680 0.3754844 0.4265318 0.4389196 0.3897874 0.2539175 0.3169538 0.4329153 0.3840389 0.2148944 0.3733441 0.3060145 
Lycapsus_tenuifolius_17                    0.0863999 0.2516870 0.7600787 0.3499757 0.3426010 0.1641830 0.5768890 0.1060675 0.5797730 0.0000000 0.2792335 0.3230235 0.0615860 0.4386249 0.0994407 0.4140683 0.2265907 0.2137197 0.1748901 0.2169733 0.2605576 0.3661047 0.2011503 0.3432604 0.2374633 0.3092717 0.3198705 0.3796231 0.2305479 0.0510227 0.2903191 0.2026296 0.1629186 0.0516450 0.2122564 0.2382468 0.2950728 0.2494316 0.3682332 0.3848753 0.2181943 0.2169073 0.2453022 0.2030880 0.2941790 0.4152311 0.3059634 0.2392863 0.3387778 0.3392439 0.2926288 0.0185307 0.1498324 0.1015001 0.1376757 0.3609286 0.3609748 0.2066259 0.1749154 0.1585172 0.2593718 0.3101611 0.3409232 0.4162851 0.2176981 0.3139762 0.3311344 0.2616798 0.0761831 0.3021267 0.3022664 0.2241469 0.2119130 0.3608419 0.2993271 0.1837465 0.3504374 0.2564473 
Pericome_caudata_50_silver                 0.2278156 0.3999122 0.3388549 0.2521676 0.1599092 0.2856096 0.2564172 0.1370898 0.3972645 0.2792335 0.0000000 0.1249846 0.1294568 0.2499599 0.1019835 0.2910713 0.1311525 0.2518189 0.1952617 0.1069650 0.1373445 0.1221999 0.3094395 0.1315558 0.1982576 0.1974641 0.1196577 0.1855483 0.2462448 0.2017572 0.3271323 0.2934015 0.2298295 0.3853815 0.1444129 0.1884352 0.1542116 0.2379665 0.1651391 0.1276756 0.6203726 0.1209746 0.1755193 0.2624345 0.1326743 0.4900754 0.1238784 0.1866971 0.1162768 0.1042484 0.1190134 0.0982923 0.2268480 0.1398772 0.1451460 0.1468553 0.1218154 0.3981441 0.1962736 0.2086661 0.3658974 0.1284038 0.2628761 0.2957013 0.0796393 0.1566526 0.2641106 0.1180670 0.3051169 0.1763046 0.1512956 0.3704032 0.3114856 0.1756248 0.1179185 0.1368788 0.1341774 0.1162226 
Perityle_aglossa_84_dead_horse             0.2025194 0.4432001 0.3037734 0.2382846 0.0932276 0.2753945 0.2128144 0.1314269 0.4418959 0.3230235 0.1249846 0.0000000 0.0560392 0.1463761 0.0370393 0.2582379 0.0499942 0.2283440 0.1625899 0.0326667 0.0570139 0.0553718 0.3258025 0.0805314 0.0967741 0.1272029 0.0600894 0.1050528 0.2302117 0.2013921 0.3492063 0.2567471 0.2055530 0.3686249 0.1191144 0.1676531 0.0654713 0.2226443 0.1176417 0.0709859 0.7032055 0.0584354 0.1481949 0.2380752 0.0537045 0.4752674 0.0541039 0.1545336 0.0502266 0.0340381 0.0469861 0.0366909 0.1961563 0.0954487 0.0886797 0.0830220 0.0561652 0.4014492 0.2196448 0.1887182 0.3383133 0.0072919 0.2368136 0.2129948 0.1119328 0.1531944 0.2601876 0.0564096 0.2896614 0.0986099 0.0711067 0.4078557 0.2746827 0.0674283 0.0325565 0.1285322 0.0581075 0.0518696 
Perityle_ajoensis_204                      0.1270622 0.3878820 0.7450070 0.1548983 0.1062952 0.2834122 0.1539249 0.1323997 0.3217781 0.0615860 0.1294568 0.0560392 0.0000000 0.3177192 0.0702862 0.1263092 0.0763898 0.2073159 0.1347234 0.0541445 0.0934243 0.0470801 0.3571436 0.0942384 0.1112453 0.0789486 0.0839569 0.0976563 0.2491610 0.1147279 0.4393947 0.1302740 0.0934939 0.0574370 0.0922298 0.1176054 0.0981092 0.0805900 0.1027422 0.0795149 0.5574603 0.0647469 0.1233589 0.0954606 0.1028885 0.3248215 0.0415261 0.1182008 0.0319940 0.0279057 0.0592209 0.0124494 0.1059535 0.0775766 0.1022234 0.1078842 0.0406522 0.3902425 0.1875199 0.1410313 0.3786205 0.0538817 0.2193046 0.3297569 0.0865401 0.0898387 0.3792936 0.0742141 0.1198999 0.0710967 0.0981633 0.3398594 0.1889741 0.0180647 0.0482173 0.2218986 0.0439485 0.0521551 
Perityle_ambrosiifolia_67_green            0.4136133 0.4703557 0.5889670 0.4011910 0.1770103 0.3385083 0.4073290 0.2264893 0.6085882 0.4386249 0.2499599 0.1463761 0.3177192 0.0000000 0.2803241 0.3590086 0.1868506 0.4314536 0.3619137 0.1853580 0.1778363 0.1968482 0.3632839 0.2047963 0.2922580 0.2352428 0.2013523 0.2287031 0.4422088 0.3644864 0.4568891 0.5018305 0.3894866 0.3973259 0.3287135 0.3959471 0.1540164 0.3934320 0.2285335 0.1653589 0.5989026 0.2443867 0.3142114 0.4229227 0.1608806 0.5026580 0.2164529 0.3116439 0.2312928 0.1453981 0.2001075 0.2145469 0.4130193 0.2485567 0.3391267 0.2036778 0.2341849 0.4772051 0.3786700 0.3722022 0.3852241 0.2010428 0.4715250 0.0822804 0.2457855 0.3264593 0.4287292 0.1809908 0.4916517 0.2157575 0.1870234 0.4424413 0.4318119 0.1728213 0.1710474 0.3998392 0.2339489 0.2416296 
Perityle_angustifolia_13_Eagle_creek       0.0872315 0.2047179 0.7447119 0.1719079 0.0631362 0.1519563 0.2230494 0.0733284 0.2515069 0.0994407 0.1019835 0.0370393 0.0702862 0.2803241 0.0000000 0.1529168 0.0599262 0.1124619 0.0644831 0.0334826 0.0376987 0.0474555 0.1729044 0.1102066 0.0854708 0.0766727 0.0854202 0.1189704 0.0674856 0.0988245 0.1887939 0.1094534 0.1049761 0.0674871 0.0782092 0.1050084 0.0432758 0.1201288 0.0320656 0.0037300 0.1466472 0.0361093 0.0473143 0.1184664 0.0668589 0.1462144 0.0462311 0.0443170 0.0890807 0.0019420 0.0973231 0.0000010 0.0442401 0.0628691 0.0860832 0.0230167 0.0851141 0.1322553 0.0793313 0.1039714 0.1927421 0.1056563 0.1687755 0.3060443 0.1200879 0.1098900 0.1924681 0.0279774 0.0969357 0.0861615 0.0611145 0.1969281 0.0621309 0.0434869 0.0224986 0.0334993 0.0834095 0.1200274 
Perityle_batopilensis_97                   0.3768260 0.4548102 0.8289472 0.5180793 0.2599000 0.3288817 0.4718383 0.2343296 0.5121873 0.4140683 0.2910713 0.2582379 0.1263092 0.3590086 0.1529168 0.0000000 0.1057663 0.4039907 0.3484064 0.0663797 0.0802420 0.2687027 0.5497828 0.2656442 0.2057214 0.1267397 0.2945050 0.3299313 0.7718707 0.5430146 0.5989717 0.4797309 0.2500050 0.4821000 0.3328171 0.2298183 0.1001849 0.4575073 0.1273450 0.2679869 0.7159555 0.2923818 0.3519049 0.4402280 0.2777588 0.6103920 0.2763197 0.3291895 0.2632944 0.2412065 0.2934692 0.0671184 0.3934448 0.1119057 0.1645583 0.2643820 0.2847859 0.4556468 0.3502063 0.2600642 0.5617900 0.2860414 0.4982436 0.4438656 0.1767407 0.4294334 0.6206005 0.0642392 0.6421246 0.2680129 0.1080202 0.4842129 0.3713309 0.2849880 0.2485969 0.7508618 0.2888112 0.2907399 
Perityle_bisetosa_9                        0.2512325 0.3982132 0.7234773 0.2791012 0.0972279 0.2662995 0.2726259 0.1243033 0.3706467 0.2265907 0.1311525 0.0499942 0.0763898 0.1868506 0.0599262 0.1057663 0.0000000 0.2731351 0.1846779 0.0190947 0.0196910 0.0873383 0.3805328 0.0627483 0.0896214 0.0802603 0.0664667 0.0957099 0.6335691 0.1608736 0.4830595 0.3136211 0.1534728 0.2613378 0.1568344 0.1405014 0.0253489 0.2804720 0.0804851 0.0673530 0.6130767 0.0920692 0.1725229 0.2934858 0.0229623 0.5739434 0.0884463 0.1703586 0.0909327 0.0627801 0.0783220 0.0401043 0.2021039 0.0610296 0.0952149 0.1205851 0.0863396 0.3993717 0.1873054 0.1502808 0.3684814 0.0559080 0.3133612 0.2184731 0.0774396 0.2642350 0.4516509 0.0153512 0.5135422 0.0815792 0.0259564 0.3706778 0.3100310 0.0938447 0.0745709 0.2516306 0.0875871 0.0854003 
Perityle_californica_76_positas            0.2526956 0.2538310 0.5377171 0.2587644 0.2570441 0.1762026 0.3233565 0.1250185 0.3279459 0.2137197 0.2518189 0.2283440 0.2073159 0.4314536 0.1124619 0.4039907 0.2731351 0.0000000 0.1515314 0.1673787 0.2189973 0.2522841 0.2492553 0.2976655 0.2136012 0.2904021 0.2725559 0.2820962 0.1539084 0.1534793 0.2182575 0.1582320 0.2246652 0.2179276 0.1745918 0.2456143 0.2749137 0.2382341 0.2785298 0.2593497 0.2298391 0.1989468 0.1863050 0.2612519 0.2859834 0.2448771 0.2512881 0.1826326 0.2437071 0.2246415 0.2543663 0.1542505 0.1591023 0.1676923 0.1711951 0.2661827 0.2653137 0.2055144 0.0936751 0.2229978 0.2430751 0.2426555 0.2466871 0.4648218 0.1698336 0.2547871 0.2444681 0.1673618 0.2376891 0.2550641 0.3004710 0.2588766 0.2016891 0.2487936 0.2261710 0.1009735 0.2558926 0.2207387 
Perityle_canescens_77                      0.1620616 0.2633440 0.3407950 0.2742816 0.1770113 0.1932785 0.3053150 0.1016111 0.3020209 0.1748901 0.1952617 0.1625899 0.1347234 0.3619137 0.0644831 0.3484064 0.1846779 0.1515314 0.0000000 0.1058673 0.1537143 0.1655165 0.2479926 0.1950893 0.1591316 0.2046800 0.1691671 0.2098400 0.1012812 0.1658456 0.2376597 0.1988688 0.2115938 0.2577620 0.1420511 0.1741324 0.1642082 0.2053338 0.1447614 0.1592899 0.1901763 0.1294850 0.1385076 0.2543639 0.1834867 0.1848114 0.1590752 0.1442195 0.1798818 0.1503900 0.1749667 0.0809836 0.1407929 0.1211802 0.1311393 0.1676221 0.1679188 0.1771535 0.0722422 0.1574574 0.2670109 0.1757511 0.1653414 0.4104693 0.2106797 0.2392704 0.2319376 0.1027006 0.1596619 0.1796960 0.1791798 0.2575119 0.0876584 0.1898273 0.1520391 0.0686341 0.1687933 0.1832663 
Perityle_castillonii_96                    0.1391767 0.3823636 0.7766432 0.2235126 0.0916356 0.2595813 0.1935413 0.1216972 0.3626810 0.2169733 0.1069650 0.0326667 0.0541445 0.1853580 0.0334826 0.0663797 0.0190947 0.1673787 0.1058673 0.0000000 0.0485807 0.0592213 0.3833232 0.0763546 0.0161359 0.0839246 0.0646430 0.1044351 0.6803640 0.1416713 0.4943762 0.1808850 0.1338958 0.2186261 0.0432719 0.1269852 0.0560459 0.1442174 0.1040705 0.0743435 0.6767881 0.0570638 0.1113959 0.1457011 0.0544884 0.4291411 0.0591960 0.1083355 0.0498236 0.0257531 0.0455682 0.0285590 0.1085320 0.0980855 0.0498175 0.0769083 0.0608247 0.3729191 0.1571140 0.1092421 0.3653581 0.0320697 0.2418053 0.2246469 0.0765398 0.0824822 0.4568654 0.0505816 0.2346877 0.0772523 0.0503583 0.3494429 0.1655517 0.0661226 0.0343068 9.0000000 0.0592625 0.0356388 
Perityle_cernua_84                         0.1825249 0.4129686 0.8240523 0.2339159 0.1114263 0.2476673 0.2272237 0.1237257 0.3770711 0.2605576 0.1373445 0.0570139 0.0934243 0.1778363 0.0376987 0.0802420 0.0196910 0.2189973 0.1537143 0.0485807 0.0000000 0.1024239 0.3791082 0.0611750 0.0573770 0.0670465 0.0723086 0.0918167 0.8509812 0.1493999 0.5069290 0.2320946 0.1696492 0.2712737 0.0916476 0.1552291 0.0193809 0.1988643 0.0852452 0.0547026 0.7025799 0.1014832 0.1418103 0.2103855 0.0208382 0.4856200 0.1049240 0.1382083 0.0964482 0.0726913 0.0789022 0.0698677 0.1592075 0.0687825 0.0819095 0.1368450 0.1062238 0.3679289 0.1523257 0.1438414 0.3493549 0.0569371 0.2806537 0.2284330 0.0837782 0.1462653 0.4606196 0.0291160 0.3645447 0.0586506 0.0239713 0.3607018 0.2477730 0.1066548 0.0710078 9.0000000 0.1025469 0.0798297 
Perityle_cfvillosa_25_tin                  0.2170733 0.4382515 0.3088211 0.2523023 0.0791536 0.2955701 0.2408811 0.1455834 0.4169188 0.3661047 0.1221999 0.0553718 0.0470801 0.1968482 0.0474555 0.2687027 0.0873383 0.2522841 0.1655165 0.0592213 0.1024239 0.0000000 0.3305499 0.0754703 0.1452071 0.0910144 0.0679128 0.0935103 0.2666796 0.2104471 0.3456029 0.2807853 0.2212569 0.3751785 0.1215017 0.1601394 0.1080486 0.2519857 0.0921652 0.0582231 0.7131469 0.0118943 0.1491577 0.2444687 0.0912926 0.5083949 0.0035344 0.1533430 0.0380775 0.0210839 0.0554287 0.0110895 0.2089695 0.1056494 0.1144696 0.0393161 0.0040787 0.4322831 0.2366544 0.1947914 0.3416939 0.0576498 0.2539466 0.2258751 0.1167884 0.1715621 0.2674024 0.0705012 0.3352852 0.0761270 0.1147512 0.4066923 0.3013984 0.0582166 0.0358276 0.1480275 0.0035404 0.0533611 
Perityle_cinerea_113_Powell1310            0.3437214 0.1061647 0.5029257 0.3194204 0.3187765 0.0594991 0.3671519 0.1848856 0.3195390 0.2011503 0.3094395 0.3258025 0.3571436 0.3632839 0.1729044 0.5497828 0.3805328 0.2492553 0.2479926 0.3833232 0.3791082 0.3305499 0.0000000 0.2973342 0.2109413 0.4078202 0.2852872 0.2886211 0.1640487 0.2312868 0.1370560 0.2468215 0.3229498 0.2548348 0.1962578 0.2368478 0.3954675 0.3066554 0.3846170 0.3079492 0.2047121 0.1913200 0.2269910 0.2791059 0.3018071 0.0831070 0.3036570 0.2288931 0.3044536 0.2849961 0.2791073 0.3719562 0.2463273 0.4110044 0.2149746 0.3243426 0.2916480 0.0576624 0.0482203 0.2169197 0.1298729 0.2933468 0.2650441 0.4234760 0.3388876 0.2709951 0.1111124 0.4061351 0.2272888 0.3299603 0.3897723 0.0847056 0.2316215 0.3025097 0.3091366 0.1435831 0.2978607 0.2078758 
Perityle_coahuilensis_24                   0.2246057 0.3899916 0.3140662 0.2385851 0.1436471 0.2860764 0.2750175 0.1387271 0.4307141 0.3432604 0.1315558 0.0805314 0.0942384 0.2047963 0.1102066 0.2656442 0.0627483 0.2976655 0.1950893 0.0763546 0.0611750 0.0754703 0.2973342 0.0000000 0.1709566 0.1166488 0.0736570 0.1624998 0.2614038 0.2409483 0.3339046 0.3053235 0.2193194 0.3988794 0.1591347 0.1925262 0.0666233 0.2597649 0.0760669 0.0437933 0.5998295 0.0924625 0.1741845 0.2681788 0.0597822 0.4805474 0.0753390 0.1825432 0.0730408 0.0572855 0.0846358 0.0651407 0.2381712 0.0642650 0.1077475 0.0880779 0.0762284 0.4133992 0.2108895 0.2057241 0.3517436 0.0856014 0.2723793 0.2746375 0.1322341 0.1816900 0.2545577 0.0375250 0.3473613 0.1521903 0.0652578 0.3827475 0.3179260 0.1298991 0.0706084 0.1978670 0.1006247 0.0888392 
Perityle_cochisensis_44_cave_creek         0.2448720 0.2394035 0.6420351 0.2618506 0.1645474 0.1587668 0.3361241 0.0914860 0.3308185 0.2374633 0.1982576 0.0967741 0.1112453 0.2922580 0.0854708 0.2057214 0.0896214 0.2136012 0.1591316 0.0161359 0.0573770 0.1452071 0.2109413 0.1709566 0.0000000 0.1375819 0.1485015 0.1947574 0.2154771 0.1681405 0.2961738 0.2273339 0.2264818 0.2068524 0.1058441 0.1762975 0.0598924 0.2471464 0.1011666 0.1348499 0.2756197 0.1278772 0.1611687 0.2943066 0.1174170 0.2448124 0.1450155 0.1538979 0.1486473 0.1005169 0.1487535 0.0259189 0.1625538 0.0745775 0.0749322 0.1613556 0.1683494 0.2519702 0.1319118 0.1969867 0.1906982 0.1310712 0.2463046 0.3610286 0.1479544 0.2272922 0.2611729 0.0362317 0.2583081 0.1498991 0.0896113 0.2156993 0.2373580 0.1360177 0.1168535 0.1372232 0.1646113 0.1045312 
Perityle_congesta_202                      0.2622138 0.4391997 0.8297970 0.3315495 0.1787659 0.2823920 0.2792583 0.1165388 0.3860989 0.3092717 0.1974641 0.1272029 0.0789486 0.2352428 0.0766727 0.1267397 0.0802603 0.2904021 0.2046800 0.0839246 0.0670465 0.0910144 0.4078202 0.1166488 0.1375819 0.0000000 0.1463649 0.1425980 0.8595799 0.1766677 0.5175998 0.3606835 0.1933717 0.2895938 0.2049191 0.1477566 0.0746307 0.3505526 0.0842994 0.0989764 0.7347226 0.1109739 0.2035230 0.3868878 0.1197904 0.6144315 0.1113130 0.1696306 0.0689450 0.0643878 0.1422921 0.0661455 0.2247767 0.0618688 0.0850782 0.1623252 0.1108441 0.4279099 0.1751799 0.1708003 0.3829254 0.1392455 0.3238950 0.2625070 0.1050484 0.2737864 0.4975964 0.0458747 0.5483342 0.0968094 0.0795172 0.3825024 0.3270690 0.1679409 0.1128345 0.9212591 0.1160661 0.0843928 
Perityle_cordifolia_27                     0.2188499 0.3742900 0.3031355 0.2206795 0.0851456 0.2801960 0.2833590 0.1102847 0.3705307 0.3198705 0.1196577 0.0600894 0.0839569 0.2013523 0.0854202 0.2945050 0.0664667 0.2725559 0.1691671 0.0646430 0.0723086 0.0679128 0.2852872 0.0736570 0.1485015 0.1463649 0.0000000 0.1025481 0.2371567 0.2060825 0.3245029 0.2906145 0.2140409 0.3743690 0.1489647 0.1782224 0.0824164 0.2449440 0.0937598 0.0540546 0.4647770 0.0806420 0.1557131 0.2326686 0.0656345 0.4551894 0.0651882 0.1649182 0.0747876 0.0519160 0.0377872 0.0452759 0.2156753 0.0983595 0.1072180 0.0832297 0.0704574 0.3560880 0.1781769 0.1963095 0.3467907 0.0633191 0.2475094 0.2187301 0.1289653 0.1741282 0.2431786 0.0785075 0.3135186 0.1044600 0.0754779 0.3654479 0.2903114 0.0795055 0.0590644 0.1579344 0.0715242 0.0891795 
Perityle_cordifolia_68_tecolote            0.2368602 0.3623852 0.3694003 0.2780149 0.1231963 0.2433203 0.3235191 0.1443074 0.3711255 0.3796231 0.1855483 0.1050528 0.0976563 0.2287031 0.1189704 0.3299313 0.0957099 0.2820962 0.2098400 0.1044351 0.0918167 0.0935103 0.2886211 0.1624998 0.1947574 0.1425980 0.1025481 0.0000000 0.3198695 0.2494982 0.3174478 0.3464441 0.2422778 0.4595295 0.1900983 0.1999695 0.0953459 0.3024263 0.1037903 0.0787925 0.4981881 0.1083740 0.1958684 0.3275882 0.1215093 0.4417620 0.1161521 0.1892009 0.0790505 0.0699404 0.1323714 0.0760901 0.2459961 0.0142533 0.1221559 0.1404431 0.1153998 0.3760965 0.1785779 0.2258110 0.3648466 0.1324137 0.2797785 0.3144405 0.1445270 0.1836646 0.2955424 0.0716013 0.3362809 0.2273825 0.1022916 0.3608163 0.3240461 0.1365323 0.1118558 0.1980237 0.1425871 0.1046358 
Perityle_coronopifolia_28_patagonia        0.2250321 0.1433797 0.2410744 0.3635152 0.3320324 0.0921357 0.4592707 0.1218595 0.3206469 0.2305479 0.2462448 0.2302117 0.2491610 0.4422088 0.0674856 0.7718707 0.6335691 0.1539084 0.1012812 0.6803640 0.8509812 0.2666796 0.1640487 0.2614038 0.2154771 0.8595799 0.2371567 0.3198695 0.0000000 0.1831521 0.0955138 0.2669065 0.5342710 0.3311521 0.1761048 0.1449944 0.8299142 0.2451171 0.9060531 0.2554976 0.0840308 0.1659519 0.1336429 0.3948209 0.2417267 0.1643999 0.2443186 0.1496605 0.2499396 0.2328076 0.2417440 0.4954486 0.1484056 9.0000000 0.1701112 0.2521491 0.2511922 0.0554112 0.0773708 0.1118436 0.1863674 0.2315977 0.0062181 0.5157350 0.4282863 0.3379048 0.1546443 0.7568378 0.1613419 0.3092925 0.7312736 0.1659721 0.0999625 0.3257053 0.2158835 0.0213677 0.2566127 0.2227665 
Perityle_crassifolia_70_ventanas           0.1918073 0.2737318 0.3628041 0.3057927 0.2108344 0.2527042 0.4122685 0.1455074 0.3919337 0.0510227 0.2017572 0.2013921 0.1147279 0.3644864 0.0988245 0.5430146 0.1608736 0.1534793 0.1658456 0.1416713 0.1493999 0.2104471 0.2312868 0.2409483 0.1681405 0.1766677 0.2060825 0.2494982 0.1831521 0.0000000 0.1673319 0.2027111 0.1967009 0.0814497 0.1156821 0.1473575 0.1600402 0.1810796 0.1825609 0.2149296 0.1984729 0.1680232 0.1791199 0.2107985 0.2064480 0.2532466 0.1958930 0.1763691 0.2258322 0.1892802 0.2079575 0.0412304 0.1857204 0.1604920 0.1613269 0.2038696 0.2196961 0.1533558 0.2025590 0.1605337 0.3031896 0.2254570 0.2470098 0.4358261 0.2153027 0.2102524 0.2848446 0.1722893 0.0208024 0.2129202 0.1410776 0.2695829 0.1399240 0.2202325 0.1792987 0.1371072 0.2149581 0.1912311 
Perityle_crassifolia_74_playa_balandra     0.3432990 0.1172181 0.5099011 0.3281455 0.3463820 0.0551930 0.4186781 0.2313532 0.3863823 0.2903191 0.3271323 0.3492063 0.4393947 0.4568891 0.1887939 0.5989717 0.4830595 0.2182575 0.2376597 0.4943762 0.5069290 0.3456029 0.1370560 0.3339046 0.2961738 0.5175998 0.3245029 0.3174478 0.0955138 0.1673319 0.0000000 0.2676293 0.4463687 0.3443504 0.2028146 0.2684718 0.5197314 0.2867631 0.4920037 0.3546022 0.1998295 0.2218541 0.2356894 0.2904667 0.3364299 0.0636682 0.3215214 0.2367254 0.3254127 0.3185227 0.3142097 0.4651661 0.2362213 0.4364979 0.2805677 0.3564223 0.3223871 0.0701305 0.0640290 0.2538905 0.1409773 0.3236376 0.2453242 0.4938318 0.3911184 0.2639568 0.1223125 0.5161593 0.1938549 0.3469702 0.5252555 0.1197453 0.2578663 0.3280093 0.3265938 0.0726581 0.3249250 0.2559834 
Perityle_cuneata_34_cuneata_San_antonio    0.2551450 0.2627994 0.3144194 0.2801509 0.3237863 0.1801811 0.3260122 0.1001940 0.3300744 0.2026296 0.2934015 0.2567471 0.1302740 0.5018305 0.1094534 0.4797309 0.3136211 0.1582320 0.1988688 0.1808850 0.2320946 0.2807853 0.2468215 0.3053235 0.2273339 0.3606835 0.2906145 0.3464441 0.2669065 0.2027111 0.2676293 0.0000000 0.1391140 0.1920792 0.2330295 0.2301677 0.2976568 0.3413675 0.3532224 0.2959940 0.2556288 0.2363807 0.2490822 0.2990458 0.3024568 0.3503881 0.2782634 0.2479220 0.2670945 0.2785763 0.2843044 0.1035850 0.1948250 0.1436941 0.1428830 0.3321799 0.2920303 0.2237299 0.1103806 0.2000716 0.2352045 0.2623609 0.2805190 0.5706536 0.2623734 0.3765646 0.2080554 0.2007185 0.2532334 0.3121551 0.3130328 0.2490788 0.2736613 0.3343590 0.2596933 0.1505580 0.2892483 0.2282583 
Perityle_cuneata_4                         0.1914081 0.3670818 0.7950543 0.3094125 0.2181343 0.2522845 0.3465418 0.1499237 0.3734297 0.1629186 0.2298295 0.2055530 0.0934939 0.3894866 0.1049761 0.2500050 0.1534728 0.2246652 0.2115938 0.1338958 0.1696492 0.2212569 0.3229498 0.2193194 0.2264818 0.1933717 0.2140409 0.2422778 0.5342710 0.1967009 0.4463687 0.1391140 0.0000000 0.1885161 0.2206450 0.1871940 0.1686752 0.1781194 0.2226580 0.2311564 0.5593663 0.2336095 0.2369482 0.1635764 0.1985543 0.4644043 0.2188594 0.2115854 0.2050442 0.2100640 0.2025126 0.0588495 0.1721880 0.1050414 0.1261887 0.2892231 0.2220187 0.3448067 0.1723012 0.1495326 0.3056687 0.2012871 0.3147099 0.4025390 0.1455655 0.2274021 0.4044673 0.1553880 0.1993874 0.2254593 0.1798087 0.2661365 0.2502519 0.2281783 0.2102352 0.3534557 0.2168343 0.1973679 
Perityle_discoidea_81                      0.2769427 0.2820528 0.5623858 0.3712142 0.3867910 0.1649221 0.4142402 0.1125505 0.8305204 0.0516450 0.3853815 0.3686249 0.0574370 0.3973259 0.0674871 0.4821000 0.2613378 0.2179276 0.2577620 0.2186261 0.2712737 0.3751785 0.2548348 0.3988794 0.2068524 0.2895938 0.3743690 0.4595295 0.3311521 0.0814497 0.3443504 0.1920792 0.1885161 0.0000000 0.2258593 0.2335384 0.2746490 0.3029764 0.3597770 0.4069177 0.2493686 0.2699126 0.2900339 0.2417740 0.3852882 0.3992615 0.3742157 0.2987790 0.4068463 0.3753408 0.3433867 0.0122689 0.2243555 0.1115332 0.1121516 0.3734477 0.4108740 0.1946288 0.2033840 0.1658153 0.2394579 0.3758697 0.4167689 0.4364117 0.2413282 0.3821453 0.3387364 0.2727793 0.0808634 0.3594942 0.2794378 0.2597873 0.2468821 0.3980827 0.3590452 0.2113345 0.3821313 0.2907100 
Perityle_emoryi_47_punta_san_jose          0.1671409 0.2019235 0.3242594 0.2165062 0.1590962 0.1247972 0.2619459 0.0701603 0.2993371 0.2122564 0.1444129 0.1191144 0.0922298 0.3287135 0.0782092 0.3328171 0.1568344 0.1745918 0.1420511 0.0432719 0.0916476 0.1215017 0.1962578 0.1591347 0.1058441 0.2049191 0.1489647 0.1900983 0.1761048 0.1156821 0.2028146 0.2330295 0.2206450 0.2258593 0.0000000 0.1804294 0.1371232 0.2361847 0.1663036 0.1276334 0.2688187 0.1123392 0.1560376 0.2819292 0.1490392 0.3063062 0.1224985 0.1628330 0.1274855 0.0919296 0.1498155 0.0254579 0.1545458 0.0698416 0.0541284 0.1431631 0.1351005 0.2314187 0.1099308 0.1813840 0.2038197 0.1349998 0.1994473 0.4195599 0.1799421 0.2253775 0.1965586 0.0537422 0.1997937 0.1810684 0.1827204 0.1814675 0.2206395 0.1525671 0.1176413 0.0917977 0.1339015 0.0687446 
Perityle_feddemae_99                       0.2532486 0.2778907 0.7959769 0.2937747 0.1640716 0.1868633 0.3837015 0.1060798 0.2933994 0.2382468 0.1884352 0.1676531 0.1176054 0.3959471 0.1050084 0.2298183 0.1405014 0.2456143 0.1741324 0.1269852 0.1552291 0.1601394 0.2368478 0.1925262 0.1762975 0.1477566 0.1782224 0.1999695 0.1449944 0.1473575 0.2684718 0.2301677 0.1871940 0.2335384 0.1804294 0.0000000 0.1608040 0.3004202 0.1680884 0.1651734 0.1932426 0.1272639 0.0896559 0.2955950 0.1802592 0.2437988 0.1573139 0.0840137 0.1789527 0.1329619 0.1826419 0.0833130 0.1757692 0.1231680 0.1487568 0.2147838 0.1698981 0.2207375 0.1104240 0.1461167 0.2501855 0.1826378 0.2249633 0.4235793 0.2266849 0.3197759 0.2525041 0.1441302 0.2428214 0.1610208 0.1556996 0.2636345 0.2067339 0.1632581 0.1359154 0.0759963 0.1717097 0.2047288 
Perityle_fosteri_93                        0.2373098 0.4243931 0.7963932 0.2652889 0.1184949 0.2720244 0.2345870 0.1334574 0.3869812 0.2950728 0.1542116 0.0654713 0.0981092 0.1540164 0.0432758 0.1001849 0.0253489 0.2749137 0.1642082 0.0560459 0.0193809 0.1080486 0.3954675 0.0666233 0.0598924 0.0746307 0.0824164 0.0953459 0.8299142 0.1600402 0.5197314 0.2976568 0.1686752 0.2746490 0.1371232 0.1608040 0.0000000 0.2612384 0.0921845 0.0654769 0.7343204 0.1056210 0.1487434 0.2632073 0.0221992 0.5592090 0.1114298 0.1440031 0.1016269 0.0818486 0.0849981 0.0756599 0.1602138 0.0782992 0.0892023 0.1374939 0.1085975 0.3827712 0.1752858 0.1452386 0.3662332 0.0635169 0.3039477 0.2017571 0.0842851 0.2140691 0.4743170 0.0271544 0.5158309 0.0687239 0.0339447 0.3814041 0.2973581 0.1066354 0.0834397 9.0000000 0.1093388 0.0931178 
Perityle_gamon_221                         0.2152777 0.2523011 0.3928383 0.2908409 0.2872541 0.2720179 0.3334289 0.1147396 0.3899618 0.2494316 0.2379665 0.2226443 0.0805900 0.3934320 0.1201288 0.4575073 0.2804720 0.2382341 0.2053338 0.1442174 0.1988643 0.2519857 0.3066554 0.2597649 0.2471464 0.3505526 0.2449440 0.3024263 0.2451171 0.1810796 0.2867631 0.3413675 0.1781194 0.3029764 0.2361847 0.3004202 0.2612384 0.0000000 0.3400084 0.2650794 0.5167287 0.2456890 0.2667103 0.2730561 0.2500109 0.4975058 0.2410666 0.2936934 0.2387501 0.2333095 0.2372060 0.0508126 0.2130674 0.1000180 0.0953276 0.2492481 0.2524390 0.3226471 0.1514605 0.2314911 0.3467698 0.2256394 0.2690342 0.4935848 0.1666789 0.3040504 0.2921102 0.1617275 0.2639650 0.2807753 0.2878990 0.2825436 0.2294870 0.3009941 0.2317302 0.1817168 0.2492595 0.2666198 
Perityle_gentryi_8_san_francisco           0.2697266 0.3708598 0.8125050 0.2804307 0.1229685 0.2761832 0.2793192 0.1359866 0.3816269 0.3682332 0.1651391 0.1176417 0.1027422 0.2285335 0.0320656 0.1273450 0.0804851 0.2785298 0.1447614 0.1040705 0.0852452 0.0921652 0.3846170 0.0760669 0.1011666 0.0842994 0.0937598 0.1037903 0.9060531 0.1825609 0.4920037 0.3532224 0.2226580 0.3597770 0.1663036 0.1680884 0.0921845 0.3400084 0.0000000 0.0509386 0.7013805 0.0917774 0.1473775 0.3233583 0.0987062 0.6256824 0.0941867 0.1475323 0.1067172 0.0756555 0.0949691 0.0668776 0.1853957 0.0754679 0.0712043 0.0880602 0.0901554 0.3962591 0.1720441 0.1358121 0.3799161 0.1163863 0.3413626 0.2087564 0.1270991 0.2828473 0.4739981 0.0641458 0.5847336 0.0760578 0.0949928 0.3599746 0.2763305 0.1065342 0.0904157 9.0000000 0.0911306 0.1069146 
Perityle_gilensis_22_Superstition          0.2238448 0.4316323 0.3131582 0.2508664 0.0827356 0.2752766 0.2400651 0.1200337 0.4092195 0.3848753 0.1276756 0.0709859 0.0795149 0.1653589 0.0037300 0.2679869 0.0673530 0.2593497 0.1592899 0.0743435 0.0547026 0.0582231 0.3079492 0.0437933 0.1348499 0.0989764 0.0540546 0.0787925 0.2554976 0.2149296 0.3546022 0.2959940 0.2311564 0.4069177 0.1276334 0.1651734 0.0654769 0.2650794 0.0509386 0.0000000 0.7385267 0.0542970 0.1437932 0.2592363 0.0595131 0.5033004 0.0565272 0.1508221 0.0622304 0.0496803 0.0589437 0.0334319 0.2058058 0.0578314 0.0893825 0.0715564 0.0554547 0.3839215 0.2005538 0.1719889 0.3546354 0.0718410 0.2581359 0.1955921 0.1096189 0.1753676 0.2729386 0.0408920 0.3341591 0.0792302 0.0750609 0.4068121 0.2855720 0.0609583 0.0611252 0.1463772 0.0573670 0.0663660 
Perityle_glaucescens_94                    0.7028646 0.2455248 1.0059045 0.4531739 0.7353201 0.2296585 0.8276464 0.1792909 0.3539768 0.2181943 0.6203726 0.7032055 0.5574603 0.5989026 0.1466472 0.7159555 0.6130767 0.2298391 0.1901763 0.6767881 0.7025799 0.7131469 0.2047121 0.5998295 0.2756197 0.7347226 0.4647770 0.4981881 0.0840308 0.1984729 0.1998295 0.2556288 0.5593663 0.2493686 0.2688187 0.1932426 0.7343204 0.5167287 0.7013805 0.7385267 0.0000000 0.2328087 0.1091098 0.4962461 0.6687355 0.1312069 0.5682856 0.1044316 0.6066670 0.7073654 0.5020959 0.6656381 0.1749815 0.6785261 0.2843746 0.7364640 0.5357473 0.1324243 0.1763721 0.2393595 0.2334136 0.4953180 0.2273825 0.6165412 0.4615406 0.4906967 0.2147382 0.6859060 0.1907415 0.5909560 0.6888068 0.2673591 0.1503130 0.7395472 0.6856500 0.0756634 0.5199068 0.3385184 
Perityle_gracilis_11                       0.2094293 0.2477164 0.3129338 0.2333799 0.0818799 0.1622952 0.2815276 0.0810876 0.3381667 0.2169073 0.1209746 0.0584354 0.0647469 0.2443867 0.0361093 0.2923818 0.0920692 0.1989468 0.1294850 0.0570638 0.1014832 0.0118943 0.1913200 0.0924625 0.1278772 0.1109739 0.0806420 0.1083740 0.1659519 0.1680232 0.2218541 0.2363807 0.2336095 0.2699126 0.1123392 0.1272639 0.1056210 0.2456890 0.0917774 0.0542970 0.2328087 0.0000000 0.1239635 0.2498921 0.0924213 0.3034960 0.0148800 0.1255528 0.0486703 0.0169053 0.0753018 0.0083665 0.1617088 0.1023729 0.0934858 0.0445723 0.0283401 0.2185776 0.1047706 0.1364243 0.2360567 0.0758625 0.1959149 0.2858912 0.1530865 0.1743725 0.1884030 0.0668019 0.2583619 0.0857174 0.1262530 0.2353616 0.2220324 0.0607261 0.0379424 0.0789512 0.0266292 0.0638484 
Perityle_harkerae_31                       0.2393904 0.2739622 0.3623528 0.2892678 0.1617968 0.1869684 0.3293673 0.1048196 0.3157908 0.2453022 0.1755193 0.1481949 0.1233589 0.3142114 0.0473143 0.3519049 0.1725229 0.1863050 0.1385076 0.1113959 0.1418103 0.1491577 0.2269910 0.1741845 0.1611687 0.2035230 0.1557131 0.1958684 0.1336429 0.1791199 0.2356894 0.2490822 0.2369482 0.2900339 0.1560376 0.0896559 0.1487434 0.2667103 0.1473775 0.1437932 0.1091098 0.1239635 0.0000000 0.3053888 0.1668984 0.2798236 0.1489383 0.0101164 0.1586113 0.1248281 0.1461467 0.0610928 0.1532424 0.1031525 0.1261679 0.1632425 0.1531628 0.1571196 0.1107686 0.1508208 0.2568573 0.1645269 0.1985582 0.3661586 0.2232933 0.2809088 0.2121792 0.1331264 0.2498498 0.1788703 0.1687331 0.2636858 0.1850353 0.1640849 0.1373197 0.0825241 0.1579233 0.1688578 
Perityle_hofmeisteria_4_nombre_de_dios     0.2554692 0.3197625 0.3608564 0.2499944 0.3293652 0.2798737 0.3083857 0.1381047 0.3947675 0.2030880 0.2624345 0.2380752 0.0954606 0.4229227 0.1184664 0.4402280 0.2934858 0.2612519 0.2543639 0.1457011 0.2103855 0.2444687 0.2791059 0.2681788 0.2943066 0.3868878 0.2326686 0.3275882 0.3948209 0.2107985 0.2904667 0.2990458 0.1635764 0.2417740 0.2819292 0.2955950 0.2632073 0.2730561 0.3233583 0.2592363 0.4962461 0.2498921 0.3053888 0.0000000 0.2896451 0.5334649 0.2604036 0.3229549 0.2140347 0.2446252 0.2626019 0.0548351 0.2552590 0.0967479 0.1287074 0.2962814 0.2583125 0.3391968 0.1601367 0.2456860 0.2761640 0.2501838 0.3588057 0.5359590 0.1630498 0.2925416 0.2236866 0.1580803 0.3348774 0.3222537 0.2755186 0.2897460 0.3799826 0.3405046 0.2566666 0.2364446 0.2700956 0.2452540 
Perityle_huecosensis_48                    0.2207843 0.3986229 0.3298008 0.2496043 0.1332770 0.2577453 0.2645343 0.1280141 0.4177676 0.2941790 0.1326743 0.0537045 0.1028885 0.1608806 0.0668589 0.2777588 0.0229623 0.2859834 0.1834867 0.0544884 0.0208382 0.0912926 0.3018071 0.0597822 0.1174170 0.1197904 0.0656345 0.1215093 0.2417267 0.2064480 0.3364299 0.3024568 0.1985543 0.3852882 0.1490392 0.1802592 0.0221992 0.2500109 0.0987062 0.0595131 0.6687355 0.0924213 0.1668984 0.2896451 0.0000000 0.4861679 0.0880644 0.1761309 0.0860260 0.0611480 0.0686418 0.0713181 0.2239985 0.0665016 0.0979384 0.1041797 0.0874128 0.3988480 0.2040755 0.2060445 0.3610096 0.0588843 0.2555338 0.2342111 0.1044552 0.1776420 0.2889273 0.0312130 0.3170146 0.1248002 0.0299776 0.3804537 0.3097209 0.1262179 0.0666628 0.1686886 0.0951506 0.0825350 
Perityle_incana_3_ucla                     0.5587203 0.0621424 0.6714633 0.4720668 0.4949103 0.0306133 0.6068987 0.2093811 0.3327215 0.4152311 0.4900754 0.4752674 0.3248215 0.5026580 0.1462144 0.6103920 0.5739434 0.2448771 0.1848114 0.4291411 0.4856200 0.5083949 0.0831070 0.4805474 0.2448124 0.6144315 0.4551894 0.4417620 0.1643999 0.2532466 0.0636682 0.3503881 0.4644043 0.3992615 0.3063062 0.2437988 0.5592090 0.4975058 0.6256824 0.5033004 0.1312069 0.3034960 0.2798236 0.5334649 0.4861679 0.0000000 0.4656150 0.2849060 0.4693402 0.4965323 0.4568207 0.3385853 0.2333941 0.3292458 0.1810530 0.5091791 0.4495654 0.0390546 0.0264908 0.1703739 0.0527210 0.4245110 0.2544745 0.5625067 0.3925810 0.5102857 0.0756570 0.4373238 0.3982976 0.4784365 0.5640708 0.0579291 0.2954267 0.4924786 0.4739301 0.0337809 0.4500065 0.3230512 
Perityle_inyoensis_9_pleasant              0.2155484 0.3890883 0.3128260 0.2448341 0.1081020 0.2895700 0.2559457 0.1280188 0.3703146 0.3059634 0.1238784 0.0541039 0.0415261 0.2164529 0.0462311 0.2763197 0.0884463 0.2512881 0.1590752 0.0591960 0.1049240 0.0035344 0.3036570 0.0753390 0.1450155 0.1113130 0.0651882 0.1161521 0.2443186 0.1958930 0.3215214 0.2782634 0.2188594 0.3742157 0.1224985 0.1573139 0.1114298 0.2410666 0.0941867 0.0565272 0.5682856 0.0148800 0.1489383 0.2604036 0.0880644 0.4656150 0.0000000 0.1539836 0.0349568 0.0187887 0.0531990 0.0110842 0.2039776 0.1051486 0.1093689 0.0366794 0.0056459 0.3826713 0.1926039 0.1857860 0.3511599 0.0536528 0.2448613 0.2354014 0.1105466 0.1655123 0.2545072 0.0704373 0.3196537 0.0968669 0.1164122 0.3727588 0.2884330 0.0794903 0.0319506 0.1407308 0.0074534 0.0547881 
Perityle_jaliscana_203                     0.2572865 0.2713962 0.4231706 0.3142993 0.1454775 0.1858441 0.3664814 0.1052662 0.3133881 0.2392863 0.1866971 0.1545336 0.1182008 0.3116439 0.0443170 0.3291895 0.1703586 0.1826326 0.1442195 0.1083355 0.1382083 0.1533430 0.2288931 0.1825432 0.1538979 0.1696306 0.1649182 0.1892009 0.1496605 0.1763691 0.2367254 0.2479220 0.2115854 0.2987790 0.1628330 0.0840137 0.1440031 0.2936934 0.1475323 0.1508221 0.1044316 0.1255528 0.0101164 0.3229549 0.1761309 0.2849060 0.1539836 0.0000000 0.1679483 0.1356496 0.1563225 0.0586224 0.1551115 0.1005335 0.1212211 0.1734587 0.1601219 0.1512598 0.1125476 0.1482385 0.2563118 0.1709865 0.2094607 0.3694896 0.2193910 0.2919435 0.2313898 0.1303061 0.2608844 0.1673371 0.1629217 0.2649872 0.1813076 0.1589540 0.1426489 0.0843563 0.1633091 0.1784378 
