81
Amauria_brandeegeana_62                    0.0000000 0.1664546 0.0161244 0.3134203 0.1559187 0.1552733 0.2687814 0.2022877 0.2692186 0.1095041 0.0724018 0.1575590 0.2338390 0.1872767 0.0968783 0.1886257 0.0913424 0.1056736 0.1784228 0.1821364 0.1346765 0.1781121 0.1666873 0.1404070 0.1217721 0.1213005 0.1212618 0.6052376 0.1805230 0.1087970 0.1933476 0.1336024 0.1547312 0.1393324 0.0495903 0.2014085 0.1567920 0.2043053 0.1842214 0.1282784 0.1463817 0.1978405 0.1650489 0.1839434 0.1919852 0.2131102 0.1281851 0.1046769 0.1021154 0.1760511 0.1869533 0.1393263 0.1705677 0.1146921 0.1635043 0.1926371 0.2140185 0.2354552 0.1102138 0.0842369 0.1674463 0.1623421 0.2429822 0.1678736 0.2238295 0.1899092 0.1869017 0.0795758 0.1742042 0.1716211 0.1958155 0.1143829 0.1568821 0.1955590 0.1243288 0.1914806 0.2031141 0.1002977 0.2638800 0.1756541 0.0956138 
Amauria_carterae_99_mesa                   0.1664546 0.0000000 0.1686888 0.2589371 0.1684679 0.1541049 0.1806678 0.1437282 0.2796737 0.1333852 0.2527338 0.1828154 0.2789533 0.1218862 0.2211391 0.1951457 0.2413681 0.1955869 0.1167916 0.2150541 0.2457936 0.2045717 0.0716622 0.2602764 0.1230735 0.2460010 0.3200160 0.5487571 0.1749139 0.1692626 0.0672241 0.1687378 0.1627766 0.2515163 0.1949557 0.1784988 0.1317546 0.1534998 0.1553583 0.2767112 0.2221504 0.1768797 0.1904674 0.1679633 0.1426714 0.3301087 0.1842521 0.2227364 0.2292913 0.1672222 0.2205071 0.1591125 0.1234212 0.3482023 0.1283136 0.2112931 0.1683717 0.1735565 0.2444522 0.2004505 0.1281994 0.1500963 0.1704881 0.2119059 0.3756415 0.1726890 0.1590902 0.2661181 0.1600709 0.1112758 0.1780914 0.1664160 0.1693554 0.2194195 0.2283264 0.2366166 0.1882058 0.2563102 0.4209803 0.1123194 0.2580276 
Amauria_rotundifolia_SRR9119150            0.0161244 0.1686888 0.0000000 0.3181081 0.1327100 0.1559394 0.2686747 0.1999700 0.2645335 0.1050356 0.0730438 0.1602806 0.2507344 0.2185294 0.0930003 0.2219788 0.0932489 0.1093939 0.1834878 0.1866753 0.1319398 0.2046964 0.1914832 0.1383303 0.1098200 0.1193764 0.1237630 0.5940061 0.2081274 0.1100501 0.1847164 0.1069064 0.1265162 0.1401987 0.0392101 0.2115711 0.1507957 0.2402984 0.1847642 0.1416032 0.1577395 0.2293072 0.1666351 0.2177426 0.1821661 0.2043384 0.1062126 0.1077887 0.1056071 0.2121259 0.1873362 0.1250422 0.1712318 0.1196655 0.1660655 0.1966211 0.2118930 0.2439263 0.1126936 0.0882271 0.1746343 0.1618050 0.2473619 0.1727049 0.2325217 0.2234539 0.1994586 0.0807933 0.1864825 0.1840056 0.2093551 0.1148646 0.1617644 0.1999610 0.1294244 0.1942031 0.2289060 0.1073948 0.2703212 0.1821206 0.1050150 
Conoclinium_coelestinum_SRR9119114         0.3134203 0.2589371 0.3181081 0.0000000 0.2639962 0.3118442 0.2051697 0.2540839 0.2295061 0.2393023 0.2548596 0.2719409 0.3651248 0.2737505 0.2584022 0.2771909 0.1908882 0.2699732 0.2578698 0.2779873 0.2835815 0.2783480 0.2100225 0.3065762 0.1609131 0.2511771 0.2626898 0.5725173 0.2668570 0.2483055 0.2733062 0.2723101 0.2949562 0.3393393 0.3408867 0.2891923 0.2600741 0.3182273 0.2641658 0.1570080 0.2528441 0.2782030 0.2728905 0.2657592 0.2274719 0.4614432 0.2729187 0.2541730 0.2464003 0.2605999 0.2838876 0.2635060 0.2712078 0.3086106 0.2688133 0.2808205 0.2657993 0.2744854 0.2524734 0.2408758 0.2630823 0.2563844 0.3341686 0.2497553 0.2580781 0.2624793 0.2806094 0.2688103 0.2627062 0.2557282 0.3295519 0.2349601 0.2625556 0.2800583 0.3085286 0.2727385 0.2819127 0.2483850 0.2915325 0.2380812 0.1944963 
Eutetras_palmeri_63                        0.1559187 0.1684679 0.1327100 0.2639962 0.0000000 0.0604829 0.1996979 0.1587250 0.2360368 0.1196786 0.1154788 0.1364443 0.1883209 0.1978668 0.1030222 0.2029329 0.1134943 0.1520583 0.1679886 0.1648090 0.1476403 0.1861635 0.1595452 0.1466277 0.1499430 0.1330371 0.1402332 0.6006686 0.2100908 0.1258939 0.1220435 0.1296246 0.1679185 0.1329256 0.2248348 0.1807238 0.1383490 0.2375770 0.1586834 0.1680781 0.1774244 0.2024554 0.1520551 0.2088417 0.1836126 0.2122141 0.1506232 0.1201194 0.1173495 0.2032029 0.1848234 0.1466550 0.1555013 0.1273575 0.1501068 0.1703169 0.1799827 0.2188760 0.1302960 0.1064213 0.1528460 0.1533289 0.1711283 0.1497543 0.2707539 0.2083619 0.1665247 0.1097535 0.1381584 0.1682585 0.1885076 0.1276361 0.1421169 0.1711454 0.1139997 0.1615363 0.2265460 0.1314616 0.3006176 0.1578091 0.1263567 
Eutetras_pringlei_149_quer                 0.1552733 0.1541049 0.1559394 0.3118442 0.0604829 0.0000000 0.1804322 0.1464643 0.3036980 0.1123028 0.1169900 0.1448028 0.2114701 0.1428137 0.1196716 0.1548951 0.1051913 0.1264336 0.1339114 0.1451872 0.1141841 0.1456260 0.1242272 0.1404394 9.0000000 0.1440935 0.1546580 0.6603851 0.1386335 0.1359983 0.1656488 0.1148240 0.1172957 0.1132448 0.2365038 0.1488626 0.1341202 0.1615291 0.1534573 0.1454701 0.1357322 0.1444336 0.1472524 0.1103474 0.1388148 0.1300460 0.1209191 0.1528689 0.1264966 0.1149213 0.1537399 0.1109845 0.1435036 0.1507958 0.1537432 0.1284813 0.1834390 0.2016009 0.1266633 0.1228156 0.1383926 0.1531540 0.1662304 0.1628118 0.3160397 0.1384292 0.1450028 0.1200482 0.1974255 0.1284853 0.1805825 0.1339534 0.1446674 0.1498874 0.1410252 0.1559231 0.1450712 0.0925614 0.3658230 0.1342796 0.1283850 
Eutrochium_fistulosum_SRR9119106           0.2687814 0.1806678 0.2686747 0.2051697 0.1996979 0.1804322 0.0000000 0.1998987 0.2755951 0.1566968 0.3054188 0.2330803 0.3194023 0.1675142 0.2319220 0.2262292 0.2546610 0.2307306 0.1819145 0.2475676 0.2720354 0.2453348 0.1326525 0.2640896 0.0994629 0.2500518 0.3372346 0.5735590 0.2304884 0.1867783 0.0868299 0.2120052 0.1953445 0.2701888 0.3194931 0.2520807 0.1794888 0.1269417 0.2021976 0.2619986 0.2105947 0.2433882 0.2337338 0.2439105 0.2290959 0.3901642 0.2405260 0.2251033 0.2316758 0.2375107 0.2469390 0.1835654 0.1690164 0.3700172 0.1825821 0.2534828 0.2203889 0.2371197 0.2359123 0.2166129 0.1931042 0.1945937 0.2713689 0.2677497 0.3484488 0.2329543 0.1993623 0.3201543 0.1961053 0.1568599 0.2131953 0.1760793 0.2187754 0.2763039 0.2426329 0.2945852 0.2498892 0.2818060 0.4035747 0.1833343 0.2717735 
Galeana_pratensis_104_mex                  0.2022877 0.1437282 0.1999700 0.2540839 0.1587250 0.1464643 0.1998987 0.0000000 0.2761959 0.1473370 0.2483577 0.1130385 0.2376093 0.1339454 0.1766650 0.1412348 0.1637348 0.2061923 0.1338682 0.1274678 0.1623781 0.1261093 0.0844611 0.1888705 9.0000000 0.1933215 0.2809357 0.5489115 0.1380317 0.1749188 0.0971890 0.1813105 0.1703269 0.1824923 0.2318926 0.1718474 0.1164240 0.0843907 0.1446387 0.1876759 0.1836248 0.1734446 0.1151128 0.1560604 0.1393593 0.2633443 0.2060300 0.1610703 0.1768013 0.1599571 0.1151272 0.1593140 0.1106186 0.2755574 0.1163150 0.1645894 0.1552042 0.1492593 0.1885818 0.1655349 0.1371419 0.1443421 0.1712710 0.1635086 0.3300258 0.1387546 0.1471728 0.2430635 0.1495039 0.1096763 0.1582152 0.1789795 0.1124755 0.1383490 0.1912554 0.1612216 0.1489871 0.2367638 0.3472964 0.1409714 0.1621258 
Helianthus_annuus_SRR9119062               0.2692186 0.2796737 0.2645335 0.2295061 0.2360368 0.3036980 0.2755951 0.2761959 0.0000000 0.2233190 0.2476903 0.2973924 0.2998865 0.3077227 0.2606791 0.3188411 0.2180887 0.2586220 0.3017347 0.3182805 0.2931804 0.3092841 0.2766043 0.3071350 0.1219782 0.2343041 0.3015623 0.5724153 0.2857955 0.2528887 0.3470256 0.2534478 0.2748299 0.3609100 0.2103326 0.3006458 0.3071139 0.3580941 0.3051714 0.1321823 0.2394652 0.2829056 0.3101364 0.2800689 0.2331971 0.4676853 0.2501148 0.2546754 0.2517224 0.2745313 0.3067961 0.2681236 0.3139599 0.3431250 0.3133739 0.3116155 0.3009838 0.2957986 0.2576533 0.2355764 0.3006153 0.2844248 0.2969937 0.3036959 0.2140242 0.3089098 0.3031737 0.2667406 0.3032550 0.2992444 0.3252431 0.2455712 0.3156132 0.3067411 0.2712638 0.3220488 0.3178125 0.2576429 0.2475382 0.2879439 0.1714877 
Lycapsus_tenuifolius_17                    0.1095041 0.1333852 0.1050356 0.2393023 0.1196786 0.1123028 0.1566968 0.1473370 0.2233190 0.0000000 0.0768414 0.1242495 0.1347986 0.1853568 0.0793540 0.1918387 0.0810591 0.1081636 0.1656124 0.1682577 0.1390722 0.1771331 0.1534413 0.1318225 0.0608139 0.1061455 0.1126164 0.5624632 0.1633029 0.0128330 0.1250854 0.1122879 0.0360712 0.1232709 0.1656288 0.1857513 0.1208533 0.2066067 0.1494580 0.1114254 0.1321229 0.1959101 0.1325527 0.1953618 0.1395896 0.2096188 0.0926801 0.1011841 0.1009868 0.1912474 0.1589819 0.0960749 0.1387007 0.1093791 0.1255345 0.1510581 0.1727386 0.1911134 0.1120193 0.0933559 0.1252128 0.1094686 0.1368865 0.1207372 0.1928725 0.1817691 0.1813624 0.0983059 0.1118802 0.1700453 0.1698078 0.0143751 0.1282169 0.1696309 0.1165305 0.1524856 0.1964670 0.0850440 0.2598399 0.1206930 0.0905559 
Pericome_caudata_50_silver                 0.0724018 0.2527338 0.0730438 0.2548596 0.1154788 0.1169900 0.3054188 0.2483577 0.2476903 0.0768414 0.0000000 0.2698357 0.1705087 0.2572395 0.1445576 0.2960414 0.1427224 0.1049663 0.2788620 0.2836006 0.2420182 0.2774498 0.1324287 0.1616375 0.0637802 0.1352856 0.2537244 0.5758015 0.2647449 0.0924822 0.1338652 0.0792876 0.0886927 0.1806792 0.1107764 0.2910399 0.2562435 0.1739751 0.3055262 0.1665379 0.1353538 0.2667062 0.2721398 0.2783083 0.2945325 0.1759674 0.0800598 0.1134086 0.1254826 0.2695998 0.2616043 0.0881080 0.2585855 0.2743600 0.2606885 0.2902824 0.2534816 0.2807247 0.1482316 0.1025264 0.2741184 0.1977439 0.1969002 0.2458085 0.2501401 0.2794265 0.2174878 0.0520298 0.1925034 0.2378696 0.1752513 0.0949478 0.2672676 0.3073668 0.1271331 0.3232518 0.3270647 0.2146861 0.2988059 0.2773982 0.1348998 
Perityle_aglossa_84_dead_horse             0.1575590 0.1828154 0.1602806 0.2719409 0.1364443 0.1448028 0.2330803 0.1130385 0.2973924 0.1242495 0.2698357 0.0000000 0.2351332 0.0184206 0.1852771 0.0311334 0.2221799 0.1777904 0.1030834 0.0246063 0.0728317 0.0231844 0.0141188 0.2196430 9.0000000 0.2306954 0.2999377 0.5866228 0.1428359 0.1455960 0.0801536 0.1399772 0.1410442 0.1766667 0.2028704 0.1662476 0.0202724 0.0944084 0.0367913 0.2512974 0.1792471 0.1679949 0.0192611 0.1616131 0.2144874 0.2326807 0.1713156 0.2044306 0.2094439 0.1651528 0.0280229 0.1424959 0.0141647 0.2885707 0.0202995 0.1571608 0.0627327 0.0834875 0.2166367 0.1900704 0.1105363 0.1267547 0.1590269 0.1263952 0.4057017 0.1451756 0.0917875 0.2675139 0.0639976 0.0144451 0.1194022 0.1475924 0.0190144 0.1087164 0.1940396 0.2131663 0.1450114 0.2319807 0.4262818 0.1187717 0.2639294 
Perityle_ajoensis_204                      0.2338390 0.2789533 0.2507344 0.3651248 0.1883209 0.2114701 0.3194023 0.2376093 0.2998865 0.1347986 0.1705087 0.2351332 0.0000000 0.2521240 0.1068169 0.2871560 0.1053682 0.1904408 0.2969704 0.2764431 0.2647047 0.2715887 0.1833326 0.1526921 0.0772000 0.1483819 0.2772933 0.6763049 0.2904811 0.1370386 0.1908471 0.1787380 0.1544876 0.2508848 0.2892312 0.3976739 0.2206815 0.2358669 0.2584487 0.1287029 0.1487577 0.3705780 0.2408778 0.3110032 0.2872720 0.2766466 0.1671179 0.1367055 0.1375152 0.3062675 0.2414531 0.1543502 0.2455192 0.2890866 0.2322192 0.2874697 0.2383138 0.2460229 0.1480215 0.1118403 0.2873276 0.1852450 0.3183398 0.2356177 0.2124290 0.2993363 0.2652116 0.2175906 0.2128071 0.2430776 0.1826187 0.1636123 0.2331604 0.2896738 0.1803968 0.3172398 0.3103757 0.2218131 0.2751902 0.2748152 0.1128794 
Perityle_ambrosiifolia_67_green            0.1872767 0.1218862 0.2185294 0.2737505 0.1978668 0.1428137 0.1675142 0.1339454 0.3077227 0.1853568 0.2572395 0.0184206 0.2521240 0.0000000 0.1810574 0.0356898 0.1964804 0.2139355 0.1042353 0.0314628 0.1178212 0.0305730 0.0230547 0.2518647 9.0000000 0.2569222 0.3272684 0.5915585 0.1073462 0.1678964 0.0942124 0.2059342 0.1953975 0.2455063 0.2250838 0.1378124 0.0237726 0.1191320 0.0428448 0.2072134 0.2014163 0.1370107 0.0217477 0.1352182 0.1389072 0.2911866 0.1888763 0.2434679 0.2495827 0.1392302 0.0208318 0.2122774 0.0177255 0.3245694 0.0206692 0.1488043 0.0727420 0.0809533 0.2351199 0.1673832 0.1099046 0.1350610 0.2044369 0.1238222 0.3653737 0.1092377 0.0889998 0.2912890 0.0689876 0.0182254 0.1156013 0.1999726 0.0191440 0.0477750 0.1732082 0.1784037 0.1132736 0.2452175 0.4131688 0.1303781 0.2366601 
Perityle_angustifolia_13_Eagle_creek       0.0968783 0.2211391 0.0930003 0.2584022 0.1030222 0.1196716 0.2319220 0.1766650 0.2606791 0.0793540 0.1445576 0.1852771 0.1068169 0.1810574 0.0000000 0.1997679 0.0000010 0.1203171 0.2153129 0.1929884 0.1745660 0.1878901 0.1263092 0.0132181 9.0000000 0.0101421 0.1982263 0.6052529 0.2108269 0.1017658 0.1392538 0.0887162 0.0881394 0.1169008 0.1386827 0.2362444 0.1992556 0.1216703 0.2213521 0.0268840 0.0201106 0.2372566 0.1963863 0.2331708 0.2591203 0.1340074 0.1138150 0.0098659 0.0067308 0.2283145 0.2007034 0.0687821 0.1911903 0.2007256 0.1945152 0.2197176 0.1715236 0.2078572 0.0103030 0.0034146 0.2115521 0.1668988 0.1469539 0.1939250 0.1850687 0.2102247 0.1898628 0.1664572 0.1238949 0.1878047 0.0661975 0.0990407 0.1926967 0.2256719 0.0709697 0.2455217 0.2165622 0.1602825 0.2258108 0.2428063 0.0039932 
Perityle_batopilensis_97                   0.1886257 0.1951457 0.2219788 0.2771909 0.2029329 0.1548951 0.2262292 0.1412348 0.3188411 0.1918387 0.2960414 0.0311334 0.2871560 0.0356898 0.1997679 0.0000000 0.2405752 0.2193993 0.1188944 0.0444027 0.1299378 0.0430045 0.0537690 0.2736880 9.0000000 0.2795608 0.3722956 0.6139552 0.1372519 0.1819485 0.1002469 0.2058228 0.2063554 0.2469962 0.2283352 0.1836966 0.0340171 0.1244469 0.0027118 0.2696008 0.2268798 0.1828788 0.0294402 0.1830361 0.2229516 0.2923401 0.1974506 0.2695655 0.2715347 0.1847768 0.0266360 0.2256889 0.0282853 0.3588976 0.0306693 0.1762382 0.0759629 0.0922412 0.2602148 0.2027913 0.1260866 0.1430663 0.2345897 0.1494983 0.4236389 0.1400666 0.1064459 0.3237950 0.0890504 0.0320521 0.1472777 0.2216730 0.0241178 0.1107381 0.2215812 0.2215497 0.1398985 0.2712954 0.4644341 0.1465865 0.2791712 
Perityle_bisetosa_9                        0.0913424 0.2413681 0.0932489 0.1908882 0.1134943 0.1051913 0.2546610 0.1637348 0.2180887 0.0810591 0.1427224 0.2221799 0.1053682 0.1964804 0.0000010 0.2405752 0.0000000 0.1317710 0.2624102 0.2327944 0.2015914 0.2283271 0.1258560 0.0195890 0.0763813 0.0125717 0.2211688 0.5057048 0.2514283 0.0943405 0.1285858 0.1090253 0.0974316 0.1935954 0.0962407 0.2822502 0.2164780 0.1636379 0.2168006 0.0232617 0.0285600 0.2651295 0.2349793 0.2754032 0.2420291 0.2213387 0.1273237 0.0122031 0.0099350 0.2627152 0.2024281 0.1095311 0.2115211 0.2294625 0.2182947 0.2539884 0.1429668 0.1708082 0.0154966 0.0067112 0.2580633 0.1551028 0.1826945 0.1921613 0.1331872 0.2554508 0.2085397 0.1721101 0.1281419 0.2081020 0.0421811 0.0973432 0.2273547 0.2571800 0.1125262 0.2855634 0.2653469 0.1890866 0.1484274 0.2465572 0.0065927 
Perityle_californica_76_positas            0.1056736 0.1955869 0.1093939 0.2699732 0.1520583 0.1264336 0.2307306 0.2061923 0.2586220 0.1081636 0.1049663 0.1777904 0.1904408 0.2139355 0.1203171 0.2193993 0.1317710 0.0000000 0.1999983 0.2108013 0.1673363 0.2087464 0.1722279 0.1840845 0.1742268 0.1639368 0.1693951 0.5761537 0.2077391 0.1144003 0.1693705 0.0877765 0.1259951 0.1780844 0.1425163 0.2246036 0.1754432 0.2120187 0.2093687 0.1765808 0.1745872 0.2256193 0.1880784 0.2177457 0.2069056 0.2167145 0.0472756 0.1476309 0.1446033 0.2096120 0.2149023 0.1163924 0.1915074 0.1537553 0.1874397 0.1934120 0.2106508 0.2604606 0.1600875 0.1059899 0.1897833 0.1701908 0.2070177 0.1892092 0.2871041 0.2151159 0.1997869 0.1329617 0.1556947 0.1923046 0.2235919 0.1235374 0.1811870 0.2322852 0.1123139 0.2084453 0.2248696 0.1593791 0.3416094 0.2147961 0.1435961 
Perityle_canescens_77                      0.1784228 0.1167916 0.1834878 0.2578698 0.1679886 0.1339114 0.1819145 0.1338682 0.3017347 0.1656124 0.2788620 0.1030834 0.2969704 0.1042353 0.2153129 0.1188944 0.2624102 0.1999983 0.0000000 0.1092050 0.1791043 0.1088607 0.0759459 0.2686862 9.0000000 0.2683832 0.3269281 0.5608267 0.0541254 0.1668744 0.0697532 0.1715115 0.1797664 0.2118491 0.2079587 0.1409947 0.1022629 0.0894939 0.1329089 0.2951809 0.2188820 0.1408081 0.0978278 0.1331176 0.1319377 0.2679440 0.1830706 0.2413709 0.2456632 0.1325740 0.0953167 0.1800029 0.0900491 0.3120772 0.0984643 0.1296537 0.1505830 0.1631374 0.2688496 0.2068396 0.0555205 0.1016570 0.1672041 0.1848631 0.3993525 0.0561218 0.1280442 0.2924734 0.1449697 0.0920917 0.1745294 0.1854694 0.0936347 0.1504370 0.2221076 0.1973109 0.0461351 0.2642138 0.4481020 0.0564454 0.2786154 
Perityle_castillonii_96                    0.1821364 0.2150541 0.1866753 0.2779873 0.1648090 0.1451872 0.2475676 0.1274678 0.3182805 0.1682577 0.2836006 0.0246063 0.2764431 0.0314628 0.1929884 0.0444027 0.2327944 0.2108013 0.1092050 0.0000000 0.1205998 0.0055834 0.0278426 0.2403174 9.0000000 0.2586919 0.3475784 0.5856852 0.1479970 0.1800806 0.1007678 0.1789450 0.1877816 0.2193269 0.2201167 0.1812169 0.0342785 0.1067738 0.0538731 0.2545057 0.2013876 0.1804484 0.0319087 0.1838208 0.2475968 0.2724075 0.1907019 0.2324700 0.2354600 0.1848183 0.0441066 0.1852836 0.0288907 0.3371063 0.0324847 0.1790497 0.0744209 0.0816803 0.2422910 0.1935306 0.1145120 0.1400362 0.1937290 0.1307328 0.4073722 0.1514093 0.0907811 0.2969076 0.0696047 0.0320538 0.1354693 0.1963448 0.0294778 0.1177744 0.2032997 0.2140528 0.1563284 0.2691370 0.4365184 0.1306510 0.2661578 
Perityle_cernua_84                         0.1346765 0.2457936 0.1319398 0.2835815 0.1476403 0.1141841 0.2720354 0.1623781 0.2931804 0.1390722 0.2420182 0.0728317 0.2647047 0.1178212 0.1745660 0.1299378 0.2015914 0.1673363 0.1791043 0.1205998 0.0000000 0.1167142 0.0575985 0.2319529 9.0000000 0.2313558 0.3211896 0.6011526 0.2186812 0.1571765 0.1788395 0.1269360 0.1434283 0.1477895 0.1871408 0.2446661 0.0705634 0.2025857 0.0913706 0.2493904 0.1984098 0.2506304 0.0826343 0.2512936 0.2721751 0.2055113 0.1598478 0.2119820 0.2203745 0.2452248 0.1171902 0.1501169 0.1065845 0.3104109 0.0826775 0.2350226 0.1064848 0.1366972 0.2324165 0.1711723 0.1685886 0.2220020 0.1811754 0.1570508 0.3829967 0.2208750 0.2028651 0.2482036 0.0845567 0.1074309 0.2522268 0.1544737 0.0770782 0.2192410 0.1522526 0.3141183 0.2166281 0.2668492 0.4323958 0.1523257 0.2392310 
Perityle_cfvillosa_25_tin                  0.1781121 0.2045717 0.2046964 0.2783480 0.1861635 0.1456260 0.2453348 0.1261093 0.3092841 0.1771331 0.2774498 0.0231844 0.2715887 0.0305730 0.1878901 0.0430045 0.2283271 0.2087464 0.1088607 0.0055834 0.1167142 0.0000000 0.0342580 0.2519766 9.0000000 0.2622277 0.3586981 0.5838724 0.1431701 0.1695171 0.0963868 0.1880687 0.1940600 0.2273521 0.2193397 0.1811275 0.0317751 0.1159567 0.0499398 0.2561717 0.1988397 0.1779634 0.0315414 0.1821096 0.2407654 0.2734199 0.1896267 0.2459831 0.2512228 0.1838696 0.0424917 0.2090754 0.0281956 0.3434981 0.0309194 0.1711180 0.0736795 0.0795366 0.2471945 0.1898954 0.1145237 0.1373899 0.2037693 0.1269063 0.4073591 0.1454109 0.0903415 0.3026023 0.0673342 0.0300098 0.1450615 0.2051756 0.0294977 0.1173453 0.1942945 0.2163674 0.1484845 0.2644165 0.4474720 0.1310008 0.2652006 
Perityle_cinerea_113_Powell1310            0.1666873 0.0716622 0.1914832 0.2100225 0.1595452 0.1242272 0.1326525 0.0844611 0.2766043 0.1534413 0.1324287 0.0141188 0.1833326 0.0230547 0.1263092 0.0537690 0.1258560 0.1722279 0.0759459 0.0278426 0.0575985 0.0342580 0.0000000 0.1751147 9.0000000 0.1787020 0.1932314 0.4880424 0.0985412 0.1375984 0.0740446 0.1628693 0.1637151 0.1461137 0.1628828 0.0953606 0.0097527 0.1086118 0.0376519 0.1663273 0.1677092 0.1116321 0.0084140 0.0898774 0.0829981 0.1915770 0.1529302 0.1586916 0.1622666 0.0905551 0.0084118 0.1523380 0.0070048 0.1868049 0.0097604 0.0875556 0.0405993 0.0347638 0.1644608 0.1318018 0.0781474 0.1057941 0.1381801 0.0224928 0.2776489 0.0994642 0.0595636 0.1574615 0.0522465 0.0231967 0.1115739 0.1671283 0.0071030 0.0126646 0.1445552 0.0965226 0.1070989 0.1287348 0.2958723 0.0807035 0.1507055 
Perityle_coahuilensis_24                   0.1404070 0.2602764 0.1383303 0.3065762 0.1466277 0.1404394 0.2640896 0.1888705 0.3071350 0.1318225 0.1616375 0.2196430 0.1526921 0.2518647 0.0132181 0.2736880 0.0195890 0.1840845 0.2686862 0.2403174 0.2319529 0.2519766 0.1751147 0.0000000 0.3421403 0.0454547 0.2084285 0.6063207 0.3229268 0.1615398 0.1713579 0.1390425 0.1493734 0.1707952 0.2010020 0.2887395 0.2196211 0.2453868 0.2410147 0.0520755 0.1048194 0.2981263 0.2311141 0.3046094 0.2829223 0.2075408 0.1676926 0.0315334 0.0319086 0.2993078 0.2312545 0.1084709 0.2164857 0.1969653 0.2201169 0.2469542 0.1833628 0.2331760 0.0409568 0.0187494 0.2437493 0.1751547 0.1870462 0.2169687 0.1895825 0.3245709 0.2329336 0.1685000 0.1391986 0.2412584 0.1076013 0.1563653 0.2199035 0.2633700 0.1153361 0.2758237 0.3041565 0.1820096 0.2363843 0.2626555 0.0396892 
Perityle_cochisensis_44_cave_creek         0.1217721 0.1230735 0.1098200 0.1609131 0.1499430 9.0000000 0.0994629 9.0000000 0.1219782 0.0608139 0.0637802 9.0000000 0.0772000 9.0000000 9.0000000 9.0000000 0.0763813 0.1742268 9.0000000 9.0000000 9.0000000 9.0000000 9.0000000 0.3421403 0.0000000 0.0842729 0.0629117 0.3471585 0.1128536 0.0785067 9.0000000 0.1379534 0.1186865 1.2491001 0.0694655 9.0000000 9.0000000 0.1068011 9.0000000 0.1465916 0.0776467 0.2251704 9.0000000 0.1815217 0.0882161 1.0458401 0.1524990 0.0920728 0.0798617 0.1215439 0.2634585 0.0134600 9.0000000 0.4324894 9.0000000 9.0000000 9.0000000 9.0000000 0.1080351 0.1249263 9.0000000 9.0000000 0.2185540 9.0000000 0.0830429 9.0000000 9.0000000 0.0865947 9.0000000 9.0000000 0.4198962 0.0671633 9.0000000 9.0000000 0.5893356 9.0000000 9.0000000 0.0447266 0.1088522 9.0000000 0.0760113 
Perityle_congesta_202                      0.1213005 0.2460010 0.1193764 0.2511771 0.1330371 0.1440935 0.2500518 0.1933215 0.2343041 0.1061455 0.1352856 0.2306954 0.1483819 0.2569222 0.0101421 0.2795608 0.0125717 0.1639368 0.2683832 0.2586919 0.2313558 0.2622277 0.1787020 0.0454547 0.0842729 0.0000000 0.1779282 0.5533677 0.2752535 0.1329549 0.1795517 0.1253999 0.1183676 0.1791001 0.1598579 0.2821272 0.2350728 0.2411846 0.2586608 0.0315246 0.0686473 0.2903942 0.2380715 0.2978943 0.2474469 0.2090569 0.1414695 0.0133774 0.0144107 0.2905207 0.2257663 0.0844477 0.2243408 0.1764037 0.2337870 0.2503969 0.2006190 0.2425980 0.0154276 0.0070428 0.2444441 0.1803813 0.1794079 0.1949047 0.1475460 0.2881862 0.2403603 0.1548323 0.1375942 0.2537524 0.1109326 0.1247999 0.2272651 0.2768773 0.1083112 0.2855930 0.2969810 0.1634121 0.1922779 0.2696155 0.0108802 
Perityle_cordifolia_27                     0.1212618 0.3200160 0.1237630 0.2626898 0.1402332 0.1546580 0.3372346 0.2809357 0.3015623 0.1126164 0.2537244 0.2999377 0.2772933 0.3272684 0.1982263 0.3722956 0.2211688 0.1693951 0.3269281 0.3475784 0.3211896 0.3586981 0.1932314 0.2084285 0.0629117 0.1779282 0.0000000 0.5660819 0.3256884 0.1339744 0.1993127 0.1268162 0.1263900 0.1851661 0.1662888 0.3490921 0.3054544 0.2776017 0.3434104 0.2475097 0.2108362 0.3620467 0.3153084 0.3666684 0.3568957 0.2867660 0.1451210 0.1785716 0.1752132 0.3627610 0.3127041 0.1080142 0.2923340 0.0289359 0.3013970 0.2740947 0.3058161 0.3077402 0.2015808 0.1750403 0.3091508 0.2267145 0.2272234 0.2839245 0.3265892 0.3612644 0.2888645 0.2386497 0.2039343 0.3096041 0.2471955 0.1302517 0.3038906 0.3420992 0.1967656 0.3303548 0.3697241 0.2163807 0.3745349 0.3333878 0.2211462 
Perityle_cordifolia_68_tecolote            0.6052376 0.5487571 0.5940061 0.5725173 0.6006686 0.6603851 0.5735590 0.5489115 0.5724153 0.5624632 0.5758015 0.5866228 0.6763049 0.5915585 0.6052529 0.6139552 0.5057048 0.5761537 0.5608267 0.5856852 0.6011526 0.5838724 0.4880424 0.6063207 0.3471585 0.5533677 0.5660819 0.0000000 0.5282603 0.5772441 0.7630818 0.6295726 0.6520854 0.7361531 0.5732467 0.5819409 0.5639171 0.6944813 0.5731901 0.4010844 0.5453399 0.5507282 0.5849447 0.5448036 0.4713470 0.7493658 0.5765378 0.5865830 0.5760264 0.5457147 0.5650800 0.5593581 0.6068818 0.6570271 0.5880207 0.5905287 0.5231203 0.5461700 0.5778823 0.5562818 0.5696327 0.6188591 0.4981648 0.5250169 0.5783777 0.5728897 0.6235951 0.5726569 0.5337772 0.5783641 0.6563644 0.5628374 0.5834179 0.6126581 0.6481039 0.6648497 0.5894581 0.5945211 0.6337119 0.4979853 0.4867215 
Perityle_coronopifolia_28_patagonia        0.1805230 0.1749139 0.2081274 0.2668570 0.2100908 0.1386335 0.2304884 0.1380317 0.2857955 0.1633029 0.2647449 0.1428359 0.2904811 0.1073462 0.2108269 0.1372519 0.2514283 0.2077391 0.0541254 0.1479970 0.2186812 0.1431701 0.0985412 0.3229268 0.1128536 0.2752535 0.3256884 0.5282603 0.0000000 0.1577101 0.0849674 0.2003199 0.1829833 0.3004780 0.1965967 0.1477592 0.1101837 0.2449278 0.1424465 0.2632003 0.2592032 0.1555772 0.1445829 0.1445947 0.2251954 0.3611162 0.1837857 0.2858769 0.2995295 0.1490920 0.1883437 0.2292773 0.0964768 0.3477401 0.1051777 0.2082154 0.1573739 0.1611819 0.2830071 0.2016571 0.0197287 0.1058554 0.2007309 0.1944402 0.3647635 0.0074637 0.1366994 0.3099575 0.1466527 0.0968612 0.2009050 0.1886388 0.1279334 0.1851491 0.2177275 0.2044001 0.0591906 0.2368889 0.4141417 0.0150542 0.2720599 
Perityle_crassifolia_70_ventanas           0.1087970 0.1692626 0.1100501 0.2483055 0.1258939 0.1359983 0.1867783 0.1749188 0.2528887 0.0128330 0.0924822 0.1455960 0.1370386 0.1678964 0.1017658 0.1819485 0.0943405 0.1144003 0.1668744 0.1800806 0.1571765 0.1695171 0.1375984 0.1615398 0.0785067 0.1329549 0.1339744 0.5772441 0.1577101 0.0000000 0.1340250 0.1047037 0.0149316 0.1440518 0.1172306 0.1823239 0.1422282 0.1857139 0.1662584 0.1395985 0.1361420 0.1798666 0.1525434 0.1735611 0.1674572 0.2051758 0.0953309 0.1249892 0.1240797 0.1697867 0.1855427 0.0953222 0.1543705 0.1223292 0.1496451 0.1705901 0.1878071 0.2060821 0.1350583 0.1208827 0.1502739 0.1200485 0.1630988 0.1350976 0.2217555 0.1606236 0.1658743 0.1138001 0.1387105 0.1716743 0.2000312 0.0000010 0.1436175 0.1805074 0.1312022 0.1709214 0.1848423 0.1058337 0.2926400 0.1451110 0.1149015 
Perityle_crassifolia_74_playa_balandra     0.1933476 0.0672241 0.1847164 0.2733062 0.1220435 0.1656488 0.0868299 0.0971890 0.3470256 0.1250854 0.1338652 0.0801536 0.1908471 0.0942124 0.1392538 0.1002469 0.1285858 0.1693705 0.0697532 0.1007678 0.1788395 0.0963868 0.0740446 0.1713579 9.0000000 0.1795517 0.1993127 0.7630818 0.0849674 0.1340250 0.0000000 0.1577313 0.1364063 0.1550957 0.2557547 0.1186095 0.0815742 0.0753933 0.0910549 0.1381914 0.1715096 0.1226011 0.0832551 0.0896429 0.0726280 0.1767763 0.1576948 0.1506537 0.1607122 0.0914138 0.0931899 0.1315869 0.0935814 0.1859523 0.0822791 0.1153987 0.1267422 0.1351901 0.1604323 0.1442024 0.0637262 0.0800061 0.1288895 0.0881103 0.3831254 0.0789674 0.1027097 0.1435652 0.1509145 0.0932470 0.1229181 0.1421567 0.0826557 0.0955602 0.1577631 0.1100148 0.0910041 0.1260171 0.3988708 0.0686161 0.1559121 
Perityle_cuneata_4                         0.1336024 0.1687378 0.1069064 0.2723101 0.1296246 0.1148240 0.2120052 0.1813105 0.2534478 0.1122879 0.0792876 0.1399772 0.1787380 0.2059342 0.0887162 0.2058228 0.1090253 0.0877765 0.1715115 0.1789450 0.1269360 0.1880687 0.1628693 0.1390425 0.1379534 0.1253999 0.1268162 0.6295726 0.2003199 0.1047037 0.1577313 0.0000000 0.1797884 0.1315383 0.2059485 0.1881748 0.1404293 0.2356663 0.1615590 0.1584211 0.1810722 0.2090868 0.1538430 0.2075305 0.1788277 0.1949620 0.0702459 0.1168945 0.1103345 0.2020681 0.1897677 0.1280565 0.1581176 0.1086282 0.1535390 0.1762469 0.1801430 0.2287352 0.1197351 0.1009714 0.1547681 0.1467430 0.1733476 0.1398078 0.2896047 0.2073062 0.1870644 0.0925505 0.1273035 0.1644870 0.2155565 0.1140970 0.1417073 0.1848353 0.0959114 0.1790626 0.2246828 0.1208432 0.3269903 0.1570518 0.1197801 
Perityle_discoidea_81                      0.1547312 0.1627766 0.1265162 0.2949562 0.1679185 0.1172957 0.1953445 0.1703269 0.2748299 0.0360712 0.0886927 0.1410442 0.1544876 0.1953975 0.0881394 0.2063554 0.0974316 0.1259951 0.1797664 0.1877816 0.1434283 0.1940600 0.1637151 0.1493734 0.1186865 0.1183676 0.1263900 0.6520854 0.1829833 0.0149316 0.1364063 0.1797884 0.0000000 0.1283873 0.2353369 0.1998982 0.1405170 0.2215086 0.1665053 0.1407632 0.1485560 0.2121175 0.1507561 0.2081425 0.1926610 0.2293400 0.1516772 0.1174431 0.1168849 0.2040285 0.1859213 0.1520171 0.1527115 0.1149202 0.1466396 0.1700864 0.1845327 0.2111810 0.1233533 0.1082488 0.1441104 0.1306169 0.1546994 0.1328974 0.2536778 0.1955665 0.1920519 0.1072077 0.1319647 0.1875890 0.1883861 0.0292710 0.1416318 0.1851860 0.1313577 0.1715779 0.2130871 0.0936730 0.2845128 0.1441709 0.1112604 
Perityle_dissecta_201                      0.1393324 0.2515163 0.1401987 0.3393393 0.1329256 0.1132448 0.2701888 0.1824923 0.3609100 0.1232709 0.1806792 0.1766667 0.2508848 0.2455063 0.1169008 0.2469962 0.1935954 0.1780844 0.2118491 0.2193269 0.1477895 0.2273521 0.1461137 0.1707952 1.2491001 0.1791001 0.1851661 0.7361531 0.3004780 0.1440518 0.1550957 0.1315383 0.1283873 0.0000000 0.2267203 0.2235500 0.1825305 0.2947178 0.2061191 0.2834225 0.2475732 0.2679515 0.1940985 0.2499982 0.2661840 0.1159777 0.1637171 0.1571345 0.1615022 0.2564900 0.2690898 0.1073980 0.2033852 0.1477381 0.1978158 0.2107762 0.2039717 0.2257231 0.1795472 0.1536476 0.1994125 0.1538254 0.1748412 0.1669852 0.4119856 0.2529899 0.2020151 0.1724912 0.1311793 0.2177286 0.2305346 0.1357067 0.1848854 0.2257550 0.0866765 0.2352128 0.2669127 0.1770053 0.4456454 0.2066252 0.2277797 
Perityle_emoryi_47_punta_san_jose          0.0495903 0.1949557 0.0392101 0.3408867 0.2248348 0.2365038 0.3194931 0.2318926 0.2103326 0.1656288 0.1107764 0.2028704 0.2892312 0.2250838 0.1386827 0.2283352 0.0962407 0.1425163 0.2079587 0.2201167 0.1871408 0.2193397 0.1628828 0.2010020 0.0694655 0.1598579 0.1662888 0.5732467 0.1965967 0.1172306 0.2557547 0.2059485 0.2353369 0.2267203 0.0000000 0.2619270 0.2136221 0.2520252 0.2253318 0.1168600 0.1581528 0.2469856 0.2173424 0.2274806 0.2027072 0.3197038 0.1829207 0.1453375 0.1473792 0.2168879 0.2202598 0.2124402 0.2175781 0.1806601 0.2131833 0.2407651 0.2376430 0.1863614 0.1541712 0.1244668 0.2089917 0.1763444 0.3326336 0.2104027 0.2415243 0.2222378 0.2354484 0.1220549 0.2215766 0.2091338 0.2633588 0.1326402 0.2095130 0.2460666 0.1741678 0.2487262 0.2327421 0.1486882 0.2286975 0.1911997 0.0833481 
Perityle_feddemae_99                       0.2014085 0.1784988 0.2115711 0.2891923 0.1807238 0.1488626 0.2520807 0.1718474 0.3006458 0.1857513 0.2910399 0.1662476 0.3976739 0.1378124 0.2362444 0.1836966 0.2822502 0.2246036 0.1409947 0.1812169 0.2446661 0.1811275 0.0953606 0.2887395 9.0000000 0.2821272 0.3490921 0.5819409 0.1477592 0.1823239 0.1186095 0.1881748 0.1998982 0.2235500 0.2619270 0.0000000 0.1524198 0.1170166 0.1748232 0.3013538 0.2384650 0.0202092 0.1718077 0.0254646 0.1657310 0.2874362 0.1993667 0.2533662 0.2623313 0.0182430 0.1750656 0.2006284 0.1377698 0.3430905 0.1517756 0.1868523 0.1767705 0.1796374 0.2803233 0.2182303 0.1443272 0.1667928 0.1790879 0.2118877 0.4387480 0.1481851 0.1629640 0.3114953 0.1722537 0.1320929 0.2122758 0.2060306 0.1663639 0.2078883 0.2193840 0.2697878 0.1574614 0.2681284 0.4741477 0.1246570 0.3009305 
Perityle_fosteri_93                        0.1567920 0.1317546 0.1507957 0.2600741 0.1383490 0.1341202 0.1794888 0.1164240 0.3071139 0.1208533 0.2562435 0.0202724 0.2206815 0.0237726 0.1992556 0.0340171 0.2164780 0.1754432 0.1022629 0.0342785 0.0705634 0.0317751 0.0097527 0.2196211 9.0000000 0.2350728 0.3054544 0.5639171 0.1101837 0.1422282 0.0815742 0.1404293 0.1405170 0.1825305 0.2136221 0.1524198 0.0000000 0.0773973 0.0391247 0.2248972 0.1832038 0.1563946 0.0148449 0.1481504 0.1557983 0.2333467 0.1623549 0.2052999 0.2134334 0.1487846 0.0128792 0.1354160 0.0114242 0.3016870 0.0068241 0.1485889 0.0592144 0.0846879 0.2123607 0.1828615 0.1069457 0.1249155 0.1502199 0.1355011 0.3882480 0.1112435 0.0872905 0.2490035 0.0672047 0.0080854 0.1146522 0.1469337 0.0123022 0.0936672 0.1891402 0.2008940 0.1122325 0.2278253 0.4105062 0.1190366 0.2510591 
Perityle_gamon_221                         0.2043053 0.1534998 0.2402984 0.3182273 0.2375770 0.1615291 0.1269417 0.0843907 0.3580941 0.2066067 0.1739751 0.0944084 0.2358669 0.1191320 0.1216703 0.1244469 0.1636379 0.2120187 0.0894939 0.1067738 0.2025857 0.1159567 0.1086118 0.2453868 0.1068011 0.2411846 0.2776017 0.6944813 0.2449278 0.1857139 0.0753933 0.2356663 0.2215086 0.2947178 0.2520252 0.1170166 0.0773973 0.0000000 0.0977311 0.2112649 0.2159790 0.1277235 0.1159532 0.1141187 0.1877758 0.3104231 0.1869835 0.2313999 0.2369934 0.1202677 0.1892578 0.2321711 0.1020006 0.2418068 0.1012202 0.1271099 0.1644687 0.1576282 0.2249957 0.1628106 0.0920443 0.0775555 0.1880605 0.1130449 0.3647553 0.1111081 0.1170404 0.2269582 0.1545464 0.0827196 0.1745305 0.2264645 0.1040469 0.1069420 0.1558216 0.1180992 0.1449488 0.1887845 0.4371313 0.0793463 0.1927689 
Perityle_gentryi_8_san_francisco           0.1842214 0.1553583 0.1847642 0.2641658 0.1586834 0.1534573 0.2021976 0.1446387 0.3051714 0.1494580 0.3055262 0.0367913 0.2584487 0.0428448 0.2213521 0.0027118 0.2168006 0.2093687 0.1329089 0.0538731 0.0913706 0.0499398 0.0376519 0.2410147 9.0000000 0.2586608 0.3434104 0.5731901 0.1424465 0.1662584 0.0910549 0.1615590 0.1665053 0.2061191 0.2253318 0.1748232 0.0391247 0.0977311 0.0000000 0.2367099 0.1965016 0.1734424 0.0367039 0.1712918 0.1678649 0.2644680 0.2015678 0.2302358 0.2348114 0.1727643 0.0333531 0.1573674 0.0343869 0.3379930 0.0353039 0.2025237 0.0627404 0.0848670 0.2322142 0.1943837 0.1384279 0.1470177 0.1876315 0.1508016 0.3907629 0.1430065 0.1319607 0.2947551 0.0923351 0.0344570 0.1394525 0.1703474 0.0318253 0.1014178 0.1929023 0.2333250 0.1483562 0.2628189 0.4003261 0.1427060 0.2593218 
Perityle_gilensis_22_Superstition          0.1282784 0.2767112 0.1416032 0.1570080 0.1680781 0.1454701 0.2619986 0.1876759 0.1321823 0.1114254 0.1665379 0.2512974 0.1287029 0.2072134 0.0268840 0.2696008 0.0232617 0.1765808 0.2951809 0.2545057 0.2493904 0.2561717 0.1663273 0.0520755 0.1465916 0.0315246 0.2475097 0.4010844 0.2632003 0.1395985 0.1381914 0.1584211 0.1407632 0.2834225 0.1168600 0.3013538 0.2248972 0.2112649 0.2367099 0.0000000 0.0216121 0.2834795 0.2511129 0.2905298 0.2425349 0.3468999 0.1690820 0.0240507 0.0361210 0.2736954 0.2010428 0.1429623 0.2256340 0.2618998 0.2247278 0.2858799 0.1687060 0.1823523 0.0382481 0.0052976 0.2753752 0.1626661 0.2532632 0.2326910 0.0896208 0.2741087 0.2424512 0.1879182 0.1403898 0.2098719 0.0110304 0.1357447 0.2442126 0.2851167 0.1650328 0.3209028 0.3018371 0.1653740 0.1012934 0.2517811 0.0288414 
Perityle_gilensis_salensis_225             0.1463817 0.2221504 0.1577395 0.2528441 0.1774244 0.1357322 0.2105947 0.1836248 0.2394652 0.1321229 0.1353538 0.1792471 0.1487577 0.2014163 0.0201106 0.2268798 0.0285600 0.1745872 0.2188820 0.2013876 0.1984098 0.1988397 0.1677092 0.1048194 0.0776467 0.0686473 0.2108362 0.5453399 0.2592032 0.1361420 0.1715096 0.1810722 0.1485560 0.2475732 0.1581528 0.2384650 0.1832038 0.2159790 0.1965016 0.0216121 0.0000000 0.2432886 0.1918196 0.2490081 0.2087398 0.2919654 0.1409732 0.0923100 0.0868782 0.2453125 0.1851873 0.1669463 0.1848787 0.2270673 0.1831688 0.2063177 0.1715011 0.2233348 0.0694303 0.0168822 0.1942407 0.1600904 0.2215489 0.1766702 0.1588961 0.2628041 0.1937795 0.2030664 0.1370254 0.1970330 0.1210067 0.1533491 0.1811328 0.2139792 0.1145617 0.2360771 0.2485995 0.1516818 0.2122602 0.2140856 0.0319972 
Perityle_glaucescens_94                    0.1978405 0.1768797 0.2293072 0.2782030 0.2024554 0.1444336 0.2433882 0.1734446 0.2829056 0.1959101 0.2667062 0.1679949 0.3705780 0.1370107 0.2372566 0.1828788 0.2651295 0.2256193 0.1408081 0.1804484 0.2506304 0.1779634 0.1116321 0.2981263 0.2251704 0.2903942 0.3620467 0.5507282 0.1555772 0.1798666 0.1226011 0.2090868 0.2121175 0.2679515 0.2469856 0.0202092 0.1563946 0.1277235 0.1734424 0.2834795 0.2432886 0.0000000 0.1729719 0.0186730 0.1672617 0.3416645 0.1952454 0.2740983 0.2815582 0.0136525 0.1803285 0.2296409 0.1403683 0.3694219 0.1523896 0.1834153 0.1764609 0.1828220 0.2879766 0.2153570 0.1442886 0.1683425 0.1880837 0.2145707 0.3954568 0.1488791 0.1630130 0.3144967 0.1799632 0.1360506 0.2155305 0.2194717 0.1651746 0.2093411 0.2312307 0.2695165 0.1585971 0.2604695 0.4429634 0.1234332 0.2918666 
Perityle_gracilis_11                       0.1650489 0.1904674 0.1666351 0.2728905 0.1520551 0.1472524 0.2337338 0.1151128 0.3101364 0.1325527 0.2721398 0.0192611 0.2408778 0.0217477 0.1963863 0.0294402 0.2349793 0.1880784 0.0978278 0.0319087 0.0826343 0.0315414 0.0084140 0.2311141 9.0000000 0.2380715 0.3153084 0.5849447 0.1445829 0.1525434 0.0832551 0.1538430 0.1507561 0.1940985 0.2173424 0.1718077 0.0148449 0.1159532 0.0367039 0.2511129 0.1918196 0.1729719 0.0000000 0.1651040 0.2303653 0.2345465 0.1753569 0.2120462 0.2208126 0.1686087 0.0289694 0.1464022 0.0056214 0.3010309 0.0141212 0.1538548 0.0575671 0.0761754 0.2234012 0.1964207 0.1047673 0.1269125 0.1620220 0.1277845 0.4119508 0.1441162 0.0858490 0.2734529 0.0649502 0.0071180 0.1189635 0.1586149 0.0036215 0.1169100 0.2047918 0.2163812 0.1470517 0.2356409 0.4372338 0.1155988 0.2686751 
Perityle_harkerae_31                       0.1839434 0.1679633 0.2177426 0.2657592 0.2088417 0.1103474 0.2439105 0.1560604 0.2800689 0.1953618 0.2783083 0.1616131 0.3110032 0.1352182 0.2331708 0.1830361 0.2754032 0.2177457 0.1331176 0.1838208 0.2512936 0.1821096 0.0898774 0.3046094 0.1815217 0.2978943 0.3666684 0.5448036 0.1445947 0.1735611 0.0896429 0.2075305 0.2081425 0.2499982 0.2274806 0.0254646 0.1481504 0.1141187 0.1712918 0.2905298 0.2490081 0.0186730 0.1651040 0.0000000 0.1662093 0.3026279 0.1900031 0.2762058 0.2827323 0.0125627 0.1741404 0.2196619 0.1353142 0.3634799 0.1449251 0.1744297 0.1705645 0.1781437 0.2934848 0.2175646 0.1325640 0.1475902 0.1807293 0.2084771 0.3832555 0.1420662 0.1577848 0.3249919 0.1482487 0.1254593 0.2070341 0.2162918 0.1583046 0.2075645 0.2097927 0.2607007 0.1504332 0.2679630 0.4375360 0.1109275 0.2945961 
Perityle_hofmeisteria_4_nombre_de_dios     0.1919852 0.1426714 0.1821661 0.2274719 0.1836126 0.1388148 0.2290959 0.1393593 0.2331971 0.1395896 0.2945325 0.2144874 0.2872720 0.1389072 0.2591203 0.2229516 0.2420291 0.2069056 0.1319377 0.2475968 0.2721751 0.2407654 0.0829981 0.2829223 0.0882161 0.2474469 0.3568957 0.4713470 0.2251954 0.1674572 0.0726280 0.1788277 0.1926610 0.2661840 0.2027072 0.1657310 0.1557983 0.1877758 0.1678649 0.2425349 0.2087398 0.1672617 0.2303653 0.1662093 0.0000000 0.3972746 0.1898882 0.2270341 0.2405343 0.1594063 0.2268184 0.1672286 0.1409005 0.4054089 0.1586018 0.2276619 0.1481181 0.1598150 0.2543877 0.2039670 0.1476816 0.1374658 0.1760130 0.2098042 0.3234706 0.1933851 0.1664685 0.3120224 0.1480685 0.1285657 0.2150361 0.1711944 0.2066914 0.2642757 0.2232030 0.2727137 0.2142433 0.2693061 0.3487967 0.1097857 0.2588408 
Perityle_huecosensis_48                    0.2131102 0.3301087 0.2043384 0.4614432 0.2122141 0.1300460 0.3901642 0.2633443 0.4676853 0.2096188 0.1759674 0.2326807 0.2766466 0.2911866 0.1340074 0.2923401 0.2213387 0.2167145 0.2679440 0.2724075 0.2055113 0.2734199 0.1915770 0.2075408 1.0458401 0.2090569 0.2867660 0.7493658 0.3611162 0.2051758 0.1767763 0.1949620 0.2293400 0.1159777 0.3197038 0.2874362 0.2333467 0.3104231 0.2644680 0.3468999 0.2919654 0.3416645 0.2345465 0.3026279 0.3972746 0.0000000 0.2279402 0.1878044 0.1918063 0.3089215 0.3191151 0.1866175 0.2459386 0.2167142 0.2380971 0.2709087 0.2656788 0.2946181 0.2099920 0.1781156 0.2569760 0.1990695 0.2749333 0.2364635 0.4458168 0.2977453 0.2455317 0.1806044 0.1737717 0.2530224 0.2922666 0.2230067 0.2305270 0.2680669 0.1309442 0.2901481 0.3154592 0.2499063 0.4495638 0.2725669 0.2603078 
