76
Amauria_brandeegeana_62                    0.0000000 0.2017274 0.0738001 0.3093756 0.0708695 0.1728352 0.2359832 0.3834067 0.1155455 0.0804178 0.2644107 0.0717216 0.0644473 0.2353342 0.2071364 0.0682239 0.0711461 0.2360689 0.2467568 0.0870226 0.2678315 0.0599668 0.0908404 0.1004047 0.0918918 0.1218745 0.1090168 0.2815551 0.2757971 0.2676261 0.0777357 0.2032392 0.2839100 0.2235275 0.2295245 0.1159187 0.0711143 0.2442910 0.2137435 0.2636641 0.2336472 0.2299162 0.0339092 0.2243371 0.2315151 0.2799852 0.0749932 0.0782082 0.2351876 0.2590221 0.1176926 0.4237532 0.0862865 0.2271754 0.0853721 0.0908904 0.1058608 0.0934588 0.0960007 0.2485532 0.2396650 0.0846386 0.1120366 0.2190663 0.2570726 0.1054981 0.0712287 0.0601457 0.1453598 0.2472789 0.0923640 0.2496947 0.0641070 0.1001075 0.2252691 0.2018407 
Amauria_carterae_99_mesa                   0.2017274 0.0000000 0.2265759 0.2016171 0.2162721 0.1228742 0.1056454 0.2946435 0.1892635 0.2070364 0.1110986 0.2247903 0.2091618 0.1216778 0.1167097 0.1837534 0.2386274 0.1346008 0.1038681 0.2122354 0.1327473 0.1971430 0.2215741 0.2260384 0.2351756 0.1739242 0.1808286 0.1358774 0.1322610 0.1246982 0.2229645 0.0937712 0.1790522 0.1209238 0.1397559 0.2271063 0.2008257 0.1313937 0.1140883 0.1442520 0.1223102 0.1015573 0.1614337 0.1204016 0.1233506 0.1426652 0.2229070 0.2160534 0.0951214 0.0990699 0.2315623 0.2653702 0.1846616 0.1239787 0.2123936 0.2352940 0.0968224 0.2153926 0.2119754 0.1094200 0.1214635 0.1775050 0.2120070 0.0998999 0.1372204 0.2101259 0.1603476 0.2087584 0.1189939 0.1150969 0.2486685 0.1288822 0.2101487 0.2325937 0.1278997 0.0846966 
Amauria_rotundifolia_SRR9119150            0.0738001 0.2265759 0.0000000 0.3688728 0.1189584 0.1720293 0.3149900 0.4524249 0.1260169 0.1531290 0.3669410 0.1453573 0.0974943 0.2684578 0.2733078 0.0853755 0.0982662 0.3197164 0.3103247 0.1338300 0.4023162 0.0858926 0.1657008 0.1810996 0.1864127 0.1515055 0.1313426 0.3687732 0.4007010 0.3030537 0.1334691 0.2632375 0.3717367 0.3104913 0.2994656 0.1925610 0.1124775 0.3282889 0.3055246 0.3147635 0.3398373 0.2925610 0.0659973 0.3070709 0.3176558 0.3632755 0.1307599 0.0946725 0.3020882 0.3671753 0.1614144 0.4353723 0.1145681 0.3134437 0.1528360 0.1138259 0.1667901 0.1334608 0.1551464 0.3634713 0.3065972 0.2236441 0.0948377 0.2987343 0.3764772 0.1466382 0.1036476 0.0890268 0.1823673 0.3231215 0.1678195 0.3452910 0.1076000 0.1263390 0.3072858 0.2744783 
Conoclinium_coelestinum_SRR9119114         0.3093756 0.2016171 0.3688728 0.0000000 0.3403584 0.2394227 0.1354394 0.3889747 0.3380340 0.3860113 0.2133574 0.3394144 0.3265057 0.2446466 0.1868270 0.2123025 0.3177175 0.2159495 0.1974746 0.3305543 0.2882805 0.2782622 0.3756809 0.3853882 0.3953554 0.2340893 0.2425789 0.2971547 0.2542837 0.1985319 0.3688027 0.1863828 0.2543535 0.2170343 0.2265147 0.3676161 0.3613593 0.2414243 0.2073744 0.2263924 0.2336481 0.2029568 0.1795199 0.2119303 0.2118282 0.2174558 0.3713987 0.3486389 0.1971941 0.2155182 0.3427546 0.4737511 0.2549237 0.2193259 0.3784907 0.3295092 0.2019487 0.3577730 0.3703897 0.2012886 0.2231299 0.3639621 0.2969977 0.1937329 0.2787238 0.2736520 0.2068487 0.3124130 0.2112371 0.2142787 0.4036052 0.2226365 0.3226564 0.3486149 0.2254329 0.1939343 
Eutetras_palmeri_63                        0.0708695 0.2162721 0.1189584 0.3403584 0.0000000 0.1767373 0.2691193 0.3731873 0.1164571 0.0874364 0.2768182 0.0749784 0.0639694 0.2449879 0.2126019 0.0779557 0.0557760 0.2638795 0.2619874 0.0797030 0.2974289 0.0621212 0.0894737 0.1027836 0.0974042 0.1366060 0.1317391 0.3204200 0.3094120 0.2684929 0.0653916 0.2303834 0.3050527 0.2506642 0.2673046 0.1251668 0.0614623 0.2890732 0.2431334 0.2970117 0.2535951 0.2356875 0.0410900 0.2444507 0.2391621 0.2968968 0.0632972 0.0648987 0.2510347 0.2728053 0.1150123 0.4179443 0.0809341 0.2486561 0.0791772 0.0584075 0.1601041 0.1057542 0.0880924 0.2702223 0.2529225 0.1092464 0.0935600 0.2494995 0.2792506 0.1126300 0.0664208 0.0497938 0.1538119 0.2578599 0.0931011 0.2608940 0.0556531 0.0662750 0.2468917 0.2229236 
Eutetras_pringlei_149_quer                 0.1728352 0.1228742 0.1720293 0.2394227 0.1767373 0.0000000 0.1340000 0.2098114 0.1366323 0.1861830 0.1378286 0.1782242 0.1838913 0.1391796 0.1067764 0.1633671 0.1865173 0.1351359 0.1065093 0.1396253 0.0710267 0.1736814 0.1954519 0.1602846 0.1809463 0.1297605 0.1603201 0.1092483 0.1478216 0.0985698 0.1825080 0.1020881 0.1723172 0.1179951 0.1488418 0.1661486 0.1729055 0.1047849 0.0772996 0.1343405 0.1140104 0.1266027 0.1360268 0.1115430 0.1016078 0.0979212 0.1888369 0.1482666 0.1212761 0.1255099 0.2001728 0.1979115 0.1660586 0.0833151 0.1440600 0.1699562 0.1318528 0.1857332 0.1794375 0.1220586 0.1308676 0.1840206 0.1695886 0.1065115 0.0919877 0.1860893 0.1620360 0.1321950 0.1233116 0.1067676 0.1900193 0.1317245 0.1989324 0.2195846 0.0902678 0.1069002 
Eutrochium_fistulosum_SRR9119106           0.2359832 0.1056454 0.3149900 0.1354394 0.2691193 0.1340000 0.0000000 0.2959732 0.2753095 0.2833022 0.1297534 0.2831291 0.2783505 0.2093718 0.1131457 0.1497530 0.2486040 0.1407742 0.1089306 0.2770933 0.2076132 0.2076111 0.2914576 0.3034794 0.3283872 0.1610338 0.1521269 0.2585902 0.1503296 0.1313700 0.2933773 0.1009736 0.1488931 0.1298052 0.1294036 0.3111237 0.2649826 0.1706237 0.1272998 0.1314015 0.1382924 0.1155559 0.1136309 0.1355353 0.1317491 0.1362721 0.2875724 0.3000021 0.1122411 0.1293797 0.2849336 0.4131203 0.1796128 0.1367591 0.2977011 0.2745042 0.1368728 0.2794072 0.3060093 0.1286753 0.1142582 0.2887920 0.1888647 0.1140261 0.2008247 0.2033963 0.1526405 0.2559006 0.1172914 0.1100246 0.3153000 0.1359653 0.2568038 0.2661311 0.1381158 0.1007225 
Helianthus_annuus_SRR9119062               0.3834067 0.2946435 0.4524249 0.3889747 0.3731873 0.2098114 0.2959732 0.0000000 0.3424316 0.3856217 0.2742590 0.3924780 0.3506239 0.2942515 0.2765425 0.2305073 0.3278191 0.2935954 0.2973347 0.3699529 0.2957052 0.3391239 0.3975099 0.3918597 0.3974539 0.2960906 0.2997265 0.3564633 0.3135425 0.3389953 0.3859224 0.2623377 0.3103965 0.2844670 0.3456895 0.4121233 0.3198576 0.2890532 0.2661235 0.3166890 0.2923682 0.2575057 0.1944451 0.2816690 0.2648733 0.2960441 0.3478985 0.3748276 0.2861639 0.2813483 0.3895061 0.5835764 0.3358733 0.2745912 0.3794858 0.3314428 0.1410367 0.3718539 0.3997927 0.2891177 0.2814765 0.3434386 0.3214505 0.2761949 0.2944099 0.3216055 0.2197615 0.3442754 0.2263475 0.2734275 0.3841893 0.2882320 0.3731834 0.4365902 0.2840476 0.2792527 
Lycapsus_tenuifolius_17                    0.1155455 0.1892635 0.1260169 0.3380340 0.1164571 0.1366323 0.2753095 0.3424316 0.0000000 0.1381607 0.2815459 0.1191606 0.1187999 0.2425443 0.1741632 0.0771932 0.1054128 0.2559995 0.2524169 0.1375411 0.3059865 0.0962688 0.1224649 0.1281120 0.1791295 0.0458526 0.0479579 0.3068958 0.3060908 0.2397097 0.1208520 0.2353395 0.2922580 0.2409818 0.2476793 0.1776160 0.1163191 0.2835481 0.2541884 0.2754675 0.2232261 0.2166815 0.0459167 0.2524545 0.2414904 0.2770280 0.1143367 0.1180473 0.2558233 0.2748392 0.1254131 0.4672674 0.0932386 0.2579609 0.1461967 0.1294060 0.1384817 0.1241137 0.1483031 0.2735785 0.2346032 0.1682921 0.1056886 0.2440657 0.2942701 0.0046513 0.0573971 0.0961348 0.1280719 0.2397396 0.1429695 0.2700957 0.1005632 0.1378337 0.2573893 0.2312721 
Pericome_caudata_50_silver                 0.0804178 0.2070364 0.1531290 0.3860113 0.0874364 0.1861830 0.2833022 0.3856217 0.1381607 0.0000000 0.3557309 0.0951649 0.0804908 0.2569397 0.2253136 0.0858449 0.0885107 0.3079895 0.3303519 0.1001174 0.3659683 0.0684612 0.1255668 0.1397531 0.1515681 0.1263006 0.1234473 0.3727776 0.3672893 0.3357796 0.0858451 0.2764147 0.3737652 0.2822476 0.2921661 0.1576904 0.1029556 0.2726657 0.3219382 0.2999070 0.3640678 0.3124115 0.0523683 0.3194965 0.2682474 0.3653068 0.1008276 0.0979488 0.3382334 0.3039124 0.1215667 0.4540935 0.1022887 0.3256363 0.1241071 0.1049006 0.1663249 0.1288971 0.1223313 0.3275553 0.3325788 0.2046565 0.1148621 0.3249239 0.3414306 0.1115556 0.0778012 0.0696696 0.1757901 0.2913146 0.1565554 0.2836749 0.0763354 0.1159559 0.2685861 0.2922086 
Perityle_aglossa_84_dead_horse             0.2644107 0.1110986 0.3669410 0.2133574 0.2768182 0.1378286 0.1297534 0.2742590 0.2815459 0.3557309 0.0000000 0.3095454 0.2814244 0.1328214 0.0486000 0.1628064 0.2598942 0.0713644 0.0353246 0.2716567 0.1825527 0.2085629 0.3844562 0.4021274 0.3456202 0.1928973 0.1876402 0.2797478 0.1308791 0.1406666 0.3273634 0.0765539 0.1631951 0.0744252 0.1145193 0.3116134 0.3243236 0.1015564 0.0820081 0.1416084 0.1305271 0.0748725 0.1333673 0.0801419 0.0568963 0.1059724 0.3316855 0.3036566 0.0475973 0.0564961 0.2970097 0.4324699 0.2004053 0.1598839 0.4439931 0.2592428 0.1144968 0.3210452 0.3211254 0.0581146 0.1386525 0.3879742 0.2028711 0.0250328 0.1426313 0.2290081 0.1641656 0.2692610 0.0503063 0.0902907 0.3556518 0.0767431 0.2551228 0.2788268 0.0716588 0.0652031 
Perityle_ajoensis_204                      0.0717216 0.2247903 0.1453573 0.3394144 0.0749784 0.1782242 0.2831291 0.3924780 0.1191606 0.0951649 0.3095454 0.0000000 0.0631829 0.2359585 0.2261072 0.0836462 0.0770096 0.3123547 0.3044316 0.0570290 0.3196145 0.0542806 0.1176291 0.1176268 0.1394439 0.1333497 0.1271587 0.3497417 0.3473476 0.2772470 0.0537719 0.2542293 0.3435619 0.2934772 0.3003750 0.1517021 0.0657119 0.2611134 0.2991509 0.2775602 0.3186766 0.2745752 0.0493630 0.2996041 0.2511859 0.3300027 0.0550862 0.0531993 0.3115276 0.3053383 0.1263251 0.4298607 0.1008619 0.3069226 0.0757425 0.0908241 0.1668479 0.1235007 0.1098948 0.3172113 0.3125688 0.1695503 0.0675622 0.2868891 0.3032659 0.1166899 0.0463066 0.0399297 0.1606543 0.3143327 0.1337278 0.2852782 0.0386877 0.0967447 0.2872974 0.2549940 
Perityle_ambrosiifolia_67_green            0.0644473 0.2091618 0.0974943 0.3265057 0.0639694 0.1838913 0.2783505 0.3506239 0.1187999 0.0804908 0.2814244 0.0631829 0.0000000 0.2483710 0.2133443 0.0678792 0.0750843 0.2691863 0.2747424 0.0478942 0.3080783 0.0072353 0.0900766 0.0978993 0.1049545 0.1125205 0.0986074 0.3248010 0.3218824 0.2735803 0.0668063 0.2325269 0.3193060 0.2577367 0.2570596 0.1171112 0.0083151 0.2951369 0.2510844 0.2989604 0.2462154 0.2355646 0.0366137 0.2608439 0.2453110 0.2873567 0.0634351 0.0696499 0.2658443 0.2731669 0.1017470 0.4419753 0.0680392 0.2586355 0.0449683 0.0862892 0.1807141 0.0878026 0.1004624 0.2674475 0.2574295 0.1167611 0.0942625 0.2523640 0.2832023 0.0922325 0.0550821 0.0520820 0.1597037 0.2612547 0.1055504 0.2692849 0.0570752 0.0963950 0.2573199 0.2278828 
Perityle_batopilensis_97                   0.2353342 0.1216778 0.2684578 0.2446466 0.2449879 0.1391796 0.2093718 0.2942515 0.2425443 0.2569397 0.1328214 0.2359585 0.2483710 0.0000000 0.0875199 0.1649230 0.2187514 0.1396987 0.1184558 0.2424828 0.1380624 0.2188065 0.2471763 0.2403472 0.2601414 0.1923993 0.1904710 0.1972963 0.1834428 0.1768910 0.2566819 0.1362458 0.1773629 0.1404779 0.1478020 0.2521172 0.2372153 0.1382926 0.1221251 0.1594775 0.1416738 0.0811725 0.1336064 0.1270963 0.1246172 0.1676807 0.2449778 0.2506580 0.1131534 0.1182384 0.2640762 0.3915772 0.1879407 0.1281375 0.2393518 0.2387032 0.0958451 0.2633307 0.2543612 0.1173264 0.1184536 0.2529008 0.1987686 0.1045048 0.1360056 0.2192911 0.1617664 0.2398165 0.0693104 0.1179305 0.2587958 0.1333296 0.2402649 0.2791428 0.1301312 0.1194131 
Perityle_bisetosa_9                        0.2071364 0.1167097 0.2733078 0.1868270 0.2126019 0.1067764 0.1131457 0.2765425 0.1741632 0.2253136 0.0486000 0.2261072 0.2133443 0.0875199 0.0000000 0.1353211 0.2156488 0.0094100 0.0137924 0.2272500 0.0292673 0.1937521 0.2150890 0.2135242 0.2313558 0.1655571 0.1646580 0.1347859 0.0988422 0.0768070 0.2337999 0.0400026 0.0872888 0.0043482 0.0681731 0.2254448 0.1939146 0.0248568 0.0269215 0.0452880 0.0657542 0.0372719 0.1036085 0.0330324 0.0291348 0.0575335 0.2127520 0.2022214 0.0300860 0.0521635 0.2257830 0.3693815 0.1760220 0.0336460 0.2137106 0.2064717 0.0695400 0.2188591 0.2298972 0.0492125 0.0625947 0.2092861 0.1786025 0.0138069 0.0283765 0.1904964 0.1475916 0.2087114 0.0265238 0.0591378 0.2280111 0.0312008 0.2004746 0.2497907 0.0331569 0.0411043 
Perityle_californica_76_positas            0.0682239 0.1837534 0.0853755 0.2123025 0.0779557 0.1633671 0.1497530 0.2305073 0.0771932 0.0858449 0.1628064 0.0836462 0.0678792 0.1649230 0.1353211 0.0000000 0.0838608 0.1329797 0.1577891 0.0891688 0.1295866 0.0686089 0.0869212 0.0935636 0.0986108 0.1127886 0.1220664 0.1477419 0.1555591 0.1355416 0.0828947 0.1268982 0.1861246 0.1197717 0.1595500 0.1045369 0.0719943 0.1287734 0.1248038 0.1526037 0.1391671 0.1444618 0.0617202 0.1412066 0.1300278 0.1471476 0.0763164 0.0765776 0.1410196 0.1492183 0.1006131 0.3492068 0.1049196 0.1359765 0.0792242 0.0887641 0.1348879 0.0956768 0.0922473 0.1464857 0.1368792 0.0723762 0.1022699 0.1395181 0.1285234 0.1121766 0.0880037 0.0652406 0.1619677 0.1430659 0.1044408 0.1441284 0.0705989 0.1044548 0.1329431 0.1179149 
Perityle_canescens_77                      0.0711461 0.2386274 0.0982662 0.3177175 0.0557760 0.1865173 0.2486040 0.3278191 0.1054128 0.0885107 0.2598942 0.0770096 0.0750843 0.2187514 0.2156488 0.0838608 0.0000000 0.2400812 0.2427641 0.0947166 0.2568597 0.0709605 0.0957492 0.1018670 0.0983359 0.1404891 0.1434876 0.2816250 0.2689961 0.2480406 0.0739065 0.2013692 0.2856106 0.2280896 0.2488545 0.1118282 0.0782864 0.2553286 0.2356739 0.2665184 0.2201467 0.2496160 0.0611503 0.2360456 0.2208994 0.2550610 0.0696405 0.0720778 0.2473213 0.2575279 0.1237698 0.4161091 0.1034443 0.2369692 0.0890124 0.0696631 0.1476285 0.0932605 0.0940491 0.2614131 0.2449778 0.0879076 0.1078115 0.2358654 0.2540359 0.1219340 0.0729143 0.0537588 0.1900270 0.2425944 0.0893266 0.2552297 0.0606977 0.0844702 0.2347234 0.2019085 
Perityle_castillonii_96                    0.2360689 0.1346008 0.3197164 0.2159495 0.2638795 0.1351359 0.1407742 0.2935954 0.2559995 0.3079895 0.0713644 0.3123547 0.2691863 0.1396987 0.0094100 0.1329797 0.2400812 0.0000000 0.0441638 0.2641502 0.1538838 0.2051449 0.3366725 0.3366471 0.3136565 0.1593812 0.1523236 0.2608885 0.1223436 0.1034001 0.3133029 0.0718709 0.1023501 0.0077975 0.0834597 0.3068320 0.3156266 0.0845303 0.0693202 0.0784874 0.0845411 0.0539445 0.1073232 0.0640214 0.0590995 0.0840782 0.3258659 0.2822707 0.0564190 0.0970845 0.2836846 0.4151264 0.1765407 0.0738088 0.3380283 0.2384378 0.1098925 0.3095381 0.2971783 0.0965132 0.0902907 0.3619961 0.1819291 0.0332202 0.1531958 0.1888787 0.1386301 0.2514375 0.0353956 0.0875531 0.3376361 0.0791018 0.2462078 0.2620015 0.0675191 0.0605081 
Perityle_cernua_84                         0.2467568 0.1038681 0.3103247 0.1974746 0.2619874 0.1065093 0.1089306 0.2973347 0.2524169 0.3303519 0.0353246 0.3044316 0.2747424 0.1184558 0.0137924 0.1577891 0.2427641 0.0441638 0.0000000 0.2507660 0.1582414 0.1920808 0.3468042 0.3411156 0.3355385 0.1781336 0.1781266 0.2400696 0.1021454 0.0857680 0.3075997 0.0569923 0.0968873 0.0451485 0.0688797 0.2919435 0.3207239 0.0869348 0.0577256 0.0647941 0.0679785 0.0184646 0.1158308 0.0594576 0.0463045 0.0659413 0.3280075 0.2665939 0.0309415 0.0515655 0.2764485 0.4047775 0.1719850 0.0611262 0.3465279 0.2308494 0.0932709 0.3032491 0.3016990 0.0512723 0.0698668 0.3840148 0.1744068 0.0150950 0.1524484 0.1936818 0.1585930 0.2368936 0.0457018 0.0708390 0.3332978 0.0666535 0.2377260 0.2522775 0.0525211 0.0313384 
Perityle_cfvillosa_25_tin                  0.0870226 0.2122354 0.1338300 0.3305543 0.0797030 0.1396253 0.2770933 0.3699529 0.1375411 0.1001174 0.2716567 0.0570290 0.0478942 0.2424828 0.2272500 0.0891688 0.0947166 0.2641502 0.2507660 0.0000000 0.2752200 0.0538449 0.1056632 0.1127185 0.1047347 0.1437321 0.1302915 0.2986493 0.3001684 0.2677443 0.0701110 0.2342065 0.2988071 0.2510020 0.2636914 0.1107101 0.0367309 0.2612408 0.2466250 0.2912449 0.2485326 0.2446795 0.0505119 0.2535314 0.2361712 0.2860633 0.0650959 0.0841932 0.2540476 0.2587446 0.1278897 0.4376604 0.0691213 0.2484281 0.0057139 0.1051990 0.1622883 0.1197519 0.1119762 0.2565688 0.2532272 0.1022744 0.1182677 0.2429113 0.2538976 0.1214168 0.0237953 0.0734022 0.1517377 0.2608338 0.1174852 0.2609423 0.0705560 0.1236815 0.2522520 0.2238604 
Perityle_coahuilensis_24                   0.2678315 0.1327473 0.4023162 0.2882805 0.2974289 0.0710267 0.2076132 0.2957052 0.3059865 0.3659683 0.1825527 0.3196145 0.3080783 0.1380624 0.0292673 0.1295866 0.2568597 0.1538838 0.1582414 0.2752200 0.0000000 0.2052230 0.4072910 0.4164601 0.3551070 0.1732114 0.1671478 0.2866517 0.2265884 0.1484707 0.3727475 0.1535637 0.2071271 0.1450046 0.1658019 0.3400615 0.3306763 0.0120996 0.1426922 0.1349751 0.2313360 0.1368546 0.1127916 0.1377430 0.0896497 0.1890814 0.3492309 0.3156870 0.1605797 0.1426915 0.3103030 0.4287132 0.1792769 0.1649656 0.3983511 0.2579899 0.0965808 0.3561059 0.3491189 0.1416033 0.1832853 0.3929730 0.2001295 0.1400232 0.0489222 0.2141483 0.1481389 0.2744475 0.0261752 0.1556602 0.3944652 0.0966392 0.2787982 0.2816444 0.1246480 0.1442426 
Perityle_cochisensis_44_cave_creek         0.0599668 0.1971430 0.0858926 0.2782622 0.0621212 0.1736814 0.2076111 0.3391239 0.0962688 0.0684612 0.2085629 0.0542806 0.0072353 0.2188065 0.1937521 0.0686089 0.0709605 0.2051449 0.1920808 0.0538449 0.2052230 0.0000000 0.0735693 0.0795790 0.0878218 0.1100253 0.1029734 0.2069298 0.2508799 0.1997148 0.0579096 0.1663702 0.2460337 0.1856875 0.2183422 0.0859862 0.0160245 0.1981682 0.1719899 0.2239865 0.2150606 0.1999364 0.0380039 0.1818943 0.1705163 0.2146884 0.0598928 0.0511418 0.1852963 0.2076004 0.0958504 0.3967911 0.0788316 0.1797906 0.0480078 0.0836836 0.1471104 0.0842487 0.0918263 0.2049616 0.2195757 0.0831545 0.0869600 0.1880171 0.1931581 0.1053284 0.0605198 0.0462883 0.1443799 0.2266740 0.0951363 0.2029926 0.0475885 0.0918892 0.1769351 0.1689190 
Perityle_cordifolia_27                     0.0908404 0.2215741 0.1657008 0.3756809 0.0894737 0.1954519 0.2914576 0.3975099 0.1224649 0.1255668 0.3844562 0.1176291 0.0900766 0.2471763 0.2150890 0.0869212 0.0957492 0.3366725 0.3468042 0.1056632 0.4072910 0.0735693 0.0000000 0.0528774 0.1612839 0.1143871 0.1043808 0.4359420 0.3878834 0.3504218 0.1065088 0.2860887 0.4080519 0.3183604 0.2946034 0.1107728 0.1077045 0.2947044 0.3368971 0.3326667 0.3737065 0.3264015 0.0367460 0.3468059 0.2944468 0.4003305 0.1151311 0.1108796 0.3448214 0.3154329 0.1187942 0.4852664 0.0813620 0.3778191 0.1223821 0.1140029 0.1856559 0.0946160 0.1294838 0.3307203 0.3716343 0.2214829 0.1269818 0.3190118 0.3714482 0.0958963 0.0666305 0.0840315 0.1637117 0.3187875 0.1734891 0.3195177 0.0847487 0.1240642 0.3125585 0.2804970 
Perityle_cordifolia_68_tecolote            0.1004047 0.2260384 0.1810996 0.3853882 0.1027836 0.1602846 0.3034794 0.3918597 0.1281120 0.1397531 0.4021274 0.1176268 0.0978993 0.2403472 0.2135242 0.0935636 0.1018670 0.3366471 0.3411156 0.1127185 0.4164601 0.0795790 0.0528774 0.0000000 0.1704547 0.1306880 0.1278130 0.4096867 0.3940475 0.3751480 0.1138055 0.2935432 0.4056449 0.3183133 0.2981182 0.1239937 0.1252700 0.2973754 0.3366949 0.3263062 0.3888246 0.3429885 0.0443360 0.3472632 0.2908316 0.3927909 0.1223725 0.1116857 0.3505315 0.3137060 0.1179972 0.4768097 0.0949543 0.3832591 0.1279080 0.1218694 0.1828467 0.1027076 0.1408115 0.3386630 0.3767520 0.2405169 0.1151583 0.3300575 0.3817689 0.1184772 0.0758538 0.0911430 0.1319592 0.3196994 0.1713242 0.3116005 0.0920562 0.1290320 0.3030339 0.2914138 
Perityle_coronopifolia_28_patagonia        0.0918918 0.2351756 0.1864127 0.3953554 0.0974042 0.1809463 0.3283872 0.3974539 0.1791295 0.1515681 0.3456202 0.1394439 0.1049545 0.2601414 0.2313558 0.0986108 0.0983359 0.3136565 0.3355385 0.1047347 0.3551070 0.0878218 0.1612839 0.1704547 0.0000000 0.1628471 0.1516548 0.3831298 0.3502184 0.2848477 0.1382630 0.2837394 0.3658341 0.2990962 0.3178329 0.2139138 0.1260190 0.2952391 0.3161883 0.3284508 0.3236121 0.2934254 0.0778209 0.3195114 0.2883429 0.3565602 0.1386038 0.1326237 0.3282356 0.3392553 0.1526827 0.4414279 0.1174136 0.3227517 0.1418136 0.0908244 0.1734937 0.1903439 0.0492305 0.3418283 0.3131998 0.2125893 0.1244416 0.3107992 0.3435729 0.1310904 0.0928078 0.0851176 0.1491046 0.3110560 0.1484847 0.3123799 0.0952813 0.1008866 0.3159183 0.2671148 
Perityle_crassifolia_70_ventanas           0.1218745 0.1739242 0.1515055 0.2340893 0.1366060 0.1297605 0.1610338 0.2960906 0.0458526 0.1263006 0.1928973 0.1333497 0.1125205 0.1923993 0.1655571 0.1127886 0.1404891 0.1593812 0.1781336 0.1437321 0.1732114 0.1100253 0.1143871 0.1306880 0.1628471 0.0000000 0.0044888 0.1756772 0.2099755 0.1699297 0.1324525 0.1438351 0.2159310 0.1493496 0.1965266 0.1340661 0.1074890 0.1729722 0.1511380 0.1944919 0.1719906 0.1787496 0.0725315 0.1620324 0.1506639 0.2052492 0.1221818 0.1158726 0.1716077 0.1904834 0.1324696 0.4002071 0.1212095 0.1564101 0.1351729 0.1424036 0.1134017 0.1203639 0.1525210 0.1810298 0.1763051 0.1151132 0.1277906 0.1666827 0.1696819 0.0592698 0.0973565 0.1118424 0.1230991 0.1808327 0.1477460 0.1803323 0.1184468 0.1519908 0.1581213 0.1370901 
Perityle_crassifolia_74_playa_balandra     0.1090168 0.1808286 0.1313426 0.2425789 0.1317391 0.1603201 0.1521269 0.2997265 0.0479579 0.1234473 0.1876402 0.1271587 0.0986074 0.1904710 0.1646580 0.1220664 0.1434876 0.1523236 0.1781266 0.1302915 0.1671478 0.1029734 0.1043808 0.1278130 0.1516548 0.0044888 0.0000000 0.1565651 0.1862614 0.1555100 0.1285739 0.1355873 0.2119895 0.1390087 0.1889211 0.1302542 0.0989662 0.1672109 0.1520583 0.1882661 0.1614665 0.1663768 0.0787565 0.1635926 0.1539115 0.1979011 0.1178554 0.1097122 0.1617322 0.1779400 0.1157408 0.3741639 0.1204970 0.1651567 0.1280545 0.1445080 0.1191406 0.1148597 0.1498705 0.1688559 0.1661134 0.0921918 0.1330584 0.1538304 0.1626503 0.0637387 0.0958217 0.1114345 0.1432273 0.1627718 0.1432576 0.1662492 0.1151060 0.1423600 0.1639179 0.1255220 
Perityle_cuneata_34_cuneata_San_antonio    0.2815551 0.1358774 0.3687732 0.2971547 0.3204200 0.1092483 0.2585902 0.3564633 0.3068958 0.3727776 0.2797478 0.3497417 0.3248010 0.1972963 0.1347859 0.1477419 0.2816250 0.2608885 0.2400696 0.2986493 0.2866517 0.2069298 0.4359420 0.4096867 0.3831298 0.1756772 0.1565651 0.0000000 0.2839490 0.2401355 0.3644700 0.2306928 0.2892437 0.2401596 0.2069411 0.3552692 0.3798342 0.2389311 0.2454063 0.2225515 0.2489175 0.2302008 0.1265323 0.2540030 0.2018850 0.2785045 0.3799526 0.3206914 0.2596120 0.2593089 0.3354025 0.4490336 0.1966118 0.2500412 0.4050460 0.2957245 0.1378165 0.3673304 0.3842777 0.2744655 0.2695005 0.4147422 0.2094404 0.2393795 0.2696032 0.2019367 0.1502328 0.3158519 0.0856186 0.2689227 0.4121546 0.2377230 0.3220987 0.3059300 0.2327471 0.1910590 
Perityle_cuneata_4                         0.2757971 0.1322610 0.4007010 0.2542837 0.3094120 0.1478216 0.1503296 0.3135425 0.3060908 0.3672893 0.1308791 0.3473476 0.3218824 0.1834428 0.0988422 0.1555591 0.2689961 0.1223436 0.1021454 0.3001684 0.2265884 0.2508799 0.3878834 0.3940475 0.3502184 0.2099755 0.1862614 0.2839490 0.0000000 0.1234265 0.3431966 0.1151583 0.1585590 0.1183806 0.1406002 0.3484512 0.3747330 0.1489326 0.1215445 0.1353103 0.1320967 0.1054977 0.1369465 0.1162872 0.1218263 0.1303954 0.3705988 0.3262446 0.1074795 0.1414546 0.3203825 0.4123182 0.2036625 0.1207406 0.3848709 0.2922380 0.1425225 0.3575665 0.3452026 0.1456622 0.1236640 0.3937583 0.2413425 0.0995889 0.2205058 0.2303877 0.1719017 0.2969708 0.1299434 0.1180106 0.3978443 0.1462592 0.2927545 0.3331494 0.1187562 0.1039262 
Perityle_discoidea_81                      0.2676261 0.1246982 0.3030537 0.1985319 0.2684929 0.0985698 0.1313700 0.3389953 0.2397097 0.3357796 0.1406666 0.2772470 0.2735803 0.1768910 0.0768070 0.1355416 0.2480406 0.1034001 0.0857680 0.2677443 0.1484707 0.1997148 0.3504218 0.3751480 0.2848477 0.1699297 0.1555100 0.2401355 0.1234265 0.0000000 0.2878672 0.0851935 0.1382213 0.0906361 0.1162466 0.2577272 0.3358327 0.1008834 0.1047042 0.1108186 0.1143425 0.0922223 0.0957073 0.1089145 0.0859708 0.1042264 0.3240702 0.2672215 0.0926126 0.1147091 0.2645618 0.3553462 0.1524259 0.1049179 0.3583140 0.2558505 0.0973837 0.2852821 0.2868330 0.1124828 0.1030734 0.3331037 0.2027597 0.0844971 0.1457741 0.1750295 0.1171184 0.2796333 0.0704058 0.0989174 0.3761234 0.1153053 0.2582897 0.2583362 0.1039376 0.0783954 
Perityle_dissecta_201                      0.0777357 0.2229645 0.1334691 0.3688027 0.0653916 0.1825080 0.2933773 0.3859224 0.1208520 0.0858451 0.3273634 0.0537719 0.0668063 0.2566819 0.2337999 0.0828947 0.0739065 0.3133029 0.3075997 0.0701110 0.3727475 0.0579096 0.1065088 0.1138055 0.1382630 0.1324525 0.1285739 0.3644700 0.3431966 0.2878672 0.0000000 0.2598865 0.3515666 0.3058039 0.3032482 0.1540853 0.0596394 0.3001251 0.2952613 0.3156763 0.3416676 0.2753946 0.0497931 0.2967294 0.2932214 0.3872174 0.0262378 0.0532517 0.3115934 0.3181702 0.1159017 0.4591887 0.0932915 0.3039676 0.0745675 0.0893856 0.1741875 0.1198131 0.1058839 0.3115491 0.2910320 0.1562902 0.0620942 0.2910076 0.3494750 0.1046365 0.0539377 0.0258796 0.1672459 0.2953286 0.1143507 0.3099581 0.0275252 0.1004785 0.2968399 0.2524408 
Perityle_emoryi_47_punta_san_jose          0.2032392 0.0937712 0.2632375 0.1863828 0.2303834 0.1020881 0.1009736 0.2623377 0.2353395 0.2764147 0.0765539 0.2542293 0.2325269 0.1362458 0.0400026 0.1268982 0.2013692 0.0718709 0.0569923 0.2342065 0.1535637 0.1663702 0.2860887 0.2935432 0.2837394 0.1438351 0.1355873 0.2306928 0.1151583 0.0851935 0.2598865 0.0000000 0.1011342 0.0682867 0.0759905 0.2588612 0.2586301 0.1008216 0.0668642 0.0792958 0.0812128 0.0638799 0.0940027 0.0699067 0.0574584 0.0810169 0.2652428 0.2476958 0.0550612 0.0783243 0.2452832 0.3693150 0.1434417 0.0708531 0.2919956 0.2136111 0.0833941 0.2585953 0.2531529 0.0714030 0.0705579 0.3380710 0.1239017 0.0563440 0.1515814 0.1503029 0.1403152 0.2173351 0.0409423 0.0601373 0.2937659 0.0661013 0.2227352 0.2291724 0.0654123 0.0182621 
Perityle_feddemae_99                       0.2839100 0.1790522 0.3717367 0.2543535 0.3050527 0.1723172 0.1488931 0.3103965 0.2922580 0.3737652 0.1631951 0.3435619 0.3193060 0.1773629 0.0872888 0.1861246 0.2856106 0.1023501 0.0968873 0.2988071 0.2071271 0.2460337 0.4080519 0.4056449 0.3658341 0.2159310 0.2119895 0.2892437 0.1585590 0.1382213 0.3515666 0.1011342 0.0000000 0.0984217 0.1142213 0.3362983 0.3919930 0.1355096 0.1130069 0.0851173 0.1036867 0.1116977 0.1544508 0.1193687 0.1066845 0.0475234 0.3762110 0.3133478 0.0996245 0.1448558 0.3218584 0.4495852 0.2190858 0.1269739 0.4340027 0.2840976 0.1572068 0.3526387 0.3540791 0.1425916 0.1414246 0.4288898 0.2388977 0.0942580 0.2040453 0.2249637 0.1882219 0.2967290 0.1194887 0.1260626 0.3851633 0.1248615 0.3080420 0.3154372 0.1106813 0.0851678 
Perityle_fosteri_93                        0.2235275 0.1209238 0.3104913 0.2170343 0.2506642 0.1179951 0.1298052 0.2844670 0.2409818 0.2822476 0.0744252 0.2934772 0.2577367 0.1404779 0.0043482 0.1197717 0.2280896 0.0077975 0.0451485 0.2510020 0.1450046 0.1856875 0.3183604 0.3183133 0.2990962 0.1493496 0.1390087 0.2401596 0.1183806 0.0906361 0.3058039 0.0682867 0.0984217 0.0000000 0.0797374 0.2932903 0.2902372 0.0863637 0.0666673 0.0733934 0.0765389 0.0551156 0.0969712 0.0660485 0.0578339 0.0758157 0.3080359 0.2646862 0.0568022 0.0942390 0.2754680 0.4129900 0.1665736 0.0727528 0.3142583 0.2234972 0.1015778 0.3061752 0.2871093 0.0992820 0.0867798 0.3340613 0.1810612 0.0332892 0.1423182 0.1758303 0.1226050 0.2386871 0.0323271 0.0837785 0.3141946 0.0821597 0.2366587 0.2479998 0.0695445 0.0458136 
Perityle_gamon_221                         0.2295245 0.1397559 0.2994656 0.2265147 0.2673046 0.1488418 0.1294036 0.3456895 0.2476793 0.2921661 0.1145193 0.3003750 0.2570596 0.1478020 0.0681731 0.1595500 0.2488545 0.0834597 0.0688797 0.2636914 0.1658019 0.2183422 0.2946034 0.2981182 0.3178329 0.1965266 0.1889211 0.2069411 0.1406002 0.1162466 0.3032482 0.0759905 0.1142213 0.0797374 0.0000000 0.2936504 0.2539336 0.1315369 0.0785993 0.0860498 0.0339341 0.0819772 0.1458108 0.0893623 0.1122711 0.0837697 0.2741206 0.2721532 0.0754933 0.1104061 0.2823741 0.4032760 0.2015508 0.0904685 0.2792346 0.2365782 0.1021425 0.2798017 0.2898308 0.1085015 0.0989913 0.2888587 0.2097684 0.0645087 0.1691149 0.2210329 0.1755034 0.2350344 0.0957443 0.0931161 0.3067814 0.1029598 0.2550219 0.2832770 0.0850249 0.0658620 
Perityle_gentryi_8_san_francisco           0.1159187 0.2271063 0.1925610 0.3676161 0.1251668 0.1661486 0.3111237 0.4121233 0.1776160 0.1576904 0.3116134 0.1517021 0.1171112 0.2521172 0.2254448 0.1045369 0.1118282 0.3068320 0.2919435 0.1107101 0.3400615 0.0859862 0.1107728 0.1239937 0.2139138 0.1340661 0.1302542 0.3552692 0.3484512 0.2577272 0.1540853 0.2588612 0.3362983 0.2932903 0.2936504 0.0000000 0.1461741 0.2867007 0.3022696 0.3066094 0.3073897 0.2719895 0.0575013 0.3050028 0.2625126 0.3317776 0.1543717 0.1488683 0.3018127 0.3157249 0.1581675 0.5096697 0.0995363 0.2952649 0.1553079 0.1274025 0.1727574 0.1484905 0.1961253 0.3045724 0.3029960 0.2202984 0.1345694 0.2884928 0.3277980 0.1212852 0.0554849 0.1023998 0.1667431 0.3094259 0.2033348 0.3018706 0.0978314 0.1418102 0.3035499 0.2570701 
Perityle_gilensis_22_Superstition          0.0711143 0.2008257 0.1124775 0.3613593 0.0614623 0.1729055 0.2649826 0.3198576 0.1163191 0.1029556 0.3243236 0.0657119 0.0083151 0.2372153 0.1939146 0.0719943 0.0782864 0.3156266 0.3207239 0.0367309 0.3306763 0.0160245 0.1077045 0.1252700 0.1260190 0.1074890 0.0989662 0.3798342 0.3747330 0.3358327 0.0596394 0.2586301 0.3919930 0.2902372 0.2539336 0.1461741 0.0000000 0.2666355 0.3217484 0.2852605 0.3156120 0.2895173 0.0290838 0.3223162 0.2231285 0.3344662 0.0650896 0.0666962 0.3312174 0.2720199 0.0996209 0.4520280 0.0643085 0.3253572 0.0436686 0.0856217 0.1643688 0.1111148 0.0979012 0.2998380 0.3255454 0.1956106 0.1054226 0.2970650 0.3085206 0.0986480 0.0462243 0.0559342 0.1421482 0.3075509 0.1358008 0.2616786 0.0609324 0.0924628 0.2727674 0.2580726 
Perityle_gilensis_salensis_225             0.2442910 0.1313937 0.3282889 0.2414243 0.2890732 0.1047849 0.1706237 0.2890532 0.2835481 0.2726657 0.1015564 0.2611134 0.2951369 0.1382926 0.0248568 0.1287734 0.2553286 0.0845303 0.0869348 0.2612408 0.0120996 0.1981682 0.2947044 0.2973754 0.2952391 0.1729722 0.1672109 0.2389311 0.1489326 0.1008834 0.3001251 0.1008216 0.1355096 0.0863637 0.1315369 0.2867007 0.2666355 0.0000000 0.0730706 0.1078629 0.1123191 0.0563963 0.1097884 0.0693007 0.0655890 0.1166650 0.2800495 0.2861301 0.0845522 0.0983358 0.2977371 0.3659027 0.1849156 0.0752839 0.2847906 0.2566035 0.0962237 0.2993232 0.3093559 0.0936455 0.0915765 0.2858490 0.2064325 0.0694040 0.0071633 0.1847412 0.1407377 0.2618245 0.0230396 0.0883259 0.3047916 0.0654547 0.2631610 0.2797208 0.0731494 0.0900631 
Perityle_gracilis_11                       0.2137435 0.1140883 0.3055246 0.2073744 0.2431334 0.0772996 0.1272998 0.2661235 0.2541884 0.3219382 0.0820081 0.2991509 0.2510844 0.1221251 0.0269215 0.1248038 0.2356739 0.0693202 0.0577256 0.2466250 0.1426922 0.1719899 0.3368971 0.3366949 0.3161883 0.1511380 0.1520583 0.2454063 0.1215445 0.1047042 0.2952613 0.0668642 0.1130069 0.0666673 0.0785993 0.3022696 0.3217484 0.0730706 0.0000000 0.0793015 0.0906790 0.0643252 0.1093693 0.0092287 0.0012179 0.0858705 0.3206006 0.2619527 0.0440124 0.1020394 0.2599326 0.3966943 0.1695953 0.0120452 0.3529461 0.2306404 0.1051007 0.3137182 0.2903591 0.1037564 0.0781933 0.4028593 0.1456699 0.0603078 0.1394939 0.1778158 0.1453900 0.2290503 0.0000010 0.0769977 0.3543984 0.0427906 0.2375189 0.2437148 0.0011305 0.0560753 
Perityle_harkerae_31                       0.2636641 0.1442520 0.3147635 0.2263924 0.2970117 0.1343405 0.1314015 0.3166890 0.2754675 0.2999070 0.1416084 0.2775602 0.2989604 0.1594775 0.0452880 0.1526037 0.2665184 0.0784874 0.0647941 0.2912449 0.1349751 0.2239865 0.3326667 0.3263062 0.3284508 0.1944919 0.1882661 0.2225515 0.1353103 0.1108186 0.3156763 0.0792958 0.0851173 0.0733934 0.0860498 0.3066094 0.2852605 0.1078629 0.0793015 0.0000000 0.0865785 0.1128495 0.1359858 0.0841048 0.0757343 0.0089337 0.3000136 0.2977390 0.0761350 0.1025780 0.3015076 0.4276968 0.1962599 0.1206997 0.3531462 0.2680912 0.1096653 0.2962904 0.3106496 0.0986467 0.1224951 0.3170193 0.2012649 0.0625778 0.1273531 0.2113154 0.1762369 0.2783401 0.0679563 0.0927889 0.3123538 0.0837892 0.2838203 0.2834497 0.0836954 0.0580165 
Perityle_hofmeisteria_4_nombre_de_dios     0.2336472 0.1223102 0.3398373 0.2336481 0.2535951 0.1140104 0.1382924 0.2923682 0.2232261 0.3640678 0.1305271 0.3186766 0.2462154 0.1416738 0.0657542 0.1391671 0.2201467 0.0845411 0.0679785 0.2485326 0.2313360 0.2150606 0.3737065 0.3888246 0.3236121 0.1719906 0.1614665 0.2489175 0.1320967 0.1143425 0.3416676 0.0812128 0.1036867 0.0765389 0.0339341 0.3073897 0.3156120 0.1123191 0.0906790 0.0865785 0.0000000 0.0789393 0.1147291 0.0950500 0.1212073 0.1098364 0.3188249 0.2493941 0.0824275 0.1394758 0.2670115 0.3770074 0.1842847 0.0974739 0.3364838 0.2147715 0.0723518 0.3037620 0.2993438 0.1693281 0.1101616 0.3647943 0.1874854 0.0698582 0.2341115 0.2118140 0.1527980 0.2295984 0.0699158 0.0962684 0.3704916 0.1203168 0.2441238 0.2723554 0.0828374 0.0769463 
Perityle_huecosensis_48                    0.2299162 0.1015573 0.2925610 0.2029568 0.2356875 0.1266027 0.1155559 0.2575057 0.2166815 0.3124115 0.0748725 0.2745752 0.2355646 0.0811725 0.0372719 0.1444618 0.2496160 0.0539445 0.0184646 0.2446795 0.1368546 0.1999364 0.3264015 0.3429885 0.2934254 0.1787496 0.1663768 0.2302008 0.1054977 0.0922223 0.2753946 0.0638799 0.1116977 0.0551156 0.0819772 0.2719895 0.2895173 0.0563963 0.0643252 0.1128495 0.0789393 0.0000000 0.1166054 0.0574401 0.0502284 0.0849926 0.2918385 0.2490027 0.0396999 0.0483713 0.2509106 0.3859206 0.1654817 0.0582507 0.3519221 0.2398015 0.0832907 0.2908081 0.2763456 0.0489038 0.0891209 0.3324022 0.2007340 0.0155448 0.1233767 0.1881323 0.1468495 0.2310960 0.0517635 0.0806744 0.3287955 0.0737245 0.2271437 0.2604473 0.0548232 0.0501363 
Perityle_incana_3_ucla                     0.0339092 0.1614337 0.0659973 0.1795199 0.0410900 0.1360268 0.1136309 0.1944451 0.0459167 0.0523683 0.1333673 0.0493630 0.0366137 0.1336064 0.1036085 0.0617202 0.0611503 0.1073232 0.1158308 0.0505119 0.1127916 0.0380039 0.0367460 0.0443360 0.0778209 0.0725315 0.0787565 0.1265323 0.1369465 0.0957073 0.0497931 0.0940027 0.1544508 0.0969712 0.1458108 0.0575013 0.0290838 0.1097884 0.1093693 0.1359858 0.1147291 0.1166054 0.0000000 0.1131449 0.1062759 0.1207013 0.0419480 0.0345447 0.1162817 0.1218142 0.0652496 0.3158752 0.0560246 0.1140547 0.0410854 0.0595406 0.1160165 0.0459675 0.0700941 0.1218174 0.1198407 0.0743161 0.0670431 0.1114338 0.1126104 0.0678827 0.0532668 0.0305081 0.1353199 0.1203972 0.0783690 0.1190877 0.0399306 0.0689960 0.1145291 0.0845209 
Perityle_intricata_59_Clark_mtns           0.2243371 0.1204016 0.3070709 0.2119303 0.2444507 0.1115430 0.1355353 0.2816690 0.2524545 0.3194965 0.0801419 0.2996041 0.2608439 0.1270963 0.0330324 0.1412066 0.2360456 0.0640214 0.0594576 0.2535314 0.1377430 0.1818943 0.3468059 0.3472632 0.3195114 0.1620324 0.1635926 0.2540030 0.1162872 0.1089145 0.2967294 0.0699067 0.1193687 0.0660485 0.0893623 0.3050028 0.3223162 0.0693007 0.0092287 0.0841048 0.0950500 0.0574401 0.1131449 0.0000000 0.0023477 0.0904363 0.3149566 0.2644945 0.0491494 0.0981399 0.2666846 0.4024951 0.1883552 0.0039981 0.3509493 0.2363770 0.1104193 0.3143613 0.2944116 0.0982006 0.0863151 0.3995051 0.1463626 0.0563350 0.1342613 0.1812323 0.1508972 0.2385160 0.0000010 0.0776070 0.3554250 0.0416503 0.2368977 0.2450296 0.0000010 0.0582411 
Perityle_inyoensis_9_pleasant              0.2315151 0.1233506 0.3176558 0.2118282 0.2391621 0.1016078 0.1317491 0.2648733 0.2414904 0.2682474 0.0568963 0.2511859 0.2453110 0.1246172 0.0291348 0.1300278 0.2208994 0.0590995 0.0463045 0.2361712 0.0896497 0.1705163 0.2944468 0.2908316 0.2883429 0.1506639 0.1539115 0.2018850 0.1218263 0.0859708 0.2932214 0.0574584 0.1066845 0.0578339 0.1122711 0.2625126 0.2231285 0.0655890 0.0012179 0.0757343 0.1212073 0.0502284 0.1062759 0.0023477 0.0000000 0.0913183 0.2470418 0.2468234 0.0471763 0.0708043 0.2601627 0.3798712 0.1765303 0.0023838 0.2576791 0.2156741 0.1099501 0.2618054 0.2688497 0.0652633 0.0600176 0.2853250 0.1425677 0.0411576 0.0667330 0.1989314 0.1409660 0.2216066 0.0000010 0.0567482 0.2848729 0.0270392 0.2282816 0.2320043 0.0023359 0.0514244 
Perityle_jaliscana_203                     0.2799852 0.1426652 0.3632755 0.2174558 0.2968968 0.0979212 0.1362721 0.2960441 0.2770280 0.3653068 0.1059724 0.3300027 0.2873567 0.1676807 0.0575335 0.1471476 0.2550610 0.0840782 0.0659413 0.2860633 0.1890814 0.2146884 0.4003305 0.3927909 0.3565602 0.2052492 0.1979011 0.2785045 0.1303954 0.1042264 0.3872174 0.0810169 0.0475234 0.0758157 0.0837697 0.3317776 0.3344662 0.1166650 0.0858705 0.0089337 0.1098364 0.0849926 0.1207013 0.0904363 0.0913183 0.0000000 0.3455059 0.2927601 0.0805989 0.1279508 0.2961638 0.4423787 0.1977968 0.0869165 0.3563266 0.2650188 0.1075184 0.3323258 0.3379001 0.1313677 0.0959787 0.3746633 0.2109183 0.0704711 0.1730646 0.2280861 0.1623139 0.2821595 0.0809113 0.0977028 0.3686190 0.1096368 0.2803714 0.2887090 0.0879709 0.0673816 
Perityle_lemmonii_12                       0.0749932 0.2229070 0.1307599 0.3713987 0.0632972 0.1888369 0.2875724 0.3478985 0.1143367 0.1008276 0.3316855 0.0550862 0.0634351 0.2449778 0.2127520 0.0763164 0.0696405 0.3258659 0.3280075 0.0650959 0.3492309 0.0598928 0.1151311 0.1223725 0.1386038 0.1221818 0.1178554 0.3799526 0.3705988 0.3240702 0.0262378 0.2652428 0.3762110 0.3080359 0.2741206 0.1543717 0.0650896 0.2800495 0.3206006 0.3000136 0.3188249 0.2918385 0.0419480 0.3149566 0.2470418 0.3455059 0.0000000 0.0510703 0.3331527 0.3120811 0.1111384 0.4591364 0.0844917 0.3290756 0.0830662 0.0825652 0.1721202 0.1204241 0.1057197 0.3321832 0.3269340 0.1847975 0.0621613 0.3060703 0.3226626 0.1054447 0.0416858 0.0260309 0.1622912 0.3213159 0.1403530 0.2757351 0.0287211 0.0963858 0.2896067 0.2632498 
Perityle_lemmonii_85_hachita               0.0782082 0.2160534 0.0946725 0.3486389 0.0648987 0.1482666 0.3000021 0.3748276 0.1180473 0.0979488 0.3036566 0.0531993 0.0696499 0.2506580 0.2022214 0.0765776 0.0720778 0.2822707 0.2665939 0.0841932 0.3156870 0.0511418 0.1108796 0.1116857 0.1326237 0.1158726 0.1097122 0.3206914 0.3262446 0.2672215 0.0532517 0.2476958 0.3133478 0.2646862 0.2721532 0.1488683 0.0666962 0.2861301 0.2619527 0.2977390 0.2493941 0.2490027 0.0345447 0.2644945 0.2468234 0.2927601 0.0510703 0.0000000 0.2727267 0.2975275 0.1105459 0.4291800 0.0817202 0.2689671 0.0952205 0.0888470 0.1571134 0.1093001 0.1015567 0.2943569 0.2570865 0.1478826 0.0732915 0.2629182 0.2968173 0.1071028 0.0602381 0.0258196 0.1500738 0.2647838 0.0926901 0.2795100 0.0219955 0.0893136 0.2685975 0.2477573 
Perityle_lemmonii_colossal_cave_206        0.2351876 0.0951214 0.3020882 0.1971941 0.2510347 0.1212761 0.1122411 0.2861639 0.2558233 0.3382334 0.0475973 0.3115276 0.2658443 0.1131534 0.0300860 0.1410196 0.2473213 0.0564190 0.0309415 0.2540476 0.1605797 0.1852963 0.3448214 0.3505315 0.3282356 0.1716077 0.1617322 0.2596120 0.1074795 0.0926126 0.3115934 0.0550612 0.0996245 0.0568022 0.0754933 0.3018127 0.3312174 0.0845522 0.0440124 0.0761350 0.0824275 0.0396999 0.1162817 0.0491494 0.0471763 0.0805989 0.3331527 0.2727267 0.0000000 0.0658690 0.2640648 0.3964590 0.1726596 0.0552235 0.3512976 0.2473710 0.0854747 0.3091990 0.2959583 0.0740260 0.0848446 0.3786640 0.1945524 0.0298119 0.1631593 0.1764084 0.1335317 0.2545801 0.0460499 0.0797401 0.3482549 0.0737140 0.2449216 0.2621926 0.0477776 0.0349809 
