82
Amauria_brandeegeana_62                  0.0000000 0.0420745 0.1340218 0.1906799 0.1516366 0.0652980 0.1522291 0.2732631 0.2270207 0.0453361 0.1378998 0.1242936 0.1313928 0.1273020 0.0947714 0.1292760 0.1204023 0.4024404 0.0839200 0.1366381 0.1083196 0.1046142 0.1235056 0.1481349 0.1270301 0.1463009 0.1540739 0.1311807 0.0804507 0.1873991 0.0631701 0.0695532 0.0321950 0.1269138 0.0898050 0.0925734 0.2141241 0.0749822 0.1411067 0.2021821 0.1308820 0.0847346 0.1296058 0.1112772 0.1356476 0.1333957 0.1842757 0.1258866 0.1990333 0.0891675 0.1286824 0.1206205 0.1314565 0.1239676 0.0856595 0.1012660 0.1231718 0.1889955 0.1545040 0.0435392 0.0774762 0.0678922 0.1335736 0.1286291 0.1361282 0.1369048 0.1302164 0.2823464 0.1257788 0.1229358 0.0884999 0.1303972 0.1351230 0.1210603 0.2030199 0.1389424 0.0897306 0.1282141 0.1266177 0.0807995 0.1222610 0.0757740 
Amauria_carterae_99_mesa                 0.0420745 0.0000000 0.0538513 0.1511231 0.0619597 0.0624936 0.1212918 0.1225970 0.1476977 0.0444067 0.0549589 0.0392443 0.0413192 0.0404024 0.0435079 0.0467725 0.0352736 0.1745781 0.0394159 0.0319520 0.0402678 0.0532072 0.0366331 0.1182829 0.0390607 0.0701814 0.0673981 0.0681667 0.0639691 0.1088547 0.0301792 0.0392573 0.0478235 0.0406997 0.0360990 0.0689799 0.1033136 0.0318998 0.0565209 0.1461068 0.0432117 0.0676630 0.0395171 0.0619816 0.0432705 0.0462725 0.0523413 0.0410521 0.0677728 0.0347638 0.0429591 0.0366930 0.0402516 0.0448370 0.0635676 0.0625697 0.0361399 0.0748759 0.0571968 0.0540122 0.0504446 0.0591208 0.0427017 0.0654087 0.0576012 0.0498775 0.0296501 0.1577715 0.0403741 0.0363471 0.0668916 0.0372067 0.0397753 0.0440789 0.1325904 0.0524012 0.0692407 0.0477811 0.0426385 0.0527638 0.0362488 0.0596914 
Amauria_rotundifolia_SRR9119150          0.1340218 0.0538513 0.0000000 0.2805325 0.0835490 0.0788968 0.2280169 0.3101747 0.2640484 0.1444884 0.1110576 0.0893682 0.1017838 0.0907735 0.0957541 0.0943947 0.0846043 0.4425158 0.0790744 0.0911260 0.0838051 0.1013166 0.0875455 0.1710503 0.0912338 0.1306873 0.1250678 0.1193127 0.1353463 0.2179978 0.2089251 0.1894202 0.1259924 0.0926290 0.0925826 0.1883280 0.2349649 0.0834484 0.1037979 0.2535091 0.0941768 0.1817403 0.0930791 0.1881857 0.0989758 0.0942202 0.1790289 0.0928198 0.2822965 0.0926764 0.0950376 0.1350562 0.0870572 0.0961630 0.1032325 0.1056276 0.0882720 0.1255709 0.1254217 0.0724127 0.2013618 0.0966855 0.0932638 0.1113963 0.1161749 0.1127685 0.0923370 0.2728046 0.0927778 0.0865287 0.1445180 0.0924694 0.0960625 0.0880867 0.2376136 0.1082407 0.1936982 0.0915794 0.0887642 0.0952727 0.0901798 0.1768809 
Conoclinium_coelestinum_SRR9119114       0.1906799 0.1511231 0.2805325 0.0000000 0.2534070 0.1972359 0.1042616 0.3384128 0.2752544 0.2045536 0.2793164 0.2601304 0.2732418 0.2695836 0.2301621 0.2765732 0.2630070 0.5204070 0.2337325 0.2647227 0.2622142 0.2932551 0.2633442 0.2424479 0.2650981 0.2586195 0.2587419 0.2711237 0.2062975 0.2725627 0.1865695 0.2031876 0.2084620 0.2682971 0.2039835 0.2218590 0.3037876 0.2007168 0.2857065 0.2987222 0.2700850 0.2180083 0.2682745 0.2118936 0.2720988 0.2759503 0.2793655 0.2636687 0.2883851 0.2047643 0.2735878 0.2475683 0.2686851 0.2284028 0.1843083 0.1913055 0.2635108 0.3276243 0.2783267 0.1531550 0.1970334 0.1852869 0.2650064 0.2634303 0.2585651 0.2499044 0.2555816 0.4042684 0.2644798 0.2641200 0.2160207 0.2649281 0.2689308 0.2663370 0.3091809 0.2524527 0.2082900 0.2734841 0.2641250 0.2029726 0.2614304 0.1986478 
Eutetras_palmeri_63                      0.1516366 0.0619597 0.0835490 0.2534070 0.0000000 0.0012479 0.2076027 0.2885005 0.2183011 0.1547835 0.0944908 0.0809939 0.0902805 0.0822590 0.0806845 0.0922975 0.0811224 0.4265950 0.0769383 0.0852434 0.0792992 0.0803112 0.0799102 0.1502859 0.0860418 0.0872906 0.0804864 0.1122340 0.1277959 0.1886197 0.2098398 0.2051944 0.1223116 0.0864365 0.0967119 0.2029113 0.2107296 0.0633854 0.1014700 0.2142385 0.0915821 0.1935309 0.0835017 0.1702938 0.0838126 0.0886028 0.1959641 0.0847444 0.2309822 0.0790077 0.0856349 0.1367358 0.0847161 0.0820391 0.0509485 0.0568212 0.0823926 0.1179292 0.0971017 0.0560400 0.2038574 0.0503429 0.0836000 0.1083954 0.0683238 0.0974635 0.0730049 0.2287102 0.0831093 0.0799957 0.1319243 0.0831098 0.0836221 0.0830567 0.1958227 0.0902271 0.2152106 0.0871266 0.0835788 0.0959507 0.0795339 0.1804590 
Eutetras_pringlei_149_quer               0.0652980 0.0624936 0.0788968 0.1972359 0.0012479 0.0000000 0.2064723 0.1950708 0.2110066 0.0843129 0.0813955 0.0817861 0.0940157 0.0881023 0.0901330 0.0947781 0.0862563 0.2560526 0.0888846 0.0876047 0.0892300 0.0641167 0.0873030 0.1548454 0.0920231 0.0631878 0.0559889 0.1022490 0.1043280 0.1455031 0.0810358 0.0863075 0.0854235 0.0910684 0.0693978 0.1283949 0.1245730 0.0706992 0.0992059 0.1664136 0.0948066 0.1226568 0.0848808 0.1155989 0.0789674 0.0936073 0.1119678 0.0865047 0.1208472 0.0811677 0.0917326 0.0804394 0.0878638 0.0896433 0.0569094 0.0515797 0.0878566 0.1185486 0.0955104 0.1230183 0.1075304 0.0555828 0.0870597 0.1008036 0.0500151 0.0813778 0.0719038 0.1726191 0.0852743 0.0867131 0.1103049 0.0860780 0.0855235 0.0883319 0.1577772 0.0818186 0.1060219 0.0885604 0.0897191 0.1065245 0.0854337 0.0950922 
Eutrochium_fistulosum_SRR9119106         0.1522291 0.1212918 0.2280169 0.1042616 0.2076027 0.2064723 0.0000000 0.3018677 0.2652328 0.1751139 0.2100073 0.1961119 0.2054207 0.2050482 0.2029096 0.2059827 0.2222834 0.4410296 0.1997633 0.2063711 0.2333930 0.2311306 0.1962931 0.1956729 0.2025330 0.2040709 0.1968842 0.2007226 0.2024182 0.2225077 0.1943692 0.1899288 0.1752535 0.2031365 0.1618087 0.1963324 0.2242854 0.1736035 0.2137974 0.2659209 0.2042779 0.1917896 0.2060090 0.1919332 0.1970078 0.2076828 0.2436258 0.2072252 0.2736528 0.1947190 0.2040580 0.1859097 0.2032744 0.1831310 0.1943079 0.2040418 0.2008650 0.2632575 0.2187180 0.1234537 0.1809345 0.1831138 0.2018299 0.2012225 0.1947458 0.1924467 0.1879416 0.3799950 0.1953776 0.1949593 0.1987034 0.2019605 0.2035090 0.2068046 0.2494347 0.1913292 0.1940170 0.2099645 0.1973627 0.2108616 0.1989433 0.1775888 
Galeana_pratensis_104_mex                0.2732631 0.1225970 0.3101747 0.3384128 0.2885005 0.1950708 0.3018677 0.0000000 0.2710670 0.2734517 0.3035637 0.2820992 0.2909743 0.2851678 0.1963710 0.3020457 0.2929998 0.5359520 0.2037644 0.2903082 0.2244544 0.2073344 0.2829459 0.1577173 0.2980675 0.2996720 0.3141792 0.3137788 0.2445387 0.1767958 0.3532862 0.3594400 0.2256691 0.2938902 0.2094364 0.3432483 0.1919106 0.1596569 0.2792758 0.2374406 0.2740744 0.3387514 0.2851936 0.2950610 0.2883737 0.2999334 0.3403180 0.2873259 0.2817424 0.2346881 0.2875815 0.3055402 0.2554929 0.2371320 0.1775058 0.1871105 0.2857991 0.3349908 0.3206087 0.0916084 0.3390501 0.1638852 0.2869172 0.3227486 0.2951153 0.3028894 0.3093696 0.3088288 0.2731814 0.2795278 0.2589786 0.2903631 0.2915226 0.2697445 0.1017809 0.2688920 0.3649754 0.2879877 0.2984552 0.2136286 0.2800081 0.3233535 
Helianthus_annuus_SRR9119062             0.2270207 0.1476977 0.2640484 0.2752544 0.2183011 0.2110066 0.2652328 0.2710670 0.0000000 0.2418313 0.2460773 0.2142716 0.2267875 0.2179439 0.2175583 0.2351146 0.2533881 0.4270552 0.2195882 0.1986385 0.2205438 0.1997316 0.2137740 0.2282357 0.2258951 0.2383888 0.2322529 0.2533955 0.2215695 0.2359068 0.2096046 0.2418932 0.2352922 0.2325676 0.2047339 0.2642009 0.2604045 0.1995676 0.2456676 0.2828669 0.2306306 0.2586535 0.2218068 0.2565778 0.2292804 0.2323038 0.2376788 0.2200553 0.3320180 0.1849242 0.2241950 0.2062003 0.2239796 0.1904760 0.1863120 0.2100610 0.2188830 0.2552582 0.2238734 0.1097025 0.2410463 0.1940182 0.2214695 0.2575553 0.2326245 0.2413915 0.2101768 0.3610583 0.2200286 0.2150134 0.2528067 0.2163275 0.2218550 0.2271009 0.2247621 0.2378902 0.2563738 0.2315021 0.2190497 0.2061886 0.2181448 0.2435002 
Lycapsus_tenuifolius_17                  0.0453361 0.0444067 0.1444884 0.2045536 0.1547835 0.0843129 0.1751139 0.2734517 0.2418313 0.0000000 0.1437405 0.1334899 0.1429801 0.1358236 0.1086143 0.1346941 0.1314847 0.4256202 0.1021761 0.1424919 0.1257224 0.1220709 0.1332502 0.1535950 0.1292294 0.1551431 0.1575380 0.1406355 0.0389413 0.2054705 0.0733476 0.0895027 0.0033055 0.1286259 0.0797043 0.0899464 0.2098963 0.0908913 0.1364999 0.2136580 0.1396835 0.0863158 0.1342351 0.1063453 0.1477120 0.1420563 0.1910347 0.1395456 0.1827921 0.0914507 0.1382989 0.1246555 0.1313040 0.1240652 0.0954244 0.1058346 0.1334522 0.1908899 0.1562256 0.0565789 0.0810554 0.0824306 0.1391648 0.1355201 0.1411222 0.1428654 0.1363384 0.2801504 0.1286991 0.1332322 0.0480717 0.1368343 0.1417159 0.1322815 0.2167221 0.1457217 0.0944476 0.1357306 0.1279474 0.0914521 0.1348531 0.0434768 
Pericome_caudata_50_silver               0.1378998 0.0549589 0.1110576 0.2793164 0.0944908 0.0813955 0.2100073 0.3035637 0.2460773 0.1437405 0.0000000 0.1024839 0.1171473 0.1065995 0.0919685 0.1084847 0.1068462 0.3936589 0.0789354 0.0965840 0.0811482 0.0934721 0.1090918 0.1621979 0.1052098 0.0990633 0.1067666 0.1131270 0.1240934 0.2089265 0.2172955 0.1868803 0.1166241 0.1029323 0.0858102 0.1909203 0.2115859 0.0781072 0.1082899 0.2371050 0.0971335 0.1843099 0.1043103 0.1923679 0.1154926 0.1093932 0.1831372 0.1163833 0.2659802 0.0913006 0.1090079 0.1684358 0.0905257 0.0877626 0.0820593 0.0731341 0.1030821 0.1499904 0.0923504 0.0652181 0.2029513 0.0634957 0.1111945 0.1130240 0.0811341 0.0620780 0.0392174 0.2561640 0.1075514 0.1081065 0.1321334 0.1121865 0.1036104 0.1004853 0.2135790 0.0509256 0.2030757 0.0951044 0.1087542 0.0902590 0.1117288 0.1707794 
Perityle_aglossa_84_dead_horse           0.1242936 0.0392443 0.0893682 0.2601304 0.0809939 0.0817861 0.1961119 0.2820992 0.2142716 0.1334899 0.1024839 0.0000000 0.0185523 0.0110784 0.0125851 0.0257293 0.0096394 0.3926118 0.0039516 0.0090645 0.0094875 0.0405255 0.0089538 0.1182184 0.0132806 0.1153920 0.1140237 0.1030736 0.1117626 0.1847782 0.1984091 0.1639118 0.1091223 0.0105987 0.0777986 0.1402354 0.1908727 0.0369540 0.0300867 0.1954639 0.0113732 0.1306703 0.0137535 0.1332479 0.0556478 0.0150447 0.1719465 0.0152190 0.2184932 0.0051628 0.0143371 0.0874662 0.0053302 0.0745146 0.0776119 0.0869677 0.0124141 0.0405807 0.0984432 0.0321470 0.1572260 0.0741839 0.0068117 0.0987873 0.1048674 0.1085875 0.0833782 0.1669118 0.0142838 0.0082839 0.1226268 0.0151249 0.0165345 0.0147598 0.1687505 0.0910133 0.1590141 0.0115635 0.0020694 0.0823130 0.0144829 0.1639700 
Perityle_ajoensis_204                    0.1313928 0.0413192 0.1017838 0.2732418 0.0902805 0.0940157 0.2054207 0.2909743 0.2267875 0.1429801 0.1171473 0.0185523 0.0000000 0.0145260 0.0158674 0.0321473 0.0153295 0.3937531 0.0100724 0.0142969 0.0152614 0.0335308 0.0149209 0.1201849 0.0107458 0.1349393 0.1339103 0.1078701 0.1228263 0.1888322 0.2061751 0.1741395 0.1182355 0.0109854 0.0890358 0.1515080 0.2053886 0.0481480 0.0416085 0.2104684 0.0171421 0.1430213 0.0141620 0.1477568 0.0729553 0.0212360 0.1854928 0.0185998 0.2426801 0.0110710 0.0115021 0.1020487 0.0104613 0.0850473 0.0867805 0.0921567 0.0130478 0.0480833 0.0987597 0.0411650 0.1687285 0.0805169 0.0216507 0.1121088 0.1157311 0.1268451 0.0999188 0.1863868 0.0179440 0.0136605 0.1334282 0.0136929 0.0172895 0.0210156 0.1738040 0.0995686 0.1745836 0.0162774 0.0189975 0.0895374 0.0129216 0.1765738 
Perityle_ambrosiifolia_67_green          0.1273020 0.0404024 0.0907735 0.2695836 0.0822590 0.0881023 0.2050482 0.2851678 0.2179439 0.1358236 0.1065995 0.0110784 0.0145260 0.0000000 0.0105826 0.0269954 0.0073433 0.3975975 0.0062737 0.0053667 0.0086185 0.0337258 0.0046754 0.1205005 0.0094703 0.1215178 0.1157087 0.1035246 0.1175131 0.1885810 0.1978475 0.1688200 0.1132711 0.0055186 0.0819718 0.1432265 0.2069408 0.0427865 0.0355569 0.2043933 0.0098504 0.1347272 0.0098959 0.1384096 0.0631949 0.0138280 0.1750352 0.0113898 0.2276445 0.0051014 0.0105303 0.0882875 0.0052137 0.0756135 0.0753195 0.0873162 0.0080317 0.0376571 0.0981030 0.0366638 0.1615952 0.0776174 0.0120133 0.1057232 0.1098821 0.1114870 0.0900382 0.1810076 0.0124075 0.0026776 0.1299266 0.0113275 0.0108852 0.0150250 0.1716320 0.0909457 0.1687949 0.0086279 0.0135655 0.0828617 0.0120285 0.1724079 
Perityle_angustifolia_13_Eagle_creek     0.0947714 0.0435079 0.0957541 0.2301621 0.0806845 0.0901330 0.2029096 0.1963710 0.2175583 0.1086143 0.0919685 0.0125851 0.0158674 0.0105826 0.0000000 0.0273444 0.0070924 0.3402613 0.0105335 0.0090039 0.0132140 0.0473534 0.0080257 0.1175971 0.0114516 0.1048931 0.0990439 0.0886797 0.1220505 0.1615201 0.1117191 0.1166465 0.1097697 0.0070945 0.0658264 0.1012727 0.1645000 0.0447283 0.0373831 0.1921837 0.0122928 0.0939173 0.0133198 0.0909289 0.0558316 0.0193298 0.1300458 0.0134159 0.1887225 0.0056593 0.0114233 0.0157955 0.0017504 0.0701624 0.0820484 0.0923472 0.0098057 0.0541191 0.0742491 0.0450244 0.1035607 0.0839058 0.0196019 0.0901711 0.0949324 0.0868313 0.0591755 0.1608488 0.0143088 0.0079864 0.1352492 0.0141853 0.0123331 0.0185113 0.1433174 0.0840080 0.0999467 0.0143564 0.0123656 0.0883657 0.0115670 0.1269822 
Perityle_batopilensis_97                 0.1292760 0.0467725 0.0943947 0.2765732 0.0922975 0.0947781 0.2059827 0.3020457 0.2351146 0.1346941 0.1084847 0.0257293 0.0321473 0.0269954 0.0273444 0.0000000 0.0223799 0.3944983 0.0206439 0.0195184 0.0255847 0.0451384 0.0198750 0.1372191 0.0276017 0.1248463 0.1210527 0.1082871 0.1227524 0.2077799 0.2002462 0.1702215 0.1180801 0.0253258 0.0782596 0.1468239 0.2070331 0.0408035 0.0093814 0.2247110 0.0275155 0.1385576 0.0293813 0.1423186 0.0593439 0.0309797 0.1815705 0.0284636 0.2259028 0.0219567 0.0287143 0.0949231 0.0199074 0.0810779 0.0856071 0.0995883 0.0247691 0.0552600 0.1102543 0.0576592 0.1614722 0.0849339 0.0246878 0.1038853 0.1115422 0.1138500 0.0906006 0.1948037 0.0300292 0.0191069 0.1322665 0.0267509 0.0300117 0.0302780 0.2020857 0.1011367 0.1580780 0.0253555 0.0257775 0.0867357 0.0269769 0.1692672 
Perityle_bisetosa_9                      0.1204023 0.0352736 0.0846043 0.2630070 0.0811224 0.0862563 0.2222834 0.2929998 0.2533881 0.1314847 0.1068462 0.0096394 0.0153295 0.0073433 0.0070924 0.0223799 0.0000000 0.3873916 0.0023242 0.0035873 0.0069318 0.0338950 0.0077476 0.1139210 0.0067468 0.1250644 0.1201738 0.0980197 0.1131765 0.1954783 0.1902324 0.1577658 0.1085356 0.0027586 0.0753978 0.1394760 0.1865714 0.0366028 0.0304357 0.2080913 0.0068520 0.1319423 0.0064527 0.1388723 0.0608760 0.0119858 0.1672810 0.0109879 0.2243298 0.0025598 0.0108407 0.0887772 0.0015011 0.0715102 0.0788220 0.0876473 0.0072353 0.0369924 0.0932011 0.0482772 0.1556289 0.0766243 0.0148229 0.1038677 0.1117197 0.1132239 0.0902145 0.1703637 0.0034673 0.0051566 0.1241382 0.0128452 0.0100692 0.0137049 0.1808772 0.0884251 0.1617721 0.0070652 0.0109138 0.0777165 0.0109405 0.1618736 
Perityle_californica_76_positas          0.4024404 0.1745781 0.4425158 0.5204070 0.4265950 0.2560526 0.4410296 0.5359520 0.4270552 0.4256202 0.3936589 0.3926118 0.3937531 0.3975975 0.3402613 0.3944983 0.3873916 0.0000000 0.3109245 0.3937781 0.3742596 0.1970925 0.3901661 0.4381433 0.3918011 0.4457869 0.4646220 0.4096122 0.3716321 0.3937274 0.4575329 0.4682025 0.3394767 0.3860721 0.3435870 0.4799494 0.3882542 0.2471634 0.3981421 0.5105600 0.3987523 0.4637009 0.4035277 0.4425885 0.3926787 0.4039014 0.4446400 0.4046062 0.4276473 0.3189312 0.4011986 0.4155107 0.4046326 0.3625720 0.2706538 0.2852035 0.3880750 0.3991306 0.3948592 0.1220889 0.4817538 0.2270455 0.4008771 0.4091942 0.4325007 0.4111238 0.3925382 0.2750420 0.3810932 0.3849924 0.3843417 0.4005086 0.4040625 0.3915326 0.3189894 0.4195855 0.4681572 0.3967100 0.3996350 0.3014283 0.3916148 0.4670532 
Perityle_castillonii_96                  0.0839200 0.0394159 0.0790744 0.2337325 0.0769383 0.0888846 0.1997633 0.2037644 0.2195882 0.1021761 0.0789354 0.0039516 0.0100724 0.0062737 0.0105335 0.0206439 0.0023242 0.3109245 0.0000000 0.0021713 0.0077940 0.0434503 0.0023622 0.1089057 0.0054836 0.0930980 0.0912206 0.0752041 0.1134004 0.1675498 0.1019174 0.1009219 0.1052395 0.0031207 0.0568499 0.0945091 0.1552177 0.0385899 0.0338683 0.1883915 0.0068957 0.0866589 0.0081406 0.1078456 0.0470743 0.0122771 0.1252288 0.0087044 0.2047048 0.0009260 0.0069879 0.0089968 0.0040096 0.0597886 0.0822479 0.0909717 0.0047127 0.0456202 0.0716891 0.0437362 0.0982810 0.0794366 0.0093990 0.0749159 0.0856029 0.0774248 0.0455997 0.1788419 0.0081013 0.0023437 0.1245585 0.0086299 0.0093200 0.0077228 0.1535936 0.0756139 0.0897976 0.0086771 0.0039378 0.0798957 0.0062892 0.1170479 
Perityle_cernua_84                       0.1366381 0.0319520 0.0911260 0.2647227 0.0852434 0.0876047 0.2063711 0.2903082 0.1986385 0.1424919 0.0965840 0.0090645 0.0142969 0.0053667 0.0090039 0.0195184 0.0035873 0.3937781 0.0021713 0.0000000 0.0032663 0.0337254 0.0035987 0.1485002 0.0080048 0.1182817 0.1174659 0.1216462 0.1170829 0.1775192 0.1901945 0.1876727 0.1073166 0.0045146 0.0900949 0.1631363 0.2045979 0.0263554 0.0265545 0.2213789 0.0084450 0.1557202 0.0073078 0.1291867 0.0511203 0.0079772 0.1726148 0.0072201 0.1261166 0.0030157 0.0071204 0.1131635 0.0039814 0.0748472 0.0820645 0.0852595 0.0062948 0.0334017 0.1014917 0.0319247 0.1869824 0.0784041 0.0035809 0.1170853 0.1016026 0.0954548 0.0769174 0.0710700 0.0081463 0.0018027 0.1235703 0.0080736 0.0053775 0.0119533 0.1713248 0.0761196 0.1914440 0.0086862 0.0098889 0.0764588 0.0099345 0.1889945 
Perityle_cfvillosa_25_tin                0.1083196 0.0402678 0.0838051 0.2622142 0.0792992 0.0892300 0.2333930 0.2244544 0.2205438 0.1257224 0.0811482 0.0094875 0.0152614 0.0086185 0.0132140 0.0255847 0.0069318 0.3742596 0.0077940 0.0032663 0.0000000 0.0371141 0.0051321 0.1240798 0.0079189 0.0981287 0.0981272 0.0738742 0.1320429 0.1678492 0.1236468 0.1233401 0.1289069 0.0055372 0.0623436 0.1131967 0.1597135 0.0418534 0.0357871 0.2121113 0.0104331 0.1052419 0.0024161 0.1333005 0.0495886 0.0136975 0.1533493 0.0023054 0.2274286 0.0046547 0.0100810 0.0153568 0.0064391 0.0641469 0.0842190 0.0936936 0.0022608 0.0373022 0.0731611 0.0350895 0.1177560 0.0791897 0.0161436 0.0757421 0.0891311 0.0841176 0.0499685 0.1779911 0.0097137 0.0087949 0.1463080 0.0094480 0.0067521 0.0156235 0.1417400 0.0832757 0.1045054 0.0117331 0.0087024 0.0852204 0.0092021 0.1360458 
Perityle_cinerea_113_Powell1310          0.1046142 0.0532072 0.1013166 0.2932551 0.0803112 0.0641167 0.2311306 0.2073344 0.1997316 0.1220709 0.0934721 0.0405255 0.0335308 0.0337258 0.0473534 0.0451384 0.0338950 0.1970925 0.0434503 0.0337254 0.0371141 0.0000000 0.0337254 0.3349925 0.0336179 0.0924342 0.0524277 0.1424307 0.1363793 0.1663024 0.0910706 0.1103800 0.1305200 0.0338057 0.0872602 0.1069472 0.1442507 0.0728332 0.0549502 0.2250212 0.0402855 0.0972775 0.0380476 0.0989231 0.0830199 0.0402739 0.0750315 0.0381923 0.0989880 0.0334685 0.0367620 0.0336820 0.0343969 0.1198772 0.0440472 0.0612424 0.0303489 0.0374136 0.1020195 0.0464369 0.1020342 0.0606832 0.0404742 0.1443072 0.0643260 0.0908034 0.0786792 0.0433864 0.0401032 0.0337254 0.1444112 0.0337047 0.0367848 0.0504316 0.1560321 0.0907636 0.1086701 0.0434610 0.0434408 0.1373674 0.0338295 0.1436936 
Perityle_coahuilensis_24                 0.1235056 0.0366331 0.0875455 0.2633442 0.0799102 0.0873030 0.1962931 0.2829459 0.2137740 0.1332502 0.1090918 0.0089538 0.0149209 0.0046754 0.0080257 0.0198750 0.0077476 0.3901661 0.0023622 0.0035987 0.0051321 0.0337254 0.0000000 0.1180295 0.0061593 0.1269726 0.1307763 0.0924831 0.1149697 0.1822274 0.1944697 0.1615405 0.1096883 0.0035077 0.0746916 0.1409647 0.1874236 0.0350838 0.0270547 0.1933006 0.0061519 0.1322882 0.0064610 0.1382085 0.0581380 0.0115611 0.1757052 0.0106396 0.2318547 0.0025695 0.0114131 0.0895027 0.0015152 0.0724800 0.0776615 0.0870970 0.0058378 0.0345233 0.0941036 0.0323843 0.1595668 0.0770279 0.0114253 0.0987854 0.1107949 0.1179265 0.0940566 0.1671157 0.0098026 0.0046098 0.1252894 0.0132718 0.0086888 0.0131325 0.1647523 0.0894360 0.1573550 0.0071258 0.0095973 0.0796599 0.0128128 0.1651761 
Perityle_cochisensis_44_cave_creek       0.1481349 0.1182829 0.1710503 0.2424479 0.1502859 0.1548454 0.1956729 0.1577173 0.2282357 0.1535950 0.1621979 0.1182184 0.1201849 0.1205005 0.1175971 0.1372191 0.1139210 0.4381433 0.1089057 0.1485002 0.1240798 0.3349925 0.1180295 0.0000000 0.1182309 0.1828857 0.1753457 0.1406691 0.1685955 0.1761381 0.1936463 0.1770617 0.1538292 0.1114587 0.1227395 0.1655183 0.1736661 0.1330218 0.1450651 0.1887975 0.1144570 0.1596312 0.1130547 0.1534187 0.1558558 0.1176187 0.1828780 0.1136371 0.2751007 0.1182055 0.1214927 0.1133004 0.1185572 0.1401545 0.1693643 0.1815309 0.1181019 0.2169499 0.1709012 0.1280389 0.1576163 0.1767020 0.1275845 0.1430987 0.1667956 0.1535104 0.1649928 0.3342945 0.1160053 0.1135580 0.1669871 0.1251521 0.1259266 0.1160671 0.1447756 0.1554786 0.1661034 0.1313695 0.1169028 0.1814565 0.1190036 0.1562048 
Perityle_congesta_202                    0.1270301 0.0390607 0.0912338 0.2650981 0.0860418 0.0920231 0.2025330 0.2980675 0.2258951 0.1292294 0.1052098 0.0132806 0.0107458 0.0094703 0.0114516 0.0276017 0.0067468 0.3918011 0.0054836 0.0080048 0.0079189 0.0336179 0.0061593 0.1182309 0.0000000 0.1256667 0.1205486 0.1047170 0.1212299 0.2078205 0.1943879 0.1676069 0.1131283 0.0061682 0.0807216 0.1430350 0.1949409 0.0385588 0.0369552 0.2165404 0.0105324 0.1357165 0.0091905 0.1389065 0.0616997 0.0146599 0.1755145 0.0095588 0.2225128 0.0067907 0.0067209 0.0861092 0.0051947 0.0759005 0.0869898 0.0927481 0.0027067 0.0391496 0.0972591 0.0569299 0.1611561 0.0848085 0.0136411 0.1062844 0.1115784 0.1095640 0.0891667 0.1803832 0.0124168 0.0047804 0.1293405 0.0033654 0.0088742 0.0158418 0.1901534 0.0900019 0.1703022 0.0079030 0.0142750 0.0804435 0.0033892 0.1692408 
Perityle_cordifolia_27                   0.1463009 0.0701814 0.1306873 0.2586195 0.0872906 0.0631878 0.2040709 0.2996720 0.2383888 0.1551431 0.0990633 0.1153920 0.1349393 0.1215178 0.1048931 0.1248463 0.1250644 0.4457869 0.0930980 0.1182817 0.0981287 0.0924342 0.1269726 0.1828857 0.1256667 0.0000000 0.0508571 0.1259835 0.1283658 0.1937193 0.2392630 0.1834119 0.1327945 0.1225868 0.0848659 0.2032011 0.2240985 0.0947661 0.1213779 0.2250240 0.1155738 0.1953675 0.1222921 0.2015643 0.1329168 0.1307213 0.1896409 0.1364997 0.2937892 0.1022029 0.1331524 0.1809115 0.1093634 0.0903886 0.0309765 0.0296330 0.1214116 0.1727267 0.0961981 0.0684423 0.1990333 0.0040007 0.1313111 0.1297418 0.0081443 0.1027019 0.0679213 0.2970955 0.1217726 0.1286986 0.1293168 0.1350584 0.1251827 0.1128893 0.1964995 0.0933913 0.2136036 0.1107066 0.1237868 0.0906452 0.1338185 0.1615573 
Perityle_cordifolia_68_tecolote          0.1540739 0.0673981 0.1250678 0.2587419 0.0804864 0.0559889 0.1968842 0.3141792 0.2322529 0.1575380 0.1067666 0.1140237 0.1339103 0.1157087 0.0990439 0.1210527 0.1201738 0.4646220 0.0912206 0.1174659 0.0981272 0.0524277 0.1307763 0.1753457 0.1205486 0.0508571 0.0000000 0.1275393 0.1303111 0.2157034 0.2489287 0.1901181 0.1366092 0.1134013 0.0749442 0.2142283 0.2259963 0.1007651 0.1198169 0.2264121 0.1117610 0.2036249 0.1193348 0.2090563 0.1656613 0.1308698 0.1837224 0.1321068 0.3043178 0.1013809 0.1367096 0.1789557 0.1056581 0.0926293 0.0060753 0.0298179 0.1178001 0.2190330 0.0981036 0.0884738 0.2063796 0.0200546 0.1626049 0.1300306 0.0252891 0.1091486 0.0749907 0.2902145 0.1188000 0.1549071 0.1309215 0.1354649 0.1225648 0.1146578 0.2102082 0.0955208 0.2233800 0.1052648 0.1215306 0.0973484 0.1592428 0.1642565 
Perityle_coronopifolia_28_patagonia      0.1311807 0.0681667 0.1193127 0.2711237 0.1122340 0.1022490 0.2007226 0.3137788 0.2533955 0.1406355 0.1131270 0.1030736 0.1078701 0.1035246 0.0886797 0.1082871 0.0980197 0.4096122 0.0752041 0.1216462 0.0738742 0.1424307 0.0924831 0.1406691 0.1047170 0.1259835 0.1275393 0.0000000 0.1303571 0.2043178 0.2275096 0.1860302 0.1137069 0.1049188 0.0973079 0.1618405 0.2014629 0.0696819 0.1106436 0.2161211 0.0974017 0.1588422 0.1062058 0.1642324 0.0984545 0.1023349 0.2027276 0.1020690 0.2653135 0.1019652 0.0996323 0.1420862 0.0927801 0.0859891 0.1033681 0.1076894 0.0971992 0.1551930 0.1155928 0.0744315 0.1766459 0.0973507 0.0967719 0.0095585 0.1154327 0.1200205 0.0935088 0.2639453 0.1074319 0.0946750 0.1400184 0.1040688 0.1076403 0.1004883 0.1834856 0.1139976 0.1742402 0.0978067 0.1045094 0.1027513 0.1012979 0.1708421 
Perityle_crassifolia_70_ventanas         0.0804507 0.0639691 0.1353463 0.2062975 0.1277959 0.1043280 0.2024182 0.2445387 0.2215695 0.0389413 0.1240934 0.1117626 0.1228263 0.1175131 0.1220505 0.1227524 0.1131765 0.3716321 0.1134004 0.1170829 0.1320429 0.1363793 0.1149697 0.1685955 0.1212299 0.1283658 0.1303111 0.1303571 0.0000000 0.1768519 0.0869546 0.0960799 0.0421050 0.1189321 0.0554450 0.1132892 0.1647744 0.0904000 0.1280686 0.2146899 0.1259062 0.1072094 0.1170473 0.1020215 0.1182498 0.1210184 0.1619897 0.1187698 0.1559994 0.1104831 0.1203110 0.1129704 0.1174444 0.1053022 0.1157854 0.1161637 0.1166728 0.1587819 0.1313462 0.0592683 0.0987373 0.0946999 0.1171148 0.1248228 0.1196849 0.1217528 0.1014468 0.2574653 0.1085242 0.1153942 0.0043511 0.1197585 0.1169726 0.1118616 0.1676959 0.1170687 0.1100512 0.1206763 0.1123134 0.1133429 0.1157583 0.0063125 
Perityle_crassifolia_74_playa_balandra   0.1873991 0.1088547 0.2179978 0.2725627 0.1886197 0.1455031 0.2225077 0.1767958 0.2359068 0.2054705 0.2089265 0.1847782 0.1888322 0.1885810 0.1615201 0.2077799 0.1954783 0.3937274 0.1675498 0.1775192 0.1678492 0.1663024 0.1822274 0.1761381 0.2078205 0.1937193 0.2157034 0.2043178 0.1768519 0.0000000 0.2133693 0.2306045 0.1699320 0.1971897 0.1590151 0.2370057 0.1564489 0.1158871 0.2180162 0.1749406 0.2034186 0.2381467 0.1879547 0.2209546 0.1957527 0.2066866 0.2411420 0.1899761 0.2261065 0.1495615 0.1931010 0.2025339 0.1991194 0.1783004 0.1350273 0.1479831 0.1884280 0.2321658 0.1975559 0.0693783 0.2165610 0.1063227 0.1822089 0.2087270 0.2014525 0.2060950 0.2021844 0.2928746 0.1778926 0.1808509 0.1916602 0.2021176 0.1968277 0.1889310 0.1145507 0.1983326 0.2465042 0.2071309 0.1889517 0.1675474 0.1887710 0.2254656 
Perityle_cuneata_34_cuneata_San_antonio  0.0631701 0.0301792 0.2089251 0.1865695 0.2098398 0.0810358 0.1943692 0.3532862 0.2096046 0.0733476 0.2172955 0.1984091 0.2061751 0.1978475 0.1117191 0.2002462 0.1902324 0.4575329 0.1019174 0.1901945 0.1236468 0.0910706 0.1944697 0.1936463 0.1943879 0.2392630 0.2489287 0.2275096 0.0869546 0.2133693 0.0000000 0.0407869 0.0753312 0.1956150 0.1197084 0.0947365 0.2268243 0.0791887 0.1913280 0.2428916 0.1906937 0.0947776 0.2000714 0.0816684 0.2078822 0.2018811 0.2017747 0.2016634 0.0864090 0.1488726 0.2014977 0.2093444 0.1657580 0.1484545 0.1060477 0.1121873 0.1943827 0.2257734 0.2317708 0.0621520 0.0943756 0.0803940 0.1949509 0.2189951 0.2173717 0.2081461 0.1988941 0.1540965 0.1954474 0.1906649 0.0910703 0.1952103 0.1968001 0.1863642 0.2166095 0.1860251 0.0978652 0.1877784 0.1964246 0.1027512 0.1971312 0.0802494 
Perityle_cuneata_4                       0.0695532 0.0392573 0.1894202 0.2031876 0.2051944 0.0863075 0.1899288 0.3594400 0.2418932 0.0895027 0.1868803 0.1639118 0.1741395 0.1688200 0.1166465 0.1702215 0.1577658 0.4682025 0.1009219 0.1876727 0.1233401 0.1103800 0.1615405 0.1770617 0.1676069 0.1834119 0.1901181 0.1860302 0.0960799 0.2306045 0.0407869 0.0000000 0.0878523 0.1666382 0.1030099 0.1039784 0.2193103 0.0938828 0.1735053 0.2357984 0.1710275 0.0994932 0.1725052 0.1207790 0.1798479 0.1727628 0.1984646 0.1672000 0.1923356 0.1389685 0.1720544 0.1750574 0.1554585 0.1445880 0.1182136 0.1203264 0.1638272 0.2270252 0.2209848 0.1708779 0.1087990 0.0831467 0.1688460 0.1823501 0.1676396 0.1882817 0.1861499 0.2590763 0.1707104 0.1582518 0.1021224 0.1660073 0.1686314 0.1605406 0.2282784 0.1781416 0.1037534 0.1690955 0.1632668 0.1134068 0.1660906 0.0813044 
Perityle_discoidea_81                    0.0321950 0.0478235 0.1259924 0.2084620 0.1223116 0.0854235 0.1752535 0.2256691 0.2352922 0.0033055 0.1166241 0.1091223 0.1182355 0.1132711 0.1097697 0.1180801 0.1085356 0.3394767 0.1052395 0.1073166 0.1289069 0.1305200 0.1096883 0.1538292 0.1131283 0.1327945 0.1366092 0.1137069 0.0421050 0.1699320 0.0753312 0.0878523 0.0000000 0.1117651 0.0583049 0.0934326 0.1805409 0.0901408 0.1239664 0.2081833 0.1171665 0.0895600 0.1138103 0.0875330 0.1186841 0.1207090 0.1680189 0.1148951 0.1718806 0.0930326 0.1117452 0.1000758 0.1142998 0.0987394 0.0975596 0.1069903 0.1089631 0.1567906 0.1213327 0.0363646 0.0813861 0.0835791 0.1159072 0.1117943 0.1241136 0.1183550 0.0943220 0.2675929 0.1072214 0.1096540 0.0523082 0.1138600 0.1162128 0.1122069 0.1679323 0.1161266 0.0942571 0.1159230 0.1110539 0.0937129 0.1099867 0.0457493 
Perityle_dissecta_201                    0.1269138 0.0406997 0.0926290 0.2682971 0.0864365 0.0910684 0.2031365 0.2938902 0.2325676 0.1286259 0.1029323 0.0105987 0.0109854 0.0055186 0.0070945 0.0253258 0.0027586 0.3860721 0.0031207 0.0045146 0.0055372 0.0338057 0.0035077 0.1114587 0.0061682 0.1225868 0.1134013 0.1049188 0.1189321 0.1971897 0.1956150 0.1666382 0.1117651 0.0000000 0.0802381 0.1423911 0.1964668 0.0402346 0.0330576 0.2179889 0.0076831 0.1343325 0.0078383 0.1362679 0.0579357 0.0101656 0.1758412 0.0084192 0.2233816 0.0034295 0.0082654 0.0766387 0.0014905 0.0736617 0.0804945 0.0934654 0.0055677 0.0389048 0.0994461 0.0555269 0.1632008 0.0823943 0.0111625 0.1004405 0.1078338 0.1046957 0.0810179 0.1765336 0.0078037 0.0020966 0.1286143 0.0090457 0.0096473 0.0133833 0.1863053 0.0893985 0.1643663 0.0071998 0.0111398 0.0801924 0.0083945 0.1691009 
Perityle_emoryi_47_punta_san_jose        0.0898050 0.0360990 0.0925826 0.2039835 0.0967119 0.0693978 0.1618087 0.2094364 0.2047339 0.0797043 0.0858102 0.0777986 0.0890358 0.0819718 0.0658264 0.0782596 0.0753978 0.3435870 0.0568499 0.0900949 0.0623436 0.0872602 0.0746916 0.1227395 0.0807216 0.0848659 0.0749442 0.0973079 0.0554450 0.1590151 0.1197084 0.1030099 0.0583049 0.0802381 0.0000000 0.1201247 0.1514385 0.0528436 0.0869366 0.1703163 0.0842886 0.1124423 0.0845382 0.1171070 0.0875463 0.0861168 0.1306683 0.0833921 0.1983902 0.0686597 0.0846989 0.0922956 0.0757310 0.0746996 0.0523465 0.0612577 0.0763536 0.1283978 0.1078312 0.0365446 0.1180200 0.0552863 0.0815259 0.0941876 0.0730585 0.0930539 0.0853302 0.2434773 0.0801753 0.0734862 0.0557396 0.0822415 0.0861906 0.0792579 0.1522933 0.0869949 0.1184427 0.0823466 0.0808976 0.0650627 0.0789194 0.0915587 
Perityle_feddemae_99                     0.0925734 0.0689799 0.1883280 0.2218590 0.2029113 0.1283949 0.1963324 0.3432483 0.2642009 0.0899464 0.1909203 0.1402354 0.1515080 0.1432265 0.1012727 0.1468239 0.1394760 0.4799494 0.0945091 0.1631363 0.1131967 0.1069472 0.1409647 0.1655183 0.1430350 0.2032011 0.2142283 0.1618405 0.1132892 0.2370057 0.0947365 0.1039784 0.0934326 0.1423911 0.1201247 0.0000000 0.2430025 0.0879735 0.1593071 0.2461536 0.1456416 0.0110497 0.1428167 0.0244739 0.1626052 0.1507612 0.2197496 0.1442201 0.1107681 0.1128376 0.1445275 0.1363707 0.1414969 0.1502758 0.1350608 0.1419919 0.1415610 0.2071703 0.2049177 0.0854564 0.0719978 0.1205650 0.1454957 0.1565720 0.1902454 0.1807546 0.1784938 0.2463450 0.1429615 0.1403213 0.1214671 0.1448016 0.1463964 0.1335876 0.2433397 0.1799595 0.0644272 0.1442075 0.1355883 0.1351980 0.1433620 0.1026492 
Perityle_fosteri_93                      0.2141241 0.1033136 0.2349649 0.3037876 0.2107296 0.1245730 0.2242854 0.1919106 0.2604045 0.2098963 0.2115859 0.1908727 0.2053886 0.2069408 0.1645000 0.2070331 0.1865714 0.3882542 0.1552177 0.2045979 0.1597135 0.1442507 0.1874236 0.1736661 0.1949409 0.2240985 0.2259963 0.2014629 0.1647744 0.1564489 0.2268243 0.2193103 0.1805409 0.1964668 0.1514385 0.2430025 0.0000000 0.1291043 0.2146782 0.1139321 0.2021164 0.2376162 0.2002706 0.2529060 0.1980265 0.2106959 0.2348306 0.1900507 0.3378452 0.1370984 0.2041251 0.1916889 0.2045397 0.1728053 0.1212249 0.1464434 0.1903330 0.2544862 0.2284474 0.0623228 0.2208848 0.1102445 0.1998956 0.2072896 0.2211662 0.2110617 0.2059014 0.3497630 0.1934664 0.1857556 0.1955254 0.1942154 0.2063524 0.1984146 0.0928836 0.2121970 0.2268683 0.2025283 0.1952767 0.1352034 0.1896945 0.2209790 
Perityle_gamon_221                       0.0749822 0.0318998 0.0834484 0.2007168 0.0633854 0.0706992 0.1736035 0.1596569 0.1995676 0.0908913 0.0781072 0.0369540 0.0481480 0.0427865 0.0447283 0.0408035 0.0366028 0.2471634 0.0385899 0.0263554 0.0418534 0.0728332 0.0350838 0.1330218 0.0385588 0.0947661 0.1007651 0.0696819 0.0904000 0.1158871 0.0791887 0.0938828 0.0901408 0.0402346 0.0528436 0.0879735 0.1291043 0.0000000 0.0492851 0.1643646 0.0425733 0.0825416 0.0417481 0.1157567 0.0083784 0.0437374 0.1018864 0.0414248 0.2096324 0.0280317 0.0410021 0.0393164 0.0375824 0.0486844 0.0757624 0.0776454 0.0353472 0.0767210 0.0590515 0.0303771 0.0840324 0.0647080 0.0406249 0.0704990 0.0829867 0.0792540 0.0328153 0.2122646 0.0439284 0.0366052 0.1093747 0.0390648 0.0444898 0.0431878 0.1091772 0.0808208 0.0822761 0.0432738 0.0377039 0.0681106 0.0376302 0.0903781 
Perityle_gentryi_8_san_francisco         0.1411067 0.0565209 0.1037979 0.2857065 0.1014700 0.0992059 0.2137974 0.2792758 0.2456676 0.1364999 0.1082899 0.0300867 0.0416085 0.0355569 0.0373831 0.0093814 0.0304357 0.3981421 0.0338683 0.0265545 0.0357871 0.0549502 0.0270547 0.1450651 0.0369552 0.1213779 0.1198169 0.1106436 0.1280686 0.2180162 0.1913280 0.1735053 0.1239664 0.0330576 0.0869366 0.1593071 0.2146782 0.0492851 0.0000000 0.2307301 0.0394583 0.1509376 0.0375034 0.1555063 0.0691614 0.0387493 0.1970551 0.0361620 0.2403071 0.0263779 0.0362691 0.0813724 0.0337944 0.0930966 0.0917460 0.1051800 0.0329546 0.0633788 0.1097193 0.0651525 0.1678380 0.0874876 0.0336265 0.1066209 0.1083810 0.1042803 0.0841369 0.2005667 0.0389790 0.0277881 0.1387458 0.0349443 0.0383434 0.0377856 0.2113827 0.1075933 0.1512435 0.0350057 0.0312879 0.0906819 0.0337193 0.1753953 
Perityle_gilensis_22_Superstition        0.2021821 0.1461068 0.2535091 0.2987222 0.2142385 0.1664136 0.2659209 0.2374406 0.2828669 0.2136580 0.2371050 0.1954639 0.2104684 0.2043933 0.1921837 0.2247110 0.2080913 0.5105600 0.1883915 0.2213789 0.2121113 0.2250212 0.1933006 0.1887975 0.2165404 0.2250240 0.2264121 0.2161211 0.2146899 0.1749406 0.2428916 0.2357984 0.2081833 0.2179889 0.1703163 0.2461536 0.1139321 0.1643646 0.2307301 0.0000000 0.2209765 0.2426482 0.2013822 0.2538831 0.2244492 0.2287184 0.2862229 0.1993233 0.3458746 0.1634588 0.2056776 0.2269700 0.2076286 0.1960017 0.1655790 0.1871656 0.1951024 0.2672960 0.2397493 0.0807504 0.2293386 0.1481278 0.2084087 0.2189974 0.2285110 0.2310489 0.2376877 0.3966849 0.1965973 0.1972235 0.2468484 0.2040416 0.2092490 0.2028803 0.1123043 0.2182134 0.2287719 0.2174973 0.2007779 0.2145593 0.1935520 0.2270169 
Perityle_gilensis_salensis_225           0.1308820 0.0432117 0.0941768 0.2700850 0.0915821 0.0948066 0.2042779 0.2740744 0.2306306 0.1396835 0.0971335 0.0113732 0.0171421 0.0098504 0.0122928 0.0275155 0.0068520 0.3987523 0.0068957 0.0084450 0.0104331 0.0402855 0.0061519 0.1144570 0.0105324 0.1155738 0.1117610 0.0974017 0.1259062 0.2034186 0.1906937 0.1710275 0.1171665 0.0076831 0.0842886 0.1456416 0.2021164 0.0425733 0.0394583 0.2209765 0.0000000 0.1384037 0.0131191 0.1461876 0.0585374 0.0145827 0.1759778 0.0125729 0.2368598 0.0077974 0.0114450 0.0610731 0.0074024 0.0777290 0.0847078 0.0965355 0.0095545 0.0461121 0.0954515 0.0586747 0.1663480 0.0833325 0.0164092 0.0941789 0.1013770 0.1009736 0.0719054 0.1801615 0.0116085 0.0061286 0.1363807 0.0135903 0.0149680 0.0178566 0.1951220 0.0973583 0.1496949 0.0118585 0.0120844 0.0857417 0.0110716 0.1744146 
Perityle_glaucescens_94                  0.0847346 0.0676630 0.1817403 0.2180083 0.1935309 0.1226568 0.1917896 0.3387514 0.2586535 0.0863158 0.1843099 0.1306703 0.1430213 0.1347272 0.0939173 0.1385576 0.1319423 0.4637009 0.0866589 0.1557202 0.1052419 0.0972775 0.1322882 0.1596312 0.1357165 0.1953675 0.2036249 0.1588422 0.1072094 0.2381467 0.0947776 0.0994932 0.0895600 0.1343325 0.1124423 0.0110497 0.2376162 0.0825416 0.1509376 0.2426482 0.1384037 0.0000000 0.1341773 0.0140083 0.1564179 0.1415839 0.2195224 0.1354933 0.0986889 0.1039579 0.1369773 0.1297440 0.1342172 0.1429174 0.1268744 0.1351082 0.1331055 0.1989219 0.2011579 0.0778439 0.0653357 0.1125949 0.1369067 0.1531980 0.1821559 0.1740961 0.1649109 0.2332949 0.1343758 0.1326959 0.1142265 0.1361918 0.1378382 0.1258203 0.2389762 0.1721687 0.0587568 0.1375107 0.1289924 0.1265963 0.1349004 0.0982877 
Perityle_gracilis_11                     0.1296058 0.0395171 0.0930791 0.2682745 0.0835017 0.0848808 0.2060090 0.2851936 0.2218068 0.1342351 0.1043103 0.0137535 0.0141620 0.0098959 0.0133198 0.0293813 0.0064527 0.4035277 0.0081406 0.0073078 0.0024161 0.0380476 0.0064610 0.1130547 0.0091905 0.1222921 0.1193348 0.1062058 0.1170473 0.1879547 0.2000714 0.1725052 0.1138103 0.0078383 0.0845382 0.1428167 0.2002706 0.0417481 0.0375034 0.2013822 0.0131191 0.1341773 0.0000000 0.1330737 0.0586470 0.0148343 0.1805071 0.0000010 0.2208239 0.0077128 0.0112877 0.0844299 0.0083519 0.0770443 0.0810304 0.0924449 0.0042734 0.0351675 0.0990677 0.0357419 0.1615764 0.0776113 0.0150319 0.1010594 0.1096209 0.1060402 0.0811340 0.1742862 0.0128735 0.0057592 0.1318040 0.0092315 0.0077305 0.0166992 0.1682181 0.0908265 0.1678566 0.0126580 0.0142995 0.0835998 0.0100150 0.1705943 
Perityle_harkerae_31                     0.1112772 0.0619816 0.1881857 0.2118936 0.1702938 0.1155989 0.1919332 0.2950610 0.2565778 0.1063453 0.1923679 0.1332479 0.1477568 0.1384096 0.0909289 0.1423186 0.1388723 0.4425885 0.1078456 0.1291867 0.1333005 0.0989231 0.1382085 0.1534187 0.1389065 0.2015643 0.2090563 0.1642324 0.1020215 0.2209546 0.0816684 0.1207790 0.0875330 0.1362679 0.1171070 0.0244739 0.2529060 0.1157567 0.1555063 0.2538831 0.1461876 0.0140083 0.1330737 0.0000000 0.1677481 0.1486092 0.2010015 0.1431787 0.1269387 0.0800964 0.1438203 0.1400790 0.1371211 0.1292333 0.1228166 0.1263254 0.1407015 0.1731302 0.1719641 0.0747565 0.0732116 0.1087116 0.1426566 0.1631981 0.1914979 0.1832446 0.1446245 0.2530944 0.1350253 0.1387284 0.1105656 0.1416220 0.1467429 0.1376122 0.2309895 0.1885774 0.0873223 0.1411629 0.1320901 0.1160496 0.1427408 0.1093436 
Perityle_hofmeisteria_4_nombre_de_dios   0.1356476 0.0432705 0.0989758 0.2720988 0.0838126 0.0789674 0.1970078 0.2883737 0.2292804 0.1477120 0.1154926 0.0556478 0.0729553 0.0631949 0.0558316 0.0593439 0.0608760 0.3926787 0.0470743 0.0511203 0.0495886 0.0830199 0.0581380 0.1558558 0.0616997 0.1329168 0.1656613 0.0984545 0.1182498 0.1957527 0.2078822 0.1798479 0.1186841 0.0579357 0.0875463 0.1626052 0.1980265 0.0083784 0.0691614 0.2244492 0.0585374 0.1564179 0.0586470 0.1677481 0.0000000 0.0649994 0.1689236 0.0667971 0.2594245 0.0450651 0.0638876 0.1303227 0.0562180 0.0788270 0.0921518 0.0937617 0.0571554 0.0994301 0.0999710 0.0555481 0.1724899 0.0766451 0.0620133 0.1057156 0.1134780 0.1237594 0.0902044 0.2187853 0.0636555 0.0636491 0.1317859 0.0696679 0.0600125 0.0631151 0.1833154 0.1020506 0.1764886 0.0577562 0.0608926 0.0872145 0.0671592 0.1662472 
Perityle_huecosensis_48                  0.1333957 0.0462725 0.0942202 0.2759503 0.0886028 0.0936073 0.2076828 0.2999334 0.2323038 0.1420563 0.1093932 0.0150447 0.0212360 0.0138280 0.0193298 0.0309797 0.0119858 0.4039014 0.0122771 0.0079772 0.0136975 0.0402739 0.0115611 0.1176187 0.0146599 0.1307213 0.1308698 0.1023349 0.1210184 0.2066866 0.2018811 0.1727628 0.1207090 0.0101656 0.0861168 0.1507612 0.2106959 0.0437374 0.0387493 0.2287184 0.0145827 0.1415839 0.0148343 0.1486092 0.0649994 0.0000000 0.1761039 0.0159174 0.2396812 0.0102056 0.0149380 0.0919667 0.0103603 0.0793634 0.0904373 0.0957893 0.0128490 0.0394835 0.1007809 0.0510112 0.1690476 0.0824229 0.0150970 0.1078111 0.1195253 0.1184780 0.0932911 0.1796288 0.0151007 0.0127215 0.1322089 0.0181542 0.0171296 0.0189174 0.1934755 0.0982475 0.1637212 0.0146701 0.0168886 0.0866965 0.0170650 0.1731714 
