83
Amauria_brandeegeana_62                    0.0000000 0.1496362 0.3749522 0.4240018 0.4501959 0.1267146 0.4339047 0.1865113 0.4273781 0.0275205 0.2686840 0.1914697 0.1846537 0.2729774 0.0761997 0.3280493 0.2860825 0.3700664 0.3098449 0.1690937 0.1859178 0.1861106 0.1076188 0.1826667 0.1772072 0.2612268 0.2733026 0.5067616 0.4329406 0.3409130 0.0776930 0.3031775 0.4099352 0.1450803 0.1741176 0.1924987 0.2712632 0.2664611 0.3437550 0.1880599 0.1949160 0.2684565 0.2436455 0.2645060 0.2799888 0.1864041 0.1801836 0.1785647 0.1796310 0.2248879 0.2720146 0.1833469 0.2605529 0.2660438 0.1857219 0.2792539 0.1221782 0.0968944 0.1798059 0.1791634 0.2194180 0.0855920 0.3969404 0.1446397 0.1758648 0.4458973 0.2827708 0.1753563 0.2959073 0.1072820 0.1754073 0.1830733 0.3057571 0.3407353 0.2313640 0.3865952 0.1386736 0.3001561 0.2575905 0.1898192 0.1436970 0.1545853 0.1752038 
Amauria_carterae_99_mesa                   0.1496362 0.0000000 0.8451878 0.5084933 0.0901812 9.0000000 0.2435246 0.1212810 0.3030708 0.5812052 0.0447307 0.0362823 0.0254132 0.0417474 0.0334706 0.1669854 0.0367553 0.0992589 0.0733229 0.0477372 0.0443563 0.0294385 0.0441725 0.0513266 0.0290293 0.0477422 0.0489728 0.0620531 0.0544520 0.0893468 9.0000000 0.1092262 0.1139740 0.4732714 0.0441548 0.0718644 0.0565602 0.0539888 0.1706958 0.0514829 0.0513266 0.0777703 0.0477397 0.0775664 0.0626019 0.0437273 0.0154342 0.0290106 0.0288930 0.0732941 0.0419409 0.0438518 0.0390738 0.0428489 0.0548716 0.0654642 0.0528331 0.0136319 0.0327348 0.0288930 0.0515877 0.0516198 0.0546258 0.0485137 0.0362823 0.0540844 0.0429641 9.0000000 0.0687040 0.0477136 0.0477596 0.0515729 0.0652277 0.0477488 0.0291776 0.0480722 0.0291170 0.0774262 0.0393382 0.0439605 0.0362993 0.0306926 0.0290106 
Amauria_rotundifolia_SRR9119150            0.3749522 0.8451878 0.0000000 0.5043406 0.6399308 0.1393535 0.5229047 0.3931676 0.5446984 0.1582373 0.3559033 0.3164898 0.3029728 0.3338018 0.3032757 0.3832042 0.7112644 0.4648347 0.3451438 0.3054763 0.2981910 0.3114037 0.7403859 0.3236579 0.3017058 0.3333534 0.3283216 0.7281201 0.7024129 0.3755037 0.0484482 0.3905076 0.6965961 0.3448130 0.3023464 0.2842719 0.3031386 0.3469558 0.4030592 0.3207871 0.3180444 0.3406948 0.3266978 0.3214530 0.3476764 0.3093037 0.6997967 0.3024595 0.3038475 0.2986561 0.3301520 0.3605223 0.3237121 0.3245765 0.3025715 0.3523218 0.3350626 0.7474980 0.3036911 0.2989865 0.3261938 0.8672963 0.6172641 0.3757332 0.2936354 0.8123815 0.3292531 0.1287716 0.3479368 0.8569400 0.3246605 0.3224474 0.3222577 0.5199617 0.3385174 0.6337878 0.3533537 0.3705196 0.3701607 0.3176884 0.7035727 0.3061182 0.3012165 
Conoclinium_coelestinum_SRR9119114         0.4240018 0.5084933 0.5043406 0.0000000 0.6739936 0.1349299 0.3243634 0.3069297 0.5540236 0.4584092 0.4591680 0.5072528 0.4867818 0.4261211 0.3518847 0.4209678 0.7664701 0.5548365 0.4603783 0.4193031 0.4559196 0.4424089 0.7874280 0.4930371 0.4895437 0.5110525 0.5259407 0.6730197 0.7627036 0.4022342 0.1809418 0.5796374 0.8190174 0.5212342 0.5047691 0.4796040 0.4782789 0.5656041 0.4789225 0.3909374 0.4784616 0.4680544 0.5145110 0.4130399 0.5463258 0.4804319 0.8044627 0.4798493 0.4904979 0.4916592 0.4367413 0.4659638 0.4270295 0.5189177 0.4398276 0.5201613 0.3278706 0.8184193 0.4937968 0.4843267 0.4335685 0.5734958 0.7132732 0.2909596 0.4884425 0.6754232 0.5054900 0.4172258 0.5627708 0.7516164 0.4547346 0.4922433 0.4533527 0.5365833 0.4649427 0.7585242 0.3757475 0.6243824 0.5217058 0.4651653 0.7468291 0.3477191 0.4846052 
Eutetras_palmeri_63                        0.4501959 0.0901812 0.6399308 0.6739936 0.0000000 0.3155047 0.4830474 0.2112728 0.3764193 0.2138869 0.2108678 0.1485240 0.1509431 0.1973391 0.0944405 0.2596455 0.1256100 0.3128236 0.1849912 0.1369241 0.1462636 0.1573189 0.0952333 0.1563743 0.1479962 0.1658303 0.1589133 0.2073744 0.1647408 0.1690478 0.2563380 0.1469069 0.1062301 0.4811213 0.1417898 0.1821352 0.1697108 0.1843689 0.3594525 0.1530266 0.1541014 0.1686509 0.1604323 0.1942189 0.2028944 0.1545689 0.0944761 0.1528885 0.1538217 0.1765800 0.1661394 0.1503208 0.1647982 0.1611725 0.1488208 0.1878116 0.1441199 0.0997777 0.1589067 0.1518941 0.1560406 0.1142889 0.1506083 0.1329756 0.1388859 0.1779142 0.1701421 0.4607523 0.1881708 0.0901023 0.1953477 0.1569495 0.1841595 0.1633751 0.1449610 0.1499225 0.1071522 0.2916524 0.2171160 0.1440178 0.1009629 0.1730907 0.1501495 
Eutetras_pringlei_149_quer                 0.1267146 9.0000000 0.1393535 0.1349299 0.3155047 0.0000000 0.1520445 0.0988579 0.1558786 0.1195144 0.1135620 0.1617662 0.1588458 0.1480165 0.0414494 0.1805446 9.0000000 0.0626447 0.0571422 0.1253324 0.1294393 0.0557846 9.0000000 0.1576131 0.1532703 0.1335252 0.1435518 0.6310620 0.8053464 0.0553171 0.0605921 0.1179089 0.4224873 0.1193494 0.1300830 0.1467475 0.1335252 0.1666243 0.1416457 0.1576131 0.1629373 0.1376156 0.1340665 0.1377325 0.1656519 0.1436088 9.0000000 0.1472934 0.1537931 0.1277807 0.1480165 0.0349960 0.1480165 0.1398800 0.1691763 0.1520558 0.0501859 9.0000000 0.1572819 0.1528550 0.0503202 9.0000000 0.5775692 0.0366899 0.1416001 9.0000000 0.1382739 0.0922102 0.1374013 9.0000000 0.1481797 0.1576131 0.1429232 0.2011120 0.1852532 9.0000000 0.0557343 0.1843246 0.1859082 0.0352956 9.0000000 0.0449368 0.1424612 
Eutrochium_fistulosum_SRR9119106           0.4339047 0.2435246 0.5229047 0.3243634 0.4830474 0.1520445 0.0000000 0.2541828 0.5458729 0.3883554 0.3786981 0.3883920 0.3793335 0.3637502 0.2608105 0.3901963 0.4347228 0.4992645 0.4115326 0.3586337 0.3734473 0.3670785 0.3636735 0.3933601 0.3787271 0.4127510 0.4297035 0.4483715 0.5509274 0.3670956 0.1895018 0.4411795 0.4928383 0.4653247 0.3987938 0.3659234 0.3730230 0.4304866 0.4184521 0.3398884 0.3948276 0.3837854 0.3965981 0.3531365 0.4294808 0.3900210 0.4019696 0.3755593 0.3782498 0.3600473 0.3662126 0.4073930 0.3655090 0.4243196 0.3854284 0.4508898 0.2670974 0.2719401 0.3842720 0.3730647 0.3391602 0.1642208 0.4778694 0.2771828 0.3711838 0.4764277 0.4037107 0.4176978 0.4523303 0.2745770 0.3854075 0.3962219 0.3736992 0.5031541 0.3759708 0.4866128 0.3288618 0.4943059 0.4288848 0.3918631 0.3641955 0.2981422 0.3781885 
Galeana_pratensis_104_mex                  0.1865113 0.1212810 0.3931676 0.3069297 0.2112728 0.0988579 0.2541828 0.0000000 0.2590801 0.1887611 0.1698352 0.1703946 0.1597549 0.1977596 0.0740157 0.1802569 0.1133598 0.2449827 0.1748838 0.1350477 0.1571245 0.1019210 0.1006260 0.1678081 0.1567138 0.1669231 0.1763985 0.2177334 0.2158773 0.1492345 0.1206745 0.2178495 0.1671076 0.2398465 0.1552489 0.2181731 0.1705220 0.1936932 0.2489937 0.1535897 0.1599964 0.1866184 0.1644238 0.1807927 0.2310601 0.1593805 0.0778954 0.1549813 0.1529317 0.2163530 0.1629233 0.1249476 0.1709102 0.1713389 0.1457089 0.2252750 0.1425737 0.1106270 0.1649451 0.1642825 0.1637920 0.1185806 0.1839376 0.1137944 0.1568652 0.1836683 0.1809668 0.1189606 0.1688586 0.1182470 0.1520457 0.1685644 0.1601949 0.1848298 0.1527393 0.1520225 0.0951389 0.2817014 0.2133323 0.1062978 0.1031010 0.0957271 0.1614444 
Helianthus_annuus_SRR9119062               0.4273781 0.3030708 0.5446984 0.5540236 0.3764193 0.1558786 0.5458729 0.2590801 0.0000000 0.3732117 0.3904740 0.3740166 0.3431261 0.3479082 0.2174237 0.3588328 0.3186105 0.4686652 0.3505633 0.3117219 0.3359080 0.3162929 0.2523282 0.3656004 0.3351883 0.3590933 0.3579018 0.4113978 0.4131725 0.3300909 0.2253455 0.4384541 0.3894905 0.4460105 0.3432454 0.3959388 0.3528818 0.3844666 0.4595499 0.3268049 0.3564533 0.3618676 0.3389767 0.3495893 0.4270523 0.3416771 0.2401228 0.3431896 0.3476981 0.3714407 0.3365359 0.3343292 0.3378325 0.3431474 0.3327682 0.3819776 0.3091471 0.2134365 0.3507641 0.3426295 0.3322548 0.2667870 0.3382482 0.2707529 0.3431012 0.3821265 0.3697234 0.3802425 0.4406319 0.2560824 0.3511942 0.3671553 0.3449658 0.4156117 0.3184082 0.3500806 0.2538124 0.4631113 0.3982555 0.3316585 0.2529092 0.3085896 0.3458647 
Lycapsus_tenuifolius_17                    0.0275205 0.5812052 0.1582373 0.4584092 0.2138869 0.1195144 0.3883554 0.1887611 0.3732117 0.0000000 0.1079884 0.1256692 0.1181487 0.1390148 0.0691271 0.1685828 0.1437289 0.4207223 0.1637886 0.0901790 0.1051705 0.1057025 0.1334047 0.1096927 0.1240761 0.1326852 0.1330963 0.3425577 0.3411670 0.1410836 0.0612875 0.2680932 0.1987502 0.0126418 0.1088799 0.2222237 0.1302378 0.1804505 0.1877390 0.0971089 0.1133342 0.1551966 0.1322977 0.1306144 0.1972640 0.1132863 0.1316652 0.1175560 0.1205222 0.2171558 0.1178192 0.1114681 0.1125965 0.1285523 0.1063710 0.1885197 0.1167117 0.1583117 0.1223953 0.1221103 0.1994568 0.5155961 0.2184392 0.0996687 0.1038422 0.5317133 0.1324616 0.1989307 0.2563791 0.1857480 0.1178836 0.1085255 0.1501160 0.2243771 0.1780924 0.1201885 0.1088795 0.2507555 0.1707996 0.1112336 0.1201265 0.2184503 0.1218486 
Pericome_caudata_50_silver                 0.2686840 0.0447307 0.3559033 0.4591680 0.2108678 0.1135620 0.3786981 0.1698352 0.3904740 0.1079884 0.0000000 0.1635719 0.1375371 0.1289579 0.0949702 0.2276609 0.1766402 0.2629063 0.1115838 0.1213273 0.1378857 0.0991963 0.0731480 0.1549243 0.1142898 0.1520870 0.1507632 0.1733422 0.2075018 0.1449617 0.1055552 0.1742736 0.2174785 0.2636233 0.1399990 0.1235258 0.1071973 0.1868660 0.2304091 0.1553006 0.1399814 0.1451273 0.1239915 0.1108676 0.1984248 0.1451551 0.0741553 0.1437914 0.1375060 0.1271218 0.1218464 0.1487972 0.1276515 0.1325590 0.1223834 0.1500128 0.1044038 0.1039773 0.1338888 0.1415672 0.1534917 0.0575776 0.1290773 0.0849044 0.1444625 0.1320270 0.1190978 0.2016154 0.1690156 0.0518426 0.1586070 0.1587457 0.1718144 0.2344050 0.1458940 0.1403941 0.0882192 0.2250039 0.1899154 0.1544320 0.1295766 0.1533901 0.1397989 
Perityle_aglossa_84_dead_horse             0.1914697 0.0362823 0.3164898 0.5072528 0.1485240 0.1617662 0.3883920 0.1703946 0.3740166 0.1256692 0.1635719 0.0000000 0.1142296 0.0929806 0.0860248 0.1139599 0.1058546 0.2934674 0.1166296 0.1012682 0.0915192 0.0557571 0.0286079 0.1048996 0.0867288 0.1044317 0.1292188 0.1028847 0.1743153 0.1156549 0.1010440 0.2385178 0.1277215 0.1630524 0.1041856 0.1830007 0.0983646 0.2114839 0.1330473 0.1080572 0.0962580 0.1319472 0.1075235 0.1350991 0.2214796 0.1163754 0.0579326 0.1136278 0.1207077 0.2035975 0.0787950 0.1122747 0.0912242 0.1299049 0.0951512 0.1833770 0.1001964 0.0580459 0.1205952 0.1127769 0.1612133 0.0251876 0.1156723 0.0482705 0.0709760 0.0757697 0.0815759 0.1977730 0.1601091 0.0139318 0.1514830 0.1039848 0.1138182 0.1824127 0.1489959 0.0723994 0.0319952 0.2256069 0.2382073 0.1220896 0.1538749 0.1606940 0.1153239 
Perityle_ajoensis_204                      0.1846537 0.0254132 0.3029728 0.4867818 0.1509431 0.1588458 0.3793335 0.1597549 0.3431261 0.1181487 0.1375371 0.1142296 0.0000000 0.0791490 0.0315212 0.1005338 0.0429523 0.2602810 0.1100737 0.0397853 0.0596469 0.0033252 0.0227273 0.0661957 0.0100278 0.0837228 0.0846356 0.0878690 0.1578886 0.1061723 0.0951604 0.2070189 0.1248304 0.1617829 0.0667425 0.1576236 0.0857357 0.1616946 0.1366196 0.0689460 0.0688139 0.1104352 0.0840849 0.1160448 0.1909006 0.0644373 0.0179061 0.0073570 0.0113510 0.1654027 0.0676215 0.0735995 0.0756764 0.0795933 0.0681197 0.1464106 0.0816382 0.0299762 0.0105194 0.0063741 0.1288716 0.0253074 0.0876096 0.0449038 0.0426130 0.0811592 0.0833328 0.1935161 0.1585202 0.0227546 0.0924248 0.0665197 0.0953401 0.1720383 0.0313067 0.0618966 0.0008785 0.2033675 0.1860458 0.0645346 0.0390659 0.1415943 0.0083309 
Perityle_ambrosiifolia_67_green            0.2729774 0.0417474 0.3338018 0.4261211 0.1973391 0.1480165 0.3637502 0.1977596 0.3479082 0.1390148 0.1289579 0.0929806 0.0791490 0.0000000 0.0571073 0.1713486 0.0869680 0.2197245 0.0959442 0.0599662 0.0882378 0.0791156 0.0920200 0.0852373 0.0806766 0.1225239 0.0925288 0.1068928 0.1858709 0.1344353 0.0901889 0.1803134 0.1779493 0.2962553 0.0752796 0.1204894 0.1019432 0.1694951 0.1462217 0.0874335 0.0916824 0.1271109 0.1236897 0.1120869 0.1708125 0.0722632 0.0715118 0.0872418 0.0867396 0.1204572 0.0162562 0.0826455 0.0198046 0.0902042 0.0862699 0.1357212 0.0862729 0.1006610 0.0866512 0.0818283 0.1393489 0.0655292 0.1446313 0.0703192 0.0794147 0.0875146 0.0864324 0.1764461 0.1318469 0.0862197 0.1232115 0.0853062 0.1439345 0.2232918 0.1229293 0.0839643 0.0768873 0.1479019 0.1854520 0.0695068 0.0984008 0.1470318 0.0850841 
Perityle_angustifolia_13_Eagle_creek       0.0761997 0.0334706 0.3032757 0.3518847 0.0944405 0.0414494 0.2608105 0.0740157 0.2174237 0.0691271 0.0949702 0.0860248 0.0315212 0.0571073 0.0000000 0.0442807 0.0115187 0.1793147 0.0722245 0.0081903 0.0323254 0.0269796 0.0041197 0.0376525 0.0334486 0.0444240 0.0411136 0.0648401 0.0757518 0.0898986 0.0662415 0.0779752 0.0821971 0.1503783 0.0324695 0.0738254 0.0386859 0.0632423 0.1259285 0.0377198 0.0396924 0.0595271 0.0422388 0.0742777 0.0943145 0.0132937 0.0156011 0.0345525 0.0353496 0.0768675 0.0389351 0.0403139 0.0377055 0.0410242 0.0301930 0.0880368 0.0865144 0.0279184 0.0362647 0.0334688 0.0664397 0.0257934 0.0880051 0.0243204 0.0242307 0.0509937 0.0351576 0.1043668 0.0769512 0.0202614 0.0091205 0.0377509 0.0603902 0.1203932 0.0365000 0.0361516 0.0247654 0.1831963 0.0776447 0.0154382 0.0261616 0.0590034 0.0335204 
Perityle_batopilensis_97                   0.3280493 0.1669854 0.3832042 0.4209678 0.2596455 0.1805446 0.3901963 0.1802569 0.3588328 0.1685828 0.2276609 0.1139599 0.1005338 0.1713486 0.0442807 0.0000000 0.0660990 0.2858306 0.1729573 0.0780681 0.0944935 0.0721967 0.0572230 0.1115799 0.0881432 0.1504894 0.1611161 0.2392069 0.2103837 0.1801338 0.0881010 0.2336866 0.2328722 0.2773720 0.0971989 0.2283682 0.1637868 0.2087567 0.0674165 0.1115510 0.1088490 0.1741587 0.1512085 0.2031305 0.2378621 0.0926359 0.0482467 0.1068531 0.1073465 0.2319796 0.1609763 0.0955560 0.1695722 0.1523998 0.1049364 0.2003046 0.1405880 0.0612676 0.1112841 0.1091762 0.1808774 0.1579512 0.2197342 0.1312627 0.0966308 0.1719847 0.1633697 0.1860718 0.1871363 0.0735765 0.1244435 0.1111267 0.1742317 0.2135104 0.1227377 0.1548640 0.0633070 0.2369405 0.2508278 0.0748759 0.0761461 0.1766529 0.1082226 
Perityle_bisetosa_9                        0.2860825 0.0367553 0.7112644 0.7664701 0.1256100 9.0000000 0.4347228 0.1133598 0.3186105 0.1437289 0.1766402 0.1058546 0.0429523 0.0869680 0.0115187 0.0660990 0.0000000 0.2551156 0.0614691 0.0332337 0.0161084 0.0372303 0.0166110 0.0302849 0.0425795 0.0518989 0.0514261 0.0957345 0.0736391 0.0908300 9.0000000 0.1254015 0.1014705 0.2581958 0.0195458 0.1387129 0.0387072 0.1527869 0.1617465 0.0279719 0.0250707 0.0726892 0.0481768 0.1072934 0.2235645 0.0409792 0.0148187 0.0438943 0.0435529 0.1448407 0.0600564 0.0397880 0.0760216 0.0439638 0.0301887 0.0850121 0.0755966 0.0259532 0.0507803 0.0480863 0.0641207 0.0205073 0.0647089 0.0341850 0.0258069 0.0757755 0.0542276 0.4521067 0.0919004 0.0056337 0.0856308 0.0303750 0.0732630 0.0604564 0.0434560 0.0518950 0.0137223 0.1824221 0.2375031 0.0440324 0.0179042 0.0222370 0.0464369 
Perityle_californica_76_positas            0.3700664 0.0992589 0.4648347 0.5548365 0.3128236 0.0626447 0.4992645 0.2449827 0.4686652 0.4207223 0.2629063 0.2934674 0.2602810 0.2197245 0.1793147 0.2858306 0.2551156 0.0000000 0.2627406 0.2571489 0.2805670 0.2302285 0.2721560 0.2930876 0.2678502 0.2904360 0.3109733 0.2507050 0.4125015 0.1871777 0.1132468 0.2554744 0.2458426 0.4543759 0.2788922 0.2995803 0.2325218 0.3483725 0.3286907 0.2412871 0.2927460 0.3267097 0.2850418 0.2655473 0.3440573 0.2817989 0.2213981 0.2637558 0.2625959 0.3161069 0.2496579 0.2683630 0.2524156 0.3065562 0.2806067 0.3557562 0.1571158 0.3028423 0.2747506 0.2679165 0.3616035 0.1310603 0.3055245 0.1467573 0.2769025 0.1901085 0.2683831 0.2880721 0.3326511 0.1507461 0.2867884 0.2968631 0.2630000 0.3866375 0.2697041 0.2727828 0.2121019 0.3355144 0.2871427 0.2605102 0.2747590 0.2059546 0.2663234 
Perityle_canescens_77                      0.3098449 0.0733229 0.3451438 0.4603783 0.1849912 0.0571422 0.4115326 0.1748838 0.3505633 0.1637886 0.1115838 0.1166296 0.1100737 0.0959442 0.0722245 0.1729573 0.0614691 0.2627406 0.0000000 0.0911069 0.1035547 0.1025256 0.0593582 0.1214329 0.1116889 0.1208815 0.1202443 0.1236323 0.1762343 0.1518198 0.1170606 0.2291059 0.1667720 0.3296191 0.1104812 0.1716198 0.1181141 0.1711793 0.1734751 0.1145514 0.1225171 0.1369374 0.1228059 0.1321099 0.1706984 0.1032450 0.0317496 0.1087374 0.1130454 0.1594461 0.0914935 0.1138863 0.0913709 0.1115362 0.1182634 0.1745723 0.1140321 0.0492339 0.1152735 0.1087730 0.1695699 0.0856244 0.1264765 0.0945702 0.1074006 0.1081989 0.1105481 0.1937181 0.1908605 0.0635016 0.1340858 0.1239210 0.1227153 0.1869277 0.1116692 0.0836259 0.0836959 0.1680571 0.1865530 0.1100889 0.0706227 0.1814483 0.1108914 
Perityle_castillonii_96                    0.1690937 0.0477372 0.3054763 0.4193031 0.1369241 0.1253324 0.3586337 0.1350477 0.3117219 0.0901790 0.1213273 0.1012682 0.0397853 0.0599662 0.0081903 0.0780681 0.0332337 0.2571489 0.0911069 0.0000000 0.0451276 0.0340291 0.0080591 0.0532855 0.0409674 0.0584520 0.0516281 0.0780404 0.1352713 0.0928064 0.0628095 0.1511163 0.1093371 0.1499166 0.0500793 0.1118047 0.0508461 0.1014773 0.0995074 0.0543276 0.0546342 0.0829374 0.0580378 0.0982946 0.1131346 0.0198462 0.0238307 0.0437005 0.0486066 0.1031320 0.0508428 0.0580982 0.0507871 0.0465247 0.0476831 0.0992306 0.0828086 0.0342643 0.0454348 0.0448876 0.0971732 0.0354843 0.0952013 0.0341326 0.0396584 0.0717801 0.0486949 0.1393361 0.1310985 0.0370185 0.0457429 0.0529167 0.0843216 0.1492042 0.0728081 0.0465494 0.0289098 0.1501867 0.1469870 0.0284007 0.0351062 0.1115620 0.0453769 
Perityle_cernua_84                         0.1859178 0.0443563 0.2981910 0.4559196 0.1462636 0.1294393 0.3734473 0.1571245 0.3359080 0.1051705 0.1378857 0.0915192 0.0596469 0.0882378 0.0323254 0.0944935 0.0161084 0.2805670 0.1035547 0.0451276 0.0000000 0.0430964 0.0288941 0.0522775 0.0569947 0.0780379 0.0695968 0.1075655 0.1558721 0.1070062 0.0791352 0.1926152 0.1278931 0.1521881 0.0298927 0.1709588 0.0696314 0.1473326 0.1252073 0.0501468 0.0562538 0.1112202 0.0769552 0.1256806 0.1691328 0.0645260 0.0210637 0.0600967 0.0595314 0.1673088 0.0720527 0.0355838 0.0773868 0.0625584 0.0517097 0.1309965 0.0881933 0.0362160 0.0618030 0.0607569 0.1290073 0.0360009 0.0984165 0.0496062 0.0345841 0.0883929 0.0671204 0.1591294 0.1580257 0.0084239 0.0906344 0.0520837 0.0957863 0.1663446 0.0804843 0.0669889 0.0329863 0.1838900 0.1771574 0.0628412 0.0187538 0.1429593 0.0610205 
Perityle_cfvillosa_25_tin                  0.1861106 0.0294385 0.3114037 0.4424089 0.1573189 0.0557846 0.3670785 0.1019210 0.3162929 0.1057025 0.0991963 0.0557571 0.0033252 0.0791156 0.0269796 0.0721967 0.0372303 0.2302285 0.1025256 0.0340291 0.0430964 0.0000000 0.0247900 0.0606944 0.0072795 0.0757847 0.0728711 0.0819446 0.1581680 0.1102200 0.0983860 0.1713004 0.1243238 0.1669417 0.0518140 0.1395875 0.0717525 0.1197174 0.1376973 0.0626702 0.0607786 0.0984272 0.0707444 0.1154684 0.1424323 0.0558491 0.0133750 0.0026712 0.0045968 0.1389140 0.0624887 0.0574066 0.0626069 0.0657604 0.0611231 0.1289803 0.0880308 0.0322355 0.0066647 0.0019940 0.1114061 0.0254519 0.0903510 0.0464899 0.0281885 0.0796601 0.0696575 0.1503839 0.1526272 0.0228274 0.0768593 0.0611017 0.0899528 0.1404912 0.0033920 0.0655295 0.0017613 0.1847159 0.1340453 0.0628390 0.0220968 0.1431108 0.0026632 
Perityle_cinerea_113_Powell1310            0.1076188 0.0441725 0.7403859 0.7874280 0.0952333 9.0000000 0.3636735 0.1006260 0.2523282 0.1334047 0.0731480 0.0286079 0.0227273 0.0920200 0.0041197 0.0572230 0.0166110 0.2721560 0.0593582 0.0080591 0.0288941 0.0247900 0.0000000 0.0455911 0.0266256 0.0542830 0.0555610 0.0655697 0.0660018 0.1007696 9.0000000 0.0945740 0.0853068 0.2380651 0.0309689 0.0800553 0.0376705 0.0612589 0.1873667 0.0456695 0.0434494 0.0601259 0.0501504 0.0752558 0.0922240 0.0203601 0.0282339 0.0245773 0.0244740 0.0812908 0.0552100 0.0308393 0.0529610 0.0483947 0.0499549 0.0855282 0.0825882 0.0410539 0.0266193 0.0246043 0.0635454 0.0302708 0.0685045 0.0419292 0.0247373 0.0601392 0.0576391 9.0000000 0.0991572 0.0370815 0.0000010 0.0458215 0.0708490 0.0587905 0.0267061 0.0496333 0.0246226 0.2340348 0.0467877 0.0203494 0.0246708 0.0165502 0.0225538 
Perityle_coahuilensis_24                   0.1826667 0.0513266 0.3236579 0.4930371 0.1563743 0.1576131 0.3933601 0.1678081 0.3656004 0.1096927 0.1549243 0.1048996 0.0661957 0.0852373 0.0376525 0.1115799 0.0302849 0.2930876 0.1214329 0.0532855 0.0522775 0.0606944 0.0455911 0.0000000 0.0692329 0.1193636 0.0848262 0.1152657 0.1664560 0.1301917 0.1072225 0.2368789 0.1339079 0.1526602 0.0437972 0.1808467 0.1167203 0.2200225 0.1373434 0.0027436 0.0161072 0.1259626 0.1244617 0.1290671 0.2579283 0.0739744 0.0309606 0.0755346 0.0788975 0.2031119 0.0796782 0.0593497 0.0847048 0.0856694 0.0338022 0.1456099 0.1098827 0.0403756 0.0764015 0.0722194 0.1422536 0.0406688 0.1084213 0.0435153 0.0490579 0.0935299 0.0906209 0.2040661 0.1676346 0.0252975 0.1012934 0.0000010 0.1368592 0.2135475 0.0968188 0.0727132 0.0462322 0.2264450 0.2365222 0.0831484 0.0353486 0.1549327 0.0758485 
Perityle_cochisensis_44_cave_creek         0.1772072 0.0290293 0.3017058 0.4895437 0.1479962 0.1532703 0.3787271 0.1567138 0.3351883 0.1240761 0.1142898 0.0867288 0.0100278 0.0806766 0.0334486 0.0881432 0.0425795 0.2678502 0.1116889 0.0409674 0.0569947 0.0072795 0.0266256 0.0692329 0.0000000 0.0875477 0.0894060 0.0875126 0.1596906 0.1081052 0.0941570 0.2116755 0.1172940 0.1624322 0.0684802 0.1592416 0.0868020 0.1425780 0.1398953 0.0676942 0.0684455 0.1153970 0.0872353 0.1183561 0.1739414 0.0706883 0.0180733 0.0116678 0.0153416 0.1727500 0.0652324 0.0739896 0.0660342 0.0840353 0.0674351 0.1504580 0.0865162 0.0296573 0.0160823 0.0094129 0.1256556 0.0253536 0.0884919 0.0446055 0.0418303 0.0793416 0.0858028 0.1857032 0.1616460 0.0225094 0.0846045 0.0689290 0.0905677 0.1810907 0.0311695 0.0616652 0.0026139 0.2161555 0.1614852 0.0753853 0.0394740 0.1438980 0.0122186 
Perityle_congesta_202                      0.2612268 0.0477422 0.3333534 0.5110525 0.1658303 0.1335252 0.4127510 0.1669231 0.3590933 0.1326852 0.1520870 0.1044317 0.0837228 0.1225239 0.0444240 0.1504894 0.0518989 0.2904360 0.1208815 0.0584520 0.0780379 0.0757847 0.0542830 0.1193636 0.0875477 0.0000000 0.1024446 0.1149399 0.1461118 0.1660235 0.0974396 0.2177446 0.1481137 0.2573952 0.0836529 0.1586658 0.0309972 0.1675667 0.1812761 0.0840227 0.1057181 0.1179220 0.0139161 0.1208192 0.1928867 0.0824993 0.0410740 0.1037372 0.1029005 0.1718335 0.1094957 0.1154375 0.1134230 0.0869623 0.0847631 0.1452315 0.0957115 0.0674446 0.0959344 0.0877623 0.1400070 0.0740760 0.1086519 0.0606470 0.1067023 0.0900574 0.0902605 0.1999307 0.1760692 0.0458286 0.1140992 0.1195366 0.1211036 0.0825041 0.1093979 0.0115929 0.0684003 0.1971332 0.2062106 0.0849686 0.0593546 0.1775246 0.0965644 
Perityle_cordifolia_27                     0.2733026 0.0489728 0.3283216 0.5259407 0.1589133 0.1435518 0.4297035 0.1763985 0.3579018 0.1330963 0.1507632 0.1292188 0.0846356 0.0925288 0.0411136 0.1611161 0.0514261 0.3109733 0.1202443 0.0516281 0.0695968 0.0728711 0.0555610 0.0848262 0.0894060 0.1024446 0.0000000 0.1204471 0.1460523 0.1340702 0.0871901 0.2414792 0.1438760 0.2549532 0.0771377 0.1806221 0.0998363 0.2072838 0.1829615 0.0689094 0.0914191 0.1315689 0.1039702 0.1342873 0.2376424 0.0732211 0.0421362 0.0901292 0.1000225 0.1874733 0.0858756 0.0896769 0.0901442 0.0128666 0.0736396 0.1436198 0.0907037 0.0578151 0.0943398 0.0855968 0.1448109 0.0687020 0.1119948 0.0137556 0.0743247 0.0993993 0.0082814 0.2118919 0.1888375 0.0654460 0.1050928 0.0845654 0.1264001 0.1685359 0.1054123 0.0733165 0.0647701 0.2169285 0.2245675 0.0831453 0.0502012 0.1798899 0.0925323 
Perityle_cordifolia_68_tecolote            0.5067616 0.0620531 0.7281201 0.6730197 0.2073744 0.6310620 0.4483715 0.2177334 0.4113978 0.3425577 0.1733422 0.1028847 0.0878690 0.1068928 0.0648401 0.2392069 0.0957345 0.2507050 0.1236323 0.0780404 0.1075655 0.0819446 0.0655697 0.1152657 0.0875126 0.1149399 0.1204471 0.0000000 0.1309737 0.1633475 0.5320705 0.1964165 0.1831584 0.6441880 0.1040691 0.1287303 0.1104574 0.1966802 0.2438973 0.1151733 0.1119311 0.1231045 0.1080514 0.1293971 0.2235534 0.0900324 0.0516004 0.0943025 0.0884521 0.1269403 0.1013807 0.1253487 0.1121969 0.1096375 0.1033521 0.1569043 0.0481355 0.0509402 0.0909894 0.0979565 0.1449407 0.0860676 0.1235277 0.0928618 0.1098040 0.1277095 0.1081245 0.4420776 0.1657526 0.0729200 0.1617889 0.1154556 0.1266212 0.1325527 0.0867299 0.1052915 0.0647534 0.1594730 0.2324951 0.0976345 0.0718435 0.1635488 0.0970316 
Perityle_coronopifolia_28_patagonia        0.4329406 0.0544520 0.7024129 0.7627036 0.1647408 0.8053464 0.5509274 0.2158773 0.4131725 0.3411670 0.2075018 0.1743153 0.1578886 0.1858709 0.0757518 0.2103837 0.0736391 0.4125015 0.1762343 0.1352713 0.1558721 0.1581680 0.0660018 0.1664560 0.1596906 0.1461118 0.1460523 0.1309737 0.0000000 0.1968810 0.6600573 0.2223448 0.1484124 0.5022712 0.1533296 0.2652313 0.1618841 0.2028675 0.3088585 0.1369888 0.1752358 0.1530464 0.1477595 0.1919835 0.2464449 0.1462738 0.0486122 0.1559619 0.1635402 0.2257555 0.1443839 0.1529836 0.1537036 0.1381038 0.1776491 0.0991112 0.1732888 0.0594732 0.1692212 0.1578898 0.0902704 0.0131980 0.1021593 0.1903832 0.1538044 0.0023213 0.1460035 0.7067839 0.1842885 0.0647397 0.2123812 0.1669040 0.1647272 0.1532251 0.1728090 0.0853584 0.1483590 0.2561627 0.2532206 0.1482847 0.0762862 0.1944025 0.1554731 
Perityle_crassifolia_70_ventanas           0.3409130 0.0893468 0.3755037 0.4022342 0.1690478 0.0553171 0.3670956 0.1492345 0.3300909 0.1410836 0.1449617 0.1156549 0.1061723 0.1344353 0.0898986 0.1801338 0.0908300 0.1871777 0.1518198 0.0928064 0.1070062 0.1102200 0.1007696 0.1301917 0.1081052 0.1660235 0.1340702 0.1633475 0.1968810 0.0000000 0.0101336 0.1669881 0.1486378 0.3671852 0.1046240 0.1428992 0.1556086 0.1939992 0.1891094 0.1216511 0.1276907 0.1497956 0.1680013 0.1444267 0.1995134 0.1094327 0.0648219 0.1182307 0.1207368 0.1478861 0.1280807 0.1072482 0.1278906 0.1304582 0.1232856 0.1655462 0.1220037 0.0675859 0.1178347 0.1093779 0.1542470 0.0774542 0.1638635 0.1166138 0.1081490 0.1178053 0.1280071 0.1771746 0.1499424 0.0905626 0.1421962 0.1304729 0.1504775 0.2291182 0.1113934 0.1290412 0.0953977 0.1906365 0.2098863 0.1158213 0.1045419 0.1738397 0.1140415 
Perityle_crassifolia_74_playa_balandra     0.0776930 9.0000000 0.0484482 0.1809418 0.2563380 0.0605921 0.1895018 0.1206745 0.2253455 0.0612875 0.1055552 0.1010440 0.0951604 0.0901889 0.0662415 0.0881010 9.0000000 0.1132468 0.1170606 0.0628095 0.0791352 0.0983860 9.0000000 0.1072225 0.0941570 0.0974396 0.0871901 0.5320705 0.6600573 0.0101336 0.0000000 0.0900258 0.4153021 0.0563859 0.0752556 0.0945856 0.1047938 0.1096774 0.0829890 0.1027602 0.1126437 0.0900754 0.0977705 0.0825534 0.1135775 0.0748768 9.0000000 0.0898770 0.0944243 0.0767873 0.0901889 0.0791529 0.0901889 0.0879097 0.1135245 0.1214349 0.0872524 9.0000000 0.0975874 0.0991607 0.1003419 9.0000000 0.5355209 0.0881022 0.0800392 9.0000000 0.0803601 0.1216341 0.0597303 9.0000000 0.0864716 0.1072225 0.1021500 0.1053470 0.0979875 9.0000000 0.0987510 0.1135255 0.1146111 0.0802682 9.0000000 0.1062464 0.0856836 
Perityle_cuneata_34_cuneata_San_antonio    0.3031775 0.1092262 0.3905076 0.5796374 0.1469069 0.1179089 0.4411795 0.2178495 0.4384541 0.2680932 0.1742736 0.2385178 0.2070189 0.1803134 0.0779752 0.2336866 0.1254015 0.2554744 0.2291059 0.1511163 0.1926152 0.1713004 0.0945740 0.2368789 0.2116755 0.2177446 0.2414792 0.1964165 0.2223448 0.1669881 0.0900258 0.0000000 0.1024176 0.3351397 0.2209486 0.2476996 0.2094756 0.2818848 0.2605149 0.1448407 0.2429815 0.2153515 0.2043372 0.1891642 0.2878658 0.2092339 0.0815060 0.2318893 0.2337453 0.2610695 0.1662029 0.2406111 0.1668141 0.2322708 0.1861800 0.2446955 0.1400527 0.0764686 0.2307438 0.2248440 0.2362676 0.1385487 0.1660941 0.1259632 0.2312338 0.1734619 0.2416142 0.3253164 0.2436120 0.0877847 0.2172728 0.2393238 0.2012002 0.2899281 0.1947347 0.1550978 0.1245449 0.3153389 0.2554840 0.2443122 0.0948954 0.2101000 0.2253676 
Perityle_cuneata_4                         0.4099352 0.1139740 0.6965961 0.8190174 0.1062301 0.4224873 0.4928383 0.1671076 0.3894905 0.1987502 0.2174785 0.1277215 0.1248304 0.1779493 0.0821971 0.2328722 0.1014705 0.2458426 0.1667720 0.1093371 0.1278931 0.1243238 0.0853068 0.1339079 0.1172940 0.1481137 0.1438760 0.1831584 0.1484124 0.1486378 0.4153021 0.1024176 0.0000000 0.4691100 0.1233824 0.2083806 0.1534628 0.1976841 0.3297131 0.1274657 0.1281831 0.1602128 0.1476245 0.1916157 0.2263652 0.1273099 0.0719000 0.1265295 0.1290024 0.1806099 0.1480338 0.1254741 0.1467224 0.1414038 0.1290620 0.1790690 0.1567776 0.0745050 0.1289806 0.1257189 0.1564083 0.1306742 0.1345835 0.1330507 0.1234684 0.1603259 0.1520820 0.5227269 0.1707672 0.0918384 0.1871249 0.1343538 0.1576405 0.1549400 0.1176988 0.1359849 0.0916595 0.2662819 0.2366200 0.1272982 0.0913428 0.1981660 0.1254096 
Perityle_discoidea_81                      0.1450803 0.4732714 0.3448130 0.5212342 0.4811213 0.1193494 0.4653247 0.2398465 0.4460105 0.0126418 0.2636233 0.1630524 0.1617829 0.2962553 0.1503783 0.2773720 0.2581958 0.4543759 0.3296191 0.1499166 0.1521881 0.1669417 0.2380651 0.1526602 0.1624322 0.2573952 0.2549532 0.6441880 0.5022712 0.3671852 0.0563859 0.3351397 0.4691100 0.0000000 0.1511496 0.2960755 0.2999806 0.2796744 0.2855316 0.1582607 0.1603622 0.2675734 0.2597358 0.2949335 0.3024227 0.1607772 0.2457511 0.1566171 0.1594685 0.3160431 0.2684387 0.1565383 0.2567717 0.2484102 0.1629619 0.2918969 0.2145054 0.2356827 0.1571268 0.1601669 0.3004577 0.3875103 0.4901289 0.2270586 0.1514919 0.7012932 0.2746200 0.1841426 0.3431133 0.3247471 0.1721033 0.1514956 0.2950108 0.3542665 0.2225682 0.4646461 0.1690205 0.3273002 0.2861471 0.1696421 0.2451902 0.2783705 0.1571213 
Perityle_dissecta_201                      0.1741176 0.0441548 0.3023464 0.5047691 0.1417898 0.1300830 0.3987938 0.1552489 0.3432454 0.1088799 0.1399990 0.1041856 0.0667425 0.0752796 0.0324695 0.0971989 0.0195458 0.2788922 0.1104812 0.0500793 0.0298927 0.0518140 0.0309689 0.0437972 0.0684802 0.0836529 0.0771377 0.1040691 0.1533296 0.1046240 0.0752556 0.2209486 0.1233824 0.1511496 0.0000000 0.1769107 0.0771330 0.1835331 0.1261867 0.0296801 0.0520409 0.1175280 0.0850919 0.1227377 0.2172452 0.0681098 0.0210982 0.0683852 0.0742006 0.1893823 0.0654807 0.0217544 0.0716621 0.0747210 0.0416431 0.1331399 0.0867259 0.0296985 0.0748049 0.0701283 0.1360022 0.0253074 0.0983658 0.0477975 0.0498514 0.0842284 0.0796027 0.1838883 0.1613514 0.0197703 0.0986671 0.0436645 0.1132541 0.1637301 0.0881289 0.0611268 0.0328898 0.1993417 0.2130386 0.0742618 0.0290182 0.1456750 0.0696192 
Perityle_feddemae_99                       0.1924987 0.0718644 0.2842719 0.4796040 0.1821352 0.1467475 0.3659234 0.2181731 0.3959388 0.2222237 0.1235258 0.1830007 0.1576236 0.1204894 0.0738254 0.2283682 0.1387129 0.2995803 0.1716198 0.1118047 0.1709588 0.1395875 0.0800553 0.1808467 0.1592416 0.1586658 0.1806221 0.1287303 0.2652313 0.1428992 0.0945856 0.2476996 0.2083806 0.2960755 0.1769107 0.0000000 0.1398254 0.1507540 0.2209349 0.1383666 0.1853393 0.0668958 0.1599190 0.0617633 0.1464728 0.1593811 0.1158786 0.1618491 0.1639428 0.0424299 0.1175923 0.1871798 0.1170900 0.1685191 0.1595366 0.1791418 0.1198702 0.1479994 0.1690292 0.1639112 0.1586694 0.0950316 0.1797989 0.0922894 0.1634723 0.0968115 0.1542613 0.2447588 0.2164011 0.0790556 0.1580383 0.1803502 0.1512611 0.2716591 0.1834454 0.1294551 0.1041460 0.2224895 0.1729339 0.1744556 0.1493942 0.1404265 0.1613410 
Perityle_fosteri_93                        0.2712632 0.0565602 0.3031386 0.4782789 0.1697108 0.1335252 0.3730230 0.1705220 0.3528818 0.1302378 0.1071973 0.0983646 0.0857357 0.1019432 0.0386859 0.1637868 0.0387072 0.2325218 0.1181141 0.0508461 0.0696314 0.0717525 0.0376705 0.1167203 0.0868020 0.0309972 0.0998363 0.1104574 0.1618841 0.1556086 0.1047938 0.2094756 0.1534628 0.2999806 0.0771330 0.1398254 0.0000000 0.1585631 0.1428217 0.0849844 0.1049801 0.1257123 0.0281120 0.1094371 0.1727337 0.0761949 0.0138433 0.1023825 0.0994813 0.1500068 0.0962201 0.1073997 0.0967941 0.0852235 0.0837176 0.1543153 0.0977842 0.0268110 0.0922449 0.0873783 0.1415939 0.0818604 0.1103394 0.0609158 0.0978057 0.0827711 0.0842625 0.1787224 0.1732759 0.0452819 0.0985142 0.1184316 0.1002649 0.1186033 0.1095593 0.0184709 0.0636502 0.1600755 0.1746270 0.0844579 0.0452835 0.1812648 0.0945120 
Perityle_gamon_221                         0.2664611 0.0539888 0.3469558 0.5656041 0.1843689 0.1666243 0.4304866 0.1936932 0.3844666 0.1804505 0.1868660 0.2114839 0.1616946 0.1694951 0.0632423 0.2087567 0.1527869 0.3483725 0.1711793 0.1014773 0.1473326 0.1197174 0.0612589 0.2200225 0.1425780 0.1675667 0.2072838 0.1966802 0.2028675 0.1939992 0.1096774 0.2818848 0.1976841 0.2796744 0.1835331 0.1507540 0.1585631 0.0000000 0.2310949 0.1497519 0.1807497 0.1476236 0.1506431 0.1268506 0.0322341 0.1684129 0.0552036 0.2107937 0.1814606 0.1514839 0.1521513 0.2109795 0.1578725 0.1604646 0.1227118 0.1505194 0.1166171 0.0593428 0.1739098 0.1830820 0.1464135 0.0824710 0.1160794 0.0890666 0.2095859 0.1523366 0.1765695 0.2610055 0.2502794 0.0460524 0.1665170 0.2184450 0.1639278 0.2556225 0.1492151 0.1400873 0.0855946 0.2787842 0.2452747 0.1908615 0.0807146 0.1647813 0.1900069 
Perityle_gentryi_8_san_francisco           0.3437550 0.1706958 0.4030592 0.4789225 0.3594525 0.1416457 0.4184521 0.2489937 0.4595499 0.1877390 0.2304091 0.1330473 0.1366196 0.1462217 0.1259285 0.0674165 0.1617465 0.3286907 0.1734751 0.0995074 0.1252073 0.1376973 0.1873667 0.1373434 0.1398953 0.1812761 0.1829615 0.2438973 0.3088585 0.1891094 0.0829890 0.2605149 0.3297131 0.2855316 0.1261867 0.2209349 0.1428217 0.2310949 0.0000000 0.1419928 0.1393407 0.2107508 0.1882369 0.1952363 0.2094056 0.1175659 0.1879429 0.1368737 0.1400135 0.2191318 0.1751659 0.1339187 0.1741698 0.1758353 0.1374402 0.2388353 0.1607536 0.2483242 0.1404569 0.1396620 0.2736315 0.1591399 0.3388234 0.1313810 0.1230520 0.1794741 0.1355949 0.1863317 0.2638147 0.0769056 0.1533002 0.1350735 0.1987377 0.2708387 0.1738759 0.2525029 0.1425141 0.2518439 0.2454255 0.1266801 0.2158624 0.2018986 0.1379059 
Perityle_gilensis_22_Superstition          0.1880599 0.0514829 0.3207871 0.3909374 0.1530266 0.1576131 0.3398884 0.1535897 0.3268049 0.0971089 0.1553006 0.1080572 0.0689460 0.0874335 0.0377198 0.1115510 0.0279719 0.2412871 0.1145514 0.0543276 0.0501468 0.0626702 0.0456695 0.0027436 0.0676942 0.0840227 0.0689094 0.1151733 0.1369888 0.1216511 0.1027602 0.1448407 0.1274657 0.1582607 0.0296801 0.1383666 0.0849844 0.1497519 0.1419928 0.0000000 0.0105413 0.1075671 0.0879831 0.1232629 0.1846351 0.0690460 0.0310446 0.0714028 0.0749894 0.1422600 0.0788633 0.0461192 0.0856420 0.0670885 0.0314309 0.1149947 0.1113014 0.0404469 0.0767975 0.0719772 0.1140474 0.0408409 0.1048344 0.0450009 0.0484646 0.0915261 0.0717008 0.1737109 0.1161245 0.0253567 0.1000631 0.0036074 0.1260524 0.1819124 0.1040388 0.0714952 0.0470832 0.1693063 0.1962276 0.0697467 0.0354228 0.1008549 0.0729433 
Perityle_gilensis_salensis_225             0.1949160 0.0513266 0.3180444 0.4784616 0.1541014 0.1629373 0.3948276 0.1599964 0.3564533 0.1133342 0.1399814 0.0962580 0.0688139 0.0916824 0.0396924 0.1088490 0.0250707 0.2927460 0.1225171 0.0546342 0.0562538 0.0607786 0.0434494 0.0161072 0.0684455 0.1057181 0.0914191 0.1119311 0.1752358 0.1276907 0.1126437 0.2429815 0.1281831 0.1603622 0.0520409 0.1853393 0.1049801 0.1807497 0.1393407 0.0105413 0.0000000 0.1304165 0.1099815 0.1391660 0.2118046 0.0791128 0.0292413 0.0791598 0.0803097 0.2050509 0.0775521 0.0579426 0.0782667 0.0890121 0.0353724 0.1596951 0.1182309 0.0381877 0.0767714 0.0752808 0.1459759 0.0406688 0.1042728 0.0489051 0.0510733 0.0924026 0.0928620 0.1951255 0.1791112 0.0252975 0.1041357 0.0160445 0.1135196 0.1977213 0.0940416 0.0738373 0.0466103 0.2411792 0.2037702 0.0854619 0.0369945 0.1618179 0.0784858 
Perityle_glaucescens_94                    0.2684565 0.0777703 0.3406948 0.4680544 0.1686509 0.1376156 0.3837854 0.1866184 0.3618676 0.1551966 0.1451273 0.1319472 0.1104352 0.1271109 0.0595271 0.1741587 0.0726892 0.3267097 0.1369374 0.0829374 0.1112202 0.0984272 0.0601259 0.1259626 0.1153970 0.1179220 0.1315689 0.1231045 0.1530464 0.1497956 0.0900754 0.2153515 0.1602128 0.2675734 0.1175280 0.0668958 0.1257123 0.1476236 0.2107508 0.1075671 0.1304165 0.0000000 0.1193331 0.0283184 0.1741554 0.1122318 0.0584063 0.1180702 0.1200572 0.0419290 0.1047978 0.1314909 0.1057734 0.1209809 0.1094727 0.1401342 0.1294937 0.0679880 0.1241765 0.1187804 0.1168848 0.0990350 0.1081431 0.0965355 0.1140229 0.1006541 0.1257469 0.2147416 0.1807406 0.0716483 0.1494438 0.1274062 0.1329087 0.1933251 0.1305001 0.0792839 0.0833936 0.2094985 0.1880838 0.1153929 0.0740804 0.1324194 0.1175653 
Perityle_gracilis_11                       0.2436455 0.0477397 0.3266978 0.5145110 0.1604323 0.1340665 0.3965981 0.1644238 0.3389767 0.1322977 0.1239915 0.1075235 0.0840849 0.1236897 0.0422388 0.1512085 0.0481768 0.2850418 0.1228059 0.0580378 0.0769552 0.0707444 0.0501504 0.1244617 0.0872353 0.0139161 0.1039702 0.1080514 0.1477595 0.1680013 0.0977705 0.2043372 0.1476245 0.2597358 0.0850919 0.1599190 0.0281120 0.1506431 0.1882369 0.0879831 0.1099815 0.1193331 0.0000000 0.1180909 0.1803212 0.0843305 0.0355821 0.1031357 0.1016883 0.1710918 0.1064371 0.1173826 0.1063278 0.0907412 0.0845741 0.1475724 0.0932993 0.0632081 0.0929005 0.0875070 0.1379991 0.0657934 0.1071684 0.0590468 0.1062939 0.0819977 0.0926874 0.1803811 0.1765276 0.0459019 0.0918044 0.1246419 0.1069785 0.0863293 0.1037780 0.0067994 0.0633537 0.2054878 0.1714191 0.0852295 0.0572822 0.1716490 0.0956654 
Perityle_harkerae_31                       0.2645060 0.0775664 0.3214530 0.4130399 0.1942189 0.1377325 0.3531365 0.1807927 0.3495893 0.1306144 0.1108676 0.1350991 0.1160448 0.1120869 0.0742777 0.2031305 0.1072934 0.2655473 0.1321099 0.0982946 0.1256806 0.1154684 0.0752558 0.1290671 0.1183561 0.1208192 0.1342873 0.1293971 0.1919835 0.1444267 0.0825534 0.1891642 0.1916157 0.2949335 0.1227377 0.0617633 0.1094371 0.1268506 0.1952363 0.1232629 0.1391660 0.0283184 0.1180909 0.0000000 0.1300664 0.1162971 0.0921726 0.1197835 0.1195290 0.0360732 0.1000393 0.1298672 0.1006111 0.1251140 0.1277930 0.1447191 0.1276643 0.1014939 0.1243578 0.1222073 0.1319291 0.0990439 0.1334062 0.0936481 0.1189095 0.0980889 0.1120662 0.1917072 0.1592333 0.0710401 0.1326298 0.1344734 0.1278148 0.2122313 0.1521921 0.0951606 0.0954170 0.1764837 0.1516763 0.1259745 0.1169225 0.1254587 0.1176966 
Perityle_hofmeisteria_4_nombre_de_dios     0.2799888 0.0626019 0.3476764 0.5463258 0.2028944 0.1656519 0.4294808 0.2310601 0.4270523 0.1972640 0.1984248 0.2214796 0.1909006 0.1708125 0.0943145 0.2378621 0.2235645 0.3440573 0.1706984 0.1131346 0.1691328 0.1424323 0.0922240 0.2579283 0.1739414 0.1928867 0.2376424 0.2235534 0.2464449 0.1995134 0.1135775 0.2878658 0.2263652 0.3024227 0.2172452 0.1464728 0.1727337 0.0322341 0.2094056 0.1846351 0.2118046 0.1741554 0.1803212 0.1300664 0.0000000 0.1845542 0.0978166 0.2505994 0.2084520 0.1495714 0.1624273 0.2519222 0.1642308 0.1805858 0.1484977 0.1664679 0.1229206 0.1051032 0.2009166 0.2219480 0.1756857 0.0910004 0.1507632 0.0931828 0.2501558 0.1512199 0.1759119 0.2559214 0.2592330 0.0529786 0.1820414 0.2553646 0.1751135 0.2913536 0.1773841 0.1829923 0.0989783 0.2561191 0.2536714 0.2383939 0.1362620 0.1704383 0.2164398 
