74
Amauria_brandeegeana_62                    0.0000000 0.1161338 0.1081837 0.1835761 0.1212762 0.1650797 0.1254070 0.1674388 0.1519358 0.0031601 0.1295836 0.0604198 0.2741172 0.0905405 0.0397992 0.0547093 0.0544343 0.1022886 0.0704598 0.0417001 0.0456651 0.1345062 0.1031421 0.1048952 0.0897878 0.1114836 0.1265743 0.1307189 0.2144277 0.0815202 0.0081119 0.0506164 0.0764049 0.0940959 0.0969708 0.1267583 0.0610472 0.0799806 0.1040660 0.0915911 0.0857284 0.0810304 0.0818327 0.0907075 0.1052963 0.0486671 0.1024904 0.1085757 0.0514865 0.0830671 0.1422630 0.0201649 0.0998974 0.0572158 0.0258522 0.0763282 0.0835859 0.1173644 0.1153811 0.1170791 0.1417203 0.1370345 0.0280762 0.0490377 0.1002272 0.1208418 0.0917438 0.1126756 0.1423850 0.1291339 0.0453239 0.1015208 0.0532357 0.0947902 
Amauria_carterae_99_mesa                   0.1161338 0.0000000 0.0655692 0.1905639 0.1179541 0.0976590 0.1349263 0.1827779 0.1957370 0.1039539 0.0840992 0.1453264 0.1178936 0.0558892 0.1012129 0.1330116 0.1113220 0.0746077 0.1333896 0.1155936 0.1143196 0.1806346 0.0564791 0.0616456 0.0429512 0.0667535 0.1150329 0.0907510 0.1625916 0.0704873 0.1063081 0.1382209 0.0573374 0.1034134 0.0558996 0.0983901 0.1322361 0.0593228 0.0630654 0.0867892 0.0504776 0.1428308 0.0576056 0.0597123 0.0602084 0.1125242 0.0627181 0.0634908 0.1121838 0.1410439 0.1417104 0.1250594 0.0559971 0.1251657 0.1088628 0.1196060 0.0533023 0.0740745 0.0937910 0.0663034 0.0878726 0.0665874 0.1256447 0.1116156 0.0505331 0.1176756 0.0554208 0.0389960 0.0945711 0.0826236 0.1005688 0.0879221 0.1054589 0.0540486 
Amauria_rotundifolia_SRR9119150            0.1081837 0.0655692 0.0000000 0.1639289 0.1064225 0.1271636 0.1136543 0.1702209 0.1940660 0.0939948 0.1022597 0.1185905 0.2284753 0.0440429 0.0977808 0.1094538 0.1010281 0.0301821 0.1052348 0.0931355 0.0969362 0.1663287 0.0760250 0.0645210 0.0555213 0.0900806 0.1532266 0.0773623 0.1458357 0.0067023 0.0865050 0.1089838 0.0411545 0.0983230 0.0522509 0.1013477 0.1021599 0.0718074 0.0839702 0.0948554 0.0514655 0.1252194 0.0290205 0.0762730 0.0700740 0.0999743 0.0868776 0.0713116 0.0921763 0.1197237 0.1862161 0.0903054 0.0844786 0.0881586 0.0814149 0.1100832 0.0142112 0.0944885 0.0983070 0.0916684 0.0886742 0.0901349 0.1090316 0.1018553 0.0714361 0.0914168 0.0822578 0.0456334 0.1378673 0.0906111 0.0802134 0.0553228 0.0845773 0.0602113 
Conoclinium_coelestinum_SRR9119114         0.1835761 0.1905639 0.1639289 0.0000000 0.1414844 0.1897133 0.1329849 0.1748032 0.1864511 0.1591473 0.1765088 0.1850195 0.3070739 0.1377986 0.1598423 0.1817822 0.1681260 0.1586205 0.1938911 0.1702402 0.1643611 0.1873863 0.1457727 0.1619011 0.1388500 0.1737084 0.2017385 0.1968100 0.2260946 0.1512638 0.1587493 0.1772924 0.1365454 0.1852794 0.1395392 0.1940752 0.1863505 0.1363178 0.1551062 0.1776265 0.1257898 0.1687715 0.1582634 0.1343413 0.1616851 0.1566062 0.1513782 0.1614805 0.1646771 0.1896775 0.2305744 0.1748150 0.1361749 0.1610194 0.1480244 0.1784180 0.1532433 0.1731808 0.1748484 0.1632140 0.1898481 0.1857998 0.1279534 0.1674646 0.1446471 0.1774025 0.1319047 0.1631558 0.2075844 0.1716417 0.1502193 0.1457813 0.1400151 0.1313884 
Eutetras_palmeri_63                        0.1212762 0.1179541 0.1064225 0.1414844 0.0000000 0.1759657 0.0978140 0.1725334 0.1471054 0.0942231 0.1046533 0.1230304 0.2774625 0.0878512 0.0859811 0.1093190 0.1089281 0.1189581 0.1228856 0.0969928 0.1004891 0.1620583 0.0959656 0.1047511 0.0835731 0.1157236 0.1510931 0.1452498 0.1794858 0.1146192 0.0986564 0.1137972 0.0891129 0.1187308 0.0902810 0.1346551 0.1187595 0.0968450 0.0973118 0.1178631 0.0950719 0.1222095 0.0897069 0.0892690 0.0981628 0.0993217 0.1076660 0.1062696 0.1000496 0.1339142 0.1982455 0.1157826 0.0992882 0.1074026 0.1057477 0.1135950 0.0738147 0.1194278 0.1170841 0.1086169 0.1279504 0.1154208 0.1178748 0.1015339 0.0917599 0.1372253 0.0883918 0.1020919 0.1310516 0.1378053 0.0883567 0.1063956 0.0918403 0.0785241 
Eutetras_pringlei_149_quer                 0.1650797 0.0976590 0.1271636 0.1897133 0.1759657 0.0000000 0.1464779 0.1414265 0.1637419 0.1630298 0.1023239 0.1614193 0.2386436 0.0775384 0.1001497 0.1656222 0.1538860 0.1188866 0.1804150 0.1605285 0.1614633 0.1558223 0.1025298 0.0863399 0.0897053 0.1107384 0.1169177 0.0940802 0.0601519 0.1220453 0.1496879 0.1713014 0.0926147 0.1246543 0.0796796 0.1197933 0.1778849 0.1136048 0.1092642 0.1035574 0.0936446 0.1687582 0.0959909 0.1080937 0.1069163 0.1398476 0.1112559 0.1080167 0.1611297 0.1602892 0.1444176 0.1266425 0.1089780 0.1353559 0.0907536 0.1323467 0.0530530 0.1196483 0.1180775 0.0998070 0.1297244 0.1233137 0.1255737 0.1610220 0.0958111 0.1450341 0.1049092 0.0978513 0.1604704 0.1093926 0.1547824 0.1330831 0.1606787 0.0941914 
Eutrochium_fistulosum_SRR9119106           0.1254070 0.1349263 0.1136543 0.1329849 0.0978140 0.1464779 0.0000000 0.1558639 0.1143289 0.1026319 0.1244123 0.1185127 0.2618184 0.0968850 0.1035930 0.1244379 0.1059654 0.1233878 0.1380237 0.1053695 0.1113387 0.1556159 0.0958730 0.1149345 0.0952912 0.1238492 0.1749899 0.1519917 0.2047277 0.1130618 0.1070159 0.1200978 0.1013696 0.1260853 0.1041619 0.1296900 0.1244415 0.0839810 0.1083984 0.1193629 0.0990191 0.1226159 0.1043462 0.0979215 0.1095443 0.1014485 0.1019570 0.1256592 0.1081043 0.1382269 0.2177447 0.1277421 0.0992272 0.1162203 0.1154299 0.1304644 0.1099269 0.1233110 0.1152851 0.1221219 0.1444656 0.1229798 0.0886935 0.1086302 0.1000640 0.1417903 0.0960172 0.1137890 0.1383768 0.1333835 0.0944088 0.1055559 0.0929906 0.0957589 
Galeana_pratensis_104_mex                  0.1674388 0.1827779 0.1702209 0.1748032 0.1725334 0.1414265 0.1558639 0.0000000 0.1544066 0.1509018 0.1872438 0.1719430 0.2495105 0.1459051 0.1392008 0.1690476 0.1493589 0.1574517 0.2010458 0.1596698 0.1705836 0.1966150 0.1482691 0.1597130 0.1370225 0.1718328 0.1940843 0.1815920 0.1203684 0.1590469 0.1507733 0.1589885 0.1417133 0.1546754 0.1331800 0.1995199 0.1826325 0.1563509 0.1515754 0.1443330 0.1285087 0.1719747 0.1527024 0.1435317 0.1600945 0.1464488 0.1596061 0.1536813 0.1423490 0.2001407 0.2209550 0.1559038 0.1415551 0.1655716 0.1303080 0.1400932 0.1282515 0.1756365 0.1697150 0.1594656 0.1601016 0.1587709 0.1167062 0.1477187 0.1417435 0.2144605 0.1401512 0.1093747 0.1913738 0.1292907 0.1555004 0.1577492 0.1421657 0.1408193 
Helianthus_annuus_SRR9119062               0.1519358 0.1957370 0.1940660 0.1864511 0.1471054 0.1637419 0.1143289 0.1544066 0.0000000 0.1421186 0.1856956 0.1604456 0.2152467 0.1471963 0.1333807 0.1490805 0.1532242 0.1883949 0.1819878 0.1432172 0.1433500 0.1459624 0.1541588 0.1561478 0.1373746 0.1685168 0.1855842 0.1868419 0.2132288 0.1952279 0.1395733 0.1570139 0.1277038 0.1763403 0.1427519 0.1855140 0.1524778 0.1470465 0.1595342 0.1654537 0.1481321 0.1566021 0.1670820 0.1471806 0.1562830 0.1452221 0.1554734 0.1529969 0.1386824 0.1928797 0.2055122 0.1238733 0.1519541 0.1302469 0.1118433 0.1575541 0.1308574 0.1884953 0.1386227 0.1662535 0.1725942 0.1667327 0.1528678 0.1650996 0.1552948 0.2041966 0.1427042 0.0899136 0.2041167 0.1861367 0.1393761 0.1736688 0.1441495 0.1493717 
Lycapsus_tenuifolius_17                    0.0031601 0.1039539 0.0939948 0.1591473 0.0942231 0.1630298 0.1026319 0.1509018 0.1421186 0.0000000 0.1084848 0.0461482 0.2485887 0.0707440 0.0321582 0.0421870 0.0429750 0.0878770 0.0532568 0.0351732 0.0367842 0.1279015 0.0847900 0.0895768 0.0743355 0.0929973 0.1178501 0.0885053 0.1854198 0.0620823 0.0066754 0.0496988 0.0656133 0.0712357 0.0809236 0.1119145 0.0502508 0.0683665 0.0909286 0.0657522 0.0674810 0.0678486 0.0716092 0.0749788 0.0858469 0.0469364 0.0850886 0.0908270 0.0426495 0.0679083 0.1305936 0.0261739 0.0825284 0.0414666 0.0413298 0.0617108 0.0705848 0.0994936 0.0941915 0.1006493 0.1228840 0.1121095 0.0403699 0.0425895 0.0814295 0.0756644 0.0739480 0.0600267 0.1262875 0.1158946 0.0377906 0.0878235 0.0482565 0.0851781 
Pericome_caudata_50_silver                 0.1295836 0.0840992 0.1022597 0.1765088 0.1046533 0.1023239 0.1244123 0.1872438 0.1856956 0.1084848 0.0000000 0.1469902 0.2639931 0.0651071 0.1329042 0.1363417 0.1317172 0.0696074 0.0961800 0.1149140 0.1146736 0.1897127 0.1037335 0.0850551 0.0771643 0.1072647 0.1510443 0.0832261 0.1530357 0.0767984 0.0960651 0.1350259 0.0626386 0.1139203 0.0786778 0.1209707 0.1171615 0.0965562 0.1126530 0.1180192 0.0641405 0.1563891 0.0680398 0.1007209 0.0866126 0.1319831 0.0984807 0.0980310 0.1124632 0.1080966 0.1851074 0.1040119 0.1087352 0.1026241 0.1034981 0.1286097 0.0470538 0.1205987 0.1023918 0.1117124 0.1042309 0.1161329 0.1278515 0.1348731 0.0999912 0.0990757 0.0974414 0.0715424 0.1387630 0.1069516 0.1173435 0.0773659 0.1204523 0.0929457 
Perityle_aglossa_84_dead_horse             0.0604198 0.1453264 0.1185905 0.1850195 0.1230304 0.1614193 0.1185127 0.1719430 0.1604456 0.0461482 0.1469902 0.0000000 0.2918936 0.1026176 0.0380517 0.0504733 0.0435623 0.1117742 0.0811388 0.0240229 0.0199263 0.1105301 0.1170840 0.1120755 0.0976740 0.1190273 0.1335843 0.1410630 0.2055765 0.0963990 0.0435211 0.0401406 0.0911114 0.1024898 0.0963473 0.1220470 0.0625196 0.0884589 0.1202874 0.0918076 0.1030731 0.0901016 0.0910162 0.1068143 0.1177894 0.0294140 0.1146131 0.1180592 0.0446553 0.0845855 0.1713920 0.0325915 0.1113289 0.0666849 0.0549511 0.0886048 0.1250013 0.1324679 0.1049801 0.1327191 0.1358876 0.1496861 0.0194924 0.0446001 0.1138384 0.1283444 0.1030496 0.1327471 0.1385575 0.1386526 0.0372598 0.1142531 0.0459872 0.1156002 
Perityle_ajoensis_204                      0.2741172 0.1178936 0.2284753 0.3070739 0.2774625 0.2386436 0.2618184 0.2495105 0.2152467 0.2485887 0.2639931 0.2918936 0.0000000 0.2129999 0.1451743 0.2808402 0.2769843 0.3040557 0.3037361 0.2694158 0.2632893 0.1592395 0.1749880 0.1864806 0.1792752 0.1973375 0.2767842 0.2125634 0.1358381 0.2648168 0.2660644 0.2829545 0.2003998 0.2466185 0.1556062 0.2597903 0.2898762 0.1653552 0.1680512 0.2447231 0.2310493 0.2438962 0.1925141 0.2035174 0.1985413 0.2571836 0.1900187 0.1923094 0.2541716 0.2866741 0.1915717 0.2860681 0.1754044 0.2602105 0.1350432 0.2335402 0.0173586 0.1843699 0.2704370 0.1732483 0.2446226 0.1913862 0.2250083 0.2653697 0.1704520 0.2311141 0.1770261 0.0627546 0.2580142 0.2956307 0.2533670 0.2810197 0.2394741 0.1645883 
Perityle_ambrosiifolia_67_green            0.0905405 0.0558892 0.0440429 0.1377986 0.0878512 0.0775384 0.0968850 0.1459051 0.1471963 0.0707440 0.0651071 0.1026176 0.2129999 0.0000000 0.0609286 0.0917867 0.0728847 0.0460537 0.0962943 0.0771716 0.0720047 0.1463435 0.0092247 0.0136970 0.0055266 0.0237192 0.1133779 0.0782417 0.1348549 0.0350974 0.0767436 0.0888466 0.0186861 0.0715006 0.0122571 0.0815381 0.0972841 0.0154208 0.0197470 0.0611898 0.0123592 0.0919994 0.0359239 0.0152374 0.0132956 0.0703258 0.0171239 0.0184718 0.0765439 0.1112252 0.1834496 0.0814431 0.0167130 0.0742756 0.0713055 0.0942322 0.0115004 0.0290706 0.0629904 0.0165003 0.0630474 0.0405092 0.0997659 0.0713034 0.0039610 0.0894555 0.0152203 0.0115790 0.0699382 0.0365204 0.0444077 0.0500756 0.0432794 0.0160364 
Perityle_angustifolia_13_Eagle_creek       0.0397992 0.1012129 0.0977808 0.1598423 0.0859811 0.1001497 0.1035930 0.1392008 0.1333807 0.0321582 0.1329042 0.0380517 0.1451743 0.0609286 0.0000000 0.0258376 0.0045265 0.0814488 0.0554112 0.0086171 0.0214489 0.1061244 0.0974428 0.0820350 0.0771009 0.0943274 0.1333404 0.1071289 0.1737189 0.0668325 0.0297902 0.0328155 0.0670938 0.0809472 0.0613022 0.1097830 0.0227800 0.0886786 0.1060745 0.0691097 0.0471864 0.0830203 0.0759806 0.0857712 0.0866279 0.0123447 0.0878808 0.0925235 0.0091785 0.0654215 0.0719737 0.0068298 0.0937675 0.0374636 0.0152634 0.0375974 0.0471704 0.1199997 0.0857000 0.1195931 0.0971290 0.1196375 0.0046151 0.0089109 0.0999768 0.0972722 0.0793662 0.0249086 0.1038169 0.1018120 0.0315067 0.0766304 0.0448170 0.0984730 
Perityle_batopilensis_97                   0.0547093 0.1330116 0.1094538 0.1817822 0.1093190 0.1656222 0.1244379 0.1690476 0.1490805 0.0421870 0.1363417 0.0504733 0.2808402 0.0917867 0.0258376 0.0000000 0.0346733 0.1075593 0.0703464 0.0304745 0.0361307 0.1279069 0.1102573 0.1105136 0.1000239 0.1252381 0.1179045 0.1374564 0.2138165 0.0893834 0.0376492 0.0384308 0.0806445 0.1050854 0.0928078 0.1216703 0.0169171 0.0809272 0.1152871 0.0963364 0.0920823 0.0659958 0.0815070 0.1103327 0.1138300 0.0271550 0.1160703 0.1162125 0.0385059 0.0763731 0.1319760 0.0147365 0.1084101 0.0430246 0.0325458 0.0671343 0.0943851 0.1267388 0.1154129 0.1225840 0.1383992 0.1471245 0.0282068 0.0326024 0.1090417 0.1163252 0.1025991 0.1356430 0.1434594 0.1365299 0.0357599 0.1030771 0.0468594 0.0944421 
Perityle_bisetosa_9                        0.0544343 0.1113220 0.1010281 0.1681260 0.1089281 0.1538860 0.1059654 0.1493589 0.1532242 0.0429750 0.1317172 0.0435623 0.2769843 0.0728847 0.0045265 0.0346733 0.0000000 0.0895481 0.0632238 0.0075101 0.0173359 0.1087751 0.1085710 0.0903238 0.0788644 0.1068416 0.1316668 0.1264429 0.1986974 0.0774233 0.0377466 0.0389485 0.0706712 0.0934899 0.0717243 0.1198181 0.0486060 0.0795352 0.1077492 0.0852372 0.0714950 0.0900466 0.0653113 0.0884757 0.0997100 0.0188983 0.0987866 0.0963556 0.0092073 0.0781868 0.1484589 0.0149487 0.1059414 0.0397065 0.0259100 0.0656210 0.0712635 0.1244995 0.1045241 0.1184159 0.1200262 0.1432990 0.0000010 0.0098139 0.1074140 0.1082484 0.0843061 0.0970754 0.1260274 0.1244865 0.0337587 0.0914802 0.0448761 0.1012638 
Perityle_californica_76_positas            0.1022886 0.0746077 0.0301821 0.1586205 0.1189581 0.1188866 0.1233878 0.1574517 0.1883949 0.0878770 0.0696074 0.1117742 0.3040557 0.0460537 0.0814488 0.1075593 0.0895481 0.0000000 0.1045226 0.0914402 0.0965719 0.1589716 0.0538503 0.0505488 0.0418440 0.0648081 0.1097485 0.0742703 0.0945133 0.0162935 0.0914402 0.1024735 0.0366717 0.0885087 0.0463051 0.0979587 0.1138039 0.0473058 0.0562512 0.0752878 0.0522014 0.1079837 0.0092505 0.0569348 0.0558647 0.0863089 0.0577527 0.0586224 0.0908361 0.1210803 0.2055180 0.0893866 0.0571984 0.0926575 0.0881170 0.1234921 0.0236057 0.0697160 0.0883940 0.0602462 0.0784823 0.0545330 0.1163000 0.0857521 0.0457124 0.1012942 0.0551516 0.0485545 0.1152161 0.0575901 0.0783351 0.0476808 0.0796711 0.0272382 
Perityle_canescens_77                      0.0704598 0.1333896 0.1052348 0.1938911 0.1228856 0.1804150 0.1380237 0.2010458 0.1819878 0.0532568 0.0961800 0.0811388 0.3037361 0.0962943 0.0554112 0.0703464 0.0632238 0.1045226 0.0000000 0.0596887 0.0655096 0.1511722 0.0930114 0.1003096 0.0879263 0.1096663 0.1270973 0.1372145 0.2264150 0.0823809 0.0572125 0.0699008 0.0978775 0.1078601 0.1054865 0.1161946 0.0758631 0.0686961 0.0964113 0.0976256 0.0947076 0.0814374 0.0936294 0.0956543 0.0999210 0.0623990 0.0975665 0.1134927 0.0635965 0.0733156 0.1686033 0.0684070 0.0927899 0.0636574 0.0790023 0.0883804 0.0902592 0.1076870 0.1123644 0.1153747 0.1298562 0.1231472 0.0573914 0.0662942 0.0904151 0.1262820 0.0922086 0.0986160 0.1372446 0.1213834 0.0645709 0.1077693 0.0554087 0.0894231 
Perityle_castillonii_96                    0.0417001 0.1155936 0.0931355 0.1702402 0.0969928 0.1605285 0.1053695 0.1596698 0.1432172 0.0351732 0.1149140 0.0240229 0.2694158 0.0771716 0.0086171 0.0304745 0.0075101 0.0914402 0.0596887 0.0000000 0.0153905 0.0992229 0.0849008 0.1001750 0.0812780 0.0993827 0.1035912 0.1267955 0.2053863 0.0751017 0.0329692 0.0219986 0.0714063 0.0918012 0.0830543 0.1075892 0.0388337 0.0494938 0.0884970 0.0842804 0.0780463 0.0548952 0.0660409 0.0812104 0.0941120 0.0166371 0.0921738 0.0966061 0.0141264 0.0661839 0.1451623 0.0098076 0.0829548 0.0426134 0.0218075 0.0606215 0.0739030 0.1037703 0.1021895 0.0989759 0.1239463 0.1183249 0.0000010 0.0111520 0.0812583 0.1101963 0.0820985 0.1118838 0.1301143 0.1184503 0.0259062 0.0914885 0.0274901 0.0717456 
Perityle_cernua_84                         0.0456651 0.1143196 0.0969362 0.1643611 0.1004891 0.1614633 0.1113387 0.1705836 0.1433500 0.0367842 0.1146736 0.0199263 0.2632893 0.0720047 0.0214489 0.0361307 0.0173359 0.0965719 0.0655096 0.0153905 0.0000000 0.1173553 0.0819134 0.0914359 0.0828721 0.0958753 0.1097208 0.1374919 0.1979450 0.0744401 0.0398130 0.0344959 0.0775392 0.0926118 0.0782529 0.1152167 0.0419950 0.0680092 0.0896714 0.0852993 0.0795108 0.0674992 0.0622715 0.0899684 0.0907210 0.0146723 0.0881282 0.1016092 0.0250899 0.0751027 0.1397351 0.0292305 0.0874978 0.0483440 0.0544906 0.0717936 0.0871812 0.1032816 0.0959571 0.1024449 0.1057056 0.1083038 0.0195227 0.0243135 0.0828560 0.1126684 0.0883952 0.1030295 0.1184430 0.1177467 0.0323862 0.0955069 0.0394324 0.0824621 
Perityle_cinerea_113_Powell1310            0.1345062 0.1806346 0.1663287 0.1873863 0.1620583 0.1558223 0.1556159 0.1966150 0.1459624 0.1279015 0.1897127 0.1105301 0.1592395 0.1463435 0.1061244 0.1279069 0.1087751 0.1589716 0.1511722 0.0992229 0.1173553 0.0000000 0.1367638 0.1703313 0.1545854 0.1756288 0.1966094 0.1766525 0.1289559 0.1514893 0.1335894 0.1231005 0.1439741 0.1841853 0.1389380 0.1845500 0.1259522 0.1417089 0.1397960 0.1641915 0.1461808 0.1461456 0.1720022 0.1521001 0.1742698 0.1163295 0.1481631 0.1767836 0.0937067 0.1699448 0.1791430 0.0888329 0.1514446 0.1198213 0.0857095 0.1375120 0.1628075 0.1851350 0.1712017 0.1689841 0.1813129 0.1554938 0.0056632 0.0942196 0.1414792 0.1810112 0.1461808 0.1308459 0.1957029 0.1343196 0.1294871 0.1538085 0.1246199 0.1493199 
Perityle_coahuilensis_24                   0.1031421 0.0564791 0.0760250 0.1457727 0.0959656 0.1025298 0.0958730 0.1482691 0.1541588 0.0847900 0.1037335 0.1170840 0.1749880 0.0092247 0.0974428 0.1102573 0.1085710 0.0538503 0.0930114 0.0849008 0.0819134 0.1367638 0.0000000 0.0150526 0.0022607 0.0244833 0.1149629 0.0765743 0.1384246 0.0547097 0.0744611 0.1061157 0.0199447 0.0806800 0.0111298 0.1061610 0.1049321 0.0107791 0.0079328 0.0944241 0.0100851 0.0933931 0.0354634 0.0230901 0.0129992 0.0987194 0.0114466 0.0213551 0.0869037 0.1081811 0.1738034 0.0758368 0.0136969 0.0743664 0.0670364 0.0918172 0.0028689 0.0206425 0.0912616 0.0237138 0.0884865 0.0722802 0.0995636 0.0995429 0.0097510 0.0920864 0.0124742 0.0465834 0.1184467 0.0704386 0.0731386 0.0521766 0.0868136 0.0340157 
Perityle_cochisensis_44_cave_creek         0.1048952 0.0616456 0.0645210 0.1619011 0.1047511 0.0863399 0.1149345 0.1597130 0.1561478 0.0895768 0.0850551 0.1120755 0.1864806 0.0136970 0.0820350 0.1105136 0.0903238 0.0505488 0.1003096 0.1001750 0.0914359 0.1703313 0.0150526 0.0000000 0.0116213 0.0268599 0.1118680 0.0813898 0.1512286 0.0455980 0.0911324 0.1026698 0.0262686 0.0881344 0.0123591 0.0857461 0.1135836 0.0183257 0.0210742 0.0740587 0.0096233 0.1028383 0.0446418 0.0194972 0.0159403 0.0888427 0.0172723 0.0282773 0.0944217 0.1186282 0.1830794 0.0967476 0.0195667 0.0903920 0.0902477 0.1067174 0.0081588 0.0317609 0.0736730 0.0267851 0.0732105 0.0450781 0.1186050 0.0915309 0.0112143 0.0971318 0.0181098 0.0000010 0.0803980 0.0482277 0.0606712 0.0535354 0.0588036 0.0216522 
Perityle_congesta_202                      0.0897878 0.0429512 0.0555213 0.1388500 0.0835731 0.0897053 0.0952912 0.1370225 0.1373746 0.0743355 0.0771643 0.0976740 0.1792752 0.0055266 0.0771009 0.1000239 0.0788644 0.0418440 0.0879263 0.0812780 0.0828721 0.1545854 0.0022607 0.0116213 0.0000000 0.0157236 0.0919104 0.0670709 0.1342095 0.0319411 0.0753430 0.0929994 0.0135549 0.0764089 0.0085873 0.0898035 0.0919655 0.0035371 0.0089485 0.0739445 0.0029147 0.0784563 0.0319419 0.0011348 0.0056356 0.0803995 0.0089296 0.0123686 0.0758395 0.1078427 0.1729431 0.0785205 0.0011346 0.0728062 0.0787143 0.0969236 0.0028931 0.0167997 0.0739640 0.0133281 0.0812410 0.0482230 0.0952700 0.0812561 0.0000010 0.0733283 0.0011300 0.0256044 0.0894390 0.0505405 0.0543706 0.0490819 0.0551425 0.0097687 
Perityle_cordifolia_27                     0.1114836 0.0667535 0.0900806 0.1737084 0.1157236 0.1107384 0.1238492 0.1718328 0.1685168 0.0929973 0.1072647 0.1190273 0.1973375 0.0237192 0.0943274 0.1252381 0.1068416 0.0648081 0.1096663 0.0993827 0.0958753 0.1756288 0.0244833 0.0268599 0.0157236 0.0000000 0.1171473 0.0813038 0.1593413 0.0668800 0.0932579 0.1138441 0.0336066 0.0971368 0.0234394 0.1242278 0.1226867 0.0242189 0.0289632 0.1072195 0.0186217 0.1132007 0.0485713 0.0365620 0.0255630 0.1001916 0.0289424 0.0323359 0.1035143 0.1173034 0.1837386 0.0935917 0.0265094 0.0935814 0.0858755 0.1053592 0.0107793 0.0364152 0.1028511 0.0265561 0.1020617 0.0815559 0.1137271 0.1000721 0.0188173 0.0997988 0.0259759 0.0597751 0.1312007 0.0827998 0.0764381 0.0649216 0.0840893 0.0295113 
Perityle_cordifolia_68_tecolote            0.1265743 0.1150329 0.1532266 0.2017385 0.1510931 0.1169177 0.1749899 0.1940843 0.1855842 0.1178501 0.1510443 0.1335843 0.2767842 0.1133779 0.1333404 0.1179045 0.1316668 0.1097485 0.1270973 0.1035912 0.1097208 0.1966094 0.1149629 0.1118680 0.0919104 0.1171473 0.0000000 0.1231787 0.1771513 0.1156562 0.1071251 0.1381372 0.0971902 0.1465019 0.1087914 0.1167115 0.1106521 0.0922368 0.1231967 0.1364157 0.1028196 0.1232873 0.1079726 0.1132982 0.1043748 0.1270710 0.1082602 0.1118097 0.1223670 0.1351397 0.1441693 0.1088373 0.1187360 0.1106546 0.1020274 0.1329644 0.1041407 0.1372735 0.1157543 0.1315247 0.1312922 0.1298375 0.1194137 0.1380999 0.1105570 0.1366018 0.1040632 0.1057266 0.1602218 0.1308644 0.1142602 0.1206861 0.1260347 0.1059223 
Perityle_crassifolia_70_ventanas           0.1307189 0.0907510 0.0773623 0.1968100 0.1452498 0.0940802 0.1519917 0.1815920 0.1868419 0.0885053 0.0832261 0.1410630 0.2125634 0.0782417 0.1071289 0.1374564 0.1264429 0.0742703 0.1372145 0.1267955 0.1374919 0.1766525 0.0765743 0.0813898 0.0670709 0.0813038 0.1231787 0.0000000 0.0275418 0.0781165 0.1005875 0.1340990 0.0305249 0.0977652 0.0741846 0.0874046 0.1513998 0.0742254 0.0822024 0.0794026 0.0694284 0.1613560 0.0616441 0.0793177 0.0803773 0.1254028 0.0863213 0.0818022 0.1295948 0.1373847 0.1863046 0.1224784 0.0771943 0.1252884 0.1092459 0.1287025 0.0508225 0.0999126 0.0909960 0.0877177 0.0946108 0.0829729 0.1393580 0.1234689 0.0692454 0.0306457 0.0765269 0.0472206 0.1185377 0.0721005 0.1206858 0.0870668 0.1116615 0.0284633 
Perityle_crassifolia_74_playa_balandra     0.2144277 0.1625916 0.1458357 0.2260946 0.1794858 0.0601519 0.2047277 0.1203684 0.2132288 0.1854198 0.1530357 0.2055765 0.1358381 0.1348549 0.1737189 0.2138165 0.1986974 0.0945133 0.2264150 0.2053863 0.1979450 0.1289559 0.1384246 0.1512286 0.1342095 0.1593413 0.1771513 0.0275418 0.0000000 0.1437245 0.1900413 0.2202881 0.1034443 0.1650411 0.1282653 0.1602262 0.2134592 0.1342782 0.1401609 0.1493812 0.0797592 0.2123686 0.1634143 0.1408849 0.1470655 0.1813179 0.1474385 0.1424624 0.1971143 0.1969625 0.1270741 0.0850417 0.1403043 0.1750725 0.0729041 0.1474574 0.0845650 0.1580295 0.1302598 0.1339625 0.1682765 0.1579051 0.0959736 0.1969215 0.1407217 0.1149217 0.1353119 0.0618478 0.1864734 0.0802438 0.1688991 0.1052993 0.1986919 0.1008479 
Perityle_cuneata_34_cuneata_San_antonio    0.0815202 0.0704873 0.0067023 0.1512638 0.1146192 0.1220453 0.1130618 0.1590469 0.1952279 0.0620823 0.0767984 0.0963990 0.2648168 0.0350974 0.0668325 0.0893834 0.0774233 0.0162935 0.0823809 0.0751017 0.0744401 0.1514893 0.0547097 0.0455980 0.0319411 0.0668800 0.1156562 0.0781165 0.1437245 0.0000000 0.0719560 0.0810381 0.0217685 0.0807777 0.0430075 0.0890740 0.0926806 0.0469019 0.0515438 0.0759777 0.0343695 0.0924085 0.0181504 0.0438774 0.0564639 0.0706126 0.0639666 0.0444232 0.0771699 0.0999955 0.1895354 0.0841409 0.0538008 0.0804720 0.0846447 0.0999809 0.0089566 0.0668490 0.0856369 0.0465343 0.0696537 0.0689199 0.1024424 0.0656885 0.0486211 0.0913809 0.0386646 0.0600537 0.1081418 0.0697990 0.0540091 0.0382227 0.0632933 0.0182632 
Perityle_discoidea_81                      0.0081119 0.1063081 0.0865050 0.1587493 0.0986564 0.1496879 0.1070159 0.1507733 0.1395733 0.0066754 0.0960651 0.0435211 0.2660644 0.0767436 0.0297902 0.0376492 0.0377466 0.0914402 0.0572125 0.0329692 0.0398130 0.1335894 0.0744611 0.0911324 0.0753430 0.0932579 0.1071251 0.1005875 0.1900413 0.0719560 0.0000000 0.0423173 0.0648045 0.0842223 0.0868527 0.1128112 0.0486528 0.0614431 0.0841578 0.0771329 0.0765303 0.0587357 0.0712343 0.0797119 0.0850028 0.0357889 0.0839158 0.0907047 0.0400679 0.0705602 0.1394839 0.0312804 0.0752198 0.0458802 0.0416440 0.0655044 0.0709235 0.0959679 0.0837835 0.0928851 0.0966152 0.0825790 0.0446767 0.0403114 0.0777573 0.0838237 0.0763558 0.0462598 0.1046171 0.1100774 0.0375968 0.0922505 0.0416069 0.0611462 
Perityle_dissecta_201                      0.0506164 0.1382209 0.1089838 0.1772924 0.1137972 0.1713014 0.1200978 0.1589885 0.1570139 0.0496988 0.1350259 0.0401406 0.2829545 0.0888466 0.0328155 0.0384308 0.0389485 0.1024735 0.0699008 0.0219986 0.0344959 0.1231005 0.1061157 0.1026698 0.0929994 0.1138441 0.1381372 0.1340990 0.2202881 0.0810381 0.0423173 0.0000000 0.0837965 0.1024198 0.0870232 0.1214490 0.0505000 0.0773702 0.1094210 0.0915572 0.0863949 0.0768260 0.0843545 0.0992321 0.1099713 0.0405486 0.1060512 0.1107308 0.0353328 0.0825082 0.1525578 0.0225555 0.1079591 0.0456259 0.0407357 0.0810490 0.1001422 0.1201086 0.1031094 0.1255081 0.1370324 0.1409972 0.0418500 0.0385897 0.1015594 0.1183658 0.0966872 0.1273453 0.1356026 0.1306721 0.0274686 0.1021545 0.0362382 0.1119730 
Perityle_emoryi_47_punta_san_jose          0.0764049 0.0573374 0.0411545 0.1365454 0.0891129 0.0926147 0.1013696 0.1417133 0.1277038 0.0656133 0.0626386 0.0911114 0.2003998 0.0186861 0.0670938 0.0806445 0.0706712 0.0366717 0.0978775 0.0714063 0.0775392 0.1439741 0.0199447 0.0262686 0.0135549 0.0336066 0.0971902 0.0305249 0.1034443 0.0217685 0.0648045 0.0837965 0.0000000 0.0717163 0.0186638 0.0775783 0.0849445 0.0218938 0.0276093 0.0600558 0.0195752 0.0866681 0.0261429 0.0219108 0.0221836 0.0638624 0.0249049 0.0154092 0.0709456 0.0947675 0.1838822 0.0729398 0.0219932 0.0783744 0.0691891 0.0899516 0.0266523 0.0376134 0.0649569 0.0077311 0.0688568 0.0391631 0.0892290 0.0675101 0.0145173 0.0498227 0.0204858 0.0425309 0.0692565 0.0600397 0.0586209 0.0405032 0.0552203 0.0000010 
Perityle_feddemae_99                       0.0940959 0.1034134 0.0983230 0.1852794 0.1187308 0.1246543 0.1260853 0.1546754 0.1763403 0.0712357 0.1139203 0.1024898 0.2466185 0.0715006 0.0809472 0.1050854 0.0934899 0.0885087 0.1078601 0.0918012 0.0926118 0.1841853 0.0806800 0.0881344 0.0764089 0.0971368 0.1465019 0.0977652 0.1650411 0.0807777 0.0842223 0.1024198 0.0717163 0.0000000 0.0802898 0.1154280 0.1133137 0.0613431 0.0893658 0.0030940 0.0691448 0.1207874 0.0922342 0.0794905 0.0923398 0.0882055 0.0872760 0.0973818 0.0921293 0.1224585 0.1943119 0.0936245 0.0763338 0.1074825 0.0972367 0.1138536 0.0729373 0.0946861 0.1125024 0.0911366 0.1409052 0.1216547 0.0835439 0.0879503 0.0770688 0.0981554 0.0746123 0.0864752 0.1294890 0.1132491 0.0864611 0.0873954 0.0856782 0.0784829 
Perityle_fosteri_93                        0.0969708 0.0558996 0.0522509 0.1395392 0.0902810 0.0796796 0.1041619 0.1331800 0.1427519 0.0809236 0.0786778 0.0963473 0.1556062 0.0122571 0.0613022 0.0928078 0.0717243 0.0463051 0.1054865 0.0830543 0.0782529 0.1389380 0.0111298 0.0123591 0.0085873 0.0234394 0.1087914 0.0741846 0.1282653 0.0430075 0.0868527 0.0870232 0.0186638 0.0802898 0.0000000 0.0747266 0.0934880 0.0130590 0.0179011 0.0664494 0.0071556 0.0926567 0.0407878 0.0156360 0.0111102 0.0706855 0.0137547 0.0235272 0.0806208 0.1131339 0.1854396 0.0811554 0.0156784 0.0804013 0.0678860 0.0838262 0.0092682 0.0304219 0.0641754 0.0201581 0.0637202 0.0423848 0.1008051 0.0736452 0.0083179 0.0860777 0.0141563 0.0041151 0.0720790 0.0483004 0.0525973 0.0536795 0.0537228 0.0121823 
Perityle_gamon_221                         0.1267583 0.0983901 0.1013477 0.1940752 0.1346551 0.1197933 0.1296900 0.1995199 0.1855140 0.1119145 0.1209707 0.1220470 0.2597903 0.0815381 0.1097830 0.1216703 0.1198181 0.0979587 0.1161946 0.1075892 0.1152167 0.1845500 0.1061610 0.0857461 0.0898035 0.1242278 0.1167115 0.0874046 0.1602262 0.0890740 0.1128112 0.1214490 0.0775783 0.1154280 0.0747266 0.0000000 0.1253177 0.0796444 0.1072450 0.1105491 0.0849317 0.1328593 0.0839433 0.1043668 0.0984708 0.1145978 0.1098199 0.1055138 0.1194955 0.1239603 0.1572698 0.1416042 0.1097898 0.1092016 0.1329816 0.1309699 0.0674097 0.1147421 0.1063735 0.1254103 0.1252550 0.1310586 0.1420380 0.1189425 0.1022892 0.1061560 0.1083968 0.1006567 0.1472074 0.1356742 0.0992250 0.0984737 0.1133565 0.1042476 
Perityle_gentryi_8_san_francisco           0.0610472 0.1322361 0.1021599 0.1863505 0.1187595 0.1778849 0.1244415 0.1826325 0.1524778 0.0502508 0.1171615 0.0625196 0.2898762 0.0972841 0.0227800 0.0169171 0.0486060 0.1138039 0.0758631 0.0388337 0.0419950 0.1259522 0.1049321 0.1135836 0.0919655 0.1226867 0.1106521 0.1513998 0.2134592 0.0926806 0.0486528 0.0505000 0.0849445 0.1133137 0.0934880 0.1253177 0.0000000 0.0748599 0.1075866 0.1057922 0.0981550 0.0588594 0.0859720 0.1016333 0.1128629 0.0330336 0.1132580 0.1122083 0.0538516 0.0851550 0.1403122 0.0217495 0.1022270 0.0567646 0.0318580 0.0813694 0.0928167 0.1221481 0.1196225 0.1133803 0.1402805 0.1362861 0.0473272 0.0469065 0.1024680 0.1168564 0.0933952 0.1377222 0.1489555 0.1368690 0.0418932 0.1143502 0.0502929 0.0863166 
Perityle_gilensis_22_Superstition          0.0799806 0.0593228 0.0718074 0.1363178 0.0968450 0.1136048 0.0839810 0.1563509 0.1470465 0.0683665 0.0965562 0.0884589 0.1653552 0.0154208 0.0886786 0.0809272 0.0795352 0.0473058 0.0686961 0.0494938 0.0680092 0.1417089 0.0107791 0.0183257 0.0035371 0.0242189 0.0922368 0.0742254 0.1342782 0.0469019 0.0614431 0.0773702 0.0218938 0.0613431 0.0130590 0.0796444 0.0748599 0.0000000 0.0000010 0.0646594 0.0075558 0.0647685 0.0351419 0.0230714 0.0093767 0.0778170 0.0054815 0.0200570 0.0599985 0.0866614 0.1426368 0.0725025 0.0162532 0.0627144 0.0822389 0.0804380 0.0028945 0.0191018 0.0752358 0.0254076 0.0780842 0.0612793 0.1115216 0.0788467 0.0085052 0.0853683 0.0118425 0.0471185 0.1045450 0.0642446 0.0710208 0.0527218 0.0722152 0.0357927 
Perityle_gilensis_salensis_225             0.1040660 0.0630654 0.0839702 0.1551062 0.0973118 0.1092642 0.1083984 0.1515754 0.1595342 0.0909286 0.1126530 0.1202874 0.1680512 0.0197470 0.1060745 0.1152871 0.1077492 0.0562512 0.0964113 0.0884970 0.0896714 0.1397960 0.0079328 0.0210742 0.0089485 0.0289632 0.1231967 0.0822024 0.1401609 0.0515438 0.0841578 0.1094210 0.0276093 0.0893658 0.0179011 0.1072450 0.1075866 0.0000010 0.0000000 0.0920338 0.0099628 0.0903687 0.0438199 0.0280537 0.0133999 0.1061919 0.0094892 0.0295613 0.0901877 0.1100380 0.1786674 0.0800219 0.0164237 0.0798233 0.0742164 0.0972754 0.0056216 0.0237342 0.0988743 0.0303694 0.0975521 0.0675835 0.1025266 0.1068113 0.0088860 0.0990231 0.0173497 0.0253015 0.1187341 0.0650944 0.0749518 0.0575898 0.0769308 0.0342690 
Perityle_glaucescens_94                    0.0915911 0.0867892 0.0948554 0.1776265 0.1178631 0.1035574 0.1193629 0.1443330 0.1654537 0.0657522 0.1180192 0.0918076 0.2447231 0.0611898 0.0691097 0.0963364 0.0852372 0.0752878 0.0976256 0.0842804 0.0852993 0.1641915 0.0944241 0.0740587 0.0739445 0.1072195 0.1364157 0.0794026 0.1493812 0.0759777 0.0771329 0.0915572 0.0600558 0.0030940 0.0664494 0.1105491 0.1057922 0.0646594 0.0920338 0.0000000 0.0590771 0.1227345 0.0809003 0.0871902 0.0897476 0.0789414 0.0948958 0.0935851 0.0862685 0.1117177 0.1805456 0.0797240 0.0945440 0.0965590 0.0764859 0.1060794 0.0550277 0.1082096 0.1023893 0.0956758 0.1308971 0.1263809 0.0786398 0.0810205 0.0961933 0.0846793 0.0784352 0.0683918 0.1224213 0.1044038 0.0752394 0.0784210 0.0903066 0.0819121 
Perityle_gracilis_11                       0.0857284 0.0504776 0.0514655 0.1257898 0.0950719 0.0936446 0.0990191 0.1285087 0.1481321 0.0674810 0.0641405 0.1030731 0.2310493 0.0123592 0.0471864 0.0920823 0.0714950 0.0522014 0.0947076 0.0780463 0.0795108 0.1461808 0.0100851 0.0096233 0.0029147 0.0186217 0.1028196 0.0694284 0.0797592 0.0343695 0.0765303 0.0863949 0.0195752 0.0691448 0.0071556 0.0849317 0.0981550 0.0075558 0.0099628 0.0590771 0.0000000 0.0926261 0.0338023 0.0028724 0.0071888 0.0694509 0.0085215 0.0186774 0.0693940 0.1111922 0.1768227 0.0708352 0.0028751 0.0768640 0.0712526 0.0846269 0.0029355 0.0171324 0.0767204 0.0184960 0.0813268 0.0598151 0.0916764 0.0678939 0.0043227 0.0758689 0.0028623 0.0216582 0.0874599 0.0393289 0.0474176 0.0544406 0.0421897 0.0157640 
Perityle_hofmeisteria_4_nombre_de_dios     0.0810304 0.1428308 0.1252194 0.1687715 0.1222095 0.1687582 0.1226159 0.1719747 0.1566021 0.0678486 0.1563891 0.0901016 0.2438962 0.0919994 0.0830203 0.0659958 0.0900466 0.1079837 0.0814374 0.0548952 0.0674992 0.1461456 0.0933931 0.1028383 0.0784563 0.1132007 0.1232873 0.1613560 0.2123686 0.0924085 0.0587357 0.0768260 0.0866681 0.1207874 0.0926567 0.1328593 0.0588594 0.0647685 0.0903687 0.1227345 0.0926261 0.0000000 0.0891238 0.0907799 0.0955216 0.0871055 0.0975962 0.0970435 0.0651276 0.0897648 0.1369164 0.0455499 0.0953483 0.0544651 0.0398475 0.0807118 0.1029878 0.1047087 0.1184559 0.1100624 0.1462952 0.1207358 0.0562288 0.0936291 0.0899153 0.1432819 0.0851270 0.1120225 0.1524126 0.1299082 0.0618065 0.1087463 0.0747242 0.1024733 
Perityle_incana_3_ucla                     0.0818327 0.0576056 0.0290205 0.1582634 0.0897069 0.0959909 0.1043462 0.1527024 0.1670820 0.0716092 0.0680398 0.0910162 0.1925141 0.0359239 0.0759806 0.0815070 0.0653113 0.0092505 0.0936294 0.0660409 0.0622715 0.1720022 0.0354634 0.0446418 0.0319419 0.0485713 0.1079726 0.0616441 0.1634143 0.0181504 0.0712343 0.0843545 0.0261429 0.0922342 0.0407878 0.0839433 0.0859720 0.0351419 0.0438199 0.0809003 0.0338023 0.0891238 0.0000000 0.0401026 0.0375002 0.0676658 0.0407644 0.0400529 0.0755820 0.0989953 0.1707648 0.0737040 0.0402730 0.0710506 0.0801495 0.0974724 0.0282997 0.0544809 0.0654403 0.0403665 0.0472280 0.0265748 0.1032621 0.0716174 0.0323493 0.0887409 0.0384128 0.0161188 0.0764415 0.0647909 0.0505957 0.0419486 0.0553522 0.0200616 
Perityle_inyoensis_9_pleasant              0.0907075 0.0597123 0.0762730 0.1343413 0.0892690 0.1080937 0.0979215 0.1435317 0.1471806 0.0749788 0.1007209 0.1068143 0.2035174 0.0152374 0.0857712 0.1103327 0.0884757 0.0569348 0.0956543 0.0812104 0.0899684 0.1521001 0.0230901 0.0194972 0.0011348 0.0365620 0.1132982 0.0793177 0.1408849 0.0438774 0.0797119 0.0992321 0.0219108 0.0794905 0.0156360 0.1043668 0.1016333 0.0230714 0.0280537 0.0871902 0.0028724 0.0907799 0.0401026 0.0000000 0.0129078 0.0913633 0.0259400 0.0230801 0.0799038 0.1119295 0.1832338 0.0816239 0.0144298 0.0760621 0.0758290 0.0884910 0.0058949 0.0332188 0.0929563 0.0380361 0.0961750 0.0821899 0.1095747 0.0862588 0.0178124 0.0806807 0.0149689 0.0251095 0.1154736 0.0510455 0.0643550 0.0590088 0.0596530 0.0335551 
Perityle_lemmonii_12                       0.1052963 0.0602084 0.0700740 0.1616851 0.0981628 0.1069163 0.1095443 0.1600945 0.1562830 0.0858469 0.0866126 0.1177894 0.1985413 0.0132956 0.0866279 0.1138300 0.0997100 0.0558647 0.0999210 0.0941120 0.0907210 0.1742698 0.0129992 0.0159403 0.0056356 0.0255630 0.1043748 0.0803773 0.1470655 0.0564639 0.0850028 0.1099713 0.0221836 0.0923398 0.0111102 0.0984708 0.1128629 0.0093767 0.0133999 0.0897476 0.0071888 0.0955216 0.0375002 0.0129078 0.0000000 0.0934252 0.0078499 0.0232543 0.0976428 0.1121008 0.1725912 0.0897032 0.0144550 0.0850167 0.0913062 0.1024105 0.0000010 0.0244094 0.0947818 0.0232691 0.0917558 0.0686830 0.1155288 0.0916099 0.0086230 0.0929614 0.0111468 0.0456137 0.1086552 0.0769846 0.0685923 0.0562318 0.0704528 0.0228921 
Perityle_lemmonii_85_hachita               0.0486671 0.1125242 0.0999743 0.1566062 0.0993217 0.1398476 0.1014485 0.1464488 0.1452221 0.0469364 0.1319831 0.0294140 0.2571836 0.0703258 0.0123447 0.0271550 0.0188983 0.0863089 0.0623990 0.0166371 0.0146723 0.1163295 0.0987194 0.0888427 0.0803995 0.1001916 0.1270710 0.1254028 0.1813179 0.0706126 0.0357889 0.0405486 0.0638624 0.0882055 0.0706855 0.1145978 0.0330336 0.0778170 0.1061919 0.0789414 0.0694509 0.0871055 0.0676658 0.0913633 0.0934252 0.0000000 0.0908216 0.0989507 0.0208191 0.0695491 0.1392580 0.0279600 0.1005482 0.0436945 0.0417227 0.0571325 0.0626292 0.1159969 0.0882433 0.1127864 0.1034233 0.1129339 0.0329332 0.0236060 0.0897201 0.1052990 0.0852611 0.0365604 0.1037492 0.1039702 0.0305586 0.0844299 0.0520107 0.1009492 
Perityle_lemmonii_colossal_cave_206        0.1024904 0.0627181 0.0868776 0.1513782 0.1076660 0.1112559 0.1019570 0.1596061 0.1554734 0.0850886 0.0984807 0.1146131 0.1900187 0.0171239 0.0878808 0.1160703 0.0987866 0.0577527 0.0975665 0.0921738 0.0881282 0.1481631 0.0114466 0.0172723 0.0089296 0.0289424 0.1082602 0.0863213 0.1474385 0.0639666 0.0839158 0.1060512 0.0249049 0.0872760 0.0137547 0.1098199 0.1132580 0.0054815 0.0094892 0.0948958 0.0085215 0.0975962 0.0407644 0.0259400 0.0078499 0.0908216 0.0000000 0.0296035 0.0933483 0.1111601 0.1779385 0.0853082 0.0107880 0.0794848 0.0816945 0.1009389 0.0056017 0.0234797 0.0958966 0.0282132 0.0922995 0.0730760 0.1098735 0.0900491 0.0105782 0.1001937 0.0123050 0.0452140 0.1230201 0.0750029 0.0692901 0.0604685 0.0765598 0.0288604 
Perityle_leptoglossa_20_rancho_las_laminas 0.1085757 0.0634908 0.0713116 0.1614805 0.1062696 0.1080167 0.1256592 0.1536813 0.1529969 0.0908270 0.0980310 0.1180592 0.1923094 0.0184718 0.0925235 0.1162125 0.0963556 0.0586224 0.1134927 0.0966061 0.1016092 0.1767836 0.0213551 0.0282773 0.0123686 0.0323359 0.1118097 0.0818022 0.1424624 0.0444232 0.0907047 0.1107308 0.0154092 0.0973818 0.0235272 0.1055138 0.1122083 0.0200570 0.0295613 0.0935851 0.0186774 0.0970435 0.0400529 0.0230801 0.0232543 0.0989507 0.0296035 0.0000000 0.0959666 0.1216843 0.1877549 0.0967628 0.0242834 0.0973416 0.0905496 0.1087592 0.0136840 0.0365029 0.0963350 0.0147201 0.0952180 0.0661793 0.1145988 0.0970769 0.0137920 0.0971661 0.0232537 0.0364460 0.1149098 0.0722459 0.0694803 0.0637563 0.0716946 0.0123962 
Perityle_lindheimeri_34                    0.0514865 0.1121838 0.0921763 0.1646771 0.1000496 0.1611297 0.1081043 0.1423490 0.1386824 0.0426495 0.1124632 0.0446553 0.2541716 0.0765439 0.0091785 0.0385059 0.0092073 0.0908361 0.0635965 0.0141264 0.0250899 0.0937067 0.0869037 0.0944217 0.0758395 0.1035143 0.1223670 0.1295948 0.1971143 0.0771699 0.0400679 0.0353328 0.0709456 0.0921293 0.0806208 0.1194955 0.0538516 0.0599985 0.0901877 0.0862685 0.0693940 0.0651276 0.0755820 0.0799038 0.0976428 0.0208191 0.0933483 0.0959666 0.0000000 0.0780096 0.1368648 0.0165721 0.0810949 0.0441064 0.0264701 0.0595526 0.0533550 0.1043830 0.1046432 0.0947255 0.1300311 0.1199888 0.0040717 0.0180586 0.0842636 0.1128432 0.0792534 0.0802652 0.1380210 0.1237134 0.0392921 0.0920564 0.0367800 0.0723603 
Perityle_lineariloba_78                    0.0830671 0.1410439 0.1197237 0.1896775 0.1339142 0.1602892 0.1382269 0.2001407 0.1928797 0.0679083 0.1080966 0.0845855 0.2866741 0.1112252 0.0654215 0.0763731 0.0781868 0.1210803 0.0733156 0.0661839 0.0751027 0.1699448 0.1081811 0.1186282 0.1078427 0.1173034 0.1351397 0.1373847 0.1969625 0.0999955 0.0705602 0.0825082 0.0947675 0.1224585 0.1131339 0.1239603 0.0851550 0.0866614 0.1100380 0.1117177 0.1111922 0.0897648 0.0989953 0.1119295 0.1121008 0.0695491 0.1111601 0.1216843 0.0780096 0.0000000 0.2017368 0.0703224 0.1067569 0.0782491 0.0817857 0.0895776 0.0990212 0.1220037 0.1224126 0.1217189 0.1216733 0.1103979 0.0681352 0.0782609 0.1067955 0.1359774 0.1076029 0.0850256 0.1387352 0.1257157 0.0730119 0.1195073 0.0618237 0.0940288 
Perityle_lloydii_79                        0.1422630 0.1417104 0.1862161 0.2305744 0.1982455 0.1444176 0.2177447 0.2209550 0.2055122 0.1305936 0.1851074 0.1713920 0.1915717 0.1834496 0.0719737 0.1319760 0.1484589 0.2055180 0.1686033 0.1451623 0.1397351 0.1791430 0.1738034 0.1830794 0.1729431 0.1837386 0.1441693 0.1863046 0.1270741 0.1895354 0.1394839 0.1525578 0.1838822 0.1943119 0.1854396 0.1572698 0.1403122 0.1426368 0.1786674 0.1805456 0.1768227 0.1369164 0.1707648 0.1832338 0.1725912 0.1392580 0.1779385 0.1877549 0.1368648 0.2017368 0.0000000 0.1607394 0.1840475 0.1567857 0.0932106 0.1809626 0.0966880 0.1818124 0.1775547 0.1952690 0.1956022 0.1997507 0.1300528 0.1544493 0.1709674 0.1968580 0.1825438 0.0901444 0.2034066 0.2039825 0.1438781 0.2133116 0.1581329 0.1857578 
