81
Amauria_brandeegeana_62                    0.0000000 0.0364951 0.0567563 0.2439273 0.2461590 0.2354211 0.2017467 0.2968076 0.0031995 0.1952256 0.0981036 0.0964318 0.1616612 0.0665547 0.1108488 0.1052085 0.1866178 0.1106688 0.0898798 0.1703019 0.1059405 0.2060943 0.0988883 0.1096379 0.1524300 0.1211075 0.1080859 0.0661769 0.0903654 0.0911996 0.0642508 0.1413932 0.1835516 0.0369232 0.0943772 0.1345828 0.1007785 0.2027638 0.1804387 0.0847500 0.1036835 0.0866702 0.1131943 0.0952247 0.1007356 0.1111354 0.0814570 0.1829126 0.2243889 0.0926148 0.0914756 0.0840910 0.1307992 0.0684008 0.0703799 0.1280861 0.1163414 0.1122405 0.0347533 0.1596700 0.0713314 0.1005652 0.0817557 0.1365151 0.1295703 0.1855012 0.0675018 0.1064051 0.1974406 0.0571215 0.1129159 0.1098739 0.0980968 0.1098950 0.1337437 0.0987192 0.1120917 0.1021246 0.1357704 0.1129511 0.0446963 
Amauria_carterae_99_mesa                   0.0364951 0.0000000 0.0519386 0.1804612 0.1255008 0.1649587 0.1806323 0.2022596 0.0296745 0.1441186 0.0844149 0.0792386 0.1521727 0.0443516 0.0934124 0.0764697 0.1296286 0.0871575 0.0412642 0.0930903 0.0906534 0.1245404 0.0885484 0.0838408 0.0873264 0.0588135 0.0968270 0.0627225 0.0703813 0.0653109 0.0492130 0.1300087 0.1047326 0.0242527 0.1040839 0.0720505 0.0925988 0.1186102 0.1195841 0.0848050 0.0981488 0.0849890 0.1017003 0.0816094 0.0845398 0.0838805 0.0851653 0.1214763 0.1203240 0.0669469 0.0715162 0.0852524 0.0932404 0.0611033 0.0601326 0.0883308 0.0823516 0.0788136 0.0429351 0.0783912 0.0686327 0.0820442 0.0815175 0.0797851 0.0994011 0.1872452 0.0644578 0.0849043 0.1163152 0.0655993 0.0845923 0.0818711 0.0849545 0.0899016 0.1045666 0.0982222 0.0877713 0.0904937 0.1059364 0.0841930 0.0396251 
Amauria_rotundifolia_SRR9119150            0.0567563 0.0519386 0.0000000 0.2477384 0.2499706 0.2416595 0.1838335 0.3108694 0.0696037 0.1816853 0.1070182 0.1051961 0.1317931 0.0627571 0.1303301 0.1104067 0.2371745 0.1150989 0.0886715 0.1874839 0.1094004 0.1929547 0.1015346 0.1210848 0.1598133 0.1306431 0.1338043 0.0820312 0.1104403 0.1176431 0.0880294 0.2161339 0.1736616 0.0059183 0.1128352 0.1400478 0.1201688 0.1874361 0.1683606 0.1030944 0.1143695 0.1099856 0.1153560 0.1174868 0.1157319 0.1196028 0.1000236 0.1720078 0.2069684 0.0896231 0.0889736 0.1038560 0.1546614 0.0812327 0.0819220 0.1353306 0.1246093 0.1631163 0.0646077 0.1839559 0.0717453 0.1072030 0.1132893 0.1389373 0.1532540 0.2223898 0.0933170 0.1181584 0.1848962 0.0866283 0.1214249 0.1172735 0.1026663 0.1205092 0.1498657 0.1255634 0.1240153 0.1134030 0.1557764 0.1221669 0.0698290 
Conoclinium_coelestinum_SRR9119114         0.2439273 0.1804612 0.2477384 0.0000000 0.2379043 0.1485178 0.2657455 0.3142652 0.2379994 0.2717269 0.2376590 0.2445656 0.2868527 0.2103521 0.2615661 0.2356326 0.2745518 0.2436243 0.2313420 0.2439657 0.1878634 0.3518077 0.2480596 0.2416862 0.2538565 0.2635395 0.2843332 0.2338464 0.1971700 0.2415568 0.2462474 0.4548759 0.3150971 0.2097816 0.2724526 0.2498939 0.2465211 0.3374954 0.3390850 0.2544042 0.2982836 0.2454861 0.2627632 0.2492142 0.3421721 0.2513524 0.2592664 0.3261005 0.3413945 0.2326390 0.2285810 0.2171761 0.2984228 0.1842473 0.1927494 0.2543586 0.2425160 0.2503785 0.1860307 0.2861377 9.0000000 0.2347321 0.2496662 0.2376721 0.2608656 0.4639887 0.1895116 0.2461404 0.3378819 0.2286845 0.2479904 0.2466977 0.2439061 0.1505356 0.2872980 0.2696603 0.2539823 0.2420901 0.2529251 0.2496768 0.1989476 
Eutetras_palmeri_63                        0.2461590 0.1255008 0.2499706 0.2379043 0.0000000 0.2875598 0.1245754 0.3677169 0.2630347 0.1781296 0.2642984 0.2641285 0.2740107 0.1274767 0.2905725 0.2600994 0.2980815 0.2430350 0.1595245 0.2859371 0.1053807 0.2871764 0.2491017 0.2685060 0.2772028 0.2300094 0.2984142 0.1922144 0.1523061 0.2646183 0.2594558 0.4621523 0.2661561 0.1957621 0.2860123 0.2518671 0.2927775 0.2864508 0.2692770 0.2790771 0.3529333 0.2833552 0.2793096 0.2721624 0.3896761 0.2563467 0.2438081 0.2576878 0.2891331 0.2255874 0.2099901 0.2370977 0.2906025 0.1789508 0.1882153 0.2791750 0.2760268 0.2769855 0.1580173 0.3386282 0.1623859 0.2659823 0.2715684 0.2471733 0.3172239 0.4139066 0.2003613 0.2766888 0.2800361 0.2477657 0.2667273 0.2566488 0.2538046 0.1386759 0.2831611 0.2940193 0.2726026 0.2723169 0.1919951 0.2734894 0.2277596 
Eutrochium_fistulosum_SRR9119106           0.2354211 0.1649587 0.2416595 0.1485178 0.2875598 0.0000000 0.2426778 0.3513582 0.2284734 0.2852546 0.2270399 0.2326855 0.2590787 0.1687506 0.2503502 0.2253781 0.2378371 0.2353039 0.1994892 0.2818767 0.1262850 0.3346998 0.2323173 0.2306723 0.2639275 0.2459678 0.2632065 0.2139891 0.1895300 0.2274417 0.2315214 0.3935815 0.3110638 0.1915733 0.2427451 0.2260744 0.2449820 0.3214874 0.3259224 0.2389074 0.2659322 0.2331308 0.2426537 0.2322716 0.2930807 0.2339356 0.2372635 0.3160384 0.3239348 0.2120810 0.2093142 0.2175174 0.2648607 0.1677019 0.1722690 0.2434534 0.2366630 0.2342318 0.1405242 0.2811534 0.1029651 0.2251048 0.2352543 0.2486825 0.2429401 0.3489654 0.2118435 0.2397787 0.3252849 0.2252093 0.2252312 0.2321988 0.2341920 0.1425474 0.2559685 0.2499503 0.2416346 0.2302895 0.1823820 0.2373433 0.1832846 
Galeana_pratensis_104_mex                  0.2017467 0.1806323 0.1838335 0.2657455 0.1245754 0.2426778 0.0000000 0.2661220 0.2007674 0.1617734 0.2215778 0.2158466 0.1623793 0.1664177 0.1979972 0.2127383 0.2269183 0.2256125 0.1757330 0.2195160 0.1231816 0.1892221 0.2196373 0.2161595 0.2039683 0.2062344 0.2364277 0.2118679 0.2040264 0.2095298 0.2201096 0.2140557 0.1759168 0.1572764 0.1874470 0.1833392 0.1978420 0.1879813 0.1900627 0.1990357 0.2205079 0.1962280 0.2045878 0.1909351 0.2396624 0.2269454 0.1936905 0.1902379 0.1862342 0.1910405 0.1744206 0.1892223 0.2396522 0.2286908 0.1915706 0.2295943 0.2193731 0.2136733 0.1747338 0.2116508 0.1607270 0.2177030 0.2144759 0.1975656 0.2364037 0.2084488 0.2215501 0.2223491 0.1792820 0.2108488 0.2139834 0.2146880 0.2232114 0.2013974 0.2178875 0.2242143 0.2192917 0.2264943 0.2099966 0.2228321 0.1724029 
Helianthus_annuus_SRR9119062               0.2968076 0.2022596 0.3108694 0.3142652 0.3677169 0.3513582 0.2661220 0.0000000 0.3014562 0.3452047 0.3183300 0.3134071 0.4290137 0.1748379 0.3290629 0.3152118 0.3131944 0.3055016 0.2116426 0.3626348 0.1905343 0.4047745 0.3068345 0.3258592 0.3594434 0.2731556 0.3329145 0.2637882 0.2263753 0.2946161 0.2950284 0.4454915 0.3698380 0.2368698 0.3183683 0.2886573 0.3236238 0.3957806 0.3766943 0.3110758 0.3695431 0.3028068 0.3230779 0.2894345 0.4028206 0.3171522 0.2807888 0.3731143 0.4095783 0.3389704 0.2654120 0.2732006 0.3108884 0.2152949 0.2411580 0.3444514 0.3294910 0.3032681 0.1788515 0.3485027 0.2238968 0.3176546 0.2836532 0.3463394 0.3241635 0.3901093 0.2315527 0.3278220 0.3935198 0.2865852 0.3294663 0.3143288 0.3067995 0.2074902 0.3009981 0.3291097 0.3330404 0.3265155 0.2347276 0.3364739 0.2514621 
Lycapsus_tenuifolius_17                    0.0031995 0.0296745 0.0696037 0.2379994 0.2630347 0.2284734 0.2007674 0.3014562 0.0000000 0.2230601 0.1045467 0.0969815 0.1976441 0.0747859 0.1137255 0.0976374 0.1949499 0.1025936 0.0844905 0.1837288 0.0923121 0.2359239 0.0945200 0.1460541 0.1496304 0.1604425 0.1436807 0.0530457 0.0744731 0.1086303 0.0694540 0.1146979 0.1789696 0.0386906 0.0997963 0.1259040 0.0991833 0.2241877 0.1794871 0.0994300 0.1119225 0.1027641 0.1380091 0.1325951 0.1137160 0.1016827 0.0812747 0.1808296 0.2322396 0.0867096 0.0843172 0.0813268 0.1426246 0.0637673 0.0658017 0.1386828 0.1167047 0.1065446 0.0423004 0.2053152 0.0748215 0.1227019 0.0778925 0.1311486 0.1243276 0.2142131 0.0754627 0.1032752 0.2279280 0.0460008 0.1246588 0.1031519 0.0935879 0.1051406 0.1295709 0.1163354 0.1165578 0.1140356 0.1286700 0.1163260 0.0556707 
Pericome_caudata_50_silver                 0.1952256 0.1441186 0.1816853 0.2717269 0.1781296 0.2852546 0.1617734 0.3452047 0.2230601 0.0000000 0.1919055 0.1794411 0.1075058 0.1547056 0.2149661 0.1933432 0.2493616 0.1925293 0.1643157 0.2965201 0.1326378 0.2002293 0.1807743 0.2209302 0.2602524 0.2315434 0.2344875 0.1924797 0.1646431 0.1935930 0.2039027 0.4036325 0.1963542 0.1249760 0.2102533 0.2223558 0.2033891 0.1981623 0.1770325 0.2042159 0.2125405 0.1784183 0.2133044 0.2185633 0.2127509 0.2061298 0.1850005 0.1744902 0.2062587 0.1837389 0.1965722 0.1794443 0.2460568 0.1847024 0.1594419 0.2191444 0.2106845 0.2323122 0.1850225 0.2960155 0.1618495 0.2082076 0.2094583 0.2490438 0.2210349 0.2952198 0.2363313 0.1982457 0.1926918 0.1726631 0.2104823 0.2055207 0.2020930 0.1544786 0.2068366 0.2204573 0.1991728 0.1937713 0.2067287 0.2028242 0.1762720 
Perityle_aglossa_84_dead_horse             0.0981036 0.0844149 0.1070182 0.2376590 0.2642984 0.2270399 0.2215778 0.3183300 0.1045467 0.1919055 0.0000000 0.0144832 0.1725222 0.0579818 0.1225858 0.0396600 0.2363984 0.0353477 0.0901723 0.1106883 0.1143394 0.2161525 0.0269456 0.0266770 0.1697105 0.1118046 0.1258179 0.1042420 0.1267944 0.1236053 0.1124533 0.2370521 0.1828877 0.0714355 0.1165507 0.0872932 0.1099608 0.2265457 0.1781553 0.1153872 0.0078116 0.1066499 0.1125971 0.1316448 0.0116626 0.0471364 0.0970094 0.1771025 0.2465274 0.0343141 0.1030092 0.1024395 0.1481858 0.0848693 0.0793328 0.0515931 0.0548836 0.1340798 0.0694955 0.1765499 0.1318455 0.0093713 0.1052736 0.1464640 0.1480096 0.2246262 0.0075055 0.0362680 0.1951474 0.1082067 0.0428759 0.0295287 0.0194812 0.0188775 0.1421144 0.1237273 0.0313209 0.0052815 0.1561478 0.0468312 0.0893820 
Perityle_ajoensis_204                      0.0964318 0.0792386 0.1051961 0.2445656 0.2641285 0.2326855 0.2158466 0.3134071 0.0969815 0.1794411 0.0144832 0.0000000 0.1694352 0.0491917 0.0938246 0.0042723 0.2331421 0.0160931 0.0899279 0.0858094 0.1200887 0.1732960 0.0193985 0.0041739 0.1475948 0.0762600 0.1132906 0.0965847 0.1129699 0.1198188 0.0915268 0.2158995 0.1549093 0.0676339 0.1043751 0.0734346 0.0940312 0.1679374 0.1702416 0.0958987 0.0043135 0.0993939 0.0944057 0.0984867 0.0065610 0.0075375 0.0928484 0.1692360 0.1866631 0.0062531 0.0872846 0.0960480 0.1429268 0.0791883 0.0728809 0.0254534 0.0069162 0.1142434 0.0641519 0.1597900 0.1231003 0.0135088 0.1053851 0.1380608 0.1261697 0.2210062 0.0074431 0.0152542 0.1693601 0.1043677 0.0047673 0.0048200 0.0251791 0.0058697 0.1302233 0.1080916 0.0110440 0.0186129 0.1554449 0.0090433 0.0793779 
Perityle_ambrosiifolia_67_green            0.1616612 0.1521727 0.1317931 0.2868527 0.2740107 0.2590787 0.1623793 0.4290137 0.1976441 0.1075058 0.1725222 0.1694352 0.0000000 0.1474975 0.1854492 0.1691197 0.2732571 0.1696375 0.1050436 0.3941547 0.1477006 0.0039702 0.1683874 0.1762801 0.3110423 0.1577592 0.1907148 0.1578649 0.1636847 0.1607964 0.1728785 0.2557988 0.0051780 0.1000529 0.1747353 0.1486470 0.1858144 0.0031758 0.0025352 0.1711871 0.1666454 0.1694249 0.1753089 0.1841495 0.1723673 0.1708104 0.1668693 0.0072855 0.0087297 0.1170431 0.1712774 0.1811140 0.1965065 0.1747705 0.1670557 0.1849989 0.1952282 0.1799977 0.1645309 0.3146281 0.1392242 0.1728648 0.2039952 0.2901078 0.1998796 0.1703716 0.2002335 0.1779582 0.0023908 0.1657906 0.1690247 0.1662458 0.1747502 0.1587885 0.1883750 0.1984733 0.1766860 0.1725405 0.2267628 0.1763254 0.1449919 
Perityle_angustifolia_13_Eagle_creek       0.0665547 0.0443516 0.0627571 0.2103521 0.1274767 0.1687506 0.1664177 0.1748379 0.0747859 0.1547056 0.0579818 0.0491917 0.1474975 0.0000000 0.0599498 0.0527787 0.1110346 0.0658423 0.0438118 0.0597908 0.0955852 0.1614848 0.0660774 0.0575954 0.0346081 0.0683941 0.0735335 0.0680538 0.0622424 0.0574942 0.0627558 0.0704748 0.1408993 0.0222532 0.0536414 0.0603071 0.0597143 0.1498101 0.1560522 0.0434699 0.0586665 0.0420262 0.0875473 0.0096662 0.0570493 0.0670934 0.0403426 0.1534176 0.1708235 0.0524563 0.0289850 0.0041591 0.1007629 0.0435619 0.0331063 0.0771268 0.0572574 0.0543722 0.0295206 0.0725983 0.0508613 0.0568517 0.0784755 0.0313064 0.0679950 0.0770219 0.0466580 0.0574911 0.1589406 0.0707562 0.0566113 0.0572316 0.0624872 0.0569195 0.0660016 0.0792702 0.0594638 0.0596046 0.0925706 0.0690399 0.0318770 
Perityle_batopilensis_97                   0.1108488 0.0934124 0.1303301 0.2615661 0.2905725 0.2503502 0.1979972 0.3290629 0.1137255 0.2149661 0.1225858 0.0938246 0.1854492 0.0599498 0.0000000 0.1128191 0.2300542 0.1177098 0.0964623 0.1868359 0.0963821 0.2287981 0.0882426 0.1215877 0.1628642 0.1280110 0.1171020 0.1240118 0.1310370 0.1197129 0.1096858 0.2375596 0.1992508 0.0657344 0.1226809 0.1339707 0.0167553 0.2222600 0.1960604 0.1139710 0.0962851 0.0910007 0.1407160 0.0959478 0.1121784 0.1164199 0.0854070 0.1921781 0.2427380 0.1015796 0.1132683 0.0801790 0.1351579 0.0755451 0.0735759 0.1432959 0.1267685 0.1208330 0.0567947 0.1603996 0.1152486 0.1233842 0.1099037 0.1526117 0.1538282 0.1841558 0.0744767 0.1030849 0.2215702 0.0951702 0.1215937 0.1173867 0.1180129 0.1063475 0.1322928 0.1054649 0.1274627 0.1310338 0.1328452 0.1236602 0.0908930 
Perityle_bisetosa_9                        0.1052085 0.0764697 0.1104067 0.2356326 0.2600994 0.2253781 0.2127383 0.3152118 0.0976374 0.1933432 0.0396600 0.0042723 0.1691197 0.0527787 0.1128191 0.0000000 0.2235428 0.0140040 0.0843383 0.0887304 0.1150926 0.2213241 0.0163511 0.0062670 0.1722049 0.1039475 0.1118212 0.1036070 0.1209381 0.1212790 0.1380629 0.2254240 0.1811649 0.0628988 0.1186766 0.0733618 0.0986525 0.2335578 0.1751418 0.1196240 0.0026256 0.0956573 0.1380342 0.1096591 0.0058376 0.0096075 0.0873868 0.1775291 0.2459650 0.0141799 0.1150856 0.0922427 0.1396341 0.0766529 0.0729343 0.0245509 0.0141095 0.1317418 0.0642668 0.1577078 0.1210686 0.0633847 0.0984077 0.1651562 0.1261222 0.2181907 0.0074790 0.0272660 0.1961116 0.0996008 0.0086328 0.0069760 0.0389301 0.0128637 0.1382526 0.1067435 0.0122275 0.0258838 0.1539037 0.0102997 0.0962075 
Perityle_californica_76_positas            0.1866178 0.1296286 0.2371745 0.2745518 0.2980815 0.2378371 0.2269183 0.3131944 0.1949499 0.2493616 0.2363984 0.2331421 0.2732571 0.1110346 0.2300542 0.2235428 0.0000000 0.2270192 0.1676293 0.3051547 0.1021246 0.2861206 0.2287788 0.2366057 0.2578377 0.2013432 0.2254686 0.1663788 0.0662076 0.1727322 0.1950410 0.3151186 0.2564470 0.1796966 0.2101125 0.2180087 0.2274972 0.2789623 0.2770217 0.2147293 0.2392386 0.2133922 0.2410453 0.2032975 0.3129379 0.2290463 0.2006705 0.2670786 0.2855868 0.2033747 0.1947625 0.1899863 0.2271454 0.1433191 0.1426437 0.2456720 0.2329395 0.1923014 0.0450707 0.2531065 0.0725040 0.2325240 0.2130601 0.2473764 0.2385892 0.2985967 0.0709685 0.2382503 0.2808064 0.1789225 0.2333107 0.2280596 0.2338687 0.0981333 0.2006515 0.2181739 0.2425957 0.2444355 0.1446842 0.2358316 0.1410776 
Perityle_castillonii_96                    0.1106688 0.0871575 0.1150989 0.2436243 0.2430350 0.2353039 0.2256125 0.3055016 0.1025936 0.1925293 0.0353477 0.0160931 0.1696375 0.0658423 0.1177098 0.0140040 0.2270192 0.0000000 0.0958534 0.0941014 0.1288316 0.2110548 0.0159124 0.0203770 0.1476424 0.1119293 0.1195448 0.1140550 0.1309099 0.1295049 0.1027339 0.2344038 0.1926060 0.0718546 0.1199460 0.0690350 0.1062034 0.2042876 0.1864753 0.1095019 0.0180912 0.1029898 0.1103217 0.1046169 0.0196650 0.0226581 0.0976698 0.1844447 0.2250261 0.0182906 0.1003513 0.1028527 0.1453278 0.0819282 0.0776962 0.0323603 0.0196929 0.1248920 0.0712876 0.1601317 0.1343833 0.0366233 0.1069917 0.1469859 0.1339991 0.2299455 0.0186260 0.0288261 0.2052976 0.1079938 0.0201690 0.0195899 0.0384981 0.0244601 0.1472464 0.1136482 0.0408311 0.0412686 0.1762711 0.0223124 0.0921779 
Perityle_cernua_84                         0.0898798 0.0412642 0.0886715 0.2313420 0.1595245 0.1994892 0.1757330 0.2116426 0.0844905 0.1643157 0.0901723 0.0899279 0.1050436 0.0438118 0.0964623 0.0843383 0.1676293 0.0958534 0.0000000 0.1349721 0.0697398 0.1610449 0.0963744 0.0922062 0.0966252 0.1188730 0.1043344 0.0845601 0.0898438 0.1085471 0.0993558 0.2294920 0.1464356 0.0591772 0.1055291 0.0928584 0.0949222 0.1540037 0.1528650 0.0898967 0.1287316 0.0963396 0.0928912 0.0807648 0.1262426 0.0946780 0.0899878 0.1481790 0.1633062 0.0712863 0.0633526 0.0637886 0.1161080 0.0506921 0.0503477 0.1019224 0.0925277 0.0801129 0.0302731 0.1263863 0.0428318 0.0889847 0.1096013 0.0918998 0.1059345 0.2324616 0.0406661 0.0967012 0.1510260 0.0793153 0.0920155 0.0894382 0.0927116 0.0599895 0.1317418 0.0981404 0.0971093 0.1000718 0.1086564 0.0946537 0.0680468 
Perityle_cfvillosa_25_tin                  0.1703019 0.0930903 0.1874839 0.2439657 0.2859371 0.2818767 0.2195160 0.3626348 0.1837288 0.2965201 0.1106883 0.0858094 0.3941547 0.0597908 0.1868359 0.0887304 0.3051547 0.0941014 0.1349721 0.0000000 0.1246140 0.2961158 0.0906200 0.0921865 0.1562986 0.1434071 0.1941723 0.1446163 0.1505018 0.2010412 0.1726153 0.3250900 0.2603205 0.1426792 0.1862543 0.1588127 0.1727566 0.2930381 0.2693569 0.1804474 0.1352565 0.2035851 0.1974937 0.1821754 0.1316830 0.0844443 0.1613243 0.2628791 0.3147569 0.0782510 0.1311243 0.1706678 0.2320017 0.1086135 0.1171844 0.1157025 0.0924811 0.1831675 0.0695561 0.2262915 0.1677129 0.1136858 0.1678543 0.1468311 0.2023601 0.4015872 0.0075387 0.0984154 0.2893994 0.1876188 0.0912547 0.0825114 0.1014172 0.0422776 0.2008794 0.1904615 0.1040816 0.1156125 0.1770117 0.0971465 0.1633644 
Perityle_cinerea_113_Powell1310            0.1059405 0.0906534 0.1094004 0.1878634 0.1053807 0.1262850 0.1231816 0.1905343 0.0923121 0.1326378 0.1143394 0.1200887 0.1477006 0.0955852 0.0963821 0.1150926 0.1021246 0.1288316 0.0697398 0.1246140 0.0000000 0.1402091 0.1211087 0.1185309 0.0883548 0.0942503 0.1061254 0.1073276 0.0889115 0.0882417 0.0988935 0.2115099 0.1036525 0.0699789 0.0866075 0.0761825 0.0927552 0.1273847 0.1309376 0.0912130 0.1654204 0.0797479 0.1257128 0.0602308 0.1814489 0.1211700 0.0860014 0.1203967 0.1258455 0.1019993 0.0794849 0.0601903 0.1227127 0.0688472 0.0835168 0.1226388 0.1187749 0.0968202 0.0532969 0.0799471 0.0689540 0.1160692 0.1095070 0.0827879 0.1261962 0.2517697 0.5276042 0.1164507 0.1241987 0.1070402 0.1200489 0.1240788 0.1183446 0.0975714 0.1235518 0.1141709 0.1272402 0.1213317 0.0834534 0.1159075 0.0770138 
Perityle_coahuilensis_24                   0.2060943 0.1245404 0.1929547 0.3518077 0.2871764 0.3346998 0.1892221 0.4047745 0.2359239 0.2002293 0.2161525 0.1732960 0.0039702 0.1614848 0.2287981 0.2213241 0.2861206 0.2110548 0.1610449 0.2961158 0.1402091 0.0000000 0.1784920 0.2331808 0.2737785 0.2392139 0.2267251 0.1991280 0.1963609 0.2174391 0.2274338 0.3611923 0.0176371 0.1228792 0.2257309 0.2327595 0.2070135 0.0081976 0.0025689 0.2257569 0.1592886 0.1540549 0.2230540 0.2429138 0.1650004 0.2258957 0.1883310 0.0146876 0.0373865 0.1708648 0.2120947 0.2032004 0.2442719 0.1433401 0.1523280 0.2435997 0.2353304 0.2372288 0.1675976 0.2769926 0.1475515 0.2318099 0.2165026 0.2678403 0.2272921 0.2859535 0.2042473 0.2037600 0.0051082 0.1849884 0.2321253 0.2136267 0.2199334 0.1583705 0.2101208 0.2148216 0.2122240 0.2032512 0.2183337 0.2239373 0.1920474 
Perityle_cochisensis_44_cave_creek         0.0988883 0.0885484 0.1015346 0.2480596 0.2491017 0.2323173 0.2196373 0.3068345 0.0945200 0.1807743 0.0269456 0.0193985 0.1683874 0.0660774 0.0882426 0.0163511 0.2287788 0.0159124 0.0963744 0.0906200 0.1211087 0.1784920 0.0000000 0.0214632 0.1394466 0.0742838 0.1166075 0.1031706 0.1173286 0.1150308 0.0901287 0.2116662 0.1591715 0.0684537 0.1092598 0.0682391 0.0889448 0.1742793 0.1762031 0.0984249 0.0186241 0.1056595 0.1025108 0.1022861 0.0216965 0.0244326 0.0974933 0.1790399 0.1946869 0.0184753 0.0901973 0.0998134 0.1518941 0.0815415 0.0814084 0.0380308 0.0213030 0.1150887 0.0715718 0.1439102 0.1469234 0.0232315 0.1112029 0.1354736 0.1313665 0.2301167 0.0187386 0.0236275 0.1734345 0.1075470 0.0212712 0.0217231 0.0220739 0.0212874 0.1370994 0.1085220 0.0440847 0.0304931 0.1719081 0.0224076 0.0748189 
Perityle_congesta_202                      0.1096379 0.0838408 0.1210848 0.2416862 0.2685060 0.2306723 0.2161595 0.3258592 0.1460541 0.2209302 0.0266770 0.0041739 0.1762801 0.0575954 0.1215877 0.0062670 0.2366057 0.0203770 0.0922062 0.0921865 0.1185309 0.2331808 0.0214632 0.0000000 0.1516838 0.1460629 0.1356795 0.1123194 0.1307760 0.1326282 0.1104051 0.2625924 0.1888175 0.0724226 0.1185582 0.0785098 0.1053776 0.2160770 0.1829329 0.1138750 0.0034333 0.1065803 0.1191732 0.1288430 0.0071684 0.0078532 0.0933405 0.1834746 0.2250096 0.0145068 0.1008696 0.0982636 0.1484131 0.0808842 0.0763005 0.0250461 0.0153692 0.1323787 0.0687708 0.1823249 0.1262122 0.0300555 0.1050434 0.1479936 0.1344447 0.2265159 0.0074107 0.0225704 0.2138428 0.1089839 0.0059431 0.0053754 0.0396078 0.0138611 0.1424150 0.1208909 0.0136424 0.0313930 0.1557551 0.0084837 0.1014639 
Perityle_cordifolia_27                     0.1524300 0.0873264 0.1598133 0.2538565 0.2772028 0.2639275 0.2039683 0.3594434 0.1496304 0.2602524 0.1697105 0.1475948 0.3110423 0.0346081 0.1628642 0.1722049 0.2578377 0.1476424 0.0966252 0.1562986 0.0883548 0.2737785 0.1394466 0.1516838 0.0000000 0.1344943 0.1643362 0.1231214 0.1144486 0.1643096 0.1822435 0.2844506 0.2328531 0.1144350 0.1531353 0.1707084 0.1579348 0.2837260 0.2439595 0.1507356 0.1953189 0.1410975 0.1824500 0.1380131 0.1966528 0.1768487 0.1230964 0.2388416 0.3025138 0.2526204 0.0816929 0.1185690 0.2027797 0.0822512 0.0590885 0.1737401 0.1811250 0.1752983 0.0487205 0.1908389 0.0790636 0.1784776 0.1468631 0.0929354 0.1877106 0.3254866 0.0742107 0.1686407 0.2525754 0.1689171 0.1787592 0.1524437 0.1541349 0.0835307 0.1752283 0.1678393 0.1529452 0.1534115 0.1323548 0.1778325 0.1326968 
Perityle_cordifolia_68_tecolote            0.1211075 0.0588135 0.1306431 0.2635395 0.2300094 0.2459678 0.2062344 0.2731556 0.1604425 0.2315434 0.1118046 0.0762600 0.1577592 0.0683941 0.1280110 0.1039475 0.2013432 0.1119293 0.1188730 0.1434071 0.0942503 0.2392139 0.0742838 0.1460629 0.1344943 0.0000000 0.1356802 0.1188878 0.1218136 0.1340444 0.1144244 0.2930994 0.2051475 0.0659780 0.1258279 0.1458043 0.0988154 0.2325445 0.1877436 0.1170345 0.0791669 0.0853182 0.1472099 0.1451863 0.0815938 0.1110350 0.0862508 0.1870437 0.2417959 0.1024246 0.1088411 0.0961644 0.1562071 0.0097041 0.0680800 0.1316569 0.1168131 0.1333104 0.0271457 0.1461620 0.1034226 0.1222110 0.1107746 0.1241083 0.1461024 0.2222664 0.0375210 0.0911575 0.2232684 0.0887406 0.1170020 0.1114087 0.1105826 0.0905562 0.1417553 0.1146083 0.1152215 0.1167558 0.1185051 0.1103845 0.1061997 
Perityle_coronopifolia_28_patagonia        0.1080859 0.0968270 0.1338043 0.2843332 0.2984142 0.2632065 0.2364277 0.3329145 0.1436807 0.2344875 0.1258179 0.1132906 0.1907148 0.0735335 0.1171020 0.1118212 0.2254686 0.1195448 0.1043344 0.1941723 0.1061254 0.2267251 0.1166075 0.1356795 0.1643362 0.1356802 0.0000000 0.1195487 0.1238672 0.1160211 0.1092688 0.2767854 0.1861038 0.0885253 0.1143858 0.1522381 0.1079820 0.2169646 0.1935147 0.1082498 0.1076136 0.0976441 0.1431232 0.1122218 0.1272589 0.1176175 0.0989657 0.1923771 0.2257615 0.0985823 0.1181539 0.0902912 0.1200633 0.0709584 0.0816141 0.1432570 0.1288801 0.0857986 0.0513187 0.1909885 0.0878045 0.1324006 0.1112269 0.1548630 0.1496665 0.2016234 0.0659102 0.1264325 0.2158843 0.1102095 0.1257535 0.1179069 0.1246642 0.0929378 0.1400216 0.0617580 0.1421171 0.1309756 0.1056238 0.1229248 0.0894974 
Perityle_crassifolia_70_ventanas           0.0661769 0.0627225 0.0820312 0.2338464 0.1922144 0.2139891 0.2118679 0.2637882 0.0530457 0.1924797 0.1042420 0.0965847 0.1578649 0.0680538 0.1240118 0.1036070 0.1663788 0.1140550 0.0845601 0.1446163 0.1073276 0.1991280 0.1031706 0.1123194 0.1231214 0.1188878 0.1195487 0.0000000 0.0707759 0.1005681 0.0698540 0.1657119 0.1800385 0.0165988 0.1122554 0.1091470 0.1141505 0.1906026 0.1762324 0.1023389 0.1125068 0.1007942 0.1171475 0.1018935 0.1148079 0.1122725 0.0972174 0.1754982 0.2137134 0.0955267 0.0864982 0.0930515 0.1226365 0.0762073 0.0738487 0.1293631 0.1106891 0.1047093 0.0467103 0.1209160 0.0847914 0.1041246 0.0983274 0.1145116 0.1279939 0.2013897 0.0823709 0.1090543 0.1925655 0.0165728 0.1106923 0.1138387 0.1076401 0.1120079 0.1473284 0.1078289 0.1157313 0.1119066 0.1374364 0.1133497 0.0270483 
Perityle_crassifolia_74_playa_balandra     0.0903654 0.0703813 0.1104403 0.1971700 0.1523061 0.1895300 0.2040264 0.2263753 0.0744731 0.1646431 0.1267944 0.1129699 0.1636847 0.0622424 0.1310370 0.1209381 0.0662076 0.1309099 0.0898438 0.1505018 0.0889115 0.1963609 0.1173286 0.1307760 0.1144486 0.1218136 0.1238672 0.0707759 0.0000000 0.0909965 0.0987609 0.2104879 0.1750125 0.0478724 0.1180877 0.0960153 0.1261565 0.1888974 0.1787273 0.1112698 0.1249372 0.0803606 0.1198207 0.0959882 0.1353275 0.1338549 0.0873923 0.1804080 0.1866492 0.1095044 0.1020378 0.0934864 0.1192404 0.0773124 0.0750741 0.1420974 0.1314281 0.1054287 0.0500674 0.1013080 0.1037131 0.1306336 0.1269620 0.1070525 0.1333403 0.1649282 0.0846891 0.1160393 0.1828287 0.0631727 0.1282634 0.1330404 0.1297177 0.1031836 0.1251654 0.1189421 0.1354079 0.1383153 0.1032550 0.1355852 0.0538938 
Perityle_cuneata_34_cuneata_San_antonio    0.0911996 0.0653109 0.1176431 0.2415568 0.2646183 0.2274417 0.2095298 0.2946161 0.1086303 0.1935930 0.1236053 0.1198188 0.1607964 0.0574942 0.1197129 0.1212790 0.1727322 0.1295049 0.1085471 0.2010412 0.0882417 0.2174391 0.1150308 0.1326282 0.1643096 0.1340444 0.1160211 0.1005681 0.0909965 0.0000000 0.0805345 0.2320410 0.1936626 0.0786169 0.1451679 0.1558807 0.1091588 0.2133984 0.1951959 0.0977026 0.1196429 0.1015910 0.1287533 0.1039513 0.1373844 0.1291484 0.1352288 0.1924650 0.2248447 0.1061347 0.1025272 0.1007967 0.1391600 0.0821053 0.0858326 0.1476950 0.1369673 0.1201189 0.0439597 0.1934322 0.0761438 0.1240954 0.1048376 0.1469377 0.1506165 0.1835920 0.0503497 0.1285308 0.2103063 0.0872848 0.1304274 0.1288279 0.1192613 0.0870736 0.1229167 0.1101086 0.1320725 0.1287622 0.1161114 0.1298804 0.0574037 
Perityle_cuneata_4                         0.0642508 0.0492130 0.0880294 0.2462474 0.2594558 0.2315214 0.2201096 0.2950284 0.0694540 0.2039027 0.1124533 0.0915268 0.1728785 0.0627558 0.1096858 0.1380629 0.1950410 0.1027339 0.0993558 0.1726153 0.0988935 0.2274338 0.0901287 0.1104051 0.1822435 0.1144244 0.1092688 0.0698540 0.0987609 0.0805345 0.0000000 0.2024233 0.1904570 0.0492066 0.0934099 0.1233571 0.1011956 0.2395459 0.1851533 0.0956510 0.1044067 0.0894082 0.1434416 0.1032113 0.1092534 0.1254520 0.0855729 0.1820510 0.2521923 0.0973194 0.1085157 0.0819777 0.1306725 0.0651575 0.0697380 0.1338514 0.1570296 0.1191003 0.0486522 0.1652529 0.0694030 0.1370811 0.0914322 0.1545419 0.1301000 0.1810061 0.0615276 0.1283753 0.2002201 0.0718441 0.1469542 0.1114226 0.0981264 0.0965571 0.1249469 0.1056079 0.1116748 0.0974444 0.1210338 0.1291757 0.0441596 
Perityle_discoidea_81                      0.1413932 0.1300087 0.2161339 0.4548759 0.4621523 0.3935815 0.2140557 0.4454915 0.1146979 0.4036325 0.2370521 0.2158995 0.2557988 0.0704748 0.2375596 0.2254240 0.3151186 0.2344038 0.2294920 0.3250900 0.2115099 0.3611923 0.2116662 0.2625924 0.2844506 0.2930994 0.2767854 0.1657119 0.2104879 0.2320410 0.2024233 0.0000000 0.2996541 0.1452052 0.2412820 0.2687222 0.2272552 0.3416552 0.3016143 0.2346617 0.1330593 0.1956586 0.2762059 0.2663339 0.1429670 0.2287153 0.2097530 0.2940059 0.3542103 0.2051041 0.2131206 0.2253383 0.2923325 0.1443000 0.1553374 0.2655976 0.2433790 0.2365767 0.0420904 0.3386480 0.0745905 0.2573675 0.2096422 0.2664065 0.2492072 0.2587141 0.0709373 0.2346509 0.3380126 0.1904925 0.2507511 0.2318135 0.2241429 0.1538479 0.2295699 0.2519722 0.2397129 0.2444329 0.2063753 0.2375875 0.1880860 
Perityle_dissecta_201                      0.1835516 0.1047326 0.1736616 0.3150971 0.2661561 0.3110638 0.1759168 0.3698380 0.1789696 0.1963542 0.1828877 0.1549093 0.0051780 0.1408993 0.1992508 0.1811649 0.2564470 0.1926060 0.1464356 0.2603205 0.1036525 0.0176371 0.1591715 0.1888175 0.2328531 0.2051475 0.1861038 0.1800385 0.1750125 0.1936626 0.1904570 0.2996541 0.0000000 0.1080843 0.1892686 0.2148490 0.1762798 0.0121536 0.0146898 0.1877401 0.1456383 0.1311701 0.1872027 0.1881333 0.1488689 0.1872931 0.1601899 0.0125506 0.0386382 0.1499159 0.1751503 0.1604770 0.2162752 0.1274847 0.1243597 0.2070302 0.1889665 0.2039731 0.1592454 0.2260110 0.1323248 0.1840578 0.1924812 0.2279317 0.2032919 0.2638112 0.1988580 0.1746514 0.0122923 0.1637934 0.1859988 0.1845901 0.1890208 0.1449914 0.1898139 0.1844528 0.1932649 0.1880763 0.1981978 0.1879790 0.1628288 
Perityle_emoryi_47_punta_san_jose          0.0369232 0.0242527 0.0059183 0.2097816 0.1957621 0.1915733 0.1572764 0.2368698 0.0386906 0.1249760 0.0714355 0.0676339 0.1000529 0.0222532 0.0657344 0.0628988 0.1796966 0.0718546 0.0591772 0.1426792 0.0699789 0.1228792 0.0684537 0.0724226 0.1144350 0.0659780 0.0885253 0.0165988 0.0478724 0.0786169 0.0492066 0.1452052 0.1080843 0.0000000 0.0759335 0.1058761 0.0659940 0.1183951 0.1209193 0.0659160 0.0817163 0.0671850 0.0795870 0.0636342 0.0835051 0.0729242 0.0656073 0.1263067 0.1385372 0.0473590 0.0486732 0.0635787 0.1161559 0.0520651 0.0383702 0.0861191 0.0715194 0.1242975 0.0215599 0.1243706 0.0150501 0.0672164 0.0759001 0.1011733 0.0938116 0.1775854 0.0538018 0.0736273 0.1177722 0.0225116 0.0700371 0.0712058 0.0722824 0.0654108 0.1007910 0.0768708 0.0769199 0.0760163 0.1073956 0.0716043 0.0290206 
Perityle_feddemae_99                       0.0943772 0.1040839 0.1128352 0.2724526 0.2860123 0.2427451 0.1874470 0.3183683 0.0997963 0.2102533 0.1165507 0.1043751 0.1747353 0.0536414 0.1226809 0.1186766 0.2101125 0.1199460 0.1055291 0.1862543 0.0866075 0.2257309 0.1092598 0.1185582 0.1531353 0.1258279 0.1143858 0.1122554 0.1180877 0.1451679 0.0934099 0.2412820 0.1892686 0.0759335 0.0000000 0.1391123 0.1125095 0.2205948 0.1911980 0.0216016 0.0974880 0.0214205 0.1255104 0.0831004 0.1180058 0.1221897 0.0298008 0.1903857 0.2414493 0.1050494 0.0847362 0.0674227 0.1457359 0.0799573 0.0637367 0.1419317 0.1372098 0.1309450 0.0567928 0.1785311 0.0575488 0.1168311 0.1028757 0.1250787 0.1505308 0.1961184 0.0755352 0.1188975 0.2074254 0.1023582 0.1254643 0.1196303 0.1126869 0.0987726 0.1395743 0.1025962 0.1237210 0.1136751 0.1249875 0.1262542 0.0762838 
Perityle_fosteri_93                        0.1345828 0.0720505 0.1400478 0.2498939 0.2518671 0.2260744 0.1833392 0.2886573 0.1259040 0.2223558 0.0872932 0.0734346 0.1486470 0.0603071 0.1339707 0.0733618 0.2180087 0.0690350 0.0928584 0.1588127 0.0761825 0.2327595 0.0682391 0.0785098 0.1707084 0.1458043 0.1522381 0.1091470 0.0960153 0.1558807 0.1233571 0.2687222 0.2148490 0.1058761 0.1391123 0.0000000 0.1244016 0.2199962 0.2211141 0.1267049 0.0984343 0.1196748 0.1397244 0.1131353 0.0947280 0.0804779 0.1188745 0.2076410 0.2209537 0.0775225 0.1278102 0.0865372 0.1422611 0.0510582 0.0595556 0.1016079 0.0780447 0.1399416 0.0486692 0.1888895 0.0865646 0.0863971 0.1359455 0.1672556 0.1584865 0.2069012 0.0080059 0.0834690 0.2267552 0.0988780 0.0792542 0.0789692 0.0850752 0.0150907 0.1837859 0.1476037 0.0918746 0.0922080 0.1352851 0.0804669 0.1150793 
Perityle_gentryi_8_san_francisco           0.1007785 0.0925988 0.1201688 0.2465211 0.2927775 0.2449820 0.1978420 0.3236238 0.0991833 0.2033891 0.1099608 0.0940312 0.1858144 0.0597143 0.0167553 0.0986525 0.2274972 0.1062034 0.0949222 0.1727566 0.0927552 0.2070135 0.0889448 0.1053776 0.1579348 0.0988154 0.1079820 0.1141505 0.1261565 0.1091588 0.1011956 0.2272552 0.1762798 0.0659940 0.1125095 0.1244016 0.0000000 0.2007311 0.1887506 0.1018313 0.0964827 0.0912765 0.1275972 0.0838373 0.1088830 0.1026346 0.0866980 0.1873238 0.2205613 0.0883584 0.1034803 0.0757672 0.1331212 0.0752041 0.0723087 0.1261551 0.1062158 0.1090234 0.0574300 0.1494291 0.1157854 0.1109248 0.1092056 0.1444593 0.1388336 0.1903591 0.0750849 0.0969276 0.2009431 0.0957426 0.1045670 0.1048325 0.1072911 0.0938789 0.1194971 0.0985203 0.1119657 0.1178231 0.1254414 0.1066657 0.0788953 
Perityle_gilensis_22_Superstition          0.2027638 0.1186102 0.1874361 0.3374954 0.2864508 0.3214874 0.1879813 0.3957806 0.2241877 0.1981623 0.2265457 0.1679374 0.0031758 0.1498101 0.2222600 0.2335578 0.2789623 0.2042876 0.1540037 0.2930381 0.1273847 0.0081976 0.1742793 0.2160770 0.2837260 0.2325445 0.2169646 0.1906026 0.1888974 0.2133984 0.2395459 0.3416552 0.0121536 0.1183951 0.2205948 0.2199962 0.2007311 0.0000000 0.0044021 0.2235433 0.1566993 0.1498884 0.2416319 0.2353931 0.1636469 0.2367722 0.1829171 0.0108082 0.0400749 0.1644604 0.2216160 0.1947747 0.2332594 0.1379799 0.1453494 0.2366745 0.2491821 0.2443796 0.1614327 0.2665284 0.1394613 0.2471157 0.2103288 0.2787549 0.2221828 0.2658869 0.1951008 0.2086082 0.0038796 0.1769432 0.2412591 0.2075976 0.2149220 0.1533439 0.2046657 0.2203455 0.2058449 0.1967458 0.2121584 0.2334991 0.1845490 
Perityle_gilensis_salensis_225             0.1804387 0.1195841 0.1683606 0.3390850 0.2692770 0.3259224 0.1900627 0.3766943 0.1794871 0.1770325 0.1781553 0.1702416 0.0025352 0.1560522 0.1960604 0.1751418 0.2770217 0.1864753 0.1528650 0.2693569 0.1309376 0.0025689 0.1762031 0.1829329 0.2439595 0.1877436 0.1935147 0.1762324 0.1787273 0.1951959 0.1851533 0.3016143 0.0146898 0.1209193 0.1911980 0.2211141 0.1887506 0.0044021 0.0000000 0.1907222 0.1599428 0.1511811 0.1843927 0.1998340 0.1604892 0.1823959 0.1867202 0.0108306 0.0356036 0.1343343 0.1700350 0.1933009 0.2403045 0.1376351 0.1484460 0.2005088 0.1827747 0.1970323 0.1641608 0.2394176 0.1441246 0.1780505 0.2090175 0.2279995 0.1984179 0.2920526 0.1995050 0.1880946 0.0004315 0.1806496 0.1788294 0.1796948 0.1815238 0.1402179 0.1966471 0.1932910 0.1874847 0.1840000 0.2077571 0.1823539 0.1560255 
Perityle_glaucescens_94                    0.0847500 0.0848050 0.1030944 0.2544042 0.2790771 0.2389074 0.1990357 0.3110758 0.0994300 0.2042159 0.1153872 0.0958987 0.1711871 0.0434699 0.1139710 0.1196240 0.2147293 0.1095019 0.0898967 0.1804474 0.0912130 0.2257569 0.0984249 0.1138750 0.1507356 0.1170345 0.1082498 0.1023389 0.1112698 0.0977026 0.0956510 0.2346617 0.1877401 0.0659160 0.0216016 0.1267049 0.1018313 0.2235433 0.1907222 0.0000000 0.0901365 0.0091065 0.1277676 0.0750857 0.1064638 0.1262115 0.0048276 0.1897878 0.2424692 0.0962680 0.0877122 0.0561770 0.1415290 0.0686252 0.0565074 0.1401065 0.1387141 0.1212564 0.0486983 0.1781272 0.0611458 0.1168744 0.0970601 0.1247123 0.1445793 0.1739192 0.0580420 0.1128059 0.2067402 0.0946487 0.1295238 0.1104559 0.1040349 0.0922112 0.1320114 0.0951770 0.1168185 0.1073911 0.1170957 0.1328480 0.0717178 
Perityle_gracilis_11                       0.1036835 0.0981488 0.1143695 0.2982836 0.3529333 0.2659322 0.2205079 0.3695431 0.1119225 0.2125405 0.0078116 0.0043135 0.1666454 0.0586665 0.0962851 0.0026256 0.2392386 0.0180912 0.1287316 0.1352565 0.1654204 0.1592886 0.0186241 0.0034333 0.1953189 0.0791669 0.1076136 0.1125068 0.1249372 0.1196429 0.1044067 0.1330593 0.1456383 0.0817163 0.0974880 0.0984343 0.0964827 0.1566993 0.1599428 0.0901365 0.0000000 0.0954315 0.1000063 0.1051108 0.0000010 0.0000010 0.0876985 0.1642635 0.1891950 0.0027401 0.1079781 0.1027783 0.1594359 0.0923850 0.0893864 0.0243534 0.0034724 0.1205073 0.0671817 0.1716827 0.1302356 0.0026087 0.1083716 0.1891666 0.1274120 0.1649071 0.0113191 0.0155752 0.1616637 0.1137140 0.0008681 0.0034702 0.0182456 0.0017187 0.1140959 0.1026991 0.0138610 0.0069275 0.1478231 0.0025959 0.0854143 
Perityle_harkerae_31                       0.0866702 0.0849890 0.1099856 0.2454861 0.2833552 0.2331308 0.1962280 0.3028068 0.1027641 0.1784183 0.1066499 0.0993939 0.1694249 0.0420262 0.0910007 0.0956573 0.2133922 0.1029898 0.0963396 0.2035851 0.0797479 0.1540549 0.1056595 0.1065803 0.1410975 0.0853182 0.0976441 0.1007942 0.0803606 0.1015910 0.0894082 0.1956586 0.1311701 0.0671850 0.0214205 0.1196748 0.0912765 0.1498884 0.1511811 0.0091065 0.0954315 0.0000000 0.1153418 0.0597982 0.1116854 0.1021161 0.0066992 0.1495129 0.1701801 0.0774006 0.0755161 0.0572799 0.1425222 0.0651560 0.0537869 0.1167341 0.1161548 0.0942225 0.0470091 0.1661127 0.0612152 0.1048566 0.0996863 0.1217264 0.1268095 0.1702911 0.0433406 0.1055584 0.1508963 0.0954816 0.1054755 0.1006343 0.1045491 0.0729829 0.1075760 0.0873529 0.1098065 0.1111039 0.1023311 0.1096601 0.0694161 
Perityle_hofmeisteria_4_nombre_de_dios     0.1131943 0.1017003 0.1153560 0.2627632 0.2793096 0.2426537 0.2045878 0.3230779 0.1380091 0.2133044 0.1125971 0.0944057 0.1753089 0.0875473 0.1407160 0.1380342 0.2410453 0.1103217 0.0928912 0.1974937 0.1257128 0.2230540 0.1025108 0.1191732 0.1824500 0.1472099 0.1431232 0.1171475 0.1198207 0.1287533 0.1434416 0.2762059 0.1872027 0.0795870 0.1255104 0.1397244 0.1275972 0.2416319 0.1843927 0.1277676 0.1000063 0.1153418 0.0000000 0.1493442 0.1110894 0.1386526 0.1109082 0.1771105 0.2424163 0.0953436 0.1119540 0.1155258 0.1570763 0.0949994 0.0786787 0.1336703 0.1550552 0.1466644 0.0488917 0.2020630 0.0753713 0.1304996 0.1230673 0.1672766 0.1572011 0.2380526 0.0993482 0.1266797 0.2026868 0.1178421 0.1413805 0.1127375 0.1101782 0.1180350 0.1472289 0.1412049 0.1093359 0.1004022 0.1458946 0.1379482 0.0937966 
Perityle_huecosensis_48                    0.0952247 0.0816094 0.1174868 0.2492142 0.2721624 0.2322716 0.1909351 0.2894345 0.1325951 0.2185633 0.1316448 0.0984867 0.1841495 0.0096662 0.0959478 0.1096591 0.2032975 0.1046169 0.0807648 0.1821754 0.0602308 0.2429138 0.1022861 0.1288430 0.1380131 0.1451863 0.1122218 0.1018935 0.0959882 0.1039513 0.1032113 0.2663339 0.1881333 0.0636342 0.0831004 0.1131353 0.0838373 0.2353931 0.1998340 0.0750857 0.1051108 0.0597982 0.1493442 0.0000000 0.1219496 0.1122903 0.0541776 0.1960441 0.2465762 0.0862824 0.0945058 0.0114953 0.1316169 0.0645297 0.0442298 0.1343110 0.1242885 0.1158445 0.0388158 0.1771482 0.0800922 0.1385807 0.0960263 0.1277826 0.1321896 0.1617827 0.0576378 0.1136733 0.2308025 0.0851756 0.1230478 0.1038813 0.1193994 0.0829826 0.1278423 0.0946278 0.1161909 0.1257733 0.1113417 0.1204185 0.0832048 
Perityle_intricata_59_Clark_mtns           0.1007356 0.0845398 0.1157319 0.3421721 0.3896761 0.2930807 0.2396624 0.4028206 0.1137160 0.2127509 0.0116626 0.0065610 0.1723673 0.0570493 0.1121784 0.0058376 0.3129379 0.0196650 0.1262426 0.1316830 0.1814489 0.1650004 0.0216965 0.0071684 0.1966528 0.0815938 0.1272589 0.1148079 0.1353275 0.1373844 0.1092534 0.1429670 0.1488689 0.0835051 0.1180058 0.0947280 0.1088830 0.1636469 0.1604892 0.1064638 0.0000010 0.1116854 0.1110894 0.1219496 0.0000000 0.0044989 0.1019740 0.1636655 0.1917183 0.0048185 0.1109165 0.1175910 0.1698456 0.0915784 0.0883646 0.0253652 0.0116850 0.1346816 0.0673329 0.1865840 0.1306845 0.0051177 0.1215030 0.1845808 0.1419340 0.1697042 0.0075444 0.0173918 0.1672857 0.1206864 0.0057913 0.0074697 0.0197615 0.0017292 0.1262208 0.1257894 0.0136901 0.0122944 0.1749132 0.0065124 0.0982630 
Perityle_inyoensis_9_pleasant              0.1111354 0.0838805 0.1196028 0.2513524 0.2563467 0.2339356 0.2269454 0.3171522 0.1016827 0.2061298 0.0471364 0.0075375 0.1708104 0.0670934 0.1164199 0.0096075 0.2290463 0.0226581 0.0946780 0.0844443 0.1211700 0.2258957 0.0244326 0.0078532 0.1768487 0.1110350 0.1176175 0.1122725 0.1338549 0.1291484 0.1254520 0.2287153 0.1872931 0.0729242 0.1221897 0.0804779 0.1026346 0.2367722 0.1823959 0.1262115 0.0000010 0.1021161 0.1386526 0.1122903 0.0044989 0.0000000 0.0949406 0.1846599 0.2533775 0.0188096 0.1257858 0.0990458 0.1437740 0.0864840 0.0790453 0.0184880 0.0052247 0.1381430 0.0673703 0.1580904 0.1289760 0.0508765 0.1082739 0.1717503 0.1312085 0.2304152 0.0152424 0.0288404 0.2007401 0.1051888 0.0033189 0.0044302 0.0478782 0.0057793 0.1425905 0.1094162 0.0164555 0.0362255 0.1588928 0.0028361 0.1024707 
