78
Amauria_brandeegeana_62                    0.0000000 0.1145583 0.1555475 0.2406210 0.1197943 0.2024076 0.1572690 0.3830550 0.1147723 0.0536986 0.2080367 0.1611388 0.1476658 0.1522991 0.1820595 0.1021471 0.0995412 0.1158246 0.0573061 0.1506979 0.1688361 0.1056306 0.2311397 0.1207695 0.0561545 0.0576751 0.0744633 0.0682708 0.0585509 0.1012931 0.1715177 0.0879564 0.0977826 0.1888751 0.2096713 0.1475119 0.1897599 0.0663572 0.2064034 0.1646562 0.2355978 0.1197174 0.1958039 0.2742419 0.1555988 0.0562657 0.0591985 0.1413875 0.1113153 0.0683842 0.0598158 0.1851183 0.1133778 0.1228931 0.0984047 0.1522671 0.1647984 0.0543448 0.0808592 0.0515604 0.1114773 0.0413148 0.2075808 0.1598930 0.1667514 0.1582087 0.0589548 0.1855599 0.1447392 0.0602525 0.1485209 0.1236748 0.1297403 0.1923484 0.1946879 0.1574485 0.0775696 0.1476800 
Amauria_carterae_99_mesa                   0.1145583 0.0000000 0.0255001 0.0993857 0.0619046 0.0883560 0.1260862 0.3522313 0.0259038 0.1248108 0.0428543 0.0419021 0.0599443 0.1322315 0.0613211 0.0312741 0.0488555 0.0382834 0.1220688 0.0403311 0.0333539 0.1966881 0.0392380 0.0340044 0.1306807 0.1061327 0.1275249 0.1484661 0.1281310 0.0520289 0.0453132 0.1337223 0.0170357 0.0453456 0.0600932 0.0361290 0.0291937 0.1415778 0.0387023 0.0359336 0.0490076 0.0327399 0.0476632 0.0429384 0.0348899 0.0995492 0.1126447 0.0531048 0.0396944 0.1286440 0.1186531 0.0590107 0.0429272 0.0451026 0.0499070 0.1387769 0.0329288 0.0989812 0.1527821 0.1081885 0.0507124 0.1256201 0.0383301 0.0412669 0.0439054 0.0270372 0.1360835 0.0387812 0.0585015 0.1363299 0.0309064 0.0352370 0.0483722 0.0507967 0.0429338 0.0354057 0.1909910 0.0334758 
Amauria_rotundifolia_SRR9119150            0.1555475 0.0255001 0.0000000 0.2120777 0.0637901 0.2074962 0.1177260 0.3748935 0.1023461 0.2492896 0.0725706 0.0679967 0.0693049 0.2777176 0.1186911 0.0358000 0.0431622 0.0560179 0.2115760 0.0720571 0.0685433 0.1857339 0.0581364 0.0504271 0.1943796 0.2562888 0.2813489 0.2329160 0.1757367 0.0497620 0.0745752 0.2789495 0.0164994 0.0766735 0.1006553 0.0638164 0.0980923 0.2099282 0.0600987 0.0638231 0.0798542 0.0587682 0.0860959 0.1298440 0.0542686 0.2652788 0.2791194 0.0717660 0.0545440 0.2351998 0.2208349 0.0764069 0.0577308 0.0574974 0.0473816 0.2660877 0.0674408 0.2723700 0.2168060 0.1044663 0.0489668 0.1207390 0.0704684 0.0686209 0.0592430 0.0573462 0.2630458 0.0590591 0.0692322 0.2831072 0.0665324 0.0574482 0.0384106 0.0746364 0.0659287 0.0610746 0.2184865 0.0674644 
Conoclinium_coelestinum_SRR9119114         0.2406210 0.0993857 0.2120777 0.0000000 0.1445184 0.1605812 0.1490836 0.4137791 0.2362675 0.2501722 0.2070160 0.1904263 0.1548344 0.3318503 0.2171668 0.1317139 0.1067066 0.1357983 0.2597050 0.1833233 0.1793938 0.1928302 0.1702648 0.1252180 0.2316014 0.2615937 0.2671244 0.2570283 0.2073461 0.1079027 0.1680848 0.2513078 0.1166964 0.2181186 0.2140602 0.1866443 0.1889548 0.2633762 0.1981838 0.2026974 0.1949001 0.1270626 0.1991645 0.2223494 0.1567030 0.2504166 0.2635383 0.1463487 0.1352767 0.2688128 0.2708812 0.2200076 0.1303135 0.1354020 0.1045096 0.3271766 0.2023652 0.2549689 0.2269899 0.1329590 0.1428542 0.1605057 0.2065611 0.2105513 0.1742495 0.2066229 0.2731951 0.1691761 0.1667756 0.2755931 0.1705269 0.1427720 0.0993324 0.2142543 0.1810108 0.1830663 0.2563208 0.1792186 
Eutetras_palmeri_63                        0.1197943 0.0619046 0.0637901 0.1445184 0.0000000 0.1205220 0.1035783 0.3445108 0.0680391 0.1494666 0.0517848 0.0520502 0.0568730 0.1831001 0.0637984 0.0439829 0.0505282 0.0614931 0.1410969 0.0543532 0.0488292 0.1566498 0.0422058 0.0404864 0.1445606 0.1331862 0.1496975 0.1275312 0.1424397 0.0694085 0.0572117 0.1686097 0.0442814 0.0581583 0.0775507 0.0418237 0.0638072 0.1297512 0.0448880 0.0477558 0.0639578 0.0379221 0.0662361 0.0731084 0.0415062 0.1279131 0.1436809 0.0728827 0.0376675 0.1518038 0.1416037 0.0490301 0.0476460 0.0489630 0.0509476 0.1764930 0.0488073 0.1382780 0.1704356 0.1076968 0.0567508 0.1252756 0.0491373 0.0405788 0.0494937 0.0360175 0.1557113 0.0435358 0.0701562 0.1525469 0.0460857 0.0425774 0.0521838 0.0656533 0.0625970 0.0464325 0.1868382 0.0365472 
Eutrochium_fistulosum_SRR9119106           0.2024076 0.0883560 0.2074962 0.1605812 0.1205220 0.0000000 0.1331848 0.4602966 0.2407372 0.2723639 0.1949561 0.1194800 0.1048646 0.3022690 0.1579091 0.0806586 0.0856470 0.1376144 0.2235525 0.1264659 0.1624432 0.2162047 0.2382887 0.0886550 0.2514304 0.2671852 0.3528959 0.2598518 0.2277277 0.1059827 0.1650413 0.3377870 0.0996625 0.2081930 0.1838799 0.1164192 0.1567060 0.2268962 0.2363446 0.1893834 0.2086859 0.0945552 0.1871048 0.1663876 0.1038533 0.4109710 0.3356334 0.1153768 0.0972779 0.3180167 0.2364007 0.2072460 0.0908338 0.0999190 0.0916083 0.2964658 0.1910978 0.3689478 0.2524610 0.1474306 0.1494301 0.1782527 0.2208186 0.2034685 0.1554218 0.2393982 0.2904338 0.2373684 0.1438984 0.3972654 0.1603787 0.1173479 0.0836088 0.1368478 0.2102734 0.1483115 0.2703808 0.2184381 
Galeana_pratensis_104_mex                  0.1572690 0.1260862 0.1177260 0.1490836 0.1035783 0.1331848 0.0000000 0.3853554 0.1262607 0.1777479 0.1095522 0.1074410 0.1038857 0.2084669 0.1296840 0.0947772 0.1119772 0.1205174 0.1791707 0.1074926 0.1013738 0.1775450 0.0915317 0.0884601 0.1822998 0.1721330 0.2011449 0.1896148 0.1857613 0.1622134 0.0987627 0.1884253 0.0990704 0.1162328 0.1371927 0.1028906 0.1083150 0.1932336 0.0939133 0.0904344 0.1237363 0.1000668 0.1078555 0.1226007 0.1071513 0.1624818 0.1786837 0.1239287 0.1051554 0.1885263 0.1728641 0.1243243 0.1071608 0.1351697 0.1110921 0.2086760 0.1006878 0.1647033 0.2085375 0.1599085 0.1217645 0.1851846 0.1019451 0.0858963 0.1191256 0.0988043 0.1861014 0.0910550 0.1544123 0.1960115 0.1013944 0.1002369 0.1178926 0.1354916 0.1181937 0.0978080 0.2224633 0.0986165 
Helianthus_annuus_SRR9119062               0.3830550 0.3522313 0.3748935 0.4137791 0.3445108 0.4602966 0.3853554 0.0000000 0.4298302 0.4155159 0.3716020 0.3766590 0.3883360 0.4238214 0.3916961 0.3375555 0.3391957 0.3614023 0.3707079 0.3768506 0.3469430 0.3795672 0.3668259 0.3577065 0.3695349 0.3980594 0.4102616 0.3952619 0.3967474 0.3311304 0.3620595 0.4141048 0.3507978 0.3584413 0.3878456 0.3454147 0.3608634 0.3788007 0.3725501 0.3746108 0.3851068 0.3548988 0.3973961 0.4112380 0.3275588 0.3849892 0.3988375 0.3823727 0.3377429 0.3921845 0.3783519 0.3832475 0.3405025 0.3507488 0.3670229 0.4293427 0.3782098 0.4076400 0.4067214 0.3232385 0.3142408 0.2760544 0.3691461 0.3804304 0.3710820 0.3679789 0.4126759 0.3744394 0.3911634 0.4264375 0.3373385 0.3314007 0.3048309 0.3945282 0.3908930 0.3453633 0.3234697 0.3801082 
Lycapsus_tenuifolius_17                    0.1147723 0.0259038 0.1023461 0.2362675 0.0680391 0.2407372 0.1262607 0.4298302 0.0000000 0.1809379 0.1341428 0.0985759 0.0657214 0.3003135 0.1874529 0.0458871 0.0333220 0.0583950 0.1630200 0.0933001 0.0890058 0.1628636 0.1321590 0.0537566 0.1377655 0.1717896 0.2021670 0.1494848 0.1377755 0.0360341 0.0746244 0.2351805 0.0292937 0.1448489 0.1452217 0.0913170 0.1109925 0.1665030 0.1465512 0.1303272 0.1645434 0.0632729 0.1361277 0.1967026 0.0980897 0.2006555 0.2030343 0.0762354 0.0547285 0.1877607 0.1751278 0.1330108 0.0558409 0.0795497 0.0475461 0.2917879 0.1339630 0.2024223 0.1548621 0.0889823 0.0495636 0.1099644 0.1582295 0.1432249 0.0870019 0.1419914 0.2069418 0.1341795 0.0870965 0.2154818 0.0815142 0.0600074 0.0221384 0.1161894 0.1373729 0.0865106 0.1960380 0.1593366 
Pericome_caudata_50_silver                 0.0536986 0.1248108 0.2492896 0.2501722 0.1494666 0.2723639 0.1777479 0.4155159 0.1809379 0.0000000 0.2552171 0.1722212 0.1424582 0.1945624 0.2550845 0.1080444 0.1074523 0.1663792 0.0836567 0.1608221 0.2261819 0.1269808 0.2200840 0.1100698 0.0615467 0.0784984 0.0944592 0.0663855 0.0714893 0.1221253 0.1967623 0.1110794 0.1150723 0.2723006 0.2681221 0.1476341 0.2855504 0.0927857 0.2542494 0.2137935 0.2706157 0.1304421 0.2728403 0.3074986 0.1804055 0.0914537 0.0907849 0.1376711 0.1226374 0.0991048 0.0936789 0.2697431 0.1155713 0.1267616 0.1106795 0.1889767 0.2303394 0.0820814 0.0717896 0.0439599 0.1584862 0.0548466 0.2543163 0.2255874 0.1845965 0.2160898 0.0929641 0.2296898 0.1615192 0.0858924 0.2143855 0.1399128 0.1538483 0.1987291 0.2624398 0.1973959 0.0854574 0.1864803 
Perityle_aglossa_84_dead_horse             0.2080367 0.0428543 0.0725706 0.2070160 0.0517848 0.1949561 0.1095522 0.3716020 0.1341428 0.2552171 0.0000000 0.0240694 0.0378838 0.2555066 0.0729307 0.0080321 0.0391795 0.0558339 0.1935067 0.0219435 0.0189019 0.1605080 0.0292760 0.0238304 0.1768274 0.2882416 0.3098199 0.2682715 0.1662188 0.0562114 0.0684714 0.2746217 0.0456140 0.0250404 0.0916304 0.0142751 0.1054275 0.1859744 0.0292674 0.0320476 0.0656066 0.0129607 0.0764526 0.1125647 0.0438970 0.2430185 0.2596167 0.0675853 0.0132716 0.2214990 0.2104718 0.0324939 0.0182695 0.0706461 0.0268832 0.2493655 0.0307033 0.3026544 0.2050817 0.0924690 0.0419230 0.1156908 0.0064172 0.0270815 0.0685414 0.0566610 0.2381197 0.0295797 0.0684019 0.2977334 0.0207758 0.0119425 0.0135944 0.0798333 0.0595192 0.0092230 0.2087910 0.0284311 
Perityle_ajoensis_204                      0.1611388 0.0419021 0.0679967 0.1904263 0.0520502 0.1194800 0.1074410 0.3766590 0.0985759 0.1722212 0.0240694 0.0000000 0.0307719 0.2428523 0.0413790 0.0162228 0.0420246 0.0538089 0.1667768 0.0195690 0.0234732 0.1640388 0.0173556 0.0160522 0.1423404 0.1543730 0.1721624 0.1784491 0.1221185 0.0559531 0.0744427 0.1823709 0.0408652 0.0306233 0.0871529 0.0235146 0.1096486 0.1725166 0.0166390 0.0216825 0.0598545 0.0171452 0.0730023 0.0803299 0.0398413 0.1562091 0.1637563 0.0685770 0.0160920 0.1796187 0.1661627 0.0346922 0.0227798 0.0740577 0.0267930 0.2381445 0.0214570 0.1620123 0.1578667 0.0998164 0.0425067 0.1159732 0.0191847 0.0233459 0.0688958 0.0513737 0.1714120 0.0185821 0.0704712 0.1739193 0.0225688 0.0170010 0.0105737 0.0758622 0.0553816 0.0209047 0.1663798 0.0238832 
Perityle_ambrosiifolia_67_green            0.1476658 0.0599443 0.0693049 0.1548344 0.0568730 0.1048646 0.1038857 0.3883360 0.0657214 0.1424582 0.0378838 0.0307719 0.0000000 0.2120287 0.0423931 0.0298247 0.0464089 0.0581561 0.1449267 0.0303209 0.0351344 0.1803949 0.0100542 0.0088074 0.1422093 0.1361863 0.1491338 0.1468413 0.1458415 0.0741327 0.0534793 0.1688089 0.0487694 0.0411383 0.0768006 0.0351697 0.0683017 0.1434861 0.0113835 0.0127359 0.0608088 0.0327206 0.0709303 0.0765632 0.0561599 0.1341354 0.1427293 0.0687818 0.0334753 0.1492223 0.1417203 0.0471860 0.0395342 0.0711329 0.0341118 0.2074608 0.0364498 0.1411015 0.1716338 0.1140899 0.0548177 0.1479981 0.0339375 0.0326381 0.0719189 0.0491619 0.1473520 0.0099987 0.0809093 0.1538368 0.0352881 0.0349042 0.0329351 0.0813353 0.0582322 0.0369481 0.1983453 0.0330757 
Perityle_angustifolia_13_Eagle_creek       0.1522991 0.1322315 0.2777176 0.3318503 0.1831001 0.3022690 0.2084669 0.4238214 0.3003135 0.1945624 0.2555066 0.2428523 0.2120287 0.0000000 0.3171747 0.1238201 0.1326482 0.1629548 0.1505465 0.2283606 0.2187532 0.0704664 0.2522482 0.1665121 0.1074999 0.1666130 0.2541600 0.1688199 0.1019780 0.1258656 0.1521901 0.2311692 0.1893051 0.2646888 0.2530861 0.2175607 0.2467440 0.1668755 0.2705784 0.2584215 0.2684904 0.2051385 0.2503041 0.3086479 0.2472565 0.2743075 0.2246703 0.1950068 0.2005765 0.2295012 0.1628426 0.2779976 0.1664002 0.1744061 0.1400690 0.0124287 0.2709774 0.2485846 0.1539336 0.0708361 0.1009117 0.0028535 0.2745808 0.2768228 0.2387153 0.2976031 0.1825486 0.2629803 0.2657854 0.2498956 0.2058637 0.1805550 0.1508032 0.2688438 0.2713648 0.2290667 0.0612857 0.2901700 
Perityle_batopilensis_97                   0.1820595 0.0613211 0.1186911 0.2171668 0.0637984 0.1579091 0.1296840 0.3916961 0.1874529 0.2550845 0.0729307 0.0413790 0.0423931 0.3171747 0.0000000 0.0263130 0.0534510 0.0606097 0.2152586 0.0301748 0.0279801 0.2087392 0.1163931 0.0303769 0.1967321 0.2366353 0.3194042 0.2375568 0.1844590 0.0726425 0.0809320 0.3259636 0.0649015 0.0875880 0.1302612 0.0323634 0.1457017 0.2205492 0.1177793 0.0779615 0.1324093 0.0235360 0.1143096 0.1296864 0.0642323 0.3609577 0.2956330 0.0788313 0.0286526 0.3080915 0.2217797 0.0897650 0.0316596 0.0854515 0.0421874 0.3111121 0.0818871 0.3251374 0.2005583 0.1320969 0.0500742 0.1423776 0.1008227 0.0919985 0.0708253 0.1562683 0.2795287 0.1181960 0.0849073 0.3641328 0.0272131 0.0274056 0.0106090 0.0975080 0.1068652 0.0305404 0.2273097 0.1461245 
Perityle_bisetosa_9                        0.1021471 0.0312741 0.0358000 0.1317139 0.0439829 0.0806586 0.0947772 0.3375555 0.0458871 0.1080444 0.0080321 0.0162228 0.0298247 0.1238201 0.0263130 0.0000000 0.0295662 0.0350294 0.1032949 0.0146518 0.0016093 0.1334323 0.0150420 0.0151471 0.1065120 0.0980297 0.1122323 0.1130972 0.1145112 0.0437548 0.0413178 0.1174623 0.0094423 0.0064571 0.0509032 0.0016418 0.0362882 0.1100160 0.0131882 0.0164526 0.0396716 0.0016901 0.0452286 0.0600901 0.0198525 0.0932988 0.1044759 0.0444441 0.0017260 0.1099337 0.1025625 0.0298538 0.0033752 0.0343161 0.0192177 0.1204780 0.0064156 0.0980028 0.1278638 0.0793312 0.0302342 0.0963422 0.0016286 0.0150283 0.0370057 0.0227407 0.1097724 0.0149455 0.0509855 0.1136516 0.0016128 0.0000010 0.0000010 0.0468911 0.0356110 0.0032169 0.1532200 0.0051473 
Perityle_californica_76_positas            0.0995412 0.0488555 0.0431622 0.1067066 0.0505282 0.0856470 0.1119772 0.3391957 0.0333220 0.1074523 0.0391795 0.0420246 0.0464089 0.1326482 0.0534510 0.0295662 0.0000000 0.0380826 0.0995212 0.0405636 0.0293256 0.1293178 0.0338254 0.0355159 0.1043795 0.0931245 0.0995138 0.1185066 0.1216987 0.0541196 0.0134759 0.1077071 0.0183231 0.0409123 0.0530521 0.0295768 0.0360863 0.1139933 0.0312845 0.0331600 0.0458626 0.0307352 0.0426557 0.0573761 0.0381821 0.0876250 0.0957629 0.0456680 0.0366397 0.1063502 0.0965055 0.0545699 0.0351265 0.0478555 0.0508299 0.1453835 0.0308744 0.0927075 0.1245952 0.0975945 0.0454716 0.1168992 0.0355962 0.0454163 0.0409591 0.0284215 0.1061589 0.0335676 0.0501762 0.1164060 0.0311478 0.0308846 0.0481815 0.0521395 0.0287515 0.0352108 0.1478548 0.0313073 
Perityle_canescens_77                      0.1158246 0.0382834 0.0560179 0.1357983 0.0614931 0.1376144 0.1205174 0.3614023 0.0583950 0.1663792 0.0558339 0.0538089 0.0581561 0.1629548 0.0606097 0.0350294 0.0380826 0.0000000 0.1371273 0.0591133 0.0505387 0.1052409 0.0414405 0.0378687 0.1702889 0.1601563 0.1745832 0.1486513 0.1648117 0.0434935 0.0554398 0.1803518 0.0230997 0.0589701 0.0521858 0.0427236 0.0437697 0.1197697 0.0452333 0.0505366 0.0430786 0.0390079 0.0477383 0.0584930 0.0344019 0.1577547 0.1689766 0.0408038 0.0415661 0.1630770 0.1498630 0.0591037 0.0500900 0.0449207 0.0431999 0.1537587 0.0462424 0.1643111 0.1892377 0.0840070 0.0384246 0.1063449 0.0549858 0.0514900 0.0652045 0.0460952 0.1768571 0.0412168 0.0507565 0.1741921 0.0451762 0.0434498 0.0334540 0.0707696 0.0425373 0.0495338 0.2113875 0.0377148 
Perityle_castillonii_96                    0.0573061 0.1220688 0.2115760 0.2597050 0.1410969 0.2235525 0.1791707 0.3707079 0.1630200 0.0836567 0.1935067 0.1667768 0.1449267 0.1505465 0.2152586 0.1032949 0.0995212 0.1371273 0.0000000 0.1584643 0.1585252 0.0815050 0.1550244 0.1108344 0.0066320 0.0172664 0.0297329 0.0516822 0.0484400 0.1136877 0.1361480 0.0942485 0.1103893 0.2120587 0.2118646 0.1411772 0.2190085 0.0187781 0.2029757 0.2066351 0.2105615 0.1173314 0.2153088 0.2294530 0.1662012 0.0186668 0.0173653 0.1391481 0.1160522 0.0348915 0.0145580 0.2039701 0.1120910 0.1197024 0.1034079 0.1585292 0.2006755 0.0162058 0.0649150 0.0371888 0.1250005 0.0113038 0.1938026 0.1993181 0.1733555 0.2024796 0.0147017 0.1639653 0.1525034 0.0159513 0.1442106 0.1319915 0.1432804 0.2037717 0.1999105 0.1621208 0.0728094 0.1782952 
Perityle_cernua_84                         0.1506979 0.0403311 0.0720571 0.1833233 0.0543532 0.1264659 0.1074926 0.3768506 0.0933001 0.1608221 0.0219435 0.0195690 0.0303209 0.2283606 0.0301748 0.0146518 0.0405636 0.0591133 0.1584643 0.0000000 0.0181174 0.1675526 0.0184987 0.0148047 0.1577004 0.1458570 0.1652838 0.1550846 0.1330112 0.0545929 0.0764487 0.1828927 0.0431477 0.0299947 0.0816144 0.0203357 0.0866936 0.1479645 0.0196314 0.0220880 0.0612831 0.0173603 0.0703968 0.0730405 0.0406324 0.1440287 0.1523086 0.0688988 0.0207790 0.1695260 0.1594185 0.0338733 0.0230418 0.0667872 0.0252253 0.2190929 0.0220116 0.1516964 0.1609964 0.0907932 0.0450737 0.1136443 0.0168991 0.0196187 0.0706196 0.0496897 0.1659404 0.0197061 0.0700085 0.1622710 0.0182366 0.0153173 0.0081169 0.0759421 0.0533084 0.0196845 0.1767427 0.0195482 
Perityle_cfvillosa_25_tin                  0.1688361 0.0333539 0.0685433 0.1793938 0.0488292 0.1624432 0.1013738 0.3469430 0.0890058 0.2261819 0.0189019 0.0234732 0.0351344 0.2187532 0.0279801 0.0016093 0.0293256 0.0505387 0.1585252 0.0181174 0.0000000 0.1579446 0.0239236 0.0178686 0.1794448 0.2219712 0.2367762 0.2164314 0.1673361 0.0495391 0.0632763 0.2173392 0.0360451 0.0234475 0.0688123 0.0145185 0.0848159 0.1435023 0.0238018 0.0266185 0.0512905 0.0000010 0.0619695 0.0759459 0.0421790 0.1902588 0.2088840 0.0553910 0.0059120 0.1855547 0.1728090 0.0334231 0.0121869 0.0606442 0.0228197 0.2151915 0.0045398 0.2304490 0.2008499 0.0906564 0.0310606 0.1129681 0.0137850 0.0249767 0.0647633 0.0478449 0.1898344 0.0250228 0.0670409 0.2233147 0.0032372 0.0053016 0.0000010 0.0767666 0.0551755 0.0116984 0.2024452 0.0026940 
Perityle_cinerea_113_Powell1310            0.1056306 0.1966881 0.1857339 0.1928302 0.1566498 0.2162047 0.1775450 0.3795672 0.1628636 0.1269808 0.1605080 0.1640388 0.1803949 0.0704664 0.2087392 0.1334323 0.1293178 0.1052409 0.0815050 0.1675526 0.1579446 0.0000000 0.1538828 0.1446818 0.0663950 0.0719495 0.0853917 0.1146694 0.0998358 0.1738278 0.0953712 0.1073022 0.1434759 0.1682619 0.1898708 0.1344253 0.1677310 0.0808072 0.1579221 0.1474410 0.1656725 0.1516898 0.1303855 0.1999609 0.1310610 0.0785154 0.0765978 0.1792615 0.1758338 0.0812467 0.0817513 0.2166234 0.1657271 0.1396177 0.1543032 0.0750248 0.1565166 0.0730381 0.1469474 0.1002439 0.1940406 0.0560574 0.1699520 0.1509653 0.1849983 0.1260951 0.0800322 0.1538828 0.1880728 0.0793578 0.1565166 0.1557833 0.1725286 0.1943899 0.1838522 0.1586083 0.1178707 0.1584730 
Perityle_coahuilensis_24                   0.2311397 0.0392380 0.0581364 0.1702648 0.0422058 0.2382887 0.0915317 0.3668259 0.1321590 0.2200840 0.0292760 0.0173556 0.0100542 0.2522482 0.1163931 0.0150420 0.0338254 0.0414405 0.1550244 0.0184987 0.0239236 0.1538828 0.0000000 0.0029160 0.1658966 0.2711590 0.3251873 0.2949431 0.1504993 0.0532649 0.0524216 0.2581458 0.0381813 0.0374095 0.0730754 0.0220376 0.0732799 0.1487170 0.0051723 0.0066684 0.0575605 0.0193046 0.0621021 0.1423940 0.0379315 0.2353049 0.2460575 0.0472178 0.0183104 0.1908552 0.1706546 0.0358778 0.0237558 0.0519737 0.0171220 0.2449312 0.0262758 0.3333300 0.1917162 0.0911233 0.0392448 0.1137058 0.0315336 0.0300424 0.0554158 0.0477452 0.2173675 0.0000010 0.0610598 0.2973304 0.0281017 0.0204995 0.0112865 0.0642216 0.0540105 0.0253737 0.1973464 0.0654842 
Perityle_cochisensis_44_cave_creek         0.1207695 0.0340044 0.0504271 0.1252180 0.0404864 0.0886550 0.0884601 0.3577065 0.0537566 0.1100698 0.0238304 0.0160522 0.0088074 0.1665121 0.0303769 0.0151471 0.0355159 0.0378687 0.1108344 0.0148047 0.0178686 0.1446818 0.0029160 0.0000000 0.1083427 0.1003744 0.1148252 0.1152618 0.1045117 0.0511246 0.0346972 0.1291517 0.0333428 0.0301631 0.0543965 0.0212990 0.0437717 0.1121397 0.0058250 0.0072280 0.0393137 0.0170278 0.0509650 0.0572547 0.0380388 0.1030702 0.1066953 0.0467665 0.0189382 0.1120499 0.1117375 0.0301121 0.0238222 0.0519772 0.0171652 0.1588755 0.0191946 0.1062356 0.1362668 0.0938586 0.0341598 0.1042326 0.0181003 0.0167566 0.0536449 0.0341569 0.1116265 0.0028997 0.0622224 0.1149233 0.0178704 0.0192339 0.0084333 0.0623703 0.0414332 0.0226067 0.1499016 0.0155375 
Perityle_congesta_202                      0.0561545 0.1306807 0.1943796 0.2316014 0.1445606 0.2514304 0.1822998 0.3695349 0.1377655 0.0615467 0.1768274 0.1423404 0.1422093 0.1074999 0.1967321 0.1065120 0.1043795 0.1702889 0.0066320 0.1577004 0.1794448 0.0663950 0.1658966 0.1083427 0.0000000 0.0136690 0.0275050 0.0449144 0.0513738 0.1226726 0.1690717 0.0670579 0.1023317 0.1905471 0.2105605 0.1212258 0.2126968 0.0131681 0.1790067 0.1729734 0.1943372 0.1200666 0.1945891 0.2142406 0.1395564 0.0163887 0.0124830 0.1378685 0.1137682 0.0205595 0.0089740 0.1936920 0.1105352 0.1177982 0.1092772 0.1094602 0.1793334 0.0125956 0.0657021 0.0323453 0.1668351 0.0028426 0.1805867 0.1841859 0.1846429 0.1740061 0.0113352 0.1745093 0.1580093 0.0135683 0.1724318 0.1331843 0.1497841 0.1668569 0.1982014 0.1818449 0.0705864 0.1259600 
Perityle_cordifolia_27                     0.0576751 0.1061327 0.2562888 0.2615937 0.1331862 0.2671852 0.1721330 0.3980594 0.1717896 0.0784984 0.2882416 0.1543730 0.1361863 0.1666130 0.2366353 0.0980297 0.0931245 0.1601563 0.0172664 0.1458570 0.2219712 0.0719495 0.2711590 0.1003744 0.0136690 0.0000000 0.0318519 0.0551768 0.0530411 0.1202970 0.2101400 0.1059689 0.1131915 0.2750489 0.2788180 0.1412751 0.2764780 0.0223852 0.2828827 0.2189683 0.3125037 0.1109070 0.2759180 0.3325180 0.1545614 0.0252113 0.0200839 0.1320673 0.1012437 0.0285968 0.0237553 0.2740890 0.1073416 0.1245845 0.1143261 0.1701717 0.2254154 0.0274056 0.0681825 0.0368619 0.1503765 0.0000010 0.2885033 0.2278131 0.1696125 0.2135964 0.0224914 0.2470471 0.1471246 0.0300561 0.2001287 0.1206667 0.1250578 0.1876718 0.2776922 0.1810416 0.0731536 0.1892616 
Perityle_cordifolia_68_tecolote            0.0744633 0.1275249 0.2813489 0.2671244 0.1496975 0.3528959 0.2011449 0.4102616 0.2021670 0.0944592 0.3098199 0.1721624 0.1491338 0.2541600 0.3194042 0.1122323 0.0995138 0.1745832 0.0297329 0.1652838 0.2367762 0.0853917 0.3251873 0.1148252 0.0275050 0.0318519 0.0000000 0.0777167 0.0676347 0.1303173 0.2309207 0.1518892 0.1253149 0.3067305 0.2967776 0.1526672 0.2929664 0.0371568 0.3219913 0.2442005 0.3479628 0.1199796 0.2820177 0.4134386 0.1636104 0.0760780 0.0472909 0.1472949 0.1214373 0.0601129 0.0347388 0.3007147 0.1289486 0.1341009 0.1263520 0.2578402 0.2517986 0.0555204 0.0873685 0.0553542 0.1715567 0.0284775 0.3313569 0.2522310 0.1842271 0.2582836 0.0339049 0.2984836 0.1610166 0.0548387 0.2169240 0.1386672 0.1443900 0.2006064 0.3153279 0.1941228 0.0885256 0.2307218 
Perityle_coronopifolia_28_patagonia        0.0682708 0.1484661 0.2329160 0.2570283 0.1275312 0.2598518 0.1896148 0.3952619 0.1494848 0.0663855 0.2682715 0.1784491 0.1468413 0.1688199 0.2375568 0.1130972 0.1185066 0.1486513 0.0516822 0.1550846 0.2164314 0.1146694 0.2949431 0.1152618 0.0449144 0.0551768 0.0777167 0.0000000 0.0565316 0.1347183 0.2029597 0.1097114 0.1055091 0.2665331 0.2509694 0.1494730 0.2536919 0.0543225 0.2727678 0.2048143 0.2987737 0.1345062 0.2427709 0.3618456 0.1704233 0.0622454 0.0602583 0.1385192 0.1332870 0.0563876 0.0553505 0.2631292 0.1158491 0.1179560 0.1245436 0.1724467 0.2165794 0.0644345 0.0292048 0.0090682 0.1556576 0.0520053 0.2836449 0.2207011 0.1787320 0.1984606 0.0580465 0.2423531 0.1665168 0.0646144 0.2046243 0.1226399 0.1751523 0.1985179 0.2711458 0.1865524 0.0244315 0.1879705 
Perityle_crassifolia_70_ventanas           0.0585509 0.1281310 0.1757367 0.2073461 0.1424397 0.2277277 0.1857613 0.3967474 0.1377755 0.0714893 0.1662188 0.1221185 0.1458415 0.1019780 0.1844590 0.1145112 0.1216987 0.1648117 0.0484400 0.1330112 0.1673361 0.0998358 0.1504993 0.1045117 0.0513738 0.0530411 0.0676347 0.0565316 0.0000000 0.1191051 0.1676888 0.0766042 0.0818598 0.1792000 0.1948027 0.1016625 0.1861322 0.0505917 0.1677693 0.1543174 0.1800634 0.1121886 0.1781542 0.2108454 0.1032442 0.0540913 0.0564928 0.1357347 0.1061988 0.0633405 0.0554226 0.1698829 0.1050666 0.1098830 0.1076260 0.1007826 0.1614918 0.0528615 0.0837280 0.0441373 0.1645917 0.0428413 0.1668062 0.1540708 0.1586022 0.1441505 0.0518396 0.1583300 0.1240451 0.0540955 0.1633134 0.1287744 0.1498260 0.1378847 0.1795774 0.1583821 0.0881208 0.0970846 
Perityle_crassifolia_74_playa_balandra     0.1012931 0.0520289 0.0497620 0.1079027 0.0694085 0.1059827 0.1622134 0.3311304 0.0360341 0.1221253 0.0562114 0.0559531 0.0741327 0.1258656 0.0726425 0.0437548 0.0541196 0.0434935 0.1136877 0.0545929 0.0495391 0.1738278 0.0532649 0.0511246 0.1226726 0.1202970 0.1303173 0.1347183 0.1191051 0.0000000 0.0498000 0.1361547 0.0230056 0.0591629 0.0800414 0.0456161 0.0493336 0.1403259 0.0531575 0.0505124 0.0656427 0.0471139 0.0646434 0.0688806 0.0460237 0.1138853 0.1337413 0.0694060 0.0539778 0.1374139 0.1158296 0.0673313 0.0566788 0.0567760 0.0690700 0.1393128 0.0494710 0.1211776 0.1690743 0.1320287 0.0635648 0.1310905 0.0500003 0.0508235 0.0630591 0.0351577 0.1253305 0.0533816 0.0149139 0.1303358 0.0471933 0.0493704 0.0561545 0.0697631 0.0581834 0.0476599 0.1598903 0.0497108 
Perityle_cuneata_34_cuneata_San_antonio    0.1715177 0.0453132 0.0745752 0.1680848 0.0572117 0.1650413 0.0987627 0.3620595 0.0746244 0.1967623 0.0684714 0.0744427 0.0534793 0.1521901 0.0809320 0.0413178 0.0134759 0.0554398 0.1361480 0.0764487 0.0632763 0.0953712 0.0524216 0.0346972 0.1690717 0.2101400 0.2309207 0.2029597 0.1676888 0.0498000 0.0000000 0.2011765 0.0195450 0.0697535 0.0640763 0.0681221 0.0514337 0.1121611 0.0562351 0.0658098 0.0599717 0.0578824 0.0655565 0.0815963 0.0532021 0.1757854 0.1836195 0.0593884 0.0574927 0.1637245 0.1441747 0.0714491 0.0517127 0.0474377 0.0615811 0.1544948 0.0569719 0.2181016 0.1937918 0.0764166 0.0438666 0.0929585 0.0651825 0.0654154 0.0704546 0.0577981 0.1723411 0.0537300 0.0775859 0.2180443 0.0612737 0.0440037 0.0407146 0.0770573 0.0552954 0.0612188 0.1709533 0.0524285 
Perityle_cuneata_4                         0.0879564 0.1337223 0.2789495 0.2513078 0.1686097 0.3377870 0.1884253 0.4141048 0.2351805 0.1110794 0.2746217 0.1823709 0.1688089 0.2311692 0.3259636 0.1174623 0.1077071 0.1803518 0.0942485 0.1828927 0.2173392 0.1073022 0.2581458 0.1291517 0.0670579 0.1059689 0.1518892 0.1097114 0.0766042 0.1361547 0.2011765 0.0000000 0.1217270 0.2977040 0.2566021 0.1570137 0.2517572 0.0986761 0.2880218 0.2598671 0.2886190 0.1391392 0.2625803 0.3401886 0.1694172 0.1482265 0.1439112 0.1552871 0.1329689 0.1423748 0.1031513 0.2981266 0.1264807 0.1315528 0.1163284 0.2238958 0.2608696 0.1429987 0.0889464 0.0406507 0.1694723 0.0381578 0.2924614 0.2648242 0.1992512 0.2544239 0.1200354 0.2653707 0.1713824 0.1465229 0.2064426 0.1603135 0.1588382 0.2186595 0.2708042 0.2043104 0.0831467 0.2273245 
Perityle_discoidea_81                      0.0977826 0.0170357 0.0164994 0.1166964 0.0442814 0.0996625 0.0990704 0.3507978 0.0292937 0.1150723 0.0456140 0.0408652 0.0487694 0.1893051 0.0649015 0.0094423 0.0183231 0.0230997 0.1103893 0.0431477 0.0360451 0.1434759 0.0381813 0.0333428 0.1023317 0.1131915 0.1253149 0.1055091 0.0818598 0.0230056 0.0195450 0.1217270 0.0000000 0.0439797 0.0550903 0.0345850 0.0353245 0.1281224 0.0446669 0.0461618 0.0470984 0.0308553 0.0530244 0.0660997 0.0269525 0.1127870 0.1201046 0.0384242 0.0307234 0.1168112 0.1184122 0.0529762 0.0350725 0.0363312 0.0266355 0.1894526 0.0387499 0.1181386 0.1267715 0.0741992 0.0296152 0.1041721 0.0410381 0.0500570 0.0239413 0.0226219 0.1262568 0.0397116 0.0329374 0.1275700 0.0293054 0.0289769 0.0113646 0.0356128 0.0388192 0.0294965 0.1290464 0.0392721 
Perityle_dissecta_201                      0.1888751 0.0453456 0.0766735 0.2181186 0.0581583 0.2081930 0.1162328 0.3584413 0.1448489 0.2723006 0.0250404 0.0306233 0.0411383 0.2646888 0.0875880 0.0064571 0.0409123 0.0589701 0.2120587 0.0299947 0.0234475 0.1682619 0.0374095 0.0301631 0.1905471 0.2750489 0.3067305 0.2665331 0.1792000 0.0591629 0.0697535 0.2977040 0.0439797 0.0000000 0.0962519 0.0170916 0.1064486 0.2065914 0.0338785 0.0372540 0.0659226 0.0159719 0.0741906 0.1261446 0.0422103 0.2622310 0.2777501 0.0738432 0.0193191 0.2334414 0.2218597 0.0393536 0.0122345 0.0735403 0.0295683 0.2598895 0.0355747 0.3018673 0.2108303 0.0936216 0.0417586 0.1180762 0.0210160 0.0332259 0.0713258 0.0653484 0.2633604 0.0382403 0.0716525 0.3025650 0.0255156 0.0120414 0.0108483 0.0826373 0.0664681 0.0199284 0.2204328 0.0343123 
Perityle_feddemae_99                       0.2096713 0.0600932 0.1006553 0.2140602 0.0775507 0.1838799 0.1371927 0.3878456 0.1452217 0.2681221 0.0916304 0.0871529 0.0768006 0.2530861 0.1302612 0.0509032 0.0530521 0.0521858 0.2118646 0.0816144 0.0688123 0.1898708 0.0730754 0.0543965 0.2105605 0.2788180 0.2967776 0.2509694 0.1948027 0.0800414 0.0640763 0.2566021 0.0550903 0.0962519 0.0000000 0.0758577 0.0843344 0.2111264 0.0774799 0.0911195 0.0409570 0.0651277 0.0468545 0.1056367 0.0605830 0.2390426 0.2648425 0.0251197 0.0697335 0.2362014 0.2256343 0.0983335 0.0801748 0.0562265 0.0694407 0.2620552 0.0910267 0.2861443 0.2226875 0.1314743 0.0563155 0.1427196 0.0942062 0.0973129 0.0835075 0.0986982 0.2466587 0.0726770 0.0976393 0.2905198 0.0668264 0.0554211 0.0567613 0.1120403 0.0564217 0.0659963 0.2151977 0.0995924 
Perityle_fosteri_93                        0.1475119 0.0361290 0.0638164 0.1866443 0.0418237 0.1164192 0.1028906 0.3454147 0.0913170 0.1476341 0.0142751 0.0235146 0.0351697 0.2175607 0.0323634 0.0016418 0.0295768 0.0427236 0.1411772 0.0203357 0.0145185 0.1344253 0.0220376 0.0212990 0.1212258 0.1412751 0.1526672 0.1494730 0.1016625 0.0456161 0.0681221 0.1570137 0.0345850 0.0170916 0.0758577 0.0000000 0.0978161 0.1435552 0.0214953 0.0253733 0.0511540 0.0116474 0.0616348 0.0701783 0.0400635 0.1408067 0.1488084 0.0569401 0.0119771 0.1616438 0.1452874 0.0308163 0.0076711 0.0662239 0.0230380 0.2146476 0.0210583 0.1481633 0.1420962 0.0810206 0.0306679 0.1032880 0.0105338 0.0231449 0.0590040 0.0428443 0.1442114 0.0234288 0.0611300 0.1474394 0.0134394 0.0043420 0.0027248 0.0675192 0.0472816 0.0106662 0.1327417 0.0190540 
Perityle_gamon_221                         0.1897599 0.0291937 0.0980923 0.1889548 0.0638072 0.1567060 0.1083150 0.3608634 0.1109925 0.2855504 0.1054275 0.1096486 0.0683017 0.2467440 0.1457017 0.0362882 0.0360863 0.0437697 0.2190085 0.0866936 0.0848159 0.1677310 0.0732799 0.0437717 0.2126968 0.2764780 0.2929664 0.2536919 0.1861322 0.0493336 0.0514337 0.2517572 0.0353245 0.1064486 0.0843344 0.0978161 0.0000000 0.2223498 0.0904020 0.1003982 0.0730614 0.0499263 0.0811952 0.0704622 0.0837329 0.2444732 0.2672395 0.0425051 0.0524128 0.2378541 0.2246472 0.0993663 0.0652366 0.0545364 0.0447207 0.2431634 0.0928914 0.2822347 0.2011423 0.0984139 0.0479659 0.1033583 0.1012224 0.0962635 0.0861608 0.0965658 0.2536599 0.0728381 0.0945879 0.2895668 0.0774055 0.0470828 0.0316106 0.1219790 0.0874020 0.0843569 0.1969096 0.1006927 
Perityle_gentryi_8_san_francisco           0.0663572 0.1415778 0.2099282 0.2633762 0.1297512 0.2268962 0.1932336 0.3788007 0.1665030 0.0927857 0.1859744 0.1725166 0.1434861 0.1668755 0.2205492 0.1100160 0.1139933 0.1197697 0.0187781 0.1479645 0.1435023 0.0808072 0.1487170 0.1121397 0.0131681 0.0223852 0.0371568 0.0543225 0.0505917 0.1403259 0.1121611 0.0986761 0.1281224 0.2065914 0.2111264 0.1435552 0.2223498 0.0000000 0.1982320 0.2001538 0.2180167 0.1275344 0.2133234 0.2340432 0.1700704 0.0281947 0.0278281 0.1453867 0.1220450 0.0352786 0.0212897 0.1984960 0.1242366 0.1343812 0.1219822 0.1683780 0.2029885 0.0268678 0.0721904 0.0479278 0.1061442 0.0112769 0.1876158 0.1980857 0.1575836 0.1896704 0.0209845 0.1583606 0.1663691 0.0275037 0.1277723 0.1206791 0.1649967 0.1962026 0.1910063 0.1500136 0.0710433 0.1948800 
Perityle_gilensis_22_Superstition          0.2064034 0.0387023 0.0600987 0.1981838 0.0448880 0.2363446 0.0939133 0.3725501 0.1465512 0.2542494 0.0292674 0.0166390 0.0113835 0.2705784 0.1177793 0.0131882 0.0312845 0.0452333 0.2029757 0.0196314 0.0238018 0.1579221 0.0051723 0.0058250 0.1790067 0.2828827 0.3219913 0.2727678 0.1677693 0.0531575 0.0562351 0.2880218 0.0446669 0.0338785 0.0774799 0.0214953 0.0904020 0.1982320 0.0000000 0.0052768 0.0526164 0.0191669 0.0569432 0.1411803 0.0392336 0.2608493 0.2772507 0.0512920 0.0166348 0.2275752 0.2156126 0.0367447 0.0251698 0.0636933 0.0169871 0.2647890 0.0263035 0.3164694 0.1948125 0.0933292 0.0359319 0.1165229 0.0308030 0.0319505 0.0575781 0.0516980 0.2564738 0.0051897 0.0697535 0.3140995 0.0270571 0.0190683 0.0110736 0.0675637 0.0516832 0.0237594 0.2097693 0.0563792 
Perityle_gilensis_salensis_225             0.1646562 0.0359336 0.0638231 0.2026974 0.0477558 0.1893834 0.0904344 0.3746108 0.1303272 0.2137935 0.0320476 0.0216825 0.0127359 0.2584215 0.0779615 0.0164526 0.0331600 0.0505366 0.2066351 0.0220880 0.0266185 0.1474410 0.0066684 0.0072280 0.1729734 0.2189683 0.2442005 0.2048143 0.1543174 0.0505124 0.0658098 0.2598671 0.0461618 0.0372540 0.0911195 0.0253733 0.1003982 0.2001538 0.0052768 0.0000000 0.0589863 0.0234350 0.0674579 0.1108142 0.0453333 0.2393443 0.2450610 0.0601951 0.0210657 0.2266533 0.2204378 0.0408137 0.0281403 0.0687601 0.0147029 0.2525490 0.0304252 0.2469004 0.1799450 0.0926876 0.0345651 0.1097256 0.0286526 0.0287239 0.0625694 0.0550660 0.2500652 0.0066245 0.0708679 0.2508104 0.0258330 0.0230567 0.0082857 0.0724956 0.0517704 0.0279857 0.1983720 0.0246429 
Perityle_glaucescens_94                    0.2355978 0.0490076 0.0798542 0.1949001 0.0639578 0.2086859 0.1237363 0.3851068 0.1645434 0.2706157 0.0656066 0.0598545 0.0608088 0.2684904 0.1324093 0.0396716 0.0458626 0.0430786 0.2105615 0.0612831 0.0512905 0.1656725 0.0575605 0.0393137 0.1943372 0.3125037 0.3479628 0.2987737 0.1800634 0.0656427 0.0599717 0.2886190 0.0470984 0.0659226 0.0409570 0.0511540 0.0730614 0.2180167 0.0526164 0.0589863 0.0000000 0.0420433 0.0070852 0.1017874 0.0400706 0.2730684 0.2949227 0.0013931 0.0480007 0.2408203 0.2236888 0.0729832 0.0631473 0.0447145 0.0554259 0.2734215 0.0610344 0.3442003 0.2118300 0.1096085 0.0539542 0.1168257 0.0660895 0.0661803 0.0679569 0.0719873 0.2700247 0.0559854 0.0727451 0.3480956 0.0497577 0.0431295 0.0463475 0.0797074 0.0482986 0.0486667 0.2049074 0.0688797 
Perityle_gracilis_11                       0.1197174 0.0327399 0.0587682 0.1270626 0.0379221 0.0945552 0.1000668 0.3548988 0.0632729 0.1304421 0.0129607 0.0171452 0.0327206 0.2051385 0.0235360 0.0016901 0.0307352 0.0390079 0.1173314 0.0173603 0.0000010 0.1516898 0.0193046 0.0170278 0.1200666 0.1109070 0.1199796 0.1345062 0.1121886 0.0471139 0.0578824 0.1391392 0.0308553 0.0159719 0.0651277 0.0116474 0.0499263 0.1275344 0.0191669 0.0234350 0.0420433 0.0000000 0.0552066 0.0561030 0.0369916 0.1113516 0.1165206 0.0487122 0.0058869 0.1267475 0.1235050 0.0307706 0.0109287 0.0522807 0.0229163 0.1985257 0.0028284 0.1126249 0.1447598 0.0962663 0.0296801 0.1104738 0.0087324 0.0192465 0.0518968 0.0364344 0.1231830 0.0206553 0.0604502 0.1248413 0.0000010 0.0059292 0.0000010 0.0637909 0.0427613 0.0057739 0.1514930 0.0014293 
Perityle_harkerae_31                       0.1958039 0.0476632 0.0860959 0.1991645 0.0662361 0.1871048 0.1078555 0.3973961 0.1361277 0.2728403 0.0764526 0.0730023 0.0709303 0.2503041 0.1143096 0.0452286 0.0426557 0.0477383 0.2153088 0.0703968 0.0619695 0.1303855 0.0621021 0.0509650 0.1945891 0.2759180 0.2820177 0.2427709 0.1781542 0.0646434 0.0655565 0.2625803 0.0530244 0.0741906 0.0468545 0.0616348 0.0811952 0.2133234 0.0569432 0.0674579 0.0070852 0.0552066 0.0000000 0.0924387 0.0502782 0.2463667 0.2658776 0.0084382 0.0614642 0.2381422 0.2320332 0.0812397 0.0705128 0.0558331 0.0561886 0.2540926 0.0687156 0.2805156 0.2092468 0.0999512 0.0575995 0.0942769 0.0719351 0.0736670 0.0766217 0.0721409 0.2499313 0.0628385 0.0817875 0.2864281 0.0608498 0.0538553 0.0418555 0.0887988 0.0509174 0.0593026 0.1933915 0.0664901 
Perityle_hofmeisteria_4_nombre_de_dios     0.2742419 0.0429384 0.1298440 0.2223494 0.0731084 0.1663876 0.1226007 0.4112380 0.1967026 0.3074986 0.1125647 0.0803299 0.0765632 0.3086479 0.1296864 0.0600901 0.0573761 0.0584930 0.2294530 0.0730405 0.0759459 0.1999609 0.1423940 0.0572547 0.2142406 0.3325180 0.4134386 0.3618456 0.2108454 0.0688806 0.0815963 0.3401886 0.0660997 0.1261446 0.1056367 0.0701783 0.0704622 0.2340432 0.1411803 0.1108142 0.1017874 0.0561030 0.0924387 0.0000000 0.0664181 0.4085947 0.3406734 0.0508036 0.0623336 0.3154297 0.2377462 0.1191287 0.0732970 0.0650595 0.0680677 0.3041548 0.1119014 0.4393750 0.2214385 0.1286325 0.0638398 0.1362527 0.1341717 0.1227429 0.0831130 0.1718262 0.2995122 0.1421937 0.0866394 0.4353013 0.0716423 0.0576862 0.0508074 0.1075491 0.1076926 0.0667396 0.2366481 0.1879716 
Perityle_incana_3_ucla                     0.1555988 0.0348899 0.0542686 0.1567030 0.0415062 0.1038533 0.1071513 0.3275588 0.0980897 0.1804055 0.0438970 0.0398413 0.0561599 0.2472565 0.0642323 0.0198525 0.0381821 0.0344019 0.1662012 0.0406324 0.0421790 0.1310610 0.0379315 0.0380388 0.1395564 0.1545614 0.1636104 0.1704233 0.1032442 0.0460237 0.0532021 0.1694172 0.0269525 0.0422103 0.0605830 0.0400635 0.0837329 0.1700704 0.0392336 0.0453333 0.0400706 0.0369916 0.0502782 0.0664181 0.0000000 0.1613856 0.1671928 0.0442005 0.0374347 0.1750191 0.1654168 0.0532409 0.0331975 0.0577390 0.0343147 0.2447837 0.0388999 0.1621633 0.1355871 0.0851231 0.0322487 0.0946821 0.0396264 0.0442042 0.0531566 0.0422520 0.1707699 0.0392973 0.0526587 0.1773502 0.0377650 0.0333831 0.0254401 0.0593936 0.0391152 0.0368640 0.1263932 0.0377957 
Perityle_intricata_59_Clark_mtns           0.0562657 0.0995492 0.2652788 0.2504166 0.1279131 0.4109710 0.1624818 0.3849892 0.2006555 0.0914537 0.2430185 0.1562091 0.1341354 0.2743075 0.3609577 0.0932988 0.0876250 0.1577547 0.0186668 0.1440287 0.1902588 0.0785154 0.2353049 0.1030702 0.0163887 0.0252113 0.0760780 0.0622454 0.0540913 0.1138853 0.1757854 0.1482265 0.1127870 0.2622310 0.2390426 0.1408067 0.2444732 0.0281947 0.2608493 0.2393443 0.2730684 0.1113516 0.2463667 0.4085947 0.1613856 0.0000000 0.0127985 0.1256070 0.1086931 0.0888563 0.0275887 0.2626624 0.1045176 0.1166682 0.0970180 0.2676534 0.2454006 0.0602266 0.0720677 0.0351782 0.1539609 0.0056026 0.2604629 0.2395692 0.1710054 0.2683847 0.0367010 0.2425559 0.1423394 0.0909692 0.1841458 0.1275526 0.1156731 0.1943745 0.2675752 0.1833696 0.0751715 0.2291186 
Perityle_inyoensis_9_pleasant              0.0591985 0.1126447 0.2791194 0.2635383 0.1436809 0.3356334 0.1786837 0.3988375 0.2030343 0.0907849 0.2596167 0.1637563 0.1427293 0.2246703 0.2956330 0.1044759 0.0957629 0.1689766 0.0173653 0.1523086 0.2088840 0.0765978 0.2460575 0.1066953 0.0124830 0.0200839 0.0472909 0.0602583 0.0564928 0.1337413 0.1836195 0.1439112 0.1201046 0.2777501 0.2648425 0.1488084 0.2672395 0.0278281 0.2772507 0.2450610 0.2949227 0.1165206 0.2658776 0.3406734 0.1671928 0.0127985 0.0000000 0.1418813 0.1087120 0.0297641 0.0263056 0.2805938 0.1153154 0.1290440 0.1129028 0.2279741 0.2457389 0.0019017 0.0741529 0.0391506 0.1578989 0.0056692 0.2758207 0.2515286 0.1795417 0.2587121 0.0343179 0.2532532 0.1586882 0.0009422 0.1974487 0.1313918 0.1226706 0.1993899 0.2846896 0.1889883 0.0780140 0.2284597 
Perityle_jaliscana_203                     0.1413875 0.0531048 0.0717660 0.1463487 0.0728827 0.1153768 0.1239287 0.3823727 0.0762354 0.1376711 0.0675853 0.0685770 0.0687818 0.1950068 0.0788313 0.0444441 0.0456680 0.0408038 0.1391481 0.0688988 0.0553910 0.1792615 0.0472178 0.0467665 0.1378685 0.1320673 0.1472949 0.1385192 0.1357347 0.0694060 0.0593884 0.1552871 0.0384242 0.0738432 0.0251197 0.0569401 0.0425051 0.1453867 0.0512920 0.0601951 0.0013931 0.0487122 0.0084382 0.0508036 0.0442005 0.1256070 0.1418813 0.0000000 0.0557621 0.1464421 0.1369359 0.0787223 0.0689157 0.0429146 0.0589453 0.1981168 0.0522525 0.1372189 0.1624828 0.1187633 0.0546111 0.1192748 0.0652639 0.0631165 0.0743056 0.0572521 0.1462329 0.0484829 0.0789667 0.1572555 0.0511240 0.0515683 0.0485193 0.0859253 0.0402887 0.0544652 0.1600133 0.0476312 
