83
Amauria_brandeegeana_62                    0.0000000 0.1930975 0.0467931 0.3828398 0.1747167 0.0588407 0.3249091 0.2631388 0.3874903 0.1524129 0.2297697 0.2078332 0.2125381 0.2152319 0.1593560 0.2311760 0.0329680 0.1851918 0.2171812 0.2364711 0.2141208 0.2024093 0.2175151 0.2114669 0.2132634 0.1929132 0.2277450 0.2154261 0.1656874 0.1586495 0.5176015 0.3755758 0.1498377 0.2376321 0.1564321 0.2458663 0.2096366 0.2328553 0.2403670 0.2126014 0.2304246 0.2535368 0.2124656 0.2184104 0.2941608 0.2139252 0.0292720 0.2164361 0.2214482 0.2537678 0.2248129 0.2383556 0.2106788 0.2002522 0.1823366 0.2237366 0.1416900 0.3318161 0.2467667 0.2250478 0.2244666 0.0726043 0.1820270 0.2042954 0.1895111 0.1988475 0.2179728 0.2436454 0.1857794 0.2132123 0.2170711 0.1943833 0.2119771 0.1931245 0.1897465 0.1007565 0.2410012 0.2383610 0.2838630 0.0337461 0.1381814 0.2182614 0.2125641 
Amauria_carterae_99_mesa                   0.1930975 0.0000000 0.2224017 0.3766346 0.0779574 0.0817615 0.1625821 0.1479691 0.2915018 0.0290977 0.0903774 0.0796859 0.0809141 0.0848089 0.0720515 0.0853586 0.0509435 0.1023098 0.0922320 0.0712299 0.0658218 0.0618615 0.0677855 0.0682139 0.0678075 0.0786332 0.0872318 0.0908464 0.1043042 0.2411736 0.4061603 0.2414142 0.0290952 0.0689581 0.0537799 0.1043594 0.0744993 0.1000978 0.0765390 0.0645146 0.0744958 0.1081819 0.0651629 0.0986118 0.1239346 0.0743664 0.0500830 0.0676832 0.0645146 0.0841841 0.0808646 0.0711472 0.0682576 0.0823152 0.0743999 0.1108030 0.0772184 0.2588634 0.0994208 0.0660979 0.0811587 0.0370098 0.0917620 0.0721382 0.0958026 0.0792906 0.0946515 0.0838765 0.0684001 0.0678142 0.0650483 0.1006991 0.0773829 0.0716211 0.0648671 0.0539998 0.1034006 0.0844002 0.0717275 0.0690100 0.0826167 0.0648219 0.0584493 
Amauria_rotundifolia_SRR9119150            0.0467931 0.2224017 0.0000000 0.4061657 0.1767718 0.0889465 0.3191134 0.2713825 0.4092545 0.1757600 0.2339556 0.2156382 0.2148259 0.2538451 0.1744898 0.2897315 0.0668062 0.2068895 0.2459282 0.2606393 0.2459976 0.2037004 0.2313650 0.2216446 0.2270845 0.2172261 0.2359391 0.2423505 0.1835714 0.1690778 0.5400440 0.3829724 0.1758981 0.2732296 0.1722976 0.2621653 0.2273039 0.3316117 0.3288227 0.2246295 0.2327749 0.2758841 0.2221331 0.2287665 0.3874152 0.2265823 0.0500258 0.2246583 0.2352214 0.2676034 0.2260259 0.2867644 0.2192037 0.2193785 0.1924121 0.2266692 0.1659915 0.3579292 0.2559368 0.2571200 0.2481309 0.1081228 0.2057276 0.2246042 0.2106048 0.2226663 0.2302693 0.2548772 0.2083931 0.2828050 0.2313246 0.2188208 0.2214008 0.1996085 0.2073056 0.1275245 0.2505038 0.3080557 0.3318882 0.0574631 0.1602708 0.2296477 0.2409699 
Conoclinium_coelestinum_SRR9119114         0.3828398 0.3766346 0.4061657 0.0000000 0.3527498 0.1928033 0.3263043 0.4208110 0.5363691 0.3674092 0.4112437 0.3933722 0.3667753 0.3832573 0.3265093 0.4248112 0.1951182 0.3469666 0.3936715 0.3582338 0.3587174 0.3725285 0.3681943 0.3714141 0.3689953 0.3466564 0.3851443 0.3532545 0.3558661 0.3589825 0.6301409 0.6104132 0.3471835 0.4180631 0.3650829 0.4041541 0.3662378 0.4138229 0.4094070 0.3662744 0.3890995 0.4117248 0.3700859 0.4017079 0.4445497 0.3768449 0.1619816 0.3814075 0.3755046 0.4020629 0.3743098 0.3752842 0.3634942 0.3442396 0.3503715 0.3734738 0.2729501 0.5325873 0.4054676 0.3678946 0.3925260 0.1959242 0.3312521 0.3696785 0.3446933 0.3369380 0.3901491 0.3752210 0.3747587 0.3862343 0.3655836 0.3937185 0.3744824 0.3683513 0.3519850 0.2330026 0.4056180 0.3888059 0.4644574 0.1699816 0.2899063 0.3734504 0.4309389 
Eutetras_palmeri_63                        0.1747167 0.0779574 0.1767718 0.3527498 0.0000000 0.0193213 0.1728061 0.1719384 0.3560593 0.0590585 0.1039605 0.1187138 0.0906670 0.0959011 0.0890513 0.1383352 0.0493878 0.0989155 0.1192786 0.0951491 0.0886642 0.0855628 0.0880915 0.0828297 0.0852591 0.0998749 0.1050961 0.1007455 0.1050271 0.1786269 0.4987338 0.2698102 0.0601583 0.0819008 0.0689224 0.1128859 0.1020509 0.1213090 0.1340525 0.0859731 0.1024448 0.1191668 0.0878141 0.1097351 0.1736304 0.0900539 0.0469686 0.0895335 0.0866908 0.1081092 0.0990795 0.0935820 0.0859992 0.0875523 0.0934785 0.1172068 0.0986992 0.2279129 0.1480251 0.0849850 0.0999254 0.0745776 0.1220754 0.0898386 0.1034696 0.0843101 0.1023366 0.0873862 0.0830388 0.1043029 0.0882164 0.1056563 0.0917936 0.0894498 0.0848121 0.0801818 0.0996948 0.1063570 0.1003683 0.0650966 0.1116265 0.0857775 0.0901574 
Eutetras_pringlei_149_quer                 0.0588407 0.0817615 0.0889465 0.1928033 0.0193213 0.0000000 0.1097656 0.1647690 0.2035344 0.0451671 0.0840773 0.0749460 0.0709347 0.0854707 0.0712918 0.0923947 0.0550640 0.0814914 0.1078922 0.0698910 0.0711722 0.0681232 0.0739280 0.0672815 0.0772525 0.0741253 0.0877317 0.0948297 0.0734292 0.1284737 0.4490526 0.0697401 0.0489761 0.0696302 0.0440156 0.1028245 0.0770612 0.0879057 0.0924735 0.0698910 0.0916522 0.1011168 0.0675754 0.0919844 0.0907474 0.0769882 0.0387328 0.0735812 0.0708918 0.0843291 0.0706766 0.0713748 0.0710133 0.0715046 0.0810762 0.0949227 0.0877317 0.1165726 0.0705922 0.0653819 0.0869810 0.0733917 0.1125389 0.0778185 0.0989811 0.0654863 0.0975334 0.0769847 0.0730173 0.0706009 0.0743587 0.0769482 0.0776853 0.0718132 0.0648978 0.0646021 0.0973479 0.1219418 0.0959514 0.0685695 0.0950800 0.0684762 0.0445874 
Eutrochium_fistulosum_SRR9119106           0.3249091 0.1625821 0.3191134 0.3263043 0.1728061 0.1097656 0.0000000 0.2343410 0.5029854 0.2288503 0.2864529 0.3018737 0.2562516 0.2712776 0.1731680 0.3412197 0.1406470 0.2305722 0.2353681 0.2962719 0.3039679 0.2532265 0.3004788 0.3274334 0.2916288 0.3196358 0.3132040 0.3692847 0.1970099 0.2130159 0.5300691 0.4811479 0.2111514 0.3443508 0.1972623 0.3483962 0.2802386 0.4153829 0.3472104 0.2816534 0.3005477 0.3757567 0.2910338 0.3158388 0.4515193 0.2786230 0.1292932 0.2958947 0.2963454 0.3391098 0.2767319 0.3253708 0.3054263 0.2969343 0.2043337 0.3010927 0.1268248 0.5470015 0.3994475 0.2904610 0.3193135 0.1380961 0.2096847 0.2962179 0.2966286 0.2958572 0.2353011 0.2993196 0.1902996 0.3178448 0.2985091 0.2594250 0.3055409 0.2173462 0.2001977 0.1165318 0.2641213 0.2983540 0.3733079 0.1046524 0.1599697 0.2764514 0.2970665 
Galeana_pratensis_104_mex                  0.2631388 0.1479691 0.2713825 0.4208110 0.1719384 0.1647690 0.2343410 0.0000000 0.3764855 0.1439322 0.1827039 0.1989716 0.1952034 0.1806253 0.1705082 0.2006224 0.1386689 0.1946483 0.1918643 0.1769944 0.1803765 0.1798799 0.1818836 0.1740110 0.1803179 0.2098266 0.1956482 0.1869817 0.1779938 0.2665861 0.5504180 0.3219952 0.1378759 0.1758680 0.1484201 0.2277859 0.1842288 0.2079107 0.1873748 0.1778974 0.2067174 0.2280688 0.1805038 0.2204306 0.2513502 0.1840506 0.1482001 0.1809611 0.1801528 0.2216387 0.2118817 0.1879610 0.1737943 0.1988231 0.1732937 0.1872696 0.1880029 0.3277731 0.2246815 0.1781721 0.1701928 0.1520726 0.1750584 0.1829339 0.1847212 0.1910702 0.1798689 0.1591124 0.1591999 0.1794284 0.1817247 0.1823055 0.1874068 0.1840104 0.1760692 0.1649338 0.1878088 0.1982344 0.1772370 0.1694574 0.1814019 0.1769976 0.1436576 
Helianthus_annuus_SRR9119062               0.3874903 0.2915018 0.4092545 0.5363691 0.3560593 0.2035344 0.5029854 0.3764855 0.0000000 0.3406702 0.4248083 0.4039210 0.3985980 0.4205418 0.3483237 0.4857139 0.1708482 0.3750294 0.3985227 0.4188395 0.4179625 0.3956417 0.4043649 0.4018912 0.4097453 0.3865396 0.4035395 0.4463327 0.3220044 0.3364120 0.5840515 0.5632344 0.3384369 0.4200606 0.3527419 0.4355981 0.4136150 0.4884912 0.4842041 0.4037641 0.4233254 0.4366340 0.4020262 0.4210969 0.4740885 0.4156185 0.2528954 0.4116675 0.4107941 0.4271069 0.4169907 0.4271679 0.4004578 0.3693213 0.3666891 0.4173358 0.2887491 0.6006130 0.4747740 0.4149071 0.4087308 0.1748898 0.3723947 0.4221487 0.4358156 0.3652920 0.3871984 0.3886449 0.2959142 0.4327727 0.4014666 0.3834736 0.4091326 0.3771292 0.3487128 0.2215295 0.4092509 0.4263892 0.4347721 0.2499935 0.2699153 0.4086361 0.3849845 
Lycapsus_tenuifolius_17                    0.1524129 0.0290977 0.1757600 0.3674092 0.0590585 0.0451671 0.2288503 0.1439322 0.3406702 0.0000000 0.1043879 0.1434137 0.0956861 0.1154908 0.0467445 0.1521082 0.0168842 0.0601350 0.0621248 0.0927096 0.0759843 0.0910221 0.0925381 0.0818334 0.0840419 0.1089916 0.1084295 0.1232281 0.0172062 0.1098233 0.4583365 0.2985979 0.0000010 0.0745416 0.0344759 0.0991642 0.1038768 0.1728128 0.1743054 0.0897731 0.1026515 0.1025518 0.0893928 0.0904671 0.2769033 0.0901803 0.0327796 0.0925146 0.0940174 0.0873706 0.1044070 0.1171060 0.0830018 0.1036623 0.0766807 0.0957797 0.0520269 0.2497451 0.1584464 0.0774124 0.1219455 0.0285338 0.0797596 0.0940840 0.1254545 0.1019329 0.0917248 0.0773641 0.0379304 0.1217907 0.0928249 0.0166836 0.0968250 0.0819816 0.0682572 0.0206100 0.1030887 0.1305468 0.0872940 0.0255827 0.0590425 0.0907344 0.1156116 
Pericome_caudata_50_silver                 0.2297697 0.0903774 0.2339556 0.4112437 0.1039605 0.0840773 0.2864529 0.1827039 0.4248083 0.1043879 0.0000000 0.1974617 0.1359519 0.1927472 0.1003482 0.2337828 0.0380704 0.1031733 0.1236676 0.1879885 0.1688385 0.1572662 0.1693258 0.1542011 0.1616320 0.1736196 0.1845037 0.2409061 0.1192889 0.1623421 0.4739087 0.3641136 0.0867306 0.1889538 0.1332743 0.1474708 0.1704773 0.2369086 0.2499827 0.1665590 0.1623437 0.1650466 0.1616802 0.1445726 0.3593336 0.1702242 0.0610092 0.1648721 0.1603585 0.1530745 0.1677322 0.2014726 0.1566130 0.1644657 0.1241417 0.1358106 0.0949142 0.3504613 0.1964198 0.1733165 0.1824010 0.0688756 0.1316599 0.1644994 0.2188231 0.1672973 0.0779180 0.0889657 0.0963054 0.2051569 0.1638772 0.1294473 0.1659785 0.1222113 0.1157387 0.0815734 0.0985021 0.1911443 0.2002775 0.0611947 0.1173702 0.1612130 0.1850854 
Perityle_aglossa_84_dead_horse             0.2078332 0.0796859 0.2156382 0.3933722 0.1187138 0.0749460 0.3018737 0.1989716 0.4039210 0.1434137 0.1974617 0.0000000 0.1103673 0.1634598 0.0577943 0.2219062 0.0053780 0.1749898 0.1562202 0.1490814 0.1275212 0.1340385 0.1369454 0.1289386 0.1319618 0.1598168 0.1488707 0.2567176 0.1279006 0.1682936 0.4675720 0.4207963 0.1228719 0.1602322 0.1250762 0.1767371 0.1358449 0.2770428 0.2443456 0.1341205 0.1315566 0.1957921 0.1287709 0.1932249 0.3314387 0.1338238 0.0464429 0.1324196 0.1334449 0.1884303 0.1363596 0.1746301 0.1185974 0.1598386 0.0855218 0.2086150 0.0370861 0.3298781 0.1469117 0.1447724 0.2316916 0.0363601 0.1364062 0.1054279 0.2473994 0.1596408 0.1827423 0.1764537 0.0513026 0.1717355 0.1373416 0.1742446 0.1368578 0.0921585 0.0881990 0.0194421 0.2141084 0.2364525 0.1997838 0.0029107 0.1085414 0.1315096 0.1882492 
Perityle_ajoensis_204                      0.2125381 0.0809141 0.2148259 0.3667753 0.0906670 0.0709347 0.2562516 0.1952034 0.3985980 0.0956861 0.1359519 0.1103673 0.0000000 0.0607552 0.0111103 0.1002051 0.0106426 0.1267593 0.1056797 0.0451491 0.0263609 0.0286013 0.0431610 0.0310579 0.0387771 0.0686450 0.0574722 0.1217349 0.1004022 0.1693061 0.4731882 0.3408659 0.0727479 0.0272744 0.0863251 0.1257088 0.0279643 0.1887682 0.1018798 0.0395027 0.0414374 0.1282156 0.0417842 0.1207132 0.2477916 0.0229865 0.0517332 0.0429969 0.0420741 0.1208293 0.0363423 0.0586195 0.0253012 0.0644849 0.0221997 0.1248865 0.0362698 0.2909431 0.1426197 0.0392206 0.1457511 0.0451482 0.0934423 0.0371539 0.1100275 0.0651839 0.1389968 0.1198478 0.0122665 0.0677716 0.0430987 0.1270851 0.0486729 0.0109295 0.0220227 0.0243603 0.1458391 0.1384087 0.0466481 0.0087005 0.1028397 0.0354431 0.1312480 
Perityle_ambrosiifolia_67_green            0.2152319 0.0848089 0.2538451 0.3832573 0.0959011 0.0854707 0.2712776 0.1806253 0.4205418 0.1154908 0.1927472 0.1634598 0.0607552 0.0000000 0.0225444 0.1040065 0.0217755 0.1560389 0.1115493 0.0373436 0.0259952 0.0530517 0.0507178 0.0907779 0.0477611 0.0843384 0.0643726 0.1356092 0.1037196 0.1675424 0.4550430 0.3545048 0.0695489 0.0223076 0.1130619 0.1824395 0.0548600 0.2302225 0.1047970 0.0483547 0.0580903 0.1936156 0.0528574 0.1521287 0.2426392 0.0545281 0.0568593 0.0540224 0.0530523 0.1820235 0.0629930 0.0634757 0.0438380 0.0849192 0.0236460 0.1816358 0.0365979 0.3362183 0.1853200 0.0259287 0.1657045 0.0599282 0.1047837 0.0564480 0.1374736 0.0844031 0.1464643 0.1739476 0.0223897 0.0587522 0.0507664 0.1220303 0.0607804 0.0412120 0.0249923 0.0274940 0.1919365 0.1783678 0.0308230 0.0206708 0.1030256 0.0511551 0.1611660 
Perityle_angustifolia_13_Eagle_creek       0.1593560 0.0720515 0.1744898 0.3265093 0.0890513 0.0712918 0.1731680 0.1705082 0.3483237 0.0467445 0.1003482 0.0577943 0.0111103 0.0225444 0.0000000 0.0308814 0.0000010 0.0893584 0.0874726 0.0255502 0.0016014 0.0193819 0.0159232 0.0047860 0.0176358 0.0447903 0.0327165 0.0931319 0.0953705 0.1576716 0.4379892 0.3008954 0.0467119 0.0000010 0.0526212 0.0844788 0.0174305 0.0807386 0.0245004 0.0142225 0.0272558 0.0871783 0.0160746 0.0814739 0.1662300 0.0126348 0.0247155 0.0190500 0.0208378 0.0755141 0.0322064 0.0290692 0.0047727 0.0397220 0.0031330 0.1000149 0.0266671 0.2114885 0.0899084 0.0163068 0.1181488 0.0319559 0.0927605 0.0079748 0.0910670 0.0401504 0.1012443 0.0832885 0.0074147 0.0079130 0.0159182 0.0918451 0.0256444 0.0079735 0.0145890 0.0136398 0.1059608 0.0881256 0.0169999 0.0028985 0.0953066 0.0193758 0.1058429 
Perityle_batopilensis_97                   0.2311760 0.0853586 0.2897315 0.4248112 0.1383352 0.0923947 0.3412197 0.2006224 0.4857139 0.1521082 0.2337828 0.2219062 0.1002051 0.1040065 0.0308814 0.0000000 0.0161507 0.1824474 0.1170142 0.0703462 0.0407724 0.0929017 0.0925656 0.1291143 0.0883216 0.1229603 0.0975082 0.1614520 0.1363693 0.1546906 0.4815182 0.3463306 0.0945700 0.0241718 0.1430575 0.2173342 0.0954070 0.2379605 0.0097474 0.0884841 0.0994062 0.2232110 0.0949150 0.1954931 0.2665675 0.0900697 0.0609078 0.0936272 0.0913722 0.2183874 0.1030651 0.0624019 0.0837678 0.1146656 0.0756717 0.2155131 0.0533413 0.3222697 0.2389069 0.0359721 0.1641831 0.0410326 0.1010680 0.0886078 0.1650326 0.1159461 0.1894937 0.2048379 0.0301344 0.0943585 0.0926643 0.1477665 0.0965857 0.0902891 0.0643555 0.0359234 0.2288357 0.2072603 0.0351282 0.0205902 0.1007297 0.0896170 0.1929614 
Perityle_bisetosa_9                        0.0329680 0.0509435 0.0668062 0.1951182 0.0493878 0.0550640 0.1406470 0.1386689 0.1708482 0.0168842 0.0380704 0.0053780 0.0106426 0.0217755 0.0000010 0.0161507 0.0000000 0.0382423 0.0328563 0.0160435 0.0000010 0.0106860 0.0106860 0.0000010 0.0160435 0.0328698 0.0106860 0.0497766 0.0435935 0.1046325 0.3175366 0.0445941 0.0169656 0.0000010 0.0060718 0.0490156 0.0053183 0.0436434 0.0216142 0.0106860 0.0053161 0.0378030 0.0107844 0.0378030 0.0435463 0.0053214 0.0112263 0.0106860 0.0106860 0.0381198 0.0214552 0.0000010 0.0000010 0.0325616 0.0161022 0.0492016 0.0161009 0.0826955 0.0106860 0.0108975 0.0506324 0.0237308 0.0562300 0.0000010 0.0555964 0.0335384 0.0789153 0.0569431 0.0000010 0.0000010 0.0108356 0.0435935 0.0106860 0.0000010 0.0000010 0.0161170 0.0856282 0.0488615 0.0106580 0.0000010 0.0495905 0.0106860 0.0000010 
Perityle_californica_76_positas            0.1851918 0.1023098 0.2068895 0.3469666 0.0989155 0.0814914 0.2305722 0.1946483 0.3750294 0.0601350 0.1031733 0.1749898 0.1267593 0.1560389 0.0893584 0.1824474 0.0382423 0.0000000 0.1109188 0.1592795 0.1456745 0.1495797 0.1482037 0.1417608 0.1507530 0.1549473 0.1540675 0.1472061 0.0973756 0.1510470 0.4757943 0.2901365 0.0582846 0.1629178 0.0936962 0.1134650 0.1536598 0.1007973 0.1769415 0.1457114 0.1627001 0.1191616 0.1479048 0.1154462 0.2268054 0.1474666 0.0335134 0.1547722 0.1521798 0.1059433 0.1610851 0.1595925 0.1408962 0.1514419 0.1099217 0.0987531 0.0984220 0.2909085 0.1773112 0.1495012 0.1382524 0.0561605 0.0920667 0.1528265 0.1372519 0.1452361 0.1009610 0.0752632 0.0854828 0.1518569 0.1466503 0.0915360 0.1575218 0.1180737 0.1057758 0.0713335 0.1156297 0.0978427 0.1842060 0.0613932 0.1037465 0.1520669 0.0921870 
Perityle_canescens_77                      0.2171812 0.0922320 0.2459282 0.3936715 0.1192786 0.1078922 0.2353681 0.1918643 0.3985227 0.0621248 0.1236676 0.1562202 0.1056797 0.1115493 0.0874726 0.1170142 0.0328563 0.1109188 0.0000000 0.1153461 0.1002669 0.1061195 0.1015898 0.0965500 0.1009244 0.1318254 0.1096354 0.0863416 0.1108861 0.1818315 0.4835413 0.3273397 0.0622790 0.1006292 0.0936211 0.0777661 0.1067153 0.0990160 0.1125093 0.1047019 0.1211635 0.0772912 0.1048667 0.0753182 0.2083738 0.1050306 0.0592204 0.1082465 0.1103497 0.0715459 0.1157048 0.1155418 0.0962222 0.1234963 0.1044372 0.0899310 0.0892459 0.2725629 0.1746821 0.1044351 0.1362660 0.0364350 0.0858696 0.1081000 0.0846469 0.1211454 0.1268867 0.1089432 0.0844123 0.0991518 0.1019081 0.1061232 0.1155188 0.1030385 0.0942681 0.0766036 0.1339408 0.0353610 0.1223600 0.0551832 0.1176269 0.1062332 0.1577371 
Perityle_castillonii_96                    0.2364711 0.0712299 0.2606393 0.3582338 0.0951491 0.0698910 0.2962719 0.1769944 0.4188395 0.0927096 0.1879885 0.1490814 0.0451491 0.0373436 0.0255502 0.0703462 0.0160435 0.1592795 0.1153461 0.0000000 0.0265757 0.0149774 0.0199575 0.0850437 0.0201504 0.0636487 0.0432414 0.1348937 0.1081026 0.1669120 0.4422687 0.3752661 0.0809665 0.0231859 0.0936688 0.1801072 0.0396810 0.1945031 0.0688622 0.0186973 0.0439212 0.1905866 0.0116232 0.1540743 0.1965789 0.0331809 0.0608405 0.0210731 0.0223903 0.1814400 0.0410308 0.0398973 0.0259835 0.0581097 0.0273652 0.1695280 0.0363580 0.3653147 0.1862040 0.0150144 0.1632730 0.0405258 0.1054229 0.0356597 0.1321152 0.0572827 0.1427386 0.1655114 0.0198157 0.0306418 0.0199529 0.1381858 0.0262995 0.0298154 0.0206732 0.0053289 0.1743553 0.1485403 0.0464892 0.0144434 0.0991617 0.0166547 0.1432287 
Perityle_cernua_84                         0.2141208 0.0658218 0.2459976 0.3587174 0.0886642 0.0711722 0.3039679 0.1803765 0.4179625 0.0759843 0.1688385 0.1275212 0.0263609 0.0259952 0.0016014 0.0407724 0.0000010 0.1456745 0.1002669 0.0265757 0.0000000 0.0169272 0.0204594 0.0765204 0.0158036 0.0593715 0.0316259 0.1149085 0.0924138 0.1517735 0.4607682 0.3439437 0.0677454 0.0057092 0.0691316 0.1683455 0.0195644 0.1852952 0.0374440 0.0180685 0.0263012 0.1844757 0.0167706 0.1392648 0.1904741 0.0156982 0.0477513 0.0216023 0.0279508 0.1591561 0.0272159 0.0338466 0.0118838 0.0549103 0.0084339 0.1506934 0.0276485 0.3339914 0.1880023 0.0138877 0.1498190 0.0317830 0.0855489 0.0119297 0.1089999 0.0553297 0.1272371 0.1563026 0.0024778 0.0094527 0.0204288 0.1179349 0.0257072 0.0097459 0.0128674 0.0164701 0.1601462 0.1359730 0.0268043 0.0029366 0.0907910 0.0160877 0.1331235 
Perityle_cfvillosa_25_tin                  0.2024093 0.0618615 0.2037004 0.3725285 0.0855628 0.0681232 0.2532265 0.1798799 0.3956417 0.0910221 0.1572662 0.1340385 0.0286013 0.0530517 0.0193819 0.0929017 0.0106860 0.1495797 0.1061195 0.0149774 0.0169272 0.0000000 0.0110045 0.0404577 0.0044281 0.0540370 0.0398270 0.1140549 0.1006713 0.1682825 0.4395571 0.3256526 0.0689279 0.0138076 0.0830494 0.1393195 0.0303391 0.2009272 0.0960619 0.0087928 0.0361483 0.1451110 0.0077734 0.1333288 0.2368522 0.0279787 0.0556144 0.0043786 0.0021849 0.1357291 0.0314893 0.0477952 0.0168421 0.0468376 0.0226802 0.1506693 0.0330990 0.3188949 0.1150514 0.0000010 0.1581933 0.0408086 0.0988742 0.0330215 0.1160337 0.0459566 0.1303715 0.1251465 0.0148545 0.0591191 0.0110382 0.1229624 0.0111436 0.0238832 0.0140105 0.0081746 0.1606115 0.1516805 0.0306935 0.0208467 0.1064385 0.0000010 0.1320320 
Perityle_coahuilensis_24                   0.2175151 0.0677855 0.2313650 0.3681943 0.0880915 0.0739280 0.3004788 0.1818836 0.4043649 0.0925381 0.1693258 0.1369454 0.0431610 0.0507178 0.0159232 0.0925656 0.0106860 0.1482037 0.1015898 0.0199575 0.0204594 0.0110045 0.0000000 0.0870118 0.0158136 0.1479600 0.0984716 0.1695899 0.0997131 0.1594685 0.4430997 0.3399341 0.0683667 0.0161629 0.0918793 0.1646464 0.0390714 0.2767622 0.1142801 0.0033281 0.0380450 0.2186062 0.0152155 0.1581187 0.3066285 0.0529686 0.0528412 0.0127367 0.0279205 0.1824105 0.0366764 0.0611296 0.0332046 0.0694446 0.0211089 0.1542052 0.0310095 0.3610804 0.1943469 0.0086236 0.1640856 0.0452204 0.0960002 0.0408245 0.1682778 0.1190443 0.1294611 0.2085863 0.0172687 0.0619371 0.0007894 0.1214186 0.0200782 0.0223892 0.0138927 0.0080443 0.1608341 0.1880496 0.0382383 0.0116256 0.1022973 0.0113993 0.1352804 
Perityle_cochisensis_44_cave_creek         0.2114669 0.0682139 0.2216446 0.3714141 0.0828297 0.0672815 0.3274334 0.1740110 0.4018912 0.0818334 0.1542011 0.1289386 0.0310579 0.0907779 0.0047860 0.1291143 0.0000010 0.1417608 0.0965500 0.0850437 0.0765204 0.0404577 0.0870118 0.0000000 0.0774188 0.1368256 0.1021563 0.1889052 0.0896405 0.1564665 0.4570074 0.3397294 0.0600463 0.0939016 0.0718336 0.1774280 0.0669713 0.2460005 0.1383732 0.0731095 0.0919896 0.2022493 0.0775093 0.1594116 0.2835586 0.0606314 0.0472668 0.0914856 0.0767792 0.1686819 0.0647870 0.1138663 0.0741298 0.1205232 0.0104407 0.1469606 0.0273144 0.3314881 0.2138960 0.0819922 0.1679403 0.0313857 0.0883394 0.0883018 0.1239945 0.1392115 0.1234300 0.1755850 0.0049321 0.1208226 0.0869954 0.1163947 0.0988256 0.0110554 0.0041143 0.0108440 0.1486930 0.1625840 0.1216286 0.0029089 0.0955473 0.0700142 0.1606620 
Perityle_congesta_202                      0.2132634 0.0678075 0.2270845 0.3689953 0.0852591 0.0772525 0.2916288 0.1803179 0.4097453 0.0840419 0.1616320 0.1319618 0.0387771 0.0477611 0.0176358 0.0883216 0.0160435 0.1507530 0.1009244 0.0201504 0.0158036 0.0044281 0.0158136 0.0774188 0.0000000 0.0584674 0.0493381 0.1631394 0.0953890 0.1708978 0.4391132 0.3336087 0.0639913 0.0129168 0.0821537 0.1632707 0.0351334 0.2658758 0.1094465 0.0130368 0.0350612 0.1683084 0.0112443 0.1378733 0.2740039 0.0307211 0.0530454 0.0068846 0.0151120 0.1463017 0.0316866 0.0524980 0.0273662 0.0564448 0.0199584 0.1486303 0.0347656 0.3458839 0.1497232 0.0024749 0.1551189 0.0450636 0.0946956 0.0387273 0.1620386 0.0577105 0.1235072 0.1477512 0.0148134 0.0566341 0.0151571 0.1148999 0.0118815 0.0201171 0.0125478 0.0107213 0.1555005 0.1864018 0.0331956 0.0204479 0.1024294 0.0038111 0.1347894 
Perityle_cordifolia_27                     0.1929132 0.0786332 0.2172261 0.3466564 0.0998749 0.0741253 0.3196358 0.2098266 0.3865396 0.1089916 0.1736196 0.1598168 0.0686450 0.0843384 0.0447903 0.1229603 0.0328698 0.1549473 0.1318254 0.0636487 0.0593715 0.0540370 0.1479600 0.1368256 0.0584674 0.0000000 0.1587497 0.2488272 0.1147188 0.1529794 0.5122032 0.3039650 0.0822284 0.1318701 0.1007016 0.1892269 0.0723021 0.3223552 0.1552592 0.0600508 0.0909066 0.2391385 0.0623176 0.1896800 0.3728625 0.0603810 0.0577605 0.1098083 0.0656162 0.1664791 0.0683387 0.1325534 0.1253171 0.0241850 0.0520797 0.1522643 0.0558619 0.3530961 0.2077485 0.0526648 0.1633310 0.0550334 0.1009854 0.1365757 0.1840364 0.0256414 0.1421847 0.2083999 0.0442884 0.1456923 0.1450414 0.1412558 0.1543738 0.0516330 0.0473098 0.0507423 0.1749727 0.2269961 0.1082352 0.0384724 0.0958910 0.0501650 0.1377254 
Perityle_cordifolia_68_tecolote            0.2277450 0.0872318 0.2359391 0.3851443 0.1050961 0.0877317 0.3132040 0.1956482 0.4035395 0.1084295 0.1845037 0.1488707 0.0574722 0.0643726 0.0327165 0.0975082 0.0106860 0.1540675 0.1096354 0.0432414 0.0316259 0.0398270 0.0984716 0.1021563 0.0493381 0.1587497 0.0000000 0.2289272 0.1111306 0.1689614 0.4572995 0.3395368 0.0845069 0.0282443 0.1047152 0.1784841 0.0533524 0.3174684 0.1226455 0.1068033 0.0430454 0.2685641 0.0393753 0.1667302 0.3732439 0.0806094 0.0667282 0.0457017 0.0557260 0.2160782 0.0496480 0.0716385 0.0463304 0.0764223 0.0345974 0.1542467 0.0088784 0.3649701 0.2205234 0.0330770 0.1652557 0.0449853 0.1053830 0.0519595 0.1767853 0.1329592 0.1374626 0.2421310 0.0348995 0.0745984 0.0465755 0.1320037 0.0688566 0.0374660 0.0334968 0.0333139 0.1648348 0.1948853 0.0387128 0.0211545 0.1075214 0.0432713 0.1390438 
Perityle_coronopifolia_28_patagonia        0.2154261 0.0908464 0.2423505 0.3532545 0.1007455 0.0948297 0.3692847 0.1869817 0.4463327 0.1232281 0.2409061 0.2567176 0.1217349 0.1356092 0.0931319 0.1614520 0.0497766 0.1472061 0.0863416 0.1348937 0.1149085 0.1140549 0.1695899 0.1889052 0.1631394 0.2488272 0.2289272 0.0000000 0.1127479 0.1323845 0.4337328 0.3327037 0.0802303 0.1360514 0.1784903 0.2125579 0.1278220 0.2859867 0.1902961 0.1647232 0.1623916 0.2865463 0.1150875 0.1828535 0.2991900 0.1612982 0.0507702 0.1493126 0.1745575 0.2692388 0.1301724 0.1578613 0.1614653 0.1408615 0.1081892 0.1023751 0.0852913 0.3837926 0.2849628 0.1216535 0.0987908 0.0673470 0.0427272 0.1771001 0.0076593 0.2345645 0.1364089 0.2526632 0.0891535 0.1609620 0.1675195 0.1264069 0.1583784 0.1033808 0.0934665 0.0767550 0.1750263 0.1842286 0.1488196 0.0642722 0.0390129 0.1621526 0.1510767 
Perityle_crassifolia_70_ventanas           0.1656874 0.1043042 0.1835714 0.3558661 0.1050271 0.0734292 0.1970099 0.1779938 0.3220044 0.0172062 0.1192889 0.1279006 0.1004022 0.1037196 0.0953705 0.1363693 0.0435935 0.0973756 0.1108861 0.1081026 0.0924138 0.1006713 0.0997131 0.0896405 0.0953890 0.1147188 0.1111306 0.1127479 0.0000000 0.1331665 0.5008430 0.2849314 0.0144413 0.0914990 0.0093395 0.1325791 0.1099285 0.1329015 0.1288819 0.0992702 0.1135566 0.1285553 0.0994724 0.1228486 0.2048093 0.0981162 0.0509644 0.1044647 0.1033589 0.1198673 0.1172287 0.1140278 0.0911504 0.1132656 0.1065223 0.1347939 0.0971951 0.2232076 0.1628595 0.0966008 0.1323708 0.0790221 0.1364551 0.0948185 0.1113400 0.1102719 0.1097901 0.0973838 0.0882583 0.1006588 0.0998873 0.0117124 0.1020048 0.0942897 0.1002098 0.0704017 0.1124898 0.1144278 0.1058715 0.0548939 0.1128048 0.1009180 0.0863365 
Perityle_crassifolia_74_playa_balandra     0.1586495 0.2411736 0.1690778 0.3589825 0.1786269 0.1284737 0.2130159 0.2665861 0.3364120 0.1098233 0.1623421 0.1682936 0.1693061 0.1675424 0.1576716 0.1546906 0.1046325 0.1510470 0.1818315 0.1669120 0.1517735 0.1682825 0.1594685 0.1564665 0.1708978 0.1529794 0.1689614 0.1323845 0.1331665 0.0000000 0.6155038 0.1841263 0.1106506 0.1546011 0.1067605 0.2022187 0.1705383 0.1737443 0.1620520 0.1622263 0.1860047 0.2071631 0.1609997 0.2044024 0.2125601 0.1676186 0.0769729 0.1693158 0.1747567 0.1890824 0.1986457 0.1730868 0.1620085 0.1567638 0.1702709 0.1611059 0.1610992 0.1480454 0.1824183 0.1673924 0.1636391 0.1758059 0.1889653 0.1501040 0.1243819 0.1512929 0.1908987 0.1690096 0.1764055 0.1602637 0.1605268 0.1152650 0.1637171 0.1568300 0.1751982 0.1597160 0.2020931 0.1907841 0.1991905 0.0908341 0.1564276 0.1691491 0.1335616 
Perityle_cuneata_34_cuneata_San_antonio    0.5176015 0.4061603 0.5400440 0.6301409 0.4987338 0.4490526 0.5300691 0.5504180 0.5840515 0.4583365 0.4739087 0.4675720 0.4731882 0.4550430 0.4379892 0.4815182 0.3175366 0.4757943 0.4835413 0.4422687 0.4607682 0.4395571 0.4430997 0.4570074 0.4391132 0.5122032 0.4572995 0.4337328 0.5008430 0.6155038 0.0000000 0.5074496 0.4520112 0.4285457 0.4758404 0.4858542 0.4623748 0.4892668 0.4741938 0.4396634 0.4868400 0.4795766 0.4412058 0.4822956 0.5021696 0.4598111 0.3993166 0.4445969 0.4467209 0.4837626 0.4738306 0.4563145 0.4532149 0.4955325 0.4482342 0.4839788 0.4667953 0.6347163 0.4498652 0.4332289 0.4607081 0.3455516 0.4442626 0.4605889 0.4455473 0.4805173 0.4839792 0.4700307 0.3698704 0.4745579 0.4517303 0.5091704 0.4439217 0.4617041 0.4607635 0.4488910 0.4866607 0.4669992 0.3959764 0.4085240 0.4514039 0.4434029 0.4618676 
Perityle_cuneata_4                         0.3755758 0.2414142 0.3829724 0.6104132 0.2698102 0.0697401 0.4811479 0.3219952 0.5632344 0.2985979 0.3641136 0.4207963 0.3408659 0.3545048 0.3008954 0.3463306 0.0445941 0.2901365 0.3273397 0.3752661 0.3439437 0.3256526 0.3399341 0.3397294 0.3336087 0.3039650 0.3395368 0.3327037 0.2849314 0.1841263 0.5074496 0.0000000 0.2976741 0.3410057 0.3093551 0.3843826 0.3473238 0.3523534 0.3555028 0.3365130 0.3535682 0.3844498 0.3367324 0.3464702 0.4046824 0.3488313 0.0691347 0.3397062 0.3394986 0.3719740 0.3527221 0.3429512 0.3391863 0.3062529 0.3158829 0.3385958 0.2226300 0.6321993 0.4782346 0.3412016 0.3032838 0.0864368 0.3044060 0.3459873 0.3228146 0.3024428 0.3451324 0.3640751 0.2586893 0.3428240 0.3388696 0.3348083 0.3522798 0.3253605 0.3107833 0.1544120 0.3598511 0.3734836 0.3454279 0.0479462 0.1989827 0.3418440 0.3994981 
Perityle_discoidea_81                      0.1498377 0.0290952 0.1758981 0.3471835 0.0601583 0.0489761 0.2111514 0.1378759 0.3384369 0.0000010 0.0867306 0.1228719 0.0727479 0.0695489 0.0467119 0.0945700 0.0169656 0.0582846 0.0622790 0.0809665 0.0677454 0.0689279 0.0683667 0.0600463 0.0639913 0.0822284 0.0845069 0.0802303 0.0144413 0.1106506 0.4520112 0.2976741 0.0000000 0.0644745 0.0351278 0.0838269 0.0772398 0.0838795 0.0868080 0.0665347 0.0858266 0.0867776 0.0683344 0.0816131 0.1864255 0.0689675 0.0192974 0.0715444 0.0718387 0.0732772 0.0840774 0.0827029 0.0631827 0.0808281 0.0717719 0.0831272 0.0521850 0.2398893 0.1455420 0.0688968 0.1246280 0.0286498 0.0817940 0.0683864 0.0826165 0.0758438 0.0800077 0.0649994 0.0379276 0.0647808 0.0684598 0.0156503 0.0715740 0.0681575 0.0660576 0.0208086 0.0856445 0.0642414 0.0785793 0.0256927 0.0619309 0.0693023 0.1017755 
Perityle_dissecta_201                      0.2376321 0.0689581 0.2732296 0.4180631 0.0819008 0.0696302 0.3443508 0.1758680 0.4200606 0.0745416 0.1889538 0.1602322 0.0272744 0.0223076 0.0000010 0.0241718 0.0000010 0.1629178 0.1006292 0.0231859 0.0057092 0.0138076 0.0161629 0.0939016 0.0129168 0.1318701 0.0282443 0.1360514 0.0914990 0.1546011 0.4285457 0.3410057 0.0644745 0.0000000 0.0718678 0.1879383 0.0161831 0.2274345 0.0238526 0.0156860 0.0200747 0.2093173 0.0157321 0.1696202 0.1961488 0.0131233 0.0480075 0.0166573 0.0269482 0.1728688 0.0251891 0.0354146 0.0138132 0.0633953 0.0034450 0.1651072 0.0323606 0.3967821 0.2545646 0.0129895 0.1569327 0.0316384 0.0922222 0.0104152 0.1224928 0.1306059 0.1357905 0.2018368 0.0024671 0.0090942 0.0162150 0.1209145 0.0201931 0.0085325 0.0070115 0.0138831 0.1811171 0.1496204 0.0191451 0.0035089 0.0955219 0.0131086 0.1566794 
Perityle_emoryi_47_punta_san_jose          0.1564321 0.0537799 0.1722976 0.3650829 0.0689224 0.0440156 0.1972623 0.1484201 0.3527419 0.0344759 0.1332743 0.1250762 0.0863251 0.1130619 0.0526212 0.1430575 0.0060718 0.0936962 0.0936211 0.0936688 0.0691316 0.0830494 0.0918793 0.0718336 0.0821537 0.1007016 0.1047152 0.1784903 0.0093395 0.1067605 0.4758404 0.3093551 0.0351278 0.0718678 0.0000000 0.1124377 0.0990007 0.2117612 0.1708087 0.0891719 0.0947691 0.1236829 0.0851301 0.1137337 0.2864676 0.0893849 0.0268448 0.0866941 0.0894921 0.1108104 0.0984253 0.1077554 0.0840636 0.0897918 0.0716121 0.1234688 0.0465890 0.2294369 0.1594548 0.0718634 0.1281935 0.0250759 0.0988313 0.0869630 0.1742076 0.0947342 0.1158371 0.1191356 0.0416204 0.1145879 0.0896540 0.0343471 0.0898201 0.0766411 0.0667178 0.0122671 0.1229224 0.1765719 0.0831978 0.0165421 0.0669387 0.0860726 0.0992480 
Perityle_feddemae_99                       0.2458663 0.1043594 0.2621653 0.4041541 0.1128859 0.1028245 0.3483962 0.2277859 0.4355981 0.0991642 0.1474708 0.1767371 0.1257088 0.1824395 0.0844788 0.2173342 0.0490156 0.1134650 0.0777661 0.1801072 0.1683455 0.1393195 0.1646464 0.1774280 0.1632707 0.1892269 0.1784841 0.2125579 0.1325791 0.2022187 0.4858542 0.3843826 0.0838269 0.1879383 0.1124377 0.0000000 0.1595280 0.2127184 0.2382402 0.1583968 0.1763417 0.0386347 0.1688068 0.0287908 0.3377220 0.1484471 0.0729529 0.1664883 0.1699876 0.0238984 0.1610502 0.2012839 0.1542735 0.1872860 0.1008530 0.1133411 0.0770204 0.3653158 0.2389431 0.1769672 0.1762662 0.0359834 0.0992045 0.1689150 0.1683763 0.1871258 0.1278788 0.1300475 0.0741954 0.2076605 0.1637836 0.1408846 0.1761150 0.1002523 0.0883482 0.0614479 0.1522718 0.1494018 0.2129501 0.0615781 0.1243667 0.1567668 0.2173717 
Perityle_fosteri_93                        0.2096366 0.0744993 0.2273039 0.3662378 0.1020509 0.0770612 0.2802386 0.1842288 0.4136150 0.1038768 0.1704773 0.1358449 0.0279643 0.0548600 0.0174305 0.0954070 0.0053183 0.1536598 0.1067153 0.0396810 0.0195644 0.0303391 0.0390714 0.0669713 0.0351334 0.0723021 0.0533524 0.1278220 0.1099285 0.1705383 0.4623748 0.3473238 0.0772398 0.0161831 0.0990007 0.1595280 0.0000000 0.2352670 0.1178379 0.0368000 0.0418567 0.1715729 0.0368619 0.1382248 0.2391345 0.0352093 0.0561898 0.0389830 0.0402707 0.1574909 0.0386167 0.0656204 0.0270828 0.0596479 0.0233656 0.1522970 0.0364500 0.3403856 0.1532799 0.0284840 0.1612607 0.0358793 0.0944772 0.0378926 0.1255268 0.0659521 0.1371914 0.1490958 0.0097992 0.0580147 0.0390644 0.1307294 0.0462017 0.0246015 0.0234670 0.0189931 0.1664798 0.1756653 0.0308394 0.0144814 0.0997712 0.0361901 0.1396631 
Perityle_gamon_221                         0.2328553 0.1000978 0.3316117 0.4138229 0.1213090 0.0879057 0.4153829 0.2079107 0.4884912 0.1728128 0.2369086 0.2770428 0.1887682 0.2302225 0.0807386 0.2379605 0.0436434 0.1007973 0.0990160 0.1945031 0.1852952 0.2009272 0.2767622 0.2460005 0.2658758 0.3223552 0.3174684 0.2859867 0.1329015 0.1737443 0.4892668 0.3523534 0.0838795 0.2274345 0.2117612 0.2127184 0.2352670 0.0000000 0.2795262 0.2585936 0.2757800 0.2612855 0.2450781 0.1680131 0.2185256 0.2574696 0.0638362 0.2717905 0.2634801 0.2306392 0.2403120 0.2529595 0.2561962 0.2763128 0.1297964 0.1819558 0.0812278 0.3905319 0.3173720 0.1906396 0.2211540 0.0502496 0.1337613 0.2847524 0.2414104 0.3246744 0.1649880 0.2319604 0.0877721 0.2473327 0.2734061 0.1269810 0.2628558 0.1640771 0.1054558 0.0656924 0.1944439 0.2175315 0.2610293 0.0445046 0.1253463 0.2550998 0.2654417 
Perityle_gentryi_8_san_francisco           0.2403670 0.0765390 0.3288227 0.4094070 0.1340525 0.0924735 0.3472104 0.1873748 0.4842041 0.1743054 0.2499827 0.2443456 0.1018798 0.1047970 0.0245004 0.0097474 0.0216142 0.1769415 0.1125093 0.0688622 0.0374440 0.0960619 0.1142801 0.1383732 0.1094465 0.1552592 0.1226455 0.1902961 0.1288819 0.1620520 0.4741938 0.3555028 0.0868080 0.0238526 0.1708087 0.2382402 0.1178379 0.2795262 0.0000000 0.1129601 0.1232572 0.2468972 0.1138550 0.1935177 0.3023941 0.1167760 0.0586742 0.1167331 0.1132571 0.2412033 0.1270295 0.0822151 0.1095233 0.1422270 0.0702969 0.2183892 0.0444898 0.3330596 0.2571889 0.0351761 0.1759886 0.0499561 0.0983383 0.1142219 0.1942323 0.1530368 0.1869745 0.2243858 0.0202761 0.1052827 0.1143971 0.1437692 0.1187228 0.0877823 0.0586888 0.0328991 0.2282330 0.2454420 0.0392976 0.0206059 0.1027197 0.1118036 0.1950892 
Perityle_gilensis_22_Superstition          0.2126014 0.0645146 0.2246295 0.3662744 0.0859731 0.0698910 0.2816534 0.1778974 0.4037641 0.0897731 0.1665590 0.1341205 0.0395027 0.0483547 0.0142225 0.0884841 0.0106860 0.1457114 0.1047019 0.0186973 0.0180685 0.0087928 0.0033281 0.0731095 0.0130368 0.0600508 0.1068033 0.1647232 0.0992702 0.1622263 0.4396634 0.3365130 0.0665347 0.0156860 0.0891719 0.1583968 0.0368000 0.2585936 0.1129601 0.0000000 0.0367812 0.2134859 0.0131803 0.1387967 0.3297282 0.0518622 0.0501141 0.0117401 0.0188454 0.1811086 0.0355145 0.0544866 0.0291192 0.0535190 0.0196654 0.1508975 0.0290896 0.3380889 0.1580294 0.0074003 0.1615036 0.0405258 0.0936419 0.0413387 0.1665263 0.0634580 0.1277460 0.1882074 0.0147673 0.0584470 0.0018621 0.1209187 0.0177727 0.0210203 0.0124389 0.0053071 0.1575257 0.1883140 0.0377945 0.0115259 0.0991617 0.0094970 0.1320237 
Perityle_gilensis_salensis_225             0.2304246 0.0744958 0.2327749 0.3890995 0.1024448 0.0916522 0.3005477 0.2067174 0.4233254 0.1026515 0.1623437 0.1315566 0.0414374 0.0580903 0.0272558 0.0994062 0.0053161 0.1627001 0.1211635 0.0439212 0.0263012 0.0361483 0.0380450 0.0919896 0.0350612 0.0909066 0.0430454 0.1623916 0.1135566 0.1860047 0.4868400 0.3535682 0.0858266 0.0200747 0.0947691 0.1763417 0.0418567 0.2757800 0.1232572 0.0367812 0.0000000 0.1933963 0.0347393 0.1626951 0.2609214 0.0328415 0.0663781 0.0392577 0.0429491 0.1623929 0.0362978 0.0700220 0.0244397 0.0687870 0.0328757 0.1646915 0.0422503 0.3600633 0.2070498 0.0316076 0.1748070 0.0359503 0.1103425 0.0330882 0.1570725 0.0893994 0.1408293 0.1778331 0.0147807 0.0615707 0.0388643 0.1391726 0.0444445 0.0233500 0.0291984 0.0383104 0.1698228 0.1967482 0.0262168 0.0323962 0.1181145 0.0324058 0.1384322 
Perityle_glaucescens_94                    0.2535368 0.1081819 0.2758841 0.4117248 0.1191668 0.1011168 0.3757567 0.2280688 0.4366340 0.1025518 0.1650466 0.1957921 0.1282156 0.1936156 0.0871783 0.2232110 0.0378030 0.1191616 0.0772912 0.1905866 0.1844757 0.1451110 0.2186062 0.2022493 0.1683084 0.2391385 0.2685641 0.2865463 0.1285553 0.2071631 0.4795766 0.3844498 0.0867776 0.2093173 0.1236829 0.0386347 0.1715729 0.2612855 0.2468972 0.2134859 0.1933963 0.0000000 0.1777124 0.0238994 0.4325606 0.1668178 0.0833957 0.1857319 0.1761977 0.0247359 0.1726266 0.2363379 0.1771564 0.2292892 0.1073148 0.1193647 0.0831671 0.4152973 0.2896242 0.1867599 0.1925458 0.0407691 0.1098162 0.1886325 0.2038054 0.2419631 0.1389792 0.2021833 0.0799168 0.2351136 0.1808142 0.1425491 0.1893852 0.1060229 0.0970238 0.0709132 0.1597184 0.1611597 0.2332004 0.0525692 0.1316147 0.1596172 0.2294125 
Perityle_gracilis_11                       0.2124656 0.0651629 0.2221331 0.3700859 0.0878141 0.0675754 0.2910338 0.1805038 0.4020262 0.0893928 0.1616802 0.1287709 0.0417842 0.0528574 0.0160746 0.0949150 0.0107844 0.1479048 0.1048667 0.0116232 0.0167706 0.0077734 0.0152155 0.0775093 0.0112443 0.0623176 0.0393753 0.1150875 0.0994724 0.1609997 0.4412058 0.3367324 0.0683344 0.0157321 0.0851301 0.1688068 0.0368619 0.2450781 0.1138550 0.0131803 0.0347393 0.1777124 0.0000000 0.1429992 0.2415122 0.0300203 0.0500113 0.0131363 0.0193845 0.1597212 0.0345926 0.0485939 0.0203719 0.0567866 0.0223543 0.1521907 0.0275058 0.3423758 0.1578408 0.0074490 0.1547362 0.0362724 0.0960170 0.0308559 0.1112523 0.0568493 0.1323822 0.1503059 0.0174130 0.0605160 0.0151962 0.1243078 0.0195631 0.0248129 0.0152244 0.0026831 0.1601914 0.1728657 0.0362178 0.0087748 0.0907131 0.0093068 0.1345706 
Perityle_harkerae_31                       0.2184104 0.0986118 0.2287665 0.4017079 0.1097351 0.0919844 0.3158388 0.2204306 0.4210969 0.0904671 0.1445726 0.1932249 0.1207132 0.1521287 0.0814739 0.1954931 0.0378030 0.1154462 0.0753182 0.1540743 0.1392648 0.1333288 0.1581187 0.1594116 0.1378733 0.1896800 0.1667302 0.1828535 0.1228486 0.2044024 0.4822956 0.3464702 0.0816131 0.1696202 0.1137337 0.0287908 0.1382248 0.1680131 0.1935177 0.1387967 0.1626951 0.0238994 0.1429992 0.0000000 0.2955481 0.1280821 0.0778942 0.1603104 0.1436632 0.0159719 0.1467134 0.1754700 0.1497347 0.1593036 0.1023243 0.1169674 0.0774589 0.3665713 0.2245350 0.1436064 0.1817060 0.0317022 0.1052990 0.1640124 0.1465585 0.1893476 0.1353493 0.1268459 0.0721702 0.1819797 0.1582987 0.1332496 0.1674164 0.1004368 0.0923420 0.0617565 0.1578804 0.0903421 0.1812763 0.0550086 0.1249020 0.1348988 0.1963610 
Perityle_hofmeisteria_4_nombre_de_dios     0.2941608 0.1239346 0.3874152 0.4445497 0.1736304 0.0907474 0.4515193 0.2513502 0.4740885 0.2769033 0.3593336 0.3314387 0.2477916 0.2426392 0.1662300 0.2665675 0.0435463 0.2268054 0.2083738 0.1965789 0.1904741 0.2368522 0.3066285 0.2835586 0.2740039 0.3728625 0.3732439 0.2991900 0.2048093 0.2125601 0.5021696 0.4046824 0.1864255 0.1961488 0.2864676 0.3377220 0.2391345 0.2185256 0.3023941 0.3297282 0.2609214 0.4325606 0.2415122 0.2955481 0.0000000 0.2890524 0.1049482 0.2520376 0.2804600 0.3912014 0.2531948 0.2359532 0.2490107 0.2623015 0.2064362 0.3084241 0.1190276 0.4767375 0.3756670 0.2009293 0.2843230 0.0452317 0.2258342 0.2650665 0.2838661 0.3571644 0.2578393 0.3841623 0.1327392 0.2209247 0.2521989 0.2511817 0.2491369 0.2268818 0.1760600 0.0709936 0.3027898 0.3135691 0.2294378 0.0855242 0.1438035 0.2720892 0.2100335 
