82
Amauria_brandeegeana_62                    0.0000000 0.2767623 0.2408533 0.6160481 0.4544965 9.0000000 0.4455106 0.2047957 0.5008570 0.0257412 0.4943475 0.4878059 0.4585210 1.1033135 0.4278966 0.9389580 0.3037572 0.2182416 0.3940049 1.4447032 0.4719285 0.1760864 0.4327435 0.3424037 0.4360042 0.4870954 0.5104446 0.5078948 0.9149501 0.0822164 0.2848436 0.0234158 0.3958469 0.2765390 0.4389835 0.6883822 0.6202440 0.8158324 0.3947894 0.4957345 0.4326237 0.4447059 0.4454091 0.6010955 0.5034711 9.0000000 0.4237957 0.4903490 0.3543220 0.4150606 0.4434743 0.4476262 0.1531389 0.4436963 0.1497543 0.2048925 0.9904470 0.3881320 0.3224841 0.1515684 0.0000010 0.1622065 0.4679691 0.3651994 0.7739142 0.4849092 0.9620836 0.4101508 0.3490117 0.5517394 0.4202532 0.4152162 0.1515067 0.4646554 0.2224010 0.5248145 0.3958451 0.4881237 0.3991530 0.9248784 0.4489948 0.4121436 
Amauria_carterae_99_mesa                   0.2767623 0.0000000 0.2222050 0.2705906 0.1214630 0.0697945 0.2350309 0.2493176 0.3040561 0.2088603 0.2686550 0.2623407 0.2714176 0.4977653 0.2253346 0.3238366 0.1749864 0.2438418 0.2322756 0.3138975 0.2803516 0.1694886 0.2744189 0.2621255 0.2860826 0.3180642 0.3024342 0.2862850 0.1727170 0.1852896 0.1613740 0.2120330 0.3680652 0.1916850 0.1948451 0.2702206 0.2678685 0.3263137 0.2399523 0.2765183 0.1939615 0.2784653 0.1946814 0.2819080 0.2057759 0.2224077 0.2836903 0.2876380 0.1903636 0.2458177 0.2773964 0.2388971 0.2078753 0.2892655 0.2666596 0.2300914 0.3259836 0.2738382 0.2380901 0.1611235 0.1870423 0.1930371 0.2708393 0.2396413 0.3838540 0.2503961 0.3277536 0.2244954 0.2738134 0.3700177 0.2255916 0.2518429 0.2199673 0.2483963 0.2484980 0.2507773 0.2088880 0.2753329 0.2421206 0.1847281 0.2741756 0.1617007 
Amauria_rotundifolia_SRR9119150            0.2408533 0.2222050 0.0000000 0.2363623 0.2664617 0.0688820 0.2433001 0.2117546 0.3651494 0.1419026 0.3358999 0.3375262 0.3522196 0.5704202 0.2498680 0.2777588 0.1409355 0.3299942 0.3444953 0.3403707 0.3830417 0.2053118 0.4754515 0.3311581 0.3468117 0.5051957 0.4881164 0.2577789 0.2120813 0.1210207 0.1852159 0.1385899 0.4951575 0.2175194 0.2291049 0.3494674 0.3049968 0.3526857 0.2860831 0.3820289 0.2318169 0.3477309 0.2335134 0.3300506 0.3185706 0.0980324 0.3396948 0.4187440 0.2160045 0.3364704 0.3794688 0.2857635 0.2109264 0.3002960 0.2245532 0.2524254 0.3569822 0.3507812 0.3065142 0.1814151 0.1738878 0.1759947 0.3763907 0.2518241 0.4145986 0.3307791 0.2234852 0.2848462 0.3894333 0.5839092 0.2923727 0.3402927 0.2935469 0.2807561 0.2319015 0.3288508 0.2282911 0.3781413 0.2734818 0.2449409 0.3651085 0.1723349 
Conoclinium_coelestinum_SRR9119114         0.6160481 0.2705906 0.2363623 0.0000000 0.2586088 0.1910743 0.0952849 0.2757271 0.2999785 0.2135119 0.3173046 0.2641477 0.3359940 0.4828281 0.2476760 0.2232800 0.2080474 0.4010800 0.2679165 0.3282472 0.3366786 0.2025502 0.9469785 0.3356742 0.3342959 0.4359358 0.5222944 0.2388055 0.2664533 0.2088411 0.2681780 0.2478085 0.6125034 0.2116134 0.2434415 0.3236311 0.2518660 0.2936773 0.2437750 0.3097265 0.2424346 0.3366866 0.2333386 0.2727772 0.2460509 0.1974757 0.3287059 0.3752776 0.2476520 0.2840870 0.3448641 0.2628466 0.2371204 0.2421481 0.3086504 0.2867353 0.3346646 0.3337442 0.2743493 0.2890822 0.2155424 9.0000000 0.3446462 0.1980357 0.3175481 0.2665560 0.2458331 0.2270355 0.3812549 0.5374762 0.2535593 0.3109783 0.3114893 0.2594286 9.0000000 0.2669027 0.2706689 0.3299331 0.2520894 0.2260420 0.3289601 0.2266691 
Eutetras_palmeri_63                        0.4544965 0.1214630 0.2664617 0.2586088 0.0000000 0.0807079 0.2895325 0.2477586 0.3895193 0.2448950 0.3316704 0.2979717 0.3536289 0.5816544 0.2699298 0.4315429 0.2419486 0.3381459 0.2552916 0.3296856 0.3551474 0.2082593 0.3532588 0.3144814 0.3729342 0.3961057 0.4918241 0.3358535 0.2091039 0.1708344 0.2267402 0.2359370 0.4707551 0.2656322 0.2383511 0.3163213 0.3260687 0.2780375 0.2884392 0.3627036 0.2484605 0.3623857 0.2320915 0.3458328 0.2557666 0.2117044 0.3668693 0.3893809 0.2170466 0.2192765 0.3372308 0.2678600 0.1872518 0.3080156 0.2761514 0.2476346 0.3690753 0.3441030 0.3213003 0.2399501 0.1554082 0.1993858 0.3565406 0.2911945 0.3284124 0.3563892 0.2828680 0.3049166 0.3331464 0.4966594 0.3028725 0.3204778 0.2161009 0.2201088 0.2466038 0.3280357 0.2540922 0.3556159 0.2759224 0.1937855 0.3679421 0.2649612 
Eutetras_pringlei_149_quer                 9.0000000 0.0697945 0.0688820 0.1910743 0.0807079 0.0000000 0.1405152 0.1241922 0.1062636 0.0912115 0.1317986 0.1278209 0.1166844 0.1111904 0.1285356 0.4629640 0.0821783 0.2952965 0.1517111 0.1109905 0.1172036 0.1019658 0.3479346 0.1100265 0.1069657 0.1397277 0.1495349 0.0586645 0.0761272 0.0769566 0.0877401 0.1285313 0.1315076 0.0484116 0.0449794 0.1226863 0.0957654 0.1539760 0.1419262 0.1071846 0.0490055 0.1066337 0.0497029 0.0876142 0.1301177 0.0847223 0.1143750 0.1533879 0.0496634 0.1532917 0.1112148 0.0879091 0.1220716 0.1087630 0.1467144 0.0808255 0.1127251 0.1179480 0.1236593 0.0502866 0.1510662 9.0000000 0.1165469 0.0483076 0.1288281 0.0685904 0.0659880 0.1380333 0.1466815 0.1381517 0.0755971 0.1132144 0.1576637 0.1404647 9.0000000 0.0557713 0.1390855 0.1186939 0.1284221 0.1304417 0.1127251 0.0880141 
Eutrochium_fistulosum_SRR9119106           0.4455106 0.2350309 0.2433001 0.0952849 0.2895325 0.1405152 0.0000000 0.2339797 0.3381959 0.2611213 0.3467044 0.2796857 0.3045279 0.5349736 0.2317499 0.2688933 0.1945801 0.3634510 0.2530757 0.2624100 0.3130662 0.2134029 0.4438400 0.2876017 0.3041633 0.4626022 0.4672507 0.2749893 0.1671635 0.1662454 0.2127246 0.2783424 0.4440373 0.1865312 0.2487425 0.2556351 0.3169669 0.3006871 0.2454496 0.3410679 0.2493767 0.2946918 0.2546556 0.3388973 0.2787610 0.1572834 0.2927432 0.3366893 0.2280012 0.2385818 0.3115966 0.2956169 0.1771953 0.2832851 0.2514395 0.2106687 0.2853991 0.2835850 0.2251333 0.2145758 0.1466440 0.2499094 0.3006798 0.2225566 0.3762683 0.3027503 0.2611290 0.2835402 0.3513778 0.4910120 0.2457749 0.2805236 0.2447612 0.1960595 0.2405395 0.2928339 0.2718692 0.2932168 0.2485986 0.2184401 0.3396495 0.2292438 
Galeana_pratensis_104_mex                  0.2047957 0.2493176 0.2117546 0.2757271 0.2477586 0.1241922 0.2339797 0.0000000 0.2677313 0.2006016 0.2793973 0.2641483 0.2469703 0.4086858 0.2151885 0.3190105 0.1947947 0.2880411 0.2197826 0.2508411 0.2489936 0.1622126 0.3079481 0.2475909 0.2355209 0.3061209 0.2811638 0.2238325 0.2012678 0.1880220 0.2160871 0.2009820 0.3649755 0.1986517 0.2296047 0.2555129 0.2789259 0.3981870 0.2221041 0.2245828 0.2384251 0.2241900 0.2301737 0.2447298 0.2296304 0.2210612 0.2375401 0.2420541 0.2347780 0.2062529 0.2404154 0.2353484 0.2140747 0.2258041 0.2879568 0.2099851 0.2443502 0.2373156 0.2411075 0.1795659 0.2507540 0.2450649 0.2402350 0.2260867 0.4374972 0.2672425 0.3434702 0.2507428 0.2582746 0.3699808 0.2390614 0.2317802 0.2276795 0.2554952 0.1926065 0.2607879 0.2432920 0.2438426 0.2429169 0.2287147 0.2304631 0.1910453 
Helianthus_annuus_SRR9119062               0.5008570 0.3040561 0.3651494 0.2999785 0.3895193 0.1062636 0.3381959 0.2677313 0.0000000 0.3651922 0.4579321 0.3897252 0.4152156 0.5904851 0.3639491 0.3713545 0.2761286 0.3922142 0.4176181 0.3834182 0.4282826 0.2443092 0.4637028 0.3983033 0.4046400 0.5087839 0.5496252 0.4165001 0.3594013 0.2251388 0.3562543 0.3312331 0.4867484 0.3420012 0.3610098 0.3979926 0.4328893 0.4685774 0.3615377 0.4434480 0.3721512 0.4149516 0.3601252 0.4616900 0.3602574 0.1645561 0.4095997 0.4601031 0.3561326 0.3814110 0.4427949 0.4014021 0.2773142 0.3992080 0.2139484 0.3711928 0.4361188 0.4012954 0.3786147 0.2202021 0.1683146 0.3031963 0.4183727 0.3493541 0.4965976 0.4391898 0.4080923 0.3179482 0.4434327 0.5690715 0.3859592 0.3882956 0.3580141 0.3248227 0.3802090 0.4701279 0.3892473 0.4132177 0.3567126 0.2535671 0.4260532 0.3238153 
Lycapsus_tenuifolius_17                    0.0257412 0.2088603 0.1419026 0.2135119 0.2448950 0.0912115 0.2611213 0.2006016 0.3651922 0.0000000 0.3216968 0.3103169 0.3820605 0.5799525 0.2466462 0.4040219 0.2276436 0.2978765 0.2792158 0.3277461 0.3577508 0.1769930 0.4413965 0.3280745 0.3694610 0.4303178 0.4869722 0.2667255 0.1776816 0.1070796 0.1813928 0.0035494 0.4774747 0.2213925 0.2175945 0.2974272 0.3058675 0.2877406 0.2916181 0.3768003 0.2218619 0.3752744 0.2164978 0.2966564 0.2945879 0.0912321 0.3665211 0.4019901 0.2028138 0.2301909 0.3620026 0.2728109 0.1830888 0.2793357 0.2159089 0.2250796 0.3707004 0.3502891 0.2859217 0.1977190 0.1809035 0.1591213 0.3715722 0.2321400 0.3442543 0.3188038 0.2073201 0.2693202 0.3477011 0.5235322 0.2507177 0.3192976 0.2199749 0.2182505 0.2257343 0.2990371 0.2799158 0.3689655 0.2820601 0.2257983 0.3759227 0.2124737 
Pericome_caudata_50_silver                 0.4943475 0.2686550 0.3358999 0.3173046 0.3316704 0.1317986 0.3467044 0.2793973 0.4579321 0.3216968 0.0000000 0.3004901 0.3395484 0.6340883 0.3230568 0.4384775 0.2883901 0.3443581 0.2688252 0.3798568 0.3314747 0.1827344 0.3208336 0.3273079 0.3271186 0.3777321 0.3375895 0.3447603 0.3779450 0.2258101 0.2679084 0.3263759 0.4213664 0.3308701 0.2943191 0.3631861 0.3565043 0.3971891 0.2894908 0.3426918 0.3037839 0.3260162 0.2745260 0.4030519 0.2809008 0.2265427 0.3315173 0.4031454 0.2722027 0.3259214 0.3156425 0.2846533 0.2550985 0.3664447 0.2744268 0.2853475 0.4297040 0.3294732 0.3854644 0.2387303 0.2690946 0.1411107 0.3695029 0.2929384 0.4238097 0.3871095 0.3446253 0.2666415 0.3337676 0.4926697 0.3298585 0.2979997 0.2725116 0.3172409 0.1350861 0.3978289 0.3030265 0.3492168 0.2702781 0.3265210 0.3602907 0.2950274 
Perityle_aglossa_84_dead_horse             0.4878059 0.2623407 0.3375262 0.2641477 0.2979717 0.1278209 0.2796857 0.2641483 0.3897252 0.3103169 0.3004901 0.0000000 0.1793711 0.5229902 0.2083306 0.0703789 0.1990168 0.2992016 0.1018422 0.2500486 0.1931524 0.0765526 0.2464590 0.1736609 0.2322027 0.2733493 0.3618240 0.2747200 0.2482043 0.1621133 0.2258058 0.3195723 0.3518569 0.1917755 0.2567649 0.2337034 0.3250705 0.1764348 0.0873502 0.2451893 0.2606479 0.1947942 0.2097647 0.3958044 0.1426247 0.2258605 0.2544967 0.2201192 0.2187993 0.0681569 0.2298807 0.2025355 0.0376795 0.2334420 0.1647597 0.1741256 0.2846505 0.2256375 0.2532204 0.2450375 0.2025474 0.0980642 0.1547653 0.2070921 0.2518316 0.3128964 0.3006996 0.1894929 0.1269174 0.3341286 0.2092251 0.1689924 0.0870415 0.0511087 0.1002146 0.3408958 0.2620229 0.1703459 0.0186157 0.2241064 0.3145162 0.2843088 
Perityle_ajoensis_204                      0.4585210 0.2714176 0.3522196 0.3359940 0.3536289 0.1166844 0.3045279 0.2469703 0.4152156 0.3820605 0.3395484 0.1793711 0.0000000 0.2670856 0.2828584 0.0546186 0.2232584 0.2984652 0.2013839 0.0151658 0.0558436 0.1744650 0.2489229 0.0354382 0.0954720 0.4271764 0.3734352 0.3007466 0.3973049 0.2049529 0.2611609 0.3776541 0.2006049 0.2168119 0.2876585 0.2593191 0.3249661 0.4848653 0.1586639 0.1225916 0.2722617 0.0762146 0.2508211 0.3710143 0.2246082 0.1838858 0.0895020 0.1576566 0.2562484 0.4660131 0.0557205 0.2499816 0.1965694 0.3353560 0.2645595 0.2265871 0.0246534 0.0450689 0.3112382 0.2863106 0.2231040 0.0855352 0.0386849 0.2194991 0.5631329 0.3458399 0.3981547 0.2539819 0.2971524 0.4216018 0.2397545 0.0215494 0.3189267 0.2885266 0.0873615 0.3853317 0.2882512 0.0536469 0.1185795 0.3632940 0.1251637 0.2778531 
Perityle_ambrosiifolia_67_green            1.1033135 0.4977653 0.5704202 0.4828281 0.5816544 0.1111904 0.5349736 0.4086858 0.5904851 0.5799525 0.6340883 0.5229902 0.2670856 0.0000000 0.5633495 0.5597139 0.4311930 0.5538223 0.5170798 0.1326441 0.2783489 0.4097009 0.7129082 0.2428253 0.2523380 0.5811493 0.6257464 0.5244593 0.4094678 0.4275374 0.4970696 0.5521101 0.2472553 0.5560199 0.5900661 0.4356860 0.5916836 0.4837687 0.4845354 0.2911322 0.5627396 0.2915507 0.5840030 0.5993029 0.4933929 0.2944535 0.2490789 0.4473313 0.5921913 0.4235955 0.2641530 0.5414546 0.3838297 0.5784007 0.4179564 0.4736497 0.1557569 0.2386953 0.5947695 0.4440392 0.3732670 0.6790628 0.2712955 0.5386219 0.5023504 0.5767581 0.5665491 0.3943084 0.5233433 0.6319740 0.5981634 0.2633249 0.4669199 0.4483432 0.6894128 0.6608021 0.5272177 0.2807125 0.4852553 0.3560424 0.2488012 0.5042589 
Perityle_batopilensis_97                   0.4278966 0.2253346 0.2498680 0.2476760 0.2699298 0.1285356 0.2317499 0.2151885 0.3639491 0.2466462 0.3230568 0.2083306 0.2828584 0.5633495 0.0000000 0.2749450 0.1822623 0.2997983 0.1847111 0.3631775 0.2890442 0.1409148 0.2097941 0.2660357 0.2701628 0.3286098 0.3855628 0.3498743 0.1959335 0.1436395 0.2291997 0.2434802 0.3746520 0.2431191 0.2517301 0.3115411 0.3139003 0.2400017 0.1760916 0.2718927 0.2754332 0.2526211 0.2333444 0.3622390 0.1693114 0.1065607 0.2871865 0.3076100 0.2346268 0.2112433 0.2755422 0.2095398 0.1230705 0.2620352 0.1882025 0.2253446 0.3857926 0.2817502 0.2903920 0.2404814 0.1908720 0.1656340 0.2797762 0.2322574 0.3025204 0.3075668 0.3005133 0.2161966 0.2648931 0.3821644 0.2371583 0.2665669 0.1956836 0.2060739 0.1604055 0.3098349 0.2747617 0.2811002 0.1690396 0.2485339 0.3248512 0.2460984 
Perityle_bisetosa_9                        0.9389580 0.3238366 0.2777588 0.2232800 0.4315429 0.4629640 0.2688933 0.3190105 0.3713545 0.4040219 0.4384775 0.0703789 0.0546186 0.5597139 0.2749450 0.0000000 0.2245768 0.5864193 0.1821180 0.0084466 0.0741211 0.7530169 0.6944755 0.0594837 0.1388044 0.9935805 0.8793281 0.1996719 0.2408167 0.1931938 0.2482234 0.4428424 0.8208864 0.1148907 0.2930534 0.0236892 0.2685958 0.4178472 0.0451972 0.2619330 0.2867031 0.1062456 0.2207647 0.3453268 0.2875653 0.2119463 0.1187762 0.0631517 0.2180478 0.3373441 0.1100606 0.3052867 0.0096009 0.2284635 0.6408012 0.1692376 0.0292660 0.0423500 0.1908749 0.7216327 0.1781446 0.3286552 0.0331498 0.2288974 0.5000730 0.3786276 0.2970361 0.3323719 0.3232453 0.8566290 0.1773502 0.0357067 0.4591502 0.0366626 0.3286552 0.3898026 0.2187924 0.0607068 0.0504681 0.5222556 0.2496080 0.2476828 
Perityle_californica_76_positas            0.3037572 0.1749864 0.1409355 0.2080474 0.2419486 0.0821783 0.1945801 0.1947947 0.2761286 0.2276436 0.2883901 0.1990168 0.2232584 0.4311930 0.1822623 0.2245768 0.0000000 0.3409956 0.2064497 0.2588746 0.2326864 0.1525866 0.2945196 0.2226408 0.2245200 0.4281764 0.4193362 0.1899881 0.1184596 0.1084597 0.1829517 0.1543663 0.4137048 0.1302171 0.1732737 0.2278298 0.1969640 0.3249593 0.1816379 0.2558014 0.1856546 0.2187759 0.1637540 0.2202592 0.2394041 0.0585229 0.2283096 0.2449164 0.1585873 0.2318924 0.2425425 0.1868319 0.1776543 0.2238591 0.2113397 0.1564907 0.2602186 0.2098178 0.2023858 0.1674619 0.1824217 0.1114572 0.2241154 0.1672848 0.3725074 0.2296934 0.2175334 0.2350087 0.3245299 0.4904451 0.1569741 0.1947429 0.2076625 0.2110328 0.0736523 0.2184604 0.2454711 0.2163691 0.1833914 0.2285818 0.2681346 0.0978166 
Perityle_canescens_77                      0.2182416 0.2438418 0.3299942 0.4010800 0.3381459 0.2952965 0.3634510 0.2880411 0.3922142 0.2978765 0.3443581 0.2992016 0.2984652 0.5538223 0.2997983 0.5864193 0.3409956 0.0000000 0.2363294 0.4009269 0.3137822 0.2104895 0.1863905 0.2788399 0.3040635 0.4054416 0.3339941 0.3760214 0.3336050 0.2046351 0.3305190 0.2407138 0.4009500 0.2856749 0.2780521 0.3623464 0.3675638 0.4686624 0.2886421 0.3144810 0.2969803 0.2956666 0.2863184 0.3342071 0.2866527 0.4379984 0.3037810 0.3109688 0.2749849 0.2876943 0.3032267 0.2972410 0.3804272 0.3665835 0.2430941 0.2465966 0.4326145 0.2693514 0.2913218 0.2742526 0.3793438 0.1904897 0.2728776 0.2985320 0.5101305 0.3575493 0.5006177 0.3785610 0.3237637 0.4381274 0.3093899 0.2843238 0.2212062 0.4062023 0.1587244 0.3744884 0.3224292 0.2997768 0.2823044 0.3489907 0.2934404 0.2881984 
Perityle_castillonii_96                    0.3940049 0.2322756 0.3444953 0.2679165 0.2552916 0.1517111 0.2530757 0.2197826 0.4176181 0.2792158 0.2688252 0.1018422 0.2013839 0.5170798 0.1847111 0.1821180 0.2064497 0.2363294 0.0000000 0.2765209 0.1963486 0.0477127 0.1981803 0.2141566 0.2216858 0.2101124 0.3002836 0.2892717 0.2341603 0.1548620 0.2145683 0.2846699 0.3070231 0.2076244 0.2435861 0.2267665 0.3065079 0.1583044 0.1144681 0.1915745 0.2537162 0.1975727 0.2134195 0.3468274 0.0798161 0.2192269 0.2383168 0.2254820 0.2311575 0.0911075 0.2068669 0.1617694 0.0233597 0.2300659 0.1803859 0.1747079 0.3095327 0.2115421 0.2514591 0.2389286 0.1733075 0.0695149 0.1873174 0.1965895 0.2200314 0.3006744 0.3314919 0.1208116 0.1416707 0.2775404 0.2157448 0.1911766 0.0792768 0.0543672 0.1227667 0.3204896 0.2560506 0.2029757 0.0851993 0.2335480 0.2418067 0.2852144 
Perityle_cernua_84                         1.4447032 0.3138975 0.3403707 0.3282472 0.3296856 0.1109905 0.2624100 0.2508411 0.3834182 0.3277461 0.3798568 0.2500486 0.0151658 0.1326441 0.3631775 0.0084466 0.2588746 0.4009269 0.2765209 0.0000000 0.0150371 0.2698407 0.5388728 0.0188448 0.0096810 0.5748934 0.5220086 0.2794864 0.4034607 0.2717570 0.3320125 0.3499008 0.2856944 0.2696942 0.2704479 0.2370519 0.2789574 0.4238684 0.1909960 0.0089688 0.2665926 0.0149526 0.2623725 0.2875919 0.1871289 0.1744606 0.0105514 0.1634049 0.2785201 0.4279982 0.0198119 0.2418085 0.1891158 0.3022117 0.3339202 0.3021169 0.0151239 0.0122979 0.3393689 0.3362669 0.2133332 9.0000000 0.0197511 0.1921167 0.4335993 0.3475449 0.3572212 0.1833774 0.5185503 0.5587252 0.3087649 0.0157556 0.4523155 0.2367947 9.0000000 0.3903854 0.3302865 0.0187644 0.1924971 0.3124437 0.0175773 0.3140237 
Perityle_cfvillosa_25_tin                  0.4719285 0.2803516 0.3830417 0.3366786 0.3551474 0.1172036 0.3130662 0.2489936 0.4282826 0.3577508 0.3314747 0.1931524 0.0558436 0.2783489 0.2890442 0.0741211 0.2326864 0.3137822 0.1963486 0.0150371 0.0000000 0.1479573 0.1920938 0.0424128 0.0548571 0.3767273 0.3353968 0.2949613 0.3859075 0.2142667 0.2713858 0.3543833 0.1946815 0.2188053 0.2856052 0.2509348 0.3345206 0.4732689 0.1609349 0.0639433 0.2897998 0.0453892 0.2607376 0.3738530 0.1784073 0.1781134 0.0463698 0.0964036 0.2554826 0.4360495 0.0418997 0.1845216 0.1969916 0.3452638 0.2290683 0.2324748 0.0090872 0.0166932 0.3127355 0.2766467 0.2238424 0.0937687 0.0649077 0.2314492 0.5038954 0.3272440 0.4073898 0.2300050 0.3416674 0.3601416 0.2388170 0.0485051 0.2853598 0.2471325 0.1135873 0.3938377 0.2802230 0.0675781 0.1580783 0.3795869 0.0520525 0.3305259 
Perityle_cinerea_113_Powell1310            0.1760864 0.1694886 0.2053118 0.2025502 0.2082593 0.1019658 0.2134029 0.1622126 0.2443092 0.1769930 0.1827344 0.0765526 0.1744650 0.4097009 0.1409148 0.7530169 0.1525866 0.2104895 0.0477127 0.2698407 0.1479573 0.0000000 0.1201962 0.1692335 0.1871819 0.0897947 0.1070744 0.1661035 0.1344399 0.1111751 0.1644133 0.1618248 0.1811001 0.1437458 0.1283051 0.0883193 0.2145010 0.1989149 0.0769387 0.1753247 0.1386091 0.1792203 0.1321731 0.2050546 0.0691372 0.2209838 0.1898035 0.1423501 0.1311419 0.0727976 0.1461559 0.1106223 0.0593799 0.1667480 0.0761297 0.0694642 0.2756412 0.1412482 0.1640922 0.1058678 0.1987498 0.0658576 0.1423854 0.1368891 0.2245664 0.2278742 0.2867002 0.1032162 0.0926422 0.0907353 0.1738239 0.1516110 0.0971094 0.0645924 0.0742930 0.2136331 0.1993978 0.1820550 0.0652210 0.1869459 0.1741898 0.1327093 
Perityle_coahuilensis_24                   0.4327435 0.2744189 0.4754515 0.9469785 0.3532588 0.3479346 0.4438400 0.3079481 0.4637028 0.4413965 0.3208336 0.2464590 0.2489229 0.7129082 0.2097941 0.6944755 0.2945196 0.1863905 0.1981803 0.5388728 0.1920938 0.1201962 0.0000000 0.1974095 0.1045860 0.2983512 0.2704269 0.5227449 1.0241457 0.2025986 0.2839298 0.3995244 0.1469753 0.2664516 0.4695884 0.9413105 0.4441339 0.8274047 0.2761533 0.0822876 0.4525770 0.0995041 0.3939395 0.5257549 0.2880821 0.6699655 0.1112030 0.2212520 0.3672271 0.8067420 0.1471105 0.2696967 0.7000855 0.4756896 0.1878166 0.2264286 0.5550668 0.1676546 0.3517582 0.2479227 0.5012414 0.0780155 0.2594770 0.3387652 0.6939094 0.3077498 0.7399860 0.3315816 0.2808970 0.1124660 0.2488408 0.1957193 0.2063889 0.6708914 0.0080812 0.4047828 0.2888200 0.2459225 0.2457288 0.8182693 0.1133105 0.4151097 
Perityle_cochisensis_44_cave_creek         0.3424037 0.2621255 0.3311581 0.3356742 0.3144814 0.1100265 0.2876017 0.2475909 0.3983033 0.3280745 0.3273079 0.1736609 0.0354382 0.2428253 0.2660357 0.0594837 0.2226408 0.2788399 0.2141566 0.0188448 0.0424128 0.1692335 0.1974095 0.0000000 0.0608753 0.4170137 0.3461598 0.2875471 0.3897675 0.2043145 0.2727632 0.3250836 0.2023865 0.2204706 0.2493820 0.2457077 0.2997218 0.4770325 0.1476220 0.0544149 0.2531500 0.0580200 0.2268468 0.3088180 0.1740805 0.1752792 0.0605542 0.1361098 0.2521530 0.4338866 0.0578837 0.2166244 0.1976665 0.3252632 0.2411690 0.2140841 0.0228818 0.0422382 0.3072414 0.2743374 0.2337539 0.0811862 0.0347238 0.1989703 0.4991395 0.3356799 0.4004515 0.2301867 0.2857119 0.3740541 0.2477226 0.0277821 0.2706385 0.2448866 0.0733697 0.3392255 0.2809869 0.0432259 0.1294057 0.3646180 0.0583604 0.2524213 
Perityle_congesta_202                      0.4360042 0.2860826 0.3468117 0.3342959 0.3729342 0.1069657 0.3041633 0.2355209 0.4046400 0.3694610 0.3271186 0.2322027 0.0954720 0.2523380 0.2701628 0.1388044 0.2245200 0.3040635 0.2216858 0.0096810 0.0548571 0.1871819 0.1045860 0.0608753 0.0000000 0.4449688 0.3821560 0.3202413 0.3876712 0.2053355 0.2514573 0.3750634 0.2112340 0.2152786 0.3033112 0.2468390 0.2970215 0.4843114 0.1824045 0.0594966 0.2916388 0.0124987 0.2793841 0.3381396 0.2415297 0.1697061 0.0078267 0.1265904 0.2610248 0.4527137 0.0662621 0.2557789 0.2016777 0.3316848 0.2365413 0.2358799 0.0032268 0.0364733 0.2924031 0.2807662 0.2167027 0.0780155 0.0972771 0.2309531 0.5048532 0.3404317 0.3967889 0.2389739 0.3599509 0.3207861 0.2405525 0.0738422 0.2945736 0.2427575 0.0040103 0.3635911 0.2536603 0.0938317 0.1941934 0.3537756 0.0401594 0.2590481 
Perityle_cordifolia_27                     0.4870954 0.3180642 0.5051957 0.4359358 0.3961057 0.1397277 0.4626022 0.3061209 0.5087839 0.4303178 0.3777321 0.2733493 0.4271764 0.5811493 0.3286098 0.9935805 0.4281764 0.4054416 0.2101124 0.5748934 0.3767273 0.0897947 0.2983512 0.4170137 0.4449688 0.0000000 0.3848042 0.5111719 0.3185233 0.2514390 0.3811752 0.3924132 0.3729063 0.4133395 0.4039623 0.4901878 0.4689079 0.1943120 0.3313795 0.4006550 0.4251660 0.3874098 0.4029849 0.4768257 0.2896805 0.5774764 0.4489911 0.4152535 0.3853857 0.0878153 0.3632287 0.3124080 0.2314759 0.3762883 0.1785651 0.2493190 0.6051363 0.3679743 0.4172855 0.2918166 0.4030615 0.0336399 0.4071555 0.3781094 0.1775427 0.4387018 0.4829372 0.1709799 0.2471341 0.3818423 0.3973133 0.3763045 0.1126156 0.2375609 0.1256272 0.4534188 0.3952614 0.4193500 0.2775511 0.2895847 0.4803637 0.4003073 
Perityle_cordifolia_68_tecolote            0.5104446 0.3024342 0.4881164 0.5222944 0.4918241 0.1495349 0.4672507 0.2811638 0.5496252 0.4869722 0.3375895 0.3618240 0.3734352 0.6257464 0.3855628 0.8793281 0.4193362 0.3339941 0.3002836 0.5220086 0.3353968 0.1070744 0.2704269 0.3461598 0.3821560 0.3848042 0.0000000 0.5270473 0.4540720 0.2150393 0.4166472 0.4516346 0.3255530 0.4616981 0.4320780 0.4986843 0.5045421 0.4366112 0.3731391 0.3770400 0.4309838 0.3521778 0.4121216 0.5526529 0.3495384 0.3708212 0.3502212 0.4408246 0.4040480 0.3885978 0.3143274 0.3647875 0.3845274 0.4512587 0.0012581 0.2741192 0.5011885 0.3261464 0.4558371 0.2503146 0.3147488 0.0997295 0.3771358 0.3176298 0.4829752 0.5036631 0.6537899 0.1457102 0.3480465 0.4411744 0.4328486 0.3116024 0.2902758 0.4827318 0.0561672 0.5228018 0.4327088 0.3771387 0.3285709 0.3326120 0.3990916 0.4130927 
Perityle_coronopifolia_28_patagonia        0.5078948 0.2862850 0.2577789 0.2388055 0.3358535 0.0586645 0.2749893 0.2238325 0.4165001 0.2667255 0.3447603 0.2747200 0.3007466 0.5244593 0.3498743 0.1996719 0.1899881 0.3760214 0.2892717 0.2794864 0.2949613 0.1661035 0.5227449 0.2875471 0.3202413 0.5111719 0.5270473 0.0000000 0.1955894 0.1346899 0.1996099 0.2799408 0.5151428 0.1942069 0.2502567 0.3327542 0.2963286 0.3471937 0.2652572 0.3783072 0.2522542 0.3082100 0.2005750 0.3277668 0.3342889 0.1962481 0.3579312 0.3477264 0.1751208 0.3575095 0.3442051 0.2623425 0.1679296 0.2680635 0.2684403 0.1689576 0.3151060 0.3128083 0.3051272 0.1603703 0.1819290 0.1455806 0.3102500 0.0745249 0.5154124 0.3383435 0.1881476 0.2496268 0.3887872 0.5928418 0.2583779 0.3157410 0.3463981 0.2702103 0.1578290 0.3218932 0.2629111 0.3006044 0.2124710 0.2328217 0.4190000 0.2144063 
Perityle_crassifolia_70_ventanas           0.9149501 0.1727170 0.2120813 0.2664533 0.2091039 0.0761272 0.1671635 0.2012678 0.3594013 0.1776816 0.3779450 0.2482043 0.3973049 0.4094678 0.1959335 0.2408167 0.1184596 0.3336050 0.2341603 0.4034607 0.3859075 0.1344399 1.0241457 0.3897675 0.3876712 0.3185233 0.4540720 0.1955894 0.0000000 0.0000010 0.2033309 0.2163940 0.4623240 0.0725056 0.1806334 0.3472424 0.1908256 0.2612651 0.2300608 0.3770140 0.2067263 0.3808646 0.1702670 0.1984911 0.2032939 0.0989238 0.3909780 0.3735350 0.1979871 0.2450117 0.4019420 0.1778185 0.2064095 0.2237854 0.2764548 0.1621262 0.3840727 0.4100395 0.2581668 0.1551153 0.1743367 9.0000000 0.3778120 0.1142751 0.2473553 0.2067239 0.2209704 0.1981870 0.2541795 0.3819370 0.0036677 0.3615314 0.2586604 0.2390134 9.0000000 0.2123855 0.2459098 0.3901493 0.2435294 0.1658736 0.3807934 0.2140979 
Perityle_crassifolia_74_playa_balandra     0.0822164 0.1852896 0.1210207 0.2088411 0.1708344 0.0769566 0.1662454 0.1880220 0.2251388 0.1070796 0.2258101 0.1621133 0.2049529 0.4275374 0.1436395 0.1931938 0.1084597 0.2046351 0.1548620 0.2717570 0.2142667 0.1111751 0.2025986 0.2043145 0.2053355 0.2514390 0.2150393 0.1346899 0.0000010 0.0000000 0.1192196 0.1429022 0.2865837 0.0434299 0.1020256 0.2493394 0.1412541 0.2930422 0.1473917 0.1881267 0.1121124 0.1984094 0.1019305 0.1320628 0.1463698 0.1280979 0.2016277 0.2079221 0.0983411 0.2181447 0.1980833 0.1060643 0.1405316 0.1797919 0.2053420 0.1226593 0.2627464 0.2044201 0.1561057 0.1611542 0.1829308 0.1348892 0.1940460 0.1207302 0.3453060 0.1509905 0.2176232 0.2308646 0.1848305 0.2480582 0.0168011 0.1743705 0.1668941 0.1790151 0.1183447 0.1450563 0.1468965 0.1993325 0.1437783 0.2197513 0.1970308 0.1027201 
Perityle_cuneata_4                         0.2848436 0.1613740 0.1852159 0.2681780 0.2267402 0.0877401 0.2127246 0.2160871 0.3562543 0.1813928 0.2679084 0.2258058 0.2611609 0.4970696 0.2291997 0.2482234 0.1829517 0.3305190 0.2145683 0.3320125 0.2713858 0.1644133 0.2839298 0.2727632 0.2514573 0.3811752 0.4166472 0.1996099 0.2033309 0.1192196 0.0000000 0.1531516 0.4171820 0.2066838 0.1848198 0.3577700 0.2132486 0.3190108 0.2135490 0.3093440 0.1863987 0.2551869 0.1749874 0.2304970 0.2437889 0.1691219 0.2522616 0.3154014 0.1711401 0.2623486 0.2947123 0.2192749 0.2185540 0.2887137 0.1775586 0.1926064 0.3395802 0.2618725 0.3022972 0.2101966 0.1936019 0.0981808 0.2657836 0.1837717 0.3520680 0.2856337 0.2597463 0.2314784 0.3058359 0.4981797 0.2297658 0.2537278 0.2242263 0.2697278 0.0621902 0.2845486 0.1760759 0.2581244 0.2052392 0.2155391 0.2898649 0.1673830 
Perityle_discoidea_81                      0.0234158 0.2120330 0.1385899 0.2478085 0.2359370 0.1285313 0.2783424 0.2009820 0.3312331 0.0035494 0.3263759 0.3195723 0.3776541 0.5521101 0.2434802 0.4428424 0.1543663 0.2407138 0.2846699 0.3499008 0.3543833 0.1618248 0.3995244 0.3250836 0.3750634 0.3924132 0.4516346 0.2799408 0.2163940 0.1429022 0.1531516 0.0000000 0.4236427 0.1985525 0.2280506 0.3025652 0.3315513 0.3307862 0.2978219 0.3771025 0.2317978 0.3711018 0.2258843 0.3232718 0.3041230 0.1028281 0.3721178 0.3905028 0.2064609 0.2641848 0.3513615 0.2792567 0.2230176 0.2735998 0.2276261 0.2173850 0.3784188 0.3413082 0.2501294 0.1867651 0.1950892 0.1534526 0.3678303 0.2239596 0.3860143 0.2954678 0.2196806 0.2827289 0.3284369 0.4620908 0.2540906 0.2983509 0.2126790 0.2518910 0.2233052 0.2862309 0.2315220 0.3633728 0.2911226 0.2222376 0.3822540 0.1749174 
Perityle_dissecta_201                      0.3958469 0.3680652 0.4951575 0.6125034 0.4707551 0.1315076 0.4440373 0.3649755 0.4867484 0.4774747 0.4213664 0.3518569 0.2006049 0.2472553 0.3746520 0.8208864 0.4137048 0.4009500 0.3070231 0.2856944 0.1946815 0.1811001 0.1469753 0.2023865 0.2112340 0.3729063 0.3255530 0.5151428 0.4623240 0.2865837 0.4171820 0.4236427 0.0000000 0.4483294 0.4331215 0.5712709 0.4750992 0.5240075 0.3780060 0.1999080 0.4139893 0.1987711 0.4252415 0.4970559 0.3046163 0.5727123 0.1911503 0.2965130 0.4102293 0.4742694 0.1784044 0.3310464 0.5137504 0.5305037 0.2415549 0.3217654 0.2710382 0.1776506 0.5132207 0.3081210 0.5290069 0.0770449 0.1725515 0.3837252 0.6501655 0.4365180 0.6333061 0.2903767 0.3576828 0.4070150 0.4330683 0.1759162 0.3304680 0.6080662 0.0451722 0.4987734 0.4385313 0.1926641 0.2923552 0.3858216 0.1998692 0.4390291 
Perityle_emoryi_47_punta_san_jose          0.2765390 0.1916850 0.2175194 0.2116134 0.2656322 0.0484116 0.1865312 0.1986517 0.3420012 0.2213925 0.3308701 0.1917755 0.2168119 0.5560199 0.2431191 0.1148907 0.1302171 0.2856749 0.2076244 0.2696942 0.2188053 0.1437458 0.2664516 0.2204706 0.2152786 0.4133395 0.4616981 0.1942069 0.0725056 0.0434299 0.2066838 0.1985525 0.4483294 0.0000000 0.1382916 0.2327254 0.2003183 0.3746602 0.1610348 0.2362551 0.1564088 0.1911620 0.1274151 0.2314259 0.1956309 0.1289254 0.2189650 0.2382110 0.1233152 0.3276889 0.2487723 0.1206635 0.1522980 0.2446590 0.1905727 0.1057816 0.2563810 0.2142323 0.2237029 0.1857361 0.1304984 0.0930758 0.2177318 0.0927051 0.4200031 0.2255756 0.2574538 0.2354451 0.3345343 0.4771268 0.0882349 0.2002393 0.2575053 0.2115909 0.1071950 0.2711232 0.2106453 0.2153877 0.1483994 0.2145593 0.2644317 0.1930894 
Perityle_feddemae_99                       0.4389835 0.1948451 0.2291049 0.2434415 0.2383511 0.0449794 0.2487425 0.2296047 0.3610098 0.2175945 0.2943191 0.2567649 0.2876585 0.5900661 0.2517301 0.2930534 0.1732737 0.2780521 0.2435861 0.2704479 0.2856052 0.1283051 0.4695884 0.2493820 0.3033112 0.4039623 0.4320780 0.2502567 0.1806334 0.1020256 0.1848198 0.2280506 0.4331215 0.1382916 0.0000000 0.2932592 0.2380991 0.2846023 0.2513755 0.3066513 0.1063505 0.2981885 0.1209977 0.2635276 0.2437091 0.1705172 0.3042439 0.3015207 0.0307561 0.2533058 0.2693014 0.2067739 0.1501340 0.2535931 0.2410728 0.1667041 0.2676223 0.2399527 0.2514018 0.1745117 0.1628307 0.1226545 0.3213317 0.1812944 0.3455500 0.2638752 0.1748571 0.2293547 0.3526755 0.5063855 0.1857023 0.2800713 0.2092367 0.1709881 0.1333176 0.2351872 0.1831985 0.3217300 0.2272367 0.1959956 0.3049479 0.2067648 
Perityle_fosteri_93                        0.6883822 0.2702206 0.3494674 0.3236311 0.3163213 0.1226863 0.2556351 0.2555129 0.3979926 0.2974272 0.3631861 0.2337034 0.2593191 0.4356860 0.3115411 0.0236892 0.2278298 0.3623464 0.2267665 0.2370519 0.2509348 0.0883193 0.9413105 0.2457077 0.2468390 0.4901878 0.4986843 0.3327542 0.3472424 0.2493394 0.3577700 0.3025652 0.5712709 0.2327254 0.2932592 0.0000000 0.3239685 0.3512823 0.1977200 0.2413290 0.3061892 0.2433631 0.2866146 0.3335402 0.1595173 0.2050189 0.2530567 0.2876883 0.2993865 0.3491566 0.2628283 0.2344459 0.1641285 0.2862570 0.2125711 0.2671249 0.2550774 0.2538899 0.3448895 0.3147199 0.1754422 9.0000000 0.2600752 0.2098474 0.3483888 0.3864856 0.3525040 0.0845975 0.4295619 0.5523974 0.2696440 0.2322098 0.3597808 0.2191252 9.0000000 0.3951311 0.3730105 0.2592822 0.1971349 0.2301443 0.2547387 0.3249580 
Perityle_gamon_221                         0.6202440 0.2678685 0.3049968 0.2518660 0.3260687 0.0957654 0.3169669 0.2789259 0.4328893 0.3058675 0.3565043 0.3250705 0.3249661 0.5916836 0.3139003 0.2685958 0.1969640 0.3675638 0.3065079 0.2789574 0.3345206 0.2145010 0.4441339 0.2997218 0.2970215 0.4689079 0.5045421 0.2963286 0.1908256 0.1412541 0.2132486 0.3315513 0.4750992 0.2003183 0.2380991 0.3239685 0.0000000 0.3765224 0.2695833 0.3425892 0.2455138 0.3032337 0.2310222 0.1950389 0.3074032 0.1771792 0.3049328 0.3727045 0.2155076 0.3390471 0.3454017 0.2742883 0.1627770 0.2806355 0.3072025 0.2161524 0.3210208 0.3002054 0.2892897 0.2177527 0.1748415 0.2072703 0.3427981 0.2298675 0.4764090 0.3210883 0.2267085 0.3012399 0.3890256 0.5402004 0.2466560 0.3455273 0.3208858 0.2489754 0.2457873 0.3555748 0.2251119 0.3513374 0.2538985 0.2462545 0.3478475 0.2361080 
Perityle_gentryi_8_san_francisco           0.8158324 0.3263137 0.3526857 0.2936773 0.2780375 0.1539760 0.3006871 0.3981870 0.4685774 0.2877406 0.3971891 0.1764348 0.4848653 0.4837687 0.2400017 0.4178472 0.3249593 0.4686624 0.1583044 0.4238684 0.4732689 0.1989149 0.8274047 0.4770325 0.4843114 0.1943120 0.4366112 0.3471937 0.2612651 0.2930422 0.3190108 0.3307862 0.5240075 0.3746602 0.2846023 0.3512823 0.3765224 0.0000000 0.2236764 0.4213122 0.3207231 0.4523589 0.2769140 0.3574391 0.1682969 0.3004187 0.4810774 0.5267974 0.2862682 0.1083647 0.4827516 0.2858970 0.0849895 0.2456601 0.2384788 0.3395749 0.4364010 0.4696347 0.3840523 0.3759070 0.2117462 0.8390507 0.4808670 0.3126661 0.1535484 0.4200025 0.2820521 0.1800399 0.1523756 0.3067898 0.3896379 0.4738111 0.1613757 0.1170133 0.8867767 0.3962360 0.3601838 0.4938057 0.1838397 0.2047174 0.4653133 0.3121590 
Perityle_gilensis_22_Superstition          0.3947894 0.2399523 0.2860831 0.2437750 0.2884392 0.1419262 0.2454496 0.2221041 0.3615377 0.2916181 0.2894908 0.0873502 0.1586639 0.4845354 0.1760916 0.0451972 0.1816379 0.2886421 0.1144681 0.1909960 0.1609349 0.0769387 0.2761533 0.1476220 0.1824045 0.3313795 0.3731391 0.2652572 0.2300608 0.1473917 0.2135490 0.2978219 0.3780060 0.1610348 0.2513755 0.1977200 0.2695833 0.2236764 0.0000000 0.2278159 0.2503095 0.1664107 0.1916361 0.3188222 0.1514222 0.1969090 0.2032143 0.1916964 0.2025743 0.1428056 0.2141468 0.2062223 0.0325816 0.2258560 0.1615300 0.1647298 0.2209272 0.1814866 0.2420965 0.2543330 0.1857249 0.0670638 0.1514683 0.1688123 0.3089286 0.3073745 0.3032562 0.1503948 0.1764877 0.3467297 0.1871450 0.1461369 0.1550681 0.1029568 0.0701153 0.2939914 0.2419364 0.1577105 0.0530380 0.2453164 0.2640865 0.2008110 
Perityle_gilensis_salensis_225             0.4957345 0.2765183 0.3820289 0.3097265 0.3627036 0.1071846 0.3410679 0.2245828 0.4434480 0.3768003 0.3426918 0.2451893 0.1225916 0.2911322 0.2718927 0.2619330 0.2558014 0.3144810 0.1915745 0.0089688 0.0639433 0.1753247 0.0822876 0.0544149 0.0594966 0.4006550 0.3770400 0.3783072 0.3770140 0.1881267 0.3093440 0.3771025 0.1999080 0.2362551 0.3066513 0.2413290 0.3425892 0.4213122 0.2278159 0.0000000 0.3112175 0.0555101 0.2820654 0.3832670 0.2248914 0.1598691 0.0597914 0.1383658 0.2625798 0.4166285 0.0578739 0.2494075 0.1887124 0.3397114 0.2233305 0.2247993 0.0183230 0.0499153 0.2843921 0.2697742 0.2107913 0.0673065 0.1248386 0.2536052 0.4550072 0.3407188 0.3794271 0.2562886 0.3741115 0.2213800 0.2627382 0.0850859 0.2661346 0.2201733 0.0290595 0.3840599 0.2947051 0.1257824 0.2200090 0.3470034 0.0518853 0.3198536 
Perityle_glaucescens_94                    0.4326237 0.1939615 0.2318169 0.2424346 0.2484605 0.0490055 0.2493767 0.2384251 0.3721512 0.2218619 0.3037839 0.2606479 0.2722617 0.5627396 0.2754332 0.2867031 0.1856546 0.2969803 0.2537162 0.2665926 0.2897998 0.1386091 0.4525770 0.2531500 0.2916388 0.4251660 0.4309838 0.2522542 0.2067263 0.1121124 0.1863987 0.2317978 0.4139893 0.1564088 0.1063505 0.3061892 0.2455138 0.3207231 0.2503095 0.3112175 0.0000000 0.2851257 0.1260049 0.2649088 0.2553003 0.1742542 0.2908677 0.3176082 0.0131579 0.2879703 0.2729737 0.2066773 0.1654495 0.2708771 0.2527350 0.1783628 0.2629784 0.2364263 0.2755367 0.1772469 0.1733081 0.1282084 0.3083776 0.1991600 0.3805965 0.2605234 0.1747158 0.2572218 0.3613356 0.5032113 0.2056417 0.2679259 0.2325358 0.2016324 0.1145540 0.2640906 0.1861335 0.3128918 0.2237327 0.2147950 0.3008553 0.2122776 
Perityle_gracilis_11                       0.4447059 0.2784653 0.3477309 0.3366866 0.3623857 0.1066337 0.2946918 0.2241900 0.4149516 0.3752744 0.3260162 0.1947942 0.0762146 0.2915507 0.2526211 0.1062456 0.2187759 0.2956666 0.1975727 0.0149526 0.0453892 0.1792203 0.0995041 0.0580200 0.0124987 0.3874098 0.3521778 0.3082100 0.3808646 0.1984094 0.2551869 0.3711018 0.1987711 0.1911620 0.2981885 0.2433631 0.3032337 0.4523589 0.1664107 0.0555101 0.2851257 0.0000000 0.2771702 0.3489965 0.1976518 0.1755662 0.0127619 0.1068147 0.2698557 0.4278286 0.0630880 0.2182266 0.1989330 0.3302083 0.2299550 0.2391486 0.0077180 0.0397653 0.2772035 0.2748669 0.2207706 0.0774621 0.0760700 0.2581582 0.4762593 0.3331550 0.3932028 0.2399660 0.3431427 0.3186489 0.2203467 0.0646122 0.2719910 0.2251357 0.0000010 0.3781536 0.2595965 0.0794696 0.1640563 0.3487224 0.0465100 0.2838254 
Perityle_harkerae_31                       0.4454091 0.1946814 0.2335134 0.2333386 0.2320915 0.0497029 0.2546556 0.2301737 0.3601252 0.2164978 0.2745260 0.2097647 0.2508211 0.5840030 0.2333444 0.2207647 0.1637540 0.2863184 0.2134195 0.2623725 0.2607376 0.1321731 0.3939395 0.2268468 0.2793841 0.4029849 0.4121216 0.2005750 0.1702670 0.1019305 0.1749874 0.2258843 0.4252415 0.1274151 0.1209977 0.2866146 0.2310222 0.2769140 0.1916361 0.2820654 0.1260049 0.2771702 0.0000000 0.2369444 0.2262783 0.1685680 0.2807683 0.2870127 0.0835745 0.2189778 0.2561426 0.2103891 0.1444368 0.2351206 0.2382480 0.1697676 0.2658793 0.2257121 0.2339122 0.1701465 0.1686594 0.1275916 0.2754303 0.1695016 0.3319222 0.2345766 0.1624099 0.2178713 0.2922172 0.4459415 0.1844705 0.2393311 0.1943423 0.1522209 0.1265432 0.2351265 0.1749422 0.2631979 0.1803832 0.2071701 0.2807071 0.2023461 
Perityle_hofmeisteria_4_nombre_de_dios     0.6010955 0.2819080 0.3300506 0.2727772 0.3458328 0.0876142 0.3388973 0.2447298 0.4616900 0.2966564 0.4030519 0.3958044 0.3710143 0.5993029 0.3622390 0.3453268 0.2202592 0.3342071 0.3468274 0.2875919 0.3738530 0.2050546 0.5257549 0.3088180 0.3381396 0.4768257 0.5526529 0.3277668 0.1984911 0.1320628 0.2304970 0.3232718 0.4970559 0.2314259 0.2635276 0.3335402 0.1950389 0.3574391 0.3188222 0.3832670 0.2649088 0.3489965 0.2369444 0.0000000 0.3469527 0.2024977 0.3733812 0.4504547 0.2182285 0.3578249 0.3807702 0.2860296 0.1743453 0.3020818 0.2953085 0.2170075 0.3269236 0.3484484 0.3023953 0.1901994 0.2029203 0.1880699 0.4286276 0.2448083 0.5047395 0.3595730 0.2265215 0.3158452 0.4343749 0.5859320 0.2709351 0.3771701 0.3387552 0.2788013 0.2312611 0.3394964 0.2675622 0.4148769 0.3029435 0.2541990 0.4004304 0.3053735 
Perityle_huecosensis_48                    0.5034711 0.2057759 0.3185706 0.2460509 0.2557666 0.1301177 0.2787610 0.2296304 0.3602574 0.2945879 0.2809008 0.1426247 0.2246082 0.4933929 0.1693114 0.2875653 0.2394041 0.2866527 0.0798161 0.1871289 0.1784073 0.0691372 0.2880821 0.1740805 0.2415297 0.2896805 0.3495384 0.3342889 0.2032939 0.1463698 0.2437889 0.3041230 0.3046163 0.1956309 0.2437091 0.1595173 0.3074032 0.1682969 0.1514222 0.2248914 0.2553003 0.1976518 0.2262783 0.3469527 0.0000000 0.2135578 0.2342655 0.2063996 0.1932643 0.0619477 0.1641676 0.2019831 0.0221692 0.1936041 0.1593687 0.1662158 0.2140769 0.1647794 0.2010670 0.2604542 0.1588734 0.0668540 0.2018379 0.2079978 0.1993366 0.3025618 0.2762107 0.1509909 0.2154186 0.3049442 0.2145181 0.1641279 0.0757811 0.0246585 0.0696159 0.3255094 0.2259580 0.2295623 0.1400292 0.2441370 0.2594333 0.2950091 
Perityle_incana_3_ucla                     9.0000000 0.2224077 0.0980324 0.1974757 0.2117044 0.0847223 0.1572834 0.2210612 0.1645561 0.0912321 0.2265427 0.2258605 0.1838858 0.2944535 0.1065607 0.2119463 0.0585229 0.4379984 0.2192269 0.1744606 0.1781134 0.2209838 0.6699655 0.1752792 0.1697061 0.5774764 0.3708212 0.1962481 0.0989238 0.1280979 0.1691219 0.1028281 0.5727123 0.1289254 0.1705172 0.2050189 0.1771792 0.3004187 0.1969090 0.1598691 0.1742542 0.1755662 0.1685680 0.2024977 0.2135578 0.0000000 0.1773898 0.1780971 0.1792761 0.2511513 0.1810109 0.1671475 0.1888584 0.1873579 0.3040549 0.1950289 0.1784497 0.1826619 0.2006766 0.3021710 0.1987390 9.0000000 0.1944750 0.1923465 0.3215840 0.1489843 0.1663866 0.1848616 0.4924261 0.6246473 0.1599093 0.1735430 0.3510943 0.2172696 9.0000000 0.1451927 0.2112985 0.1657638 0.2173802 0.1849627 0.1771700 0.0865304 
