75
Amauria_brandeegeana_62                    0.0000000 0.0181392 0.0180553 0.3337813 0.1418801 0.3869736 0.2066147 0.2443067 0.2878975 0.0362390 0.0718132 0.0734065 0.1392816 0.0743944 0.0924111 0.0648764 0.2305457 0.1430508 0.0602150 0.0714443 0.1203189 0.0543893 0.1895874 0.0660651 0.0700701 0.0654996 0.1254093 0.1106525 0.0666082 0.0920214 0.0175144 0.0717393 0.2842163 0.0679524 0.5050547 0.0720230 0.0552846 0.2552020 0.1133655 0.0542044 0.6826625 0.0665880 0.0805812 0.2824735 0.0529085 0.0790931 0.0741502 0.2403091 0.0850547 0.1409448 0.0883216 0.0801260 0.0579742 0.0621654 0.1585534 0.1004829 0.1268713 0.0695358 0.0666278 0.1269601 0.2376330 0.0810779 0.0592209 0.2044908 0.0752525 0.0997148 0.0745818 0.0583504 0.0654095 0.0779012 0.1436266 0.0846075 0.0483304 0.1130217 0.0556483 
Amauria_carterae_99_mesa                   0.0181392 0.0000000 0.0114943 0.2869363 0.1262868 0.2691150 0.1641985 0.2126868 0.2965566 0.0271206 0.0851799 0.0770186 0.0728251 0.0814890 0.0866986 0.0629230 0.1044106 0.1288465 0.0661198 0.0688750 0.0893174 0.0527960 0.2067059 0.0728250 0.0849079 0.0774309 0.1397354 0.1168795 0.0715338 0.0751854 0.0186447 0.0747342 0.2864930 0.0717075 0.3021577 0.0636891 0.0574557 0.2258106 0.1008903 0.0598126 0.6817704 0.0708523 0.0841666 0.2563529 0.0455858 0.0762345 0.0803343 0.2038485 0.0650557 0.1046352 0.0852993 0.0758295 0.0700050 0.0673382 0.1278104 0.0952042 0.1063690 0.0527342 0.0637016 0.1350855 0.1970911 0.0878671 0.0597404 0.2066765 0.0787955 0.1104700 0.0673006 0.0461867 0.0500203 0.0834118 0.1250621 0.0921030 0.0538018 0.1058404 0.0674232 
Amauria_rotundifolia_SRR9119150            0.0180553 0.0114943 0.0000000 0.3646872 0.1768958 0.3728418 0.2562139 0.2374172 0.3092096 0.0493838 0.0806669 0.0814968 0.1782529 0.0788080 0.0972850 0.0783013 0.2457485 0.1476577 0.0636264 0.0803357 0.0917862 0.0553058 0.1774094 0.0742903 0.0808783 0.0787742 0.1259239 0.0939603 0.0759692 0.0988279 0.0295739 0.0808315 0.3399185 0.0765983 0.5320091 0.0782336 0.0584209 0.2924900 0.1190447 0.0612675 0.6729855 0.0722616 0.1018393 0.3259165 0.0573439 0.0949007 0.0819498 0.2913366 0.0848338 0.1420260 0.0905316 0.0634408 0.0652476 0.0628626 0.1573862 0.0854749 0.1327690 0.0547369 0.0748778 0.1322858 0.2591568 0.0844664 0.0644077 0.1901524 0.0826954 0.1023221 0.0698280 0.0591845 0.0506193 0.0828377 0.1445231 0.0848554 0.0501044 0.0977868 0.0644171 
Conoclinium_coelestinum_SRR9119114         0.3337813 0.2869363 0.3646872 0.0000000 0.3979277 0.3691005 0.3798155 0.2325250 0.4839503 0.3601574 0.3942809 0.4005567 0.3975326 0.3997488 0.4130488 0.3936205 0.5806856 0.5373876 0.3590031 0.3791722 0.3254244 0.3768525 0.2003882 0.3814960 0.4082696 0.3926040 0.4834950 0.2946108 0.4114257 0.4058533 0.3692445 0.3862475 0.2876880 0.3730933 0.7261106 0.3769225 0.3946352 0.3037780 0.4429362 0.3578452 1.1331383 0.3876489 0.4015048 0.3184182 0.3745058 0.4000673 0.3834619 0.3117522 0.4000671 0.5251143 0.4527666 0.3411388 0.3725098 0.3653164 0.5555763 0.2896200 0.4378138 0.2666345 0.4029569 0.5238279 0.2694579 0.4042460 0.3698421 0.2201638 0.4096365 0.4072358 0.3954062 0.3766177 0.2793448 0.4002127 0.5558535 0.3490693 0.3686221 0.3184678 0.3593137 
Eutetras_palmeri_63                        0.1418801 0.1262868 0.1768958 0.3979277 0.0000000 0.4098704 0.2071896 0.2107283 0.2857811 0.1835865 0.1918548 0.1903905 0.2038167 0.1776938 0.2052241 0.1867791 0.3756524 0.3216368 0.1564167 0.2007646 0.1364354 0.1786302 0.2084615 0.2100378 0.2199131 0.2092443 0.2800521 0.1249322 0.1763482 0.2074778 0.1824705 0.2026397 0.3774784 0.1439758 0.6864681 0.1785504 0.1965745 0.3221602 0.2592441 0.2032575 0.8630579 0.2138389 0.2226270 0.4319714 0.1829602 0.2141571 0.2186831 0.3442047 0.1630070 0.2989150 0.2873384 0.1222471 0.2018148 0.2086115 0.3521187 0.1183470 0.2989626 0.0979685 0.2081903 0.3161627 0.2954796 0.2030913 0.1786568 0.2309020 0.2311565 0.1978283 0.2012215 0.1621401 0.1276342 0.1889692 0.3329297 0.1385529 0.2042949 0.1640865 0.1643195 
Eutetras_pringlei_149_quer                 0.3869736 0.2691150 0.3728418 0.3691005 0.4098704 0.0000000 0.4160499 0.1273177 0.4929772 0.3528704 0.4093272 0.3842953 0.3923710 0.3941223 0.3571913 0.3953095 0.4289747 0.3137646 0.3809430 0.3791410 0.2258219 0.3875701 0.2197039 0.3858324 0.4116427 0.3852410 0.4583656 0.3229879 0.4290321 0.3994870 0.3439172 0.3758847 0.3437338 0.4014113 0.5824269 0.3970552 0.3928426 0.2541650 0.3920320 0.3677747 0.8496005 0.3807456 0.3933061 0.3146944 0.3806003 0.3951356 0.3887661 0.2556846 0.4118393 0.3012519 0.3614948 0.3545036 0.3933295 0.3684009 0.3259777 0.2804772 0.2654706 0.2612666 0.3998671 0.3273992 0.2535990 0.4090339 0.3754558 0.2373152 0.4148968 0.4046691 0.3438564 0.3692994 0.2304498 0.3968873 0.3500454 0.3870649 0.3720604 0.2779890 0.3712834 
Eutrochium_fistulosum_SRR9119106           0.2066147 0.1641985 0.2562139 0.3798155 0.2071896 0.4160499 0.0000000 0.1914043 0.3536406 0.2507707 0.2616793 0.2697714 0.3041287 0.2673890 0.2942755 0.2601149 0.4117295 0.3555991 0.2518119 0.2634243 0.2364323 0.2589751 0.2155701 0.2750712 0.2697699 0.2623271 0.3181917 0.1626368 0.2635940 0.2662985 0.2355028 0.2610440 0.4166062 0.2138805 0.7107572 0.2417186 0.2652702 0.3432357 0.2956405 0.2631296 0.9168888 0.2748602 0.2727301 0.4385551 0.2699223 0.2690463 0.2646036 0.3575077 0.2448512 0.3352079 0.3035853 0.1948644 0.2638057 0.2784742 0.3859612 0.1683413 0.3110196 0.1685311 0.2662106 0.3449737 0.3126877 0.2762402 0.2401754 0.2297349 0.2853456 0.2749844 0.3020559 0.2616990 0.1719384 0.2701549 0.3785179 0.2101330 0.2607415 0.1893159 0.2561420 
Galeana_pratensis_104_mex                  0.2443067 0.2126868 0.2374172 0.2325250 0.2107283 0.1273177 0.1914043 0.0000000 0.2330843 0.2062560 0.2152628 0.2070313 0.2168702 0.2318115 0.2274882 0.2325191 0.2342477 0.2466356 0.2314906 0.2063632 0.2155006 0.2102251 0.1121263 0.2376789 0.2360302 0.2142930 0.2768322 0.2344984 0.2248207 0.2309592 0.2230198 0.2460685 0.1647542 0.2309099 0.3195108 0.2164691 0.2276134 0.1307853 0.2262224 0.1968750 0.8741165 0.2239786 0.2109670 0.1630766 0.2107168 0.2025893 0.2376650 0.1431459 0.2423445 0.2175662 0.2389726 0.2364978 0.2150309 0.1951520 0.2167635 0.2270519 0.2284083 0.1816928 0.2244404 0.2668920 0.1367035 0.2292650 0.2102307 0.0980756 0.2483633 0.2531472 0.2055122 0.1941868 0.2164023 0.2283839 0.2538223 0.2027846 0.2282047 0.2465452 0.1956067 
Helianthus_annuus_SRR9119062               0.2878975 0.2965566 0.3092096 0.4839503 0.2857811 0.4929772 0.3536406 0.2330843 0.0000000 0.2978895 0.2842431 0.3283621 0.3477538 0.3167583 0.3571671 0.3320258 0.4730879 0.4034182 0.2635575 0.2984112 0.2098334 0.3099666 0.2489086 0.2930765 0.2885557 0.2829446 0.3471422 0.2382338 0.2873950 0.3002676 0.2926491 0.3233042 0.3807551 0.2871596 0.7321375 0.3110037 0.2947012 0.3649022 0.3546468 0.2706924 0.8110802 0.2896944 0.3398999 0.4137675 0.3062253 0.3382728 0.2815405 0.3826603 0.3095313 0.3910175 0.3333815 0.2490467 0.2643313 0.2736101 0.4148253 0.1707244 0.3655854 0.2308961 0.3283757 0.3897554 0.3456693 0.2938151 0.2894826 0.2692101 0.3308550 0.3216251 0.2953122 0.2894042 0.2385860 0.2841579 0.4055347 0.2797717 0.2732170 0.2566342 0.2529910 
Lycapsus_tenuifolius_17                    0.0362390 0.0271206 0.0493838 0.3601574 0.1835865 0.3528704 0.2507707 0.2062560 0.2978895 0.0000000 0.1370143 0.0830226 0.1726176 0.0587912 0.0624801 0.0673943 0.2095372 0.1951691 0.0527299 0.1107701 0.0771450 0.0776193 0.1661309 0.1188628 0.1426103 0.1465200 0.1860121 0.0184229 0.0556273 0.0660340 0.0000010 0.1036568 0.3980561 0.0635239 0.5476846 0.0691360 0.1324194 0.2829780 0.1759477 0.1270808 0.6531536 0.1314819 0.1170040 0.4188087 0.0512445 0.1358447 0.1416163 0.3648200 0.0658862 0.2189244 0.2050780 0.0671047 0.0949975 0.1282237 0.2424645 0.0936875 0.2345038 0.0495217 0.1091965 0.2047383 0.2484314 0.1473547 0.1380865 0.1787217 0.1308085 0.0181870 0.0567539 0.0475044 0.0347805 0.0954510 0.2250699 0.0585719 0.1289664 0.0756911 0.0452686 
Pericome_caudata_50_silver                 0.0718132 0.0851799 0.0806669 0.3942809 0.1918548 0.4093272 0.2616793 0.2152628 0.2842431 0.1370143 0.0000000 0.0852435 0.1748776 0.0850599 0.0987524 0.0889090 0.2643314 0.1639015 0.0716455 0.0850845 0.0951644 0.0625973 0.2109115 0.0927415 0.0895639 0.0932158 0.1537483 0.1222855 0.0862770 0.1198764 0.0974127 0.0876388 0.4110134 0.0701789 0.5552197 0.0899351 0.0774175 0.3200414 0.1325634 0.0848225 0.7871375 0.0905838 0.1040509 0.4110546 0.0680264 0.0982096 0.0857494 0.3622294 0.0746304 0.1480837 0.1901146 0.0860358 0.0795220 0.0795009 0.1960457 0.0865251 0.1576820 0.0632908 0.0848621 0.1636021 0.2838284 0.0791459 0.0567424 0.2326001 0.1257464 0.1246621 0.0886584 0.0654108 0.0730163 0.0713763 0.1814643 0.0895517 0.0680685 0.0919359 0.0780932 
Perityle_aglossa_84_dead_horse             0.0734065 0.0770186 0.0814968 0.4005567 0.1903905 0.3842953 0.2697714 0.2070313 0.3283621 0.0830226 0.0852435 0.0000000 0.1589410 0.0644231 0.0799899 0.0694757 0.2366898 0.1574404 0.0491550 0.0213140 0.1026179 0.0292828 0.1907669 0.0403944 0.0556315 0.0589746 0.1378667 0.0942050 0.0745325 0.1041523 0.0589545 0.0601890 0.3709610 0.0443374 0.5645678 0.0659903 0.0279635 0.2912641 0.1108389 0.0383612 0.6928248 0.0431051 0.0584615 0.3555670 0.0601238 0.0740488 0.0600062 0.3331715 0.0740905 0.1392180 0.0888446 0.0588997 0.0360688 0.0379046 0.1690957 0.0926968 0.1441119 0.0435864 0.0068649 0.1323640 0.2693349 0.0836667 0.0565823 0.2099042 0.0478451 0.1191598 0.0413085 0.0329204 0.0432097 0.0796411 0.1458987 0.0616600 0.0075456 0.1012291 0.0396758 
Perityle_ajoensis_204                      0.1392816 0.0728251 0.1782529 0.3975326 0.2038167 0.3923710 0.3041287 0.2168702 0.3477538 0.1726176 0.1748776 0.1589410 0.0000000 0.1731429 0.1752889 0.1687486 0.3348849 0.3239130 0.1447330 0.1567146 0.1085389 0.1073397 0.2106402 0.1596065 0.1685502 0.1586855 0.2580389 0.1101909 0.1808430 0.1952111 0.1609386 0.1660606 0.3762736 0.1187190 0.5958740 0.1622085 0.1414728 0.3080996 0.2144367 0.1364655 0.7100802 0.1593475 0.1788025 0.3830776 0.1113663 0.1674033 0.1593242 0.3110797 0.1452087 0.2980633 0.1953384 0.1047751 0.1480708 0.1514389 0.3474790 0.0973366 0.2562622 0.0527849 0.1564718 0.2796690 0.2777069 0.1747008 0.1464312 0.2205780 0.1718790 0.2136020 0.1814608 0.1424422 0.0120661 0.1705072 0.3009745 0.1104900 0.1375425 0.1074148 0.1479038 
Perityle_ambrosiifolia_67_green            0.0743944 0.0814890 0.0788080 0.3997488 0.1776938 0.3941223 0.2673890 0.2318115 0.3167583 0.0587912 0.0850599 0.0644231 0.1731429 0.0000000 0.0552071 0.0509816 0.2277274 0.1296747 0.0606361 0.0659482 0.0896272 0.0371005 0.2167823 0.0464900 0.0691853 0.0662879 0.1166711 0.0941962 0.0729193 0.0937433 0.0392211 0.0576047 0.3711133 0.0530038 0.5282817 0.0526560 0.0559859 0.3132013 0.0990225 0.0335695 0.6742629 0.0443659 0.0596794 0.3800288 0.0453352 0.0335724 0.0456171 0.3209838 0.0744535 0.1194262 0.0960734 0.0753311 0.0381804 0.0394351 0.1483344 0.0766612 0.1241362 0.0606746 0.0604243 0.1124043 0.3048565 0.0874895 0.0657991 0.2481903 0.0576192 0.1052662 0.0482470 0.0312878 0.0470891 0.0876628 0.1287136 0.0447787 0.0537958 0.0984699 0.0298202 
Perityle_angustifolia_13_Eagle_creek       0.0924111 0.0866986 0.0972850 0.4130488 0.2052241 0.3571913 0.2942755 0.2274882 0.3571671 0.0624801 0.0987524 0.0799899 0.1752889 0.0552071 0.0000000 0.0775178 0.2109377 0.1424698 0.0514116 0.0769011 0.0767067 0.0422048 0.2153576 0.0524685 0.0747194 0.0666592 0.1217107 0.0969629 0.0894413 0.0901273 0.0383630 0.0589076 0.3885629 0.0711627 0.5007979 0.0779738 0.0635303 0.3410023 0.1125779 0.0285252 0.6647181 0.0511323 0.0779269 0.3913637 0.0308073 0.0458198 0.0528063 0.3377392 0.0800768 0.1423897 0.0912270 0.0795785 0.0314723 0.0457056 0.1640185 0.0807583 0.1279754 0.0614736 0.0724382 0.1141268 0.3197296 0.1024050 0.0720501 0.2354287 0.0829899 0.1113583 0.0483407 0.0355154 0.0243788 0.0980353 0.1420803 0.0182397 0.0523563 0.0920176 0.0333978 
Perityle_batopilensis_97                   0.0648764 0.0629230 0.0783013 0.3936205 0.1867791 0.3953095 0.2601149 0.2325191 0.3320258 0.0673943 0.0889090 0.0694757 0.1687486 0.0509816 0.0775178 0.0000000 0.2282221 0.1412035 0.0532475 0.0658475 0.1007654 0.0497977 0.2218578 0.0580682 0.0615784 0.0657752 0.1277849 0.1012208 0.0751185 0.0906464 0.0456845 0.0544112 0.3525054 0.0536510 0.5444257 0.0071828 0.0572231 0.3077117 0.1059439 0.0505044 0.6778055 0.0572256 0.0754237 0.3568741 0.0502722 0.0585671 0.0652422 0.3066517 0.0692840 0.1300481 0.0949096 0.0647858 0.0514823 0.0513459 0.1642272 0.0822993 0.1210463 0.0463158 0.0642803 0.1268090 0.2786538 0.0869414 0.0577145 0.2316375 0.0653930 0.1128051 0.0656021 0.0439250 0.0496033 0.0859372 0.1418403 0.0628397 0.0519527 0.0954839 0.0454951 
Perityle_californica_76_positas            0.2305457 0.1044106 0.2457485 0.5806856 0.3756524 0.4289747 0.4117295 0.2342477 0.4730879 0.2095372 0.2643314 0.2366898 0.3348849 0.2277274 0.2109377 0.2282221 0.0000000 0.2140218 0.2262326 0.2366308 0.1355262 0.2222477 0.3789564 0.2281165 0.2512026 0.2376168 0.2803147 0.1261008 0.1870735 0.2016869 0.1691471 0.2213648 0.5200013 0.2385072 0.5728609 0.2348655 0.2310855 0.4911215 0.2667327 0.2153676 0.7386316 0.2281387 0.2394048 0.5103617 0.2166991 0.2357078 0.2388519 0.4791878 0.2452108 0.2065881 0.1917567 0.1906329 0.2252482 0.2231785 0.2313423 0.1429960 0.2290292 0.1138850 0.2277403 0.2047880 0.4581516 0.2526027 0.2314381 0.3611731 0.2593948 0.2377661 0.1953082 0.2266687 0.0911683 0.2577051 0.2177352 0.2415030 0.2028742 0.1182058 0.2207100 
Perityle_canescens_77                      0.1430508 0.1288465 0.1476577 0.5373876 0.3216368 0.3137646 0.3555991 0.2466356 0.4034182 0.1951691 0.1639015 0.1574404 0.3239130 0.1296747 0.1424698 0.1412035 0.2140218 0.0000000 0.1325874 0.1726068 0.1303563 0.1496330 0.2696051 0.1835240 0.1972196 0.1797917 0.0678074 0.1593452 0.1684362 0.1858770 0.1560188 0.1513443 0.4908544 0.1523121 0.5650125 0.1530251 0.1737249 0.4545043 0.2188251 0.1566118 0.6922211 0.1785675 0.1957726 0.4944112 0.1440604 0.1789830 0.1814318 0.5144124 0.1447766 0.1270677 0.2007061 0.1529129 0.1564830 0.1739191 0.0568041 0.0480808 0.1815487 0.0935372 0.1649133 0.0476916 0.4271332 0.1835968 0.1677468 0.2838725 0.1733729 0.2038101 0.1409712 0.1213003 0.0708657 0.1744522 0.0580825 0.1397595 0.1658082 0.0513384 0.1262841 
Perityle_castillonii_96                    0.0602150 0.0661198 0.0636264 0.3590031 0.1564167 0.3809430 0.2518119 0.2314906 0.2635575 0.0527299 0.0716455 0.0491550 0.1447330 0.0606361 0.0514116 0.0532475 0.2262326 0.1325874 0.0000000 0.0431773 0.0963252 0.0338909 0.2023804 0.0475159 0.0465538 0.0388911 0.1146864 0.0991076 0.0711803 0.0766056 0.0304353 0.0285173 0.3241525 0.0386943 0.5433212 0.0536970 0.0397792 0.2938629 0.1045431 0.0370171 0.6501336 0.0490950 0.0637983 0.3237583 0.0249457 0.0518767 0.0550443 0.2784819 0.0541608 0.1427101 0.0488287 0.0575558 0.0417912 0.0439532 0.1496755 0.0935618 0.1181361 0.0466169 0.0478524 0.1130635 0.2627438 0.0716757 0.0471385 0.2283415 0.0662439 0.0915072 0.0528385 0.0372031 0.0370953 0.0730915 0.1291226 0.0534564 0.0167568 0.1004890 0.0392944 
Perityle_cfvillosa_25_tin                  0.0714443 0.0688750 0.0803357 0.3791722 0.2007646 0.3791410 0.2634243 0.2063632 0.2984112 0.1107701 0.0850845 0.0213140 0.1567146 0.0659482 0.0769011 0.0658475 0.2366308 0.1726068 0.0431773 0.0000000 0.0910929 0.0253421 0.2107361 0.0366125 0.0583020 0.0669840 0.1487236 0.1030322 0.0792524 0.1339024 0.0978775 0.0541502 0.3873900 0.0460841 0.5481275 0.0620928 0.0252259 0.2976316 0.1038530 0.0377414 0.6881952 0.0362434 0.0489432 0.3772307 0.0635637 0.0603803 0.0618681 0.3305883 0.0651782 0.1397426 0.1209303 0.0611755 0.0292684 0.0316243 0.1863793 0.0949465 0.1615782 0.0391382 0.0192305 0.1538421 0.2700418 0.0840254 0.0572107 0.2337200 0.0654743 0.1140655 0.0392518 0.0335627 0.0375295 0.0797289 0.1597913 0.0569025 0.0139109 0.1019363 0.0358105 
Perityle_cinerea_113_Powell1310            0.1203189 0.0893174 0.0917862 0.3254244 0.1364354 0.2258219 0.2364323 0.2155006 0.2098334 0.0771450 0.0951644 0.1026179 0.1085389 0.0896272 0.0767067 0.1007654 0.1355262 0.1303563 0.0963252 0.0910929 0.0000000 0.0748530 0.1858346 0.0849973 0.1108905 0.0978130 0.1417338 0.1224737 0.1041455 0.1223006 0.0697229 0.0894378 0.3156413 0.0746405 0.3045128 0.1020682 0.0818894 0.2444034 0.1073623 0.0679817 0.7692336 0.0792098 0.0942309 0.2982279 0.0690426 0.0769634 0.0888364 0.2382987 0.1006527 0.1033309 0.1096607 0.1045725 0.0734151 0.0739673 0.1310651 0.0992463 0.1075066 0.0595448 0.0896944 0.1319957 0.2302877 0.1149225 0.0932525 0.1834924 0.0924629 0.1553881 0.0776175 0.0747334 0.0521313 0.1221937 0.1436909 0.0771111 0.0919433 0.1426683 0.0740189 
Perityle_coahuilensis_24                   0.0543893 0.0527960 0.0553058 0.3768525 0.1786302 0.3875701 0.2589751 0.2102251 0.3099666 0.0776193 0.0625973 0.0292828 0.1073397 0.0371005 0.0422048 0.0497977 0.2222477 0.1496330 0.0338909 0.0253421 0.0748530 0.0000000 0.1959556 0.0282061 0.0464114 0.0373993 0.1226315 0.0905636 0.0643161 0.1064403 0.0664179 0.0419537 0.3586041 0.0283338 0.5403760 0.0506337 0.0075934 0.2867625 0.0891842 0.0209450 0.6836490 0.0283531 0.0480076 0.3648134 0.0327676 0.0410570 0.0384409 0.3165011 0.0600092 0.1220948 0.0851505 0.0537850 0.0210872 0.0223552 0.1677139 0.0839505 0.1466190 0.0307609 0.0226611 0.1273128 0.2708125 0.0637593 0.0410031 0.2050643 0.0377194 0.0984702 0.0323487 0.0173284 0.0097390 0.0621852 0.1369431 0.0399740 0.0185570 0.0829853 0.0210920 
Perityle_cochisensis_44_cave_creek         0.1895874 0.2067059 0.1774094 0.2003882 0.2084615 0.2197039 0.2155701 0.1121263 0.2489086 0.1661309 0.2109115 0.1907669 0.2106402 0.2167823 0.2153576 0.2218578 0.3789564 0.2696051 0.2023804 0.2107361 0.1858346 0.1959556 0.0000000 0.2162495 0.2290463 0.1762674 0.2713099 0.2154983 0.2415149 0.2255486 0.1839170 0.2066537 0.1134196 0.2184434 0.5464462 0.2103703 0.2127123 0.0320979 0.2428214 0.1932578 0.7854332 0.2206748 0.2046037 0.0993683 0.1951608 0.2034515 0.2073265 0.0405566 0.2280434 0.2868529 0.2070914 0.2124815 0.2243246 0.1932407 0.3286934 0.2364212 0.2275546 0.2176803 0.2082398 0.2798948 0.0279471 0.2182528 0.2017454 0.0199852 0.2174498 0.2227717 0.1995655 0.1864657 0.1839154 0.2119318 0.3247239 0.1917386 0.2065851 0.2263793 0.1960707 
Perityle_congesta_202                      0.0660651 0.0728250 0.0742903 0.3814960 0.2100378 0.3858324 0.2750712 0.2376789 0.2930765 0.1188628 0.0927415 0.0403944 0.1596065 0.0464900 0.0524685 0.0580682 0.2281165 0.1835240 0.0475159 0.0366125 0.0849973 0.0282061 0.2162495 0.0000000 0.0606025 0.0635902 0.1639553 0.0921670 0.0771224 0.1307963 0.1022727 0.0504229 0.4050446 0.0485373 0.5324998 0.0558956 0.0317587 0.2981940 0.1215778 0.0110075 0.6789514 0.0088926 0.0289510 0.3952176 0.0635781 0.0424706 0.0553536 0.3493294 0.0789315 0.1453365 0.1629459 0.0723340 0.0066033 0.0070400 0.2040095 0.0921014 0.1628991 0.0702168 0.0381514 0.1688826 0.2785944 0.0909556 0.0643869 0.2379345 0.0784253 0.1155035 0.0039201 0.0185246 0.0336419 0.0873600 0.1774130 0.0352384 0.0306271 0.1011460 0.0051710 
Perityle_cordifolia_27                     0.0700701 0.0849079 0.0808783 0.4082696 0.2199131 0.4116427 0.2697699 0.2360302 0.2885557 0.1426103 0.0895639 0.0556315 0.1685502 0.0691853 0.0747194 0.0615784 0.2512026 0.1972196 0.0465538 0.0583020 0.1108905 0.0464114 0.2290463 0.0606025 0.0000000 0.0656010 0.2142319 0.1277333 0.0895028 0.1393810 0.1048019 0.0556126 0.4131804 0.0523457 0.5825831 0.0626551 0.0584563 0.3139352 0.1292962 0.0546767 0.6687922 0.0632645 0.0754454 0.4077548 0.0649962 0.0917619 0.0657002 0.3711734 0.0798717 0.1594355 0.2019329 0.0517398 0.0513238 0.0581235 0.2617938 0.1149261 0.1690159 0.0717878 0.0666785 0.2280812 0.2910219 0.0888327 0.0755508 0.2539852 0.1048101 0.1284613 0.0711963 0.0481080 0.0627361 0.0868378 0.2531077 0.0712946 0.0494872 0.1272544 0.0503987 
Perityle_cordifolia_68_tecolote            0.0654996 0.0774309 0.0787742 0.3926040 0.2092443 0.3852410 0.2623271 0.2142930 0.2829446 0.1465200 0.0932158 0.0589746 0.1586855 0.0662879 0.0666592 0.0657752 0.2376168 0.1797917 0.0388911 0.0669840 0.0978130 0.0373993 0.1762674 0.0635902 0.0656010 0.0000000 0.2071866 0.1059126 0.0786722 0.1299802 0.1036832 0.0601048 0.3946010 0.0442280 0.5638190 0.0697875 0.0964512 0.2789496 0.1229101 0.0542740 0.6857684 0.0715453 0.0805879 0.3902253 0.0598429 0.0895861 0.0654601 0.3698220 0.0785043 0.1428403 0.1715610 0.0529044 0.0589760 0.0654737 0.2395491 0.0923077 0.1579925 0.0619161 0.0982584 0.2040872 0.2617703 0.0894851 0.0775854 0.1898137 0.1026841 0.1238441 0.0702508 0.0473028 0.0553516 0.0806385 0.2854943 0.0733645 0.0581502 0.0994570 0.0464621 
Perityle_coronopifolia_28_patagonia        0.1254093 0.1397354 0.1259239 0.4834950 0.2800521 0.4583656 0.3181917 0.2768322 0.3471422 0.1860121 0.1537483 0.1378667 0.2580389 0.1166711 0.1217107 0.1277849 0.2803147 0.0678074 0.1146864 0.1487236 0.1417338 0.1226315 0.2713099 0.1639553 0.2142319 0.2071866 0.0000000 0.1543731 0.1494275 0.1692955 0.1294637 0.1352668 0.4782152 0.1377917 0.6437192 0.1289770 0.1963823 0.3983303 0.2287030 0.1801166 0.7562153 0.2068539 0.1647710 0.4954511 0.1197162 0.1850180 0.2089304 0.4548142 0.1289549 0.1478799 0.2401311 0.1457780 0.1317700 0.2030564 0.0607025 0.0512773 0.2253571 0.1127960 0.1463160 0.0213120 0.3542969 0.1764347 0.1909528 0.2818074 0.1618782 0.1708810 0.1208620 0.0942978 0.0902162 0.1450172 0.0683996 0.1264806 0.1987680 0.0525490 0.1105118 
Perityle_crassifolia_74_playa_balandra     0.1106525 0.1168795 0.0939603 0.2946108 0.1249322 0.3229879 0.1626368 0.2344984 0.2382338 0.0184229 0.1222855 0.0942050 0.1101909 0.0941962 0.0969629 0.1012208 0.1261008 0.1593452 0.0991076 0.1030322 0.1224737 0.0905636 0.2154983 0.0921670 0.1277333 0.1059126 0.1543731 0.0000000 0.0746572 0.0548001 0.0219427 0.1121979 0.3015604 0.1282146 0.3619409 0.0955364 0.0969381 0.2416056 0.1352770 0.0804945 0.7941645 0.0904944 0.0946276 0.2726185 0.0982238 0.0970824 0.1061637 0.2139563 0.1034643 0.1680438 0.1164239 0.1125807 0.0872646 0.0759162 0.1631595 0.1291813 0.1872467 0.0971073 0.1002041 0.1575786 0.2147715 0.1187278 0.0961370 0.2274844 0.1000735 0.0205863 0.0829965 0.0641299 0.0788668 0.1091399 0.1860809 0.0992636 0.0981022 0.1165272 0.0782192 
Perityle_cuneata_34_cuneata_San_antonio    0.0666082 0.0715338 0.0759692 0.4114257 0.1763482 0.4290321 0.2635940 0.2248207 0.2873950 0.0556273 0.0862770 0.0745325 0.1808430 0.0729193 0.0894413 0.0751185 0.1870735 0.1684362 0.0711803 0.0792524 0.1041455 0.0643161 0.2415149 0.0771224 0.0895028 0.0786722 0.1494275 0.0746572 0.0000000 0.0625921 0.0333216 0.0756961 0.3793034 0.0803394 0.5541991 0.0729402 0.0733091 0.3109117 0.1408313 0.0676528 0.6890627 0.0762742 0.0856637 0.3886017 0.0528973 0.0798763 0.0864773 0.3170100 0.0854585 0.1750388 0.0912500 0.0788720 0.0641976 0.0672705 0.1870890 0.1217382 0.1853746 0.0742478 0.0739504 0.1512563 0.2980171 0.0901403 0.0745391 0.2547293 0.0902132 0.0870145 0.0752574 0.0642541 0.0593089 0.0903375 0.1789968 0.0853003 0.0603234 0.0918531 0.0627080 
Perityle_cuneata_4                         0.0920214 0.0751854 0.0988279 0.4058533 0.2074778 0.3994870 0.2662985 0.2309592 0.3002676 0.0660340 0.1198764 0.1041523 0.1952111 0.0937433 0.0901273 0.0906464 0.2016869 0.1858770 0.0766056 0.1339024 0.1223006 0.1064403 0.2255486 0.1307963 0.1393810 0.1299802 0.1692955 0.0548001 0.0625921 0.0000000 0.0457135 0.1316372 0.4250920 0.0976459 0.5774619 0.0987516 0.1264843 0.3205859 0.1612024 0.1218754 0.6802547 0.1288048 0.1417875 0.4319067 0.0737417 0.1301577 0.1347548 0.3757297 0.0879361 0.2039089 0.1646695 0.0911589 0.1218026 0.1204015 0.2019253 0.1204316 0.2262290 0.0966105 0.1261209 0.1853834 0.2956246 0.1419121 0.1130323 0.2302562 0.1497115 0.0888607 0.0852068 0.0818799 0.0760688 0.1151659 0.1977939 0.0924122 0.1210700 0.1028006 0.0820219 
Perityle_discoidea_81                      0.0175144 0.0186447 0.0295739 0.3692445 0.1824705 0.3439172 0.2355028 0.2230198 0.2926491 0.0000010 0.0974127 0.0589545 0.1609386 0.0392211 0.0383630 0.0456845 0.1691471 0.1560188 0.0304353 0.0978775 0.0697229 0.0664179 0.1839170 0.1022727 0.1048019 0.1036832 0.1294637 0.0219427 0.0333216 0.0457135 0.0000000 0.0920560 0.4108198 0.0471058 0.5087183 0.0454846 0.0918968 0.2985988 0.1305613 0.0901132 0.6281788 0.0999675 0.1126108 0.4089376 0.0361989 0.0975657 0.1033019 0.3678328 0.0433726 0.1793396 0.1291130 0.0543208 0.0932054 0.0956060 0.1738886 0.0896214 0.1833808 0.0350494 0.0969100 0.1416841 0.2647519 0.1072365 0.0914864 0.1908900 0.1111741 0.0170421 0.0419188 0.0271368 0.0250361 0.0830608 0.1541377 0.0397734 0.0849550 0.0666959 0.0309224 
Perityle_dissecta_201                      0.0717393 0.0747342 0.0808315 0.3862475 0.2026397 0.3758847 0.2610440 0.2460685 0.3233042 0.1036568 0.0876388 0.0601890 0.1660606 0.0576047 0.0589076 0.0544112 0.2213648 0.1513443 0.0285173 0.0541502 0.0894378 0.0419537 0.2066537 0.0504229 0.0556126 0.0601048 0.1352668 0.1121979 0.0756961 0.1316372 0.0920560 0.0000000 0.4015150 0.0489023 0.5603072 0.0609230 0.0454904 0.3019999 0.1099679 0.0450089 0.6849916 0.0502023 0.0743206 0.3849973 0.0458468 0.0555838 0.0553168 0.3478397 0.0672565 0.1326054 0.1514846 0.0567854 0.0447251 0.0466609 0.1621201 0.0986950 0.1569152 0.0513009 0.0521226 0.1434052 0.2768188 0.0773121 0.0556332 0.2288625 0.0854165 0.1084686 0.0536993 0.0393250 0.0440470 0.0789836 0.1512043 0.0504459 0.0282015 0.1122988 0.0414167 
Perityle_feddemae_99                       0.2842163 0.2864930 0.3399185 0.2876880 0.3774784 0.3437338 0.4166062 0.1647542 0.3807551 0.3980561 0.4110134 0.3709610 0.3762736 0.3711133 0.3885629 0.3525054 0.5200013 0.4908544 0.3241525 0.3873900 0.3156413 0.3586041 0.1134196 0.4050446 0.4131804 0.3946010 0.4782152 0.3015604 0.3793034 0.4250920 0.4108198 0.4015150 0.0000000 0.3292087 0.7339310 0.3346041 0.4053574 0.1526705 0.4475853 0.3981773 0.8470202 0.4137686 0.4055268 0.0295283 0.3673075 0.4247320 0.4016666 0.1605465 0.3641655 0.4982434 0.4768655 0.3231776 0.3994618 0.3752675 0.5499927 0.3060498 0.5020617 0.2795252 0.3888328 0.5352781 0.1184139 0.3997445 0.3900331 0.1389792 0.3901970 0.3827019 0.3789915 0.3518247 0.2615273 0.3665995 0.5481065 0.3272960 0.3729631 0.3150369 0.3593834 
Perityle_fosteri_93                        0.0679524 0.0717075 0.0765983 0.3730933 0.1439758 0.4014113 0.2138805 0.2309099 0.2871596 0.0635239 0.0701789 0.0443374 0.1187190 0.0530038 0.0711627 0.0536510 0.2385072 0.1523121 0.0386943 0.0460841 0.0746405 0.0283338 0.2184434 0.0485373 0.0523457 0.0442280 0.1377917 0.1282146 0.0803394 0.0976459 0.0471058 0.0489023 0.3292087 0.0000000 0.5504802 0.0569655 0.0447638 0.2733573 0.1075280 0.0395291 0.6917993 0.0526552 0.0596351 0.3038562 0.0312282 0.0629272 0.0506420 0.2701044 0.0767012 0.1380695 0.0616491 0.0704879 0.0448802 0.0422433 0.1745005 0.0983442 0.1060609 0.0577040 0.0395064 0.1271406 0.2623184 0.0761607 0.0586557 0.2385425 0.0547252 0.1099166 0.0562116 0.0350094 0.0478419 0.0718522 0.1488166 0.0601852 0.0309131 0.1098602 0.0403069 
Perityle_gamon_221                         0.5050547 0.3021577 0.5320091 0.7261106 0.6864681 0.5824269 0.7107572 0.3195108 0.7321375 0.5476846 0.5552197 0.5645678 0.5958740 0.5282817 0.5007979 0.5444257 0.5728609 0.5650125 0.5433212 0.5481275 0.3045128 0.5403760 0.5464462 0.5324998 0.5825831 0.5638190 0.6437192 0.3619409 0.5541991 0.5774619 0.5087183 0.5603072 0.7339310 0.5504802 0.0000000 0.5285867 0.5766404 0.7242398 0.5779805 0.5464897 0.7422786 0.5509095 0.5532558 0.7420099 0.5381808 0.5682051 0.5733889 0.7222540 0.5453401 0.5337828 0.5699791 0.4497940 0.5242548 0.5334188 0.6119912 0.2619552 0.5246832 0.3053351 0.5535486 0.5948468 0.6599884 0.5654524 0.5718369 0.5317174 0.5696012 0.5440124 0.5044544 0.5378577 0.2530753 0.5595944 0.6045691 0.5003263 0.5352443 0.2942393 0.5161934 
Perityle_gentryi_8_san_francisco           0.0720230 0.0636891 0.0782336 0.3769225 0.1785504 0.3970552 0.2417186 0.2164691 0.3110037 0.0691360 0.0899351 0.0659903 0.1622085 0.0526560 0.0779738 0.0071828 0.2348655 0.1530251 0.0536970 0.0620928 0.1020682 0.0506337 0.2103703 0.0558956 0.0626551 0.0697875 0.1289770 0.0955364 0.0729402 0.0987516 0.0454846 0.0609230 0.3346041 0.0569655 0.5285867 0.0000000 0.0539000 0.3110022 0.1099302 0.0481278 0.6793532 0.0561699 0.0709204 0.3358769 0.0503147 0.0571509 0.0640354 0.2892337 0.0798289 0.1428549 0.0847923 0.0667709 0.0492626 0.0473418 0.1743133 0.0800202 0.1242978 0.0441687 0.0620959 0.1221600 0.2866683 0.0865362 0.0683216 0.2326746 0.0611712 0.1109497 0.0598816 0.0451523 0.0505889 0.0865108 0.1444968 0.0656798 0.0438557 0.0949784 0.0441479 
Perityle_gilensis_22_Superstition          0.0552846 0.0574557 0.0584209 0.3946352 0.1965745 0.3928426 0.2652702 0.2276134 0.2947012 0.1324194 0.0774175 0.0279635 0.1414728 0.0559859 0.0635303 0.0572231 0.2310855 0.1737249 0.0397792 0.0252259 0.0818894 0.0075934 0.2127123 0.0317587 0.0584563 0.0964512 0.1963823 0.0969381 0.0733091 0.1264843 0.0918968 0.0454904 0.4053574 0.0447638 0.5766404 0.0539000 0.0000000 0.2982855 0.1111751 0.0282684 0.6895917 0.0342409 0.0501640 0.4088234 0.0494765 0.0816945 0.0556356 0.3755992 0.0648542 0.1439056 0.1756429 0.0530171 0.0294514 0.0291239 0.2448211 0.0830972 0.1558029 0.0367441 0.0463758 0.1985976 0.2788338 0.0799145 0.0616628 0.2291270 0.0725191 0.1111005 0.0353550 0.0187136 0.0393553 0.0722227 0.2160903 0.0602090 0.0202828 0.0908983 0.0292380 
Perityle_gilensis_salensis_225             0.2552020 0.2258106 0.2924900 0.3037780 0.3221602 0.2541650 0.3432357 0.1307853 0.3649022 0.2829780 0.3200414 0.2912641 0.3080996 0.3132013 0.3410023 0.3077117 0.4911215 0.4545043 0.2938629 0.2976316 0.2444034 0.2867625 0.0320979 0.2981940 0.3139352 0.2789496 0.3983303 0.2416056 0.3109117 0.3205859 0.2985988 0.3019999 0.1526705 0.2733573 0.7242398 0.3110022 0.2982855 0.0000000 0.3762786 0.2810115 0.8815737 0.2984636 0.3017771 0.1167416 0.2947003 0.3031773 0.2990101 0.0545766 0.3101817 0.4549085 0.3642300 0.2624877 0.2861960 0.2791660 0.4779693 0.2616907 0.3967279 0.2330505 0.2981446 0.4589519 0.0388649 0.3191908 0.2915446 0.0563229 0.3037755 0.3188727 0.3356617 0.2896325 0.2009760 0.3167267 0.4718002 0.2471379 0.2952785 0.2704110 0.2735395 
Perityle_glaucescens_94                    0.1133655 0.1008903 0.1190447 0.4429362 0.2592441 0.3920320 0.2956405 0.2262224 0.3546468 0.1759477 0.1325634 0.1108389 0.2144367 0.0990225 0.1125779 0.1059439 0.2667327 0.2188251 0.1045431 0.1038530 0.1073623 0.0891842 0.2428214 0.1215778 0.1292962 0.1229101 0.2287030 0.1352770 0.1408313 0.1612024 0.1305613 0.1099679 0.4475853 0.1075280 0.5779805 0.1099302 0.1111751 0.3762786 0.0000000 0.1045569 0.7135887 0.1265796 0.1235386 0.4398286 0.1153581 0.1144866 0.1166060 0.4212757 0.1098400 0.1451939 0.2432898 0.1060405 0.0950803 0.1126335 0.2892727 0.1460921 0.1604101 0.0898962 0.1039274 0.2365818 0.3418710 0.1402319 0.1266933 0.2383002 0.1257921 0.1665256 0.1091564 0.0854532 0.0727157 0.1226277 0.3059311 0.0959410 0.1163448 0.1301474 0.0906501 
Perityle_gracilis_11                       0.0542044 0.0598126 0.0612675 0.3578452 0.2032575 0.3677747 0.2631296 0.1968750 0.2706924 0.1270808 0.0848225 0.0383612 0.1364655 0.0335695 0.0285252 0.0505044 0.2153676 0.1566118 0.0370171 0.0377414 0.0679817 0.0209450 0.1932578 0.0110075 0.0546767 0.0542740 0.1801166 0.0804945 0.0676528 0.1218754 0.0901132 0.0450089 0.3981773 0.0395291 0.5464897 0.0481278 0.0282684 0.2810115 0.1045569 0.0000000 0.6628552 0.0061043 0.0289362 0.3872346 0.0500199 0.0369341 0.0477604 0.3385807 0.0699387 0.1390754 0.1724568 0.0619006 0.0077348 0.0088573 0.2307735 0.0741814 0.1480557 0.0568752 0.0382982 0.1878522 0.2594256 0.0837421 0.0662540 0.2226358 0.0754647 0.1014509 0.0054669 0.0123101 0.0105091 0.0725940 0.1998491 0.0227872 0.0318380 0.0791528 0.0042394 
Perityle_incana_3_ucla                     0.6826625 0.6817704 0.6729855 1.1331383 0.8630579 0.8496005 0.9168888 0.8741165 0.8110802 0.6531536 0.7871375 0.6928248 0.7100802 0.6742629 0.6647181 0.6778055 0.7386316 0.6922211 0.6501336 0.6881952 0.7692336 0.6836490 0.7854332 0.6789514 0.6687922 0.6857684 0.7562153 0.7941645 0.6890627 0.6802547 0.6281788 0.6849916 0.8470202 0.6917993 0.7422786 0.6793532 0.6895917 0.8815737 0.7135887 0.6628552 0.0000000 0.6868556 0.7044488 0.8652932 0.6629284 0.6974359 0.7067576 0.8693400 0.6866448 0.7205925 0.6869042 0.7336748 0.6712755 0.6960116 0.7080624 0.6679054 0.8191280 0.7029694 0.7365130 0.7414040 0.8927678 0.7274316 0.6998686 0.8395754 0.7136455 0.7312723 0.6955670 0.6745843 0.6927028 0.7190027 0.7222003 0.6829379 0.6796975 0.7440792 0.6792447 
Perityle_intricata_59_Clark_mtns           0.0665880 0.0708523 0.0722616 0.3876489 0.2138389 0.3807456 0.2748602 0.2239786 0.2896944 0.1314819 0.0905838 0.0431051 0.1593475 0.0443659 0.0511323 0.0572256 0.2281387 0.1785675 0.0490950 0.0362434 0.0792098 0.0283531 0.2206748 0.0088926 0.0632645 0.0715453 0.2068539 0.0904944 0.0762742 0.1288048 0.0999675 0.0502023 0.4137686 0.0526552 0.5509095 0.0561699 0.0342409 0.2984636 0.1265796 0.0061043 0.6868556 0.0000000 0.0306524 0.4080521 0.0614538 0.0522075 0.0578999 0.3755835 0.0793835 0.1514279 0.2304442 0.0724002 0.0053422 0.0099621 0.2462202 0.0898399 0.1575624 0.0676124 0.0379130 0.2022696 0.2826478 0.0906858 0.0732345 0.2423886 0.0781725 0.1148672 0.0078673 0.0186213 0.0311270 0.0855609 0.2912330 0.0374167 0.0401752 0.0961030 0.0051259 
Perityle_inyoensis_9_pleasant              0.0805812 0.0841666 0.1018393 0.4015048 0.2226270 0.3933061 0.2727301 0.2109670 0.3398999 0.1170040 0.1040509 0.0584615 0.1788025 0.0596794 0.0779269 0.0754237 0.2394048 0.1957726 0.0637983 0.0489432 0.0942309 0.0480076 0.2046037 0.0289510 0.0754454 0.0805879 0.1647710 0.0946276 0.0856637 0.1417875 0.1126108 0.0743206 0.4055268 0.0596351 0.5532558 0.0709204 0.0501640 0.3017771 0.1235386 0.0289362 0.7044488 0.0306524 0.0000000 0.3994353 0.0836777 0.0661905 0.0659453 0.3442822 0.0913312 0.1587751 0.1649068 0.0805353 0.0191003 0.0208592 0.2069241 0.0956672 0.1792977 0.0760840 0.0532110 0.1702431 0.2743750 0.1017643 0.0759092 0.2374312 0.0847858 0.1276671 0.0333460 0.0360197 0.0452703 0.0963298 0.1789672 0.0525128 0.0433610 0.1096082 0.0157761 
Perityle_jaliscana_203                     0.2824735 0.2563529 0.3259165 0.3184182 0.4319714 0.3146944 0.4385551 0.1630766 0.4137675 0.4188087 0.4110546 0.3555670 0.3830776 0.3800288 0.3913637 0.3568741 0.5103617 0.4944112 0.3237583 0.3772307 0.2982279 0.3648134 0.0993683 0.3952176 0.4077548 0.3902253 0.4954511 0.2726185 0.3886017 0.4319067 0.4089376 0.3849973 0.0295283 0.3038562 0.7420099 0.3358769 0.4088234 0.1167416 0.4398286 0.3872346 0.8652932 0.4080521 0.3994353 0.0000000 0.3728288 0.4187519 0.4015900 0.1336686 0.3479780 0.5161662 0.4971477 0.2918708 0.3853585 0.3923943 0.5865599 0.2800777 0.4900249 0.2564949 0.3785296 0.5639662 0.1054512 0.4126188 0.4158890 0.1223556 0.4059892 0.3983847 0.3815032 0.3517593 0.2489620 0.3808576 0.5848723 0.3020163 0.3768242 0.2889924 0.3358013 
Perityle_lemmonii_12                       0.0529085 0.0455858 0.0573439 0.3745058 0.1829602 0.3806003 0.2699223 0.2107168 0.3062253 0.0512445 0.0680264 0.0601238 0.1113663 0.0453352 0.0308073 0.0502722 0.2166991 0.1440604 0.0249457 0.0635637 0.0690426 0.0327676 0.1951608 0.0635781 0.0649962 0.0598429 0.1197162 0.0982238 0.0528973 0.0737417 0.0361989 0.0458468 0.3673075 0.0312282 0.5381808 0.0503147 0.0494765 0.2947003 0.1153581 0.0500199 0.6629284 0.0614538 0.0836777 0.3728288 0.0000000 0.0581964 0.0602600 0.3179738 0.0421929 0.1484037 0.0888296 0.0424433 0.0552478 0.0578329 0.1602745 0.0876492 0.1386745 0.0259644 0.0593832 0.1234345 0.2691805 0.0748491 0.0558441 0.2138933 0.0700257 0.0909161 0.0426934 0.0261376 0.0074664 0.0749443 0.1346396 0.0316102 0.0461643 0.0817799 0.0303376 
Perityle_lemmonii_85_hachita               0.0790931 0.0762345 0.0949007 0.4000673 0.2141571 0.3951356 0.2690463 0.2025893 0.3382728 0.1358447 0.0982096 0.0740488 0.1674033 0.0335724 0.0458198 0.0585671 0.2357078 0.1789830 0.0518767 0.0603803 0.0769634 0.0410570 0.2034515 0.0424706 0.0917619 0.0895861 0.1850180 0.0970824 0.0798763 0.1301577 0.0975657 0.0555838 0.4247320 0.0629272 0.5682051 0.0571509 0.0816945 0.3031773 0.1144866 0.0369341 0.6974359 0.0522075 0.0661905 0.4187519 0.0581964 0.0000000 0.0381843 0.3714592 0.0737710 0.1428091 0.1650335 0.0690059 0.0549842 0.0341150 0.2268279 0.0849102 0.1581014 0.0628307 0.0898645 0.1902175 0.2807238 0.0934927 0.0729759 0.2278612 0.0970301 0.1188439 0.0363501 0.0311376 0.0347941 0.0894510 0.2038830 0.0648065 0.0533299 0.0943325 0.0265951 
Perityle_lemmonii_colossal_cave_206        0.0741502 0.0803343 0.0819498 0.3834619 0.2186831 0.3887661 0.2646036 0.2376650 0.2815405 0.1416163 0.0857494 0.0600062 0.1593242 0.0456171 0.0528063 0.0652422 0.2388519 0.1814318 0.0550443 0.0618681 0.0888364 0.0384409 0.2073265 0.0553536 0.0657002 0.0654601 0.2089304 0.1061637 0.0864773 0.1347548 0.1033019 0.0553168 0.4016666 0.0506420 0.5733889 0.0640354 0.0556356 0.2990101 0.1166060 0.0477604 0.7067576 0.0578999 0.0659453 0.4015900 0.0602600 0.0381843 0.0000000 0.3548338 0.0849052 0.1586629 0.2005549 0.0771866 0.0437660 0.0550940 0.2536308 0.0954702 0.1633403 0.0617422 0.0602285 0.2090005 0.2786519 0.0880174 0.0736631 0.2395972 0.0901787 0.1242242 0.0619847 0.0309075 0.0389258 0.0833205 0.2341647 0.0372112 0.0538776 0.1035995 0.0436539 
Perityle_leptoglossa_20_rancho_las_laminas 0.2403091 0.2038485 0.2913366 0.3117522 0.3442047 0.2556846 0.3575077 0.1431459 0.3826603 0.3648200 0.3622294 0.3331715 0.3110797 0.3209838 0.3377392 0.3066517 0.4791878 0.5144124 0.2784819 0.3305883 0.2382987 0.3165011 0.0405566 0.3493294 0.3711734 0.3698220 0.4548142 0.2139563 0.3170100 0.3757297 0.3678328 0.3478397 0.1605465 0.2701044 0.7222540 0.2892337 0.3755992 0.0545766 0.4212757 0.3385807 0.8693400 0.3755835 0.3442822 0.1336686 0.3179738 0.3714592 0.3548338 0.0000000 0.2941866 0.5046555 0.4836610 0.2429915 0.3495316 0.3433104 0.5541171 0.2498288 0.4892692 0.2104014 0.3609562 0.5248272 0.0013032 0.3791477 0.3545417 0.0679639 0.3550224 0.3419019 0.3454079 0.2984705 0.2042867 0.3396528 0.5344932 0.2670443 0.3546398 0.2678792 0.2797036 
Perityle_lindheimeri_34                    0.0850547 0.0650557 0.0848338 0.4000671 0.1630070 0.4118393 0.2448512 0.2423445 0.3095313 0.0658862 0.0746304 0.0740905 0.1452087 0.0744535 0.0800768 0.0692840 0.2452108 0.1447766 0.0541608 0.0651782 0.1006527 0.0600092 0.2280434 0.0789315 0.0798717 0.0785043 0.1289549 0.1034643 0.0854585 0.0879361 0.0433726 0.0672565 0.3641655 0.0767012 0.5453401 0.0798289 0.0648542 0.3101817 0.1098400 0.0699387 0.6866448 0.0793835 0.0913312 0.3479780 0.0421929 0.0737710 0.0849052 0.2941866 0.0000000 0.1362959 0.0738574 0.0619737 0.0699398 0.0573026 0.1659847 0.0749656 0.1299200 0.0491711 0.0667065 0.1195428 0.2880050 0.0830591 0.0617357 0.2403241 0.0842180 0.1036580 0.0645604 0.0611504 0.0520702 0.0854201 0.1345717 0.0833284 0.0367706 0.0956486 0.0659788 
Perityle_lineariloba_78                    0.1409448 0.1046352 0.1420260 0.5251143 0.2989150 0.3012519 0.3352079 0.2175662 0.3910175 0.2189244 0.1480837 0.1392180 0.2980633 0.1194262 0.1423897 0.1300481 0.2065881 0.1270677 0.1427101 0.1397426 0.1033309 0.1220948 0.2868529 0.1453365 0.1594355 0.1428403 0.1478799 0.1680438 0.1750388 0.2039089 0.1793396 0.1326054 0.4982434 0.1380695 0.5337828 0.1428549 0.1439056 0.4549085 0.1451939 0.1390754 0.7205925 0.1514279 0.1587751 0.5161662 0.1484037 0.1428091 0.1586629 0.5046555 0.1362959 0.0000000 0.1869812 0.1355560 0.1248787 0.1423544 0.1080422 0.0652047 0.1432235 0.0806354 0.1300983 0.1475662 0.4275157 0.1544203 0.1533959 0.2879368 0.1441404 0.2166319 0.1428281 0.1167742 0.0677565 0.1454381 0.1473898 0.1294225 0.1445218 0.1072490 0.1232628 
