81
Amauria_brandeegeana_62                    0.0000000 0.2357674 0.5023122 0.4821510 0.4669575 0.1105027 0.4667773 0.1124515 0.4734587 0.2882913 0.4892735 0.5040596 1.0009153 0.3474271 0.3204372 0.7763712 0.4374464 0.2984321 0.5837979 0.2477865 0.4800211 0.4096098 0.2682160 0.4553460 0.3200859 1.0110549 0.3343298 0.5496000 0.3405804 0.3471673 0.2840788 0.2691374 0.1230119 0.4167818 0.2353355 0.4744215 0.9999072 0.5430156 0.6255505 0.9941979 0.6344839 0.3004394 0.4182860 0.5520908 0.4277731 0.3114671 0.4419185 0.2643028 0.2580873 1.0726270 0.4397727 0.3997548 0.2979668 0.3937908 0.5445212 0.3811925 0.3449754 0.4265015 0.4320145 0.1234471 0.6456659 0.3860989 0.4433663 0.9015415 0.2535549 0.4979110 0.3932696 0.0957731 0.8513958 0.4334523 0.4088570 1.0098019 0.4387917 0.5023857 0.5128066 0.4698817 0.8771413 0.5292938 1.1160762 0.4527715 0.5361076 
Amauria_carterae_99_mesa                   0.2357674 0.0000000 0.0893404 0.1821040 0.1265451 0.1213157 0.1592384 0.1289083 0.1889046 0.0867718 0.1343946 0.0936369 0.0825598 0.1920336 0.0755827 0.1159867 0.0815692 0.1130322 0.1379680 0.1209992 0.1471903 0.0949292 0.0675361 0.1487012 0.2036049 0.0986039 0.1583126 0.1355076 0.1333290 0.1393784 0.1494437 0.0943176 0.1323683 0.0827556 0.1650998 0.1269195 0.0836544 0.1333267 0.1903754 0.1065740 0.2814105 0.1762477 0.1123320 0.1314005 0.0825948 0.1008525 0.0942379 0.0887483 0.0854716 0.0924415 0.0931176 0.0490321 0.1093824 0.0788149 0.1287298 0.1249021 0.0865890 0.0951212 0.0786249 0.1086851 0.1868278 0.1159595 0.0874629 0.2562346 0.0918664 0.1458730 0.1373512 0.1087764 0.2170604 0.0878064 0.1212934 0.0919012 0.1026762 0.1220693 0.1488581 0.1360594 0.3982868 0.1355612 0.1514430 0.0926416 0.4160709 
Amauria_rotundifolia_SRR9119150            0.5023122 0.0893404 0.0000000 0.2418329 0.1890895 0.1612021 0.2211778 0.1299759 0.2572856 0.2489522 0.2286649 0.2103208 0.1289489 0.3476934 0.1208201 0.2957829 0.1950006 0.1183257 0.3358730 0.1810930 0.2648310 0.1860825 0.0690820 0.2754424 0.3213558 0.2048482 0.2221283 0.2825342 0.1555804 0.1593862 0.1702383 0.1412164 0.2814008 0.1860349 0.2702281 0.2850398 0.1352220 0.3568538 0.2892408 0.2294306 0.3123904 0.2981002 0.1964311 0.3481515 0.1911611 0.1213327 0.1939300 0.1620366 0.1490882 0.1203495 0.1999390 0.1447584 0.1911396 0.1350323 0.3031292 0.1448580 0.1274166 0.1788802 0.1829635 0.1654016 0.3399868 0.1166032 0.1922159 0.2584855 0.1408372 0.1837952 0.2569472 0.1121052 0.2425653 0.1930764 0.1673371 0.1996822 0.2257536 0.2186953 0.2439909 0.2415517 0.4826275 0.2905411 0.3569081 0.1901212 0.5220160 
Conoclinium_coelestinum_SRR9119114         0.4821510 0.1821040 0.2418329 0.0000000 0.2336183 0.1248114 0.1485632 0.1810243 0.2867898 0.2318918 0.2684995 0.2268745 0.2055323 0.2577840 0.1709421 0.2566818 0.2304861 0.2025304 0.2759866 0.2653730 0.2198193 0.2179979 0.1396202 0.2384425 0.3485289 0.2188686 0.3134078 0.2752820 0.2243292 0.1810645 0.3145477 0.2572104 0.2920951 0.2017718 0.2073196 0.2933552 0.2105136 0.3276862 0.3053789 0.2252661 0.3948168 0.2148649 0.2551170 0.3306484 0.2309602 0.1932736 0.2322196 0.2199459 0.2439268 0.2039923 0.2466135 0.1994455 0.2524563 0.1988116 0.2804230 0.2024119 0.1856423 0.2268692 0.2127073 0.1419325 0.3352766 0.1956155 0.2113798 0.3418501 0.2520376 0.2490188 0.2645726 0.1207594 0.3229462 0.2219459 0.2475442 0.2252734 0.2275026 0.2242043 0.2787859 0.2970131 0.5550971 0.2954879 0.3295263 0.2297132 0.5897948 
Eutetras_palmeri_63                        0.4669575 0.1265451 0.1890895 0.2336183 0.0000000 0.1305344 0.2152649 0.1155838 0.2349587 0.2449897 0.1867372 0.1783730 0.1257134 0.2870878 0.1130090 0.2336778 0.1504444 0.1232126 0.2926850 0.2032114 0.2246572 0.1509352 0.0826043 0.2321421 0.3504346 0.1441737 0.2209237 0.2004776 0.1501993 0.1455371 0.1691943 0.1344803 0.2753476 0.1564141 0.2575672 0.2592479 0.1394634 0.2822929 0.2612310 0.1850036 0.3208510 0.2629091 0.2030488 0.2631577 0.1577608 0.1332451 0.1494453 0.1289334 0.1705604 0.1216116 0.1829216 0.1331217 0.1690888 0.1325791 0.2714034 0.1468976 0.1458120 0.1653139 0.1432691 0.1560506 0.2950257 0.1111611 0.1497644 0.2748581 0.1339912 0.1830029 0.2267242 0.1305001 0.2201774 0.1637192 0.1613227 0.1396912 0.2123424 0.2179705 0.2173008 0.2211163 0.4856464 0.2581258 0.3714005 0.1536088 0.5497572 
Eutetras_pringlei_149_quer                 0.1105027 0.1213157 0.1612021 0.1248114 0.1305344 0.0000000 0.1310634 0.0799245 0.1707386 0.1327205 0.1420848 0.0976055 0.1052505 0.1175235 0.0820332 0.1430326 0.0917396 0.1065736 0.1692539 0.1011352 0.1047710 0.0983902 0.0890033 0.0998242 0.1166381 0.1052505 0.1150916 0.1222318 0.1236387 0.1206965 0.0784671 0.0777722 0.1194177 0.0891745 0.1294440 0.1459558 0.2317704 0.1785109 0.1321603 0.1052505 0.9219144 0.1041301 0.1483729 0.1878767 0.1071512 0.1363554 0.1153911 0.0913099 0.0953780 0.1052505 0.0907056 0.1125895 0.1105409 0.0895494 0.1488386 0.1283656 0.1263762 0.1029554 0.0860303 0.1308575 0.2003361 0.0990031 0.1173292 0.9059453 0.1159989 0.1667639 0.1257984 0.0936683 0.7257625 0.0999938 0.1289122 0.1052505 0.1364620 0.1360948 0.1472967 0.1460485 0.5434104 0.1160774 0.7961768 0.1078468 0.1833711 
Eutrochium_fistulosum_SRR9119106           0.4667773 0.1592384 0.2211778 0.1485632 0.2152649 0.1310634 0.0000000 0.1272130 0.2505625 0.1936425 0.2374750 0.2196345 0.1719223 0.2340395 0.1559229 0.2310403 0.1922972 0.1628699 0.3439780 0.2486906 0.2093632 0.1916890 0.1083284 0.2502038 0.3253997 0.1701059 0.2955576 0.2420852 0.1870516 0.1667447 0.2753698 0.2397576 0.2638122 0.1757076 0.2221196 0.2627441 0.1754594 0.2665391 0.2941234 0.1867277 0.3472917 0.2282802 0.2268333 0.2752528 0.2051989 0.1681143 0.2083632 0.2176071 0.2376431 0.1804382 0.2074132 0.2823254 0.2478211 0.1831034 0.2730120 0.1743778 0.1746632 0.2043246 0.1917077 0.1362474 0.3440296 0.1588462 0.1908799 0.3300628 0.2393641 0.2487957 0.2675370 0.1289055 0.2741588 0.1970692 0.2236810 0.1865818 0.2277323 0.2346439 0.2648135 0.2729778 0.5169114 0.2587843 0.3903250 0.2097693 0.5294069 
Galeana_pratensis_104_mex                  0.1124515 0.1289083 0.1299759 0.1810243 0.1155838 0.0799245 0.1272130 0.0000000 0.1882105 0.1205764 0.1343872 0.1080849 0.3255157 0.0947597 0.1025325 0.1300644 0.1093410 0.1072537 0.1130248 0.1136966 0.1345428 0.1066201 0.0577194 0.0842245 0.1272063 0.3786895 0.0962477 0.1357589 0.1531567 0.1083971 0.1125219 0.0794601 0.0939749 0.0999765 0.0944633 0.1491468 0.3786895 0.1799970 0.1328582 0.3255157 0.8337078 0.0949604 0.1463322 0.1891503 0.1141842 0.1451279 0.1188243 0.0746519 0.0780010 0.4343235 0.0976783 0.0769133 0.0911703 0.1050478 0.1489998 0.1120016 0.1092811 0.1111360 0.1037086 0.0765756 0.1472415 0.1190630 0.1100708 0.7208208 0.0971056 0.1297670 0.0882270 0.0588686 0.5515146 0.1035566 0.1269845 0.3786895 0.1220157 0.0976336 0.1155101 0.1428490 0.6666448 0.1277684 0.6125494 0.1162490 0.1811439 
Helianthus_annuus_SRR9119062               0.4734587 0.1889046 0.2572856 0.2867898 0.2349587 0.1707386 0.2505625 0.1882105 0.0000000 0.2708677 0.2841796 0.2522033 0.2116234 0.2877501 0.1944146 0.3269097 0.2280591 0.1941856 0.3042329 0.2577625 0.2391278 0.2280561 0.1492855 0.2659723 0.3727474 0.2424153 0.2709933 0.3129300 0.2002032 0.2075425 0.2577428 0.2242871 0.2795915 0.2111258 0.3019484 0.2709533 0.2070100 0.3115587 0.3296517 0.2540067 0.3662203 0.2516489 0.2586601 0.3289462 0.2209347 0.1943235 0.2327282 0.2222819 0.2186115 0.2055406 0.2402815 0.3053080 0.2309438 0.2073769 0.2990843 0.2325104 0.2060698 0.2257539 0.2152073 0.1804542 0.3366050 0.2165387 0.2196030 0.3263336 0.2276618 0.2571483 0.2811530 0.0879273 0.3478069 0.2182349 0.2347255 0.2417357 0.2413819 0.2571283 0.2826689 0.2797617 0.5257641 0.3048863 0.3654076 0.2345130 0.5926047 
Lycapsus_tenuifolius_17                    0.2882913 0.0867718 0.2489522 0.2318918 0.2449897 0.1327205 0.1936425 0.1205764 0.2708677 0.0000000 0.2578998 0.2014726 0.1397825 0.3215781 0.1271167 0.3061763 0.2044982 0.1469010 0.3486210 0.1835823 0.2193554 0.1972108 0.0891888 0.2582022 0.2663270 0.1979821 0.2836127 0.2930127 0.1419927 0.1132141 0.2378754 0.2005540 0.0356184 0.1948472 0.1819915 0.3040501 0.1528909 0.3623940 0.2911372 0.2329357 0.3027018 0.2450877 0.2375439 0.3644899 0.2075354 0.1109056 0.2091450 0.1872449 0.2042419 0.1360555 0.2143784 0.2516394 0.2372284 0.1604966 0.3095069 0.1744759 0.1378071 0.1958836 0.2028528 0.1268890 0.3960497 0.1280527 0.2083867 0.2646959 0.1792925 0.2361724 0.3425219 0.0819791 0.2420935 0.2042244 0.1955968 0.2080342 0.2285205 0.1871664 0.2898873 0.3078529 0.5229874 0.2364200 0.4245666 0.2191281 0.4755241 
Pericome_caudata_50_silver                 0.4892735 0.1343946 0.2286649 0.2684995 0.1867372 0.1420848 0.2374750 0.1343872 0.2841796 0.2578998 0.0000000 0.2085723 0.1177213 0.3332820 0.1302854 0.2780701 0.1808832 0.1375150 0.3405243 0.1991243 0.2327012 0.1770061 0.0885712 0.2684439 0.3202694 0.1784220 0.2459745 0.2479542 0.1655404 0.1582861 0.1867248 0.1632528 0.3205933 0.1876734 0.2391504 0.2947324 0.1261992 0.3566364 0.2838690 0.2187954 0.3201335 0.2886579 0.2238550 0.3519882 0.1859108 0.1215907 0.1856719 0.1612551 0.1812109 0.0812116 0.1984556 0.1670224 0.2078282 0.1244077 0.3213859 0.1368075 0.1334308 0.1869470 0.1829012 0.1479397 0.3477139 0.1206202 0.1817289 0.2964946 0.1653378 0.0999395 0.1772048 0.1246582 0.2348934 0.1868391 0.1796480 0.1692250 0.2163831 0.2255415 0.1528465 0.2590517 0.5500794 0.2699330 0.4581350 0.1831978 0.5079066 
Perityle_aglossa_84_dead_horse             0.5040596 0.0936369 0.2103208 0.2268745 0.1783730 0.0976055 0.2196345 0.1080849 0.2522033 0.2014726 0.2085723 0.0000000 0.0276092 0.2829033 0.0611913 0.2647010 0.0859853 0.1024101 0.3291711 0.1615279 0.1736111 0.0861784 0.0195991 0.2268889 0.3129367 0.0741114 0.1335773 0.2313312 0.1276072 0.1218784 0.2259860 0.1856685 0.2800267 0.0865152 0.1989720 0.3396536 0.0302716 0.3602156 0.2639625 0.0712786 0.3029127 0.2249695 0.2054087 0.3737411 0.0936611 0.0541972 0.0691969 0.0804117 0.1816518 0.0109628 0.1016780 0.0165440 0.1255762 0.0185249 0.2786766 0.1721575 0.0605655 0.0764075 0.0644035 0.0877295 0.3306039 0.0707020 0.0666829 0.2014708 0.1166320 0.1753896 0.2887571 0.0665419 0.1870069 0.0819808 0.1995746 0.0729157 0.2167659 0.1564273 0.2306333 0.2653853 0.4399962 0.1801661 0.4435154 0.0732697 0.4519350 
Perityle_ajoensis_204                      1.0009153 0.0825598 0.1289489 0.2055323 0.1257134 0.1052505 0.1719223 0.3255157 0.2116234 0.1397825 0.1177213 0.0276092 0.0000000 9.0000000 0.0158749 0.0836390 0.0542160 0.0644230 0.1936658 0.5388067 0.0605531 0.0165517 0.0087618 0.0095074 0.6248451 0.0171118 0.4387184 0.0774361 0.1416777 0.1024008 0.5333760 9.0000000 0.6337452 0.0138719 9.0000000 0.1733397 0.0136132 0.1965429 0.0816955 0.0285972 0.1131857 9.0000000 0.1658108 0.2040042 0.0165670 0.0202075 0.0109700 9.0000000 9.0000000 0.0097696 0.0580908 9.0000000 9.0000000 0.0133411 0.1864728 0.0462087 0.0458370 0.0120786 0.0141557 0.2790563 0.2759453 0.0456558 0.0113081 0.1253168 9.0000000 0.0760441 0.7115707 9.0000000 0.0266401 0.0061070 0.1256110 0.0137109 0.0614612 0.0830318 0.1710550 0.1725794 0.2969714 0.0427213 0.2370195 0.0120952 0.7637521 
Perityle_ambrosiifolia_67_green            0.3474271 0.1920336 0.3476934 0.2577840 0.2870878 0.1175235 0.2340395 0.0947597 0.2877501 0.3215781 0.3332820 0.2829033 9.0000000 0.0000000 0.1705392 0.4310648 0.2769525 0.1934597 0.3958207 0.1545161 0.0652339 0.2474570 0.1168961 0.0499212 0.2078109 0.9126248 0.2865589 0.4003736 0.1804938 0.1710661 0.2647391 0.2619706 0.2822982 0.2401794 0.1985656 0.3802088 9.0000000 0.3918722 0.3849645 0.9236192 0.5392344 0.0180567 0.2578680 0.4311287 0.2852749 0.1129553 0.2914456 0.2212058 0.2519646 9.0000000 0.2763918 0.4040490 0.2842060 0.1769682 0.2600492 0.2063867 0.1509743 0.2943796 0.2682505 0.0359929 0.3717895 0.2276096 0.2751411 0.6641032 0.2224008 0.3253170 0.3015073 0.1073708 0.6125941 0.2751071 0.2865259 0.8590661 0.3035108 0.1739743 0.3341898 0.3273723 0.6606378 0.2914228 1.1746551 0.2806582 0.2662800 
Perityle_angustifolia_13_Eagle_creek       0.3204372 0.0755827 0.1208201 0.1709421 0.1130090 0.0820332 0.1559229 0.1025325 0.1944146 0.1271167 0.1302854 0.0611913 0.0158749 0.1705392 0.0000000 0.1231800 0.0340397 0.0959358 0.2170762 0.0646164 0.1221841 0.0231301 0.0083035 0.1438921 0.2309622 0.0384748 0.0984936 0.0952002 0.1205737 0.1208733 0.1841278 0.1576046 0.1949545 0.0077709 0.1803496 0.1252528 0.0363860 0.1316788 0.2071333 0.0473669 0.2668661 0.1771794 0.1200401 0.1497060 0.0207013 0.0508153 0.0388105 0.0375869 0.1307410 0.0385807 0.0216916 0.0786253 0.0712144 0.0448432 0.1391088 0.0609994 0.0282604 0.0165125 0.0232186 0.0397275 0.2103538 0.0583486 0.0365631 0.2409392 0.0640742 0.1374098 0.1524781 0.0733474 0.1816277 0.0131772 0.1495044 0.0366829 0.1109964 0.1356128 0.1459343 0.1331533 0.3795648 0.1334070 0.1530611 0.0398081 0.3653233 
Perityle_batopilensis_97                   0.7763712 0.1159867 0.2957829 0.2566818 0.2336778 0.1430326 0.2310403 0.1300644 0.3269097 0.3061763 0.2780701 0.2647010 0.0836390 0.4310648 0.1231800 0.0000000 0.2289715 0.0935668 0.3051811 0.3062690 0.1944393 0.1957460 0.0502249 0.2401282 0.4680824 0.1844364 0.3696028 0.2688898 0.1522307 0.1357427 0.3185177 0.2972552 0.4254876 0.1955594 0.3516680 0.3519840 0.0945338 0.3736196 0.0670571 0.2283055 0.3037615 0.3794995 0.2959719 0.3639656 0.2142645 0.0837777 0.2346158 0.2738271 0.2825461 0.0891563 0.2290179 0.2914341 0.2936976 0.1574024 0.2547463 0.1166145 0.1254237 0.1844249 0.2177901 0.0970656 0.3570484 0.0561464 0.2264086 0.1823414 0.2495526 0.2303354 0.3995598 0.0142968 0.1804436 0.2013870 0.2264371 0.1869149 0.1856654 0.2308117 0.3083772 0.3244886 0.4307257 0.2500640 0.3720229 0.2361308 0.7118241 
Perityle_bisetosa_9                        0.4374464 0.0815692 0.1950006 0.2304861 0.1504444 0.0917396 0.1922972 0.1093410 0.2280591 0.2044982 0.1808832 0.0859853 0.0542160 0.2769525 0.0340397 0.2289715 0.0000000 0.0868291 0.3182420 0.1015867 0.1490757 0.0859647 0.0099402 0.2102235 0.2967125 0.1243168 0.0748459 0.1712227 0.1185970 0.1149030 0.1615218 0.1320059 0.2243912 0.0618472 0.1881759 0.3157385 0.0705456 0.3487790 0.2387537 0.1287946 0.2760836 0.2149777 0.1879587 0.3394066 0.0593701 0.0616410 0.0593872 0.0050282 0.1175626 0.0513707 0.0708451 0.0055178 0.0561458 0.0442599 0.2740484 0.0515250 0.0731209 0.0470970 0.0567691 0.0832334 0.3220022 0.0381976 0.0563104 0.2338052 0.0399793 0.1621935 0.2467183 0.0679879 0.1792044 0.0512555 0.1606542 0.1150851 0.1962998 0.1842757 0.2085967 0.2158400 0.4490559 0.1807943 0.4701103 0.0608081 0.4376348 
Perityle_californica_76_positas            0.2984321 0.1130322 0.1183257 0.2025304 0.1232126 0.1065736 0.1628699 0.1072537 0.1941856 0.1469010 0.1375150 0.1024101 0.0644230 0.1934597 0.0959358 0.0935668 0.0868291 0.0000000 0.1604547 0.1334776 0.1342773 0.1044882 0.0740864 0.1483058 0.2234506 0.0746489 0.1438363 0.1286231 0.1461741 0.1631116 0.0494928 0.0366762 0.2062724 0.0885306 0.2019847 0.1398981 0.0645017 0.1557895 0.2170789 0.0748934 0.3310146 0.1919351 0.1297317 0.1621247 0.0922527 0.1068874 0.0961670 0.1040547 0.1306127 0.0682623 0.0985959 0.0951264 0.1275354 0.0924471 0.1433907 0.1322150 0.1020005 0.0970507 0.0849948 0.1220919 0.1943776 0.1203300 0.0924888 0.3387999 0.1238034 0.1395948 0.1455528 0.0985969 0.2620233 0.0951378 0.1397724 0.0695596 0.1028317 0.1463340 0.1204542 0.1600502 0.4199318 0.1417353 0.2258499 0.0989816 0.3679686 
Perityle_canescens_77                      0.5837979 0.1379680 0.3358730 0.2759866 0.2926850 0.1692539 0.3439780 0.1130248 0.3042329 0.3486210 0.3405243 0.3291711 0.1936658 0.3958207 0.2170762 0.3051811 0.3182420 0.1604547 0.0000000 0.2618065 0.3500055 0.2797442 0.1112642 0.3550721 0.2761122 0.3749804 0.3375022 0.3624440 0.1780602 0.1970126 0.2783653 0.2774204 0.3517338 0.2684409 0.2742682 0.3605860 0.2123060 0.3293626 0.3113688 0.3891565 0.3407926 0.2646626 0.2567121 0.3720838 0.3164762 0.1827686 0.3253855 0.2831595 0.2716222 0.2183818 0.3220968 0.3692375 0.3047329 0.2225757 0.3210986 0.1678958 0.1730148 0.3183776 0.3137863 0.0950698 0.2779542 0.1774873 0.3177694 0.2597911 0.2668667 0.3437845 0.3561849 0.0918830 0.2593221 0.3066712 0.3037080 0.3173848 0.3359034 0.3019769 0.3328702 0.3062799 0.3265564 0.3237875 0.2198060 0.3263056 0.5424035 
Perityle_castillonii_96                    0.2477865 0.1209992 0.1810930 0.2653730 0.2032114 0.1011352 0.2486906 0.1136966 0.2577625 0.1835823 0.1991243 0.1615279 0.5388067 0.1545161 0.0646164 0.3062690 0.1015867 0.1334776 0.2618065 0.0000000 0.2050491 0.0839725 0.0613535 0.1727902 0.2235439 0.5498359 0.0796218 0.2060409 0.1831606 0.1431102 0.1491912 0.1598159 0.1544569 0.0748853 0.1719027 0.1898922 0.5472689 0.1781153 0.3630375 0.5717036 0.5008151 0.1567287 0.1851713 0.1971644 0.0777766 0.1389695 0.1035269 0.0570092 0.1195006 0.5162546 0.0781705 0.1262527 0.0708765 0.1138729 0.2320720 0.1032990 0.0843046 0.0757882 0.1000064 0.0903960 0.2731123 0.1557549 0.1004104 0.6504171 0.0668735 0.2180012 0.1464765 0.0513304 0.5683572 0.0738407 0.2017968 0.5328785 0.1457265 0.2485729 0.2017836 0.1863401 0.6176708 0.2445015 0.6133590 0.1014060 0.3042029 
Perityle_cernua_84                         0.4800211 0.1471903 0.2648310 0.2198193 0.2246572 0.1047710 0.2093632 0.1345428 0.2391278 0.2193554 0.2327012 0.1736111 0.0605531 0.0652339 0.1221841 0.1944393 0.1490757 0.1342773 0.3500055 0.2050491 0.0000000 0.1464643 0.0456596 0.0742419 0.2433512 0.0912447 0.3565449 0.1999812 0.1489612 0.1441735 0.3085717 0.2708149 0.2825618 0.1704130 0.1773001 0.3397301 0.0663346 0.3295452 0.2265950 0.1246013 0.2887901 0.0169202 0.2410720 0.3576101 0.1764426 0.0777878 0.1721563 0.2369054 0.2473936 0.0664849 0.1774867 0.3988590 0.3090014 0.1368066 0.2805669 0.1284612 0.1250128 0.1681523 0.1559310 0.0761383 0.3539134 0.0786304 0.1620204 0.2337957 0.2278046 0.2248180 0.3506394 0.1056179 0.1695460 0.1633311 0.2384498 0.0675151 0.2262260 0.1401051 0.2607351 0.2932068 0.4555206 0.1535815 0.4699496 0.1690770 0.4355837 
Perityle_cfvillosa_25_tin                  0.4096098 0.0949292 0.1860825 0.2179979 0.1509352 0.0983902 0.1916890 0.1066201 0.2280561 0.1972108 0.1770061 0.0861784 0.0165517 0.2474570 0.0231301 0.1957460 0.0859647 0.1044882 0.2797442 0.0839725 0.1464643 0.0000000 0.0128016 0.1758547 0.2732298 0.0459494 0.1072535 0.1424680 0.1382554 0.1272412 0.1883276 0.1622822 0.2441810 0.0265708 0.2024495 0.2266952 0.0182721 0.2729526 0.2031723 0.0493887 0.2656823 0.2325809 0.1890108 0.2594739 0.0231045 0.0527065 0.0445660 0.0394547 0.1415090 0.0118100 0.0524676 0.0775795 0.0787898 0.0396655 0.2385185 0.0830545 0.0416418 0.0135182 0.0350131 0.1130060 0.3034686 0.0753453 0.0458097 0.2370313 0.0663769 0.1594836 0.2434901 0.0840150 0.1415681 0.0069412 0.1716784 0.0264390 0.1449301 0.1512920 0.2152226 0.2191581 0.4497849 0.1602271 0.3290881 0.0441056 0.4511514 
Perityle_cinerea_113_Powell1310            0.2682160 0.0675361 0.0690820 0.1396202 0.0826043 0.0890033 0.1083284 0.0577194 0.1492855 0.0891888 0.0885712 0.0195991 0.0087618 0.1168961 0.0083035 0.0502249 0.0099402 0.0740864 0.1112642 0.0613535 0.0456596 0.0128016 0.0000000 0.0589395 0.1752099 0.0132069 0.0252301 0.0482405 0.1026605 0.0830235 0.1075883 0.0870701 0.1634465 0.0065473 0.1194554 0.0932618 0.0176742 0.1017573 0.0874773 0.0220840 0.3220451 0.1105004 0.0833926 0.1082517 0.0098036 0.0636564 0.0080801 0.0052846 0.0790558 0.0087948 0.0163238 0.0000010 0.0227762 0.0099995 0.1037687 0.0361118 0.0116419 0.0097397 0.0065747 0.0791569 0.1526373 0.0181019 0.0069059 0.2723678 0.0202777 0.0967465 0.1093438 0.0661208 0.1456047 0.0065710 0.0995793 0.0180030 0.0648134 0.0800192 0.0871910 0.1087555 0.3190818 0.0654898 0.1251259 0.0080414 0.2922608 
Perityle_coahuilensis_24                   0.4553460 0.1487012 0.2754424 0.2384425 0.2321421 0.0998242 0.2502038 0.0842245 0.2659723 0.2582022 0.2684439 0.2268889 0.0095074 0.0499212 0.1438921 0.2401282 0.2102235 0.1483058 0.3550721 0.1727902 0.0742419 0.1758547 0.0589395 0.0000000 0.2328181 0.1369603 0.3205341 0.2686771 0.1483784 0.1407022 0.2702382 0.2672156 0.2913487 0.1692670 0.1914628 0.3365888 0.0336543 0.3374536 0.2536064 0.1423429 0.2870556 0.0198560 0.2522561 0.3663995 0.2025803 0.0643827 0.2132973 0.2436554 0.2659334 0.0457658 0.2250629 0.4349949 0.3050532 0.1346794 0.2926677 0.1497503 0.1203064 0.2056838 0.2245647 0.0553630 0.4050147 0.1171803 0.2086965 0.2623932 0.2344209 0.2601810 0.3866419 0.1008085 0.1626648 0.2167619 0.2391320 0.1190789 0.2449766 0.1447753 0.2694090 0.3024140 0.3430644 0.2363330 0.4965531 0.2053496 0.4437912 
Perityle_cochisensis_44_cave_creek         0.3200859 0.2036049 0.3213558 0.3485289 0.3504346 0.1166381 0.3253997 0.1272063 0.3727474 0.2663270 0.3202694 0.3129367 0.6248451 0.2078109 0.2309622 0.4680824 0.2967125 0.2234506 0.2761122 0.2235439 0.2433512 0.2732298 0.1752099 0.2328181 0.0000000 0.7506006 0.2585020 0.3697629 0.2362165 0.2329374 0.2987464 0.2744377 0.2511397 0.2756840 0.0776588 0.3569873 0.5868618 0.3694086 0.4740956 0.6148748 0.5912425 0.1907449 0.3096021 0.3845155 0.2970934 0.1962174 0.2963949 0.2443772 0.2796058 0.6248451 0.2804862 0.3796285 0.2602718 0.1976901 0.2226993 0.1830169 0.2245992 0.2952871 0.2926534 0.0602982 0.3520924 0.2792970 0.2812231 0.6725791 0.2495238 0.3111681 0.2835477 0.1223285 0.6692698 0.2936701 0.3119796 0.7577079 0.3182984 0.2259755 0.3164954 0.3389165 0.7672540 0.1374196 0.9223109 0.2984991 0.1454091 
Perityle_congesta_202                      1.0110549 0.0986039 0.2048482 0.2188686 0.1441737 0.1052505 0.1701059 0.3786895 0.2424153 0.1979821 0.1784220 0.0741114 0.0171118 0.9126248 0.0384748 0.1844364 0.1243168 0.0746489 0.3749804 0.5498359 0.0912447 0.0459494 0.0132069 0.1369603 0.7506006 0.0000000 0.4069303 0.1736354 0.1633685 0.1526071 0.4972461 9.0000000 0.6266110 0.0377729 9.0000000 0.3805801 0.0248332 0.3502932 0.1459887 0.0269784 0.1640972 9.0000000 0.2528990 0.4153870 0.0465738 0.0283460 0.0448220 9.0000000 9.0000000 0.0262811 0.1045324 9.0000000 9.0000000 0.0231202 0.2784165 0.0919840 0.0661099 0.0344391 0.0362065 0.2790563 0.3667276 0.0765328 0.0279448 0.1309189 9.0000000 0.1075511 0.9697576 9.0000000 0.0465043 0.0325331 0.1882687 0.0289092 0.1756489 0.1109473 0.2009965 0.2829885 0.3540983 0.0790439 0.4307553 0.0280269 0.6569495 
Perityle_cordifolia_27                     0.3343298 0.1583126 0.2221283 0.3134078 0.2209237 0.1150916 0.2955576 0.0962477 0.2709933 0.2836127 0.2459745 0.1335773 0.4387184 0.2865589 0.0984936 0.3696028 0.0748459 0.1438363 0.3375022 0.0796218 0.3565449 0.1072535 0.0252301 0.3205341 0.2585020 0.4069303 0.0000000 0.1939399 0.1904618 0.2063520 0.1705507 0.1677321 0.2387881 0.0913025 0.2054584 0.2953093 0.5357113 0.3398263 0.3902963 0.2642072 0.4618744 0.2536508 0.1726940 0.3318829 0.0858770 0.1494746 0.0751917 0.0519389 0.1371286 0.4715239 0.0865584 0.0715249 0.0177607 0.0900624 0.3032959 0.1390790 0.1148475 0.0868328 0.0662411 0.1239445 0.3499163 0.1457349 0.0717798 0.6632156 0.0167416 0.2500175 0.2639239 0.0881187 0.5941639 0.0785110 0.2156755 0.4491731 0.2366470 0.2723632 0.2515113 0.2141383 0.6513907 0.2972855 0.7006666 0.0801521 0.3536364 
Perityle_cordifolia_68_tecolote            0.5496000 0.1355076 0.2825342 0.2752820 0.2004776 0.1222318 0.2420852 0.1357589 0.3129300 0.2930127 0.2479542 0.2313312 0.0774361 0.4003736 0.0952002 0.2688898 0.1712227 0.1286231 0.3624440 0.2060409 0.1999812 0.1424680 0.0482405 0.2686771 0.3697629 0.1736354 0.1939399 0.0000000 0.1600423 0.1695824 0.2227832 0.2041296 0.3368085 0.1413977 0.2299250 0.3752349 0.0929972 0.4310129 0.2665610 0.2200360 0.3421415 0.2914111 0.2738780 0.4158650 0.1704864 0.0946682 0.1786625 0.1024382 0.1838140 0.0865160 0.2004059 0.0675477 0.1258100 0.0763272 0.3380541 0.0653451 0.1134363 0.1564667 0.1659843 0.1039341 0.3749451 0.0692173 0.1724414 0.2354363 0.1263584 0.2048467 0.3382540 0.0448409 0.2143319 0.1743531 0.2192195 0.1611376 0.2665360 0.2319146 0.2582201 0.3112228 0.4854955 0.2790983 0.5230221 0.1686108 0.5517188 
Perityle_crassifolia_70_ventanas           0.3405804 0.1333290 0.1555804 0.2243292 0.1501993 0.1236387 0.1870516 0.1531567 0.2002032 0.1419927 0.1655404 0.1276072 0.1416777 0.1804938 0.1205737 0.1522307 0.1185970 0.1461741 0.1780602 0.1831606 0.1489612 0.1382554 0.1026605 0.1483784 0.2362165 0.1633685 0.1904618 0.1600423 0.0000000 0.0819941 0.1518126 0.0984879 0.1953489 0.1278037 0.1569311 0.1897288 0.1508876 0.1928095 0.2172714 0.1599312 0.3334930 0.1759825 0.1796570 0.1890814 0.1319138 0.1330839 0.1352269 0.1046193 0.1414711 0.1569384 0.1457772 0.1292223 0.1296191 0.1337120 0.1537841 0.1563367 0.1475511 0.1357750 0.1163295 0.1532464 0.2323760 0.1589361 0.1226650 0.3054829 0.1271276 0.1709886 0.1450332 0.1034072 0.2627015 0.1286916 0.0028041 0.1533925 0.1413013 0.1710922 0.1783207 0.1820324 0.4714126 0.1528388 0.2297466 0.1382252 0.4751771 
Perityle_crassifolia_74_playa_balandra     0.3471673 0.1393784 0.1593862 0.1810645 0.1455371 0.1206965 0.1667447 0.1083971 0.2075425 0.1132141 0.1582861 0.1218784 0.1024008 0.1710661 0.1208733 0.1357427 0.1149030 0.1631116 0.1970126 0.1431102 0.1441735 0.1272412 0.0830235 0.1407022 0.2329374 0.1526071 0.2063520 0.1695824 0.0819941 0.0000000 0.1668669 0.1400530 0.2248082 0.1194212 0.1789160 0.1546238 0.1100558 0.1976668 0.1709252 0.1585430 0.3646323 0.1848047 0.1432327 0.2006686 0.1178589 0.1230211 0.1300899 0.1270532 0.1606895 0.1132887 0.1344507 0.2007197 0.1491722 0.1190622 0.1524365 0.1610222 0.1206133 0.1250662 0.1045293 0.1263634 0.2341159 0.1337088 0.1235723 0.2890067 0.1498883 0.1695122 0.1560413 0.1018552 0.2117017 0.1233343 0.0835232 0.1080266 0.1444925 0.1340698 0.1621478 0.1886433 0.2961741 0.1525684 0.1828023 0.1280058 0.4626415 
Perityle_cuneata_34_cuneata_San_antonio    0.2840788 0.1494437 0.1702383 0.3145477 0.1691943 0.0784671 0.2753698 0.1125219 0.2577428 0.2378754 0.1867248 0.2259860 0.5333760 0.2647391 0.1841278 0.3185177 0.1615218 0.0494928 0.2783653 0.1491912 0.3085717 0.1883276 0.1075883 0.2702382 0.2987464 0.4972461 0.1705507 0.2227832 0.1518126 0.1668669 0.0000000 0.0431036 0.2139872 0.1714301 0.2338685 0.1926501 0.5193945 0.2405563 0.3810425 0.5101098 0.4577547 0.2413708 0.1865029 0.2427318 0.1740870 0.1733311 0.1745055 0.1356111 0.1565913 0.4930999 0.1750970 0.1614172 0.1652136 0.1594027 0.2513869 0.1701460 0.1858830 0.1837169 0.1669846 0.0994680 0.2933327 0.2262089 0.1630300 0.6739717 0.1492932 0.1935319 0.1997517 0.0745973 0.5777452 0.1861509 0.1422922 0.5114681 0.2130318 0.2762505 0.1905611 0.1729427 0.6811657 0.3177419 0.4853089 0.1730305 0.3326546 
Perityle_cuneata_4                         0.2691374 0.0943176 0.1412164 0.2572104 0.1344803 0.0777722 0.2397576 0.0794601 0.2242871 0.2005540 0.1632528 0.1856685 9.0000000 0.2619706 0.1576046 0.2972552 0.1320059 0.0366762 0.2774204 0.1598159 0.2708149 0.1622822 0.0870701 0.2672156 0.2744377 9.0000000 0.1677321 0.2041296 0.0984879 0.1400530 0.0431036 0.0000000 0.2110771 0.1453342 0.2383941 0.1625135 9.0000000 0.1971712 0.3786633 9.0000000 0.4590618 0.2416615 0.1469849 0.2171764 0.1581062 0.1392454 0.1516191 0.1385901 0.1559064 9.0000000 0.1604087 0.1510278 0.1621935 0.1306742 0.2531859 0.1420364 0.1491813 0.1679827 0.1451855 0.1214174 0.2540400 0.1518456 0.1427355 0.7260849 0.1501137 0.1715330 0.1792207 0.0809727 0.6237119 0.1693280 0.1232306 9.0000000 0.1851064 0.2667337 0.1614729 0.1556992 0.7129470 0.2816850 0.5063246 0.1455536 0.2962993 
Perityle_discoidea_81                      0.1230119 0.1323683 0.2814008 0.2920951 0.2753476 0.1194177 0.2638122 0.0939749 0.2795915 0.0356184 0.3205933 0.2800267 0.6337452 0.2822982 0.1949545 0.4254876 0.2243912 0.2062724 0.3517338 0.1544569 0.2825618 0.2441810 0.1634465 0.2913487 0.2511397 0.6266110 0.2387881 0.3368085 0.1953489 0.2248082 0.2139872 0.2110771 0.0000000 0.2214009 0.2081283 0.2741064 0.6501603 0.2972344 0.4065297 0.6583820 0.4773895 0.2574316 0.2453282 0.2808758 0.2285894 0.1679180 0.2365797 0.1914180 0.2026776 0.6747756 0.2322113 0.2564363 0.2395452 0.2223465 0.3222846 0.2492641 0.1893329 0.2424906 0.2303920 0.1095840 0.4290323 0.2421096 0.2362344 0.6760841 0.1924944 0.3234993 0.2850204 0.1038336 0.6151015 0.2284709 0.2568802 0.7146241 0.2500860 0.2705643 0.3442421 0.2494782 0.6686624 0.3362464 0.6787454 0.2461334 0.3113714 
Perityle_dissecta_201                      0.4167818 0.0827556 0.1860349 0.2017718 0.1564141 0.0891745 0.1757076 0.0999765 0.2111258 0.1948472 0.1876734 0.0865152 0.0138719 0.2401794 0.0077709 0.1955594 0.0618472 0.0885306 0.2684409 0.0748853 0.1704130 0.0265708 0.0065473 0.1692670 0.2756840 0.0377729 0.0913025 0.1413977 0.1278037 0.1194212 0.1714301 0.1453342 0.2214009 0.0000000 0.1936584 0.2732764 0.0240763 0.2883696 0.2176025 0.0451364 0.2757450 0.2147720 0.1827977 0.2990257 0.0237079 0.0389740 0.0439688 0.0364328 0.1268594 0.0261541 0.0508092 0.0700057 0.0684859 0.0307500 0.2149024 0.0515668 0.0346299 0.0213839 0.0297139 0.0740691 0.2955140 0.0546403 0.0354878 0.2143046 0.0500007 0.1606839 0.2203834 0.0652592 0.1466665 0.0174543 0.1558876 0.0416215 0.1255292 0.1655538 0.2131356 0.2142657 0.4181541 0.1595237 0.3543910 0.0401053 0.4434033 
Perityle_emoryi_47_punta_san_jose          0.2353355 0.1650998 0.2702281 0.2073196 0.2575672 0.1294440 0.2221196 0.0944633 0.3019484 0.1819915 0.2391504 0.1989720 9.0000000 0.1985656 0.1803496 0.3516680 0.1881759 0.2019847 0.2742682 0.1719027 0.1773001 0.2024495 0.1194554 0.1914628 0.0776588 9.0000000 0.2054584 0.2299250 0.1569311 0.1789160 0.2338685 0.2383941 0.2081283 0.1936584 0.0000000 0.2464203 9.0000000 0.2398566 0.4355698 9.0000000 0.5770659 0.1876268 0.2312176 0.2658936 0.1959593 0.1244056 0.2078711 0.1895293 0.2307526 9.0000000 0.1872920 0.3469899 0.2114235 0.1409103 0.1448840 0.1471472 0.1620159 0.2097537 0.1901909 0.0601564 0.2586256 0.2186290 0.1930134 0.6236690 0.2017254 0.2395499 0.2067979 0.0865103 0.6490864 0.1992485 0.2462215 9.0000000 0.2636170 0.2117327 0.2383559 0.2395461 0.6413705 0.0717369 0.4908963 0.2067829 0.0000010 
Perityle_feddemae_99                       0.4744215 0.1269195 0.2850398 0.2933552 0.2592479 0.1459558 0.2627441 0.1491468 0.2709533 0.3040501 0.2947324 0.3396536 0.1733397 0.3802088 0.1252528 0.3519840 0.3157385 0.1398981 0.3605860 0.1898922 0.3397301 0.2266952 0.0932618 0.3365888 0.3569873 0.3805801 0.2953093 0.3752349 0.1897288 0.1546238 0.1926501 0.1625135 0.2741064 0.2732764 0.2464203 0.0000000 0.1838293 0.2240669 0.3362717 0.4426977 0.1945415 0.3027678 0.0243338 0.2156623 0.3177264 0.1579421 0.3202790 0.1902900 0.0136492 0.1779919 0.3284197 0.1559579 0.2158172 0.1457401 0.3616584 0.1498677 0.1436426 0.3039617 0.3008371 0.1534217 0.3504451 0.1235084 0.3193498 0.2946248 0.1388278 0.2535911 0.2680909 0.1214760 0.3008276 0.3103402 0.2295637 0.3050750 0.2726448 0.2497703 0.2985186 0.1903725 0.5166882 0.3756453 0.5013752 0.3074480 0.6274238 
Perityle_fosteri_93                        0.9999072 0.0836544 0.1352220 0.2105136 0.1394634 0.2317704 0.1754594 0.3786895 0.2070100 0.1528909 0.1261992 0.0302716 0.0136132 9.0000000 0.0363860 0.0945338 0.0705456 0.0645017 0.2123060 0.5472689 0.0663346 0.0182721 0.0176742 0.0336543 0.5868618 0.0248332 0.5357113 0.0929972 0.1508876 0.1100558 0.5193945 9.0000000 0.6501603 0.0240763 9.0000000 0.1838293 0.0000000 0.2247533 0.0898513 0.0360974 0.1161302 9.0000000 0.1745818 0.2251969 0.0126700 0.0241188 0.0130822 9.0000000 9.0000000 0.0137376 0.0616049 9.0000000 9.0000000 0.0217423 0.2069228 0.0752485 0.0546622 0.0140862 0.0148234 0.2790563 0.2812462 0.0698370 0.0136682 0.1314585 9.0000000 0.0813317 0.9408496 9.0000000 0.0269364 0.0057895 0.1404101 0.0155972 0.0720860 0.0897823 0.1752868 0.1918625 0.3098855 0.0474471 0.2523851 0.0140499 0.7499589 
Perityle_gamon_221                         0.5430156 0.1333267 0.3568538 0.3276862 0.2822929 0.1785109 0.2665391 0.1799970 0.3115587 0.3623940 0.3566364 0.3602156 0.1965429 0.3918722 0.1316788 0.3736196 0.3487790 0.1557895 0.3293626 0.1781153 0.3295452 0.2729526 0.1017573 0.3374536 0.3694086 0.3502932 0.3398263 0.4310129 0.1928095 0.1976668 0.2405563 0.1971712 0.2972344 0.2883696 0.2398566 0.2240669 0.2247533 0.0000000 0.3376724 0.4291117 0.2888392 0.2902426 0.1875172 0.1527166 0.3240890 0.1687915 0.3405605 0.2053597 0.0487930 0.2017837 0.3422212 0.1482315 0.2343080 0.1732315 0.3395341 0.1604129 0.1629009 0.3047875 0.3449524 0.1829111 0.3614589 0.1608978 0.3570745 0.3143169 0.1464187 0.2943229 0.4036168 0.1007075 0.3225641 0.3146484 0.2284478 0.3279226 0.2650972 0.2636626 0.3488654 0.1862179 0.5729517 0.3868375 0.4928342 0.3281250 0.6240071 
Perityle_gentryi_8_san_francisco           0.6255505 0.1903754 0.2892408 0.3053789 0.2612310 0.1321603 0.2941234 0.1328582 0.3296517 0.2911372 0.2838690 0.2639625 0.0816955 0.3849645 0.2071333 0.0670571 0.2387537 0.2170789 0.3113688 0.3630375 0.2265950 0.2031723 0.0874773 0.2536064 0.4740956 0.1459887 0.3902963 0.2665610 0.2172714 0.1709252 0.3810425 0.3786633 0.4065297 0.2176025 0.4355698 0.3362717 0.0898513 0.3376724 0.0000000 0.1749936 0.3989299 0.3566932 0.3018875 0.3338255 0.2277488 0.1647679 0.2356384 0.3093676 0.3514404 0.0840644 0.2425510 0.2981394 0.3489011 0.1826614 0.2769977 0.1997722 0.1637610 0.2102230 0.2225526 0.0848849 0.3376457 0.0992003 0.2185821 0.2506266 0.3380421 0.2777050 0.4133251 0.1575075 0.2469752 0.2194916 0.2857754 0.1419132 0.2362464 0.1971987 0.3236023 0.3333753 0.5302565 0.2612169 0.3455422 0.2388928 0.6619657 
Perityle_gilensis_salensis_225             0.9941979 0.1065740 0.2294306 0.2252661 0.1850036 0.1052505 0.1867277 0.3255157 0.2540067 0.2329357 0.2187954 0.0712786 0.0285972 0.9236192 0.0473669 0.2283055 0.1287946 0.0748934 0.3891565 0.5717036 0.1246013 0.0493887 0.0220840 0.1423429 0.6148748 0.0269784 0.2642072 0.2200360 0.1599312 0.1585430 0.5101098 9.0000000 0.6583820 0.0451364 9.0000000 0.4426977 0.0360974 0.4291117 0.1749936 0.0000000 0.1761625 9.0000000 0.2753337 0.4507732 0.0475435 0.0359895 0.0512969 9.0000000 9.0000000 0.0302739 0.1045212 9.0000000 9.0000000 0.0312005 0.2851871 0.1040896 0.0757182 0.0347910 0.0455214 0.3570524 0.4009966 0.0846586 0.0359683 0.1420224 9.0000000 0.1267985 0.9252602 9.0000000 0.0583367 0.0285453 0.1837691 0.0449889 0.1896216 0.1147033 0.2209050 0.3155763 0.3488565 0.0769641 0.4584654 0.0534486 0.6288205 
Perityle_glaucescens_94                    0.6344839 0.2814105 0.3123904 0.3948168 0.3208510 0.9219144 0.3472917 0.8337078 0.3662203 0.3027018 0.3201335 0.3029127 0.1131857 0.5392344 0.2668661 0.3037615 0.2760836 0.3310146 0.3407926 0.5008151 0.2887901 0.2656823 0.3220451 0.2870556 0.5912425 0.1640972 0.4618744 0.3421415 0.3334930 0.3646323 0.4577547 0.4590618 0.4773895 0.2757450 0.5770659 0.1945415 0.1161302 0.2888392 0.3989299 0.1761625 0.0000000 0.5312635 0.2036135 0.2850379 0.2654909 0.2653297 0.2807282 0.4195021 0.3761326 0.0989919 0.2817687 0.8131124 0.4478070 0.2534629 0.3237998 0.3264314 0.2803905 0.2602969 0.2650032 0.7338563 0.3676240 0.3018241 0.2657343 0.2368197 0.4347657 0.3154736 0.4464068 0.8281517 0.2771543 0.2692435 0.3124227 0.1635732 0.2467780 0.2984079 0.3444070 0.2944125 0.5281277 0.3245406 0.1413714 0.2713888 0.7874617 
Perityle_gracilis_11                       0.3004394 0.1762477 0.2981002 0.2148649 0.2629091 0.1041301 0.2282802 0.0949604 0.2516489 0.2450877 0.2886579 0.2249695 9.0000000 0.0180567 0.1771794 0.3794995 0.2149777 0.1919351 0.2646626 0.1567287 0.0169202 0.2325809 0.1105004 0.0198560 0.1907449 9.0000000 0.2536508 0.2914111 0.1759825 0.1848047 0.2413708 0.2416615 0.2574316 0.2147720 0.1876268 0.3027678 9.0000000 0.2902426 0.3566932 9.0000000 0.5312635 0.0000000 0.2384237 0.3102298 0.2247155 0.1034240 0.2299551 0.2134903 0.2418640 9.0000000 0.2191382 0.3831339 0.2587457 0.1455160 0.2101605 0.1532179 0.1663956 0.2291545 0.2076109 0.0444167 0.3078585 0.1939255 0.2201782 0.7349042 0.1980006 0.2872241 0.2701341 0.1296612 0.5949758 0.2223064 0.2737153 9.0000000 0.2454187 0.1481000 0.2930853 0.2581676 0.6613867 0.2371666 0.6876755 0.2302823 0.2174633 
Perityle_harkerae_31                       0.4182860 0.1123320 0.1964311 0.2551170 0.2030488 0.1483729 0.2268333 0.1463322 0.2586601 0.2375439 0.2238550 0.2054087 0.1658108 0.2578680 0.1200401 0.2959719 0.1879587 0.1297317 0.2567121 0.1851713 0.2410720 0.1890108 0.0833926 0.2522561 0.3096021 0.2528990 0.1726940 0.2738780 0.1796570 0.1432327 0.1865029 0.1469849 0.2453282 0.1827977 0.2312176 0.0243338 0.1745818 0.1875172 0.3018875 0.2753337 0.2036135 0.2384237 0.0000000 0.1646418 0.1855438 0.1496900 0.1924315 0.1244769 0.0045709 0.1688141 0.2077298 0.1448080 0.1434041 0.1313469 0.2524971 0.1325973 0.1413832 0.1716508 0.1743233 0.1546278 0.2618879 0.1191697 0.1836130 0.2917568 0.1261984 0.2116957 0.1852290 0.1096298 0.2909327 0.1809648 0.1907003 0.2618296 0.1940285 0.2281604 0.2391991 0.1566293 0.5012634 0.2472843 0.2608234 0.1914741 0.5456485 
Perityle_hofmeisteria_4_nombre_de_dios     0.5520908 0.1314005 0.3481515 0.3306484 0.2631577 0.1878767 0.2752528 0.1891503 0.3289462 0.3644899 0.3519882 0.3737411 0.2040042 0.4311287 0.1497060 0.3639656 0.3394066 0.1621247 0.3720838 0.1971644 0.3576101 0.2594739 0.1082517 0.3663995 0.3845155 0.4153870 0.3318829 0.4158650 0.1890814 0.2006686 0.2427318 0.2171764 0.2808758 0.2990257 0.2658936 0.2156623 0.2251969 0.1527166 0.3338255 0.4507732 0.2850379 0.3102298 0.1646418 0.0000000 0.3526043 0.1687131 0.3530685 0.2020639 0.0488066 0.2024780 0.3742870 0.1496007 0.2428135 0.1752511 0.3857205 0.1713449 0.1845749 0.3364474 0.3463576 0.1906589 0.3764901 0.1649620 0.3611541 0.3121344 0.1566181 0.2999711 0.3996762 0.1049945 0.3074805 0.3495943 0.2371264 0.3577257 0.3076960 0.2937077 0.3410853 0.1783218 0.5874643 0.4225541 0.5272760 0.3314149 0.6733501 
Perityle_huecosensis_48                    0.4277731 0.0825948 0.1911611 0.2309602 0.1577608 0.1071512 0.2051989 0.1141842 0.2209347 0.2075354 0.1859108 0.0936611 0.0165670 0.2852749 0.0207013 0.2142645 0.0593701 0.0922527 0.3164762 0.0777766 0.1764426 0.0231045 0.0098036 0.2025803 0.2970934 0.0465738 0.0858770 0.1704864 0.1319138 0.1178589 0.1740870 0.1581062 0.2285894 0.0237079 0.1959593 0.3177264 0.0126700 0.3240890 0.2277488 0.0475435 0.2654909 0.2247155 0.1855438 0.3526043 0.0000000 0.0443351 0.0374326 0.0423498 0.1359758 0.0148918 0.0428639 0.0729810 0.0725422 0.0334280 0.2623856 0.0701498 0.0353798 0.0207188 0.0289695 0.0780756 0.3355314 0.0699014 0.0337304 0.2226535 0.0565019 0.1620942 0.2885562 0.0709504 0.1317429 0.0157871 0.1707546 0.0269784 0.1731525 0.1642161 0.2105953 0.2241817 0.4123978 0.1729087 0.4451850 0.0361117 0.4313623 
Perityle_incana_3_ucla                     0.3114671 0.1008525 0.1213327 0.1932736 0.1332451 0.1363554 0.1681143 0.1451279 0.1943235 0.1109056 0.1215907 0.0541972 0.0202075 0.1129553 0.0508153 0.0837777 0.0616410 0.1068874 0.1827686 0.1389695 0.0777878 0.0527065 0.0636564 0.0643827 0.1962174 0.0283460 0.1494746 0.0946682 0.1330839 0.1230211 0.1733311 0.1392454 0.1679180 0.0389740 0.1244056 0.1579421 0.0241188 0.1687915 0.1647679 0.0359895 0.2653297 0.1034240 0.1496900 0.1687131 0.0443351 0.0000000 0.0543218 0.0648792 0.1463121 0.0267203 0.0571789 0.1501588 0.1044257 0.0407198 0.1424279 0.0954295 0.0700576 0.0487266 0.0412882 0.0878808 0.1938243 0.0955038 0.0437890 0.2025171 0.1021568 0.1212285 0.1577278 0.1305306 0.1433094 0.0444826 0.1246798 0.0243988 0.0963922 0.1002328 0.1576515 0.1479303 0.4451032 0.0792079 0.2488839 0.0549539 0.4204675 
