85
Amauria_brandeegeana_62                    0.0000000 0.2490433 0.3912745 0.4306340 0.3266481 0.0632953 0.4406819 0.3819958 0.3228476 0.3848574 0.3429539 0.4649513 0.4218104 0.5381306 0.3882490 0.9029103 0.3641919 0.3302537 0.4141030 0.3416356 0.4808017 0.3581591 0.3157384 0.4063800 0.4242889 0.4028266 0.4031573 0.4158133 0.3650323 0.3384966 0.3220884 0.4265020 0.3260677 0.4147336 0.4903720 0.1315516 0.3761504 0.4707848 0.4008634 0.3957417 0.4119815 0.4601952 0.4223469 0.4221915 0.3898019 0.2229277 0.3728467 0.4054278 0.4185364 0.4165336 0.3835883 0.3483427 0.4069355 0.4319379 0.4480386 0.4017432 0.3576264 0.2062117 0.2871727 0.3993751 0.4155996 0.3772495 0.3546393 0.3664818 0.2718049 0.4015420 0.3609505 0.1186396 0.3780475 0.3664775 0.1262391 0.3934766 0.2185256 0.4028993 0.4199749 0.4198537 0.4143657 0.3336793 0.4248506 0.3939008 0.3702113 0.3249986 0.2317546 0.4077327 0.1536826 
Amauria_carterae_99_mesa                   0.2490433 0.0000000 0.1226422 0.3384304 0.1004587 0.0750194 0.2141397 0.1548536 0.1607221 0.1169280 0.1010539 0.3723803 0.3707049 0.3853624 0.3424683 0.9020454 0.1161776 0.0935136 0.3164081 0.2282271 0.2177355 0.1246401 0.2300471 0.1150249 0.3215313 0.1235197 0.1122605 0.1214635 0.1231901 0.1110346 0.2648914 0.3972080 0.0879768 0.2867085 0.3806063 0.2961494 0.1174549 0.3668965 0.1634743 0.1212906 0.1169290 0.3754175 0.1041493 0.3332248 0.1060043 0.3001855 0.1207118 0.1049211 0.1229411 0.1235718 0.1029479 0.1193538 0.1213243 0.3661416 0.1308771 0.3467929 0.1035502 0.0631571 0.0801848 0.1221317 0.1237307 0.1247727 0.2593310 0.3065704 0.0762010 0.1151634 0.1310055 0.3181707 0.1014948 0.1006752 0.0416401 0.1201113 0.3427186 0.3160152 0.1297680 0.3484407 0.3548859 0.2977740 0.1007446 0.1345843 0.1094281 0.1110272 0.0714939 0.1241443 0.3196199 
Amauria_rotundifolia_SRR9119150            0.3912745 0.1226422 0.0000000 0.4400506 0.0973164 0.2163721 0.2584135 0.1757360 0.2768472 0.0959841 0.1907327 0.5476681 0.5117450 0.5485317 0.5024265 0.7581057 0.1741708 0.1228220 0.4606836 0.2992371 0.2542916 0.1789932 0.3048994 0.1820094 0.4736238 0.1781373 0.1752877 0.2116806 0.1598956 0.1730399 0.3498959 0.6220901 0.1468234 0.4432329 0.5785258 0.4545980 0.1690511 0.5136535 0.1916634 0.1917538 0.1842937 0.5302667 0.1809232 0.4975700 0.1798894 0.4351922 0.1805885 0.1676962 0.1782743 0.1777748 0.1737384 0.1689304 0.1770206 0.5384607 0.2196628 0.4495024 0.1466499 0.1221324 0.1005675 0.1763301 0.1738517 0.1150234 0.3900287 0.3949252 0.1175679 0.1923081 0.1502854 0.4742257 0.2317448 0.1851394 0.0893183 0.1888516 0.5219226 0.4485886 0.1777012 0.4852430 0.5288411 0.3840508 0.2172992 0.2001110 0.2227321 0.1758722 0.0700021 0.1765925 0.4129781 
Conoclinium_coelestinum_SRR9119114         0.4306340 0.3384304 0.4400506 0.0000000 0.4391656 0.3043979 0.5298869 0.3323286 0.4903208 0.4246983 0.4491213 0.3839728 0.3990281 0.3605170 0.3858289 1.0424861 0.4135273 0.4403853 0.3841653 0.4102364 0.4330729 0.3978052 0.4095211 0.4176277 0.3839477 0.4339408 0.4109995 0.4444226 0.4636453 0.4456195 0.2416778 0.3786611 0.4491582 0.3728554 0.3647205 0.4242243 0.4015700 0.3736172 0.4946096 0.4313240 0.4243302 0.3775649 0.3906303 0.3781515 0.3935865 0.4406899 0.4214758 0.4102542 0.4316079 0.4259244 0.3907673 0.4405190 0.4225257 0.3781588 0.4214388 0.3379160 0.4589128 0.3341809 0.3521302 0.4326482 0.4364218 0.4760078 0.4679618 0.2787385 0.3752913 0.4238604 0.4690392 0.4092434 0.4606490 0.4144109 0.2455191 0.4304517 0.4371226 0.3676544 0.4309109 0.3921115 0.3833400 0.2609864 0.4721882 0.4636180 0.3905621 0.4195598 0.3506341 0.4417509 0.4060406 
Eutetras_palmeri_63                        0.3266481 0.1004587 0.0973164 0.4391656 0.0000000 0.2205338 0.1733975 0.1486823 0.2164417 0.0840713 0.1013658 0.5261084 0.5350680 0.4902349 0.5003027 0.7193304 0.1008044 0.0679431 0.4810046 0.2092758 0.1824525 0.1065400 0.3003810 0.1079871 0.4786437 0.1120298 0.1001571 0.1301418 0.0788824 0.1164466 0.3346936 0.5717697 0.0778567 0.4407715 0.5268599 0.3835482 0.0782472 0.5113664 0.1338560 0.1151414 0.1059838 0.5372358 0.0583121 0.5003747 0.0603961 0.3682642 0.1087764 0.0928762 0.1102629 0.1091858 0.0598330 0.1085424 0.1034303 0.5048400 0.1287209 0.4426337 0.0742536 0.0948970 0.0814862 0.1110527 0.1069732 0.0731617 0.3469438 0.3831818 0.0870816 0.1121535 0.0846795 0.3807993 0.1345793 0.1041121 0.0672090 0.1140269 0.4271997 0.4660638 0.1123852 0.4964352 0.5086884 0.3669957 0.1551054 0.0747981 0.1143600 0.0987006 0.0567395 0.1121400 0.3762229 
Eutetras_pringlei_149_quer                 0.0632953 0.0750194 0.2163721 0.3043979 0.2205338 0.0000000 0.2503715 0.2994816 0.2356731 0.2316098 0.2165698 0.3301933 0.3192627 0.2872344 0.2553072 0.7739772 0.1899804 0.1853328 0.2979162 0.1780123 0.1880771 0.0959978 0.5358562 0.1864799 0.3139315 0.1962697 0.1889168 0.1900278 0.2227292 0.2213448 0.2949183 0.3207192 0.2046078 0.3963318 0.3101318 0.0693048 0.2447987 0.3081315 0.2488272 0.2036125 0.1870131 0.3010941 0.2325675 0.2807841 0.2347857 0.0713287 0.1780119 0.1558187 0.1988012 0.1734101 0.2294804 0.1800701 0.1638677 0.2973872 0.2061289 0.3191403 0.2160933 0.1667477 0.1700979 0.1865134 0.1889978 0.2178399 0.2113527 0.3377489 0.1793882 0.1875823 0.2299057 0.0748896 0.2408568 0.2069456 0.0826710 0.1835139 0.0600130 0.3267663 0.1995982 0.3310845 0.2774645 0.3330512 0.2448483 0.2543616 0.1674602 0.1741790 0.1698899 0.2023808 0.0471315 
Eutrochium_fistulosum_SRR9119106           0.4406819 0.2141397 0.2584135 0.5298869 0.1733975 0.2503715 0.0000000 0.3220112 0.2374534 0.1996991 0.1456492 0.6270501 0.5957391 0.5064962 0.5617198 0.7684330 0.1904115 0.1709685 0.5688913 0.3676889 0.2920775 0.2000579 0.3623439 0.2082921 0.5660855 0.1957039 0.1900646 0.2135850 0.1933243 0.1845598 0.4306214 0.6531167 0.1802288 0.5380486 0.6096182 0.4359286 0.1952756 0.5868123 0.2412236 0.2077601 0.1956882 0.6045119 0.1889554 0.5863274 0.1946496 0.4111781 0.1977832 0.1837959 0.1955343 0.1948510 0.1910827 0.1941417 0.1918725 0.6157792 0.2011413 0.5664565 0.1744487 0.1994240 0.1904181 0.1925132 0.1921408 0.2103117 0.4780446 0.4660803 0.1978362 0.1922932 0.1980234 0.4098816 0.1676686 0.1385632 0.1949962 0.1946431 0.4676900 0.5687499 0.1962893 0.5869948 0.6118719 0.4567285 0.1965884 0.2058938 0.1866333 0.1881805 0.1912436 0.1977401 0.4273558 
Galeana_pratensis_104_mex                  0.3819958 0.1548536 0.1757360 0.3323286 0.1486823 0.2994816 0.3220112 0.0000000 0.2155251 0.1636894 0.1955604 0.3436264 0.3413534 0.4250672 0.3420562 0.8589975 0.1654884 0.1650433 0.3142982 0.3266834 0.2515696 0.1532225 0.2602095 0.1746694 0.3157422 0.1755664 0.1665645 0.1813286 0.1655975 0.1914056 0.2562123 0.3616808 0.1617641 0.2997447 0.3513100 0.3689083 0.1688913 0.3314042 0.1919019 0.1757084 0.1689581 0.3439402 0.1580123 0.3091164 0.1608609 0.4038203 0.1690802 0.1442376 0.1726889 0.1720542 0.1598865 0.1760930 0.1704844 0.3271061 0.1815754 0.3338258 0.1524613 0.1819731 0.1449875 0.1731291 0.1760090 0.1557931 0.3514321 0.3033023 0.1499794 0.1753475 0.1665039 0.3772042 0.2013691 0.1687579 0.1334796 0.1760841 0.4314122 0.3196614 0.1799872 0.3227690 0.3327764 0.2892161 0.1931471 0.1929378 0.1546338 0.1676088 0.1549721 0.1778884 0.4027734 
Helianthus_annuus_SRR9119062               0.3228476 0.1607221 0.2768472 0.4903208 0.2164417 0.2356731 0.2374534 0.2155251 0.0000000 0.2276253 0.2063443 0.6183568 0.5732188 0.4770437 0.5660845 0.7941835 0.2099296 0.2077667 0.5723919 0.3058203 0.2807740 0.2107024 0.3146934 0.2233706 0.5484293 0.2169742 0.2125888 0.2365731 0.2229597 0.1791736 0.3734431 0.6310222 0.2113482 0.5225340 0.6008089 0.3426655 0.1894480 0.5705909 0.2672756 0.2295622 0.2013322 0.5933391 0.1794677 0.5683174 0.1838217 0.3981752 0.2128068 0.2115278 0.2153884 0.2158447 0.1737619 0.2209012 0.2114646 0.6125989 0.2246183 0.5315015 0.2302199 0.1316259 0.1458773 0.2119403 0.2075137 0.2407901 0.4347483 0.4149502 0.1599986 0.2072519 0.2253704 0.3621036 0.2046686 0.1799619 0.1006060 0.2185828 0.4015484 0.5069329 0.2144231 0.5728077 0.6022606 0.4099540 0.2204970 0.2359458 0.2181380 0.2023059 0.1338906 0.2127107 0.3851948 
Lycapsus_tenuifolius_17                    0.3848574 0.1169280 0.0959841 0.4246983 0.0840713 0.2316098 0.1996991 0.1636894 0.2276253 0.0000000 0.1515683 0.5927512 0.5594213 0.4858178 0.5424773 0.7194053 0.1206868 0.0771184 0.5126985 0.2773141 0.2574404 0.1302063 0.2953908 0.1348706 0.5131510 0.1325796 0.1254271 0.1586570 0.1230573 0.1378813 0.3421284 0.6819959 0.1157389 0.4662011 0.6220514 0.4568006 0.1314516 0.5964457 0.1672357 0.1516401 0.1257005 0.5843599 0.1508804 0.5974183 0.1478222 0.3996842 0.1232120 0.1521295 0.1343062 0.1319580 0.1440281 0.1238899 0.1321490 0.5742626 0.1813530 0.5042338 0.1239479 0.1099299 0.0871399 0.1322357 0.1243470 0.1280131 0.3695648 0.3857048 0.1044105 0.1350095 0.1274141 0.4158288 0.1675469 0.1477355 0.0781871 0.1369436 0.4799608 0.4942888 0.1314426 0.5414574 0.5642102 0.3787921 0.1967821 0.1532873 0.1813269 0.1183079 0.0656490 0.1345170 0.4053097 
Pericome_caudata_50_silver                 0.3429539 0.1010539 0.1907327 0.4491213 0.1013658 0.2165698 0.1456492 0.1955604 0.2063443 0.1515683 0.0000000 0.5454181 0.5172861 0.4358642 0.4960076 0.7205722 0.1214921 0.1076596 0.4878278 0.2546384 0.2624277 0.1314719 0.2947901 0.1517984 0.4858359 0.1321296 0.1389995 0.1566482 0.1395381 0.1097694 0.3545890 0.6203569 0.1276359 0.4517073 0.5691698 0.4112244 0.1873228 0.5158425 0.2205842 0.1411867 0.1333682 0.5370289 0.1809418 0.5200056 0.1833734 0.3562607 0.1342548 0.1285506 0.1462146 0.1305901 0.1842352 0.1276312 0.1280868 0.5401595 0.1747371 0.4648112 0.1342957 0.0931061 0.0999410 0.1309265 0.1287793 0.1591598 0.3960352 0.4076667 0.1078505 0.1412961 0.1265900 0.3781342 0.0930173 0.0552652 0.0695735 0.1350681 0.4257861 0.4712197 0.1439044 0.5034935 0.5505308 0.3775811 0.0956468 0.1679409 0.1460883 0.1181293 0.1025149 0.1420638 0.3496803 
Perityle_aglossa_84_dead_horse             0.4649513 0.3723803 0.5476681 0.3839728 0.5261084 0.3301933 0.6270501 0.3436264 0.6183568 0.5927512 0.5454181 0.0000000 0.0469484 0.0983338 0.0467533 1.0706773 0.5420801 0.5425764 0.0509355 0.4581713 0.6223755 0.5652190 0.4608353 0.5676731 0.0234514 0.5675536 0.5742022 0.5490403 0.5992441 0.5292358 0.0818285 0.2224955 0.5562149 0.0870136 0.1009203 0.5103355 0.5285803 0.0849535 0.5815759 0.5524105 0.5617774 0.0416389 0.5034167 0.0897489 0.5040214 0.5795110 0.5336697 0.5213924 0.5714551 0.5734450 0.5045707 0.5584050 0.5763907 0.0298563 0.5890647 0.0448576 0.5566498 0.3361150 0.3690348 0.5647120 0.5721889 0.5247258 0.5582663 0.0670649 0.3684302 0.5816722 0.5978230 0.5347720 0.5562604 0.5487439 0.2532426 0.5629552 0.5924038 0.0925941 0.5770224 0.0512348 0.0413734 0.0436358 0.5866893 0.6014680 0.5810215 0.5427841 0.3083489 0.5774550 0.5340776 
Perityle_ajoensis_204                      0.4218104 0.3707049 0.5117450 0.3990281 0.5350680 0.3192627 0.5957391 0.3413534 0.5732188 0.5594213 0.5172861 0.0469484 0.0000000 0.0744166 0.0190294 1.0651827 0.5211374 0.5198939 0.0611856 0.4491034 0.5574551 0.5260235 0.4415098 0.5234825 0.0314476 0.5402921 0.5385882 0.5010950 0.5432299 0.4964627 0.0793109 0.1236914 0.5285571 0.0885415 0.0348108 0.4870261 0.4559272 0.0405830 0.5534428 0.5215027 0.5150990 0.0421429 0.4424356 0.0266894 0.4429100 0.5283571 0.5089125 0.4873215 0.5354065 0.5353220 0.4433146 0.5436962 0.5394982 0.0318272 0.5366416 0.0121764 0.5390829 0.3376740 0.3670148 0.5397041 0.5336294 0.5179880 0.5109973 0.0667336 0.3555858 0.5394305 0.5582440 0.4952971 0.5212149 0.5226970 0.2555153 0.5352510 0.5384368 0.0939006 0.5463513 0.0423794 0.0128149 0.0323131 0.5476456 0.5448031 0.5317020 0.5156380 0.2982833 0.5448149 0.5034911 
Perityle_ambrosiifolia_67_green            0.5381306 0.3853624 0.5485317 0.3605170 0.4902349 0.2872344 0.5064962 0.4250672 0.4770437 0.4858178 0.4358642 0.0983338 0.0744166 0.0000000 0.0861688 1.1081047 0.4514889 0.4707973 0.0421007 0.5754270 0.6209530 0.4650106 0.5008040 0.4748117 0.0256941 0.4676566 0.4628764 0.4481702 0.4656137 0.4276637 0.0778825 0.1492764 0.4573752 0.0736077 0.0863838 0.5445825 0.3995955 0.0620648 0.5630695 0.4694436 0.4445074 0.0744613 0.3871748 0.0746203 0.3934863 0.5195597 0.4419701 0.4351689 0.4631256 0.4606594 0.3953409 0.4783390 0.4666935 0.0892096 0.4764517 0.0988083 0.4596681 0.3300027 0.4046491 0.4717516 0.4690230 0.5524812 0.6100387 0.0607871 0.3606928 0.4648448 0.4779619 0.5244463 0.4356155 0.4389492 0.2585576 0.4673303 0.5729166 0.1025360 0.4746459 0.0706136 0.0991843 0.0297213 0.4620164 0.4721383 0.4470996 0.4494239 0.3037044 0.4741211 0.6144338 
Perityle_angustifolia_13_Eagle_creek       0.3882490 0.3424683 0.5024265 0.3858289 0.5003027 0.2553072 0.5617198 0.3420562 0.5660845 0.5424773 0.4960076 0.0467533 0.0190294 0.0861688 0.0000000 1.0206448 0.5004817 0.4954435 0.0526600 0.4508670 0.5209296 0.5163621 0.4569736 0.5099279 0.0243034 0.5278756 0.5150288 0.4915568 0.5173467 0.4836133 0.0711463 0.1270763 0.5168766 0.0846949 0.0333684 0.4520260 0.4585716 0.0381882 0.5358772 0.5060006 0.4997081 0.0394824 0.4388846 0.0227836 0.4393653 0.4908183 0.4878710 0.4778632 0.5188200 0.5222580 0.4397237 0.5250133 0.5262717 0.0316716 0.5176464 0.0039756 0.5136189 0.3114269 0.3368455 0.5228857 0.5231032 0.4866808 0.5074825 0.0591143 0.3271470 0.5252545 0.5380362 0.4806863 0.5117026 0.5021108 0.2202077 0.5202849 0.5224216 0.0907655 0.5279860 0.0355736 0.0126864 0.0258632 0.5395912 0.5205021 0.5160392 0.5078945 0.2672545 0.5262529 0.4685938 
Perityle_batopilensis_97                   0.9029103 0.9020454 0.7581057 1.0424861 0.7193304 0.7739772 0.7684330 0.8589975 0.7941835 0.7194053 0.7205722 1.0706773 1.0651827 1.1081047 1.0206448 0.0000000 0.7069961 0.7475079 1.0813419 0.8368110 0.7498666 0.7148836 0.8499732 0.6836734 1.0705620 0.7108316 0.6918786 0.7557374 0.7697544 0.7993528 0.9966374 1.0985145 0.7703847 1.1271908 1.1045240 0.8221371 0.8144419 1.0396367 0.7913578 0.7417253 0.6918232 1.0671435 0.7872615 1.0036683 0.7856599 0.8406950 0.7299316 0.6783985 0.7102662 0.7056891 0.7807502 0.6947044 0.6893002 1.0268464 0.7231477 1.0689662 0.7819136 0.7701780 0.7408683 0.7039343 0.7015156 0.8257983 0.8812947 1.0234163 0.7405736 0.6966083 0.7641381 0.8459879 0.7291852 0.7367777 0.8198675 0.7342215 0.8798648 1.1160801 0.7067104 1.0121474 1.0237848 1.0192517 0.8173435 0.7993567 0.6766774 0.6904259 0.8231173 0.7084005 0.8823173 
Perityle_bisetosa_9                        0.3641919 0.1161776 0.1741708 0.4135273 0.1008044 0.1899804 0.1904115 0.1654884 0.2099296 0.1206868 0.1214921 0.5420801 0.5211374 0.4514889 0.5004817 0.7069961 0.0000000 0.1146977 0.4579451 0.2120142 0.1224499 0.0201642 0.2887321 0.0420242 0.4744629 0.0191053 0.0232578 0.0513511 0.1279797 0.0934189 0.3366684 0.6173995 0.1175305 0.4167762 0.5532343 0.4444051 0.1174529 0.5108916 0.1706652 0.0481224 0.0193225 0.5402730 0.1126093 0.5000086 0.1158217 0.3830378 0.0171792 0.0159423 0.0218079 0.0190316 0.1133508 0.0165651 0.0181524 0.5363797 0.0617841 0.4550538 0.1251104 0.0234709 0.0101304 0.0173311 0.0146148 0.1399488 0.3943558 0.3749913 0.0320879 0.0227398 0.1304403 0.4195825 0.1496893 0.1078812 0.0000010 0.0207831 0.4733759 0.4393416 0.0173876 0.4837786 0.5388474 0.3510143 0.1428991 0.1579574 0.0474940 0.0217312 0.0945641 0.0182726 0.4111469 
Perityle_californica_76_positas            0.3302537 0.0935136 0.1228220 0.4403853 0.0679431 0.1853328 0.1709685 0.1650433 0.2077667 0.0771184 0.1076596 0.5425764 0.5198939 0.4707973 0.4954435 0.7475079 0.1146977 0.0000000 0.4761656 0.3256422 0.2005695 0.1210567 0.2952307 0.1422549 0.4820080 0.1233169 0.1362428 0.1554695 0.0983206 0.1129125 0.3444903 0.5712185 0.0739988 0.4588047 0.5376671 0.3687775 0.0898008 0.5042123 0.1880921 0.1327390 0.1196973 0.5282486 0.0875360 0.5141064 0.0882665 0.3558863 0.1248773 0.1066484 0.1260412 0.1217972 0.0838732 0.1197102 0.1167322 0.5321209 0.1399850 0.4636719 0.0845738 0.0927028 0.0716801 0.1215746 0.1196452 0.0943041 0.3955820 0.3926694 0.0952863 0.1231617 0.1045766 0.3889381 0.1323495 0.1026369 0.0570706 0.1298791 0.4305246 0.4625132 0.1215323 0.5042381 0.5512531 0.3617272 0.1618356 0.0970255 0.1153120 0.1224775 0.0753890 0.1218274 0.3642602 
Perityle_canescens_77                      0.4141030 0.3164081 0.4606836 0.3841653 0.4810046 0.2979162 0.5688913 0.3142982 0.5723919 0.5126985 0.4878278 0.0509355 0.0611856 0.0421007 0.0526600 1.0813419 0.4579451 0.4761656 0.0000000 0.4116990 0.4882966 0.4713045 0.4128974 0.4641264 0.0409329 0.4866647 0.4897688 0.4588637 0.4983825 0.4641865 0.0658114 0.0842034 0.5060965 0.0688813 0.0347062 0.4726222 0.4110525 0.0441199 0.4893716 0.4715527 0.4582894 0.0407683 0.4018729 0.0481548 0.4026024 0.4747573 0.4380251 0.4275020 0.4754352 0.4775937 0.4024041 0.4865955 0.4797388 0.0399699 0.4833713 0.0522793 0.4771199 0.3277838 0.3605335 0.4819088 0.4813595 0.4828862 0.4852982 0.0670199 0.3593999 0.4906692 0.5125425 0.4472402 0.4952169 0.4797520 0.2424323 0.4752924 0.4972236 0.0747873 0.4848065 0.0569974 0.0517360 0.0520536 0.5230109 0.5035364 0.4696017 0.4757635 0.2696033 0.4901005 0.4693910 
Perityle_castillonii_96                    0.3416356 0.2282271 0.2992371 0.4102364 0.2092758 0.1780123 0.3676889 0.3266834 0.3058203 0.2773141 0.2546384 0.4581713 0.4491034 0.5754270 0.4508670 0.8368110 0.2120142 0.3256422 0.4116990 0.0000000 0.2425356 0.2356011 0.2833946 0.2499052 0.4230428 0.2228922 0.2365213 0.2602006 0.2697306 0.2722237 0.3290836 0.5514559 0.2534035 0.3855968 0.5003682 0.3854626 0.3093055 0.4652153 0.2961638 0.2421682 0.2245021 0.4594777 0.3134256 0.4897950 0.3156429 0.4306505 0.2189097 0.2294427 0.2233127 0.2235400 0.2973837 0.1786661 0.2185854 0.4669369 0.2474135 0.4406132 0.2496627 0.0232942 0.0781445 0.2166312 0.2371505 0.2429228 0.4195233 0.3615498 0.0683586 0.2353310 0.2621828 0.4110377 0.2805482 0.2534611 0.0000010 0.2236858 0.4564599 0.4259550 0.2347979 0.4374999 0.4766064 0.3498136 0.3132554 0.3139725 0.2041214 0.1995556 0.1047525 0.2189505 0.3707222 
Perityle_cernua_84                         0.4808017 0.2177355 0.2542916 0.4330729 0.1824525 0.1880771 0.2920775 0.2515696 0.2807740 0.2574404 0.2624277 0.6223755 0.5574551 0.6209530 0.5209296 0.7498666 0.1224499 0.2005695 0.4882966 0.2425356 0.0000000 0.1510023 0.3247477 0.2453711 0.5095299 0.1597760 0.2052871 0.2977841 0.2132753 0.1915560 0.3491820 0.8550088 0.2120299 0.4539289 0.7731289 0.5198848 0.2424593 0.7065460 0.2425860 0.1786712 0.2022457 0.5832087 0.2714919 0.7011196 0.2613438 0.5158107 0.1414511 0.2499710 0.1870547 0.1821932 0.2567625 0.0846589 0.1870084 0.5683223 0.2065848 0.4722583 0.2109343 0.0263959 0.0287050 0.1669793 0.2253790 0.2402480 0.4112291 0.3870718 0.0206461 0.2344217 0.2104981 0.5100851 0.2536011 0.2497268 0.0026407 0.1647535 0.6465794 0.4774999 0.2152753 0.5242938 0.5517575 0.3722098 0.3269996 0.2602346 0.1881025 0.1021457 0.1004904 0.1709571 0.4501985 
Perityle_cfvillosa_25_tin                  0.3581591 0.1246401 0.1789932 0.3978052 0.1065400 0.0959978 0.2000579 0.1532225 0.2107024 0.1302063 0.1314719 0.5652190 0.5260235 0.4650106 0.5163621 0.7148836 0.0201642 0.1210567 0.4713045 0.2356011 0.1510023 0.0000000 0.3091726 0.0527045 0.4868967 0.0121553 0.0317322 0.0532240 0.1398156 0.0955149 0.3275403 0.6447951 0.1176077 0.4160847 0.5916791 0.4115101 0.1348398 0.5371087 0.1853336 0.0582155 0.0257575 0.5475517 0.1337323 0.5289035 0.1355369 0.3663784 0.0261388 0.0377296 0.0156266 0.0129291 0.1371931 0.0251587 0.0201688 0.5510523 0.0718406 0.4697974 0.1313378 0.0242931 0.0143684 0.0121279 0.0026089 0.1485484 0.4033542 0.3476481 0.0245198 0.0348150 0.1368614 0.4002027 0.1564816 0.1222876 0.0053190 0.0280075 0.4477328 0.4625946 0.0121731 0.5049676 0.5488032 0.3468648 0.1681696 0.1639827 0.0608049 0.0257172 0.0983762 0.0121981 0.3898264 
Perityle_cinerea_113_Powell1310            0.3157384 0.2300471 0.3048994 0.4095211 0.3003810 0.5358562 0.3623439 0.2602095 0.3146934 0.2953908 0.2947901 0.4608353 0.4415098 0.5008040 0.4569736 0.8499732 0.2887321 0.2952307 0.4128974 0.2833946 0.3247477 0.3091726 0.0000000 0.3079545 0.4176287 0.3106960 0.3070982 0.2974891 0.3357955 0.3056820 0.3124219 0.5239802 0.2853223 0.3735149 0.5134137 0.3063921 0.3007979 0.4179706 0.3628763 0.3047635 0.2941247 0.4866044 0.3066627 0.4471386 0.3116232 0.3469941 0.2918827 0.2826231 0.3055525 0.3091726 0.3094951 0.3107985 0.2971562 0.4554116 0.3064561 0.4579371 0.3408772 0.1700347 0.2727101 0.2977858 0.3056226 0.2978562 0.3385817 0.3748471 0.2253678 0.2892165 0.3397822 0.3472967 0.3061474 0.2910016 0.0782124 0.2940465 0.3900341 0.4145136 0.3106960 0.4405247 0.4642161 0.3276131 0.3113255 0.3406501 0.3004922 0.2860489 0.1325360 0.2940646 0.3563734 
Perityle_coahuilensis_24                   0.4063800 0.1150249 0.1820094 0.4176277 0.1079871 0.1864799 0.2082921 0.1746694 0.2233706 0.1348706 0.1517984 0.5676731 0.5234825 0.4748117 0.5099279 0.6836734 0.0420242 0.1422549 0.4641264 0.2499052 0.2453711 0.0527045 0.3079545 0.0000000 0.4816774 0.0505895 0.0625362 0.1105888 0.1548013 0.1212469 0.3342271 0.7105878 0.1401280 0.4406329 0.6470945 0.4444402 0.1619821 0.6139853 0.1837038 0.1015063 0.0242134 0.5541034 0.1784334 0.6124811 0.1745613 0.3648388 0.0407323 0.1359915 0.0533314 0.0494432 0.1691979 0.0338506 0.0466769 0.5559774 0.1178899 0.4663770 0.1365797 0.0301487 0.0200633 0.0489007 0.0452250 0.1586748 0.4138749 0.3620921 0.0358523 0.0518834 0.1573510 0.3998522 0.1731574 0.1408921 0.0160573 0.0553990 0.4750636 0.4718690 0.0448515 0.5053603 0.5572527 0.3489626 0.1953278 0.1870094 0.1008589 0.0526138 0.0997529 0.0486495 0.4146243 
Perityle_cochisensis_44_cave_creek         0.4242889 0.3215313 0.4736238 0.3839477 0.4786437 0.3139315 0.5660855 0.3157422 0.5484293 0.5131510 0.4858359 0.0234514 0.0314476 0.0256941 0.0243034 1.0705620 0.4744629 0.4820080 0.0409329 0.4230428 0.5095299 0.4868967 0.4176287 0.4816774 0.0000000 0.4984601 0.4939182 0.4668383 0.4986710 0.4705273 0.0695104 0.0849593 0.4996092 0.0737112 0.0093308 0.4698538 0.4133030 0.0184024 0.4930519 0.4724080 0.4751826 0.0247540 0.3969935 0.0216286 0.3977099 0.4943617 0.4572024 0.4258477 0.4911187 0.4897108 0.3995703 0.4935064 0.4881679 0.0144302 0.4927424 0.0264044 0.4827883 0.3261996 0.3593577 0.4938658 0.4916389 0.4816667 0.4952644 0.0499839 0.3610526 0.4964543 0.5154688 0.4583223 0.4937779 0.4834848 0.2463543 0.4845974 0.4980428 0.0835207 0.4976299 0.0289050 0.0238840 0.0252408 0.5290738 0.5138946 0.4873628 0.4811809 0.2870400 0.4973910 0.5008710 
Perityle_congesta_202                      0.4028266 0.1235197 0.1781373 0.4339408 0.1120298 0.1962697 0.1957039 0.1755664 0.2169742 0.1325796 0.1321296 0.5675536 0.5402921 0.4676566 0.5278756 0.7108316 0.0191053 0.1233169 0.4866647 0.2228922 0.1597760 0.0121553 0.3106960 0.0505895 0.4984601 0.0000000 0.0404820 0.0544148 0.1345321 0.0979661 0.3492150 0.6627056 0.1283457 0.4486704 0.6008628 0.4563120 0.1411574 0.5730655 0.1953304 0.0689341 0.0237525 0.5601426 0.1546781 0.5803994 0.1505830 0.3793405 0.0239944 0.0621969 0.0059222 0.0029912 0.1533828 0.0238399 0.0079228 0.5630998 0.0895032 0.4872576 0.1398339 0.0262002 0.0150339 0.0000010 0.0023214 0.1567855 0.4185882 0.3893193 0.0281396 0.0320047 0.1434488 0.4175507 0.1510171 0.1229563 0.0078755 0.0282170 0.4814772 0.4825369 0.0037203 0.5220122 0.5867719 0.3688688 0.1698695 0.1605460 0.0749816 0.0208862 0.1024098 0.0007417 0.4038449 
Perityle_cordifolia_27                     0.4031573 0.1122605 0.1752877 0.4109995 0.1001571 0.1889168 0.1900646 0.1665645 0.2125888 0.1254271 0.1389995 0.5742022 0.5385882 0.4628764 0.5150288 0.6918786 0.0232578 0.1362428 0.4897688 0.2365213 0.2052871 0.0317322 0.3070982 0.0625362 0.4939182 0.0404820 0.0000000 0.0801288 0.1450506 0.0979487 0.3482422 0.6976267 0.1208014 0.4435978 0.6222197 0.4338950 0.1546036 0.6062825 0.1926652 0.0838462 0.0438119 0.5622970 0.1709702 0.6071202 0.1684650 0.4104361 0.0254355 0.0939520 0.0461332 0.0408946 0.1481932 0.0233549 0.0288502 0.5666547 0.1125038 0.4759358 0.1251175 0.0205483 0.0067543 0.0375661 0.0384956 0.1488481 0.4084048 0.3752963 0.0112389 0.0482384 0.1312912 0.4108162 0.1597404 0.1236262 0.0026699 0.0430788 0.4995043 0.4793998 0.0412822 0.5145273 0.5586566 0.3679966 0.1794643 0.1814324 0.0824858 0.0411179 0.0919579 0.0404587 0.4000864 
Perityle_cordifolia_68_tecolote            0.4158133 0.1214635 0.2116806 0.4444226 0.1301418 0.1900278 0.2135850 0.1813286 0.2365731 0.1586570 0.1566482 0.5490403 0.5010950 0.4481702 0.4915568 0.7557374 0.0513511 0.1554695 0.4588637 0.2602006 0.2977841 0.0532240 0.2974891 0.1105888 0.4668383 0.0544148 0.0801288 0.0000000 0.1466029 0.1163757 0.3433915 0.6850018 0.1413691 0.4416221 0.6401885 0.4167151 0.1553090 0.6125519 0.2214798 0.0946783 0.0565109 0.5203907 0.1723914 0.6202135 0.1662980 0.3933519 0.0607906 0.1555760 0.0583928 0.0541276 0.1622503 0.0523901 0.0514101 0.5357790 0.1267981 0.4825062 0.1458344 0.0137242 0.0248657 0.0525552 0.0867087 0.1851968 0.4137250 0.3821377 0.0392511 0.0800166 0.1449467 0.3868901 0.1635223 0.1423961 0.0104180 0.0619520 0.4912307 0.4861841 0.0703178 0.5106754 0.5637788 0.3666809 0.1719649 0.1847000 0.0946093 0.0555471 0.1115124 0.0546748 0.3809228 
Perityle_coronopifolia_28_patagonia        0.3650323 0.1231901 0.1598956 0.4636453 0.0788824 0.2227292 0.1933243 0.1655975 0.2229597 0.1230573 0.1395381 0.5992441 0.5432299 0.4656137 0.5173467 0.7697544 0.1279797 0.0983206 0.4983825 0.2697306 0.2132753 0.1398156 0.3357955 0.1548013 0.4986710 0.1345321 0.1450506 0.1466029 0.0000000 0.1168728 0.3573594 0.6583383 0.1245092 0.4459794 0.5976995 0.4060089 0.1331511 0.5533960 0.2004547 0.1321991 0.1327060 0.5850782 0.1199354 0.5282464 0.1224745 0.3728032 0.1354542 0.1207025 0.1425630 0.1354629 0.1212012 0.1334790 0.1325216 0.5774588 0.1523450 0.4851462 0.1124844 0.0960176 0.0808014 0.1332889 0.1301821 0.1115016 0.3925524 0.3992816 0.0847163 0.1364113 0.0281937 0.3987390 0.1488955 0.1283834 0.0703829 0.1339067 0.4566906 0.4707249 0.1375647 0.5150224 0.5962272 0.3924193 0.1816619 0.1432542 0.1415743 0.1136234 0.0269327 0.1390970 0.4097236 
Perityle_crassifolia_70_ventanas           0.3384966 0.1110346 0.1730399 0.4456195 0.1164466 0.2213448 0.1845598 0.1914056 0.1791736 0.1378813 0.1097694 0.5292358 0.4964627 0.4276637 0.4836133 0.7993528 0.0934189 0.1129125 0.4641865 0.2722237 0.1915560 0.0955149 0.3056820 0.1212469 0.4705273 0.0979661 0.0979487 0.1163757 0.1168728 0.0000000 0.3491460 0.5465316 0.0930287 0.4702546 0.5326178 0.3272453 0.1374156 0.4917911 0.1722117 0.1104471 0.0962322 0.5143120 0.1206212 0.4866931 0.1268168 0.3092767 0.0971180 0.0945435 0.1013801 0.0971937 0.1220516 0.1021656 0.0960465 0.5244885 0.1107465 0.5028931 0.1222908 0.0900551 0.0869019 0.0966378 0.0966943 0.1485321 0.3712375 0.4284155 0.1025487 0.0964867 0.1257245 0.3240075 0.1177770 0.0973443 0.0653209 0.1053081 0.3796134 0.4732538 0.1005786 0.4948758 0.5308405 0.4070322 0.1604313 0.1398200 0.0896464 0.0941219 0.1059345 0.0986504 0.3242951 
Perityle_crassifolia_74_playa_balandra     0.3220884 0.2648914 0.3498959 0.2416778 0.3346936 0.2949183 0.4306214 0.2562123 0.3734431 0.3421284 0.3545890 0.0818285 0.0793109 0.0778825 0.0711463 0.9966374 0.3366684 0.3444903 0.0658114 0.3290836 0.3491820 0.3275403 0.3124219 0.3342271 0.0695104 0.3492150 0.3482422 0.3433915 0.3573594 0.3491460 0.0000000 0.0607857 0.3538845 0.0572099 0.0710338 0.3042925 0.3452672 0.0676291 0.3487613 0.3378994 0.3242505 0.0730627 0.3275649 0.0633438 0.3256593 0.3255884 0.3343099 0.2977936 0.3431625 0.3363569 0.3225349 0.3428731 0.3373445 0.0615975 0.3382770 0.0750966 0.3100648 0.2621013 0.3226732 0.3416532 0.3461772 0.3623004 0.2723255 0.0849319 0.3414658 0.3412770 0.3630548 0.3003380 0.3795311 0.3500180 0.2468375 0.3361404 0.3284949 0.0467585 0.3428541 0.0775532 0.0747114 0.0746650 0.3676971 0.3563676 0.3316289 0.3263037 0.2709182 0.3509848 0.3111519 
Perityle_cuneata_34_cuneata_San_antonio    0.4265020 0.3972080 0.6220901 0.3786611 0.5717697 0.3207192 0.6531167 0.3616808 0.6310222 0.6819959 0.6203569 0.2224955 0.1236914 0.1492764 0.1270763 1.0985145 0.6173995 0.5712185 0.0842034 0.5514559 0.8550088 0.6447951 0.5239802 0.7105878 0.0849593 0.6627056 0.6976267 0.6850018 0.6583383 0.5465316 0.0607857 0.0000000 0.6120048 0.0654236 0.1818769 0.5539378 0.6298158 0.3066431 0.6584498 0.6367467 0.6804065 0.1541123 0.6590203 0.2786008 0.6218322 0.6059247 0.6219248 0.7421151 0.6872754 0.6830785 0.6171150 0.6270406 0.6853108 0.1426106 0.7038076 0.0974028 0.6260535 0.3787936 0.3961827 0.6702149 0.7111680 0.6143072 0.5659497 0.0868752 0.3997775 0.7212163 0.6262745 0.5462002 0.6081619 0.6391701 0.2893428 0.6691757 0.6283455 0.0617944 0.7132244 0.1292363 0.1238802 0.0825967 0.6790912 0.6970793 0.6979107 0.5959237 0.3305944 0.6718550 0.5701036 
Perityle_cuneata_4                         0.3260677 0.0879768 0.1468234 0.4491582 0.0778567 0.2046078 0.1802288 0.1617641 0.2113482 0.1157389 0.1276359 0.5562149 0.5285571 0.4573752 0.5168766 0.7703847 0.1175305 0.0739988 0.5060965 0.2534035 0.2120299 0.1176077 0.2853223 0.1401280 0.4996092 0.1283457 0.1208014 0.1413691 0.1245092 0.0930287 0.3538845 0.6120048 0.0000000 0.4553856 0.5541585 0.3890339 0.0999471 0.5237012 0.1725120 0.1258596 0.1238289 0.5461072 0.0863602 0.5271361 0.0896010 0.3762282 0.1260063 0.1107824 0.1245018 0.1267161 0.0867826 0.1187970 0.1211944 0.5368559 0.1462393 0.4722717 0.1181110 0.1051008 0.0839718 0.1254016 0.1224745 0.1126811 0.3828740 0.4051711 0.1002472 0.1250854 0.1331391 0.3865252 0.1320313 0.1164020 0.0678428 0.1324999 0.4193917 0.4807253 0.1278468 0.5148096 0.5406212 0.3859841 0.1698805 0.1322614 0.1410695 0.1063301 0.1161466 0.1268088 0.3780625 
Perityle_discoidea_81                      0.4147336 0.2867085 0.4432329 0.3728554 0.4407715 0.3963318 0.5380486 0.2997447 0.5225340 0.4662011 0.4517073 0.0870136 0.0885415 0.0736077 0.0846949 1.1271908 0.4167762 0.4588047 0.0688813 0.3855968 0.4539289 0.4160847 0.3735149 0.4406329 0.0737112 0.4486704 0.4435978 0.4416221 0.4459794 0.4702546 0.0572099 0.0654236 0.4553856 0.0000000 0.0699435 0.4279872 0.4215826 0.0741168 0.4573120 0.4477625 0.4353935 0.0817160 0.4004764 0.0762588 0.4070909 0.4355985 0.4179220 0.3984157 0.4419269 0.4395885 0.3997250 0.4497521 0.4425821 0.0636911 0.4443015 0.0769994 0.4378318 0.3506350 0.3763394 0.4448800 0.4428673 0.4560374 0.4588031 0.0732359 0.3758627 0.4530414 0.4582198 0.3989310 0.4875178 0.4441327 0.2131418 0.4401232 0.4652196 0.0321259 0.4471572 0.0893116 0.0831632 0.0722014 0.4910629 0.4814093 0.4352409 0.4367415 0.2886015 0.4491553 0.4154681 
Perityle_dissecta_201                      0.4903720 0.3806063 0.5785258 0.3647205 0.5268599 0.3101318 0.6096182 0.3513100 0.6008089 0.6220514 0.5691698 0.1009203 0.0348108 0.0863838 0.0333684 1.1045240 0.5532343 0.5376671 0.0347062 0.5003682 0.7731289 0.5916791 0.5134137 0.6470945 0.0093308 0.6008628 0.6222197 0.6401885 0.5976995 0.5326178 0.0710338 0.1818769 0.5541585 0.0699435 0.0000000 0.5264732 0.5689218 0.1962632 0.6049285 0.5681744 0.6247443 0.0436435 0.5894466 0.1952847 0.5533992 0.5777369 0.5626773 0.6307958 0.6189454 0.6242465 0.5527738 0.5508455 0.6290262 0.0342061 0.6063081 0.0295208 0.5617728 0.3287766 0.3705371 0.6023400 0.6454210 0.5603438 0.5787599 0.0471078 0.3685846 0.6458562 0.5966779 0.5225559 0.5557210 0.5911045 0.2470989 0.5904169 0.6151685 0.0826866 0.6511028 0.0622050 0.0260882 0.0240883 0.6313797 0.6068832 0.6188163 0.5481749 0.3232647 0.6110140 0.5310563 
Perityle_emoryi_47_punta_san_jose          0.1315516 0.2961494 0.4545980 0.4242243 0.3835482 0.0693048 0.4359286 0.3689083 0.3426655 0.4568006 0.4112244 0.5103355 0.4870261 0.5445825 0.4520260 0.8221371 0.4444051 0.3687775 0.4726222 0.3854626 0.5198848 0.4115101 0.3063921 0.4444402 0.4698538 0.4563120 0.4338950 0.4167151 0.4060089 0.3272453 0.3042925 0.5539378 0.3890339 0.4279872 0.5264732 0.0000000 0.4098631 0.5292022 0.4662029 0.4572573 0.4529187 0.5177491 0.4539579 0.4835791 0.4275840 0.2767370 0.4433382 0.4368584 0.4592495 0.4524241 0.4201643 0.4213405 0.4498764 0.5065408 0.4684726 0.4019143 0.4158920 0.1769750 0.2649878 0.4512803 0.4501244 0.4433131 0.3789830 0.3525401 0.2422446 0.4371275 0.4088938 0.0396727 0.4056878 0.4270343 0.1094476 0.4578505 0.1065884 0.4409092 0.4583618 0.4680215 0.4804967 0.3254331 0.4850284 0.4385618 0.4586967 0.3819187 0.1933206 0.4601756 0.2119318 
Perityle_feddemae_99                       0.3761504 0.1174549 0.1690511 0.4015700 0.0782472 0.2447987 0.1952756 0.1688913 0.1894480 0.1314516 0.1873228 0.5285803 0.4559272 0.3995955 0.4585716 0.8144419 0.1174529 0.0898008 0.4110525 0.3093055 0.2424593 0.1348398 0.3007979 0.1619821 0.4133030 0.1411574 0.1546036 0.1553090 0.1331511 0.1374156 0.3452672 0.6298158 0.0999471 0.4215826 0.5689218 0.4098631 0.0000000 0.4949911 0.2195397 0.1376724 0.1343842 0.5033313 0.0348945 0.4679527 0.0373593 0.4077802 0.1393590 0.1391261 0.1434093 0.1364035 0.0366620 0.1160637 0.1369862 0.5178401 0.1587205 0.4623298 0.1069560 0.1078838 0.0926333 0.1385689 0.1343266 0.1350816 0.3624922 0.3837053 0.1086785 0.1405720 0.1284494 0.3894051 0.1681371 0.1782911 0.0647337 0.1451626 0.4406978 0.4360722 0.1410636 0.4377465 0.5028040 0.3716343 0.2202044 0.1887217 0.1423802 0.0975194 0.0904467 0.1388510 0.4019663 
Perityle_fosteri_93                        0.4707848 0.3668965 0.5136535 0.3736172 0.5113664 0.3081315 0.5868123 0.3314042 0.5705909 0.5964457 0.5158425 0.0849535 0.0405830 0.0620648 0.0381882 1.0396367 0.5108916 0.5042123 0.0441199 0.4652153 0.7065460 0.5371087 0.4179706 0.6139853 0.0184024 0.5730655 0.6062825 0.6125519 0.5533960 0.4917911 0.0676291 0.3066431 0.5237012 0.0741168 0.1962632 0.5292022 0.4949911 0.0000000 0.5580258 0.5305942 0.5986076 0.0268799 0.5147951 0.0598947 0.4995049 0.5818079 0.5110273 0.5832008 0.5848941 0.5805236 0.4923757 0.5323408 0.5869042 0.0300971 0.5852540 0.0322587 0.5251688 0.3234581 0.3577359 0.5818018 0.6112062 0.5408215 0.5145731 0.0465372 0.3514651 0.6232862 0.5472943 0.5066260 0.5188862 0.5369126 0.2425751 0.5614432 0.5912152 0.0887523 0.6183829 0.0668536 0.0305817 0.0328899 0.5900779 0.5697137 0.5685720 0.5113667 0.2858674 0.5892061 0.5293222 
Perityle_gamon_221                         0.4008634 0.1634743 0.1916634 0.4946096 0.1338560 0.2488272 0.2412236 0.1919019 0.2672756 0.1672357 0.2205842 0.5815759 0.5534428 0.5630695 0.5358772 0.7913578 0.1706652 0.1880921 0.4893716 0.2961638 0.2425860 0.1853336 0.3628763 0.1837038 0.4930519 0.1953304 0.1926652 0.2214798 0.2004547 0.1722117 0.3487613 0.6584498 0.1725120 0.4573120 0.6049285 0.4662029 0.2195397 0.5580258 0.0000000 0.2075483 0.1890374 0.5770747 0.2344143 0.5393827 0.2306811 0.4996350 0.1764872 0.1661199 0.2203356 0.1982059 0.2003455 0.1658970 0.1780763 0.5698049 0.2473491 0.4853377 0.1692563 0.0927640 0.0748116 0.1856298 0.1855931 0.1374351 0.4796554 0.3931618 0.0833964 0.2327640 0.1620725 0.4698710 0.2076307 0.1823835 0.0674583 0.2019394 0.5160026 0.4768497 0.2195461 0.5155620 0.5827974 0.3753388 0.2230020 0.2379476 0.2026554 0.1875851 0.0747299 0.2068556 0.4447872 
Perityle_gentryi_8_san_francisco           0.3957417 0.1212906 0.1917538 0.4313240 0.1151414 0.2036125 0.2077601 0.1757084 0.2295622 0.1516401 0.1411867 0.5524105 0.5215027 0.4694436 0.5060006 0.7417253 0.0481224 0.1327390 0.4715527 0.2421682 0.1786712 0.0582155 0.3047635 0.1015063 0.4724080 0.0689341 0.0838462 0.0946783 0.1321991 0.1104471 0.3378994 0.6367467 0.1258596 0.4477625 0.5681744 0.4572573 0.1376724 0.5305942 0.2075483 0.0000000 0.0724932 0.5356702 0.1481079 0.5232390 0.1403255 0.4039156 0.0605790 0.0771469 0.0696466 0.0686670 0.1404272 0.0563402 0.0688086 0.5488621 0.0923142 0.4631369 0.1429340 0.0529842 0.0301091 0.0674288 0.0640960 0.1591379 0.4306369 0.3847731 0.0355552 0.0781862 0.1461606 0.4213565 0.1522566 0.1362319 0.0052277 0.0766216 0.4945803 0.4666948 0.0666383 0.4951211 0.5534446 0.3515096 0.1802295 0.1611659 0.0948690 0.0552286 0.0976525 0.0685166 0.4133857 
Perityle_gilensis_22_Superstition          0.4119815 0.1169290 0.1842937 0.4243302 0.1059838 0.1870131 0.1956882 0.1689581 0.2013322 0.1257005 0.1333682 0.5617774 0.5150990 0.4445074 0.4997081 0.6918232 0.0193225 0.1196973 0.4582894 0.2245021 0.2022457 0.0257575 0.2941247 0.0242134 0.4751826 0.0237525 0.0438119 0.0565109 0.1327060 0.0962322 0.3242505 0.6804065 0.1238289 0.4353935 0.6247443 0.4529187 0.1343842 0.5986076 0.1890374 0.0724932 0.0000000 0.5448004 0.1490387 0.5936113 0.1463765 0.4018194 0.0213786 0.0915136 0.0293234 0.0240640 0.1452297 0.0241376 0.0237707 0.5510323 0.0895744 0.4558601 0.1291625 0.0244306 0.0134674 0.0225898 0.0193459 0.1569400 0.4147531 0.3575235 0.0324343 0.0320665 0.1394073 0.4238280 0.1527169 0.1234500 0.0107393 0.0269588 0.5105487 0.4630708 0.0215791 0.4944431 0.5539093 0.3410299 0.1786962 0.1660652 0.0784085 0.0221452 0.0921389 0.0224779 0.4095024 
Perityle_gilensis_salensis_225             0.4601952 0.3754175 0.5302667 0.3775649 0.5372358 0.3010941 0.6045119 0.3439402 0.5933391 0.5843599 0.5370289 0.0416389 0.0421429 0.0744613 0.0394824 1.0671435 0.5402730 0.5282486 0.0407683 0.4594777 0.5832087 0.5475517 0.4866044 0.5541034 0.0247540 0.5601426 0.5622970 0.5203907 0.5850782 0.5143120 0.0730627 0.1541123 0.5461072 0.0817160 0.0436435 0.5177491 0.5033313 0.0268799 0.5770747 0.5356702 0.5448004 0.0000000 0.4865925 0.0328825 0.4859000 0.5635290 0.5314888 0.5086198 0.5568314 0.5550160 0.4867220 0.5597788 0.5600281 0.0302896 0.5654632 0.0354864 0.5555281 0.3465535 0.3787586 0.5571311 0.5532470 0.5372648 0.5424884 0.0515200 0.3620393 0.5657470 0.5794455 0.5174306 0.5598612 0.5514171 0.2510829 0.5520017 0.5763998 0.0924404 0.5613508 0.0421819 0.0307334 0.0343395 0.5720304 0.5873071 0.5667103 0.5398209 0.2953615 0.5605716 0.5235710 
Perityle_glaucescens_94                    0.4223469 0.1041493 0.1809232 0.3906303 0.0583121 0.2325675 0.1889554 0.1580123 0.1794677 0.1508804 0.1809418 0.5034167 0.4424356 0.3871748 0.4388846 0.7872615 0.1126093 0.0875360 0.4018729 0.3134256 0.2714919 0.1337323 0.3066627 0.1784334 0.3969935 0.1546781 0.1709702 0.1723914 0.1199354 0.1206212 0.3275649 0.6590203 0.0863602 0.4004764 0.5894466 0.4539579 0.0348945 0.5147951 0.2344143 0.1481079 0.1490387 0.4865925 0.0000000 0.4897910 0.0024152 0.4122644 0.1348067 0.1747564 0.1604688 0.1518109 0.0017448 0.1120759 0.1554056 0.4965220 0.1879717 0.4433602 0.1001882 0.0929795 0.0843129 0.1555137 0.1476855 0.1418776 0.3739264 0.3765136 0.0908255 0.1581067 0.1126265 0.3932584 0.1576826 0.1769747 0.0584355 0.1596447 0.4765801 0.4137118 0.1585200 0.4423236 0.5117999 0.3583337 0.2270409 0.1688279 0.1611306 0.0884674 0.0902070 0.1587084 0.4098754 
Perityle_gracilis_11                       0.4221915 0.3332248 0.4975700 0.3781515 0.5003747 0.2807841 0.5863274 0.3091164 0.5683174 0.5974183 0.5200056 0.0897489 0.0266894 0.0746203 0.0227836 1.0036683 0.5000086 0.5141064 0.0481548 0.4897950 0.7011196 0.5289035 0.4471386 0.6124811 0.0216286 0.5803994 0.6071202 0.6202135 0.5282464 0.4866931 0.0633438 0.2786008 0.5271361 0.0762588 0.1952847 0.4835791 0.4679527 0.0598947 0.5393827 0.5232390 0.5936113 0.0328825 0.4897910 0.0000000 0.4762202 0.5201591 0.4983256 0.5943806 0.5858094 0.5855888 0.4690153 0.5260853 0.5912570 0.0250096 0.5764338 0.0122527 0.5116757 0.3098248 0.3376726 0.5877035 0.6245880 0.5277217 0.4925115 0.0475239 0.3280604 0.6353353 0.5368844 0.4641411 0.5182801 0.5337836 0.2186671 0.5725477 0.5433311 0.0795232 0.6283322 0.0273159 0.0148579 0.0000010 0.6032278 0.5433728 0.5538729 0.5095772 0.2628349 0.5955273 0.4880442 
