75
Amauria_brandeegeana_62                    0.0000000 0.1222105 0.1593094 0.2535863 0.1875892 0.2878689 0.1459578 0.0465563 0.1780811 0.1737833 0.1635391 0.1762026 0.1235440 0.1709748 0.1342936 0.1524793 0.1597151 0.0812490 0.1725491 0.1588856 0.1817475 0.1766127 0.1721100 0.1775713 0.0904374 0.1353501 0.4259015 0.0649186 0.0472004 0.1676651 0.2095381 0.0869578 0.0756737 0.1469438 0.1590185 0.1704243 0.2343470 0.1471963 0.0849908 0.0913832 9.0000000 0.1681981 0.0919343 0.1575785 0.1681520 0.1681184 0.1532382 0.1670221 0.0829286 0.1235455 0.1337670 0.1704694 0.1691406 0.0536421 0.1093682 0.1972229 0.1055251 0.1733352 0.0927675 0.1794711 0.1804682 0.1701646 0.3613868 0.1504499 0.1711938 0.2113179 0.1892980 0.1654597 0.1232903 0.2141835 0.1598269 0.1753347 0.1300560 0.1844109 0.1635736 
Amauria_carterae_99_mesa                   0.1222105 0.0000000 0.1794545 0.2567173 0.1393189 0.2101283 0.2348670 0.1243790 0.1965185 0.2214503 0.2032347 0.2140555 0.1018955 0.1285458 0.1305324 0.1020781 0.2051509 0.0863160 0.2230539 0.1987089 0.2760714 0.1076279 0.1303718 0.1523104 0.1246676 0.1018739 0.0606023 0.2246754 0.1346126 0.1815181 0.0693606 0.3048357 0.2656562 0.1323989 0.2177921 0.2106960 0.2101596 0.1667943 0.2566286 0.2145199 0.0301799 0.2195247 0.2904093 0.1701907 0.1267446 0.1221894 0.0989672 0.1456950 0.1580119 0.1223429 0.1568277 0.1745115 0.1678769 0.1594001 0.1184083 0.1556125 0.0786646 0.2228708 0.2909877 0.1069708 0.2227467 0.1918198 0.1935698 0.1169282 0.1341898 0.1029915 0.1522844 0.1943275 0.1616580 0.2191453 0.1506705 0.1932353 0.1352472 0.1205250 0.1077218 
Eutetras_palmeri_63                        0.1593094 0.1794545 0.0000000 0.3752527 0.2101295 0.3167181 0.2486856 0.3524409 0.1318549 0.0666260 0.0728927 0.1105172 0.1395714 0.1351687 0.0647830 0.1535785 0.0725607 0.1329669 0.0719867 0.0748566 0.0745174 0.1546115 0.1374756 0.2637578 0.2539256 0.1778483 0.5617426 0.2852067 0.2950610 0.0582407 0.1160415 0.3252689 0.3146322 0.1464941 0.1114329 0.1120135 0.2108277 0.0570300 0.3291347 0.3249352 0.0000010 0.0734174 0.3268533 0.1068956 0.1551375 0.1371662 0.1524796 0.1912735 0.3703032 0.2377363 0.0703967 0.0724317 0.0685038 0.4026544 0.1505898 0.2487211 0.1744405 0.0685960 0.3584728 0.1595405 0.0915060 0.0742011 0.3886662 0.1179947 0.1095123 0.1687261 0.1323463 0.0728477 0.1469069 0.2169403 0.1591050 0.0611251 0.2099258 0.1294612 0.2472867 
Eutetras_pringlei_149_quer                 0.2535863 0.2567173 0.3752527 0.0000000 0.3012365 0.4114799 0.3831399 0.2078027 0.4158970 0.4182273 0.4176718 0.4007774 0.3816938 0.3957128 0.2728130 0.3710397 0.4198997 0.2461410 0.4186951 0.4075511 0.4600921 0.3137658 0.4151631 0.4373883 0.2185275 0.2721195 0.0992631 0.3069447 0.1994556 0.3997525 0.1733966 0.4089771 0.3878831 0.3920895 0.3864390 0.3874606 0.4534900 0.3870765 0.3661283 0.3457169 0.0712070 0.4283381 0.4084353 0.2820188 0.4006923 0.4093535 0.2975130 0.4046307 0.2540664 0.3022188 0.3976094 0.4155232 0.3989117 0.2341648 0.3086923 0.4241087 0.2492486 0.4165532 0.4018165 0.2996805 0.4474683 0.4063776 0.1383526 0.3947391 0.2980523 0.2882618 0.4639567 0.4072715 0.2925755 0.4440444 0.4164213 0.4169904 0.3136539 0.4269579 0.2678313 
Eutrochium_fistulosum_SRR9119106           0.1875892 0.1393189 0.2101295 0.3012365 0.0000000 0.2376173 0.2836441 0.2566269 0.2345791 0.2216808 0.2256958 0.2113314 0.1276359 0.2217445 0.1889204 0.1862923 0.2301605 0.1243370 0.2324058 0.2137211 0.3017702 0.1923739 0.2332637 0.3057919 0.2146761 0.1289619 0.1732516 0.3282062 0.2755073 0.1926827 0.1469922 0.4240709 0.3665795 0.2311003 0.2352554 0.2154638 0.2728924 0.1886973 0.3631476 0.3188616 0.1721916 0.2304748 0.3875980 0.1826314 0.2009836 0.2085247 0.1895977 0.2575547 0.2981350 0.1604944 0.1101988 0.2059150 0.1402704 0.3026668 0.1224816 0.3102120 0.1013094 0.2398273 0.3910573 0.2012854 0.1997092 0.2123595 0.2656328 0.2190256 0.1950300 0.1734874 0.2482746 0.2165285 0.1589723 0.3057332 0.2126673 0.2237579 0.1945629 0.2240533 0.2206984 
Galeana_pratensis_104_mex                  0.2878689 0.2101283 0.3167181 0.4114799 0.2376173 0.0000000 0.4299845 0.3021942 0.3763357 0.3351506 0.3399557 0.3353396 0.2443024 0.3328882 0.2079196 0.3077077 0.3386578 0.1316109 0.3331803 0.3218490 0.3869811 0.2869289 0.3670058 0.3827196 0.2506191 0.1833038 0.1862893 0.4091711 0.2871173 0.2882449 0.3939538 0.4849403 0.4693696 0.3133854 0.3124992 0.3360684 0.3698034 0.3153993 0.4478805 0.4193022 0.1545004 0.3395025 0.4835457 0.2536732 0.3763211 0.3599911 0.2647431 0.3937384 0.3260951 0.2452638 0.2012044 0.3179798 0.2971057 0.3387900 0.1588723 0.3926394 0.1584496 0.3471482 0.4501023 0.2681629 0.3366053 0.3219105 0.2828780 0.3548933 0.2811045 0.2768969 0.3950928 0.3196791 0.2002764 0.3877003 0.3554181 0.3405645 0.2687554 0.3634739 0.3213589 
Helianthus_annuus_SRR9119062               0.1459578 0.2348670 0.2486856 0.3831399 0.2836441 0.4299845 0.0000000 0.2308099 0.2788461 0.2770372 0.2728657 0.2778618 0.2142979 0.2656356 0.2321761 0.2401320 0.2692113 0.1224314 0.2778804 0.2694321 0.2766044 0.2735518 0.2829014 0.3123480 0.2159098 0.2438104 0.4827414 0.1741795 0.2394802 0.2713456 0.2639403 0.2372726 0.2345128 0.2597462 0.2716445 0.2792252 0.3211116 0.2414029 0.2417694 0.2439512 0.5167978 0.2774012 0.2535914 0.2703133 0.2776964 0.2639429 0.2568150 0.2479244 0.2521403 0.2466006 0.2214633 0.2632986 0.2612048 0.2444231 0.2063949 0.2957026 0.1606858 0.2846914 0.2581116 0.2852139 0.2850594 0.2808909 0.4998432 0.2385398 0.2901567 0.2897556 0.2787200 0.2742809 0.2351722 0.3013054 0.2636946 0.2836666 0.2297511 0.2740519 0.2784753 
Lycapsus_tenuifolius_17                    0.0465563 0.1243790 0.3524409 0.2078027 0.2566269 0.3021942 0.2308099 0.0000000 0.3864296 0.4052089 0.3796169 0.3639317 0.1701719 0.3420824 0.1969017 0.3155171 0.3793007 0.0650176 0.4346439 0.3282061 0.5094439 0.2491140 0.3775084 0.4109599 0.0117364 0.0871438 0.0554783 0.3095405 0.0058989 0.3160070 0.1052130 0.2725134 0.2466225 0.3171002 0.3744327 0.3801888 0.3944331 0.3218091 0.2314385 0.1832945 0.0415267 0.4159083 0.2584346 0.2865205 0.3562457 0.3624696 0.2064050 0.4173457 0.0990572 0.1975808 0.1685172 0.3394297 0.2748045 0.1662376 0.1076669 0.3839459 0.0815503 0.3988362 0.2668085 0.2174687 0.3661337 0.3946927 0.2462701 0.3456047 0.2291635 0.1492237 0.4049137 0.3628802 0.2106979 0.4541837 0.3478965 0.3820441 0.1482259 0.3766411 0.1839884 
Pericome_caudata_50_silver                 0.1780811 0.1965185 0.1318549 0.4158970 0.2345791 0.3763357 0.2788461 0.3864296 0.0000000 0.1725447 0.1555241 0.1688189 0.0985620 0.1385897 0.2214155 0.1114726 0.1536155 0.2098109 0.1632525 0.1586820 0.2214427 0.1561983 0.1111978 0.2451133 0.2770394 0.2098328 0.7045828 0.3987596 0.3398819 0.1302168 0.2390696 0.3379733 0.3352665 0.1418466 0.2036170 0.1771722 0.2352598 0.1203766 0.3480034 0.3639756 0.6662487 0.1640157 0.3391643 0.2374861 0.1301882 0.1209862 0.1832056 0.2015060 0.4192848 0.1997091 0.1336053 0.1387028 0.1302299 0.4753019 0.2021123 0.2581510 0.1354467 0.1689270 0.3415557 0.1911464 0.1323838 0.1272142 0.4172975 0.1031646 0.2256412 0.2241453 0.1188384 0.1540139 0.1977712 0.3179431 0.1030047 0.1444225 0.2690477 0.1145687 0.3216685 
Perityle_aglossa_84_dead_horse             0.1737833 0.2214503 0.0666260 0.4182273 0.2216808 0.3351506 0.2770372 0.4052089 0.1725447 0.0000000 0.0367573 0.0920233 0.1241268 0.1131424 0.0697490 0.1374076 0.0353684 0.1596585 0.0334267 0.0327226 0.0474243 0.1620697 0.1202570 0.2605418 0.2927637 0.2121631 0.6635533 0.3138254 0.3490913 0.0123344 0.1942716 0.3662290 0.3415023 0.1223761 0.0960339 0.0960470 0.2174640 0.0265655 0.3469522 0.3406435 0.6412258 0.0340189 0.3496927 0.1348462 0.1320003 0.1224730 0.1645135 0.1664815 0.4209086 0.2354901 0.0392115 0.0317413 0.0304882 0.4562814 0.1461683 0.2516274 0.1632494 0.0306245 0.3883347 0.1708022 0.1032173 0.0818973 0.4189928 0.0958984 0.1024126 0.2187942 0.1115061 0.0295504 0.1233555 0.2218550 0.1548634 0.0132273 0.1976029 0.1082278 0.2907842 
Perityle_ajoensis_204                      0.1635391 0.2032347 0.0728927 0.4176718 0.2256958 0.3399557 0.2728657 0.3796169 0.1555241 0.0367573 0.0000000 0.0858632 0.1220723 0.1136589 0.0379109 0.1367339 0.0050887 0.1527267 0.0176016 0.0051624 0.0116033 0.1347802 0.1187997 0.2599477 0.3057938 0.2007057 0.5151301 0.3133930 0.3224283 0.0218313 0.0966546 0.3499925 0.3385321 0.1218454 0.0710949 0.0836608 0.2281389 0.0032345 0.3363638 0.3360441 0.4425457 0.0036412 0.3429900 0.0980510 0.1336281 0.1191538 0.1279586 0.1758327 0.3971027 0.2350247 0.0448449 0.0024144 0.0018901 0.4264003 0.1470141 0.2550032 0.1585839 0.0325281 0.3808802 0.1379401 0.1105962 0.0826370 0.4198584 0.0962595 0.0578933 0.1939673 0.1239584 0.0343336 0.0996703 0.2269877 0.1576418 0.0300649 0.2061452 0.1217895 0.2722730 
Perityle_ambrosiifolia_67_green            0.1762026 0.2140555 0.1105172 0.4007774 0.2113314 0.3353396 0.2778618 0.3639317 0.1688189 0.0920233 0.0858632 0.0000000 0.1361506 0.1665075 0.0885617 0.1753535 0.0888362 0.1583467 0.0893379 0.0925382 0.0894323 0.1935304 0.1760677 0.2813361 0.2590378 0.1979584 0.6021466 0.3134682 0.3023690 0.0653366 0.0906899 0.3672874 0.3622938 0.1791074 0.0161472 0.0183711 0.2695336 0.0829602 0.3740759 0.3509987 9.0000000 0.0868987 0.3642157 0.0160033 0.1666214 0.1723218 0.1848833 0.2006803 0.3854538 0.2459925 0.0568467 0.0722532 0.0459352 0.4291340 0.1250749 0.3001625 0.1463079 0.0989225 0.3898638 0.2006582 0.1341353 0.1180221 0.3932751 0.1372442 0.1034048 0.1913543 0.1743724 0.0914781 0.1105533 0.2342015 0.1778571 0.0917540 0.2186185 0.1700872 0.2536320 
Perityle_angustifolia_13_Eagle_creek       0.1235440 0.1018955 0.1395714 0.3816938 0.1276359 0.2443024 0.2142979 0.1701719 0.0985620 0.1241268 0.1220723 0.1361506 0.0000000 0.0660435 0.1127945 0.0288755 0.1182392 0.1370129 0.1140631 0.1199474 0.1193750 0.0414432 0.0491550 0.1207135 0.2088302 0.1171811 0.4322867 0.1256306 0.1783923 0.1187031 0.0679969 0.1814418 0.1700633 0.0705962 0.1266242 0.1307435 0.1646317 0.0936853 0.1883946 0.2045621 9.0000000 0.1172565 0.1983408 0.1284755 0.0222404 0.0341427 0.0393150 0.0091445 0.2340392 0.0521966 0.0865185 0.1179163 0.1168674 0.2034479 0.1035369 0.1049164 0.0359942 0.1300777 0.2261974 0.0409025 0.1618119 0.1719497 0.3175031 0.0350504 0.1152311 0.1417610 0.0588063 0.1167005 0.1444752 0.1456628 0.0540158 0.1237724 0.1385119 0.0582336 0.1415803 
Perityle_batopilensis_97                   0.1709748 0.1285458 0.1351687 0.3957128 0.2217445 0.3328882 0.2656356 0.3420824 0.1385897 0.1131424 0.1136589 0.1665075 0.0660435 0.0000000 0.1165142 0.0630547 0.1150584 0.1540408 0.1139413 0.1155588 0.1235252 0.0770662 0.0797873 0.2015140 0.2746469 0.1138690 0.6403272 0.2650706 0.3067607 0.1072696 0.0629266 0.2994425 0.2875463 0.0095735 0.1614803 0.1789764 0.2324622 0.1040543 0.3036605 0.2934466 9.0000000 0.1127574 0.2984657 0.1644203 0.1078199 0.0783048 0.0755409 0.1329529 0.3760522 0.1495872 0.1299515 0.1193935 0.1205871 0.3510202 0.1398117 0.1951697 0.0545975 0.1161499 0.3364381 0.0834529 0.1869500 0.1505678 0.3607418 0.0601614 0.1597987 0.1370127 0.0783859 0.1140706 0.2120486 0.2397652 0.0820617 0.1067311 0.1579202 0.0799233 0.1958220 
Perityle_bisetosa_9                        0.1342936 0.1305324 0.0647830 0.2728130 0.1889204 0.2079196 0.2321761 0.1969017 0.2214155 0.0697490 0.0379109 0.0885617 0.1127945 0.1165142 0.0000000 0.1158805 0.0407396 0.1010848 0.0959516 0.0214564 0.1989580 0.1059028 0.1369294 0.2248292 0.1812746 0.1237542 0.0771070 0.2948459 0.1642533 0.0009954 0.0645377 0.3394761 0.2898224 0.1167095 0.1519536 0.1079884 0.1579085 0.0141857 0.2788955 0.2342329 0.0464878 0.0780724 0.3113970 0.1446299 0.1494672 0.1165348 0.0968188 0.1934335 0.1809491 0.1746115 0.0341373 0.0204199 0.0187800 0.2352806 0.1198157 0.1821635 0.0970661 0.0612107 0.3521381 0.1029731 0.1322961 0.0989041 0.2075496 0.1060701 0.0447492 0.1387760 0.1628334 0.0075807 0.0959321 0.1805338 0.1894408 0.0325779 0.1090921 0.1433901 0.1446455 
Perityle_cernua_84                         0.1524793 0.1020781 0.1535785 0.3710397 0.1862923 0.3077077 0.2401320 0.3155171 0.1114726 0.1374076 0.1367339 0.1753535 0.0288755 0.0630547 0.1158805 0.0000000 0.1354316 0.1263047 0.1302531 0.1271788 0.1566335 0.0657099 0.0705137 0.1815351 0.1851593 0.0937860 0.7789504 0.2640938 0.2520145 0.1233612 0.0615775 0.2747356 0.2699551 0.0469080 0.1701480 0.1793675 0.1934978 0.1288210 0.2779574 0.2835402 0.7725854 0.1323005 0.2782522 0.1769932 0.1088484 0.0678674 0.0538030 0.1606270 0.3495062 0.0832065 0.0942440 0.1354694 0.1376600 0.3266783 0.1103342 0.1599003 0.0289491 0.1355167 0.2814839 0.0678372 0.1692742 0.1571358 0.3319121 0.0590719 0.1976321 0.1605116 0.0884776 0.1297100 0.1469333 0.2640645 0.0422830 0.1315274 0.1666332 0.0890255 0.2206836 
Perityle_cfvillosa_25_tin                  0.1597151 0.2051509 0.0725607 0.4198997 0.2301605 0.3386578 0.2692113 0.3793007 0.1536155 0.0353684 0.0050887 0.0888362 0.1182392 0.1150584 0.0407396 0.1354316 0.0000000 0.1480474 0.0185136 0.0043410 0.0133409 0.1365270 0.1190013 0.2652276 0.3043185 0.2039395 0.4767636 0.3076331 0.3195539 0.0228672 0.1027534 0.3457828 0.3374382 0.1202453 0.0738777 0.0855169 0.2242281 0.0039252 0.3361821 0.3365502 0.4273315 0.0049267 0.3385235 0.1011212 0.1325827 0.1205138 0.1295264 0.1788020 0.3947731 0.2329281 0.0450535 0.0039068 0.0018144 0.4282408 0.1465087 0.2582946 0.1572387 0.0323311 0.3810401 0.1406595 0.1139647 0.0890978 0.4245197 0.0949754 0.0600673 0.1961372 0.1224114 0.0320697 0.0977066 0.2283189 0.1564685 0.0301575 0.2050156 0.1214431 0.2782413 
Perityle_cinerea_113_Powell1310            0.0812490 0.0863160 0.1329669 0.2461410 0.1243370 0.1316109 0.1224314 0.0650176 0.2098109 0.1596585 0.1527267 0.1583467 0.1370129 0.1540408 0.1010848 0.1263047 0.1480474 0.0000000 0.1625802 0.1503936 0.2505731 0.1308647 0.1709244 0.1607216 0.0811331 0.1173520 0.1141683 0.1158976 0.0779632 0.1537295 0.2935755 0.1252160 0.1161865 0.1528574 0.1885041 0.1516634 0.1737080 0.1205664 0.0896995 0.0683442 0.0781206 0.1457418 0.1299731 0.1612881 0.1454113 0.1540626 0.1152267 0.1733784 0.0805119 0.1172761 0.1333195 0.1409963 0.1416293 0.0731925 0.0758831 0.1540595 0.0687326 0.1622188 0.1397025 0.1317060 0.1744844 0.1381394 0.2250207 0.1320693 0.1187603 0.1387907 0.1831390 0.1604369 0.1168061 0.2025524 0.1663769 0.1569918 0.1062895 0.1494771 0.0907251 
Perityle_coahuilensis_24                   0.1725491 0.2230539 0.0719867 0.4186951 0.2324058 0.3331803 0.2778804 0.4346439 0.1632525 0.0334267 0.0176016 0.0893379 0.1140631 0.1139413 0.0959516 0.1302531 0.0185136 0.1625802 0.0000000 0.0137989 0.0426254 0.1596645 0.1092901 0.2566161 0.3139255 0.2204895 0.7485536 0.3490468 0.3655964 0.0206378 0.2381650 0.3711332 0.3404466 0.1201092 0.0877027 0.0874692 0.2274576 0.0143809 0.3526664 0.3515219 0.6883924 0.0178617 0.3417035 0.1414824 0.1339969 0.1135800 0.1818624 0.1712410 0.4383407 0.2287072 0.0431900 0.0167912 0.0375913 0.5012664 0.1520223 0.2709243 0.1602918 0.0298134 0.3952589 0.1871115 0.1169805 0.0919217 0.4194378 0.0858218 0.0869777 0.2260136 0.1181717 0.0297065 0.1135165 0.2459932 0.1501694 0.0263575 0.2021039 0.1163070 0.3224847 
Perityle_cochisensis_44_cave_creek         0.1588856 0.1987089 0.0748566 0.4075511 0.2137211 0.3218490 0.2694321 0.3282061 0.1586820 0.0327226 0.0051624 0.0925382 0.1199474 0.1155588 0.0214564 0.1271788 0.0043410 0.1503936 0.0137989 0.0000000 0.0086514 0.1286209 0.1259755 0.2385986 0.2899745 0.1813354 0.4380603 0.2420293 0.3087311 0.0196840 0.0740046 0.2808646 0.2713865 0.1224718 0.0668515 0.0843334 0.1927458 0.0036359 0.2816231 0.2704599 9.0000000 0.0052219 0.2893499 0.0793184 0.1375612 0.1282527 0.1211222 0.1595285 0.3594508 0.2200146 0.0468046 0.0045271 0.0010854 0.3577605 0.1310717 0.2313983 0.1524941 0.0280804 0.3272461 0.1319480 0.1105630 0.0879306 0.4198205 0.1036038 0.0372981 0.1925090 0.1302007 0.0274637 0.0945008 0.1664616 0.1410628 0.0240984 0.1749188 0.1303124 0.2251993 
Perityle_congesta_202                      0.1817475 0.2760714 0.0745174 0.4600921 0.3017702 0.3869811 0.2766044 0.5094439 0.2214427 0.0474243 0.0116033 0.0894323 0.1193750 0.1235252 0.1989580 0.1566335 0.0133409 0.2505731 0.0426254 0.0086514 0.0000000 0.1920292 0.1423177 0.2786824 0.3780204 0.2985121 0.7582998 0.3784130 0.4458244 0.0248593 0.2643950 0.4225633 0.3943037 0.1270453 0.2289083 0.1077193 0.2441393 0.0038008 0.3889226 0.3676901 0.7126461 0.0200400 0.3825187 0.3001336 0.1354391 0.1204409 0.2956777 0.2072522 0.5275885 0.2611992 0.0498358 0.0037753 0.0026355 0.5662049 0.2161667 0.2719484 0.2459536 0.0402412 0.4216601 0.3040586 0.1376795 0.1105774 0.4743095 0.1023664 0.1854265 0.3309502 0.1450067 0.0344135 0.1133989 0.2559836 0.1899618 0.0350347 0.3037603 0.1401699 0.3944172 
Perityle_cordifolia_27                     0.1766127 0.1076279 0.1546115 0.3137658 0.1923739 0.2869289 0.2735518 0.2491140 0.1561983 0.1620697 0.1347802 0.1935304 0.0414432 0.0770662 0.1059028 0.0657099 0.1365270 0.1308647 0.1596645 0.1286209 0.1920292 0.0000000 0.0659563 0.1957665 0.2178701 0.0970343 0.1146443 0.2973220 0.2189321 0.1241073 0.0560628 0.3305185 0.2903739 0.0819395 0.1797436 0.1940624 0.2095347 0.0974557 0.2936585 0.2834320 0.0613653 0.1640250 0.3183179 0.1683967 0.0885414 0.0616629 0.0201088 0.1447044 0.2748151 0.1182659 0.1102105 0.1348799 0.1397776 0.2860587 0.1282161 0.1803205 0.0123510 0.1558775 0.3402565 0.0180617 0.1828110 0.1579705 0.2216549 0.0575371 0.1388482 0.1292727 0.0788571 0.1280185 0.1998818 0.2696719 0.0869165 0.1314897 0.1586509 0.0636178 0.1536726 
Perityle_cordifolia_68_tecolote            0.1721100 0.1303718 0.1374756 0.4151631 0.2332637 0.3670058 0.2829014 0.3775084 0.1111978 0.1202570 0.1187997 0.1760677 0.0491550 0.0797873 0.1369294 0.0705137 0.1190013 0.1709244 0.1092901 0.1259755 0.1423177 0.0659563 0.0000000 0.2225879 0.2870684 0.1254271 0.6658452 0.3550437 0.3292698 0.1093801 0.1089956 0.3292682 0.3345054 0.0816003 0.1681993 0.1706577 0.2625355 0.0930301 0.3497260 0.3766948 0.7365758 0.1097405 0.3249513 0.1737694 0.0850736 0.0532024 0.0638317 0.1449075 0.4028398 0.0929350 0.1131965 0.1189412 0.1245406 0.4578075 0.1409082 0.2278023 0.0393794 0.1069964 0.3743106 0.0679787 0.1592224 0.1429086 0.3970079 0.0553083 0.1495167 0.1683084 0.0661272 0.1194471 0.2365208 0.2975400 0.0739746 0.1140227 0.2372908 0.0650834 0.2438850 
Perityle_coronopifolia_28_patagonia        0.1775713 0.1523104 0.2637578 0.4373883 0.3057919 0.3827196 0.3123480 0.4109599 0.2451133 0.2605418 0.2599477 0.2813361 0.1207135 0.2015140 0.2248292 0.1815351 0.2652276 0.1607216 0.2566161 0.2385986 0.2786824 0.1957665 0.2225879 0.0000000 0.3205632 0.1329443 0.6993525 0.3023393 0.3721245 0.2456655 0.1112998 0.3726210 0.3708620 0.1853758 0.2586108 0.2854814 0.2352678 0.2365257 0.3823957 0.3670586 0.3281060 0.2624177 0.3756587 0.2722340 0.2129531 0.2196810 0.1955727 0.2680308 0.4336934 0.2230964 0.1803627 0.2615733 0.2522853 0.4479331 0.1278749 0.1759928 0.1117094 0.2655257 0.3868787 0.1960373 0.3005542 0.2889594 0.4728484 0.2069159 0.3122379 0.2415494 0.2183595 0.2560256 0.2618613 0.2544303 0.1923673 0.2531763 0.1697934 0.2044041 0.2737343 
Perityle_crassifolia_70_ventanas           0.0904374 0.1246676 0.2539256 0.2185275 0.2146761 0.2506191 0.2159098 0.0117364 0.2770394 0.2927637 0.3057938 0.2590378 0.2088302 0.2746469 0.1812746 0.1851593 0.3043185 0.0811331 0.3139255 0.2899745 0.3780204 0.2178701 0.2870684 0.3205632 0.0000000 0.1015655 0.0606563 0.1934480 0.0228529 0.2696342 0.1487331 0.2155617 0.1853972 0.2801174 0.2756747 0.2529896 0.2680917 0.2510904 0.1624103 0.1627857 0.0380685 0.3128233 0.2022596 0.2195421 0.2897023 0.2902223 0.1887571 0.2842349 0.1179917 0.1874369 0.1991880 0.2963938 0.2300359 0.1149112 0.1328410 0.2837254 0.0975622 0.3072647 0.2040663 0.1959779 0.2424704 0.2725610 0.2323725 0.2690260 0.1914851 0.1466173 0.3167053 0.2945689 0.1990621 0.3077116 0.2491979 0.2935613 0.1298129 0.2777570 0.1485859 
Perityle_crassifolia_74_playa_balandra     0.1353501 0.1018739 0.1778483 0.2721195 0.1289619 0.1833038 0.2438104 0.0871438 0.2098328 0.2121631 0.2007057 0.1979584 0.1171811 0.1138690 0.1237542 0.0937860 0.2039395 0.1173520 0.2204895 0.1813354 0.2985121 0.0970343 0.1254271 0.1329443 0.1015655 0.0000000 0.0591386 0.2281321 0.0940433 0.1743541 0.0531172 0.3083661 0.2558050 0.1163639 0.2387877 0.1959926 0.1943475 0.1606692 0.2486185 0.2219528 0.0364897 0.2201338 0.2914067 0.1982042 0.1387724 0.1175976 0.0985106 0.1450614 0.1524727 0.1222980 0.1601409 0.1803945 0.1813460 0.1480887 0.1432009 0.1388636 0.0860296 0.2142319 0.2846765 0.1046799 0.2255451 0.1966441 0.2106965 0.1132162 0.1253251 0.0085919 0.1579607 0.1762991 0.1580130 0.1907907 0.1476065 0.1812294 0.1293072 0.1142126 0.0756624 
Perityle_cuneata_34_cuneata_San_antonio    0.4259015 0.0606023 0.5617426 0.0992631 0.1732516 0.1862893 0.4827414 0.0554783 0.7045828 0.6635533 0.5151301 0.6021466 0.4322867 0.6403272 0.0771070 0.7789504 0.4767636 0.1141683 0.7485536 0.4380603 0.7582998 0.1146443 0.6658452 0.6993525 0.0606563 0.0591386 0.0000000 0.6923606 0.0472780 0.6021466 0.0545201 0.8042971 0.7895164 0.7482523 0.4396454 0.6909712 0.9962507 0.5311807 0.7231409 0.3781084 0.0086854 0.7315667 0.8064638 0.2193870 0.5510791 0.6238629 0.1091687 1.0202059 0.0660838 0.1017684 0.6159597 0.6021466 0.6159597 0.1769367 0.1340950 0.8629666 0.0573316 0.5927865 0.7396998 0.1140986 0.8112505 0.7046543 0.0587886 0.6877466 0.0780236 0.0737152 0.7391094 0.4618568 0.1348888 1.1437673 0.7812662 0.5080276 0.0925466 0.6726442 0.0218594 
Perityle_cuneata_4                         0.0649186 0.2246754 0.2852067 0.3069447 0.3282062 0.4091711 0.1741795 0.3095405 0.3987596 0.3138254 0.3133930 0.3134682 0.1256306 0.2650706 0.2948459 0.2640938 0.3076331 0.1158976 0.3490468 0.2420293 0.3784130 0.2973220 0.3550437 0.3023393 0.1934480 0.2281321 0.6923606 0.0000000 0.2362828 0.2782803 0.2551054 0.2574059 0.2334058 0.2389667 0.2887365 0.3303523 0.3720352 0.2973631 0.2367403 0.1926804 0.5808384 0.3526307 0.2356138 0.3654264 0.3005084 0.3061480 0.3018080 0.3684471 0.2991796 0.2847415 0.1415649 0.3058919 0.2938030 0.3465216 0.1674722 0.3749896 0.1619685 0.3592621 0.2912397 0.3269038 0.3570021 0.3598566 0.4650028 0.3306879 0.3840223 0.3387632 0.3489256 0.2763115 0.2263585 0.3937746 0.2617858 0.3138580 0.2072149 0.3203814 0.3757694 
Perityle_discoidea_81                      0.0472004 0.1346126 0.2950610 0.1994556 0.2755073 0.2871173 0.2394802 0.0058989 0.3398819 0.3490913 0.3224283 0.3023690 0.1783923 0.3067607 0.1642533 0.2520145 0.3195539 0.0779632 0.3655964 0.3087311 0.4458244 0.2189321 0.3292698 0.3721245 0.0228529 0.0940433 0.0472780 0.2362828 0.0000000 0.2761453 0.0968435 0.2621976 0.2221064 0.2894530 0.3170910 0.2987238 0.3279021 0.2803155 0.2072584 0.1603218 0.0342852 0.3612826 0.2462139 0.2431632 0.3016690 0.3102096 0.1819556 0.3385757 0.1055571 0.1926004 0.1759634 0.2965839 0.2338832 0.1455225 0.1197784 0.3234007 0.0840263 0.3414496 0.2473616 0.1925742 0.3160250 0.3301299 0.2449693 0.2821248 0.1922941 0.1490083 0.3561975 0.3166261 0.2060694 0.3638208 0.3051925 0.3187106 0.1294164 0.3169515 0.1651033 
Perityle_dissecta_201                      0.1676651 0.1815181 0.0582407 0.3997525 0.1926827 0.2882449 0.2713456 0.3160070 0.1302168 0.0123344 0.0218313 0.0653366 0.1187031 0.1072696 0.0009954 0.1233612 0.0228672 0.1537295 0.0206378 0.0196840 0.0248593 0.1241073 0.1093801 0.2456655 0.2696342 0.1743541 0.6021466 0.2782803 0.2761453 0.0000000 0.0507147 0.3214640 0.3242438 0.1174070 0.0498105 0.0648364 0.1987991 0.0158439 0.3296043 0.3341428 9.0000000 0.0202390 0.3158061 0.0568014 0.1183599 0.1124074 0.1185933 0.1422725 0.3408459 0.1989243 0.0289291 0.0210365 0.0226616 0.3910650 0.1254529 0.2319740 0.1454698 0.0205737 0.3606137 0.1272385 0.0881072 0.0758956 0.3809459 0.0869068 0.0299268 0.1672998 0.1115204 0.0103410 0.0844576 0.1675919 0.1438264 0.0107051 0.1904440 0.1102057 0.2388129 
Perityle_emoryi_47_punta_san_jose          0.2095381 0.0693606 0.1160415 0.1733966 0.1469922 0.3939538 0.2639403 0.1052130 0.2390696 0.1942716 0.0966546 0.0906899 0.0679969 0.0629266 0.0645377 0.0615775 0.1027534 0.2935755 0.2381650 0.0740046 0.2643950 0.0560628 0.1089956 0.1112998 0.1487331 0.0531172 0.0545201 0.2551054 0.0968435 0.0507147 0.0000000 0.3824409 0.2322247 0.0737125 0.1099293 0.1029532 0.1606105 0.0610721 0.2646317 0.2393117 0.0554684 0.2230482 0.2978652 0.0924792 0.0973978 0.0790306 0.0624784 0.0841178 0.1742215 0.0811582 0.0383521 0.0732722 0.0771991 0.2419956 0.0688482 0.1289399 0.0465047 0.1708285 0.2880544 0.0602714 0.1298035 0.1120215 0.0880831 0.0707342 0.0697286 0.0866255 0.1141525 0.0673359 0.0257101 0.1140088 0.1115516 0.1122893 0.0846069 0.1211146 0.0959900 
Perityle_feddemae_99                       0.0869578 0.3048357 0.3252689 0.4089771 0.4240709 0.4849403 0.2372726 0.2725134 0.3379733 0.3662290 0.3499925 0.3672874 0.1814418 0.2994425 0.3394761 0.2747356 0.3457828 0.1252160 0.3711332 0.2808646 0.4225633 0.3305185 0.3292682 0.3726210 0.2155617 0.3083661 0.8042971 0.2574059 0.2621976 0.3214640 0.3824409 0.0000000 0.0465555 0.2729664 0.3005730 0.3498410 0.3823408 0.3203423 0.0205974 0.0552500 0.8443055 0.3678210 0.0236508 0.3951292 0.3468660 0.3449450 0.3463148 0.3992937 0.3057252 0.3306563 0.1971742 0.3284137 0.2928410 0.3159309 0.2020865 0.3798819 0.2421281 0.3750548 0.1361866 0.3537145 0.3470005 0.3272945 0.5989791 0.3329619 0.4002731 0.4237697 0.3435688 0.3217255 0.3096109 0.3921087 0.2904683 0.3576075 0.2951016 0.3338713 0.4156755 
Perityle_gamon_221                         0.0756737 0.2656562 0.3146322 0.3878831 0.3665795 0.4693696 0.2345128 0.2466225 0.3352665 0.3415023 0.3385321 0.3622938 0.1700633 0.2875463 0.2898224 0.2699551 0.3374382 0.1161865 0.3404466 0.2713865 0.3943037 0.2903739 0.3345054 0.3708620 0.1853972 0.2558050 0.7895164 0.2334058 0.2221064 0.3242438 0.2322247 0.0465555 0.0000000 0.2601840 0.2913914 0.3522500 0.3756297 0.3240143 0.0443047 0.0139462 0.8066775 0.3459429 0.0459913 0.3509414 0.3397800 0.3416758 0.3053290 0.4059932 0.2739910 0.2948397 0.1863805 0.3344505 0.2998465 0.2910745 0.1744153 0.3743176 0.2004883 0.3580328 0.1344186 0.3069116 0.3498130 0.3385769 0.5510814 0.3367787 0.3697393 0.3853866 0.3494509 0.3141641 0.2849475 0.3857629 0.2817936 0.3481065 0.2763892 0.3290046 0.3734405 
Perityle_gentryi_8_san_francisco           0.1469438 0.1323989 0.1464941 0.3920895 0.2311003 0.3133854 0.2597462 0.3171002 0.1418466 0.1223761 0.1218454 0.1791074 0.0705962 0.0095735 0.1167095 0.0469080 0.1202453 0.1528574 0.1201092 0.1224718 0.1270453 0.0819395 0.0816003 0.1853758 0.2801174 0.1163639 0.7482523 0.2389667 0.2894530 0.1174070 0.0737125 0.2729664 0.2601840 0.0000000 0.1736485 0.1910137 0.2042339 0.1124507 0.2783419 0.2632446 9.0000000 0.1197975 0.2722682 0.1767716 0.1142306 0.0800699 0.0770290 0.1404215 0.3541807 0.1535990 0.1358146 0.1275171 0.1318823 0.3238673 0.1389342 0.1651972 0.0527175 0.1211069 0.3257794 0.0858608 0.2036452 0.1628978 0.3609680 0.0642612 0.1694464 0.1464627 0.0847198 0.1180909 0.2143105 0.2205469 0.0841971 0.1155924 0.1547926 0.0870752 0.1914051 
Perityle_gilensis_22_Superstition          0.1590185 0.2177921 0.1114329 0.3864390 0.2352554 0.3124992 0.2716445 0.3744327 0.2036170 0.0960339 0.0710949 0.0161472 0.1266242 0.1614803 0.1519536 0.1701480 0.0738777 0.1885041 0.0877027 0.0668515 0.2289083 0.1797436 0.1681993 0.2586108 0.2756747 0.2387877 0.4396454 0.2887365 0.3170910 0.0498105 0.1099293 0.3005730 0.2913914 0.1736485 0.0000000 0.0124045 0.2449630 0.0610985 0.2929309 0.2716084 0.3773371 0.0856804 0.2991345 0.0608583 0.1576980 0.1710499 0.2262690 0.2327641 0.3910577 0.2378224 0.0509856 0.0484083 0.0212798 0.3982401 0.1184397 0.2691255 0.1723149 0.0876290 0.3214656 0.2221898 0.1313126 0.1216423 0.3964828 0.1556836 0.1521424 0.2625451 0.1715946 0.0707465 0.0932893 0.2433283 0.1656398 0.0839919 0.2027662 0.1707537 0.2707955 
Perityle_gilensis_salensis_225             0.1704243 0.2106960 0.1120135 0.3874606 0.2154638 0.3360684 0.2792252 0.3801888 0.1771722 0.0960470 0.0836608 0.0183711 0.1307435 0.1789764 0.1079884 0.1793675 0.0855169 0.1516634 0.0874692 0.0843334 0.1077193 0.1940624 0.1706577 0.2854814 0.2529896 0.1959926 0.6909712 0.3303523 0.2987238 0.0648364 0.1029532 0.3498410 0.3522500 0.1910137 0.0124045 0.0000000 0.2797685 0.0768630 0.3530086 0.3415817 0.6948218 0.0844536 0.3403283 0.0117453 0.1634952 0.1714842 0.1905360 0.2417428 0.4035669 0.2566952 0.0575613 0.0645863 0.0376670 0.4271668 0.1237895 0.2975611 0.1413789 0.0989563 0.3767481 0.2023915 0.1344808 0.1235105 0.4059076 0.1441413 0.1157431 0.2028189 0.1758104 0.0912582 0.1074952 0.2711469 0.1807620 0.0935423 0.2229424 0.1750414 0.2815652 
Perityle_glaucescens_94                    0.2343470 0.2101596 0.2108277 0.4534900 0.2728924 0.3698034 0.3211116 0.3944331 0.2352598 0.2174640 0.2281389 0.2695336 0.1646317 0.2324622 0.1579085 0.1934978 0.2242281 0.1737080 0.2274576 0.1927458 0.2441393 0.2095347 0.2625355 0.2352678 0.2680917 0.1943475 0.9962507 0.3720352 0.3279021 0.1987991 0.1606105 0.3823408 0.3756297 0.2042339 0.2449630 0.2797685 0.0000000 0.2136113 0.4044151 0.3837020 1.0442336 0.2332585 0.3967777 0.2523415 0.2731752 0.2451208 0.1984070 0.3241350 0.4296518 0.2430240 0.1305530 0.2402524 0.2430176 0.4445047 0.1600637 0.2381306 0.1732924 0.2332384 0.3928493 0.2078626 0.2266240 0.2289504 0.4305724 0.2499277 0.2966653 0.3001201 0.2387228 0.2056089 0.1751722 0.2209976 0.1923152 0.2064784 0.2518071 0.2240544 0.3422052 
Perityle_gracilis_11                       0.1471963 0.1667943 0.0570300 0.3870765 0.1886973 0.3153993 0.2414029 0.3218091 0.1203766 0.0265655 0.0032345 0.0829602 0.0936853 0.1040543 0.0141857 0.1288210 0.0039252 0.1205664 0.0143809 0.0036359 0.0038008 0.0974557 0.0930301 0.2365257 0.2510904 0.1606692 0.5311807 0.2973631 0.2803155 0.0158439 0.0610721 0.3203423 0.3240143 0.1124507 0.0610985 0.0768630 0.2136113 0.0000000 0.3368044 0.3381175 9.0000000 0.0030015 0.3179393 0.0760127 0.1016663 0.0939555 0.0955099 0.1357182 0.3405684 0.1983076 0.0217382 0.0015658 0.0008942 0.4071502 0.1097831 0.2540358 0.1300552 0.0244230 0.3608111 0.1025081 0.0866502 0.0770849 0.3874517 0.0762306 0.0314252 0.1552680 0.0870823 0.0253427 0.0829294 0.2005772 0.1271097 0.0157231 0.1744690 0.0854045 0.2431442 
Perityle_harkerae_31                       0.0849908 0.2566286 0.3291347 0.3661283 0.3631476 0.4478805 0.2417694 0.2314385 0.3480034 0.3469522 0.3363638 0.3740759 0.1883946 0.3036605 0.2788955 0.2779574 0.3361821 0.0896995 0.3526664 0.2816231 0.3889226 0.2936585 0.3497260 0.3823957 0.1624103 0.2486185 0.7231409 0.2367403 0.2072584 0.3296043 0.2646317 0.0205974 0.0443047 0.2783419 0.2929309 0.3530086 0.4044151 0.3368044 0.0000000 0.0572831 0.8151160 0.3533699 0.0059373 0.3278221 0.3563588 0.3564397 0.2973136 0.4236367 0.2472697 0.2794459 0.2022245 0.3481683 0.3107151 0.2773860 0.1523573 0.3980016 0.1761794 0.3707386 0.1432094 0.3040979 0.3642288 0.3546588 0.5700786 0.3503902 0.3655170 0.3949705 0.3592139 0.3234679 0.2553968 0.4162202 0.2797643 0.3519843 0.2643116 0.3411037 0.3898035 
Perityle_hofmeisteria_4_nombre_de_dios     0.0913832 0.2145199 0.3249352 0.3457169 0.3188616 0.4193022 0.2439512 0.1832945 0.3639756 0.3406435 0.3360441 0.3509987 0.2045621 0.2934466 0.2342329 0.2835402 0.3365502 0.0683442 0.3515219 0.2704599 0.3676901 0.2834320 0.3766948 0.3670586 0.1627857 0.2219528 0.3781084 0.1926804 0.1603218 0.3341428 0.2393117 0.0552500 0.0139462 0.2632446 0.2716084 0.3415817 0.3837020 0.3381175 0.0572831 0.0000000 9.0000000 0.3557596 0.0591282 0.3079803 0.3432430 0.3487318 0.2654089 0.3659195 0.1967104 0.2356432 0.2098439 0.3566103 0.3356021 0.2496981 0.1327102 0.3917722 0.1545920 0.3682104 0.1345883 0.2836897 0.3782180 0.3682876 0.5054030 0.3379610 0.3444916 0.3598765 0.3709177 0.3234378 0.2415980 0.3730808 0.2652476 0.3475412 0.2576403 0.3418293 0.3447685 
Perityle_incana_3_ucla                     9.0000000 0.0301799 0.0000010 0.0712070 0.1721916 0.1545004 0.5167978 0.0415267 0.6662487 0.6412258 0.4425457 9.0000000 9.0000000 9.0000000 0.0464878 0.7725854 0.4273315 0.0781206 0.6883924 9.0000000 0.7126461 0.0613653 0.7365758 0.3281060 0.0380685 0.0364897 0.0086854 0.5808384 0.0342852 9.0000000 0.0554684 0.8443055 0.8066775 9.0000000 0.3773371 0.6948218 1.0442336 9.0000000 0.8151160 9.0000000 0.0000000 0.6864887 0.8449634 0.1898580 9.0000000 9.0000000 0.0741050 1.0266117 0.0502400 0.0976461 9.0000000 9.0000000 9.0000000 0.1238092 0.1212686 2.2558423 0.0280784 0.5117372 0.7223101 0.0688568 0.8150782 0.6891898 0.0158640 0.6605500 0.0433116 0.0600217 0.7988890 9.0000000 0.0789667 0.8392977 0.7811705 0.4657077 0.0511755 0.6887300 0.0078520 
Perityle_inyoensis_9_pleasant              0.1681981 0.2195247 0.0734174 0.4283381 0.2304748 0.3395025 0.2774012 0.4159083 0.1640157 0.0340189 0.0036412 0.0868987 0.1172565 0.1127574 0.0780724 0.1323005 0.0049267 0.1457418 0.0178617 0.0052219 0.0200400 0.1640250 0.1097405 0.2624177 0.3128233 0.2201338 0.7315667 0.3526307 0.3612826 0.0202390 0.2230482 0.3678210 0.3459429 0.1197975 0.0856804 0.0844536 0.2332585 0.0030015 0.3533699 0.3557596 0.6864887 0.0000000 0.3400236 0.1417998 0.1318147 0.1155216 0.1629335 0.1755280 0.4323602 0.2339072 0.0463041 0.0022642 0.0016377 0.4860874 0.1415879 0.2698001 0.1582903 0.0304761 0.3859778 0.1743316 0.1157927 0.0936274 0.4401208 0.0840725 0.0834489 0.2246013 0.1177033 0.0321688 0.0982715 0.2406965 0.1547345 0.0277968 0.2107972 0.1183834 0.3046624 
Perityle_jaliscana_203                     0.0919343 0.2904093 0.3268533 0.4084353 0.3875980 0.4835457 0.2535914 0.2584346 0.3391643 0.3496927 0.3429900 0.3642157 0.1983408 0.2984657 0.3113970 0.2782522 0.3385235 0.1299731 0.3417035 0.2893499 0.3825187 0.3183179 0.3249513 0.3756587 0.2022596 0.2914067 0.8064638 0.2356138 0.2462139 0.3158061 0.2978652 0.0236508 0.0459913 0.2722682 0.2991345 0.3403283 0.3967777 0.3179393 0.0059373 0.0591282 0.8449634 0.3400236 0.0000000 0.3611075 0.3560436 0.3523713 0.3349879 0.4057621 0.2812147 0.3257583 0.2048801 0.3284295 0.2870970 0.2775605 0.2069750 0.3854299 0.2335934 0.3564327 0.1453386 0.3329715 0.3493217 0.3383963 0.6019741 0.3402662 0.3678383 0.3969451 0.3530434 0.3275076 0.2934689 0.4033538 0.2991680 0.3443002 0.2859770 0.3422917 0.3757042 
Perityle_lemmonii_12                       0.1575785 0.1701907 0.1068956 0.2820188 0.1826314 0.2536732 0.2703133 0.2865205 0.2374861 0.1348462 0.0980510 0.0160033 0.1284755 0.1644203 0.1446299 0.1769932 0.1011212 0.1612881 0.1414824 0.0793184 0.3001336 0.1683967 0.1737694 0.2722340 0.2195421 0.1982042 0.2193870 0.3654264 0.2431632 0.0568014 0.0924792 0.3951292 0.3509414 0.1767716 0.0608583 0.0117453 0.2523415 0.0760127 0.3278221 0.3079803 0.1898580 0.1417998 0.3611075 0.0000000 0.1554271 0.1709308 0.1911847 0.2324619 0.3030543 0.1782967 0.0522068 0.0631358 0.0357287 0.3365571 0.0977806 0.2878055 0.1508917 0.1327107 0.3672500 0.1948501 0.1431987 0.1171556 0.2459905 0.1541132 0.1397837 0.2072815 0.1873800 0.0785245 0.0959537 0.2617413 0.1889175 0.1002077 0.2018407 0.1658528 0.2261954 
Perityle_lemmonii_85_hachita               0.1681520 0.1267446 0.1551375 0.4006923 0.2009836 0.3763211 0.2776964 0.3562457 0.1301882 0.1320003 0.1336281 0.1666214 0.0222404 0.1078199 0.1494672 0.1088484 0.1325827 0.1454113 0.1339969 0.1375612 0.1354391 0.0885414 0.0850736 0.2129531 0.2897023 0.1387724 0.5510791 0.3005084 0.3016690 0.1183599 0.0973978 0.3468660 0.3397800 0.1142306 0.1576980 0.1634952 0.2731752 0.1016663 0.3563588 0.3432430 9.0000000 0.1318147 0.3560436 0.1554271 0.0000000 0.0777384 0.0804326 0.0438018 0.3789859 0.1336282 0.1078137 0.1206463 0.1172309 0.3994902 0.1257140 0.2279531 0.0446929 0.1387391 0.3750079 0.0889000 0.1759453 0.1780262 0.3317234 0.0664562 0.1389955 0.1428393 0.0788226 0.1324143 0.2293526 0.2453981 0.0990646 0.1256951 0.1971471 0.0779577 0.2096660 
Perityle_lemmonii_colossal_cave_206        0.1681184 0.1221894 0.1371662 0.4093535 0.2085247 0.3599911 0.2639429 0.3624696 0.1209862 0.1224730 0.1191538 0.1723218 0.0341427 0.0783048 0.1165348 0.0678674 0.1205138 0.1540626 0.1135800 0.1282527 0.1204409 0.0616629 0.0532024 0.2196810 0.2902223 0.1175976 0.6238629 0.3061480 0.3102096 0.1124074 0.0790306 0.3449450 0.3416758 0.0800699 0.1710499 0.1714842 0.2451208 0.0939555 0.3564397 0.3487318 9.0000000 0.1155216 0.3523713 0.1709308 0.0777384 0.0000000 0.0568588 0.1021720 0.3861766 0.1237409 0.1150568 0.1206744 0.1292631 0.4326044 0.1270562 0.2192251 0.0362822 0.1171748 0.3949956 0.0645545 0.1712782 0.1602769 0.3554963 0.0454117 0.1466210 0.1355032 0.0630796 0.1194699 0.2330391 0.2590886 0.0693923 0.1147971 0.1985076 0.0660694 0.2132706 
Perityle_leptoglossa_20_rancho_las_laminas 0.1532382 0.0989672 0.1524796 0.2975130 0.1895977 0.2647431 0.2568150 0.2064050 0.1832056 0.1645135 0.1279586 0.1848833 0.0393150 0.0755409 0.0968188 0.0538030 0.1295264 0.1152267 0.1818624 0.1211222 0.2956777 0.0201088 0.0638317 0.1955727 0.1887571 0.0985106 0.1091687 0.3018080 0.1819556 0.1185933 0.0624784 0.3463148 0.3053290 0.0770290 0.2262690 0.1905360 0.1984070 0.0955099 0.2973136 0.2654089 0.0741050 0.1629335 0.3349879 0.1911847 0.0804326 0.0568588 0.0000000 0.1419707 0.2254717 0.1079808 0.1043698 0.1262736 0.1330879 0.2497097 0.1283823 0.1748470 0.0161469 0.1561859 0.3579284 0.0224572 0.2000212 0.1614753 0.2141739 0.0522822 0.1186810 0.1293629 0.0838253 0.1221207 0.1910232 0.2617601 0.0908375 0.1258714 0.1300500 0.0585665 0.1336319 
Perityle_lindheimeri_34                    0.1670221 0.1456950 0.1912735 0.4046307 0.2575547 0.3937384 0.2479244 0.4173457 0.2015060 0.1664815 0.1758327 0.2006803 0.0091445 0.1329529 0.1934335 0.1606270 0.1788020 0.1733784 0.1712410 0.1595285 0.2072522 0.1447044 0.1449075 0.2680308 0.2842349 0.1450614 1.0202059 0.3684471 0.3385757 0.1422725 0.0841178 0.3992937 0.4059932 0.1404215 0.2327641 0.2417428 0.3241350 0.1357182 0.4236367 0.3659195 1.0266117 0.1755280 0.4057621 0.2324619 0.0438018 0.1021720 0.1419707 0.0000000 0.4433775 0.1790134 0.0980282 0.1489972 0.1417368 0.4903157 0.1450136 0.2595182 0.0604447 0.1783633 0.4480535 0.1518128 0.2484892 0.2428927 0.3831905 0.0995236 0.1966617 0.1892652 0.1482424 0.1386532 0.2350064 0.3004064 0.1629505 0.1671771 0.2192649 0.1272128 0.2733769 
Perityle_lineariloba_78                    0.0829286 0.1580119 0.3703032 0.2540664 0.2981350 0.3260951 0.2521403 0.0990572 0.4192848 0.4209086 0.3971027 0.3854538 0.2340392 0.3760522 0.1809491 0.3495062 0.3947731 0.0805119 0.4383407 0.3594508 0.5275885 0.2748151 0.4028398 0.4336934 0.1179917 0.1524727 0.0660838 0.2991796 0.1055571 0.3408459 0.1742215 0.3057252 0.2739910 0.3541807 0.3910577 0.4035669 0.4296518 0.3405684 0.2472697 0.1967104 0.0502400 0.4323602 0.2812147 0.3030543 0.3789859 0.3861766 0.2254717 0.4433775 0.0000000 0.2234432 0.2256652 0.3619155 0.3050529 0.1311043 0.1657330 0.3976236 0.1107217 0.4132358 0.2231989 0.2365951 0.3890007 0.4105230 0.2693940 0.3682699 0.2237096 0.2162505 0.4293948 0.3777265 0.2481947 0.4846218 0.3888561 0.3938950 0.1170964 0.4060713 0.1857840 
Perityle_lloydii_79                        0.1235455 0.1223429 0.2377363 0.3022188 0.1604944 0.2452638 0.2466006 0.1975808 0.1997091 0.2354901 0.2350247 0.2459925 0.0521966 0.1495872 0.1746115 0.0832065 0.2329281 0.1172761 0.2287072 0.2200146 0.2611992 0.1182659 0.0929350 0.2230964 0.1874369 0.1222980 0.1017684 0.2847415 0.1926004 0.1989243 0.0811582 0.3306563 0.2948397 0.1535990 0.2378224 0.2566952 0.2430240 0.1983076 0.2794459 0.2356432 0.0976461 0.2339072 0.3257583 0.1782967 0.1336282 0.1237409 0.1079808 0.1790134 0.2234432 0.0000000 0.1199016 0.2054969 0.1550844 0.2172251 0.1155462 0.2109403 0.0554650 0.2338637 0.3435352 0.1195166 0.2483983 0.2767160 0.2538565 0.1230613 0.1869325 0.1285622 0.1635415 0.2153162 0.1812299 0.2789152 0.1299409 0.2253223 0.1473085 0.1383277 0.1756777 
