78
Amauria_carterae_99_mesa                   0.0000000 0.3938383 0.1910348 0.0658040 0.1213418 0.1473501 0.2933057 0.4183854 0.4061545 0.0968704 0.3636962 0.3611890 0.0979300 0.5884236 9.0000000 0.3900325 0.0978758 0.3741782 0.0826726 0.3762947 0.3636772 0.4039958 0.3904331 0.3783878 0.3492158 0.3896128 0.1030065 0.1195709 0.0674807 0.1055298 0.0585562 0.1059354 0.1040104 0.3531770 0.0974106 0.3548314 0.4006993 0.3672150 0.3934887 0.1158658 0.3916158 0.3944088 0.1093588 0.4349525 0.3678889 0.1076948 0.3488039 0.3200182 0.3458994 0.1163576 0.5557976 0.3485264 0.3298973 0.3210348 0.3708512 0.3620817 0.3000987 0.3828474 0.1005888 0.4035763 0.1102695 0.1238033 0.3642899 0.1968286 0.3908480 0.3892371 0.4134090 0.3894209 0.3602791 0.9884680 0.3163540 0.1192450 0.3687808 9.0000000 0.0956683 0.3725918 0.4077798 0.3144594 
Amauria_rotundifolia_SRR9119150            0.3938383 0.0000000 0.6488468 0.2826811 0.5805873 0.4941549 0.5813963 0.0556423 0.2001803 0.5854502 0.1169763 0.1383407 0.5576057 0.6178007 1.0632109 0.1992076 0.5764959 0.1132697 0.4154270 0.1063037 0.2138237 0.1228595 0.2344104 0.1784400 0.1615367 0.1696902 0.5559962 0.6402955 0.5864329 0.6284593 0.6075303 0.5889338 0.6070643 0.1555101 0.5578391 0.1029068 0.1672922 0.1510814 0.1170631 0.5833749 0.1468039 0.1497515 0.3499870 0.3447829 0.1206793 0.6016978 0.1628714 0.1561116 0.1038747 0.5763838 0.6021660 0.1798196 0.1453692 0.2103944 0.1207892 0.1205410 0.1017125 0.1482441 0.6105677 0.1452790 0.5676431 0.6238294 0.1352645 0.0450842 0.1462035 0.1190975 0.1728838 0.1259719 0.1304333 1.0132149 0.0798544 0.5951415 0.1448369 0.8971579 0.5759304 0.1484656 0.1253654 0.1124524 
Conoclinium_coelestinum_SRR9119114         0.1910348 0.6488468 0.0000000 0.1648780 0.1506048 0.3199327 0.4177275 0.6274493 0.6219214 0.3039668 0.5875205 0.4967517 0.3004455 0.9022134 3.0257315 0.5635115 0.3034689 0.6262979 0.2158629 0.6012094 0.6092097 0.6347156 0.6826585 0.6083177 0.5652715 0.4819419 0.2878591 0.3105746 0.3204389 0.3089298 0.2925261 0.3004549 0.3074227 0.5689590 0.2955290 0.5851776 0.6487354 0.5975609 0.6194380 0.3094283 0.5819438 0.6185085 0.2378233 0.7341467 0.6170725 0.3046935 0.5875205 0.5843709 0.4541243 0.3000091 0.9100284 0.5420403 0.4632696 0.5250022 0.5587837 0.6128498 0.3492651 0.4809002 0.3016872 0.6168657 0.3063567 0.3119921 0.5938177 0.2558355 0.5653180 0.6199393 0.5004734 0.6296139 0.6172728 1.3427978 0.3557978 0.2921150 0.5864932 1.7105481 0.2969058 0.3318049 0.5923284 0.6129579 
Eutetras_pringlei_149_quer                 0.0658040 0.2826811 0.1648780 0.0000000 0.1074904 0.1134177 0.1402305 0.2793891 0.2962577 0.0833675 0.2892729 0.3060974 0.0703034 0.4305713 9.0000000 0.2886719 0.0679748 0.3014419 0.0643295 0.3257089 0.3024307 0.3406042 0.2803839 0.3095824 0.2761555 0.2592074 0.0913947 0.0788860 0.0595271 0.0754317 0.0569389 0.0798154 0.0744215 0.2930502 0.0779023 0.2816392 0.3581445 0.2954515 0.3199238 0.0872280 0.3176888 0.2936742 0.1152677 0.2894489 0.2960379 0.0853149 0.2706444 0.2272369 0.2975086 0.0632176 0.4838646 0.2647636 0.2775449 0.3171870 0.2914324 0.2971850 0.2752479 0.3013817 0.0883221 0.2901068 0.0685604 0.1190511 0.2762780 0.2253678 0.3113724 0.3479774 0.2946081 0.3322433 0.2905766 0.8362229 0.3230435 0.1164829 0.3034045 9.0000000 0.0752283 0.2998457 0.3424706 0.2740212 
Eutrochium_fistulosum_SRR9119106           0.1213418 0.5805873 0.1506048 0.1074904 0.0000000 0.2158733 0.3134177 0.5534441 0.6563780 0.1591217 0.5185137 0.5660026 0.1458947 0.9454260 9.0000000 0.4957295 0.1330531 0.5442538 0.1084204 0.5712267 0.5059831 0.6278220 0.7164511 0.6352110 0.6306199 0.5056810 0.1581235 0.1957147 0.0986686 0.1292186 0.1125549 0.1404477 0.1541158 0.5678916 0.1580129 0.5583291 0.5906917 0.6129483 0.5594337 0.1456494 0.6596991 0.6160041 0.1991868 0.7513260 0.5744085 0.1418902 0.5492279 0.5430429 0.5486468 0.2300668 0.7797368 0.5113336 0.4473787 0.3659355 0.6453292 0.6200184 0.5606378 0.5276339 0.2146760 0.5821876 0.1426573 0.1769178 0.6050070 0.2316038 0.5836498 0.6461791 0.5123559 0.6196290 0.5862705 1.0552440 0.3588075 0.1574065 0.6711569 0.0000010 0.1351311 0.4027807 0.6147586 0.5532068 
Galeana_pratensis_104_mex                  0.1473501 0.4941549 0.3199327 0.1134177 0.2158733 0.0000000 0.2473471 0.4916523 0.4015592 0.2523958 0.4541944 0.4170915 0.2221498 0.5997187 9.0000000 0.3842320 0.2466438 0.4760487 0.1586782 0.4756510 0.4373450 0.4901975 0.5056477 0.4750990 0.4033716 0.3853438 0.2744260 0.2483400 0.2206006 0.2415778 0.2353392 0.2525721 0.2528852 0.4780213 0.2218614 0.4509865 0.5127889 0.4718257 0.4768504 0.2603521 0.5300286 0.4559211 0.1725125 0.4541081 0.4629346 0.2601849 0.4330983 0.4039710 0.2866193 0.2196041 0.6174719 0.4041521 0.2945298 0.2934706 0.4351723 0.4612055 0.2562623 0.3714458 0.2546683 0.4378137 0.2238640 0.2636718 0.4034369 0.2087408 0.4680265 0.4818989 0.4037477 0.4791939 0.4650240 1.1692487 0.2731820 0.2599075 0.4753202 1.2887686 0.2293784 0.2678870 0.4817131 0.3722105 
Helianthus_annuus_SRR9119062               0.2933057 0.5813963 0.4177275 0.1402305 0.3134177 0.2473471 0.0000000 0.5330975 0.6128003 0.3194637 0.5160023 0.4701427 0.3140607 0.8207534 9.0000000 0.5319905 0.2935751 0.5422804 0.1672131 0.5406950 0.5129609 0.5588830 0.6105556 0.5266011 0.5254612 0.4844131 0.3257951 0.3129445 0.2361455 0.3115165 0.2828195 0.3162387 0.3107791 0.5338597 0.3131295 0.5118199 0.5571565 0.5365280 0.5495645 0.3335171 0.5557713 0.5122683 0.2861871 0.6243121 0.5343038 0.3284794 0.5103091 0.4739755 0.4151326 0.2898101 0.7484884 0.5262909 0.4289453 0.4076255 0.5377625 0.5325188 0.3855135 0.4845363 0.3051276 0.5477462 0.2896434 0.3791051 0.5317640 0.2583818 0.5338900 0.5481448 0.5002515 0.5495498 0.5390879 1.2701837 0.3500637 0.3799194 0.5424562 1.9821080 0.2829868 0.4292548 0.5728581 0.5331913 
Lycapsus_tenuifolius_17                    0.4183854 0.0556423 0.6274493 0.2793891 0.5534441 0.4916523 0.5330975 0.0000000 0.2065606 0.5724842 0.1116664 0.1206744 0.5464095 0.5780368 0.8576725 0.1661653 0.5555644 0.1100423 0.3986149 0.0938500 0.1932911 0.1117329 0.2062564 0.1693269 0.1309830 0.1351394 0.5490507 0.5909690 0.5562246 0.6152090 0.5725260 0.5797507 0.6008457 0.1297857 0.5397187 0.0906746 0.1829472 0.1331799 0.1096255 0.5789673 0.1240512 0.1338787 0.3462168 0.3554243 0.1104263 0.5936123 0.1827512 0.1510079 0.0813692 0.5388184 0.5640302 0.1630119 0.1346166 0.2447667 0.1094934 0.1090991 0.0524949 0.1376948 0.5909860 0.1250394 0.5512952 0.6080564 0.1183414 0.0409937 0.1321328 0.1040774 0.1367404 0.1085480 0.1200072 0.9239624 0.0547944 0.5844166 0.1251956 0.8132829 0.5630444 0.0867140 0.1155693 0.1286612 
Pericome_caudata_50_silver                 0.4061545 0.2001803 0.6219214 0.2962577 0.6563780 0.4015592 0.6128003 0.2065606 0.0000000 0.6198974 0.1962037 0.1808921 0.5550215 0.6858327 1.5646400 0.2088113 0.5955983 0.2075755 0.4458337 0.1878271 0.2480070 0.1709871 0.2166439 0.2046132 0.1789775 0.2261915 0.5896700 0.6842423 0.5694227 0.6500448 0.6356573 0.6059991 0.6261030 0.2204307 0.5511261 0.1774694 0.2363517 0.2100715 0.1936088 0.5937886 0.1800065 0.1977995 0.3675245 0.4531132 0.2036922 0.6005389 0.2155565 0.2290586 0.1560634 0.6310204 0.6391241 0.2212901 0.2178185 0.2989287 0.1495412 0.1680833 0.0899001 0.2309764 0.6737578 0.2254380 0.5786042 0.5822193 0.1571323 0.0742886 0.2013656 0.1830740 0.2309959 0.1708670 0.1982203 1.0074940 0.0952102 0.5762658 0.1810176 0.9191109 0.5978526 0.1595607 0.1679038 0.2196752 
Perityle_aglossa_84_dead_horse             0.0968704 0.5854502 0.3039668 0.0833675 0.1591217 0.2523958 0.3194637 0.5724842 0.6198974 0.0000000 0.5568475 0.5169143 0.0439102 0.8603157 1.3350654 0.5299193 0.0283592 0.5759250 0.0413162 0.5681226 0.5866510 0.5878437 0.6518265 0.5923621 0.5845193 0.5052345 0.1360459 0.1094183 0.0631806 0.0206566 0.0482393 0.0504224 0.0286772 0.5605362 0.0478136 0.5486849 0.6079081 0.5746282 0.5808753 0.0581914 0.5706297 0.5810570 0.1508800 0.7452222 0.5684819 0.0539407 0.5710580 0.5435624 0.4794777 0.0536883 0.8175855 0.5485929 0.4547645 0.4711543 0.5503823 0.5677073 0.4122795 0.5154059 0.0038646 0.5862871 0.0516766 0.1308413 0.5592332 0.2004123 0.5626304 0.5906145 0.5111089 0.5860642 0.5732888 1.1258456 0.3768944 0.1237459 0.5729402 1.0109913 0.0024698 0.4271537 0.5833145 0.5407536 
Perityle_ajoensis_204                      0.3636962 0.1169763 0.5875205 0.2892729 0.5185137 0.4541944 0.5160023 0.1116664 0.1962037 0.5568475 0.0000000 0.1009584 0.5139068 0.5891091 1.2300676 0.1798955 0.5413198 0.0043770 0.3905181 0.0254044 0.1620352 0.0032621 0.2109752 0.1661048 0.1021738 0.1465621 0.5468953 0.5740384 0.5065317 0.5641306 0.5379409 0.5597141 0.5522382 0.0971696 0.5168224 0.0057305 0.0749424 0.1198225 0.0054980 0.5572891 0.0973452 0.1426184 0.3693401 0.1934704 0.0043725 0.5462814 0.0691044 0.1369896 0.0646801 0.5029348 0.5678771 0.1546619 0.1404805 0.1736247 0.0023652 0.0032746 0.0572540 0.1434482 0.5479932 0.0987263 0.5036380 0.5777983 0.1254051 0.0545410 0.1464206 0.0488598 0.1427123 0.0054656 0.0098321 0.9135487 0.0000010 0.5543720 0.1107615 0.8933146 0.5284435 0.1174706 0.0092007 0.0947453 
Perityle_ambrosiifolia_67_green            0.3611890 0.1383407 0.4967517 0.3060974 0.5660026 0.4170915 0.4701427 0.1206744 0.1808921 0.5169143 0.1009584 0.0000000 0.4753449 0.5804211 9.0000000 0.1516499 0.4942849 0.0978431 0.3997322 0.0863567 0.0126505 0.0933635 0.1795483 0.0910756 0.1384539 0.1696970 0.5004152 0.5501930 0.4221645 0.5093632 0.4743554 0.5174213 0.5098567 0.1382036 0.4721992 0.0689880 0.1187227 0.1403459 0.0959764 0.5024199 0.1199677 0.0545999 0.3749174 0.3428288 0.0942366 0.4842693 0.0943861 0.0654509 0.0484102 0.4905917 0.5581834 0.1064459 0.1089918 0.1342578 0.0954639 0.0954424 0.0725441 0.1054156 0.5237998 0.1448190 0.4573843 0.5059836 0.1332923 0.0584429 0.0562142 0.1163983 0.1734841 0.0938597 0.0989747 0.9210628 0.0290309 0.4918776 0.1306160 1.3907469 0.4726353 0.1254402 0.0976325 0.1218514 
Perityle_batopilensis_97                   0.0979300 0.5576057 0.3004455 0.0703034 0.1458947 0.2221498 0.3140607 0.5464095 0.5550215 0.0439102 0.5139068 0.4753449 0.0000000 0.8477142 1.4403701 0.5095165 0.0505526 0.5435848 0.0571154 0.5451182 0.5764559 0.5618991 0.6071626 0.5512624 0.5621984 0.4501744 0.1297585 0.1244451 0.0734953 0.0428848 0.0574711 0.0542277 0.0774419 0.5331993 0.0059013 0.5207684 0.6498209 0.5453456 0.5365892 0.0628196 0.5524617 0.5492395 0.1097734 0.7150231 0.5411002 0.0566058 0.6025764 0.5210703 0.4227197 0.0592794 0.8432642 0.5005389 0.3823890 0.5138388 0.5084723 0.5438542 0.4022114 0.5104558 0.0362422 0.5365169 0.0592227 0.1896840 0.5147871 0.1972249 0.5037129 0.5608174 0.4564299 0.5629313 0.5497782 1.1307894 0.3712408 0.1601554 0.5207582 0.9942932 0.0387603 0.4322255 0.5410312 0.5370529 
Perityle_bisetosa_9                        0.5884236 0.6178007 0.9022134 0.4305713 0.9454260 0.5997187 0.8207534 0.5780368 0.6858327 0.8603157 0.5891091 0.5804211 0.8477142 0.0000000 2.3971080 0.5305059 0.8041145 0.5973000 0.6237237 0.6408610 0.6527727 0.6311474 0.6728194 0.6611722 0.6553809 0.6445880 0.8158612 0.9266703 0.7493831 0.8921192 0.8498554 0.8456401 0.5425000 0.7010769 0.8443017 0.6037802 0.3432021 0.6772876 0.6067789 0.8449733 0.6971800 0.6074720 0.5853953 0.5295968 0.6197512 0.8379928 0.3151347 0.6336608 0.5813157 0.8745318 0.0441009 0.6059733 0.5452117 0.4588427 0.6287506 0.6662983 0.5228092 0.5865798 0.8736672 0.6524717 0.8403324 0.8286977 0.6466450 0.2552700 0.5715070 0.6658138 0.6368282 0.6358224 0.6140482 0.1249533 0.3516130 0.7973886 0.6967536 0.1077743 0.8023251 0.3819596 0.6274554 0.6059635 
Perityle_californica_76_positas            9.0000000 1.0632109 3.0257315 9.0000000 9.0000000 9.0000000 9.0000000 0.8576725 1.5646400 1.3350654 1.2300676 9.0000000 1.4403701 2.3971080 0.0000000 1.8315118 1.6661016 1.1786241 9.0000000 1.1749349 0.0491277 1.1176465 1.0986962 1.5181366 1.7079482 9.0000000 1.2872689 1.4019856 1.6361000 1.3719908 1.3417777 1.3913262 1.6388908 0.8967663 1.4765130 1.1526446 1.6946643 1.0576030 1.4106423 1.3454974 0.8967663 1.0936933 9.0000000 1.7414281 1.1009040 1.2718069 1.0836026 1.0349954 9.0000000 1.1316479 1.7141631 1.8213472 9.0000000 1.1164084 2.5749399 1.1176465 9.0000000 0.5863916 1.4318362 1.0947010 1.1316479 1.7330431 1.8251537 9.0000000 3.5127809 1.1508182 9.0000000 1.1176465 1.1893450 1.7960962 9.0000000 1.6916750 1.2611636 1.8193489 1.4198807 9.0000000 2.3421190 1.1775387 
Perityle_canescens_77                      0.3900325 0.1992076 0.5635115 0.2886719 0.4957295 0.3842320 0.5319905 0.1661653 0.2088113 0.5299193 0.1798955 0.1516499 0.5095165 0.5305059 1.8315118 0.0000000 0.5215634 0.1898157 0.3731807 0.1726585 0.2195234 0.1839479 0.2287780 0.1893921 0.1629265 0.1570743 0.5610803 0.5762101 0.4844657 0.5445813 0.5138044 0.5266187 0.5363841 0.1982135 0.5051718 0.1680440 0.2022716 0.1836877 0.1814372 0.5387541 0.1947961 0.1849409 0.3318306 0.4120018 0.1888434 0.5224832 0.1725787 0.1807297 0.0858969 0.4962523 0.5478667 0.1883805 0.1417492 0.2310065 0.1629888 0.1884074 0.0403964 0.1631076 0.5269854 0.1827322 0.4730177 0.5765893 0.2003934 0.0463326 0.1581566 0.1816809 0.1502890 0.1888185 0.1901518 0.9456638 0.0506745 0.5475099 0.1451847 1.1143221 0.4960322 0.1110668 0.1657020 0.1732549 
Perityle_castillonii_96                    0.0978758 0.5764959 0.3034689 0.0679748 0.1330531 0.2466438 0.2935751 0.5555644 0.5955983 0.0283592 0.5413198 0.4942849 0.0505526 0.8041145 1.6661016 0.5215634 0.0000000 0.5633066 0.0279561 0.5610932 0.5652871 0.5857006 0.6208031 0.5490003 0.5440470 0.4645488 0.1296094 0.1169051 0.0671424 0.0230409 0.0428534 0.0475446 0.0047640 0.5429646 0.0561667 0.5243577 0.5883246 0.5703462 0.5706224 0.0594204 0.5694197 0.5464760 0.1433011 0.6706198 0.5579375 0.0562533 0.5412982 0.4968257 0.4403363 0.0469109 0.7447503 0.5106674 0.4035184 0.4502207 0.5508643 0.5593409 0.3659185 0.4610808 0.0246885 0.5490635 0.0391735 0.1388056 0.5461178 0.2139895 0.5395922 0.5629448 0.4844976 0.5762436 0.5631772 1.0693084 0.3723799 0.1344586 0.5626693 0.9694783 0.0180040 0.4365548 0.5856941 0.5069272 
Perityle_cfvillosa_25_tin                  0.3741782 0.1132697 0.6262979 0.3014419 0.5442538 0.4760487 0.5422804 0.1100423 0.2075755 0.5759250 0.0043770 0.0978431 0.5435848 0.5973000 1.1786241 0.1898157 0.5633066 0.0000000 0.4104635 0.0250045 0.1670466 0.0030746 0.2069177 0.1577360 0.1096941 0.1466064 0.5677613 0.6096585 0.5523328 0.6059483 0.5766861 0.5888740 0.5843262 0.1036007 0.5471456 0.0032234 0.0762223 0.1211231 0.0041914 0.5836886 0.1025502 0.1349599 0.3893698 0.2038624 0.0020509 0.5820018 0.0732985 0.1280142 0.0605488 0.5379828 0.5702182 0.1567128 0.1450514 0.1816279 0.0011186 0.0010240 0.0643040 0.1413115 0.5777034 0.1048546 0.5380144 0.6107460 0.1277167 0.0644988 0.1405016 0.0459388 0.1431634 0.0041149 0.0082271 0.9088472 0.0028960 0.5864875 0.1138642 0.8534868 0.5663046 0.1281591 0.0087582 0.0983337 
Perityle_cinerea_113_Powell1310            0.0826726 0.4154270 0.2158629 0.0643295 0.1084204 0.1586782 0.1672131 0.3986149 0.4458337 0.0413162 0.3905181 0.3997322 0.0571154 0.6237237 9.0000000 0.3731807 0.0279561 0.4104635 0.0000000 0.4010076 0.3965297 0.4447624 0.4336096 0.4194450 0.3479593 0.3596700 0.0944990 0.0824794 0.0511086 0.0359334 0.0172312 0.0384431 0.0304006 0.3781199 0.0640491 0.3670522 0.4263177 0.4042213 0.4220894 0.0511082 0.4221375 0.4112328 0.1082588 0.3997366 0.4065261 0.0490847 0.3618785 0.3281786 0.3567649 0.0234329 0.5762156 0.3803298 0.3593560 0.3320823 0.4024356 0.4003816 0.2561891 0.3824835 0.0411153 0.3884626 0.0216636 0.1253785 0.3501761 0.2139714 0.4122275 0.4090015 0.3711746 0.4238075 0.4013908 0.9661069 0.2998214 0.1193991 0.4056423 1.6391902 0.0313507 0.3082315 0.4477494 0.3179625 
Perityle_coahuilensis_24                   0.3762947 0.1063037 0.6012094 0.3257089 0.5712267 0.4756510 0.5406950 0.0938500 0.1878271 0.5681226 0.0254044 0.0863567 0.5451182 0.6408610 1.1749349 0.1726585 0.5610932 0.0250045 0.4010076 0.0000000 0.1673509 0.0295386 0.1619969 0.1290957 0.1040990 0.1318274 0.5581654 0.6265148 0.5575021 0.6123126 0.5688043 0.5770271 0.6100121 0.1047704 0.5466265 0.0205571 0.1240155 0.1260010 0.0248519 0.5753469 0.1054531 0.1096267 0.3988840 0.2668852 0.0310031 0.5900032 0.1485967 0.1260307 0.0360865 0.6018315 0.6188060 0.1424185 0.1110443 0.2386024 0.0226721 0.0333105 0.0621166 0.1238389 0.6523968 0.1032299 0.5645882 0.6206332 0.1269834 0.0472680 0.1146283 0.0130036 0.1306094 0.0323883 0.0340741 0.9121155 0.0086420 0.5837500 0.1473728 1.1152497 0.5705413 0.1101161 0.0279591 0.1264886 
Perityle_cochisensis_44_cave_creek         0.3636772 0.2138237 0.6092097 0.3024307 0.5059831 0.4373450 0.5129609 0.1932911 0.2480070 0.5866510 0.1620352 0.0126505 0.5764559 0.6527727 0.0491277 0.2195234 0.5652871 0.1670466 0.3965297 0.1673509 0.0000000 0.1636778 0.2554945 0.1601126 0.2080734 0.1753479 0.5440965 0.6188028 0.5522200 0.6030342 0.5734463 0.5883930 0.6107299 0.1888135 0.5749803 0.1415802 0.2124137 0.1977383 0.1608527 0.5739884 0.1761141 0.1212988 0.3618315 0.3580863 0.1656389 0.5673806 0.1843395 0.1302856 0.0494904 0.5367747 0.6616073 0.1505047 0.1095564 0.2861715 0.1333918 0.1670467 0.0560097 0.1093666 0.5917001 0.1953821 0.5278800 0.6215200 0.1863067 0.0631875 0.0912750 0.1918289 0.1810716 0.1659965 0.1692334 1.0683989 0.0381558 0.5975088 0.1679315 1.7142559 0.5712629 0.1265754 0.1512039 0.2013514 
Perityle_congesta_202                      0.4039958 0.1228595 0.6347156 0.3406042 0.6278220 0.4901975 0.5588830 0.1117329 0.1709871 0.5878437 0.0032621 0.0933635 0.5618991 0.6311474 1.1176465 0.1839479 0.5857006 0.0030746 0.4447624 0.0295386 0.1636778 0.0000000 0.1657676 0.1313841 0.0994092 0.1475308 0.5782077 0.6643773 0.5732632 0.6254214 0.5999993 0.5975146 0.5983586 0.1062017 0.5644629 0.0045693 0.0842762 0.1166824 0.0020381 0.5967735 0.1027211 0.1189976 0.4185350 0.2310000 0.0038313 0.6058647 0.0837452 0.1407146 0.0579317 0.6246766 0.5791861 0.1534208 0.1393842 0.1967797 0.0025774 0.0039316 0.0677859 0.1439596 0.6520598 0.1099089 0.5599587 0.6295668 0.1233920 0.0556547 0.1373374 0.0478935 0.1447148 0.0054863 0.0089183 0.9129974 0.0000010 0.5971866 0.1081970 0.8625144 0.5899327 0.1194759 0.0072112 0.1155935 
Perityle_cordifolia_27                     0.3904331 0.2344104 0.6826585 0.2803839 0.7164511 0.5056477 0.6105556 0.2062564 0.2166439 0.6518265 0.2109752 0.1795483 0.6071626 0.6728194 1.0986962 0.2287780 0.6208031 0.2069177 0.4336096 0.1619969 0.2554945 0.1657676 0.0000000 0.1377332 0.2063100 0.2541692 0.6486538 0.7251690 0.6291482 0.6636055 0.6223865 0.6495465 0.6437196 0.2115081 0.6108580 0.1626426 0.2047305 0.1931269 0.2044865 0.6577121 0.1901558 0.1438397 0.3409190 0.4865183 0.2008155 0.6381814 0.2182190 0.1349950 0.0765578 0.6387119 0.6238464 0.2532151 0.0850627 0.1839246 0.1595955 0.1619869 0.0777069 0.1521122 0.7016076 0.2282197 0.5748118 0.6730320 0.2024141 0.0240405 0.1664223 0.1476905 0.2433035 0.1654362 0.1920789 1.0578815 0.0545464 0.6386460 0.1871956 1.0251822 0.6285997 0.1331654 0.1887636 0.2044500 
Perityle_cordifolia_68_tecolote            0.3783878 0.1784400 0.6083177 0.3095824 0.6352110 0.4750990 0.5266011 0.1693269 0.2046132 0.5923621 0.1661048 0.0910756 0.5512624 0.6611722 1.5181366 0.1893921 0.5490003 0.1577360 0.4194450 0.1290957 0.1601126 0.1313841 0.1377332 0.0000000 0.1565551 0.1884587 0.5496731 0.6431021 0.5383227 0.6102132 0.5921700 0.5756737 0.6080559 0.1776788 0.5410491 0.1111901 0.1756941 0.1666715 0.1555726 0.5840704 0.1603145 0.0724379 0.3707750 0.4058330 0.1591983 0.6020287 0.1775581 0.0696295 0.0420491 0.6199685 0.6169925 0.1467022 0.0211614 0.2126162 0.1192877 0.1335191 0.1013595 0.1139045 0.6529268 0.1794632 0.5418984 0.5900669 0.1480756 0.0275023 0.0554788 0.1258237 0.1934794 0.1348619 0.1541049 0.9795111 0.0796457 0.5609823 0.1464324 1.0216072 0.5767707 0.1466377 0.1372358 0.1833540 
Perityle_coronopifolia_28_patagonia        0.3492158 0.1615367 0.5652715 0.2761555 0.6306199 0.4033716 0.5254612 0.1309830 0.1789775 0.5845193 0.1021738 0.1384539 0.5621984 0.6553809 1.7079482 0.1629265 0.5440470 0.1096941 0.3479593 0.1040990 0.2080734 0.0994092 0.2063100 0.1565551 0.0000000 0.1444302 0.5753373 0.6589451 0.5419689 0.6063590 0.5947005 0.5718894 0.6103954 0.1301228 0.5642607 0.0945833 0.1820756 0.1093436 0.1123714 0.5645147 0.1306744 0.1532507 0.3431150 0.3293474 0.1197498 0.5713095 0.1865467 0.1835362 0.0963783 0.6471794 0.6510997 0.1479222 0.1279907 0.2941871 0.0882883 0.1001285 0.0377651 0.1183315 0.6754080 0.0499907 0.6033216 0.5982108 0.1245533 0.0396576 0.1481014 0.1143230 0.1450517 0.0986878 0.1165124 0.9658527 0.0549162 0.5696228 0.1088104 1.0327570 0.5477977 0.0885378 0.0895038 0.1633908 
Perityle_crassifolia_70_ventanas           0.3896128 0.1696902 0.4819419 0.2592074 0.5056810 0.3853438 0.4844131 0.1351394 0.2261915 0.5052345 0.1465621 0.1696970 0.4501744 0.6445880 9.0000000 0.1570743 0.4645488 0.1466064 0.3596700 0.1318274 0.1753479 0.1475308 0.2541692 0.1884587 0.1444302 0.0000000 0.5086936 0.5140344 0.4212474 0.4921848 0.4711324 0.5011338 0.4858865 0.1464546 0.4453974 0.1230522 0.1550152 0.1769492 0.1436713 0.4972422 0.1424427 0.1766668 0.3560288 0.3487662 0.1480342 0.4717296 0.1255860 0.1743918 0.1408104 0.4496391 0.6440087 0.1735962 0.1827154 0.1893430 0.1478367 0.1479812 0.0818634 0.1699799 0.4868431 0.1627223 0.4554533 0.5121443 0.1498910 0.0598687 0.1864034 0.1509551 0.0212041 0.1467365 0.1499355 1.0629773 0.0815311 0.4898359 0.1564430 0.7999627 0.4555436 0.1607630 0.1517671 0.1155674 
Perityle_cuneata_34_cuneata_San_antonio    0.1030065 0.5559962 0.2878591 0.0913947 0.1581235 0.2744260 0.3257951 0.5490507 0.5896700 0.1360459 0.5468953 0.5004152 0.1297585 0.8158612 1.2872689 0.5610803 0.1296094 0.5677613 0.0944990 0.5581654 0.5440965 0.5782077 0.6486538 0.5496731 0.5753373 0.5086936 0.0000000 0.0848020 0.0995153 0.1295251 0.0999684 0.1310816 0.1356950 0.5352825 0.1303185 0.5447520 0.5668920 0.5622023 0.5688548 0.1423776 0.5517627 0.5589550 0.1399717 0.6934842 0.5589610 0.1347144 0.5507261 0.5223724 0.4621670 0.1366681 0.8236839 0.5413749 0.4328458 0.4433750 0.5417302 0.5556970 0.4190101 0.5031893 0.1327007 0.5770451 0.1319348 0.1545047 0.5379802 0.2140427 0.5372283 0.5659837 0.5289841 0.5696120 0.5596234 1.1676836 0.3860921 0.1485790 0.5688798 1.0382331 0.1154879 0.4765503 0.5871849 0.5177822 
Perityle_cuneata_4                         0.1195709 0.6402955 0.3105746 0.0788860 0.1957147 0.2483400 0.3129445 0.5909690 0.6842423 0.1094183 0.5740384 0.5501930 0.1244451 0.9266703 1.4019856 0.5762101 0.1169051 0.6096585 0.0824794 0.6265148 0.6188028 0.6643773 0.7251690 0.6431021 0.6589451 0.5140344 0.0848020 0.0000000 0.0924031 0.1285425 0.0935381 0.1106862 0.1365740 0.6137554 0.1172685 0.6040860 0.6846819 0.6473312 0.6025894 0.1304546 0.6461198 0.6169042 0.1402631 0.8004692 0.6283479 0.1372677 0.6456925 0.5936480 0.5106508 0.1298163 0.8926191 0.5572521 0.4528576 0.5391347 0.6174212 0.6489891 0.5031706 0.5689231 0.1215033 0.6326764 0.1301447 0.1817737 0.6107392 0.2258701 0.5677035 0.6531726 0.5208678 0.6625994 0.6422300 1.1101310 0.3899536 0.1600670 0.6148383 1.0604367 0.1057212 0.4721783 0.6276649 0.5984822 
Perityle_discoidea_81                      0.0674807 0.5864329 0.3204389 0.0595271 0.0986686 0.2206006 0.2361455 0.5562246 0.5694227 0.0631806 0.5065317 0.4221645 0.0734953 0.7493831 1.6361000 0.4844657 0.0671424 0.5523328 0.0511086 0.5575021 0.5522200 0.5732632 0.6291482 0.5383227 0.5419689 0.4212474 0.0995153 0.0924031 0.0000000 0.0645495 0.0453545 0.0640940 0.0710399 0.5450488 0.0803434 0.5228705 0.6354787 0.5364708 0.5420312 0.0790701 0.5613961 0.5390186 0.1304012 0.6142091 0.5435534 0.0750133 0.5865083 0.5049169 0.3621212 0.0692422 0.7361664 0.4597476 0.3553909 0.4818329 0.4938861 0.5449994 0.2826463 0.4645860 0.0653776 0.5329004 0.0681576 0.1152051 0.5051363 0.1788375 0.4778921 0.5652021 0.4391533 0.5681390 0.5516434 1.1470072 0.3293064 0.1123205 0.5004702 1.1789215 0.0533627 0.3361066 0.5411731 0.5371070 
Perityle_dissecta_201                      0.1055298 0.6284593 0.3089298 0.0754317 0.1292186 0.2415778 0.3115165 0.6152090 0.6500448 0.0206566 0.5641306 0.5093632 0.0428848 0.8921192 1.3719908 0.5445813 0.0230409 0.6059483 0.0359334 0.6123126 0.6030342 0.6254214 0.6636055 0.6102132 0.6063590 0.4921848 0.1295251 0.1285425 0.0645495 0.0000000 0.0491676 0.0458198 0.0700181 0.5986770 0.0474259 0.5851610 0.7034081 0.6297848 0.5985472 0.0584369 0.6343978 0.6196071 0.1505435 0.7446628 0.6097438 0.0604733 0.6509017 0.5826476 0.4615973 0.0657963 0.8526483 0.5438084 0.4475396 0.5713483 0.5659525 0.6110942 0.3923134 0.5475916 0.0256850 0.5880480 0.0654013 0.1908557 0.5750114 0.2183473 0.5625900 0.6290171 0.5050261 0.6295901 0.6114255 1.0581015 0.3774932 0.1536803 0.5973309 0.9529636 0.0116091 0.4423943 0.6030758 0.6035844 
Perityle_emoryi_47_punta_san_jose          0.0585562 0.6075303 0.2925261 0.0569389 0.1125549 0.2353392 0.2828195 0.5725260 0.6356573 0.0482393 0.5379409 0.4743554 0.0574711 0.8498554 1.3417777 0.5138044 0.0428534 0.5766861 0.0172312 0.5688043 0.5734463 0.5999993 0.6223865 0.5921700 0.5947005 0.4711324 0.0999684 0.0935381 0.0453545 0.0491676 0.0000000 0.0512815 0.0563456 0.5646497 0.0627807 0.5598966 0.6424112 0.5996196 0.5709969 0.0524438 0.5736578 0.5932690 0.1334379 0.6853665 0.5776515 0.0486649 0.6104450 0.5753412 0.4272853 0.0401878 0.8098695 0.5219915 0.4184892 0.5028298 0.5358268 0.5789631 0.3557902 0.5166328 0.0511634 0.5659199 0.0366291 0.1119165 0.5367598 0.1441487 0.5258805 0.5856135 0.4823170 0.5858344 0.5870244 1.1703306 0.3278034 0.1072630 0.5568704 1.1057423 0.0353380 0.3702262 0.5732367 0.5601948 
Perityle_feddemae_99                       0.1059354 0.5889338 0.3004549 0.0798154 0.1404477 0.2525721 0.3162387 0.5797507 0.6059991 0.0504224 0.5597141 0.5174213 0.0542277 0.8456401 1.3913262 0.5266187 0.0475446 0.5888740 0.0384431 0.5770271 0.5883930 0.5975146 0.6495465 0.5756737 0.5718894 0.5011338 0.1310816 0.1106862 0.0640940 0.0458198 0.0512815 0.0000000 0.0541372 0.5560477 0.0574063 0.5492037 0.6170002 0.5852721 0.5829680 0.0256009 0.5674407 0.5749068 0.1476415 0.7266683 0.5783283 0.0225810 0.5797206 0.5437014 0.4738878 0.0551970 0.8091179 0.5431526 0.4427895 0.4797649 0.5538341 0.5775503 0.4108830 0.5176375 0.0488063 0.5764420 0.0562565 0.1167527 0.5623049 0.2208606 0.5478942 0.5951628 0.5102435 0.5952480 0.5819228 1.1123517 0.3693628 0.1097817 0.5737611 0.9463937 0.0351706 0.4507274 0.5885829 0.5480163 
Perityle_fosteri_93                        0.1040104 0.6070643 0.3074227 0.0744215 0.1541158 0.2528852 0.3107791 0.6008457 0.6261030 0.0286772 0.5522382 0.5098567 0.0774419 0.5425000 1.6388908 0.5363841 0.0047640 0.5843262 0.0304006 0.6100121 0.6107299 0.5983586 0.6437196 0.6080559 0.6103954 0.4858865 0.1356950 0.1365740 0.0710399 0.0700181 0.0563456 0.0541372 0.0000000 0.5776573 0.0510358 0.5762078 0.4822831 0.6283561 0.5729538 0.0604470 0.6150840 0.6135009 0.1515103 0.6525763 0.6026782 0.0964710 0.4414612 0.5852396 0.4747796 0.1311209 0.5401302 0.5350872 0.4522222 0.5912342 0.5518818 0.6038323 0.4099224 0.5744045 0.1066247 0.5803003 0.1319821 0.2025650 0.5496289 0.2302132 0.5561480 0.6229855 0.4995778 0.6102044 0.5852760 0.5092296 0.3837754 0.1638739 0.6145872 0.4389691 0.0232286 0.4348004 0.5846745 0.5882826 
Perityle_gamon_221                         0.3531770 0.1555101 0.5689590 0.2930502 0.5678916 0.4780213 0.5338597 0.1297857 0.2204307 0.5605362 0.0971696 0.1382036 0.5331993 0.7010769 0.8967663 0.1982135 0.5429646 0.1036007 0.3781199 0.1047704 0.1888135 0.1062017 0.2115081 0.1776788 0.1301228 0.1464546 0.5352825 0.6137554 0.5450488 0.5986770 0.5646497 0.5560477 0.5776573 0.0000000 0.5286042 0.0935809 0.1685783 0.1365521 0.1022840 0.5623431 0.0067205 0.1490960 0.3512957 0.3298526 0.1146861 0.5798738 0.1645907 0.1620917 0.1093322 0.5295838 0.6758925 0.1666744 0.1629241 0.2678840 0.0987194 0.1035122 0.0724979 0.1544212 0.5824468 0.1319342 0.5341332 0.5962893 0.1299453 0.0876045 0.1470022 0.1134060 0.1462550 0.1072111 0.1161617 0.9903052 0.0646359 0.5643976 0.1362249 0.9598082 0.5670988 0.1401172 0.1069146 0.1441860 
Perityle_gentryi_8_san_francisco           0.0974106 0.5578391 0.2955290 0.0779023 0.1580129 0.2218614 0.3131295 0.5397187 0.5511261 0.0478136 0.5168224 0.4721992 0.0059013 0.8443017 1.4765130 0.5051718 0.0561667 0.5471456 0.0640491 0.5466265 0.5749803 0.5644629 0.6108580 0.5410491 0.5642607 0.4453974 0.1303185 0.1172685 0.0803434 0.0474259 0.0627807 0.0574063 0.0510358 0.5286042 0.0000000 0.5235139 0.6142859 0.5472824 0.5396564 0.0637203 0.5449134 0.5384032 0.1128425 0.7217184 0.5437210 0.0602498 0.5632568 0.4998087 0.4279022 0.0567057 0.8342213 0.5020603 0.3839799 0.4867376 0.5086949 0.5464845 0.4040110 0.5035648 0.0445249 0.5464479 0.0544988 0.1450070 0.5124900 0.2029542 0.5124504 0.5622971 0.4588617 0.5677781 0.5460843 1.1784908 0.3743057 0.1398428 0.5247900 1.0698996 0.0457224 0.4398783 0.5440923 0.5209350 
Perityle_gilensis_22_Superstition          0.3548314 0.1029068 0.5851776 0.2816392 0.5583291 0.4509865 0.5118199 0.0906746 0.1774694 0.5486849 0.0057305 0.0689880 0.5207684 0.6037802 1.1526446 0.1680440 0.5243577 0.0032234 0.3670522 0.0205571 0.1415802 0.0045693 0.1626426 0.1111901 0.0945833 0.1230522 0.5447520 0.6040860 0.5228705 0.5851610 0.5598966 0.5492037 0.5762078 0.0935809 0.5235139 0.0000000 0.0963420 0.1150586 0.0053597 0.5461017 0.0945398 0.0897585 0.3679240 0.2434343 0.0047174 0.5487458 0.1001701 0.1128551 0.0362206 0.5741487 0.5719111 0.1235264 0.1018217 0.2146272 0.0020410 0.0034703 0.0622138 0.1199296 0.5910472 0.0929983 0.5472581 0.5934585 0.1172438 0.0384852 0.0995921 0.0336457 0.1218769 0.0053174 0.0140484 0.8912328 0.0000010 0.5689853 0.1023588 0.8264637 0.5331536 0.1054205 0.0079287 0.1209622 
Perityle_gilensis_salensis_225             0.4006993 0.1672922 0.6487354 0.3581445 0.5906917 0.5127889 0.5571565 0.1829472 0.2363517 0.6079081 0.0749424 0.1187227 0.6498209 0.3432021 1.6946643 0.2022716 0.5883246 0.0762223 0.4263177 0.1240155 0.2124137 0.0842762 0.2047305 0.1756941 0.1820756 0.1550152 0.5668920 0.6846819 0.6354787 0.7034081 0.6424112 0.6170002 0.4822831 0.1685783 0.6142859 0.0963420 0.0000000 0.2226634 0.0689524 0.6154896 0.1989750 0.1743591 0.4184861 0.2334560 0.1271851 0.6725967 0.0874506 0.1852261 0.0388805 0.6876350 0.3406028 0.1648402 0.1196928 0.3736343 0.0513121 0.1587806 0.1040712 0.2055818 0.7079089 0.1497870 0.6765768 0.7528441 0.1586694 0.0511998 0.1229555 0.1502276 0.1533298 0.1044880 0.0800631 0.3181257 0.0284169 0.6829001 0.2768856 0.3149269 0.6290782 0.1415410 0.0599977 0.1834514 
Perityle_glaucescens_94                    0.3672150 0.1510814 0.5975609 0.2954515 0.6129483 0.4718257 0.5365280 0.1331799 0.2100715 0.5746282 0.1198225 0.1403459 0.5453456 0.6772876 1.0576030 0.1836877 0.5703462 0.1211231 0.4042213 0.1260010 0.1977383 0.1166824 0.1931269 0.1666715 0.1093436 0.1769492 0.5622023 0.6473312 0.5364708 0.6297848 0.5996196 0.5852721 0.6283561 0.1365521 0.5472824 0.1150586 0.2226634 0.0000000 0.1237968 0.5876650 0.1339565 0.1529511 0.3680072 0.3580768 0.1322383 0.5937904 0.2268867 0.1664749 0.1143509 0.6381389 0.6492562 0.1408672 0.1383882 0.2541610 0.1175566 0.1231434 0.0517205 0.1362661 0.6702799 0.1117316 0.5867085 0.6053814 0.1308960 0.0242946 0.1480774 0.1263791 0.1793718 0.1189056 0.1339385 0.9436850 0.0714107 0.5752152 0.0604313 0.9856117 0.5786509 0.1100702 0.1228794 0.1634235 
Perityle_gracilis_11                       0.3934887 0.1170631 0.6194380 0.3199238 0.5594337 0.4768504 0.5495645 0.1096255 0.1936088 0.5808753 0.0054980 0.0959764 0.5365892 0.6067789 1.4106423 0.1814372 0.5706224 0.0041914 0.4220894 0.0248519 0.1608527 0.0020381 0.2044865 0.1555726 0.1123714 0.1436713 0.5688548 0.6025894 0.5420312 0.5985472 0.5709969 0.5829680 0.5729538 0.1022840 0.5396564 0.0053597 0.0689524 0.1237968 0.0000000 0.5819635 0.0998527 0.1330865 0.3979811 0.2154260 0.0041181 0.5695233 0.0645898 0.1273215 0.0590862 0.5328132 0.5767061 0.1503866 0.1403846 0.1751707 0.0011059 0.0030843 0.0589241 0.1421713 0.5685681 0.1058945 0.5325594 0.5995958 0.1310930 0.0524470 0.1391966 0.0456891 0.1408810 0.0040926 0.0082179 0.9244678 0.0000010 0.5749889 0.1151383 0.8498110 0.5563778 0.1202273 0.0107526 0.0990580 
Perityle_harkerae_31                       0.1158658 0.5833749 0.3094283 0.0872280 0.1456494 0.2603521 0.3335171 0.5789673 0.5937886 0.0581914 0.5572891 0.5024199 0.0628196 0.8449733 1.3454974 0.5387541 0.0594204 0.5836886 0.0511082 0.5753469 0.5739884 0.5967735 0.6577121 0.5840704 0.5645147 0.4972422 0.1423776 0.1304546 0.0790701 0.0584369 0.0524438 0.0256009 0.0604470 0.5623431 0.0637203 0.5461017 0.6154896 0.5876650 0.5819635 0.0000000 0.5802277 0.5807649 0.1618162 0.6717380 0.5718630 0.0058524 0.5673433 0.5411695 0.4533497 0.0614446 0.8008600 0.5457762 0.4292516 0.4727997 0.5472067 0.5731886 0.3783857 0.5037064 0.0569702 0.5663575 0.0594512 0.1293693 0.5643059 0.2176057 0.5556175 0.5913185 0.5160720 0.5897368 0.5774327 1.1101963 0.3587794 0.1248751 0.5698623 0.9219877 0.0465028 0.4337591 0.5865679 0.5366692 
Perityle_hofmeisteria_4_nombre_de_dios     0.3916158 0.1468039 0.5819438 0.3176888 0.6596991 0.5300286 0.5557713 0.1240512 0.1800065 0.5706297 0.0973452 0.1199677 0.5524617 0.6971800 0.8967663 0.1947961 0.5694197 0.1025502 0.4221375 0.1054531 0.1761141 0.1027211 0.1901558 0.1603145 0.1306744 0.1424427 0.5517627 0.6461198 0.5613961 0.6343978 0.5736578 0.5674407 0.6150840 0.0067205 0.5449134 0.0945398 0.1989750 0.1339565 0.0998527 0.5802277 0.0000000 0.1334000 0.3784497 0.3501888 0.1171393 0.6010805 0.1968588 0.1467142 0.0938395 0.6432646 0.6542596 0.1588888 0.1458293 0.2883574 0.1031963 0.1066326 0.0708544 0.1383728 0.6824312 0.1302775 0.5788126 0.6159501 0.1232921 0.0948663 0.1305278 0.1177808 0.1420324 0.1038023 0.1138285 1.0156018 0.0675419 0.5838414 0.1305660 0.9774867 0.5900908 0.1352029 0.1036551 0.1570677 
Perityle_huecosensis_48                    0.3944088 0.1497515 0.6185085 0.2936742 0.6160041 0.4559211 0.5122683 0.1338787 0.1977995 0.5810570 0.1426184 0.0545999 0.5492395 0.6074720 1.0936933 0.1849409 0.5464760 0.1349599 0.4112328 0.1096267 0.1212988 0.1189976 0.1438397 0.0724379 0.1532507 0.1766668 0.5589550 0.6169042 0.5390186 0.6196071 0.5932690 0.5749068 0.6135009 0.1490960 0.5384032 0.0897585 0.1743591 0.1529511 0.1330865 0.5807649 0.1334000 0.0000000 0.3751418 0.4007975 0.1322360 0.5836330 0.1752987 0.0674275 0.0374502 0.5780761 0.5826743 0.1257061 0.0686400 0.2138717 0.1151796 0.1182968 0.0892822 0.1019964 0.6065508 0.1575883 0.5580887 0.5991344 0.1360193 0.0424168 0.0334397 0.1125233 0.1834676 0.1197267 0.1334917 0.8949065 0.0692938 0.5715555 0.1355482 0.9038569 0.5642081 0.1370581 0.1246475 0.1677177 
Perityle_incana_3_ucla                     0.1093588 0.3499870 0.2378233 0.1152677 0.1991868 0.1725125 0.2861871 0.3462168 0.3675245 0.1508800 0.3693401 0.3749174 0.1097734 0.5853953 9.0000000 0.3318306 0.1433011 0.3893698 0.1082588 0.3988840 0.3618315 0.4185350 0.3409190 0.3707750 0.3431150 0.3560288 0.1399717 0.1402631 0.1304012 0.1505435 0.1334379 0.1476415 0.1515103 0.3512957 0.1128425 0.3679240 0.4184861 0.3680072 0.3979811 0.1618162 0.3784497 0.3751418 0.0000000 0.3923631 0.3826023 0.1555514 0.3302319 0.3123440 0.3475811 0.1427510 0.5831172 0.3412569 0.3363220 0.3776245 0.3736292 0.3840284 0.3098782 0.3791614 0.1515189 0.3707247 0.1333248 0.1696900 0.3376583 0.2072891 0.3813574 0.4048061 0.3823414 0.4060159 0.3770230 0.9947040 0.3505030 0.1644752 0.3750730 9.0000000 0.1329666 0.3710670 0.4229465 0.2790445 
Perityle_intricata_59_Clark_mtns           0.4349525 0.3447829 0.7341467 0.2894489 0.7513260 0.4541081 0.6243121 0.3554243 0.4531132 0.7452222 0.1934704 0.3428288 0.7150231 0.5295968 1.7414281 0.4120018 0.6706198 0.2038624 0.3997366 0.2668852 0.3580863 0.2310000 0.4865183 0.4058330 0.3293474 0.3487662 0.6934842 0.8004692 0.6142091 0.7446628 0.6853665 0.7266683 0.6525763 0.3298526 0.7217184 0.2434343 0.2334560 0.3580768 0.2154260 0.6717380 0.3501888 0.4007975 0.3923631 0.0000000 0.2411756 0.6866403 0.2148503 0.3953990 0.3072285 0.7916058 0.4798719 0.3473301 0.3146754 0.3606256 0.2104421 0.2405837 0.4139667 0.4023815 0.7830420 0.3027410 0.7186504 0.7386722 0.3381344 0.0544255 0.3616877 0.2814952 0.3394627 0.2427619 0.2344489 0.5101254 0.0939062 0.7252279 0.3374144 0.1618580 0.6506997 0.3551055 0.2166218 0.3503775 
Perityle_inyoensis_9_pleasant              0.3678889 0.1206793 0.6170725 0.2960379 0.5744085 0.4629346 0.5343038 0.1104263 0.2036922 0.5684819 0.0043725 0.0942366 0.5411002 0.6197512 1.1009040 0.1888434 0.5579375 0.0020509 0.4065261 0.0310031 0.1656389 0.0038313 0.2008155 0.1591983 0.1197498 0.1480342 0.5589610 0.6283479 0.5435534 0.6097438 0.5776515 0.5783283 0.6026782 0.1146861 0.5437210 0.0047174 0.1271851 0.1322383 0.0041181 0.5718630 0.1171393 0.1322360 0.3826023 0.2411756 0.0000000 0.5803964 0.1251066 0.1452773 0.0570547 0.6004676 0.5989028 0.1550809 0.1443694 0.2432927 0.0010668 0.0008834 0.0767118 0.1414191 0.6191013 0.1122362 0.5710310 0.6105477 0.1286585 0.0635327 0.1407712 0.0499790 0.1445867 0.0055690 0.0126956 0.9113983 0.0028634 0.5866502 0.1263511 0.8765815 0.5582364 0.1267667 0.0083607 0.1307621 
Perityle_jaliscana_203                     0.1076948 0.6016978 0.3046935 0.0853149 0.1418902 0.2601849 0.3284794 0.5936123 0.6005389 0.0539407 0.5462814 0.4842693 0.0566058 0.8379928 1.2718069 0.5224832 0.0562533 0.5820018 0.0490847 0.5900032 0.5673806 0.6058647 0.6381814 0.6020287 0.5713095 0.4717296 0.1347144 0.1372677 0.0750133 0.0604733 0.0486649 0.0225810 0.0964710 0.5798738 0.0602498 0.5487458 0.6725967 0.5937904 0.5695233 0.0058524 0.6010805 0.5836330 0.1555514 0.6866403 0.5803964 0.0000000 0.6333660 0.5631723 0.4154653 0.0697289 0.7918436 0.5213424 0.3908749 0.5241753 0.5368912 0.5817920 0.3347384 0.5085445 0.0566643 0.5515200 0.0695519 0.1937466 0.5401600 0.2067101 0.5370629 0.5952246 0.4913647 0.5943025 0.5806838 1.0944084 0.3495261 0.1610727 0.5511267 0.9843364 0.0432293 0.4268915 0.5739347 0.5681556 
Perityle_lemmonii_12                       0.3488039 0.1628714 0.5875205 0.2706444 0.5492279 0.4330983 0.5103091 0.1827512 0.2155565 0.5710580 0.0691044 0.0943861 0.6025764 0.3151347 1.0836026 0.1725787 0.5412982 0.0732985 0.3618785 0.1485967 0.1843395 0.0837452 0.2182190 0.1775581 0.1865467 0.1255860 0.5507261 0.6456925 0.5865083 0.6509017 0.6104450 0.5797206 0.4414612 0.1645907 0.5632568 0.1001701 0.0874506 0.2268867 0.0645898 0.5673433 0.1968588 0.1752987 0.3302319 0.2148503 0.1251066 0.6333660 0.0000000 0.1810831 0.0384767 0.6485648 0.3127602 0.1414163 0.1002856 0.3768784 0.0337591 0.1582673 0.0745119 0.1871383 0.6693345 0.1405226 0.6460619 0.6712433 0.1468540 0.0303876 0.1132689 0.1712248 0.1263949 0.1032100 0.0811702 0.2759212 0.0121803 0.6083497 0.2703310 0.2727513 0.5930510 0.1028226 0.0539280 0.1951130 
Perityle_lemmonii_85_hachita               0.3200182 0.1561116 0.5843709 0.2272369 0.5430429 0.4039710 0.4739755 0.1510079 0.2290586 0.5435624 0.1369896 0.0654509 0.5210703 0.6336608 1.0349954 0.1807297 0.4968257 0.1280142 0.3281786 0.1260307 0.1302856 0.1407146 0.1349950 0.0696295 0.1835362 0.1743918 0.5223724 0.5936480 0.5049169 0.5826476 0.5753412 0.5437014 0.5852396 0.1620917 0.4998087 0.1128551 0.1852261 0.1664749 0.1273215 0.5411695 0.1467142 0.0674275 0.3123440 0.3953990 0.1452773 0.5631723 0.1810831 0.0000000 0.0174164 0.5236367 0.6116181 0.1275779 0.0393746 0.2174661 0.1226831 0.1451228 0.0740398 0.1090010 0.5670693 0.1455170 0.5277210 0.5658933 0.1300932 0.0153860 0.0376406 0.1359581 0.1790377 0.1468390 0.1402564 0.9748256 0.0769039 0.5446559 0.1472948 1.0946674 0.5250383 0.1376651 0.1347052 0.1649875 
