82
Amauria_brandeegeana_62                    0.0000000 0.1871429 0.0250880 0.1382872 0.1314162 0.1822798 0.3588528 0.2948026 0.1963258 0.0050173 0.1749048 0.4859224 0.2912894 0.1836675 0.5486366 0.1705746 0.1455541 0.3551500 0.1174861 0.4177075 0.4663790 0.2899136 0.2573887 0.1697002 0.3715120 0.4492148 0.1302431 0.1306198 0.2141871 0.2114089 0.2532091 0.2694884 0.2635184 0.0053504 0.4908409 0.2664989 0.1907261 0.4029429 0.2057527 0.1325612 0.1498008 0.1299804 0.4632548 0.0906396 0.2025359 0.2473084 0.3415351 0.5866865 0.3134207 0.1840625 0.1098444 0.4596321 0.1246144 0.3633146 0.4761109 0.1084933 0.3085283 0.0637650 0.3096451 0.3054809 0.1014866 0.2294753 0.3298187 0.1601996 0.1955254 0.2255242 0.4120229 0.4881319 0.1606943 0.1678109 0.2853462 0.3434675 0.1491760 0.4587222 0.2977417 0.5286269 0.1340777 0.1357904 0.1533379 0.4096050 0.3202017 0.3777224 
Amauria_carterae_99_mesa                   0.1871429 0.0000000 0.1682700 0.2700471 0.2271994 0.2497558 0.0984558 0.3409150 0.2305720 0.3191546 0.3765591 0.1243261 0.0782197 0.3000752 0.0785367 0.2208785 0.2321626 0.1573880 0.0885323 0.1462672 0.1404637 0.0829815 0.1728153 0.2370377 0.1307031 0.1568681 0.2231724 0.2306460 0.2466099 0.0885676 0.0964207 0.2415983 0.2366759 0.3226739 0.1447033 0.3397036 0.2060068 0.1373171 0.2158403 0.1143270 0.2248362 0.2280394 0.1327793 0.3204944 0.2190461 0.2990043 0.3170991 0.0718495 0.0729759 0.3106959 0.2202155 0.1393049 0.2302278 0.0768072 0.1495997 0.1295636 0.1215524 0.1652449 0.0732697 0.0763581 0.2042977 0.2138445 0.1345918 0.2160894 0.2484518 0.2470074 0.1226706 0.1104682 0.3467152 0.2438941 0.0899186 0.0818804 0.2207960 0.1267013 0.0702351 0.1544547 0.2318898 0.2153587 0.2209802 0.3747939 0.0712396 0.2938862 
Amauria_rotundifolia_SRR9119150            0.0250880 0.1682700 0.0000000 0.1371854 0.1446120 0.1555651 0.3455331 0.3107873 0.1979080 0.0161504 0.1724475 0.5153302 0.2772899 0.2050083 0.5221042 0.1603505 0.1564362 0.3267852 0.1142288 0.4430057 0.4707880 0.2793957 0.2670978 0.1596169 0.3686884 0.4720764 0.1358576 0.1258129 0.1793102 0.1967744 0.2212737 0.2367705 0.2421155 0.0125592 0.4817139 0.1959127 0.1839567 0.4334020 0.1874229 0.1150492 0.1185151 0.1452757 0.4504429 0.0935217 0.1888683 0.2336211 0.2819616 0.4934570 0.3058844 0.1944422 0.1244013 0.4713119 0.1391624 0.3276703 0.4969431 0.1195189 0.2796841 0.0700964 0.2875659 0.2867669 0.1190069 0.2172251 0.2770184 0.1411194 0.1913597 0.2397364 0.3725174 0.4822827 0.1199599 0.1733953 0.2795004 0.3352419 0.1609846 0.4247514 0.2333484 0.4987623 0.1239106 0.1502003 0.1346193 0.3844905 0.2937731 0.3071580 
Conoclinium_coelestinum_SRR9119114         0.1382872 0.2700471 0.1371854 0.0000000 0.1442274 0.2806468 0.3350382 0.1656228 0.5070296 0.1486721 0.1664259 0.2260083 0.2809648 0.1740171 0.2947260 0.1849680 0.1865336 0.3230632 0.0000010 0.3055103 0.2779940 0.2232321 0.2438535 0.1513126 0.2735168 0.3011122 0.1750458 0.1704634 0.1983365 0.2768212 0.2984583 0.1535985 0.1705146 0.1369300 0.2952003 0.1619372 0.1653227 0.2919059 0.1705090 0.5406236 0.1757919 0.1951589 0.2906926 0.1697686 0.1703762 0.1568858 0.1916428 0.2297722 0.2142447 0.1698888 0.1750928 0.2579524 0.1672731 0.3218399 0.2962315 0.0000010 0.2957036 0.1523162 0.2241704 0.2811250 0.2038238 0.1428581 0.3161898 0.1583979 0.1974240 0.1453057 0.3011321 0.2714331 0.1828353 0.1588027 0.3246930 0.2280113 0.1447560 0.2880296 0.2407416 0.2800736 0.1557396 0.1244547 0.1606134 0.3193366 0.2252667 0.1646313 
Eutetras_palmeri_63                        0.1314162 0.2271994 0.1446120 0.1442274 0.0000000 0.1063536 0.3789822 0.3005813 0.2144699 0.1461442 0.0778016 0.4707429 0.2817429 0.2245879 0.4336849 0.1634759 0.1684006 0.3644543 0.1381290 0.4185218 0.4281605 0.2466150 0.2767519 0.1548836 0.3506668 0.4363108 0.1678648 0.1770397 0.1829788 0.2181805 0.2522845 0.0848317 0.1010173 0.1143264 0.4091495 0.1632778 0.1971778 0.4091056 0.1868986 0.1184894 0.1267233 0.1595027 0.3824560 0.0972694 0.1785907 0.2542242 0.1178657 0.4107040 0.2724353 0.0942901 0.1594124 0.4038415 0.1378053 0.2853172 0.4279446 0.1289394 0.2821258 0.0729352 0.2702112 0.3001486 0.1344506 0.1961441 0.3365612 0.1564498 0.1996305 0.1417276 0.3433616 0.4743957 0.1611649 0.1776308 0.3199834 0.3009365 0.1199992 0.3633741 0.3036557 0.4720552 0.1831971 0.1151908 0.1366006 0.2135778 0.2917089 0.2351699 
Eutetras_pringlei_149_quer                 0.1822798 0.2497558 0.1555651 0.2806468 0.1063536 0.0000000 0.3370385 0.5070678 0.6597501 0.1580303 0.1458331 0.2360314 0.2698771 0.1930497 0.2585586 0.1573475 0.1868933 0.3115241 9.0000000 0.2697996 0.2631386 0.2506600 0.7268419 0.1722812 0.2610944 0.2733368 0.1839243 0.1967084 0.2070360 0.2580953 0.2715655 0.1468325 0.1457791 0.1703936 0.2640056 0.1418256 0.1865045 0.2555307 0.2078873 0.7055715 0.1717438 0.1849807 0.2662523 0.1749289 0.2073818 0.1835644 0.2086856 0.2402588 0.2449434 0.1704736 0.1681820 0.2438504 0.1818202 0.3044771 0.2704865 9.0000000 0.2565182 0.1823524 0.2336877 0.2595880 0.1922816 0.1626236 0.3691654 0.1645921 0.2156273 0.1179905 0.2888345 0.2623323 0.1547663 0.1871892 0.3004138 0.2426593 0.1605415 0.2579968 0.1743382 0.2785216 0.1885537 0.1664228 0.1736541 0.2527337 0.2385846 0.1529456 
Eutrochium_fistulosum_SRR9119106           0.3588528 0.0984558 0.3455331 0.3350382 0.3789822 0.3370385 0.0000000 0.4474303 0.2655547 0.5527197 0.6165163 0.2957553 0.1822365 0.4707092 0.1281051 0.4175437 0.3492467 0.2589805 0.1850248 0.2718772 0.2473868 0.1600768 0.2889765 0.3733934 0.2289831 0.2796962 0.3926381 0.3702870 0.4211826 0.1371118 0.1631925 0.4523155 0.4550605 0.5659590 0.2770877 0.5472524 0.3613372 0.2633692 0.3607389 0.1819778 0.3497939 0.3621331 0.2482231 0.4404724 0.3616139 0.4701458 0.5235483 0.1468881 0.1706882 0.4929153 0.3550862 0.2804116 0.3540792 0.2001951 0.2795240 0.1623178 0.1868459 0.2201656 0.1845811 0.1970768 0.3181621 0.4936423 0.2596107 0.3594740 0.4262414 0.4566145 0.2133725 0.3082029 0.5337033 0.3804383 0.2121780 0.2282538 0.3095450 0.2130700 0.1815177 0.3176130 0.3808447 0.3053346 0.3567545 0.6420782 0.2115144 0.5750025 
Galeana_pratensis_104_mex                  0.2948026 0.3409150 0.3107873 0.1656228 0.3005813 0.5070678 0.4474303 0.0000000 0.3716344 0.3210993 0.3543743 0.3698924 0.3904353 0.2616869 0.5052558 0.3334141 0.3305246 0.3684925 0.3300823 0.3420468 0.3682408 0.3584589 0.2029253 0.2994833 0.3130533 0.3537916 0.3191054 0.3009198 0.3341895 0.3590436 0.3712604 0.2622271 0.3128095 0.2856782 0.3444778 0.3469517 0.3305545 0.3347230 0.3354289 0.2998583 0.3253527 0.3214267 0.3316082 0.3015489 0.3337058 0.2646818 0.3067843 0.4565210 0.3786467 0.2961469 0.2990747 0.3383029 0.2954278 0.4060703 0.3404118 0.3694136 0.3164282 0.2294788 0.3556323 0.4213182 0.3028823 0.3540309 0.3477716 0.2915426 0.3328542 0.2144396 0.4408724 0.3876404 0.3437412 0.2991058 0.4301126 0.3924275 0.2935673 0.3352236 0.3983994 0.3888890 0.3299474 0.2618415 0.2884269 0.5297371 0.3835190 0.2966014 
Helianthus_annuus_SRR9119062               0.1963258 0.2305720 0.1979080 0.5070296 0.2144699 0.6597501 0.2655547 0.3716344 0.0000000 0.4935494 0.5036821 0.4403691 0.2422365 0.3748413 0.6974586 0.2074234 0.2111114 0.3905466 0.1707213 0.4469724 0.4432511 0.2347211 0.3104701 0.2314380 0.4311487 0.4352417 0.2215016 0.1922200 0.2250459 0.2522381 0.2737588 0.2412309 0.2582099 0.4810397 0.4464284 0.4577656 0.2285123 0.4356272 0.1996177 0.1312028 0.2101926 0.2147083 0.4076374 0.5118619 0.2082772 0.3612010 0.5118449 0.7051223 0.2529532 0.5121126 0.2049561 0.4304250 0.1982629 0.2439208 0.4540433 0.2263355 0.3594294 0.1942633 0.2736780 0.2350072 0.2430651 0.2479036 0.2368107 0.2023357 0.2231155 0.3186595 0.2937116 0.3904445 0.5000935 0.2314380 0.2738604 0.2820097 0.2199487 0.3804983 0.6404744 0.4302484 0.2198174 0.2004142 0.1967386 0.6057969 0.2523220 0.2946478 
Lycapsus_tenuifolius_17                    0.0050173 0.3191546 0.0161504 0.1486721 0.1461442 0.1580303 0.5527197 0.3210993 0.4935494 0.0000000 0.1531480 0.5152411 0.4636583 0.0890024 0.5322767 0.1653522 0.1721400 0.3596228 9.0000000 0.4623559 0.4976655 0.4831048 0.5975026 0.1521488 0.3884461 0.5129516 0.1294072 0.0930497 0.1678909 0.3639092 0.3445847 0.2324602 0.2524962 0.0000010 0.5415805 0.1842501 0.1969395 0.4509945 0.2156332 0.6384866 0.1463991 0.1517571 0.5548420 0.0747329 0.2087368 0.1506973 0.2571082 0.5115537 0.5028181 0.1747795 0.1227832 0.5203926 0.1476346 0.6023400 0.5487495 9.0000000 0.2868496 0.0439636 0.4623591 0.4966385 0.0711433 0.1775757 0.4248572 0.1436487 0.1662299 0.1809421 0.5537167 0.5434409 0.1193851 0.1513197 0.4851491 0.5383277 0.1568027 0.5294913 0.2737901 0.5650641 0.0972190 0.1439633 0.1483466 0.3884006 0.4781804 0.2379142 
Pericome_caudata_50_silver                 0.1749048 0.3765591 0.1724475 0.1664259 0.0778016 0.1458331 0.6165163 0.3543743 0.5036821 0.1531480 0.0000000 0.4918747 0.5136117 0.1755111 0.4437706 0.1517932 0.2189274 0.4428789 0.5981370 0.5013560 0.4912564 0.4159046 0.4526070 0.1747898 0.4337395 0.5150143 0.2066393 0.2154097 0.1945381 0.3737180 0.3770595 0.1002932 0.1023979 0.1296655 0.4905689 0.1850288 0.2032274 0.4863977 0.2065440 0.6785038 0.1847365 0.1884158 0.4894823 0.1216399 0.2009648 0.1814348 0.1513783 0.4284956 0.4609375 0.1185997 0.1858325 0.4731683 0.1744274 0.4444362 0.4988250 0.4564959 0.3148964 0.0964456 0.4475547 0.5174082 0.1342640 0.1778511 0.5054764 0.1808669 0.1885435 0.0684225 0.4832818 0.5398937 0.1821836 0.1910417 0.5594802 0.4885629 0.1069974 0.4849641 0.3232866 0.5775148 0.1948917 0.1022586 0.1748165 0.2266488 0.4858854 0.2071698 
Perityle_aglossa_84_dead_horse             0.4859224 0.1243261 0.5153302 0.2260083 0.4707429 0.2360314 0.2957553 0.3698924 0.4403691 0.5152411 0.4918747 0.0000000 0.2285197 0.3168671 0.0562227 0.5563144 0.5286503 0.1816192 0.5020256 0.1219578 0.0585388 0.1814543 0.3813355 0.4769988 0.0735318 0.1307856 0.5448910 0.5598584 0.5203839 0.2173796 0.2291798 0.4560020 0.4715257 0.4877961 0.1125224 0.5587721 0.5540390 0.1155236 0.5245109 0.3549498 0.4321188 0.5028891 0.0727206 0.3414938 0.5259744 0.4341597 0.4455069 0.0562120 0.1672060 0.4109924 0.4788401 0.1109562 0.4616829 0.2943350 0.1305116 0.3345208 0.0477551 0.2196961 0.2152749 0.2743077 0.3847768 0.5940836 0.2522102 0.5113883 0.5290021 0.3690837 0.2921272 0.1438598 0.4978995 0.5110659 0.2959336 0.2458806 0.4585952 0.0619547 0.0646448 0.1282503 0.5428532 0.4476988 0.4896066 0.5541353 0.2413197 0.4822808 
Perityle_ajoensis_204                      0.2912894 0.0782197 0.2772899 0.2809648 0.2817429 0.2698771 0.1822365 0.3904353 0.2422365 0.4636583 0.5136117 0.2285197 0.0000000 0.3917977 0.0140335 0.3433350 0.2130042 0.2248962 0.1351503 0.1322629 0.1645349 0.0316718 0.2446691 0.2450622 0.1258115 0.1265910 0.2863881 0.2929419 0.3574018 0.1087148 0.1407140 0.4177806 0.3949940 0.4971417 0.1206092 0.4757512 0.2997267 0.1300765 0.2740705 0.1266565 0.2671045 0.2616980 0.0897896 0.3871429 0.2768027 0.3894758 0.4877368 0.0048909 0.0355020 0.4610803 0.2456646 0.1155093 0.2473978 0.1122288 0.1261711 0.0878998 0.1616864 0.1696777 0.0285349 0.0353480 0.2617918 0.4525372 0.2110918 0.2218190 0.3612491 0.4132425 0.2115960 0.2193919 0.4259296 0.2522643 0.1510113 0.0587263 0.1971721 0.0805505 0.0978584 0.2600487 0.3160278 0.1837098 0.2208403 0.5956585 0.0356136 0.5225326 
Perityle_ambrosiifolia_67_green            0.1836675 0.3000752 0.2050083 0.1740171 0.2245879 0.1930497 0.4707092 0.2616869 0.3748413 0.0890024 0.1755111 0.3168671 0.3917977 0.0000000 0.4716855 0.2583703 0.1595223 0.2857358 0.3869245 0.3278339 0.3021428 0.3619432 0.3745435 0.1304232 0.2664559 0.3403388 0.1797770 0.1836548 0.1947382 0.3577868 0.3519686 0.1815668 0.2240137 0.0754549 0.3311727 0.0816197 0.2039013 0.3157208 0.2085931 0.3336607 0.1206583 0.1305387 0.3139555 0.0830580 0.1935476 0.0873753 0.1473561 0.4221972 0.3707809 0.0857736 0.1256474 0.3185425 0.1188737 0.4418357 0.3344864 0.3838154 0.1842206 0.0954357 0.3469161 0.4023847 0.1795566 0.2876589 0.3743286 0.1134692 0.1981874 0.1264152 0.4389731 0.3407021 0.0281864 0.1298786 0.4620020 0.4314985 0.1649269 0.2904779 0.3048340 0.3643119 0.2288104 0.1600602 0.1179561 0.2788285 0.3667005 0.1703484 
Perityle_angustifolia_13_Eagle_creek       0.5486366 0.0785367 0.5221042 0.2947260 0.4336849 0.2585586 0.1281051 0.5052558 0.6974586 0.5322767 0.4437706 0.0562227 0.0140335 0.4716855 0.0000000 0.5542638 0.3365621 0.1567766 9.0000000 0.0121508 0.0462807 0.0318480 0.4755110 0.5285103 0.0046317 0.0147804 0.5840510 0.5592235 0.5407172 0.1142374 0.1143714 0.5247278 0.5201690 0.5316510 0.0138030 0.5559120 0.4988103 0.0095419 0.5167441 0.7695276 0.5252039 0.5354599 0.0092362 0.3790406 0.4988185 0.5287031 0.5132742 0.0285072 0.0328598 0.4412286 0.4929897 0.0093897 0.5246219 0.1577702 0.0080560 9.0000000 0.0637952 0.3070089 0.0132593 0.0138028 0.3880581 0.5572088 0.2103692 0.5247644 0.5448045 0.5162563 0.1442469 0.1025106 0.5017857 0.5407875 0.1451911 0.0185159 0.4599197 0.0138550 0.0082274 0.1518996 0.5290356 0.4369690 0.5381752 0.6218641 0.0363130 0.5726889 
Perityle_batopilensis_97                   0.1705746 0.2208785 0.1603505 0.1849680 0.1634759 0.1573475 0.4175437 0.3334141 0.2074234 0.1653522 0.1517932 0.5563144 0.3433350 0.2583703 0.5542638 0.0000000 0.2115297 0.3697890 0.0896366 0.4908809 0.5069575 0.3169270 0.3034781 0.2302874 0.3964239 0.5211186 0.2149017 0.1692718 0.2464483 0.2159940 0.2411154 0.2220516 0.2081972 0.1397937 0.5340040 0.3205086 0.2553836 0.4796483 0.2612480 0.0302882 0.1941325 0.2101931 0.4767758 0.1267461 0.2686502 0.3206269 0.3188472 0.5773604 0.3516751 0.1927555 0.1934412 0.5032453 0.1839426 0.4029787 0.5377040 0.1106434 0.2968171 0.0798911 0.3465360 0.3560152 0.1138238 0.1853351 0.3522665 0.2299894 0.2489725 0.2041546 0.4108797 0.5450189 0.2263563 0.2535372 0.3175817 0.3906368 0.1672367 0.4675147 0.2978126 0.5568183 0.1849293 0.1659297 0.1974217 0.3950573 0.3667721 0.3590579 
Perityle_bisetosa_9                        0.1455541 0.2321626 0.1564362 0.1865336 0.1684006 0.1868933 0.3492467 0.3305246 0.2111114 0.1721400 0.2189274 0.5286503 0.2130042 0.1595223 0.3365621 0.2115297 0.0000000 0.3656824 0.1145280 0.5009983 0.4689657 0.2225138 0.2288392 0.0659417 0.4215950 0.5133001 0.1753325 0.1985461 0.1744009 0.2047973 0.2560702 0.1825162 0.1921989 0.1634693 0.5203355 0.1580643 0.1775206 0.4879861 0.1583819 0.1173407 0.0332144 0.0676378 0.4882066 0.0819563 0.1616822 0.1881719 0.2288418 0.4707778 0.2749819 0.0994421 0.0784151 0.4924526 0.0531108 0.2866560 0.5369095 0.0664200 0.3045536 0.0345637 0.2384808 0.2391349 0.1071349 0.3083124 0.3173917 0.0895287 0.1951887 0.1599923 0.4280712 0.5594804 0.0393085 0.1005544 0.3116794 0.3488808 0.0574702 0.4501320 0.3837125 0.5264009 0.1818433 0.0715144 0.0442220 0.3771435 0.2382406 0.3064493 
Perityle_californica_76_positas            0.3551500 0.1573880 0.3267852 0.3230632 0.3644543 0.3115241 0.2589805 0.3684925 0.3905466 0.3596228 0.4428789 0.1816192 0.2248962 0.2857358 0.1567766 0.3697890 0.3656824 0.0000000 0.3730572 0.1885511 0.1906722 0.2336767 0.3361228 0.3597881 0.1788033 0.1863549 0.3602921 0.3616043 0.3949595 0.2046554 0.1957285 0.3365735 0.3697908 0.3617472 0.1870916 0.3648212 0.3519745 0.1754721 0.3672866 0.3204069 0.3459006 0.3538431 0.1817820 0.3630941 0.3404841 0.3036420 0.3528149 0.1549290 0.2298743 0.3395492 0.3407460 0.1868315 0.3350236 0.2037764 0.1836860 0.3513444 0.1613584 0.2581066 0.2274141 0.2348968 0.3230804 0.3944612 0.2853207 0.3457115 0.3984935 0.2674324 0.2258767 0.1515620 0.3918692 0.3605152 0.2261973 0.2396367 0.3276776 0.1718067 0.1339001 0.1963154 0.3935134 0.3307339 0.3532020 0.4531961 0.2297648 0.3624928 
Perityle_canescens_77                      0.1174861 0.0885323 0.1142288 0.0000010 0.1381290 9.0000000 0.1850248 0.3300823 0.1707213 9.0000000 0.5981370 0.5020256 0.1351503 0.3869245 9.0000000 0.0896366 0.1145280 0.3730572 0.0000000 0.4205432 0.4595453 0.1285762 0.2926607 0.1727629 0.3625282 0.4285766 0.1487553 0.0999547 0.1544949 0.1068504 0.1486146 0.1544769 0.1574158 9.0000000 0.4354274 0.5312230 0.1241572 0.4065086 0.1323590 0.0911435 0.1081708 0.1241337 0.3283615 9.0000000 0.1178960 0.3851268 9.0000000 9.0000000 0.1582744 9.0000000 0.1170048 0.4170834 0.1086628 0.1447916 0.4474990 0.1632609 0.3253646 0.1156262 0.1838960 0.1171719 0.1291395 0.1858591 0.2290861 0.1237694 0.1566328 0.3336160 0.2206661 0.4126795 9.0000000 0.1727629 0.1403740 0.1840254 0.1259447 0.3009820 9.0000000 0.4200266 0.1306306 0.1313675 0.1227756 9.0000000 0.1519974 0.4100385 
Perityle_castillonii_96                    0.4177075 0.1462672 0.4430057 0.3055103 0.4185218 0.2697996 0.2718772 0.3420468 0.4469724 0.4623559 0.5013560 0.1219578 0.1322629 0.3278339 0.0121508 0.4908809 0.5009983 0.1885511 0.4205432 0.0000000 0.0718628 0.1399067 0.3742662 0.4344136 0.0218210 0.0536071 0.4958909 0.4653044 0.4638735 0.2084155 0.2223449 0.4039651 0.4071925 0.4604497 0.0256003 0.4906684 0.4722562 0.0185757 0.4592355 0.3027657 0.4056975 0.4420612 0.0156771 0.3817701 0.4462595 0.3514181 0.4165991 0.0110292 0.1277881 0.3789278 0.4135651 0.0171113 0.4212154 0.2217551 0.0355624 0.3756474 0.0689028 0.2605394 0.1302321 0.1390567 0.4122017 0.4938598 0.2216331 0.4381267 0.4709000 0.3252295 0.2274244 0.1879102 0.4862793 0.4433675 0.2623667 0.1383591 0.3871212 0.0123827 0.0539868 0.1496190 0.4773928 0.3635183 0.4336058 0.4884073 0.1343656 0.4055827 
Perityle_cernua_84                         0.4663790 0.1404637 0.4707880 0.2779940 0.4281605 0.2631386 0.2473868 0.3682408 0.4432511 0.4976655 0.4912564 0.0585388 0.1645349 0.3021428 0.0462807 0.5069575 0.4689657 0.1906722 0.4595453 0.0718628 0.0000000 0.1552982 0.3817702 0.4445210 0.0571927 0.0852399 0.4786798 0.4809698 0.4765606 0.2303429 0.2376593 0.4393356 0.4526223 0.4878030 0.0752414 0.5369808 0.4739157 0.0689951 0.4751611 0.3465129 0.4248513 0.4502100 0.0555903 0.3685391 0.4595043 0.3783130 0.4581327 0.0421105 0.1395970 0.4299571 0.4203715 0.0715152 0.4356013 0.2236771 0.0693339 0.3930260 0.0581769 0.2507420 0.1586945 0.1774807 0.3719242 0.5402051 0.2401736 0.4382891 0.4832268 0.3671084 0.2368459 0.1152900 0.4893758 0.4512064 0.2562504 0.1681551 0.4084949 0.0460811 0.0633785 0.1376569 0.4934819 0.3853215 0.4464180 0.5823777 0.1734695 0.4658004 
Perityle_cfvillosa_25_tin                  0.2899136 0.0829815 0.2793957 0.2232321 0.2466150 0.2506600 0.1600768 0.3584589 0.2347211 0.4831048 0.4159046 0.1814543 0.0316718 0.3619432 0.0318480 0.3169270 0.2225138 0.2336767 0.1285762 0.1399067 0.1552982 0.0000000 0.2317954 0.2601908 0.1136950 0.1197654 0.2819593 0.3025554 0.3245002 0.1158191 0.1293886 0.3267769 0.3300127 0.4780300 0.1334522 0.5329915 0.3087603 0.1376945 0.2715662 0.1192628 0.2425177 0.2263254 0.0976223 0.3522113 0.2686817 0.4008368 0.4691849 0.0097903 0.0338660 0.4297403 0.2164826 0.1297110 0.2372244 0.1192457 0.1355455 0.0858416 0.1528568 0.1346469 0.0486632 0.0174710 0.2359162 0.3404544 0.1778071 0.2325804 0.3293285 0.3925939 0.1776429 0.1871472 0.4654227 0.2631723 0.1447804 0.0671651 0.2319901 0.0834769 0.0027377 0.2229056 0.3177785 0.2051344 0.2294547 0.5817273 0.0335277 0.4482171 
Perityle_cinerea_113_Powell1310            0.2573887 0.1728153 0.2670978 0.2438535 0.2767519 0.7268419 0.2889765 0.2029253 0.3104701 0.5975026 0.4526070 0.3813355 0.2446691 0.3745435 0.4755110 0.3034781 0.2288392 0.3361228 0.2926607 0.3742662 0.3817702 0.2317954 0.0000000 0.2659007 0.3468343 0.3687812 0.2678240 0.2364205 0.2596407 0.2682367 0.2549362 0.2854351 0.2839450 0.5975026 0.3871845 0.2071245 0.3019781 0.3779947 0.2581071 0.2524093 0.2216982 0.2479933 0.3022326 0.3134725 0.2669505 0.3518101 1.0443312 0.3196825 0.2454081 0.3134725 0.2340872 0.3613846 0.2487516 0.2486020 0.3829451 0.0307432 0.2842350 0.2036915 0.2246486 0.2291803 0.2641551 0.2616386 0.1043448 0.2499044 0.2665352 0.2987944 0.2706820 0.2881752 0.6675660 0.2659007 0.2893962 0.2452652 0.2564257 0.3340840 0.3134725 0.3194676 0.2922211 0.2554830 0.2510990 0.3134725 0.2492035 0.1188399 
Perityle_coahuilensis_24                   0.1697002 0.2370377 0.1596169 0.1513126 0.1548836 0.1722812 0.3733934 0.2994833 0.2314380 0.1521488 0.1747898 0.4769988 0.2450622 0.1304232 0.5285103 0.2302874 0.0659417 0.3597881 0.1727629 0.4344136 0.4445210 0.2601908 0.2659007 0.0000000 0.3720478 0.4726953 0.1770703 0.1743499 0.1760490 0.2194865 0.2643698 0.1825984 0.1780724 0.1437369 0.4832502 0.1962955 0.1505439 0.4213418 0.1524123 0.1266191 0.0255521 0.0433413 0.4356307 0.0772951 0.1469128 0.1347139 0.2859024 0.5348320 0.3017420 0.0901153 0.0449826 0.4580409 0.0474666 0.3100859 0.4701786 0.0916204 0.2933842 0.0261306 0.2464489 0.2596323 0.1302562 0.2996256 0.3201998 0.0465442 0.1733736 0.1605283 0.4489458 0.4963463 0.0490612 0.0008991 0.3178488 0.3077424 0.0672470 0.4171109 0.3055921 0.5358593 0.2031391 0.0624723 0.0439250 0.4127628 0.2779013 0.3108374 
Perityle_cochisensis_44_cave_creek         0.3715120 0.1307031 0.3686884 0.2735168 0.3506668 0.2610944 0.2289831 0.3130533 0.4311487 0.3884461 0.4337395 0.0735318 0.1258115 0.2664559 0.0046317 0.3964239 0.4215950 0.1788033 0.3625282 0.0218210 0.0571927 0.1136950 0.3468343 0.3720478 0.0000000 0.0479661 0.4242908 0.3677362 0.3933534 0.2054840 0.2146092 0.3658876 0.3539255 0.3916863 0.0180729 0.4380531 0.3999771 0.0161848 0.3901875 0.2967848 0.3609397 0.3768118 0.0175029 0.3738364 0.3759446 0.2804189 0.3789984 0.0143220 0.1362824 0.3655731 0.3435721 0.0156320 0.3638484 0.1999403 0.0163870 0.3519525 0.0575504 0.2432224 0.1257790 0.1240786 0.3668070 0.4037204 0.2030035 0.3633879 0.3964703 0.2902791 0.1935961 0.1368345 0.4274130 0.3788730 0.2503921 0.1251410 0.3442401 0.0083502 0.0384738 0.1318416 0.4018862 0.3184575 0.3703496 0.4389480 0.1259827 0.3550512 
Perityle_congesta_202                      0.4492148 0.1568681 0.4720764 0.3011122 0.4363108 0.2733368 0.2796962 0.3537916 0.4352417 0.5129516 0.5150143 0.1307856 0.1265910 0.3403388 0.0147804 0.5211186 0.5133001 0.1863549 0.4285766 0.0536071 0.0852399 0.1197654 0.3687812 0.4726953 0.0479661 0.0000000 0.5024204 0.4958255 0.5005116 0.2217270 0.2140404 0.4475495 0.4460230 0.5087145 0.0525515 0.5417399 0.4980752 0.0493207 0.4760148 0.3034960 0.4387237 0.4787742 0.0381731 0.3751894 0.4610098 0.3827620 0.4753025 0.0012423 0.1088782 0.4397419 0.4461032 0.0343479 0.4515197 0.2362218 0.0601245 0.3836633 0.0911988 0.2516092 0.1095475 0.1240580 0.4053007 0.5272259 0.2178164 0.4671052 0.5112101 0.3689482 0.2281156 0.1857577 0.5171805 0.4810422 0.2705069 0.1483751 0.4144189 0.0409896 0.0181932 0.1669881 0.5027567 0.3962808 0.4622311 0.5661366 0.1230170 0.4388814 
Perityle_cordifolia_27                     0.1302431 0.2231724 0.1358576 0.1750458 0.1678648 0.1839243 0.3926381 0.3191054 0.2215016 0.1294072 0.2066393 0.5448910 0.2863881 0.1797770 0.5840510 0.2149017 0.1753325 0.3602921 0.1487553 0.4958909 0.4786798 0.2819593 0.2678240 0.1770703 0.4242908 0.5024204 0.0000000 0.1516978 0.2412828 0.2320903 0.2642999 0.2934007 0.2824430 0.1214714 0.5656427 0.2782338 0.2410152 0.4905754 0.1951935 0.1419682 0.1475908 0.1221398 0.5056742 0.0932772 0.2168409 0.2570209 0.3844008 0.6219889 0.3249912 0.1824828 0.1099376 0.5262916 0.1216678 0.3227228 0.5582249 0.1160276 0.2981488 0.0584766 0.3188386 0.3209780 0.1292534 0.2793773 0.3149665 0.1485423 0.2258731 0.2322845 0.4670209 0.5949266 0.1637909 0.1870394 0.3275997 0.4110579 0.1465352 0.4958311 0.3716756 0.5623789 0.1673496 0.1435353 0.1391736 0.4760885 0.3104895 0.3873874 
Perityle_cordifolia_68_tecolote            0.1306198 0.2306460 0.1258129 0.1704634 0.1770397 0.1967084 0.3702870 0.3009198 0.1922200 0.0930497 0.2154097 0.5598584 0.2929419 0.1836548 0.5592235 0.1692718 0.1985461 0.3616043 0.0999547 0.4653044 0.4809698 0.3025554 0.2364205 0.1743499 0.3677362 0.4958255 0.1516978 0.0000000 0.2259230 0.2277922 0.2643112 0.2714727 0.2514941 0.0782376 0.5194541 0.2274733 0.2389002 0.4465844 0.2424644 0.1213974 0.1397103 0.1655871 0.4493958 0.0966056 0.2492826 0.2748843 0.3056259 0.5679482 0.3278974 0.1823130 0.1693694 0.4831134 0.1334081 0.3708639 0.5190537 0.0622825 0.2877276 0.0597152 0.3046067 0.3234297 0.1083392 0.2557238 0.3331128 0.2167762 0.2300520 0.2182277 0.4653556 0.5635246 0.1493027 0.2083315 0.3160054 0.3854272 0.1650829 0.4418756 0.3266551 0.5590939 0.1580332 0.1604103 0.1423079 0.4136685 0.3144812 0.3455614 
Perityle_coronopifolia_28_patagonia        0.2141871 0.2466099 0.1793102 0.1983365 0.1829788 0.2070360 0.4211826 0.3341895 0.2250459 0.1678909 0.1945381 0.5203839 0.3574018 0.1947382 0.5407172 0.2464483 0.1744009 0.3949595 0.1544949 0.4638735 0.4765606 0.3245002 0.2596407 0.1760490 0.3933534 0.5005116 0.2412828 0.2259230 0.0000000 0.2221496 0.2657804 0.2015433 0.2190989 0.1589249 0.5201612 0.2381701 0.2050457 0.4524136 0.2132215 0.2075968 0.1075410 0.1247407 0.4669989 0.1005927 0.2089432 0.2399196 0.2702747 0.5584286 0.3409469 0.1107415 0.1221475 0.4977972 0.1098958 0.4182578 0.5152048 0.1601795 0.3176089 0.0885019 0.3653003 0.3593280 0.0479619 0.2997184 0.3585249 0.1589699 0.0172442 0.1602854 0.4873456 0.5285588 0.1088087 0.1824473 0.3359419 0.4024315 0.1651202 0.4564689 0.3205299 0.5501267 0.2104385 0.1551477 0.1518960 0.3532078 0.3697027 0.3727507 
Perityle_crassifolia_70_ventanas           0.2114089 0.0885676 0.1967744 0.2768212 0.2181805 0.2580953 0.1371118 0.3590436 0.2522381 0.3639092 0.3737180 0.2173796 0.1087148 0.3577868 0.1142374 0.2159940 0.2047973 0.2046554 0.1068504 0.2084155 0.2303429 0.1158191 0.2682367 0.2194865 0.2054840 0.2217270 0.2320903 0.2277922 0.2221496 0.0000000 0.0686714 0.2427655 0.2309575 0.3616245 0.2123599 0.3577232 0.2001857 0.2028346 0.2017469 0.1158956 0.2040472 0.2104110 0.1970752 0.3379210 0.1965680 0.3483665 0.3625406 0.1071327 0.1199828 0.3173473 0.2060919 0.2108605 0.2068816 0.0818262 0.2129748 0.1600334 0.1918883 0.1865663 0.1110229 0.1074870 0.2023624 0.2452248 0.1750798 0.2091238 0.2176302 0.3017960 0.1762207 0.1842377 0.3681272 0.2192029 0.0433665 0.1126888 0.1970539 0.2009475 0.0926532 0.2187979 0.2311549 0.1962089 0.2057098 0.4147871 0.1117517 0.3650432 
Perityle_crassifolia_74_playa_balandra     0.2532091 0.0964207 0.2212737 0.2984583 0.2522845 0.2715655 0.1631925 0.3712604 0.2737588 0.3445847 0.3770595 0.2291798 0.1407140 0.3519686 0.1143714 0.2411154 0.2560702 0.1957285 0.1486146 0.2223449 0.2376593 0.1293886 0.2549362 0.2643698 0.2146092 0.2140404 0.2642999 0.2643112 0.2657804 0.0686714 0.0000000 0.2436723 0.2572616 0.3450666 0.2263625 0.3391888 0.2263806 0.2125953 0.2484746 0.1593975 0.2507352 0.2625583 0.2105942 0.3615292 0.2293926 0.3461280 0.3507398 0.1094467 0.1283782 0.3445746 0.2562901 0.2186877 0.2562295 0.1141647 0.2252780 0.1186088 0.2079126 0.1934031 0.1431510 0.1337835 0.2252891 0.2332772 0.1447909 0.2586931 0.2651733 0.3029700 0.1603694 0.2034349 0.3654626 0.2673574 0.0560639 0.1441122 0.2269202 0.2072554 0.0921843 0.2434258 0.2588353 0.2384845 0.2555698 0.4418449 0.1383870 0.3367799 
Perityle_cuneata_34_cuneata_San_antonio    0.2694884 0.2415983 0.2367705 0.1535985 0.0848317 0.1468325 0.4523155 0.2622271 0.2412309 0.2324602 0.1002932 0.4560020 0.4177806 0.1815668 0.5247278 0.2220516 0.1825162 0.3365735 0.1544769 0.4039651 0.4393356 0.3267769 0.2854351 0.1825984 0.3658876 0.4475495 0.2934007 0.2714727 0.2015433 0.2427655 0.2436723 0.0000000 0.0540640 0.2045490 0.4915912 0.3000134 0.2089817 0.3971553 0.2244493 0.1898083 0.1324636 0.1328420 0.4499734 0.0938130 0.2203588 0.1981565 0.3167163 0.5560413 0.3850756 0.1053155 0.1309934 0.4535182 0.1287248 0.4057940 0.4649536 0.0833908 0.2724714 0.0835650 0.4228042 0.4274441 0.1327721 0.2403813 0.3201895 0.1599137 0.1896580 0.0945737 0.3891641 0.4887480 0.1643588 0.1675327 0.3673437 0.4188046 0.1245808 0.4544502 0.3045957 0.5336603 0.2536886 0.1152775 0.1504364 0.4289314 0.4571994 0.2941930 
Perityle_cuneata_4                         0.2635184 0.2366759 0.2421155 0.1705146 0.1010173 0.1457791 0.4550605 0.3128095 0.2582099 0.2524962 0.1023979 0.4715257 0.3949940 0.2240137 0.5201690 0.2081972 0.1921989 0.3697908 0.1574158 0.4071925 0.4526223 0.3300127 0.2839450 0.1780724 0.3539255 0.4460230 0.2824430 0.2514941 0.2190989 0.2309575 0.2572616 0.0540640 0.0000000 0.2290349 0.4764827 0.3190965 0.2130740 0.3942069 0.2344441 0.1739766 0.1427044 0.1503893 0.4562358 0.1095388 0.2427130 0.2416254 0.3323585 0.5318202 0.3684002 0.1131864 0.1444869 0.4614783 0.1402879 0.3989558 0.4642227 0.1587937 0.2889077 0.0942815 0.3870497 0.4078958 0.1422674 0.2895854 0.3567734 0.1743801 0.2225986 0.1189769 0.4398533 0.5070401 0.1785253 0.1775220 0.3229153 0.3807830 0.1323097 0.4617870 0.2801906 0.5538282 0.2513917 0.1313113 0.1713791 0.4567074 0.4178014 0.3729366 
Perityle_discoidea_81                      0.0053504 0.3226739 0.0125592 0.1369300 0.1143264 0.1703936 0.5659590 0.2856782 0.4810397 0.0000010 0.1296655 0.4877961 0.4971417 0.0754549 0.5316510 0.1397937 0.1634693 0.3617472 9.0000000 0.4604497 0.4878030 0.4780300 0.5975026 0.1437369 0.3916863 0.5087145 0.1214714 0.0782376 0.1589249 0.3616245 0.3450666 0.2045490 0.2290349 0.0000000 0.5381162 0.1781935 0.1975586 0.4490793 0.2141551 0.6771819 0.1375108 0.1432447 0.5505058 0.0659157 0.2063767 0.1417738 0.2444944 0.5083985 0.4900168 0.1659950 0.1114474 0.5168226 0.1391294 0.5971351 0.5469935 9.0000000 0.2959274 0.0412204 0.4898424 0.5318528 0.0634143 0.1379572 0.4466913 0.1360168 0.1571035 0.1724343 0.5414057 0.5268903 0.1097333 0.1421196 0.4838317 0.5293133 0.1445677 0.5268772 0.2788433 0.5467592 0.0852641 0.1333503 0.1376552 0.3885331 0.5072589 0.2038529 
Perityle_dissecta_201                      0.4908409 0.1447033 0.4817139 0.2952003 0.4091495 0.2640056 0.2770877 0.3444778 0.4464284 0.5415805 0.4905689 0.1125224 0.1206092 0.3311727 0.0138030 0.5340040 0.5203355 0.1870916 0.4354274 0.0256003 0.0752414 0.1334522 0.3871845 0.4832502 0.0180729 0.0525515 0.5656427 0.5194541 0.5201612 0.2123599 0.2263625 0.4915912 0.4764827 0.5381162 0.0000000 0.6233880 0.5270963 0.0270570 0.5105852 0.3005252 0.4510161 0.4698394 0.0187986 0.3810462 0.4974595 0.4024612 0.5891730 0.0674078 0.1241710 0.4515957 0.4358613 0.0216295 0.4561828 0.2219330 0.0297332 0.3759997 0.0717535 0.2672933 0.1091728 0.1187909 0.4168139 0.5311945 0.2214006 0.4807710 0.5159753 0.3827619 0.2403999 0.1936659 0.5388482 0.4895444 0.2691111 0.1181229 0.4370234 0.0162079 0.0492758 0.1817913 0.5231373 0.3992051 0.4708224 0.6534680 0.1468373 0.5117786 
Perityle_emoryi_47_punta_san_jose          0.2664989 0.3397036 0.1959127 0.1619372 0.1632778 0.1418256 0.5472524 0.3469517 0.4577656 0.1842501 0.1850288 0.5587721 0.4757512 0.0816197 0.5559120 0.3205086 0.1580643 0.3648212 0.5312230 0.4906684 0.5369808 0.5329915 0.2071245 0.1962955 0.4380531 0.5417399 0.2782338 0.2274733 0.2381701 0.3577232 0.3391888 0.3000134 0.3190965 0.1781935 0.6233880 0.0000000 0.2677695 0.4836520 0.2659464 0.6461520 0.1918779 0.1493366 0.5755691 0.0758467 0.2663493 0.1818038 0.1068716 0.5956911 0.5437107 0.1862327 0.1122320 0.5774384 0.1447192 0.6745382 0.5752346 0.5684478 0.2710868 0.0457056 0.5115000 0.5100742 0.0792415 0.3384347 0.4221213 0.1847870 0.1862870 0.2266804 0.6165602 0.5861081 0.1318642 0.1915738 0.5101979 0.6199721 0.1847572 0.5913926 0.3065979 0.6273314 0.2276152 0.1678807 0.1726782 0.2560762 0.5127984 0.0472010 
Perityle_feddemae_99                       0.1907261 0.2060068 0.1839567 0.1653227 0.1971778 0.1865045 0.3613372 0.3305545 0.2285123 0.1969395 0.2032274 0.5540390 0.2997267 0.2039013 0.4988103 0.2553836 0.1775206 0.3519745 0.1241572 0.4722562 0.4739157 0.3087603 0.3019781 0.1505439 0.3999771 0.4980752 0.2410152 0.2389002 0.2050457 0.2001857 0.2263806 0.2089817 0.2130740 0.1975586 0.5270963 0.2677695 0.0000000 0.4480614 0.1160950 0.1145720 0.1179397 0.1539489 0.4617667 0.0362993 0.1090895 0.2255851 0.2943920 0.5225712 0.3236096 0.0341590 0.1667280 0.4927264 0.1245126 0.3599534 0.5272615 0.1301954 0.3170635 0.0869112 0.3037845 0.3173280 0.1305850 0.3003458 0.3472190 0.1704620 0.2085934 0.1763583 0.4365515 0.5631308 0.1194808 0.1724796 0.3048298 0.3845534 0.1437146 0.4504877 0.2692782 0.5228973 0.1937742 0.1457305 0.1326855 0.4462512 0.3171576 0.3616003 
Perityle_fosteri_93                        0.4029429 0.1373171 0.4334020 0.2919059 0.4091056 0.2555307 0.2633692 0.3347230 0.4356272 0.4509945 0.4863977 0.1155236 0.1300765 0.3157208 0.0095419 0.4796483 0.4879861 0.1754721 0.4065086 0.0185757 0.0689951 0.1376945 0.3779947 0.4213418 0.0161848 0.0493207 0.4905754 0.4465844 0.4524136 0.2028346 0.2125953 0.3971553 0.3942069 0.4490793 0.0270570 0.4836520 0.4480614 0.0000000 0.4425739 0.2858317 0.3960855 0.4369852 0.0163324 0.3675348 0.4251618 0.3347705 0.4058087 0.0069287 0.1226321 0.3650832 0.4047769 0.0198349 0.4139191 0.2192958 0.0354423 0.3510652 0.0590400 0.2439923 0.1255211 0.1329209 0.4018120 0.4864384 0.2104517 0.4292085 0.4606916 0.3172543 0.2133058 0.1736773 0.4743976 0.4304755 0.2530534 0.1333297 0.3817372 0.0076413 0.0436462 0.1353167 0.4644900 0.3550055 0.4231679 0.4875952 0.1330829 0.3871535 
Perityle_gamon_221                         0.2057527 0.2158403 0.1874229 0.1705090 0.1868986 0.2078873 0.3607389 0.3354289 0.1996177 0.2156332 0.2065440 0.5245109 0.2740705 0.2085931 0.5167441 0.2612480 0.1583819 0.3672866 0.1323590 0.4592355 0.4751611 0.2715662 0.2581071 0.1524123 0.3901875 0.4760148 0.1951935 0.2424644 0.2132215 0.2017469 0.2484746 0.2244493 0.2344441 0.2141551 0.5105852 0.2659464 0.1160950 0.4425739 0.0000000 0.1322788 0.1267688 0.1269748 0.4484753 0.0493370 0.0409779 0.2292411 0.3080366 0.5368720 0.3192932 0.0531722 0.1182200 0.4731118 0.1188292 0.3041185 0.5172233 0.0756871 0.3182444 0.0806856 0.2901902 0.2693937 0.1225708 0.3123362 0.3585438 0.1396950 0.2126532 0.1783991 0.4382467 0.5465658 0.1332958 0.1828199 0.2947986 0.3590288 0.1389938 0.4455469 0.2833931 0.5442943 0.1778834 0.1377734 0.1214938 0.4584826 0.2914243 0.3612073 
Perityle_gentryi_8_san_francisco           0.1325612 0.1143270 0.1150492 0.5406236 0.1184894 0.7055715 0.1819778 0.2998583 0.1312028 0.6384866 0.6785038 0.3549498 0.1266565 0.3336607 0.7695276 0.0302882 0.1173407 0.3204069 0.0911435 0.3027657 0.3465129 0.1192628 0.2524093 0.1266191 0.2967848 0.3034960 0.1419682 0.1213974 0.2075968 0.1158956 0.1593975 0.1898083 0.1739766 0.6771819 0.3005252 0.6461520 0.1145720 0.2858317 0.1322788 0.0000000 0.1166135 0.1250827 0.2888420 0.7206824 0.1251110 0.3213894 0.6447919 0.6309511 0.1519287 0.6825852 0.1129937 0.2965084 0.1108205 0.1348970 0.3048266 0.1103848 0.3197392 0.1104988 0.1325422 0.1246325 0.1345814 0.2398681 0.2735096 0.1279291 0.2113011 0.2821594 0.2536120 0.3502159 0.5540429 0.1291982 0.1222549 0.1280786 0.1254752 0.2742513 0.8764504 0.3937591 0.1411337 0.1227610 0.1234813 2.0104153 0.1480965 0.4123147 
Perityle_gilensis_22_Superstition          0.1498008 0.2248362 0.1185151 0.1757919 0.1267233 0.1717438 0.3497939 0.3253527 0.2101926 0.1463991 0.1847365 0.4321188 0.2671045 0.1206583 0.5252039 0.1941325 0.0332144 0.3459006 0.1081708 0.4056975 0.4248513 0.2425177 0.2216982 0.0255521 0.3609397 0.4387237 0.1475908 0.1397103 0.1075410 0.2040472 0.2507352 0.1324636 0.1427044 0.1375108 0.4510161 0.1918779 0.1179397 0.3960855 0.1267688 0.1166135 0.0000000 0.0081005 0.4314495 0.0833753 0.1222070 0.1135724 0.2988033 0.5260888 0.2750709 0.0905333 0.0046906 0.4236098 0.0223832 0.3092675 0.4466079 0.0830773 0.2931817 0.0309864 0.2558099 0.2608719 0.0993897 0.2270285 0.2891131 0.0255589 0.1062150 0.1308422 0.4191065 0.4411474 0.0350396 0.0254701 0.2921382 0.2927644 0.0338585 0.4214832 0.3054744 0.4937559 0.1649723 0.0402230 0.0227235 0.4160709 0.2782032 0.2728391 
Perityle_gilensis_salensis_225             0.1299804 0.2280394 0.1452757 0.1951589 0.1595027 0.1849807 0.3621331 0.3214267 0.2147083 0.1517571 0.1884158 0.5028891 0.2616980 0.1305387 0.5354599 0.2101931 0.0676378 0.3538431 0.1241337 0.4420612 0.4502100 0.2263254 0.2479933 0.0433413 0.3768118 0.4787742 0.1221398 0.1655871 0.1247407 0.2104110 0.2625583 0.1328420 0.1503893 0.1432447 0.4698394 0.1493366 0.1539489 0.4369852 0.1269748 0.1250827 0.0081005 0.0000000 0.4452620 0.0867535 0.1306936 0.1532030 0.2561848 0.4950127 0.2777992 0.0967468 0.0192835 0.4539954 0.0313710 0.2830650 0.4892772 0.0851635 0.2957337 0.0340135 0.2711023 0.2482044 0.1137215 0.2400996 0.2955584 0.0418661 0.1394302 0.1531456 0.4163219 0.4963841 0.0152033 0.0702475 0.3128289 0.3238365 0.0540135 0.4166887 0.3081949 0.5119460 0.1693671 0.0691239 0.0245585 0.4111087 0.2529518 0.2429180 
Perityle_gracilis_11                       0.4632548 0.1327793 0.4504429 0.2906926 0.3824560 0.2662523 0.2482231 0.3316082 0.4076374 0.5548420 0.4894823 0.0727206 0.0897896 0.3139555 0.0092362 0.4767758 0.4882066 0.1817820 0.3283615 0.0156771 0.0555903 0.0976223 0.3022326 0.4356307 0.0175029 0.0381731 0.5056742 0.4493958 0.4669989 0.1970752 0.2105942 0.4499734 0.4562358 0.5505058 0.0187986 0.5755691 0.4617667 0.0163324 0.4484753 0.2888420 0.4314495 0.4452620 0.0000000 0.3854344 0.4338061 0.3630175 0.5215641 0.0213202 0.1047460 0.4590405 0.3975492 0.0147196 0.4364133 0.1990707 0.0098250 0.3453126 0.0634587 0.2580969 0.0910193 0.0795991 0.3753918 0.4928815 0.2126642 0.4332655 0.4733058 0.3641499 0.2016155 0.1570114 0.5231275 0.4425684 0.2442964 0.0709795 0.3975731 0.0123634 0.0496715 0.1566654 0.4590958 0.3714521 0.4438739 0.6486520 0.0999617 0.4685212 
Perityle_harkerae_31                       0.0906396 0.3204944 0.0935217 0.1697686 0.0972694 0.1749289 0.4404724 0.3015489 0.5118619 0.0747329 0.1216399 0.3414938 0.3871429 0.0830580 0.3790406 0.1267461 0.0819563 0.3630941 9.0000000 0.3817701 0.3685391 0.3522113 0.3134725 0.0772951 0.3738364 0.3751894 0.0932772 0.0966056 0.1005927 0.3379210 0.3615292 0.0938130 0.1095388 0.0659157 0.3810462 0.0758467 0.0362993 0.3675348 0.0493370 0.7206824 0.0833753 0.0867535 0.3854344 0.0000000 0.0545205 0.0681321 0.0950837 0.3509650 0.3438877 0.0000010 0.0857174 0.3615265 0.0773416 0.4235139 0.3845604 9.0000000 0.3147171 0.0715499 0.3511538 0.3737181 0.0931479 0.1177208 0.4450139 0.0686932 0.1037482 0.0696986 0.4099148 0.3626961 0.0790901 0.0769700 0.4148006 0.3624030 0.0648163 0.3743691 0.2548254 0.3936015 0.0719223 0.0759747 0.0690873 0.2593243 0.3561367 0.0880946 
Perityle_hofmeisteria_4_nombre_de_dios     0.2025359 0.2190461 0.1888683 0.1703762 0.1785907 0.2073818 0.3616139 0.3337058 0.2082772 0.2087368 0.2009648 0.5259744 0.2768027 0.1935476 0.4988185 0.2686502 0.1616822 0.3404841 0.1178960 0.4462595 0.4595043 0.2686817 0.2669505 0.1469128 0.3759446 0.4610098 0.2168409 0.2492826 0.2089432 0.1965680 0.2293926 0.2203588 0.2427130 0.2063767 0.4974595 0.2663493 0.1090895 0.4251618 0.0409779 0.1251110 0.1222070 0.1306936 0.4338061 0.0545205 0.0000000 0.2251466 0.3188470 0.5212881 0.3152432 0.0532790 0.1439286 0.4491763 0.1184745 0.3188005 0.5020531 0.0957188 0.2949337 0.0863448 0.2980308 0.2907468 0.1234487 0.3051713 0.3334070 0.1706095 0.2068106 0.1591081 0.4186813 0.5292942 0.1301212 0.1789009 0.2988215 0.3806667 0.1526756 0.4306085 0.2843385 0.5328080 0.1741107 0.1476081 0.1160596 0.4633333 0.2896625 0.3367242 
Perityle_huecosensis_48                    0.2473084 0.2990043 0.2336211 0.1568858 0.2542242 0.1835644 0.4701458 0.2646818 0.3612010 0.1506973 0.1814348 0.4341597 0.3894758 0.0873753 0.5287031 0.3206269 0.1881719 0.3036420 0.3851268 0.3514181 0.3783130 0.4008368 0.3518101 0.1347139 0.2804189 0.3827620 0.2570209 0.2748843 0.2399196 0.3483665 0.3461280 0.1981565 0.2416254 0.1417738 0.4024612 0.1818038 0.2255851 0.3347705 0.2292411 0.3213894 0.1135724 0.1532030 0.3630175 0.0681321 0.2251466 0.0000000 0.2810426 0.5200040 0.3973545 0.0876418 0.1589392 0.3828427 0.1309807 0.4902097 0.4015142 0.3590455 0.2245840 0.0921759 0.3777172 0.4105311 0.1713326 0.3895455 0.4054187 0.1471321 0.2619900 0.1364480 0.5438177 0.4774672 0.0541162 0.1561372 0.4507622 0.4786310 0.1748905 0.3584157 0.3033130 0.4818376 0.2823491 0.1993142 0.1335203 0.4017853 0.3874837 0.3059340 
