80
Amauria_brandeegeana_62                    0.0000000 0.0353699 0.0041717 0.1833566 0.0553428 0.1512062 0.1650004 0.2986356 0.0203397 0.1700654 0.0621962 0.1721067 0.1788230 0.0148502 0.2140757 0.0525365 0.1933140 0.1796019 0.1616028 0.0347847 0.1910476 0.1759775 0.1881668 0.1910930 0.0744009 0.0518467 0.1731436 0.0640696 0.0752551 0.0355872 0.1731474 0.0139496 0.0731548 0.1658220 0.0633489 0.1874193 0.1913249 0.0675553 0.1768040 0.0661225 0.0716619 0.1722106 0.0308265 0.1725843 0.1782859 0.0565439 0.1871755 0.1867070 0.1537992 0.0405307 0.1841941 0.0500879 0.1206563 0.0676725 0.1633026 0.1777733 0.0835711 0.2417555 0.1043164 0.0883502 0.0380895 0.0749341 0.0415969 0.0726317 0.0455570 0.0386064 0.1844354 0.1950629 0.0620898 0.1764819 0.1802480 0.1636154 0.0954777 0.0658828 0.1891185 0.1683904 0.0371928 0.0997848 0.1863667 0.0187656 
Amauria_carterae_99_mesa                   0.0353699 0.0000000 0.0518892 0.2198495 0.0448313 0.0897468 0.0911346 0.2006619 0.0297468 0.0704177 0.0558657 0.0534397 0.0701296 0.0212684 0.1108144 0.0564888 0.0997762 0.0574247 0.0606037 0.0442240 0.0741820 0.0593753 0.0655152 0.0618325 0.0887100 0.0648477 0.1192280 0.0720776 0.0551067 0.0434820 0.0552878 0.0249739 0.0657772 0.0524008 0.0580328 0.0710275 0.0721821 0.0561229 0.0557475 0.0562972 0.0576518 0.0498859 0.0258635 0.0523970 0.0593248 0.0533635 0.0711513 0.0726099 0.0402454 0.0535476 0.0592733 0.0557924 0.0655010 0.0537985 0.0574638 0.0576032 0.0889518 0.1883108 0.0671473 0.0601982 0.0390849 0.0864740 0.0533396 0.0647020 0.0404873 0.0504851 0.0592813 0.0763762 0.0710661 0.0580456 0.0612270 0.0498489 0.0813404 0.0639914 0.0590506 0.0574442 0.0381414 0.1085452 0.0652690 0.0271715 
Amauria_rotundifolia_SRR9119150            0.0041717 0.0518892 0.0000000 0.3247521 0.0990816 0.1826829 0.1792321 0.3547524 0.0988964 0.2902073 0.0968945 0.1542847 0.1852393 0.0422990 0.4174474 0.1770382 0.2048385 0.1557391 0.3067686 0.0459633 0.2756736 0.2131818 0.2515016 0.3452755 0.1514142 0.0707056 0.1784097 0.2437508 0.1326851 0.0568487 0.2488880 0.0602661 0.1510122 0.1479402 0.0959742 0.2279432 0.2579651 0.1493690 0.1786284 0.1109545 0.1321461 0.1795239 0.0611532 0.1967481 0.1887198 0.0690017 0.2044134 0.2716025 0.2444710 0.0627767 0.1811437 0.0799444 0.1295972 0.0808149 0.1462289 0.2250914 0.1586205 0.2519432 0.1330388 0.1063588 0.0471191 0.1706230 0.0595954 0.1051506 0.0731027 0.0574967 0.1732636 0.2921353 0.0929051 0.1754203 0.2039692 0.1383905 0.1032326 0.1036269 0.2474753 0.1461076 0.0460348 0.1312955 0.1822326 0.0614751 
Conoclinium_coelestinum_SRR9119114         0.1833566 0.2198495 0.3247521 0.0000000 0.2976264 0.1786876 0.2046807 0.3830593 0.2792950 0.3053356 0.3266929 0.3222894 0.3280799 0.1832992 0.4150832 0.3459115 0.3149743 0.3156822 0.3808093 0.1693433 0.3415237 0.3194384 0.3365578 0.4255369 0.3553242 0.2141735 0.2313328 0.4034867 0.3089982 0.2571631 0.3237310 0.2389046 0.3544829 0.3122169 0.3280341 0.3360275 0.3418048 0.3387166 0.2844931 0.3235430 0.3358994 0.3262315 0.1545382 0.3121928 0.3236692 0.1362501 0.3187914 0.3392562 0.3201808 0.2977736 0.3235054 0.3130020 0.2803523 0.2249066 0.3204448 0.3183276 0.3066046 0.3122194 0.3399961 0.2202153 0.1141182 0.3585856 0.2861156 0.3167213 0.3050298 0.2324062 0.3284986 0.3420038 0.3051608 0.3252528 0.3226796 0.3184759 0.2407464 0.3248161 0.3126018 0.3252150 0.1215197 0.2403813 0.3255423 0.2959536 
Eutetras_palmeri_63                        0.0553428 0.0448313 0.0990816 0.2976264 0.0000000 0.1650182 0.1423889 0.3504104 0.0691050 0.2429024 0.0702104 0.1301321 0.1595799 0.0333818 0.3685844 0.1738103 0.2004907 0.1441849 0.2814838 0.0375098 0.2490398 0.1964750 0.2226792 0.2986241 0.1189691 0.0555688 0.1651258 0.1994093 0.0852114 0.0560849 0.2145471 0.0461072 0.0919637 0.1268046 0.0746017 0.2120442 0.2377082 0.0764399 0.1578283 0.0778693 0.0951013 0.1642759 0.0300525 0.1839601 0.1762747 0.0458081 0.1776326 0.2474890 0.2265621 0.0560613 0.1601813 0.0865098 0.1078292 0.0785331 0.1318117 0.2088707 0.0996342 0.2320837 0.1087909 0.0814680 0.0295378 0.1212068 0.0602841 0.0727837 0.0455182 0.0535041 0.1623899 0.2507999 0.0802691 0.1623113 0.1909307 0.1243223 0.1018235 0.0750404 0.2260851 0.1302966 0.0289245 0.1016877 0.1688704 0.0441452 
Eutrochium_fistulosum_SRR9119106           0.1512062 0.0897468 0.1826829 0.1786876 0.1650182 0.0000000 0.1301342 0.3004693 0.1745853 0.1552083 0.1787265 0.1615642 0.1398264 0.0842368 0.2876054 0.1795283 0.2109793 0.1688647 0.2503928 0.0871208 0.1493955 0.1761306 0.1891498 0.2532603 0.1879477 0.1317935 0.2017264 0.2657619 0.1688931 0.1496897 0.1729384 0.1375023 0.2304912 0.1529617 0.1765881 0.1418959 0.1436662 0.2215338 0.1570604 0.1859546 0.1895704 0.1713654 0.0708812 0.1800868 0.1865437 0.0980280 0.1381312 0.1422073 0.1342957 0.1141834 0.1648978 0.1639202 0.1529959 0.1309281 0.1775400 0.1872214 0.1622000 0.2302860 0.1827567 0.1250279 0.0674459 0.1835445 0.1084225 0.1738313 0.1837925 0.1109548 0.1806008 0.1437182 0.1874844 0.1859802 0.1882492 0.1790555 0.1460114 0.1748117 0.1578551 0.1703460 0.0687393 0.1774695 0.1922939 0.2154277 
Galeana_pratensis_104_mex                  0.1650004 0.0911346 0.1792321 0.2046807 0.1423889 0.1301342 0.0000000 0.2843040 0.1369411 0.1088870 0.1776138 0.1115472 0.1364232 0.0589741 0.1369012 0.1839493 0.1874763 0.1083618 0.1124029 0.0898723 0.1382494 0.1101132 0.1131724 0.1171671 0.1702708 0.1704183 0.2157057 0.1899167 0.1565145 0.1546556 0.1096400 0.1499346 0.1818906 0.0982002 0.1704708 0.1360598 0.1400340 0.1771692 0.1122299 0.1735716 0.1820228 0.1040645 0.1163045 0.1076118 0.1127966 0.1229566 0.1394560 0.1410609 0.1094146 0.1029479 0.1079027 0.1817734 0.1140950 0.1045067 0.1148719 0.1118184 0.1566237 0.2853681 0.1826234 0.1043325 0.0860324 0.1363718 0.0897385 0.1664561 0.1472803 0.1014828 0.1097711 0.1384443 0.1828718 0.1089762 0.1127497 0.0986886 0.1227920 0.1661845 0.1067582 0.1047953 0.0866720 0.1966735 0.1201204 0.1549769 
Helianthus_annuus_SRR9119062               0.2986356 0.2006619 0.3547524 0.3830593 0.3504104 0.3004693 0.2843040 0.0000000 0.3486681 0.3773733 0.3650624 0.3551727 0.3677337 0.1698278 0.4945364 0.4318567 0.4194799 0.3721988 0.4243097 0.1869121 0.3847777 0.3767194 0.3939059 0.4235605 0.3770708 0.2596580 0.2950040 0.4391582 0.3587563 0.3403416 0.3807865 0.3161774 0.3668294 0.3501092 0.3596025 0.3799900 0.3864734 0.3668620 0.3407307 0.3626025 0.3802285 0.3793523 0.2071127 0.3671243 0.3754731 0.1774395 0.3737375 0.3821373 0.3557493 0.2575361 0.3763811 0.3539139 0.2798444 0.2413187 0.3489061 0.3739823 0.3685189 0.4024236 0.3867334 0.2657721 0.1463554 0.3648520 0.2566941 0.3761888 0.3551872 0.2165748 0.3774547 0.3877389 0.3651432 0.3761248 0.3785439 0.3462300 0.2477787 0.3685791 0.4013941 0.3611910 0.1456291 0.3680434 0.3702310 0.3213509 
Lycapsus_tenuifolius_17                    0.0203397 0.0297468 0.0988964 0.2792950 0.0691050 0.1745853 0.1369411 0.3486681 0.0000000 0.2508247 0.0889999 0.1538661 0.1615688 0.0247197 0.4211514 0.1558057 0.1993418 0.1625376 0.3076399 0.0206618 0.2567683 0.2197754 0.2447784 0.3386687 0.1357013 0.0031296 0.1261672 0.2141765 0.0976841 0.0010980 0.2446518 0.0271512 0.1332518 0.1490424 0.0902486 0.2164486 0.2445132 0.1223446 0.1649828 0.0940139 0.1156319 0.1853066 0.0272151 0.2029132 0.1951652 0.0292808 0.1767723 0.2513897 0.2409552 0.0575073 0.1852146 0.0597230 0.1139727 0.0586159 0.1541378 0.2259460 0.0959005 0.2286737 0.1082372 0.0825508 0.0184979 0.1561514 0.0437212 0.0741923 0.0735654 0.0375112 0.1848425 0.2577890 0.0380442 0.1863538 0.2079009 0.1479655 0.0677189 0.0843657 0.2398226 0.1512657 0.0180454 0.0828136 0.1923700 0.0783400 
Pericome_caudata_50_silver                 0.1700654 0.0704177 0.2902073 0.3053356 0.2429024 0.1552083 0.1088870 0.3773733 0.2508247 0.0000000 0.2477121 0.0933063 0.1385658 0.0587406 0.1826711 0.3111743 0.2491585 0.0894800 0.1616135 0.0569761 0.1354294 0.0935566 0.0883079 0.1344029 0.2540025 0.1384215 0.1932584 0.3472169 0.2873249 0.1787320 0.0856420 0.2404846 0.2775322 0.0813690 0.2515505 0.1436674 0.1489284 0.2722641 0.0936021 0.2160292 0.2814002 0.0861822 0.0974224 0.0874485 0.0952148 0.0549630 0.1474575 0.1385217 0.1148180 0.0829713 0.0913168 0.1794099 0.0971435 0.0740990 0.0959910 0.0909819 0.2809752 0.2542100 0.2124413 0.0687472 0.0424306 0.2633841 0.0875743 0.2150472 0.2214707 0.0793782 0.0885499 0.1464865 0.2181921 0.0916912 0.0952715 0.0798853 0.1146362 0.1969935 0.1017888 0.0840101 0.0414483 0.2117329 0.0970950 0.2024821 
Perityle_aglossa_84_dead_horse             0.0621962 0.0558657 0.0968945 0.3266929 0.0702104 0.1787265 0.1776138 0.3650624 0.0889999 0.2477121 0.0000000 0.1509139 0.1877937 0.0000010 0.4197279 0.1922254 0.1947400 0.1599315 0.3252973 0.0609973 0.2477978 0.1952759 0.2149042 0.3260160 0.1403700 0.0749136 0.1840793 0.2410040 0.1104386 0.0668040 0.2102789 0.0594562 0.1258393 0.1479600 0.0795441 0.2179477 0.2460118 0.1223583 0.1773298 0.1008364 0.0971274 0.1600486 0.0385051 0.1760029 0.1688759 0.0639626 0.1998611 0.2443377 0.2273712 0.0705618 0.1705489 0.0862372 0.1426000 0.0953966 0.1485867 0.2043282 0.1125067 0.2507299 0.1169946 0.1208557 0.0000010 0.1465105 0.0715077 0.0893060 0.0634473 0.0698025 0.1613401 0.2466505 0.0991593 0.1586253 0.1810208 0.1389418 0.1140117 0.0960299 0.2137350 0.1544109 0.0000010 0.1045686 0.1682741 0.1006303 
Perityle_ajoensis_204                      0.1721067 0.0534397 0.1542847 0.3222894 0.1301321 0.1615642 0.1115472 0.3551727 0.1538661 0.0933063 0.1509139 0.0000000 0.1449480 0.0285668 0.1724419 0.2970300 0.1755605 0.0219083 0.1553964 0.0100823 0.1448471 0.0256501 0.0246770 0.1361164 0.1805020 0.1361056 0.1973698 0.3136160 0.1654753 0.1526364 0.0199795 0.1205380 0.1577917 0.0121898 0.1529886 0.1438083 0.1490493 0.1526799 0.0259373 0.1501848 0.1674338 0.0000010 0.0874070 0.0185287 0.0228347 0.0737430 0.1458189 0.1455705 0.1034180 0.0144409 0.0190720 0.1629780 0.0459196 0.0146369 0.0258884 0.0220348 0.1731903 0.2537174 0.1598544 0.0175169 0.0625749 0.1682180 0.0150277 0.1800508 0.1342142 0.0163216 0.0218658 0.1462916 0.1822803 0.0249610 0.0246491 0.0119139 0.0456745 0.1783349 0.0854792 0.0181762 0.0611211 0.2126522 0.0283939 0.1215689 
Perityle_ambrosiifolia_67_green            0.1788230 0.0701296 0.1852393 0.3280799 0.1595799 0.1398264 0.1364232 0.3677337 0.1615688 0.1385658 0.1877937 0.1449480 0.0000000 0.0639777 0.3022006 0.2893363 0.2111209 0.1539981 0.2586225 0.0739114 0.0109857 0.1558969 0.1545861 0.2831615 0.1902564 0.1403088 0.1898778 0.3399442 0.1934521 0.1638377 0.1497786 0.1612460 0.2056461 0.1326274 0.1840009 0.0071293 0.0094119 0.1964059 0.1481507 0.1973350 0.1958342 0.1455233 0.0965664 0.1443613 0.1542124 0.0731342 0.0049402 0.0070752 0.0065301 0.1065145 0.1464382 0.1864032 0.1499141 0.1150630 0.1513343 0.1535968 0.1717734 0.2503863 0.2022475 0.1104352 0.0519122 0.1781706 0.1152406 0.1963947 0.1702174 0.1560640 0.1488884 0.0109999 0.1935982 0.1536755 0.1528478 0.1445197 0.1425544 0.1930705 0.1285415 0.1490792 0.0533434 0.2045000 0.1612874 0.1572613 
Perityle_angustifolia_13_Eagle_creek       0.0148502 0.0212684 0.0422990 0.1832992 0.0333818 0.0842368 0.0589741 0.1698278 0.0247197 0.0587406 0.0000010 0.0285668 0.0639777 0.0000000 0.1549022 0.1057475 0.0562271 0.0265750 0.1210199 0.0047039 0.0617965 0.0304341 0.0344774 0.0484898 0.0763512 0.0411994 0.0765430 0.1136144 0.0514830 0.0346490 0.0265083 0.0203103 0.0583827 0.0194076 0.0522912 0.0602396 0.0618488 0.0488594 0.0288194 0.0508764 0.0538687 0.0229625 0.0265182 0.0212355 0.0304570 0.0290698 0.0608105 0.0620592 0.0424985 0.0211167 0.0208059 0.0468490 0.0451060 0.0066713 0.0305017 0.0287397 0.0747265 0.1273227 0.0489861 0.0113928 0.0000010 0.0723894 0.0235573 0.0609920 0.0218827 0.0141876 0.0246526 0.0619094 0.0580910 0.0309088 0.0304062 0.0208595 0.0296366 0.0602691 0.0396187 0.0266062 0.0000010 0.0730697 0.0343464 0.0220795 
Perityle_bisetosa_9                        0.2140757 0.1108144 0.4174474 0.4150832 0.3685844 0.2876054 0.1369012 0.4945364 0.4211514 0.1826711 0.4197279 0.1724419 0.3022006 0.1549022 0.0000000 0.2422749 0.4236036 0.1827693 0.2466166 0.0481274 0.3089776 0.1824072 0.1972143 0.2354071 0.4474998 0.2157083 0.2687676 0.2963497 0.4214232 0.3366530 0.1845960 0.3372809 0.4380891 0.1649346 0.4280935 0.3063560 0.3098807 0.4388092 0.1154300 0.4013651 0.4391851 0.1843747 0.0837220 0.1848365 0.1923251 0.0549582 0.2937196 0.3096049 0.2686091 0.2265678 0.1505098 0.3452149 0.1323716 0.0702388 0.2192996 0.1859734 0.3567904 0.3122862 0.4070895 0.0616182 0.0525555 0.4308574 0.1833025 0.3681877 0.4063792 0.1264697 0.1900140 0.3108661 0.4108966 0.1928637 0.1927190 0.2017339 0.1417953 0.3928733 0.1994659 0.1901171 0.0617509 0.2128334 0.1979394 0.4168840 
Perityle_californica_76_positas            0.0525365 0.0564888 0.1770382 0.3459115 0.1738103 0.1795283 0.1839493 0.4318567 0.1558057 0.3111743 0.1922254 0.2970300 0.2893363 0.1057475 0.2422749 0.0000000 0.3375358 0.3072620 0.3554720 0.0613146 0.3353577 0.3357642 0.3441982 0.4133617 0.2340457 0.0899243 0.1871319 0.0377897 0.1929265 0.1427326 0.3398776 0.1330554 0.2002862 0.2964768 0.1924652 0.3320203 0.3286853 0.1886618 0.2686013 0.1896984 0.2072541 0.3284863 0.0556018 0.3297355 0.3355937 0.0663058 0.3009441 0.3296678 0.3078213 0.2065268 0.3225700 0.1797648 0.1827700 0.0894610 0.2904964 0.3366993 0.1785753 0.2530656 0.2220420 0.1166147 0.0453900 0.2264913 0.1696164 0.1918766 0.1680663 0.1028014 0.3221938 0.3387424 0.1900323 0.3206429 0.3403454 0.2954600 0.1467247 0.1989449 0.3205882 0.2998743 0.0443286 0.1274433 0.3306478 0.1215527 
Perityle_canescens_77                      0.1933140 0.0997762 0.2048385 0.3149743 0.2004907 0.2109793 0.1874763 0.4194799 0.1993418 0.2491585 0.1947400 0.1755605 0.2111209 0.0562271 0.4236036 0.3375358 0.0000000 0.1675875 0.3690211 0.0586511 0.2508487 0.2070790 0.2133093 0.3462876 0.2467959 0.1387759 0.2106940 0.3743190 0.2237892 0.1806023 0.2110777 0.1918866 0.1868258 0.1647551 0.1997029 0.2377139 0.2521988 0.1816925 0.1981338 0.1710737 0.2111153 0.1924086 0.0991639 0.2027665 0.2087829 0.0732681 0.2140390 0.2501890 0.2250976 0.0747322 0.1810955 0.1674309 0.1564563 0.1302971 0.1720509 0.2185780 0.2424467 0.2626139 0.1786357 0.1308857 0.0546856 0.2410380 0.0947972 0.1992703 0.1739863 0.0860008 0.1804464 0.2514779 0.2105467 0.1965876 0.2093256 0.1627599 0.1021697 0.1829478 0.2382365 0.1718633 0.0534240 0.2549592 0.1982605 0.1683127 
Perityle_castillonii_96                    0.1796019 0.0574247 0.1557391 0.3156822 0.1441849 0.1688647 0.1083618 0.3721988 0.1625376 0.0894800 0.1599315 0.0219083 0.1539981 0.0265750 0.1827693 0.3072620 0.1675875 0.0000000 0.1682861 0.0080386 0.1613749 0.0234702 0.0259799 0.1434656 0.1971539 0.1375187 0.1926236 0.3512342 0.1653785 0.1622808 0.0182868 0.1309305 0.1833982 0.0121409 0.1608889 0.1585443 0.1643550 0.1764186 0.0208586 0.1738332 0.1784689 0.0143041 0.0850810 0.0177889 0.0217567 0.0591387 0.1663273 0.1610749 0.1220002 0.0117962 0.0192843 0.1619980 0.0417069 0.0113453 0.0226232 0.0202019 0.1896836 0.2531388 0.1668867 0.0111067 0.0572784 0.1862845 0.0081570 0.1922901 0.1393149 0.0130134 0.0208522 0.1617826 0.1907853 0.0236943 0.0234190 0.0104251 0.0389289 0.1836546 0.0883368 0.0180371 0.0559545 0.2171028 0.0268257 0.1310178 
Perityle_cfvillosa_25_tin                  0.1616028 0.0606037 0.3067686 0.3808093 0.2814838 0.2503928 0.1124029 0.4243097 0.3076399 0.1616135 0.3252973 0.1553964 0.2586225 0.1210199 0.2466166 0.3554720 0.3690211 0.1682861 0.0000000 0.0171619 0.2848804 0.1619701 0.1933077 0.2282992 0.3552286 0.1759647 0.2305124 0.4027042 0.3164620 0.2574096 0.1645586 0.2302892 0.3261263 0.1503091 0.3242827 0.2815268 0.2846297 0.3290631 0.0860572 0.3152868 0.3478129 0.1802091 0.0762597 0.1724954 0.1731195 0.0699431 0.2528001 0.2840436 0.2440269 0.1749391 0.1536374 0.2904140 0.1168302 0.0310375 0.1690599 0.1717997 0.2633075 0.2892853 0.3287637 0.0200573 0.0455573 0.3405424 0.1284341 0.3106782 0.3204966 0.0714296 0.1872273 0.2792832 0.3168617 0.1726910 0.1740024 0.1868348 0.1106179 0.3310872 0.1942284 0.1626846 0.0444880 0.2115865 0.1762603 0.3027476 
Perityle_cinerea_113_Powell1310            0.0347847 0.0442240 0.0459633 0.1693433 0.0375098 0.0871208 0.0898723 0.1869121 0.0206618 0.0569761 0.0609973 0.0100823 0.0739114 0.0047039 0.0481274 0.0613146 0.0586511 0.0080386 0.0171619 0.0000000 0.0760527 0.0080857 0.0141418 0.0266497 0.0697008 0.0663456 0.1162380 0.0711465 0.0507675 0.0337801 0.0060190 0.0156883 0.0527585 0.0020352 0.0587253 0.0723251 0.0761882 0.0444869 0.0081209 0.0423733 0.0604383 0.0040466 0.0147669 0.0040875 0.0100618 0.0549442 0.0725306 0.0741536 0.0388047 0.0060834 0.0060239 0.0426624 0.0286410 0.0061906 0.0080581 0.0081058 0.0653614 0.1710066 0.0507631 0.0083270 0.0476692 0.0650374 0.0041648 0.0680334 0.0366450 0.0060577 0.0080561 0.0782971 0.0729933 0.0081424 0.0100618 0.0020161 0.0244662 0.0604666 0.0515260 0.0080622 0.0465599 0.0906761 0.0141471 0.0248615 
Perityle_coahuilensis_24                   0.1910476 0.0741820 0.2756736 0.3415237 0.2490398 0.1493955 0.1382494 0.3847777 0.2567683 0.1354294 0.2477978 0.1448471 0.0109857 0.0617965 0.3089776 0.3353577 0.2508487 0.1613749 0.2848804 0.0760527 0.0000000 0.1551569 0.1717002 0.2891867 0.2744937 0.1401630 0.1872324 0.4072143 0.2754706 0.1902312 0.1463110 0.2499611 0.3058006 0.1337619 0.2384660 0.0033832 0.0124188 0.2998313 0.1558698 0.2428635 0.2843934 0.1550497 0.1009070 0.1665146 0.1661828 0.0778184 0.0071800 0.0078278 0.0277426 0.1064043 0.1502181 0.1848697 0.1481889 0.1149166 0.1499001 0.1645143 0.2735725 0.2480967 0.2183739 0.1123153 0.0544255 0.2667033 0.1151148 0.2261950 0.2326913 0.1540156 0.1575444 0.0037742 0.2286138 0.1769199 0.1747247 0.1500773 0.1402621 0.2070280 0.1515151 0.1493000 0.0558095 0.2088403 0.1653965 0.2479141 
Perityle_congesta_202                      0.1759775 0.0593753 0.2131818 0.3194384 0.1964750 0.1761306 0.1101132 0.3767194 0.2197754 0.0935566 0.1952759 0.0256501 0.1558969 0.0304341 0.1824072 0.3357642 0.2070790 0.0234702 0.1619701 0.0080857 0.1551569 0.0000000 0.0317815 0.1426333 0.2548735 0.1358493 0.1996392 0.3828874 0.2159327 0.1830760 0.0161447 0.1932748 0.2474091 0.0187813 0.2019974 0.1572328 0.1615432 0.2478842 0.0028818 0.2047296 0.2151953 0.0200725 0.0810393 0.0000010 0.0052626 0.0686929 0.1651738 0.1548738 0.1220149 0.0158127 0.0230407 0.1606751 0.0487551 0.0163056 0.0076977 0.0021799 0.2537451 0.2555922 0.1772629 0.0175648 0.0576403 0.2472827 0.0136702 0.2096551 0.1949255 0.0146773 0.0249031 0.1556139 0.2176002 0.0015395 0.0058634 0.0185706 0.0289455 0.1892804 0.0943124 0.0245419 0.0562998 0.2170097 0.0091627 0.2046146 
Perityle_cordifolia_27                     0.1881668 0.0655152 0.2515016 0.3365578 0.2226792 0.1891498 0.1131724 0.3939059 0.2447784 0.0883079 0.2149042 0.0246770 0.1545861 0.0344774 0.1972143 0.3441982 0.2133093 0.0259799 0.1933077 0.0141418 0.1717002 0.0317815 0.0000000 0.1424521 0.2858473 0.1397724 0.2038312 0.4059529 0.2472306 0.1875291 0.0234340 0.2128292 0.2693748 0.0149502 0.2204478 0.1618845 0.1909791 0.2657336 0.0254350 0.2039157 0.2759048 0.0214618 0.0875073 0.0475935 0.0321035 0.0736438 0.1620666 0.1646351 0.1436508 0.0039175 0.0212596 0.1712029 0.0446156 0.0163142 0.0336695 0.0329035 0.2776677 0.2626768 0.1818949 0.0095170 0.0625268 0.2708346 0.0122866 0.2162963 0.1940308 0.0179843 0.0264213 0.1492468 0.2185711 0.0541730 0.0533645 0.0196901 0.0457281 0.1972584 0.1208455 0.0253784 0.0636560 0.2225107 0.0353422 0.2219412 
Perityle_cordifolia_68_tecolote            0.1910930 0.0618325 0.3452755 0.4255369 0.2986241 0.2532603 0.1171671 0.4235605 0.3386687 0.1344029 0.3260160 0.1361164 0.2831615 0.0484898 0.2354071 0.4133617 0.3462876 0.1434656 0.2282992 0.0266497 0.2891867 0.1426333 0.1424521 0.0000000 0.3583426 0.1446378 0.2036008 0.4505028 0.3569026 0.2624725 0.1401990 0.2610328 0.3477634 0.1284142 0.3482222 0.2798509 0.2884278 0.3397342 0.0670199 0.3340718 0.3616527 0.1384826 0.0964209 0.1441480 0.1459773 0.0677153 0.2739940 0.2904139 0.2472157 0.1511357 0.1239722 0.2797602 0.0012980 0.0347402 0.1609135 0.1430496 0.2818298 0.2587897 0.3247307 0.0356803 0.0574888 0.3458999 0.0929065 0.3146901 0.3203074 0.0331486 0.1431491 0.2845067 0.3512536 0.1509868 0.1481314 0.1421105 0.0632275 0.3278018 0.1830617 0.1472909 0.0562758 0.2310739 0.1499065 0.3233788 
Perityle_coronopifolia_28_patagonia        0.0744009 0.0887100 0.1514142 0.3553242 0.1189691 0.1879477 0.1702708 0.3770708 0.1357013 0.2540025 0.1403700 0.1805020 0.1902564 0.0763512 0.4474998 0.2340457 0.2467959 0.1971539 0.3552286 0.0697008 0.2744937 0.2548735 0.2858473 0.3583426 0.0000000 0.0930870 0.2028316 0.2916586 0.1557353 0.0886216 0.2633814 0.0992010 0.1848488 0.1778677 0.1435425 0.2365335 0.2760771 0.1761421 0.1999770 0.1494407 0.1881347 0.2209057 0.0778257 0.2483521 0.2334182 0.0884201 0.2053005 0.2705518 0.2584191 0.1208691 0.2155405 0.1280938 0.1470010 0.1028805 0.1949341 0.2612862 0.0362399 0.2735934 0.1758789 0.1187042 0.0599175 0.0236977 0.1053465 0.1174998 0.1170046 0.0954847 0.2204091 0.2643815 0.1309027 0.2327951 0.2555927 0.1858035 0.1364444 0.1306672 0.2796800 0.1950943 0.0585291 0.0342813 0.2284507 0.1518095 
Perityle_crassifolia_70_ventanas           0.0518467 0.0648477 0.0707056 0.2141735 0.0555688 0.1317935 0.1704183 0.2596580 0.0031296 0.1384215 0.0749136 0.1361056 0.1403088 0.0411994 0.2157083 0.0899243 0.1387759 0.1375187 0.1759647 0.0663456 0.1401630 0.1358493 0.1397724 0.1446378 0.0930870 0.0000000 0.0902982 0.1043168 0.0806738 0.0278649 0.1334865 0.0000010 0.0842073 0.1309851 0.0819064 0.1366261 0.1403432 0.0719461 0.1318154 0.0718797 0.0873410 0.1306961 0.0419115 0.1310531 0.1370230 0.0635110 0.1368128 0.1358316 0.1048120 0.0729299 0.1320670 0.0723765 0.1474250 0.0948113 0.1390302 0.1361818 0.0914005 0.2529899 0.0912293 0.1207919 0.0549104 0.0962371 0.0751784 0.0730637 0.0512337 0.0803643 0.1356728 0.1403565 0.0041738 0.1333831 0.1385828 0.1285041 0.0978008 0.0753126 0.1386198 0.1340877 0.0536384 0.1069086 0.1442073 0.0000010 
Perityle_crassifolia_74_playa_balandra     0.1731436 0.1192280 0.1784097 0.2313328 0.1651258 0.2017264 0.2157057 0.2950040 0.1261672 0.1932584 0.1840793 0.1973698 0.1898778 0.0765430 0.2687676 0.1871319 0.2106940 0.1926236 0.2305124 0.1162380 0.1872324 0.1996392 0.2038312 0.2036008 0.2028316 0.0902982 0.0000000 0.1860408 0.1765821 0.1468400 0.1940793 0.1204601 0.1923906 0.1913081 0.1912914 0.1869096 0.1875901 0.1773071 0.1944676 0.1757020 0.2028161 0.1880715 0.1269696 0.1897905 0.2014650 0.0729385 0.1848331 0.1885783 0.1656808 0.1230484 0.1874356 0.1897844 0.1628911 0.1534235 0.2019697 0.1981098 0.2110271 0.2042808 0.1897337 0.1637789 0.1160733 0.2031359 0.1574284 0.1830140 0.1597930 0.1369582 0.1922108 0.1872454 0.1357209 0.1988796 0.2034799 0.1942814 0.1477748 0.1875234 0.2077995 0.1971795 0.1131628 0.2571010 0.2039493 0.1162199 
Perityle_cuneata_34_cuneata_San_antonio    0.0640696 0.0720776 0.2437508 0.4034867 0.1994093 0.2657619 0.1899167 0.4391582 0.2141765 0.3472169 0.2410040 0.3136160 0.3399442 0.1136144 0.2963497 0.0377897 0.3743190 0.3512342 0.4027042 0.0711465 0.4072143 0.3828874 0.4059529 0.4505028 0.2916586 0.1043168 0.1860408 0.0000000 0.2403861 0.1573034 0.4023199 0.1512534 0.2484636 0.3127668 0.2420171 0.3844161 0.3873202 0.2395428 0.2787927 0.2348442 0.2638070 0.3708715 0.0641434 0.3764380 0.3790833 0.0611243 0.3366508 0.4013317 0.3784395 0.2231773 0.3389574 0.1928217 0.1919941 0.1007581 0.3410540 0.3892024 0.1949267 0.2582668 0.2763104 0.1286629 0.0480038 0.2868604 0.1885456 0.2049758 0.2232091 0.1117842 0.3685514 0.4087826 0.2230393 0.3697209 0.3863021 0.3446438 0.1575608 0.2418944 0.3451977 0.3431519 0.0468790 0.1392313 0.3796168 0.1947397 
Perityle_cuneata_4                         0.0752551 0.0551067 0.1326851 0.3089982 0.0852114 0.1688931 0.1565145 0.3587563 0.0976841 0.2873249 0.1104386 0.1654753 0.1934521 0.0514830 0.4214232 0.1929265 0.2237892 0.1653785 0.3164620 0.0507675 0.2754706 0.2159327 0.2472306 0.3569026 0.1557353 0.0806738 0.1765821 0.2403861 0.0000000 0.0771291 0.2442532 0.0694677 0.1533606 0.1627936 0.1046520 0.2301753 0.2587511 0.1396675 0.1865672 0.1213909 0.1226411 0.1839047 0.0538825 0.2005304 0.1954519 0.0654833 0.2028107 0.2689459 0.2501547 0.0749666 0.1872098 0.0958019 0.1433653 0.0844236 0.1612966 0.2271427 0.1373674 0.2572343 0.1338141 0.1109975 0.0452662 0.1629556 0.0783857 0.1088547 0.0887731 0.0698584 0.1776717 0.2789717 0.1056597 0.1818081 0.2062663 0.1549263 0.1150456 0.1119417 0.2478388 0.1663515 0.0442103 0.1311992 0.1876968 0.0826999 
Perityle_discoidea_81                      0.0355872 0.0434820 0.0568487 0.2571631 0.0560849 0.1496897 0.1546556 0.3403416 0.0010980 0.1787320 0.0668040 0.1526364 0.1638377 0.0346490 0.3366530 0.1427326 0.1806023 0.1622808 0.2574096 0.0337801 0.1902312 0.1830760 0.1875291 0.2624725 0.0886216 0.0278649 0.1468400 0.1573034 0.0771291 0.0000000 0.1754913 0.0223483 0.0917053 0.1447015 0.0718099 0.1892784 0.1935068 0.0766804 0.1695992 0.0776194 0.0915816 0.1719532 0.0369714 0.1739594 0.1813548 0.0519447 0.1780419 0.1883751 0.1646166 0.0582414 0.1841351 0.0665030 0.1259884 0.0722049 0.1515287 0.1802411 0.0783750 0.2397325 0.0953097 0.0956975 0.0337094 0.0997615 0.0565546 0.0805525 0.0452589 0.0495286 0.1843301 0.1933247 0.0376341 0.1834149 0.1798768 0.1444077 0.0777751 0.0788422 0.1967787 0.1496593 0.0328995 0.0972929 0.1871818 0.0176007 
Perityle_dissecta_201                      0.1731474 0.0552878 0.2488880 0.3237310 0.2145471 0.1729384 0.1096400 0.3807865 0.2446518 0.0856420 0.2102789 0.0199795 0.1497786 0.0265083 0.1845960 0.3398776 0.2110777 0.0182868 0.1645586 0.0060190 0.1463110 0.0161447 0.0234340 0.1401990 0.2633814 0.1334865 0.1940793 0.4023199 0.2442532 0.1754913 0.0000000 0.2061662 0.2686701 0.0120904 0.2073672 0.1518080 0.1575844 0.2599491 0.0135429 0.1969601 0.2353591 0.0130801 0.0786147 0.0105487 0.0167792 0.0685708 0.1587934 0.1452716 0.1116496 0.0104455 0.0169133 0.1572628 0.0457861 0.0096943 0.0182299 0.0136778 0.2820217 0.2522708 0.1717584 0.0126836 0.0572082 0.2718805 0.0081337 0.2046580 0.1897208 0.0129676 0.0186593 0.1540771 0.2104548 0.0156477 0.0163580 0.0118037 0.0437941 0.1825790 0.0968388 0.0184501 0.0558876 0.2138461 0.0185779 0.1914139 
Perityle_emoryi_47_punta_san_jose          0.0139496 0.0249739 0.0602661 0.2389046 0.0461072 0.1375023 0.1499346 0.3161774 0.0271512 0.2404846 0.0594562 0.1205380 0.1612460 0.0203103 0.3372809 0.1330554 0.1918866 0.1309305 0.2302892 0.0156883 0.2499611 0.1932748 0.2128292 0.2610328 0.0992010 0.0000010 0.1204601 0.1512534 0.0694677 0.0223483 0.2061662 0.0000000 0.0819591 0.1131362 0.0651330 0.2162183 0.2473608 0.0718563 0.1358476 0.0675357 0.0854711 0.1583809 0.0307583 0.1759317 0.1698554 0.0443999 0.1758674 0.2469910 0.2263022 0.0231898 0.1488083 0.0477715 0.0989600 0.0408971 0.1183642 0.2067658 0.0908987 0.2372644 0.0951832 0.0664458 0.0262377 0.1107224 0.0138057 0.0706651 0.0386472 0.0164367 0.1499405 0.2491478 0.0042275 0.1497663 0.1840188 0.1115281 0.0610094 0.0659955 0.2346856 0.1135843 0.0256002 0.0850091 0.1585994 0.0000010 
Perityle_feddemae_99                       0.0731548 0.0657772 0.1510122 0.3544829 0.0919637 0.2304912 0.1818906 0.3668294 0.1332518 0.2775322 0.1258393 0.1577917 0.2056461 0.0583827 0.4380891 0.2002862 0.1868258 0.1833982 0.3261263 0.0527585 0.3058006 0.2474091 0.2693748 0.3477634 0.1848488 0.0842073 0.1923906 0.2484636 0.1533606 0.0917053 0.2686701 0.0819591 0.0000000 0.1523987 0.1267471 0.2708343 0.2948034 0.0131319 0.1807760 0.0142610 0.1488539 0.2162373 0.0591024 0.2339196 0.2269297 0.0043446 0.2154403 0.3002474 0.2760906 0.0711268 0.1901235 0.1010641 0.1382501 0.0908357 0.1883921 0.2575809 0.1419888 0.2629985 0.1299914 0.1135896 0.0502747 0.1994963 0.0666307 0.1225844 0.1172537 0.0649384 0.2146306 0.3100750 0.1252619 0.2164018 0.2399853 0.1776188 0.1128006 0.1400580 0.2545114 0.1833648 0.0491023 0.1303190 0.2228089 0.1120594 
Perityle_fosteri_93                        0.1658220 0.0524008 0.1479402 0.3122169 0.1268046 0.1529617 0.0982002 0.3501092 0.1490424 0.0813690 0.1479600 0.0121898 0.1326274 0.0194076 0.1649346 0.2964768 0.1647551 0.0121409 0.1503091 0.0020352 0.1337619 0.0187813 0.0149502 0.1284142 0.1778677 0.1309851 0.1913081 0.3127668 0.1627936 0.1447015 0.0120904 0.1131362 0.1523987 0.0000000 0.1488961 0.1326053 0.1380089 0.1462782 0.0138861 0.1438164 0.1634715 0.0056386 0.0779823 0.0113858 0.0159162 0.0598270 0.1345998 0.1344490 0.0918003 0.0053423 0.0046590 0.1561261 0.0357312 0.0049769 0.0193848 0.0150594 0.1683058 0.2409660 0.1544820 0.0064375 0.0528170 0.1648660 0.0027677 0.1747233 0.1305777 0.0066131 0.0083635 0.1352196 0.1774761 0.0179886 0.0177794 0.0027908 0.0381580 0.1719068 0.0736301 0.0074295 0.0517523 0.2118933 0.0206419 0.1162064 
Perityle_gamon_221                         0.0633489 0.0580328 0.0959742 0.3280341 0.0746017 0.1765881 0.1704708 0.3596025 0.0902486 0.2515505 0.0795441 0.1529886 0.1840009 0.0522912 0.4280935 0.1924652 0.1997029 0.1608889 0.3242827 0.0587253 0.2384660 0.2019974 0.2204478 0.3482222 0.1435425 0.0819064 0.1912914 0.2420171 0.1046520 0.0718099 0.2073672 0.0651330 0.1267471 0.1488961 0.0000000 0.2147768 0.2396520 0.1192675 0.1828510 0.0988423 0.0483547 0.1818858 0.0367117 0.1868619 0.1889757 0.0826524 0.1967149 0.2327854 0.2175304 0.0656476 0.1775819 0.0747239 0.1433259 0.0934199 0.1500623 0.2091684 0.1184044 0.2346705 0.1146626 0.1134139 0.0447152 0.1508055 0.0655432 0.0927700 0.0673806 0.0713754 0.1745873 0.2401751 0.0994389 0.1768036 0.1940133 0.1435613 0.1234237 0.1014454 0.2276277 0.1515650 0.0436846 0.1170439 0.1824514 0.0900519 
Perityle_gilensis_22_Superstition          0.1874193 0.0710275 0.2279432 0.3360275 0.2120442 0.1418959 0.1360598 0.3799900 0.2164486 0.1436674 0.2179477 0.1438083 0.0071293 0.0602396 0.3063560 0.3320203 0.2377139 0.1585443 0.2815268 0.0723251 0.0033832 0.1572328 0.1618845 0.2798509 0.2365335 0.1366261 0.1869096 0.3844161 0.2301753 0.1892784 0.1518080 0.2162183 0.2708343 0.1326053 0.2147768 0.0000000 0.0088425 0.2685995 0.1546734 0.2391763 0.2229216 0.1524786 0.0974222 0.1543629 0.1638481 0.0740240 0.0024084 0.0047636 0.0056114 0.1044693 0.1492855 0.1825709 0.1465669 0.1124521 0.1469513 0.1621263 0.2274250 0.2496774 0.2107166 0.1098831 0.0498298 0.2315233 0.1130068 0.2242991 0.2172828 0.1505529 0.1549630 0.0034754 0.2260097 0.1632925 0.1625548 0.1478551 0.1362784 0.2018311 0.1440986 0.1463991 0.0513122 0.2048326 0.1618725 0.2409763 
Perityle_gilensis_salensis_225             0.1913249 0.0721821 0.2579651 0.3418048 0.2377082 0.1436662 0.1400340 0.3864734 0.2445132 0.1489284 0.2460118 0.1490493 0.0094119 0.0618488 0.3098807 0.3286853 0.2521988 0.1643550 0.2846297 0.0761882 0.0124188 0.1615432 0.1909791 0.2884278 0.2760771 0.1403432 0.1875901 0.3873202 0.2587511 0.1935068 0.1575844 0.2473608 0.2948034 0.1380089 0.2396520 0.0088425 0.0000000 0.2932342 0.1573261 0.2428202 0.2828415 0.1605737 0.1010776 0.1716245 0.1706767 0.0731342 0.0047923 0.0081500 0.0282306 0.1100816 0.1552736 0.1899591 0.1467002 0.1150922 0.1528328 0.1697167 0.2566925 0.2504745 0.2191296 0.1142708 0.0571233 0.2575736 0.1169958 0.2286140 0.2339331 0.1558947 0.1611734 0.0125629 0.2297106 0.1837482 0.1815385 0.1517612 0.1425932 0.2093220 0.1586053 0.1521771 0.0584609 0.2069249 0.1701438 0.2478860 
Perityle_glaucescens_94                    0.0675553 0.0561229 0.1493690 0.3387166 0.0764399 0.2215338 0.1771692 0.3668620 0.1223446 0.2722641 0.1223583 0.1526799 0.1964059 0.0488594 0.4388092 0.1886618 0.1816925 0.1764186 0.3290631 0.0444869 0.2998313 0.2478842 0.2657336 0.3397342 0.1761421 0.0719461 0.1773071 0.2395428 0.1396675 0.0766804 0.2599491 0.0718563 0.0131319 0.1462782 0.1192675 0.2685995 0.2932342 0.0000000 0.1776100 0.0000010 0.1411748 0.2179005 0.0495576 0.2332008 0.2271342 0.0000010 0.2052708 0.2933055 0.2773894 0.0587009 0.1837804 0.0907803 0.1366951 0.0801820 0.1890205 0.2576223 0.1289297 0.2542925 0.1220465 0.1080977 0.0431046 0.1912939 0.0565404 0.1082198 0.1087005 0.0529589 0.2152749 0.3263352 0.1080511 0.2167328 0.2402203 0.1787928 0.1042859 0.1202075 0.2547902 0.1750596 0.0420911 0.1150105 0.2233752 0.1183672 
Perityle_gracilis_11                       0.1768040 0.0557475 0.1786284 0.2844931 0.1578283 0.1570604 0.1122299 0.3407307 0.1649828 0.0936021 0.1773298 0.0259373 0.1481507 0.0288194 0.1154300 0.2686013 0.1981338 0.0208586 0.0860572 0.0081209 0.1558698 0.0028818 0.0254350 0.0670199 0.1999770 0.1318154 0.1944676 0.2787927 0.1865672 0.1695992 0.0135429 0.1358476 0.1807760 0.0138861 0.1828510 0.1546734 0.1573261 0.1776100 0.0000000 0.1761130 0.2001633 0.0177063 0.0816045 0.0009585 0.0047331 0.0691121 0.1560684 0.1579654 0.1140259 0.0106613 0.0214000 0.1660762 0.0451340 0.0147705 0.0063649 0.0019021 0.1995336 0.2532419 0.1735969 0.0160705 0.0605839 0.1871290 0.0085341 0.2052075 0.1516064 0.0131604 0.0233845 0.1574788 0.1939759 0.0028700 0.0056838 0.0135661 0.0292690 0.2041795 0.0912024 0.0173920 0.0591647 0.2156749 0.0047982 0.1352131 
Perityle_harkerae_31                       0.0661225 0.0562972 0.1109545 0.3235430 0.0778693 0.1859546 0.1735716 0.3626025 0.0940139 0.2160292 0.1008364 0.1501848 0.1973350 0.0508764 0.4013651 0.1896984 0.1710737 0.1738332 0.3152868 0.0423733 0.2428635 0.2047296 0.2039157 0.3340718 0.1494407 0.0718797 0.1757020 0.2348442 0.1213909 0.0776194 0.1969601 0.0675357 0.0142610 0.1438164 0.0988423 0.2391763 0.2428202 0.0000010 0.1761130 0.0000000 0.1136051 0.1905567 0.0497201 0.1972935 0.2023414 0.0000010 0.2054281 0.2377671 0.2136865 0.0569612 0.1810859 0.0902773 0.1351624 0.0767521 0.1621755 0.2028273 0.1164274 0.2549609 0.0971692 0.1028952 0.0431420 0.1547036 0.0564283 0.1087834 0.0857242 0.0547664 0.1887210 0.2435405 0.1113258 0.1912172 0.2043032 0.1541938 0.1026945 0.1152235 0.2060595 0.1584427 0.0421268 0.1112491 0.1981476 0.0779415 
Perityle_hofmeisteria_4_nombre_de_dios     0.0716619 0.0576518 0.1321461 0.3358994 0.0951013 0.1895704 0.1820228 0.3802285 0.1156319 0.2814002 0.0971274 0.1674338 0.1958342 0.0538687 0.4391851 0.2072541 0.2111153 0.1784689 0.3478129 0.0604383 0.2843934 0.2151953 0.2759048 0.3616527 0.1881347 0.0873410 0.2028161 0.2638070 0.1226411 0.0915816 0.2353591 0.0854711 0.1488539 0.1634715 0.0483547 0.2229216 0.2828415 0.1411748 0.2001633 0.1136051 0.0000000 0.1940710 0.0484045 0.2317511 0.2017416 0.0826973 0.2078317 0.2744368 0.2588605 0.0811547 0.1961093 0.0843097 0.1545177 0.1073517 0.1618116 0.2313823 0.1505005 0.2332551 0.1340447 0.1291700 0.0494311 0.1792434 0.0818172 0.1103572 0.0858150 0.0780326 0.1865429 0.2641940 0.1157968 0.2221949 0.2409653 0.1598763 0.1258612 0.1163657 0.2725826 0.1679182 0.0482973 0.1308931 0.1973369 0.1128685 
Perityle_huecosensis_48                    0.1722106 0.0498859 0.1795239 0.3262315 0.1642759 0.1713654 0.1040645 0.3793523 0.1853066 0.0861822 0.1600486 0.0000010 0.1455233 0.0229625 0.1843747 0.3284863 0.1924086 0.0143041 0.1802091 0.0040466 0.1550497 0.0200725 0.0214618 0.1384826 0.2209057 0.1306961 0.1880715 0.3708715 0.1839047 0.1719532 0.0130801 0.1583809 0.2162373 0.0056386 0.1818858 0.1524786 0.1605737 0.2179005 0.0177063 0.1905567 0.1940710 0.0000000 0.0794817 0.0142191 0.0192578 0.0647300 0.1553474 0.1547566 0.1232480 0.0079222 0.0128069 0.1536439 0.0380019 0.0081495 0.0199267 0.0171203 0.2118614 0.2438223 0.1653250 0.0096090 0.0551741 0.2120680 0.0068649 0.2020956 0.1642894 0.0082027 0.0143860 0.1491024 0.2068632 0.0204961 0.0199847 0.0064761 0.0393129 0.1813272 0.0838571 0.0144335 0.0538902 0.2046992 0.0223573 0.2001636 
Perityle_incana_3_ucla                     0.0308265 0.0258635 0.0611532 0.1545382 0.0300525 0.0708812 0.1163045 0.2071127 0.0272151 0.0974224 0.0385051 0.0874070 0.0965664 0.0265182 0.0837220 0.0556018 0.0991639 0.0850810 0.0762597 0.0147669 0.1009070 0.0810393 0.0875073 0.0964209 0.0778257 0.0419115 0.1269696 0.0641434 0.0538825 0.0369714 0.0786147 0.0307583 0.0591024 0.0779823 0.0367117 0.0974222 0.1010776 0.0495576 0.0816045 0.0497201 0.0484045 0.0794817 0.0000000 0.0777020 0.0786834 0.0246372 0.0977061 0.0972485 0.0752145 0.0358274 0.0850695 0.0310676 0.0908843 0.0505068 0.0831150 0.0814468 0.0780913 0.1821373 0.0515739 0.0700894 0.0129536 0.0681366 0.0326928 0.0545123 0.0386289 0.0206684 0.0831242 0.1009070 0.0571557 0.0795081 0.0829156 0.0773103 0.0469349 0.0524832 0.0876608 0.0810849 0.0129242 0.0784583 0.0916778 0.0308177 
Perityle_intricata_59_Clark_mtns           0.1725843 0.0523970 0.1967481 0.3121928 0.1839601 0.1800868 0.1076118 0.3671243 0.2029132 0.0874485 0.1760029 0.0185287 0.1443613 0.0212355 0.1848365 0.3297355 0.2027665 0.0177889 0.1724954 0.0040875 0.1665146 0.0000010 0.0475935 0.1441480 0.2483521 0.1310531 0.1897905 0.3764380 0.2005304 0.1739594 0.0105487 0.1759317 0.2339196 0.0113858 0.1868619 0.1543629 0.1716245 0.2332008 0.0009585 0.1972935 0.2317511 0.0142191 0.0777020 0.0000000 0.0028553 0.0653283 0.1544748 0.1603366 0.1454375 0.0066769 0.0163846 0.1530391 0.0424852 0.0098661 0.0042281 0.0000010 0.2359883 0.2526351 0.1697796 0.0112862 0.0557579 0.2316094 0.0041533 0.2015491 0.1791354 0.0082647 0.0182898 0.1492712 0.2112393 0.0020194 0.0045629 0.0119258 0.0295309 0.1815164 0.0966980 0.0179572 0.0544469 0.2087942 0.0037979 0.2155501 
Perityle_inyoensis_9_pleasant              0.1782859 0.0593248 0.1887198 0.3236692 0.1762747 0.1865437 0.1127966 0.3754731 0.1951652 0.0952148 0.1688759 0.0228347 0.1542124 0.0304570 0.1923251 0.3355937 0.2087829 0.0217567 0.1731195 0.0100618 0.1661828 0.0052626 0.0321035 0.1459773 0.2334182 0.1370230 0.2014650 0.3790833 0.1954519 0.1813548 0.0167792 0.1698554 0.2269297 0.0159162 0.1889757 0.1638481 0.1706767 0.2271342 0.0047331 0.2023414 0.2017416 0.0192578 0.0786834 0.0028553 0.0000000 0.0686929 0.1634840 0.1649410 0.1317155 0.0131437 0.0221557 0.1590163 0.0472666 0.0162607 0.0058418 0.0028388 0.2277348 0.2571152 0.1758059 0.0175174 0.0624168 0.2260825 0.0108949 0.2077129 0.1722836 0.0146367 0.0233707 0.1597954 0.2170796 0.0057908 0.0056404 0.0159119 0.0305468 0.1875819 0.0947435 0.0210933 0.0609703 0.2153918 0.0090236 0.2107765 
Perityle_jaliscana_203                     0.0565439 0.0533635 0.0690017 0.1362501 0.0458081 0.0980280 0.1229566 0.1774395 0.0292808 0.0549630 0.0639626 0.0737430 0.0731342 0.0290698 0.0549582 0.0663058 0.0732681 0.0591387 0.0699431 0.0549442 0.0778184 0.0686929 0.0736438 0.0677153 0.0884201 0.0635110 0.0729385 0.0611243 0.0654833 0.0519447 0.0685708 0.0443999 0.0043446 0.0598270 0.0826524 0.0740240 0.0731342 0.0000010 0.0691121 0.0000010 0.0826973 0.0647300 0.0246372 0.0653283 0.0686929 0.0000000 0.0738770 0.0781035 0.0702312 0.0686048 0.0686955 0.0597742 0.0680724 0.0591561 0.0686929 0.0694989 0.0792935 0.0839402 0.0135009 0.0691445 0.0642340 0.0785293 0.0558317 0.0826652 0.0571912 0.0543804 0.0640895 0.0778315 0.0732007 0.0699462 0.0686929 0.0597230 0.0690935 0.0776289 0.0547158 0.0639028 0.0639768 0.1006152 0.0784757 0.0376525 
Perityle_lemmonii_12                       0.1871755 0.0711513 0.2044134 0.3187914 0.1776326 0.1381312 0.1394560 0.3737375 0.1767723 0.1474575 0.1998611 0.1458189 0.0049402 0.0608105 0.2937196 0.3009441 0.2140390 0.1663273 0.2528001 0.0725306 0.0071800 0.1651738 0.1620666 0.2739940 0.2053005 0.1368128 0.1848331 0.3366508 0.2028107 0.1780419 0.1587934 0.1758674 0.2154403 0.1345998 0.1967149 0.0024084 0.0047923 0.2052708 0.1560684 0.2054281 0.2078317 0.1553474 0.0977061 0.1544748 0.1634840 0.0738770 0.0000000 0.0031960 0.0000010 0.1054683 0.1528926 0.1852777 0.1483503 0.1126342 0.1540354 0.1631867 0.1922762 0.2488798 0.2064812 0.1118604 0.0526482 0.1948870 0.1133842 0.2130692 0.1810359 0.1527831 0.1575031 0.0079904 0.2084848 0.1641004 0.1632309 0.1466214 0.1387118 0.2084442 0.1393658 0.1501271 0.0540850 0.2043050 0.1684162 0.1655735 
