80
Amauria_brandeegeana_62                    0.0000000 0.2441239 0.1577148 0.4171655 0.1348925 0.0704189 0.4103268 0.0722233 0.2869458 0.0659952 0.1365178 0.1389322 0.1395961 0.1448112 0.0435005 0.1288779 0.1345800 0.4397305 0.1112481 0.1637205 0.1475518 0.1443196 0.1547246 0.1411299 0.1338118 0.3278986 0.3253748 0.3373452 0.1084639 0.1949485 0.1709982 0.4611938 0.1352454 0.0680944 0.3727853 0.2865418 0.1757106 0.1206485 0.1302101 0.1363001 0.1514003 0.1654471 0.2099365 0.0845011 0.1383847 0.1343829 0.2045354 0.1267405 0.1460273 0.1288668 0.1565285 0.1425617 0.2220614 0.2326595 0.0861345 0.1362976 0.3492060 0.2632767 0.1151004 0.1467523 0.3028419 0.0890953 0.1654666 0.2879175 0.2273779 0.1191779 0.1311417 0.1484629 0.0992871 0.1381186 0.0918785 0.2192212 0.2864745 0.2821718 0.3340576 0.1388288 0.1487193 0.0791407 0.1275596 0.1115766 
Amauria_carterae_99_mesa                   0.2441239 0.0000000 0.2616937 0.3549613 0.2456139 0.1338235 0.3529576 0.0773923 0.3131045 0.2386590 0.2784567 0.2618385 0.2572735 0.2772860 0.1807388 0.1866992 0.2579380 0.4555312 0.2382471 0.2437605 0.1604601 0.2531670 0.1466500 0.2647761 0.2303223 0.3201597 0.3322553 0.3225772 0.2199934 0.2324561 0.2148325 0.5233904 0.2552279 0.2366462 0.2850588 0.3007547 0.2423104 0.2560593 0.2385095 0.2586119 0.2387366 0.1899095 0.2761968 0.1967242 0.2405973 0.2596436 0.2796273 0.2355158 0.2688398 0.2374463 0.2686248 0.2328346 0.2318976 0.1908468 0.1794634 0.2501198 0.3473544 0.2920930 0.1326383 0.2302563 0.3328457 0.2605143 0.2752761 0.3091970 0.2784382 0.1263490 0.2524752 0.1631151 0.2530210 0.2575108 0.2460313 0.2694599 0.3246988 0.3042846 0.2740908 0.2658349 0.0404772 0.0543518 0.2460816 0.2481801 
Amauria_rotundifolia_SRR9119150            0.1577148 0.2616937 0.0000000 0.4744710 0.0874128 0.0840797 0.4740275 0.0746532 0.3352273 0.0954763 0.2766245 0.1959496 0.1934548 0.1580729 0.0588336 0.1589913 0.1915090 0.3898344 0.0986980 0.1781500 0.1504636 0.1462169 0.1444162 0.1971165 0.1881549 0.4606473 0.4601899 0.4118539 0.1198387 0.2016759 0.1862711 0.5288471 0.1698396 0.0671860 0.5205157 0.2529161 0.1698355 0.1150071 0.1765946 0.1414186 0.1826986 0.2167545 0.2778129 0.1000383 0.1696567 0.1837169 0.2835634 0.1580783 0.1900181 0.2066530 0.2264026 0.2055518 0.3153967 0.2094877 0.0795970 0.1853227 0.4078639 0.3291661 0.1186570 0.1352122 0.2979330 0.0974277 0.2212311 0.2962022 0.2486841 0.1123340 0.1524187 0.2161401 0.1402552 0.1745812 0.0829158 0.2170598 0.3053224 0.2846949 0.4491388 0.2089543 0.2217147 0.0639076 0.1481168 0.1179453 
Conoclinium_coelestinum_SRR9119114         0.4171655 0.3549613 0.4744710 0.0000000 0.4147244 0.2340897 0.1492229 0.1025189 0.4076285 0.3732944 0.5135615 0.4264102 0.4339123 0.4418935 0.2811607 0.3785596 0.4284009 0.5142134 0.3761935 0.4173834 0.3307145 0.4344945 0.2347651 0.4357222 0.4421083 0.4835039 0.4764508 0.4529636 0.3993374 0.2013395 0.4624525 0.6072990 0.4258674 0.3362856 0.4267430 0.4808757 0.4474190 0.4258601 0.4245596 0.4216101 0.4758136 0.3972520 0.4711929 0.3234356 0.4291395 0.4356498 0.5047615 0.4038560 0.4301978 0.4258787 0.4698132 0.4238715 0.3691647 0.2864652 0.3162208 0.4398950 0.4615273 0.4417688 0.0988814 0.4739216 0.2969147 0.3847894 0.4393743 0.4558179 0.4726870 0.1462053 0.4319860 0.3571766 0.4254100 0.4371285 0.3841327 0.4197369 0.3673386 0.4295531 0.4261000 0.4319714 0.2960970 0.1725124 0.4335193 0.4253993 
Eutetras_palmeri_63                        0.1348925 0.2456139 0.0874128 0.4147244 0.0000000 0.0246183 0.4121482 0.0407482 0.3149951 0.0530380 0.1391980 0.1055731 0.1080520 0.1115284 0.0368073 0.0927712 0.0993115 0.4152408 0.0708916 0.1243624 0.1025807 0.1026526 0.1191791 0.1035881 0.1014890 0.2993050 0.2794088 0.3053206 0.0871448 0.1500625 0.0751918 0.4810116 0.1010525 0.0559102 0.3330269 0.2120155 0.1172235 0.1020231 0.1028538 0.0964584 0.1195857 0.0930192 0.1698170 0.0706691 0.0974693 0.0937232 0.1598211 0.0894313 0.1101991 0.0967913 0.1448659 0.1070146 0.2139787 0.1777965 0.0555624 0.0971740 0.3240128 0.2548975 0.0992331 0.0752085 0.2363854 0.0686019 0.1442204 0.2689406 0.1501396 0.0863923 0.1057982 0.0931994 0.0847463 0.1030365 0.0678159 0.1925466 0.2875427 0.2348023 0.2956505 0.1066876 0.0889926 0.0478204 0.0940923 0.0902690 
Eutetras_pringlei_149_quer                 0.0704189 0.1338235 0.0840797 0.2340897 0.0246183 0.0000000 0.1995545 0.0594701 0.2103609 0.0397653 0.0480502 0.0693842 0.0729192 0.0737156 0.0529594 0.0678980 0.0615679 0.3389030 0.0729922 0.0774221 0.0655707 0.0775181 0.0817522 0.0709612 0.0726551 0.1585232 0.1381991 0.1592752 0.0790435 0.1461608 0.0616411 0.2454380 0.0688429 0.0259841 0.2016245 0.1277508 0.0635951 0.0689317 0.0704955 0.0651141 0.0686726 0.0642971 0.0771705 0.0183986 0.0645599 0.0730631 0.0652897 0.0716499 0.0778922 0.0634158 0.0709641 0.0801753 0.1480166 0.1367143 0.0805489 0.0642674 0.1468307 0.1619413 0.1180209 0.0464987 0.1827061 0.0609212 0.0731067 0.1576556 0.0362927 0.1293866 0.0621633 0.0613442 0.0668720 0.0726663 0.0673956 0.0719173 0.2450228 0.1152941 0.1603298 0.0703459 0.0380165 0.0532071 0.0662970 0.0516937 
Eutrochium_fistulosum_SRR9119106           0.4103268 0.3529576 0.4740275 0.1492229 0.4121482 0.1995545 0.0000000 0.1197226 0.4189295 0.3912866 0.5160714 0.4439602 0.4566590 0.4365209 0.2771146 0.3648951 0.4462380 0.5089503 0.3612588 0.4034423 0.3472771 0.4330360 0.2405565 0.4589250 0.4656698 0.5067627 0.4699342 0.4541993 0.3926382 0.1994927 0.4824266 0.6569027 0.4465365 0.3411411 0.4598431 0.4770721 0.4390037 0.4214769 0.4294608 0.4193995 0.4673583 0.4117563 0.4833671 0.3164955 0.4260956 0.4682940 0.5330436 0.4033574 0.4499438 0.4410278 0.4894160 0.4415526 0.4161192 0.2884597 0.2960984 0.4458668 0.4489807 0.4612790 0.0934215 0.4740816 0.2993418 0.3805332 0.4716479 0.4811114 0.4980292 0.1749759 0.4320219 0.3819629 0.4268627 0.4425267 0.3659255 0.4137401 0.3898867 0.4047036 0.4317074 0.4516352 0.3234354 0.1668838 0.4308794 0.4197968 
Galeana_pratensis_104_mex                  0.0722233 0.0773923 0.0746532 0.1025189 0.0407482 0.0594701 0.1197226 0.0000000 0.0641664 0.0471776 0.0459997 0.0678929 0.0670672 0.0618962 0.0772321 0.0604185 0.0693648 0.4218930 0.0629113 0.0489540 0.0586487 0.0672666 0.0730052 0.0682886 0.0778827 0.0908561 0.0792242 0.1115946 0.0627264 0.0401458 0.0679729 0.1580647 0.0649119 0.0604303 0.0806312 0.0673432 0.0550721 0.0751760 0.0644008 0.0649957 0.0602950 0.0685255 0.0720933 0.0542485 0.0655253 0.0671463 0.0627347 0.0623960 0.0647506 0.0515845 0.0699390 0.0691890 0.0653098 0.0875079 0.0621786 0.0698047 0.0722071 0.0656644 0.0224529 0.0687159 0.0734213 0.0575563 0.0698864 0.0897057 0.0528829 0.0895591 0.0725244 0.0712231 0.0649163 0.0749939 0.0568741 0.0540855 0.2718231 0.0910918 0.0573491 0.0726126 0.0454817 0.0608102 0.0679681 0.0708560 
Helianthus_annuus_SRR9119062               0.2869458 0.3131045 0.3352273 0.4076285 0.3149951 0.2103609 0.4189295 0.0641664 0.0000000 0.2511001 0.3738423 0.3090517 0.3179764 0.3096362 0.1778958 0.2903013 0.3107111 0.4456836 0.2952818 0.2951591 0.2415616 0.3234474 0.2011744 0.3252788 0.3130729 0.4039630 0.3987547 0.4595576 0.2799406 0.2515819 0.3284715 0.5738565 0.3142876 0.2034415 0.3961331 0.3465173 0.3332057 0.3083265 0.3068122 0.3096630 0.3459943 0.3160907 0.3099106 0.2125056 0.3152601 0.3142804 0.3719536 0.2840417 0.2910894 0.3045512 0.3344946 0.2970219 0.3211093 0.2853595 0.2363555 0.3173196 0.3949494 0.3992774 0.1094111 0.3100154 0.3347353 0.2605096 0.3211975 0.3767644 0.3859838 0.1266708 0.3080736 0.2883718 0.2952858 0.3102256 0.2739318 0.3281064 0.2965697 0.3586037 0.3799965 0.3084428 0.2043129 0.1099717 0.3131003 0.2876854 
Lycapsus_tenuifolius_17                    0.0659952 0.2386590 0.0954763 0.3732944 0.0530380 0.0397653 0.3912866 0.0471776 0.2511001 0.0000000 0.1359284 0.0813812 0.0748372 0.0820164 0.0206474 0.0422449 0.0767464 0.4032808 0.0696201 0.0793668 0.0738631 0.0695413 0.1001524 0.0853388 0.0670465 0.3244994 0.2894706 0.3123368 0.0226584 0.1485209 0.0769092 0.4916255 0.0719917 0.0456305 0.3273817 0.1841850 0.0768383 0.0705169 0.0667036 0.0650852 0.1365762 0.0481994 0.1520020 0.0722257 0.0790447 0.0784661 0.2148212 0.0680231 0.0847934 0.0617769 0.1112498 0.0657473 0.1999543 0.1517608 0.0328649 0.0737785 0.3348886 0.2464865 0.0849912 0.0585906 0.2516273 0.0672626 0.1100756 0.2338072 0.1766195 0.0860065 0.0647563 0.0458161 0.0515641 0.0813899 0.0545583 0.1695323 0.2662170 0.2362433 0.3084096 0.1017958 0.0460414 0.0293852 0.0636821 0.0659452 
Pericome_caudata_50_silver                 0.1365178 0.2784567 0.2766245 0.5135615 0.1391980 0.0480502 0.5160714 0.0459997 0.3738423 0.1359284 0.0000000 0.2146241 0.2114341 0.1734146 0.0479327 0.1705647 0.2022927 0.4074581 0.1379053 0.1936638 0.1743327 0.1767363 0.1440251 0.2157720 0.2274986 0.5540686 0.5870659 0.4796001 0.1571537 0.2252007 0.2674388 0.5787342 0.1832415 0.0723027 0.6418982 0.2948645 0.2337115 0.1436447 0.1792006 0.1832134 0.2413449 0.2753915 0.2758387 0.0708224 0.1765234 0.1970023 0.3483517 0.1592583 0.2012884 0.2277038 0.2381908 0.2255767 0.3545012 0.2394734 0.1044592 0.1942028 0.4853326 0.3949671 0.1112644 0.2136716 0.3259112 0.1242292 0.2477453 0.3521535 0.2970015 0.1029085 0.1708529 0.2328491 0.1859001 0.1802721 0.1235655 0.2734870 0.3006342 0.3501471 0.5787141 0.2131420 0.2503575 0.0931869 0.1841008 0.1572762 
Perityle_aglossa_84_dead_horse             0.1389322 0.2618385 0.1959496 0.4264102 0.1055731 0.0693842 0.4439602 0.0678929 0.3090517 0.0813812 0.2146241 0.0000000 0.0286483 0.0266690 0.0127272 0.0177963 0.0207244 0.3791037 0.0852210 0.0458266 0.0134593 0.0300069 0.1400336 0.0329286 0.0306178 0.4416236 0.4535245 0.3856432 0.0990867 0.1770162 0.1932810 0.5015332 0.0203271 0.0276714 0.4935142 0.1306074 0.1526096 0.0224092 0.0227629 0.0244619 0.1785879 0.1306957 0.0990757 0.0740972 0.0252168 0.0258968 0.2551387 0.0246246 0.0329165 0.0455780 0.1791018 0.0261718 0.2816473 0.2019056 0.0223242 0.0268088 0.3862590 0.3165301 0.0984982 0.1229416 0.2911922 0.0142700 0.1793398 0.2886516 0.2281719 0.1032031 0.0235380 0.0200295 0.1244610 0.0268119 0.0237869 0.1376604 0.2353902 0.3028558 0.4407563 0.0502754 0.0632252 0.0404976 0.0204454 0.0254002 
Perityle_ajoensis_204                      0.1395961 0.2572735 0.1934548 0.4339123 0.1080520 0.0729192 0.4566590 0.0670672 0.3179764 0.0748372 0.2114341 0.0286483 0.0000000 0.0296422 0.0219659 0.0252992 0.0242078 0.3854974 0.0888934 0.0532569 0.0144184 0.0257668 0.1375530 0.0299193 0.0283922 0.4155693 0.4090647 0.3501900 0.1011983 0.1596721 0.1932460 0.4638221 0.0239307 0.0213476 0.4503940 0.1307996 0.1570136 0.0194537 0.0223186 0.0215062 0.1766466 0.1417267 0.0963129 0.0734211 0.0256346 0.0222439 0.2131857 0.0241395 0.0265433 0.0510628 0.1759184 0.0312515 0.2781726 0.1981430 0.0287587 0.0262817 0.3303457 0.3148044 0.0965014 0.1288140 0.2765966 0.0122539 0.1839563 0.2815731 0.2314812 0.0961899 0.0240110 0.0236566 0.1228460 0.0263516 0.0158713 0.1312010 0.2595981 0.2856392 0.3982276 0.0232780 0.0601311 0.0542426 0.0179065 0.0251161 
Perityle_ambrosiifolia_67_green            0.1448112 0.2772860 0.1580729 0.4418935 0.1115284 0.0737156 0.4365209 0.0618962 0.3096362 0.0820164 0.1734146 0.0266690 0.0296422 0.0000000 0.0141786 0.0265399 0.0208649 0.4074631 0.0920063 0.0482677 0.0201464 0.0333940 0.1303271 0.0294812 0.0244399 0.3680141 0.3646020 0.3679131 0.1070226 0.1710357 0.1629961 0.4839332 0.0268671 0.0308489 0.4007450 0.1341092 0.1502096 0.0205496 0.0284487 0.0234153 0.1850755 0.1327510 0.0970860 0.0820432 0.0248566 0.0218695 0.2245049 0.0254669 0.0346533 0.0183282 0.1663758 0.0246103 0.2727097 0.1996372 0.0220258 0.0270966 0.3549920 0.3139955 0.0915992 0.1356580 0.2847461 0.0097411 0.1632517 0.2902756 0.2101204 0.0894965 0.0306439 0.0123698 0.1088424 0.0276586 0.0268560 0.1386152 0.2743722 0.2936031 0.3558072 0.0348101 0.0115308 0.0505576 0.0180794 0.0338978 
Perityle_angustifolia_13_Eagle_creek       0.0435005 0.1807388 0.0588336 0.2811607 0.0368073 0.0529594 0.2771146 0.0772321 0.1778958 0.0206474 0.0479327 0.0127272 0.0219659 0.0141786 0.0000000 0.0145573 0.0077643 0.3951746 0.0410795 0.0176039 0.0108891 0.0218832 0.1204611 0.0157993 0.0171354 0.1944962 0.1673784 0.2034445 0.0596070 0.1330180 0.0369471 0.3080807 0.0172829 0.0121067 0.2333466 0.1180089 0.0418924 0.0156737 0.0155760 0.0110622 0.0502048 0.0486808 0.0220557 0.0280766 0.0161049 0.0156102 0.0439620 0.0205541 0.0220073 0.0095424 0.0365694 0.0108219 0.1612913 0.1686429 0.0308357 0.0171684 0.1651096 0.1730303 0.0988358 0.0347631 0.2083139 0.0080288 0.0415341 0.1523947 0.0563917 0.1015787 0.0062370 0.0082232 0.0525663 0.0171267 0.0189082 0.0160995 0.2511225 0.1525187 0.1809057 0.0156174 0.0092688 0.0375640 0.0110914 0.0115641 
Perityle_batopilensis_97                   0.1288779 0.1866992 0.1589913 0.3785596 0.0927712 0.0678980 0.3648951 0.0604185 0.2903013 0.0422449 0.1705647 0.0177963 0.0252992 0.0265399 0.0145573 0.0000000 0.0186754 0.4188478 0.0675004 0.0313134 0.0169489 0.0302171 0.1447846 0.0253747 0.0241163 0.3278505 0.3251716 0.3558185 0.0812644 0.1675613 0.1541023 0.3989102 0.0264424 0.0085083 0.3704105 0.1006167 0.1273243 0.0213238 0.0236043 0.0206107 0.1514747 0.1307400 0.0308767 0.0314697 0.0202230 0.0209513 0.1416651 0.0251589 0.0273174 0.0211817 0.1654827 0.0307978 0.2555695 0.2024233 0.0199769 0.0220527 0.2745479 0.2922000 0.0901421 0.1249380 0.2094888 0.0052999 0.1723843 0.2196779 0.1364080 0.0942259 0.0233009 0.0209869 0.0934871 0.0253425 0.0160826 0.0342498 0.2719116 0.2613750 0.3055761 0.0243156 0.0210686 0.0438755 0.0168658 0.0155762 
Perityle_bisetosa_9                        0.1345800 0.2579380 0.1915090 0.4284009 0.0993115 0.0615679 0.4462380 0.0693648 0.3107111 0.0767464 0.2022927 0.0207244 0.0242078 0.0208649 0.0077643 0.0186754 0.0000000 0.3929791 0.0812369 0.0461902 0.0126923 0.0231702 0.1382888 0.0285748 0.0258569 0.4450520 0.4539764 0.3977668 0.0949208 0.1849205 0.1838687 0.5234227 0.0166397 0.0206865 0.4894157 0.1264087 0.1466422 0.0182458 0.0189275 0.0187863 0.1737774 0.1305799 0.0956922 0.0655058 0.0239137 0.0209530 0.2628314 0.0213415 0.0270484 0.0389737 0.1670618 0.0225797 0.3026228 0.2050837 0.0232779 0.0245626 0.3924778 0.3149337 0.1016420 0.1216071 0.3137083 0.0135997 0.1716856 0.2861743 0.2281968 0.1019047 0.0204179 0.0197421 0.1205746 0.0231987 0.0158489 0.1341710 0.2603173 0.2916644 0.4413535 0.0592734 0.0587984 0.0459479 0.0169212 0.0237897 
Perityle_californica_76_positas            0.4397305 0.4555312 0.3898344 0.5142134 0.4152408 0.3389030 0.5089503 0.4218930 0.4456836 0.4032808 0.4074581 0.3791037 0.3854974 0.4074631 0.3951746 0.4188478 0.3929791 0.0000000 0.4243961 0.4520585 0.3377993 0.3958461 0.5532912 0.4151914 0.3905979 0.5490678 0.5628580 0.5569077 0.3998564 0.4037694 0.3977159 0.5781739 0.4098583 0.3760060 0.5764744 0.4149595 0.3998275 0.3996259 0.3989655 0.3983258 0.4066335 0.3987951 0.4601778 0.3193950 0.3874687 0.3973117 0.4105232 0.4080716 0.3969165 0.4202118 0.3949568 0.4004346 0.4977771 0.5333094 0.4206695 0.3928224 0.5839002 0.5077935 0.3568858 0.4003082 0.5736015 0.3852862 0.4051231 0.4952782 0.4010696 0.4592857 0.4020647 0.4002628 0.3943092 0.3931254 0.4098044 0.4548936 0.0527362 0.5475639 0.5083767 0.3786630 0.3273296 0.3649153 0.3923296 0.3793987 
Perityle_canescens_77                      0.1112481 0.2382471 0.0986980 0.3761935 0.0708916 0.0729922 0.3612588 0.0629113 0.2952818 0.0696201 0.1379053 0.0852210 0.0888934 0.0920063 0.0410795 0.0675004 0.0812369 0.4243961 0.0000000 0.1133113 0.0641950 0.0938355 0.1439258 0.0920533 0.0887143 0.2668629 0.2682334 0.2864506 0.1042917 0.1498647 0.0898986 0.4383414 0.0864351 0.0494469 0.2927066 0.2023036 0.1038938 0.0882083 0.0738118 0.0790769 0.1295720 0.0662060 0.1505876 0.0724100 0.0849020 0.0876390 0.1399367 0.0844244 0.0777057 0.0780246 0.1297926 0.0914346 0.1575602 0.2122534 0.0679777 0.0838480 0.3008816 0.2344365 0.1010318 0.0915895 0.2523325 0.0774648 0.1113907 0.1853306 0.1540000 0.1156255 0.0831640 0.0686734 0.1074297 0.0902062 0.0905470 0.1723070 0.3010222 0.2669407 0.2395114 0.0880952 0.0464373 0.0416454 0.0805408 0.0847774 
Perityle_castillonii_96                    0.1637205 0.2437605 0.1781500 0.4173834 0.1243624 0.0774221 0.4034423 0.0489540 0.2951591 0.0793668 0.1936638 0.0458266 0.0532569 0.0482677 0.0176039 0.0313134 0.0461902 0.4520585 0.1133113 0.0000000 0.0338905 0.0519436 0.1388828 0.0547392 0.0470289 0.3714960 0.3643966 0.3843503 0.1154562 0.1600455 0.1913412 0.4575329 0.0522528 0.0563719 0.3876708 0.1350057 0.1693856 0.0495526 0.0457466 0.0436808 0.1933239 0.1373968 0.0248207 0.0526422 0.0461130 0.0452088 0.1848042 0.0498454 0.0551062 0.0403850 0.1918019 0.0521634 0.2682599 0.2004701 0.0308060 0.0503151 0.2981646 0.3279320 0.0913892 0.1480670 0.2747407 0.0428957 0.1896373 0.2647809 0.1805561 0.0857332 0.0461867 0.0195105 0.1361406 0.0503439 0.0531956 0.0898235 0.3106865 0.3074598 0.3123564 0.0514038 0.0131917 0.0470105 0.0441902 0.0556100 
Perityle_cernua_84                         0.1475518 0.1604601 0.1504636 0.3307145 0.1025807 0.0655707 0.3472771 0.0586487 0.2415616 0.0738631 0.1743327 0.0134593 0.0144184 0.0201464 0.0108891 0.0169489 0.0126923 0.3377993 0.0641950 0.0338905 0.0000000 0.0181830 0.0776875 0.0144699 0.0081563 0.3668962 0.3688869 0.3854882 0.0742972 0.1336555 0.1499874 0.4665115 0.0137067 0.0201621 0.3846540 0.0400471 0.1509777 0.0153948 0.0094251 0.0117385 0.1728479 0.1413799 0.1023730 0.0751216 0.0126207 0.0077196 0.2630785 0.0103364 0.0148213 0.0082417 0.1651418 0.0123701 0.2616810 0.1547771 0.0144567 0.0138573 0.3706499 0.2752114 0.0721836 0.1286804 0.2247860 0.0286102 0.1519134 0.2150119 0.1919953 0.0505351 0.0204044 0.0069800 0.0784859 0.0136871 0.0114099 0.1119723 0.1265724 0.2748431 0.3729846 0.0647982 0.0059663 0.0397870 0.0087378 0.0267457 
Perityle_cfvillosa_25_tin                  0.1443196 0.2531670 0.1462169 0.4344945 0.1026526 0.0775181 0.4330360 0.0672666 0.3234474 0.0695413 0.1767363 0.0300069 0.0257668 0.0333940 0.0218832 0.0302171 0.0231702 0.3958461 0.0938355 0.0519436 0.0181830 0.0000000 0.1444911 0.0296813 0.0153703 0.3505271 0.3379355 0.3595312 0.1041410 0.1635343 0.1520575 0.4714901 0.0249829 0.0256479 0.3829049 0.1341358 0.1518973 0.0225104 0.0248273 0.0163967 0.1798450 0.1374274 0.1031523 0.0830934 0.0265566 0.0097719 0.1962849 0.0339491 0.0322896 0.0194115 0.1576590 0.0345934 0.2497823 0.2060288 0.0329052 0.0242191 0.3392549 0.3136361 0.1081660 0.1234823 0.2802207 0.0144997 0.1557597 0.2887232 0.2116470 0.0989337 0.0286492 0.0194441 0.0998772 0.0186036 0.0126000 0.1363375 0.2606950 0.2903310 0.3323654 0.0306934 0.0163146 0.0501546 0.0135581 0.0286297 
Perityle_cinerea_113_Powell1310            0.1547246 0.1466500 0.1444162 0.2347651 0.1191791 0.0817522 0.2405565 0.0730052 0.2011744 0.1001524 0.1440251 0.1400336 0.1375530 0.1303271 0.1204611 0.1447846 0.1382888 0.5532912 0.1439258 0.1388828 0.0776875 0.1444911 0.0000000 0.1466270 0.1516644 0.0820414 0.0434287 0.1257508 0.1207745 0.0778724 0.1299062 0.3033473 0.1406589 0.1000804 0.1454912 0.1811942 0.1344004 0.1449925 0.1420657 0.1418537 0.1564365 0.1334465 0.1429643 0.0833889 0.1345050 0.1499643 0.1411593 0.1220815 0.1429036 0.1280946 0.1547277 0.1424111 0.0799136 0.0465792 0.1338549 0.1378149 0.0300968 0.0756597 0.0300691 0.1358032 0.1389181 0.1155584 0.1506951 0.1772644 0.1279852 0.0137474 0.1441391 0.1425490 0.1341746 0.1470068 0.1349944 0.1363437 0.2835664 0.1284379 0.1072535 0.1384785 0.0796973 0.0770748 0.1357235 0.1289793 
Perityle_coahuilensis_24                   0.1411299 0.2647761 0.1971165 0.4357222 0.1035881 0.0709612 0.4589250 0.0682886 0.3252788 0.0853388 0.2157720 0.0329286 0.0299193 0.0294812 0.0157993 0.0253747 0.0285748 0.4151914 0.0920533 0.0547392 0.0144699 0.0296813 0.1466270 0.0000000 0.0261582 0.4576930 0.4646671 0.3990572 0.1037764 0.2074271 0.1895637 0.5383698 0.0271374 0.0247098 0.5089035 0.1300389 0.1583333 0.0192225 0.0181294 0.0213600 0.1839316 0.1524333 0.1060539 0.0729840 0.0271888 0.0227744 0.2663006 0.0299679 0.0359588 0.0562097 0.1848432 0.0352371 0.3309393 0.2129608 0.0235913 0.0278480 0.3861597 0.3166800 0.0973400 0.1278106 0.3174137 0.0623531 0.1886936 0.2900985 0.2370542 0.1037766 0.0241844 0.0155784 0.1218860 0.0255185 0.0213268 0.1372915 0.2837814 0.2983014 0.4730366 0.0757449 0.0577426 0.0448004 0.0178206 0.0308446 
Perityle_congesta_202                      0.1338118 0.2303223 0.1881549 0.4421083 0.1014890 0.0726551 0.4656698 0.0778827 0.3130729 0.0670465 0.2274986 0.0306178 0.0283922 0.0244399 0.0171354 0.0241163 0.0258569 0.3905979 0.0887143 0.0470289 0.0081563 0.0153703 0.1516644 0.0261582 0.0000000 0.4071347 0.4062103 0.3727539 0.0993080 0.1701829 0.1886774 0.4444589 0.0239096 0.0185694 0.4524467 0.1263577 0.1551075 0.0152850 0.0189492 0.0085722 0.1797445 0.1407316 0.0898316 0.0771091 0.0148692 0.0089478 0.2100143 0.0269369 0.0318040 0.0503752 0.1744564 0.0351430 0.2886541 0.2128464 0.0287631 0.0155459 0.3286715 0.3291541 0.1109337 0.1245251 0.2827309 0.0085124 0.1782394 0.2665371 0.2247259 0.1149843 0.0208761 0.0227337 0.1207506 0.0025138 0.0105965 0.1224839 0.2575996 0.2925911 0.3945528 0.0206891 0.0574126 0.0499557 0.0101945 0.0209475 
Perityle_cordifolia_27                     0.3278986 0.3201597 0.4606473 0.4835039 0.2993050 0.1585232 0.5067627 0.0908561 0.4039630 0.3244994 0.5540686 0.4416236 0.4155693 0.3680141 0.1944962 0.3278505 0.4450520 0.5490678 0.2668629 0.3714960 0.3668962 0.3505271 0.0820414 0.4576930 0.4071347 0.0000000 0.1981472 0.2194290 0.2938178 0.2029845 0.4259714 0.7083929 0.3861986 0.2307198 0.1927856 0.4620961 0.3940540 0.3472495 0.3686351 0.3872859 0.3351825 0.4119120 0.4564477 0.1848131 0.4030666 0.4336968 0.3084062 0.3434552 0.4439385 0.4129932 0.4043736 0.4059609 0.2764692 0.0973630 0.2318160 0.3930656 0.2810341 0.2455424 0.0629350 0.3262627 0.2095363 0.3372731 0.4323486 0.4123411 0.4726120 0.0542465 0.3459210 0.3898371 0.3269929 0.4072262 0.2611638 0.4182959 0.3796625 0.2469327 0.1688114 0.4413197 0.3971189 0.1237723 0.4147933 0.3176646 
Perityle_cordifolia_68_tecolote            0.3253748 0.3322553 0.4601899 0.4764508 0.2794088 0.1381991 0.4699342 0.0792242 0.3987547 0.2894706 0.5870659 0.4535245 0.4090647 0.3646020 0.1673784 0.3251716 0.4539764 0.5628580 0.2682334 0.3643966 0.3688869 0.3379355 0.0434287 0.4646671 0.4062103 0.1981472 0.0000000 0.2544531 0.2529222 0.1895586 0.4058371 0.7536930 0.3810153 0.2088820 0.2389100 0.4346546 0.3598998 0.3364350 0.3657844 0.3780123 0.3343370 0.4018734 0.4472487 0.1842324 0.4033100 0.4372420 0.4553087 0.3329675 0.4522684 0.4042844 0.4175776 0.4035461 0.2732461 0.0046460 0.2131614 0.3798630 0.1719465 0.1922718 0.0290231 0.3364549 0.2672107 0.3322260 0.4384775 0.3997420 0.4667413 0.0227598 0.3371018 0.3925392 0.3098635 0.4169726 0.2446442 0.4057842 0.3755540 0.2214304 0.2409635 0.4513051 0.3858050 0.1227705 0.4173508 0.3105295 
Perityle_coronopifolia_28_patagonia        0.3373452 0.3225772 0.4118539 0.4529636 0.3053206 0.1592752 0.4541993 0.1115946 0.4595576 0.3123368 0.4796001 0.3856432 0.3501900 0.3679131 0.2034445 0.3558185 0.3977668 0.5569077 0.2864506 0.3843503 0.3854882 0.3595312 0.1257508 0.3990572 0.3727539 0.2194290 0.2544531 0.0000000 0.2890457 0.1665568 0.3717774 0.7111084 0.3719140 0.2266527 0.1876885 0.4422203 0.3855790 0.3521337 0.3565248 0.3470535 0.3844941 0.3670246 0.4205086 0.1685734 0.3946949 0.4011093 0.3595347 0.3188498 0.3862503 0.3553130 0.3951989 0.3758780 0.1902183 0.1301669 0.2491793 0.3592088 0.2691002 0.1096937 0.0337211 0.3425664 0.2758586 0.3449013 0.4014415 0.4116405 0.4531557 0.0834385 0.3596201 0.3395128 0.3071067 0.4003766 0.2827624 0.4233022 0.3459315 0.2574065 0.1771386 0.4202579 0.3264707 0.1408129 0.3957871 0.3359567 
Perityle_crassifolia_70_ventanas           0.1084639 0.2199934 0.1198387 0.3993374 0.0871448 0.0790435 0.3926382 0.0627264 0.2799406 0.0226584 0.1571537 0.0990867 0.1011983 0.1070226 0.0596070 0.0812644 0.0949208 0.3998564 0.1042917 0.1154562 0.0742972 0.1041410 0.1207745 0.1037764 0.0993080 0.2938178 0.2529222 0.2890457 0.0000000 0.1431090 0.1036362 0.4863401 0.0968366 0.0506924 0.2911395 0.1943627 0.1227968 0.0955637 0.0982451 0.0928170 0.1657873 0.0912575 0.1723049 0.1070420 0.0992974 0.0982072 0.1927268 0.1013758 0.1033631 0.0949757 0.1388496 0.1003032 0.1881317 0.1705349 0.0865742 0.1006688 0.2994053 0.2533661 0.1030675 0.0943709 0.2405988 0.0951493 0.1238221 0.2416880 0.2005058 0.1070801 0.0995009 0.0850121 0.0635785 0.1024246 0.0930797 0.2024839 0.2662578 0.2488319 0.2839763 0.0977282 0.0516650 0.0446642 0.0856146 0.0940166 
Perityle_crassifolia_74_playa_balandra     0.1949485 0.2324561 0.2016759 0.2013395 0.1500625 0.1461608 0.1994927 0.0401458 0.2515819 0.1485209 0.2252007 0.1770162 0.1596721 0.1710357 0.1330180 0.1675613 0.1849205 0.4037694 0.1498647 0.1600455 0.1336555 0.1635343 0.0778724 0.2074271 0.1701829 0.2029845 0.1895586 0.1665568 0.1431090 0.0000000 0.1741177 0.4371782 0.1772625 0.1495784 0.1925692 0.2286001 0.1749116 0.1677882 0.1633480 0.1878916 0.1730154 0.1897953 0.1609648 0.1299057 0.1937687 0.2050513 0.1996228 0.1642408 0.1962997 0.1489608 0.1640005 0.1733956 0.1288933 0.1111604 0.1379889 0.1847266 0.1806353 0.1402784 0.0590634 0.1487414 0.1954335 0.1705448 0.2007890 0.2398457 0.1967847 0.0715190 0.1627721 0.1544562 0.1536886 0.1969505 0.1487062 0.1602968 0.3287096 0.1022911 0.1284076 0.1824460 0.0549744 0.0479390 0.1873049 0.1457104 
Perityle_cuneata_34_cuneata_San_antonio    0.1709982 0.2148325 0.1862711 0.4624525 0.0751918 0.0616411 0.4824266 0.0679729 0.3284715 0.0769092 0.2674388 0.1932810 0.1932460 0.1629961 0.0369471 0.1541023 0.1838687 0.3977159 0.0898986 0.1913412 0.1499874 0.1520575 0.1299062 0.1895637 0.1886774 0.4259714 0.4058371 0.3717774 0.1036362 0.1741177 0.0000000 0.4704763 0.1652120 0.0545334 0.4353200 0.2433377 0.1727460 0.1222406 0.1631107 0.1516013 0.1837916 0.2108790 0.2599604 0.0874119 0.1564533 0.1776393 0.2248984 0.1595651 0.1920319 0.1983896 0.1933623 0.1954362 0.2616907 0.2010640 0.0621477 0.1800226 0.3416862 0.3222963 0.1182047 0.1274602 0.2456078 0.0802493 0.1975453 0.2506877 0.2665130 0.1014180 0.1533629 0.2017594 0.1287816 0.1706700 0.0851848 0.2222406 0.2690899 0.3087731 0.3965722 0.1653468 0.2033413 0.0457936 0.1493059 0.1036767 
Perityle_discoidea_81                      0.4611938 0.5233904 0.5288471 0.6072990 0.4810116 0.2454380 0.6569027 0.1580647 0.5738565 0.4916255 0.5787342 0.5015332 0.4638221 0.4839332 0.3080807 0.3989102 0.5234227 0.5781739 0.4383414 0.4575329 0.4665115 0.4714901 0.3033473 0.5383698 0.4444589 0.7083929 0.7536930 0.7111084 0.4863401 0.4371782 0.4704763 0.0000000 0.4817233 0.4201556 0.6325193 0.5261304 0.4885185 0.4880092 0.4392050 0.4746030 0.5146835 0.4019402 0.5729592 0.3572749 0.5235340 0.5338004 0.6897831 0.4483534 0.5232421 0.4382734 0.5058853 0.4352826 0.4875370 0.4001498 0.3694925 0.4803660 0.7940959 0.6123693 0.2325537 0.4589535 0.5659672 0.5486733 0.5597955 0.5845265 0.5923095 0.2513732 0.4748063 0.3541345 0.4737713 0.5236979 0.4418303 0.5339056 0.4970921 0.5368227 0.6777414 0.5526506 0.2568548 0.2322201 0.5161723 0.4822837 
Perityle_dissecta_201                      0.1352454 0.2552279 0.1698396 0.4258674 0.1010525 0.0688429 0.4465365 0.0649119 0.3142876 0.0719917 0.1832415 0.0203271 0.0239307 0.0268671 0.0172829 0.0264424 0.0166397 0.4098583 0.0864351 0.0522528 0.0137067 0.0249829 0.1406589 0.0271374 0.0239096 0.3861986 0.3810153 0.3719140 0.0968366 0.1772625 0.1652120 0.4817233 0.0000000 0.0221092 0.4219240 0.1318651 0.1503939 0.0168158 0.0215165 0.0180965 0.1827615 0.1271354 0.1015284 0.0757431 0.0262891 0.0190678 0.2205903 0.0260735 0.0269663 0.0146528 0.1763102 0.0195904 0.2961341 0.2005879 0.0275112 0.0281150 0.3495046 0.3125398 0.0884881 0.1215228 0.2979975 0.0058060 0.1749477 0.2919544 0.2153446 0.0972609 0.0250277 0.0199652 0.1227494 0.0262783 0.0179939 0.1359264 0.2746748 0.2884035 0.3776158 0.0306871 0.0505533 0.0483727 0.0145154 0.0250629 
Perityle_emoryi_47_punta_san_jose          0.0680944 0.2366462 0.0671860 0.3362856 0.0559102 0.0259841 0.3411411 0.0604303 0.2034415 0.0456305 0.0723027 0.0276714 0.0213476 0.0308489 0.0121067 0.0085083 0.0206865 0.3760060 0.0494469 0.0563719 0.0201621 0.0256479 0.1000804 0.0247098 0.0185694 0.2307198 0.2088820 0.2266527 0.0506924 0.1495784 0.0545334 0.4201556 0.0221092 0.0000000 0.2232682 0.1653802 0.0760266 0.0184571 0.0170161 0.0185311 0.0829918 0.0370808 0.1124495 0.0540335 0.0252889 0.0221476 0.1332513 0.0257371 0.0296235 0.0174608 0.0546562 0.0226115 0.1526810 0.1236176 0.0241697 0.0246204 0.2413477 0.1944092 0.0785059 0.0457605 0.2718453 0.0150656 0.0613401 0.2451158 0.1692577 0.0863818 0.0180315 0.0053632 0.0474381 0.0256393 0.0185533 0.1529519 0.2363699 0.2013967 0.2025057 0.0270434 0.0052274 0.0172887 0.0149425 0.0024497 
Perityle_feddemae_99                       0.3727853 0.2850588 0.5205157 0.4267430 0.3330269 0.2016245 0.4598431 0.0806312 0.3961331 0.3273817 0.6418982 0.4935142 0.4503940 0.4007450 0.2333466 0.3704105 0.4894157 0.5764744 0.2927066 0.3876708 0.3846540 0.3829049 0.1454912 0.5089035 0.4524467 0.1927856 0.2389100 0.1876885 0.2911395 0.1925692 0.4353200 0.6325193 0.4219240 0.2232682 0.0000000 0.3950465 0.4094977 0.3868272 0.4065254 0.4294981 0.3867854 0.4761668 0.4473553 0.1849648 0.4457139 0.4846199 0.3111347 0.3722100 0.4900874 0.4635364 0.4652339 0.4492610 0.2642139 0.1401609 0.2838496 0.4307099 0.2305909 0.2277454 0.0279746 0.3805643 0.2213882 0.4188699 0.4893622 0.3692466 0.4535404 0.0816601 0.3826779 0.4328791 0.3539431 0.4487148 0.2829935 0.3690059 0.3815714 0.2426541 0.1233166 0.4838211 0.4073967 0.1510315 0.4770432 0.3484966 
Perityle_fosteri_93                        0.2865418 0.3007547 0.2529161 0.4808757 0.2120155 0.1277508 0.4770721 0.0673432 0.3465173 0.1841850 0.2948645 0.1306074 0.1307996 0.1341092 0.1180089 0.1006167 0.1264087 0.4149595 0.2023036 0.1350057 0.0400471 0.1341358 0.1811942 0.1300389 0.1263577 0.4620961 0.4346546 0.4422203 0.1943627 0.2286001 0.2433377 0.5261304 0.1318651 0.1653802 0.3950465 0.0000000 0.2635176 0.1360657 0.1261087 0.1289852 0.2833800 0.2166185 0.1408202 0.2267382 0.1176684 0.1263734 0.2773483 0.1406100 0.1364897 0.1213324 0.2900965 0.1336234 0.2909928 0.2474051 0.1069923 0.1277636 0.3928684 0.3808561 0.0858760 0.2515286 0.3122364 0.1389325 0.2860379 0.3150674 0.2577499 0.0970797 0.1304371 0.0694333 0.2323365 0.1307372 0.1507349 0.1624332 0.2728273 0.4017044 0.3472614 0.1277159 0.0103305 0.0571565 0.1203597 0.1355829 
Perityle_gamon_221                         0.1757106 0.2423104 0.1698355 0.4474190 0.1172235 0.0635951 0.4390037 0.0550721 0.3332057 0.0768383 0.2337115 0.1526096 0.1570136 0.1502096 0.0418924 0.1273243 0.1466422 0.3998275 0.1038938 0.1693856 0.1509777 0.1518973 0.1344004 0.1583333 0.1551075 0.3940540 0.3598998 0.3855790 0.1227968 0.1749116 0.1727460 0.4885185 0.1503939 0.0760266 0.4094977 0.2635176 0.0000000 0.1385563 0.1562510 0.1457423 0.1548824 0.0463606 0.2023786 0.0768462 0.1496938 0.1513663 0.1667216 0.1330772 0.1623040 0.1508508 0.2274700 0.1567163 0.2799800 0.1944615 0.0627476 0.1496190 0.3276837 0.3271224 0.0967534 0.1547989 0.2831189 0.0849040 0.2210853 0.2741878 0.2373295 0.1067028 0.1507817 0.1560972 0.1305099 0.1556723 0.0843490 0.2006402 0.2842432 0.3259895 0.3759246 0.1580053 0.1449108 0.0524989 0.1396916 0.1148572 
Perityle_gilensis_22_Superstition          0.1206485 0.2560593 0.1150071 0.4258601 0.1020231 0.0689317 0.4214769 0.0751760 0.3083265 0.0705169 0.1436447 0.0224092 0.0194537 0.0205496 0.0156737 0.0213238 0.0182458 0.3996259 0.0882083 0.0495526 0.0153948 0.0225104 0.1449925 0.0192225 0.0152850 0.3472495 0.3364350 0.3521337 0.0955637 0.1677882 0.1222406 0.4880092 0.0168158 0.0184571 0.3868272 0.1360657 0.1385563 0.0000000 0.0135080 0.0107955 0.1651216 0.1245455 0.1105261 0.0677544 0.0186545 0.0156522 0.2228905 0.0220212 0.0223436 0.0136687 0.1368316 0.0232565 0.2372171 0.2094174 0.0276321 0.0196715 0.3720820 0.2815101 0.0964193 0.1121259 0.3008227 0.0105872 0.1280670 0.2888473 0.1883364 0.1076974 0.0217267 0.0121580 0.0866869 0.0190917 0.0159238 0.1415172 0.2751683 0.2717732 0.3451110 0.0373459 0.0112219 0.0522346 0.0114252 0.0261049 
Perityle_gilensis_salensis_225             0.1302101 0.2385095 0.1765946 0.4245596 0.1028538 0.0704955 0.4294608 0.0644008 0.3068122 0.0667036 0.1792006 0.0227629 0.0223186 0.0284487 0.0155760 0.0236043 0.0189275 0.3989655 0.0738118 0.0457466 0.0094251 0.0248273 0.1420657 0.0181294 0.0189492 0.3686351 0.3657844 0.3565248 0.0982451 0.1633480 0.1631107 0.4392050 0.0215165 0.0170161 0.4065254 0.1261087 0.1562510 0.0135080 0.0000000 0.0139874 0.1701410 0.1258644 0.0905917 0.0676893 0.0222239 0.0154778 0.1859799 0.0250928 0.0216969 0.0201950 0.1619639 0.0272277 0.2857317 0.2018737 0.0274279 0.0233780 0.3295528 0.3065497 0.1022293 0.1252071 0.2758199 0.0107874 0.1628530 0.2594098 0.2135096 0.1018126 0.0192855 0.0117328 0.1211449 0.0223941 0.0193332 0.1327527 0.2704424 0.2811722 0.3458019 0.0209046 0.0446930 0.0460430 0.0111695 0.0223503 
Perityle_gracilis_11                       0.1363001 0.2586119 0.1414186 0.4216101 0.0964584 0.0651141 0.4193995 0.0649957 0.3096630 0.0650852 0.1832134 0.0244619 0.0215062 0.0234153 0.0110622 0.0206107 0.0187863 0.3983258 0.0790769 0.0436808 0.0117385 0.0163967 0.1418537 0.0213600 0.0085722 0.3872859 0.3780123 0.3470535 0.0928170 0.1878916 0.1516013 0.4746030 0.0180965 0.0185311 0.4294981 0.1289852 0.1457423 0.0107955 0.0139874 0.0000000 0.1656124 0.1485092 0.0997046 0.0673856 0.0104332 0.0083122 0.2211285 0.0178926 0.0363654 0.0402965 0.1428763 0.0276980 0.2503918 0.2041857 0.0207888 0.0150909 0.3334904 0.2737081 0.0952385 0.1123788 0.2880680 0.0049540 0.1348442 0.2763404 0.2094443 0.1003530 0.0183193 0.0143856 0.0880675 0.0067981 0.0074653 0.1315851 0.2653219 0.2909503 0.3774801 0.0269799 0.0252553 0.0446815 0.0023741 0.0235371 
Perityle_harkerae_31                       0.1514003 0.2387366 0.1826986 0.4758136 0.1195857 0.0686726 0.4673583 0.0602950 0.3459943 0.1365762 0.2413449 0.1785879 0.1766466 0.1850755 0.0502048 0.1514747 0.1737774 0.4066335 0.1295720 0.1933239 0.1728479 0.1798450 0.1564365 0.1839316 0.1797445 0.3351825 0.3343370 0.3844941 0.1657873 0.1730154 0.1837916 0.5146835 0.1827615 0.0829918 0.3867854 0.2833800 0.1548824 0.1651216 0.1701410 0.1656124 0.0000000 0.1337682 0.2234236 0.0613798 0.1722577 0.1820281 0.0600070 0.1625021 0.1708282 0.1776924 0.2040450 0.1782592 0.3003551 0.2049032 0.0914380 0.1742734 0.3038530 0.3424917 0.1120311 0.1544806 0.2857351 0.1199724 0.1972044 0.2765537 0.2416260 0.1178586 0.1768501 0.1566421 0.1713747 0.1764790 0.1300096 0.2122415 0.3019046 0.3407416 0.3264549 0.1836692 0.1545167 0.0592491 0.1672844 0.1384724 
Perityle_hofmeisteria_4_nombre_de_dios     0.1654471 0.1899095 0.2167545 0.3972520 0.0930192 0.0642971 0.4117563 0.0685255 0.3160907 0.0481994 0.2753915 0.1306957 0.1417267 0.1327510 0.0486808 0.1307400 0.1305799 0.3987951 0.0662060 0.1373968 0.1413799 0.1374274 0.1334465 0.1524333 0.1407316 0.4119120 0.4018734 0.3670246 0.0912575 0.1897953 0.2108790 0.4019402 0.1271354 0.0370808 0.4761668 0.2166185 0.0463606 0.1245455 0.1258644 0.1485092 0.1337682 0.0000000 0.1445678 0.0358030 0.1263564 0.1338639 0.1527569 0.1116826 0.1583331 0.1616891 0.2316772 0.1452442 0.3093972 0.1930544 0.0645729 0.1336396 0.2597691 0.3112763 0.1213953 0.1372927 0.2268917 0.0615126 0.2365449 0.2238372 0.1918438 0.1103270 0.1300483 0.1457405 0.1360036 0.1322776 0.0633238 0.1119497 0.2540925 0.2901254 0.4001640 0.1245415 0.1676979 0.0581162 0.1404016 0.0871967 
Perityle_huecosensis_48                    0.2099365 0.2761968 0.2778129 0.4711929 0.1698170 0.0771705 0.4833671 0.0720933 0.3099106 0.1520020 0.2758387 0.0990757 0.0963129 0.0970860 0.0220557 0.0308767 0.0956922 0.4601778 0.1505876 0.0248207 0.1023730 0.1031523 0.1429643 0.1060539 0.0898316 0.4564477 0.4472487 0.4205086 0.1723049 0.1609648 0.2599604 0.5729592 0.1015284 0.1124495 0.4473553 0.1408202 0.2023786 0.1105261 0.0905917 0.0997046 0.2234236 0.1445678 0.0000000 0.1036624 0.1036121 0.0986017 0.2724911 0.0944115 0.1080813 0.0945581 0.2525410 0.0675805 0.2855583 0.2159266 0.0345373 0.0984952 0.3868084 0.3667274 0.1030174 0.2070162 0.2853640 0.1044967 0.2674496 0.3184530 0.2554738 0.1051653 0.0967759 0.0253990 0.1906423 0.1038292 0.1069579 0.1456649 0.3276352 0.3789001 0.4072050 0.0983879 0.0591187 0.0562593 0.0993884 0.1142842 
Perityle_incana_3_ucla                     0.0845011 0.1967242 0.1000383 0.3234356 0.0706691 0.0183986 0.3164955 0.0542485 0.2125056 0.0722257 0.0708224 0.0740972 0.0734211 0.0820432 0.0280766 0.0314697 0.0655058 0.3193950 0.0724100 0.0526422 0.0751216 0.0830934 0.0833889 0.0729840 0.0771091 0.1848131 0.1842324 0.1685734 0.1070420 0.1299057 0.0874119 0.3572749 0.0757431 0.0540335 0.1849648 0.2267382 0.0768462 0.0677544 0.0676893 0.0673856 0.0613798 0.0358030 0.1036624 0.0000000 0.0733950 0.0768492 0.0954650 0.0824714 0.0787733 0.0677701 0.0871483 0.0620795 0.1285154 0.1179326 0.0409400 0.0720409 0.2158223 0.1765115 0.0788299 0.0790527 0.2051778 0.0670272 0.0921246 0.2013857 0.1444106 0.0945160 0.0723862 0.0222596 0.0785748 0.0763889 0.0724432 0.1462060 0.2163714 0.1760068 0.1665090 0.0776730 0.0108435 0.0482642 0.0682230 0.0564611 
Perityle_intricata_59_Clark_mtns           0.1383847 0.2405973 0.1696567 0.4291395 0.0974693 0.0645599 0.4260956 0.0655253 0.3152601 0.0790447 0.1765234 0.0252168 0.0256346 0.0248566 0.0161049 0.0202230 0.0239137 0.3874687 0.0849020 0.0461130 0.0126207 0.0265566 0.1345050 0.0271888 0.0148692 0.4030666 0.4033100 0.3946949 0.0992974 0.1937687 0.1564533 0.5235340 0.0262891 0.0252889 0.4457139 0.1176684 0.1496938 0.0186545 0.0222239 0.0104332 0.1722577 0.1263564 0.1036121 0.0733950 0.0000000 0.0210147 0.2532898 0.0256938 0.0316009 0.0232395 0.1725666 0.0295844 0.3226026 0.2016072 0.0210953 0.0048527 0.3838277 0.3148766 0.0976717 0.1249407 0.3073375 0.0403313 0.1717756 0.2651290 0.2189314 0.0959605 0.0237260 0.0152450 0.1195959 0.0168452 0.0217013 0.1452721 0.2339315 0.2947969 0.3906020 0.0724258 0.0332953 0.0468055 0.0007849 0.0255686 
Perityle_inyoensis_9_pleasant              0.1343829 0.2596436 0.1837169 0.4356498 0.0937232 0.0730631 0.4682940 0.0671463 0.3142804 0.0784661 0.1970023 0.0258968 0.0222439 0.0218695 0.0156102 0.0209513 0.0209530 0.3973117 0.0876390 0.0452088 0.0077196 0.0097719 0.1499643 0.0227744 0.0089478 0.4336968 0.4372420 0.4011093 0.0982072 0.2050513 0.1776393 0.5338004 0.0190678 0.0221476 0.4846199 0.1263734 0.1513663 0.0156522 0.0154778 0.0083122 0.1820281 0.1338639 0.0986017 0.0768492 0.0210147 0.0000000 0.2663752 0.0241779 0.0269554 0.0370560 0.1695793 0.0274043 0.3310717 0.2070106 0.0274748 0.0199874 0.3840924 0.3264627 0.1082257 0.1211924 0.3134399 0.0511260 0.1701549 0.2908012 0.2315827 0.1076287 0.0196746 0.0129459 0.1193932 0.0096509 0.0094899 0.1373378 0.2626121 0.2892196 0.4352763 0.0701818 0.0521671 0.0461654 0.0126551 0.0240235 
Perityle_jaliscana_203                     0.2045354 0.2796273 0.2835634 0.5047615 0.1598211 0.0652897 0.5330436 0.0627347 0.3719536 0.2148212 0.3483517 0.2551387 0.2131857 0.2245049 0.0439620 0.1416651 0.2628314 0.4105232 0.1399367 0.1848042 0.2630785 0.1962849 0.1411593 0.2663006 0.2100143 0.3084062 0.4553087 0.3595347 0.1927268 0.1996228 0.2248984 0.6897831 0.2205903 0.1332513 0.3111347 0.2773483 0.1667216 0.2228905 0.1859799 0.2211285 0.0600070 0.1527569 0.2724911 0.0954650 0.2532898 0.2663752 0.0000000 0.1753789 0.2607769 0.2215616 0.2361666 0.1970121 0.3098762 0.1974800 0.0880965 0.2307389 0.4400374 0.3727275 0.1139124 0.1950615 0.3076284 0.2168246 0.2803611 0.3194259 0.2910690 0.1126947 0.1924183 0.1694566 0.1855400 0.2508782 0.1526638 0.2708335 0.2938840 0.3833260 0.2839487 0.2717370 0.1691750 0.0594829 0.2514775 0.1930919 
