85
Amauria_brandeegeana_62                    0.0000000 0.0505877 0.0603918 0.2092170 0.1179369 0.1135522 0.3065418 0.1425943 0.1800701 0.0381268 0.1500642 0.1208335 0.1187697 0.1420105 0.1216852 0.1379066 0.0879819 0.0897185 0.2136667 0.1128279 0.1245259 0.1338410 0.1648088 0.1322575 0.1340274 0.0775513 0.1502922 0.1423127 0.0619772 0.1004196 0.0868191 0.1384971 0.0752342 0.0450541 0.1137633 0.0221689 0.1426388 0.1321146 0.1085322 0.1290438 0.1494697 0.1386268 0.1328147 0.1318464 0.1149893 0.1058753 0.1453357 0.0769118 0.1276506 0.1318128 0.1407211 0.1312487 0.1234573 0.1505253 0.1404215 0.1153326 0.1372168 0.1283417 0.1334079 0.1412653 0.1312031 0.0828278 0.2864569 0.2013211 0.1074727 0.1435573 0.0980751 0.1422507 0.1349583 0.1280200 0.1084621 0.0995327 0.1310299 0.1444284 0.1344438 0.1463721 0.1498697 0.0962135 0.1671615 0.3039413 0.1301700 0.1590432 0.0726805 0.1317075 0.1208033 
Amauria_carterae_99_mesa                   0.0505877 0.0000000 0.0691757 0.1713968 0.1293316 0.1170144 0.1764253 0.1719080 0.1637261 0.0500910 0.1701127 0.1308731 0.1302762 0.1301956 0.1463632 0.1473857 0.1099433 0.0958002 0.1605785 0.1261781 0.1330159 0.1454802 0.1925697 0.1405531 0.1493753 0.1116032 0.1303093 0.1528518 0.0953918 0.1283242 0.1249346 0.0808925 0.0893079 0.0539994 0.1241691 0.0421791 0.1391680 0.1339757 0.1133064 0.1349229 0.1356529 0.1488755 0.1302788 0.1321033 0.1365363 0.1165266 0.1410359 0.0918947 0.1378679 0.1419671 0.1393205 0.1307619 0.1254205 0.1361723 0.1192791 0.1273344 0.1604362 0.1497421 0.1409689 0.1390751 0.1412705 0.0932267 0.1139247 0.1512495 0.1186578 0.1564071 0.0968850 0.1279111 0.1365446 0.1225294 0.1133182 0.1356899 0.1438196 0.0939232 0.1430288 0.1470609 0.1421588 0.1134687 0.1471054 0.2274204 0.1388980 0.1623928 0.0967015 0.1406838 0.0723423 
Amauria_rotundifolia_SRR9119150            0.0603918 0.0691757 0.0000000 0.2256222 0.1463502 0.1269832 0.3245901 0.1601241 0.2017110 0.0452532 0.1685128 0.1479951 0.1493450 0.1607090 0.1493342 0.1605507 0.1056662 0.1277889 0.2359440 0.1383816 0.1447297 0.1582669 0.1833471 0.1611565 0.1583290 0.0971223 0.1708006 0.1625793 0.0708528 0.1257792 0.1170828 0.1651432 0.1038180 0.0481482 0.1404066 0.0380151 0.1660840 0.1548608 0.1304086 0.1494750 0.1663448 0.1692273 0.1518989 0.1511322 0.1426996 0.1172743 0.1629437 0.1099321 0.1548363 0.1549789 0.1604409 0.1523011 0.1482526 0.1602535 0.1574107 0.1411352 0.1592622 0.1513782 0.1617225 0.1634577 0.1531604 0.0965788 0.3091544 0.1999090 0.1172484 0.1652398 0.1109784 0.1572960 0.1465442 0.1433681 0.1187388 0.1261703 0.1599392 0.1611478 0.1571988 0.1734743 0.1643671 0.1117436 0.1866758 0.3365829 0.1555635 0.1793134 0.0919388 0.1553000 0.1417109 
Conoclinium_coelestinum_SRR9119114         0.2092170 0.1713968 0.2256222 0.0000000 0.2406279 0.1837096 0.3451502 0.2086728 0.2574646 0.2247162 0.2714411 0.2459681 0.2458611 0.2476620 0.1969892 0.2385940 0.1830321 0.2290756 0.2811218 0.2398732 0.2495804 0.2545616 0.2375943 0.2515057 0.2578273 0.1760379 0.2596688 0.2591630 0.1617166 0.2139798 0.2034428 0.2090600 0.2388285 0.2389215 0.2351781 0.1979191 0.2691333 0.2512979 0.2684339 0.2353729 0.2595043 0.2638648 0.2655507 0.2511324 0.2626029 0.2348808 0.2559114 0.2147814 0.2519124 0.2510918 0.2714184 0.2712465 0.2462975 0.2566514 0.2571691 0.2534540 0.3077581 0.2324236 0.2723460 0.2839118 0.2523649 0.2439648 0.3090111 0.2291004 0.1665238 0.2688306 0.2406842 0.2627863 0.2283622 0.2214889 0.1735116 0.2376828 0.2540519 0.2147590 0.2501977 0.2915567 0.2559428 0.1614934 0.2680844 0.4592354 0.2518078 0.2777346 0.2393257 0.2560641 0.1940737 
Eutetras_palmeri_63                        0.1179369 0.1293316 0.1463502 0.2406279 0.0000000 0.0286964 0.3280608 0.1603339 0.1812683 0.1371812 0.0662425 0.0668136 0.0700927 0.0933423 0.1073645 0.0865644 0.0501485 0.1634554 0.1219910 0.0641319 0.0723631 0.0810095 0.1945256 0.0843304 0.0848394 0.0820095 0.0816211 0.0985523 0.1331670 0.1858583 0.1688563 0.1664344 0.1386454 0.1505305 0.0589668 0.0831227 0.0879489 0.0815446 0.1892412 0.0900640 0.0930622 0.0894535 0.0791159 0.0734460 0.0839024 0.1587545 0.0960251 0.1370935 0.0797475 0.0793495 0.0861870 0.0808458 0.0649307 0.0961738 0.0616432 0.0719649 0.2159118 0.1014123 0.1005367 0.0810584 0.0786532 0.1556748 0.3001270 0.0967705 0.0611786 0.0840157 0.1530173 0.0717191 0.0993285 0.0752060 0.0859765 0.0755580 0.0868425 0.1775851 0.0783297 0.0857677 0.0946689 0.1247843 0.0973519 0.2055458 0.0836823 0.0911517 0.1479937 0.0798350 0.1384831 
Eutetras_pringlei_149_quer                 0.1135522 0.1170144 0.1269832 0.1837096 0.0286964 0.0000000 0.1461510 0.1501201 0.1726483 0.0975775 0.1052047 0.0917218 0.0995429 0.1060564 0.1167174 0.1153537 0.0542840 0.1241040 0.1229602 0.0968073 0.1009077 0.1064718 0.1508818 0.1147276 0.1241186 0.0978788 0.1124825 0.1198233 0.1242467 0.1441700 0.1152034 0.1053520 0.1058209 0.1034438 0.0923716 0.0690058 0.1112579 0.1175374 0.1364142 0.1241965 0.1011766 0.1166929 0.0978598 0.0980398 0.1061101 0.1415391 0.1093332 0.1142273 0.1003605 0.1052012 0.1038365 0.1138256 0.0952892 0.1073395 0.0795233 0.1026595 0.1461083 0.1152798 0.1132890 0.0975131 0.1052471 0.1024791 0.1004772 0.1026530 0.0751308 0.1016379 0.1243709 0.0888888 0.0909217 0.0744380 0.0952946 0.1088905 0.1141060 0.1338084 0.1031314 0.1056012 0.1071872 0.1222982 0.0977624 0.1121582 0.1085775 0.1107518 0.1001762 0.1068395 0.0885519 
Eutrochium_fistulosum_SRR9119106           0.3065418 0.1764253 0.3245901 0.3451502 0.3280608 0.1461510 0.0000000 0.1430324 0.3505927 0.3184707 0.3989569 0.3534744 0.3151946 0.3378559 0.1557505 0.3715091 0.3145922 0.1796177 0.4064268 0.3357649 0.3416063 0.3613823 0.1981501 0.3470977 0.3679082 0.2541250 0.3851917 0.3690459 0.2257026 0.2084448 0.1534079 0.2792603 0.3072020 0.3167664 0.3327494 0.2453468 0.3561623 0.3573788 0.3124810 0.3536471 0.3645418 0.3469345 0.3594712 0.3549004 0.3173696 0.3682770 0.3493580 0.2680267 0.3530875 0.3432496 0.3637289 0.3110765 0.3414725 0.3561159 0.3727839 0.2656753 0.2144249 0.2543933 0.2082163 0.2901036 0.3597362 0.1666886 0.3816839 0.3901259 0.1534701 0.3652964 0.2854525 0.3746444 0.3578338 0.3775268 0.1325386 0.2737261 0.3467162 0.3218628 0.3617678 0.3204043 0.3502551 0.1964431 0.3934972 0.4459025 0.3500272 0.3565931 0.1538487 0.3568769 0.2795234 
Galeana_pratensis_104_mex                  0.1425943 0.1719080 0.1601241 0.2086728 0.1603339 0.1501201 0.1430324 0.0000000 0.1820402 0.1459227 0.1834887 0.1495538 0.1599222 0.1543114 0.1720770 0.1750759 0.1874917 0.1322699 0.1864975 0.1575195 0.1550871 0.1728912 0.2314421 0.1723972 0.1683621 0.1447116 0.1657753 0.1768341 0.1179565 0.1474850 0.1973116 0.1141962 0.1294078 0.1619539 0.1522770 0.1144185 0.1853597 0.1689967 0.1626900 0.1715510 0.1652098 0.1722741 0.1804715 0.1626552 0.1798849 0.1751366 0.1676882 0.1274533 0.1717313 0.1646888 0.1854867 0.1739631 0.1471853 0.1651598 0.1497759 0.1468299 0.1710913 0.1586747 0.1738300 0.1652867 0.1685430 0.1365126 0.1942649 0.1746710 0.1566810 0.1734709 0.1410348 0.1659924 0.1744183 0.1722564 0.1550269 0.1601931 0.1702319 0.1442976 0.1695893 0.1751808 0.1602627 0.1366702 0.1856511 0.1759508 0.1660193 0.1791770 0.1404915 0.1700618 0.1152575 
Helianthus_annuus_SRR9119062               0.1800701 0.1637261 0.2017110 0.2574646 0.1812683 0.1726483 0.3505927 0.1820402 0.0000000 0.1817231 0.2081275 0.1803208 0.1795225 0.1859460 0.1402996 0.1878690 0.1830949 0.1867851 0.2140837 0.1760592 0.1857849 0.1934180 0.2386549 0.1912264 0.1926600 0.1559433 0.1911575 0.2092262 0.1696351 0.2272074 0.1835042 0.1834963 0.1706436 0.1848218 0.1758517 0.1502008 0.1930603 0.1780845 0.2262471 0.1862871 0.1829417 0.2061106 0.1798344 0.1868797 0.1825234 0.2064715 0.1852649 0.1776297 0.1866499 0.1904057 0.1906980 0.2071215 0.1845930 0.1875410 0.1816301 0.1777436 0.2576843 0.1865471 0.1638761 0.1832886 0.1866096 0.1732054 0.2243041 0.1946903 0.1524949 0.1959918 0.1925383 0.1871058 0.1709381 0.1779826 0.1698575 0.1748917 0.1989429 0.1951425 0.1882699 0.2046873 0.1907714 0.1740960 0.2020887 0.3844799 0.1899569 0.2040107 0.1721982 0.1909102 0.1553763 
Lycapsus_tenuifolius_17                    0.0381268 0.0500910 0.0452532 0.2247162 0.1371812 0.0975775 0.3184707 0.1459227 0.1817231 0.0000000 0.1627486 0.1320417 0.1315444 0.1465958 0.1383646 0.1469956 0.0973537 0.0990514 0.2300279 0.1321005 0.1378331 0.1455216 0.2071497 0.1423482 0.1466675 0.0923432 0.1532546 0.1536510 0.0647166 0.0982948 0.1219776 0.1432232 0.0736090 0.0015427 0.1278634 0.0179132 0.1661982 0.1452248 0.0996467 0.1354604 0.1558795 0.1483333 0.1517639 0.1429716 0.1456920 0.1027834 0.1554806 0.0925540 0.1389643 0.1467476 0.1610269 0.1397460 0.1331435 0.1664020 0.1465487 0.1359173 0.1510859 0.1384197 0.1574838 0.1525651 0.1439585 0.0809637 0.2621396 0.2004664 0.1024237 0.1566571 0.0941004 0.1496966 0.1684916 0.1558355 0.0944890 0.1190718 0.1421224 0.1464492 0.1479976 0.1639582 0.1551384 0.1049387 0.1949791 0.2985070 0.1453932 0.1689876 0.0829046 0.1434045 0.1297070 
Pericome_caudata_50_silver                 0.1500642 0.1701127 0.1685128 0.2714411 0.0662425 0.1052047 0.3989569 0.1834887 0.2081275 0.1627486 0.0000000 0.0883452 0.0847660 0.1010456 0.0967910 0.1068440 0.0727602 0.1825641 0.1896050 0.0882494 0.0908893 0.1003201 0.1785794 0.1035785 0.1032899 0.0935603 0.1151972 0.1152116 0.1470779 0.2037170 0.2037289 0.2629967 0.1662099 0.1816452 0.0792397 0.1058806 0.1138682 0.1007448 0.2076650 0.1099115 0.1108218 0.1068974 0.0998592 0.0958094 0.1091259 0.2082067 0.1083898 0.1582224 0.0996360 0.1028409 0.1078202 0.1000618 0.0899244 0.1277216 0.0853658 0.0910832 0.2362103 0.1286447 0.1222717 0.1011440 0.0983748 0.1739067 0.3225197 0.1661802 0.0744937 0.1034356 0.1792268 0.0978573 0.1255415 0.0919081 0.1045973 0.0907671 0.1011122 0.2405046 0.1040608 0.1080497 0.1072196 0.1380054 0.1400490 0.2285297 0.0998069 0.1080189 0.1673564 0.0991146 0.2226056 
Perityle_aglossa_84_dead_horse             0.1208335 0.1308731 0.1479951 0.2459681 0.0668136 0.0917218 0.3534744 0.1495538 0.1803208 0.1320417 0.0883452 0.0000000 0.0158631 0.0271549 0.0580400 0.0303260 0.0262845 0.1557301 0.1482345 0.0149897 0.0152597 0.0275158 0.1534012 0.0325029 0.0290434 0.0234394 0.0540800 0.0539487 0.1076800 0.1594751 0.1740357 0.2467848 0.1343352 0.1441345 0.0140781 0.0871211 0.0502447 0.0252558 0.1853327 0.0314675 0.0521411 0.0326013 0.0511463 0.0162160 0.0506364 0.2013354 0.0349706 0.1343988 0.0281962 0.0267437 0.0567302 0.0275068 0.0177293 0.0533259 0.0274096 0.0067419 0.2093118 0.0371644 0.0341807 0.0258062 0.0241707 0.1440846 0.3158377 0.1244998 0.0264994 0.0088323 0.1422164 0.0352408 0.1111460 0.0539351 0.0280544 0.0143698 0.0314704 0.2195635 0.0212965 0.0247831 0.0303089 0.0428763 0.1392970 0.1719788 0.0271901 0.0230142 0.1389095 0.0236633 0.1953898 
Perityle_ajoensis_204                      0.1187697 0.1302762 0.1493450 0.2458611 0.0700927 0.0995429 0.3151946 0.1599222 0.1795225 0.1315444 0.0847660 0.0158631 0.0000000 0.0298209 0.0605052 0.0344365 0.0326257 0.1604041 0.0935517 0.0113048 0.0155314 0.0064021 0.1581271 0.0314307 0.0268806 0.0141203 0.0506236 0.0530111 0.1124288 0.1666619 0.1762177 0.1690630 0.1364347 0.1451861 0.0077018 0.0823412 0.0505091 0.0263976 0.1757207 0.0361474 0.0521875 0.0362428 0.0491197 0.0032272 0.0505607 0.1498537 0.0404222 0.1393063 0.0146778 0.0026614 0.0565730 0.0274967 0.0095917 0.0305731 0.0329121 0.0090471 0.2093108 0.0415365 0.0408755 0.0053734 0.0036318 0.1455621 0.2724958 0.0816705 0.0252430 0.0256716 0.1463041 0.0398806 0.0840074 0.0570373 0.0311408 0.0196664 0.0319275 0.1822370 0.0043370 0.0104125 0.0356385 0.0267288 0.1105797 0.1703879 0.0292656 0.0394759 0.1369492 0.0053323 0.1403415 
Perityle_ambrosiifolia_67_green            0.1420105 0.1301956 0.1607090 0.2476620 0.0933423 0.1060564 0.3378559 0.1543114 0.1859460 0.1465958 0.1010456 0.0271549 0.0298209 0.0000000 0.0556382 0.0542218 0.0334325 0.1539354 0.1010453 0.0304210 0.0259369 0.0432407 0.1580617 0.0481368 0.0423462 0.0153814 0.0640235 0.0711810 0.1016971 0.1620631 0.1689517 0.2010021 0.1556775 0.1617798 0.0256099 0.0922776 0.0731157 0.0474905 0.1926072 0.0523049 0.0379921 0.0511363 0.0676406 0.0357817 0.0523373 0.1658583 0.0178156 0.1371967 0.0385807 0.0442901 0.0755574 0.0148991 0.0335445 0.0297711 0.0514001 0.0029431 0.2157712 0.0403793 0.0308267 0.0364541 0.0409655 0.1343329 0.2977931 0.1000810 0.0262763 0.0396487 0.1619853 0.0586289 0.0902552 0.0742918 0.0307749 0.0193300 0.0485074 0.2179185 0.0456250 0.0523418 0.0096397 0.0378417 0.1219196 0.1932412 0.0387912 0.0510558 0.1332943 0.0428235 0.1768925 
Perityle_angustifolia_13_Eagle_creek       0.1216852 0.1463632 0.1493342 0.1969892 0.1073645 0.1167174 0.1557505 0.1720770 0.1402996 0.1383646 0.0967910 0.0580400 0.0605052 0.0556382 0.0000000 0.0727496 0.1233450 0.1578782 0.1041096 0.0618946 0.0579205 0.0737901 0.1807348 0.0821493 0.0616330 0.0665141 0.0805107 0.0819084 0.1356436 0.1607072 0.1957711 0.1551071 0.1424608 0.1475235 0.0571813 0.0796878 0.0887483 0.0704019 0.1710353 0.0706769 0.0775207 0.0834641 0.0867751 0.0580464 0.0928105 0.1785549 0.0615090 0.1538107 0.0687420 0.0704730 0.0921076 0.0627926 0.0573029 0.0623727 0.0667839 0.0539045 0.1782114 0.0736998 0.0803900 0.0590464 0.0673662 0.1365083 0.1264999 0.1013055 0.0667641 0.0778738 0.1398131 0.0728023 0.0859622 0.0771848 0.0628128 0.0641895 0.0819168 0.1840318 0.0683509 0.0674438 0.0585048 0.1104109 0.1074424 0.0755274 0.0713613 0.0823010 0.1266872 0.0703101 0.1428586 
Perityle_batopilensis_97                   0.1379066 0.1473857 0.1605507 0.2385940 0.0865644 0.1153537 0.3715091 0.1750759 0.1878690 0.1469956 0.1068440 0.0303260 0.0344365 0.0542218 0.0727496 0.0000000 0.0485579 0.1933436 0.1283943 0.0347053 0.0386409 0.0504161 0.1586198 0.0498805 0.0494897 0.0336506 0.0562641 0.0648308 0.1275690 0.2138758 0.2146720 0.2324107 0.1632267 0.1569541 0.0288158 0.0995916 0.0649553 0.0448000 0.1921958 0.0250893 0.0679841 0.0543011 0.0598357 0.0406712 0.0636345 0.1684728 0.0633727 0.1556769 0.0452725 0.0493964 0.0680139 0.0419932 0.0347097 0.0811255 0.0443867 0.0349883 0.2316899 0.0601346 0.0583443 0.0464891 0.0468409 0.1586154 0.3110344 0.1152312 0.0494694 0.0564930 0.1602234 0.0542930 0.0989045 0.0607453 0.0533740 0.0364178 0.0514694 0.2449606 0.0463435 0.0520822 0.0616596 0.0684628 0.1372588 0.1949608 0.0434605 0.0638414 0.1561117 0.0472667 0.2031706 
Perityle_bisetosa_9                        0.0879819 0.1099433 0.1056662 0.1830321 0.0501485 0.0542840 0.3145922 0.1874917 0.1830949 0.0973537 0.0727602 0.0262845 0.0326257 0.0334325 0.1233450 0.0485579 0.0000000 0.1328915 0.0629412 0.0043201 0.0271036 0.0329703 0.0722052 0.0312521 0.0310069 0.0294945 0.0692158 0.0668619 0.1285097 0.1848963 0.1256321 0.1313369 0.1218550 0.1052317 0.0056089 0.0506916 0.0543362 0.0455445 0.1846569 0.0427002 0.0415288 0.0437616 0.0517073 0.0240384 0.0539580 0.1282778 0.0171374 0.1050729 0.0307015 0.0247207 0.0602657 0.0458950 0.0300593 0.0298767 0.0415590 0.0188484 0.2179903 0.0576024 0.0464801 0.0309569 0.0251174 0.1228413 0.0521871 0.0690179 0.0369877 0.0310054 0.1348504 0.0392831 0.0700327 0.0511963 0.0172302 0.0114792 0.0346744 0.1519730 0.0319335 0.0402745 0.0350706 0.0323211 0.0534749 0.3178810 0.0308578 0.0519129 0.1377822 0.0335226 0.1023739 
Perityle_californica_76_positas            0.0897185 0.0958002 0.1277889 0.2290756 0.1634554 0.1241040 0.1796177 0.1322699 0.1867851 0.0990514 0.1825641 0.1557301 0.1604041 0.1539354 0.1578782 0.1933436 0.1328915 0.0000000 0.2089088 0.1540743 0.1561844 0.1767852 0.2240625 0.1850117 0.1866958 0.1212806 0.1734356 0.1872552 0.0987890 0.0623654 0.1142782 0.0103419 0.0806775 0.1122114 0.1544260 0.0577906 0.1863582 0.1674978 0.1412341 0.1831395 0.1668026 0.1873639 0.1747451 0.1659020 0.1629236 0.1388128 0.1634377 0.0340401 0.1744548 0.1709663 0.1831580 0.1653409 0.1517116 0.1672613 0.1630912 0.1540870 0.1361724 0.1508473 0.1568469 0.1643462 0.1715926 0.1157699 0.2453909 0.1647657 0.1353337 0.1848997 0.1312152 0.1748556 0.1845515 0.1823707 0.1235867 0.1340141 0.1841021 0.0569914 0.1728348 0.1771829 0.1636477 0.1331925 0.2102979 0.1797445 0.1741857 0.1968610 0.0968674 0.1750898 0.0170178 
Perityle_canescens_77                      0.2136667 0.1605785 0.2359440 0.2811218 0.1219910 0.1229602 0.4064268 0.1864975 0.2140837 0.2300279 0.1896050 0.1482345 0.0935517 0.1010453 0.1041096 0.1283943 0.0629412 0.2089088 0.0000000 0.1333882 0.1122585 0.1696036 0.1893988 0.1702821 0.1128787 0.0571191 0.1728620 0.1702284 0.1528124 0.2088615 0.2123098 0.3557811 0.2348808 0.2347093 0.1407081 0.1441378 0.1245869 0.1280498 0.3671134 0.1484772 0.1572203 0.1200170 0.1378943 0.1324991 0.0851594 0.3452698 0.1111792 0.1686859 0.1597524 0.1738313 0.1247792 0.0725869 0.1115940 0.1131061 0.1398218 0.0626494 0.2812471 0.0829282 0.0745169 0.1548816 0.1715737 0.2005194 0.3990309 0.1470357 0.0751512 0.1700285 0.2419775 0.1541155 0.1610090 0.1733013 0.0700612 0.0605840 0.1723451 0.3071150 0.1310002 0.1532030 0.1115946 0.0835164 0.1861678 0.2772217 0.1392049 0.1195756 0.1935782 0.1402064 0.2884909 
Perityle_castillonii_96                    0.1128279 0.1261781 0.1383816 0.2398732 0.0641319 0.0968073 0.3357649 0.1575195 0.1760592 0.1321005 0.0882494 0.0149897 0.0113048 0.0304210 0.0618946 0.0347053 0.0043201 0.1540743 0.1333882 0.0000000 0.0105436 0.0276931 0.1500649 0.0233411 0.0268054 0.0159850 0.0386561 0.0496488 0.1100339 0.1564740 0.1596435 0.2225729 0.1376683 0.1456904 0.0077094 0.0787957 0.0492399 0.0211731 0.1898428 0.0326662 0.0402426 0.0289094 0.0436192 0.0190986 0.0444526 0.1968149 0.0318116 0.1263590 0.0261349 0.0243495 0.0530281 0.0194114 0.0145746 0.0494183 0.0296024 0.0045766 0.2066965 0.0331730 0.0359889 0.0334753 0.0243040 0.1405987 0.3236621 0.1135074 0.0253334 0.0253717 0.1495476 0.0361172 0.1109075 0.0481604 0.0156386 0.0076277 0.0248952 0.2150114 0.0243946 0.0299844 0.0298796 0.0353812 0.1169037 0.1471076 0.0222690 0.0308524 0.1376341 0.0245426 0.1750836 
Perityle_cernua_84                         0.1245259 0.1330159 0.1447297 0.2495804 0.0723631 0.1009077 0.3416063 0.1550871 0.1857849 0.1378331 0.0908893 0.0152597 0.0155314 0.0259369 0.0579205 0.0386409 0.0271036 0.1561844 0.1122585 0.0105436 0.0000000 0.0320025 0.1518514 0.0295440 0.0310918 0.0195979 0.0466906 0.0555935 0.1066179 0.1572706 0.1704511 0.2133994 0.1386157 0.1502107 0.0088512 0.0880706 0.0532900 0.0333837 0.1834726 0.0402941 0.0428326 0.0311568 0.0514022 0.0267207 0.0508978 0.1695295 0.0335491 0.1299696 0.0331916 0.0318740 0.0587727 0.0228046 0.0180997 0.0523435 0.0329199 0.0043872 0.2112783 0.0406475 0.0305314 0.0242773 0.0297659 0.1417837 0.3056811 0.1056701 0.0230821 0.0298727 0.1459682 0.0393140 0.0935354 0.0565043 0.0274430 0.0150395 0.0310977 0.2275743 0.0327961 0.0365598 0.0209978 0.0428851 0.1283903 0.1636568 0.0234305 0.0385140 0.1381101 0.0313396 0.1881669 
Perityle_cfvillosa_25_tin                  0.1338410 0.1454802 0.1582669 0.2545616 0.0810095 0.1064718 0.3613823 0.1728912 0.1934180 0.1455216 0.1003201 0.0275158 0.0064021 0.0432407 0.0737901 0.0504161 0.0329703 0.1767852 0.1696036 0.0276931 0.0320025 0.0000000 0.1573837 0.0434003 0.0395346 0.0166343 0.0628750 0.0634858 0.1217972 0.1790455 0.1832700 0.2673133 0.1537144 0.1628124 0.0257749 0.0945284 0.0691277 0.0326828 0.1989569 0.0474297 0.0686587 0.0486439 0.0650023 0.0068743 0.0656004 0.2260722 0.0542122 0.1548900 0.0232561 0.0070590 0.0715009 0.0371645 0.0114494 0.0656458 0.0461880 0.0211150 0.2239319 0.0471545 0.0560705 0.0185302 0.0030118 0.1593392 0.3212988 0.1449909 0.0427654 0.0366937 0.1604516 0.0539778 0.1323305 0.0680199 0.0374391 0.0260295 0.0437624 0.2383769 0.0055852 0.0110008 0.0493552 0.0227721 0.1593196 0.1718335 0.0414700 0.0502889 0.1492124 0.0036679 0.2152501 
Perityle_cinerea_113_Powell1310            0.1648088 0.1925697 0.1833471 0.2375943 0.1945256 0.1508818 0.1981501 0.2314421 0.2386549 0.2071497 0.1785794 0.1534012 0.1581271 0.1580617 0.1807348 0.1586198 0.0722052 0.2240625 0.1893988 0.1500649 0.1518514 0.1573837 0.0000000 0.1700909 0.1694241 0.0935404 0.1613589 0.1623666 0.1826834 0.2294497 0.1504914 0.1990251 0.2222933 0.2301464 0.1563189 0.0975706 0.1699679 0.1679576 0.2568757 0.1717038 0.1566952 0.1731733 0.1635368 0.1480273 0.1676190 0.2581785 0.1602334 0.2137773 0.1674980 0.1573791 0.1756668 0.1957559 0.1423694 0.1559803 0.1615105 0.1493666 0.2707362 0.1304140 0.1599084 0.1520344 0.1540704 0.2211370 0.4185217 0.1530910 0.1211977 0.1749811 0.2319645 0.1646475 0.1895403 0.1751795 0.0973144 0.1361073 0.1698184 0.2482836 0.1469406 0.1631469 0.1611306 0.0491951 0.1778094 0.1778999 0.1616276 0.1796846 0.2170143 0.1570684 0.1862398 
Perityle_coahuilensis_24                   0.1322575 0.1405531 0.1611565 0.2515057 0.0843304 0.1147276 0.3470977 0.1723972 0.1912264 0.1423482 0.1035785 0.0325029 0.0314307 0.0481368 0.0821493 0.0498805 0.0312521 0.1850117 0.1702821 0.0233411 0.0295440 0.0434003 0.1700909 0.0000000 0.0457325 0.0306955 0.0789364 0.0684699 0.1200913 0.1836497 0.1825141 0.2732922 0.1510307 0.1586639 0.0261265 0.0977412 0.0646760 0.0424678 0.2003485 0.0476178 0.0634256 0.0016369 0.0608231 0.0361335 0.0600857 0.2239231 0.0574827 0.1504177 0.0398436 0.0476790 0.0666985 0.0365417 0.0318339 0.0715124 0.0413312 0.0282082 0.2295380 0.0524248 0.0558651 0.0549029 0.0417762 0.1681028 0.3345841 0.1361695 0.0428221 0.0451098 0.1635505 0.0475840 0.1298080 0.0627237 0.0512964 0.0285455 0.0031653 0.2462311 0.0450662 0.0532515 0.0531042 0.0547842 0.1530245 0.1737660 0.0382123 0.0556879 0.1587995 0.0412501 0.2203093 
Perityle_cochisensis_44_cave_creek         0.1340274 0.1493753 0.1583290 0.2578273 0.0848394 0.1241186 0.3679082 0.1683621 0.1926600 0.1466675 0.1032899 0.0290434 0.0268806 0.0423462 0.0616330 0.0494897 0.0310069 0.1866958 0.1128787 0.0268054 0.0310918 0.0395346 0.1694241 0.0457325 0.0000000 0.0290101 0.0645613 0.0685717 0.1235251 0.1874962 0.1988572 0.2190339 0.1579184 0.1632291 0.0235933 0.1012138 0.0679667 0.0410025 0.1974907 0.0468965 0.0618244 0.0498854 0.0609243 0.0357708 0.0644431 0.1670907 0.0518114 0.1503817 0.0433968 0.0385162 0.0692973 0.0354273 0.0281883 0.0593639 0.0456107 0.0115677 0.2317729 0.0514579 0.0580627 0.0356599 0.0371836 0.1647060 0.3201997 0.1099527 0.0460060 0.0449496 0.1688755 0.0519198 0.1010899 0.0647234 0.0553063 0.0307577 0.0480340 0.2344538 0.0386047 0.0483764 0.0452738 0.0531149 0.1386385 0.1918998 0.0454664 0.0563518 0.1629363 0.0399638 0.1962514 
Perityle_congesta_202                      0.0775513 0.1116032 0.0971223 0.1760379 0.0820095 0.0978788 0.2541250 0.1447116 0.1559433 0.0923432 0.0935603 0.0234394 0.0141203 0.0153814 0.0665141 0.0336506 0.0294945 0.1212806 0.0571191 0.0159850 0.0195979 0.0166343 0.0935404 0.0306955 0.0290101 0.0000000 0.0595060 0.0582721 0.1043083 0.1567621 0.1607480 0.1126538 0.1222222 0.1056330 0.0110228 0.0366931 0.0555752 0.0301949 0.1336718 0.0386386 0.0417346 0.0373091 0.0531265 0.0025783 0.0560251 0.1158556 0.0305064 0.0993478 0.0043518 0.0152801 0.0617246 0.0282586 0.0180201 0.0130666 0.0349568 0.0156531 0.1927245 0.0436247 0.0484540 0.0184910 0.0120482 0.0960848 0.1103646 0.0518223 0.0315175 0.0260330 0.1065645 0.0371887 0.0634555 0.0505741 0.0314177 0.0231503 0.0319489 0.1346155 0.0189752 0.0251207 0.0208582 0.0379092 0.0881915 0.2238827 0.0327834 0.0423186 0.1050915 0.0141540 0.0914917 
Perityle_cordifolia_27                     0.1502922 0.1303093 0.1708006 0.2596688 0.0816211 0.1124825 0.3851917 0.1657753 0.1911575 0.1532546 0.1151972 0.0540800 0.0506236 0.0640235 0.0805107 0.0562641 0.0692158 0.1734356 0.1728620 0.0386561 0.0466906 0.0628750 0.1613589 0.0789364 0.0645613 0.0595060 0.0000000 0.0799937 0.1329482 0.1910424 0.1927196 0.2678734 0.1643682 0.1585308 0.0383739 0.0896654 0.0655599 0.0545605 0.2067210 0.0655140 0.0718248 0.0649235 0.0716118 0.0477869 0.0659690 0.2313146 0.0614257 0.1475677 0.0651369 0.0564764 0.0745653 0.0490685 0.0505055 0.0887709 0.0129501 0.0331844 0.2261972 0.0654758 0.0377182 0.0640986 0.0577675 0.1658911 0.3335752 0.1365642 0.0136643 0.0782749 0.1709020 0.0311523 0.1288785 0.0719014 0.0528096 0.0481354 0.0606643 0.2372617 0.0546747 0.0607817 0.0658169 0.0625672 0.1622993 0.1962192 0.0643770 0.0674835 0.1533841 0.0642603 0.2095277 
Perityle_cordifolia_68_tecolote            0.1423127 0.1528518 0.1625793 0.2591630 0.0985523 0.1198233 0.3690459 0.1768341 0.2092262 0.1536510 0.1152116 0.0539487 0.0530111 0.0711810 0.0819084 0.0648308 0.0668619 0.1872552 0.1702284 0.0496488 0.0555935 0.0634858 0.1623666 0.0684699 0.0685717 0.0582721 0.0799937 0.0000000 0.1365414 0.1914026 0.1997097 0.2772678 0.1612780 0.1682751 0.0472588 0.1023668 0.0803347 0.0561082 0.2017723 0.0632980 0.0800272 0.0713013 0.0744747 0.0528159 0.0784116 0.2080258 0.0769872 0.1593500 0.0651754 0.0598164 0.0826732 0.0560959 0.0560306 0.0974270 0.0602339 0.0454536 0.2299887 0.0329368 0.0731784 0.0555896 0.0570050 0.1629140 0.3300368 0.1645508 0.0524868 0.0711579 0.1734740 0.0692875 0.1181873 0.0737738 0.0704253 0.0522815 0.0675482 0.2541854 0.0586511 0.0627857 0.0746044 0.0689094 0.1667726 0.1897608 0.0687176 0.0777583 0.1591593 0.0598989 0.2320879 
Perityle_coronopifolia_28_patagonia        0.0619772 0.0953918 0.0708528 0.1617166 0.1331670 0.1242467 0.2257026 0.1179565 0.1696351 0.0647166 0.1470779 0.1076800 0.1124288 0.1016971 0.1356436 0.1275690 0.1285097 0.0987890 0.1528124 0.1100339 0.1066179 0.1217972 0.1826834 0.1200913 0.1235251 0.1043083 0.1329482 0.1365414 0.0000000 0.1308349 0.1591265 0.0938210 0.0953764 0.0757405 0.0997002 0.0405777 0.1458948 0.1150702 0.0318864 0.1174785 0.1289079 0.1240855 0.1402418 0.1132549 0.1443030 0.0372732 0.1234121 0.1189082 0.1224759 0.1206740 0.1518375 0.1122571 0.1020681 0.1166671 0.1205582 0.1150613 0.1721108 0.1299195 0.1570796 0.1343836 0.1183521 0.0168477 0.0551029 0.1368016 0.1112053 0.1223887 0.0073248 0.1333705 0.1453590 0.1313832 0.1025321 0.1105224 0.1216875 0.1123500 0.1210437 0.1501351 0.1164245 0.1340415 0.1427985 0.3016901 0.1197001 0.1269568 0.0168388 0.1195872 0.0820348 
Perityle_crassifolia_70_ventanas           0.1004196 0.1283242 0.1257792 0.2139798 0.1858583 0.1441700 0.2084448 0.1474850 0.2272074 0.0982948 0.2037170 0.1594751 0.1666619 0.1620631 0.1607072 0.2138758 0.1848963 0.0623654 0.2088615 0.1564740 0.1572706 0.1790455 0.2294497 0.1836497 0.1874962 0.1567621 0.1910424 0.1914026 0.1308349 0.0000000 0.0556946 0.0809890 0.0898760 0.1137606 0.1556060 0.0625173 0.2130041 0.1694172 0.1651303 0.1886479 0.1842107 0.1875059 0.2057180 0.1680042 0.2100361 0.1726477 0.1685029 0.1015747 0.1750522 0.1773196 0.2110639 0.1756828 0.1548980 0.1722881 0.1705820 0.1593321 0.1523336 0.1851229 0.1767713 0.1490194 0.1767239 0.0962813 0.1609168 0.1924042 0.1465167 0.1859532 0.1478560 0.1859077 0.2151225 0.2031674 0.1201604 0.1609811 0.1824670 0.0533445 0.1766244 0.1781149 0.1694710 0.1796867 0.2289923 0.2229471 0.1726296 0.1927526 0.1077646 0.1783277 0.0638732 
Perityle_crassifolia_74_playa_balandra     0.0868191 0.1249346 0.1170828 0.2034428 0.1688563 0.1152034 0.1534079 0.1973116 0.1835042 0.1219776 0.2037289 0.1740357 0.1762177 0.1689517 0.1957711 0.2146720 0.1256321 0.1142782 0.2123098 0.1596435 0.1704511 0.1832700 0.1504914 0.1825141 0.1988572 0.1607480 0.1927196 0.1997097 0.1591265 0.0556946 0.0000000 0.0964672 0.1143925 0.1379569 0.1720725 0.0509710 0.1986896 0.1863340 0.1717584 0.2053711 0.1834782 0.1842452 0.1867434 0.1772952 0.1916094 0.1797802 0.1827278 0.1114048 0.1848778 0.1815470 0.1933709 0.1895998 0.1663659 0.1849075 0.1771581 0.1706015 0.1612761 0.1866121 0.1827774 0.1757906 0.1804803 0.1427785 0.2547228 0.1747776 0.1579674 0.1956129 0.1685035 0.1875386 0.2094406 0.1928263 0.1142987 0.1738779 0.1801624 0.0829842 0.1803218 0.1928122 0.1826503 0.1547128 0.2410342 0.2032071 0.1866407 0.2016055 0.1467277 0.1839020 0.0736322 
Perityle_cuneata_34_cuneata_San_antonio    0.1384971 0.0808925 0.1651432 0.2090600 0.1664344 0.1053520 0.2792603 0.1141962 0.1834963 0.1432232 0.2629967 0.2467848 0.1690630 0.2010021 0.1551071 0.2324107 0.1313369 0.0103419 0.3557811 0.2225729 0.2133994 0.2673133 0.1990251 0.2732922 0.2190339 0.1126538 0.2678734 0.2772678 0.0938210 0.0809890 0.0964672 0.0000000 0.1306040 0.1470355 0.2575448 0.0469528 0.2127343 0.2289345 0.2334247 0.2536587 0.2554610 0.2220313 0.2389552 0.2433896 0.1472581 0.2286670 0.2149350 0.0729502 0.2687302 0.2634031 0.2107991 0.1544732 0.2130266 0.2200915 0.2484592 0.1370935 0.1334175 0.1400451 0.1402787 0.2371998 0.2629765 0.1023273 0.3365083 0.3074283 0.1249467 0.2694161 0.1474854 0.2695103 0.2019183 0.2738807 0.1071218 0.1302887 0.2719835 0.0554878 0.2299439 0.2503186 0.2128413 0.1312509 0.2756380 0.3150895 0.2476364 0.2171845 0.0815558 0.2437652 0.0101269 
Perityle_cuneata_4                         0.0752342 0.0893079 0.1038180 0.2388285 0.1386454 0.1058209 0.3072020 0.1294078 0.1706436 0.0736090 0.1662099 0.1343352 0.1364347 0.1556775 0.1424608 0.1632267 0.1218550 0.0806775 0.2348808 0.1376683 0.1386157 0.1537144 0.2222933 0.1510307 0.1579184 0.1222222 0.1643682 0.1612780 0.0953764 0.0898760 0.1143925 0.1306040 0.0000000 0.0845152 0.1334404 0.0428470 0.1674733 0.1456404 0.1266697 0.1541368 0.1725927 0.1582030 0.1564293 0.1502213 0.1508997 0.1189961 0.1587969 0.1234198 0.1517961 0.1508657 0.1675178 0.1364072 0.1397808 0.1871687 0.1489432 0.1356762 0.1570096 0.1526841 0.1601876 0.1550743 0.1532563 0.1090854 0.2631865 0.2046044 0.1333652 0.1597386 0.1126113 0.1634196 0.1770439 0.1521892 0.1118557 0.1260416 0.1520496 0.1410595 0.1520704 0.1691608 0.1620306 0.1492232 0.2003787 0.2631964 0.1513937 0.1712215 0.0911003 0.1533135 0.1092845 
Perityle_discoidea_81                      0.0450541 0.0539994 0.0481482 0.2389215 0.1505305 0.1034438 0.3167664 0.1619539 0.1848218 0.0015427 0.1816452 0.1441345 0.1451861 0.1617798 0.1475235 0.1569541 0.1052317 0.1122114 0.2347093 0.1456904 0.1502107 0.1628124 0.2301464 0.1586639 0.1632291 0.1056330 0.1585308 0.1682751 0.0757405 0.1137606 0.1379569 0.1470355 0.0845152 0.0000000 0.1424328 0.0200934 0.1782180 0.1517879 0.1108316 0.1439626 0.1732676 0.1651508 0.1667253 0.1555357 0.1613820 0.1049000 0.1698391 0.1040203 0.1545949 0.1592207 0.1783482 0.1485863 0.1447795 0.1791797 0.1533631 0.1492657 0.1617307 0.1416372 0.1683302 0.1676768 0.1590359 0.0927856 0.2557614 0.2111438 0.1050463 0.1741130 0.1037355 0.1626290 0.1730774 0.1679928 0.0979641 0.1334143 0.1605363 0.1495473 0.1591055 0.1796859 0.1729088 0.1085888 0.2009182 0.2928047 0.1617218 0.1835110 0.0945737 0.1595875 0.1333026 
Perityle_dissecta_201                      0.1137633 0.1241691 0.1404066 0.2351781 0.0589668 0.0923716 0.3327494 0.1522770 0.1758517 0.1278634 0.0792397 0.0140781 0.0077018 0.0256099 0.0571813 0.0288158 0.0056089 0.1544260 0.1407081 0.0077094 0.0088512 0.0257749 0.1563189 0.0261265 0.0235933 0.0110228 0.0383739 0.0472588 0.0997002 0.1556060 0.1720725 0.2575448 0.1334404 0.1424328 0.0000000 0.0800999 0.0444499 0.0192981 0.1855197 0.0307352 0.0425140 0.0243116 0.0449819 0.0162475 0.0409126 0.2043465 0.0286333 0.1264186 0.0248721 0.0271506 0.0481154 0.0165761 0.0101104 0.0452735 0.0243043 0.0022524 0.2055467 0.0302846 0.0303589 0.0224818 0.0231118 0.1376815 0.3077498 0.1243578 0.0218063 0.0241477 0.1434952 0.0291384 0.0997561 0.0459975 0.0155598 0.0046724 0.0276427 0.2261013 0.0207153 0.0259879 0.0274410 0.0321455 0.1306862 0.1470867 0.0171534 0.0285780 0.1338775 0.0198307 0.2044807 
Perityle_emoryi_47_punta_san_jose          0.0221689 0.0421791 0.0380151 0.1979191 0.0831227 0.0690058 0.2453468 0.1144185 0.1502008 0.0179132 0.1058806 0.0871211 0.0823412 0.0922776 0.0796878 0.0995916 0.0506916 0.0577906 0.1441378 0.0787957 0.0880706 0.0945284 0.0975706 0.0977412 0.1012138 0.0366931 0.0896654 0.1023668 0.0405777 0.0625173 0.0509710 0.0469528 0.0428470 0.0200934 0.0800999 0.0000000 0.1008389 0.0874090 0.0729086 0.0888855 0.0984459 0.1022609 0.0877958 0.0867663 0.0919586 0.0680863 0.0899263 0.0509389 0.0862213 0.0887632 0.0989731 0.0919427 0.0804634 0.0930277 0.0813598 0.0901686 0.1280337 0.1007914 0.1031672 0.0902039 0.0924228 0.0692947 0.2088109 0.1017801 0.0493992 0.1109644 0.0659996 0.0861485 0.0900902 0.0794822 0.0573608 0.0757688 0.0984627 0.0423194 0.0918911 0.1014705 0.1001982 0.0552785 0.1278048 0.2232289 0.0917037 0.1154799 0.0667093 0.0912410 0.0322131 
Perityle_feddemae_99                       0.1426388 0.1391680 0.1660840 0.2691333 0.0879489 0.1112579 0.3561623 0.1853597 0.1930603 0.1661982 0.1138682 0.0502447 0.0505091 0.0731157 0.0887483 0.0649553 0.0543362 0.1863582 0.1245869 0.0492399 0.0532900 0.0691277 0.1699679 0.0646760 0.0679667 0.0555752 0.0655599 0.0803347 0.1458948 0.2130041 0.1986896 0.2127343 0.1674733 0.1782180 0.0444499 0.1008389 0.0000000 0.0611568 0.2188256 0.0661421 0.0780408 0.0688941 0.0038509 0.0582224 0.0083631 0.2030931 0.0759264 0.1468321 0.0643435 0.0635644 0.0107976 0.0563867 0.0510101 0.0991370 0.0496829 0.0513791 0.2440610 0.0750244 0.0696034 0.0653126 0.0638352 0.1823103 0.3505908 0.1236198 0.0572887 0.0695552 0.1853893 0.0592451 0.0953470 0.0567513 0.0684340 0.0541105 0.0665543 0.2407609 0.0655147 0.0772425 0.0784937 0.0702351 0.1493718 0.1600296 0.0610076 0.0752777 0.1858220 0.0657997 0.1964908 
Perityle_fosteri_93                        0.1321146 0.1339757 0.1548608 0.2512979 0.0815446 0.1175374 0.3573788 0.1689967 0.1780845 0.1452248 0.1007448 0.0252558 0.0263976 0.0474905 0.0704019 0.0448000 0.0455445 0.1674978 0.1280498 0.0211731 0.0333837 0.0326828 0.1679576 0.0424678 0.0410025 0.0301949 0.0545605 0.0561082 0.1150702 0.1694172 0.1863340 0.2289345 0.1456404 0.1517879 0.0192981 0.0874090 0.0611568 0.0000000 0.1894282 0.0485515 0.0667157 0.0483189 0.0620960 0.0201603 0.0639950 0.1812306 0.0507865 0.1374002 0.0361942 0.0255402 0.0682206 0.0263932 0.0251959 0.0660696 0.0377689 0.0199139 0.2192644 0.0470806 0.0512117 0.0209708 0.0291298 0.1575456 0.3238693 0.1226882 0.0408411 0.0436190 0.1545376 0.0476612 0.1041193 0.0643744 0.0332214 0.0310377 0.0456507 0.2315424 0.0310424 0.0295724 0.0550442 0.0451046 0.1516197 0.1758844 0.0424782 0.0498349 0.1526080 0.0292040 0.1992941 
Perityle_gamon_221                         0.1085322 0.1133064 0.1304086 0.2684339 0.1892412 0.1364142 0.3124810 0.1626900 0.2262471 0.0996467 0.2076650 0.1853327 0.1757207 0.1926072 0.1710353 0.1921958 0.1846569 0.1412341 0.3671134 0.1898428 0.1834726 0.1989569 0.2568757 0.2003485 0.1974907 0.1336718 0.2067210 0.2017723 0.0318864 0.1651303 0.1717584 0.2334247 0.1266697 0.1108316 0.1855197 0.0729086 0.2188256 0.1894282 0.0000000 0.1870082 0.2272584 0.1976829 0.2077868 0.1888038 0.1997692 0.0908506 0.2086984 0.1885328 0.1923298 0.1965763 0.2187199 0.1755570 0.1784636 0.2295167 0.1919046 0.1714809 0.1339648 0.1664844 0.1911808 0.1924052 0.1967102 0.0502234 0.2442563 0.2948427 0.1406491 0.2110950 0.0503389 0.2056873 0.2680620 0.2134975 0.1293622 0.1713861 0.1994255 0.2347650 0.1929960 0.1953673 0.2053729 0.1566596 0.2694572 0.2400492 0.1916081 0.2125339 0.0447674 0.1897664 0.1985598 
Perityle_gentryi_8_san_francisco           0.1290438 0.1349229 0.1494750 0.2353729 0.0900640 0.1241965 0.3536471 0.1715510 0.1862871 0.1354604 0.1099115 0.0314675 0.0361474 0.0523049 0.0706769 0.0250893 0.0427002 0.1831395 0.1484772 0.0326662 0.0402941 0.0474297 0.1717038 0.0476178 0.0468965 0.0386386 0.0655140 0.0632980 0.1174785 0.1886479 0.2053711 0.2536587 0.1541368 0.1439626 0.0307352 0.0888855 0.0661421 0.0485515 0.1870082 0.0000000 0.0737491 0.0520273 0.0647680 0.0406353 0.0650625 0.1877223 0.0610206 0.1533714 0.0482130 0.0487610 0.0697845 0.0471164 0.0335472 0.0773264 0.0510379 0.0326580 0.2181292 0.0624351 0.0605978 0.0438455 0.0447401 0.1526686 0.3066342 0.1355377 0.0533413 0.0514019 0.1509423 0.0560396 0.1087990 0.0685795 0.0639450 0.0343276 0.0491188 0.2438732 0.0446295 0.0492127 0.0601536 0.0731412 0.1623698 0.1848840 0.0430409 0.0638829 0.1505557 0.0453621 0.2209858 
Perityle_gilensis_22_Superstition          0.1494697 0.1356529 0.1663448 0.2595043 0.0930622 0.1011766 0.3645418 0.1652098 0.1829417 0.1558795 0.1108218 0.0521411 0.0521875 0.0379921 0.0775207 0.0679841 0.0415288 0.1668026 0.1572203 0.0402426 0.0428326 0.0686587 0.1566952 0.0634256 0.0618244 0.0417346 0.0718248 0.0800272 0.1289079 0.1842107 0.1834782 0.2554610 0.1725927 0.1732676 0.0425140 0.0984459 0.0780408 0.0667157 0.2272584 0.0737491 0.0000000 0.0663591 0.0712479 0.0642283 0.0582453 0.2340823 0.0411036 0.1323926 0.0719869 0.0728100 0.0756488 0.0408347 0.0523391 0.0660042 0.0592076 0.0316124 0.2274993 0.0551227 0.0464970 0.0813681 0.0670093 0.1581907 0.3218740 0.1327926 0.0340592 0.0646976 0.1843382 0.0648960 0.1198348 0.0750079 0.0426452 0.0365093 0.0625509 0.2302901 0.0719508 0.0805454 0.0397282 0.0610560 0.1409988 0.1908882 0.0580507 0.0726056 0.1560115 0.0684831 0.2012356 
Perityle_gilensis_salensis_225             0.1386268 0.1488755 0.1692273 0.2638648 0.0894535 0.1166929 0.3469345 0.1722741 0.2061106 0.1483333 0.1068974 0.0326013 0.0362428 0.0511363 0.0834641 0.0543011 0.0437616 0.1873639 0.1200170 0.0289094 0.0311568 0.0486439 0.1731733 0.0016369 0.0498854 0.0373091 0.0649235 0.0713013 0.1240855 0.1875059 0.1842452 0.2220313 0.1582030 0.1651508 0.0243116 0.1022609 0.0688941 0.0483189 0.1976829 0.0520273 0.0663591 0.0000000 0.0636204 0.0396736 0.0661432 0.1702282 0.0609988 0.1572236 0.0434954 0.0490845 0.0726232 0.0409366 0.0334573 0.0737505 0.0470827 0.0324816 0.2339296 0.0559094 0.0566556 0.0441956 0.0451222 0.1690407 0.3242785 0.1167168 0.0441503 0.0488830 0.1675470 0.0553706 0.1088685 0.0664136 0.0530275 0.0335424 0.0016356 0.2366157 0.0498065 0.0559186 0.0555784 0.0577343 0.1396551 0.1800323 0.0378353 0.0607627 0.1613704 0.0474949 0.1950453 
Perityle_glaucescens_94                    0.1328147 0.1302788 0.1518989 0.2655507 0.0791159 0.0978598 0.3594712 0.1804715 0.1798344 0.1517639 0.0998592 0.0511463 0.0491197 0.0676406 0.0867751 0.0598357 0.0517073 0.1747451 0.1378943 0.0436192 0.0514022 0.0650023 0.1635368 0.0608231 0.0609243 0.0531265 0.0716118 0.0744747 0.1402418 0.2057180 0.1867434 0.2389552 0.1564293 0.1667253 0.0449819 0.0877958 0.0038509 0.0620960 0.2077868 0.0647680 0.0712479 0.0636204 0.0000000 0.0559203 0.0006590 0.1998869 0.0699870 0.1374820 0.0626294 0.0634807 0.0034619 0.0567268 0.0524449 0.0913955 0.0510543 0.0459537 0.2298276 0.0683079 0.0649618 0.0621090 0.0610795 0.1710486 0.3516598 0.1329906 0.0549084 0.0662350 0.1759901 0.0586564 0.0951720 0.0593253 0.0616891 0.0497281 0.0617754 0.2429999 0.0644702 0.0752018 0.0735201 0.0660284 0.1587934 0.1871637 0.0584997 0.0688657 0.1725449 0.0630044 0.2192225 
Perityle_gracilis_11                       0.1318464 0.1321033 0.1511322 0.2511324 0.0734460 0.0980398 0.3549004 0.1626552 0.1868797 0.1429716 0.0958094 0.0162160 0.0032272 0.0357817 0.0580464 0.0406712 0.0240384 0.1659020 0.1324991 0.0190986 0.0267207 0.0068743 0.1480273 0.0361335 0.0357708 0.0025783 0.0477869 0.0528159 0.1132549 0.1680042 0.1772952 0.2433896 0.1502213 0.1555357 0.0162475 0.0867663 0.0582224 0.0201603 0.1888038 0.0406353 0.0642283 0.0396736 0.0559203 0.0000000 0.0534628 0.1969099 0.0469178 0.1403668 0.0040068 0.0077426 0.0621438 0.0184321 0.0090130 0.0572285 0.0364604 0.0103160 0.2142108 0.0344664 0.0439867 0.0074936 0.0063276 0.1491418 0.3089496 0.1280559 0.0318726 0.0304654 0.1507715 0.0459841 0.0961167 0.0578282 0.0240721 0.0152542 0.0377745 0.2299450 0.0064941 0.0118827 0.0442957 0.0233574 0.1478283 0.1558406 0.0341222 0.0373236 0.1399892 0.0052326 0.2063919 
