84
Amauria_brandeegeana_62                    0.0000000 0.0153821 0.0372401 0.1542679 0.1119014 0.0280017 0.1884706 0.0824445 0.1361066 0.0330899 0.1246365 0.0450617 0.0437726 0.0496978 0.0298917 0.0544515 0.0376994 0.1196070 0.0459985 0.0468606 0.0460246 0.0502171 0.0328684 0.0460879 0.0461952 0.0450837 0.0558944 0.1645131 0.0617031 0.1017229 0.0679626 0.1434999 0.1246242 0.0333429 0.0449389 0.1684281 0.0458369 0.0474494 0.0687948 0.0546991 0.0428521 0.0460648 0.0368979 0.0446181 0.0331244 0.0665643 0.0513006 0.0231217 0.0475944 0.0502171 0.0411607 0.0483844 0.0464115 0.0438286 0.0529407 0.0460456 0.0597961 0.0406568 0.0331450 0.0496440 0.0486512 0.0513692 0.0571209 0.0625748 0.0287711 0.0462489 0.0627314 0.0412381 0.1330996 0.1067385 0.0185021 0.0439652 0.0472063 0.1313730 0.0957596 0.0480849 0.0502094 0.0163519 0.1537119 0.0522248 0.0494876 0.0556546 0.0423970 0.0496765 
Amauria_carterae_99_mesa                   0.0153821 0.0000000 0.0389443 0.1132037 0.0647219 0.0327424 0.0989411 0.1015459 0.1137434 0.0182370 0.0742311 0.0309757 0.0369718 0.0404194 0.0256148 0.0437014 0.0251148 0.0915820 0.0410227 0.0340286 0.0307985 0.0454989 0.0386869 0.0387992 0.0340869 0.0365113 0.0410146 0.0682258 0.0490222 0.0828652 0.0664869 0.0670810 0.0760760 0.0164616 0.0325555 0.0866601 0.0403238 0.0357392 0.0611968 0.0438887 0.0406809 0.0372303 0.0295374 0.0391915 0.0318689 0.0596817 0.0410890 0.0181489 0.0391129 0.0454989 0.0341614 0.0420103 0.0374098 0.0325459 0.0430378 0.0349782 0.0437364 0.0515422 0.0460877 0.0420014 0.0406017 0.0431572 0.0379866 0.0481870 0.0404463 0.0342092 0.0523285 0.0315843 0.0925779 0.0624834 0.0228130 0.0329465 0.0403444 0.0878194 0.0421103 0.0424318 0.0372887 0.0314327 0.0968264 0.0372556 0.0323707 0.0471928 0.0575806 0.0420393 
Amauria_rotundifolia_SRR9119150            0.0372401 0.0389443 0.0000000 0.1643195 0.1465708 0.0491608 0.2525532 0.1053312 0.1594156 0.0469819 0.1766891 0.0717038 0.0680460 0.0672364 0.0441555 0.0763270 0.0560508 0.1938021 0.0654189 0.0591730 0.0648178 0.0717412 0.0610645 0.0714512 0.0681222 0.0698052 0.0721269 0.1896724 0.0797821 0.1332406 0.0935530 0.1720038 0.1679993 0.0430962 0.0644267 0.2158168 0.0799850 0.0595157 0.0888596 0.0748671 0.0692164 0.0654058 0.0697671 0.0603001 0.0611597 0.0879005 0.0694651 0.0322098 0.0702733 0.0717412 0.0621067 0.0726561 0.0691156 0.0602288 0.0704596 0.0609647 0.0783208 0.0664326 0.0604412 0.0751202 0.0719768 0.0710250 0.0737493 0.0822756 0.0509842 0.0691151 0.0808213 0.0560321 0.1606053 0.1440882 0.0487520 0.0656033 0.0730506 0.1684319 0.1372412 0.0696505 0.0637132 0.0435153 0.1644570 0.0724773 0.0910020 0.0714460 0.0635737 0.0742275 
Conoclinium_coelestinum_SRR9119114         0.1542679 0.1132037 0.1643195 0.0000000 0.1633230 0.0723904 0.1859295 0.1436339 0.1883300 0.1517492 0.1721679 0.1699448 0.1758553 0.1769430 0.1432732 0.1745559 0.1607947 0.1771490 0.1667192 0.1761935 0.1670507 0.1776599 0.1321947 0.1797961 0.1750652 0.1736101 0.1808413 0.2073352 0.1698305 0.1850880 0.1651366 0.1607031 0.1733340 0.1569794 0.1709553 0.1899738 0.1692716 0.1767518 0.1738446 0.1777182 0.1789678 0.1742755 0.1549240 0.1742791 0.1504904 0.1775060 0.1773227 0.1227622 0.1758513 0.1776599 0.1628793 0.1744145 0.1749162 0.1661551 0.1719820 0.1661628 0.1764681 0.1175859 0.1273139 0.1765130 0.1770483 0.1655960 0.1809534 0.1815603 0.1304812 0.1731072 0.1712190 0.1657383 0.1878086 0.1749985 0.1334349 0.1678710 0.1813134 0.1825435 0.1746031 0.1720277 0.1730627 0.1264613 0.2106208 0.1585774 0.1664802 0.1728517 0.1397224 0.1782927 
Eutetras_palmeri_63                        0.1119014 0.0647219 0.1465708 0.1633230 0.0000000 0.0000010 0.2001170 0.0981879 0.1726988 0.1009716 0.0293962 0.1312674 0.1377223 0.1395437 0.0829525 0.1457497 0.1043614 0.0311139 0.1187974 0.1097099 0.1305297 0.1375186 0.0836261 0.1405451 0.1283390 0.1308903 0.1431572 0.2179858 0.1450524 0.0648170 0.0422113 0.0934784 0.0343433 0.1020711 0.1309431 0.0855102 0.1445259 0.1163568 0.1526491 0.1489303 0.1392569 0.1356112 0.1302838 0.1061404 0.1157604 0.1490898 0.1384349 0.0558560 0.1391166 0.1375186 0.1206667 0.1391408 0.1380436 0.1262321 0.1403384 0.1328139 0.1514313 0.0820329 0.0839971 0.1418754 0.1411455 0.1459445 0.1174970 0.1476066 0.0753710 0.1328117 0.1460895 0.1314719 0.0949852 0.0477553 0.0690655 0.1323500 0.1375662 0.0427850 0.1514091 0.1344119 0.1120182 0.0710301 0.0673538 0.1410619 0.1419161 0.1295422 0.0864245 0.1419681 
Eutetras_pringlei_149_quer                 0.0280017 0.0327424 0.0491608 0.0723904 0.0000010 0.0000000 0.0434730 0.0348606 0.0296516 0.0055694 0.0053215 0.0325363 0.0325363 0.0437271 0.0325363 0.0492523 0.0329380 0.0106590 0.0554058 0.0325363 0.0380871 0.0325363 0.0384016 0.0380176 0.0325363 0.0325363 0.0492523 0.0380176 0.0437114 0.0107050 0.0107050 0.0107977 0.0109330 0.0055337 0.0327641 0.0054575 0.0493840 0.0437581 0.0549135 0.0437114 0.0380176 0.0325363 0.0493840 0.0325363 0.0499677 0.0439031 0.0492634 0.0226419 0.0325363 0.0325363 0.0493840 0.0325363 0.0325363 0.0327424 0.0439112 0.0383141 0.0380468 0.0381179 0.0437114 0.0325363 0.0325363 0.0329511 0.0333602 0.0329113 0.0385307 0.0382114 0.0436758 0.0388727 0.0214632 0.0054378 0.0381586 0.0385709 0.0380176 0.0107125 0.0325363 0.0325363 0.0325363 0.0327078 0.0268911 0.0380871 0.0325363 0.0382114 0.0547089 0.0325363 
Eutrochium_fistulosum_SRR9119106           0.1884706 0.0989411 0.2525532 0.1859295 0.2001170 0.0434730 0.0000000 0.1477010 0.2634609 0.2190023 0.2501829 0.2366725 0.2472218 0.2333479 0.1217623 0.2533514 0.2098101 0.2464836 0.1929765 0.2123222 0.2322688 0.2479019 0.0993389 0.2493229 0.2330719 0.2445591 0.2551889 0.2970924 0.2437389 0.1420322 0.1330550 0.1582735 0.2542884 0.1582640 0.2316126 0.2735207 0.2301729 0.2197612 0.2516594 0.2302071 0.2470633 0.2452792 0.2263233 0.2177995 0.1602553 0.2521530 0.2465973 0.1141362 0.2426925 0.2479019 0.2042661 0.2488353 0.2440414 0.2269455 0.2516489 0.2250327 0.2222119 0.1044219 0.0975565 0.2495229 0.2475904 0.2421924 0.1678888 0.2176869 0.0998590 0.2378881 0.2494905 0.2315995 0.1712175 0.2316932 0.0929744 0.2394596 0.2457115 0.2499783 0.2505526 0.2461274 0.2197338 0.0805864 0.1787226 0.2294655 0.2237220 0.2231768 0.1153882 0.2477050 
Galeana_pratensis_104_mex                  0.0824445 0.1015459 0.1053312 0.1436339 0.0981879 0.0348606 0.1477010 0.0000000 0.1310786 0.0822812 0.1109911 0.1009994 0.1007973 0.1107188 0.0884138 0.1152507 0.0929418 0.1021698 0.1114857 0.1057011 0.0958594 0.1065419 0.0935101 0.1106796 0.0958594 0.1007973 0.1189042 0.1376427 0.1133972 0.1129614 0.1242861 0.0958660 0.1127955 0.0890674 0.1012985 0.1336325 0.1159060 0.0966324 0.1105250 0.1101946 0.1119101 0.1007973 0.1168874 0.1055895 0.1135343 0.1006438 0.1012320 0.0903785 0.1012320 0.1065419 0.1213844 0.1108958 0.0964370 0.0958594 0.1104968 0.1017946 0.1022232 0.1457761 0.1214527 0.1155915 0.1116348 0.0970861 0.0882205 0.1105953 0.1177628 0.1013697 0.1133148 0.1079352 0.1140025 0.1032570 0.0693988 0.0937632 0.1106796 0.1361476 0.0968540 0.1030852 0.1007973 0.0978211 0.1076864 0.1001051 0.0958594 0.1387836 0.1179279 0.1159039 
Helianthus_annuus_SRR9119062               0.1361066 0.1137434 0.1594156 0.1883300 0.1726988 0.0296516 0.2634609 0.1310786 0.0000000 0.1435508 0.1773862 0.1513212 0.1422702 0.1496063 0.1259709 0.1602971 0.1427741 0.1787574 0.1603977 0.1422345 0.1453718 0.1586346 0.0680816 0.1552551 0.1540000 0.1536572 0.1506112 0.2129070 0.1436822 0.2046797 0.1272300 0.1993020 0.1888870 0.1523049 0.1483846 0.2299405 0.1472141 0.1497519 0.1692358 0.1601055 0.1556042 0.1556792 0.1409698 0.1458351 0.1410885 0.1680221 0.1550620 0.1257859 0.1563568 0.1588444 0.1362105 0.1583738 0.1551845 0.1542589 0.1436984 0.1432617 0.1536083 0.0757876 0.1004561 0.1567111 0.1563642 0.1326265 0.1459476 0.1519603 0.0822275 0.1499381 0.1435164 0.1408053 0.2203311 0.1883216 0.0606501 0.1445583 0.1564719 0.2013379 0.1779223 0.1576649 0.1556699 0.0783003 0.2409790 0.1558618 0.1740619 0.1492049 0.1162633 0.1581873 
Lycapsus_tenuifolius_17                    0.0330899 0.0182370 0.0469819 0.1517492 0.1009716 0.0055694 0.2190023 0.0822812 0.1435508 0.0000000 0.1318200 0.0620658 0.0576340 0.0564242 0.0256581 0.0680049 0.0484265 0.1393468 0.0526789 0.0515004 0.0553376 0.0621688 0.0333983 0.0600473 0.0583234 0.0634232 0.0631316 0.1767349 0.0678653 0.0566534 0.0209502 0.1248398 0.1274393 0.0011354 0.0573492 0.1635191 0.0709136 0.0519214 0.0749636 0.0628389 0.0586316 0.0551803 0.0590006 0.0514024 0.0442957 0.0725420 0.0575678 0.0256487 0.0624814 0.0639008 0.0526156 0.0638217 0.0586536 0.0563933 0.0608359 0.0505378 0.0667032 0.0428759 0.0390772 0.0655627 0.0632728 0.0651988 0.0520991 0.0666757 0.0272669 0.0594469 0.0656796 0.0503586 0.1183432 0.1074509 0.0161580 0.0560417 0.0623484 0.1107658 0.1254182 0.0615917 0.0594029 0.0180871 0.1100662 0.0627721 0.0766813 0.0595295 0.0462173 0.0664819 
Pericome_caudata_50_silver                 0.1246365 0.0742311 0.1766891 0.1721679 0.0293962 0.0053215 0.2501829 0.1109911 0.1773862 0.1318200 0.0000000 0.1467354 0.1780533 0.1584655 0.0934793 0.1865052 0.1088586 0.0485412 0.1237885 0.1212467 0.1426672 0.1878678 0.0852341 0.1768091 0.1340306 0.1732957 0.1854977 0.2534031 0.1754158 0.0722478 0.0508809 0.1142035 0.0531724 0.1167418 0.1389344 0.1436905 0.1715710 0.1266607 0.2150380 0.1684076 0.1939464 0.1558642 0.1588177 0.1139473 0.1317424 0.2008338 0.1647520 0.0701197 0.1772315 0.1800882 0.1295948 0.1783204 0.1981091 0.1302199 0.1715425 0.1482746 0.1803169 0.0910358 0.0956754 0.1600375 0.1999893 0.1771107 0.1294085 0.1556514 0.0857799 0.1772530 0.2118815 0.1318616 0.1259588 0.0635141 0.0682860 0.1838091 0.1894240 0.0535153 0.1815193 0.1941982 0.1144247 0.0774060 0.0794248 0.1805958 0.2152556 0.1364246 0.1002626 0.1842697 
Perityle_aglossa_84_dead_horse             0.0450617 0.0309757 0.0717038 0.1699448 0.1312674 0.0325363 0.2366725 0.1009994 0.1513212 0.0620658 0.1467354 0.0000000 0.0267242 0.0225812 0.0057558 0.0452924 0.0048457 0.1758701 0.0631188 0.0086964 0.0169106 0.0287887 0.0238084 0.0246946 0.0226762 0.0293238 0.0421343 0.1666499 0.0608674 0.1253009 0.0765748 0.1641043 0.1624081 0.0548677 0.0121184 0.2076166 0.0688595 0.0176230 0.0803730 0.0460651 0.0233604 0.0224123 0.0556685 0.0202507 0.0513511 0.0756058 0.0258420 0.0162538 0.0256931 0.0289663 0.0547947 0.0286026 0.0240784 0.0185935 0.0359609 0.0205175 0.0594020 0.0513318 0.0296266 0.0306750 0.0279439 0.0576343 0.0464805 0.0465308 0.0208077 0.0066641 0.0654307 0.0277916 0.1522228 0.1286234 0.0074832 0.0177700 0.0243875 0.1550467 0.0818752 0.0289541 0.0213150 0.0070706 0.1459294 0.0582398 0.0408003 0.0118039 0.0539809 0.0309203 
Perityle_ajoensis_204                      0.0437726 0.0369718 0.0680460 0.1758553 0.1377223 0.0325363 0.2472218 0.1007973 0.1422702 0.0576340 0.1780533 0.0267242 0.0000000 0.0100225 0.0150061 0.0431350 0.0137495 0.1791414 0.0634024 0.0209757 0.0206513 0.0060772 0.0285676 0.0128807 0.0140578 0.0034791 0.0435792 0.2033792 0.0564017 0.1307402 0.0854515 0.1751637 0.1792441 0.0549101 0.0226614 0.2398575 0.0618752 0.0241155 0.0792380 0.0479169 0.0112183 0.0088417 0.0580825 0.0040807 0.0510705 0.0793799 0.0284988 0.0196151 0.0051653 0.0060772 0.0558599 0.0172303 0.0042917 0.0113026 0.0348878 0.0248048 0.0569748 0.0549485 0.0327272 0.0078185 0.0060039 0.0514443 0.0556063 0.0474907 0.0250290 0.0244331 0.0591471 0.0266659 0.1658883 0.1524261 0.0099546 0.0231198 0.0131693 0.1633124 0.0955458 0.0043522 0.0048472 0.0023361 0.1571225 0.0555854 0.0513774 0.0299939 0.0536446 0.0076979 
Perityle_ambrosiifolia_67_green            0.0496978 0.0404194 0.0672364 0.1769430 0.1395437 0.0437271 0.2333479 0.1107188 0.1496063 0.0564242 0.1584655 0.0225812 0.0100225 0.0000000 0.0159301 0.0430622 0.0144368 0.1725906 0.0680426 0.0224335 0.0206772 0.0136383 0.0358591 0.0106962 0.0147795 0.0110365 0.0387449 0.1864391 0.0602462 0.1329453 0.0903926 0.1709867 0.1621339 0.0572538 0.0197859 0.2064337 0.0640078 0.0265565 0.0816404 0.0489743 0.0089694 0.0062205 0.0549448 0.0100522 0.0563016 0.0827672 0.0264208 0.0222944 0.0107977 0.0136383 0.0589026 0.0079973 0.0089626 0.0120189 0.0344242 0.0243867 0.0597438 0.0568322 0.0358882 0.0125010 0.0116338 0.0521139 0.0605712 0.0497267 0.0271427 0.0226256 0.0631294 0.0252547 0.1615149 0.1335401 0.0149859 0.0203687 0.0109452 0.1581888 0.0877459 0.0118522 0.0095317 0.0046774 0.1594957 0.0548241 0.0456695 0.0293809 0.0570176 0.0125074 
Perityle_angustifolia_13_Eagle_creek       0.0298917 0.0256148 0.0441555 0.1432732 0.0829525 0.0325363 0.1217623 0.0884138 0.1259709 0.0256581 0.0934793 0.0057558 0.0150061 0.0159301 0.0000000 0.0218742 0.0000010 0.0957632 0.0483408 0.0086231 0.0100528 0.0219206 0.0166203 0.0158924 0.0101162 0.0148602 0.0252840 0.1063609 0.0479691 0.0881673 0.0721003 0.0886942 0.1113806 0.0271036 0.0072010 0.1152913 0.0443334 0.0057547 0.0654512 0.0250511 0.0174810 0.0129662 0.0352949 0.0160730 0.0364023 0.0655892 0.0131581 0.0051903 0.0160132 0.0219206 0.0382421 0.0173358 0.0130629 0.0071929 0.0208619 0.0074960 0.0411627 0.0491081 0.0244022 0.0188589 0.0174709 0.0387046 0.0409173 0.0286558 0.0168219 0.0086535 0.0479063 0.0118301 0.0948778 0.0662505 0.0024866 0.0014778 0.0173342 0.1077358 0.0177435 0.0175541 0.0144436 0.0047604 0.1003845 0.0354577 0.0131283 0.0204361 0.0472324 0.0188747 
Perityle_batopilensis_97                   0.0544515 0.0437014 0.0763270 0.1745559 0.1457497 0.0492523 0.2533514 0.1152507 0.1602971 0.0680049 0.1865052 0.0452924 0.0431350 0.0430622 0.0218742 0.0000000 0.0350850 0.1931395 0.0656042 0.0385589 0.0389745 0.0463548 0.0383019 0.0465568 0.0470388 0.0479804 0.0375356 0.2149859 0.0675515 0.1314370 0.0856872 0.1746466 0.1998236 0.0635200 0.0401246 0.2541964 0.0743380 0.0397742 0.0859837 0.0182046 0.0435843 0.0429633 0.0625899 0.0346955 0.0537866 0.0866266 0.0479963 0.0162214 0.0451391 0.0466650 0.0600390 0.0554250 0.0435663 0.0423449 0.0307303 0.0445293 0.0682934 0.0663337 0.0248253 0.0491293 0.0459717 0.0645774 0.0643890 0.0608802 0.0208160 0.0435379 0.0689926 0.0241993 0.1672433 0.1592861 0.0225755 0.0419940 0.0465488 0.1711675 0.1156778 0.0470036 0.0414496 0.0310476 0.1563849 0.0632361 0.0811899 0.0476580 0.0621187 0.0488401 
Perityle_bisetosa_9                        0.0376994 0.0251148 0.0560508 0.1607947 0.1043614 0.0329380 0.2098101 0.0929418 0.1427741 0.0484265 0.1088586 0.0048457 0.0137495 0.0144368 0.0000010 0.0350850 0.0000000 0.1224445 0.0514989 0.0049169 0.0086669 0.0170682 0.0143777 0.0305898 0.0144205 0.0174143 0.0276224 0.1437805 0.0504860 0.1193619 0.0753041 0.1409418 0.1166487 0.0458069 0.0063722 0.1511438 0.0553599 0.0029581 0.0678088 0.0371676 0.0300114 0.0126022 0.0422115 0.0133401 0.0421755 0.0692117 0.0136906 0.0090022 0.0285526 0.0335109 0.0462155 0.0147255 0.0283536 0.0100188 0.0246032 0.0107964 0.0496907 0.0500340 0.0253287 0.0170964 0.0315900 0.0468562 0.0392611 0.0351321 0.0190262 0.0039505 0.0529550 0.0184832 0.1293625 0.0969703 0.0000010 0.0008752 0.0313714 0.1198627 0.0668131 0.0167765 0.0143924 0.0047860 0.1393373 0.0474026 0.0332379 0.0083971 0.0470088 0.0179748 
Perityle_californica_76_positas            0.1196070 0.0915820 0.1938021 0.1771490 0.0311139 0.0106590 0.2464836 0.1021698 0.1787574 0.1393468 0.0485412 0.1758701 0.1791414 0.1725906 0.0957632 0.1931395 0.1224445 0.0000000 0.1352713 0.1260676 0.1662375 0.1787696 0.0986138 0.1850036 0.1476838 0.1741889 0.1960509 0.2304026 0.1906678 0.0690052 0.0544380 0.1063039 0.0409222 0.1203062 0.1644946 0.1187588 0.1904945 0.1346686 0.2037123 0.1773439 0.1887148 0.1777885 0.1763926 0.1206009 0.1329109 0.1953844 0.1760704 0.0711062 0.1821034 0.1735903 0.1398907 0.1793960 0.1869238 0.1462437 0.1823195 0.1577708 0.1870105 0.1058280 0.1074952 0.1874787 0.1908564 0.1932411 0.1213771 0.1640404 0.1028124 0.1789130 0.1979428 0.1582295 0.1203568 0.0687731 0.0849658 0.1805457 0.1815364 0.0519998 0.1796321 0.1770343 0.1276736 0.0942423 0.0787192 0.1838703 0.1775438 0.1515343 0.1064422 0.1925571 
Perityle_canescens_77                      0.0459985 0.0410227 0.0654189 0.1667192 0.1187974 0.0554058 0.1929765 0.1114857 0.1603977 0.0526789 0.1237885 0.0631188 0.0634024 0.0680426 0.0483408 0.0656042 0.0514989 0.1352713 0.0000000 0.0616800 0.0615039 0.0695312 0.0549043 0.0665205 0.0629492 0.0615256 0.0712004 0.1422496 0.0720265 0.1191946 0.0777577 0.1226108 0.1299503 0.0507577 0.0604771 0.1536083 0.0597168 0.0642650 0.0655109 0.0706977 0.0646258 0.0627753 0.0530002 0.0623761 0.0493141 0.0617990 0.0610197 0.0439221 0.0620286 0.0695312 0.0586395 0.0665548 0.0633314 0.0591339 0.0680057 0.0616271 0.0689384 0.0757988 0.0667892 0.0654118 0.0643927 0.0689799 0.0624567 0.0669534 0.0615590 0.0619937 0.0745209 0.0555138 0.1511647 0.1215223 0.0393021 0.0587606 0.0677217 0.1362692 0.0832539 0.0672706 0.0653530 0.0473236 0.1704522 0.0660785 0.0678534 0.0723764 0.0761821 0.0654578 
Perityle_castillonii_96                    0.0468606 0.0340286 0.0591730 0.1761935 0.1097099 0.0325363 0.2123222 0.1057011 0.1422345 0.0515004 0.1212467 0.0086964 0.0209757 0.0224335 0.0086231 0.0385589 0.0049169 0.1260676 0.0616800 0.0000000 0.0164824 0.0255142 0.0309792 0.0233990 0.0204969 0.0228514 0.0358695 0.1560262 0.0568901 0.1272855 0.0834078 0.1363780 0.1279081 0.0533893 0.0038399 0.1577755 0.0588839 0.0188412 0.0703153 0.0467386 0.0225858 0.0194539 0.0499364 0.0215226 0.0511324 0.0703879 0.0216456 0.0177047 0.0216013 0.0255142 0.0547063 0.0213883 0.0206068 0.0184811 0.0330448 0.0180339 0.0555018 0.0550475 0.0311880 0.0234355 0.0225133 0.0499002 0.0522217 0.0430215 0.0271368 0.0096903 0.0589256 0.0240071 0.1378786 0.1040050 0.0124639 0.0149714 0.0243712 0.1278366 0.0588939 0.0236220 0.0224373 0.0117775 0.1484536 0.0489873 0.0406443 0.0165682 0.0554599 0.0234486 
Perityle_cernua_84                         0.0460246 0.0307985 0.0648178 0.1670507 0.1305297 0.0380871 0.2322688 0.0958594 0.1453718 0.0553376 0.1426672 0.0169106 0.0206513 0.0206772 0.0100528 0.0389745 0.0086669 0.1662375 0.0615039 0.0164824 0.0000000 0.0215246 0.0260723 0.0192992 0.0181965 0.0219262 0.0353682 0.1747875 0.0543614 0.1183424 0.0833459 0.1599900 0.1485477 0.0509673 0.0137020 0.1965759 0.0632251 0.0195220 0.0765479 0.0448322 0.0169694 0.0165651 0.0496863 0.0181206 0.0498522 0.0755158 0.0210118 0.0176823 0.0194848 0.0221039 0.0535310 0.0229111 0.0177791 0.0149680 0.0303431 0.0204141 0.0570278 0.0548156 0.0294942 0.0234001 0.0210655 0.0496492 0.0521049 0.0441299 0.0249638 0.0161211 0.0596201 0.0237255 0.1500510 0.1271884 0.0099306 0.0131434 0.0197072 0.1498578 0.0860076 0.0214315 0.0185380 0.0093900 0.1466875 0.0513696 0.0332916 0.0237909 0.0521374 0.0234063 
Perityle_cfvillosa_25_tin                  0.0502171 0.0454989 0.0717412 0.1776599 0.1375186 0.0325363 0.2479019 0.1065419 0.1586346 0.0621688 0.1878678 0.0287887 0.0060772 0.0136383 0.0219206 0.0463548 0.0170682 0.1787696 0.0695312 0.0255142 0.0215246 0.0000000 0.0411356 0.0134541 0.0175983 0.0079020 0.0429778 0.2425644 0.0620739 0.1301865 0.0937941 0.1662619 0.1882638 0.0597543 0.0242320 0.2540351 0.0698142 0.0288777 0.0811582 0.0508649 0.0115127 0.0108267 0.0597135 0.0080054 0.0565099 0.0809133 0.0294553 0.0254401 0.0069958 0.0000010 0.0606026 0.0220754 0.0057308 0.0134280 0.0401230 0.0275732 0.0614632 0.0610240 0.0409533 0.0112548 0.0093452 0.0545255 0.0651014 0.0529813 0.0359671 0.0239848 0.0636115 0.0298346 0.1724721 0.1481271 0.0227811 0.0231877 0.0124004 0.1542030 0.0845243 0.0059799 0.0079129 0.0118506 0.1656551 0.0596477 0.0685920 0.0328773 0.0605325 0.0111230 
Perityle_cinerea_113_Powell1310            0.0328684 0.0386869 0.0610645 0.1321947 0.0836261 0.0384016 0.0993389 0.0935101 0.0680816 0.0333983 0.0852341 0.0238084 0.0285676 0.0358591 0.0166203 0.0383019 0.0143777 0.0986138 0.0549043 0.0309792 0.0260723 0.0411356 0.0000000 0.0333742 0.0285367 0.0285676 0.0457017 0.0373624 0.0593661 0.0919173 0.0711751 0.0878558 0.0951529 0.0332990 0.0286967 0.0898886 0.0536283 0.0164892 0.0734096 0.0384086 0.0335157 0.0309696 0.0464619 0.0287345 0.0490437 0.0710629 0.0311293 0.0253880 0.0286467 0.0411356 0.0511292 0.0358815 0.0285676 0.0262655 0.0436143 0.0290600 0.0539194 0.0318355 0.0457074 0.0310382 0.0311843 0.0459794 0.0453496 0.0386380 0.0264338 0.0285938 0.0592903 0.0368279 0.0985204 0.0805512 0.0024953 0.0165657 0.0333742 0.0916922 0.0286770 0.0289497 0.0286467 0.0176436 0.1042281 0.0482870 0.0260606 0.0287972 0.0620812 0.0334955 
Perityle_coahuilensis_24                   0.0460879 0.0387992 0.0714512 0.1797961 0.1405451 0.0380176 0.2493229 0.1106796 0.1552551 0.0600473 0.1768091 0.0246946 0.0128807 0.0106962 0.0158924 0.0465568 0.0305898 0.1850036 0.0665205 0.0233990 0.0192992 0.0134541 0.0333742 0.0000000 0.0164391 0.0136938 0.0455968 0.1829373 0.0576646 0.1290063 0.0854120 0.1722732 0.1768500 0.0583164 0.0248067 0.2230369 0.0668353 0.0275102 0.0791006 0.0509122 0.0019887 0.0073565 0.0567066 0.0109994 0.0574611 0.0950439 0.0272540 0.0237039 0.0112120 0.0139136 0.0598496 0.0162360 0.0116620 0.0122956 0.0358593 0.0270249 0.0612980 0.0626148 0.0391921 0.0161859 0.0136816 0.0677190 0.0581905 0.0507245 0.0314270 0.0288567 0.0635596 0.0285643 0.1696028 0.1483770 0.0124521 0.0205081 0.0000010 0.1624166 0.0816783 0.0130917 0.0096393 0.0070290 0.1607262 0.0588303 0.0538427 0.0313040 0.0586845 0.0167393 
Perityle_cochisensis_44_cave_creek         0.0461952 0.0340869 0.0681222 0.1750652 0.1283390 0.0325363 0.2330719 0.0958594 0.1540000 0.0583234 0.1340306 0.0226762 0.0140578 0.0147795 0.0101162 0.0470388 0.0144205 0.1476838 0.0629492 0.0204969 0.0181965 0.0175983 0.0285367 0.0164391 0.0000000 0.0160262 0.0383029 0.1605888 0.0619002 0.1235406 0.0814657 0.1627778 0.1355087 0.0549428 0.0199961 0.1813613 0.0673696 0.0245622 0.0775479 0.0477656 0.0156470 0.0129822 0.0538468 0.0120332 0.0524683 0.0779805 0.0265689 0.0178123 0.0139428 0.0175983 0.0557455 0.0150350 0.0130166 0.0105505 0.0349029 0.0257171 0.0596885 0.0530363 0.0310980 0.0173010 0.0156404 0.0519349 0.0546757 0.0465221 0.0249996 0.0236089 0.0628413 0.0285673 0.1446356 0.1174832 0.0124564 0.0195825 0.0173026 0.1400451 0.0731349 0.0143057 0.0143431 0.0070277 0.1493011 0.0556069 0.0409811 0.0294962 0.0491711 0.0181848 
Perityle_congesta_202                      0.0450837 0.0365113 0.0698052 0.1736101 0.1308903 0.0325363 0.2445591 0.1007973 0.1536572 0.0634232 0.1732957 0.0293238 0.0034791 0.0110365 0.0148602 0.0479804 0.0174143 0.1741889 0.0615256 0.0228514 0.0219262 0.0079020 0.0285676 0.0136938 0.0160262 0.0000000 0.0459181 0.1951831 0.0615736 0.1272893 0.0858198 0.1662405 0.1783054 0.0545024 0.0246885 0.2295196 0.0679071 0.0262177 0.0789755 0.0483287 0.0127328 0.0092637 0.0570795 0.0050670 0.0494933 0.0810371 0.0272255 0.0192987 0.0071537 0.0079020 0.0569995 0.0198258 0.0063351 0.0117779 0.0388044 0.0259409 0.0566843 0.0549485 0.0327272 0.0114586 0.0087327 0.0571986 0.0567423 0.0457402 0.0250290 0.0265554 0.0631835 0.0303623 0.1663906 0.1465757 0.0099546 0.0245569 0.0137346 0.1575825 0.0861345 0.0056776 0.0080416 0.0023361 0.1488192 0.0586961 0.0611946 0.0304176 0.0534568 0.0118585 
Perityle_cordifolia_27                     0.0558944 0.0410146 0.0721269 0.1808413 0.1431572 0.0492523 0.2551889 0.1189042 0.1506112 0.0631316 0.1854977 0.0421343 0.0435792 0.0387449 0.0252840 0.0375356 0.0276224 0.1960509 0.0712004 0.0358695 0.0353682 0.0429778 0.0457017 0.0455968 0.0383029 0.0459181 0.0000000 0.2310867 0.0634387 0.1326129 0.0854786 0.1778631 0.1994977 0.0576792 0.0390871 0.2582979 0.0683329 0.0382001 0.0831613 0.0405330 0.0432641 0.0380924 0.0588143 0.0362495 0.0556268 0.0801228 0.0440279 0.0194525 0.0450354 0.0479989 0.0561654 0.0524182 0.0445766 0.0343634 0.0210602 0.0389051 0.0664187 0.0617702 0.0219927 0.0429638 0.0474346 0.0626327 0.0651213 0.0548612 0.0105826 0.0417919 0.0665956 0.0025127 0.1707646 0.1627079 0.0302508 0.0413995 0.0436809 0.1705921 0.1062807 0.0457923 0.0371155 0.0293277 0.1632696 0.0648227 0.0809922 0.0433132 0.0596547 0.0453291 
Perityle_cordifolia_68_tecolote            0.1645131 0.0682258 0.1896724 0.2073352 0.2179858 0.0380176 0.2970924 0.1376427 0.2129070 0.1767349 0.2534031 0.1666499 0.2033792 0.1864391 0.1063609 0.2149859 0.1437805 0.2304026 0.1422496 0.1560262 0.1747875 0.2425644 0.0373624 0.1829373 0.1605888 0.1951831 0.2310867 0.0000000 0.2083819 0.1661602 0.1244556 0.2691404 0.2707177 0.1858892 0.1665269 0.3565129 0.1767014 0.1640673 0.2861038 0.1868609 0.2398172 0.1763088 0.1784342 0.1199361 0.1167888 0.2641549 0.1942763 0.0999139 0.1888803 0.1928532 0.1493624 0.2087948 0.2364422 0.1595147 0.1999502 0.1780024 0.2093302 0.0105774 0.0614183 0.1774062 0.2372984 0.2003595 0.1537376 0.2029064 0.0621396 0.2387906 0.2908750 0.1529477 0.2275798 0.2221457 0.0312837 0.2282662 0.2374139 0.2356866 0.1590329 0.2430514 0.1426077 0.0609527 0.2325464 0.2157082 0.2539572 0.1624584 0.0981712 0.2049412 
Perityle_coronopifolia_28_patagonia        0.0617031 0.0490222 0.0797821 0.1698305 0.1450524 0.0437114 0.2437389 0.1133972 0.1436822 0.0678653 0.1754158 0.0608674 0.0564017 0.0602462 0.0479691 0.0675515 0.0504860 0.1906678 0.0720265 0.0568901 0.0543614 0.0620739 0.0593661 0.0576646 0.0619002 0.0615736 0.0634387 0.2083819 0.0000000 0.1231105 0.0939010 0.1802766 0.1864612 0.0609743 0.0576944 0.2385099 0.0791956 0.0628044 0.0829628 0.0732913 0.0585880 0.0558996 0.0691697 0.0511789 0.0626648 0.0816921 0.0639568 0.0335614 0.0585384 0.0616441 0.0675650 0.0724708 0.0592502 0.0572262 0.0586027 0.0616474 0.0264371 0.0634164 0.0562005 0.0598159 0.0601599 0.0218393 0.0762922 0.0664983 0.0467167 0.0615963 0.0074653 0.0482525 0.1703937 0.1624425 0.0406262 0.0591443 0.0601299 0.1633035 0.1245869 0.0643046 0.0591560 0.0381431 0.1704389 0.0745013 0.1031657 0.0675202 0.0257002 0.0621630 
Perityle_crassifolia_70_ventanas           0.1017229 0.0828652 0.1332406 0.1850880 0.0648170 0.0107050 0.1420322 0.1129614 0.2046797 0.0566534 0.0722478 0.1253009 0.1307402 0.1329453 0.0881673 0.1314370 0.1193619 0.0690052 0.1191946 0.1272855 0.1183424 0.1301865 0.0919173 0.1290063 0.1235406 0.1272893 0.1326129 0.1661602 0.1231105 0.0000000 0.0285631 0.0427687 0.0746202 0.0510821 0.1253491 0.0320223 0.1233308 0.1273304 0.1479996 0.1327612 0.1278076 0.1286145 0.1119005 0.1277370 0.1188805 0.1441397 0.1273398 0.0960241 0.1274262 0.1301865 0.1154715 0.1349632 0.1243660 0.1210458 0.1287864 0.1222494 0.1248909 0.0875634 0.1352434 0.1293725 0.1298512 0.1174895 0.1020068 0.1365592 0.0758731 0.1249936 0.1274433 0.1189421 0.0883541 0.0674078 0.0766737 0.1257478 0.1308557 0.0335603 0.1273626 0.1246834 0.1268051 0.0731272 0.0732742 0.1187196 0.1290049 0.1321281 0.1078963 0.1314661 
Perityle_crassifolia_74_playa_balandra     0.0679626 0.0664869 0.0935530 0.1651366 0.0422113 0.0107050 0.1330550 0.1242861 0.1272300 0.0209502 0.0508809 0.0765748 0.0854515 0.0903926 0.0721003 0.0856872 0.0753041 0.0544380 0.0777577 0.0834078 0.0833459 0.0937941 0.0711751 0.0854120 0.0814657 0.0858198 0.0854786 0.1244556 0.0939010 0.0285631 0.0000000 0.0363042 0.0519513 0.0322581 0.0814238 0.0291475 0.0809472 0.0810981 0.0971654 0.0855697 0.0838340 0.0831091 0.0719426 0.0860706 0.0751121 0.0950335 0.0833365 0.0519117 0.0858198 0.0937941 0.0740060 0.0904472 0.0858198 0.0788944 0.0862444 0.0821284 0.0857057 0.0771936 0.0872280 0.0906519 0.0888818 0.0783323 0.0726291 0.0838411 0.0749485 0.0812934 0.0988552 0.0754971 0.0746701 0.0410237 0.0627524 0.0797114 0.0854120 0.0311082 0.0858786 0.0870641 0.0857957 0.0811187 0.0618570 0.0782466 0.0880863 0.0941835 0.0878299 0.0907716 
Perityle_cuneata_34_cuneata_San_antonio    0.1434999 0.0670810 0.1720038 0.1607031 0.0934784 0.0107977 0.1582735 0.0958660 0.1993020 0.1248398 0.1142035 0.1641043 0.1751637 0.1709867 0.0886942 0.1746466 0.1409418 0.1063039 0.1226108 0.1363780 0.1599900 0.1662619 0.0878558 0.1722732 0.1627778 0.1662405 0.1778631 0.2691404 0.1802766 0.0427687 0.0363042 0.0000000 0.1023038 0.1168677 0.1637341 0.1708621 0.1677582 0.1538693 0.1904277 0.1760676 0.1727519 0.1694425 0.1577474 0.1155032 0.1227581 0.1862480 0.1730026 0.0523695 0.1718990 0.1662619 0.1438746 0.1720775 0.1720962 0.1612174 0.1730028 0.1673413 0.1750628 0.0876166 0.0867319 0.1726926 0.1759622 0.1674350 0.1331126 0.1752717 0.0804164 0.1676401 0.1840234 0.1618240 0.1362810 0.1317460 0.0732009 0.1659926 0.1714302 0.1062913 0.1831879 0.1653599 0.1444187 0.0679424 0.1314114 0.1728992 0.1747196 0.1678799 0.0859146 0.1770255 
Perityle_cuneata_4                         0.1246242 0.0760760 0.1679993 0.1733340 0.0343433 0.0109330 0.2542884 0.1127955 0.1888870 0.1274393 0.0531724 0.1624081 0.1792441 0.1621339 0.1113806 0.1998236 0.1166487 0.0409222 0.1299503 0.1279081 0.1485477 0.1882638 0.0951529 0.1768500 0.1355087 0.1783054 0.1994977 0.2707177 0.1864612 0.0746202 0.0519513 0.1023038 0.0000000 0.1138100 0.1504318 0.1217766 0.1715623 0.1334418 0.2029958 0.1738673 0.1902826 0.1587842 0.1593457 0.1216419 0.1315870 0.2005820 0.1646605 0.0786413 0.1848785 0.1782603 0.1290898 0.1871374 0.1935285 0.1340313 0.1819695 0.1475611 0.1766047 0.0917162 0.0973099 0.1730031 0.1970157 0.1871272 0.1350614 0.1598457 0.0874803 0.1878669 0.2050726 0.1390553 0.1293244 0.0653144 0.0807654 0.1853896 0.1872267 0.0430058 0.1837560 0.1917423 0.1246249 0.0815955 0.0838569 0.1858120 0.2275391 0.1429194 0.0988653 0.1998569 
Perityle_discoidea_81                      0.0333429 0.0164616 0.0430962 0.1569794 0.1020711 0.0055337 0.1582640 0.0890674 0.1523049 0.0011354 0.1167418 0.0548677 0.0549101 0.0572538 0.0271036 0.0635200 0.0458069 0.1203062 0.0507577 0.0533893 0.0509673 0.0597543 0.0332990 0.0583164 0.0549428 0.0545024 0.0576792 0.1858892 0.0609743 0.0510821 0.0322581 0.1168677 0.1138100 0.0000000 0.0511456 0.1512048 0.0633028 0.0563841 0.0733335 0.0662914 0.0563249 0.0523119 0.0516869 0.0529310 0.0462013 0.0708747 0.0541181 0.0301541 0.0564533 0.0597543 0.0562395 0.0570584 0.0527491 0.0534824 0.0596403 0.0523107 0.0669367 0.0464583 0.0405490 0.0571689 0.0561639 0.0571907 0.0533514 0.0695907 0.0289722 0.0549996 0.0634490 0.0461908 0.1131883 0.0998227 0.0161078 0.0528052 0.0594754 0.1057178 0.1192774 0.0574180 0.0568357 0.0202215 0.1114454 0.0590332 0.0603324 0.0628607 0.0408979 0.0572076 
Perityle_dissecta_201                      0.0449389 0.0325555 0.0644267 0.1709553 0.1309431 0.0327641 0.2316126 0.1012985 0.1483846 0.0573492 0.1389344 0.0121184 0.0226614 0.0197859 0.0072010 0.0401246 0.0063722 0.1644946 0.0604771 0.0038399 0.0137020 0.0242320 0.0286967 0.0248067 0.0199961 0.0246885 0.0390871 0.1665269 0.0576944 0.1253491 0.0814238 0.1637341 0.1504318 0.0511456 0.0000000 0.1976564 0.0637079 0.0166041 0.0751807 0.0439306 0.0234672 0.0183737 0.0496453 0.0191904 0.0487327 0.0715513 0.0203178 0.0162335 0.0258109 0.0291002 0.0536454 0.0221902 0.0241883 0.0158860 0.0322818 0.0176409 0.0538330 0.0532312 0.0264218 0.0255259 0.0280513 0.0509189 0.0524121 0.0431902 0.0251259 0.0119632 0.0599626 0.0235024 0.1532194 0.1275259 0.0100077 0.0122932 0.0252963 0.1507104 0.0838231 0.0242351 0.0194888 0.0118352 0.1488614 0.0571959 0.0353487 0.0145529 0.0523042 0.0276017 
Perityle_emoryi_47_punta_san_jose          0.1684281 0.0866601 0.2158168 0.1899738 0.0855102 0.0054575 0.2735207 0.1336325 0.2299405 0.1635191 0.1436905 0.2076166 0.2398575 0.2064337 0.1152913 0.2541964 0.1511438 0.1187588 0.1536083 0.1577755 0.1965759 0.2540351 0.0898886 0.2230369 0.1813613 0.2295196 0.2582979 0.3565129 0.2385099 0.0320223 0.0291475 0.1708621 0.1217766 0.1512048 0.1976564 0.0000000 0.2107291 0.1679403 0.2735292 0.2163733 0.2613220 0.2058290 0.2001094 0.1375470 0.1533274 0.2653364 0.2083172 0.0750997 0.2355692 0.2305523 0.1571680 0.2373278 0.2644432 0.1736377 0.2304242 0.1895569 0.2326911 0.0925929 0.1099314 0.2164775 0.2689500 0.2405829 0.1442673 0.2159652 0.0896346 0.2612365 0.2775140 0.1724045 0.1450243 0.1481918 0.0721399 0.2624445 0.2527744 0.0577229 0.2122201 0.2606342 0.1533050 0.0789697 0.1238655 0.2553030 0.2907623 0.1757962 0.1039935 0.2650245 
Perityle_feddemae_99                       0.0458369 0.0403238 0.0799850 0.1692716 0.1445259 0.0493840 0.2301729 0.1159060 0.1472141 0.0709136 0.1715710 0.0688595 0.0618752 0.0640078 0.0443334 0.0743380 0.0553599 0.1904945 0.0597168 0.0588839 0.0632251 0.0698142 0.0536283 0.0668353 0.0673696 0.0679071 0.0683329 0.1767014 0.0791956 0.1233308 0.0809472 0.1677582 0.1715623 0.0633028 0.0637079 0.2107291 0.0000000 0.0580920 0.0839177 0.0758364 0.0646277 0.0648674 0.0156790 0.0574461 0.0080948 0.0830496 0.0688835 0.0403086 0.0647708 0.0698142 0.0174149 0.0703520 0.0653811 0.0599555 0.0638686 0.0624121 0.0767331 0.0588579 0.0557329 0.0669115 0.0663924 0.0742486 0.0698607 0.0718430 0.0490039 0.0663100 0.0780866 0.0581148 0.1632043 0.1532358 0.0383437 0.0586287 0.0673885 0.1658470 0.1306584 0.0702097 0.0668816 0.0385586 0.1690203 0.0668956 0.0805396 0.0702279 0.0652732 0.0686903 
Perityle_fosteri_93                        0.0474494 0.0357392 0.0595157 0.1767518 0.1163568 0.0437581 0.2197612 0.0966324 0.1497519 0.0519214 0.1266607 0.0176230 0.0241155 0.0265565 0.0057547 0.0397742 0.0029581 0.1346686 0.0642650 0.0188412 0.0195220 0.0288777 0.0164892 0.0275102 0.0245622 0.0262177 0.0382001 0.1640673 0.0628044 0.1273304 0.0810981 0.1538693 0.1334418 0.0563841 0.0166041 0.1679403 0.0580920 0.0000000 0.0805609 0.0471349 0.0267028 0.0235205 0.0491983 0.0251565 0.0525119 0.0795870 0.0237466 0.0162694 0.0247149 0.0288777 0.0549590 0.0254890 0.0226963 0.0195654 0.0332791 0.0201528 0.0641330 0.0587250 0.0359662 0.0265443 0.0256234 0.0538138 0.0523815 0.0480357 0.0271985 0.0186411 0.0626556 0.0241239 0.1402515 0.1034286 0.0024705 0.0009916 0.0284895 0.1334090 0.0700432 0.0259529 0.0258276 0.0141899 0.1547196 0.0513805 0.0404637 0.0266834 0.0605416 0.0265593 
Perityle_gamon_221                         0.0687948 0.0611968 0.0888596 0.1738446 0.1526491 0.0549135 0.2516594 0.1105250 0.1692358 0.0749636 0.2150380 0.0803730 0.0792380 0.0816404 0.0654512 0.0859837 0.0678088 0.2037123 0.0655109 0.0703153 0.0765479 0.0811582 0.0734096 0.0791006 0.0775479 0.0789755 0.0831613 0.2861038 0.0829628 0.1479996 0.0971654 0.1904277 0.2029958 0.0733335 0.0751807 0.2735292 0.0839177 0.0805609 0.0000000 0.0884382 0.0755392 0.0736710 0.0737313 0.0786853 0.0640431 0.0092223 0.0804595 0.0536945 0.0840836 0.0848978 0.0696052 0.0910693 0.0785762 0.0725679 0.0797527 0.0841424 0.0894688 0.0779481 0.0720814 0.0852118 0.0835333 0.0721454 0.0854213 0.0873761 0.0665467 0.0784510 0.0799581 0.0702484 0.1781559 0.1704223 0.0511001 0.0794460 0.0772501 0.1828877 0.1482992 0.0822857 0.0796138 0.0634988 0.1695595 0.0801905 0.1264601 0.0830394 0.0897692 0.0890042 
Perityle_gentryi_8_san_francisco           0.0546991 0.0438887 0.0748671 0.1777182 0.1489303 0.0437114 0.2302071 0.1101946 0.1601055 0.0628389 0.1684076 0.0460651 0.0479169 0.0489743 0.0250511 0.0182046 0.0371676 0.1773439 0.0706977 0.0467386 0.0448322 0.0508649 0.0384086 0.0509122 0.0477656 0.0483287 0.0405330 0.1868609 0.0732913 0.1327612 0.0855697 0.1760676 0.1738673 0.0662914 0.0439306 0.2163733 0.0758364 0.0471349 0.0884382 0.0000000 0.0492612 0.0468760 0.0661069 0.0401883 0.0589907 0.0907522 0.0484083 0.0238771 0.0472633 0.0508649 0.0684718 0.0488467 0.0451443 0.0438544 0.0337669 0.0483970 0.0745573 0.0664955 0.0264483 0.0488677 0.0480062 0.0639723 0.0647675 0.0635007 0.0187554 0.0471807 0.0752946 0.0257681 0.1684407 0.1454705 0.0226414 0.0429857 0.0517005 0.1723554 0.1042879 0.0500396 0.0476240 0.0286961 0.1628181 0.0659653 0.0541061 0.0539192 0.0655283 0.0488954 
Perityle_gilensis_22_Superstition          0.0428521 0.0406809 0.0692164 0.1789678 0.1392569 0.0380176 0.2470633 0.1119101 0.1556042 0.0586316 0.1939464 0.0233604 0.0112183 0.0089694 0.0174810 0.0435843 0.0300114 0.1887148 0.0646258 0.0225858 0.0169694 0.0115127 0.0335157 0.0019887 0.0156470 0.0127328 0.0432641 0.2398172 0.0585880 0.1278076 0.0838340 0.1727519 0.1902826 0.0563249 0.0234672 0.2613220 0.0646277 0.0267028 0.0755392 0.0492612 0.0000000 0.0057546 0.0553418 0.0100549 0.0566128 0.0873697 0.0257714 0.0209061 0.0096728 0.0122575 0.0581395 0.0169522 0.0081546 0.0114846 0.0356825 0.0253213 0.0575284 0.0593062 0.0379018 0.0147183 0.0118729 0.0677204 0.0566738 0.0477738 0.0296451 0.0251028 0.0601508 0.0262046 0.1667413 0.1489040 0.0125072 0.0188809 0.0017915 0.1591597 0.0791038 0.0120495 0.0097038 0.0071018 0.1606074 0.0570210 0.0631185 0.0305710 0.0575063 0.0144743 
Perityle_gilensis_salensis_225             0.0460648 0.0372303 0.0654058 0.1742755 0.1356112 0.0325363 0.2452792 0.1007973 0.1556792 0.0551803 0.1558642 0.0224123 0.0088417 0.0062205 0.0129662 0.0429633 0.0126022 0.1777885 0.0627753 0.0194539 0.0165651 0.0108267 0.0309696 0.0073565 0.0129822 0.0092637 0.0380924 0.1763088 0.0558996 0.1286145 0.0831091 0.1694425 0.1587842 0.0523119 0.0183737 0.2058290 0.0648674 0.0235205 0.0736710 0.0468760 0.0057546 0.0000000 0.0520033 0.0059755 0.0524158 0.0733688 0.0217671 0.0162258 0.0082579 0.0108267 0.0556446 0.0091823 0.0065755 0.0087618 0.0323989 0.0213785 0.0569871 0.0531166 0.0343161 0.0123097 0.0098889 0.0501541 0.0541900 0.0442122 0.0229435 0.0207679 0.0592362 0.0245622 0.1548560 0.1300603 0.0099546 0.0169303 0.0075133 0.1581649 0.0802807 0.0101370 0.0071282 0.0000010 0.1554958 0.0494154 0.0420914 0.0275544 0.0538197 0.0123130 
Perityle_glaucescens_94                    0.0368979 0.0295374 0.0697671 0.1549240 0.1302838 0.0493840 0.2263233 0.1168874 0.1409698 0.0590006 0.1588177 0.0556685 0.0580825 0.0549448 0.0352949 0.0625899 0.0422115 0.1763926 0.0530002 0.0499364 0.0496863 0.0597135 0.0464619 0.0567066 0.0538468 0.0570795 0.0588143 0.1784342 0.0691697 0.1119005 0.0719426 0.1577474 0.1593457 0.0516869 0.0496453 0.2001094 0.0156790 0.0491983 0.0737313 0.0661069 0.0553418 0.0520033 0.0000000 0.0526884 0.0000010 0.0721768 0.0554529 0.0312155 0.0572304 0.0603120 0.0009685 0.0621745 0.0570101 0.0480419 0.0548280 0.0521425 0.0688153 0.0518223 0.0481015 0.0603934 0.0597344 0.0649711 0.0559261 0.0624362 0.0428794 0.0570297 0.0703401 0.0454411 0.1601999 0.1412772 0.0307780 0.0487296 0.0570343 0.1549314 0.1227702 0.0600684 0.0548898 0.0339843 0.1578694 0.0546913 0.0745075 0.0578927 0.0593863 0.0628225 
Perityle_gracilis_11                       0.0446181 0.0391915 0.0603001 0.1742791 0.1061404 0.0325363 0.2177995 0.1055895 0.1458351 0.0514024 0.1139473 0.0202507 0.0040807 0.0100522 0.0160730 0.0346955 0.0133401 0.1206009 0.0623761 0.0215226 0.0181206 0.0080054 0.0287345 0.0109994 0.0120332 0.0050670 0.0362495 0.1199361 0.0511789 0.1277370 0.0860706 0.1155032 0.1216419 0.0529310 0.0191904 0.1375470 0.0574461 0.0251565 0.0786853 0.0401883 0.0100549 0.0059755 0.0526884 0.0000000 0.0525703 0.0776694 0.0234950 0.0194416 0.0000010 0.0080054 0.0558906 0.0089803 0.0030019 0.0110282 0.0332617 0.0197775 0.0500999 0.0536201 0.0330321 0.0019871 0.0009960 0.0477113 0.0609186 0.0431035 0.0252903 0.0212920 0.0533364 0.0248604 0.1402689 0.0981533 0.0100153 0.0207240 0.0109887 0.1240584 0.0206917 0.0060220 0.0049845 0.0000010 0.1600344 0.0497824 0.0451042 0.0296493 0.0559383 0.0019883 
Perityle_harkerae_31                       0.0331244 0.0318689 0.0611597 0.1504904 0.1157604 0.0499677 0.1602553 0.1135343 0.1410885 0.0442957 0.1317424 0.0513511 0.0510705 0.0563016 0.0364023 0.0537866 0.0421755 0.1329109 0.0493141 0.0511324 0.0498522 0.0565099 0.0490437 0.0574611 0.0524683 0.0494933 0.0556268 0.1167888 0.0626648 0.1188805 0.0751121 0.1227581 0.1315870 0.0462013 0.0487327 0.1533274 0.0080948 0.0525119 0.0640431 0.0589907 0.0566128 0.0524158 0.0000010 0.0525703 0.0000000 0.0654072 0.0569362 0.0320383 0.0515118 0.0565099 0.0000010 0.0548517 0.0502881 0.0486955 0.0523467 0.0497664 0.0623095 0.0538433 0.0464963 0.0549654 0.0539064 0.0577911 0.0602173 0.0576510 0.0407234 0.0527110 0.0625510 0.0421939 0.1343263 0.1160515 0.0334404 0.0480582 0.0586761 0.1412681 0.0738978 0.0542384 0.0536816 0.0339437 0.1618548 0.0501926 0.0549106 0.0630936 0.0612196 0.0550044 
