78
Amauria_brandeegeana_62                    0.0000000 0.8376108 0.2425720 0.2268524 0.2857031 0.7358686 0.3907446 0.6041297 0.1915494 0.4061058 0.4120001 0.2974867 0.4189697 0.4053014 0.3737129 0.7842444 0.3852130 0.9060682 0.2892880 0.3515959 0.2956571 0.2966105 0.3350012 0.2924178 0.2718103 0.2488635 0.8840894 0.2816958 0.2847425 0.2809734 0.2778994 0.0534453 0.4235267 0.2771636 0.3104068 0.8179668 0.3912600 0.2905628 0.3841422 0.8305148 0.5086513 0.8965086 0.2662925 0.2944985 0.2828234 0.2822497 0.4361525 0.8500313 0.2727229 0.3499763 0.8761922 0.4517852 0.8209781 0.7641564 0.3941429 0.2899241 0.4165234 0.7639492 0.2618179 0.1836458 0.3358720 0.2596833 0.2973759 0.3242721 0.3640408 0.2946413 0.3689994 0.2965977 0.2994209 0.7749961 0.8081336 0.3013485 0.3229847 0.3464317 0.2766656 0.2808566 0.2875881 0.2974563 
Amauria_carterae_99_mesa                   0.8376108 0.0000000 0.7688861 0.8087768 9.0000000 0.1182740 0.0000010 0.1905922 0.7529311 0.8752831 0.7905137 0.6243901 0.8721058 0.8180587 0.0902452 0.1110974 0.7445247 0.1204079 0.6659380 0.5607455 0.6886908 0.7098772 0.8158418 0.7080395 0.7520626 0.7728695 0.0902839 0.7890886 0.7441843 0.8149915 0.7192374 0.8007965 0.1107269 0.6552605 0.7396449 0.0993832 0.8327219 0.6943165 0.8277341 0.0824754 0.0835836 0.1265765 0.7461900 0.5617621 0.6940263 0.7359303 0.0890996 0.0975741 0.6327310 0.7408348 0.0871840 0.0759385 0.0766982 0.0656383 0.8467853 0.6826518 9.0000000 0.0436273 0.7949152 9.0000000 0.7259487 0.7208783 0.7261120 0.1125402 0.0697712 0.7065433 0.7810036 0.6849773 0.6418388 0.0835462 0.0781770 0.7016751 0.7991542 0.7427624 0.6383450 0.0790683 0.7727127 0.7969771 
Conoclinium_coelestinum_SRR9119114         0.2425720 0.7688861 0.0000000 0.2115491 0.1943218 0.6739165 0.2258412 0.5993340 0.1810175 0.2788431 0.2303331 0.1727387 0.2634447 0.2592652 0.2973987 0.7271699 0.3858082 0.9041571 0.1672745 0.3965270 0.1726815 0.1750143 0.2118590 0.1904267 0.2006786 0.2069129 0.8412988 0.1922193 0.1919573 0.3040403 0.1773862 0.2786881 0.3247605 0.1551576 0.2241853 0.7946051 0.2367613 0.1508991 0.2030745 0.7659158 0.3331012 0.6979485 0.1927078 0.2843515 0.1660829 0.1737360 0.3005200 0.7713863 0.1589456 0.3469614 0.7509494 0.3254059 0.7812619 0.7458832 0.2476750 0.1704576 0.1765012 0.7873569 0.2190298 0.1691607 0.2052178 0.1872950 0.2075104 0.3913222 0.2660592 0.1671529 0.2680332 0.1843638 0.1657480 0.7115705 0.8630366 0.2147896 0.2081561 0.2606998 0.1633064 0.3608454 0.1767273 0.1684286 
Eutetras_palmeri_63                        0.2268524 0.8087768 0.2115491 0.0000000 0.0156980 0.6374715 0.1838551 0.5877139 0.2160644 0.0675282 0.0544208 0.2261179 0.0658642 0.0757884 0.3424772 0.7530561 0.3892601 0.8921941 0.2370250 0.4161639 0.2553823 0.2432244 0.2307363 0.2256141 0.2286180 0.2059692 0.8077599 0.2184460 0.2235150 0.3010042 0.2236741 0.2392350 0.3675315 0.2201169 0.2506213 0.8714871 0.0410891 0.2277793 0.2782216 0.7857583 0.2834045 0.8031882 0.2226030 0.2621848 0.2309398 0.2031656 0.3527602 0.8152193 0.2190911 0.3603384 0.8259070 0.3806781 0.8213526 0.7812330 0.0495264 0.2337337 0.2779306 0.7775381 0.2250807 0.0320727 0.2340361 0.2158779 0.2189351 0.3256354 0.3009256 0.2359630 0.2533567 0.2492342 0.2167464 0.7134741 0.8608830 0.2458707 0.2469144 0.2508918 0.2279874 0.3414544 0.2187586 0.2046720 
Eutetras_pringlei_149_quer                 0.2857031 9.0000000 0.1943218 0.0156980 0.0000000 0.9059729 0.1291824 0.3875199 0.2110631 0.0721414 0.0563781 0.2395761 0.0637107 0.0639747 0.2990283 0.9683851 0.2345940 1.0493013 0.2721486 0.0936181 0.2715599 0.2669553 0.2251840 0.2053161 0.2551113 0.1625975 9.0000000 0.2410310 0.2729227 0.2209511 0.2254381 0.2739509 0.3008124 0.2404266 0.2502468 1.0227395 0.0418256 0.2450524 0.2853175 9.0000000 0.2098499 1.4744112 0.1625431 0.1578277 0.2646360 0.2201056 0.2779451 9.0000000 0.2318172 0.2218764 9.0000000 0.3062364 9.0000000 9.0000000 0.0466919 0.2814368 0.7722109 9.0000000 0.2275185 0.0337858 0.2317958 0.2289982 0.2311714 0.0384492 0.2338213 0.2679351 0.2624050 0.2602456 0.1861970 0.3986603 9.0000000 0.2754476 0.2415179 0.2224637 0.2167165 0.1684685 0.2261237 0.2436204 
Eutrochium_fistulosum_SRR9119106           0.7358686 0.1182740 0.6739165 0.6374715 0.9059729 0.0000000 0.9231497 0.2829059 0.4929250 0.6139089 0.7256548 0.6259661 0.8010962 0.5902165 0.2990030 0.1248376 0.6173719 0.2409735 0.5959735 0.6622576 0.5303659 0.6341158 0.5680791 0.5149977 0.6898964 0.7780947 0.1825121 0.5356610 0.5416176 0.7650750 0.5680015 0.5699352 0.2890888 0.5679040 0.6682244 0.2084894 0.6834905 0.6357092 0.6380049 0.1711728 0.2855169 0.3561010 0.6358024 0.8269984 0.5169931 0.6148723 0.2705499 0.1817735 0.5831905 0.5653694 0.2076908 0.3073270 0.1343981 0.1513463 0.6517606 0.5194427 0.3134077 0.1228524 0.6310191 1.0152980 0.5268043 0.6126850 0.6984081 0.2875072 0.2934214 0.4987848 0.8517853 0.5126537 0.7218338 0.3789991 0.1059860 0.6478420 0.3875746 0.7506354 0.6195290 0.2431131 0.5392123 0.5213036 
Galeana_pratensis_104_mex                  0.3907446 0.0000010 0.2258412 0.1838551 0.1291824 0.9231497 0.0000000 0.7623654 0.2515730 0.2871610 0.2662541 0.2304999 0.2460376 0.2662765 0.2676131 0.8279100 0.3090084 0.6960959 0.2657819 0.1664441 0.2884168 0.2657150 0.2869724 0.3002276 0.3018699 0.2785368 0.0000010 0.2745237 0.3172110 0.2770202 0.2889864 0.3967503 0.3010039 0.2739289 0.3042298 0.6525146 0.2568524 0.2726060 0.2951532 0.0000010 0.2832591 1.1713192 0.2789203 0.2833121 0.2581946 0.2364438 0.2955020 0.0000010 0.2395566 0.3189765 0.0000010 0.3224595 0.0000010 0.0000010 0.2672528 0.2659063 0.5702614 0.0000010 0.3043249 0.1666678 0.2802830 0.2723846 0.3064949 0.0979095 0.2877221 0.2795752 0.3055575 0.2490799 0.2333941 0.5452564 9.0000000 0.3281383 0.2922065 0.2694202 0.2566685 0.2073345 0.2587893 0.2785561 
Helianthus_annuus_SRR9119062               0.6041297 0.1905922 0.5993340 0.5877139 0.3875199 0.2829059 0.7623654 0.0000000 0.5829861 0.6936941 0.6491349 0.5267279 0.8450699 0.7438279 0.2819563 0.2298478 0.8037550 0.2748101 0.4618097 0.6476584 0.5926113 0.5782035 0.6224899 0.6092215 0.6333487 0.8048219 0.2314407 0.6202063 0.6171675 0.8528305 0.5896807 0.5952654 0.2862664 0.4551118 0.6135684 0.2656908 0.6782433 0.5783888 0.4507903 0.2802955 0.2181335 0.3873578 0.5992600 0.7225289 0.5924273 0.5859706 0.2651747 0.3150772 0.4897922 0.6925704 0.2852640 0.3050970 0.1964027 0.2107481 0.6892181 0.5792178 0.2351181 0.1950537 0.5569587 0.3712222 0.5571881 0.4529657 0.6392923 0.2111946 0.2749145 0.5738607 0.8560652 0.5863340 0.7100854 0.3795955 0.1556899 0.4917577 0.4853271 0.8489515 0.6131877 0.1686174 0.6136979 0.5638028 
Lycapsus_tenuifolius_17                    0.1915494 0.7529311 0.1810175 0.2160644 0.2110631 0.4929250 0.2515730 0.5829861 0.0000000 0.2758936 0.2507924 0.0964555 0.2808835 0.2392574 0.1770966 0.6997964 0.1897984 0.7891063 0.1015292 0.3359806 0.1066820 0.1157667 0.1318843 0.1243320 0.1476239 0.1182350 0.7934646 0.0975105 0.1125745 0.0863677 0.1110042 0.2000836 0.2006626 0.0885791 0.1448264 0.7486915 0.2562665 0.1030529 0.1373198 0.7035154 0.3070293 0.6350848 0.1192587 0.1791107 0.0980049 0.1049722 0.1991036 0.6985181 0.0842465 0.1494631 0.4828707 0.2076730 0.6966012 0.6895295 0.2607533 0.1070352 0.1133257 0.7019662 0.1388996 0.1168347 0.1344564 0.1017079 0.1718347 0.2828705 0.1688247 0.1016184 0.2458961 0.1071712 0.0983085 0.6354723 0.7275864 0.1459234 0.1304068 0.1985029 0.0994210 0.2590501 0.1073383 0.0967971 
Perityle_aglossa_84_dead_horse             0.4061058 0.8752831 0.2788431 0.0675282 0.0721414 0.6139089 0.2871610 0.6936941 0.2758936 0.0000000 0.0399761 0.2801182 0.0764342 0.0718823 0.4188976 0.8620400 0.3465760 0.9615039 0.2913250 0.4686740 0.2648355 0.3162379 0.2782797 0.2744715 0.3436247 0.2692818 0.8811560 0.2749550 0.2939027 0.4163937 0.2877879 0.3989238 0.4408877 0.2713927 0.3365395 0.8988322 0.0313663 0.2965387 0.3449202 0.8412256 0.3041887 0.8591928 0.3016663 0.3018561 0.2825927 0.2717660 0.4219997 0.8219561 0.2832552 0.3056930 0.4535059 0.4447790 0.8798847 0.8404721 0.0449438 0.2836810 0.3410348 0.8386558 0.2996038 0.0455513 0.2516510 0.2621367 0.3726390 0.3263107 0.3894112 0.2718599 0.3427649 0.2579598 0.3035495 0.7977514 0.8936317 0.3185466 0.4071082 0.4441411 0.3092020 0.4044810 0.2646112 0.2424807 
Perityle_ajoensis_204                      0.4120001 0.7905137 0.2303331 0.0544208 0.0563781 0.7256548 0.2662541 0.6491349 0.2507924 0.0399761 0.0000000 0.2575739 0.0484164 0.0300147 0.3934245 0.7903747 0.3003399 0.8688704 0.2781833 0.3792686 0.2681090 0.2743921 0.2798061 0.2810243 0.2657833 0.2559082 0.8375589 0.2501440 0.2804683 0.2541727 0.2656338 0.4273630 0.4064199 0.2661530 0.2723067 0.8949392 0.0156994 0.2562931 0.3399293 0.8157132 0.2905295 1.0173044 0.2645995 0.2725675 0.2637290 0.2378300 0.3932557 0.8395072 0.2414248 0.2742135 0.8581394 0.4165512 0.8336756 0.7969163 0.0273015 0.2723299 0.3888740 0.7907972 0.2591413 0.0276921 0.2841511 0.2634217 0.2747211 0.2999841 0.3579744 0.2640611 0.3019789 0.2666822 0.2478109 0.7605170 0.8565194 0.3088709 0.2836376 0.2817667 0.2678700 0.3497949 0.2493240 0.2567474 
Perityle_ambrosiifolia_67_green            0.2974867 0.6243901 0.1727387 0.2261179 0.2395761 0.6259661 0.2304999 0.5267279 0.0964555 0.2801182 0.2575739 0.0000000 0.2631631 0.2643984 0.1886884 0.6386142 0.1315669 0.6765217 0.0263564 0.2958024 0.0282282 0.0263173 0.0601643 0.1342770 0.1111525 0.1464512 0.6652932 0.1098598 0.1132080 0.1079509 0.0968322 0.2990504 0.2124631 0.0412620 0.1120171 0.6992507 0.2422622 0.0227671 0.1520122 0.6639518 0.3552385 0.7687164 0.1049451 0.1293839 0.0142960 0.0147841 0.2047231 0.7049548 0.0156171 0.1071646 0.6797368 0.2266408 0.6658739 0.6077726 0.2747615 0.0220826 0.1605618 0.6196912 0.1081741 0.1451087 0.1052428 0.0957245 0.1183099 0.3107603 0.2101091 0.0264535 0.2040654 0.0233548 0.0174832 0.6274631 0.6818834 0.1316675 0.1325141 0.1036770 0.0943642 0.2134431 0.0290600 0.0453736 
Perityle_batopilensis_97                   0.4189697 0.8721058 0.2634447 0.0658642 0.0637107 0.8010962 0.2460376 0.8450699 0.2808835 0.0764342 0.0484164 0.2631631 0.0000000 0.0550445 0.4286247 0.8459250 0.3431191 0.8957551 0.2882230 0.4573790 0.3174476 0.3186127 0.3103699 0.3056172 0.3187162 0.2508826 0.8847525 0.2838562 0.3074842 0.3565429 0.2948699 0.4384534 0.4564203 0.2654606 0.3285889 0.9198878 0.0428024 0.2945365 0.3431604 0.8596146 0.2832564 0.9919617 0.2862168 0.2708742 0.3117987 0.2830091 0.4364409 0.8838313 0.2825679 0.3171727 0.8758669 0.4472517 0.8766622 0.8372626 0.0551876 0.3193080 0.4100928 0.8122712 0.2821183 0.0424662 0.2894528 0.2709508 0.3278294 0.3377363 0.3848417 0.3077552 0.3050740 0.3172223 0.2946453 0.7473120 0.9252692 0.3031652 0.3417539 0.3538727 0.3003774 0.3995345 0.3005984 0.2659314 
Perityle_bisetosa_9                        0.4053014 0.8180587 0.2592652 0.0757884 0.0639747 0.5902165 0.2662765 0.7438279 0.2392574 0.0718823 0.0300147 0.2643984 0.0550445 0.0000000 0.3944613 0.7980402 0.3413379 0.9184738 0.2544212 0.4593902 0.2671782 0.2800090 0.2583145 0.2633093 0.3023435 0.2561167 0.8024915 0.2379050 0.2592905 0.3688693 0.2568627 0.4003845 0.4117764 0.2544932 0.3126893 0.8655819 0.0229863 0.2675605 0.3202851 0.7884001 0.2752958 0.8155682 0.2641537 0.3092745 0.2516737 0.2419426 0.3946123 0.8001105 0.2480113 0.3116415 0.5271574 0.4020730 0.7965889 0.7723691 0.0292742 0.2526845 0.2905790 0.7551938 0.2740031 0.0242091 0.2726924 0.2540660 0.3470564 0.2981333 0.3412399 0.2507903 0.3157385 0.2596148 0.2869550 0.7894584 0.8327783 0.3060953 0.3124743 0.4111475 0.2956208 0.3832847 0.2430326 0.2201910 
Perityle_californica_76_positas            0.3737129 0.0902452 0.2973987 0.3424772 0.2990283 0.2990030 0.2676131 0.2819563 0.1770966 0.4188976 0.3934245 0.1886884 0.4286247 0.3944613 0.0000000 0.1781803 0.3236924 0.3065593 0.1921406 0.3417479 0.2090486 0.2097813 0.2114644 0.2492790 0.2364386 0.2569381 0.1451948 0.2107378 0.2069729 0.2148053 0.2287378 0.3571823 0.1552833 0.1984064 0.2248015 0.2602514 0.3980696 0.2064595 0.1901684 0.1312315 0.2166592 0.4330225 0.2427966 0.2119101 0.1967437 0.2129452 0.1490952 0.1305359 0.1775297 0.2708305 0.1725467 0.1535376 0.1094108 0.1210840 0.3965965 0.2041251 0.1707500 0.1174964 0.2334070 0.1479833 0.2292434 0.1756605 0.2280932 0.1330201 0.1289384 0.2067641 0.3303121 0.2041836 0.2166201 0.3573374 0.0762475 0.2053302 0.2782805 0.2559814 0.2147400 0.0931663 0.2260266 0.1757559 
Perityle_canescens_77                      0.7842444 0.1110974 0.7271699 0.7530561 0.9683851 0.1248376 0.8279100 0.2298478 0.6997964 0.8620400 0.7903747 0.6386142 0.8459250 0.7980402 0.1781803 0.0000000 0.7188463 0.1003169 0.6621546 0.5985581 0.6878443 0.6794064 0.7619975 0.7178481 0.7588820 0.7411857 0.1121894 0.7151375 0.7042060 0.7796147 0.7214493 0.7242113 0.1636959 0.6484156 0.7214983 0.1238711 0.8053996 0.6996036 0.9079330 0.1273135 0.1705217 0.1366485 0.7320062 0.7031151 0.6778022 0.7107007 0.1556172 0.1303091 0.6598498 0.7153420 0.1367327 0.1665080 0.0909930 0.1093632 0.8263200 0.6746374 9.0000000 0.0857549 0.7309555 1.0153209 0.7097320 0.7038376 0.6717259 0.1741249 0.1644314 0.6960739 0.7625693 0.6858886 0.6499687 0.1704994 0.0794456 0.6948293 0.7415578 0.7194223 0.6251281 0.1162326 0.7321491 0.7514910 
Perityle_castillonii_96                    0.3852130 0.7445247 0.3858082 0.3892601 0.2345940 0.6173719 0.3090084 0.8037550 0.1897984 0.3465760 0.3003399 0.1315669 0.3431191 0.3413379 0.3236924 0.7188463 0.0000000 0.8091931 0.1865576 0.2735996 0.2279731 0.1723019 0.2210978 0.1337791 0.3061659 0.1025823 0.7501523 0.2265593 0.2406448 0.2471124 0.0874180 0.4216339 0.3140858 0.1195723 0.2216546 0.7454460 0.3280255 0.1379630 0.2326463 0.7549771 0.4601374 0.8215202 0.1672208 0.2020988 0.1558852 0.1664377 0.3115320 0.7670052 0.1830498 0.0496876 0.4992373 0.3318734 0.7556381 0.6884054 0.3537071 0.1765583 0.4687854 0.7043384 0.2780049 0.1854129 0.1147463 0.2191799 0.2452958 0.3564180 0.2566410 0.1808553 0.1738652 0.2177056 0.1052473 0.7484338 0.7745573 0.2425502 0.2608619 0.1591213 0.0452381 0.2920140 0.1587146 0.1591229 
Perityle_cernua_84                         0.9060682 0.1204079 0.9041571 0.8921941 1.0493013 0.2409735 0.6960959 0.2748101 0.7891063 0.9615039 0.8688704 0.6765217 0.8957551 0.9184738 0.3065593 0.1003169 0.8091931 0.0000000 0.7031126 0.5832545 0.7558167 0.7182632 0.7901288 0.7610473 0.8388927 0.6626632 0.1490551 0.7272272 0.7874233 0.8317537 0.7753285 0.8735026 0.2950327 0.6964162 0.7799372 0.1095755 0.9234757 0.7079976 0.7755554 0.1382527 0.3588449 0.3190701 0.7509937 0.8248605 0.7405257 0.7400653 0.2846256 0.1343873 0.6672457 0.8017944 0.1863835 0.3161980 0.0770307 0.0901817 0.9404826 0.7209171 1.1211938 0.0928001 0.8103783 0.8118047 0.7380217 0.8170314 0.7622515 0.1951809 0.2674433 0.7347484 0.7486581 0.7289816 0.6743286 0.2811983 0.0597813 0.8042420 0.8159282 0.7354329 0.6847129 0.1940825 0.7736709 0.7722159 
Perityle_cfvillosa_25_tin                  0.2892880 0.6659380 0.1672745 0.2370250 0.2721486 0.5959735 0.2657819 0.4618097 0.1015292 0.2913250 0.2781833 0.0263564 0.2882230 0.2544212 0.1921406 0.6621546 0.1865576 0.7031126 0.0000000 0.3184707 0.0327049 0.0073235 0.0672512 0.1354993 0.1181916 0.1620148 0.6946644 0.1236806 0.1182911 0.1554771 0.0988687 0.2855427 0.2111314 0.0456247 0.1324273 0.6928494 0.2562840 0.0296336 0.1511057 0.6938002 0.3353667 0.7226536 0.0999260 0.1660795 0.0094795 0.0038461 0.2065723 0.7340712 0.0202450 0.1562998 0.6892078 0.2133452 0.7017616 0.6431617 0.2795654 0.0036803 0.1435254 0.6466815 0.1128000 0.1476820 0.1271559 0.1153743 0.1326485 0.3311463 0.1893419 0.0313503 0.2183274 0.0055869 0.0059596 0.6891443 0.7280057 0.1524926 0.1328410 0.1142364 0.0927712 0.2239222 0.0238013 0.0523156 
Perityle_cinerea_113_Powell1310            0.3515959 0.5607455 0.3965270 0.4161639 0.0936181 0.6622576 0.1664441 0.6476584 0.3359806 0.4686740 0.3792686 0.2958024 0.4573790 0.4593902 0.3417479 0.5985581 0.2735996 0.5832545 0.3184707 0.0000000 0.3402559 0.3211115 0.2797377 0.3010154 0.3333970 0.2891904 0.6439329 0.3532416 0.3624964 0.3582065 0.2686126 0.3562762 0.3375419 0.2494660 0.3445567 0.6032409 0.4342357 0.3192829 0.2428213 0.5900210 0.3925750 0.8441940 0.2686035 0.2031293 0.3238371 0.3017537 0.3170232 0.5916309 0.3019584 0.2833491 0.5446877 0.3533029 0.5607995 0.5247762 0.4495407 0.3281795 0.9897350 0.5273699 0.3272377 0.1233380 0.2459899 0.2995321 0.3144116 0.2987887 0.2758678 0.3334375 0.2999013 0.3241847 0.3161170 0.4895903 0.5753601 0.3102507 0.3790773 0.3011474 0.2450009 0.3669046 0.3208864 0.2690966 
Perityle_coahuilensis_24                   0.2956571 0.6886908 0.1726815 0.2553823 0.2715599 0.5303659 0.2884168 0.5926113 0.1066820 0.2648355 0.2681090 0.0282282 0.3174476 0.2671782 0.2090486 0.6878443 0.2279731 0.7558167 0.0327049 0.3402559 0.0000000 0.0346287 0.0682806 0.1196000 0.1399229 0.1695413 0.7006611 0.1275353 0.1183899 0.2128816 0.0887041 0.3009986 0.2272278 0.0479167 0.1499944 0.6736886 0.2733567 0.0062367 0.1459708 0.6608281 0.3360935 0.6936924 0.1001173 0.1652411 0.0263239 0.0253898 0.2157158 0.6808210 0.0282618 0.1892980 0.4372220 0.2349525 0.6687065 0.6245993 0.3059881 0.0305136 0.1308986 0.6756508 0.1144970 0.1516052 0.1146681 0.1109199 0.1675239 0.3502861 0.2041714 0.0021989 0.2200975 0.0341527 0.0244739 0.6889220 0.6890096 0.1470760 0.1738890 0.2302458 0.0945955 0.2538242 0.0362370 0.0472156 
Perityle_congesta_202                      0.2966105 0.7098772 0.1750143 0.2432244 0.2669553 0.6341158 0.2657150 0.5782035 0.1157667 0.3162379 0.2743921 0.0263173 0.3186127 0.2800090 0.2097813 0.6794064 0.1723019 0.7182632 0.0073235 0.3211115 0.0346287 0.0000000 0.0751307 0.1347793 0.1316859 0.1613541 0.7301606 0.1311059 0.1314188 0.1841877 0.0944517 0.2933962 0.2258286 0.0455681 0.1420594 0.6984389 0.2818875 0.0330450 0.1491930 0.7074799 0.3428108 0.7333107 0.0957356 0.1674529 0.0102401 0.0051749 0.2202894 0.7410991 0.0222719 0.1471042 0.6739913 0.2266423 0.6845338 0.6270282 0.3050792 0.0049803 0.1432755 0.6431924 0.1221932 0.1423843 0.1249079 0.1146869 0.1652717 0.3298923 0.2035751 0.0316182 0.2261002 0.0092364 0.0056217 0.6979045 0.7077563 0.1544421 0.1487676 0.1636612 0.0903143 0.2438377 0.0231075 0.0509903 
Perityle_cordifolia_27                     0.3350012 0.8158418 0.2118590 0.2307363 0.2251840 0.5680791 0.2869724 0.6224899 0.1318843 0.2782797 0.2798061 0.0601643 0.3103699 0.2583145 0.2114644 0.7619975 0.2210978 0.7901288 0.0672512 0.2797377 0.0682806 0.0751307 0.0000000 0.1352206 0.1791502 0.1589450 0.7572702 0.1421671 0.1430315 0.2215096 0.1147755 0.2922581 0.2476889 0.0511998 0.1777042 0.7074654 0.2722974 0.0660731 0.1502032 0.7718769 0.3386059 0.6952571 0.1186698 0.1694444 0.0604643 0.0632467 0.2411394 0.7729146 0.0629229 0.1902084 0.4265724 0.2508107 0.7727922 0.6969539 0.3075552 0.0647714 0.1538210 0.7839588 0.1448147 0.1324345 0.1021715 0.1198772 0.1964468 0.3564727 0.1978414 0.0658889 0.2240138 0.0672486 0.0783469 0.7120969 0.7092681 0.1561478 0.1793836 0.2332073 0.1322823 0.2747691 0.0733385 0.0190441 
Perityle_cordifolia_68_tecolote            0.2924178 0.7080395 0.1904267 0.2256141 0.2053161 0.5149977 0.3002276 0.6092215 0.1243320 0.2744715 0.2810243 0.1342770 0.3056172 0.2633093 0.2492790 0.7178481 0.1337791 0.7610473 0.1354993 0.3010154 0.1196000 0.1347793 0.1352206 0.0000000 0.1838591 0.1141147 0.7240023 0.1426877 0.1516990 0.1954190 0.0583021 0.2730470 0.2697670 0.1204362 0.1823928 0.7157866 0.2894896 0.1227961 0.1932096 0.7265690 0.3553181 0.6921505 0.0641794 0.2344073 0.1120378 0.1243794 0.2651607 0.7458868 0.1203580 0.0985414 0.4112651 0.2640252 0.7227134 0.6540548 0.3055886 0.1225750 0.1052382 0.6635041 0.1655943 0.2080475 0.0753321 0.1267610 0.1969439 0.3392629 0.1738474 0.1145586 0.1854275 0.1199851 0.1388182 0.6789067 0.7454579 0.1615335 0.1692560 0.1790743 0.0503347 0.3062076 0.1253779 0.1062988 
Perityle_coronopifolia_28_patagonia        0.2718103 0.7520626 0.2006786 0.2286180 0.2551113 0.6898964 0.3018699 0.6333487 0.1476239 0.3436247 0.2657833 0.1111525 0.3187162 0.3023435 0.2364386 0.7588820 0.3061659 0.8388927 0.1181916 0.3333970 0.1399229 0.1316859 0.1791502 0.1838591 0.0000000 0.1822462 0.7791540 0.1594054 0.1471109 0.2413894 0.1669388 0.3183386 0.2503863 0.1167092 0.1435539 0.7568516 0.2832102 0.1242494 0.1676011 0.7308912 0.3547512 0.7559669 0.1588822 0.2127680 0.1384692 0.1245371 0.2458944 0.7490042 0.1071569 0.2730461 0.7965059 0.2510352 0.7595368 0.7329847 0.3055121 0.1421475 0.1114271 0.7028026 0.1142786 0.1560759 0.1924438 0.1095305 0.1276190 0.3563230 0.2290606 0.1383179 0.2423819 0.1396396 0.1245550 0.7413843 0.8039147 0.1400554 0.1610168 0.2475348 0.1573336 0.2902321 0.1470336 0.1384398 
Perityle_crassifolia_70_ventanas           0.2488635 0.7728695 0.2069129 0.2059692 0.1625975 0.7780947 0.2785368 0.8048219 0.1182350 0.2692818 0.2559082 0.1464512 0.2508826 0.2561167 0.2569381 0.7411857 0.1025823 0.6626632 0.1620148 0.2891904 0.1695413 0.1613541 0.1589450 0.1141147 0.1822462 0.0000000 0.7577455 0.1620688 0.1821294 0.1466853 0.0968316 0.2485712 0.3012710 0.1699713 0.1758291 0.7086596 0.2368002 0.1642398 0.2104668 0.7217554 0.3442550 0.9150828 0.1056077 0.1720105 0.1498328 0.1552500 0.2861245 0.7807002 0.1411546 0.1100192 0.7871964 0.3064305 0.7507061 0.7381451 0.2689331 0.1600958 0.2693148 0.7670739 0.1532253 0.1912238 0.1106887 0.1720633 0.1811602 0.3435233 0.2122691 0.1639851 0.0088442 0.1606025 0.1524103 0.6452752 0.7393823 0.2008819 0.1302458 0.1081484 0.0990636 0.2856176 0.1629023 0.1060961 
Perityle_crassifolia_74_playa_balandra     0.8840894 0.0902839 0.8412988 0.8077599 9.0000000 0.1825121 0.0000010 0.2314407 0.7934646 0.8811560 0.8375589 0.6652932 0.8847525 0.8024915 0.1451948 0.1121894 0.7501523 0.1490551 0.6946644 0.6439329 0.7006611 0.7301606 0.7572702 0.7240023 0.7791540 0.7577455 0.0000000 0.7514159 0.7171612 0.9373850 0.7518157 0.7866844 0.1279231 0.6824203 0.7573300 0.1073047 0.8310038 0.7181689 0.7750886 0.0867758 0.1033247 0.1752383 0.7686490 0.5068327 0.7132306 0.7563653 0.1104810 0.0989917 0.6607174 0.7568900 0.1452248 0.0966522 0.0906854 0.0947613 0.8452452 0.7022641 9.0000000 0.0701729 0.8289124 9.0000000 0.6921659 0.7299343 0.7420795 0.1135741 0.0777703 0.7185483 0.7475959 0.7047392 0.6851551 0.0847538 0.0891996 0.7100001 0.8465068 0.7632259 0.6661828 0.1058794 0.7790546 0.7628665 
Perityle_cuneata_34_cuneata_San_antonio    0.2816958 0.7890886 0.1922193 0.2184460 0.2410310 0.5356610 0.2745237 0.6202063 0.0975105 0.2749550 0.2501440 0.1098598 0.2838562 0.2379050 0.2107378 0.7151375 0.2265593 0.7272272 0.1236806 0.3532416 0.1275353 0.1311059 0.1421671 0.1426877 0.1594054 0.1620688 0.7514159 0.0000000 0.1206275 0.2008672 0.1364012 0.2722587 0.2239125 0.1114653 0.1591342 0.6893021 0.2515021 0.1215011 0.1477564 0.7395233 0.3382102 0.6947230 0.1556919 0.1905290 0.1136012 0.1186848 0.2211419 0.7480167 0.1109926 0.1886321 0.5203855 0.2569158 0.7371425 0.6933385 0.2593101 0.1231167 0.1102565 0.7305004 0.1339036 0.1412466 0.1562646 0.1172525 0.1650769 0.3433702 0.2396960 0.1205673 0.2528995 0.1228616 0.1196577 0.7074996 0.7784065 0.1445390 0.1690229 0.2403899 0.1367483 0.3078181 0.1230341 0.1124042 
Perityle_cuneata_4                         0.2847425 0.7441843 0.1919573 0.2235150 0.2729227 0.5416176 0.3172110 0.6171675 0.1125745 0.2939027 0.2804683 0.1132080 0.3074842 0.2592905 0.2069729 0.7042060 0.2406448 0.7874233 0.1182911 0.3624964 0.1183899 0.1314188 0.1430315 0.1516990 0.1471109 0.1821294 0.7171612 0.1206275 0.0000000 0.2269004 0.1453512 0.2656080 0.2349116 0.1235792 0.1523471 0.7205440 0.2631613 0.1256856 0.1550925 0.7111905 0.3373714 0.6637779 0.1389107 0.1833943 0.1108751 0.1129389 0.2319861 0.7148676 0.1044765 0.2011365 0.5175620 0.2457474 0.7414961 0.6661805 0.2851129 0.1164565 0.1260966 0.7077477 0.1272710 0.1472016 0.1634702 0.0878299 0.1549133 0.3534058 0.2177441 0.1177612 0.2646806 0.1154411 0.1150129 0.7082836 0.7585025 0.1294442 0.1576086 0.2409990 0.1438612 0.2535729 0.1238628 0.1104595 
Perityle_discoidea_81                      0.2809734 0.8149915 0.3040403 0.3010042 0.2209511 0.7650750 0.2770202 0.8528305 0.0863677 0.4163937 0.2541727 0.1079509 0.3565429 0.3688693 0.2148053 0.7796147 0.2471124 0.8317537 0.1554771 0.3582065 0.2128816 0.1841877 0.2215096 0.1954190 0.2413894 0.1466853 0.9373850 0.2008672 0.2269004 0.0000000 0.1846198 0.3202101 0.2361589 0.1055945 0.2040351 0.8236786 0.3054182 0.1553042 0.1534410 0.8004561 0.3695748 0.7306775 0.2172200 0.2068811 0.1833813 0.1833151 0.2349025 0.8180005 0.1625475 0.2048112 0.8307082 0.2493599 0.7659238 0.7355333 0.3011053 0.2002443 0.2101983 0.7443534 0.2274857 0.1336763 0.1854043 0.1465774 0.2603758 0.3164813 0.2442489 0.1992643 0.2893676 0.1991335 0.1396454 0.6935559 0.7774548 0.1831163 0.3112663 0.2427778 0.1291459 0.2965268 0.1917322 0.1623797 
Perityle_dissecta_201                      0.2778994 0.7192374 0.1773862 0.2236741 0.2254381 0.5680015 0.2889864 0.5896807 0.1110042 0.2877879 0.2656338 0.0968322 0.2948699 0.2568627 0.2287378 0.7214493 0.0874180 0.7753285 0.0988687 0.2686126 0.0887041 0.0944517 0.1147755 0.0583021 0.1669388 0.0968316 0.7518157 0.1364012 0.1453512 0.1846198 0.0000000 0.2641786 0.2476167 0.0851165 0.1646526 0.7449030 0.2709511 0.0847173 0.1606850 0.7296899 0.3425571 0.6695609 0.0306674 0.1987101 0.0818815 0.0864381 0.2427914 0.7623199 0.0837236 0.0639670 0.5634087 0.2516357 0.6966466 0.6564219 0.3025094 0.0895323 0.1256515 0.6798692 0.1559133 0.1890146 0.0574146 0.1149311 0.1755137 0.3456350 0.1458486 0.0831527 0.1648138 0.0897765 0.1064539 0.6644860 0.7374898 0.1455070 0.1305339 0.0970103 0.0119674 0.2994128 0.0934822 0.0728476 
Perityle_emoryi_47_punta_san_jose          0.0534453 0.8007965 0.2786881 0.2392350 0.2739509 0.5699352 0.3967503 0.5952654 0.2000836 0.3989238 0.4273630 0.2990504 0.4384534 0.4003845 0.3571823 0.7242113 0.4216339 0.8735026 0.2855427 0.3562762 0.3009986 0.2933962 0.2922581 0.2730470 0.3183386 0.2485712 0.7866844 0.2722587 0.2656080 0.3202101 0.2641786 0.0000000 0.4087693 0.2802444 0.3256489 0.7629963 0.4160096 0.2911891 0.3789249 0.7509229 0.4918148 0.7623878 0.3031390 0.3139089 0.2576766 0.2767862 0.4170912 0.7762006 0.2735045 0.3844737 0.4938815 0.4225317 0.7512925 0.7243080 0.4218398 0.2672432 0.3716698 0.6935220 0.2712006 0.1869337 0.2950873 0.2576201 0.3256331 0.2802147 0.3581301 0.2855315 0.3463607 0.3026164 0.2876861 0.7998295 0.7463072 0.3031679 0.3307675 0.3611213 0.2702330 0.2625815 0.2737970 0.2680685 
Perityle_feddemae_99                       0.4235267 0.1107269 0.3247605 0.3675315 0.3008124 0.2890888 0.3010039 0.2862664 0.2006626 0.4408877 0.4064199 0.2124631 0.4564203 0.4117764 0.1552833 0.1636959 0.3140858 0.2950327 0.2111314 0.3375419 0.2272278 0.2258286 0.2476889 0.2697670 0.2503863 0.3012710 0.1279231 0.2239125 0.2349116 0.2361589 0.2476167 0.4087693 0.0000000 0.2153963 0.2509163 0.2784064 0.4158098 0.2199084 0.0441659 0.1508587 0.1916990 0.4211138 0.2617176 0.2313408 0.2165306 0.2201866 0.0373521 0.1752454 0.1892913 0.2830191 0.1970922 0.1739265 0.1213893 0.1326462 0.4066154 0.2222722 0.1376714 0.0749157 0.2553002 0.2093060 0.2320540 0.1971008 0.2671062 0.1564714 0.1700809 0.2211887 0.3669134 0.2193451 0.2194951 0.4580320 0.1008774 0.2474865 0.2767811 0.2743273 0.2351431 0.1400153 0.2298752 0.2093600 
Perityle_fosteri_93                        0.2771636 0.6552605 0.1551576 0.2201169 0.2404266 0.5679040 0.2739289 0.4551118 0.0885791 0.2713927 0.2661530 0.0412620 0.2654606 0.2544932 0.1984064 0.6484156 0.1195723 0.6964162 0.0456247 0.2494660 0.0479167 0.0455681 0.0511998 0.1204362 0.1167092 0.1699713 0.6824203 0.1114653 0.1235792 0.1055945 0.0851165 0.2802444 0.2153963 0.0000000 0.1204565 0.6974331 0.2388336 0.0395585 0.1539278 0.7002973 0.3409671 0.7400968 0.0921051 0.1713091 0.0389703 0.0349819 0.2106191 0.7393373 0.0361447 0.1022880 0.7115300 0.2224839 0.7198253 0.6474697 0.2631262 0.0457816 0.1291493 0.6446125 0.1042148 0.1524279 0.1083894 0.1010868 0.1242761 0.3450460 0.1938678 0.0467659 0.2138857 0.0419468 0.0501263 0.6617906 0.7291957 0.1421438 0.1404809 0.0923605 0.0801480 0.2589784 0.0480235 0.0425930 
Perityle_gamon_221                         0.3104068 0.7396449 0.2241853 0.2506213 0.2502468 0.6682244 0.3042298 0.6135684 0.1448264 0.3365395 0.2723067 0.1120171 0.3285889 0.3126893 0.2248015 0.7214983 0.2216546 0.7799372 0.1324273 0.3445567 0.1499944 0.1420594 0.1777042 0.1823928 0.1435539 0.1758291 0.7573300 0.1591342 0.1523471 0.2040351 0.1646526 0.3256489 0.2509163 0.1204565 0.0000000 0.7491924 0.2865089 0.1278338 0.1827823 0.7336991 0.3812910 0.7552786 0.1563263 0.1850096 0.1431577 0.1322414 0.2483354 0.7500726 0.1167095 0.1962609 0.7352246 0.2717819 0.7167356 0.6719451 0.3090046 0.1507931 0.1178092 0.6666548 0.1423170 0.1726631 0.1745369 0.1045955 0.1369454 0.3338531 0.2493457 0.1477104 0.2365746 0.1541154 0.1264550 0.7178776 0.7336417 0.1311804 0.1607832 0.2277628 0.1418470 0.2660159 0.1506023 0.1398603 
Perityle_gentryi_8_san_francisco           0.8179668 0.0993832 0.7946051 0.8714871 1.0227395 0.2084894 0.6525146 0.2656908 0.7486915 0.8988322 0.8949392 0.6992507 0.9198878 0.8655819 0.2602514 0.1238711 0.7454460 0.1095755 0.6928494 0.6032409 0.6736886 0.6984389 0.7074654 0.7157866 0.7568516 0.7086596 0.1073047 0.6893021 0.7205440 0.8236786 0.7449030 0.7629963 0.2784064 0.6974331 0.7491924 0.0000000 0.8952027 0.6664860 0.7368354 0.0943038 0.3105486 0.2862585 0.7247803 0.9083907 0.6762515 0.7305949 0.2656102 0.0806096 0.6648791 0.7278779 0.1428164 0.2521622 0.0733323 0.0958217 0.9042835 0.6713056 0.8172130 0.1217832 0.8163882 0.9052508 0.6822708 0.7378242 0.7100253 0.1939771 0.2158825 0.6637679 0.7459683 0.6823593 0.6979790 0.2206008 0.0705354 0.7549208 0.7954163 0.7430872 0.7027957 0.1943708 0.7570243 0.7279775 
Perityle_gilensis_22_Superstition          0.3912600 0.8327219 0.2367613 0.0410891 0.0418256 0.6834905 0.2568524 0.6782433 0.2562665 0.0313663 0.0156994 0.2422622 0.0428024 0.0229863 0.3980696 0.8053996 0.3280255 0.9234757 0.2562840 0.4342357 0.2733567 0.2818875 0.2722974 0.2894896 0.2832102 0.2368002 0.8310038 0.2515021 0.2631613 0.3054182 0.2709511 0.4160096 0.4158098 0.2388336 0.2865089 0.8952027 0.0000000 0.2604695 0.3178961 0.7932582 0.2868432 0.9117723 0.2636423 0.2783938 0.2705887 0.2504161 0.3970581 0.8185743 0.2528905 0.3048565 0.8120252 0.4104740 0.8125579 0.7631740 0.0185734 0.2762697 0.3223530 0.7539664 0.2693345 0.0060130 0.2617493 0.2405103 0.2943487 0.2992520 0.3566864 0.2703760 0.2858680 0.2760810 0.2665496 0.7906724 0.8365727 0.2944829 0.2992719 0.3249750 0.2739206 0.3631502 0.2654496 0.2353830 
Perityle_gilensis_salensis_225             0.2905628 0.6943165 0.1508991 0.2277793 0.2450524 0.6357092 0.2726060 0.5783888 0.1030529 0.2965387 0.2562931 0.0227671 0.2945365 0.2675605 0.2064595 0.6996036 0.1379630 0.7079976 0.0296336 0.3192829 0.0062367 0.0330450 0.0660731 0.1227961 0.1242494 0.1642398 0.7181689 0.1215011 0.1256856 0.1553042 0.0847173 0.2911891 0.2199084 0.0395585 0.1278338 0.6664860 0.2604695 0.0000000 0.1383152 0.6654049 0.3189032 0.7509635 0.0955359 0.1499771 0.0196613 0.0229749 0.2101101 0.6988564 0.0183150 0.1182209 0.6846786 0.2228603 0.6744562 0.6288520 0.2923156 0.0277126 0.1259834 0.6814758 0.1130371 0.1462064 0.1035417 0.1018254 0.1465923 0.3300850 0.2088697 0.0063370 0.2173386 0.0317949 0.0201783 0.6204521 0.6963515 0.1352294 0.1568719 0.1452599 0.0856723 0.2417730 0.0371025 0.0436831 
Perityle_glaucescens_94                    0.3841422 0.8277341 0.2030745 0.2782216 0.2853175 0.6380049 0.2951532 0.4507903 0.1373198 0.3449202 0.3399293 0.1520122 0.3431604 0.3202851 0.1901684 0.9079330 0.2326463 0.7755554 0.1511057 0.2428213 0.1459708 0.1491930 0.1502032 0.1932096 0.1676011 0.2104668 0.7750886 0.1477564 0.1550925 0.1534410 0.1606850 0.3789249 0.0441659 0.1539278 0.1827823 0.7368354 0.3178961 0.1383152 0.0000000 0.8611826 0.3276037 0.7813157 0.1629614 0.2152715 0.1388872 0.1368995 0.0445199 0.9116546 0.1341846 0.2028036 0.8371949 0.2288941 0.8451192 0.8038523 0.3253990 0.1469151 0.1388033 0.8312286 0.1698454 0.1943408 0.1606852 0.1441033 0.1907094 0.2585648 0.2185153 0.1418087 0.2725263 0.1449233 0.1466310 0.7702259 0.8590010 0.1981284 0.1779669 0.1847070 0.1742972 0.2111488 0.1480185 0.1245914 
Perityle_gracilis_11                       0.8305148 0.0824754 0.7659158 0.7857583 9.0000000 0.1711728 0.0000010 0.2802955 0.7035154 0.8412256 0.8157132 0.6639518 0.8596146 0.7884001 0.1312315 0.1273135 0.7549771 0.1382527 0.6938002 0.5900210 0.6608281 0.7074799 0.7718769 0.7265690 0.7308912 0.7217554 0.0867758 0.7395233 0.7111905 0.8004561 0.7296899 0.7509229 0.1508587 0.7002973 0.7336991 0.0943038 0.7932582 0.6654049 0.8611826 0.0000000 0.1505729 0.1421308 0.7433775 0.5688288 0.6894955 0.7330759 0.1381033 0.0248612 0.6591929 0.7514032 0.0727891 0.1047698 0.0653449 0.0163510 0.8035579 0.6934820 9.0000000 0.0795341 0.7593544 9.0000000 0.6875162 0.7357506 0.6954516 0.0903612 0.0234737 0.6739476 0.7144247 0.6959679 0.6841441 0.0182903 0.0000010 0.7144507 0.8045319 0.7370337 0.6497427 0.0801167 0.7693199 0.7313219 
Perityle_harkerae_31                       0.5086513 0.0835836 0.3331012 0.2834045 0.2098499 0.2855169 0.2832591 0.2181335 0.3070293 0.3041887 0.2905295 0.3552385 0.2832564 0.2752958 0.2166592 0.1705217 0.4601374 0.3588449 0.3353667 0.3925750 0.3360935 0.3428108 0.3386059 0.3553181 0.3547512 0.3442550 0.1033247 0.3382102 0.3373714 0.3695748 0.3425571 0.4918148 0.1916990 0.3409671 0.3812910 0.3105486 0.2868432 0.3189032 0.3276037 0.1505729 0.0000000 0.4418105 0.3308633 0.3503791 0.3318069 0.3232482 0.2306442 0.1260911 0.3062847 0.4377353 0.1454830 0.2597671 0.0844669 0.1327488 0.2878047 0.3403071 0.3068712 0.0546958 0.3408082 0.1064963 0.3558927 0.3188310 0.3650573 0.1070105 0.2317541 0.3296660 0.4006292 0.3358414 0.3871798 0.5297040 0.0902979 0.3681142 0.3766140 0.4206666 0.3731285 0.1755317 0.3446158 0.3120896 
Perityle_hofmeisteria_4_nombre_de_dios     0.8965086 0.1265765 0.6979485 0.8031882 1.4744112 0.3561010 1.1713192 0.3873578 0.6350848 0.8591928 1.0173044 0.7687164 0.9919617 0.8155682 0.4330225 0.1366485 0.8215202 0.3190701 0.7226536 0.8441940 0.6936924 0.7333107 0.6952571 0.6921505 0.7559669 0.9150828 0.1752383 0.6947230 0.6637779 0.7306775 0.6695609 0.7623878 0.4211138 0.7400968 0.7552786 0.2862585 0.9117723 0.7509635 0.7813157 0.1421308 0.4418105 0.0000000 0.7447038 0.9939200 0.6767714 0.7067253 0.4146093 0.1780282 0.7215407 0.7324549 0.3557884 0.4197591 0.1246534 0.1191772 0.9278811 0.6736153 0.4691681 0.0937861 0.7804039 1.5136777 0.6881353 0.7283617 0.7199945 0.4023948 0.4101495 0.6573294 0.9889628 0.6662805 0.8567507 0.5090857 0.1017046 0.7421626 0.7609648 0.9286936 0.7933357 0.3887679 0.6819605 0.6700805 
Perityle_huecosensis_48                    0.2662925 0.7461900 0.1927078 0.2226030 0.1625431 0.6358024 0.2789203 0.5992600 0.1192587 0.3016663 0.2645995 0.1049451 0.2862168 0.2641537 0.2427966 0.7320062 0.1672208 0.7509937 0.0999260 0.2686035 0.1001173 0.0957356 0.1186698 0.0641794 0.1588822 0.1056077 0.7686490 0.1556919 0.1389107 0.2172200 0.0306674 0.3031390 0.2617176 0.0921051 0.1563263 0.7247803 0.2636423 0.0955359 0.1629614 0.7433775 0.3308633 0.7447038 0.0000000 0.1981430 0.0893371 0.0862650 0.2583940 0.7891223 0.0890113 0.1529223 0.7579900 0.2697775 0.7437456 0.7046498 0.2946991 0.0909982 0.1411868 0.7037344 0.1505904 0.1894022 0.0802761 0.1192908 0.1794208 0.3555055 0.1395344 0.0882325 0.1472405 0.0844654 0.1115551 0.6937276 0.7558640 0.1638500 0.1370470 0.0976785 0.0217154 0.2974551 0.0982087 0.0786798 
Perityle_incana_3_ucla                     0.2944985 0.5617621 0.2843515 0.2621848 0.1578277 0.8269984 0.2833121 0.7225289 0.1791107 0.3018561 0.2725675 0.1293839 0.2708742 0.3092745 0.2119101 0.7031151 0.2020988 0.8248605 0.1660795 0.2031293 0.1652411 0.1674529 0.1694444 0.2344073 0.2127680 0.1720105 0.5068327 0.1905290 0.1833943 0.2068811 0.1987101 0.3139089 0.2313408 0.1713091 0.1850096 0.9083907 0.2783938 0.1499771 0.2152715 0.5688288 0.3503791 0.9939200 0.1981430 0.0000000 0.1575642 0.1591623 0.2292299 0.5688288 0.1597716 0.2427260 0.6275098 0.2402785 0.5683415 0.5786585 0.3066885 0.1662755 0.4222880 0.5617621 0.1298982 0.1763469 0.2150400 0.1714467 0.1832762 0.1594912 0.2235352 0.1624191 0.2210919 0.1728756 0.0931420 0.6011089 0.5688288 0.2028048 0.2228861 0.1671900 0.1606830 0.0782385 0.1716013 0.1422735 
Perityle_intricata_59_Clark_mtns           0.2828234 0.6940263 0.1660829 0.2309398 0.2646360 0.5169931 0.2581946 0.5924273 0.0980049 0.2825927 0.2637290 0.0142960 0.3117987 0.2516737 0.1967437 0.6778022 0.1558852 0.7405257 0.0094795 0.3238371 0.0263239 0.0102401 0.0604643 0.1120378 0.1384692 0.1498328 0.7132306 0.1136012 0.1108751 0.1833813 0.0818815 0.2576766 0.2165306 0.0389703 0.1431577 0.6762515 0.2705887 0.0196613 0.1388872 0.6894955 0.3318069 0.6767714 0.0893371 0.1575642 0.0000000 0.0086804 0.2112618 0.7160326 0.0102723 0.1314340 0.4198672 0.2230154 0.6797486 0.6217688 0.3020228 0.0055274 0.1199211 0.6549993 0.1119118 0.1343232 0.1072664 0.1002685 0.1662177 0.3353589 0.2036957 0.0234194 0.2200224 0.0104477 0.0022755 0.6992228 0.7024921 0.1379398 0.1320050 0.1970402 0.0827274 0.2427324 0.0220873 0.0378177 
Perityle_inyoensis_9_pleasant              0.2822497 0.7359303 0.1737360 0.2031656 0.2201056 0.6148723 0.2364438 0.5859706 0.1049722 0.2717660 0.2378300 0.0147841 0.2830091 0.2419426 0.2129452 0.7107007 0.1664377 0.7400653 0.0038461 0.3017537 0.0253898 0.0051749 0.0632467 0.1243794 0.1245371 0.1552500 0.7563653 0.1186848 0.1129389 0.1833151 0.0864381 0.2767862 0.2201866 0.0349819 0.1322414 0.7305949 0.2504161 0.0229749 0.1368995 0.7330759 0.3232482 0.7067253 0.0862650 0.1591623 0.0086804 0.0000000 0.2139472 0.7582074 0.0186492 0.1451580 0.6255228 0.2235969 0.7261803 0.6618285 0.2752291 0.0033564 0.1356702 0.6655090 0.1118236 0.1288157 0.1161839 0.0982129 0.1545674 0.3093354 0.1932923 0.0222170 0.2256257 0.0076212 0.0035176 0.6974569 0.7500803 0.1365236 0.1350173 0.1653217 0.0849357 0.2415589 0.0067757 0.0453742 
Perityle_jaliscana_203                     0.4361525 0.0890996 0.3005200 0.3527602 0.2779451 0.2705499 0.2955020 0.2651747 0.1991036 0.4219997 0.3932557 0.2047231 0.4364409 0.3946123 0.1490952 0.1556172 0.3115320 0.2846256 0.2065723 0.3170232 0.2157158 0.2202894 0.2411394 0.2651607 0.2458944 0.2861245 0.1104810 0.2211419 0.2319861 0.2349025 0.2427914 0.4170912 0.0373521 0.2106191 0.2483354 0.2656102 0.3970581 0.2101101 0.0445199 0.1381033 0.2306442 0.4146093 0.2583940 0.2292299 0.2112618 0.2139472 0.0000000 0.1445662 0.1846160 0.2792469 0.1656707 0.1531214 0.0817071 0.1053956 0.3922894 0.2182390 0.1338522 0.0485650 0.2479797 0.1879039 0.2283272 0.2006357 0.2647095 0.1426201 0.1604843 0.2117211 0.3501692 0.2152642 0.2144777 0.4615781 0.0670297 0.2474946 0.2690096 0.2670092 0.2294990 0.1266381 0.2252307 0.2027822 
Perityle_lemmonii_12                       0.8500313 0.0975741 0.7713863 0.8152193 9.0000000 0.1817735 0.0000010 0.3150772 0.6985181 0.8219561 0.8395072 0.7049548 0.8838313 0.8001105 0.1305359 0.1303091 0.7670052 0.1343873 0.7340712 0.5916309 0.6808210 0.7410991 0.7729146 0.7458868 0.7490042 0.7807002 0.0989917 0.7480167 0.7148676 0.8180005 0.7623199 0.7762006 0.1752454 0.7393373 0.7500726 0.0806096 0.8185743 0.6988564 0.9116546 0.0248612 0.1260911 0.1780282 0.7891223 0.5688288 0.7160326 0.7582074 0.1445662 0.0000000 0.6938212 0.7736776 0.0724373 0.1107404 0.0773930 0.0405133 0.8313701 0.7196279 9.0000000 0.0927974 0.7801303 9.0000000 0.7120462 0.7586530 0.7151203 0.0595669 0.0334508 0.6966800 0.7511813 0.7190857 0.7243645 0.0203293 0.0310121 0.7460571 0.8059356 0.7915804 0.6899704 0.0939548 0.7898941 0.7502569 
