81
Amauria_brandeegeana_62                    0.0000000 0.0569644 0.0340072 0.0661420 0.2444860 0.3025777 0.2970771 0.1406848 0.0730208 0.0935868 0.0971533 0.0899876 0.0875548 0.0940502 0.0612255 0.0842832 0.0947344 0.0705047 0.0695746 0.0776428 0.3974383 0.0932997 0.0730287 0.0991869 0.0663159 0.0894395 0.0595152 0.1330443 0.0541741 0.1849580 0.0097229 0.0873385 0.0300894 0.0832757 0.0717481 0.1106709 0.0928304 0.0727259 0.0838028 0.0807218 0.0834301 0.0850434 0.1204790 0.0824526 0.1188360 0.0701756 0.0925353 0.0882459 0.0885679 0.0855952 0.0795385 0.0646867 0.0844273 0.1049626 0.0558655 0.0653004 0.0672524 0.2488888 0.1440553 0.0776099 0.0560083 0.0955130 0.0916593 0.0753095 0.1227177 0.1098600 0.0801244 0.0656124 0.0807301 0.0548983 0.0846827 0.0669678 0.0823293 0.0606767 0.0753802 0.1122178 0.0742988 0.0950220 0.1977095 0.0641597 0.0402630 
Amauria_carterae_99_mesa                   0.0569644 0.0000000 0.0525915 0.0607193 0.0088513 0.1418799 0.1568442 0.0795507 0.0502505 0.0770043 0.0742090 0.0783420 0.0665162 0.0734635 0.0433019 0.0400494 0.0496856 0.0492783 0.0531359 0.0595933 0.2240226 0.0767449 0.0520504 0.0765405 0.0482722 0.0586966 0.0293177 0.0734423 0.0479731 0.1169542 0.0437139 0.0708543 0.0260557 0.0464703 0.0569182 0.0507613 0.0668999 0.0493604 0.0714995 0.0407969 0.0607707 0.0410194 0.0590632 0.0678159 0.0705590 0.0496846 0.0863847 0.0436182 0.0717929 0.0796009 0.0651854 0.0450510 0.0693486 0.0495179 0.0486731 0.0763373 0.0417764 0.1497091 0.1259716 0.0471906 0.0689088 0.0766259 0.0581080 0.0672359 0.0496726 0.0493900 0.0718536 0.0502668 0.0709833 0.0258641 0.0436744 0.0494584 0.0625665 0.0487112 0.0462202 0.0477628 0.0408047 0.0766259 0.0632018 0.0445311 0.0352571 
Amauria_rotundifolia_SRR9119150            0.0340072 0.0525915 0.0000000 0.0742142 0.2634660 0.3197224 0.3085171 0.1472615 0.1016469 0.1080598 0.1303132 0.0936237 0.0946668 0.1210774 0.0643636 0.0828332 0.1134940 0.0679739 0.0720835 0.0880169 0.3911833 0.1051481 0.0754473 0.1115414 0.0746358 0.1184766 0.0505054 0.1342244 0.0757495 0.2288748 0.0377518 0.0962291 0.0413154 0.0941350 0.0742193 0.1350544 0.0933287 0.0792913 0.0940609 0.0914888 0.0837483 0.0937214 0.1457245 0.0995066 0.1292413 0.0747536 0.1036188 0.1021541 0.0952111 0.0965026 0.0823810 0.0641553 0.0903831 0.1048941 0.0610613 0.0697337 0.0731372 0.2748300 0.1550695 0.0859049 0.0519837 0.1089864 0.0989693 0.0846012 0.1217172 0.1716362 0.0759775 0.0661177 0.0913626 0.0496513 0.1026616 0.0744770 0.0839505 0.0579812 0.0859829 0.1284240 0.0826696 0.1004658 0.2057668 0.0719530 0.0512952 
Eutetras_palmeri_63                        0.0661420 0.0607193 0.0742142 0.0000000 0.2784675 0.2967141 0.2770546 0.1221917 0.0638575 0.0832890 0.1141089 0.0754900 0.0833606 0.0967287 0.0566100 0.0991890 0.1040926 0.0588151 0.0600703 0.0752189 0.3891780 0.0829128 0.0669456 0.0961581 0.0582600 0.0742367 0.0645322 0.1438619 0.0917970 0.1948982 0.0662604 0.0799684 0.0527204 0.0798356 0.0622300 0.1138776 0.0747513 0.0624012 0.0732826 0.0772298 0.0751188 0.0796719 0.1258972 0.0818050 0.1067356 0.0607927 0.0804793 0.0835743 0.0844823 0.0783848 0.0702482 0.0521539 0.0828240 0.0892146 0.0505406 0.0637092 0.0570072 0.2433997 0.1299617 0.0766539 0.0529406 0.0838892 0.0757631 0.0683545 0.0989194 0.1256826 0.0688992 0.0524869 0.0719326 0.0636653 0.0956387 0.0670144 0.0697383 0.0550556 0.0537270 0.1002586 0.0704882 0.0812394 0.2047096 0.0545725 0.0556516 
Eutetras_pringlei_149_quer                 0.2444860 0.0088513 0.2634660 0.2784675 0.0000000 0.2299696 0.3357174 0.2071403 0.2429468 0.2415653 0.2582706 0.2468910 0.2627635 0.2771383 0.2157798 0.2540346 0.2825632 0.2471325 0.2318491 0.2194178 0.7599971 0.2513799 0.2316449 0.2555528 0.2324518 0.2819654 0.2430756 0.1214358 0.2496366 0.2250029 0.2245294 0.2274613 0.2170450 0.2710058 0.2429858 0.2580963 0.2708560 0.2446761 0.2424338 0.2625086 0.2318126 0.2799126 0.2539137 0.2374003 0.0000010 0.2509715 0.2527367 0.2749369 0.2480383 0.2497423 0.2236366 0.2448787 0.2364681 0.2743344 0.2162329 0.2442356 0.2427468 0.2169000 0.0308004 0.2466697 0.2314371 0.2494485 0.2804021 0.2608069 0.2417478 0.2480576 0.0918546 0.2202643 0.2461073 0.2646734 0.2267979 0.2047029 0.2372141 0.2076787 0.2628015 0.2891078 0.2419016 0.2452685 0.2026964 0.2150954 0.2061509 
Eutrochium_fistulosum_SRR9119106           0.3025777 0.1418799 0.3197224 0.2967141 0.2299696 0.0000000 0.2903650 0.1688082 0.3052232 0.3334003 0.3218547 0.3325261 0.3331770 0.3294344 0.2930992 0.2922479 0.3256761 0.3134989 0.2977259 0.3227722 0.5976036 0.3414985 0.3042194 0.3227371 0.3048111 0.3212038 0.2801371 0.2133138 0.3062880 0.1763816 0.2764678 0.3242485 0.2962271 0.2965014 0.3020822 0.3100943 0.3061110 0.3108434 0.3174905 0.2930061 0.3416248 0.2998192 0.3199769 0.3218900 0.1389645 0.3005945 0.3245873 0.2989872 0.3176036 0.3267142 0.2960253 0.3082993 0.3203577 0.3280271 0.2773182 0.2629574 0.3013807 0.3161471 0.0965535 0.2991223 0.2772679 0.3418290 0.3170884 0.3305006 0.3130461 0.2949525 0.1623726 0.3070268 0.3212565 0.3196362 0.3056116 0.2417564 0.3036520 0.2629157 0.3027822 0.3213306 0.3206744 0.3382741 0.2259080 0.3036615 0.2876452 
Helianthus_annuus_SRR9119062               0.2970771 0.1568442 0.3085171 0.2770546 0.3357174 0.2903650 0.0000000 0.1980456 0.2826086 0.3133053 0.3046107 0.3184014 0.2995490 0.2981630 0.2748312 0.2503719 0.2987015 0.2843668 0.2827326 0.3096701 0.5341261 0.3264306 0.2817146 0.3120394 0.2792193 0.2859002 0.2717355 0.2220544 0.2898754 0.2297492 0.2659518 0.3091897 0.2735732 0.2793033 0.2639592 0.2841942 0.2780104 0.2932412 0.2971908 0.2718247 0.3103647 0.2612401 0.2989636 0.3006093 0.1880461 0.2863644 0.3093498 0.2784292 0.3055354 0.3073011 0.2735695 0.2906031 0.3092272 0.2930727 0.2314303 0.2512885 0.2746419 0.3226020 0.1478067 0.2798454 0.2517857 0.3173606 0.2744073 0.2973789 0.2854890 0.2792871 0.1701916 0.2817903 0.3026428 0.2951738 0.2790125 0.2276491 0.2929477 0.2447522 0.2844905 0.3008889 0.2802285 0.3136752 0.2521434 0.2771762 0.2699319 
Lycapsus_tenuifolius_17                    0.1406848 0.0795507 0.1472615 0.1221917 0.2071403 0.1688082 0.1980456 0.0000000 0.1243024 0.1546316 0.1500089 0.1525708 0.1369390 0.1532368 0.1144473 0.1233815 0.1436932 0.1231380 0.1297933 0.1359930 0.4121885 0.1616074 0.1394785 0.1532633 0.1256832 0.1405019 0.1154883 0.1602001 0.1164578 0.0629880 0.1252163 0.1385083 0.1123831 0.1387980 0.1218746 0.1358300 0.1419102 0.1283574 0.1424804 0.1346892 0.1430091 0.1377182 0.1444920 0.1445424 0.1193093 0.1355946 0.1498920 0.1408792 0.1458950 0.1491786 0.1450468 0.1157236 0.1396592 0.1526040 0.1155420 0.1409574 0.1165938 0.1035550 0.0182375 0.1324017 0.1319287 0.1578560 0.1372799 0.1435625 0.1310517 0.1130825 0.0946694 0.1242450 0.1397915 0.1243864 0.1317651 0.1482076 0.1399263 0.1473731 0.1312402 0.1409957 0.1351325 0.1528794 0.1978079 0.1183437 0.1131566 
Pericome_caudata_50_silver                 0.0730208 0.0502505 0.1016469 0.0638575 0.2429468 0.3052232 0.2826086 0.1243024 0.0000000 0.0950438 0.1039043 0.0660014 0.0639903 0.0952132 0.0653401 0.0845120 0.0960994 0.0433310 0.0484931 0.0610405 0.3726394 0.1024572 0.0499482 0.1024694 0.0654141 0.0959781 0.0512989 0.1446076 0.0814577 0.2056204 0.0671475 0.0823846 0.0521281 0.0714081 0.0500565 0.1290956 0.0606856 0.0600875 0.0623300 0.0686361 0.0565578 0.0640305 0.1493291 0.0822968 0.0997669 0.0572185 0.0994970 0.0921635 0.0869809 0.0914710 0.0498521 0.0452395 0.0609417 0.0871516 0.0439244 0.0479300 0.0501663 0.2588500 0.1308718 0.0652331 0.0419343 0.0986354 0.0756248 0.0843063 0.0920307 0.1391048 0.0401975 0.0430412 0.0851627 0.0652006 0.1061100 0.0506847 0.0529640 0.0388837 0.0692008 0.1208386 0.0805146 0.0792148 0.1918661 0.0636170 0.0466746 
Perityle_aglossa_84_dead_horse             0.0935868 0.0770043 0.1080598 0.0832890 0.2415653 0.3334003 0.3133053 0.1546316 0.0950438 0.0000000 0.0914010 0.0139068 0.0159833 0.0784862 0.0317491 0.1017425 0.0942442 0.0348200 0.0365132 0.0209990 0.3780010 0.0351734 0.0363946 0.0334251 0.0496893 0.1484723 0.0738083 0.1453063 0.0934328 0.2576830 0.0883770 0.0365162 0.0822872 0.0900627 0.0352697 0.1339909 0.0467175 0.0395803 0.0228312 0.0897235 0.0084317 0.0854828 0.1897185 0.0389543 0.1137292 0.0250659 0.0404812 0.1098127 0.0220663 0.0153890 0.0169179 0.0294149 0.0209079 0.0956021 0.0387254 0.0350872 0.0537576 0.3061012 0.1665395 0.0785849 0.0305825 0.0244717 0.0871831 0.0525256 0.1116584 0.1871678 0.0595328 0.0331415 0.0307623 0.0818803 0.0753707 0.0371696 0.0124576 0.0252101 0.0805396 0.1186510 0.0503559 0.0189752 0.1992505 0.0517446 0.0407538 
Perityle_ajoensis_204                      0.0971533 0.0742090 0.1303132 0.1141089 0.2582706 0.3218547 0.3046107 0.1500089 0.1039043 0.0914010 0.0000000 0.0511722 0.0250760 0.0828311 0.0302642 0.0772179 0.0920186 0.0331567 0.0374378 0.0655269 0.3798966 0.0997422 0.0600584 0.0818958 0.1062175 0.1507231 0.0788481 0.1560680 0.1080776 0.2900411 0.0879220 0.0831526 0.1318512 0.1077640 0.0337892 0.1365003 0.0460838 0.1051173 0.0557572 0.1401161 0.0088425 0.0955379 0.1715068 0.0908644 0.1135148 0.0679338 0.1038556 0.1137751 0.0388986 0.0252257 0.0134089 0.0195723 0.0268302 0.0989983 0.0431596 0.0397010 0.1107262 0.2903591 0.1498160 0.0990739 0.0357352 0.1021624 0.1297623 0.1107610 0.0761157 0.1266221 0.0495836 0.0284619 0.0868645 0.0787577 0.0677737 0.0818365 0.0125680 0.0293615 0.0772298 0.1017461 0.0973227 0.0247475 0.2081485 0.1019544 0.0761475 
Perityle_ambrosiifolia_67_green            0.0899876 0.0783420 0.0936237 0.0754900 0.2468910 0.3325261 0.3184014 0.1525708 0.0660014 0.0139068 0.0511722 0.0000000 0.0181905 0.0589425 0.0219861 0.1024662 0.0908607 0.0370716 0.0352224 0.0132092 0.3869438 0.0147502 0.0341429 0.0303019 0.0293376 0.0834395 0.0786707 0.1459924 0.0886751 0.2227777 0.0885123 0.0232564 0.0605865 0.0848612 0.0316263 0.1273832 0.0463643 0.0295948 0.0138386 0.0876368 0.0097638 0.0841552 0.1321190 0.0204167 0.1106144 0.0124480 0.0270854 0.0941963 0.0195058 0.0151632 0.0144420 0.0258045 0.0187029 0.0943969 0.0428742 0.0418829 0.0232558 0.2813120 0.1543604 0.0740253 0.0354562 0.0175461 0.0850008 0.0378295 0.1118723 0.1234272 0.0465218 0.0296044 0.0056212 0.0791897 0.0694189 0.0373618 0.0124093 0.0314047 0.0790206 0.1096415 0.0434574 0.0128222 0.2094529 0.0136004 0.0358400 
Perityle_angustifolia_13_Eagle_creek       0.0875548 0.0665162 0.0946668 0.0833606 0.2627635 0.3331770 0.2995490 0.1369390 0.0639903 0.0159833 0.0250760 0.0181905 0.0000000 0.0526171 0.0258244 0.0982045 0.0736438 0.0380574 0.0398511 0.0172737 0.3912217 0.0246420 0.0401760 0.0317909 0.0306297 0.0820990 0.0729108 0.1420327 0.0711135 0.1712253 0.0820624 0.0150070 0.0557458 0.0839651 0.0368527 0.1084488 0.0496518 0.0353131 0.0171399 0.0827859 0.0141957 0.0841024 0.1132770 0.0149824 0.1039716 0.0176013 0.0259584 0.0881208 0.0208634 0.0180632 0.0184207 0.0309816 0.0128426 0.0958370 0.0482470 0.0426067 0.0258464 0.2643514 0.1424421 0.0737974 0.0414800 0.0191352 0.0810642 0.0404040 0.1067833 0.0926797 0.0419381 0.0331578 0.0119541 0.0784405 0.0502305 0.0423075 0.0151583 0.0340999 0.0813008 0.1009809 0.0469763 0.0170869 0.1941266 0.0168760 0.0356037 
Perityle_batopilensis_97                   0.0940502 0.0734635 0.1210774 0.0967287 0.2771383 0.3294344 0.2981630 0.1532368 0.0952132 0.0784862 0.0828311 0.0589425 0.0526171 0.0000000 0.0481410 0.1077913 0.0899952 0.0331757 0.0339656 0.0576165 0.3823242 0.0736761 0.0337533 0.0653310 0.0437906 0.1510465 0.0815355 0.1354247 0.0858009 0.2273884 0.0901571 0.0687753 0.0795200 0.1008252 0.0302597 0.1384838 0.0045958 0.0514265 0.0546532 0.0959546 0.0413323 0.0831882 0.1817919 0.0631667 0.0999127 0.0561045 0.0635342 0.1142364 0.0556541 0.0610676 0.0404909 0.0396222 0.0511002 0.0961373 0.0339429 0.0324669 0.0466546 0.2985470 0.1559545 0.0756211 0.0225348 0.0686123 0.0824142 0.0574754 0.1142622 0.1623994 0.0589316 0.0294673 0.0644839 0.0809880 0.0860529 0.0316910 0.0379510 0.0210890 0.0809188 0.1246535 0.0599830 0.0696413 0.2003345 0.0485075 0.0530491 
Perityle_bisetosa_9                        0.0612255 0.0433019 0.0643636 0.0566100 0.2157798 0.2930992 0.2748312 0.1144473 0.0653401 0.0317491 0.0302642 0.0219861 0.0258244 0.0481410 0.0000000 0.0792861 0.0568427 0.0036215 0.0075685 0.0180059 0.3500965 0.0351981 0.0080178 0.0321083 0.0103370 0.0689312 0.0461117 0.1233219 0.0690005 0.1650919 0.0627046 0.0259458 0.0380099 0.0648841 0.0033959 0.0842934 0.0256232 0.0139486 0.0198117 0.0645166 0.0101696 0.0606165 0.0905675 0.0237738 0.0818551 0.0088214 0.0269499 0.0706227 0.0326828 0.0206123 0.0124477 0.0059235 0.0207116 0.0679544 0.0174393 0.0155785 0.0097303 0.2502319 0.1326404 0.0460326 0.0154652 0.0305548 0.0515128 0.0205881 0.0886506 0.1348282 0.0303799 0.0011113 0.0181402 0.0497155 0.0302510 0.0098535 0.0090412 0.0039159 0.0523289 0.0855634 0.0165735 0.0249098 0.1704823 0.0063636 0.0164618 
Perityle_californica_76_positas            0.0842832 0.0400494 0.0828332 0.0991890 0.2540346 0.2922479 0.2503719 0.1233815 0.0845120 0.1017425 0.0772179 0.1024662 0.0982045 0.1077913 0.0792861 0.0000000 0.0973871 0.0850596 0.0895683 0.0892732 0.3202923 0.1040261 0.0828354 0.1119520 0.0798606 0.1021816 0.0308694 0.1361875 0.0379267 0.1603134 0.0514795 0.1005236 0.0562508 0.1012720 0.0783883 0.1118499 0.0788452 0.0879254 0.0936551 0.0984523 0.0846265 0.0902765 0.1181677 0.0963969 0.1149425 0.0837317 0.1118705 0.1063442 0.1016911 0.0991203 0.0651163 0.0765325 0.0991324 0.1093987 0.0441459 0.0578503 0.0799767 0.2633653 0.1473516 0.0909709 0.0504675 0.1065725 0.0923056 0.0911318 0.0950347 0.0812539 0.0709579 0.0850937 0.0906219 0.0646805 0.0970725 0.0528800 0.0643418 0.0442849 0.1080722 0.1276925 0.0900955 0.1058893 0.1929959 0.0774023 0.0535307 
Perityle_canescens_77                      0.0947344 0.0496856 0.1134940 0.1040926 0.2825632 0.3256761 0.2987015 0.1436932 0.0960994 0.0942442 0.0920186 0.0908607 0.0736438 0.0899952 0.0568427 0.0973871 0.0000000 0.0457508 0.0589082 0.0798193 0.3974210 0.0985575 0.0754720 0.0981164 0.0689665 0.0716636 0.0598336 0.1421937 0.0971142 0.2209165 0.0992596 0.0930414 0.0799759 0.1026068 0.0564233 0.1130815 0.0604131 0.0799778 0.0823419 0.1007946 0.0518190 0.1028883 0.1199597 0.0846836 0.0912372 0.0665624 0.0846931 0.1015854 0.0828314 0.0810329 0.0520844 0.0418457 0.0839113 0.0715524 0.0485742 0.0578281 0.0688913 0.2734106 0.1506909 0.0794212 0.0478068 0.0960415 0.0707908 0.0763448 0.1021598 0.1083745 0.0582120 0.0438881 0.0840082 0.0670854 0.0898354 0.0844800 0.0495910 0.0446142 0.0820502 0.0966762 0.0835308 0.0784314 0.1904419 0.0621701 0.0708155 
Perityle_castillonii_96                    0.0705047 0.0492783 0.0679739 0.0588151 0.2471325 0.3134989 0.2843668 0.1231380 0.0433310 0.0348200 0.0331567 0.0370716 0.0380574 0.0331757 0.0036215 0.0850596 0.0457508 0.0000000 0.0118607 0.0240498 0.3596786 0.0456577 0.0115492 0.0443210 0.0122413 0.0571764 0.0620399 0.1111062 0.0576420 0.1486145 0.0648617 0.0370199 0.0321859 0.0599411 0.0062694 0.0488491 0.0300910 0.0155534 0.0272436 0.0568433 0.0285415 0.0568148 0.0534530 0.0321066 0.0353405 0.0084533 0.0418953 0.0618150 0.0345495 0.0295772 0.0285999 0.0138098 0.0352023 0.0554813 0.0299362 0.0285811 0.0121935 0.2392041 0.1315985 0.0472433 0.0278873 0.0394684 0.0577413 0.0200682 0.0891589 0.0767439 0.0326128 0.0071033 0.0254568 0.0623850 0.0119483 0.0147827 0.0253708 0.0096959 0.0689238 0.0483445 0.0205164 0.0372996 0.1861883 0.0097958 0.0206023 
Perityle_cernua_84                         0.0695746 0.0531359 0.0720835 0.0600703 0.2318491 0.2977259 0.2827326 0.1297933 0.0484931 0.0365132 0.0374378 0.0352224 0.0398511 0.0339656 0.0075685 0.0895683 0.0589082 0.0118607 0.0000000 0.0245508 0.3756445 0.0429608 0.0126609 0.0423122 0.0130961 0.0537308 0.0571306 0.1271897 0.0588711 0.1632549 0.0682474 0.0384790 0.0332646 0.0673709 0.0112905 0.0777386 0.0309238 0.0171209 0.0264836 0.0659492 0.0243065 0.0658751 0.0845201 0.0297460 0.0808847 0.0097013 0.0371033 0.0714275 0.0334827 0.0296755 0.0271653 0.0099138 0.0362089 0.0729160 0.0236313 0.0242580 0.0108285 0.2461499 0.1319219 0.0482579 0.0176763 0.0374140 0.0552321 0.0190164 0.0943951 0.0842026 0.0362148 0.0098348 0.0260814 0.0573464 0.0266902 0.0157123 0.0229441 0.0078138 0.0611640 0.0758432 0.0213907 0.0354918 0.1810528 0.0087070 0.0206750 
Perityle_cfvillosa_25_tin                  0.0776428 0.0595933 0.0880169 0.0752189 0.2194178 0.3227722 0.3096701 0.1359930 0.0610405 0.0209990 0.0655269 0.0132092 0.0172737 0.0576165 0.0180059 0.0892732 0.0798193 0.0240498 0.0245508 0.0000000 0.3730817 0.0227678 0.0243133 0.0287254 0.0247635 0.0736911 0.0672487 0.1356795 0.0800202 0.2182767 0.0775335 0.0228197 0.0551873 0.0761663 0.0250562 0.1180843 0.0371561 0.0251047 0.0073811 0.0764367 0.0070758 0.0743202 0.1305177 0.0165720 0.0996537 0.0102721 0.0243289 0.0849521 0.0176467 0.0143012 0.0084914 0.0200602 0.0167953 0.0889768 0.0281121 0.0309683 0.0170088 0.2651718 0.1387559 0.0634683 0.0254762 0.0246060 0.0731903 0.0332424 0.1133806 0.1275642 0.0448232 0.0208246 0.0092010 0.0689127 0.0591306 0.0250310 0.0050179 0.0156348 0.0687227 0.1029674 0.0355664 0.0190707 0.1863672 0.0065791 0.0300518 
Perityle_cinerea_113_Powell1310            0.3974383 0.2240226 0.3911833 0.3891780 0.7599971 0.5976036 0.5341261 0.4121885 0.3726394 0.3780010 0.3798966 0.3869438 0.3912217 0.3823242 0.3500965 0.3202923 0.3974210 0.3596786 0.3756445 0.3730817 0.0000000 0.3922753 0.3306697 0.3806585 0.3718780 0.3970750 0.3265272 0.4428002 0.3934369 0.4204412 0.3734628 0.3750658 0.3657771 0.3732841 0.3543387 0.3866046 0.3751500 0.3711107 0.3705080 0.3689149 0.3631164 0.3609433 0.3875647 0.3694508 0.0817359 0.3605687 0.3906780 0.3748963 0.3865821 0.3733157 0.3321367 0.3731095 0.3840464 0.3827531 0.2961525 0.2666031 0.3705977 0.4362235 0.3222045 0.3963009 0.2871018 0.3794865 0.3792332 0.3702415 0.3937271 0.3633270 0.1903710 0.3664553 0.3685395 0.3905807 0.3650917 0.2544805 0.3653258 0.2330154 0.4053815 0.4044030 0.3775173 0.3763145 0.3756609 0.3571523 0.3474453 
Perityle_coahuilensis_24                   0.0932997 0.0767449 0.1051481 0.0829128 0.2513799 0.3414985 0.3264306 0.1616074 0.1024572 0.0351734 0.0997422 0.0147502 0.0246420 0.0736761 0.0351981 0.1040261 0.0985575 0.0456577 0.0429608 0.0227678 0.3922753 0.0000000 0.0406523 0.0234149 0.0499738 0.1542650 0.0801094 0.1397169 0.0912141 0.2596569 0.0892058 0.0339423 0.1347577 0.0938485 0.0385302 0.1372639 0.0537682 0.0347736 0.0263981 0.0901612 0.0140252 0.0909742 0.1899830 0.0376920 0.1196713 0.0182989 0.0299329 0.1119521 0.0364560 0.0159551 0.0204963 0.0352036 0.0261040 0.1043809 0.0471472 0.0415767 0.0603535 0.3099446 0.1623540 0.0816486 0.0381609 0.0186287 0.0901049 0.0573539 0.1174691 0.1804934 0.0619134 0.0375101 0.0031633 0.0827205 0.0771896 0.0423801 0.0199121 0.0328629 0.0852279 0.1197755 0.0541614 0.0152339 0.2094276 0.0656239 0.0415969 
Perityle_cochisensis_44_cave_creek         0.0730287 0.0520504 0.0754473 0.0669456 0.2316449 0.3042194 0.2817146 0.1394785 0.0499482 0.0363946 0.0600584 0.0341429 0.0401760 0.0337533 0.0080178 0.0828354 0.0754720 0.0115492 0.0126609 0.0243133 0.3306697 0.0406523 0.0000000 0.0428527 0.0135364 0.0593123 0.0557173 0.1239850 0.0595147 0.1989925 0.0709355 0.0362255 0.0436267 0.0716109 0.0104083 0.1055469 0.0307588 0.0164447 0.0273045 0.0703479 0.0236788 0.0711597 0.1134196 0.0283770 0.0911562 0.0099618 0.0366156 0.0768555 0.0320738 0.0301401 0.0254808 0.0082312 0.0365258 0.0748970 0.0191712 0.0197422 0.0123448 0.2677479 0.1412673 0.0550763 0.0151881 0.0384240 0.0571965 0.0217297 0.0767977 0.0608995 0.0416774 0.0107884 0.0256139 0.0550604 0.0404099 0.0052995 0.0209926 0.0000010 0.0702241 0.0973570 0.0244224 0.0395470 0.1818132 0.0078901 0.0222330 
Perityle_congesta_202                      0.0991869 0.0765405 0.1115414 0.0961581 0.2555528 0.3227371 0.3120394 0.1532633 0.1024694 0.0334251 0.0818958 0.0303019 0.0317909 0.0653310 0.0321083 0.1119520 0.0981164 0.0443210 0.0423122 0.0287254 0.3806585 0.0234149 0.0428527 0.0000000 0.0445076 0.1560960 0.0884438 0.1480068 0.0813056 0.2372438 0.0914875 0.0303455 0.0723249 0.0932468 0.0430678 0.1424606 0.0535459 0.0408565 0.0305738 0.0891922 0.0083573 0.0932003 0.1851608 0.0293538 0.1107008 0.0071923 0.0080877 0.1074435 0.0275701 0.0150658 0.0240790 0.0375936 0.0298231 0.1081521 0.0426383 0.0415014 0.0333666 0.2990384 0.1555765 0.0869799 0.0302665 0.0204160 0.0905315 0.0517314 0.1021736 0.1584469 0.0590595 0.0392231 0.0131214 0.0902159 0.0783602 0.0409325 0.0198265 0.0308209 0.0919231 0.1253809 0.0545167 0.0176118 0.1986047 0.0309080 0.0441535 
Perityle_cordifolia_27                     0.0663159 0.0482722 0.0746358 0.0582600 0.2324518 0.3048111 0.2792193 0.1256832 0.0654141 0.0496893 0.1062175 0.0293376 0.0306297 0.0437906 0.0103370 0.0798606 0.0689665 0.0122413 0.0130961 0.0247635 0.3718780 0.0499738 0.0135364 0.0445076 0.0000000 0.0878212 0.0483313 0.1282246 0.0740710 0.2417028 0.0657466 0.0416176 0.0648373 0.0632068 0.0092253 0.1018413 0.0230499 0.0264984 0.0306049 0.0665821 0.0190922 0.0601472 0.1404480 0.0423534 0.0784742 0.0168883 0.0424691 0.0729837 0.0340622 0.0276515 0.0151400 0.0011670 0.0296170 0.0725083 0.0239941 0.0111381 0.0465493 0.2644837 0.1352481 0.0526230 0.0129589 0.0491470 0.0606595 0.0055439 0.0895844 0.1358762 0.0310561 0.0078642 0.0354914 0.0535878 0.0483478 0.0189064 0.0156700 0.0060142 0.0551249 0.0879771 0.0265557 0.0337296 0.1793095 0.0488750 0.0178426 
Perityle_coronopifolia_28_patagonia        0.0894395 0.0586966 0.1184766 0.0742367 0.2819654 0.3212038 0.2859002 0.1405019 0.0959781 0.1484723 0.1507231 0.0834395 0.0820990 0.1510465 0.0689312 0.1021816 0.0716636 0.0571764 0.0537308 0.0736911 0.3970750 0.1542650 0.0593123 0.1560960 0.0878212 0.0000000 0.0688775 0.1333556 0.0974341 0.2120470 0.0799133 0.1054403 0.0932059 0.0755312 0.0617733 0.0955952 0.0772399 0.0814512 0.0824212 0.0753774 0.0764891 0.0707931 0.1530196 0.1057293 0.0562424 0.1114364 0.1510841 0.0982060 0.0975987 0.1404269 0.0708203 0.0549216 0.0813202 0.0737515 0.0448689 0.0672434 0.0977867 0.2694125 0.1676388 0.0688583 0.0593486 0.1546404 0.0021444 0.1326663 0.1167455 0.1859582 0.0788077 0.0594983 0.1412906 0.0767609 0.0850426 0.0590955 0.0681489 0.0501394 0.0853552 0.0809473 0.0890878 0.1321189 0.1763962 0.1277404 0.0602256 
Perityle_crassifolia_70_ventanas           0.0595152 0.0293177 0.0505054 0.0645322 0.2430756 0.2801371 0.2717355 0.1154883 0.0512989 0.0738083 0.0788481 0.0786707 0.0729108 0.0815355 0.0461117 0.0308694 0.0598336 0.0620399 0.0571306 0.0672487 0.3265272 0.0801094 0.0557173 0.0884438 0.0483313 0.0688775 0.0000000 0.0557089 0.0312460 0.1414405 0.0407820 0.0719115 0.0016240 0.0636737 0.0558815 0.0579112 0.0778387 0.0594864 0.0683875 0.0592284 0.0675437 0.0588178 0.0673354 0.0683499 0.0419862 0.0549086 0.0835435 0.0645169 0.0724327 0.0746957 0.0661316 0.0514180 0.0724652 0.0631320 0.0474800 0.0540066 0.0430120 0.1896526 0.1219910 0.0548960 0.0373780 0.0783838 0.0693139 0.0645803 0.0575802 0.0462682 0.0313114 0.0554683 0.0678853 0.0030995 0.0555256 0.0478263 0.0632790 0.0516323 0.0771093 0.0597801 0.0729519 0.0755387 0.1931082 0.0447287 0.0067306 
Perityle_crassifolia_74_playa_balandra     0.1330443 0.0734423 0.1342244 0.1438619 0.1214358 0.2133138 0.2220544 0.1602001 0.1446076 0.1453063 0.1560680 0.1459924 0.1420327 0.1354247 0.1233219 0.1361875 0.1421937 0.1111062 0.1271897 0.1356795 0.4428002 0.1397169 0.1239850 0.1480068 0.1282246 0.1333556 0.0557089 0.0000000 0.1269332 0.1974020 0.1278258 0.1421351 0.0918196 0.1470897 0.1263126 0.1288790 0.1333645 0.1233971 0.1420026 0.1481900 0.0959751 0.1469797 0.1363718 0.1551359 0.1759665 0.1212400 0.1366183 0.1544607 0.1478061 0.1397169 0.1463675 0.0987788 0.1423760 0.1355933 0.0809073 0.0880894 0.1216789 0.2527010 0.1319263 0.1208427 0.0403380 0.1482260 0.1297346 0.1355902 0.1443181 0.1275416 0.0876979 0.1193598 0.1326917 0.0867905 0.1232924 0.1252367 0.1361756 0.0770501 0.1370622 0.1246118 0.1384361 0.1492636 0.1695809 0.1204406 0.1017117 
Perityle_cuneata_34_cuneata_San_antonio    0.0541741 0.0479731 0.0757495 0.0917970 0.2496366 0.3062880 0.2898754 0.1164578 0.0814577 0.0934328 0.1080776 0.0886751 0.0711135 0.0858009 0.0690005 0.0379267 0.0971142 0.0576420 0.0588711 0.0800202 0.3934369 0.0912141 0.0595147 0.0813056 0.0740710 0.0974341 0.0312460 0.1269332 0.0000000 0.2094276 0.0411980 0.0868019 0.0486190 0.0965652 0.0541895 0.1441383 0.0660484 0.0765810 0.0824611 0.0871842 0.0615228 0.0752936 0.1588057 0.0806625 0.0998039 0.0736235 0.0768567 0.1002695 0.0688821 0.0903751 0.0503144 0.0677051 0.0736026 0.0863938 0.0419861 0.0550531 0.0701778 0.2516727 0.1278105 0.0687937 0.0449725 0.0997701 0.0763664 0.0800659 0.0922001 0.1001398 0.0578618 0.0549955 0.0797917 0.0412634 0.1115378 0.0540064 0.0532319 0.0368925 0.0737152 0.1306723 0.0881720 0.0939937 0.1886640 0.0643171 0.0511370 
Perityle_cuneata_4                         0.1849580 0.1169542 0.2288748 0.1948982 0.2250029 0.1763816 0.2297492 0.0629880 0.2056204 0.2576830 0.2900411 0.2227777 0.1712253 0.2273884 0.1650919 0.1603134 0.2209165 0.1486145 0.1632549 0.2182767 0.4204412 0.2596569 0.1989925 0.2372438 0.2417028 0.2120470 0.1414405 0.1974020 0.2094276 0.0000000 0.1831607 0.2517315 0.2262968 0.2161255 0.1609280 0.2570420 0.1740434 0.2424372 0.2194980 0.2481720 0.1599466 0.2128834 0.3256267 0.2440713 0.2018318 0.2229575 0.2328355 0.2237489 0.2052370 0.1981032 0.1655750 0.1387692 0.1897303 0.1983471 0.1200083 0.1440300 0.2279191 0.1580120 0.0348342 0.2063212 0.1396766 0.2532186 0.2122374 0.2583629 0.1734773 0.2372069 0.1268529 0.1469476 0.2432084 0.1549780 0.2155100 0.2131558 0.1601477 0.1725487 0.1438968 0.2292031 0.2342481 0.1925497 0.2340564 0.2235754 0.1940961 
Perityle_discoidea_81                      0.0097229 0.0437139 0.0377518 0.0662604 0.2245294 0.2764678 0.2659518 0.1252163 0.0671475 0.0883770 0.0879220 0.0885123 0.0820624 0.0901571 0.0627046 0.0514795 0.0992596 0.0648617 0.0682474 0.0775335 0.3734628 0.0892058 0.0709355 0.0914875 0.0657466 0.0799133 0.0407820 0.1278258 0.0411980 0.1831607 0.0000000 0.0811990 0.0313742 0.0729086 0.0722619 0.1068944 0.0854883 0.0733257 0.0828712 0.0699830 0.0676681 0.0732987 0.1183863 0.0799877 0.1119250 0.0673066 0.0797796 0.0786205 0.0805709 0.0834676 0.0716813 0.0567468 0.0811321 0.0954291 0.0448211 0.0489360 0.0672731 0.2481449 0.1242658 0.0736957 0.0424997 0.0917950 0.0760159 0.0771876 0.0757814 0.0570066 0.0664446 0.0630728 0.0776390 0.0412693 0.0839957 0.0610655 0.0686619 0.0436093 0.0695747 0.1116904 0.0777181 0.0912232 0.1796018 0.0636659 0.0443332 
Perityle_dissecta_201                      0.0873385 0.0708543 0.0962291 0.0799684 0.2274613 0.3242485 0.3091897 0.1385083 0.0823846 0.0365162 0.0831526 0.0232564 0.0150070 0.0687753 0.0259458 0.1005236 0.0930414 0.0370199 0.0384790 0.0228197 0.3750658 0.0339423 0.0362255 0.0303455 0.0416176 0.1054403 0.0719115 0.1421351 0.0868019 0.2517315 0.0811990 0.0000000 0.0686722 0.0864345 0.0327222 0.1269364 0.0452540 0.0358034 0.0245327 0.0849223 0.0097895 0.0802557 0.1576154 0.0270040 0.1081613 0.0224712 0.0264585 0.0945844 0.0308322 0.0198156 0.0131969 0.0281274 0.0082604 0.0965818 0.0408688 0.0352465 0.0522346 0.2894477 0.1467467 0.0783835 0.0304750 0.0339502 0.0832166 0.0537025 0.1114169 0.1484345 0.0462953 0.0318566 0.0178860 0.0756702 0.0665804 0.0384239 0.0123869 0.0272384 0.0790822 0.1079756 0.0477789 0.0258656 0.1958425 0.0441844 0.0375733 
Perityle_emoryi_47_punta_san_jose          0.0300894 0.0260557 0.0413154 0.0527204 0.2170450 0.2962271 0.2735732 0.1123831 0.0521281 0.0822872 0.1318512 0.0605865 0.0557458 0.0795200 0.0380099 0.0562508 0.0799759 0.0321859 0.0332646 0.0551873 0.3657771 0.1347577 0.0436267 0.0723249 0.0648373 0.0932059 0.0016240 0.0918196 0.0486190 0.2262968 0.0313742 0.0686722 0.0000000 0.0594713 0.0401283 0.1098365 0.0502396 0.0704126 0.0560584 0.0579600 0.0406657 0.0532576 0.1528222 0.0853024 0.1004477 0.0445790 0.0819818 0.0653445 0.0562764 0.0598529 0.0435111 0.0277821 0.0541924 0.0730684 0.0301799 0.0313279 0.0789594 0.2620963 0.1245575 0.0565331 0.0247194 0.1052004 0.0566633 0.0722354 0.0873083 0.1148522 0.0568443 0.0295660 0.1154356 0.0011597 0.0723744 0.0527311 0.0424639 0.0398099 0.0543676 0.0911714 0.0567179 0.0627499 0.1782597 0.0869306 0.0325869 
Perityle_feddemae_99                       0.0832757 0.0464703 0.0941350 0.0798356 0.2710058 0.2965014 0.2793033 0.1387980 0.0714081 0.0900627 0.1077640 0.0848612 0.0839651 0.1008252 0.0648841 0.1012720 0.1026068 0.0599411 0.0673709 0.0761663 0.3732841 0.0938485 0.0716109 0.0932468 0.0632068 0.0755312 0.0636737 0.1470897 0.0965652 0.2161255 0.0729086 0.0864345 0.0594713 0.0000000 0.0700766 0.1275615 0.0712886 0.0740258 0.0749368 0.0086657 0.0709069 0.0074684 0.1332745 0.0898942 0.1095160 0.0670722 0.0830579 0.0123142 0.0773764 0.0824958 0.0669833 0.0589506 0.0811348 0.1031247 0.0573364 0.0660506 0.0669915 0.2762179 0.1453174 0.0816498 0.0659029 0.0905089 0.0707055 0.0758526 0.1127430 0.1284540 0.0678321 0.0635939 0.0806965 0.0728872 0.1073170 0.0694396 0.0667348 0.0592840 0.0829246 0.1189066 0.0807852 0.0923568 0.1958670 0.0633343 0.0622989 
Perityle_fosteri_93                        0.0717481 0.0569182 0.0742193 0.0622300 0.2429858 0.3020822 0.2639592 0.1218746 0.0500565 0.0352697 0.0337892 0.0316263 0.0368527 0.0302597 0.0033959 0.0783883 0.0564233 0.0062694 0.0112905 0.0250562 0.3543387 0.0385302 0.0104083 0.0430678 0.0092253 0.0617733 0.0558815 0.1263126 0.0541895 0.1609280 0.0722619 0.0327222 0.0401283 0.0700766 0.0000000 0.0882294 0.0262573 0.0170002 0.0246916 0.0675139 0.0213341 0.0693490 0.0943282 0.0269868 0.0772294 0.0114569 0.0354374 0.0717559 0.0305392 0.0280294 0.0224116 0.0066326 0.0317494 0.0747727 0.0259041 0.0197872 0.0057010 0.2537310 0.1268668 0.0529519 0.0178637 0.0385147 0.0584918 0.0201184 0.0727279 0.0575690 0.0308590 0.0023342 0.0228988 0.0573579 0.0227124 0.0171826 0.0204868 0.0078929 0.0642695 0.0855075 0.0192945 0.0377267 0.1821689 0.0034667 0.0194239 
Perityle_gamon_221                         0.1106709 0.0507613 0.1350544 0.1138776 0.2580963 0.3100943 0.2841942 0.1358300 0.1290956 0.1339909 0.1365003 0.1273832 0.1084488 0.1384838 0.0842934 0.1118499 0.1130815 0.0488491 0.0777386 0.1180843 0.3866046 0.1372639 0.1055469 0.1424606 0.1018413 0.0955952 0.0579112 0.1288790 0.1441383 0.2570420 0.1068944 0.1269364 0.1098365 0.1275615 0.0882294 0.0000000 0.0890049 0.1035624 0.1223073 0.1316716 0.0639548 0.1222494 0.0128053 0.1280011 0.0335773 0.1059003 0.1065985 0.1301860 0.1236474 0.1098788 0.0891552 0.0465130 0.1183983 0.0370493 0.0373504 0.0572371 0.1029966 0.2708894 0.1376541 0.0901720 0.0419600 0.1330054 0.0824314 0.1070786 0.1334505 0.2138340 0.0515699 0.0579129 0.1180502 0.0708202 0.1108921 0.1215147 0.0621697 0.0406952 0.0816107 0.0340727 0.1088996 0.1092471 0.1943957 0.0994361 0.0996046 
Perityle_gentryi_8_san_francisco           0.0928304 0.0668999 0.0933287 0.0747513 0.2708560 0.3061110 0.2780104 0.1419102 0.0606856 0.0467175 0.0460838 0.0463643 0.0496518 0.0045958 0.0256232 0.0788452 0.0604131 0.0300910 0.0309238 0.0371561 0.3751500 0.0537682 0.0307588 0.0535459 0.0230499 0.0772399 0.0778387 0.1333645 0.0660484 0.1740434 0.0854883 0.0452540 0.0502396 0.0712886 0.0262573 0.0890049 0.0000000 0.0299312 0.0390432 0.0697983 0.0373789 0.0700095 0.0951013 0.0390703 0.0943985 0.0240924 0.0468894 0.0759529 0.0430095 0.0425170 0.0386085 0.0221480 0.0454857 0.0918548 0.0344356 0.0331267 0.0268133 0.2712222 0.1403414 0.0644189 0.0229217 0.0499979 0.0751617 0.0305431 0.0717489 0.0571336 0.0446074 0.0255491 0.0375542 0.0737210 0.0359720 0.0309482 0.0359327 0.0218197 0.0790195 0.0838197 0.0373830 0.0504139 0.2044601 0.0232844 0.0347767 
Perityle_gilensis_22_Superstition          0.0727259 0.0493604 0.0792913 0.0624012 0.2446761 0.3108434 0.2932412 0.1283574 0.0600875 0.0395803 0.1051173 0.0295948 0.0353131 0.0514265 0.0139486 0.0879254 0.0799778 0.0155534 0.0171209 0.0251047 0.3711107 0.0347736 0.0164447 0.0408565 0.0264984 0.0814512 0.0594864 0.1233971 0.0765810 0.2424372 0.0733257 0.0358034 0.0704126 0.0740258 0.0170002 0.1035624 0.0299312 0.0000000 0.0307865 0.0718463 0.0200695 0.0720014 0.1416562 0.0354101 0.0848953 0.0200438 0.0331549 0.0810794 0.0395447 0.0261280 0.0172930 0.0129607 0.0331710 0.0807674 0.0235523 0.0176227 0.0494868 0.2757145 0.1325953 0.0590636 0.0177713 0.0372056 0.0675765 0.0317162 0.0978900 0.1277708 0.0357423 0.0109738 0.0255036 0.0607433 0.0505489 0.0212893 0.0164831 0.0039105 0.0636748 0.0907400 0.0282669 0.0335856 0.1831905 0.0541419 0.0244044 
Perityle_gilensis_salensis_225             0.0838028 0.0714995 0.0940609 0.0732826 0.2424338 0.3174905 0.2971908 0.1424804 0.0623300 0.0228312 0.0557572 0.0138386 0.0171399 0.0546532 0.0198117 0.0936551 0.0823419 0.0272436 0.0264836 0.0073811 0.3705080 0.0263981 0.0273045 0.0305738 0.0306049 0.0824212 0.0683875 0.1420026 0.0824611 0.2194980 0.0828712 0.0245327 0.0560584 0.0749368 0.0246916 0.1223073 0.0390432 0.0307865 0.0000000 0.0761215 0.0027780 0.0720554 0.1308490 0.0217696 0.0973154 0.0074889 0.0274577 0.0870683 0.0193641 0.0112939 0.0083579 0.0210691 0.0155620 0.0901073 0.0364200 0.0329094 0.0217653 0.2839478 0.1484749 0.0671706 0.0278370 0.0273153 0.0802932 0.0388666 0.1029129 0.1181158 0.0409019 0.0206942 0.0091968 0.0706218 0.0628975 0.0302884 0.0061506 0.0194489 0.0726453 0.1059480 0.0424682 0.0188185 0.2000058 0.0123326 0.0319598 
Perityle_glaucescens_94                    0.0807218 0.0407969 0.0914888 0.0772298 0.2625086 0.2930061 0.2718247 0.1346892 0.0686361 0.0897235 0.1401161 0.0876368 0.0827859 0.0959546 0.0645166 0.0984523 0.1007946 0.0568433 0.0659492 0.0764367 0.3689149 0.0901612 0.0703479 0.0891922 0.0665821 0.0753774 0.0592284 0.1481900 0.0871842 0.2481720 0.0699830 0.0849223 0.0579600 0.0086657 0.0675139 0.1316716 0.0697983 0.0718463 0.0761215 0.0000000 0.0672790 0.0010777 0.1570017 0.0861644 0.1070324 0.0680301 0.0755790 0.0077238 0.0784016 0.0840118 0.0651095 0.0576981 0.0811768 0.0994698 0.0554510 0.0619988 0.0713648 0.2807123 0.1404563 0.0777169 0.0635702 0.0901663 0.0696815 0.0749907 0.1093007 0.1167756 0.0599605 0.0619800 0.0783520 0.0689720 0.1069688 0.0688480 0.0637178 0.0557776 0.0779246 0.1154559 0.0831230 0.0939375 0.1906546 0.0679047 0.0633818 
Perityle_gracilis_11                       0.0834301 0.0607707 0.0837483 0.0751188 0.2318126 0.3416248 0.3103647 0.1430091 0.0565578 0.0084317 0.0088425 0.0097638 0.0141957 0.0413323 0.0101696 0.0846265 0.0518190 0.0285415 0.0243065 0.0070758 0.3631164 0.0140252 0.0236788 0.0083573 0.0190922 0.0764891 0.0675437 0.0959751 0.0615228 0.1599466 0.0676681 0.0097895 0.0406657 0.0709069 0.0213341 0.0639548 0.0373789 0.0200695 0.0027780 0.0672790 0.0000000 0.0666652 0.0679229 0.0041699 0.0469306 0.0014247 0.0055708 0.0699565 0.0027861 0.0027712 0.0030634 0.0188797 0.0084152 0.0712220 0.0306422 0.0290655 0.0101014 0.2016836 0.1347435 0.0641836 0.0207123 0.0139948 0.0743736 0.0312986 0.0768696 0.0624932 0.0178529 0.0228758 0.0000010 0.0734967 0.0200495 0.0250867 0.0000010 0.0181980 0.0796496 0.0591412 0.0363271 0.0112748 0.2031468 0.0028943 0.0169884 
Perityle_harkerae_31                       0.0850434 0.0410194 0.0937214 0.0796719 0.2799126 0.2998192 0.2612401 0.1377182 0.0640305 0.0854828 0.0955379 0.0841552 0.0841024 0.0831882 0.0606165 0.0902765 0.1028883 0.0568148 0.0658751 0.0743202 0.3609433 0.0909742 0.0711597 0.0932003 0.0601472 0.0707931 0.0588178 0.1469797 0.0752936 0.2128834 0.0732987 0.0802557 0.0532576 0.0074684 0.0693490 0.1222494 0.0700095 0.0720014 0.0720554 0.0010777 0.0666652 0.0000000 0.1264546 0.0792481 0.1057702 0.0651943 0.0813987 0.0086210 0.0786806 0.0806625 0.0647853 0.0488852 0.0824785 0.0997080 0.0553807 0.0619417 0.0635796 0.2721503 0.1400213 0.0796467 0.0609176 0.0884851 0.0685459 0.0704903 0.0818318 0.0660472 0.0599521 0.0608896 0.0781899 0.0690804 0.0992695 0.0680384 0.0617407 0.0536149 0.0803478 0.1213187 0.0808910 0.0898986 0.1967106 0.0582488 0.0552118 
Perityle_hofmeisteria_4_nombre_de_dios     0.1204790 0.0590632 0.1457245 0.1258972 0.2539137 0.3199769 0.2989636 0.1444920 0.1493291 0.1897185 0.1715068 0.1321190 0.1132770 0.1817919 0.0905675 0.1181677 0.1199597 0.0534530 0.0845201 0.1305177 0.3875647 0.1899830 0.1134196 0.1851608 0.1404480 0.1530196 0.0673354 0.1363718 0.1588057 0.3256267 0.1183863 0.1576154 0.1528222 0.1332745 0.0943282 0.0128053 0.0951013 0.1416562 0.1308490 0.1570017 0.0679229 0.1264546 0.0000000 0.1597379 0.0375865 0.1586573 0.1677290 0.1436317 0.1407866 0.1491895 0.0935853 0.0525865 0.1218542 0.0414914 0.0481636 0.0662346 0.1512902 0.3066602 0.1639521 0.0947047 0.0521939 0.1832731 0.1157270 0.1818519 0.1400589 0.2519955 0.0566042 0.0635817 0.1810483 0.0779420 0.1200111 0.1300950 0.0656521 0.0478663 0.0862840 0.0413179 0.1262165 0.1528135 0.2045607 0.1507701 0.1100695 
Perityle_huecosensis_48                    0.0824526 0.0678159 0.0995066 0.0818050 0.2374003 0.3218900 0.3006093 0.1445424 0.0822968 0.0389543 0.0908644 0.0204167 0.0149824 0.0631667 0.0237738 0.0963969 0.0846836 0.0321066 0.0297460 0.0165720 0.3694508 0.0376920 0.0283770 0.0293538 0.0423534 0.1057293 0.0683499 0.1551359 0.0806625 0.2440713 0.0799877 0.0270040 0.0853024 0.0898942 0.0269868 0.1280011 0.0390703 0.0354101 0.0217696 0.0861644 0.0041699 0.0792481 0.1597379 0.0000000 0.0993240 0.0278732 0.0270355 0.0980907 0.0230831 0.0249990 0.0059600 0.0318679 0.0145214 0.0913078 0.0363790 0.0351713 0.0598242 0.2873840 0.1508163 0.0683719 0.0278000 0.0377218 0.0772461 0.0610484 0.1027320 0.1319713 0.0463675 0.0240318 0.0248990 0.0707794 0.0651999 0.0302851 0.0049134 0.0213479 0.0728121 0.1095518 0.0434038 0.0271679 0.1979918 0.0574236 0.0355401 
Perityle_incana_3_ucla                     0.1188360 0.0705590 0.1292413 0.1067356 0.0000010 0.1389645 0.1880461 0.1193093 0.0997669 0.1137292 0.1135148 0.1106144 0.1039716 0.0999127 0.0818551 0.1149425 0.0912372 0.0353405 0.0808847 0.0996537 0.0817359 0.1196713 0.0911562 0.1107008 0.0784742 0.0562424 0.0419862 0.1759665 0.0998039 0.2018318 0.1119250 0.1081613 0.1004477 0.1095160 0.0772294 0.0335773 0.0943985 0.0848953 0.0973154 0.1070324 0.0469306 0.1057702 0.0375865 0.0993240 0.0000000 0.0909085 0.0658836 0.1170698 0.1042753 0.1105686 0.1047397 0.0258484 0.1062049 0.0431666 0.0383803 0.0509628 0.0742685 0.3132823 0.1465458 0.0827085 0.0228312 0.1198475 0.0563840 0.0999799 0.0961317 0.0959711 0.0619581 0.0548199 0.1042553 0.0599057 0.0894090 0.0974068 0.0574794 0.0449794 0.0629058 0.0269138 0.0854839 0.1181835 0.0532852 0.0791860 0.0921786 
Perityle_intricata_59_Clark_mtns           0.0701756 0.0496846 0.0747536 0.0607927 0.2509715 0.3005945 0.2863644 0.1355946 0.0572185 0.0250659 0.0679338 0.0124480 0.0176013 0.0561045 0.0088214 0.0837317 0.0665624 0.0084533 0.0097013 0.0102721 0.3605687 0.0182989 0.0099618 0.0071923 0.0168883 0.1114364 0.0549086 0.1212400 0.0736235 0.2229575 0.0673066 0.0224712 0.0445790 0.0670722 0.0114569 0.1059003 0.0240924 0.0200438 0.0074889 0.0680301 0.0014247 0.0651943 0.1586573 0.0278732 0.0909085 0.0000000 0.0078862 0.0817398 0.0051086 0.0041568 0.0049235 0.0071008 0.0138727 0.0754682 0.0195288 0.0154554 0.0222727 0.2827131 0.1426296 0.0541428 0.0128393 0.0164194 0.0592294 0.0339089 0.0950617 0.1616622 0.0462226 0.0055507 0.0079415 0.0564389 0.0418420 0.0159494 0.0025367 0.0000010 0.0628464 0.0893388 0.0214272 0.0124194 0.1777844 0.0212304 0.0187038 
