81
Amauria_brandeegeana_62                    0.0000000 0.8387433 0.0526144 0.1795885 0.4149216 0.2833377 0.3234598 0.2030933 0.3672708 0.2839934 0.2911434 0.2734650 0.2434511 0.1984733 0.1912212 0.2517713 0.2685161 0.1880954 0.2145274 0.2821384 0.1591347 0.2146292 0.4005254 0.2235121 0.3115516 0.2405700 0.2848234 0.2641255 0.2469216 0.2370208 0.2248707 0.2158027 0.2481549 0.2224436 0.1953029 0.2322587 0.1991567 0.4211523 0.2150208 0.2415324 0.2137765 0.3509305 0.2355658 0.1970776 0.2675696 0.2358706 0.2601256 0.2406258 0.2281024 0.3669003 0.2228200 0.2369902 0.1859652 0.3242331 0.1771523 0.1891368 0.2251500 0.2630232 0.3018247 0.1368779 0.2186379 0.1583336 0.1978560 0.2280044 0.2200331 0.4078318 0.2359926 0.1968231 0.2404304 0.2084450 0.2768766 0.3647780 0.2139868 0.2466092 0.4010794 0.2292291 0.2690169 0.3041955 0.2517428 0.3190237 0.1906823 
Amauria_carterae_99_mesa                   0.8387433 0.0000000 0.8219791 0.6825040 0.6683497 0.3981079 0.5389867 0.5410149 0.5236772 0.4529524 0.4701251 0.8731468 0.4061910 0.7862949 0.7255590 0.7136906 0.3632427 0.7525609 0.7011391 0.4672284 0.5549032 0.6914957 0.4813210 0.6893963 1.0854513 0.7874547 0.4236205 0.1108422 0.7989697 0.6471765 0.6405440 0.6962869 0.7625411 0.7665162 0.7901674 0.7651713 0.7870529 0.4203134 0.5666102 0.7951690 0.6739962 1.2206975 0.7508999 0.8025765 0.3335283 0.7572970 0.8516394 0.8018214 0.7359425 0.4951062 0.7026422 0.7436617 0.6831103 0.3292464 0.4073448 0.4796335 0.7498988 0.6770820 0.4530681 0.2691964 0.4473301 0.8311320 0.7918531 0.7615470 0.7633285 0.7013737 0.7863666 0.3263369 0.7386575 0.6732472 0.4762274 0.3720337 0.6923216 0.3539839 0.7600669 0.7548364 0.5004253 1.0215091 0.3243510 0.4991347 0.7296750 
Amauria_rotundifolia_SRR9119150            0.0526144 0.8219791 0.0000000 0.1978878 0.4187710 0.2641501 0.3391041 0.2296805 0.3765285 0.2781850 0.3150138 0.2835768 0.2578228 0.2267589 0.2126087 0.2573968 0.2872989 0.2132652 0.2335775 0.3137514 0.1816609 0.2435407 0.4127065 0.2546703 0.3276225 0.2492927 0.2977452 0.2214990 0.2557482 0.2533323 0.2477579 0.2270145 0.2715241 0.2498063 0.2146794 0.2448475 0.2295865 0.4436070 0.2484524 0.2717109 0.2448807 0.3562908 0.2463650 0.2137148 0.2805157 0.2631729 0.2881847 0.2704485 0.2499948 0.3783416 0.2488385 0.2600163 0.2102063 0.3379799 0.1899439 0.2084796 0.2553067 0.2904197 0.3207376 0.1478846 0.2411303 0.1847005 0.2257819 0.2511564 0.2469133 0.4146832 0.2579524 0.2161454 0.2409230 0.2269167 0.2940888 0.3488210 0.2515217 0.2789408 0.4138142 0.2494656 0.2906136 0.3162684 0.2601544 0.3161185 0.2156511 
Eutetras_palmeri_63                        0.1795885 0.6825040 0.1978878 0.0000000 0.2930294 0.2952294 0.2962508 0.1026518 0.2006897 0.1057058 0.1190028 0.0971473 0.1491903 0.0807552 0.0673962 0.1075549 0.1989209 0.0857870 0.0950386 0.1421554 0.1238333 0.0806402 0.0691981 0.0960632 0.1490645 0.0906455 0.2236369 0.1405043 0.0958550 0.0958725 0.1145356 0.0678623 0.0920904 0.0986600 0.0691096 0.0977728 0.0851772 0.1740787 0.0708092 0.0995224 0.0957429 0.1497139 0.0975354 0.0797725 0.1670055 0.0989558 0.1162396 0.0993245 0.0936897 0.1836830 0.0927348 0.0901609 0.0866228 0.2839484 0.0871322 0.1202039 0.0990144 0.1217430 0.1447623 0.1470624 0.0933679 0.1624529 0.0673958 0.0998142 0.0922327 0.2528129 0.1019060 0.1537966 0.0802525 0.0812512 0.1307160 0.1702619 0.0977524 0.1775533 0.2729960 0.0934420 0.1164745 0.1372081 0.2095501 0.1234239 0.0645589 
Eutrochium_fistulosum_SRR9119106           0.4149216 0.6683497 0.4187710 0.2930294 0.0000000 0.2452331 0.3587936 0.3115870 0.3300164 0.3190712 0.3081798 0.2871286 0.3815425 0.2968573 0.2450457 0.3362810 0.4149636 0.3017392 0.2753793 0.3415157 0.2899120 0.2610911 0.1830108 0.2770228 0.3530476 0.2749356 0.3383572 0.4143523 0.3121268 0.2835578 0.3348246 0.2906717 0.3103472 0.2765474 0.2859092 0.2931047 0.3011655 0.3347230 0.2375383 0.2746535 0.2687289 0.3146542 0.2919772 0.2980979 0.3084704 0.2831642 0.2929884 0.2838380 0.2864999 0.3577701 0.2628931 0.2687040 0.3005752 0.4848389 0.2066352 0.2525192 0.2844120 0.2878471 0.3318884 0.2466771 0.3260376 0.2888137 0.2922748 0.2866732 0.2791846 0.2765577 0.2938040 0.2894050 0.2555622 0.2620469 0.3328892 0.4183078 0.2768690 0.2967827 0.2737152 0.2778567 0.3535048 0.3444087 0.2680572 0.3315413 0.2526541 
Galeana_pratensis_104_mex                  0.2833377 0.3981079 0.2641501 0.2952294 0.2452331 0.0000000 0.2479358 0.2669846 0.3194135 0.2949059 0.2919774 0.3508245 0.3025731 0.3154354 0.3259494 0.3440857 0.3711687 0.3251389 0.3230192 0.2857458 0.2206640 0.3459137 0.1384359 0.3605885 0.2696989 0.2837169 0.2455748 0.2909491 0.3261221 0.3178252 0.3001864 0.3212755 0.3030518 0.3189647 0.3014796 0.3323403 0.2908944 0.3595065 0.2171551 0.3136803 0.3477034 0.2907266 0.3274770 0.3377741 0.3521432 0.3231570 0.3301244 0.3267488 0.3491246 0.3124732 0.3439665 0.3040954 0.3539610 0.2766314 0.1738352 0.2394247 0.3617542 0.2913047 0.3017026 0.1179976 0.2964418 0.1791921 0.3103296 0.3564352 0.3463297 0.2777337 0.3253099 0.2125746 0.2833380 0.3374899 0.2887969 0.3198140 0.3412014 0.2008882 0.2712265 0.3027190 0.3443165 0.3536049 0.1783786 0.2770435 0.2821478 
Helianthus_annuus_SRR9119062               0.3234598 0.5389867 0.3391041 0.2962508 0.3587936 0.2479358 0.0000000 0.2858321 0.3057266 0.2641785 0.2440309 0.3172530 0.3146036 0.3212800 0.2690640 0.3339637 0.3574120 0.2995156 0.3001805 0.2701147 0.2069248 0.2827551 0.2585249 0.2914199 0.3506837 0.3020619 0.1830825 0.3057215 0.3095290 0.2919361 0.2886038 0.2853004 0.2952159 0.3076382 0.2977753 0.3073904 0.3319600 0.3130245 0.2584474 0.3117749 0.2916659 0.3492171 0.2981259 0.3103125 0.3586137 0.3035467 0.3205600 0.3081730 0.3016882 0.2993580 0.2931715 0.2982966 0.2801161 0.3926540 0.2116786 0.2422850 0.3158333 0.3318346 0.2786396 0.2181735 0.2490557 0.2106314 0.3041113 0.3218956 0.3015384 0.4059357 0.3261652 0.2301015 0.2857645 0.2848728 0.2760680 0.3563011 0.2963549 0.2621603 0.4136529 0.2957000 0.2919156 0.3673929 0.2247574 0.2647360 0.2687286 
Lycapsus_tenuifolius_17                    0.2030933 0.5410149 0.2296805 0.1026518 0.3115870 0.2669846 0.2858321 0.0000000 0.1845937 0.1010885 0.0921211 0.1008059 0.0888066 0.1099225 0.0731119 0.1027569 0.2189922 0.1094864 0.1041272 0.1253250 0.1029707 0.0833155 0.0426386 0.0883494 0.1256546 0.0987046 9.0000000 0.0338000 0.1036298 0.0966854 0.0040503 0.0953608 0.0083308 0.1090873 0.1031851 0.1027219 0.1138128 0.1395758 0.0652500 0.0947240 0.0882756 0.0981428 0.0910198 0.1110689 0.1779953 0.0938386 0.0957773 0.0937799 0.0995697 0.1847108 0.0804298 0.0925435 0.0895860 0.2845547 0.0695981 0.0895203 0.0890758 0.0943798 0.1329226 0.1055294 0.0807218 0.1412532 0.0972744 0.0997627 0.1016986 0.2317446 0.1070829 0.1458671 0.0877343 0.0821885 0.0717376 0.1557496 0.0925144 0.1479979 0.2554247 0.0913885 0.0964885 0.1149390 0.1870491 0.1031292 0.0653809 
Pericome_caudata_50_silver                 0.3672708 0.5236772 0.3765285 0.2006897 0.3300164 0.3194135 0.3057266 0.1845937 0.0000000 0.1378624 0.1182727 0.2131088 0.2941124 0.2190346 0.1775841 0.2135787 0.2554283 0.2124717 0.1821693 0.2242465 0.1960548 0.1889131 0.1026587 0.1864330 0.2035578 0.2102153 0.0849263 0.3194410 0.2219429 0.1958916 0.2100992 0.1930213 0.2387084 0.2172671 0.2012047 0.2173980 0.2321046 0.1236198 0.1314729 0.2099622 0.1755563 0.2391975 0.2198836 0.2109332 0.2982327 0.2124020 0.1788598 0.2074930 0.1935796 0.1579125 0.1858925 0.2098589 0.1946336 0.3179422 0.1145770 0.1632853 0.1989693 0.1786565 0.1331301 0.2389344 0.2217713 0.1437467 0.2200839 0.2321971 0.2043338 0.2897680 0.2226174 0.1640165 0.1828974 0.1977494 0.1470452 0.3229882 0.2017635 0.1767386 0.2940538 0.2175126 0.2071151 0.2501822 0.1696706 0.2621135 0.1703829 
Perityle_aglossa_84_dead_horse             0.2839934 0.4529524 0.2781850 0.1057058 0.3190712 0.2949059 0.2641785 0.1010885 0.1378624 0.0000000 0.0582416 0.0734739 0.1916130 0.1359636 0.0993700 0.1076347 0.2395946 0.1038414 0.0642384 0.1616197 0.1012108 0.0898134 0.0491742 0.0775491 0.1445874 0.0871452 0.0529342 0.2596002 0.1075952 0.0992250 0.1188567 0.0684592 0.1502931 0.1380803 0.0976735 0.1531819 0.1527261 0.0691782 0.0238093 0.1559335 0.0495778 0.1955264 0.1362499 0.1081279 0.2266026 0.1112659 0.0873162 0.1286153 0.0586911 0.0864442 0.0823189 0.1080780 0.0257372 0.3064509 0.0518471 0.0670114 0.0993289 0.0663403 0.0980095 0.1951845 0.1460727 0.1516155 0.1484070 0.1461203 0.1144334 0.2701741 0.1450879 0.1456723 0.0881527 0.1068205 0.0974538 0.2360372 0.1057529 0.1597276 0.2745936 0.1295095 0.0569303 0.0744626 0.1843832 0.1982351 0.0699895 
Perityle_ajoensis_204                      0.2911434 0.4701251 0.3150138 0.1190028 0.3081798 0.2919774 0.2440309 0.0921211 0.1182727 0.0582416 0.0000000 0.1223035 0.1987029 0.1307223 0.1218927 0.1261095 0.2552192 0.0682155 0.1064995 0.1471360 0.0559536 0.1011917 0.0126548 0.0571950 0.1401006 0.1320392 0.0551188 0.2608590 0.1250003 0.0944735 0.1138603 0.0688265 0.1427168 0.1504740 0.1191956 0.1814527 0.1538474 0.0368587 0.0489396 0.1598006 0.0418188 0.1696272 0.1526637 0.1305377 0.2584523 0.0943793 0.0368031 0.1413057 0.0979449 0.0477236 0.0693090 0.1260902 0.0899325 0.3030645 0.0712993 0.0809622 0.0866270 0.0134634 0.0700919 0.2017866 0.1567299 0.1522055 0.1316196 0.1628640 0.1330652 0.2436625 0.1528016 0.1651657 0.1103554 0.1103909 0.0670745 0.2015030 0.0840568 0.1322338 0.2556750 0.1423745 0.0865184 0.1451322 0.1941328 0.1708957 0.0920420 
Perityle_ambrosiifolia_67_green            0.2734650 0.8731468 0.2835768 0.0971473 0.2871286 0.3508245 0.3172530 0.1008059 0.2131088 0.0734739 0.1223035 0.0000000 0.0759456 0.1078256 0.0614863 0.0921338 0.2034338 0.0911941 0.0481487 0.0997089 0.0987724 0.0565245 0.0861233 0.0527800 0.0833254 0.0764234 0.8869484 0.1634567 0.0839892 0.0973120 0.1049611 0.0642772 0.1290066 0.0912520 0.0881400 0.1106466 0.1198009 0.1204045 0.0196617 0.1119711 0.0477712 0.1394916 0.1013489 0.0975949 0.1831432 0.0738973 0.0657345 0.0931082 0.0283647 0.1889811 0.0566547 0.0745757 0.0070099 0.3504154 0.0758345 0.0960048 0.0704024 0.0570796 0.1175854 0.1530592 0.0513935 0.1667082 0.0959438 0.1016637 0.0888891 0.2744438 0.1061325 0.1384709 0.0595204 0.0424514 0.1294685 0.1331980 0.0755700 0.1643251 0.2953618 0.1128286 0.0446713 0.0392518 0.2292460 0.1113605 0.0378984 
Perityle_angustifolia_13_Eagle_creek       0.2434511 0.4061910 0.2578228 0.1491903 0.3815425 0.3025731 0.3146036 0.0888066 0.2941124 0.1916130 0.1987029 0.0759456 0.0000000 0.1810614 0.1203439 0.1739467 0.3137928 0.1218020 0.1330893 0.0950185 0.0911057 0.1037927 0.2117794 0.0863906 0.2102577 0.1671032 0.3138625 0.2187189 0.1641295 0.1435522 0.1042614 0.1208807 0.1710095 0.1570173 0.1676418 0.1768018 0.1903892 0.2375618 0.0431722 0.1579582 0.0679957 0.2066572 0.1624741 0.1743848 0.2917698 0.0929785 0.0822857 0.1583548 0.1249567 0.2580972 0.0866188 0.1206623 0.0464166 0.2986879 0.1548702 0.1780551 0.0970170 0.0670834 0.2346503 0.2023549 0.1057425 0.1615073 0.1513742 0.1550215 0.1356116 0.3644228 0.1622348 0.1432658 0.1357692 0.1025686 0.2197414 0.2515561 0.0919404 0.1352725 0.3892622 0.1573877 0.2339987 0.1294987 0.1296730 0.0995273 0.1132371 
Perityle_batopilensis_97                   0.1984733 0.7862949 0.2267589 0.0807552 0.2968573 0.3154354 0.3212800 0.1099225 0.2190346 0.1359636 0.1307223 0.1078256 0.1810614 0.0000000 0.0617013 0.1132804 0.1984577 0.0654408 0.1027086 0.1337896 0.1089601 0.0804353 0.0938527 0.0799272 0.1681875 0.0901716 0.2833681 0.2123157 0.1053702 0.1000460 0.1230448 0.0270242 0.1129919 0.1099040 0.0297841 0.1058022 0.0136789 0.1338466 0.0601776 0.1078510 0.0765746 0.1809650 0.0981364 0.0345899 0.1712601 0.0949223 0.0973342 0.1052635 0.0960378 0.2044122 0.0843109 0.0940017 0.0764498 0.3081611 0.0821869 0.1077361 0.0892128 0.0946698 0.1690365 0.1506108 0.0971121 0.1605863 0.0279158 0.1178334 0.1029365 0.2603950 0.1053155 0.1493862 0.1005073 0.0882923 0.1442531 0.1934335 0.0827020 0.1710890 0.2840119 0.1026834 0.1043357 0.1450615 0.2097811 0.1513911 0.0755060 
Perityle_bisetosa_9                        0.1912212 0.7255590 0.2126087 0.0673962 0.2450457 0.3259494 0.2690640 0.0731119 0.1775841 0.0993700 0.1218927 0.0614863 0.1203439 0.0617013 0.0000000 0.0768861 0.1569571 0.0647111 0.0238601 0.0928523 0.0690132 0.0181680 0.0936216 0.0339112 0.1131820 0.0389849 0.1548392 0.1685853 0.0547647 0.0638900 0.0806251 0.0448722 0.0614237 0.0448511 0.0359089 0.0539833 0.0641786 0.1207818 0.0188670 0.0503006 0.0307738 0.1558066 0.0504195 0.0394604 0.1177471 0.0502819 0.0645532 0.0491484 0.0239003 0.1705012 0.0340826 0.0248602 0.0163711 0.2894597 0.0316951 0.0583321 0.0397707 0.0649867 0.1151998 0.1304584 0.0291594 0.1223802 0.0587511 0.0529980 0.0290152 0.2312287 0.0546317 0.1064699 0.0376925 0.0412678 0.0971292 0.1751214 0.0373461 0.1497910 0.2416521 0.0510351 0.0407305 0.0857279 0.1821786 0.1327339 0.0129189 
Perityle_californica_76_positas            0.2517713 0.7136906 0.2573968 0.1075549 0.3362810 0.3440857 0.3339637 0.1027569 0.2135787 0.1076347 0.1261095 0.0921338 0.1739467 0.1132804 0.0768861 0.0000000 0.2062655 0.1147437 0.0955192 0.1451812 0.1312151 0.0753367 0.0744384 0.0848429 0.1446642 0.0921398 0.3277375 0.1503917 0.0449557 0.0938338 0.1138863 0.0971529 0.1038762 0.0927821 0.1070835 0.1008243 0.1148905 0.1629209 0.0530994 0.1068112 0.0881916 0.1637592 0.0975414 0.1150237 0.1987310 0.0916165 0.1005986 0.1042397 0.0866106 0.2878917 0.0828557 0.0785746 0.0805866 0.3269468 0.0880871 0.1413199 0.0910882 0.1018838 0.1446094 0.1349781 0.0846252 0.1679376 0.1002637 0.1029239 0.0894688 0.2765380 0.0864331 0.1754504 0.0762696 0.0721893 0.1464993 0.1805283 0.0877809 0.1954404 0.3023515 0.0900708 0.1109666 0.1374121 0.2186640 0.1252030 0.0522588 
Perityle_canescens_77                      0.2685161 0.3632427 0.2872989 0.1989209 0.4149636 0.3711687 0.3574120 0.2189922 0.2554283 0.2395946 0.2552192 0.2034338 0.3137928 0.1984577 0.1569571 0.2062655 0.0000000 0.2076528 0.1950563 0.2616789 0.1919088 0.1782310 0.2045820 0.1872918 0.2338145 0.2015312 0.3130466 0.2507386 0.1931467 0.2082452 0.2335596 0.1842099 0.2181290 0.1894123 0.1853954 0.2093118 0.2008295 0.2810468 0.1584884 0.1932056 0.1887075 0.2389417 0.1921417 0.1986540 0.1821226 0.1952119 0.1839748 0.1945011 0.1974955 0.2566428 0.1782666 0.1919375 0.1921396 0.1435671 0.2085188 0.2351180 0.1883428 0.1960058 0.2559455 0.2016283 0.2621110 0.1347252 0.1864504 0.2035133 0.1934628 0.3045572 0.1963818 0.1855531 0.1769065 0.1795649 0.2872336 0.2894680 0.1901920 0.1881176 0.3156738 0.1976670 0.2760361 0.2641224 0.1897614 0.2866656 0.1654916 
Perityle_castillonii_96                    0.1880954 0.7525609 0.2132652 0.0857870 0.3017392 0.3251389 0.2995156 0.1094864 0.2124717 0.1038414 0.0682155 0.0911941 0.1218020 0.0654408 0.0647111 0.1147437 0.2076528 0.0000000 0.0919172 0.0969662 0.0751385 0.0565991 0.0490590 0.0384842 0.1533333 0.1060729 0.2268913 0.1683373 0.1049890 0.1015908 0.1201004 0.0260138 0.0953811 0.0831020 0.0596731 0.1119691 0.0665549 0.1188396 0.0539260 0.0929760 0.0392938 0.1726157 0.0996955 0.0691534 0.1716529 0.0463952 0.0611552 0.0918852 0.0788824 0.1937463 0.0427862 0.0674531 0.0531113 0.2831202 0.0960429 0.1088024 0.0442699 0.0577701 0.1360064 0.1610557 0.0858032 0.1649165 0.0412559 0.0998889 0.0778994 0.2603710 0.0853276 0.1801573 0.0759444 0.0527173 0.1316579 0.1453505 0.0443734 0.1550312 0.2785841 0.0939796 0.0891180 0.1346550 0.2065577 0.0894149 0.0619847 
Perityle_cernua_84                         0.2145274 0.7011391 0.2335775 0.0950386 0.2753793 0.3230192 0.3001805 0.1041272 0.1821693 0.0642384 0.1064995 0.0481487 0.1330893 0.1027086 0.0238601 0.0955192 0.1950563 0.0919172 0.0000000 0.1154223 0.1658950 0.0255618 0.0920606 0.0542254 0.1283535 0.0696411 0.1565118 0.1768747 0.0719334 0.0977568 0.1106769 0.0780266 0.0824344 0.0593229 0.0846351 0.0794168 0.1026109 0.1595461 0.0433474 0.0788438 0.0504742 0.1620894 0.0882462 0.0930990 0.1345605 0.0537994 0.0877007 0.0780713 0.0310780 0.1723262 0.0429542 0.0374912 0.0323323 0.2936550 0.0720971 0.0943088 0.0530079 0.0905571 0.1328781 0.1901971 0.0526494 0.1773349 0.0812095 0.0734207 0.0460984 0.2587560 0.0679346 0.1869085 0.0293926 0.0242170 0.1238544 0.1596246 0.0590036 0.2105110 0.2768165 0.0806730 0.0597074 0.1083127 0.2078588 0.1057863 0.0234797 
Perityle_cfvillosa_25_tin                  0.2821384 0.4672284 0.3137514 0.1421554 0.3415157 0.2857458 0.2701147 0.1253250 0.2242465 0.1616197 0.1471360 0.0997089 0.0950185 0.1337896 0.0928523 0.1451812 0.2616789 0.0969662 0.1154223 0.0000000 0.0748005 0.0826582 0.0820720 0.0683029 0.1201999 0.1337020 0.2237501 0.2327382 0.1361856 0.1253096 0.1439034 0.1005084 0.1527616 0.1256552 0.1318752 0.1459322 0.1392702 0.1733517 0.0496057 0.1311560 0.0667597 0.1432304 0.1273348 0.1427647 0.2793191 0.0832429 0.0260017 0.1316053 0.1088632 0.2133569 0.0736202 0.1012865 0.1023763 0.3175571 0.0986430 0.1427145 0.0690749 0.0227688 0.1627795 0.2094059 0.0944461 0.1498936 0.1117692 0.1301369 0.1112951 0.2762567 0.1232811 0.1392300 0.1050155 0.0820114 0.1930173 0.2222553 0.0712065 0.1186660 0.2886586 0.1256399 0.2304784 0.1485532 0.1759763 0.0165648 0.0914320 
Perityle_cinerea_113_Powell1310            0.1591347 0.5549032 0.1816609 0.1238333 0.2899120 0.2206640 0.2069248 0.1029707 0.1960548 0.1012108 0.0559536 0.0987724 0.0911057 0.1089601 0.0690132 0.1312151 0.1919088 0.0751385 0.1658950 0.0748005 0.0000000 0.0816354 0.0280125 0.0653401 0.1322660 0.1252217 0.1075154 0.1131591 0.1047822 0.1070446 0.1040369 0.0860280 0.0908038 0.1156111 0.0983210 0.1401268 0.1191220 0.1568999 0.0720434 0.1191849 0.0693245 0.1204498 0.2405410 0.1100352 0.2297900 0.0805421 0.0545762 0.1170703 0.1024827 0.1512940 0.0642565 0.0890823 0.0776904 0.1751614 0.0899488 0.0867045 0.0788641 0.0595431 0.0950799 0.1816707 0.0982819 0.1326138 0.0838353 0.1162966 0.1070567 0.2519834 0.1274333 0.2176490 0.0908305 0.0828923 0.1151782 0.0887971 0.0711364 0.2037375 0.2810550 0.1103384 0.0918925 0.2131208 0.1634993 0.0575022 0.0874549 
Perityle_coahuilensis_24                   0.2146292 0.6914957 0.2435407 0.0806402 0.2610911 0.3459137 0.2827551 0.0833155 0.1889131 0.0898134 0.1011917 0.0565245 0.1037927 0.0804353 0.0181680 0.0753367 0.1782310 0.0565991 0.0255618 0.0826582 0.0816354 0.0000000 0.0714658 0.0200918 0.1045208 0.0509121 0.1565118 0.1739059 0.0593459 0.0740138 0.0929405 0.0529552 0.0875663 0.0413131 0.0647105 0.0624932 0.0829400 0.0945871 0.0127347 0.0591062 0.0162944 0.1613197 0.0646098 0.0727224 0.1301156 0.0333623 0.0538178 0.0518559 0.0171027 0.1825257 0.0211244 0.0312807 0.0148788 0.3097376 0.0521060 0.0708565 0.0231111 0.0481750 0.1044436 0.1539001 0.0300718 0.1552002 0.0595629 0.0518910 0.0339120 0.2391517 0.0714841 0.1376357 0.0389861 0.0493403 0.1066016 0.1582158 0.0251551 0.1575410 0.2530440 0.0680269 0.0347057 0.0728459 0.2017815 0.1135402 0.0119656 
Perityle_cochisensis_44_cave_creek         0.4005254 0.4813210 0.4127065 0.0691981 0.1830108 0.1384359 0.2585249 0.0426386 0.1026587 0.0491742 0.0126548 0.0861233 0.2117794 0.0938527 0.0936216 0.0744384 0.2045820 0.0490590 0.0920606 0.0820720 0.0280125 0.0714658 0.0000000 0.0530108 0.1222371 0.0831227 0.0828133 0.2688918 0.0916001 0.0480428 0.0492357 0.0260786 0.0916476 0.1072156 0.0729666 0.1192777 0.0983830 0.0115695 0.0457448 0.1082870 0.0271003 0.1288943 0.1064776 0.0799899 0.2498559 0.0588849 0.0398426 0.1034679 0.0749760 0.0400513 0.0653520 0.0867575 0.0274770 0.3799135 0.0414427 0.0322363 0.0744500 0.0226515 0.0761804 0.0869017 0.0959399 0.1144722 0.0802344 0.1213839 0.0937420 0.1792728 0.1171169 0.1095416 0.0876033 0.0759643 0.0653014 0.1557382 0.0571918 0.0667830 0.1806930 0.1092464 0.0207091 0.1189401 0.2122814 0.1167107 0.0768923 
Perityle_congesta_202                      0.2235121 0.6893963 0.2546703 0.0960632 0.2770228 0.3605885 0.2914199 0.0883494 0.1864330 0.0775491 0.0571950 0.0527800 0.0863906 0.0799272 0.0339112 0.0848429 0.1872918 0.0384842 0.0542254 0.0683029 0.0653401 0.0200918 0.0530108 0.0000000 0.1208074 0.0688918 0.1465547 0.1656838 0.0763258 0.0742286 0.0977460 0.0439341 0.0933229 0.0561150 0.0754996 0.0810694 0.0854468 0.0774159 0.0415323 0.0625964 0.0021477 0.1560794 0.0723453 0.0842418 0.1482403 0.0162971 0.0360257 0.0595415 0.0415058 0.1415144 0.0173750 0.0369941 0.0255876 0.3193214 0.0770610 0.0643472 0.0174726 0.0306214 0.1071512 0.1767224 0.0495173 0.1586143 0.0534749 0.0697125 0.0466440 0.2475264 0.0697539 0.1614472 0.0561887 0.0274132 0.1114724 0.1270260 0.0018984 0.1449077 0.2629174 0.0767654 0.0490053 0.0905533 0.2093571 0.0857051 0.0291662 
Perityle_cordifolia_27                     0.3115516 1.0854513 0.3276225 0.1490645 0.3530476 0.2696989 0.3506837 0.1256546 0.2035578 0.1445874 0.1401006 0.0833254 0.2102577 0.1681875 0.1131820 0.1446642 0.2338145 0.1533333 0.1283535 0.1201999 0.1322660 0.1045208 0.1222371 0.1208074 0.0000000 0.1303057 0.5554803 0.2404332 0.1433783 0.1575928 0.1467998 0.1247017 0.1809712 0.1319518 0.1467104 0.1570599 0.1711459 0.1640366 0.0410403 0.1504777 0.1194546 0.1572049 0.1403679 0.1560282 0.2453128 0.1291581 0.0676834 0.1505246 0.1210425 0.1990424 0.1187129 0.0986721 0.0879135 0.3437675 0.1106425 0.1690187 0.1325076 0.0678792 0.1451108 0.1683345 0.1098027 0.1508966 0.1400884 0.1416509 0.0984125 0.3031229 0.1340665 0.1713963 0.1121018 0.1102611 0.1727632 0.1880200 0.1302940 0.1850132 0.3133509 0.1456503 0.1249700 0.1400623 0.2359433 0.1617553 0.1035622 
Perityle_cordifolia_68_tecolote            0.2405700 0.7874547 0.2492927 0.0906455 0.2749356 0.2837169 0.3020619 0.0987046 0.2102153 0.0871452 0.1320392 0.0764234 0.1671032 0.0901716 0.0389849 0.0921398 0.2015312 0.1060729 0.0696411 0.1337020 0.1252217 0.0509121 0.0831227 0.0688918 0.1303057 0.0000000 0.2259646 0.1876629 0.0808026 0.0942626 0.1098630 0.0735932 0.1057322 0.0757178 0.0805519 0.0706540 0.0902103 0.1331362 0.0554278 0.0843909 0.0694523 0.1508929 0.0713129 0.0895336 0.1552781 0.0785572 0.0969829 0.0818447 0.0637641 0.1609568 0.0627403 0.0600500 0.0631136 0.3313778 0.0131670 0.1062934 0.0702799 0.0978921 0.1467797 0.1362593 0.0662381 0.1679040 0.0766845 0.0851014 0.0624125 0.2473578 0.0882483 0.1628723 0.0461723 0.0460253 0.1343115 0.1733697 0.0705667 0.1883659 0.2749494 0.0853201 0.0739116 0.1119629 0.2266272 0.1315450 0.0387356 
Perityle_crassifolia_70_ventanas           0.2848234 0.4236205 0.2977452 0.2236369 0.3383572 0.2455748 0.1830825 9.0000000 0.0849263 0.0529342 0.0551188 0.8869484 0.3138625 0.2833681 0.1548392 0.3277375 0.3130466 0.2268913 0.1565118 0.2237501 0.1075154 0.1565118 0.0828133 0.1465547 0.5554803 0.2259646 0.0000000 0.3747064 0.2934181 0.1723705 0.2262635 0.2037457 0.2476126 0.2349886 0.1822712 0.2902824 0.2828725 0.0557348 9.0000000 0.2889716 0.1432568 1.0988927 0.2578843 0.2221391 0.3178643 0.2322974 0.9172526 0.2870069 0.2348980 0.0513046 0.1620964 0.1774245 0.5502233 0.3098484 0.0545657 0.0870400 0.2459069 1.0133089 0.0643736 0.2490535 0.2319806 9.0000000 0.2719648 0.2915747 0.1773539 0.2670906 0.2312760 0.1024347 0.1565118 0.1565118 0.0015398 0.3217874 0.1450191 0.0995584 0.2170690 0.1919541 0.1399627 0.9697510 0.1243367 0.2261175 0.2219980 
Perityle_crassifolia_74_playa_balandra     0.2641255 0.1108422 0.2214990 0.1405043 0.4143523 0.2909491 0.3057215 0.0338000 0.3194410 0.2596002 0.2608590 0.1634567 0.2187189 0.2123157 0.1685853 0.1503917 0.2507386 0.1683373 0.1768747 0.2327382 0.1131591 0.1739059 0.2688918 0.1656838 0.2404332 0.1876629 0.3747064 0.0000000 0.1739569 0.0867578 0.0381621 0.1216406 0.1404372 0.2214725 0.1695394 0.2031974 0.2155939 0.2824799 0.0982936 0.2070851 0.1309368 0.2239509 0.1965609 0.1799620 0.2224540 0.1825568 0.1228871 0.1973753 0.1880006 0.3147505 0.1601182 0.1885772 0.0990395 0.2311832 0.1618760 0.1868416 0.1850284 0.1167217 0.2503653 0.1514562 0.2052066 0.1832300 0.1911963 0.2033667 0.1997672 0.3243940 0.2186530 0.1644918 0.1921174 0.1774547 0.2084034 0.2379841 0.1732026 0.1628699 0.3704617 0.1931950 0.2290147 0.2040713 0.2025482 0.2680203 0.1613554 
Perityle_cuneata_34_cuneata_San_antonio    0.2469216 0.7989697 0.2557482 0.0958550 0.3121268 0.3261221 0.3095290 0.1036298 0.2219429 0.1075952 0.1250003 0.0839892 0.1641295 0.1053702 0.0547647 0.0449557 0.1931467 0.1049890 0.0719334 0.1361856 0.1047822 0.0593459 0.0916001 0.0763258 0.1433783 0.0808026 0.2934181 0.1739569 0.0000000 0.0671622 0.1136330 0.0802678 0.1259274 0.0783931 0.0909775 0.0822722 0.1063202 0.1394300 0.0417874 0.0938617 0.0702418 0.1625258 0.0814614 0.0990370 0.1639611 0.0829267 0.0968729 0.0915739 0.0738059 0.1920712 0.0738842 0.0697918 0.0540794 0.3296166 0.0777968 0.1188138 0.0763646 0.0986761 0.1425557 0.1394160 0.0564725 0.1661485 0.0894402 0.0869612 0.0727176 0.2640039 0.0885600 0.1535256 0.0613182 0.0573560 0.1362059 0.1933606 0.0789789 0.1776537 0.2860209 0.0944791 0.0830363 0.1270965 0.2183427 0.1437486 0.0412815 
Perityle_cuneata_4                         0.2370208 0.6471765 0.2533323 0.0958725 0.2835578 0.3178252 0.2919361 0.0966854 0.1958916 0.0992250 0.0944735 0.0973120 0.1435522 0.1000460 0.0638900 0.0938338 0.2082452 0.1015908 0.0977568 0.1253096 0.1070446 0.0740138 0.0480428 0.0742286 0.1575928 0.0942626 0.1723705 0.0867578 0.0671622 0.0000000 0.1076501 0.0836518 0.1001317 0.1009880 0.0892473 0.0916091 0.1025852 0.1196780 0.0711473 0.0883600 0.0758566 0.1269851 0.0827776 0.0961169 0.1777086 0.0815892 0.1040604 0.0841635 0.0886910 0.1779555 0.0711849 0.0883384 0.0874369 0.3177313 0.0795385 0.0865586 0.0819370 0.1029041 0.1350830 0.1466405 0.0858857 0.1627039 0.0851426 0.1017691 0.0945277 0.2440414 0.0961078 0.1598446 0.0811844 0.0761993 0.1087148 0.1516603 0.0751864 0.1585605 0.2631253 0.0761912 0.1082671 0.1344488 0.2159330 0.0954735 0.0671674 
Perityle_discoidea_81                      0.2248707 0.6405440 0.2477579 0.1145356 0.3348246 0.3001864 0.2886038 0.0040503 0.2100992 0.1188567 0.1138603 0.1049611 0.1042614 0.1230448 0.0806251 0.1138863 0.2335596 0.1201004 0.1106769 0.1439034 0.1040369 0.0929405 0.0492357 0.0977460 0.1467998 0.1098630 0.2262635 0.0381621 0.1136330 0.1076501 0.0000000 0.1101216 0.0125429 0.1167003 0.1139826 0.1155590 0.1254543 0.1616664 0.0757265 0.1016799 0.0980377 0.1146225 0.1013806 0.1227452 0.1876285 0.1049116 0.1048582 0.1025911 0.1077542 0.2081345 0.0903693 0.1005852 0.1057205 0.3003762 0.0772056 0.0995039 0.1002199 0.1017672 0.1501659 0.1447779 0.0914511 0.1593132 0.1089493 0.1101179 0.1093579 0.2584811 0.1151646 0.1592910 0.0956950 0.0906156 0.0863093 0.1796034 0.1013123 0.1640280 0.2806952 0.1003078 0.1109729 0.1264615 0.1980026 0.1199061 0.0733449 
Perityle_dissecta_201                      0.2158027 0.6962869 0.2270145 0.0678623 0.2906717 0.3212755 0.2853004 0.0953608 0.1930213 0.0684592 0.0688265 0.0642772 0.1208807 0.0270242 0.0448722 0.0971529 0.1842099 0.0260138 0.0780266 0.1005084 0.0860280 0.0529552 0.0260786 0.0439341 0.1247017 0.0735932 0.2037457 0.1216406 0.0802678 0.0836518 0.1101216 0.0000000 0.1123278 0.0780538 0.0210370 0.0874813 0.0290654 0.0928824 0.0387831 0.0762920 0.0481163 0.1229194 0.0714967 0.0290930 0.1611651 0.0528055 0.0721527 0.0766386 0.0656984 0.1494700 0.0493357 0.0623101 0.0617942 0.3228201 0.0649922 0.0702821 0.0564739 0.0615678 0.1197796 0.1461686 0.0778377 0.1382248 0.0148737 0.0910336 0.0677469 0.2433611 0.0911282 0.1441232 0.0601175 0.0537476 0.1209961 0.1219430 0.0523060 0.1491935 0.2590803 0.0864160 0.0717409 0.1061007 0.2026319 0.0722583 0.0545136 
Perityle_emoryi_47_punta_san_jose          0.2481549 0.7625411 0.2715241 0.0920904 0.3103472 0.3030518 0.2952159 0.0083308 0.2387084 0.1502931 0.1427168 0.1290066 0.1710095 0.1129919 0.0614237 0.1038762 0.2181290 0.0953811 0.0824344 0.1527616 0.0908038 0.0875663 0.0916476 0.0933229 0.1809712 0.1057322 0.2476126 0.1404372 0.1259274 0.1001317 0.0125429 0.1123278 0.0000000 0.0864611 0.0953986 0.1127060 0.1113225 0.1842182 0.0408167 0.1009268 0.0706573 0.1776095 0.1077956 0.1020030 0.1775127 0.1034247 0.1053768 0.0966474 0.0816124 0.2335068 0.0798172 0.0946513 0.0905870 0.3490007 0.0645536 0.1089862 0.0941776 0.1036218 0.1655610 0.1321082 0.0810716 0.1366317 0.1179793 0.1008642 0.0764429 0.2364495 0.1145131 0.1550885 0.1087157 0.0823062 0.0969878 0.2378464 0.0823278 0.1550958 0.2617493 0.1036270 0.1188018 0.1561765 0.1964052 0.1662664 0.0543554 
Perityle_feddemae_99                       0.2224436 0.7665162 0.2498063 0.0986600 0.2765474 0.3189647 0.3076382 0.1090873 0.2172671 0.1380803 0.1504740 0.0912520 0.1570173 0.1099040 0.0448511 0.0927821 0.1894123 0.0831020 0.0593229 0.1256552 0.1156111 0.0413131 0.1072156 0.0561150 0.1319518 0.0757178 0.2349886 0.2214725 0.0783931 0.1009880 0.1167003 0.0780538 0.0864611 0.0000000 0.0914747 0.0822223 0.1110077 0.1476274 0.0426588 0.0673242 0.0584949 0.1844403 0.0772006 0.1008288 0.1448832 0.0699586 0.0874053 0.0662933 0.0540024 0.2234898 0.0522455 0.0479790 0.0444787 0.2985180 0.0901903 0.1189527 0.0602101 0.0836110 0.1334420 0.1650190 0.0532116 0.1888718 0.0886753 0.0664924 0.0520571 0.2531174 0.0726145 0.1678984 0.0705618 0.0766883 0.1360454 0.1940517 0.0612768 0.1892353 0.2682816 0.0724375 0.0777490 0.1236677 0.2180779 0.1612042 0.0358363 
Perityle_fosteri_93                        0.1953029 0.7901674 0.2146794 0.0691096 0.2859092 0.3014796 0.2977753 0.1031851 0.2012047 0.0976735 0.1191956 0.0881400 0.1676418 0.0297841 0.0359089 0.1070835 0.1853954 0.0596731 0.0846351 0.1318752 0.0983210 0.0647105 0.0729666 0.0754996 0.1467104 0.0805519 0.1822712 0.1695394 0.0909775 0.0892473 0.1139826 0.0210370 0.0953986 0.0914747 0.0000000 0.0881984 0.0323631 0.1368746 0.0495428 0.0904139 0.0808507 0.1417171 0.0741140 0.0052919 0.1602328 0.0891525 0.1027446 0.0886211 0.0804492 0.1814309 0.0755655 0.0738699 0.0718596 0.3136728 0.0653778 0.0890767 0.0850934 0.1001226 0.1514211 0.1428094 0.0791493 0.1475504 0.0176245 0.0971635 0.0772106 0.2535616 0.0935467 0.1297515 0.0643117 0.0651224 0.1290813 0.1741694 0.0799010 0.1761392 0.2745586 0.0849458 0.0916421 0.1276929 0.2007789 0.1209543 0.0589661 
Perityle_gamon_221                         0.2322587 0.7651713 0.2448475 0.0977728 0.2931047 0.3323403 0.3073904 0.1027219 0.2173980 0.1531819 0.1814527 0.1106466 0.1768018 0.1058022 0.0539833 0.1008243 0.2093118 0.1119691 0.0794168 0.1459322 0.1401268 0.0624932 0.1192777 0.0810694 0.1570599 0.0706540 0.2902824 0.2031974 0.0822722 0.0916091 0.1155590 0.0874813 0.1127060 0.0822223 0.0881984 0.0000000 0.1050428 0.1637292 0.0738615 0.0827055 0.0824301 0.1934224 0.0604813 0.0973306 0.1466947 0.0857789 0.1074806 0.0802289 0.0764252 0.2141025 0.0757399 0.0699589 0.0717586 0.3466905 0.0779963 0.1003918 0.0811451 0.1108491 0.1386495 0.1420080 0.0708785 0.1856408 0.0891334 0.0766490 0.0814822 0.2570638 0.1010666 0.1767265 0.0864580 0.1094485 0.1426017 0.2179089 0.0810372 0.1991650 0.2775138 0.0681244 0.0990988 0.1437852 0.2365257 0.1873371 0.0526817 
Perityle_gentryi_8_san_francisco           0.1991567 0.7870529 0.2295865 0.0851772 0.3011655 0.2908944 0.3319600 0.1138128 0.2321046 0.1527261 0.1538474 0.1198009 0.1903892 0.0136789 0.0641786 0.1148905 0.2008295 0.0665549 0.1026109 0.1392702 0.1191220 0.0829400 0.0983830 0.0854468 0.1711459 0.0902103 0.2828725 0.2155939 0.1063202 0.1025852 0.1254543 0.0290654 0.1113225 0.1110077 0.0323631 0.1050428 0.0000000 0.1349856 0.0643414 0.1073791 0.0801954 0.1967733 0.1046147 0.0367904 0.1775846 0.0986919 0.1022069 0.1086169 0.0969419 0.2204624 0.0877629 0.0934088 0.0816165 0.3112266 0.0843429 0.1126472 0.0907751 0.0992556 0.1743635 0.1520583 0.1013105 0.1649623 0.0302329 0.1158963 0.1009561 0.2559380 0.1034109 0.1582798 0.1074948 0.1023660 0.1461576 0.2072676 0.0858147 0.1785573 0.2785973 0.1040597 0.1110590 0.1515184 0.2175989 0.1646767 0.0773005 
Perityle_gilensis_22_Superstition          0.4211523 0.4203134 0.4436070 0.1740787 0.3347230 0.3595065 0.3130245 0.1395758 0.1236198 0.0691782 0.0368587 0.1204045 0.2375618 0.1338466 0.1207818 0.1629209 0.2810468 0.1188396 0.1595461 0.1733517 0.1568999 0.0945871 0.0115695 0.0774159 0.1640366 0.1331362 0.0557348 0.2824799 0.1394300 0.1196780 0.1616664 0.0928824 0.1842182 0.1476274 0.1368746 0.1637292 0.1349856 0.0000000 0.1130628 0.1378717 0.0846390 0.1635635 0.1420937 0.1520049 0.3095767 0.0902797 0.0906257 0.1431163 0.1329125 0.0539418 0.0917490 0.1116356 0.1672548 0.3803464 0.0978937 0.1115967 0.1042150 0.0626473 0.0802681 0.2032156 0.1947378 0.2602601 0.1034408 0.1611525 0.1303238 0.2659209 0.1613994 0.2264286 0.1224313 0.1040072 0.0827980 0.2045256 0.0833140 0.1731318 0.2675405 0.1460251 0.1098936 0.1928483 0.2658988 0.1758670 0.1226511 
Perityle_gilensis_salensis_225             0.2150208 0.5666102 0.2484524 0.0708092 0.2375383 0.2171551 0.2584474 0.0652500 0.1314729 0.0238093 0.0489396 0.0196617 0.0431722 0.0601776 0.0188670 0.0530994 0.1584884 0.0539260 0.0433474 0.0496057 0.0720434 0.0127347 0.0457448 0.0415323 0.0410403 0.0554278 9.0000000 0.0982936 0.0417874 0.0711473 0.0757265 0.0387831 0.0408167 0.0426588 0.0495428 0.0738615 0.0643414 0.1130628 0.0000000 0.0768028 0.0435582 0.0765434 0.0606319 0.0581762 0.1619925 0.0443076 0.0471367 0.0742437 0.0223241 0.1117991 0.0412595 0.0276149 0.0112690 0.3192782 0.0637920 0.0756753 0.0434282 0.0424703 0.0575125 0.1366639 0.0385603 0.1529178 0.0468725 0.0586021 0.0329213 0.2220761 0.0523522 0.1055698 0.0303046 0.0118121 0.0799744 0.0424212 0.0423762 0.1316156 0.2385393 0.0754191 0.0273062 0.0308046 0.1972491 0.0447851 0.0179517 
Perityle_glaucescens_94                    0.2415324 0.7951690 0.2717109 0.0995224 0.2746535 0.3136803 0.3117749 0.0947240 0.2099622 0.1559335 0.1598006 0.1119711 0.1579582 0.1078510 0.0503006 0.1068112 0.1932056 0.0929760 0.0788438 0.1311560 0.1191849 0.0591062 0.1082870 0.0625964 0.1504777 0.0843909 0.2889716 0.2070851 0.0938617 0.0883600 0.1016799 0.0762920 0.1009268 0.0673242 0.0904139 0.0827055 0.1073791 0.1378717 0.0768028 0.0000000 0.0621895 0.1097199 0.0766841 0.0972564 0.1490747 0.0715301 0.0950290 0.0099668 0.0746186 0.2057956 0.0590464 0.0626174 0.0663747 0.3300887 0.1003957 0.1038342 0.0658496 0.0954582 0.1490119 0.1608754 0.0703816 0.1730686 0.0837478 0.0823663 0.0685798 0.2521068 0.0930329 0.1762225 0.0872263 0.1019727 0.1269394 0.2062107 0.0663195 0.1815237 0.2708579 0.0700355 0.0953439 0.1347841 0.2192484 0.1672698 0.0489971 
Perityle_gracilis_11                       0.2137765 0.6739962 0.2448807 0.0957429 0.2687289 0.3477034 0.2916659 0.0882756 0.1755563 0.0495778 0.0418188 0.0477712 0.0679957 0.0765746 0.0307738 0.0881916 0.1887075 0.0392938 0.0504742 0.0667597 0.0693245 0.0162944 0.0271003 0.0021477 0.1194546 0.0694523 0.1432568 0.1309368 0.0702418 0.0758566 0.0980377 0.0481163 0.0706573 0.0584949 0.0808507 0.0824301 0.0801954 0.0846390 0.0435582 0.0621895 0.0000000 0.1341804 0.0754460 0.0889334 0.1369586 0.0043092 0.0383411 0.0609027 0.0345494 0.1455578 0.0093846 0.0337726 0.0221578 0.2940065 0.0781046 0.0639009 0.0064433 0.0327045 0.1068129 0.1744425 0.0491256 0.1617620 0.0537890 0.0691554 0.0432503 0.2405710 0.0592868 0.1626207 0.0447165 0.0141071 0.1093523 0.0905037 0.0035797 0.1422325 0.2556039 0.0646292 0.0546853 0.0811743 0.2055748 0.0427133 0.0263886 
Perityle_harkerae_31                       0.3509305 1.2206975 0.3562908 0.1497139 0.3146542 0.2907266 0.3492171 0.0981428 0.2391975 0.1955264 0.1696272 0.1394916 0.2066572 0.1809650 0.1558066 0.1637592 0.2389417 0.1726157 0.1620894 0.1432304 0.1204498 0.1613197 0.1288943 0.1560794 0.1572049 0.1508929 1.0988927 0.2239509 0.1625258 0.1269851 0.1146225 0.1229194 0.1776095 0.1844403 0.1417171 0.1934224 0.1967733 0.1635635 0.0765434 0.1097199 0.1341804 0.0000000 0.1823739 0.1476334 0.2361926 0.1737671 0.0973849 0.1051306 0.1638812 0.2298323 0.1467751 0.1621601 0.1062066 0.3811231 0.1204738 0.1653043 0.1781930 0.0976817 0.1578228 0.1693115 0.1291497 0.1631843 0.1682271 0.1806615 0.1719111 0.2886458 0.1850620 0.1658447 0.1727435 0.1776161 0.1516541 0.2336264 0.1714542 0.1725126 0.3110774 0.1736701 0.1361483 0.1752776 0.2290745 0.1871983 0.1510339 
Perityle_hofmeisteria_4_nombre_de_dios     0.2355658 0.7508999 0.2463650 0.0975354 0.2919772 0.3274770 0.2981259 0.0910198 0.2198836 0.1362499 0.1526637 0.1013489 0.1624741 0.0981364 0.0504195 0.0975414 0.1921417 0.0996955 0.0882462 0.1273348 0.2405410 0.0646098 0.1064776 0.0723453 0.1403679 0.0713129 0.2578843 0.1965609 0.0814614 0.0827776 0.1013806 0.0714967 0.1077956 0.0772006 0.0741140 0.0604813 0.1046147 0.1420937 0.0606319 0.0766841 0.0754460 0.1823739 0.0000000 0.0826086 0.1432552 0.0918804 0.0901579 0.0740161 0.0703648 0.2100344 0.0730074 0.0743932 0.0574313 0.3329888 0.0723902 0.0905725 0.0782864 0.0942043 0.1378157 0.1549749 0.0631463 0.1696096 0.0823669 0.0859301 0.0767143 0.2629539 0.1038715 0.2415994 0.0816025 0.0999530 0.1294038 0.2125044 0.0778634 0.2531809 0.2821467 0.0839786 0.0822023 0.1529700 0.2174722 0.1713218 0.0508760 
Perityle_huecosensis_48                    0.1970776 0.8025765 0.2137148 0.0797725 0.2980979 0.3377741 0.3103125 0.1110689 0.2109332 0.1081279 0.1305377 0.0975949 0.1743848 0.0345899 0.0394604 0.1150237 0.1986540 0.0691534 0.0930990 0.1427647 0.1100352 0.0727224 0.0799899 0.0842418 0.1560282 0.0895336 0.2221391 0.1799620 0.0990370 0.0961169 0.1227452 0.0290930 0.1020030 0.1008288 0.0052919 0.0973306 0.0367904 0.1520049 0.0581762 0.0972564 0.0889334 0.1476334 0.0826086 0.0000000 0.1626650 0.0957294 0.1110813 0.0961418 0.0895033 0.1998710 0.0835260 0.0820624 0.0826186 0.3129866 0.0778186 0.1008376 0.0930758 0.1075375 0.1649154 0.1621128 0.0886429 0.1647897 0.0233988 0.1069229 0.0861924 0.2674687 0.1001609 0.1416806 0.0724990 0.0737673 0.1395595 0.1815140 0.0889882 0.1887267 0.2910322 0.0924028 0.1031311 0.1406461 0.2139068 0.1298958 0.0651671 
Perityle_incana_3_ucla                     0.2675696 0.3335283 0.2805157 0.1670055 0.3084704 0.3521432 0.3586137 0.1779953 0.2982327 0.2266026 0.2584523 0.1831432 0.2917698 0.1712601 0.1177471 0.1987310 0.1821226 0.1716529 0.1345605 0.2793191 0.2297900 0.1301156 0.2498559 0.1482403 0.2453128 0.1552781 0.3178643 0.2224540 0.1639611 0.1777086 0.1876285 0.1611651 0.1775127 0.1448832 0.1602328 0.1466947 0.1775846 0.3095767 0.1619925 0.1490747 0.1369586 0.2361926 0.1432552 0.1626650 0.0000000 0.1513799 0.2153754 0.1461865 0.1422270 0.2795463 0.1422699 0.1415442 0.1497096 0.2250979 0.1900644 0.1796956 0.1434466 0.2241462 0.2599836 0.2060006 0.2324470 0.2167789 0.1586678 0.1578024 0.1356997 0.2365320 0.1637989 0.2313349 0.1400360 0.1196827 0.2679156 0.2530186 0.1517885 0.2409399 0.2480990 0.1289366 0.2581036 0.2068045 0.2407258 0.2742021 0.1161146 
Perityle_intricata_59_Clark_mtns           0.2358706 0.7572970 0.2631729 0.0989558 0.2831642 0.3231570 0.3035467 0.0938386 0.2124020 0.1112659 0.0943793 0.0738973 0.0929785 0.0949223 0.0502819 0.0916165 0.1952119 0.0463952 0.0537994 0.0832429 0.0805421 0.0333623 0.0588849 0.0162971 0.1291581 0.0785572 0.2322974 0.1825568 0.0829267 0.0815892 0.1049116 0.0528055 0.1034247 0.0699586 0.0891525 0.0857789 0.0986919 0.0902797 0.0443076 0.0715301 0.0043092 0.1737671 0.0918804 0.0957294 0.1513799 0.0000000 0.0415223 0.0685963 0.0380910 0.1689834 0.0181840 0.0506935 0.0267760 0.3211845 0.0924888 0.0855296 0.0273255 0.0348579 0.1301825 0.1640275 0.0610437 0.1657184 0.0653131 0.0840015 0.0582707 0.2386114 0.0824888 0.1680589 0.0718332 0.0476103 0.1228835 0.1382284 0.0212224 0.1476275 0.2542955 0.0866663 0.0566919 0.1027833 0.2256142 0.1005476 0.0367436 
