82
Amauria_brandeegeana_62                    0.0000000 0.0450771 0.3053664 0.3394071 0.1115439 0.5618801 0.3086947 0.1396123 0.4582678 0.1337642 0.6726492 0.1631766 0.6894393 0.1523726 0.1184997 0.6940636 0.6844407 0.2656027 0.1148456 0.1009907 0.1498036 0.1523548 0.0352759 0.7002865 0.1533960 0.7003133 0.6778320 0.4547059 0.1841093 0.1361880 0.1402910 0.6297463 0.1188290 0.1558022 0.6673973 0.1341221 0.1682950 0.3725712 0.6828893 0.6807762 0.6765272 0.1299601 0.6982277 0.1226542 0.3901792 0.6914547 0.1170960 0.7039641 0.7030042 0.1325261 0.2544750 0.6818782 0.6908964 0.6655625 0.1379887 0.1626676 0.1493947 0.1113780 0.7022259 0.1008833 0.1004105 0.1635478 0.0817435 0.1643351 0.1761730 0.1756515 0.1914744 0.5108749 0.1679041 0.7173354 0.1463090 0.1488050 0.1410298 0.7027800 0.0532279 0.1796755 0.7309034 0.6736922 0.1614590 0.1569970 0.1481296 0.6459193 
Amauria_carterae_99_mesa                   0.0450771 0.0000000 0.0475787 0.1474543 0.0792753 0.5507577 0.1275348 0.0923432 0.1210088 0.0280740 0.4587755 0.0695385 0.4772424 0.0612895 0.0465058 0.4823577 0.4760880 0.0820332 0.0673987 0.0533553 0.0615191 0.0534305 0.0522752 0.4897211 0.0615673 0.4782721 0.4750493 0.0787390 0.0602911 0.0705305 0.0753403 0.4380937 0.0281760 0.0614379 0.4372580 0.0819493 0.0644223 0.0957046 0.5024893 0.4831673 0.4843636 0.0726674 0.4804002 0.0704513 0.0940436 0.4841903 0.0691169 0.4855934 0.4788257 0.0676710 0.0669153 0.4788510 0.4759839 0.4743310 0.0640433 0.0571094 0.0828670 0.0648356 0.4774602 0.0472248 0.1269456 0.0462750 0.0770860 0.0674089 0.0569318 0.0585098 0.0791307 0.4721666 0.0641266 0.4897211 0.0752976 0.0587205 0.0498056 0.4815309 0.0507529 0.0753074 0.4727267 0.4698074 0.0622699 0.0600447 0.0557551 0.4376407 
Amauria_rotundifolia_SRR9119150            0.3053664 0.0475787 0.0000000 0.3880194 0.1745087 0.6235259 0.3690917 0.0972596 0.3651324 0.2498844 0.7064308 0.2468228 0.6927983 0.2763491 0.1517994 0.7686605 0.7773033 0.4325934 0.1384807 0.1982133 0.2489152 0.2284367 0.0455537 0.8032927 0.2610524 0.7241055 0.7886436 0.2935770 0.4997877 0.2095161 0.2021925 0.6938456 0.2215245 0.2549671 0.7686558 0.2331223 0.2450620 0.5161950 0.6713511 0.7801088 0.7098505 0.2288185 0.7090314 0.2267542 0.4470315 0.6980910 0.1478455 0.7520968 0.7738993 0.2277292 0.2832543 0.7431642 0.7270935 0.7246267 0.1886776 0.4163841 0.2080342 0.1201919 0.7743338 0.1204179 0.1456583 0.3815345 0.0745101 0.2702086 0.4731648 0.2592912 0.3137698 0.4828646 0.2615768 0.7884281 0.2652687 0.2578846 0.3153240 0.7937628 0.0491943 0.3410923 0.7128879 0.6469943 0.2864694 0.1883518 0.2569164 0.6915849 
Conoclinium_coelestinum_SRR9119114         0.3394071 0.1474543 0.3880194 0.0000000 0.2665926 0.6736102 0.1476061 0.2031155 0.3633282 0.3244136 0.6659281 0.3393780 0.7096847 0.3088390 0.2842402 0.7456589 0.7348323 0.3781074 0.2646432 0.2832058 0.3102051 0.2951846 0.1214049 0.7909359 0.3324869 0.7470489 0.7588042 0.4644330 0.3990219 0.2194481 0.2216096 0.6676235 0.2873651 0.3308153 0.7291333 0.3147766 0.3051332 0.4545831 0.7023072 0.7619772 0.7066248 0.2885564 0.7328353 0.3044021 0.4461634 0.7327324 0.2473482 0.7266873 0.7697428 0.2837294 0.3577973 0.7363457 0.7306934 0.7326386 0.2698984 0.3614660 0.2878737 0.2223170 0.7618421 0.2235413 0.2436633 0.3319455 0.1971994 0.3371940 0.3749559 0.3409710 0.3759717 0.5291301 0.3397895 0.7864581 0.2404645 0.3366721 0.2636375 0.7536007 0.1550551 0.3515872 0.7191598 0.6870934 0.3255869 0.2801920 0.3336585 0.5974792 
Eutetras_palmeri_63                        0.1115439 0.0792753 0.1745087 0.2665926 0.0000000 0.5818890 0.3103089 0.1235480 0.3614118 0.0769086 0.6159777 0.1229544 0.6138328 0.1149906 0.1069193 0.6338965 0.6203112 0.1617565 0.1119824 0.1153267 0.1148740 0.1130552 0.0638828 0.6259070 0.1161027 0.6123280 0.6063733 0.2737720 0.2304065 0.0845364 0.1103909 0.5817391 0.0700256 0.1159216 0.5937423 0.1330215 0.1269918 0.3404849 0.6282563 0.6195658 0.6232356 0.1269567 0.6169126 0.1215952 0.3294126 0.6302924 0.0847041 0.6204075 0.6150881 0.1260953 0.1409285 0.6072526 0.6169558 0.5896577 0.1177120 0.2366297 0.1405256 0.1107421 0.6110797 0.0930211 0.1610734 0.2153582 0.1080302 0.1243104 0.2325464 0.1262943 0.0574051 0.5017436 0.1250412 0.6275910 0.0912719 0.1174332 0.1037802 0.6213385 0.0801183 0.1527315 0.6196311 0.6065859 0.1147632 0.1355014 0.1138988 0.5770201 
Eutetras_pringlei_149_quer                 0.5618801 0.5507577 0.6235259 0.6736102 0.5818890 0.0000000 0.7394828 0.6077485 0.7468240 0.5720403 0.1544852 0.5388031 0.1054825 0.5251758 0.5118988 0.1194242 0.0985383 0.5713883 0.5534642 0.4584974 0.5394147 0.5474272 0.4690078 0.1105404 0.5343383 0.1050058 0.1001661 0.5987336 0.5589188 0.5712996 0.4962424 0.1469704 0.5658574 0.5292074 0.0922820 0.5418225 0.5369397 0.5580657 0.1309589 0.1063904 0.1059228 0.5436823 0.1053634 0.5480210 0.5771984 0.1045102 0.5149671 0.1107129 0.1062400 0.5342561 0.5099504 0.0984492 0.0958542 0.0947474 0.5440782 0.5192982 0.5094414 0.5489827 0.1070666 0.4447780 0.4617991 0.4749155 0.4769957 0.5346299 0.5510358 0.5157465 0.5674551 0.0656741 0.5416631 0.1100527 0.5951502 0.5521781 0.5101256 0.1104436 0.4867160 0.5593555 0.1501796 0.0969346 0.5353783 0.5392672 0.5423688 0.0891835 
Eutrochium_fistulosum_SRR9119106           0.3086947 0.1275348 0.3690917 0.1476061 0.3103089 0.7394828 0.0000000 0.1995343 0.4012027 0.3427361 0.7271005 0.3518830 0.7315166 0.3286050 0.3281773 0.7487131 0.7423494 0.3171575 0.3231824 0.2913537 0.3414034 0.3273672 0.1037310 0.7423633 0.3479905 0.7335354 0.7153885 0.4017957 0.3940668 0.1941615 0.2047865 0.7072096 0.3212743 0.3461499 0.7195451 0.3421837 0.3245223 0.4699612 0.7349172 0.7402110 0.7367334 0.3286898 0.7324013 0.3318410 0.4254895 0.7334749 0.2797663 0.7528016 0.7513808 0.3221804 0.3427664 0.7484784 0.7424925 0.6819144 0.3075535 0.3622769 0.2808104 0.2327769 0.7510614 0.2194018 0.2588142 0.3226323 0.2173072 0.3496589 0.3870249 0.3465275 0.3474896 0.5691379 0.3418505 0.7450946 0.2493184 0.3462941 0.2287568 0.7480772 0.1468651 0.3602251 0.7607438 0.7112221 0.3473307 0.2547515 0.3448806 0.6799638 
Galeana_pratensis_104_mex                  0.1396123 0.0923432 0.0972596 0.2031155 0.1235480 0.6077485 0.1995343 0.0000000 0.2011203 0.0947011 0.5257093 0.1004249 0.5431071 0.0979467 0.0790199 0.5521436 0.5428768 0.1173763 0.1138278 0.0912151 0.0930114 0.0908508 0.0845397 0.5443737 0.0935947 0.5441822 0.5182101 0.1625156 0.1061845 0.1044022 0.1176046 0.4835573 0.0960536 0.1034124 0.5124198 0.1196721 0.1060061 0.1401927 0.5438039 0.5395566 0.5419347 0.1085618 0.5474933 0.1113935 0.1390591 0.5478183 0.1193612 0.5473191 0.5405649 0.1119044 0.1034860 0.5386649 0.5353869 0.5200115 0.1035161 0.1111722 0.1076219 0.1019111 0.5433225 0.0955352 0.1256637 0.0972246 0.1036275 0.0986205 0.1081248 0.0955363 0.1221368 0.5337813 0.1058970 0.5469278 0.1104427 0.1031296 0.0833832 0.5386622 0.0876119 0.1276836 0.5179954 0.5343932 0.0859174 0.1057661 0.0977691 0.4844674 
Helianthus_annuus_SRR9119062               0.4582678 0.1210088 0.3651324 0.3633282 0.3614118 0.7468240 0.4012027 0.2011203 0.0000000 0.3796557 0.8139475 0.3752550 0.8593735 0.3739113 0.3449928 0.8880803 0.8504534 0.4177060 0.3512748 0.3768151 0.3760082 0.3638925 0.0988029 0.8628652 0.3668586 0.8516856 0.8552472 0.4575919 0.4450311 0.2182717 0.2254263 0.7277282 0.3774559 0.3679781 0.8394630 0.3750107 0.3738965 0.5264226 0.8922423 0.8537520 0.8631708 0.3643013 0.8467224 0.3575300 0.4921974 0.8648768 0.3531286 0.8556412 0.8596660 0.3594420 0.3964120 0.8539050 0.8462029 0.8022756 0.3546219 0.4349685 0.3613793 0.3164977 0.8582381 0.2505829 0.2164850 0.3838352 0.2117195 0.3758342 0.4522075 0.3852517 0.4233047 0.6023099 0.3727046 0.8643634 0.2330139 0.3793909 0.3258469 0.8592178 0.1580305 0.4483760 0.8795661 0.8263537 0.3576674 0.3083196 0.3734028 0.7970483 
Lycapsus_tenuifolius_17                    0.1337642 0.0280740 0.2498844 0.3244136 0.0769086 0.5720403 0.3427361 0.0947011 0.3796557 0.0000000 0.7403180 0.1360079 0.6950287 0.1224928 0.0962031 0.7975191 0.8003112 0.2709714 0.1099330 0.0700396 0.1200993 0.1206220 0.0300844 0.7944519 0.1305009 0.7287993 0.8064401 0.3289926 0.3048562 0.0265771 0.0258555 0.7126636 0.0011382 0.1266819 0.7774218 0.1495462 0.1054142 0.4432394 0.6828858 0.7718576 0.7315470 0.1381334 0.7066239 0.1473123 0.4268265 0.7001590 0.0818697 0.7635068 0.8032172 0.1283097 0.2082497 0.7613095 0.7380789 0.7102881 0.0895874 0.2302484 0.1312609 0.0741704 0.7964181 0.0434888 0.1319733 0.2129423 0.0611055 0.1378864 0.2754305 0.1384441 0.1592978 0.4952827 0.1311438 0.8226408 0.0375569 0.1324950 0.0941343 0.8075443 0.0331715 0.2316858 0.7414684 0.6520502 0.1428675 0.1060530 0.1270723 0.6964710 
Pericome_caudata_50_silver                 0.6726492 0.4587755 0.7064308 0.6659281 0.6159777 0.1544852 0.7271005 0.5257093 0.8139475 0.7403180 0.0000000 0.6754356 0.0998440 0.6372996 0.5964895 0.1125116 0.1116940 0.7003247 0.6114146 0.6090580 0.6256793 0.6306310 0.4052604 0.1107404 0.6472814 0.1020189 0.1177064 0.7099419 0.8367562 0.5266035 0.5396268 0.1161119 0.6916903 0.6657344 0.0942327 0.6906567 0.6422533 0.8354949 0.1124258 0.1133705 0.1117647 0.6433083 0.1012512 0.6580330 0.8572654 0.1056931 0.5507835 0.1169379 0.1134331 0.6285567 0.6201484 0.1103150 0.1009507 0.0996213 0.5954189 0.7310799 0.5785032 0.5153091 0.1140420 0.4823708 0.5144747 0.6614298 0.4211285 0.6847644 0.7658560 0.6690321 0.6706501 0.0958209 0.6726381 0.1103493 0.5705860 0.6595667 0.5807758 0.1127399 0.4132315 0.7243467 0.1283872 0.1019210 0.6676889 0.5859419 0.6585368 0.0643965 
Perityle_aglossa_84_dead_horse             0.1631766 0.0695385 0.2468228 0.3393780 0.1229544 0.5388031 0.3518830 0.1004249 0.3752550 0.1360079 0.6754356 0.0000000 0.6587037 0.0294330 0.0279273 0.7237663 0.7370638 0.2661890 0.0684182 0.0103157 0.0464724 0.0452212 0.0253071 0.7149825 0.0477338 0.6791932 0.7224460 0.2442207 0.3251985 0.1090330 0.1377109 0.6369352 0.1252736 0.0446037 0.6921636 0.0883561 0.0245130 0.4217763 0.6453467 0.7012668 0.6821301 0.0790201 0.6725780 0.0826566 0.3881790 0.6682202 0.0990602 0.6971986 0.7180692 0.0720368 0.1480880 0.6938550 0.6783762 0.6613294 0.0425888 0.2361266 0.1096066 0.0459665 0.7142445 0.0782151 0.1590501 0.2117642 0.0499294 0.0017430 0.2669348 0.0537967 0.1872434 0.4407634 0.0292743 0.7413357 0.1343206 0.0490997 0.0108265 0.7540309 0.0255036 0.2578214 0.7042390 0.6277733 0.0426634 0.1247294 0.0441621 0.6300703 
Perityle_ajoensis_204                      0.6894393 0.4772424 0.6927983 0.7096847 0.6138328 0.1054825 0.7315166 0.5431071 0.8593735 0.6950287 0.0998440 0.6587037 0.0000000 0.6523715 0.5982607 0.0389528 0.0177197 0.7143045 0.6135997 0.6241896 0.6353116 0.6403741 0.4373230 0.0186276 0.6392547 0.0000010 0.0350552 0.7086191 0.7108532 0.5411995 0.5666661 0.1151098 0.6850010 0.6519305 0.0320467 0.6260923 0.6658208 0.7801236 0.0476567 0.0208371 0.0210015 0.6346062 0.0020671 0.6300438 0.8134943 0.0239822 0.5858918 0.0050859 0.0000010 0.6285972 0.6685298 0.0071679 0.0104159 0.0276250 0.6157840 0.7209533 0.5946937 0.5538004 0.0010158 0.4924387 0.5501412 0.6686919 0.4668345 0.6605400 0.7189832 0.6584472 0.6646831 0.0126339 0.6660330 0.0185807 0.5965900 0.6462485 0.6048913 0.0217133 0.4371331 0.6958606 0.1282037 0.0175342 0.6500035 0.6088493 0.6354954 0.0324613 
Perityle_ambrosiifolia_67_green            0.1523726 0.0612895 0.2763491 0.3088390 0.1149906 0.5251758 0.3286050 0.0979467 0.3739113 0.1224928 0.6372996 0.0294330 0.6523715 0.0000000 0.0240602 0.7103133 0.6838165 0.2741519 0.0559665 0.0082420 0.0420774 0.0383177 0.0139775 0.7291089 0.0601682 0.6733589 0.6962950 0.3134671 0.2417826 0.1033647 0.1235220 0.6292514 0.1144548 0.0397532 0.6846414 0.0708227 0.0199866 0.3868516 0.6435693 0.6981932 0.6730301 0.0680294 0.6630767 0.0641519 0.3553979 0.6620288 0.0959256 0.6889700 0.7027838 0.0675016 0.1705898 0.6789354 0.6690599 0.6629641 0.0344720 0.2222739 0.1055347 0.0333357 0.6988721 0.0646849 0.1414817 0.2000958 0.0379932 0.0331087 0.2445646 0.0511443 0.1799324 0.4257022 0.0238439 0.7115741 0.1802632 0.0474140 0.0120990 0.7002941 0.0177907 0.2368999 0.7061566 0.6200593 0.0284966 0.1131777 0.0389535 0.6235743 
Perityle_angustifolia_13_Eagle_creek       0.1184997 0.0465058 0.1517994 0.2842402 0.1069193 0.5118988 0.3281773 0.0790199 0.3449928 0.0962031 0.5964895 0.0279273 0.5982607 0.0240602 0.0000000 0.6362498 0.6234527 0.1694305 0.0560675 0.0065549 0.0152405 0.0217241 0.0057107 0.6249707 0.0189452 0.5945007 0.6193414 0.2001734 0.2518146 0.0805408 0.0695361 0.5829644 0.0930851 0.0151059 0.6036957 0.0590270 0.0226607 0.3099185 0.6041501 0.6211246 0.6251802 0.0557853 0.6002579 0.0533788 0.2976152 0.5965508 0.0670351 0.6361286 0.6278162 0.0562518 0.0783326 0.6197679 0.6174986 0.5630025 0.0000010 0.2249256 0.0667936 0.0262286 0.6301949 0.0561180 0.1288643 0.1911319 0.0274728 0.0256279 0.2538107 0.0361780 0.1470229 0.3964114 0.0228157 0.6265328 0.1031736 0.0239616 0.0084849 0.6417030 0.0026074 0.2350624 0.6391240 0.5722903 0.0260896 0.1107230 0.0213512 0.5827819 
Perityle_batopilensis_97                   0.6940636 0.4823577 0.7686605 0.7456589 0.6338965 0.1194242 0.7487131 0.5521436 0.8880803 0.7975191 0.1125116 0.7237663 0.0389528 0.7103133 0.6362498 0.0000000 0.0421343 0.7827268 0.6569021 0.6263790 0.6949275 0.6921061 0.4479118 0.0529286 0.7066432 0.0407462 0.0483015 0.7808598 0.8317853 0.6134184 0.6050575 0.1484563 0.7555481 0.7167670 0.0441096 0.7064367 0.7083421 0.8906286 0.0156795 0.0522071 0.0457664 0.7092327 0.0387528 0.7120769 0.9234737 0.0429686 0.6058984 0.0461666 0.0468064 0.6904111 0.7046405 0.0435175 0.0371790 0.0367835 0.6250330 0.7965864 0.6661895 0.5738646 0.0439451 0.5045582 0.5629903 0.7246166 0.4691230 0.7264007 0.8355427 0.7264133 0.7237057 0.0383197 0.7222790 0.0519132 0.6671592 0.6946310 0.6620739 0.0471584 0.4490014 0.7209078 0.1304224 0.0412054 0.7301873 0.6377047 0.6900592 0.0530964 
Perityle_bisetosa_9                        0.6844407 0.4760880 0.7773033 0.7348323 0.6203112 0.0985383 0.7423494 0.5428768 0.8504534 0.8003112 0.1116940 0.7370638 0.0177197 0.6838165 0.6234527 0.0421343 0.0000000 0.7236079 0.6625972 0.6223211 0.6586924 0.6659484 0.4362138 0.0148652 0.6840938 0.0182790 0.0339294 0.7917906 0.8648293 0.5528590 0.5829067 0.1375867 0.7432506 0.7327859 0.0314212 0.7301215 0.6877271 0.8533326 0.0474802 0.0145072 0.0146414 0.6813349 0.0185450 0.7025127 0.8681454 0.0121116 0.5924967 0.0229457 0.0197891 0.6728093 0.6833734 0.0217573 0.0128730 0.0246160 0.6092466 0.7466017 0.5949234 0.5534065 0.0209513 0.4916144 0.5498199 0.6737290 0.4640609 0.7541089 0.7848402 0.7317392 0.6755990 0.0127161 0.7117831 0.0144414 0.6131500 0.7163767 0.5995316 0.0236697 0.4382244 0.7149406 0.1244760 0.0187251 0.7249258 0.6101224 0.7139708 0.0359224 
Perityle_californica_76_positas            0.2656027 0.0820332 0.4325934 0.3781074 0.1617565 0.5713883 0.3171575 0.1173763 0.4177060 0.2709714 0.7003247 0.2661890 0.7143045 0.2741519 0.1694305 0.7827268 0.7236079 0.0000000 0.1628134 0.1209634 0.2736191 0.2545589 0.0580727 0.7949180 0.2842992 0.7440037 0.7748731 0.5298637 0.2603694 0.2782760 0.2368898 0.6468441 0.2240546 0.2835308 0.7777426 0.2311882 0.2625511 0.4380735 0.7132376 0.7878026 0.6942975 0.2327569 0.7257240 0.2232505 0.4155279 0.7262969 0.0054645 0.7328963 0.7560529 0.2370605 0.3188975 0.7157370 0.7240676 0.7686714 0.1982373 0.2265632 0.1768273 0.1322276 0.7407187 0.0830246 0.1368298 0.1937317 0.0947615 0.2853078 0.2561956 0.2874419 0.3174684 0.5026630 0.2868850 0.7846752 0.3382206 0.2843015 0.2465576 0.7245535 0.0748291 0.2473575 0.7279154 0.6852663 0.2751286 0.1493473 0.2834096 0.6558860 
Perityle_canescens_77                      0.1148456 0.0673987 0.1384807 0.2646432 0.1119824 0.5534642 0.3231824 0.1138278 0.3512748 0.1099330 0.6114146 0.0684182 0.6135997 0.0559665 0.0560675 0.6569021 0.6625972 0.1628134 0.0000000 0.0447369 0.0622582 0.0668753 0.0398757 0.6514406 0.0618772 0.6097492 0.6520922 0.2004693 0.2342792 0.0809639 0.0710518 0.5716381 0.1071257 0.0632413 0.6207410 0.0331106 0.0635878 0.2853063 0.6245166 0.6458601 0.6515591 0.0274651 0.6107095 0.0249263 0.2739648 0.6257852 0.0929596 0.6529328 0.6504190 0.0276777 0.0747232 0.6449560 0.6373566 0.5809235 0.0595232 0.2032068 0.0677834 0.0570225 0.6500147 0.0487529 0.1118903 0.1618298 0.0592891 0.0649689 0.2385812 0.0691224 0.1463588 0.4540232 0.0672303 0.6530328 0.1007197 0.0686326 0.0463552 0.6619921 0.0493864 0.2215105 0.6471339 0.5837955 0.0605031 0.0804336 0.0656505 0.5990480 
Perityle_castillonii_96                    0.1009907 0.0533553 0.1982133 0.2832058 0.1153267 0.4584974 0.2913537 0.0912151 0.3768151 0.0700396 0.6090580 0.0103157 0.6241896 0.0082420 0.0065549 0.6263790 0.6223211 0.1209634 0.0447369 0.0000000 0.0125402 0.0213839 0.0042326 0.6318318 0.0167100 0.6277249 0.6046292 0.3340411 0.1183137 0.0627237 0.0688573 0.5249177 0.0685410 0.0187957 0.5966530 0.0518112 0.0061882 0.2322290 0.6274307 0.6229480 0.6278745 0.0476079 0.6279352 0.0410199 0.2115753 0.6336982 0.0742491 0.6347996 0.6304195 0.0499012 0.0793074 0.6171051 0.6222802 0.5939449 0.0150275 0.1202732 0.0598193 0.0226622 0.6271062 0.0630306 0.0715045 0.0948923 0.0204179 0.0103808 0.1201716 0.0252420 0.1454126 0.4123414 0.0061736 0.6342971 0.0662071 0.0229566 0.0021236 0.6368326 0.0072896 0.1529190 0.6669308 0.6180425 0.0106279 0.1171167 0.0208144 0.5735297 
Perityle_cernua_84                         0.1498036 0.0615191 0.2489152 0.3102051 0.1148740 0.5394147 0.3414034 0.0930114 0.3760082 0.1200993 0.6256793 0.0464724 0.6353116 0.0420774 0.0152405 0.6949275 0.6586924 0.2736191 0.0622582 0.0125402 0.0000000 0.0252206 0.0112161 0.6948547 0.0238802 0.6610274 0.6848067 0.2861861 0.2497640 0.1076940 0.1201033 0.6258619 0.1149130 0.0239193 0.6729117 0.0688961 0.0374906 0.3817812 0.6314194 0.6882679 0.6505437 0.0671295 0.6430301 0.0650762 0.3641484 0.6364023 0.0837844 0.6750083 0.6855598 0.0673605 0.1253276 0.6595643 0.6558069 0.6393233 0.0157642 0.2362856 0.0956250 0.0262438 0.6840379 0.0648921 0.1422499 0.2031551 0.0350752 0.0447122 0.2541732 0.0490420 0.1904676 0.4361163 0.0400442 0.6905760 0.1421595 0.0301854 0.0186764 0.6891176 0.0076236 0.2357277 0.6865304 0.5997730 0.0441540 0.1204770 0.0260233 0.6105935 
Perityle_cfvillosa_25_tin                  0.1523548 0.0534305 0.2284367 0.2951846 0.1130552 0.5474272 0.3273672 0.0908508 0.3638925 0.1206220 0.6306310 0.0452212 0.6403741 0.0383177 0.0217241 0.6921061 0.6659484 0.2545589 0.0668753 0.0213839 0.0252206 0.0000000 0.0140820 0.6871314 0.0244335 0.6628056 0.6759169 0.2595374 0.2665599 0.1032298 0.1209947 0.6337985 0.1133617 0.0244987 0.6658500 0.0704510 0.0378100 0.3767747 0.6258172 0.6804196 0.6560264 0.0660652 0.6520926 0.0652626 0.3703651 0.6478775 0.0807576 0.6746580 0.6846831 0.0671076 0.1238966 0.6594815 0.6616016 0.6345402 0.0252969 0.2389889 0.1021150 0.0304884 0.6797227 0.0615809 0.1384962 0.2068062 0.0353510 0.0434569 0.2684590 0.0501289 0.1802024 0.4501338 0.0353376 0.6945418 0.1330276 0.0031278 0.0127316 0.6835119 0.0000010 0.2445584 0.6719191 0.6093073 0.0491506 0.1200870 0.0000010 0.6184360 
Perityle_cinerea_113_Powell1310            0.0352759 0.0522752 0.0455537 0.1214049 0.0638828 0.4690078 0.1037310 0.0845397 0.0988029 0.0300844 0.4052604 0.0253071 0.4373230 0.0139775 0.0057107 0.4479118 0.4362138 0.0580727 0.0398757 0.0042326 0.0112161 0.0140820 0.0000000 0.4503365 0.0111577 0.4383090 0.4351994 0.0284054 0.0590340 0.0639133 0.0622455 0.3790348 0.0302016 0.0083746 0.4004312 0.0430424 0.0197576 0.0665903 0.4493242 0.4418517 0.4448435 0.0398170 0.4407011 0.0400794 0.0583773 0.4446764 0.0226291 0.4406778 0.4367521 0.0369776 0.0168366 0.4392044 0.4327772 0.4341867 0.0139862 0.0557703 0.0394257 0.0198688 0.4375388 0.0336307 0.1167186 0.0446115 0.0253207 0.0226877 0.0555921 0.0253089 0.0669522 0.3589263 0.0225229 0.4503365 0.0690767 0.0168667 0.0086299 0.4515722 0.0142336 0.0700327 0.4424853 0.4298473 0.0199063 0.0557135 0.0139778 0.3903667 
Perityle_coahuilensis_24                   0.7002865 0.4897211 0.8032927 0.7909359 0.6259070 0.1105404 0.7423633 0.5443737 0.8628652 0.7944519 0.1107404 0.7149825 0.0186276 0.7291089 0.6249707 0.0529286 0.0148652 0.7949180 0.6514406 0.6318318 0.6948547 0.6871314 0.4503365 0.0000000 0.7454846 0.0214457 0.0473872 0.8336229 0.8528192 0.6137496 0.6127550 0.1409734 0.7495829 0.7452150 0.0445936 0.7128984 0.7158866 0.8790076 0.0493446 0.0088643 0.0057700 0.7211645 0.0200507 0.7120852 0.9136204 0.0149594 0.6014589 0.0265012 0.0258022 0.7303955 0.7540900 0.0234456 0.0105211 0.0397580 0.6188494 0.7922305 0.6525556 0.5615660 0.0256983 0.4967165 0.5588559 0.7098176 0.4731311 0.7562417 0.8242849 0.7568840 0.7155111 0.0255325 0.7351517 0.0023744 0.7632550 0.7505490 0.6646485 0.0307767 0.4461075 0.7092779 0.1242928 0.0218870 0.7353800 0.6135546 0.7026977 0.0391667 
Perityle_cochisensis_44_cave_creek         0.1533960 0.0615673 0.2610524 0.3324869 0.1161027 0.5343383 0.3479905 0.0935947 0.3668586 0.1305009 0.6472814 0.0477338 0.6392547 0.0601682 0.0189452 0.7066432 0.6840938 0.2842992 0.0618772 0.0167100 0.0238802 0.0244335 0.0111577 0.7454846 0.0000000 0.6584280 0.7080455 0.2992144 0.2595231 0.1092656 0.1242941 0.6202595 0.1160976 0.0630964 0.6896491 0.0984631 0.0361817 0.4164808 0.6321704 0.7045058 0.6712949 0.0974981 0.6501000 0.0789940 0.3686275 0.6459275 0.0876231 0.6875433 0.7005592 0.1131590 0.1607279 0.6767538 0.6595286 0.6596871 0.0236324 0.2311242 0.0921936 0.0281136 0.6968350 0.0647945 0.1369601 0.2073128 0.0353726 0.0894365 0.2652887 0.0976009 0.1875364 0.4341641 0.0603625 0.7057309 0.2075582 0.0915223 0.0472073 0.7033068 0.0076544 0.2540322 0.6807182 0.6100100 0.0614341 0.1230219 0.0460692 0.6282806 
Perityle_congesta_202                      0.7003133 0.4782721 0.7241055 0.7470489 0.6123280 0.1050058 0.7335354 0.5441822 0.8516856 0.7287993 0.1020189 0.6791932 0.0000010 0.6733589 0.5945007 0.0407462 0.0182790 0.7440037 0.6097492 0.6277249 0.6610274 0.6628056 0.4383090 0.0214457 0.6584280 0.0000000 0.0372858 0.7283807 0.7434794 0.5953743 0.6086457 0.1083115 0.7096453 0.6740348 0.0366637 0.6426304 0.6893121 0.8139783 0.0464370 0.0215690 0.0209376 0.6490892 0.0019675 0.6448177 0.8570599 0.0242123 0.5902540 0.0049983 0.0000010 0.6433304 0.6990438 0.0070436 0.0108452 0.0276369 0.6143696 0.7535695 0.6417290 0.5519895 0.0009258 0.4956750 0.5560610 0.6949495 0.4679377 0.6811587 0.7511925 0.6791464 0.6892283 0.0125730 0.6895162 0.0223443 0.6565959 0.6680865 0.6408072 0.0234872 0.4380311 0.6992021 0.1253688 0.0174835 0.6714309 0.6098147 0.6577877 0.0324973 
Perityle_cordifolia_27                     0.6778320 0.4750493 0.7886436 0.7588042 0.6063733 0.1001661 0.7153885 0.5182101 0.8552472 0.8064401 0.1177064 0.7224460 0.0350552 0.6962950 0.6193414 0.0483015 0.0339294 0.7748731 0.6520922 0.6046292 0.6848067 0.6759169 0.4351994 0.0473872 0.7080455 0.0372858 0.0000000 0.8211680 0.8420466 0.6093170 0.5996455 0.1472173 0.7576026 0.7098896 0.0308147 0.7083045 0.6980664 0.8581496 0.0540492 0.0493554 0.0369622 0.6944315 0.0359833 0.7141424 0.8826206 0.0360485 0.5552252 0.0412868 0.0427229 0.6856537 0.7195548 0.0387691 0.0314072 0.0085729 0.6136037 0.7871022 0.6301803 0.5445796 0.0379063 0.4704630 0.5282267 0.6950689 0.4399979 0.7195803 0.8056311 0.7118072 0.7079699 0.0194872 0.7244390 0.0481097 0.6925438 0.6952368 0.6326100 0.0381390 0.4199431 0.7087567 0.1142643 0.0370948 0.7166913 0.6007656 0.6867609 0.0441441 
Perityle_cordifolia_68_tecolote            0.4547059 0.0787390 0.2935770 0.4644330 0.2737720 0.5987336 0.4017957 0.1625156 0.4575919 0.3289926 0.7099419 0.2442207 0.7086191 0.3134671 0.2001734 0.7808598 0.7917906 0.5298637 0.2004693 0.3340411 0.2861861 0.2595374 0.0284054 0.8336229 0.2992144 0.7283807 0.8211680 0.0000000 0.5442100 0.2592540 0.2678571 0.7211692 0.3099510 0.2702555 0.7767701 0.2933423 0.2781539 0.6395680 0.7152255 0.7795038 0.7344721 0.2940651 0.7153551 0.2818219 0.5578236 0.7122394 0.2532364 0.7396338 0.7710516 0.3099511 0.3680842 0.7374457 0.7406868 0.7906029 0.2373832 0.4639624 0.2572722 0.1938895 0.7696578 0.1880097 0.2278098 0.4318042 0.1181398 0.2742222 0.5134837 0.2638782 0.3710752 0.5132310 0.2895045 0.7946740 0.3183227 0.2833966 0.3722909 0.7958723 0.0775505 0.4394344 0.7393680 0.6753945 0.3266505 0.3239602 0.2661683 0.6956576 
Perityle_coronopifolia_28_patagonia        0.1841093 0.0602911 0.4997877 0.3990219 0.2304065 0.5589188 0.3940668 0.1061845 0.4450311 0.3048562 0.8367562 0.3251985 0.7108532 0.2417826 0.2518146 0.8317853 0.8648293 0.2603694 0.2342792 0.1183137 0.2497640 0.2665599 0.0590340 0.8528192 0.2595231 0.7434794 0.8420466 0.5442100 0.0000000 0.1526841 0.1026131 0.6977458 0.2611061 0.3223459 0.8095541 0.3213929 0.2259960 0.4022760 0.7414826 0.8272224 0.7788793 0.2620582 0.7109608 0.2766846 0.4398488 0.6903884 0.0912008 0.7950232 0.8232854 0.2409981 0.3312719 0.8016714 0.7373523 0.7350003 0.2109115 0.0386549 0.1819143 0.1284766 0.8411503 0.0124573 0.0734222 0.0676249 0.0825989 0.3210576 0.0122903 0.3210197 0.2976980 0.4277417 0.2728258 0.8711604 0.2194907 0.3146794 0.1268884 0.8619729 0.0673051 0.3036755 0.7546823 0.6796973 0.2884562 0.0182736 0.3188746 0.7530857 
Perityle_crassifolia_70_ventanas           0.1361880 0.0705305 0.2095161 0.2194481 0.0845364 0.5712996 0.1941615 0.1044022 0.2182717 0.0265771 0.5266035 0.1090330 0.5411995 0.1033647 0.0805408 0.6134184 0.5528590 0.2782760 0.0809639 0.0627237 0.1076940 0.1032298 0.0639133 0.6137496 0.1092656 0.5953743 0.6093170 0.2592540 0.1526841 0.0000000 0.0151369 0.5327868 0.0268755 0.1053543 0.5686143 0.1091865 0.1023889 0.2763642 0.5376029 0.5996331 0.5230593 0.1037213 0.5571005 0.1064377 0.2855807 0.5583288 0.0906120 0.5529547 0.5981014 0.1027546 0.1965937 0.5515121 0.5604724 0.6137687 0.1004783 0.1583772 0.1301108 0.0869452 0.5831400 0.0471879 0.1449589 0.1619873 0.0971247 0.1078074 0.1502910 0.1143671 0.1488064 0.4710512 0.1017647 0.6184076 0.0136891 0.1091724 0.0936390 0.5652635 0.0745558 0.1569325 0.5430449 0.5178830 0.1011677 0.0698624 0.1049840 0.4906387 
Perityle_crassifolia_74_playa_balandra     0.1402910 0.0753403 0.2021925 0.2216096 0.1103909 0.4962424 0.2047865 0.1176046 0.2254263 0.0258555 0.5396268 0.1377109 0.5666661 0.1235220 0.0695361 0.6050575 0.5829067 0.2368898 0.0710518 0.0688573 0.1201033 0.1209947 0.0622455 0.6127550 0.1242941 0.6086457 0.5996455 0.2678571 0.1026131 0.0151369 0.0000000 0.5499870 0.0260731 0.1275226 0.5670354 0.1088917 0.1303627 0.1859718 0.5419476 0.6022851 0.5319718 0.0958916 0.6113113 0.0998682 0.2073217 0.5849985 0.0985096 0.5893022 0.6124979 0.0927105 0.2077430 0.5867238 0.6036625 0.6051337 0.0938280 0.1066570 0.1119487 0.0845779 0.6086457 0.0543303 0.0547497 0.1090267 0.0925932 0.1352558 0.0992387 0.1409374 0.2033615 0.4861863 0.1298690 0.6164511 0.0062517 0.1276596 0.1174580 0.6194986 0.0774994 0.1494695 0.6036557 0.5297201 0.1290540 0.0619924 0.1233363 0.5107332 
Perityle_cuneata_34_cuneata_San_antonio    0.6297463 0.4380937 0.6938456 0.6676235 0.5817391 0.1469704 0.7072096 0.4835573 0.7277282 0.7126636 0.1161119 0.6369352 0.1151098 0.6292514 0.5829644 0.1484563 0.1375867 0.6468441 0.5716381 0.5249177 0.6258619 0.6337985 0.3790348 0.1409734 0.6202595 0.1083115 0.1472173 0.7211692 0.6977458 0.5327868 0.5499870 0.0000000 0.6898426 0.6389212 0.1227917 0.6119158 0.6182014 0.7457511 0.1373419 0.1405583 0.1406275 0.6143092 0.1095389 0.6125879 0.7713882 0.1167847 0.4616972 0.1471425 0.1355018 0.6222868 0.6482973 0.1445153 0.1175842 0.1122982 0.5902867 0.6627095 0.5620624 0.4591773 0.1366972 0.4129294 0.4675358 0.6479161 0.4062969 0.6412688 0.7005423 0.6319386 0.6525548 0.0834297 0.6417351 0.1407849 0.6326987 0.6361540 0.5635621 0.1433522 0.4003999 0.6463087 0.1532327 0.1174561 0.6453999 0.5079611 0.6270601 0.0929718 
Perityle_discoidea_81                      0.1188290 0.0281760 0.2215245 0.2873651 0.0700256 0.5658574 0.3212743 0.0960536 0.3774559 0.0011382 0.6916903 0.1252736 0.6850010 0.1144548 0.0930851 0.7555481 0.7432506 0.2240546 0.1071257 0.0685410 0.1149130 0.1133617 0.0302016 0.7495829 0.1160976 0.7096453 0.7576026 0.3099510 0.2611061 0.0268755 0.0260731 0.6898426 0.0000000 0.1132336 0.7341149 0.1320461 0.1020755 0.3847709 0.6725729 0.7398895 0.7091743 0.1234785 0.7006235 0.1259685 0.3835541 0.6941607 0.0798611 0.7425118 0.7604231 0.1179113 0.1772876 0.7281975 0.7288467 0.6789074 0.0829472 0.2274193 0.1233037 0.0730381 0.7578394 0.0440069 0.1346363 0.2035895 0.0622037 0.1226421 0.2602282 0.1289590 0.1540138 0.4842053 0.1168024 0.7510675 0.0372896 0.1185776 0.0862945 0.7486453 0.0334099 0.2204451 0.7339021 0.6436132 0.1153768 0.1052356 0.1140947 0.6698474 
Perityle_dissecta_201                      0.1558022 0.0614379 0.2549671 0.3308153 0.1159216 0.5292074 0.3461499 0.1034124 0.3679781 0.1266819 0.6657344 0.0446037 0.6519305 0.0397532 0.0151059 0.7167670 0.7327859 0.2835308 0.0632413 0.0187957 0.0239193 0.0244987 0.0083746 0.7452150 0.0630964 0.6740348 0.7098896 0.2702555 0.3223459 0.1053543 0.1275226 0.6389212 0.1132336 0.0000000 0.6880912 0.0793334 0.0373680 0.4246366 0.6442877 0.7059558 0.6755914 0.0716226 0.6619804 0.0742745 0.3812265 0.6595262 0.0935141 0.6890994 0.7106156 0.0652427 0.1588470 0.6888791 0.6730515 0.6639358 0.0223030 0.2356887 0.1103288 0.0388193 0.7060924 0.0676293 0.1426140 0.2141826 0.0442272 0.0460906 0.2689494 0.0483384 0.1810354 0.4238449 0.0378972 0.7341818 0.2075489 0.0333374 0.0232972 0.7470273 0.0152794 0.2496421 0.6847925 0.6188350 0.0709046 0.1276107 0.0252425 0.6307833 
Perityle_emoryi_47_punta_san_jose          0.6673973 0.4372580 0.7686558 0.7291333 0.5937423 0.0922820 0.7195451 0.5124198 0.8394630 0.7774218 0.0942327 0.6921636 0.0320467 0.6846414 0.6036957 0.0441096 0.0314212 0.7777426 0.6207410 0.5966530 0.6729117 0.6658500 0.4004312 0.0445936 0.6896491 0.0366637 0.0308147 0.7767701 0.8095541 0.5686143 0.5670354 0.1227917 0.7341149 0.6880912 0.0000000 0.6753104 0.6849704 0.8681367 0.0510525 0.0435747 0.0341889 0.6700001 0.0342105 0.6771343 0.8902541 0.0363921 0.5518857 0.0357156 0.0397605 0.6656975 0.7169959 0.0317887 0.0296154 0.0290528 0.5948278 0.7725654 0.6226031 0.5288945 0.0357925 0.4349514 0.5248211 0.6797164 0.4232430 0.6998968 0.7954862 0.6996354 0.7025442 0.0240162 0.7041609 0.0447320 0.6610458 0.6707408 0.6180728 0.0340916 0.3924532 0.7071404 0.1035456 0.0351507 0.6990217 0.5841326 0.6620536 0.0317484 
Perityle_feddemae_99                       0.1341221 0.0819493 0.2331223 0.3147766 0.1330215 0.5418225 0.3421837 0.1196721 0.3750107 0.1495462 0.6906567 0.0883561 0.6260923 0.0708227 0.0590270 0.7064367 0.7301215 0.2311882 0.0331106 0.0518112 0.0688961 0.0704510 0.0430424 0.7128984 0.0984631 0.6426304 0.7083045 0.2933423 0.3213929 0.1091865 0.1088917 0.6119158 0.1320461 0.0793334 0.6753104 0.0000000 0.0720765 0.3998402 0.6357131 0.6893930 0.6639566 0.0166236 0.6281596 0.0191467 0.3301986 0.6364010 0.1020697 0.6719325 0.6952756 0.0215646 0.1644518 0.6710784 0.6423515 0.6478477 0.0656713 0.2161330 0.1188491 0.0669003 0.6915045 0.0593076 0.1430937 0.1791101 0.0720277 0.0882970 0.2674148 0.0896479 0.1779241 0.4627424 0.0808304 0.7112217 0.1882679 0.0815656 0.0574243 0.7379962 0.0497139 0.2570013 0.6810134 0.6039315 0.1093591 0.1090018 0.0754889 0.6361742 
Perityle_fosteri_93                        0.1682950 0.0644223 0.2450620 0.3051332 0.1269918 0.5369397 0.3245223 0.1060061 0.3738965 0.1054142 0.6422533 0.0245130 0.6658208 0.0199866 0.0226607 0.7083421 0.6877271 0.2625511 0.0635878 0.0061882 0.0374906 0.0378100 0.0197576 0.7158866 0.0361817 0.6893121 0.6980664 0.2781539 0.2259960 0.1023889 0.1303627 0.6182014 0.1020755 0.0373680 0.6849704 0.0720765 0.0000000 0.3531796 0.6482359 0.7024084 0.6778592 0.0687254 0.6763906 0.0665417 0.3414386 0.6752594 0.1083992 0.6989260 0.7118557 0.0676685 0.1414161 0.6826695 0.6786954 0.6594729 0.0386148 0.2327394 0.1143892 0.0426584 0.7062632 0.0760563 0.1509001 0.2063301 0.0500055 0.0247370 0.2284975 0.0481116 0.1866378 0.4503362 0.0021928 0.7238152 0.1302045 0.0418370 0.0138702 0.7079820 0.0204726 0.2311822 0.6993705 0.6348074 0.0227550 0.1239116 0.0382285 0.6161077 
Perityle_gamon_221                         0.3725712 0.0957046 0.5161950 0.4545831 0.3404849 0.5580657 0.4699612 0.1401927 0.5264226 0.4432394 0.8354949 0.4217763 0.7801236 0.3868516 0.3099185 0.8906286 0.8533326 0.4380735 0.2853063 0.2322290 0.3817812 0.3767747 0.0665903 0.8790076 0.4164808 0.8139783 0.8581496 0.6395680 0.4022760 0.2763642 0.1859718 0.7457511 0.3847709 0.4246366 0.8681367 0.3998402 0.3531796 0.0000000 0.7690167 0.8758883 0.7793336 0.3704622 0.7888268 0.3787786 0.1595554 0.7801225 0.1542706 0.8455065 0.8761364 0.3491411 0.4290991 0.8417668 0.7926342 0.8067988 0.2959576 0.2740546 0.2321427 0.1912667 0.8640248 0.0916868 0.1018678 0.2579585 0.0684647 0.4341911 0.3508570 0.4333602 0.4575217 0.4517456 0.4221579 0.8821291 0.3814730 0.4290955 0.3033740 0.8691960 0.0710845 0.4426937 0.8101764 0.7414017 0.4247248 0.2270801 0.4260712 0.7526932 
Perityle_gentryi_8_san_francisco           0.6828893 0.5024893 0.6713511 0.7023072 0.6282563 0.1309589 0.7349172 0.5438039 0.8922423 0.6828858 0.1124258 0.6453467 0.0476567 0.6435693 0.6041501 0.0156795 0.0474802 0.7132376 0.6245166 0.6274307 0.6314194 0.6258172 0.4493242 0.0493446 0.6321704 0.0464370 0.0540492 0.7152255 0.7414826 0.5376029 0.5419476 0.1373419 0.6725729 0.6442877 0.0510525 0.6357131 0.6482359 0.7690167 0.0000000 0.0506843 0.0503320 0.6424633 0.0472004 0.6350962 0.7852610 0.0531608 0.6135425 0.0538213 0.0484599 0.6336229 0.6523469 0.0485350 0.0477727 0.0452079 0.6128817 0.7428058 0.6203888 0.5777323 0.0494418 0.5113447 0.5728745 0.6927149 0.4755744 0.6529183 0.7430949 0.6500934 0.6724823 0.0472278 0.6424517 0.0492155 0.5879921 0.6320977 0.6090761 0.0570358 0.4502873 0.6962582 0.1433557 0.0483698 0.6334799 0.6415718 0.6277517 0.0474193 
Perityle_gilensis_22_Superstition          0.6807762 0.4831673 0.7801088 0.7619772 0.6195658 0.1063904 0.7402110 0.5395566 0.8537520 0.7718576 0.1133705 0.7012668 0.0208371 0.6981932 0.6211246 0.0522071 0.0145072 0.7878026 0.6458601 0.6229480 0.6882679 0.6804196 0.4418517 0.0088643 0.7045058 0.0215690 0.0493554 0.7795038 0.8272224 0.5996331 0.6022851 0.1405583 0.7398895 0.7059558 0.0435747 0.6893930 0.7024084 0.8758883 0.0506843 0.0000000 0.0009623 0.6879858 0.0211450 0.6958751 0.9045643 0.0170652 0.5949190 0.0266224 0.0228038 0.6856590 0.7132395 0.0230448 0.0134845 0.0390482 0.6144859 0.7781940 0.6439518 0.5568794 0.0240235 0.4915203 0.5545517 0.7056341 0.4705559 0.7128088 0.8145352 0.7140517 0.7026367 0.0211004 0.7163061 0.0115649 0.6650289 0.6902285 0.6418927 0.0310005 0.4412596 0.7066011 0.1272995 0.0219751 0.7251833 0.6094011 0.6821926 0.0392770 
Perityle_gilensis_salensis_225             0.6765272 0.4843636 0.7098505 0.7066248 0.6232356 0.1059228 0.7367334 0.5419347 0.8631708 0.7315470 0.1117647 0.6821301 0.0210015 0.6730301 0.6251802 0.0457664 0.0146414 0.6942975 0.6515591 0.6278745 0.6505437 0.6560264 0.4448435 0.0057700 0.6712949 0.0209376 0.0369622 0.7344721 0.7788793 0.5230593 0.5319718 0.1406275 0.7091743 0.6755914 0.0341889 0.6639566 0.6778592 0.7793336 0.0503320 0.0009623 0.0000000 0.6710109 0.0212601 0.6734335 0.8195527 0.0177155 0.5980403 0.0274003 0.0225338 0.6610323 0.6601644 0.0225597 0.0143048 0.0266288 0.6110224 0.7291740 0.6034026 0.5595838 0.0234548 0.4943354 0.5545517 0.6600109 0.4705559 0.6891706 0.7788417 0.6788281 0.6657728 0.0211004 0.6906919 0.0057564 0.5805791 0.6558498 0.5968056 0.0312917 0.4439874 0.6935595 0.1320664 0.0218290 0.6934575 0.6105533 0.6510598 0.0402020 
Perityle_glaucescens_94                    0.1299601 0.0726674 0.2288185 0.2885564 0.1269567 0.5436823 0.3286898 0.1085618 0.3643013 0.1381334 0.6433083 0.0790201 0.6346062 0.0680294 0.0557853 0.7092327 0.6813349 0.2327569 0.0274651 0.0476079 0.0671295 0.0660652 0.0398170 0.7211645 0.0974981 0.6490892 0.6944315 0.2940651 0.2620582 0.1037213 0.0958916 0.6143092 0.1234785 0.0716226 0.6700001 0.0166236 0.0687254 0.3704622 0.6424633 0.6879858 0.6710109 0.0000000 0.6349437 0.0146241 0.3247531 0.6431584 0.0991093 0.6735261 0.6854246 0.0171730 0.1600842 0.6640608 0.6524611 0.6470863 0.0635097 0.2210254 0.1122473 0.0587758 0.6812391 0.0566534 0.1339966 0.1847480 0.0624312 0.0815243 0.2685581 0.0823457 0.1706959 0.4672949 0.0738011 0.6961739 0.1799389 0.0743317 0.0575578 0.6869279 0.0466535 0.2484802 0.6807907 0.6108157 0.0822109 0.1071618 0.0652459 0.6421914 
Perityle_gracilis_11                       0.6982277 0.4804002 0.7090314 0.7328353 0.6169126 0.1053634 0.7324013 0.5474933 0.8467224 0.7066239 0.1012512 0.6725780 0.0020671 0.6630767 0.6002579 0.0387528 0.0185450 0.7257240 0.6107095 0.6279352 0.6430301 0.6520926 0.4407011 0.0200507 0.6501000 0.0019675 0.0359833 0.7153551 0.7109608 0.5571005 0.6113113 0.1095389 0.7006235 0.6619804 0.0342105 0.6281596 0.6763906 0.7888268 0.0472004 0.0211450 0.0212601 0.6349437 0.0000000 0.6304065 0.8043971 0.0254814 0.5902606 0.0060894 0.0019704 0.6288890 0.6889096 0.0092018 0.0130972 0.0283696 0.6164536 0.7152617 0.6014664 0.5514756 0.0019645 0.4911833 0.5588559 0.6874764 0.4726827 0.6745582 0.7160556 0.6666796 0.6745789 0.0126192 0.6766013 0.0200017 0.6201550 0.6551120 0.6216839 0.0250711 0.4402123 0.7040587 0.1262495 0.0185698 0.6630838 0.6096651 0.6470581 0.0304742 
Perityle_harkerae_31                       0.1226542 0.0704513 0.2267542 0.3044021 0.1215952 0.5480210 0.3318410 0.1113935 0.3575300 0.1473123 0.6580330 0.0826566 0.6300438 0.0641519 0.0533788 0.7120769 0.7025127 0.2232505 0.0249263 0.0410199 0.0650762 0.0652626 0.0400794 0.7120852 0.0789940 0.6448177 0.7141424 0.2818219 0.2766846 0.1064377 0.0998682 0.6125879 0.1259685 0.0742745 0.6771343 0.0191467 0.0665417 0.3787786 0.6350962 0.6958751 0.6734335 0.0146241 0.6304065 0.0000000 0.3252358 0.6420437 0.0968571 0.6748421 0.6981695 0.0142159 0.1354939 0.6740483 0.6488196 0.6375731 0.0595463 0.2156008 0.1091956 0.0557228 0.6943339 0.0542671 0.1299656 0.1787214 0.0625937 0.0811553 0.2648678 0.0831688 0.1706185 0.4591500 0.0789101 0.7156540 0.1365489 0.0760957 0.0529092 0.7021154 0.0443033 0.2367093 0.6758108 0.6060551 0.0869337 0.0978515 0.0728945 0.6421160 
Perityle_hofmeisteria_4_nombre_de_dios     0.3901792 0.0940436 0.4470315 0.4461634 0.3294126 0.5771984 0.4254895 0.1390591 0.4921974 0.4268265 0.8572654 0.3881790 0.8134943 0.3553979 0.2976152 0.9234737 0.8681454 0.4155279 0.2739648 0.2115753 0.3641484 0.3703651 0.0583773 0.9136204 0.3686275 0.8570599 0.8826206 0.5578236 0.4398488 0.2855807 0.2073217 0.7713882 0.3835541 0.3812265 0.8902541 0.3301986 0.3414386 0.1595554 0.7852610 0.9045643 0.8195527 0.3247531 0.8043971 0.3252358 0.0000000 0.8184662 0.1728603 0.8762630 0.9162531 0.3051645 0.3850797 0.8696540 0.8250799 0.8031336 0.2726823 0.3489342 0.2364242 0.1952851 0.9009496 0.0960131 0.0875724 0.3066820 0.0633299 0.3840497 0.4307240 0.3935947 0.4654514 0.4672522 0.3784394 0.9158400 0.3152513 0.3828937 0.2619635 0.8695551 0.0638649 0.4537664 0.8286011 0.7506420 0.3853515 0.2171579 0.3797794 0.7691102 
Perityle_huecosensis_48                    0.6914547 0.4841903 0.6980910 0.7327324 0.6302924 0.1045102 0.7334749 0.5478183 0.8648768 0.7001590 0.1056931 0.6682202 0.0239822 0.6620288 0.5965508 0.0429686 0.0121116 0.7262969 0.6257852 0.6336982 0.6364023 0.6478775 0.4446764 0.0149594 0.6459275 0.0242123 0.0360485 0.7122394 0.6903884 0.5583288 0.5849985 0.1167847 0.6941607 0.6595262 0.0363921 0.6364010 0.6752594 0.7801225 0.0531608 0.0170652 0.0177155 0.6431584 0.0254814 0.6420437 0.8184662 0.0000000 0.5862617 0.0287232 0.0232311 0.6371309 0.6788539 0.0225940 0.0161824 0.0287228 0.6162039 0.7029214 0.6037048 0.5625091 0.0252135 0.4898431 0.5471595 0.6571188 0.4654728 0.6701307 0.6920183 0.6647018 0.6700574 0.0211222 0.6754689 0.0149230 0.6171084 0.6478174 0.6161317 0.0322696 0.4395892 0.7034214 0.1266208 0.0273939 0.6572250 0.6024637 0.6429632 0.0362185 
