84
Amauria_brandeegeana_62                    0.0000000 0.0697647 0.2102949 0.4088466 0.1525654 0.0628753 0.3060600 0.1706340 0.4026926 0.2446054 0.2336712 0.2326223 0.2478340 0.2873348 0.1661963 0.2351793 0.2440497 0.0997033 0.2057565 0.2464920 0.2184987 0.2516019 0.2396335 0.2268497 0.2306120 0.2507790 0.2568900 0.2555842 0.2556197 0.1424207 0.1870099 0.2325035 0.2304587 0.2331300 0.2217343 0.2299004 0.2250858 0.1691480 0.2177169 0.3117635 0.3209484 0.2292643 0.2493604 0.2101924 0.1930156 0.2454921 0.0581717 0.2502967 0.2372409 0.2371587 0.2787686 0.1931359 0.2365144 0.2508796 0.0839108 0.2165785 0.1586188 0.0890678 0.2295464 0.2286555 0.1450668 0.0743508 0.3080523 0.0961446 0.1421907 0.2001478 0.2495370 0.2705668 0.2740670 0.0590169 0.2531048 0.2514799 0.2915791 0.2479498 0.2552447 0.2334353 0.0791922 0.2212019 0.2969834 0.2518685 0.2187283 0.0930125 0.2484326 0.2603541 
Amauria_carterae_99_mesa                   0.0697647 0.0000000 0.0402636 0.2200677 0.0634560 0.0602464 0.1235349 0.1557933 0.2118465 0.0558013 0.0791422 0.0642523 0.0789275 0.1439287 0.0650142 0.0674595 0.0718858 0.0667432 0.0778783 0.0763484 0.0704750 0.0823551 0.0695513 0.0708512 0.0754501 0.0801065 0.1408499 0.0846842 0.0696485 0.0799841 0.0674288 0.0693609 0.0558013 0.0739354 0.0608727 0.0829401 0.0731563 0.0766396 0.0725540 0.1504600 0.1577712 0.0856369 0.0804785 0.0804047 0.0820872 0.0871216 0.0574586 0.0808114 0.0816600 0.0879660 0.1482388 0.0790398 0.0676954 0.0803183 0.0719750 0.1023944 0.1028706 0.0756315 0.0733240 0.0762207 0.1024815 0.0830894 0.0962924 0.0975339 0.0656958 0.0907895 0.0776375 0.0619154 0.0613090 0.0723225 0.0739855 0.0792947 0.0846095 0.0821569 0.0847320 0.0753750 0.0871888 0.0684226 0.0776347 0.0823581 0.0691085 0.0936256 0.0848164 0.0562928 
Amauria_rotundifolia_SRR9119150            0.2102949 0.0402636 0.0000000 0.5172870 0.1867392 0.0578255 0.4930737 0.1536597 0.5490258 0.3956580 0.2678592 0.4353290 0.3676112 0.4162932 0.1996338 0.3244994 0.4073768 0.1084651 0.2703753 0.3586853 0.3556881 0.4301186 0.4387391 0.3323791 0.4355331 0.4285662 0.2877121 0.3603299 0.3209319 0.1351233 0.2118414 0.2390111 0.2904893 0.4066245 0.3940299 0.2438427 0.3346875 0.2307970 0.3010034 0.4718339 0.4448368 0.2648183 0.3909340 0.2793178 0.2355486 0.4333472 0.0481180 0.4375394 0.4291675 0.2483237 0.4021382 0.3683945 0.3964616 0.4205686 0.0860628 0.2967543 0.1862040 0.0847834 0.3883608 0.4046180 0.2205366 0.0661280 0.3385076 0.0952332 0.2553562 0.2612835 0.4282782 0.3578998 0.4039030 0.0584725 0.3788226 0.4498113 0.3958226 0.3987981 0.3947696 0.3707360 0.0819751 0.2279989 0.4335055 0.4252711 0.4162340 0.0888229 0.4253208 0.4053220 
Conoclinium_coelestinum_SRR9119114         0.4088466 0.2200677 0.5172870 0.0000000 0.4413374 0.1977285 0.3755379 0.2133130 0.3242746 0.2992778 0.4700943 0.4382098 0.4315743 0.5151582 0.2568363 0.3931718 0.4408133 0.3800649 0.3751011 0.4092418 0.4151737 0.4656959 0.4559825 0.3876452 0.4559546 0.4609537 0.4957301 0.4276800 0.2951236 0.3000505 0.4799490 0.4858481 0.3514781 0.4498564 0.3006808 0.4936113 0.4133690 0.5137070 0.3874534 0.5087931 0.5139038 0.4803159 0.4418794 0.4750146 0.4960436 0.4742947 0.1729231 0.4570389 0.4588556 0.4498814 0.5176898 0.4233278 0.4550164 0.4406996 0.2703118 0.3968146 0.3430547 0.2751600 0.4431980 0.4398714 0.3419922 0.1406347 0.4107883 0.2321426 0.3286547 0.4719787 0.4573787 0.4271171 0.4798416 0.1881917 0.4393600 0.4708393 0.3352480 0.4455709 0.4433020 0.4261476 0.2274048 0.4233039 0.5362634 0.4574224 0.4403026 0.2733568 0.4579779 0.2837445 
Eutetras_palmeri_63                        0.1525654 0.0634560 0.1867392 0.4413374 0.0000000 0.0261780 0.3457001 0.1508151 0.4094424 0.1800409 0.0582171 0.1691193 0.1777680 0.2958958 0.1675425 0.1421175 0.1687135 0.0281279 0.0945983 0.1679582 0.1605660 0.1807674 0.1675367 0.1586045 0.1637130 0.1825254 0.1673872 0.1755282 0.1693739 0.1059431 0.0343577 0.0435346 0.1219151 0.1782867 0.1824836 0.0879221 0.1629315 0.0925489 0.1180446 0.2754488 0.2855785 0.0930165 0.1786503 0.0819825 0.0875889 0.1809705 0.0266233 0.1830348 0.1809378 0.0952246 0.2873493 0.1899933 0.1634168 0.1806276 0.0550391 0.1109823 0.0962654 0.0692664 0.1668300 0.1667151 0.0897401 0.0443881 0.1848319 0.0719351 0.0592383 0.1122483 0.1831412 0.1622742 0.2019508 0.0436137 0.1683765 0.1795946 0.2709927 0.1786532 0.1818743 0.1681631 0.0612517 0.0784657 0.2370914 0.1846012 0.1672353 0.0741770 0.1810265 0.1497523 
Eutetras_pringlei_149_quer                 0.0628753 0.0602464 0.0578255 0.1977285 0.0261780 0.0000000 0.1634849 0.1081822 0.2012583 0.0685989 0.0424038 0.0894267 0.0979064 0.0962414 0.0968017 0.0922203 0.1028152 0.0187322 0.0389365 0.1126024 0.0944886 0.0987002 0.0908393 0.0972564 0.0909009 0.1017687 0.0476476 0.0985682 0.0745869 0.0870342 0.0217614 0.0241042 0.0628357 0.0949703 0.0690673 0.0451084 0.0973527 0.0372321 0.0955807 0.0904184 0.0982518 0.0477216 0.0916153 0.0424439 0.0422049 0.1098615 0.0160435 0.0963597 0.1007049 0.0528276 0.0982830 0.1036378 0.0946502 0.0936900 0.0353472 0.0763741 0.0388621 0.0437795 0.0946369 0.0944765 0.0604115 0.0457206 0.1071795 0.0476726 0.0315780 0.0702847 0.1017687 0.0690526 0.0558934 0.0430176 0.0999221 0.1008599 0.0941523 0.0956593 0.0951252 0.0883830 0.0337148 0.0285811 0.0488422 0.1007613 0.0910383 0.0581301 0.0956660 0.0615291 
Eutrochium_fistulosum_SRR9119106           0.3060600 0.1235349 0.4930737 0.3755379 0.3457001 0.1634849 0.0000000 0.1917641 0.4582817 0.3565734 0.3869129 0.3434506 0.3497158 0.3883899 0.2364698 0.2802912 0.3343643 0.2603431 0.2666084 0.3238629 0.3459918 0.3639563 0.3473022 0.3030185 0.3526803 0.3623101 0.4284465 0.3441797 0.2923380 0.2040593 0.3768724 0.3779466 0.2620783 0.3646524 0.4009768 0.3927824 0.3100985 0.4166317 0.2655516 0.4022941 0.4165270 0.3856557 0.3586419 0.3809447 0.4067970 0.3488929 0.1403829 0.3640891 0.3631150 0.3822826 0.3872467 0.3105319 0.3498013 0.3508952 0.1557615 0.2875662 0.1956691 0.1905853 0.3381347 0.3242575 0.1838118 0.1181381 0.3425438 0.1921054 0.2250558 0.3864705 0.3641422 0.3124911 0.4330052 0.1474021 0.3404582 0.3637447 0.4042516 0.3541731 0.3570225 0.3572781 0.1604133 0.3401977 0.4284335 0.3578882 0.3218564 0.1709244 0.3642123 0.3654906 
Galeana_pratensis_104_mex                  0.1706340 0.1557933 0.1536597 0.2133130 0.1508151 0.1081822 0.1917641 0.0000000 0.2317391 0.1249217 0.1610088 0.1241620 0.1352975 0.1617151 0.1185319 0.1295755 0.1465078 0.1336033 0.1612482 0.1503946 0.1408760 0.1358983 0.1188536 0.1298874 0.1339353 0.1492254 0.2370992 0.1478974 0.1301537 0.1472483 0.1160481 0.1432459 0.1249217 0.1359307 0.1227067 0.1454168 0.1403017 0.1576975 0.1335444 0.1446077 0.1579801 0.1575074 0.1420079 0.1454168 0.1627688 0.1557858 0.1019774 0.1364380 0.1353950 0.1664377 0.1581293 0.1518822 0.1322258 0.1357268 0.1343481 0.1897371 0.1778943 0.1300957 0.1391649 0.1341404 0.1938705 0.1449651 0.1643153 0.1334533 0.1238375 0.1667537 0.1445729 0.1437146 0.1306578 0.1237699 0.1517215 0.1303713 0.1507609 0.1323451 0.1414422 0.1284263 0.1241293 0.1409217 0.1687102 0.1456192 0.1259375 0.1718588 0.1403616 0.1118089 
Helianthus_annuus_SRR9119062               0.4026926 0.2118465 0.5490258 0.3242746 0.4094424 0.2012583 0.4582817 0.2317391 0.0000000 0.3034505 0.4853831 0.4303710 0.4165395 0.4017310 0.2264744 0.3944852 0.3969587 0.3029072 0.3590939 0.3768387 0.3802343 0.4372801 0.4323759 0.3436859 0.4251110 0.4360580 0.5230267 0.3981851 0.2995527 0.2466694 0.4305542 0.4574062 0.3680143 0.4309771 0.3205992 0.4660198 0.3713726 0.4714368 0.3744218 0.4409370 0.4570401 0.4633710 0.4299742 0.4479486 0.5119753 0.4314205 0.1533458 0.4293294 0.4294359 0.4562361 0.4069362 0.3457537 0.4237458 0.4233593 0.2062996 0.3799014 0.2969724 0.2188454 0.3930609 0.3881397 0.3123862 0.1608708 0.4125491 0.2410889 0.3212703 0.4881360 0.4357282 0.4054991 0.4610417 0.1610339 0.4036414 0.4364192 0.3179793 0.4318941 0.4353112 0.4158814 0.1982137 0.4226673 0.5387372 0.4267345 0.3951792 0.2265969 0.4278225 0.2910084 
Lycapsus_tenuifolius_17                    0.2446054 0.0558013 0.3956580 0.2992778 0.1800409 0.0685989 0.3565734 0.1249217 0.3034505 0.0000000 0.2229884 0.1859756 0.1544255 0.3377557 0.1050149 0.1236685 0.1751881 0.1361812 0.1355224 0.1189947 0.1411914 0.2097977 0.1877359 0.1158921 0.1888003 0.1990842 0.3465706 0.1400435 0.0259331 0.0262973 0.2397249 0.2229351 0.0051741 0.1963447 0.1132715 0.2354350 0.1309722 0.2959176 0.0999041 0.2828512 0.2927468 0.2254463 0.1758625 0.2246130 0.2878054 0.2042740 0.0249429 0.2070941 0.2026954 0.2210816 0.3327138 0.2307262 0.1947500 0.1900375 0.0348228 0.1334537 0.0789041 0.0576570 0.1910491 0.2021412 0.0987702 0.0366537 0.1609910 0.0482541 0.0571101 0.2242417 0.1981895 0.1320243 0.2622285 0.0286543 0.1509867 0.1975565 0.1051174 0.1872971 0.1840317 0.1600629 0.0382045 0.1750964 0.3720113 0.2014571 0.1967563 0.0755214 0.2038692 0.0546105 
Pericome_caudata_50_silver                 0.2336712 0.0791422 0.2678592 0.4700943 0.0582171 0.0424038 0.3869129 0.1610088 0.4853831 0.2229884 0.0000000 0.2139365 0.1777052 0.3859379 0.1891646 0.1453630 0.1830956 0.0461940 0.1150432 0.1610457 0.1930121 0.2074399 0.2196127 0.1676970 0.2172122 0.2029033 0.2266142 0.1739586 0.1683264 0.1273163 0.0694966 0.0703987 0.1480684 0.2648846 0.2918506 0.1374140 0.1860965 0.1645700 0.1228453 0.2986156 0.2840131 0.1440155 0.2146114 0.1163129 0.2318721 0.2070641 0.0477291 0.2142127 0.2120553 0.1415508 0.3647022 0.2913430 0.2001152 0.1899595 0.0750267 0.1116358 0.1246319 0.0886534 0.2099588 0.2129205 0.1208239 0.0610253 0.2088271 0.0843970 0.0717104 0.1219931 0.2048676 0.1643731 0.2913175 0.0719501 0.1754651 0.2266375 0.3354718 0.1984209 0.2104283 0.1883364 0.0771662 0.1151762 0.3505940 0.2151827 0.2111057 0.0936981 0.2121203 0.1636928 
Perityle_aglossa_84_dead_horse             0.2326223 0.0642523 0.4353290 0.4382098 0.1691193 0.0894267 0.3434506 0.1241620 0.4303710 0.1859756 0.2139365 0.0000000 0.0209535 0.1442984 0.0041912 0.0370836 0.0332574 0.1570337 0.1024467 0.0269067 0.0115881 0.0324326 0.0328128 0.0152656 0.0274847 0.0416277 0.3400745 0.0442059 0.1224332 0.0793965 0.2461506 0.2049768 0.0956378 0.0567258 0.2324735 0.2125096 0.0151527 0.2876052 0.0291804 0.0949299 0.1150522 0.2145397 0.0230500 0.2345847 0.3183965 0.0387790 0.0146208 0.0305967 0.0347960 0.2028048 0.1390658 0.0337010 0.0269750 0.0393585 0.0095218 0.1081463 0.0763108 0.0206289 0.0179586 0.0188259 0.0788619 0.0485266 0.1051581 0.0192222 0.0016027 0.1871820 0.0407052 0.1214823 0.2555411 0.0054529 0.0396340 0.0372861 0.2930697 0.0287663 0.0259364 0.0199497 0.0091438 0.1761110 0.3136600 0.0413810 0.0155542 0.0548634 0.0319672 0.1725716 
Perityle_ajoensis_204                      0.2478340 0.0789275 0.3676112 0.4315743 0.1777680 0.0979064 0.3497158 0.1352975 0.4165395 0.1544255 0.1777052 0.0209535 0.0000000 0.1678655 0.0081035 0.0364957 0.0243384 0.1682452 0.1047021 0.0236928 0.0113780 0.0049521 0.0229424 0.0147823 0.0054259 0.0347732 0.3403014 0.0494044 0.1280549 0.0980747 0.1917482 0.1786255 0.1031443 0.0903402 0.2052399 0.1563847 0.0172326 0.2180762 0.0294769 0.1005458 0.1075309 0.1603030 0.0034169 0.1706349 0.3131890 0.0284906 0.0227112 0.0042269 0.0173640 0.2117703 0.1498486 0.0229038 0.0058343 0.0287666 0.0135097 0.1192758 0.0885497 0.0260844 0.0025933 0.0000010 0.0874698 0.0600079 0.1139070 0.0247058 0.0111252 0.1769573 0.0359516 0.1146952 0.2208194 0.0128487 0.0298374 0.0308416 0.2588283 0.0048117 0.0053564 0.0126954 0.0085102 0.1783259 0.2840673 0.0225074 0.0106295 0.0708000 0.0031019 0.1241773 
Perityle_ambrosiifolia_67_green            0.2873348 0.1439287 0.4162932 0.5151582 0.2958958 0.0962414 0.3883899 0.1617151 0.4017310 0.3377557 0.3859379 0.1442984 0.1678655 0.0000000 0.0166898 0.1895865 0.1523986 0.2444037 0.2254119 0.1610724 0.1294968 0.1558012 0.1408189 0.1344519 0.1273288 0.1625874 0.3431699 0.1930629 0.2478562 0.1564896 0.3747133 0.3626075 0.2374001 0.1508332 0.3108718 0.3584015 0.1367964 0.3722226 0.1736359 0.0291279 0.0486948 0.3597431 0.1511057 0.3399206 0.4115295 0.1477278 0.0203229 0.1397421 0.1570250 0.3174168 0.0086964 0.1044508 0.1337009 0.1437230 0.1143622 0.2549565 0.2073761 0.1063051 0.1159260 0.1131055 0.2013346 0.0578150 0.1621914 0.0801931 0.1654807 0.3593032 0.1583799 0.2557127 0.3434277 0.0347306 0.1898845 0.1538575 0.3413401 0.1565775 0.1468016 0.1441414 0.0802701 0.2928478 0.3407854 0.1395154 0.1259364 0.1228700 0.1416800 0.2950907 
Perityle_angustifolia_13_Eagle_creek       0.1661963 0.0650142 0.1996338 0.2568363 0.1675425 0.0968017 0.2364698 0.1185319 0.2264744 0.1050149 0.1891646 0.0041912 0.0081035 0.0166898 0.0000000 0.0223662 0.0083404 0.1507252 0.0630275 0.0163342 0.0041360 0.0122930 0.0041638 0.0020683 0.0041507 0.0227649 0.1693817 0.0332415 0.1149814 0.0866234 0.1632836 0.1763624 0.0703016 0.0102175 0.0904380 0.1669318 0.0103087 0.1483139 0.0122150 0.0083232 0.0225739 0.1638460 0.0103352 0.1645853 0.1451736 0.0188459 0.0000010 0.0061722 0.0142494 0.1681502 0.0246888 0.0142605 0.0062529 0.0145778 0.0000010 0.1245157 0.0556836 0.0133298 0.0021059 0.0021169 0.0539523 0.0493848 0.0601408 0.0125454 0.0000010 0.1960447 0.0206797 0.0914357 0.1208010 0.0027635 0.0187788 0.0205049 0.1231358 0.0081749 0.0101461 0.0062453 0.0033572 0.1705437 0.1274846 0.0163155 0.0000010 0.0550244 0.0122360 0.0881748 
Perityle_batopilensis_97                   0.2351793 0.0674595 0.3244994 0.3931718 0.1421175 0.0922203 0.2802912 0.1295755 0.3944852 0.1236685 0.1453630 0.0370836 0.0364957 0.1895865 0.0223662 0.0000000 0.0383681 0.1128291 0.0991268 0.0376911 0.0228806 0.0381090 0.0392333 0.0288748 0.0255797 0.0432034 0.3080694 0.0626432 0.1121910 0.0839132 0.1476026 0.1426641 0.1094942 0.1043470 0.1607219 0.1245404 0.0251975 0.1874177 0.0053395 0.1214197 0.1311396 0.1284379 0.0364211 0.1310078 0.2846769 0.0426990 0.0143321 0.0360673 0.0420787 0.1819643 0.1640217 0.0297290 0.0237701 0.0413114 0.0069145 0.1182521 0.0834922 0.0200173 0.0235555 0.0195795 0.0772288 0.0481861 0.1174186 0.0181074 0.0130847 0.1370715 0.0455274 0.1126667 0.1874888 0.0052570 0.0407208 0.0451599 0.2141968 0.0378196 0.0391278 0.0234671 0.0087780 0.1665069 0.2423653 0.0409513 0.0241126 0.0557712 0.0363641 0.0935180 
Perityle_bisetosa_9                        0.2440497 0.0718858 0.4073768 0.4408133 0.1687135 0.1028152 0.3343643 0.1465078 0.3969587 0.1751881 0.1830956 0.0332574 0.0243384 0.1523986 0.0083404 0.0383681 0.0000000 0.1659792 0.0981740 0.0218906 0.0104601 0.0289949 0.0259928 0.0151348 0.0191391 0.0340861 0.3324450 0.0457346 0.1150888 0.0950587 0.2415524 0.1894436 0.0943973 0.0883691 0.2176572 0.1825520 0.0121840 0.2779449 0.0272302 0.0918735 0.1035785 0.1910499 0.0256861 0.2060345 0.3478584 0.0325096 0.0201891 0.0288156 0.0310585 0.2086375 0.1363823 0.0313837 0.0176970 0.0334236 0.0091431 0.1061656 0.0784877 0.0243040 0.0163719 0.0159877 0.0733204 0.0576966 0.1068072 0.0252883 0.0064267 0.1700882 0.0350553 0.1312120 0.2442469 0.0052129 0.0317220 0.0328233 0.2855057 0.0261319 0.0261950 0.0161583 0.0144672 0.1777828 0.3145811 0.0372716 0.0240974 0.0647791 0.0312346 0.1653850 
Perityle_californica_76_positas            0.0997033 0.0667432 0.1084651 0.3800649 0.0281279 0.0187322 0.2603431 0.1336033 0.3029072 0.1361812 0.0461940 0.1570337 0.1682452 0.2444037 0.1507252 0.1128291 0.1659792 0.0000000 0.0497691 0.1524272 0.1566142 0.1695359 0.1616029 0.1487704 0.1597843 0.1789394 0.1304659 0.1726989 0.1350242 0.1006254 0.0224474 0.0284215 0.0823163 0.1632082 0.1352499 0.0905360 0.1593438 0.0888051 0.0940477 0.2430052 0.2504652 0.0905246 0.1712834 0.0865705 0.0716790 0.1701559 0.0207020 0.1722266 0.1705519 0.0920921 0.2410082 0.1813585 0.1601008 0.1735763 0.0527642 0.0875547 0.0756312 0.0653323 0.1584976 0.1552654 0.0742602 0.0411062 0.1529306 0.0608690 0.0429630 0.0994158 0.1797135 0.1246201 0.1578526 0.0410414 0.1585022 0.1735523 0.1684512 0.1698702 0.1734147 0.1620418 0.0519356 0.0477055 0.1716616 0.1806832 0.1582639 0.0726583 0.1739855 0.1123439 
Perityle_canescens_77                      0.2057565 0.0778783 0.2703753 0.3751011 0.0945983 0.0389365 0.2666084 0.1612482 0.3590939 0.1355224 0.1150432 0.1024467 0.1047021 0.2254119 0.0630275 0.0991268 0.0981740 0.0497691 0.0000000 0.1100004 0.0942025 0.1090172 0.0922874 0.0998418 0.0954060 0.1090136 0.2213055 0.1064622 0.1279599 0.1044234 0.1031403 0.1172017 0.1338421 0.1357264 0.1393893 0.1078370 0.0998934 0.1058810 0.1054324 0.2186783 0.2234575 0.1042886 0.1100912 0.0951812 0.1336534 0.1174034 0.0259920 0.1097663 0.1131699 0.1088989 0.2220360 0.0956758 0.0921679 0.1073238 0.0521002 0.1236176 0.1077239 0.0708812 0.0960649 0.0944892 0.1040646 0.0481018 0.1321738 0.0745618 0.0781168 0.1202658 0.1076286 0.1258197 0.1035139 0.0427481 0.1067997 0.1063603 0.2121067 0.1080073 0.1087642 0.0942278 0.0567412 0.1238614 0.1750101 0.1096846 0.0957096 0.0795015 0.1072500 0.1082615 
Perityle_castillonii_96                    0.2464920 0.0763484 0.3586853 0.4092418 0.1679582 0.1126024 0.3238629 0.1503946 0.3768387 0.1189947 0.1610457 0.0269067 0.0236928 0.1610724 0.0163342 0.0376911 0.0218906 0.1524272 0.1100004 0.0000000 0.0159376 0.0284465 0.0230476 0.0202422 0.0152340 0.0272421 0.3183464 0.0441606 0.1188356 0.1005148 0.1734683 0.1600396 0.0941066 0.0399804 0.1750106 0.1471675 0.0220324 0.1979643 0.0294510 0.1122371 0.1273643 0.1495040 0.0279265 0.1545443 0.2444542 0.0159122 0.0256151 0.0275206 0.0307812 0.1985671 0.1589579 0.0243096 0.0184923 0.0285756 0.0135251 0.1130196 0.0887572 0.0260995 0.0165678 0.0155526 0.0854173 0.0667087 0.1189514 0.0283249 0.0111134 0.1496998 0.0273355 0.1056778 0.2051376 0.0128399 0.0321382 0.0341444 0.2272871 0.0251907 0.0284234 0.0163237 0.0171514 0.1857963 0.2661355 0.0331074 0.0153693 0.0732391 0.0274251 0.0981176 
Perityle_cernua_84                         0.2184987 0.0704750 0.3556881 0.4151737 0.1605660 0.0944886 0.3459918 0.1408760 0.3802343 0.1411914 0.1930121 0.0115881 0.0113780 0.1294968 0.0041360 0.0228806 0.0104601 0.1566142 0.0942025 0.0159376 0.0000000 0.0150674 0.0088658 0.0097308 0.0064201 0.0190876 0.2790364 0.0319502 0.1134036 0.0893595 0.1897023 0.1915619 0.0854434 0.0127577 0.1636542 0.1712621 0.0109325 0.2090424 0.0165263 0.1032970 0.1163820 0.1725513 0.0151624 0.1696583 0.1968634 0.0229629 0.0116120 0.0113743 0.0174781 0.1591876 0.1269646 0.0186086 0.0114994 0.0168393 0.0069648 0.1058204 0.0704619 0.0201366 0.0026572 0.0013617 0.0722688 0.0515929 0.0785133 0.0182695 0.0000010 0.1781365 0.0178574 0.1008975 0.1859971 0.0026272 0.0181929 0.0200424 0.2480274 0.0126257 0.0162738 0.0077490 0.0088172 0.1659850 0.2415810 0.0150393 0.0067309 0.0558079 0.0150803 0.1150276 
Perityle_cfvillosa_25_tin                  0.2516019 0.0823551 0.4301186 0.4656959 0.1807674 0.0987002 0.3639563 0.1358983 0.4372801 0.2097977 0.2074399 0.0324326 0.0049521 0.1558012 0.0122930 0.0381090 0.0289949 0.1695359 0.1090172 0.0284465 0.0150674 0.0000000 0.0260739 0.0203361 0.0132653 0.0360130 0.3471010 0.0412213 0.1326704 0.1037809 0.2632660 0.2100430 0.1098877 0.0876772 0.2490009 0.2048927 0.0214113 0.2959872 0.0324245 0.0944587 0.1068308 0.2095994 0.0044066 0.2323504 0.3608662 0.0294492 0.0258874 0.0073663 0.0220365 0.2145226 0.1423962 0.0330831 0.0137826 0.0365873 0.0136215 0.1232068 0.0870914 0.0285892 0.0059680 0.0070203 0.0923667 0.0606677 0.1196267 0.0284518 0.0144452 0.1903274 0.0351833 0.1470886 0.2599472 0.0156021 0.0469180 0.0355703 0.3168523 0.0066701 0.0072364 0.0176520 0.0000010 0.1836248 0.3348228 0.0355062 0.0196406 0.0763054 0.0090718 0.1900209 
Perityle_coahuilensis_24                   0.2396335 0.0695513 0.4387391 0.4559825 0.1675367 0.0908393 0.3473022 0.1188536 0.4323759 0.1877359 0.2196127 0.0328128 0.0229424 0.1408189 0.0041638 0.0392333 0.0259928 0.1616029 0.0922874 0.0230476 0.0088658 0.0260739 0.0000000 0.0123545 0.0210750 0.0496171 0.3320742 0.0502792 0.1167081 0.0883165 0.2499371 0.1977152 0.0988380 0.0813994 0.2267008 0.2161234 0.0122081 0.2884729 0.0243987 0.0809970 0.0941345 0.2192266 0.0216883 0.2281517 0.3735637 0.0298124 0.0142745 0.0228019 0.0311010 0.2010955 0.1262627 0.0298519 0.0140409 0.0269479 0.0114382 0.1093785 0.0780201 0.0198195 0.0122553 0.0107774 0.0786377 0.0510836 0.1046017 0.0216753 0.0063959 0.1896497 0.0380174 0.1409780 0.2562599 0.0052010 0.0412343 0.0060025 0.2956255 0.0256748 0.0246105 0.0158643 0.0086930 0.1698444 0.3230374 0.0371352 0.0176384 0.0623189 0.0266437 0.1794294 
Perityle_cochisensis_44_cave_creek         0.2268497 0.0708512 0.3323791 0.3876452 0.1586045 0.0972564 0.3030185 0.1298874 0.3436859 0.1158921 0.1676970 0.0152656 0.0147823 0.1344519 0.0020683 0.0288748 0.0151348 0.1487704 0.0998418 0.0202422 0.0097308 0.0203361 0.0123545 0.0000000 0.0069251 0.0244732 0.2724617 0.0360008 0.1122544 0.0913164 0.1605077 0.1655729 0.0904851 0.0138051 0.1307169 0.1446519 0.0140401 0.1755780 0.0259369 0.1090433 0.1217235 0.1462992 0.0191019 0.1445076 0.1707521 0.0261255 0.0144265 0.0191458 0.0215655 0.1482516 0.1334887 0.0166821 0.0097092 0.0232711 0.0046404 0.1219836 0.0821242 0.0177742 0.0098630 0.0071916 0.0756421 0.0516354 0.0834287 0.0183657 0.0067088 0.1560299 0.0231723 0.1002993 0.1468959 0.0078651 0.0246620 0.0271073 0.2183277 0.0177808 0.0188935 0.0027607 0.0088179 0.1837802 0.2128684 0.0216806 0.0070755 0.0631510 0.0189820 0.0903161 
Perityle_congesta_202                      0.2306120 0.0754501 0.4355331 0.4559546 0.1637130 0.0909009 0.3526803 0.1339353 0.4251110 0.1888003 0.2172122 0.0274847 0.0054259 0.1273288 0.0041507 0.0255797 0.0191391 0.1597843 0.0954060 0.0152340 0.0064201 0.0132653 0.0210750 0.0069251 0.0000000 0.0269058 0.3360658 0.0298408 0.1152191 0.0865359 0.2487252 0.1983759 0.0850821 0.0477751 0.2210931 0.2188307 0.0082155 0.2913378 0.0166849 0.0843739 0.1007023 0.2256290 0.0080570 0.2300655 0.3336975 0.0239163 0.0143792 0.0114804 0.0147500 0.2012766 0.1234367 0.0277438 0.0098372 0.0264481 0.0045940 0.1057703 0.0768420 0.0199666 0.0073844 0.0072249 0.0760265 0.0572614 0.1093170 0.0179871 0.0000010 0.1772394 0.0260225 0.1303179 0.2487170 0.0052003 0.0375559 0.0273450 0.2931236 0.0072752 0.0118520 0.0088261 0.0028954 0.1732231 0.3157215 0.0316734 0.0165758 0.0652045 0.0159148 0.1806463 
Perityle_cordifolia_27                     0.2507790 0.0801065 0.4285662 0.4609537 0.1825254 0.1017687 0.3623101 0.1492254 0.4360580 0.1990842 0.2029033 0.0416277 0.0347732 0.1625874 0.0227649 0.0432034 0.0340861 0.1789394 0.1090136 0.0272421 0.0190876 0.0360130 0.0496171 0.0244732 0.0269058 0.0000000 0.3429555 0.0608267 0.1356638 0.1084385 0.2545649 0.2049541 0.1065260 0.0926120 0.2369897 0.2046679 0.0256651 0.2911090 0.0295746 0.0968484 0.1105899 0.2096457 0.0330865 0.2306426 0.3696479 0.0786635 0.0230253 0.0342790 0.0442067 0.2122395 0.1430790 0.0424161 0.0271052 0.0077116 0.0183130 0.1179983 0.0945041 0.0286058 0.0208667 0.0240571 0.0858657 0.0639567 0.1224371 0.0034819 0.0111850 0.2005790 0.0040247 0.1479167 0.2619713 0.0130094 0.0493278 0.0677892 0.3090708 0.0312790 0.0320069 0.0199943 0.0203583 0.1856567 0.3236182 0.0469204 0.0330358 0.0760501 0.0381635 0.1775627 
Perityle_cordifolia_68_tecolote            0.2568900 0.1408499 0.2877121 0.4957301 0.1673872 0.0476476 0.4284465 0.2370992 0.5230267 0.3465706 0.2266142 0.3400745 0.3403014 0.3431699 0.1693817 0.3080694 0.3324450 0.1304659 0.2213055 0.3183464 0.2790364 0.3471010 0.3320742 0.2724617 0.3360658 0.3429555 0.0000000 0.3202593 0.3114140 0.1836752 0.1675002 0.2007713 0.2865969 0.3485793 0.3866848 0.2295504 0.2855288 0.2268221 0.2780635 0.3649628 0.3813794 0.2289220 0.3355114 0.1894561 0.3077604 0.3387642 0.0525056 0.3435871 0.3532121 0.2357799 0.3392568 0.2678534 0.3306543 0.3312031 0.1459825 0.2653206 0.1429497 0.1314966 0.3037765 0.3015399 0.1905768 0.0790784 0.3422757 0.1099007 0.2007317 0.2430453 0.3426925 0.3120528 0.4127822 0.0615437 0.3207976 0.3424836 0.3764731 0.3426246 0.3480287 0.3188764 0.0993395 0.2106804 0.4010529 0.3445321 0.3047905 0.1421820 0.3497327 0.3246072 
Perityle_coronopifolia_28_patagonia        0.2555842 0.0846842 0.3603299 0.4276800 0.1755282 0.0985682 0.3441797 0.1478974 0.3981851 0.1400435 0.1739586 0.0442059 0.0494044 0.1930629 0.0332415 0.0626432 0.0457346 0.1726989 0.1064622 0.0441606 0.0319502 0.0412213 0.0502792 0.0360008 0.0298408 0.0608267 0.3202593 0.0000000 0.1322960 0.1015046 0.1833303 0.1716888 0.1111999 0.1117789 0.1937860 0.1576057 0.0417493 0.2125089 0.0410941 0.1213424 0.1283322 0.1614614 0.0390521 0.1637093 0.3180978 0.0562141 0.0199209 0.0418405 0.0553399 0.2128592 0.1727635 0.0486246 0.0334974 0.0491503 0.0228963 0.1239546 0.0831611 0.0353256 0.0318920 0.0298323 0.0891836 0.0635064 0.1289713 0.0357657 0.0194178 0.1771922 0.0621707 0.1261408 0.2222985 0.0207929 0.0492090 0.0603901 0.2419659 0.0450581 0.0424416 0.0356680 0.0172679 0.1828541 0.2780856 0.0475523 0.0323046 0.0763435 0.0397857 0.1149406 
Perityle_crassifolia_70_ventanas           0.2556197 0.0696485 0.3209319 0.2951236 0.1693739 0.0745869 0.2923380 0.1301537 0.2995527 0.0259331 0.1683264 0.1224332 0.1280549 0.2478562 0.1149814 0.1121910 0.1150888 0.1350242 0.1279599 0.1188356 0.1134036 0.1326704 0.1167081 0.1122544 0.1152191 0.1356638 0.3114140 0.1322960 0.0000000 0.0147314 0.1625136 0.1621963 0.0270929 0.1244160 0.0838186 0.1807546 0.1224511 0.1945483 0.0918300 0.2202525 0.2340424 0.1757018 0.1299132 0.1768300 0.1754164 0.1360483 0.0389474 0.1305726 0.1328249 0.1782407 0.2517525 0.1529806 0.1199887 0.1312776 0.0486452 0.1237692 0.0825381 0.0632547 0.1194884 0.1171123 0.1066854 0.0544311 0.1375972 0.0661109 0.0513919 0.1802628 0.1326085 0.0877650 0.1593741 0.0499819 0.1138395 0.1298461 0.1097356 0.1318679 0.1319788 0.1291008 0.0495132 0.1599942 0.2574066 0.1342550 0.1112306 0.0859819 0.1307512 0.0283772 
Perityle_crassifolia_74_playa_balandra     0.1424207 0.0799841 0.1351233 0.3000505 0.1059431 0.0870342 0.2040593 0.1472483 0.2466694 0.0262973 0.1273163 0.0793965 0.0980747 0.1564896 0.0866234 0.0839132 0.0950587 0.1006254 0.1044234 0.1005148 0.0893595 0.1037809 0.0883165 0.0913164 0.0865359 0.1084385 0.1836752 0.1015046 0.0147314 0.0000000 0.0963061 0.1069663 0.0240857 0.0914861 0.0185082 0.1272554 0.0932227 0.1005100 0.0875122 0.1593470 0.1625065 0.1226515 0.1025143 0.1249928 0.1071705 0.1101089 0.0447535 0.1025971 0.1027216 0.1289530 0.1567391 0.1052465 0.0909756 0.1017756 0.0626282 0.1339906 0.0871589 0.0756064 0.0943029 0.0945381 0.0997887 0.0644564 0.1151193 0.0812772 0.0547335 0.1291115 0.1041547 0.0686028 0.0877189 0.0579364 0.0938931 0.1032858 0.0164019 0.0990142 0.1032944 0.0906081 0.0650148 0.1151358 0.0980894 0.1082702 0.0836166 0.1045427 0.0987742 0.0243352 
Perityle_cuneata_34_cuneata_San_antonio    0.1870099 0.0674288 0.2118414 0.4799490 0.0343577 0.0217614 0.3768724 0.1160481 0.4305542 0.2397249 0.0694966 0.2461506 0.1917482 0.3747133 0.1632836 0.1476026 0.2415524 0.0224474 0.1031403 0.1734683 0.1897023 0.2632660 0.2499371 0.1605077 0.2487252 0.2545649 0.1675002 0.1833303 0.1625136 0.0963061 0.0000000 0.0678246 0.1289004 0.2576933 0.2674243 0.0883527 0.1750307 0.1083856 0.1266935 0.3466819 0.3420762 0.0957757 0.2222499 0.1051563 0.1070000 0.2694110 0.0242200 0.2662028 0.2615418 0.0827381 0.3517428 0.2773369 0.2383961 0.2447027 0.0504500 0.1089115 0.0892446 0.0612910 0.2319469 0.2513763 0.0860886 0.0421952 0.1866025 0.0567622 0.0696587 0.1152761 0.2548494 0.1821003 0.2555131 0.0399680 0.1986201 0.2641589 0.3371925 0.2350099 0.2309067 0.2063885 0.0515826 0.0870558 0.3079704 0.2641116 0.2589162 0.0663177 0.2655898 0.2140038 
Perityle_cuneata_4                         0.2325035 0.0693609 0.2390111 0.4858481 0.0435346 0.0241042 0.3779466 0.1432459 0.4574062 0.2229351 0.0703987 0.2049768 0.1786255 0.3626075 0.1763624 0.1426641 0.1894436 0.0284215 0.1172017 0.1600396 0.1915619 0.2100430 0.1977152 0.1655729 0.1983759 0.2049541 0.2007713 0.1716888 0.1621963 0.1069663 0.0678246 0.0000000 0.1384043 0.2177176 0.2931830 0.1073985 0.1841302 0.1446518 0.1237341 0.2780429 0.2947910 0.1180436 0.2149851 0.0987800 0.1760903 0.2114557 0.0270254 0.2138346 0.2102063 0.1268830 0.3548256 0.2563477 0.2042980 0.1970419 0.0580147 0.1059333 0.0920191 0.0678007 0.2176313 0.2210495 0.1072554 0.0449008 0.1934453 0.0728858 0.0707587 0.1240117 0.2071640 0.1634162 0.2834021 0.0469085 0.1766214 0.2094012 0.3388510 0.2065069 0.2099334 0.1929474 0.0619367 0.1055403 0.3305325 0.2134323 0.2182198 0.0749212 0.2092635 0.1684882 
Perityle_discoidea_81                      0.2304587 0.0558013 0.2904893 0.3514781 0.1219151 0.0628357 0.2620783 0.1249217 0.3680143 0.0051741 0.1480684 0.0956378 0.1031443 0.2374001 0.0703016 0.1094942 0.0943973 0.0823163 0.1338421 0.0941066 0.0854434 0.1098877 0.0988380 0.0904851 0.0850821 0.1065260 0.2865969 0.1111999 0.0270929 0.0240857 0.1289004 0.1384043 0.0000000 0.1590298 0.1372699 0.1476461 0.0854893 0.1736458 0.0944802 0.1805739 0.1995891 0.1441544 0.1029016 0.1361372 0.2483590 0.0977803 0.0218588 0.1051546 0.1087807 0.1808296 0.2333575 0.0993527 0.0927959 0.1054940 0.0348228 0.1299994 0.0766014 0.0553197 0.0894727 0.0899676 0.0967219 0.0366537 0.1499209 0.0443199 0.0551448 0.1339233 0.1054463 0.0844138 0.1685746 0.0258258 0.1003783 0.1046612 0.1161739 0.1060831 0.1056978 0.0908113 0.0350754 0.1484549 0.2648851 0.0988027 0.0845436 0.0757437 0.1073038 0.0540741 
Perityle_dissecta_201                      0.2331300 0.0739354 0.4066245 0.4498564 0.1782867 0.0949703 0.3646524 0.1359307 0.4309771 0.1963447 0.2648846 0.0567258 0.0903402 0.1508332 0.0102175 0.1043470 0.0883691 0.1632082 0.1357264 0.0399804 0.0127577 0.0876772 0.0813994 0.0138051 0.0477751 0.0926120 0.3485793 0.1117789 0.1244160 0.0914861 0.2576933 0.2177176 0.1590298 0.0000000 0.2400203 0.2482833 0.0136019 0.2803891 0.0232588 0.1281179 0.1723920 0.2539487 0.0286241 0.2081208 0.3684714 0.0733203 0.0142054 0.0573282 0.0862965 0.2210455 0.1307134 0.0324511 0.0217025 0.0547182 0.0045044 0.1234576 0.0828270 0.0173981 0.0171962 0.0171386 0.0739510 0.0568068 0.1204868 0.0177358 0.0032472 0.2378730 0.0928927 0.1668716 0.2796926 0.0051433 0.1097368 0.0912436 0.2841762 0.0886281 0.0423751 0.0659522 0.0085879 0.2349627 0.3226558 0.0529635 0.0206053 0.0616424 0.0699016 0.1859451 
Perityle_emoryi_47_punta_san_jose          0.2217343 0.0608727 0.3940299 0.3006808 0.1824836 0.0690673 0.4009768 0.1227067 0.3205992 0.1132715 0.2918506 0.2324735 0.2052399 0.3108718 0.0904380 0.1607219 0.2176572 0.1352499 0.1393893 0.1750106 0.1636542 0.2490009 0.2267008 0.1307169 0.2210931 0.2369897 0.3866848 0.1937860 0.0838186 0.0185082 0.2674243 0.2931830 0.1372699 0.2400203 0.0000000 0.3018934 0.1324145 0.3084291 0.1440581 0.3249187 0.3399255 0.3036703 0.2237092 0.2693928 0.3249134 0.2538253 0.0183251 0.2426157 0.2364576 0.2828021 0.3059551 0.1808307 0.2307036 0.2248353 0.0099754 0.2018673 0.0647611 0.0312073 0.1966333 0.1908839 0.0755660 0.0368551 0.2257451 0.0156551 0.0910925 0.2805577 0.2375512 0.2226176 0.3177741 0.0056168 0.2041986 0.2404610 0.0979482 0.2272524 0.2260246 0.2130819 0.0126295 0.2239719 0.4008916 0.2432418 0.1991231 0.0567760 0.2409024 0.0958161 
Perityle_feddemae_99                       0.2299004 0.0829401 0.2438427 0.4936113 0.0879221 0.0451084 0.3927824 0.1454168 0.4660198 0.2354350 0.1374140 0.2125096 0.1563847 0.3584015 0.1669318 0.1245404 0.1825520 0.0905360 0.1078370 0.1471675 0.1712621 0.2048927 0.2161234 0.1446519 0.2188307 0.2046679 0.2295504 0.1576057 0.1807546 0.1272554 0.0883527 0.1073985 0.1476461 0.2482833 0.3018934 0.0000000 0.1629195 0.1116790 0.1036382 0.2917122 0.2570573 0.0496049 0.1818586 0.0660240 0.1836709 0.2074984 0.0466272 0.2124414 0.2094415 0.0672916 0.3263756 0.3061782 0.1835070 0.1977601 0.0587978 0.0898216 0.0987587 0.0725232 0.1899480 0.2146442 0.0997243 0.0513168 0.2089209 0.0742249 0.0569942 0.1187915 0.2027529 0.1591632 0.2740667 0.0563804 0.1604347 0.2322123 0.3698162 0.1746102 0.1860574 0.1688856 0.0505127 0.1183072 0.3340657 0.2161870 0.2262498 0.0836385 0.2103631 0.2153995 
Perityle_fosteri_93                        0.2250858 0.0731563 0.3346875 0.4133690 0.1629315 0.0973527 0.3100985 0.1403017 0.3713726 0.1309722 0.1860965 0.0151527 0.0172326 0.1367964 0.0103087 0.0251975 0.0121840 0.1593438 0.0998934 0.0220324 0.0109325 0.0214113 0.0122081 0.0140401 0.0082155 0.0256651 0.2855288 0.0417493 0.1224511 0.0932227 0.1750307 0.1841302 0.0854893 0.0136019 0.1324145 0.1629195 0.0000000 0.1633550 0.0219310 0.1186240 0.1324869 0.1648553 0.0201652 0.1612504 0.1516627 0.0298825 0.0144739 0.0202457 0.0212617 0.1650104 0.1338168 0.0238382 0.0109578 0.0217411 0.0068962 0.1173440 0.0774405 0.0199846 0.0110463 0.0097375 0.0735698 0.0550169 0.0875730 0.0182325 0.0034640 0.1742091 0.0243755 0.1077542 0.1453224 0.0026155 0.0256785 0.0253944 0.2399406 0.0202326 0.0213214 0.0123748 0.0087678 0.1841270 0.2039035 0.0227654 0.0140113 0.0628268 0.0214308 0.1127632 
Perityle_gamon_221                         0.1691480 0.0766396 0.2307970 0.5137070 0.0925489 0.0372321 0.4166317 0.1576975 0.4714368 0.2959176 0.1645700 0.2876052 0.2180762 0.3722226 0.1483139 0.1874177 0.2779449 0.0888051 0.1058810 0.1979643 0.2090424 0.2959872 0.2884729 0.1755780 0.2913378 0.2911090 0.2268221 0.2125089 0.1945483 0.1005100 0.1083856 0.1446518 0.1736458 0.2803891 0.3084291 0.1116790 0.1633550 0.0000000 0.1612122 0.3717928 0.3555541 0.1322279 0.2410547 0.1468864 0.0124474 0.2943174 0.0350755 0.2992896 0.3009405 0.1137399 0.3484955 0.2981619 0.2644902 0.2765488 0.0628381 0.1536969 0.0977511 0.0599961 0.2343934 0.2541774 0.1075401 0.0445939 0.2056208 0.0714311 0.1091797 0.1558413 0.2888079 0.2189623 0.2896717 0.0458401 0.2352478 0.3020812 0.3445212 0.2560958 0.2521179 0.2302885 0.0577593 0.1434235 0.3529648 0.2939734 0.2664601 0.0682141 0.2944632 0.2785408 
Perityle_gentryi_8_san_francisco           0.2177169 0.0725540 0.3010034 0.3874534 0.1180446 0.0955807 0.2655516 0.1335444 0.3744218 0.0999041 0.1228453 0.0291804 0.0294769 0.1736359 0.0122150 0.0053395 0.0272302 0.0940477 0.1054324 0.0294510 0.0165263 0.0324245 0.0243987 0.0259369 0.0166849 0.0295746 0.2780635 0.0410941 0.0918300 0.0875122 0.1266935 0.1237341 0.0944802 0.0232588 0.1440581 0.1036382 0.0219310 0.1612122 0.0000000 0.1262827 0.1435953 0.1064954 0.0327632 0.1047723 0.1903361 0.0362866 0.0114672 0.0326500 0.0337855 0.1428170 0.1681931 0.0244425 0.0193533 0.0310848 0.0068946 0.1214182 0.0858460 0.0198867 0.0186787 0.0174678 0.0850889 0.0545295 0.1071542 0.0180829 0.0130026 0.1106702 0.0310607 0.0972242 0.1528201 0.0052398 0.0377616 0.0321851 0.1999379 0.0313503 0.0336764 0.0165259 0.0087460 0.1431740 0.2136107 0.0337275 0.0191047 0.0624799 0.0311344 0.0668987 
Perityle_gilensis_22_Superstition          0.3117635 0.1504600 0.4718339 0.5087931 0.2754488 0.0904184 0.4022941 0.1446077 0.4409370 0.2828512 0.2986156 0.0949299 0.1005458 0.0291279 0.0083232 0.1214197 0.0918735 0.2430052 0.2186783 0.1122371 0.1032970 0.0944587 0.0809970 0.1090433 0.0843739 0.0968484 0.3649628 0.1213424 0.2202525 0.1593470 0.3466819 0.2780429 0.1805739 0.1281179 0.3249187 0.2917122 0.1186240 0.3717928 0.1262827 0.0000000 0.0019196 0.2862270 0.1099240 0.3276763 0.4159878 0.1038933 0.0171067 0.0904775 0.0978713 0.2865918 0.0240178 0.0928577 0.0942239 0.1005969 0.1125316 0.1903799 0.2059492 0.1047282 0.0988962 0.0952414 0.2084939 0.0575940 0.1678440 0.0832677 0.1226413 0.2606011 0.0949350 0.2202160 0.3417375 0.0317284 0.1212049 0.0862996 0.3713853 0.0973256 0.1009599 0.0882447 0.0858904 0.2615907 0.3926525 0.1062047 0.1013125 0.1301502 0.0920939 0.2606361 
Perityle_gilensis_salensis_225             0.3209484 0.1577712 0.4448368 0.5139038 0.2855785 0.0982518 0.4165270 0.1579801 0.4570401 0.2927468 0.2840131 0.1150522 0.1075309 0.0486948 0.0225739 0.1311396 0.1035785 0.2504652 0.2234575 0.1273643 0.1163820 0.1068308 0.0941345 0.1217235 0.1007023 0.1105899 0.3813794 0.1283322 0.2340424 0.1625065 0.3420762 0.2947910 0.1995891 0.1723920 0.3399255 0.2570573 0.1324869 0.3555541 0.1435953 0.0019196 0.0000000 0.2552805 0.1243664 0.2924965 0.4231357 0.1172713 0.0256717 0.1095297 0.1090616 0.2989918 0.0310581 0.1088221 0.1105107 0.1189208 0.1245814 0.2040100 0.2125705 0.1162224 0.1112070 0.1068261 0.2138702 0.0637977 0.1770384 0.1018583 0.1371251 0.2767906 0.1097027 0.2340344 0.3548639 0.0448381 0.1313219 0.1121950 0.3765028 0.1051170 0.1145926 0.0973235 0.1007735 0.2662612 0.3943675 0.1136422 0.1207196 0.1370231 0.1074083 0.2460697 
Perityle_glaucescens_94                    0.2292643 0.0856369 0.2648183 0.4803159 0.0930165 0.0477216 0.3856557 0.1575074 0.4633710 0.2254463 0.1440155 0.2145397 0.1603030 0.3597431 0.1638460 0.1284379 0.1910499 0.0905246 0.1042886 0.1495040 0.1725513 0.2095994 0.2192266 0.1462992 0.2256290 0.2096457 0.2289220 0.1614614 0.1757018 0.1226515 0.0957757 0.1180436 0.1441544 0.2539487 0.3036703 0.0496049 0.1648553 0.1322279 0.1064954 0.2862270 0.2552805 0.0000000 0.1871060 0.0859331 0.1954838 0.2067465 0.0406542 0.2151783 0.2116769 0.0511738 0.3264719 0.3097797 0.1905019 0.1986665 0.0611110 0.0912314 0.1033662 0.0771575 0.1894192 0.2161759 0.0955822 0.0541316 0.2041007 0.0822616 0.0586680 0.1259564 0.2077241 0.1516040 0.2782822 0.0562120 0.1629159 0.2367944 0.3569203 0.1783247 0.1896851 0.1710010 0.0627625 0.1184313 0.3443701 0.2142926 0.2233071 0.0766813 0.2133195 0.2102424 
Perityle_gracilis_11                       0.2493604 0.0804785 0.3909340 0.4418794 0.1786503 0.0916153 0.3586419 0.1420079 0.4299742 0.1758625 0.2146114 0.0230500 0.0034169 0.1511057 0.0103352 0.0364211 0.0256861 0.1712834 0.1100912 0.0279265 0.0151624 0.0044066 0.0216883 0.0191019 0.0080570 0.0330865 0.3355114 0.0390521 0.1299132 0.1025143 0.2222499 0.2149851 0.1029016 0.0286241 0.2237092 0.1818586 0.0201652 0.2410547 0.0327632 0.1099240 0.1243664 0.1871060 0.0000000 0.1907403 0.2462609 0.0342147 0.0231675 0.0022132 0.0178472 0.1937279 0.1475889 0.0250559 0.0113801 0.0301386 0.0160941 0.1209233 0.0878308 0.0288147 0.0025114 0.0000010 0.0889256 0.0614048 0.1008170 0.0326009 0.0161823 0.2015438 0.0332006 0.1168087 0.2243745 0.0158163 0.0358699 0.0349248 0.2813720 0.0044444 0.0032918 0.0151543 0.0057854 0.1921353 0.2811168 0.0246628 0.0154744 0.0745904 0.0033154 0.1476625 
Perityle_harkerae_31                       0.2101924 0.0804047 0.2793178 0.4750146 0.0819825 0.0424439 0.3809447 0.1454168 0.4479486 0.2246130 0.1163129 0.2345847 0.1706349 0.3399206 0.1645853 0.1310078 0.2060345 0.0865705 0.0951812 0.1545443 0.1696583 0.2323504 0.2281517 0.1445076 0.2300655 0.2306426 0.1894561 0.1637093 0.1768300 0.1249928 0.1051563 0.0987800 0.1361372 0.2081208 0.2693928 0.0660240 0.1612504 0.1468864 0.1047723 0.3276763 0.2924965 0.0859331 0.1907403 0.0000000 0.1550114 0.2237038 0.0437000 0.2365028 0.2363108 0.0234297 0.3172844 0.2887695 0.1876751 0.2139093 0.0564312 0.0915816 0.0963005 0.0702397 0.1888326 0.2097835 0.0958206 0.0548418 0.1768087 0.0707004 0.0547436 0.1130402 0.2280598 0.1457209 0.2382856 0.0536807 0.1694970 0.2461847 0.3579493 0.1926144 0.1969262 0.1829462 0.0505543 0.1009443 0.2907320 0.2371798 0.2233662 0.0814491 0.2375675 0.2125286 
Perityle_hofmeisteria_4_nombre_de_dios     0.1930156 0.0820872 0.2355486 0.4960436 0.0875889 0.0422049 0.4067970 0.1627688 0.5119753 0.2878054 0.2318721 0.3183965 0.3131890 0.4115295 0.1451736 0.2846769 0.3478584 0.0716790 0.1336534 0.2444542 0.1968634 0.3608662 0.3735637 0.1707521 0.3336975 0.3696479 0.3077604 0.3180978 0.1754164 0.1071705 0.1070000 0.1760903 0.2483590 0.3684714 0.3249134 0.1836709 0.1516627 0.0124474 0.1903361 0.4159878 0.4231357 0.1954838 0.2462609 0.1550114 0.0000000 0.3553160 0.0463078 0.3315513 0.3737952 0.1691443 0.3644599 0.3201302 0.2645349 0.3060661 0.0730684 0.1899195 0.1064057 0.0698509 0.2253240 0.2447428 0.1107549 0.0504680 0.2461601 0.0851842 0.1158320 0.2194187 0.3692125 0.2496058 0.3058634 0.0585055 0.3103741 0.3998771 0.3265907 0.3342280 0.2850564 0.2948915 0.0714167 0.2036161 0.3837313 0.3262462 0.2537648 0.0734530 0.3357450 0.3065155 
