83
Amauria_brandeegeana_62                    0.0000000 0.0451142 0.0383154 0.2431912 0.2177721 0.0410896 0.2378307 0.1707047 0.2927235 0.0269670 0.2364738 0.1887648 0.1586525 0.1583650 0.1109096 0.1747968 0.2421659 0.2158335 0.1930045 0.1640257 0.2458402 0.1406467 0.1552633 0.1749464 0.1396226 0.1709817 0.1874572 0.2686273 0.2095826 0.1629667 0.1007885 0.2175797 0.1870408 0.0378794 0.1902838 0.1367054 0.1707289 0.1385960 0.2311314 0.1994598 0.2014241 0.1508360 0.1831481 0.1586519 0.1726594 0.2690259 0.1751361 0.1457570 0.1763776 0.1474628 0.1732364 0.1910158 0.1798261 0.1468417 0.1695172 0.1415805 0.1307076 0.1613021 0.1723070 0.1550097 0.1590711 0.0902121 0.1864232 0.1507593 0.2077032 0.2157027 0.1630699 0.2546126 0.1609699 0.1310453 0.1653478 0.1690975 0.1700474 0.1611853 0.1856101 0.2765900 0.2654486 0.2251628 0.3771690 0.1855156 0.1241174 0.1406423 0.2273578 
Amauria_carterae_99_mesa                   0.0451142 0.0000000 0.0458646 0.2147488 0.0918517 0.0438459 0.1728411 0.1893205 0.2037751 0.0625132 0.1192975 0.1353872 0.1151042 0.1284254 0.0988328 0.1556302 0.1248094 0.1467876 0.1580133 0.1231385 0.1338640 0.1006210 0.1442136 0.1253965 0.1233226 0.1155745 0.1248940 0.1115114 0.1749105 0.1326649 0.0982305 0.1060740 0.1231856 0.0848257 0.1381348 0.1060097 0.1194257 0.0926350 0.1364542 0.1678049 0.1541348 0.1057833 0.1318789 0.1230970 0.1283173 0.1910551 0.1187810 0.1200883 0.1303391 0.1612822 0.1294899 0.1262820 0.1133278 0.1225764 0.1045798 0.1393388 0.1410657 0.1408681 0.1275594 0.1105136 0.1413128 0.1055653 0.2027390 0.0928420 0.1169208 0.1686446 0.1185885 0.1731179 0.1210953 0.0929259 0.1283132 0.1347276 0.1091600 0.1230731 0.1204988 0.0915717 0.1722761 0.1577624 0.1811173 0.1139452 0.1100251 0.0961455 0.1136318 
Amauria_rotundifolia_SRR9119150            0.0383154 0.0458646 0.0000000 0.2316035 0.2227260 0.0442615 0.2326288 0.1834565 0.2969264 0.0416591 0.2402137 0.1832715 0.1623398 0.1627816 0.1084331 0.1708238 0.2299953 0.2124797 0.1921574 0.1663090 0.2331436 0.1434047 0.1422323 0.1881853 0.1440737 0.1644685 0.1763899 0.2605531 0.2174938 0.1651530 0.1085194 0.2368541 0.1941708 0.0615103 0.1907623 0.1266062 0.1740625 0.1394845 0.2218722 0.1921515 0.2159591 0.1550509 0.1874874 0.1676943 0.1702406 0.2648328 0.1712267 0.1448521 0.1760208 0.1613194 0.1899880 0.1981779 0.1876567 0.1511880 0.1716143 0.1545635 0.1312648 0.1583642 0.1738244 0.1559431 0.1613986 0.0945517 0.1940998 0.1481150 0.2008382 0.2207022 0.1641934 0.2617848 0.1566346 0.1260211 0.1781462 0.1702373 0.1646930 0.1691712 0.1739632 0.2798811 0.2750843 0.2350247 0.3802659 0.1727516 0.1283081 0.1421362 0.2297482 
Conoclinium_coelestinum_SRR9119114         0.2431912 0.2147488 0.2316035 0.0000000 0.2833008 0.1527761 0.1754201 0.2442009 0.3638081 0.2479289 0.3301015 0.2271945 0.2353268 0.2523165 0.2029424 0.2508417 0.2426082 0.3165054 0.3229753 0.2452443 0.2763679 0.2195771 0.2063561 0.2648698 0.2330847 0.2332349 0.2375380 0.2230905 0.3022916 0.2316362 0.2328148 0.2552569 0.2927425 0.2687388 0.2868400 0.2305110 0.2645959 0.2138427 0.2574489 0.2605660 0.3014040 0.2145542 0.2618968 0.2523984 0.2598657 0.3223164 0.2476967 0.2401892 0.2404588 0.2799780 0.2680176 0.2461475 0.2527742 0.2319628 0.2329766 0.2559808 0.2271276 0.2488930 0.2463586 0.2235382 0.2640058 0.2533613 0.3373547 0.2235857 0.2359996 0.3056740 0.2338992 0.3409828 0.3109992 0.1962350 0.2503031 0.2680341 0.2246551 0.2575967 0.2317630 0.3110154 0.3372000 0.3003781 0.3853098 0.2315077 0.2455428 0.2241241 0.2813866 
Eutetras_palmeri_63                        0.2177721 0.0918517 0.2227260 0.2833008 0.0000000 0.0092837 0.2441540 0.1727170 0.2946686 0.1134137 0.1837882 0.2697451 0.2736891 0.2637174 0.1327656 0.3058628 0.2447837 0.2053521 0.1796176 0.2723990 0.3412436 0.2656365 0.1714923 0.3103477 0.2465234 0.2886880 0.2821390 0.3462027 0.2219936 0.1652848 0.1049061 0.2334765 0.1648332 0.1340591 0.3430984 0.1805389 0.2037861 0.2612793 0.3003400 0.2943121 0.3353471 0.2845151 0.2122412 0.2873252 0.2046270 0.2870845 0.2740739 0.2106120 0.3618794 0.1482660 0.2743843 0.2626575 0.2997489 0.2342419 0.2918328 0.1386518 0.1666699 0.1879250 0.3183273 0.3143419 0.1423014 0.1249736 0.1873312 0.1772011 0.2751717 0.2643574 0.2334301 0.2053176 0.2196436 0.2127315 0.2997916 0.1884676 0.3040127 0.2791040 0.2702045 0.2953381 0.2231990 0.2521133 0.3686949 0.2645658 0.1317147 0.3144224 0.2319558 
Eutetras_pringlei_149_quer                 0.0410896 0.0438459 0.0442615 0.1527761 0.0092837 0.0000000 0.1173040 0.1091519 0.1055949 0.0194715 0.0275071 0.0927732 0.1080573 0.0901338 0.0901982 0.0969821 0.0519983 0.0688761 0.0980230 0.0958641 0.0610727 0.0836078 0.1646751 0.1071824 0.0847479 0.0959991 0.0893164 0.0872665 0.0694757 0.0777166 0.0835451 0.0749465 0.0488108 0.0386899 0.1077795 0.0500893 0.0865530 0.0588548 0.1320386 0.1206482 0.1380707 0.0682978 0.0827833 0.0984358 0.0832835 0.1366836 0.0937387 0.0867890 0.1267228 0.0827046 0.1043068 0.1067438 0.0835758 0.0922883 0.0876666 0.0899932 0.0871200 0.0839489 0.1050458 0.0844287 0.0899618 0.1230316 0.1707831 0.0891894 0.0996982 0.0732836 0.1004626 0.1054416 0.1187208 0.0678763 0.1071824 0.0842522 0.0847989 0.0974374 0.0855129 0.0844287 0.1023251 0.0802359 0.1184618 0.1098886 0.0833559 0.1250875 0.0679729 
Eutrochium_fistulosum_SRR9119106           0.2378307 0.1728411 0.2326288 0.1754201 0.2441540 0.1173040 0.0000000 0.1606953 0.3058105 0.1777565 0.2823859 0.2572641 0.2394229 0.2579127 0.1556262 0.2342358 0.2275596 0.2816168 0.2530678 0.2480085 0.2729697 0.2249951 0.1825628 0.2598745 0.2370373 0.2415677 0.2254181 0.2438252 0.2760134 0.2211114 0.1508009 0.2418979 0.2609069 0.2046624 0.2584996 0.2000812 0.2321552 0.2283561 0.2712615 0.2440340 0.2899480 0.2404474 0.2402861 0.2550983 0.2404717 0.3192118 0.2583468 0.2320963 0.2583173 0.2215219 0.2587810 0.2594128 0.2541203 0.2179488 0.2541327 0.2106287 0.1758735 0.2288576 0.2544463 0.2361911 0.2101680 0.1690568 0.2725878 0.1453189 0.2517549 0.2888152 0.2283725 0.2803453 0.1847891 0.2162029 0.2420572 0.2450415 0.2331501 0.2539857 0.2373981 0.2640328 0.2832247 0.2704787 0.3314797 0.2392806 0.1829268 0.2357627 0.2422136 
Galeana_pratensis_104_mex                  0.1707047 0.1893205 0.1834565 0.2442009 0.1727170 0.1091519 0.1606953 0.0000000 0.2022425 0.1396478 0.1989022 0.2000714 0.1951296 0.2036131 0.1831294 0.2005669 0.1493518 0.1865959 0.1870165 0.1993222 0.1679360 0.1567115 0.2406599 0.1908065 0.2141401 0.2010047 0.2311386 0.1878861 0.1958506 0.1926657 0.1508221 0.1941341 0.2052327 0.1551815 0.2149574 0.1970251 0.1832973 0.1463278 0.1657462 0.2287872 0.1939427 0.1411711 0.1878826 0.2005707 0.1918882 0.2520080 0.1949420 0.1852994 0.1952024 0.1654589 0.2045481 0.2010198 0.1870946 0.2340246 0.1816389 0.1820484 0.1705818 0.2303938 0.1970913 0.1531708 0.1938096 0.1543828 0.2327254 0.1741563 0.2066502 0.1930235 0.2234204 0.2214831 0.1825329 0.1436726 0.1908065 0.2003690 0.1982430 0.1953843 0.2005521 0.1589673 0.2194666 0.2292866 0.2427009 0.2046748 0.1621715 0.1561514 0.2080691 
Helianthus_annuus_SRR9119062               0.2927235 0.2037751 0.2969264 0.3638081 0.2946686 0.1055949 0.3058105 0.2022425 0.0000000 0.2100519 0.3232126 0.3111513 0.2990023 0.3123396 0.1845763 0.2725161 0.2860766 0.2705685 0.3442937 0.3104091 0.3232498 0.2626042 0.2069298 0.3114985 0.2890179 0.2879706 0.3107089 0.2760574 0.3390390 0.2810655 0.2111811 0.2845147 0.3012037 0.2287922 0.3335163 0.2727543 0.2991394 0.2977592 0.2967110 0.2836504 0.3473686 0.2884883 0.3026990 0.2940597 0.3005853 0.3568473 0.3259240 0.2673817 0.3055931 0.2695305 0.3236656 0.3228157 0.3067743 0.2983984 0.2916378 0.2636731 0.2303318 0.2977222 0.2977924 0.2660201 0.2486029 0.1927238 0.2955136 0.2149623 0.3065522 0.3460835 0.3044484 0.3481098 0.2429242 0.2884936 0.3013347 0.3151850 0.2845650 0.2967498 0.2939312 0.3426515 0.3406652 0.3636233 0.3801088 0.3077934 0.2608695 0.2674813 0.3286562 
Lycapsus_tenuifolius_17                    0.0269670 0.0625132 0.0416591 0.2479289 0.1134137 0.0194715 0.1777565 0.1396478 0.2100519 0.0000000 0.1404920 0.1277573 0.1145105 0.1215378 0.0867368 0.1082540 0.0982545 0.1557416 0.1676020 0.1167447 0.0766822 0.0652104 0.1654142 0.1132848 0.1215026 0.1301562 0.1487822 0.1119792 0.2015187 0.1459678 0.0281227 0.1503192 0.1464379 0.0012096 0.1439270 0.1253169 0.1416522 0.0608895 0.1233378 0.1355553 0.1409257 0.0634581 0.1579632 0.1329630 0.1605742 0.2451447 0.1311644 0.1299486 0.1119081 0.1537440 0.1125696 0.1298018 0.1061219 0.1450452 0.0942126 0.1778776 0.1480526 0.1401571 0.1345685 0.0788323 0.1646146 0.0827889 0.1828024 0.0953367 0.1126293 0.1940191 0.1468950 0.1688054 0.1027487 0.0804102 0.1132848 0.1287278 0.1250042 0.1277948 0.1301629 0.0712095 0.1777709 0.1791306 0.2393218 0.1114709 0.0617336 0.0619585 0.1300945 
Pericome_caudata_50_silver                 0.2364738 0.1192975 0.2402137 0.3301015 0.1837882 0.0275071 0.2823859 0.1989022 0.3232126 0.1404920 0.0000000 0.2977855 0.2836001 0.2761777 0.1506492 0.2777356 0.2453897 0.2294992 0.2317865 0.2761753 0.3488822 0.2364016 0.1815714 0.2996254 0.2868584 0.2886889 0.3103718 0.3236125 0.3135688 0.2028320 0.1179139 0.2685920 0.1996638 0.1639204 0.3275182 0.2256048 0.2584182 0.2435174 0.3019700 0.3097150 0.3266896 0.2725573 0.2578283 0.3088677 0.2442316 0.3461286 0.2874994 0.2500656 0.3181685 0.1883279 0.2851454 0.2963900 0.3048742 0.2529687 0.2886650 0.1906521 0.2275975 0.2615148 0.2956882 0.2893129 0.1870938 0.1486786 0.2433657 0.1775784 0.3181995 0.3403715 0.2607079 0.2285169 0.2216529 0.2434569 0.2893872 0.2047017 0.2955079 0.3037505 0.2849290 0.3089192 0.2436324 0.3142087 0.4133969 0.2949512 0.1727796 0.2763331 0.2766622 
Perityle_aglossa_84_dead_horse             0.1887648 0.1353872 0.1832715 0.2271945 0.2697451 0.0927732 0.2572641 0.2000714 0.3111513 0.1277573 0.2977855 0.0000000 0.0671929 0.0670266 0.0929238 0.0868235 0.1091826 0.2063300 0.2402070 0.0693882 0.1768690 0.0533862 0.1329950 0.0859957 0.0636178 0.0706042 0.1092690 0.1971777 0.2376653 0.2179125 0.1665408 0.2153542 0.2229113 0.1919924 0.0634843 0.0931375 0.2494337 0.0491177 0.2851323 0.1119788 0.1130656 0.0654357 0.2342698 0.0684717 0.2308922 0.3598056 0.0623167 0.0617741 0.0868323 0.1840485 0.0956215 0.1013675 0.0837665 0.0811859 0.0626371 0.1703440 0.1166355 0.0828664 0.0691706 0.0719213 0.1900887 0.1505369 0.2349628 0.0979176 0.0580971 0.2588560 0.0987408 0.2997595 0.1052939 0.0378130 0.0829081 0.2238621 0.0635590 0.0677466 0.0964745 0.2518669 0.3282964 0.2737725 0.3672014 0.0219543 0.1704588 0.0694383 0.1679301 
Perityle_ajoensis_204                      0.1586525 0.1151042 0.1623398 0.2353268 0.2736891 0.1080573 0.2394229 0.1951296 0.2990023 0.1145105 0.2836001 0.0671929 0.0000000 0.0668279 0.0358523 0.0909177 0.1247340 0.1797253 0.2399379 0.0308699 0.1752370 0.0518537 0.1157783 0.0586603 0.0466592 0.0479590 0.1204076 0.1947264 0.2454387 0.1927913 0.1486058 0.1769241 0.1890912 0.1524910 0.0482127 0.1231913 0.1984294 0.0503081 0.2384472 0.0966499 0.0699457 0.0548401 0.2056405 0.0500645 0.2062710 0.3470050 0.0771220 0.0483404 0.0792005 0.2074471 0.0608223 0.0893016 0.0462019 0.1056870 0.0345560 0.1810938 0.1190090 0.1164374 0.0520195 0.0481196 0.1948773 0.1189113 0.2227242 0.1154521 0.0708430 0.2536016 0.1186416 0.2887099 0.0528842 0.0553628 0.0524809 0.2009350 0.0579189 0.0524187 0.0601286 0.1789262 0.3234363 0.2594103 0.3246056 0.0717901 0.1560440 0.0554293 0.1928136 
Perityle_ambrosiifolia_67_green            0.1583650 0.1284254 0.1627816 0.2523165 0.2637174 0.0901338 0.2579127 0.2036131 0.3123396 0.1215378 0.2761777 0.0670266 0.0668279 0.0000000 0.0943751 0.0894436 0.1102964 0.2067044 0.2163917 0.0629494 0.1647135 0.0540008 0.1164688 0.0583602 0.0541490 0.0550854 0.1213514 0.1748562 0.2407223 0.1834689 0.1501150 0.1950397 0.1946208 0.1592138 0.0850573 0.1216364 0.2203336 0.0520534 0.2508274 0.1092166 0.0677191 0.0500985 0.2043287 0.0545539 0.2096434 0.3447239 0.0783715 0.0559370 0.0854955 0.1871882 0.0624021 0.0849894 0.0641044 0.1068620 0.0743452 0.1742413 0.1247863 0.1182202 0.0595145 0.0577420 0.1880770 0.1543568 0.2070820 0.1194286 0.0680536 0.2555275 0.1177338 0.3019265 0.1276779 0.0592697 0.0490004 0.1907379 0.0677901 0.0599445 0.0615063 0.1981892 0.3243703 0.2499763 0.3402023 0.0750694 0.1577154 0.0595315 0.1871225 
Perityle_angustifolia_13_Eagle_creek       0.1109096 0.0988328 0.1084331 0.2029424 0.1327656 0.0901982 0.1556262 0.1831294 0.1845763 0.0867368 0.1506492 0.0929238 0.0358523 0.0943751 0.0000000 0.0791743 0.1021641 0.1571021 0.1463551 0.0097626 0.1034614 0.0573932 0.1146654 0.0757025 0.0658695 0.0671059 0.1098434 0.1003996 0.1844791 0.1266167 0.1217219 0.1390567 0.1556045 0.1080467 0.0466353 0.0969339 0.1297314 0.0645912 0.1615891 0.0947400 0.0838425 0.0688549 0.1391358 0.0723946 0.1356036 0.1968835 0.1074662 0.0712750 0.1048849 0.1576348 0.0802914 0.0732462 0.0685799 0.1186484 0.0048584 0.1505654 0.1022711 0.1114250 0.0739907 0.0542081 0.1551100 0.1187448 0.1574190 0.0906041 0.0887976 0.1835269 0.1109515 0.1725024 0.0579753 0.0835444 0.0650118 0.1493063 0.0674217 0.0700220 0.0691898 0.0793165 0.1691131 0.1675060 0.1552296 0.0890766 0.1245435 0.0801132 0.1013558 
Perityle_batopilensis_97                   0.1747968 0.1556302 0.1708238 0.2508417 0.3058628 0.0969821 0.2342358 0.2005669 0.2725161 0.1082540 0.2777356 0.0868235 0.0909177 0.0894436 0.0791743 0.0000000 0.1456492 0.1931524 0.2286947 0.0821624 0.2071516 0.0914639 0.1802159 0.0895168 0.1120058 0.1022370 0.1346919 0.1781968 0.2720037 0.1723276 0.1415231 0.2217911 0.1853816 0.1650596 0.0780029 0.1230158 0.2431662 0.0997840 0.2710128 0.0188938 0.1115294 0.0874528 0.2263307 0.1203238 0.2395693 0.3641765 0.1038522 0.0981924 0.1063916 0.2080008 0.1060337 0.1504359 0.0941188 0.1212425 0.0874623 0.1860353 0.1096459 0.1177757 0.1061186 0.1098353 0.2150679 0.1620851 0.2503927 0.1125672 0.1029047 0.2778179 0.1279032 0.3010579 0.1121115 0.0902028 0.0828639 0.1992536 0.0942815 0.1138674 0.1133340 0.2257637 0.3369551 0.2638808 0.3713315 0.1089817 0.1766174 0.0969007 0.1870732 
Perityle_bisetosa_9                        0.2421659 0.1248094 0.2299953 0.2426082 0.2447837 0.0519983 0.2275596 0.1493518 0.2860766 0.0982545 0.2453897 0.1091826 0.1247340 0.1102964 0.1021641 0.1456492 0.0000000 0.1741619 0.2477473 0.1124527 0.1711447 0.1168633 0.1923543 0.1136150 0.1475551 0.1142916 0.1969773 0.1561335 0.3256952 0.2350616 0.1530226 0.2505096 0.1965031 0.1414622 0.1109683 0.1542797 0.3017339 0.1037356 0.2638789 0.2051711 0.1313169 0.1255086 0.2511188 0.1438508 0.2888990 0.4208190 0.1040154 0.1130031 0.1260532 0.1592170 0.1188808 0.1402681 0.1218714 0.1677339 0.1219134 0.2352722 0.1923670 0.1631433 0.1192481 0.1454452 0.2375034 0.1481526 0.3152074 0.1216257 0.1142277 0.3381409 0.1647010 0.2880674 0.0950169 0.0931330 0.1109378 0.2502472 0.1255685 0.1399295 0.1311400 0.2008710 0.2812157 0.3343453 0.3934757 0.1363432 0.1963723 0.1148091 0.1878829 
Perityle_californica_76_positas            0.2158335 0.1467876 0.2124797 0.3165054 0.2053521 0.0688761 0.2816168 0.1865959 0.2705685 0.1557416 0.2294992 0.2063300 0.1797253 0.2067044 0.1571021 0.1931524 0.1741619 0.0000000 0.2066190 0.1994092 0.1557640 0.1692663 0.1808509 0.1924044 0.1770104 0.1903204 0.2135775 0.1564914 0.2931652 0.1521710 0.1424659 0.1472274 0.2070450 0.1891121 0.2162181 0.1948882 0.2393618 0.1914230 0.2419664 0.2072239 0.2199772 0.1827682 0.2374492 0.1933946 0.2282647 0.3804600 0.2362058 0.2075570 0.1977230 0.2415036 0.1988964 0.2141899 0.1857941 0.1969062 0.1941415 0.2535903 0.1660411 0.2211450 0.2112477 0.1722290 0.2374479 0.1446680 0.2650291 0.1809313 0.1998345 0.2967929 0.2167026 0.2430540 0.2328413 0.1867883 0.1745036 0.2198964 0.2033849 0.2111586 0.1802547 0.1804100 0.2575385 0.2852465 0.3173303 0.2079652 0.1555069 0.1747335 0.1934122 
Perityle_canescens_77                      0.1930045 0.1580133 0.1921574 0.3229753 0.1796176 0.0980230 0.2530678 0.1870165 0.3442937 0.1676020 0.2317865 0.2402070 0.2399379 0.2163917 0.1463551 0.2286947 0.2477473 0.2066190 0.0000000 0.2370853 0.2744882 0.2251343 0.1840003 0.2500814 0.2315695 0.2496956 0.2174986 0.2358573 0.2073182 0.2183255 0.1390806 0.2171256 0.2178143 0.1833138 0.2505284 0.1909342 0.1228938 0.1866198 0.2131020 0.2431924 0.2760083 0.2045172 0.1196395 0.2557057 0.1210249 0.2537486 0.2140499 0.2337939 0.2705386 0.0561704 0.2492321 0.2111604 0.2420982 0.2009385 0.2281499 0.1198772 0.1973046 0.2001095 0.2657756 0.2349127 0.0999109 0.0940560 0.1822385 0.1535110 0.2451285 0.2185212 0.2066749 0.2425634 0.2019384 0.1831370 0.2417540 0.2094866 0.2341562 0.2480159 0.2256281 0.2791499 0.2394431 0.1814508 0.3166397 0.2374189 0.1123706 0.2329114 0.2123142 
Perityle_castillonii_96                    0.1640257 0.1231385 0.1663090 0.2452443 0.2723990 0.0958641 0.2480085 0.1993222 0.3104091 0.1167447 0.2761753 0.0693882 0.0308699 0.0629494 0.0097626 0.0821624 0.1124527 0.1994092 0.2370853 0.0000000 0.1788311 0.0554888 0.1224944 0.0571262 0.0597372 0.0600045 0.1207299 0.1787415 0.2580662 0.1795715 0.1359362 0.1933025 0.1858657 0.1599717 0.0467520 0.1283798 0.2146262 0.0442290 0.2579946 0.0942908 0.0686489 0.0486778 0.2075449 0.0661340 0.2160857 0.3555825 0.0767712 0.0614637 0.0881176 0.2172286 0.0637205 0.0925262 0.0507192 0.1120477 0.0160016 0.1969193 0.1132572 0.1145073 0.0654990 0.0590131 0.2151146 0.1364135 0.2127738 0.1033513 0.0679119 0.2611562 0.1147222 0.3056322 0.0533937 0.0544406 0.0543660 0.1962721 0.0639810 0.0664260 0.0759445 0.1967527 0.3386681 0.2651379 0.3458689 0.0722484 0.1638206 0.0652613 0.2007680 
Perityle_cernua_84                         0.2458402 0.1338640 0.2331436 0.2763679 0.3412436 0.0610727 0.2729697 0.1679360 0.3232498 0.0766822 0.3488822 0.1768690 0.1752370 0.1647135 0.1034614 0.2071516 0.1711447 0.1557640 0.2744882 0.1788311 0.0000000 0.1630207 0.1229765 0.1598425 0.1366149 0.1521499 0.2211770 0.2394337 0.2304444 0.1844482 0.1611665 0.2343748 0.2314506 0.1000117 0.1561461 0.1493344 0.2437642 0.1898431 0.3029369 0.2060078 0.1763993 0.1833356 0.2483841 0.1580109 0.2484080 0.3014839 0.1655156 0.0800957 0.1813707 0.1662983 0.1549359 0.1835519 0.1639868 0.2002087 0.1568569 0.1843533 0.0975069 0.1200833 0.1624223 0.1727545 0.1788314 0.1362478 0.1757302 0.1337557 0.1791919 0.2855799 0.2001948 0.3224378 0.0980974 0.1311613 0.1550343 0.2716664 0.1595327 0.1451330 0.1501679 0.2374492 0.3610465 0.2875796 0.2715440 0.1755075 0.2061231 0.1686705 0.2585017 
Perityle_cfvillosa_25_tin                  0.1406467 0.1006210 0.1434047 0.2195771 0.2656365 0.0836078 0.2249951 0.1567115 0.2626042 0.0652104 0.2364016 0.0533862 0.0518537 0.0540008 0.0573932 0.0914639 0.1168633 0.1692663 0.2251343 0.0554888 0.1630207 0.0000000 0.1052448 0.0528104 0.0295581 0.0115113 0.1180966 0.1327996 0.1732328 0.1505199 0.1293684 0.1522778 0.1410346 0.1144954 0.0403945 0.1280848 0.1762040 0.0568251 0.2193167 0.1198432 0.0640349 0.0461680 0.1681640 0.0114913 0.1730888 0.2448849 0.0648006 0.0059794 0.0436315 0.1393571 0.0544989 0.0994003 0.0448517 0.1121523 0.0663903 0.1442239 0.0869305 0.1139203 0.0151597 0.0056629 0.1514176 0.1364665 0.1742922 0.0910253 0.0563708 0.1886253 0.1070576 0.2794413 0.0577817 0.0497615 0.0448859 0.1700398 0.0163551 0.0071155 0.0479310 0.1197838 0.3111970 0.2032975 0.2605831 0.0613810 0.1555839 0.0131150 0.2192665 
Perityle_cinerea_113_Powell1310            0.1552633 0.1442136 0.1422323 0.2063561 0.1714923 0.1646751 0.1825628 0.2406599 0.2069298 0.1654142 0.1815714 0.1329950 0.1157783 0.1164688 0.1146654 0.1802159 0.1923543 0.1808509 0.1840003 0.1224944 0.1229765 0.1052448 0.0000000 0.1050774 0.0890403 0.1167945 0.1303968 0.1477374 0.1931593 0.1627057 0.1428526 0.1575373 0.1746908 0.1955475 0.0997709 0.1171024 0.1768891 0.0949386 0.1977418 0.1956579 0.1201762 0.1137465 0.1895964 0.0966528 0.1785506 0.2044501 0.1271250 0.1020480 0.1074985 0.2252014 0.1113504 0.1081298 0.0971096 0.1291902 0.1218655 0.1738132 0.1612323 0.1304383 0.1140296 0.1122798 0.1893781 0.1840752 0.2025434 0.0974241 0.1306418 0.1933467 0.1403827 0.2132945 0.0958181 0.1042701 0.1076780 0.1849755 0.1127763 0.1040261 0.1022072 0.1010237 0.2141733 0.2032547 0.1159793 0.1331648 0.1781839 0.1083072 0.1130101 
Perityle_coahuilensis_24                   0.1749464 0.1253965 0.1881853 0.2648698 0.3103477 0.1071824 0.2598745 0.1908065 0.3114985 0.1132848 0.2996254 0.0859957 0.0586603 0.0583602 0.0757025 0.0895168 0.1136150 0.1924044 0.2500814 0.0571262 0.1598425 0.0528104 0.1050774 0.0000000 0.0459845 0.0568638 0.1335274 0.1811086 0.2845875 0.1898301 0.1434501 0.2188877 0.2108428 0.1475116 0.0459932 0.1311752 0.2473156 0.0697565 0.3279675 0.1090203 0.0113857 0.0391872 0.2415312 0.0558612 0.2398735 0.3977963 0.0826159 0.0496193 0.0797504 0.2244813 0.0069776 0.1223852 0.0205825 0.1162734 0.0656314 0.1978291 0.1038841 0.1255864 0.0626585 0.0715745 0.2251662 0.1477721 0.2458630 0.1194362 0.1188259 0.3078738 0.1288535 0.3001820 0.0522719 0.0796968 0.0026082 0.2244648 0.0629975 0.0617409 0.0950006 0.1840679 0.3395960 0.2922402 0.3414039 0.0873783 0.1670325 0.0654386 0.1981176 
Perityle_cochisensis_44_cave_creek         0.1396226 0.1233226 0.1440737 0.2330847 0.2465234 0.0847479 0.2370373 0.2141401 0.2890179 0.1215026 0.2868584 0.0636178 0.0466592 0.0541490 0.0658695 0.1120058 0.1475551 0.1770104 0.2315695 0.0597372 0.1366149 0.0295581 0.0890403 0.0459845 0.0000000 0.0321432 0.0892300 0.1256152 0.2354343 0.1763531 0.1196419 0.1644288 0.1801308 0.1357696 0.0497052 0.1004672 0.1693557 0.0542425 0.1949963 0.1222658 0.0610944 0.0466703 0.1779519 0.0305588 0.1794126 0.2718971 0.0736207 0.0353927 0.0792451 0.1923143 0.0491782 0.0583584 0.0338366 0.0915876 0.0587084 0.1738986 0.1040168 0.1047448 0.0372703 0.0296798 0.1924874 0.1479087 0.2231552 0.0981199 0.0589937 0.2212169 0.0926898 0.2852393 0.0625671 0.0567798 0.0374368 0.1883807 0.0285787 0.0348970 0.0456095 0.1038610 0.2936065 0.2139212 0.2326178 0.0571331 0.1627542 0.0437335 0.1806250 
Perityle_congesta_202                      0.1709817 0.1155745 0.1644685 0.2332349 0.2886880 0.0959991 0.2415677 0.2010047 0.2879706 0.1301562 0.2886889 0.0706042 0.0479590 0.0550854 0.0671059 0.1022370 0.1142916 0.1903204 0.2496956 0.0600045 0.1521499 0.0115113 0.1167945 0.0568638 0.0321432 0.0000000 0.1130458 0.1825208 0.2361266 0.1687381 0.1192128 0.1959703 0.1915702 0.1686812 0.0508579 0.1096388 0.2195997 0.0591846 0.2624158 0.1267844 0.0660422 0.0543098 0.2107639 0.0125777 0.2046328 0.3441148 0.0674423 0.0132030 0.0495314 0.2187309 0.0533049 0.1036860 0.0485704 0.0961345 0.0591911 0.1787587 0.1066115 0.0984749 0.0169158 0.0115536 0.2014296 0.1374177 0.2441253 0.0965956 0.1133936 0.2775532 0.0989287 0.2882691 0.0665160 0.0555275 0.0496940 0.1959536 0.0373507 0.0112548 0.0614022 0.1188464 0.3179976 0.2893272 0.3125032 0.0690169 0.1501147 0.0216700 0.1865880 
Perityle_cordifolia_27                     0.1874572 0.1248940 0.1763899 0.2375380 0.2821390 0.0893164 0.2254181 0.2311386 0.3107089 0.1487822 0.3103718 0.1092690 0.1204076 0.1213514 0.1098434 0.1346919 0.1969773 0.2135775 0.2174986 0.1207299 0.2211770 0.1180966 0.1303968 0.1335274 0.0892300 0.1130458 0.0000000 0.2620565 0.2377414 0.1769950 0.1706109 0.2026861 0.2431622 0.1829814 0.1462804 0.0486595 0.2131770 0.1097891 0.2829173 0.1387815 0.1469407 0.1154068 0.2270666 0.0929837 0.2011293 0.3362259 0.1238873 0.1140316 0.1522833 0.1815150 0.1325571 0.1404427 0.1145914 0.0126150 0.1301813 0.1646244 0.1266194 0.1077507 0.1108075 0.1158011 0.1757247 0.1619988 0.2541859 0.0759540 0.1577028 0.2697337 0.0244894 0.3029763 0.1598824 0.1058228 0.1251657 0.2155381 0.1250850 0.0972580 0.1346078 0.2352745 0.3393105 0.2904790 0.3416827 0.1041426 0.1571184 0.1184746 0.0807951 
Perityle_cordifolia_68_tecolote            0.2686273 0.1115114 0.2605531 0.2230905 0.3462027 0.0872665 0.2438252 0.1878861 0.2760574 0.1119792 0.3236125 0.1971777 0.1947264 0.1748562 0.1003996 0.1781968 0.1561335 0.1564914 0.2358573 0.1787415 0.2394337 0.1327996 0.1477374 0.1811086 0.1256152 0.1825208 0.2620565 0.0000000 0.2282208 0.1565540 0.1249322 0.2258104 0.2497610 0.1694976 0.1683158 0.1612856 0.2487944 0.1743714 0.3661410 0.2077757 0.2054538 0.1707908 0.2453732 0.1852586 0.2381871 0.3858883 0.1432929 0.0836684 0.2091582 0.1496689 0.1716760 0.2059280 0.1868987 0.1966723 0.1611495 0.1454456 0.0645783 0.1046284 0.1971197 0.2057006 0.1491333 0.1114689 0.1793504 0.1010523 0.2166750 0.3202848 0.1713774 0.3017522 0.0942617 0.1092331 0.1823242 0.2337244 0.1823192 0.1809224 0.1968102 0.2605062 0.3761186 0.2811303 0.4020094 0.2223461 0.1502283 0.1668218 0.2684966 
Perityle_coronopifolia_28_patagonia        0.2095826 0.1749105 0.2174938 0.3022916 0.2219936 0.0694757 0.2760134 0.1958506 0.3390390 0.2015187 0.3135688 0.2376653 0.2454387 0.2407223 0.1844791 0.2720037 0.3256952 0.2931652 0.2073182 0.2580662 0.2304444 0.1732328 0.1931593 0.2845875 0.2354343 0.2361266 0.2377414 0.2282208 0.0000000 0.2449766 0.1438154 0.2625087 0.2815432 0.2549089 0.2580828 0.1945508 0.2030522 0.1950445 0.2121333 0.2646245 0.3110644 0.1944792 0.2146742 0.2499058 0.2109876 0.3325408 0.2448656 0.2358914 0.2292754 0.2076295 0.2792208 0.2286308 0.2710557 0.2213547 0.2393382 0.1196377 0.1889786 0.1869629 0.2597508 0.1926043 0.1007614 0.0667268 0.2082741 0.1846891 0.2326131 0.0349235 0.2295278 0.3105586 0.2297562 0.1726323 0.2741015 0.2499893 0.2406467 0.2517699 0.2359849 0.2499666 0.3206358 0.2007423 0.3709864 0.2298450 0.0342169 0.1983697 0.2660853 
Perityle_crassifolia_70_ventanas           0.1629667 0.1326649 0.1651530 0.2316362 0.1652848 0.0777166 0.2211114 0.1926657 0.2810655 0.1459678 0.2028320 0.2179125 0.1927913 0.1834689 0.1266167 0.1723276 0.2350616 0.1521710 0.2183255 0.1795715 0.1844482 0.1505199 0.1627057 0.1898301 0.1763531 0.1687381 0.1769950 0.1565540 0.2449766 0.0000000 0.0194836 0.1317483 0.1233352 0.1794540 0.1949787 0.1136240 0.1699091 0.1606505 0.2050847 0.1881909 0.2101303 0.1521693 0.1928676 0.1856182 0.1831957 0.3116119 0.1915794 0.1815586 0.1638102 0.2012408 0.1902654 0.2072304 0.1813014 0.1667431 0.1850631 0.1886645 0.1492610 0.1634347 0.1835948 0.1604292 0.1860435 0.1546211 0.2603418 0.1394988 0.2118627 0.2504547 0.1832693 0.2292122 0.1629795 0.1557662 0.1919728 0.0107255 0.1840776 0.1883078 0.1721373 0.2265396 0.2334565 0.2372761 0.3488254 0.2090234 0.1788253 0.1625895 0.2211439 
Perityle_crassifolia_74_playa_balandra     0.1007885 0.0982305 0.1085194 0.2328148 0.1049061 0.0835451 0.1508009 0.1508221 0.2111811 0.0281227 0.1179139 0.1665408 0.1486058 0.1501150 0.1217219 0.1415231 0.1530226 0.1424659 0.1390806 0.1359362 0.1611665 0.1293684 0.1428526 0.1434501 0.1196419 0.1192128 0.1706109 0.1249322 0.1438154 0.0194836 0.0000000 0.1057218 0.1086150 0.0660351 0.1752413 0.1140163 0.1372385 0.1334392 0.1501265 0.1599632 0.1634278 0.1365377 0.1415812 0.1300394 0.1354461 0.1581142 0.1626139 0.1243441 0.1650979 0.1200455 0.1523421 0.1647345 0.1347639 0.1736253 0.1250361 0.1468985 0.1602194 0.1899964 0.1383458 0.1362037 0.1318397 0.1545634 0.1694847 0.1512366 0.1620087 0.1475101 0.1775868 0.1618420 0.1838087 0.1388315 0.1470619 0.0194512 0.1154895 0.1284327 0.1175482 0.1554504 0.1624363 0.1494122 0.1587359 0.1637893 0.1359723 0.1406135 0.1518281 
Perityle_cuneata_34_cuneata_San_antonio    0.2175797 0.1060740 0.2368541 0.2552569 0.2334765 0.0749465 0.2418979 0.1941341 0.2845147 0.1503192 0.2685920 0.2153542 0.1769241 0.1950397 0.1390567 0.2217911 0.2505096 0.1472274 0.2171256 0.1933025 0.2343748 0.1522778 0.1575373 0.2188877 0.1644288 0.1959703 0.2026861 0.2258104 0.2625087 0.1317483 0.1057218 0.0000000 0.2059686 0.1860586 0.2271842 0.1642233 0.2552413 0.1801845 0.2256076 0.2316896 0.2435722 0.1776355 0.2557436 0.1898399 0.2035824 0.3646046 0.2033325 0.1830572 0.2101225 0.2683026 0.2048359 0.1980605 0.2089943 0.1726592 0.1904637 0.2355338 0.1615846 0.2070068 0.2026935 0.1817597 0.2107356 0.1307938 0.2327136 0.1802589 0.2169018 0.2718913 0.1859910 0.2652333 0.2193037 0.1641547 0.2083679 0.1523316 0.2048853 0.2012730 0.1756915 0.2750390 0.3034272 0.2991310 0.3512890 0.2058315 0.1627844 0.1811357 0.2375955 
Perityle_cuneata_4                         0.1870408 0.1231856 0.1941708 0.2927425 0.1648332 0.0488108 0.2609069 0.2052327 0.3012037 0.1464379 0.1996638 0.2229113 0.1890912 0.1946208 0.1556045 0.1853816 0.1965031 0.2070450 0.2178143 0.1858657 0.2314506 0.1410346 0.1746908 0.2108428 0.1801308 0.1915702 0.2431622 0.2497610 0.2815432 0.1233352 0.1086150 0.2059686 0.0000000 0.1848741 0.2247184 0.1922717 0.2175484 0.1750979 0.2352167 0.2097450 0.2296784 0.1871934 0.2257891 0.1891723 0.2140834 0.3238357 0.2003771 0.1743490 0.1933174 0.1962938 0.1933505 0.2251975 0.2040875 0.1920143 0.1796748 0.1996527 0.1730555 0.2180747 0.2044398 0.1726812 0.2166893 0.1376114 0.2468705 0.1784917 0.2387765 0.2865714 0.2070214 0.2314937 0.2156402 0.1605040 0.2017553 0.1351259 0.2074632 0.2012900 0.1907397 0.2784198 0.2404655 0.2847782 0.4198791 0.2257106 0.1806147 0.1649057 0.2708465 
Perityle_discoidea_81                      0.0378794 0.0848257 0.0615103 0.2687388 0.1340591 0.0386899 0.2046624 0.1551815 0.2287922 0.0012096 0.1639204 0.1919924 0.1524910 0.1592138 0.1080467 0.1650596 0.1414622 0.1891121 0.1833138 0.1599717 0.1000117 0.1144954 0.1955475 0.1475116 0.1357696 0.1686812 0.1829814 0.1694976 0.2549089 0.1794540 0.0660351 0.1860586 0.1848741 0.0000000 0.1710107 0.1596151 0.1785679 0.1129031 0.1539740 0.1883257 0.1751288 0.1167832 0.1897644 0.1581556 0.1917501 0.2939288 0.1726137 0.1682432 0.1454018 0.1661054 0.1495306 0.1634839 0.1420944 0.1669314 0.1417858 0.2013429 0.1760474 0.1585319 0.1799752 0.1263717 0.1910796 0.1178960 0.2251208 0.1205584 0.1827636 0.2505210 0.2037862 0.1965177 0.1242213 0.1455065 0.1475116 0.1501830 0.1715136 0.1790111 0.1688810 0.0887141 0.1986988 0.2379043 0.2808398 0.1811333 0.0986942 0.1064515 0.1666333 
Perityle_dissecta_201                      0.1902838 0.1381348 0.1907623 0.2868400 0.3430984 0.1077795 0.2584996 0.2149574 0.3335163 0.1439270 0.3275182 0.0634843 0.0482127 0.0850573 0.0466353 0.0780029 0.1109683 0.2162181 0.2505284 0.0467520 0.1561461 0.0403945 0.0997709 0.0459932 0.0497052 0.0508579 0.1462804 0.1683158 0.2580828 0.1949787 0.1752413 0.2271842 0.2247184 0.1710107 0.0000000 0.1518615 0.2571348 0.0535208 0.3224345 0.0971915 0.0596471 0.0562030 0.2482310 0.0523798 0.2442093 0.3732858 0.0731923 0.0449755 0.0735111 0.2430432 0.0461512 0.1139527 0.0420112 0.1325963 0.0470926 0.2179528 0.1005779 0.1442624 0.0546975 0.0469436 0.2341057 0.1594474 0.2377293 0.1392948 0.0866320 0.2670206 0.1385538 0.3240379 0.0406744 0.0481544 0.0404263 0.2430669 0.0551798 0.0534226 0.0851833 0.1981377 0.3620075 0.2883044 0.3398379 0.0705946 0.1763747 0.0560258 0.2327103 
Perityle_emoryi_47_punta_san_jose          0.1367054 0.1060097 0.1266062 0.2305110 0.1805389 0.0500893 0.2000812 0.1970251 0.2727543 0.1253169 0.2256048 0.0931375 0.1231913 0.1216364 0.0969339 0.1230158 0.1542797 0.1948882 0.1909342 0.1283798 0.1493344 0.1280848 0.1171024 0.1311752 0.1004672 0.1096388 0.0486595 0.1612856 0.1945508 0.1136240 0.1140163 0.1642233 0.1922717 0.1596151 0.1518615 0.0000000 0.1525375 0.1157192 0.1726296 0.1294211 0.1477762 0.1159412 0.1514596 0.1168684 0.1491322 0.2563665 0.1235086 0.0962562 0.1588512 0.1519697 0.1333574 0.1167139 0.1196682 0.0541627 0.1415728 0.1384847 0.1228166 0.1088600 0.1102080 0.1060711 0.1511112 0.1587420 0.2295161 0.0692299 0.0975078 0.2137234 0.0485225 0.2745083 0.1463684 0.0937803 0.1214279 0.1530080 0.1245249 0.1128277 0.1142849 0.1762214 0.2810469 0.2091315 0.2812154 0.0958208 0.1415959 0.1129366 0.0579702 
Perityle_feddemae_99                       0.1707289 0.1194257 0.1740625 0.2645959 0.2037861 0.0865530 0.2321552 0.1832973 0.2991394 0.1416522 0.2584182 0.2494337 0.1984294 0.2203336 0.1297314 0.2431662 0.3017339 0.2393618 0.1228938 0.2146262 0.2437642 0.1762040 0.1768891 0.2473156 0.1693557 0.2195997 0.2131770 0.2487944 0.2030522 0.1699091 0.1372385 0.2552413 0.2175484 0.1785679 0.2571348 0.1525375 0.0000000 0.2032468 0.1415172 0.2389987 0.2673158 0.2076771 0.0337153 0.1900486 0.0233499 0.1894249 0.2248214 0.1964387 0.2400224 0.0262978 0.2298569 0.1864074 0.2364319 0.1714904 0.2115596 0.1247402 0.1667571 0.1700865 0.2328165 0.2036750 0.1341668 0.1008683 0.2076383 0.1642779 0.2464130 0.2155681 0.2066967 0.2763192 0.2054021 0.1960968 0.2348228 0.1794080 0.2143758 0.2065642 0.1887076 0.2637562 0.2750947 0.2167833 0.3777682 0.2363605 0.1186635 0.2005073 0.2337709 
Perityle_fosteri_93                        0.1385960 0.0926350 0.1394845 0.2138427 0.2612793 0.0588548 0.2283561 0.1463278 0.2977592 0.0608895 0.2435174 0.0491177 0.0503081 0.0520534 0.0645912 0.0997840 0.1037356 0.1914230 0.1866198 0.0442290 0.1898431 0.0568251 0.0949386 0.0697565 0.0542425 0.0591846 0.1097891 0.1743714 0.1950445 0.1606505 0.1334392 0.1801845 0.1750979 0.1129031 0.0535208 0.1157192 0.2032468 0.0000000 0.2445211 0.1184061 0.0952343 0.0509489 0.1855099 0.0627859 0.1913772 0.2796195 0.0466224 0.0479211 0.0815280 0.1443832 0.0820304 0.0956577 0.0680017 0.1029092 0.0500203 0.1311002 0.1003289 0.1222650 0.0602913 0.0621801 0.1367513 0.1164372 0.1750204 0.1090462 0.0651258 0.2046747 0.0972494 0.2660883 0.0788868 0.0205272 0.0591182 0.1782346 0.0535271 0.0609827 0.0665828 0.2341155 0.3053385 0.1978912 0.2701850 0.0620759 0.1591473 0.0566506 0.1892598 
Perityle_gamon_221                         0.2311314 0.1364542 0.2218722 0.2574489 0.3003400 0.1320386 0.2712615 0.1657462 0.2967110 0.1233378 0.3019700 0.2851323 0.2384472 0.2508274 0.1615891 0.2710128 0.2638789 0.2419664 0.2131020 0.2579946 0.3029369 0.2193167 0.1977418 0.3279675 0.1949963 0.2624158 0.2829173 0.3661410 0.2121333 0.2050847 0.1501265 0.2256076 0.2352167 0.1539740 0.3224345 0.1726296 0.1415172 0.2445211 0.0000000 0.2623543 0.3486626 0.2827942 0.1516801 0.2430050 0.1363206 0.0366096 0.2321762 0.1701998 0.3035213 0.1387739 0.2823320 0.2443441 0.3023346 0.2229697 0.2052930 0.1491045 0.1702280 0.1957002 0.2813267 0.2610669 0.1511788 0.1144255 0.1944673 0.1668917 0.3096611 0.2712263 0.1902801 0.3107107 0.2211449 0.1673284 0.3133389 0.2112634 0.2658516 0.2431173 0.2495665 0.3500225 0.3568282 0.2110939 0.3796441 0.2817026 0.1659454 0.2517343 0.2660568 
Perityle_gentryi_8_san_francisco           0.1994598 0.1678049 0.1921515 0.2605660 0.2943121 0.1206482 0.2440340 0.2287872 0.2836504 0.1355553 0.3097150 0.1119788 0.0966499 0.1092166 0.0947400 0.0188938 0.2051711 0.2072239 0.2431924 0.0942908 0.2060078 0.1198432 0.1956579 0.1090203 0.1222658 0.1267844 0.1387815 0.2077757 0.2646245 0.1881909 0.1599632 0.2316896 0.2097450 0.1883257 0.0971915 0.1294211 0.2389987 0.1184061 0.2623543 0.0000000 0.1236265 0.1142837 0.2407116 0.1285895 0.2324775 0.3499037 0.1372944 0.1295394 0.1283257 0.2220821 0.1190399 0.1643813 0.1061905 0.1406262 0.0984847 0.1960555 0.1267591 0.1319195 0.1202159 0.1249570 0.2224978 0.1749466 0.2686906 0.1312997 0.1258657 0.2842659 0.1522118 0.2987118 0.1236051 0.1231737 0.1008853 0.2133016 0.1156009 0.1245429 0.1199586 0.2333273 0.3239713 0.2797793 0.3428104 0.1179641 0.1912689 0.1260339 0.2035021 
Perityle_gilensis_22_Superstition          0.2014241 0.1541348 0.2159591 0.3014040 0.3353471 0.1380707 0.2899480 0.1939427 0.3473686 0.1409257 0.3266896 0.1130656 0.0699457 0.0677191 0.0838425 0.1115294 0.1313169 0.2199772 0.2760083 0.0686489 0.1763993 0.0640349 0.1201762 0.0113857 0.0610944 0.0660422 0.1469407 0.2054538 0.3110644 0.2101303 0.1634278 0.2435722 0.2296784 0.1751288 0.0596471 0.1477762 0.2673158 0.0952343 0.3486626 0.1236265 0.0000000 0.0651112 0.2643811 0.0709657 0.2643824 0.4239125 0.1265179 0.0637713 0.0843159 0.2632842 0.0131337 0.1358313 0.0311912 0.1372401 0.0749307 0.2332169 0.1138033 0.1321978 0.0728152 0.0688803 0.2564941 0.1609002 0.2607971 0.1241121 0.1338175 0.3203408 0.1485984 0.3257733 0.0659331 0.1062233 0.0135151 0.2530230 0.0795771 0.0752028 0.1010714 0.2017410 0.3638826 0.3148239 0.3486623 0.1066698 0.1874079 0.0762148 0.2191384 
Perityle_gilensis_salensis_225             0.1508360 0.1057833 0.1550509 0.2145542 0.2845151 0.0682978 0.2404474 0.1411711 0.2884883 0.0634581 0.2725573 0.0654357 0.0548401 0.0500985 0.0688549 0.0874528 0.1255086 0.1827682 0.2045172 0.0486778 0.1833356 0.0461680 0.1137465 0.0391872 0.0466703 0.0543098 0.1154068 0.1707908 0.1944792 0.1521693 0.1365377 0.1776355 0.1871934 0.1167832 0.0562030 0.1159412 0.2076771 0.0509489 0.2827942 0.1142837 0.0651112 0.0000000 0.2028376 0.0488692 0.2026268 0.2823246 0.0583924 0.0368507 0.0699297 0.1528820 0.0537635 0.1191681 0.0550850 0.1063239 0.0553387 0.1477308 0.0920951 0.1210070 0.0545619 0.0555551 0.1574143 0.1209908 0.1687818 0.1093553 0.1034592 0.2245039 0.1029974 0.2721501 0.0994318 0.0506985 0.0372886 0.1927964 0.0564580 0.0525319 0.1000979 0.2121609 0.3178408 0.2241620 0.2904798 0.0787946 0.1619225 0.0502989 0.1785038 
Perityle_glaucescens_94                    0.1831481 0.1318789 0.1874874 0.2618968 0.2122412 0.0827833 0.2402861 0.1878826 0.3026990 0.1579632 0.2578283 0.2342698 0.2056405 0.2043287 0.1391358 0.2263307 0.2511188 0.2374492 0.1196395 0.2075449 0.2483841 0.1681640 0.1895964 0.2415312 0.1779519 0.2107639 0.2270666 0.2453732 0.2146742 0.1928676 0.1415812 0.2557436 0.2257891 0.1897644 0.2482310 0.1514596 0.0337153 0.1855099 0.1516801 0.2407116 0.2643811 0.2028376 0.0000000 0.1993685 0.0182186 0.1998326 0.2132997 0.1839196 0.2298067 0.0098994 0.2253535 0.1884539 0.2412341 0.1766658 0.2056856 0.1255880 0.1617255 0.1711378 0.2367791 0.2045021 0.1382303 0.1027939 0.1940575 0.1683243 0.2396239 0.2246639 0.1934991 0.2707239 0.2099439 0.1721252 0.2296984 0.1919253 0.2104647 0.2054511 0.2052087 0.2727241 0.2752687 0.2049211 0.4051696 0.2320323 0.1198009 0.1953891 0.2323444 
Perityle_gracilis_11                       0.1586519 0.1230970 0.1676943 0.2523984 0.2873252 0.0984358 0.2550983 0.2005707 0.2940597 0.1329630 0.3088677 0.0684717 0.0500645 0.0545539 0.0723946 0.1203238 0.1438508 0.1933946 0.2557057 0.0661340 0.1580109 0.0114913 0.0966528 0.0558612 0.0305588 0.0125777 0.0929837 0.1852586 0.2499058 0.1856182 0.1300394 0.1898399 0.1891723 0.1581556 0.0523798 0.1168684 0.1900486 0.0627859 0.2430050 0.1285895 0.0709657 0.0488692 0.1993685 0.0000000 0.2000816 0.3313555 0.0723872 0.0090998 0.0546211 0.2083375 0.0576999 0.0951567 0.0525973 0.1011327 0.0640607 0.1834273 0.1046777 0.0974349 0.0156490 0.0093638 0.2027626 0.1343673 0.2348700 0.0982745 0.0692126 0.2617983 0.1028184 0.3027642 0.0586044 0.0535449 0.0466984 0.1976476 0.0448657 0.0052874 0.0545999 0.1239269 0.3354147 0.2387593 0.2851164 0.0676436 0.1581137 0.0185779 0.1933722 
Perityle_harkerae_31                       0.1726594 0.1283173 0.1702406 0.2598657 0.2046270 0.0832835 0.2404717 0.1918882 0.3005853 0.1605742 0.2442316 0.2308922 0.2062710 0.2096434 0.1356036 0.2395693 0.2888990 0.2282647 0.1210249 0.2160857 0.2484080 0.1730888 0.1785506 0.2398735 0.1794126 0.2046328 0.2011293 0.2381871 0.2109876 0.1831957 0.1354461 0.2035824 0.2140834 0.1917501 0.2442093 0.1491322 0.0233499 0.1913772 0.1363206 0.2324775 0.2643824 0.2026268 0.0182186 0.2000816 0.0000000 0.1991109 0.2221950 0.1906746 0.2223396 0.0057934 0.2289259 0.1802786 0.2288280 0.1746358 0.2158026 0.1205540 0.1612035 0.1694718 0.2273756 0.1897906 0.1381608 0.1102696 0.2050506 0.1668157 0.2288507 0.2065400 0.2016426 0.2633352 0.1996234 0.1793463 0.2266731 0.1822398 0.2015621 0.2094674 0.1927600 0.2715801 0.2769872 0.2111815 0.3904698 0.2204117 0.1136544 0.1958379 0.2295020 
