82
Amauria_brandeegeana_62                    0.0000000 0.1797087 0.0163529 0.2147266 0.1318143 0.1085501 0.2462348 0.2883089 0.2110188 0.0133367 0.1666691 0.1453546 0.1306934 0.1319575 0.1128766 0.1430309 0.1343509 0.1987532 0.1634024 0.1118077 0.1236346 0.0962305 0.1082842 0.1468023 0.1190376 0.1443163 0.3464951 0.2188374 0.1712368 0.1411122 0.1848706 0.1617768 0.0077579 0.1255112 0.1462203 0.1453587 0.1990733 0.1415953 0.1303507 0.1404194 0.1768702 0.1129000 0.1673208 0.2302970 0.1418165 0.5221226 0.1415034 0.1468493 0.1542686 0.1307121 0.1292552 0.1273315 0.1514966 0.1321058 0.1786198 0.2164018 0.2264870 0.1099487 0.1388696 0.2079945 0.1978693 0.3437952 0.2987843 0.1511608 0.2018693 0.2683698 0.1394834 0.1483724 0.1363822 0.1265408 0.1468023 0.1953672 0.1427734 0.1187852 0.1489845 0.1113207 0.2166513 0.1769637 0.1520367 0.1090719 0.2615172 0.1506934 
Amauria_carterae_99_mesa                   0.1797087 0.0000000 0.1730810 0.2899578 0.2197652 0.1496753 0.2588533 0.2160882 0.2805424 0.1786602 0.1952789 0.2033142 0.1999978 0.2190746 0.2004051 0.2081026 0.1372506 0.1935299 0.2047003 0.2034846 0.2140911 0.2065734 0.2243640 0.2057060 0.2047959 0.2078262 0.1978527 0.2715157 0.2624742 0.3279630 0.2412114 0.2488734 0.1753264 0.2178818 0.1914394 0.2073089 0.2208587 0.2059610 0.1941008 0.2093854 0.2002373 0.2059464 0.1914224 0.2245987 0.1959782 0.3715492 0.2070774 0.2050026 0.2299779 0.2101828 0.1940979 0.1996055 0.2242750 0.2021227 0.2136036 0.0851972 0.1422493 0.2087150 0.2039814 0.2574017 0.2833694 0.2508013 0.2049137 0.2047795 0.2747974 0.1771727 0.2318159 0.2235869 0.1812376 0.2044630 0.2057060 0.1976974 0.2053687 0.2019039 0.1974620 0.1945494 0.2499058 0.2617984 0.2092775 0.1981907 0.3001742 0.2075321 
Amauria_rotundifolia_SRR9119150            0.0163529 0.1730810 0.0000000 0.2051020 0.1227784 0.1070310 0.2411995 0.2938170 0.2189544 0.0227426 0.1479491 0.1330261 0.1385238 0.1294993 0.1096162 0.1300916 0.1348891 0.2052717 0.1593617 0.1083641 0.1147434 0.0885904 0.1159868 0.1397604 0.1140525 0.1380433 0.3467337 0.2106487 0.1742699 0.1348779 0.1865469 0.1543846 0.0170482 0.1221212 0.1326285 0.1377134 0.1940994 0.1344951 0.1291349 0.1357032 0.1780377 0.1071998 0.1552118 0.2255799 0.1341385 0.5167024 0.1328585 0.1427922 0.1498662 0.1293846 0.1294814 0.1209050 0.1443434 0.1244033 0.1733288 0.2144801 0.2259664 0.1026526 0.1399563 0.1997807 0.2018017 0.3378547 0.2987205 0.1506212 0.1925634 0.2630862 0.1353650 0.1321961 0.1361085 0.1190599 0.1397604 0.1960412 0.1349732 0.1155328 0.1378454 0.1137131 0.1923620 0.1685219 0.1504780 0.1030468 0.2677987 0.1442992 
Conoclinium_coelestinum_SRR9119114         0.2147266 0.2899578 0.2051020 0.0000000 0.2256947 0.2333499 0.1896425 0.3206688 0.2455296 0.2025574 0.2288046 0.1981329 0.1849107 0.2044027 0.1824070 0.1985732 0.1653355 0.2247730 0.2385717 0.1933685 0.1980911 0.1879944 0.2043896 0.2080988 0.1952424 0.2096203 0.3786668 0.2667452 0.2511061 0.3029056 0.2402511 0.2592439 0.1942653 0.2057319 0.2151250 0.2071359 0.2199008 0.1948100 0.1884937 0.2039181 0.2174171 0.1799759 0.2118023 0.2385669 0.2087757 0.5334705 0.1955927 0.1978239 0.2327771 0.2033799 0.1847630 0.1986638 0.2199439 0.2017262 0.2600974 0.2582635 0.2921650 0.1987199 0.1961610 0.3011603 0.2967856 0.3598452 0.3722564 0.1970399 0.2726855 0.3274258 0.2312949 0.2229307 0.1540253 0.2033921 0.2078038 0.2385477 0.2006865 0.1891119 0.1937470 0.1975779 0.2745672 0.2694770 0.1969714 0.1782457 0.2936182 0.1974000 
Eutetras_palmeri_63                        0.1318143 0.2197652 0.1227784 0.2256947 0.0000000 0.0110549 0.2553515 0.3203649 0.2646504 0.1200364 0.0833014 0.1187619 0.1252419 0.1325721 0.1179112 0.1296291 0.1149034 0.2027093 0.1936246 0.1209117 0.1225080 0.1199521 0.1418101 0.1309952 0.1133321 0.1276379 0.2876420 0.2151959 0.2265581 0.1550406 0.1810075 0.1788175 0.1263416 0.1188095 0.1464442 0.1369172 0.2166023 0.1386271 0.1308753 0.1272334 0.1547200 0.1237098 0.1575263 0.2106781 0.1238746 0.4975065 0.1217017 0.1226904 0.1888210 0.1254637 0.1169766 0.1192373 0.1459203 0.1191464 0.1930406 0.2256541 0.2397841 0.1158282 0.1212473 0.2454067 0.2419889 0.3468367 0.3247460 0.1189871 0.2047956 0.2572314 0.1251895 0.1003498 0.1178793 0.1248387 0.1317921 0.1980511 0.1259574 0.1182978 0.1200298 0.1240991 0.1505590 0.1796695 0.1204042 0.1158305 0.2836811 0.1217351 
Eutetras_pringlei_149_quer                 0.1085501 0.1496753 0.1070310 0.2333499 0.0110549 0.0000000 0.1847048 0.2869794 0.3058270 0.1255189 0.0778920 0.1189352 0.1300439 0.1394701 0.1268690 0.1277561 0.1316127 0.1738641 0.1959585 0.1321045 0.1313727 0.1326400 0.0857310 0.1270580 0.1241127 0.1285945 0.2619546 0.2047795 0.1764757 0.1432647 0.2004279 0.2038616 0.1288848 0.1310512 0.1783649 0.1372257 0.2532406 0.1335903 0.1281403 0.1271736 0.1820815 0.1261491 0.1836546 0.2576435 0.1164822 0.4276650 0.1282101 0.1339919 0.2004999 0.1251490 0.1134546 0.1154474 0.1306571 0.1235798 0.2202853 0.2444113 0.2594367 0.1342994 0.1281869 0.2102802 0.2119732 0.2736333 0.2784005 0.1252960 0.2098178 0.2645306 0.1256498 0.1118847 0.0764657 0.1294742 0.1270580 0.1941305 0.1342074 0.1211743 0.1196294 0.1317202 0.1212841 0.2181547 0.1287822 0.1132115 0.2138258 0.1299943 
Eutrochium_fistulosum_SRR9119106           0.2462348 0.2588533 0.2411995 0.1896425 0.2553515 0.1847048 0.0000000 0.3164685 0.2177491 0.2305359 0.2693900 0.2393470 0.2065151 0.2480304 0.2019814 0.2331822 0.1503259 0.2421439 0.2110739 0.2335183 0.2438717 0.2335562 0.1867371 0.2426943 0.2262235 0.2425445 0.3632724 0.2789770 0.2966478 0.2620591 0.3176616 0.2543959 0.2149388 0.2386844 0.2700886 0.2474616 0.2730063 0.2110621 0.1758517 0.2400246 0.2665710 0.2097180 0.2680427 0.3021656 0.2306747 0.5859305 0.2375906 0.2398941 0.3123602 0.2359309 0.1667057 0.2307405 0.2556045 0.2404312 0.2294939 0.2259364 0.2683625 0.2418071 0.2382408 0.2936329 0.2726574 0.3592897 0.3560598 0.2332934 0.3200854 0.3085920 0.2809183 0.2538871 0.1735402 0.2350924 0.2423720 0.2547295 0.2420278 0.2310094 0.2312445 0.1683869 0.3030156 0.2898920 0.2400192 0.2068653 0.3040655 0.2405027 
Galeana_pratensis_104_mex                  0.2883089 0.2160882 0.2938170 0.3206688 0.3203649 0.2869794 0.3164685 0.0000000 0.4175813 0.2813563 0.2880308 0.2552257 0.2724466 0.2574733 0.2701742 0.2730023 0.2223471 0.3046817 0.2920887 0.2752403 0.2703359 0.2682993 0.2482672 0.2734952 0.2734335 0.2740174 0.2224751 0.3431441 0.3118693 0.3515116 0.3079883 0.3589477 0.2775982 0.2789140 0.2955716 0.2753087 0.3373417 0.2617361 0.2681969 0.2770609 0.2969021 0.2741571 0.2973589 0.3378984 0.2704360 0.3054876 0.2761803 0.2753542 0.3162143 0.2737893 0.2731198 0.2647394 0.2716099 0.2755208 0.3320697 0.1810430 0.1996529 0.2700425 0.2728534 0.3386008 0.2633000 0.2621779 0.1512480 0.2607120 0.3506707 0.1935196 0.3081272 0.2993975 0.1928793 0.2690759 0.2734952 0.3174898 0.2732256 0.2714971 0.2761012 0.2542660 0.3173457 0.3270333 0.2782640 0.2546696 0.3376428 0.2728534 
Helianthus_annuus_SRR9119062               0.2110188 0.2805424 0.2189544 0.2455296 0.2646504 0.3058270 0.2177491 0.4175813 0.0000000 0.2228621 0.2677714 0.2268384 0.2278827 0.2377879 0.2332280 0.2204558 0.2300631 0.2628298 0.2501060 0.2275823 0.2381712 0.2340581 0.3885378 0.2360373 0.2243058 0.2378581 0.3238382 0.2734820 0.3227223 1.3171902 0.3003396 0.2793433 0.2262270 0.2341581 0.2103919 0.2490183 0.2755330 0.2248356 0.2278609 0.2360153 0.2147727 0.2296192 0.2020716 0.2859536 0.2331992 0.7397496 0.2311437 0.2317018 0.2565258 0.2299464 0.2262552 0.2280175 0.2414880 0.2325498 0.2873698 0.2459394 0.2333447 0.2255654 0.2285318 0.3656819 0.3130572 0.3511259 0.3178082 0.2296560 0.2791302 0.2546796 0.2618705 0.2376836 0.2210450 0.2411293 0.2360373 0.2603831 0.2321305 0.2276455 0.2260736 0.2647985 0.2932965 0.2718586 0.2290439 0.2140860 0.3484977 0.2304885 
Lycapsus_tenuifolius_17                    0.0133367 0.1786602 0.0227426 0.2025574 0.1200364 0.1255189 0.2305359 0.2813563 0.2228621 0.0000000 0.1058597 0.1074613 0.1019479 0.1102956 0.1115735 0.1207043 0.1141903 0.2101132 0.1579183 0.1055919 0.1224138 0.0988701 0.1042187 0.1136430 0.1079353 0.1138804 0.2902462 0.1886354 0.1484513 0.0963260 0.1603696 0.1583439 0.0030256 0.1159006 0.1118502 0.1159740 0.1442836 0.1232510 0.1074794 0.1120971 0.1296377 0.1024730 0.1120197 0.1537645 0.1052133 0.5147367 0.1081780 0.1070347 0.1450785 0.1111167 0.1007578 0.1033250 0.1138962 0.1149532 0.1708204 0.2152905 0.2287295 0.0977662 0.1070071 0.2101955 0.1882899 0.3356015 0.3033412 0.1021824 0.1905668 0.2480990 0.1301432 0.1098357 0.1332043 0.1111441 0.1136430 0.2013950 0.1111061 0.1011760 0.1032648 0.1236884 0.1616838 0.1562513 0.1110700 0.0985370 0.2730939 0.1087238 
Pericome_caudata_50_silver                 0.1666691 0.1952789 0.1479491 0.2288046 0.0833014 0.0778920 0.2693900 0.2880308 0.2677714 0.1058597 0.0000000 0.1441126 0.1389248 0.1442882 0.1169363 0.1265516 0.1410436 0.1660866 0.1764404 0.1133076 0.1243106 0.1133884 0.1838142 0.1663813 0.1134631 0.1562854 0.3638161 0.1972891 0.2069795 0.1616300 0.1839750 0.1564999 0.1040598 0.1373741 0.1643085 0.1494290 0.2136660 0.1412508 0.1491830 0.1562990 0.2023194 0.1254951 0.1851723 0.2222664 0.1667342 0.5220115 0.1588651 0.1456978 0.1407097 0.1379428 0.1406448 0.1433391 0.1528206 0.1282694 0.1830259 0.2104616 0.2256663 0.1141489 0.1362586 0.2242339 0.2476768 0.3102152 0.3251403 0.1582435 0.1764675 0.2714257 0.0966296 0.1041424 0.1289908 0.1412089 0.1671987 0.1512158 0.1573837 0.1285728 0.1487492 0.1421940 0.1786741 0.2043452 0.1538159 0.1055324 0.2488255 0.1571234 
Perityle_aglossa_84_dead_horse             0.1453546 0.2033142 0.1330261 0.1981329 0.1187619 0.1189352 0.2393470 0.2552257 0.2268384 0.1074613 0.1441126 0.0000000 0.0239400 0.0276919 0.0157707 0.0571455 0.0255757 0.1533375 0.1525670 0.0206747 0.0281745 0.0219851 0.0892599 0.0500445 0.0220094 0.0321354 0.2924995 0.1753459 0.1767494 0.1579145 0.1396679 0.1478766 0.1067445 0.0328090 0.1204534 0.0329598 0.1399987 0.0582817 0.0272106 0.0307103 0.1285409 0.0233771 0.1222091 0.1771846 0.0314875 0.4937809 0.0332459 0.0265516 0.1470593 0.0253900 0.0197577 0.0256138 0.0551046 0.0300839 0.1604591 0.1487342 0.1593506 0.0210490 0.0207638 0.2034370 0.1946320 0.3461815 0.2178831 0.0252767 0.1783455 0.2001239 0.1332976 0.1383578 0.0375074 0.0358054 0.0500445 0.1608271 0.0307434 0.0205837 0.0407662 0.0174780 0.2236871 0.1708308 0.0256452 0.0060426 0.2136109 0.0312767 
Perityle_ajoensis_204                      0.1306934 0.1999978 0.1385238 0.1849107 0.1252419 0.1300439 0.2065151 0.2724466 0.2278827 0.1019479 0.1389248 0.0239400 0.0000000 0.0207137 0.0041074 0.0503790 0.0131271 0.1611000 0.1407336 0.0066005 0.0187637 0.0016106 0.0952543 0.0563876 0.0175375 0.0111818 0.2226178 0.1754784 0.1812806 0.1558635 0.1265099 0.1438246 0.1040283 0.0202055 0.0935485 0.0354720 0.1350059 0.0580768 0.0447815 0.0182515 0.1010245 0.0064428 0.0927932 0.1495984 0.0181170 0.4691661 0.0090698 0.0086501 0.1494062 0.0176349 0.0051970 0.0096819 0.0450811 0.0056769 0.1641366 0.1512206 0.1441011 0.0051996 0.0070189 0.2075150 0.1916371 0.3404660 0.1938984 0.0225385 0.1702537 0.1505975 0.1231364 0.1041364 0.0398708 0.0290045 0.0581315 0.1609729 0.0099098 0.0063009 0.0093276 0.0014268 0.1319788 0.1426527 0.0092757 0.0181395 0.2144443 0.0066728 
Perityle_ambrosiifolia_67_green            0.1319575 0.2190746 0.1294993 0.2044027 0.1325721 0.1394701 0.2480304 0.2574733 0.2377879 0.1102956 0.1442882 0.0276919 0.0207137 0.0000000 0.0154447 0.0609979 0.0193456 0.1743329 0.1531940 0.0159073 0.0244195 0.0142711 0.0980469 0.0134717 0.0234015 0.0197762 0.2730399 0.1748712 0.1729358 0.1529692 0.1472460 0.1491332 0.1088960 0.0243871 0.1018638 0.0341052 0.1383034 0.0635768 0.0087826 0.0136706 0.0999586 0.0178379 0.0944835 0.1623214 0.0260020 0.4955230 0.0191544 0.0185232 0.1534817 0.0138555 0.0137526 0.0083775 0.0475819 0.0180345 0.1688752 0.1506704 0.1508524 0.0156692 0.0165415 0.2205256 0.2034723 0.3517273 0.2033337 0.0256157 0.1733758 0.1859147 0.1351032 0.1117187 0.0473148 0.0315655 0.0134601 0.1731535 0.0185934 0.0154993 0.0200363 0.0122561 0.1764583 0.1520791 0.0171460 0.0235030 0.2269847 0.0163913 
Perityle_angustifolia_13_Eagle_creek       0.1128766 0.2004051 0.1096162 0.1824070 0.1179112 0.1268690 0.2019814 0.2701742 0.2332280 0.1115735 0.1169363 0.0157707 0.0041074 0.0154447 0.0000000 0.0576853 0.0081125 0.1597362 0.1417694 0.0066383 0.0156601 0.0042534 0.0906732 0.0133107 0.0189250 0.0106689 0.2367551 0.1823557 0.1779759 0.1527648 0.1349642 0.1583550 0.1132759 0.0207399 0.1037345 0.0307723 0.1579021 0.0624279 0.0132708 0.0167019 0.1038502 0.0082343 0.1005573 0.1783867 0.0162882 0.4646873 0.0073858 0.0090587 0.1666884 0.0168005 0.0035503 0.0075467 0.0487491 0.0041817 0.1760901 0.1466264 0.1475138 0.0083604 0.0065718 0.2092445 0.2013022 0.3329312 0.1998317 0.0149257 0.1869472 0.1619920 0.1187986 0.1011682 0.0371851 0.0276588 0.0132965 0.1711437 0.0090533 0.0049796 0.0074370 0.0057798 0.1328673 0.1628283 0.0065882 0.0106576 0.2193256 0.0057231 
Perityle_batopilensis_97                   0.1430309 0.2081026 0.1300916 0.1985732 0.1296291 0.1277561 0.2331822 0.2730023 0.2204558 0.1207043 0.1265516 0.0571455 0.0503790 0.0609979 0.0576853 0.0000000 0.0536348 0.1653891 0.1396913 0.0508925 0.0626444 0.0592809 0.0938385 0.0633203 0.0528308 0.0632860 0.2739308 0.1634585 0.1911655 0.1384026 0.1525409 0.1497058 0.1200452 0.0582858 0.1107774 0.0597659 0.1456082 0.0082166 0.0536285 0.0625945 0.0999784 0.0485551 0.0990152 0.1624682 0.0601033 0.5142175 0.0579522 0.0555469 0.1441348 0.0584413 0.0460218 0.0532393 0.0738652 0.0591127 0.1629968 0.1391799 0.1685796 0.0568247 0.0501597 0.2106307 0.1907734 0.3322952 0.2256777 0.0582514 0.1643364 0.2012159 0.1371470 0.1214648 0.0611410 0.0610469 0.0633203 0.1689185 0.0598609 0.0477032 0.0578878 0.0497296 0.1886564 0.1444031 0.0568667 0.0481941 0.2217154 0.0557102 
Perityle_bisetosa_9                        0.1343509 0.1372506 0.1348891 0.1653355 0.1149034 0.1316127 0.1503259 0.2223471 0.2300631 0.1141903 0.1410436 0.0255757 0.0131271 0.0193456 0.0081125 0.0536348 0.0000000 0.1635899 0.1406037 0.0091771 0.0049108 0.0072608 0.0175242 0.0205095 0.0112812 0.0131835 0.1898299 0.1479685 0.1816371 0.1097237 0.1006605 0.1288849 0.1164672 0.0208531 0.0672437 0.0263447 0.1299377 0.0620730 0.0205221 0.0153348 0.0730376 0.0107657 0.0659880 0.1392711 0.0108931 0.4331160 0.0114098 0.0113056 0.1446914 0.0146519 0.0071338 0.0102412 0.0539182 0.0072873 0.1527561 0.1227251 0.1060503 0.0103297 0.0087682 0.2161291 0.1919780 0.3188892 0.1387859 0.0245903 0.1463585 0.0863470 0.1187542 0.1035134 0.0236426 0.0200182 0.0204859 0.1612903 0.0114588 0.0088603 0.0098314 0.0116957 0.1462352 0.1170809 0.0078759 0.0227691 0.2017428 0.0078800 
Perityle_californica_76_positas            0.1987532 0.1935299 0.2052717 0.2247730 0.2027093 0.1738641 0.2421439 0.3046817 0.2628298 0.2101132 0.1660866 0.1533375 0.1611000 0.1743329 0.1597362 0.1653891 0.1635899 0.0000000 0.1721070 0.1587800 0.1718396 0.1372432 0.1240385 0.1733534 0.1539409 0.1729258 0.2720849 0.2191429 0.2268761 0.0000010 0.0311474 0.1533322 0.2132355 0.1659136 0.1094997 0.1763623 0.2158224 0.1754727 0.1741027 0.1748760 0.1202476 0.1636412 0.1070899 0.2122627 0.1690284 0.7161991 0.1597955 0.1643311 0.2415005 0.1672980 0.1601043 0.1532745 0.1625723 0.1655282 0.2454278 0.1376893 0.1458713 0.1582203 0.1630584 0.3166210 0.2517580 0.3346513 0.1403600 0.1558460 0.2200292 0.1534099 0.1832115 0.1619498 0.2208310 0.1715242 0.1751104 0.0244169 0.1670897 0.1522558 0.1678428 0.1468775 0.2032403 0.1973345 0.1632786 0.1480365 0.3376793 0.1628394 
Perityle_canescens_77                      0.1634024 0.2047003 0.1593617 0.2385717 0.1936246 0.1959585 0.2110739 0.2920887 0.2501060 0.1579183 0.1764404 0.1525670 0.1407336 0.1531940 0.1417694 0.1396913 0.1406037 0.1721070 0.0000000 0.1406437 0.1537071 0.1396641 0.1622846 0.1538673 0.1455675 0.1478971 0.2670933 0.1016892 0.1984778 0.2177516 0.1750262 0.1877869 0.1645349 0.1535561 0.0899022 0.1520644 0.1597108 0.1458385 0.1749098 0.1536111 0.0832920 0.1388309 0.0866796 0.1286049 0.1476980 0.4553329 0.1443397 0.1455141 0.1255316 0.1546023 0.1377569 0.1419131 0.1614069 0.1424865 0.1198982 0.1784336 0.2107670 0.1401497 0.1410708 0.1317179 0.1437851 0.2914731 0.2095382 0.1513792 0.1058019 0.2206415 0.2046209 0.1799710 0.1689580 0.1473056 0.1538673 0.2114601 0.1427751 0.1382222 0.1412786 0.1226937 0.2018662 0.0825914 0.1430883 0.1443459 0.1180033 0.1408336 
Perityle_castillonii_96                    0.1118077 0.2034846 0.1083641 0.1933685 0.1209117 0.1321045 0.2335183 0.2752403 0.2275823 0.1055919 0.1133076 0.0206747 0.0066005 0.0159073 0.0066383 0.0508925 0.0091771 0.1587800 0.1406437 0.0000000 0.0179369 0.0054374 0.1006164 0.0133883 0.0179808 0.0096676 0.2432225 0.1614829 0.1798718 0.1513446 0.1251588 0.1417628 0.1038478 0.0206153 0.0902862 0.0286882 0.1415911 0.0549922 0.0137586 0.0119619 0.0909288 0.0079773 0.0848802 0.1464179 0.0144936 0.4852550 0.0090156 0.0075921 0.1439373 0.0112573 0.0024140 0.0071003 0.0432404 0.0045787 0.1642742 0.1496978 0.1447077 0.0070747 0.0055196 0.2131814 0.1945950 0.3431733 0.1979289 0.0191680 0.1612484 0.1698489 0.1260292 0.1040661 0.0368951 0.0264232 0.0133762 0.1595317 0.0090254 0.0056093 0.0076824 0.0042823 0.1545755 0.1397321 0.0062381 0.0192959 0.2205828 0.0055221 
Perityle_cernua_84                         0.1236346 0.2140911 0.1147434 0.1980911 0.1225080 0.1313727 0.2438717 0.2703359 0.2381712 0.1224138 0.1243106 0.0281745 0.0187637 0.0244195 0.0156601 0.0626444 0.0049108 0.1718396 0.1537071 0.0179369 0.0000000 0.0153443 0.0783865 0.0201968 0.0174198 0.0235435 0.2652014 0.1886285 0.1849394 0.1642539 0.1512965 0.1697895 0.1206161 0.0266415 0.1084272 0.0318576 0.1599392 0.0667516 0.0227249 0.0224911 0.1065377 0.0183260 0.1033104 0.1648553 0.0083162 0.4960697 0.0198581 0.0183378 0.1645361 0.0224657 0.0148126 0.0150811 0.0551501 0.0160387 0.1832644 0.1521834 0.1549028 0.0171388 0.0169407 0.2286934 0.2080621 0.3584218 0.2135324 0.0268041 0.1851558 0.1999461 0.1404283 0.1178028 0.0301974 0.0252964 0.0201774 0.1796223 0.0192941 0.0164646 0.0194640 0.0204067 0.1631500 0.1613117 0.0169552 0.0239240 0.2310376 0.0154193 
Perityle_cfvillosa_25_tin                  0.0962305 0.2065734 0.0885904 0.1879944 0.1199521 0.1326400 0.2335562 0.2682993 0.2340581 0.0988701 0.1133884 0.0219851 0.0016106 0.0142711 0.0042534 0.0592809 0.0072608 0.1372432 0.1396641 0.0054374 0.0153443 0.0000000 0.0952543 0.0124999 0.0167892 0.0114200 0.2626517 0.1690912 0.1619826 0.1564398 0.1357572 0.1484132 0.0964014 0.0178189 0.0975220 0.0293899 0.1464091 0.0592101 0.0127274 0.0149028 0.0976274 0.0039128 0.0936164 0.1472510 0.0136302 0.4823705 0.0060633 0.0053205 0.1430958 0.0149278 0.0009058 0.0070940 0.0430887 0.0056102 0.1662414 0.1549583 0.1441944 0.0045400 0.0022835 0.1980720 0.1916371 0.3439387 0.1909561 0.0188388 0.1721199 0.1798618 0.1246891 0.1023671 0.0384122 0.0258427 0.0124999 0.1462231 0.0061372 0.0030973 0.0062232 0.0000010 0.1508407 0.1467601 0.0045898 0.0153592 0.2061039 0.0015109 
Perityle_cinerea_113_Powell1310            0.1082842 0.2243640 0.1159868 0.2043896 0.1418101 0.0857310 0.1867371 0.2482672 0.3885378 0.1042187 0.1838142 0.0892599 0.0952543 0.0980469 0.0906732 0.0938385 0.0175242 0.1240385 0.1622846 0.1006164 0.0783865 0.0952543 0.0000000 0.0977763 0.0663822 0.1065452 0.4852949 0.2762379 0.1522005 0.1668226 0.1982029 0.1998337 0.1042187 0.0989533 0.2549178 0.0544048 0.2046830 0.1163242 0.0668888 0.1018025 0.1898907 0.0961653 0.2464921 0.2147242 0.0652636 0.3634554 0.0973718 0.0991204 0.2923946 0.0942221 0.0616584 0.0937451 0.1079131 0.0971245 0.2206828 0.2789070 0.2692553 0.0911847 0.0960496 0.2760820 0.2079960 0.4024823 0.2250276 0.0813443 0.2780466 0.2486137 0.1789525 0.1590123 0.0076412 0.0432353 0.0977763 0.2524897 0.0955735 0.0955735 0.0926513 0.0600585 0.1719508 0.1962029 0.0960285 0.0856028 0.1705121 0.0955735 
Perityle_coahuilensis_24                   0.1468023 0.2057060 0.1397604 0.2080988 0.1309952 0.1270580 0.2426943 0.2734952 0.2360373 0.1136430 0.1663813 0.0500445 0.0563876 0.0134717 0.0133107 0.0633203 0.0205095 0.1733534 0.1538673 0.0133883 0.0201968 0.0124999 0.0977763 0.0000000 0.0214137 0.0230479 0.3201512 0.1943185 0.1835942 0.1529692 0.1566236 0.1500785 0.1111632 0.0360350 0.1248277 0.0388722 0.1764663 0.0643058 0.0051261 0.0189691 0.1675431 0.0151748 0.1344329 0.2211298 0.0410475 0.4905342 0.0464232 0.0356823 0.1557469 0.0133603 0.0269915 0.0239130 0.0828049 0.0233987 0.1734406 0.1472878 0.1518922 0.0153460 0.0477064 0.2224801 0.2034723 0.3465556 0.2033445 0.1030294 0.1802797 0.1906099 0.1382217 0.1618940 0.0432763 0.0578912 0.0005186 0.1711977 0.0299226 0.0143794 0.0293073 0.0086734 0.2669632 0.1742899 0.0426601 0.0208310 0.2287153 0.0540023 
Perityle_cochisensis_44_cave_creek         0.1190376 0.2047959 0.1140525 0.1952424 0.1133321 0.1241127 0.2262235 0.2734335 0.2243058 0.1079353 0.1134631 0.0220094 0.0175375 0.0234015 0.0189250 0.0528308 0.0112812 0.1539409 0.1455675 0.0179808 0.0174198 0.0167892 0.0663822 0.0214137 0.0000000 0.0198204 0.2495356 0.1602166 0.1696024 0.1464144 0.1309543 0.1435756 0.1071605 0.0229878 0.0967876 0.0259894 0.1410415 0.0569231 0.0242842 0.0207059 0.0930632 0.0172771 0.0903156 0.1514434 0.0122891 0.4871295 0.0177272 0.0176530 0.1453085 0.0192809 0.0158936 0.0172979 0.0467403 0.0180985 0.1635907 0.1433599 0.1537771 0.0151040 0.0156626 0.2178657 0.1960220 0.3443169 0.2062084 0.0205641 0.1576516 0.1794727 0.1326199 0.1108224 0.0309980 0.0211992 0.0214137 0.1539581 0.0177605 0.0159750 0.0193242 0.0165643 0.1715930 0.1404630 0.0169650 0.0209675 0.2202508 0.0155336 
Perityle_congesta_202                      0.1443163 0.2078262 0.1380433 0.2096203 0.1276379 0.1285945 0.2425445 0.2740174 0.2378581 0.1138804 0.1562854 0.0321354 0.0111818 0.0197762 0.0106689 0.0632860 0.0131835 0.1729258 0.1478971 0.0096676 0.0235435 0.0114200 0.1065452 0.0230479 0.0198204 0.0000000 0.2876142 0.1753641 0.1881901 0.1558635 0.1429930 0.1461040 0.1124842 0.0230440 0.1173954 0.0397028 0.1521927 0.0631509 0.0179370 0.0192326 0.1079918 0.0119858 0.1092557 0.1815890 0.0206517 0.4877719 0.0134926 0.0112355 0.1528617 0.0180509 0.0053889 0.0136815 0.0484978 0.0221707 0.1672385 0.1565972 0.1528359 0.0129201 0.0110627 0.2123555 0.1976859 0.3527879 0.2029257 0.0276416 0.1793458 0.1904973 0.1340951 0.1346717 0.0429758 0.0299437 0.0236797 0.1655348 0.0124563 0.0073527 0.0292320 0.0043058 0.2083936 0.1615169 0.0129681 0.0223027 0.2177344 0.0110028 
Perityle_cordifolia_68_tecolote            0.3464951 0.1978527 0.3467337 0.3786668 0.2876420 0.2619546 0.3632724 0.2224751 0.3238382 0.2902462 0.3638161 0.2924995 0.2226178 0.2730399 0.2367551 0.2739308 0.1898299 0.2720849 0.2670933 0.2432225 0.2652014 0.2626517 0.4852949 0.3201512 0.2495356 0.2876142 0.0000000 0.3292235 0.4206344 0.4440391 0.3303148 0.2843839 0.2839662 0.2790474 0.2699739 0.2832000 0.2751239 0.2354996 0.2293903 0.2927330 0.2826732 0.2352989 0.2835657 0.2975085 0.2945562 0.3755856 0.2903290 0.2674127 0.2869571 0.2725208 0.1941755 0.2820547 0.2846460 0.2886078 0.2480027 0.0133975 0.1565369 0.2637740 0.2310490 0.3691562 0.3958694 0.3516516 0.3076385 0.2610612 0.3351885 0.2238234 0.3034709 0.3100200 0.2559650 0.2875050 0.3544710 0.2436329 0.2859739 0.2539701 0.2765709 0.2444887 0.4515940 0.3311976 0.2663231 0.2335817 0.3984502 0.2800484 
Perityle_coronopifolia_28_patagonia        0.2188374 0.2715157 0.2106487 0.2667452 0.2151959 0.2047795 0.2789770 0.3431441 0.2734820 0.1886354 0.1972891 0.1753459 0.1754784 0.1748712 0.1823557 0.1634585 0.1479685 0.2191429 0.1016892 0.1614829 0.1886285 0.1690912 0.2762379 0.1943185 0.1602166 0.1753641 0.3292235 0.0000000 0.2632497 0.2797655 0.1771497 0.2003506 0.1942687 0.1736461 0.1036685 0.1751994 0.1343306 0.1682644 0.1819799 0.1774339 0.1072373 0.1638537 0.1145337 0.1462903 0.1710113 0.5784875 0.1671870 0.1681238 0.1172759 0.1764468 0.1611688 0.1650563 0.1699254 0.1835365 0.0860116 0.2085990 0.2577280 0.1626708 0.1710899 0.0678681 0.1834228 0.3146760 0.3569574 0.1786818 0.0064487 0.2868902 0.1876683 0.1665298 0.2058527 0.1707348 0.2016908 0.1878591 0.1691154 0.1615701 0.1695364 0.1624807 0.2182179 0.1196494 0.1704766 0.1702315 0.0894125 0.1672103 
Perityle_crassifolia_70_ventanas           0.1712368 0.2624742 0.1742699 0.2511061 0.2265581 0.1764757 0.2966478 0.3118693 0.3227223 0.1484513 0.2069795 0.1767494 0.1812806 0.1729358 0.1779759 0.1911655 0.1816371 0.2268761 0.1984778 0.1798718 0.1849394 0.1619826 0.1522005 0.1835942 0.1696024 0.1881901 0.4206344 0.2632497 0.0000000 0.0000010 0.1827632 0.2161545 0.1563532 0.1885168 0.1706683 0.1794453 0.2131607 0.1989081 0.1982420 0.1849589 0.1783729 0.1833516 0.1694818 0.2157711 0.1787511 0.5047048 0.1807936 0.1833887 0.2404590 0.1813602 0.1841066 0.1759447 0.1872530 0.1827501 0.2438462 0.3134301 0.3467050 0.1665751 0.1826437 0.2454710 0.2319765 0.4174042 0.3575643 0.1722208 0.2607368 0.3245974 0.1986883 0.1787626 0.2089720 0.1734212 0.1847890 0.2450372 0.1833773 0.1759577 0.1902021 0.1818580 0.2000927 0.2302333 0.1852018 0.1693165 0.2662742 0.1837622 
Perityle_crassifolia_74_playa_balandra     0.1411122 0.3279630 0.1348779 0.3029056 0.1550406 0.1432647 0.2620591 0.3515116 1.3171902 0.0963260 0.1616300 0.1579145 0.1558635 0.1529692 0.1527648 0.1384026 0.1097237 0.0000010 0.2177516 0.1513446 0.1642539 0.1564398 0.1668226 0.1529692 0.1464144 0.1558635 0.4440391 0.2797655 0.0000010 0.0000000 0.1883915 0.2092836 0.0966918 0.1717227 0.2175364 0.1502054 0.2029299 0.1559947 0.1577481 0.1574757 0.2097496 0.1564586 0.2117703 0.1977898 0.1512718 0.3859524 0.1570583 0.1557419 0.2117703 0.1538207 0.1558635 0.1529692 0.1470212 0.1560706 0.2401022 0.4268697 0.4358244 0.1558635 0.1558635 0.2301406 0.2473434 0.4231433 0.4355661 0.1402096 0.2770313 0.4367274 0.1642455 0.1387750 0.1623451 0.1547118 0.1529692 0.2466617 0.1567238 0.1483205 0.1606147 0.1660785 0.1533715 0.2135703 0.1657154 0.1534366 0.2579214 0.1558635 
Perityle_cuneata_34_cuneata_San_antonio    0.1848706 0.2412114 0.1865469 0.2402511 0.1810075 0.2004279 0.3176616 0.3079883 0.3003396 0.1603696 0.1839750 0.1396679 0.1265099 0.1472460 0.1349642 0.1525409 0.1006605 0.0311474 0.1750262 0.1251588 0.1512965 0.1357572 0.1982029 0.1566236 0.1309543 0.1429930 0.3303148 0.1771497 0.1827632 0.1883915 0.0000000 0.1387393 0.1542191 0.1444667 0.1276233 0.1412333 0.1848748 0.1449806 0.1457806 0.1460468 0.1306136 0.1227459 0.1306631 0.1861183 0.1396634 0.5906292 0.1328858 0.1323281 0.1685168 0.1456702 0.1182414 0.1365717 0.1478395 0.1539775 0.2011630 0.2037805 0.2263550 0.1316966 0.1338973 0.2541874 0.2575024 0.3455670 0.2960844 0.1367118 0.1901647 0.2654564 0.1950052 0.1652511 0.1640959 0.1456281 0.1566236 0.0436208 0.1366610 0.1245305 0.1364855 0.1220621 0.2402319 0.1865436 0.1371721 0.1288336 0.2803855 0.1330544 
Perityle_cuneata_4                         0.1617768 0.2488734 0.1543846 0.2592439 0.1788175 0.2038616 0.2543959 0.3589477 0.2793433 0.1583439 0.1564999 0.1478766 0.1438246 0.1491332 0.1583550 0.1497058 0.1288849 0.1533322 0.1877869 0.1417628 0.1697895 0.1484132 0.1998337 0.1500785 0.1435756 0.1461040 0.2843839 0.2003506 0.2161545 0.2092836 0.1387393 0.0000000 0.1593028 0.1482422 0.1304126 0.1469013 0.1935992 0.1569973 0.1460238 0.1499637 0.1339384 0.1432703 0.1295387 0.1960484 0.1482633 0.5721820 0.1418034 0.1437539 0.1891945 0.1468355 0.1427984 0.1412170 0.1469395 0.1640269 0.2062600 0.2373777 0.2577372 0.1415256 0.1450921 0.2901000 0.2787245 0.3524462 0.3310086 0.1445927 0.2055519 0.2280127 0.1917031 0.1631691 0.2085792 0.1527582 0.1500785 0.1439846 0.1464282 0.1336403 0.1484799 0.1639336 0.2212220 0.1937433 0.1466468 0.1464549 0.2928641 0.1455461 
Perityle_discoidea_81                      0.0077579 0.1753264 0.0170482 0.1942653 0.1263416 0.1288848 0.2149388 0.2775982 0.2262270 0.0030256 0.1040598 0.1067445 0.1040283 0.1088960 0.1132759 0.1200452 0.1164672 0.2132355 0.1645349 0.1038478 0.1206161 0.0964014 0.1042187 0.1111632 0.1071605 0.1124842 0.2839662 0.1942687 0.1563532 0.0966918 0.1542191 0.1593028 0.0000000 0.1140842 0.1098740 0.1146501 0.1490888 0.1268843 0.1094883 0.1105154 0.1198844 0.1044539 0.1089481 0.1610174 0.1034147 0.4933061 0.1064563 0.1052713 0.1511636 0.1094831 0.1026440 0.1013669 0.1105124 0.1129083 0.1771982 0.2174479 0.2250849 0.0956815 0.1063178 0.2150472 0.1918907 0.3403553 0.3025445 0.1012325 0.1947964 0.2333722 0.1243907 0.1088945 0.1362155 0.1090378 0.1111632 0.2013235 0.1086263 0.0973514 0.1023856 0.1268629 0.1498903 0.1583452 0.1094612 0.0996113 0.2653471 0.1070293 
Perityle_dissecta_201                      0.1255112 0.2178818 0.1221212 0.2057319 0.1188095 0.1310512 0.2386844 0.2789140 0.2341581 0.1159006 0.1373741 0.0328090 0.0202055 0.0243871 0.0207399 0.0582858 0.0208531 0.1659136 0.1535561 0.0206153 0.0266415 0.0178189 0.0989533 0.0360350 0.0229878 0.0230440 0.2790474 0.1736461 0.1885168 0.1717227 0.1444667 0.1482422 0.1140842 0.0000000 0.1202392 0.0297265 0.1578576 0.0603286 0.0240921 0.0342660 0.1171899 0.0207117 0.1173787 0.1839916 0.0300735 0.5109614 0.0302286 0.0218087 0.1512217 0.0256520 0.0191294 0.0254993 0.0506563 0.0285140 0.1660507 0.1584773 0.1583818 0.0202235 0.0195749 0.2241066 0.2030292 0.3603160 0.2082178 0.0384063 0.1779887 0.1858179 0.1389261 0.1409864 0.0411218 0.0367747 0.0346709 0.1672786 0.0291967 0.0185698 0.0284820 0.0233228 0.2099752 0.1639829 0.0197109 0.0204102 0.2265607 0.0287583 
Perityle_feddemae_99                       0.1462203 0.1914394 0.1326285 0.2151250 0.1464442 0.1783649 0.2700886 0.2955716 0.2103919 0.1118502 0.1643085 0.1204534 0.0935485 0.1018638 0.1037345 0.1107774 0.0672437 0.1094997 0.0899022 0.0902862 0.1084272 0.0975220 0.2549178 0.1248277 0.0967876 0.1173954 0.2699739 0.1036685 0.1706683 0.2175364 0.1276233 0.1304126 0.1098740 0.1202392 0.0000000 0.1042148 0.1019542 0.0986018 0.0922877 0.1220064 0.0271839 0.0876128 0.0108568 0.1229212 0.1196547 0.5363181 0.1189329 0.1109910 0.0202546 0.1004736 0.0853510 0.1139697 0.1230115 0.1254475 0.0930666 0.1721083 0.1950556 0.0909065 0.0920277 0.1046600 0.1716899 0.2413446 0.2964633 0.1236916 0.1166971 0.2348526 0.1583316 0.1747552 0.1092471 0.1198565 0.1248277 0.0917842 0.1230161 0.0912273 0.1147396 0.1196846 0.2635969 0.1461273 0.1080088 0.0976209 0.1364144 0.1144932 
Perityle_fosteri_93                        0.1453587 0.2073089 0.1377134 0.2071359 0.1369172 0.1372257 0.2474616 0.2753087 0.2490183 0.1159740 0.1494290 0.0329598 0.0354720 0.0341052 0.0307723 0.0597659 0.0263447 0.1763623 0.1520644 0.0286882 0.0318576 0.0293899 0.0544048 0.0388722 0.0259894 0.0397028 0.2832000 0.1751994 0.1794453 0.1502054 0.1412333 0.1469013 0.1146501 0.0297265 0.1042148 0.0000000 0.1553309 0.0612288 0.0355735 0.0343711 0.1110706 0.0309363 0.0976170 0.1656537 0.0286436 0.4937700 0.0379973 0.0331676 0.1530017 0.0299885 0.0293331 0.0281316 0.0561286 0.0387349 0.1726064 0.1711610 0.1620311 0.0284903 0.0295442 0.2297105 0.2042035 0.3504708 0.2182883 0.0358647 0.1754317 0.1816089 0.1435642 0.1283068 0.0073077 0.0133587 0.0388380 0.1732591 0.0319002 0.0289262 0.0391808 0.0374660 0.1995340 0.1611247 0.0325238 0.0289092 0.2340376 0.0358746 
Perityle_gamon_221                         0.1990733 0.2208587 0.1940994 0.2199008 0.2166023 0.2532406 0.2730063 0.3373417 0.2755330 0.1442836 0.2136660 0.1399987 0.1350059 0.1383034 0.1579021 0.1456082 0.1299377 0.2158224 0.1597108 0.1415911 0.1599392 0.1464091 0.2046830 0.1764663 0.1410415 0.1521927 0.2751239 0.1343306 0.2131607 0.2029299 0.1848748 0.1935992 0.1490888 0.1578576 0.1019542 0.1553309 0.0000000 0.1370383 0.1791316 0.1527463 0.0942381 0.1291320 0.0930298 0.0731031 0.1463777 0.5648221 0.1430860 0.1393620 0.1121025 0.1503112 0.1309704 0.1476309 0.1416478 0.1677414 0.1446706 0.2316397 0.2398006 0.1407872 0.1303675 0.1687300 0.1947646 0.3044064 0.3456136 0.1365989 0.1385745 0.2574534 0.2236366 0.1961154 0.1677643 0.1666762 0.1764663 0.1641932 0.1488862 0.1321968 0.1497450 0.1688179 0.2611117 0.1774655 0.1454777 0.1303143 0.1944026 0.1377931 
Perityle_gentryi_8_san_francisco           0.1415953 0.2059610 0.1344951 0.1948100 0.1386271 0.1335903 0.2110621 0.2617361 0.2248356 0.1232510 0.1412508 0.0582817 0.0580768 0.0635768 0.0624279 0.0082166 0.0620730 0.1754727 0.1458385 0.0549922 0.0667516 0.0592101 0.1163242 0.0643058 0.0569231 0.0631509 0.2354996 0.1682644 0.1989081 0.1559947 0.1449806 0.1569973 0.1268843 0.0603286 0.0986018 0.0612288 0.1370383 0.0000000 0.0646362 0.0607374 0.0903326 0.0546997 0.0900094 0.1491707 0.0547880 0.4683880 0.0566794 0.0569422 0.1452128 0.0588188 0.0537960 0.0506509 0.0639597 0.0614529 0.1718527 0.1246424 0.1536975 0.0552804 0.0544086 0.2118462 0.2036061 0.3177966 0.2088318 0.0594381 0.1653816 0.1623900 0.1377968 0.1151635 0.0730510 0.0606526 0.0643058 0.1780415 0.0594657 0.0503981 0.0585337 0.0622801 0.1529982 0.1450011 0.0570441 0.0531131 0.2293834 0.0542463 
Perityle_gilensis_22_Superstition          0.1303507 0.1941008 0.1291349 0.1884937 0.1308753 0.1281403 0.1758517 0.2681969 0.2278609 0.1074794 0.1491830 0.0272106 0.0447815 0.0087826 0.0132708 0.0536285 0.0205221 0.1741027 0.1749098 0.0137586 0.0227249 0.0127274 0.0668888 0.0051261 0.0242842 0.0179370 0.2293903 0.1819799 0.1982420 0.1577481 0.1457806 0.1460238 0.1094883 0.0240921 0.0922877 0.0355735 0.1791316 0.0646362 0.0000000 0.0070471 0.1186831 0.0159888 0.0923664 0.1896179 0.0251389 0.4418291 0.0163569 0.0366031 0.1628629 0.0079515 0.0271129 0.0072982 0.0674559 0.0117593 0.1715978 0.1478167 0.1438126 0.0133097 0.0393949 0.2232420 0.2266631 0.3419542 0.1778524 0.0519557 0.1675946 0.1308448 0.1258018 0.1060922 0.0432902 0.0326204 0.0051213 0.1708498 0.0164641 0.0141219 0.0166175 0.0115563 0.1437099 0.1556362 0.0418451 0.0214182 0.2274077 0.0335723 
Perityle_gilensis_salensis_225             0.1404194 0.2093854 0.1357032 0.2039181 0.1272334 0.1271736 0.2400246 0.2770609 0.2360153 0.1120971 0.1562990 0.0307103 0.0182515 0.0136706 0.0167019 0.0625945 0.0153348 0.1748760 0.1536111 0.0119619 0.0224911 0.0149028 0.1018025 0.0189691 0.0207059 0.0192326 0.2927330 0.1774339 0.1849589 0.1574757 0.1460468 0.1499637 0.1105154 0.0342660 0.1220064 0.0343711 0.1527463 0.0607374 0.0070471 0.0000000 0.1156484 0.0173904 0.1160902 0.1755418 0.0288699 0.4861688 0.0196432 0.0181952 0.1535274 0.0099888 0.0111325 0.0141044 0.0503122 0.0265181 0.1746452 0.1520236 0.1518229 0.0167817 0.0156819 0.2221876 0.2062887 0.3556621 0.2067434 0.0360965 0.1813865 0.1916692 0.1359043 0.1413863 0.0415900 0.0319028 0.0189537 0.1695198 0.0210508 0.0152987 0.0346328 0.0115756 0.2170831 0.1685349 0.0166936 0.0224048 0.2328997 0.0183749 
Perityle_glaucescens_94                    0.1768702 0.2002373 0.1780377 0.2174171 0.1547200 0.1820815 0.2665710 0.2969021 0.2147727 0.1296377 0.2023194 0.1285409 0.1010245 0.0999586 0.1038502 0.0999784 0.0730376 0.1202476 0.0832920 0.0909288 0.1065377 0.0976274 0.1898907 0.1675431 0.0930632 0.1079918 0.2826732 0.1072373 0.1783729 0.2097496 0.1306136 0.1339384 0.1198844 0.1171899 0.0271839 0.1110706 0.0942381 0.0903326 0.1186831 0.1156484 0.0000000 0.0876332 0.0373061 0.1187045 0.1239079 0.5218537 0.1281767 0.1087837 0.0115493 0.0979472 0.0884324 0.1121692 0.1263247 0.1216426 0.0902619 0.1719895 0.2007579 0.0891562 0.0950466 0.0947714 0.1689106 0.2479045 0.3004091 0.1517552 0.1082753 0.2268097 0.1635113 0.1962179 0.1069603 0.1374857 0.1675431 0.0987528 0.1200433 0.0912033 0.1082615 0.1249478 0.3107656 0.1504275 0.1066406 0.0929830 0.1256581 0.1253907 
Perityle_gracilis_11                       0.1129000 0.2059464 0.1071998 0.1799759 0.1237098 0.1261491 0.2097180 0.2741571 0.2296192 0.1024730 0.1254951 0.0233771 0.0064428 0.0178379 0.0082343 0.0485551 0.0107657 0.1636412 0.1388309 0.0079773 0.0183260 0.0039128 0.0961653 0.0151748 0.0172771 0.0119858 0.2352989 0.1638537 0.1833516 0.1564586 0.1227459 0.1432703 0.1044539 0.0207117 0.0876128 0.0309363 0.1291320 0.0546997 0.0159888 0.0173904 0.0876332 0.0000000 0.0832242 0.1439116 0.0156174 0.4696034 0.0084320 0.0070001 0.1418150 0.0181249 0.0047738 0.0102643 0.0437414 0.0087860 0.1601215 0.1482806 0.1460202 0.0058165 0.0049262 0.2037285 0.1889317 0.3438372 0.1980248 0.0204815 0.1620510 0.1562930 0.1209280 0.1025701 0.0400650 0.0270478 0.0158910 0.1619084 0.0085006 0.0042795 0.0093572 0.0014331 0.1373288 0.1378855 0.0084808 0.0201842 0.2111816 0.0049129 
Perityle_harkerae_31                       0.1673208 0.1914224 0.1552118 0.2118023 0.1575263 0.1836546 0.2680427 0.2973589 0.2020716 0.1120197 0.1851723 0.1222091 0.0927932 0.0944835 0.1005573 0.0990152 0.0659880 0.1070899 0.0866796 0.0848802 0.1033104 0.0936164 0.2464921 0.1344329 0.0903156 0.1092557 0.2835657 0.1145337 0.1694818 0.2117703 0.1306631 0.1295387 0.1089481 0.1173787 0.0108568 0.0976170 0.0930298 0.0900094 0.0923664 0.1160902 0.0373061 0.0832242 0.0000000 0.1166747 0.1194471 0.5322653 0.1166101 0.1062690 0.0110070 0.0925315 0.0831818 0.1129963 0.1193910 0.1215038 0.0907498 0.1684778 0.1906764 0.0861607 0.0872882 0.0966431 0.1713540 0.2433283 0.2895717 0.1325347 0.1158320 0.2290708 0.1575610 0.1824149 0.1057856 0.1234647 0.1344329 0.0958060 0.1198906 0.0861745 0.1066173 0.1146341 0.2640738 0.1479579 0.1024583 0.0912002 0.1314649 0.1139687 
Perityle_hofmeisteria_4_nombre_de_dios     0.2302970 0.2245987 0.2255799 0.2385669 0.2106781 0.2576435 0.3021656 0.3378984 0.2859536 0.1537645 0.2222664 0.1771846 0.1495984 0.1623214 0.1783867 0.1624682 0.1392711 0.2122627 0.1286049 0.1464179 0.1648553 0.1472510 0.2147242 0.2211298 0.1514434 0.1815890 0.2975085 0.1462903 0.2157711 0.1977898 0.1861183 0.1960484 0.1610174 0.1839916 0.1229212 0.1656537 0.0731031 0.1491707 0.1896179 0.1755418 0.1187045 0.1439116 0.1166747 0.0000000 0.1786885 0.5760104 0.1748997 0.1681530 0.1127367 0.1668211 0.1388851 0.1738922 0.1660610 0.1997400 0.1343157 0.2339271 0.2315902 0.1581965 0.1384521 0.1498588 0.2203420 0.3054185 0.3354418 0.1654691 0.1426484 0.2794913 0.2037045 0.2011488 0.1795380 0.1812222 0.2482533 0.1709893 0.1806886 0.1448409 0.1758922 0.1845915 0.3000407 0.1676306 0.1717050 0.1431387 0.1794174 0.1666985 
Perityle_huecosensis_48                    0.1418165 0.1959782 0.1341385 0.2087757 0.1238746 0.1164822 0.2306747 0.2704360 0.2331992 0.1052133 0.1667342 0.0314875 0.0181170 0.0260020 0.0162882 0.0601033 0.0108931 0.1690284 0.1476980 0.0144936 0.0083162 0.0136302 0.0652636 0.0410475 0.0122891 0.0206517 0.2945562 0.1710113 0.1787511 0.1512718 0.1396634 0.1482633 0.1034147 0.0300735 0.1196547 0.0286436 0.1463777 0.0547880 0.0251389 0.0288699 0.1239079 0.0156174 0.1194471 0.1786885 0.0000000 0.4763956 0.0213334 0.0174145 0.1480523 0.0236767 0.0143111 0.0213442 0.0568439 0.0256731 0.1673138 0.1503976 0.1514565 0.0165001 0.0135290 0.2177370 0.1978285 0.3543926 0.2128340 0.0422893 0.1725512 0.1908516 0.1317648 0.1418492 0.0202094 0.0204317 0.0416956 0.1667481 0.0219333 0.0146333 0.0345060 0.0196275 0.2325072 0.1646290 0.0192021 0.0221708 0.2218176 0.0192086 
Perityle_incana_3_ucla                     0.5221226 0.3715492 0.5167024 0.5334705 0.4975065 0.4276650 0.5859305 0.3054876 0.7397496 0.5147367 0.5220115 0.4937809 0.4691661 0.4955230 0.4646873 0.5142175 0.4331160 0.7161991 0.4553329 0.4852550 0.4960697 0.4823705 0.3634554 0.4905342 0.4871295 0.4877719 0.3755856 0.5784875 0.5047048 0.3859524 0.5906292 0.5721820 0.4933061 0.5109614 0.5363181 0.4937700 0.5648221 0.4683880 0.4418291 0.4861688 0.5218537 0.4696034 0.5322653 0.5760104 0.4763956 0.0000000 0.4916538 0.4907383 0.5848620 0.4821100 0.4453305 0.4704134 0.5111365 0.4889511 0.5169549 0.2370187 0.2862814 0.4904270 0.4849906 0.5240050 0.5637909 0.4484433 0.3147309 0.5002293 0.6179236 0.3697886 0.5382256 0.5068762 0.4245690 0.4823677 0.4905342 0.6278346 0.4807018 0.4848730 0.4787801 0.4372480 0.5113552 0.6237262 0.4938766 0.4706115 0.5148181 0.4905935 
