84
Amauria_brandeegeana_62                    0.0000000 0.0726427 0.0182192 0.2494538 0.1146857 0.0866588 0.1871625 0.1635645 0.3361712 0.1461769 0.1366408 0.1192674 0.1270904 0.1477051 0.0960741 0.1295170 0.1400113 0.0956503 0.1249867 0.1860735 0.0965529 0.1079034 0.1180151 0.1114940 0.1188216 0.1402747 0.1381473 0.1405710 0.1694840 0.1686790 0.0953941 0.1478897 0.1430311 0.1174960 0.1300248 0.1252209 0.1105683 0.1352141 0.1241259 0.1148224 0.1165086 0.1243635 0.1143925 0.1118589 0.1354936 0.1168381 0.0542628 0.1182364 0.1173028 0.1251903 0.1116786 0.1136066 0.1208628 0.1330107 0.1203435 0.1378152 0.1256615 0.0955749 0.1242693 0.1213058 0.1325581 0.0847821 0.1037803 0.0871729 0.1235761 0.1436877 0.1370498 0.1536698 0.1160269 0.1261573 0.1181213 0.1192052 0.1661926 0.1173918 0.1234855 0.1252508 0.1313560 0.1367119 0.1390445 0.1179230 0.1214584 0.1043977 0.1239138 0.1308644 
Amauria_carterae_99_mesa                   0.0726427 0.0000000 0.0415564 0.1441977 0.0839572 0.0704838 0.1272753 0.1510382 0.1684279 0.0732944 0.1023866 0.0836391 0.1015867 0.0770545 0.0673124 0.0853083 0.0909506 0.0700338 0.0859656 0.0801020 0.0658850 0.0856487 0.0770977 0.0774838 0.0859283 0.1035383 0.1011861 0.0920668 0.0983205 0.0983142 0.0530936 0.0916932 0.0809669 0.0880860 0.0617648 0.0780396 0.0691964 0.0879755 0.0830748 0.0723007 0.0786218 0.0801455 0.0845876 0.0768068 0.0911851 0.0801070 0.0390792 0.0862344 0.0858935 0.0857754 0.0721495 0.0782849 0.0800465 0.0961154 0.0825228 0.1022694 0.1042924 0.0815592 0.0852748 0.0842968 0.0991419 0.0700653 0.0799121 0.0709895 0.0849065 0.0895031 0.0934055 0.1138196 0.0858442 0.1019299 0.0785498 0.0772353 0.0998227 0.0846644 0.0901679 0.0911678 0.0685797 0.1123432 0.0802623 0.0823964 0.0851151 0.0795262 0.0853910 0.0720911 
Amauria_rotundifolia_SRR9119150            0.0182192 0.0415564 0.0000000 0.2155713 0.0980995 0.0698442 0.1600880 0.1471540 0.3025985 0.1290396 0.1216435 0.1037767 0.1033238 0.1235222 0.0695167 0.1130635 0.1235903 0.0791252 0.0950514 0.1525744 0.0676622 0.0779262 0.0996224 0.0910616 0.0996972 0.1193092 0.1200108 0.1322509 0.1514883 0.1553772 0.0868906 0.1289578 0.1284332 0.1033138 0.1123502 0.1099206 0.0919149 0.1204418 0.1001861 0.0944675 0.0928148 0.1102428 0.0838567 0.0918240 0.1222438 0.0993038 0.0400087 0.0988467 0.0986119 0.1204777 0.0937261 0.0946575 0.1020691 0.1111103 0.1016274 0.1118080 0.0976356 0.0661787 0.1067520 0.1022625 0.1187281 0.0675488 0.0786423 0.0646381 0.1068624 0.1333667 0.1174094 0.1353423 0.1033483 0.0973138 0.0990527 0.1001405 0.1471637 0.0999619 0.1041870 0.1084437 0.1044364 0.1219690 0.1154824 0.0989681 0.1060583 0.0886881 0.1050853 0.1127625 
Conoclinium_coelestinum_SRR9119114         0.2494538 0.1441977 0.2155713 0.0000000 0.2395123 0.0993079 0.1538059 0.1362842 0.3454671 0.2183293 0.2454516 0.2387569 0.2579842 0.2270862 0.1649059 0.2358118 0.3509306 0.1883872 0.2214061 0.2520972 0.1866365 0.2252510 0.2245720 0.1826925 0.2359971 0.2469320 0.2432975 0.2390890 0.2517833 0.1625489 0.2546249 0.2438789 0.2045260 0.2371525 0.1895911 0.2387288 0.1847420 0.2338087 0.2391487 0.1870584 0.2233240 0.2406186 0.2020620 0.2251736 0.2498795 0.2307065 0.0863797 0.2007076 0.1947864 0.1411609 0.2246498 0.2267880 0.2204893 0.2495110 0.2147352 0.2634899 0.1673792 0.1661800 0.2400515 0.2362162 0.2735318 0.1806780 0.1541946 0.1409573 0.2404833 0.2441008 0.2206620 0.2383614 0.2322796 0.2188182 0.1869582 0.2241497 0.2080491 0.2318974 0.2360509 0.2428486 0.1265551 0.2385255 0.2367939 0.2060816 0.2413522 0.1023080 0.2304593 0.1956216 
Eutetras_palmeri_63                        0.1146857 0.0839572 0.0980995 0.2395123 0.0000000 0.0046330 0.1814490 0.1400897 0.3263581 0.1189138 0.0722485 0.0803494 0.0721223 0.1131641 0.0578067 0.0792375 0.0669199 0.1180910 0.0796882 0.1365577 0.0549777 0.0717150 0.0740799 0.0655088 0.0640218 0.0937392 0.0955064 0.1046048 0.1312148 0.1257315 0.1318530 0.1046599 0.1180093 0.0808165 0.1057436 0.0820205 0.0614919 0.0916562 0.0863833 0.0663809 0.0687662 0.0827277 0.0679908 0.0772761 0.1009756 0.0702952 0.0396031 0.0659884 0.0674492 0.0832570 0.0688569 0.0640288 0.0762601 0.0868189 0.0676653 0.0950234 0.0863472 0.0583712 0.0725733 0.0678863 0.1114672 0.0685970 0.0579112 0.0508233 0.0864947 0.1067111 0.0917077 0.1062158 0.0769766 0.0727622 0.0677051 0.0730667 0.1279068 0.0645275 0.0709853 0.0790701 0.0894444 0.1043502 0.1024660 0.0718199 0.0822204 0.0922390 0.0683618 0.1027946 
Eutetras_pringlei_149_quer                 0.0866588 0.0704838 0.0698442 0.0993079 0.0046330 0.0000000 0.0967176 0.0901928 0.1628683 0.0911172 0.0600591 0.0662613 0.0778695 0.0659096 0.0311827 0.0690067 0.1416928 0.0798656 0.0788752 0.0682785 0.0554749 0.0710703 0.0708738 0.0656440 0.0693911 0.0746276 0.0912723 0.0811449 0.1062515 0.1084438 0.0840200 0.0773319 0.0920651 0.0661216 0.0762483 0.0757791 0.0619754 0.0904031 0.0574978 0.0662508 0.0708705 0.0712522 0.0689942 0.0714562 0.0806274 0.0536852 0.0444560 0.0690604 0.0691693 0.0763402 0.0568024 0.0613035 0.0638936 0.0649010 0.0608573 0.0894268 0.0946925 0.0491376 0.0707132 0.0714495 0.1077722 0.0509572 0.0584995 0.0314715 0.0660735 0.0814694 0.0640893 0.1220028 0.0840106 9.0000000 0.0609451 0.0710268 0.1001267 0.0715003 0.0732164 0.0734991 0.1335358 0.1049134 0.0637340 0.0706912 0.0639314 0.0866059 0.0708708 0.0843691 
Eutrochium_fistulosum_SRR9119106           0.1871625 0.1272753 0.1600880 0.1538059 0.1814490 0.0967176 0.0000000 0.1634040 0.3520761 0.2154137 0.1967402 0.1690895 0.2062031 0.1786785 0.1220507 0.1765809 0.2238911 0.1545907 0.1945239 0.1901802 0.1624430 0.1717001 0.1681921 0.1605451 0.1762376 0.1908486 0.1800626 0.1953849 0.2409311 0.1780272 0.1913757 0.2135816 0.2219749 0.1664731 0.2040971 0.1848328 0.1630129 0.1729558 0.1834825 0.1581896 0.1696897 0.1821005 0.1725381 0.1839858 0.1818943 0.1722210 0.0735309 0.1700161 0.1689652 0.1230734 0.1766497 0.1668160 0.1555131 0.1811765 0.1746819 0.2057654 0.1348938 0.1267981 0.1851269 0.1792001 0.2110765 0.1235263 0.1259703 0.1080104 0.1741129 0.1987351 0.1864432 0.2180674 0.1774910 0.1514541 0.1449281 0.1671194 0.2218913 0.1765559 0.1766193 0.1669565 0.1093365 0.2164972 0.1851833 0.1821015 0.1675729 0.1234390 0.1784341 0.1954132 
Galeana_pratensis_104_mex                  0.1635645 0.1510382 0.1471540 0.1362842 0.1400897 0.0901928 0.1634040 0.0000000 0.2238200 0.0955091 0.1538058 0.1342222 0.1776635 0.1362871 0.1199696 0.1345380 0.2441169 0.1679426 0.1450120 0.1364786 0.1257012 0.1455634 0.1337870 0.1332639 0.1436958 0.1506383 0.1539582 0.1593822 0.1239061 0.1231893 0.1642093 0.1416102 0.0970194 0.1367508 0.1046074 0.1366433 0.1349053 0.1421192 0.1402193 0.1344206 0.1364330 0.1320624 0.1457556 0.1321814 0.1561381 0.1334300 0.0668703 0.1459137 0.1432421 0.1414640 0.1362568 0.1401635 0.1374722 0.1470784 0.1421384 0.1444545 0.1568711 0.1336748 0.1447730 0.1427957 0.1428730 0.1296196 0.1458035 0.0874746 0.1339324 0.1523501 0.1452126 0.1564406 0.1339521 0.2276966 0.1365482 0.1337870 0.1231893 0.1406616 0.1475427 0.1420718 0.0941780 0.1530081 0.1428047 0.1362046 0.1346517 0.1158057 0.1451188 0.1115913 
Helianthus_annuus_SRR9119062               0.3361712 0.1684279 0.3025985 0.3454671 0.3263581 0.1628683 0.3520761 0.2238200 0.0000000 0.2986386 0.3654697 0.3429917 0.3432225 0.3287871 0.2211783 0.3501307 0.4469075 0.2892787 0.2902879 0.3739159 0.2825580 0.2765709 0.3307849 0.2916475 0.3365615 0.3395193 0.3612954 0.3698885 0.3082406 0.2410337 0.3591239 0.3545579 0.2776740 0.3417867 0.2626347 0.3460645 0.2821695 0.3542709 0.3311706 0.3023530 0.3309979 0.3424543 0.3050976 0.2836120 0.3623005 0.3484942 0.1294641 0.3076221 0.3089291 0.3091921 0.3132296 0.3304685 0.3247884 0.3570769 0.3274427 0.3633454 0.2112109 0.1873077 0.3493931 0.3340058 0.2921255 0.1854624 0.2504254 0.1487677 0.3492618 0.3739466 0.3357179 0.3604497 0.3411942 0.2100913 0.2998022 0.3319654 0.2523893 0.3372278 0.3421401 0.3407890 0.1856065 0.3511729 0.3523921 0.2988562 0.3440038 0.1860324 0.3396131 0.2694362 
Lycapsus_tenuifolius_17                    0.1461769 0.0732944 0.1290396 0.2183293 0.1189138 0.0911172 0.2154137 0.0955091 0.2986386 0.0000000 0.1599498 0.1390387 0.1757992 0.1239016 0.0663014 0.1439843 0.2053134 0.1292654 0.1233945 0.1919284 0.1182951 0.1267438 0.1316737 0.1291707 0.1373275 0.1531628 0.1537068 0.1660307 0.0144820 0.0118484 0.1581223 0.1141316 0.0023062 0.1399147 0.0208763 0.1355991 0.1042761 0.1570903 0.1296995 0.1314292 0.1335603 0.1321022 0.1376558 0.1085784 0.1541739 0.1328822 0.0402366 0.1368988 0.1354966 0.1386603 0.1074019 0.1322530 0.1333183 0.1445108 0.1334107 0.1715410 0.1003740 0.0717873 0.1428688 0.1370490 0.1194253 0.0791643 0.1172621 0.0604426 0.1409718 0.1705786 0.1468729 0.1694918 0.1335305 0.0984294 0.1281666 0.1333140 0.0102566 0.1349668 0.1448203 0.1449353 0.1039386 0.1605982 0.1398430 0.1172103 0.1389315 0.1175163 0.1377571 0.0097923 
Pericome_caudata_50_silver                 0.1366408 0.1023866 0.1216435 0.2454516 0.0722485 0.0600591 0.1967402 0.1538058 0.3654697 0.1599498 0.0000000 0.1027064 0.1093246 0.1451012 0.0690556 0.1086341 0.1095731 0.1332176 0.0976593 0.1734833 0.0782922 0.0902112 0.1001181 0.0903981 0.0944773 0.1181829 0.1146588 0.1230557 0.1765593 0.1767454 0.1523032 0.1470581 0.1619755 0.1035998 0.1478524 0.1046417 0.0947059 0.1230819 0.1030634 0.0931957 0.0938178 0.1033406 0.0949505 0.1003302 0.1257213 0.0962652 0.0512131 0.0952948 0.0957368 0.1069902 0.0873199 0.0943398 0.1065974 0.1073627 0.0937316 0.1240368 0.1084364 0.0752556 0.0999140 0.0941913 0.1256517 0.1083880 0.0830274 0.0664768 0.1086557 0.1249793 0.1161452 0.1299667 0.0996703 0.0998775 0.0950067 0.0999171 0.1754863 0.0945609 0.1003919 0.1050399 0.0832462 0.1242097 0.1375502 0.0912291 0.1049597 0.1194413 0.0987703 0.1415734 
Perityle_aglossa_84_dead_horse             0.1192674 0.0836391 0.1037767 0.2387569 0.0803494 0.0662613 0.1690895 0.1342222 0.3429917 0.1390387 0.1027064 0.0000000 0.0402017 0.0925674 0.0318326 0.0573000 0.0438070 0.1255784 0.0677075 0.1114254 0.0288542 0.0366887 0.0424188 0.0352059 0.0369544 0.0747166 0.0600415 0.0928597 0.1530639 0.1463811 0.1366938 0.1307133 0.1395286 0.0091808 0.1142188 0.0715989 0.0329475 0.0805633 0.0555452 0.0345951 0.0394562 0.0699812 0.0375855 0.0708933 0.0989842 0.0437353 0.0075094 0.0403743 0.0389831 0.0714101 0.0346463 0.0414299 0.0515202 0.0542296 0.0390498 0.0906084 0.0510074 0.0354218 0.0449448 0.0396173 0.0963314 0.0574982 0.0490483 0.0368677 0.0060126 0.0949069 0.0772529 0.0933746 0.0623236 0.0338399 0.0393559 0.0420864 0.1497675 0.0363398 0.0427011 0.0262199 0.0770984 0.0861623 0.0950864 0.0424680 0.0022986 0.0621280 0.0414439 0.1159954 
Perityle_ajoensis_204                      0.1270904 0.1015867 0.1033238 0.2579842 0.0721223 0.0778695 0.2062031 0.1776635 0.3432225 0.1757992 0.1093246 0.0402017 0.0000000 0.0546886 0.0174343 0.0511266 0.0160763 0.1412436 0.0698914 0.0863756 0.0161162 0.0045407 0.0243201 0.0142750 0.0028319 0.0640267 0.0552106 0.0834621 0.1855571 0.1890876 0.1247634 0.1374383 0.1775496 0.0399661 0.1467491 0.0550320 0.0181048 0.0749275 0.0506522 0.0153755 0.0211862 0.0579786 0.0046509 0.0584391 0.0794734 0.0420511 0.0144950 0.0036364 0.0050773 0.0545619 0.0189145 0.0101196 0.0162716 0.0560327 0.0174429 0.0907914 0.0590931 0.0382387 0.0106999 0.0050635 0.0973914 0.0653784 0.0505375 0.0453163 0.0435752 0.0847566 0.0631076 0.0943916 0.0624660 0.0336008 0.0245639 0.0229053 0.1802486 0.0035592 0.0084782 0.0469550 0.0784435 0.0904349 0.0654775 0.0181172 0.0424897 0.0709918 0.0085146 0.1364345 
Perityle_ambrosiifolia_67_green            0.1477051 0.0770545 0.1235222 0.2270862 0.1131641 0.0659096 0.1786785 0.1362871 0.3287871 0.1239016 0.1451012 0.0925674 0.0546886 0.0000000 0.0339547 0.0964428 0.0978942 0.1484522 0.0695792 0.1347020 0.0310275 0.0431880 0.0674155 0.0535999 0.0741725 0.1124308 0.0981365 0.1336704 0.1522984 0.1257089 0.1554198 0.1466243 0.1132248 0.0873686 0.0969904 0.1043921 0.0572225 0.1134678 0.0844421 0.0573877 0.0576350 0.1046615 0.0404052 0.0603999 0.1246839 0.0886809 0.0074833 0.0623556 0.0608659 0.1008305 0.0713672 0.0689440 0.0789205 0.0962304 0.0729643 0.1100788 0.0441500 0.0249299 0.0814446 0.0753053 0.1080885 0.0593311 0.0396457 0.0315883 0.0960839 0.1364638 0.0934755 0.1187191 0.0929060 0.0243769 0.0612135 0.0662815 0.1245920 0.0760645 0.0755649 0.0925186 0.0776080 0.1100496 0.1142945 0.0645868 0.0943181 0.0564312 0.0723708 0.0963852 
Perityle_angustifolia_13_Eagle_creek       0.0960741 0.0673124 0.0695167 0.1649059 0.0578067 0.0311827 0.1220507 0.1199696 0.2211783 0.0663014 0.0690556 0.0318326 0.0174343 0.0339547 0.0000000 0.0441905 0.0000010 0.0933232 0.0498777 0.0427872 0.0107178 0.0153147 0.0180310 0.0100941 0.0145365 0.0497561 0.0377584 0.0717720 0.0754324 0.0707782 0.0862490 0.0762286 0.0675571 0.0345290 0.0390774 0.0598271 0.0128292 0.0538118 0.0472416 0.0119188 0.0158866 0.0561984 0.0164527 0.0566894 0.0599246 0.0377416 0.0074777 0.0144479 0.0154177 0.0615947 0.0103456 0.0109956 0.0127530 0.0426283 0.0017757 0.0623760 0.0362536 0.0234752 0.0161211 0.0144142 0.0841195 0.0418633 0.0389343 0.0283811 0.0344658 0.0775218 0.0410887 0.0749118 0.0439588 0.0244930 0.0185480 0.0181036 0.0742921 0.0151840 0.0197697 0.0356181 0.0182594 0.0750161 0.0548581 0.0181987 0.0321745 0.0442384 0.0144263 0.0493778 
Perityle_batopilensis_97                   0.1295170 0.0853083 0.1130635 0.2358118 0.0792375 0.0690067 0.1765809 0.1345380 0.3501307 0.1439843 0.1086341 0.0573000 0.0511266 0.0964428 0.0441905 0.0000000 0.0531457 0.1310503 0.0686602 0.1100688 0.0370525 0.0483442 0.0570317 0.0463259 0.0523955 0.0704108 0.0641411 0.0959056 0.1667604 0.1622312 0.1320536 0.1413620 0.1473554 0.0563446 0.1210526 0.0697272 0.0513080 0.0834813 0.0310893 0.0483605 0.0553066 0.0720697 0.0519922 0.0693941 0.0826147 0.0436817 0.0113306 0.0530430 0.0531302 0.0697532 0.0465221 0.0505216 0.0560130 0.0631580 0.0531998 0.0927188 0.0532836 0.0485058 0.0593084 0.0538588 0.0982822 0.0700571 0.0489070 0.0420198 0.0612417 0.0970413 0.0688233 0.0966048 0.0654683 0.0527161 0.0580618 0.0561318 0.1615807 0.0534088 0.0554913 0.0625623 0.0877443 0.0928419 0.0770878 0.0524315 0.0594940 0.0602727 0.0575041 0.1243212 
Perityle_bisetosa_9                        0.1400113 0.0909506 0.1235903 0.3509306 0.0669199 0.1416928 0.2238911 0.2441169 0.4469075 0.2053134 0.1095731 0.0438070 0.0160763 0.0978942 0.0000010 0.0531457 0.0000000 0.1642588 0.0588123 0.1496152 0.0070851 0.0118883 0.0232920 0.0133277 0.0130791 0.0563533 0.0513564 0.0865726 0.2085654 0.2484244 0.1549333 0.1642161 0.2114170 0.0405979 0.1903738 0.0568629 0.0073052 0.0743033 0.0445638 0.0108815 0.0210347 0.0612677 0.0106718 0.0539374 0.0832250 0.0385291 9.0000000 0.0108885 0.0135622 0.0594956 0.0164521 0.0127944 0.0297988 0.0479338 0.0109212 0.0921619 0.0339252 0.0212104 0.0218619 0.0147853 0.0833305 0.0643404 0.0406589 0.0410555 0.0493360 0.0874503 0.0583472 0.0890999 0.0583824 0.0123688 0.0111590 0.0216749 0.2196861 0.0130939 0.0175080 0.0429423 0.0323624 0.0847855 0.1093110 0.0143740 0.0464023 0.0616796 0.0209598 0.1551675 
Perityle_californica_76_positas            0.0956503 0.0700338 0.0791252 0.1883872 0.1180910 0.0798656 0.1545907 0.1679426 0.2892787 0.1292654 0.1332176 0.1255784 0.1412436 0.1484522 0.0933232 0.1310503 0.1642588 0.0000000 0.1295032 0.1287530 0.0992148 0.1099502 0.1195921 0.1165031 0.1212430 0.1475637 0.1350708 0.1491007 0.1398272 0.1374644 0.0398218 0.1309538 0.1270778 0.1289604 0.1059108 0.1266543 0.1109079 0.1514385 0.1177526 0.1169455 0.1172576 0.1281070 0.1173201 0.1138137 0.1490751 0.1254130 0.0524300 0.1222889 0.1193568 0.1278690 0.1135345 0.1174112 0.1201002 0.1371229 0.1207104 0.1445796 0.1155669 0.0884293 0.1246725 0.1231655 0.1309946 0.0895643 0.1035050 0.0766771 0.1298545 0.1518876 0.1426684 0.1468496 0.1267870 0.1337322 0.1199042 0.1192257 0.1383287 0.1194876 0.1263216 0.1289593 0.1225574 0.1409495 0.1412542 0.1208063 0.1294142 0.1014183 0.1220404 0.0839012 
Perityle_canescens_77                      0.1249867 0.0859656 0.0950514 0.2214061 0.0796882 0.0788752 0.1945239 0.1450120 0.2902879 0.1233945 0.0976593 0.0677075 0.0698914 0.0695792 0.0498777 0.0686602 0.0588123 0.1295032 0.0000000 0.1244896 0.0515500 0.0587493 0.0594413 0.0612553 0.0608222 0.0748567 0.0789896 0.0473854 0.1384149 0.1273596 0.1134272 0.1034180 0.1205584 0.0661069 0.0974969 0.0494394 0.0554474 0.0696654 0.0645651 0.0559439 0.0594559 0.0498238 0.0615181 0.0488084 0.0664421 0.0590331 0.0075338 0.0599275 0.0596724 0.0469671 0.0544508 0.0587300 0.0604717 0.0695092 0.0620603 0.0607971 0.0779802 0.0512103 0.0665372 0.0625439 0.0653640 0.0565851 0.0471145 0.0477843 0.0695843 0.0506111 0.0701485 0.0919872 0.0542907 0.0505048 0.0577950 0.0596439 0.1321446 0.0626830 0.0688599 0.0697708 0.0900847 0.0862454 0.0588962 0.0654058 0.0676218 0.0296130 0.0627084 0.0868589 
Perityle_castillonii_96                    0.1860735 0.0801020 0.1525744 0.2520972 0.1365577 0.0682785 0.1901802 0.1364786 0.3739159 0.1919284 0.1734833 0.1114254 0.0863756 0.1347020 0.0427872 0.1100688 0.1496152 0.1287530 0.1244896 0.0000000 0.0608021 0.0953930 0.0996025 0.0624814 0.0882637 0.1216412 0.1214330 0.1609567 0.2438998 0.1369439 0.1898649 0.1875687 0.1758256 0.1065994 0.1429410 0.1350244 0.0569632 0.1393985 0.1211166 0.0565235 0.1007696 0.1383899 0.0683570 0.1243878 0.1481007 0.1165393 0.0074673 0.0627812 0.0606531 0.0616825 0.0923831 0.0818409 0.0851540 0.1277692 0.0864640 0.1442044 0.0736636 0.0686571 0.1023356 0.0993284 0.1722773 0.0709360 0.0740139 0.0298389 0.1154325 0.1630916 0.1002410 0.1533258 0.1404183 0.0408106 0.0606616 0.0992887 0.1895250 0.0902245 0.0890066 0.1017916 0.0676989 0.1418765 0.1466375 0.0764291 0.1136697 0.0599021 0.0867721 0.1635609 
Perityle_cernua_84                         0.0965529 0.0658850 0.0676622 0.1866365 0.0549777 0.0554749 0.1624430 0.1257012 0.2825580 0.1182951 0.0782922 0.0288542 0.0161162 0.0310275 0.0107178 0.0370525 0.0070851 0.0992148 0.0515500 0.0608021 0.0000000 0.0123544 0.0149579 0.0122052 0.0126945 0.0478563 0.0372713 0.0672129 0.1364147 0.1316605 0.0867592 0.0867894 0.1151720 0.0287571 0.0918969 0.0468391 0.0051751 0.0615093 0.0347416 0.0094820 0.0149611 0.0486280 0.0140767 0.0441794 0.0613555 0.0212051 0.0019368 0.0122203 0.0115162 0.0472630 0.0063740 0.0108554 0.0149263 0.0400637 0.0146761 0.0661944 0.0371254 0.0153253 0.0173054 0.0122067 0.0737099 0.0447153 0.0332090 0.0222545 0.0320534 0.0703992 0.0428920 0.0753058 0.0402726 0.0191532 0.0125937 0.0143224 0.1298090 0.0127351 0.0172860 0.0307475 0.0604330 0.0725063 0.0561339 0.0135134 0.0287737 0.0495315 0.0140665 0.0832875 
Perityle_cfvillosa_25_tin                  0.1079034 0.0856487 0.0779262 0.2252510 0.0717150 0.0710703 0.1717001 0.1455634 0.2765709 0.1267438 0.0902112 0.0366887 0.0045407 0.0431880 0.0153147 0.0483442 0.0118883 0.1099502 0.0587493 0.0953930 0.0123544 0.0000000 0.0238188 0.0127291 0.0032014 0.0560301 0.0458167 0.0816332 0.1416511 0.1391909 0.1135210 0.1020938 0.1270166 0.0359779 0.1009890 0.0613494 0.0151101 0.0674034 0.0480995 0.0107631 0.0197561 0.0591958 0.0039981 0.0622323 0.0739749 0.0403716 0.0116045 0.0026562 0.0013265 0.0626907 0.0137311 0.0092498 0.0269701 0.0481550 0.0158075 0.0740620 0.0484066 0.0296543 0.0030783 0.0030133 0.0935947 0.0610137 0.0459888 0.0333778 0.0400079 0.0882543 0.0488849 0.0867531 0.0518103 0.0273076 0.0209475 0.0227006 0.1392077 0.0025356 0.0057660 0.0401731 0.0546496 0.0858434 0.0919722 0.0171559 0.0369647 0.0656537 0.0025809 0.0944750 
Perityle_coahuilensis_24                   0.1180151 0.0770977 0.0996224 0.2245720 0.0740799 0.0708738 0.1681921 0.1337870 0.3307849 0.1316737 0.1001181 0.0424188 0.0243201 0.0674155 0.0180310 0.0570317 0.0232920 0.1195921 0.0594413 0.0996025 0.0149579 0.0238188 0.0000000 0.0217875 0.0192966 0.0713139 0.0591604 0.0900707 0.1451981 0.1490467 0.1303128 0.1277922 0.1340115 0.0407145 0.1048377 0.0680184 0.0189957 0.0748350 0.0518935 0.0154834 0.0046420 0.0648359 0.0201508 0.0603506 0.1015553 0.0438542 0.0093593 0.0227818 0.0240011 0.0725279 0.0181618 0.0238036 0.0367062 0.0522492 0.0217711 0.0857063 0.0463589 0.0249381 0.0266437 0.0223241 0.0891967 0.0551885 0.0469345 0.0298552 0.0487165 0.0936163 0.0864514 0.0865669 0.0630383 0.0242720 0.0252540 0.0020518 0.1441641 0.0194770 0.0256657 0.0450473 0.0763893 0.0816418 0.0898803 0.0256226 0.0425517 0.0617938 0.0266286 0.1083123 
Perityle_cochisensis_44_cave_creek         0.1114940 0.0774838 0.0910616 0.1826925 0.0655088 0.0656440 0.1605451 0.1332639 0.2916475 0.1291707 0.0903981 0.0352059 0.0142750 0.0535999 0.0100941 0.0463259 0.0133277 0.1165031 0.0612553 0.0624814 0.0122052 0.0127291 0.0217875 0.0000000 0.0113244 0.0552712 0.0457766 0.0703326 0.1492089 0.1484085 0.1101325 0.1100309 0.1294824 0.0350954 0.1086601 0.0519852 0.0158807 0.0664579 0.0443194 0.0133378 0.0192361 0.0538340 0.0137234 0.0533255 0.0703891 0.0351569 0.0115612 0.0107400 0.0120031 0.0507980 0.0107873 0.0062962 0.0070802 0.0473867 0.0145168 0.0742532 0.0456109 0.0265111 0.0182115 0.0134772 0.0819182 0.0498142 0.0429581 0.0271176 0.0388919 0.0716972 0.0537582 0.0856319 0.0537169 0.0286265 0.0206312 0.0205717 0.1438544 0.0107390 0.0162985 0.0395829 0.0638927 0.0787362 0.0608954 0.0094730 0.0363949 0.0635205 0.0163543 0.1023718 
Perityle_congesta_202                      0.1188216 0.0859283 0.0996972 0.2359971 0.0640218 0.0693911 0.1762376 0.1436958 0.3365615 0.1373275 0.0944773 0.0369544 0.0028319 0.0741725 0.0145365 0.0523955 0.0130791 0.1212430 0.0608222 0.0882637 0.0126945 0.0032014 0.0192966 0.0113244 0.0000000 0.0573064 0.0484017 0.0883444 0.1511676 0.1506145 0.1200234 0.1282500 0.1385971 0.0354378 0.1103160 0.0606796 0.0179017 0.0739669 0.0465077 0.0114747 0.0165794 0.0605649 0.0035572 0.0621391 0.0790422 0.0403585 0.0116497 0.0021558 0.0032307 0.0637435 0.0143694 0.0094169 0.0174907 0.0506137 0.0141398 0.0832705 0.0486326 0.0296465 0.0091413 0.0035946 0.0945552 0.0614998 0.0427342 0.0334131 0.0404118 0.0908603 0.0558421 0.0856461 0.0573762 0.0274600 0.0221034 0.0183181 0.1478429 0.0015242 0.0061200 0.0412199 0.0592992 0.0800530 0.0861510 0.0158066 0.0385850 0.0622637 0.0082354 0.1039632 
Perityle_cordifolia_27                     0.1402747 0.1035383 0.1193092 0.2469320 0.0937392 0.0746276 0.1908486 0.1506383 0.3395193 0.1531628 0.1181829 0.0747166 0.0640267 0.1124308 0.0497561 0.0704108 0.0563533 0.1475637 0.0748567 0.1216412 0.0478563 0.0560301 0.0713139 0.0552712 0.0573064 0.0000000 0.0895892 0.1108672 0.1646861 0.1695168 0.1603154 0.1502756 0.1556256 0.0737912 0.1159420 0.0882304 0.0503617 0.0939232 0.0718212 0.0579481 0.0603392 0.0860069 0.0575018 0.0853725 0.1033622 0.0571931 0.0248422 0.0680510 0.0698191 0.0862040 0.0480422 0.0620583 0.0658731 0.0096260 0.0595304 0.1028153 0.0753235 0.0546855 0.0659349 0.0680518 0.1068663 0.0896458 0.0695128 0.0115551 0.0795378 0.1087318 0.0102286 0.1085594 0.0781959 0.0657216 0.0589352 0.0710428 0.1608118 0.0563081 0.0648643 0.0658661 0.0874195 0.0987928 0.0997258 0.0707610 0.0618318 0.0847465 0.0647801 0.1194447 
Perityle_cordifolia_68_tecolote            0.1381473 0.1011861 0.1200108 0.2432975 0.0955064 0.0912723 0.1800626 0.1539582 0.3612954 0.1537068 0.1146588 0.0600415 0.0552106 0.0981365 0.0377584 0.0641411 0.0513564 0.1350708 0.0789896 0.1214330 0.0372713 0.0458167 0.0591604 0.0457766 0.0484017 0.0895892 0.0000000 0.1032779 0.1711282 0.1688505 0.1528134 0.1458038 0.1568848 0.0610661 0.1310227 0.0836411 0.0473561 0.0879739 0.0609504 0.0468084 0.0488085 0.0820704 0.0458870 0.0799810 0.1164649 0.0615198 0.0246084 0.0523617 0.0544318 0.0799890 0.0435054 0.0528767 0.0626849 0.0678591 0.0474417 0.1019838 0.0072753 0.0472213 0.0546280 0.0523763 0.1107354 0.0865928 0.0577978 0.0470138 0.0669366 0.1073489 0.0968726 0.1038427 0.0772887 0.0368057 0.0507116 0.0586625 0.1679525 0.0481118 0.0532991 0.0625707 0.0912184 0.0983136 0.1103553 0.0542244 0.0593725 0.0768202 0.0529751 0.1272871 
Perityle_coronopifolia_28_patagonia        0.1405710 0.0920668 0.1322509 0.2390890 0.1046048 0.0811449 0.1953849 0.1593822 0.3698885 0.1660307 0.1230557 0.0928597 0.0834621 0.1336704 0.0717720 0.0959056 0.0865726 0.1491007 0.0473854 0.1609567 0.0672129 0.0816332 0.0900707 0.0703326 0.0883444 0.1108672 0.1032779 0.0000000 0.1782883 0.1687247 0.1595821 0.1676142 0.1671755 0.0919318 0.1456553 0.0804873 0.0872455 0.0861393 0.0898954 0.0831391 0.0881886 0.0817119 0.0851536 0.0776842 0.0925943 0.0827340 0.0150459 0.0873448 0.0870668 0.0835002 0.0825012 0.0845925 0.0993859 0.0952708 0.0846302 0.0748215 0.0821056 0.0588514 0.0932768 0.0872170 0.0550449 0.0626735 0.0526541 0.0493057 0.0979285 0.0085757 0.1079172 0.1069855 0.0815366 0.0613059 0.0860016 0.0898916 0.1715676 0.0908314 0.0925346 0.0949869 0.1023968 0.1053470 0.1053142 0.0901644 0.0914989 0.0267008 0.0891292 0.1509581 
Perityle_crassifolia_70_ventanas           0.1694840 0.0983205 0.1514883 0.2517833 0.1312148 0.1062515 0.2409311 0.1239061 0.3082406 0.0144820 0.1765593 0.1530639 0.1855571 0.1522984 0.0754324 0.1667604 0.2085654 0.1398272 0.1384149 0.2438998 0.1364147 0.1416511 0.1451981 0.1492089 0.1511676 0.1646861 0.1711282 0.1782883 0.0000000 0.0057482 0.1876737 0.1226400 0.0122491 0.1526760 0.0187943 0.1471170 0.1193873 0.1684426 0.1471008 0.1485150 0.1477378 0.1438947 0.1521511 0.1245485 0.1601536 0.1469808 0.0569769 0.1526135 0.1551488 0.1549243 0.1237794 0.1500056 0.1650024 0.1564954 0.1500001 0.1803101 0.1148038 0.0868865 0.1584591 0.1508614 0.1353256 0.0831480 0.1300920 0.0768491 0.1568118 0.1833790 0.1633243 0.1840872 0.1408786 0.1107798 0.1450598 0.1466852 0.0066490 0.1496085 0.1609449 0.1618093 0.1211663 0.1735626 0.1867101 0.1346779 0.1511951 0.1370161 0.1572710 0.0059045 
Perityle_crassifolia_74_playa_balandra     0.1686790 0.0983142 0.1553772 0.1625489 0.1257315 0.1084438 0.1780272 0.1231893 0.2410337 0.0118484 0.1767454 0.1463811 0.1890876 0.1257089 0.0707782 0.1622312 0.2484244 0.1374644 0.1273596 0.1369439 0.1316605 0.1391909 0.1490467 0.1484085 0.1506145 0.1695168 0.1688505 0.1687247 0.0057482 0.0000000 0.1687310 0.1383699 0.0117338 0.1468050 0.0173298 0.1539360 0.1120106 0.1646490 0.1379830 0.1479102 0.1502024 0.1486322 0.1490144 0.1155988 0.1648290 0.1479437 0.0552990 0.1508124 0.1527206 0.1530258 0.1129616 0.1424393 0.1493423 0.1582486 0.1442717 0.1747533 0.1117088 0.0756767 0.1564090 0.1526342 0.1113387 0.0852960 0.1268181 0.0789851 0.1490625 0.1718748 0.1607554 0.1765389 0.1469997 0.1114065 0.1437267 0.1497923 0.0067982 0.1517104 0.1565965 0.1526064 0.1050726 0.1658355 0.1481177 0.1210580 0.1470617 0.1370985 0.1518335 0.0030818 
Perityle_cuneata_34_cuneata_San_antonio    0.0953941 0.0530936 0.0868906 0.2546249 0.1318530 0.0840200 0.1913757 0.1642093 0.3591239 0.1581223 0.1523032 0.1366938 0.1247634 0.1554198 0.0862490 0.1320536 0.1549333 0.0398218 0.1134272 0.1898649 0.0867592 0.1135210 0.1303128 0.1101325 0.1200234 0.1603154 0.1528134 0.1595821 0.1876737 0.1687310 0.0000000 0.1769877 0.1573204 0.1376607 0.1428330 0.1401646 0.1142809 0.1375827 0.1290410 0.1176350 0.1248139 0.1419204 0.1003701 0.1078605 0.1542283 0.1299079 0.0516402 0.1191009 0.1190973 0.1341699 0.1275775 0.1191076 0.1409455 0.1367022 0.1194744 0.1376146 0.0953268 0.0752520 0.1358303 0.1311531 0.1381481 0.0770884 0.0931577 0.0653922 0.1421247 0.1606847 0.1420003 0.1486851 0.1328161 0.0986038 0.1131250 0.1320885 0.1711903 0.1240816 0.1221895 0.1260162 0.1109479 0.1308001 0.1588686 0.1229036 0.1385263 0.0917568 0.1226508 0.1200699 
Perityle_cuneata_4                         0.1478897 0.0916932 0.1289578 0.2438789 0.1046599 0.0773319 0.2135816 0.1416102 0.3545579 0.1141316 0.1470581 0.1307133 0.1374383 0.1466243 0.0762286 0.1413620 0.1642161 0.1309538 0.1034180 0.1875687 0.0867894 0.1020938 0.1277922 0.1100309 0.1282500 0.1502756 0.1458038 0.1676142 0.1226400 0.1383699 0.1769877 0.0000000 0.1147697 0.1291504 0.1187881 0.1189716 0.1208901 0.1514355 0.1163910 0.1240236 0.1094605 0.1178455 0.1125636 0.1090060 0.1467275 0.1242279 0.0428218 0.1296774 0.1289627 0.1235804 0.1007437 0.1268338 0.1403642 0.1420247 0.1232674 0.1411370 0.1082576 0.0783855 0.1322551 0.1282269 0.1383841 0.1009101 0.0946544 0.0704077 0.1356659 0.1670093 0.1472395 0.1474709 0.1273491 0.1105701 0.1195209 0.1289333 0.1260797 0.1271512 0.1336320 0.1369582 0.1199945 0.1394670 0.1645570 0.1086903 0.1288809 0.1099578 0.1314437 0.1093265 
Perityle_discoidea_81                      0.1430311 0.0809669 0.1284332 0.2045260 0.1180093 0.0920651 0.2219749 0.0970194 0.2776740 0.0023062 0.1619755 0.1395286 0.1775496 0.1132248 0.0675571 0.1473554 0.2114170 0.1270778 0.1205584 0.1758256 0.1151720 0.1270166 0.1340115 0.1294824 0.1385971 0.1556256 0.1568848 0.1671755 0.0122491 0.0117338 0.1573204 0.1147697 0.0000000 0.1413476 0.0195400 0.1374780 0.1044746 0.1557690 0.1302953 0.1327786 0.1359470 0.1360458 0.1370763 0.1083960 0.1549340 0.1349789 0.0419399 0.1355723 0.1368925 0.1469475 0.1060890 0.1341695 0.1346526 0.1487760 0.1311344 0.1718381 0.1044704 0.0765312 0.1452741 0.1393037 0.1165284 0.0860200 0.1213618 0.0638524 0.1424279 0.1718603 0.1498568 0.1709313 0.1336677 0.1082968 0.1312481 0.1357054 0.0093783 0.1370497 0.1452686 0.1463769 0.1074068 0.1584515 0.1397784 0.1117414 0.1402253 0.1203821 0.1407545 0.0083613 
Perityle_dissecta_201                      0.1174960 0.0880860 0.1033138 0.2371525 0.0808165 0.0661216 0.1664731 0.1367508 0.3417867 0.1399147 0.1035998 0.0091808 0.0399661 0.0873686 0.0345290 0.0563446 0.0405979 0.1289604 0.0661069 0.1065994 0.0287571 0.0359779 0.0407145 0.0350954 0.0354378 0.0737912 0.0610661 0.0919318 0.1526760 0.1468050 0.1376607 0.1291504 0.1413476 0.0000000 0.1133451 0.0707667 0.0328384 0.0795766 0.0528342 0.0354965 0.0374200 0.0695049 0.0368589 0.0708698 0.1000551 0.0411816 0.0093693 0.0402690 0.0396301 0.0708564 0.0328752 0.0400542 0.0483976 0.0523847 0.0386450 0.0877074 0.0564637 0.0365335 0.0435523 0.0377584 0.0992137 0.0613760 0.0487088 0.0384285 0.0150358 0.0939820 0.0807457 0.0950130 0.0624253 0.0366810 0.0390111 0.0403802 0.1529265 0.0353588 0.0412565 0.0262764 0.0784096 0.0864831 0.0937593 0.0435294 0.0107397 0.0601956 0.0405174 0.1143190 
Perityle_emoryi_47_punta_san_jose          0.1300248 0.0617648 0.1123502 0.1895911 0.1057436 0.0762483 0.2040971 0.1046074 0.2626347 0.0208763 0.1478524 0.1142188 0.1467491 0.0969904 0.0390774 0.1210526 0.1903738 0.1059108 0.0974969 0.1429410 0.0918969 0.1009890 0.1048377 0.1086601 0.1103160 0.1159420 0.1310227 0.1456553 0.0187943 0.0173298 0.1428330 0.1187881 0.0195400 0.1133451 0.0000000 0.1135795 0.0786066 0.1358642 0.1047816 0.1084132 0.1058212 0.1107290 0.1121368 0.0852964 0.1318561 0.1060306 0.0099954 0.1119240 0.1105981 0.1182226 0.0789114 0.1070966 0.1086518 0.1073163 0.1089949 0.1487608 0.0682655 0.0522699 0.1160113 0.1117453 0.0949609 0.0415996 0.0900897 0.0351667 0.1164221 0.1511741 0.1087140 0.1527648 0.1137071 0.0655856 0.0978409 0.1063749 0.0185151 0.1085829 0.1179818 0.1155441 0.0941109 0.1393300 0.1194164 0.0901062 0.1133017 0.0927956 0.1117313 0.0075131 
Perityle_feddemae_99                       0.1252209 0.0780396 0.1099206 0.2387288 0.0820205 0.0757791 0.1848328 0.1366433 0.3460645 0.1355991 0.1046417 0.0715989 0.0550320 0.1043921 0.0598271 0.0697272 0.0568629 0.1266543 0.0494394 0.1350244 0.0468391 0.0613494 0.0680184 0.0519852 0.0606796 0.0882304 0.0836411 0.0804873 0.1471170 0.1539360 0.1401646 0.1189716 0.1374780 0.0707667 0.1135795 0.0000000 0.0575300 0.0725105 0.0686744 0.0586515 0.0647985 0.0155523 0.0616064 0.0162946 0.0759313 0.0590274 0.0150232 0.0624602 0.0633092 0.0158776 0.0607936 0.0643111 0.0743412 0.0735698 0.0652021 0.0721922 0.0627585 0.0452362 0.0685109 0.0652855 0.0853823 0.0530879 0.0429277 0.0419818 0.0771615 0.0803829 0.0874332 0.0915817 0.0605313 0.0561304 0.0677991 0.0666026 0.1456565 0.0624317 0.0671122 0.0764001 0.0896752 0.0852389 0.0880195 0.0684785 0.0720970 0.0634234 0.0666315 0.1173359 
Perityle_fosteri_93                        0.1105683 0.0691964 0.0919149 0.1847420 0.0614919 0.0619754 0.1630129 0.1349053 0.2821695 0.1042761 0.0947059 0.0329475 0.0181048 0.0572225 0.0128292 0.0513080 0.0073052 0.1109079 0.0554474 0.0569632 0.0051751 0.0151101 0.0189957 0.0158807 0.0179017 0.0503617 0.0473561 0.0872455 0.1193873 0.1120106 0.1142809 0.1208901 0.1044746 0.0328384 0.0786066 0.0575300 0.0000000 0.0711761 0.0432296 0.0126204 0.0158221 0.0600450 0.0167282 0.0537333 0.0723977 0.0387964 0.0056399 0.0173354 0.0167089 0.0628684 0.0110574 0.0138680 0.0195946 0.0457816 0.0187945 0.0753560 0.0393018 0.0218093 0.0227241 0.0181945 0.0875857 0.0487855 0.0364883 0.0269068 0.0351837 0.0901043 0.0478674 0.0798812 0.0541383 0.0124384 0.0086407 0.0184718 0.1158248 0.0173554 0.0219773 0.0380059 0.0666409 0.0722242 0.0616838 0.0196651 0.0348784 0.0558315 0.0215020 0.0763845 
Perityle_gamon_221                         0.1352141 0.0879755 0.1204418 0.2338087 0.0916562 0.0904031 0.1729558 0.1421192 0.3542709 0.1570903 0.1230819 0.0805633 0.0749275 0.1134678 0.0538118 0.0834813 0.0743033 0.1514385 0.0696654 0.1393985 0.0615093 0.0674034 0.0748350 0.0664579 0.0739669 0.0939232 0.0879739 0.0861393 0.1684426 0.1646490 0.1375827 0.1514355 0.1557690 0.0795766 0.1358642 0.0725105 0.0711761 0.0000000 0.0805938 0.0704121 0.0729111 0.0725592 0.0720103 0.0700092 0.0452095 0.0683290 0.0264909 0.0730202 0.0746556 0.0759455 0.0732245 0.0703126 0.0781206 0.0853964 0.0757957 0.0828629 0.0747707 0.0519071 0.0797611 0.0744812 0.0916321 0.0673775 0.0564460 0.0453369 0.0828186 0.0874345 0.0942976 0.1027684 0.0726639 0.0626457 0.0759433 0.0739615 0.1635924 0.0754575 0.0787084 0.0823510 0.0948892 0.0943376 0.0692349 0.0761844 0.0825723 0.0725255 0.0804108 0.1309074 
Perityle_gentryi_8_san_francisco           0.1241259 0.0830748 0.1001861 0.2391487 0.0863833 0.0574978 0.1834825 0.1402193 0.3311706 0.1296995 0.1030634 0.0555452 0.0506522 0.0844421 0.0472416 0.0310893 0.0445638 0.1177526 0.0645651 0.1211166 0.0347416 0.0480995 0.0518935 0.0443194 0.0465077 0.0718212 0.0609504 0.0898954 0.1471008 0.1379830 0.1290410 0.1163910 0.1302953 0.0528342 0.1047816 0.0686744 0.0432296 0.0805938 0.0000000 0.0460259 0.0507301 0.0677803 0.0506580 0.0686020 0.0791934 0.0456936 0.0056867 0.0502554 0.0496762 0.0649857 0.0418003 0.0489512 0.0618249 0.0609576 0.0514349 0.0866270 0.0552039 0.0502947 0.0525314 0.0465226 0.0965203 0.0688128 0.0462428 0.0406077 0.0614558 0.0935043 0.0689467 0.0914049 0.0531781 0.0469043 0.0536931 0.0514714 0.1452540 0.0468015 0.0537427 0.0584580 0.0792150 0.0876704 0.1011124 0.0539797 0.0559998 0.0521218 0.0504505 0.1072512 
Perityle_gilensis_22_Superstition          0.1148224 0.0723007 0.0944675 0.1870584 0.0663809 0.0662508 0.1581896 0.1344206 0.3023530 0.1314292 0.0931957 0.0345951 0.0153755 0.0573877 0.0119188 0.0483605 0.0108815 0.1169455 0.0559439 0.0565235 0.0094820 0.0107631 0.0154834 0.0133378 0.0114747 0.0579481 0.0468084 0.0831391 0.1485150 0.1479102 0.1176350 0.1240236 0.1327786 0.0354965 0.1084132 0.0586515 0.0126204 0.0704121 0.0460259 0.0000000 0.0116128 0.0609138 0.0120993 0.0579517 0.0740943 0.0372642 0.0077434 0.0125986 0.0142097 0.0627010 0.0109058 0.0111188 0.0175401 0.0465038 0.0158400 0.0778985 0.0431647 0.0240683 0.0183432 0.0137941 0.0879624 0.0591598 0.0437612 0.0267745 0.0386595 0.0869350 0.0561854 0.0837124 0.0576723 0.0307331 0.0182356 0.0144678 0.1435640 0.0118769 0.0171977 0.0403306 0.0668018 0.0803076 0.0618246 0.0166991 0.0366495 0.0621570 0.0178407 0.1069882 
Perityle_gilensis_salensis_225             0.1165086 0.0786218 0.0928148 0.2233240 0.0687662 0.0708705 0.1696897 0.1364330 0.3309979 0.1335603 0.0938178 0.0394562 0.0211862 0.0576350 0.0158866 0.0553066 0.0210347 0.1172576 0.0594559 0.1007696 0.0149611 0.0197561 0.0046420 0.0192361 0.0165794 0.0603392 0.0488085 0.0881886 0.1477378 0.1502024 0.1248139 0.1094605 0.1359470 0.0374200 0.1058212 0.0647985 0.0158221 0.0729111 0.0507301 0.0116128 0.0000000 0.0628251 0.0189300 0.0581897 0.0803726 0.0431011 0.0093589 0.0184888 0.0185458 0.0703019 0.0177785 0.0189648 0.0291156 0.0530711 0.0193730 0.0850402 0.0463579 0.0237834 0.0244116 0.0203902 0.0891953 0.0572006 0.0443925 0.0298552 0.0435803 0.0902854 0.0581913 0.0840831 0.0559998 0.0242720 0.0241843 0.0041385 0.1462724 0.0173572 0.0229233 0.0435308 0.0746476 0.0811273 0.0919416 0.0228346 0.0411312 0.0617917 0.0225398 0.1101838 
Perityle_glaucescens_94                    0.1243635 0.0801455 0.1102428 0.2406186 0.0827277 0.0712522 0.1821005 0.1320624 0.3424543 0.1321022 0.1033406 0.0699812 0.0579786 0.1046615 0.0561984 0.0720697 0.0612677 0.1281070 0.0498238 0.1383899 0.0486280 0.0591958 0.0648359 0.0538340 0.0605649 0.0860069 0.0820704 0.0817119 0.1438947 0.1486322 0.1419204 0.1178455 0.1360458 0.0695049 0.1107290 0.0155523 0.0600450 0.0725592 0.0677803 0.0609138 0.0628251 0.0000000 0.0620813 0.0052006 0.0741344 0.0600554 0.0112933 0.0626682 0.0629665 0.0092823 0.0601362 0.0622135 0.0750356 0.0720496 0.0639563 0.0708516 0.0630745 0.0442632 0.0660045 0.0631050 0.0859324 0.0473082 0.0432601 0.0403258 0.0753607 0.0828399 0.0850513 0.0901981 0.0619152 0.0530482 0.0664449 0.0645441 0.1435770 0.0623336 0.0665084 0.0764343 0.0917635 0.0880770 0.0887774 0.0681313 0.0696543 0.0601551 0.0645732 0.1108334 
Perityle_gracilis_11                       0.1143925 0.0845876 0.0838567 0.2020620 0.0679908 0.0689942 0.1725381 0.1457556 0.3050976 0.1376558 0.0949505 0.0375855 0.0046509 0.0404052 0.0164527 0.0519922 0.0106718 0.1173201 0.0615181 0.0683570 0.0140767 0.0039981 0.0201508 0.0137234 0.0035572 0.0575018 0.0458870 0.0851536 0.1521511 0.1490144 0.1003701 0.1125636 0.1370763 0.0368589 0.1121368 0.0616064 0.0167282 0.0720103 0.0506580 0.0120993 0.0189300 0.0620813 0.0000000 0.0624401 0.0757780 0.0427826 0.0116421 0.0035788 0.0047775 0.0658796 0.0169791 0.0096518 0.0157051 0.0516563 0.0171976 0.0832701 0.0463307 0.0273867 0.0088304 0.0042071 0.0935672 0.0591840 0.0452168 0.0318127 0.0404391 0.0908864 0.0533104 0.0878242 0.0534925 0.0243787 0.0210407 0.0196093 0.1458613 0.0029675 0.0076501 0.0417859 0.0546613 0.0853070 0.0645371 0.0182896 0.0382800 0.0640676 0.0083144 0.1059996 
Perityle_harkerae_31                       0.1118589 0.0768068 0.0918240 0.2251736 0.0772761 0.0714562 0.1839858 0.1321814 0.2836120 0.1085784 0.1003302 0.0708933 0.0584391 0.0603999 0.0566894 0.0693941 0.0539374 0.1138137 0.0488084 0.1243878 0.0441794 0.0622323 0.0603506 0.0533255 0.0621391 0.0853725 0.0799810 0.0776842 0.1245485 0.1155988 0.1078605 0.1090060 0.1083960 0.0708698 0.0852964 0.0162946 0.0537333 0.0700092 0.0686020 0.0579517 0.0581897 0.0052006 0.0624401 0.0000000 0.0730693 0.0612667 0.0094361 0.0642872 0.0612334 0.0099327 0.0605106 0.0612009 0.0659288 0.0741007 0.0662394 0.0623209 0.0609623 0.0431039 0.0675179 0.0643985 0.0872833 0.0492328 0.0426884 0.0404300 0.0733032 0.0816093 0.0781535 0.0864616 0.0527343 0.0531045 0.0624762 0.0591529 0.1167455 0.0640062 0.0696729 0.0755645 0.0841628 0.0869528 0.0690535 0.0682645 0.0713690 0.0567851 0.0630799 0.0839492 
Perityle_hofmeisteria_4_nombre_de_dios     0.1354936 0.0911851 0.1222438 0.2498795 0.1009756 0.0806274 0.1818943 0.1561381 0.3623005 0.1541739 0.1257213 0.0989842 0.0794734 0.1246839 0.0599246 0.0826147 0.0832250 0.1490751 0.0664421 0.1481007 0.0613555 0.0739749 0.1015553 0.0703891 0.0790422 0.1033622 0.1164649 0.0925943 0.1601536 0.1648290 0.1542283 0.1467275 0.1549340 0.1000551 0.1318561 0.0759313 0.0723977 0.0452095 0.0791934 0.0740943 0.0803726 0.0741344 0.0757780 0.0730693 0.0000000 0.0740544 0.0168946 0.0985788 0.0990153 0.0751052 0.0727365 0.0857474 0.0915348 0.0836839 0.0802967 0.0883387 0.0747481 0.0566422 0.0862189 0.0985661 0.0922424 0.0632788 0.0520701 0.0419172 0.1091843 0.0919921 0.1079930 0.1011241 0.0740307 0.0658714 0.0762234 0.1016052 0.1637811 0.0788027 0.0861097 0.0884449 0.0911564 0.0987615 0.0881711 0.0998398 0.0849794 0.0618163 0.0862131 0.1298976 
