78
Amauria_brandeegeana_62                    0.0000000 0.1011051 0.1824634 0.2490807 0.1345163 0.3129104 0.2499231 0.2445204 0.0107411 0.1892984 0.3516188 0.1381533 0.1410828 0.1215633 0.1799470 0.1234525 0.1128193 0.1109951 0.1244042 0.1181974 0.1404205 0.2594567 0.1336789 0.1478312 0.1822032 0.1708162 0.2135784 0.2222501 0.1282873 0.3562746 0.3019491 0.1754535 0.0021577 0.1990047 0.1924104 0.2215107 0.1743979 0.3941628 0.1290775 0.1905315 0.2114087 0.1625216 0.2210672 0.1417168 0.1247140 0.1194603 0.1729270 0.1504630 0.1146466 0.1696111 0.1591226 0.1464034 0.1904642 0.1598905 0.1832204 0.1934191 0.1375566 0.1556079 0.3459590 0.1547427 0.1958334 0.1913385 0.1504328 0.1957147 0.1945735 0.3058121 0.1419687 0.1863168 0.1486765 0.3089506 0.1734643 0.1394433 0.2115912 0.1390876 0.1334331 0.1453549 0.1855689 0.1191010 
Amauria_carterae_99_mesa                   0.1011051 0.0000000 0.0975659 0.1573726 0.0916118 0.0877331 0.1952253 0.1931389 0.0752640 0.1243836 0.0491207 0.1013601 0.1095552 0.1101962 0.0975485 0.0947981 0.0961497 0.0684375 0.0878819 0.0771958 0.0947795 0.0489995 0.0646099 0.0721353 0.1092626 0.1120974 0.1332491 0.1167938 0.1055815 0.0442443 0.1098450 0.0883698 0.0697759 0.0948724 0.0542221 0.1050479 0.0874703 0.3473794 0.0601908 0.0927180 0.1064472 0.1007672 0.1190334 0.0925634 0.0906837 0.0750473 0.0949601 0.0944827 0.0792212 0.0978653 0.1055917 0.0995187 0.1332626 0.1508378 0.1338319 0.0966435 0.0898775 0.1029831 0.0744234 0.1205040 0.1008780 0.1261380 0.1075872 0.1057312 0.0903217 0.0488582 0.0806440 0.0759320 0.1150686 0.0497773 0.0910642 0.0836621 0.1205432 0.0946788 0.0946629 0.1208612 0.0971050 0.0808039 
Amauria_rotundifolia_SRR9119150            0.1824634 0.0975659 0.0000000 0.2557056 0.1499638 0.2850693 0.2924093 0.1735274 0.1604966 0.1712793 0.3733225 0.1422241 0.1200325 0.0874723 0.1556226 0.1097567 0.1030969 0.1470263 0.1219549 0.1129188 0.1112505 0.2761408 0.1408901 0.0826723 0.1659066 0.1857542 0.1696901 0.1852071 0.1955189 0.3735752 0.2871779 0.1580597 0.1366806 0.1527751 0.2014191 0.1791391 0.1610125 0.3928713 0.0719786 0.1525006 0.1734516 0.1708769 0.2216418 0.1426923 0.0942402 0.1279638 0.1584651 0.1652283 0.0885948 0.1463245 0.1730832 0.1489296 0.1755546 0.1463693 0.1663131 0.1550439 0.1153874 0.0964133 0.3186556 0.1220289 0.1460159 0.1983750 0.1779654 0.2001096 0.1808016 0.3089186 0.1414172 0.1491892 0.1929107 0.3169366 0.1569778 0.1229515 0.2174913 0.1020372 0.1521788 0.1515525 0.1547061 0.1012415 
Conoclinium_coelestinum_SRR9119114         0.2490807 0.1573726 0.2557056 0.0000000 0.2324349 0.2820437 0.2094803 0.2676714 0.2213726 0.2515343 0.3035220 0.2432901 0.2131497 0.1551777 0.2414060 0.2016447 0.1823176 0.1888969 0.2119369 0.2018209 0.2080238 0.2166148 0.2230075 0.2113796 0.2612658 0.2434437 0.2510393 0.2762130 0.2283152 0.3357687 0.2903175 0.2261233 0.2132171 0.2496428 0.2072120 0.2342385 0.2377609 0.4419807 0.2015953 0.2400170 0.2477898 0.2446317 0.2654146 0.2393616 0.1618641 0.2169134 0.2351226 0.2360768 0.1856624 0.2496180 0.2253895 0.2458782 0.2447472 0.2073847 0.2255510 0.2333155 0.2128477 0.2288810 0.2707037 0.1896485 0.2481763 0.2846083 0.2335370 0.2507713 0.2404714 0.2659085 0.2299824 0.2365270 0.2367168 0.2532044 0.2288499 0.1997864 0.2663999 0.2034909 0.2196614 0.1939432 0.2345456 0.1776576 
Eutetras_palmeri_63                        0.1345163 0.0916118 0.1499638 0.2324349 0.0000000 0.2778080 0.2310661 0.2317648 0.1147806 0.0957876 0.3362114 0.0642932 0.0675374 0.0864214 0.0736205 0.0476277 0.1057451 0.0701001 0.0524781 0.0429896 0.0688779 0.2534069 0.0438705 0.0647600 0.0709127 0.1095497 0.0873074 0.1605579 0.1358082 0.3357056 0.2362422 0.0900952 0.1099821 0.0725797 0.0995677 0.1691263 0.0631827 0.3361702 0.0569172 0.0694953 0.1779418 0.1702484 0.1511798 0.0646270 0.1259171 0.0420761 0.0757653 0.1624741 0.0357815 0.0656793 0.1001717 0.0641713 0.1428842 0.1049418 0.1283260 0.0712076 0.0704110 0.0926275 0.2774660 0.0833180 0.0693794 0.1710140 0.1016069 0.2018152 0.1922367 0.2685338 0.0608635 0.0641659 0.1428605 0.2661183 0.0684295 0.0835853 0.2202319 0.1376483 0.0598688 0.1182539 0.0714985 0.1019703 
Eutetras_pringlei_149_quer                 0.3129104 0.0877331 0.2850693 0.2820437 0.2778080 0.0000000 0.1929690 0.2423874 0.2985552 0.3015995 0.0000010 0.2896678 0.2755567 0.2167039 0.3081928 0.2925703 0.2420518 0.2526101 0.3197514 0.2845793 0.3146750 0.0000010 0.3118996 0.3758058 0.2869369 0.3000034 0.3119390 0.3135548 0.2758221 0.0027615 0.2422344 0.3132397 0.3017160 0.3110446 0.3957208 0.3060621 0.2962090 0.4580190 0.3252545 0.3225896 0.3156228 0.3106907 0.3068313 0.3204318 0.1645040 0.2836124 0.3160280 0.3090151 0.2983233 0.2984170 0.2924309 0.2948263 0.2956840 0.2708153 0.2629991 0.3156512 0.3178510 0.3018942 0.0000010 0.1551773 0.2902227 0.3193375 0.3000582 0.2666553 0.2656687 0.0027635 0.2993194 0.3198427 0.3196298 0.0027972 0.3072643 0.2187875 0.3059470 0.3109935 0.2349229 0.1353153 0.3231687 0.2857620 
Eutrochium_fistulosum_SRR9119106           0.2499231 0.1952253 0.2924093 0.2094803 0.2310661 0.1929690 0.0000000 0.2564030 0.2124561 0.2722117 0.3715253 0.2361038 0.1600436 0.1379065 0.2476326 0.1983340 0.1461559 0.2209639 0.2226917 0.1866284 0.1944837 0.3057894 0.2276276 0.1283107 0.2549811 0.2773248 0.2677065 0.2804201 0.2575031 0.3731481 0.2217655 0.2336239 0.2103143 0.2470657 0.1030890 0.2177100 0.2352305 0.3506736 0.1188910 0.2504502 0.2350212 0.2315924 0.2713664 0.2450693 0.1837825 0.2099905 0.2374725 0.2236590 0.1746192 0.2385351 0.2682072 0.2381135 0.2325385 0.1854853 0.1742288 0.2356362 0.2053241 0.1554304 0.2979498 0.1678984 0.2386698 0.2903275 0.2740118 0.2838459 0.2565499 0.2962919 0.2319981 0.2328404 0.2572112 0.2903528 0.2393655 0.1685201 0.2780491 0.2032920 0.2322542 0.2150130 0.2352614 0.1821005 
Helianthus_annuus_SRR9119062               0.2445204 0.1931389 0.1735274 0.2676714 0.2317648 0.2423874 0.2564030 0.0000000 0.2216135 0.2317422 0.1600896 0.2366420 0.2550158 0.1745442 0.2253721 0.2157238 0.1833548 0.2445241 0.2125127 0.2088291 0.2252018 0.1478137 0.2085220 0.2219143 0.2414223 0.2697469 0.2359815 0.2175286 0.2054981 0.2233112 0.3022465 0.1923325 0.2195872 0.2314467 0.3352835 0.2382420 0.2257418 0.4625510 0.2152379 0.2254815 0.2404970 0.2457384 0.2432455 0.2240910 0.2170248 0.2104738 0.2228825 0.2291660 0.2014353 0.2312933 0.2546986 0.2369359 0.2387994 0.2335904 0.2766566 0.2233136 0.2123565 0.2588826 0.2413005 0.2338414 0.2365244 0.2337654 0.2657303 0.2305111 0.2335928 0.2234105 0.2152228 0.2201829 0.2150623 0.2304672 0.2179178 0.1980478 0.2465667 0.2158880 0.2359735 0.2352474 0.2240403 0.1871719 
Lycapsus_tenuifolius_17                    0.0107411 0.0752640 0.1604966 0.2213726 0.1147806 0.2985552 0.2124561 0.2216135 0.0000000 0.1648041 0.3290930 0.1186607 0.1219340 0.0875986 0.1383508 0.1035206 0.0914752 0.0872020 0.1041840 0.0988813 0.1191706 0.2323948 0.1135895 0.1227652 0.1375454 0.1396963 0.1576389 0.1535433 0.0815462 0.3343171 0.2945964 0.1120756 0.0102498 0.1496711 0.1771118 0.1569997 0.1386468 0.3783535 0.1066986 0.1466086 0.1607128 0.1424551 0.1767042 0.1220134 0.1047781 0.0964150 0.1481761 0.1279670 0.0946464 0.1385675 0.1280610 0.1287383 0.1615916 0.1251562 0.1301731 0.1429299 0.1149494 0.1407000 0.3240181 0.0947802 0.1440589 0.1590054 0.1210223 0.1813627 0.1790301 0.2817471 0.1253864 0.1359135 0.1025672 0.2923036 0.1282160 0.1184417 0.1989686 0.1211516 0.1091802 0.1090731 0.1418235 0.0962433 
Pericome_caudata_50_silver                 0.1892984 0.1243836 0.1712793 0.2515343 0.0957876 0.3015995 0.2722117 0.2317422 0.1648041 0.0000000 0.3390221 0.1119598 0.1135170 0.1344487 0.1170836 0.0857603 0.1503401 0.0998014 0.0968573 0.0835353 0.0905406 0.2475384 0.0846251 0.1001761 0.1168633 0.1700814 0.1361373 0.1712194 0.1955583 0.3564805 0.3419601 0.1391567 0.1441289 0.1091146 0.2132222 0.1913909 0.1305809 0.3951611 0.0881126 0.1049858 0.1956071 0.1797076 0.1970848 0.1038704 0.1353480 0.0964420 0.1112927 0.1668262 0.0725641 0.1108259 0.1593132 0.1103909 0.1950478 0.1546419 0.1956094 0.1078073 0.0985733 0.1188940 0.3534064 0.1464815 0.1098298 0.1863314 0.1584041 0.2093789 0.2060498 0.2938905 0.1110725 0.1004760 0.2078404 0.3048080 0.1056833 0.1398243 0.2261019 0.1337538 0.1148181 0.1798298 0.1073313 0.1366325 
Perityle_aglossa_84_dead_horse             0.3516188 0.0491207 0.3733225 0.3035220 0.3362114 0.0000010 0.3715253 0.1600896 0.3290930 0.3390221 0.0000000 0.2619474 0.2820404 0.2308201 0.3268377 0.2339795 0.2159032 0.2714147 0.2734317 0.2361976 0.2487586 0.0000010 0.3385563 0.3009340 0.3107007 0.2932137 0.3480331 0.3646737 0.3376512 0.0058999 0.1888074 0.3073515 0.3237512 0.3344292 0.2751977 0.3392678 0.3202565 0.4787431 0.2553535 0.3424853 0.3506743 0.3165140 0.3731005 0.3283573 0.1276228 0.2986059 0.3561157 0.3290539 0.2203443 0.3162577 0.2703165 0.3042939 0.2782476 0.2337331 0.2362912 0.3404537 0.2630660 0.2338692 0.0000010 0.1240801 0.3047506 0.3753795 0.2662513 0.2889190 0.2838124 0.0023226 0.3204855 0.3407084 0.3399983 0.0023667 0.3317308 0.1775058 0.3111599 0.1979042 0.3065928 0.1361411 0.3460799 0.1900240 
Perityle_ajoensis_204                      0.1381533 0.1013601 0.1422241 0.2432901 0.0642932 0.2896678 0.2361038 0.2366420 0.1186607 0.1119598 0.2619474 0.0000000 0.0805822 0.0719554 0.0740850 0.0148310 0.1067419 0.0838747 0.0461742 0.0539904 0.0819485 0.2358149 0.0484255 0.0778449 0.0438387 0.1086043 0.0712379 0.1621542 0.1415704 0.2996424 0.2409667 0.1079595 0.1178438 0.0851723 0.1075582 0.1674376 0.0539236 0.3521869 0.0774357 0.0814993 0.1757437 0.1716609 0.1502887 0.0797325 0.1264798 0.0461093 0.0905211 0.1655761 0.0361245 0.0287622 0.0994183 0.0262762 0.1441907 0.0836809 0.1392706 0.0867431 0.0814756 0.1085330 0.2789511 0.0968395 0.0238381 0.1729286 0.1018942 0.2028191 0.1863958 0.2705344 0.0702085 0.0781449 0.1481094 0.2619310 0.0821660 0.0794307 0.2181270 0.1397306 0.0169182 0.1234951 0.0870342 0.1014000 
Perityle_ambrosiifolia_67_green            0.1410828 0.1095552 0.1200325 0.2131497 0.0675374 0.2755567 0.1600436 0.2550158 0.1219340 0.1135170 0.2820404 0.0805822 0.0000000 0.0731416 0.0951012 0.0579816 0.1080330 0.0883910 0.0467598 0.0175533 0.0321924 0.2590174 0.0244643 0.0163643 0.0711577 0.1148145 0.1072522 0.1561426 0.1323340 0.2932245 0.2116956 0.1082955 0.1222922 0.0435751 0.0726120 0.1593654 0.0567535 0.2474725 0.0142049 0.0368936 0.1694320 0.1621226 0.1538235 0.0358314 0.1295723 0.0267001 0.0360785 0.1568981 0.0223761 0.0779698 0.1045948 0.0722945 0.1150802 0.1094058 0.1290013 0.0389223 0.0306220 0.1016271 0.2896442 0.1005238 0.0873851 0.1673447 0.1087035 0.1854185 0.1649580 0.2650536 0.0234576 0.0302561 0.1293924 0.2563443 0.0321861 0.0715201 0.2032656 0.1540420 0.0726997 0.0946617 0.0360361 0.1172072 
Perityle_angustifolia_13_Eagle_creek       0.1215633 0.1101962 0.0874723 0.1551777 0.0864214 0.2167039 0.1379065 0.1745442 0.0875986 0.1344487 0.2308201 0.0719554 0.0731416 0.0000000 0.1104015 0.0701812 0.1143253 0.0740135 0.0633595 0.0548709 0.0652450 0.1925733 0.0891121 0.0564063 0.0906427 0.1319583 0.1276799 0.1334381 0.1003024 0.2407120 0.1865905 0.1309834 0.0877865 0.0890738 0.0776113 0.1243484 0.0770116 0.1993455 0.0850957 0.0860389 0.1288348 0.1266715 0.1630437 0.0878369 0.0984488 0.0741547 0.0728132 0.1142250 0.0620643 0.0899738 0.1207837 0.0796863 0.0780284 0.1145102 0.1485345 0.0776882 0.0628554 0.1032957 0.2208760 0.0969745 0.0796128 0.1436213 0.1182159 0.1373375 0.1365073 0.1907581 0.0662845 0.0958336 0.1002928 0.1820515 0.0802331 0.1249628 0.1517884 0.1121057 0.0649068 0.0798521 0.0782130 0.0948090 
Perityle_batopilensis_97                   0.1799470 0.0975485 0.1556226 0.2414060 0.0736205 0.3081928 0.2476326 0.2253721 0.1383508 0.1170836 0.3268377 0.0740850 0.0951012 0.1104015 0.0000000 0.0543434 0.1217414 0.1009691 0.0591094 0.0617345 0.0804682 0.2456602 0.0576300 0.0876168 0.0910708 0.1157490 0.0923683 0.2234589 0.1647699 0.3496436 0.2916508 0.1159530 0.1204199 0.0962390 0.1594396 0.2293038 0.0938292 0.3632618 0.0779518 0.0933274 0.2276461 0.1739604 0.1727181 0.0801589 0.1414595 0.0538072 0.0890577 0.1655968 0.0516550 0.0711994 0.1071964 0.0689142 0.1903263 0.1190158 0.1532461 0.0882512 0.0801415 0.1075128 0.3255136 0.1222716 0.0742647 0.1927989 0.1071469 0.1929258 0.1862266 0.3011475 0.0822088 0.0845377 0.1922606 0.3086749 0.0893988 0.0943216 0.2115618 0.1433233 0.0651061 0.1355202 0.0861129 0.1109339 
Perityle_bisetosa_9                        0.1234525 0.0947981 0.1097567 0.2016447 0.0476277 0.2925703 0.1983340 0.2157238 0.1035206 0.0857603 0.2339795 0.0148310 0.0579816 0.0701812 0.0543434 0.0000000 0.0861490 0.0673165 0.0279282 0.0378088 0.0603920 0.2339321 0.0306090 0.0653546 0.0396048 0.1059647 0.0632813 0.1400575 0.1133523 0.2915387 0.2955072 0.0968169 0.1035042 0.0637442 0.1371135 0.1579812 0.0325748 0.3623355 0.0576622 0.0607421 0.1665891 0.1557684 0.1496445 0.0585018 0.1098799 0.0277743 0.0678813 0.1473267 0.0277427 0.0181355 0.0945126 0.0120969 0.1168455 0.0756037 0.1239131 0.0651241 0.0605167 0.0948396 0.3504048 0.0922361 0.0185999 0.1500359 0.0898645 0.1919184 0.1784632 0.2839038 0.0503711 0.0575043 0.1167582 0.2943541 0.0592956 0.0631368 0.2026676 0.1311309 0.0100120 0.1374452 0.0645228 0.0921966 
Perityle_californica_76_positas            0.1128193 0.0961497 0.1030969 0.1823176 0.1057451 0.2420518 0.1461559 0.1833548 0.0914752 0.1503401 0.2159032 0.1067419 0.1080330 0.1143253 0.1217414 0.0861490 0.0000000 0.1055712 0.1157516 0.0887150 0.1102589 0.2189186 0.1071946 0.1200569 0.1121866 0.1264188 0.1360685 0.1399280 0.1332883 0.2181951 0.1015867 0.1155207 0.0930492 0.1266674 0.0991712 0.1152802 0.1167500 0.2692626 0.1157258 0.1221883 0.1184716 0.1168778 0.1624334 0.1235152 0.0724159 0.1058570 0.1102711 0.1146166 0.0895467 0.1120890 0.1206336 0.1082798 0.1340931 0.1499621 0.1707357 0.1087389 0.1080675 0.1154934 0.2437088 0.1374615 0.1087321 0.1519553 0.1274660 0.1564903 0.1262839 0.2132532 0.0969322 0.1151214 0.1353357 0.2113819 0.1252757 0.1374416 0.1745580 0.1090012 0.0999477 0.1252754 0.1156257 0.0126352 
Perityle_canescens_77                      0.1109951 0.0684375 0.1470263 0.1888969 0.0701001 0.2526101 0.2209639 0.2445241 0.0872020 0.0998014 0.2714147 0.0838747 0.0883910 0.0740135 0.1009691 0.0673165 0.1055712 0.0000000 0.0766949 0.0718541 0.0942609 0.2495772 0.0731711 0.0897167 0.0851932 0.1244976 0.1167257 0.1290302 0.1234884 0.2805849 0.2313404 0.0950943 0.0869685 0.0999789 0.1014974 0.1465799 0.0875291 0.3264606 0.0892623 0.0929388 0.1526839 0.1504271 0.1451291 0.0908388 0.1003366 0.0672471 0.1027767 0.1452092 0.0593726 0.0801534 0.1160865 0.0841398 0.1404157 0.1101960 0.1405756 0.0982325 0.0933404 0.1094120 0.2542224 0.1007885 0.0830187 0.1408968 0.1184446 0.1962129 0.1776155 0.2483510 0.0860374 0.0918568 0.1361219 0.2417074 0.0907074 0.0966929 0.2054061 0.1249240 0.0710399 0.1097336 0.0964219 0.0925528 
Perityle_castillonii_96                    0.1244042 0.0878819 0.1219549 0.2119369 0.0524781 0.3197514 0.2226917 0.2125127 0.1041840 0.0968573 0.2734317 0.0461742 0.0467598 0.0633595 0.0591094 0.0279282 0.1157516 0.0766949 0.0000000 0.0271962 0.0452497 0.2518334 0.0213454 0.0454811 0.0666297 0.1030625 0.0705037 0.1318576 0.1250708 0.3221994 0.2909517 0.0950091 0.1018620 0.0485934 0.1284234 0.1521463 0.0112418 0.3465071 0.0344540 0.0484584 0.1626487 0.1547973 0.1459520 0.0402797 0.1189788 0.0149506 0.0527661 0.1447004 0.0203998 0.0464376 0.0914688 0.0452872 0.1177444 0.0970616 0.1232195 0.0502514 0.0454301 0.0906920 0.3593004 0.0915760 0.0466125 0.1440506 0.0892717 0.1818825 0.1697863 0.3029748 0.0376833 0.0430790 0.1268621 0.3100722 0.0442616 0.0747821 0.2007623 0.1280630 0.0383834 0.1279322 0.0504188 0.1081386 
Perityle_cernua_84                         0.1181974 0.0771958 0.1129188 0.2018209 0.0429896 0.2845793 0.1866284 0.2088291 0.0988813 0.0835353 0.2361976 0.0539904 0.0175533 0.0548709 0.0617345 0.0378088 0.0887150 0.0718541 0.0271962 0.0000000 0.0189556 0.2352121 0.0185376 0.0128333 0.0462084 0.0942964 0.0721725 0.1341769 0.1139982 0.2669341 0.2260522 0.0918631 0.0947489 0.0335474 0.0774667 0.1337634 0.0343116 0.3056773 0.0097896 0.0300115 0.1467831 0.1394554 0.1301139 0.0230385 0.1028741 0.0171587 0.0266935 0.1335759 0.0195619 0.0506370 0.0814253 0.0531727 0.1154753 0.0779813 0.1072198 0.0274216 0.0241289 0.0734978 0.2821844 0.0798134 0.0569412 0.1453216 0.0875540 0.1837243 0.1552743 0.2658746 0.0180930 0.0223723 0.1223723 0.2627835 0.0258367 0.0698192 0.1864668 0.1075246 0.0466601 0.0955433 0.0266234 0.0799743 
Perityle_cfvillosa_25_tin                  0.1404205 0.0947795 0.1112505 0.2080238 0.0688779 0.3146750 0.1944837 0.2252018 0.1191706 0.0905406 0.2487586 0.0819485 0.0321924 0.0652450 0.0804682 0.0603920 0.1102589 0.0942609 0.0452497 0.0189556 0.0000000 0.2440221 0.0226674 0.0535990 0.0653912 0.1134920 0.1035503 0.1411700 0.1234848 0.3017380 0.2953305 0.1056983 0.1207072 0.0341124 0.1482220 0.1654347 0.0554173 0.3478572 0.0234767 0.0337344 0.1770693 0.1629040 0.1645085 0.0323799 0.1345353 0.0080417 0.0043594 0.1504315 0.0257999 0.0737386 0.1009261 0.0777277 0.1188598 0.1161795 0.1302611 0.0056651 0.0014153 0.0982825 0.3658598 0.1076729 0.0798893 0.1544014 0.0998451 0.1929085 0.1745039 0.3009289 0.0166239 0.0275298 0.1253320 0.3052759 0.0283903 0.0736043 0.2025388 0.1436003 0.0714817 0.1241867 0.0028196 0.1032165 
Perityle_cinerea_113_Powell1310            0.2594567 0.0489995 0.2761408 0.2166148 0.2534069 0.0000010 0.3057894 0.1478137 0.2323948 0.2475384 0.0000010 0.2358149 0.2590174 0.1925733 0.2456602 0.2339321 0.2189186 0.2495772 0.2518334 0.2352121 0.2440221 0.0000000 0.2598967 0.2980978 0.2433658 0.2284562 0.2549314 0.2619697 0.2588253 0.0000010 0.1658474 0.2503040 0.2379494 0.2574562 0.2516939 0.2562770 0.2368630 0.4715480 0.2502019 0.2643011 0.2682562 0.2567088 0.2662399 0.2695792 0.1395485 0.2123887 0.2741735 0.2624924 0.2189494 0.2463697 0.2178332 0.2360707 0.2260194 0.2480228 0.2388482 0.2616490 0.2599883 0.2292244 0.0000010 0.1256113 0.2332652 0.2724515 0.2253664 0.2509646 0.2478765 0.0023572 0.2560192 0.2651853 0.2608998 0.0024281 0.2492524 0.1920839 0.2858357 0.1955893 0.2333467 0.1364277 0.2673869 0.1801942 
Perityle_coahuilensis_24                   0.1336789 0.0646099 0.1408901 0.2230075 0.0438705 0.3118996 0.2276276 0.2085220 0.1135895 0.0846251 0.3385563 0.0484255 0.0244643 0.0891121 0.0576300 0.0306090 0.1071946 0.0731711 0.0213454 0.0185376 0.0226674 0.2598967 0.0000000 0.0517054 0.0480282 0.0913296 0.0934579 0.1425179 0.1350087 0.3625965 0.3001189 0.0966468 0.1085893 0.0259904 0.1254979 0.1896118 0.0388344 0.3382428 0.0000010 0.0244806 0.1825282 0.1537199 0.1847218 0.0207912 0.1073066 0.0131058 0.0265723 0.1402586 0.0128236 0.0449807 0.0829267 0.0485455 0.1367614 0.0877593 0.1140283 0.0237270 0.0219731 0.0787975 0.3967492 0.0817740 0.0540874 0.1502348 0.0760432 0.1870526 0.1796865 0.3089465 0.0215917 0.0000010 0.1422981 0.3161131 0.0191238 0.0727199 0.2120070 0.1292276 0.0448261 0.1066174 0.0228153 0.1022674 
Perityle_cochisensis_44_cave_creek         0.1478312 0.0721353 0.0826723 0.2113796 0.0647600 0.3758058 0.1283107 0.2219143 0.1227652 0.1001761 0.3009340 0.0778449 0.0163643 0.0564063 0.0876168 0.0653546 0.1200569 0.0897167 0.0454811 0.0128333 0.0535990 0.2980978 0.0517054 0.0000000 0.0698821 0.1309542 0.1257704 0.1504847 0.1164499 0.3706013 0.3140273 0.1101422 0.1405757 0.0667713 0.1538220 0.1644765 0.0461885 0.2517676 0.0299168 0.0421794 0.1770463 0.1594949 0.1816876 0.0550117 0.1268537 0.0189740 0.0348113 0.1491562 0.0249494 0.0728064 0.1138484 0.0746175 0.0825122 0.1199022 0.1325185 0.0520085 0.0576917 0.1021230 0.4670698 0.1100310 0.1014994 0.1595532 0.1147098 0.1993345 0.1839834 0.3698107 0.0212445 0.0555733 0.1089253 0.3809178 0.0249752 0.0794192 0.1971284 0.1401026 0.0710552 0.0944599 0.0592673 0.1183615 
Perityle_congesta_202                      0.1822032 0.1092626 0.1659066 0.2612658 0.0709127 0.2869369 0.2549811 0.2414223 0.1375454 0.1168633 0.3107007 0.0438387 0.0711577 0.0906427 0.0910708 0.0396048 0.1121866 0.0851932 0.0666297 0.0462084 0.0653912 0.2433658 0.0480282 0.0698821 0.0000000 0.1040592 0.0952003 0.1995764 0.1583966 0.3442012 0.2895138 0.1141265 0.1228658 0.0668636 0.1536644 0.2113210 0.1050061 0.3634830 0.0656262 0.0656865 0.2193202 0.1767828 0.1804429 0.0661429 0.1301523 0.0531477 0.0697207 0.1668280 0.0405262 0.0546349 0.0955057 0.0496425 0.1875121 0.0901795 0.1381498 0.0621557 0.0612152 0.1102419 0.3077801 0.1032352 0.0532338 0.1932143 0.0972547 0.2093479 0.1975066 0.2859591 0.0578481 0.0563804 0.1907520 0.2980026 0.0603502 0.0771472 0.2229761 0.1412834 0.0447129 0.1466827 0.0632429 0.1013046 
Perityle_cordifolia_27                     0.1708162 0.1120974 0.1857542 0.2434437 0.1095497 0.3000034 0.2773248 0.2697469 0.1396963 0.1700814 0.2932137 0.1086043 0.1148145 0.1319583 0.1157490 0.1059647 0.1264188 0.1244976 0.1030625 0.0942964 0.1134920 0.2284562 0.0913296 0.1309542 0.1040592 0.0000000 0.1410603 0.1791023 0.1545388 0.3283923 0.3030432 0.1312774 0.1451609 0.1209282 0.1970765 0.2056755 0.1105577 0.3950065 0.1093929 0.1120036 0.2129794 0.1947733 0.1705577 0.1111537 0.1474423 0.0846450 0.1180916 0.1820830 0.0890074 0.1049291 0.0075843 0.1035308 0.1960800 0.1445008 0.0644792 0.1130290 0.1107472 0.1488991 0.3697573 0.0211709 0.1129942 0.1878277 0.0062426 0.2267047 0.2060654 0.2934675 0.1026626 0.1112102 0.1539543 0.3082260 0.1019723 0.1182558 0.2331556 0.1731133 0.0898147 0.1447749 0.1144293 0.1377054 
Perityle_cordifolia_68_tecolote            0.2135784 0.1332491 0.1696901 0.2510393 0.0873074 0.3119390 0.2677065 0.2359815 0.1576389 0.1361373 0.3480331 0.0712379 0.1072522 0.1276799 0.0923683 0.0632813 0.1360685 0.1167257 0.0705037 0.0721725 0.1035503 0.2549314 0.0934579 0.1257704 0.0952003 0.1410603 0.0000000 0.2255901 0.1815487 0.3626109 0.3170641 0.1274302 0.1556347 0.1176307 0.1709568 0.2920532 0.1051244 0.3885639 0.0884265 0.1032712 0.2641090 0.1874353 0.2637595 0.1171985 0.1508116 0.0599909 0.1022661 0.1782230 0.0654252 0.0777075 0.1285192 0.0783452 0.2012486 0.0178712 0.1673633 0.1104768 0.1336384 0.1241522 0.4132742 0.1374637 0.1111684 0.1966286 0.1236573 0.2540029 0.2371745 0.3012202 0.0976314 0.1164488 0.2041022 0.3017496 0.1017135 0.1272483 0.2627444 0.1615385 0.0713715 0.1623699 0.1082605 0.1262675 
Perityle_coronopifolia_28_patagonia        0.2222501 0.1167938 0.1852071 0.2762130 0.1605579 0.3135548 0.2804201 0.2175286 0.1535433 0.1712194 0.3646737 0.1621542 0.1561426 0.1334381 0.2234589 0.1400575 0.1399280 0.1290302 0.1318576 0.1341769 0.1411700 0.2619697 0.1425179 0.1504847 0.1995764 0.1791023 0.2255901 0.0000000 0.1586715 0.3500018 0.3215227 0.1896474 0.1394576 0.2052441 0.2338620 0.1616676 0.1973750 0.3859699 0.1364699 0.1990864 0.1666394 0.1057587 0.2182911 0.1473274 0.0773785 0.1349783 0.1699521 0.1034027 0.1178504 0.1816306 0.1691413 0.1640109 0.2226761 0.1830835 0.1743005 0.2044409 0.1415800 0.1447741 0.3556668 0.1361409 0.2163720 0.0045341 0.1633721 0.1929663 0.1805397 0.3007691 0.1559136 0.1979838 0.1787164 0.3085445 0.1868135 0.1523407 0.2115202 0.1119421 0.1584191 0.1766552 0.1811740 0.1361506 
Perityle_crassifolia_70_ventanas           0.1282873 0.1055815 0.1955189 0.2283152 0.1358082 0.2758221 0.2575031 0.2054981 0.0815462 0.1955583 0.3376512 0.1415704 0.1323340 0.1003024 0.1647699 0.1133523 0.1332883 0.1234884 0.1250708 0.1139982 0.1234848 0.2588253 0.1350087 0.1164499 0.1583966 0.1545388 0.1815487 0.1586715 0.0000000 0.3111538 0.2453261 0.1085583 0.0624974 0.1483041 0.0996769 0.1641243 0.1529011 0.3567914 0.1099548 0.1521489 0.1669803 0.1534760 0.1959755 0.1419194 0.1146210 0.1347302 0.1561044 0.1509039 0.1005259 0.1515506 0.1399712 0.1459658 0.1725100 0.1432166 0.1422269 0.1491411 0.1201043 0.1338947 0.2661718 0.0903433 0.1524557 0.1642764 0.1432918 0.2099879 0.1917601 0.2608985 0.1412626 0.1452526 0.0126444 0.2595362 0.1475767 0.1439425 0.2110474 0.1344832 0.1221077 0.1305592 0.1507415 0.1039193 
Perityle_crassifolia_74_playa_balandra     0.3562746 0.0442443 0.3735752 0.3357687 0.3357056 0.0027615 0.3731481 0.2233112 0.3343171 0.3564805 0.0058999 0.2996424 0.2932245 0.2407120 0.3496436 0.2915387 0.2181951 0.2805849 0.3221994 0.2669341 0.3017380 0.0000010 0.3625965 0.3706013 0.3442012 0.3283923 0.3626109 0.3500018 0.3111538 0.0000000 0.2374509 0.3299533 0.3384970 0.3612477 0.4093861 0.3217646 0.3286114 0.5496050 0.3230598 0.3657325 0.3320070 0.3252052 0.3551819 0.3660375 0.1330664 0.3226679 0.3754660 0.3239849 0.2827026 0.3426457 0.3088079 0.3380714 0.3053922 0.2464623 0.2203640 0.3644820 0.3143202 0.2920883 0.0000010 0.1067029 0.3379425 0.3519749 0.3059683 0.3137386 0.3157496 0.0020164 0.3547810 0.3667118 0.3551024 0.0020239 0.3583674 0.1928600 0.3398722 0.2535102 0.2972910 0.1716034 0.3678282 0.2547095 
Perityle_cuneata_34_cuneata_San_antonio    0.3019491 0.1098450 0.2871779 0.2903175 0.2362422 0.2422344 0.2217655 0.3022465 0.2945964 0.3419601 0.1888074 0.2409667 0.2116956 0.1865905 0.2916508 0.2955072 0.1015867 0.2313404 0.2909517 0.2260522 0.2953305 0.1658474 0.3001189 0.3140273 0.2895138 0.3030432 0.3170641 0.3215227 0.2453261 0.2374509 0.0000000 0.2730867 0.2911313 0.2962947 0.3211696 0.3049387 0.2331239 0.4512192 0.2895455 0.2968358 0.3059623 0.2741261 0.3022587 0.2989702 0.1284143 0.2656442 0.2940176 0.2855929 0.2828462 0.2804648 0.2976310 0.2681084 0.2693026 0.2449358 0.2411138 0.2947496 0.2948659 0.2773757 0.2917298 0.1827782 0.3054825 0.3290668 0.2810497 0.3047017 0.2860762 0.2339008 0.2817361 0.3065139 0.2857621 0.2415234 0.2768835 0.1768207 0.3142120 0.2971070 0.1999134 0.1356488 0.2983271 0.2204805 
Perityle_cuneata_4                         0.1754535 0.0883698 0.1580597 0.2261233 0.0900952 0.3132397 0.2336239 0.1923325 0.1120756 0.1391567 0.3073515 0.1079595 0.1082955 0.1309834 0.1159530 0.0968169 0.1155207 0.0950943 0.0950091 0.0918631 0.1056983 0.2503040 0.0966468 0.1101422 0.1141265 0.1312774 0.1274302 0.1896474 0.1085583 0.3299533 0.2730867 0.0000000 0.0971508 0.1149540 0.1977051 0.2088367 0.1342540 0.3933578 0.1028566 0.1099354 0.2013823 0.1428186 0.1786855 0.1085142 0.0998900 0.0789078 0.1109257 0.1296987 0.0852624 0.0994502 0.1204009 0.1058299 0.1936780 0.1394101 0.1609138 0.1136967 0.1045516 0.1243476 0.3443193 0.1031237 0.1123827 0.1560556 0.1159401 0.1966216 0.1814330 0.2999591 0.1108593 0.1086470 0.1350408 0.3086049 0.1011993 0.1628889 0.2043915 0.1214849 0.0934251 0.1210201 0.1103953 0.1133383 
Perityle_discoidea_81                      0.0021577 0.0697759 0.1366806 0.2132171 0.1099821 0.3017160 0.2103143 0.2195872 0.0102498 0.1441289 0.3237512 0.1178438 0.1222922 0.0877865 0.1204199 0.1035042 0.0930492 0.0869685 0.1018620 0.0947489 0.1207072 0.2379494 0.1085893 0.1405757 0.1228658 0.1451609 0.1556347 0.1394576 0.0624974 0.3384970 0.2911313 0.0971508 0.0000000 0.1347053 0.1820655 0.1517521 0.1232477 0.3677106 0.1113056 0.1306498 0.1531816 0.1402853 0.1739892 0.1233398 0.1020413 0.0943993 0.1327332 0.1290066 0.0958054 0.1235296 0.1327617 0.1265198 0.1390458 0.1273158 0.1323810 0.1293347 0.1155210 0.1381467 0.3548800 0.0976516 0.1332397 0.1379082 0.1225154 0.1681116 0.1564286 0.2865473 0.1137134 0.1241063 0.0746009 0.2933997 0.1143680 0.1187384 0.1800213 0.1232359 0.1060740 0.1051207 0.1281862 0.0976707 
Perityle_dissecta_201                      0.1990047 0.0948724 0.1527751 0.2496428 0.0725797 0.3110446 0.2470657 0.2314467 0.1496711 0.1091146 0.3344292 0.0851723 0.0435751 0.0890738 0.0962390 0.0637442 0.1266674 0.0999789 0.0485934 0.0335474 0.0341124 0.2574562 0.0259904 0.0667713 0.0668636 0.1209282 0.1176307 0.2052441 0.1483041 0.3612477 0.2962947 0.1149540 0.1347053 0.0000000 0.1527271 0.2474813 0.0921376 0.3583015 0.0323014 0.0416863 0.2397291 0.1726494 0.2176426 0.0354822 0.1377909 0.0307944 0.0384105 0.1569575 0.0345519 0.0776394 0.1098295 0.0827145 0.1787152 0.1153221 0.1322694 0.0353452 0.0367719 0.1050949 0.3853828 0.1129306 0.0918488 0.1791997 0.1089985 0.2132554 0.2029655 0.3056609 0.0366837 0.0320085 0.1771702 0.3130452 0.0348705 0.0746606 0.2372310 0.1453470 0.0817266 0.1328227 0.0360169 0.1085112 
Perityle_emoryi_47_punta_san_jose          0.1924104 0.0542221 0.2014191 0.2072120 0.0995677 0.3957208 0.1030890 0.3352835 0.1771118 0.2132222 0.2751977 0.1075582 0.0726120 0.0776113 0.1594396 0.1371135 0.0991712 0.1014974 0.1284234 0.0774667 0.1482220 0.2516939 0.1254979 0.1538220 0.1536644 0.1970765 0.1709568 0.2338620 0.0996769 0.4093861 0.3211696 0.1977051 0.1820655 0.1527271 0.0000000 0.2353669 0.0867396 0.3202060 0.1457931 0.1553913 0.2401268 0.2142778 0.2112707 0.1470664 0.0985863 0.1197101 0.1491557 0.2240949 0.1320458 0.1422574 0.1827491 0.1227422 0.1786023 0.1052426 0.1228840 0.1530069 0.1481503 0.1932432 0.5246690 0.0631190 0.1562812 0.2319356 0.1758571 0.2477977 0.2303539 0.4005274 0.1371532 0.1482702 0.1421353 0.4546756 0.1388591 0.0872452 0.2308163 0.2326057 0.0559077 0.0784932 0.1500674 0.2176130 
Perityle_feddemae_99                       0.2215107 0.1050479 0.1791391 0.2342385 0.1691263 0.3060621 0.2177100 0.2382420 0.1569997 0.1913909 0.3392678 0.1674376 0.1593654 0.1243484 0.2293038 0.1579812 0.1152802 0.1465799 0.1521463 0.1337634 0.1654347 0.2562770 0.1896118 0.1644765 0.2113210 0.2056755 0.2920532 0.1616676 0.1641243 0.3217646 0.3049387 0.2088367 0.1517521 0.2474813 0.2353669 0.0000000 0.1910091 0.3824326 0.1373978 0.2183405 0.0216055 0.0171251 0.2619827 0.1934557 0.0433939 0.1431697 0.1868402 0.0110390 0.1354224 0.1905466 0.1900092 0.1739338 0.2341363 0.1667185 0.1603720 0.2325974 0.1987139 0.1601265 0.4439014 0.1355705 0.2774431 0.1258496 0.1773660 0.2421531 0.2116419 0.2982038 0.1612790 0.2472409 0.1834185 0.3087788 0.1973976 0.1352094 0.2142047 0.0697997 0.1600730 0.1819269 0.2177306 0.1366896 
Perityle_fosteri_93                        0.1743979 0.0874703 0.1610125 0.2377609 0.0631827 0.2962090 0.2352305 0.2257418 0.1386468 0.1305809 0.3202565 0.0539236 0.0567535 0.0770116 0.0938292 0.0325748 0.1167500 0.0875291 0.0112418 0.0343116 0.0554173 0.2368630 0.0388344 0.0461885 0.1050061 0.1105577 0.1051244 0.1973750 0.1529011 0.3286114 0.2331239 0.1342540 0.1232477 0.0921376 0.0867396 0.1910091 0.0000000 0.3337820 0.0411841 0.0895708 0.2015344 0.1682858 0.1733258 0.0567740 0.1295759 0.0258755 0.0781803 0.1640118 0.0304724 0.0791938 0.1013579 0.0557103 0.1792479 0.1054989 0.1328062 0.0905126 0.0562175 0.1064561 0.2786377 0.0940100 0.0825117 0.1924354 0.1048456 0.2034065 0.1925203 0.2664960 0.0603604 0.0849008 0.1869064 0.2612941 0.0854140 0.0753645 0.2213155 0.1356689 0.0504325 0.1156893 0.0879935 0.1064754 
Perityle_gamon_221                         0.3941628 0.3473794 0.3928713 0.4419807 0.3361702 0.4580190 0.3506736 0.4625510 0.3783535 0.3951611 0.4787431 0.3521869 0.2474725 0.1993455 0.3632618 0.3623355 0.2692626 0.3264606 0.3465071 0.3056773 0.3478572 0.4715480 0.3382428 0.2517676 0.3634830 0.3950065 0.3885639 0.3859699 0.3567914 0.5496050 0.4512192 0.3933578 0.3677106 0.3583015 0.3202060 0.3824326 0.3337820 0.0000000 0.2890113 0.3610427 0.3930531 0.3812948 0.2783180 0.3596158 0.2749754 0.3479527 0.3597975 0.3783339 0.3331097 0.3578340 0.3795275 0.3468991 0.3975107 0.1805609 0.1850821 0.3561137 0.3423209 0.3420564 0.5835992 0.1289439 0.3586114 0.3881889 0.3927344 0.4143663 0.3632255 0.5376959 0.3426185 0.3478690 0.3950268 0.5595049 0.3555818 0.1463997 0.4041604 0.3845255 0.3093464 0.3177621 0.3581030 0.3997278 
Perityle_gilensis_22_Superstition          0.1290775 0.0601908 0.0719786 0.2015953 0.0569172 0.3252545 0.1188910 0.2152379 0.1066986 0.0881126 0.2553535 0.0774357 0.0142049 0.0850957 0.0779518 0.0576622 0.1157258 0.0892623 0.0344540 0.0097896 0.0234767 0.2502019 0.0000010 0.0299168 0.0656262 0.1093929 0.0884265 0.1364699 0.1099548 0.3230598 0.2895455 0.1028566 0.1113056 0.0323014 0.1457931 0.1373978 0.0411841 0.2890113 0.0000000 0.0225046 0.1490212 0.1522724 0.1379380 0.0253156 0.1166085 0.0129058 0.0245100 0.1379674 0.0116735 0.0685029 0.0991841 0.0732630 0.0868919 0.1116614 0.1340184 0.0272821 0.0218313 0.0918942 0.3589129 0.1020690 0.0801396 0.1494251 0.1007093 0.1623801 0.1470931 0.3224636 0.0161196 0.0009188 0.1002565 0.3277800 0.0189847 0.0726696 0.1812766 0.1338016 0.0689720 0.0864184 0.0264118 0.1118749 
Perityle_gilensis_salensis_225             0.1905315 0.0927180 0.1525006 0.2400170 0.0694953 0.3225896 0.2504502 0.2254815 0.1466086 0.1049858 0.3424853 0.0814993 0.0368936 0.0860389 0.0933274 0.0607421 0.1221883 0.0929388 0.0484584 0.0300115 0.0337344 0.2643011 0.0244806 0.0421794 0.0656865 0.1120036 0.1032712 0.1990864 0.1521489 0.3657325 0.2968358 0.1099354 0.1306498 0.0416863 0.1553913 0.2183405 0.0895708 0.3610427 0.0225046 0.0000000 0.2330304 0.1786295 0.1806962 0.0350216 0.1363777 0.0301048 0.0384343 0.1655977 0.0296980 0.0786112 0.1028280 0.0786157 0.1822541 0.1315050 0.1416978 0.0361386 0.0333013 0.1032001 0.3541792 0.1159688 0.0858044 0.1754117 0.1004436 0.2056547 0.1924397 0.3113183 0.0348902 0.0292581 0.1794054 0.3212413 0.0319423 0.1010422 0.2193045 0.1423978 0.0770526 0.1376129 0.0349242 0.1082820 
Perityle_glaucescens_94                    0.2114087 0.1064472 0.1734516 0.2477898 0.1779418 0.3156228 0.2350212 0.2404970 0.1607128 0.1956071 0.3506743 0.1757437 0.1694320 0.1288348 0.2276461 0.1665891 0.1184716 0.1526839 0.1626487 0.1467831 0.1770693 0.2682562 0.1825282 0.1770463 0.2193202 0.2129794 0.2641090 0.1666394 0.1669803 0.3320070 0.3059623 0.2013823 0.1531816 0.2397291 0.2401268 0.0216055 0.2015344 0.3930531 0.1490212 0.2330304 0.0000000 0.0213186 0.2416163 0.1862977 0.0462555 0.1563830 0.2015256 0.0094957 0.1469645 0.1985055 0.1998167 0.1832013 0.2347458 0.1706886 0.1740341 0.2342130 0.1790382 0.1687753 0.4092734 0.1434853 0.2445877 0.1339364 0.1860529 0.2132646 0.1962381 0.3090245 0.1749748 0.2366007 0.1848261 0.3191713 0.2121592 0.1490068 0.2039029 0.0692225 0.1680882 0.1856000 0.2218329 0.1431123 
Perityle_harkerae_31                       0.1625216 0.1007672 0.1708769 0.2446317 0.1702484 0.3106907 0.2315924 0.2457384 0.1424551 0.1797076 0.3165140 0.1716609 0.1621226 0.1266715 0.1739604 0.1557684 0.1168778 0.1504271 0.1547973 0.1394554 0.1629040 0.2567088 0.1537199 0.1594949 0.1767828 0.1947733 0.1874353 0.1057587 0.1534760 0.3252052 0.2741261 0.1428186 0.1402853 0.1726494 0.2142778 0.0171251 0.1682858 0.3812948 0.1522724 0.1786295 0.0213186 0.0000000 0.1853583 0.1726670 0.0432297 0.1519855 0.1765741 0.0131917 0.1391681 0.1719121 0.1848699 0.1749570 0.1961948 0.1618305 0.1722213 0.1686749 0.1635873 0.1695905 0.3046205 0.1384775 0.1739670 0.1156670 0.1864413 0.1926012 0.1633581 0.2986502 0.1608835 0.1669683 0.1522474 0.2976294 0.1702981 0.1538461 0.1939943 0.0553567 0.1580176 0.1829183 0.1713999 0.1270469 
Perityle_hofmeisteria_4_nombre_de_dios     0.2210672 0.1190334 0.2216418 0.2654146 0.1511798 0.3068313 0.2713664 0.2432455 0.1767042 0.1970848 0.3731005 0.1502887 0.1538235 0.1630437 0.1727181 0.1496445 0.1624334 0.1451291 0.1459520 0.1301139 0.1645085 0.2662399 0.1847218 0.1816876 0.1804429 0.1705577 0.2637595 0.2182911 0.1959755 0.3551819 0.3022587 0.1786855 0.1739892 0.2176426 0.2112707 0.2619827 0.1733258 0.2783180 0.1379380 0.1806962 0.2416163 0.1853583 0.0000000 0.1949648 0.1498574 0.1305263 0.1760957 0.1698931 0.1278038 0.1692337 0.1566241 0.1508992 0.2407215 0.1899036 0.1768100 0.1906996 0.2146250 0.1714302 0.4484259 0.1354615 0.2293875 0.2056892 0.1470182 0.2416474 0.2182570 0.3000613 0.1570522 0.2079430 0.2054484 0.3166187 0.1740976 0.1535950 0.2450897 0.1601625 0.1418711 0.1742809 0.2050332 0.1608989 
Perityle_huecosensis_48                    0.1417168 0.0925634 0.1426923 0.2393616 0.0646270 0.3204318 0.2450693 0.2240910 0.1220134 0.1038704 0.3283573 0.0797325 0.0358314 0.0878369 0.0801589 0.0585018 0.1235152 0.0908388 0.0402797 0.0230385 0.0323799 0.2695792 0.0207912 0.0550117 0.0661429 0.1111537 0.1171985 0.1473274 0.1419194 0.3660375 0.2989702 0.1085142 0.1233398 0.0354822 0.1470664 0.1934557 0.0567740 0.3596158 0.0253156 0.0350216 0.1862977 0.1726670 0.1949648 0.0000000 0.1382687 0.0227204 0.0348753 0.1612589 0.0264033 0.0762539 0.1001710 0.0768857 0.1440456 0.1195950 0.1338249 0.0332838 0.0318493 0.0962345 0.4063574 0.1069646 0.0779265 0.1584439 0.0982223 0.2013449 0.1791978 0.3163518 0.0236462 0.0259656 0.1488868 0.3232213 0.0271605 0.0918079 0.2214627 0.1416282 0.0711272 0.1373087 0.0327172 0.1098957 
Perityle_incana_3_ucla                     0.1247140 0.0906837 0.0942402 0.1618641 0.1259171 0.1645040 0.1837825 0.2170248 0.1047781 0.1353480 0.1276228 0.1264798 0.1295723 0.0984488 0.1414595 0.1098799 0.0724159 0.1003366 0.1189788 0.1028741 0.1345353 0.1395485 0.1073066 0.1268537 0.1301523 0.1474423 0.1508116 0.0773785 0.1146210 0.1330664 0.1284143 0.0998900 0.1020413 0.1377909 0.0985863 0.0433939 0.1295759 0.2749754 0.1166085 0.1363777 0.0462555 0.0432297 0.1498574 0.1382687 0.0000000 0.1127646 0.1331270 0.0342950 0.1072579 0.1239226 0.1428209 0.1232331 0.1193562 0.1393377 0.1237245 0.1343340 0.1297480 0.1384429 0.1674446 0.1106950 0.1322713 0.0777531 0.1467223 0.1402923 0.0961606 0.1390415 0.1206750 0.1267880 0.1248690 0.1286302 0.1326169 0.1245250 0.1250537 0.0408323 0.1061922 0.1335735 0.1351158 0.0702108 
Perityle_intricata_59_Clark_mtns           0.1194603 0.0750473 0.1279638 0.2169134 0.0420761 0.2836124 0.2099905 0.2104738 0.0964150 0.0964420 0.2986059 0.0461093 0.0267001 0.0741547 0.0538072 0.0277743 0.1058570 0.0672471 0.0149506 0.0171587 0.0080417 0.2123887 0.0131058 0.0189740 0.0531477 0.0846450 0.0599909 0.1349783 0.1347302 0.3226679 0.2656442 0.0789078 0.0943993 0.0307944 0.1197101 0.1431697 0.0258755 0.3479527 0.0129058 0.0301048 0.1563830 0.1519855 0.1305263 0.0227204 0.1127646 0.0000000 0.0156749 0.1385918 0.0091671 0.0464084 0.0743850 0.0488972 0.1243542 0.0934516 0.1222679 0.0126156 0.0079410 0.0827781 0.2982683 0.1021457 0.0497839 0.1464270 0.0785859 0.1756232 0.1615270 0.2716457 0.0161895 0.0196239 0.1311779 0.2816235 0.0210250 0.0525467 0.1893012 0.1174957 0.0431887 0.1151131 0.0111620 0.0912324 
Perityle_inyoensis_9_pleasant              0.1729270 0.0949601 0.1584651 0.2351226 0.0757653 0.3160280 0.2374725 0.2228825 0.1481761 0.1112927 0.3561157 0.0905211 0.0360785 0.0728132 0.0890577 0.0678813 0.1102711 0.1027767 0.0527661 0.0266935 0.0043594 0.2741735 0.0265723 0.0348113 0.0697207 0.1180916 0.1022661 0.1699521 0.1561044 0.3754660 0.2940176 0.1109257 0.1327332 0.0384105 0.1491557 0.1868402 0.0781803 0.3597975 0.0245100 0.0384343 0.2015256 0.1765741 0.1760957 0.0348753 0.1331270 0.0156749 0.0000000 0.1634021 0.0281153 0.0828695 0.1078547 0.0871977 0.1692726 0.1163387 0.1287622 0.0072853 0.0057481 0.0979689 0.3756769 0.1076057 0.0864993 0.1823040 0.1051879 0.2111538 0.1980732 0.3212477 0.0313842 0.0307632 0.1787871 0.3245616 0.0329110 0.0737204 0.2229520 0.1407417 0.0829240 0.1317197 0.0073154 0.1032244 
Perityle_jaliscana_203                     0.1504630 0.0944827 0.1652283 0.2360768 0.1624741 0.3090151 0.2236590 0.2291660 0.1279670 0.1668262 0.3290539 0.1655761 0.1568981 0.1142250 0.1655968 0.1473267 0.1146166 0.1452092 0.1447004 0.1335759 0.1504315 0.2624924 0.1402586 0.1491562 0.1668280 0.1820830 0.1782230 0.1034027 0.1509039 0.3239849 0.2855929 0.1296987 0.1290066 0.1569575 0.2240949 0.0110390 0.1640118 0.3783339 0.1379674 0.1655977 0.0094957 0.0131917 0.1698931 0.1612589 0.0342950 0.1385918 0.1634021 0.0000000 0.1283780 0.1564628 0.1718508 0.1676403 0.1951732 0.1520280 0.1611620 0.1560683 0.1512810 0.1533776 0.3226549 0.1298596 0.1614698 0.1130536 0.1731634 0.1861754 0.1601288 0.3003620 0.1496053 0.1535730 0.1471949 0.3109103 0.1573939 0.1337115 0.1801301 0.0490340 0.1543349 0.1761867 0.1595998 0.1198035 
