82
Amauria_brandeegeana_62                  0.0000000 0.0476734 0.0207895 0.1966834 0.0469923 0.0921472 0.1467081 0.1704919 0.4559276 0.1168220 0.1896394 0.0652718 0.0504639 0.0606473 0.0275792 0.0395524 0.0729125 0.0679439 0.0641929 0.0565180 0.1533152 0.2018716 0.0653867 0.0293058 0.0640752 0.0520183 0.0646047 0.0646741 0.2357581 0.1180442 0.0989369 0.1051906 0.0800757 0.0643073 0.0408025 0.1560950 0.0655451 0.0790305 0.0586014 0.0528577 0.0577342 0.1653571 0.0527933 0.1470511 0.0831861 0.0554196 0.1039561 0.0529808 0.1411032 0.0477980 0.0544933 0.0473882 0.0488598 0.0569212 0.0453840 0.0598808 0.0621104 0.0595837 0.1026122 0.0997495 0.1365312 0.0487242 0.0580375 0.0663730 0.0460872 0.1201811 0.0684677 0.0667179 0.0723765 0.0649054 0.1018895 0.0578043 0.0639283 0.1277571 0.0466140 0.1259229 0.1194586 0.0110977 0.0533398 0.0591282 0.2169509 0.0728337 
Amauria_carterae_99_mesa                 0.0476734 0.0000000 0.0699112 0.2278005 0.0856103 0.1203032 0.1788504 0.1750873 0.3236029 0.1419686 0.1486556 0.0727460 0.0539413 0.0751514 0.0498164 0.0585296 0.1203989 0.0754995 0.0814510 0.0642946 0.1266341 0.1755013 0.0711916 0.0577429 0.0709544 0.0636052 0.0786199 0.0847298 0.1763244 0.1101063 0.1267794 0.1210837 0.0783121 0.0760316 0.0381708 0.1835890 0.0738074 0.0825051 0.0386987 0.0644668 0.0730732 0.1689482 0.0672816 0.1688002 0.1030655 0.0713327 0.1118280 0.0567479 0.1642477 0.0575887 0.0671782 0.0508500 0.0600763 0.0809088 0.0755438 0.0636751 0.0713706 0.0656355 0.1663140 0.1122728 0.1317122 0.0546650 0.0733816 0.0805306 0.0550457 0.1626685 0.0664653 0.0810234 0.0804086 0.0709107 0.1083467 0.0649012 0.0683464 0.1324255 0.0606993 0.1603429 0.1204626 0.0165291 0.0689507 0.0901929 0.1565814 0.0752268 
Amauria_rotundifolia_SRR9119150          0.0207895 0.0699112 0.0000000 0.2108707 0.0742533 0.1043492 0.1702718 0.1804384 0.4910347 0.1365664 0.2145054 0.0909624 0.0734377 0.0841921 0.0618312 0.0696552 0.0968303 0.0907876 0.0859103 0.0783221 0.1731728 0.2238463 0.0908557 0.0607764 0.0896648 0.0792071 0.0963009 0.0951718 0.2530829 0.1293818 0.1206318 0.1295411 0.1044523 0.0900561 0.0505922 0.1840624 0.0856424 0.1167233 0.0792109 0.0802505 0.0884361 0.1832485 0.0776827 0.1731063 0.1227900 0.0785034 0.1313755 0.0826115 0.1682492 0.0712761 0.0885547 0.0746150 0.0731416 0.0830602 0.0711348 0.0768849 0.0864720 0.0893475 0.1354294 0.1178525 0.1601496 0.0578790 0.0849849 0.0974396 0.0726190 0.1370121 0.0994183 0.1133667 0.0978573 0.0940840 0.1260526 0.0879338 0.0911117 0.1431222 0.0624656 0.1475396 0.1456549 0.0225313 0.0794796 0.0817695 0.2710841 0.0946872 
Conoclinium_coelestinum_SRR9119114       0.1966834 0.2278005 0.2108707 0.0000000 0.1793414 0.1979536 0.1436136 0.2027204 0.4476717 0.1962536 0.2527057 0.2099283 0.1978992 0.2079853 0.1168832 0.1713386 0.1947802 0.2300947 0.2027339 0.1886363 0.2388894 0.2399062 0.2068930 0.1428542 0.2119799 0.2022751 0.2016247 0.2164525 0.2811740 0.1635047 0.1631184 0.1954458 0.1573111 0.2102491 0.1746814 0.2175818 0.2053387 0.2110490 0.1823295 0.1884916 0.2005273 0.2064764 0.1806513 0.2047353 0.2153892 0.1951597 0.1857775 0.1921475 0.1964467 0.1865220 0.1926108 0.1859537 0.1953272 0.1927082 0.1774902 0.2103050 0.2030793 0.1969912 0.2162329 0.1783585 0.1947309 0.1705053 0.2035750 0.2145017 0.1916170 0.2231411 0.2050033 0.1839303 0.2181961 0.2063168 0.2004107 0.2023409 0.2052853 0.2227663 0.1815786 0.2306408 0.1983886 0.0814039 0.2012808 0.1701776 0.2608502 0.1633491 
Eutetras_palmeri_63                      0.0469923 0.0856103 0.0742533 0.1793414 0.0000000 0.0711181 0.1329893 0.1685432 0.3629051 0.1107446 0.1140041 0.0557761 0.0377690 0.0537714 0.0310756 0.0427196 0.0831395 0.0695747 0.0551649 0.0519850 0.1167397 0.2294804 0.0652530 0.0358735 0.0543858 0.0536279 0.0571892 0.0655489 0.2258331 0.1150212 0.0922139 0.0939544 0.0749838 0.0537082 0.0407527 0.1293846 0.0493910 0.0743026 0.0383604 0.0449761 0.0540082 0.1389361 0.0468107 0.1253335 0.0866582 0.0503149 0.1150148 0.0516758 0.1177401 0.0470391 0.0506736 0.0455450 0.0576285 0.0516490 0.0535261 0.0606095 0.0604220 0.0724069 0.1028907 0.1137930 0.1069568 0.0479381 0.0539370 0.0596939 0.0446891 0.1192285 0.0512114 0.0798517 0.0630726 0.0651240 0.0843345 0.0503510 0.0585969 0.1147780 0.0594006 0.1296324 0.1105843 0.0109098 0.0475844 0.0642486 0.1374973 0.0598696 
Eutetras_pringlei_149_quer               0.0921472 0.1203032 0.1043492 0.1979536 0.0711181 0.0000000 0.1854003 0.1466900 0.2432940 0.1477302 0.1471017 0.1059234 0.0861350 0.1062942 0.0822337 0.0826194 0.1575351 0.1242501 0.1107964 0.0926557 0.1498853 0.0565776 0.1072975 0.0882401 0.0987213 0.0901324 0.0689707 0.1249057 0.1412284 0.0867879 0.1318678 0.1504870 0.1111319 0.0822846 0.0782111 0.1654346 0.1034407 0.1325478 0.0884676 0.0927685 0.1021195 0.1547203 0.0967015 0.1498031 0.1411013 0.1038119 0.1375449 0.0944730 0.1507791 0.0844972 0.0931902 0.0873017 0.0779477 0.1132556 0.0646985 0.0911579 0.1075875 0.0964830 0.1704264 0.1083559 0.1613108 0.0413854 0.1023067 0.1011911 0.0875564 0.1530572 0.0992995 0.1252870 0.1101436 0.1072975 0.1370107 0.0935361 0.0943081 0.1683333 0.0825088 0.1594626 0.1361277 0.0108600 0.1000250 0.1383663 0.1657591 0.1298012 
Eutrochium_fistulosum_SRR9119106         0.1467081 0.1788504 0.1702718 0.1436136 0.1329893 0.1854003 0.0000000 0.1611238 0.4103378 0.1584908 0.1801918 0.1461914 0.1332739 0.1492576 0.0644997 0.1260137 0.1436676 0.1838438 0.1429311 0.1571697 0.1617723 0.2145594 0.1546333 0.0954019 0.1435858 0.1398055 0.1411220 0.1483385 0.2584471 0.1318208 0.1241964 0.1225749 0.1365051 0.1485668 0.1174182 0.1490471 0.1438285 0.1587817 0.1329388 0.1344589 0.1460381 0.1552898 0.1365052 0.1486395 0.1686870 0.1364263 0.1394301 0.1313093 0.1426645 0.1381109 0.1279286 0.1275724 0.1562466 0.1331254 0.1346310 0.1687919 0.1415651 0.1341133 0.1595022 0.1447108 0.1464488 0.1502982 0.1375632 0.1509121 0.1310752 0.1477282 0.1389431 0.1417539 0.1536578 0.1541220 0.1295762 0.1383946 0.1479956 0.1376165 0.1511967 0.1478535 0.1431806 0.0569221 0.1365750 0.1410070 0.1756118 0.1139627 
Galeana_pratensis_104_mex                0.1704919 0.1750873 0.1804384 0.2027204 0.1685432 0.1466900 0.1611238 0.0000000 0.2519997 0.1573444 0.1629817 0.1598684 0.1455323 0.1742346 0.0591726 0.1443316 0.1672190 0.1601579 0.1615228 0.1598950 0.1789271 0.1125761 0.1565395 0.1422932 0.1608227 0.1557675 0.1451336 0.1680512 0.1694981 0.1451450 0.1172022 0.1566755 0.1323988 0.1673556 0.1392147 0.2200013 0.1656151 0.1657347 0.1418887 0.1613559 0.1672441 0.1914774 0.1566428 0.1912576 0.1872189 0.1589207 0.1380171 0.1437762 0.1878400 0.1404188 0.1578682 0.1414659 0.1447235 0.1764258 0.1515042 0.1502978 0.1566480 0.1344468 0.2013213 0.1525771 0.1565838 0.1389063 0.1608536 0.1523855 0.1443486 0.1697081 0.1517537 0.1047123 0.1713702 0.1565395 0.1504426 0.1573726 0.1538536 0.1914978 0.1501778 0.1780697 0.1665974 0.0934795 0.1587266 0.1754291 0.2086864 0.1226523 
Helianthus_annuus_SRR9119062             0.4559276 0.3236029 0.4910347 0.4476717 0.3629051 0.2432940 0.4103378 0.2519997 0.0000000 0.4488268 0.5121727 0.4557755 0.4293291 0.4001721 0.3781320 0.3476841 0.3531197 0.3823433 0.4437147 0.3768532 0.4183447 0.2657283 0.4435099 0.3333043 0.4472524 0.4345486 0.4000747 0.4198259 0.4209119 0.2419920 0.3215256 0.4564888 0.4154784 0.4508331 0.4482701 0.4315823 0.4217409 0.4414715 0.3994021 0.4253632 0.4007480 0.4581921 0.3593800 0.4554231 0.4209297 0.4014279 0.3589830 0.4176166 0.4312918 0.3454628 0.4405956 0.4029122 0.3286899 0.3658258 0.2955749 0.2786482 0.4366771 0.4312796 0.3868790 0.2386785 0.4687933 0.2434009 0.4459798 0.4061735 0.4181273 0.4217716 0.4354471 0.3591259 0.4693067 0.4244519 0.4194955 0.4428497 0.4378985 0.3970919 0.2938046 0.4237280 0.4194977 0.0921628 0.3972993 0.3429747 0.5023250 0.3656077 
Lycapsus_tenuifolius_17                  0.1168220 0.1419686 0.1365664 0.1962536 0.1107446 0.1477302 0.1584908 0.1573444 0.4488268 0.0000000 0.1928230 0.1260586 0.1117658 0.1278082 0.0678881 0.1072208 0.1094018 0.1560914 0.1211620 0.1435016 0.1699538 0.2423217 0.1243490 0.0873895 0.1306120 0.1216686 0.1213146 0.1325894 0.0967248 0.0523020 0.0945263 0.1133301 0.0022654 0.1256387 0.0985538 0.1350657 0.1265123 0.1350857 0.1209537 0.1168109 0.1242596 0.1456802 0.1221571 0.1363327 0.1477992 0.1319611 0.1366793 0.1143391 0.1294024 0.1253744 0.1094498 0.1078307 0.1433905 0.1243588 0.1142448 0.1420983 0.1262398 0.1199454 0.1420049 0.1206703 0.1274406 0.1123004 0.1177293 0.1303310 0.1117501 0.1326393 0.1169685 0.1376540 0.1379338 0.1240833 0.1220753 0.1195624 0.1289735 0.1237450 0.1245910 0.1399022 0.1131889 0.0744528 0.1165139 0.1198398 0.1809478 0.1018526 
Pericome_caudata_50_silver               0.1896394 0.1486556 0.2145054 0.2527057 0.1140041 0.1471017 0.1801918 0.1629817 0.5121727 0.1928230 0.0000000 0.1844617 0.1878668 0.1856948 0.0739105 0.1334644 0.1184649 0.1790767 0.1999576 0.1879233 0.1900138 0.2110919 0.1996794 0.0903886 0.1933595 0.1906191 0.1952935 0.2033526 0.2359424 0.1256001 0.1426791 0.1958739 0.1676634 0.1984704 0.1796539 0.1953339 0.1853533 0.2137244 0.1856183 0.1789082 0.1893940 0.2223555 0.1478327 0.1921993 0.2123747 0.1953657 0.1562071 0.1868680 0.1890229 0.1549352 0.1918730 0.1817214 0.1439489 0.1446108 0.1017160 0.1506074 0.1948114 0.1986485 0.1485245 0.1467042 0.2157799 0.1390433 0.1810956 0.1989600 0.1822852 0.1412893 0.1859459 0.1590620 0.1894872 0.1982677 0.2000998 0.1879174 0.1992246 0.1827250 0.1416404 0.1457324 0.1662480 0.0736341 0.1757906 0.1018787 0.2141887 0.1592480 
Perityle_aglossa_84_dead_horse           0.0652718 0.0727460 0.0909624 0.2099283 0.0557761 0.1059234 0.1461914 0.1598684 0.4557755 0.1260586 0.1844617 0.0000000 0.0197116 0.0320493 0.0112076 0.0103000 0.0862266 0.0746973 0.0374943 0.0300968 0.1611512 0.2126106 0.0323234 0.0130608 0.0323735 0.0341398 0.0495773 0.0697373 0.2388732 0.1157977 0.1112193 0.0996239 0.0960392 0.0296098 0.0430932 0.1554094 0.0289332 0.0824697 0.0320857 0.0256589 0.0268531 0.1572014 0.0194232 0.1519589 0.0974660 0.0250994 0.1071080 0.0223421 0.1471707 0.0194947 0.0602106 0.0205102 0.0240647 0.0579564 0.0288195 0.0236997 0.0308374 0.0411562 0.1022505 0.1125466 0.1357397 0.0284557 0.0024846 0.0636720 0.0265172 0.1275978 0.0699109 0.0467527 0.0375792 0.0340987 0.0980516 0.0290874 0.0355335 0.1404386 0.0144991 0.1367793 0.1214870 0.0109037 0.0010229 0.0594712 0.2618922 0.0736589 
Perityle_ajoensis_204                    0.0504639 0.0539413 0.0734377 0.1978992 0.0377690 0.0861350 0.1332739 0.1455323 0.4293291 0.1117658 0.1878668 0.0197116 0.0000000 0.0155327 0.0038290 0.0012419 0.0757454 0.0611099 0.0167242 0.0084141 0.1509852 0.2115469 0.0146442 0.0000010 0.0186873 0.0166868 0.0376684 0.0496416 0.2176248 0.1041431 0.0912300 0.0872711 0.0811836 0.0162116 0.0230203 0.1416936 0.0151848 0.0660409 0.0210306 0.0049642 0.0087659 0.1511720 0.0074801 0.1347779 0.0759542 0.0081481 0.0955199 0.0029808 0.1291691 0.0053078 0.0088859 0.0073195 0.0082811 0.0445722 0.0194202 0.0122803 0.0157137 0.0168306 0.0817737 0.0988115 0.1241626 0.0148153 0.0130402 0.0513387 0.0074235 0.1144851 0.0494341 0.0162901 0.0207234 0.0139767 0.0855914 0.0149003 0.0078615 0.1161955 0.0000010 0.1200408 0.1165757 0.0000010 0.0089205 0.0486929 0.2434655 0.0590435 
Perityle_ambrosiifolia_67_green          0.0606473 0.0751514 0.0841921 0.2079853 0.0537714 0.1062942 0.1492576 0.1742346 0.4001721 0.1278082 0.1856948 0.0320493 0.0155327 0.0000000 0.0130903 0.0131830 0.0907601 0.0785435 0.0208123 0.0175982 0.1673650 0.2053473 0.0337212 0.0097644 0.0248747 0.0278440 0.0412944 0.0644122 0.2444676 0.1295841 0.1068304 0.0982011 0.0976612 0.0348613 0.0286538 0.1534733 0.0264943 0.0712539 0.0283903 0.0054384 0.0149732 0.1653494 0.0157211 0.1453357 0.0821449 0.0192897 0.1156050 0.0244907 0.1384759 0.0168372 0.0139997 0.0131927 0.0207874 0.0621093 0.0410780 0.0339058 0.0338276 0.0407495 0.0972744 0.1283043 0.1358914 0.0314128 0.0271291 0.0672415 0.0217575 0.1290514 0.0565948 0.0307715 0.0386774 0.0336597 0.1037849 0.0185560 0.0341179 0.1268378 0.0168998 0.1375771 0.1312176 0.0109089 0.0272590 0.0690011 0.1970352 0.0736918 
Perityle_angustifolia_13_Eagle_creek     0.0275792 0.0498164 0.0618312 0.1168832 0.0310756 0.0822337 0.0644997 0.0591726 0.3781320 0.0678881 0.0739105 0.0112076 0.0038290 0.0130903 0.0000000 0.0057427 0.0561141 0.0485520 0.0112409 0.0024461 0.0686636 0.2207928 0.0208820 0.0020500 0.0131526 0.0168613 0.0209873 0.0368679 0.2243216 0.0191755 0.0493779 0.0455818 0.0360531 0.0131613 0.0100641 0.0675815 0.0094197 0.0387439 0.0099652 0.0037835 0.0112843 0.0837342 0.0076005 0.0732242 0.0489081 0.0131176 0.0277244 0.0131930 0.0675479 0.0041638 0.0056677 0.0038009 0.0000010 0.0337555 0.0178614 0.0139892 0.0189981 0.0133311 0.0926535 0.0529283 0.0497471 0.0089205 0.0112853 0.0431750 0.0094255 0.0791987 0.0216399 0.0194102 0.0149981 0.0208155 0.0210485 0.0038201 0.0187576 0.0701837 0.0000010 0.0818522 0.0497642 0.0000010 0.0113051 0.0484368 0.0745839 0.0119433 
Perityle_bisetosa_9                      0.0395524 0.0585296 0.0696552 0.1713386 0.0427196 0.0826194 0.1260137 0.1443316 0.3476841 0.1072208 0.1334644 0.0103000 0.0012419 0.0131830 0.0057427 0.0000000 0.0769607 0.0515230 0.0132144 0.0044806 0.1133447 0.2186906 0.0098209 0.0016712 0.0108888 0.0119442 0.0231535 0.0540300 0.2244445 0.0997450 0.0872621 0.0836283 0.0773447 0.0081440 0.0263467 0.1280928 0.0049439 0.0719163 0.0119255 0.0011806 0.0069173 0.1402340 0.0051080 0.1279510 0.0839841 0.0050121 0.0922903 0.0055605 0.1203830 0.0040579 0.0054373 0.0066504 0.0016423 0.0455167 0.0174796 0.0103486 0.0076486 0.0326918 0.0974999 0.0984826 0.1017362 0.0147665 0.0065163 0.0479197 0.0057116 0.1152320 0.0365439 0.0193234 0.0097062 0.0098028 0.0760842 0.0059119 0.0121749 0.1102331 0.0024938 0.1240932 0.1133644 0.0000010 0.0058370 0.0541789 0.1375030 0.0552225 
Perityle_californica_76_positas          0.0729125 0.1203989 0.0968303 0.1947802 0.0831395 0.1575351 0.1436676 0.1672190 0.3531197 0.1094018 0.1184649 0.0862266 0.0757454 0.0907601 0.0561141 0.0769607 0.0000000 0.1134469 0.0874738 0.0922740 0.1164625 0.2144399 0.0912730 0.0839388 0.0895835 0.0856970 0.0809356 0.0920619 0.2089491 0.1100067 0.0705688 0.1008679 0.0762195 0.0938915 0.0620169 0.1423512 0.0905472 0.0827361 0.0760780 0.0813826 0.0880106 0.1535529 0.0834884 0.1326221 0.0939981 0.0882995 0.1362894 0.0819209 0.1230522 0.0893276 0.0829188 0.0716024 0.1049187 0.0914864 0.0898310 0.1171028 0.0869696 0.0818889 0.1195541 0.1375185 0.1185755 0.1030997 0.0836613 0.0899663 0.0759839 0.1301033 0.0791515 0.1234391 0.0950984 0.0910698 0.0907411 0.0810546 0.0896629 0.1201253 0.1069720 0.1416872 0.1298793 0.0513025 0.0835344 0.0872537 0.1345392 0.0408701 
Perityle_canescens_77                    0.0679439 0.0754995 0.0907876 0.2300947 0.0695747 0.1242501 0.1838438 0.1601579 0.3823433 0.1560914 0.1790767 0.0746973 0.0611099 0.0785435 0.0485520 0.0515230 0.1134469 0.0000000 0.0830210 0.0608648 0.1611224 0.1954157 0.0773642 0.0496311 0.0793526 0.0681649 0.0647966 0.0899785 0.2243799 0.1427054 0.1274980 0.1319873 0.1092259 0.0716664 0.0529349 0.1966567 0.0682741 0.0789297 0.0590606 0.0676151 0.0715676 0.1911633 0.0653745 0.1839728 0.0862053 0.0687735 0.1321930 0.0554596 0.1765704 0.0564612 0.0636674 0.0592087 0.0535623 0.0635780 0.0578005 0.0729019 0.0740202 0.0713343 0.1274454 0.1081435 0.1549097 0.0606081 0.0721780 0.0890088 0.0587368 0.1642559 0.0641861 0.0900122 0.0785451 0.0771381 0.1368126 0.0696061 0.0675896 0.1546640 0.0598072 0.1665193 0.1506110 0.0277239 0.0667457 0.0727630 0.1873217 0.0979513 
Perityle_castillonii_96                  0.0641929 0.0814510 0.0859103 0.2027339 0.0551649 0.1107964 0.1429311 0.1615228 0.4437147 0.1211620 0.1999576 0.0374943 0.0167242 0.0208123 0.0112409 0.0132144 0.0874738 0.0830210 0.0000000 0.0186603 0.1692529 0.2139840 0.0350201 0.0138312 0.0266630 0.0298839 0.0474861 0.0616990 0.2360342 0.1114966 0.1112513 0.0924463 0.0875021 0.0337250 0.0359120 0.1545083 0.0246935 0.0795451 0.0322733 0.0113968 0.0158601 0.1587944 0.0164520 0.1407476 0.0868738 0.0191278 0.1110807 0.0253311 0.1349419 0.0164449 0.0185862 0.0109004 0.0205467 0.0601363 0.0379035 0.0338341 0.0341227 0.0332921 0.0995962 0.1227775 0.1430527 0.0303413 0.0306909 0.0668353 0.0199206 0.1292804 0.0664666 0.0371962 0.0371988 0.0348108 0.0984708 0.0196577 0.0333153 0.1376024 0.0210204 0.1372555 0.1332233 0.0109420 0.0269472 0.0730472 0.2453157 0.0724444 
Perityle_cernua_84                       0.0565180 0.0642946 0.0783221 0.1886363 0.0519850 0.0926557 0.1571697 0.1598950 0.3768532 0.1435016 0.1879233 0.0300968 0.0084141 0.0175982 0.0024461 0.0044806 0.0922740 0.0608648 0.0186603 0.0000000 0.1773717 0.1718607 0.0330971 0.0000010 0.0152374 0.0177181 0.0372987 0.0612591 0.2137414 0.1160739 0.1147151 0.1026065 0.1044149 0.0331516 0.0131803 0.1676977 0.0164755 0.0626545 0.0243210 0.0041457 0.0137410 0.1595477 0.0072326 0.1648634 0.0713861 0.0096185 0.1107570 0.0155362 0.1554692 0.0086734 0.0041381 0.0042312 0.0080256 0.0540733 0.0276435 0.0202320 0.0289572 0.0264847 0.0973035 0.1125685 0.1444907 0.0201057 0.0222726 0.0633724 0.0097144 0.1496622 0.0505753 0.0186844 0.0300686 0.0330206 0.1136850 0.0083831 0.0278612 0.1494887 0.0024479 0.1497209 0.1497474 0.0055133 0.0209898 0.0590851 0.2021090 0.0833692 
Perityle_cfvillosa_25_tin                0.1533152 0.1266341 0.1731728 0.2388894 0.1167397 0.1498853 0.1617723 0.1789271 0.4183447 0.1699538 0.1900138 0.1611512 0.1509852 0.1673650 0.0686636 0.1133447 0.1164625 0.1611224 0.1692529 0.1773717 0.0000000 0.1700417 0.1718782 0.0725849 0.1684301 0.1783500 0.2021019 0.1997755 0.2418684 0.1251110 0.1140318 0.1617947 0.1408733 0.1646835 0.1563261 0.1522044 0.1639380 0.1785112 0.1516337 0.1537981 0.1643321 0.1567628 0.1255401 0.1426297 0.1646740 0.1685445 0.1410620 0.1896303 0.1372171 0.1265402 0.1875800 0.1532667 0.1424245 0.1155001 0.0918569 0.1522097 0.1616742 0.1338269 0.1248230 0.1252127 0.1608890 0.1217817 0.1638683 0.1582649 0.1572008 0.1585465 0.1534454 0.1741294 0.1935748 0.1720340 0.1625072 0.1570585 0.1727004 0.0547036 0.1085542 0.1688764 0.1200754 0.0707268 0.1509233 0.0854934 0.0000010 0.1368126 
Perityle_cinerea_113_Powell1310          0.2018716 0.1755013 0.2238463 0.2399062 0.2294804 0.0565776 0.2145594 0.1125761 0.2657283 0.2423217 0.2110919 0.2126106 0.2115469 0.2053473 0.2207928 0.2186906 0.2144399 0.1954157 0.2139840 0.1718607 0.1700417 0.0000000 0.2271535 0.1927566 0.2142444 0.2128612 0.1453848 0.2250563 0.2089607 0.0764458 0.2187042 0.2486229 0.2100594 0.2210702 0.1839022 0.2226323 0.2083339 0.2139293 0.1890182 0.2075098 0.2183528 0.1649925 0.2022638 0.2066351 0.2203569 0.2013582 0.1925915 0.2026393 0.2066351 0.2022638 0.2104586 0.1957937 0.1694403 0.2307442 0.1195518 0.1833983 0.2262411 0.2080332 0.2099149 0.1077374 0.2388961 0.0764560 0.2109149 0.2195022 0.2085289 0.2079109 0.1960793 0.2013005 0.2126106 0.2271535 0.2287289 0.2085045 0.2125002 0.1691176 0.1648674 0.2172294 0.1895502 0.0297411 0.2082849 0.1753778 0.1751748 0.2143600 
Perityle_coahuilensis_24                 0.0653867 0.0711916 0.0908557 0.2068930 0.0652530 0.1072975 0.1546333 0.1565395 0.4435099 0.1243490 0.1996794 0.0323234 0.0146442 0.0337212 0.0208820 0.0098209 0.0912730 0.0773642 0.0350201 0.0330971 0.1718782 0.2271535 0.0000000 0.0215128 0.0349993 0.0366895 0.0559163 0.0808727 0.2286106 0.1137794 0.1062922 0.1033875 0.0980998 0.0285941 0.0552198 0.1608003 0.0364720 0.1022092 0.0344403 0.0213128 0.0261325 0.1597559 0.0257991 0.1535420 0.1134686 0.0275515 0.1116401 0.0200001 0.1487042 0.0209362 0.0500434 0.0192563 0.0275159 0.0638751 0.0324863 0.0341315 0.0252460 0.0516055 0.1205139 0.1159958 0.1397493 0.0372578 0.0268559 0.0711780 0.0280663 0.1283617 0.0744607 0.0574073 0.0425980 0.0008109 0.0987895 0.0315533 0.0290825 0.1371033 0.0220373 0.1377104 0.1341519 0.0164529 0.0211328 0.0696829 0.2664217 0.0751057 
Perityle_cochisensis_44_cave_creek       0.0293058 0.0577429 0.0607764 0.1428542 0.0358735 0.0882401 0.0954019 0.1422932 0.3333043 0.0873895 0.0903886 0.0130608 0.0000010 0.0097644 0.0020500 0.0016712 0.0839388 0.0496311 0.0138312 0.0000010 0.0725849 0.1927566 0.0215128 0.0000000 0.0032552 0.0131748 0.0180339 0.0372798 0.2284875 0.0790368 0.0649663 0.0732754 0.0524784 0.0197984 0.0088826 0.1042121 0.0032748 0.0390180 0.0067990 0.0000010 0.0065361 0.1065181 0.0016493 0.0993980 0.0513200 0.0032618 0.0518413 0.0132134 0.0921088 0.0016765 0.0000010 0.0000010 0.0000010 0.0412693 0.0194224 0.0176841 0.0199101 0.0152259 0.0971235 0.0895510 0.0709689 0.0064193 0.0131399 0.0428475 0.0049863 0.0984939 0.0276045 0.0187616 0.0114252 0.0214524 0.0530618 0.0000010 0.0197422 0.0851236 0.0000010 0.0959293 0.0677241 0.0000010 0.0115357 0.0490771 0.1074198 0.0359577 
Perityle_congesta_202                    0.0640752 0.0709544 0.0896648 0.2119799 0.0543858 0.0987213 0.1435858 0.1608227 0.4472524 0.1306120 0.1933595 0.0323735 0.0186873 0.0248747 0.0131526 0.0108888 0.0895835 0.0793526 0.0266630 0.0152374 0.1684301 0.2142444 0.0349993 0.0032552 0.0000000 0.0294707 0.0558088 0.0587364 0.2450415 0.1229419 0.1094878 0.0971014 0.0954340 0.0338862 0.0356848 0.1578324 0.0268858 0.0799689 0.0313144 0.0173603 0.0211118 0.1563298 0.0036256 0.1469634 0.0898624 0.0161540 0.1104326 0.0226419 0.1418508 0.0105457 0.0579377 0.0111555 0.0146839 0.0593716 0.0325082 0.0302134 0.0361051 0.0401683 0.0944102 0.1201883 0.1356101 0.0346731 0.0299277 0.0597024 0.0196671 0.1317898 0.0652211 0.0310673 0.0307637 0.0347172 0.0988885 0.0043845 0.0335759 0.1292598 0.0000010 0.1357311 0.1320569 0.0109089 0.0227581 0.0618362 0.2906385 0.0724748 
Perityle_cordifolia_27                   0.0520183 0.0636052 0.0792071 0.2022751 0.0536279 0.0901324 0.1398055 0.1557675 0.4345486 0.1216686 0.1906191 0.0341398 0.0166868 0.0278440 0.0168613 0.0119442 0.0856970 0.0681649 0.0298839 0.0177181 0.1783500 0.2128612 0.0366895 0.0131748 0.0294707 0.0000000 0.0611202 0.0755829 0.2284908 0.1124917 0.0984839 0.0994863 0.0924793 0.0308667 0.0471077 0.1549109 0.0268565 0.1017522 0.0217804 0.0170957 0.0249113 0.1534840 0.0195624 0.1416739 0.1054717 0.0206193 0.1033719 0.0235827 0.1366017 0.0156456 0.0498487 0.0198371 0.0226430 0.0515008 0.0309193 0.0240922 0.0299735 0.0499787 0.1096277 0.0989744 0.1329327 0.0141283 0.0304319 0.0611620 0.0075133 0.1218244 0.0642407 0.0499616 0.0416537 0.0368972 0.0951215 0.0270982 0.0317304 0.1339075 0.0171996 0.1276827 0.1390198 0.0000010 0.0230182 0.0620190 0.2618211 0.0675518 
Perityle_cordifolia_68_tecolote          0.0646047 0.0786199 0.0963009 0.2016247 0.0571892 0.0689707 0.1411220 0.1451336 0.4000747 0.1213146 0.1952935 0.0495773 0.0376684 0.0412944 0.0209873 0.0231535 0.0809356 0.0647966 0.0474861 0.0372987 0.2021019 0.1453848 0.0559163 0.0180339 0.0558088 0.0611202 0.0000000 0.1025965 0.2267441 0.1194710 0.0914284 0.0946157 0.0999280 0.0448048 0.0584530 0.1935749 0.0362785 0.1407221 0.0339718 0.0421375 0.0327147 0.1545694 0.0330224 0.1420394 0.1433177 0.0307272 0.1124635 0.0702007 0.1351675 0.0282859 0.0975685 0.0360375 0.0337959 0.0568934 0.0066917 0.0315433 0.0505735 0.0641710 0.1096689 0.1169753 0.1388597 0.0343733 0.0547785 0.0641475 0.0314463 0.1132317 0.0777287 0.0608971 0.0693940 0.0607058 0.0998085 0.0497775 0.0569853 0.1266477 0.0244661 0.1205566 0.1478314 0.0164353 0.0265363 0.0642570 0.3129369 0.0788017 
Perityle_coronopifolia_28_patagonia      0.0646741 0.0847298 0.0951718 0.2164525 0.0655489 0.1249057 0.1483385 0.1680512 0.4198259 0.1325894 0.2033526 0.0697373 0.0496416 0.0644122 0.0368679 0.0540300 0.0920619 0.0899785 0.0616990 0.0612591 0.1997755 0.2250563 0.0808727 0.0372798 0.0587364 0.0755829 0.1025965 0.0000000 0.2456970 0.1357131 0.1103682 0.0899931 0.0994531 0.0667092 0.0745521 0.1718434 0.0597587 0.1160747 0.0554182 0.0626364 0.0714723 0.1638733 0.0503748 0.1485250 0.1158757 0.0506588 0.1309241 0.0731477 0.1395833 0.0553571 0.0829795 0.0668961 0.0602829 0.0471001 0.0509496 0.0733617 0.0733393 0.0840408 0.1212977 0.1068552 0.1266539 0.0601479 0.0725951 0.0158761 0.0602356 0.1231108 0.0667348 0.0937275 0.0838847 0.0798411 0.1082893 0.0605429 0.0774176 0.1302502 0.0564113 0.1290076 0.1498038 0.0334218 0.0548984 0.0597409 0.2639607 0.0819615 
Perityle_crassifolia_70_ventanas         0.2357581 0.1763244 0.2530829 0.2811740 0.2258331 0.1412284 0.2584471 0.1694981 0.4209119 0.0967248 0.2359424 0.2388732 0.2176248 0.2444676 0.2243216 0.2244445 0.2089491 0.2243799 0.2360342 0.2137414 0.2418684 0.2089607 0.2286106 0.2284875 0.2450415 0.2284908 0.2267441 0.2456970 0.0000000 0.0577647 0.1735653 0.2437360 0.0968031 0.2442680 0.1961379 0.2403093 0.2368023 0.2390012 0.2208986 0.2311031 0.2406444 0.2308852 0.2263679 0.2415310 0.2523408 0.2361978 0.2251721 0.2261833 0.2350923 0.2314865 0.2235471 0.2199212 0.2065571 0.2279533 0.2239735 0.1518218 0.2328852 0.2280409 0.2819685 0.1278580 0.2290251 0.1158882 0.2329527 0.2320262 0.2194607 0.2534853 0.2182102 0.1640239 0.2423962 0.2321592 0.2036342 0.2291159 0.2369432 0.2341008 0.1313102 0.2568495 0.2109660 0.0745441 0.2313942 0.2373977 0.2499281 0.1815994 
Perityle_crassifolia_74_playa_balandra   0.1180442 0.1101063 0.1293818 0.1635047 0.1150212 0.0867879 0.1318208 0.1451450 0.2419920 0.0523020 0.1256001 0.1157977 0.1041431 0.1295841 0.0191755 0.0997450 0.1100067 0.1427054 0.1114966 0.1160739 0.1251110 0.0764458 0.1137794 0.0790368 0.1229419 0.1124917 0.1194710 0.1357131 0.0577647 0.0000000 0.0689840 0.1244447 0.0328023 0.1217525 0.0843841 0.1460656 0.1181166 0.1253070 0.0937362 0.1115268 0.1301852 0.1437103 0.1116429 0.1431556 0.1414792 0.1167799 0.1033836 0.0972978 0.1325130 0.1067245 0.1069666 0.0966620 0.1069847 0.1213204 0.1217436 0.1058303 0.1083653 0.0982731 0.1609701 0.1012149 0.1285532 0.0941073 0.1074444 0.1209584 0.1044045 0.1563782 0.1079282 0.0647317 0.1246838 0.1137794 0.0526323 0.1114876 0.1098572 0.1351629 0.0835799 0.1628202 0.1224170 0.0447894 0.1101008 0.1177359 0.1489128 0.0269445 
Perityle_cuneata_34_cuneata_San_antonio  0.0989369 0.1267794 0.1206318 0.1631184 0.0922139 0.1318678 0.1241964 0.1172022 0.3215256 0.0945263 0.1426791 0.1112193 0.0912300 0.1068304 0.0493779 0.0872621 0.0705688 0.1274980 0.1112513 0.1147151 0.1140318 0.2187042 0.1062922 0.0649663 0.1094878 0.0984839 0.0914284 0.1103682 0.1735653 0.0689840 0.0000000 0.0940250 0.0761252 0.1089572 0.0770197 0.1200635 0.1067352 0.1121179 0.0881563 0.0990015 0.1073047 0.1263434 0.1016539 0.1203168 0.1258100 0.0996971 0.1028058 0.0954599 0.1119903 0.1043105 0.0987589 0.0877089 0.1032068 0.0988983 0.0733134 0.1085886 0.1034835 0.0992038 0.1232191 0.0753355 0.1151041 0.0731108 0.1002916 0.1114619 0.0929951 0.1375296 0.0978407 0.1093189 0.1160275 0.1060462 0.0727258 0.1032178 0.1089032 0.1168871 0.0771006 0.1437795 0.1098218 0.0477745 0.1003323 0.0861771 0.1269414 0.0561692 
Perityle_cuneata_4                       0.1051906 0.1210837 0.1295411 0.1954458 0.0939544 0.1504870 0.1225749 0.1566755 0.4564888 0.1133301 0.1958739 0.0996239 0.0872711 0.0982011 0.0455818 0.0836283 0.1008679 0.1319873 0.0924463 0.1026065 0.1617947 0.2486229 0.1033875 0.0732754 0.0971014 0.0994863 0.0946157 0.0899931 0.2437360 0.1244447 0.0940250 0.0000000 0.0872472 0.1034525 0.0873887 0.1348160 0.0940619 0.1145042 0.0878881 0.0887283 0.0905428 0.1414544 0.0897285 0.1308942 0.1221873 0.0909681 0.1268178 0.0934658 0.1241665 0.0867578 0.0926020 0.0837957 0.0996611 0.0926175 0.0894147 0.1192514 0.1016568 0.0924984 0.1412825 0.1396311 0.1424389 0.0982583 0.0932775 0.0949574 0.0894389 0.1119277 0.1074793 0.0940453 0.1029680 0.1031852 0.1037918 0.0946221 0.1012633 0.1250607 0.0995803 0.1139303 0.1062505 0.0516682 0.0815068 0.0998212 0.2323965 0.0818333 
Perityle_discoidea_81                    0.0800757 0.0783121 0.1044523 0.1573111 0.0749838 0.1111319 0.1365051 0.1323988 0.4154784 0.0022654 0.1676634 0.0960392 0.0811836 0.0976612 0.0360531 0.0773447 0.0762195 0.1092259 0.0875021 0.1044149 0.1408733 0.2100594 0.0980998 0.0524784 0.0954340 0.0924793 0.0999280 0.0994531 0.0968031 0.0328023 0.0761252 0.0872472 0.0000000 0.0966053 0.0768522 0.1112002 0.0958034 0.1007966 0.0878539 0.0865756 0.0934654 0.1201560 0.0907889 0.1176755 0.1135643 0.0987244 0.1072225 0.0832833 0.1100287 0.0914682 0.0860127 0.0791541 0.0939989 0.0924006 0.0820999 0.0919374 0.0955004 0.0898739 0.1130136 0.0905847 0.0991914 0.0716511 0.0876772 0.0998050 0.0810702 0.1188306 0.0862018 0.0749902 0.1051420 0.0978720 0.0940166 0.0903437 0.0995300 0.1049332 0.0783311 0.1229654 0.1030667 0.0461552 0.0878347 0.0761970 0.1512695 0.0795146 
Perityle_dissecta_201                    0.0643073 0.0760316 0.0900561 0.2102491 0.0537082 0.0822846 0.1485668 0.1673556 0.4508331 0.1256387 0.1984704 0.0296098 0.0162116 0.0348613 0.0131613 0.0081440 0.0938915 0.0716664 0.0337250 0.0331516 0.1646835 0.2210702 0.0285941 0.0197984 0.0338862 0.0308667 0.0448048 0.0667092 0.2442680 0.1217525 0.1089572 0.1034525 0.0966053 0.0000000 0.0379468 0.1517277 0.0287321 0.0862738 0.0355648 0.0204687 0.0280950 0.1583055 0.0295582 0.1470989 0.1000371 0.0240580 0.1163432 0.0175203 0.1421661 0.0235970 0.0171182 0.0210895 0.0192720 0.0597522 0.0323472 0.0300697 0.0228562 0.0342428 0.1024231 0.1194093 0.1396532 0.0285544 0.0183677 0.0674913 0.0190848 0.1296506 0.0685647 0.0471925 0.0352422 0.0281339 0.0974766 0.0294937 0.0279544 0.1310913 0.0245623 0.1375351 0.1267198 0.0000010 0.0189208 0.0713860 0.2341324 0.0736914 
Perityle_emoryi_47_punta_san_jose        0.0408025 0.0381708 0.0505922 0.1746814 0.0407527 0.0782111 0.1174182 0.1392147 0.4482701 0.0985538 0.1796539 0.0430932 0.0230203 0.0286538 0.0100641 0.0263467 0.0620169 0.0529349 0.0359120 0.0131803 0.1563261 0.1839022 0.0552198 0.0088826 0.0356848 0.0471077 0.0584530 0.0745521 0.1961379 0.0843841 0.0770197 0.0873887 0.0768522 0.0379468 0.0000000 0.1425211 0.0249834 0.0833295 0.0229948 0.0271654 0.0321647 0.1372298 0.0130590 0.1287495 0.0900194 0.0195929 0.0871330 0.0436629 0.1191003 0.0125808 0.0444702 0.0412772 0.0139065 0.0347848 0.0221444 0.0196653 0.0474927 0.0536404 0.1149317 0.0788751 0.1314320 0.0122551 0.0462832 0.0558301 0.0316296 0.1054495 0.0703055 0.0451538 0.0587171 0.0534980 0.0774021 0.0331047 0.0519842 0.1286216 0.0160677 0.1121898 0.1266952 0.0000010 0.0245577 0.0421649 0.2322584 0.0614176 
Perityle_feddemae_99                     0.1560950 0.1835890 0.1840624 0.2175818 0.1293846 0.1654346 0.1490471 0.2200013 0.4315823 0.1350657 0.1953339 0.1554094 0.1416936 0.1534733 0.0675815 0.1280928 0.1423512 0.1966567 0.1545083 0.1676977 0.1522044 0.2226323 0.1608003 0.1042121 0.1578324 0.1549109 0.1935749 0.1718434 0.2403093 0.1460656 0.1200635 0.1348160 0.1112002 0.1517277 0.1425211 0.0000000 0.1578547 0.1674444 0.1488396 0.1414309 0.1492426 0.0254800 0.1375248 0.0244051 0.1664042 0.1479159 0.1547905 0.1590508 0.0203120 0.1418062 0.1597508 0.1429584 0.1664230 0.1361701 0.1390535 0.1839399 0.1539726 0.1442350 0.1510640 0.1600225 0.1736266 0.1585742 0.1541203 0.1583454 0.1407963 0.1380690 0.1502805 0.1632952 0.1751718 0.1611358 0.1350517 0.1520085 0.1633083 0.1136742 0.1583505 0.1447512 0.0989440 0.0932878 0.1450909 0.1273251 0.1756379 0.1146994 
Perityle_fosteri_93                      0.0655451 0.0738074 0.0856424 0.2053387 0.0493910 0.1034407 0.1438285 0.1656151 0.4217409 0.1265123 0.1853533 0.0289332 0.0151848 0.0264943 0.0094197 0.0049439 0.0905472 0.0682741 0.0246935 0.0164755 0.1639380 0.2083339 0.0364720 0.0032748 0.0268858 0.0268565 0.0362785 0.0597587 0.2368023 0.1181166 0.1067352 0.0940619 0.0958034 0.0287321 0.0249834 0.1578547 0.0000000 0.0709818 0.0275461 0.0118557 0.0196169 0.1679624 0.0159001 0.1509927 0.0770670 0.0091086 0.1090283 0.0207454 0.1441888 0.0091552 0.0127967 0.0153144 0.0016027 0.0572271 0.0308773 0.0200901 0.0299285 0.0292949 0.0869991 0.1236493 0.1335914 0.0259301 0.0249614 0.0625349 0.0185392 0.1302463 0.0560474 0.0154766 0.0094005 0.0364064 0.1032972 0.0184233 0.0313362 0.1265451 0.0072734 0.1367970 0.1288668 0.0110164 0.0165299 0.0639801 0.2203222 0.0784400 
Perityle_gamon_221                       0.0790305 0.0825051 0.1167233 0.2110490 0.0743026 0.1325478 0.1587817 0.1657347 0.4414715 0.1350857 0.2137244 0.0824697 0.0660409 0.0712539 0.0387439 0.0719163 0.0827361 0.0789297 0.0795451 0.0626545 0.1785112 0.2139293 0.1022092 0.0390180 0.0799689 0.1017522 0.1407221 0.1160747 0.2390012 0.1253070 0.1121179 0.1145042 0.1007966 0.0862738 0.0833295 0.1674444 0.0709818 0.0000000 0.0626247 0.0796674 0.0823777 0.1681804 0.0568416 0.1527251 0.0253603 0.0616137 0.1294637 0.1051967 0.1454562 0.0582020 0.1261599 0.0882595 0.0639913 0.0610015 0.0564957 0.0646828 0.0928548 0.0850965 0.1339685 0.0883638 0.1475834 0.0695669 0.0932851 0.0760899 0.0760440 0.1305927 0.0947170 0.0894557 0.1185504 0.1065949 0.1144536 0.0843373 0.1015493 0.1365127 0.0618314 0.1371450 0.1364756 0.0276209 0.0698740 0.0175331 0.2619654 0.0819141 
Perityle_gentryi_8_san_francisco         0.0586014 0.0386987 0.0792109 0.1823295 0.0383604 0.0884676 0.1329388 0.1418887 0.3994021 0.1209537 0.1856183 0.0320857 0.0210306 0.0283903 0.0099652 0.0119255 0.0760780 0.0590606 0.0322733 0.0243210 0.1516337 0.1890182 0.0344403 0.0067990 0.0313144 0.0217804 0.0339718 0.0554182 0.2208986 0.0937362 0.0881563 0.0878881 0.0878539 0.0355648 0.0229948 0.1488396 0.0275461 0.0626247 0.0000000 0.0208586 0.0257499 0.1543125 0.0236191 0.1419264 0.0702267 0.0219696 0.0953484 0.0210712 0.1346448 0.0149745 0.0230771 0.0175982 0.0116462 0.0481430 0.0210463 0.0165678 0.0297528 0.0279185 0.0840375 0.0954858 0.1285302 0.0203201 0.0267030 0.0581955 0.0163528 0.1214785 0.0464773 0.0388117 0.0342521 0.0343740 0.0883351 0.0269567 0.0312833 0.1169175 0.0101874 0.1224995 0.1193061 0.0054540 0.0177218 0.0410022 0.2033701 0.0668980 
Perityle_gilensis_22_Superstition        0.0528577 0.0644668 0.0802505 0.1884916 0.0449761 0.0927685 0.1344589 0.1613559 0.4253632 0.1168109 0.1789082 0.0256589 0.0049642 0.0054384 0.0037835 0.0011806 0.0813826 0.0676151 0.0113968 0.0041457 0.1537981 0.2075098 0.0213128 0.0000010 0.0173603 0.0170957 0.0421375 0.0626364 0.2311031 0.1115268 0.0990015 0.0887283 0.0865756 0.0204687 0.0271654 0.1414309 0.0118557 0.0796674 0.0208586 0.0000000 0.0041123 0.1391821 0.0049244 0.1326839 0.0935483 0.0046274 0.1020817 0.0123379 0.1282246 0.0065816 0.0368579 0.0039851 0.0081099 0.0484906 0.0279769 0.0182653 0.0244029 0.0352793 0.0907323 0.1093421 0.1257656 0.0144273 0.0197639 0.0592548 0.0060480 0.1173728 0.0566387 0.0155366 0.0225853 0.0241241 0.0872204 0.0134391 0.0222547 0.1261670 0.0024581 0.1244583 0.1203509 0.0000010 0.0128730 0.0575635 0.2652888 0.0642848 
Perityle_gilensis_salensis_225           0.0577342 0.0730732 0.0884361 0.2005273 0.0540082 0.1021195 0.1460381 0.1672441 0.4007480 0.1242596 0.1893940 0.0268531 0.0087659 0.0149732 0.0112843 0.0069173 0.0880106 0.0715676 0.0158601 0.0137410 0.1643321 0.2183528 0.0261325 0.0065361 0.0211118 0.0249113 0.0327147 0.0714723 0.2406444 0.1301852 0.1073047 0.0905428 0.0934654 0.0280950 0.0321647 0.1492426 0.0196169 0.0823777 0.0257499 0.0041123 0.0000000 0.1620957 0.0121231 0.1451035 0.0956568 0.0114676 0.1113329 0.0174648 0.1385110 0.0118369 0.0109802 0.0080347 0.0162823 0.0576955 0.0341891 0.0279384 0.0272054 0.0442580 0.1035806 0.1222329 0.1316683 0.0256356 0.0220649 0.0657251 0.0140969 0.1257110 0.0577673 0.0341259 0.0297964 0.0260884 0.0984716 0.0143771 0.0253702 0.1329058 0.0096234 0.1333762 0.1229518 0.0163531 0.0200099 0.0673654 0.2049838 0.0721959 
Perityle_glaucescens_94                  0.1653571 0.1689482 0.1832485 0.2064764 0.1389361 0.1547203 0.1552898 0.1914774 0.4581921 0.1456802 0.2223555 0.1572014 0.1511720 0.1653494 0.0837342 0.1402340 0.1535529 0.1911633 0.1587944 0.1595477 0.1567628 0.1649925 0.1597559 0.1065181 0.1563298 0.1534840 0.1545694 0.1638733 0.2308852 0.1437103 0.1263434 0.1414544 0.1201560 0.1583055 0.1372298 0.0254800 0.1679624 0.1681804 0.1543125 0.1391821 0.1620957 0.0000000 0.1536399 0.0116227 0.1678194 0.1639298 0.1466000 0.1504535 0.0084408 0.1454954 0.1854160 0.1450402 0.1627120 0.1446395 0.1287063 0.1830976 0.1609291 0.1495844 0.1598273 0.1469143 0.1843881 0.1458739 0.1491311 0.1704175 0.1509770 0.1525708 0.1610018 0.1681381 0.1738362 0.1597397 0.1448872 0.1529592 0.1564985 0.1125121 0.1494194 0.1516599 0.1067101 0.0687596 0.1566130 0.1171862 0.2657445 0.1304215 
Perityle_gracilis_11                     0.0527933 0.0672816 0.0776827 0.1806513 0.0468107 0.0967015 0.1365052 0.1566428 0.3593800 0.1221571 0.1478327 0.0194232 0.0074801 0.0157211 0.0076005 0.0051080 0.0834884 0.0653745 0.0164520 0.0072326 0.1255401 0.2022638 0.0257991 0.0016493 0.0036256 0.0195624 0.0330224 0.0503748 0.2263679 0.1116429 0.1016539 0.0897285 0.0907889 0.0295582 0.0130590 0.1375248 0.0159001 0.0568416 0.0236191 0.0049244 0.0121231 0.1536399 0.0000000 0.1352457 0.0686750 0.0110266 0.1036166 0.0174975 0.1273097 0.0106510 0.0061251 0.0049372 0.0082284 0.0529394 0.0279080 0.0182798 0.0258387 0.0225269 0.0902763 0.1070517 0.1147073 0.0205935 0.0147916 0.0546578 0.0123950 0.1283978 0.0437380 0.0188667 0.0256278 0.0257459 0.0907485 0.0012145 0.0260093 0.1257759 0.0000010 0.1377825 0.1252915 0.0055042 0.0161017 0.0607815 0.1522533 0.0691984 
Perityle_harkerae_31                     0.1470511 0.1688002 0.1731063 0.2047353 0.1253335 0.1498031 0.1486395 0.1912576 0.4554231 0.1363327 0.1921993 0.1519589 0.1347779 0.1453357 0.0732242 0.1279510 0.1326221 0.1839728 0.1407476 0.1648634 0.1426297 0.2066351 0.1535420 0.0993980 0.1469634 0.1416739 0.1420394 0.1485250 0.2415310 0.1431556 0.1203168 0.1308942 0.1176755 0.1470989 0.1287495 0.0244051 0.1509927 0.1527251 0.1419264 0.1326839 0.1451035 0.0116227 0.1352457 0.0000000 0.1584194 0.1474040 0.1506864 0.1429167 0.0020157 0.1428909 0.1385928 0.1315148 0.1643365 0.1391780 0.1271596 0.1822779 0.1491331 0.1414650 0.1443214 0.1462406 0.1622839 0.1451940 0.1408632 0.1523034 0.1362179 0.1336248 0.1464546 0.1641502 0.1587458 0.1540892 0.1291479 0.1441818 0.1557057 0.1014376 0.1492812 0.1403237 0.0961747 0.0683868 0.1415667 0.1194433 0.1879095 0.1138058 
Perityle_hofmeisteria_4_nombre_de_dios   0.0831861 0.1030655 0.1227900 0.2153892 0.0866582 0.1411013 0.1686870 0.1872189 0.4209297 0.1477992 0.2123747 0.0974660 0.0759542 0.0821449 0.0489081 0.0839841 0.0939981 0.0862053 0.0868738 0.0713861 0.1646740 0.2203569 0.1134686 0.0513200 0.0898624 0.1054717 0.1433177 0.1158757 0.2523408 0.1414792 0.1258100 0.1221873 0.1135643 0.1000371 0.0900194 0.1664042 0.0770670 0.0253603 0.0702267 0.0935483 0.0956568 0.1678194 0.0686750 0.1584194 0.0000000 0.0641062 0.1393246 0.1004882 0.1492727 0.0694388 0.1555045 0.0993823 0.0726464 0.0720895 0.0657393 0.0776526 0.1070166 0.1007631 0.1483032 0.1033000 0.1484340 0.0791122 0.1068672 0.0901937 0.0872304 0.1431792 0.1015409 0.1037227 0.1155965 0.1136426 0.1282805 0.0950830 0.1094821 0.1525925 0.0751432 0.1495754 0.1501021 0.0332560 0.0830324 0.0318825 0.2630916 0.0955831 
Perityle_huecosensis_48                  0.0554196 0.0713327 0.0785034 0.1951597 0.0503149 0.1038119 0.1364263 0.1589207 0.4014279 0.1319611 0.1953657 0.0250994 0.0081481 0.0192897 0.0131176 0.0050121 0.0882995 0.0687735 0.0191278 0.0096185 0.1685445 0.2013582 0.0275515 0.0032618 0.0161540 0.0206193 0.0307272 0.0506588 0.2361978 0.1167799 0.0996971 0.0909681 0.0987244 0.0240580 0.0195929 0.1479159 0.0091086 0.0616137 0.0219696 0.0046274 0.0114676 0.1639298 0.0110266 0.1474040 0.0641062 0.0000000 0.1032047 0.0175780 0.1401393 0.0105045 0.0057223 0.0070550 0.0016073 0.0507183 0.0275401 0.0222234 0.0276915 0.0257902 0.0945563 0.1182802 0.1201330 0.0261439 0.0184443 0.0535282 0.0139395 0.1251401 0.0444244 0.0153165 0.0170095 0.0274984 0.1049156 0.0104697 0.0255138 0.1281948 0.0048584 0.1319940 0.1346827 0.0110506 0.0162208 0.0601726 0.1933697 0.0822637 
