84
Amauria_brandeegeana_62                    0.0000000 0.0455801 0.1138101 0.2044894 0.1795013 0.2767237 0.5099261 0.1857490 0.0112304 0.1497632 0.1594449 0.1687605 0.1521898 0.1621034 0.3329289 0.1569948 0.1115167 0.2532665 0.1648431 0.1635295 0.0672811 0.1149433 0.1310379 0.0550612 0.1537484 0.1608988 0.1794826 0.3229306 0.0544430 0.0932699 0.3330628 0.1505388 0.0190129 0.1546411 0.1406107 0.3331792 0.0697002 0.3337217 0.3424228 0.1516077 0.1545924 0.2565367 0.1141481 0.3226073 0.3512068 0.1547957 0.2991847 0.1535859 0.1509667 0.3406157 0.1625470 0.1524504 0.1553092 0.1346853 0.1432228 0.2648085 0.0789727 0.0659104 0.1500981 0.1534619 0.1663039 0.1321887 0.2591959 0.0829850 0.1691645 0.3066570 0.3279432 0.2767290 0.2808549 0.1914297 0.1605226 0.1327230 0.0911803 0.1564324 0.1482169 0.1478328 0.0999061 0.3512768 0.3138335 0.1716740 0.1675628 0.2043213 0.1502308 0.0623799 
Amauria_carterae_99_mesa                   0.0455801 0.0000000 0.0402784 0.1284718 0.0476039 0.0867426 0.1399851 0.1233063 0.0333122 0.0474844 0.0395422 0.0433832 0.0385341 0.0411130 0.1363259 0.0383285 0.1302329 0.1571319 0.0377736 0.0345792 0.0389679 0.0960192 0.0382336 0.0409549 0.0370604 0.0456174 0.0567512 0.1357347 0.0362530 0.0777401 0.1444330 0.0424360 0.0411125 0.0409549 0.0210588 0.1448094 0.0383057 0.1462790 0.1438795 0.0397810 0.0395770 0.1413146 0.0401163 0.1487580 0.1559013 0.0441850 0.0815240 0.0353227 0.0363832 0.1476382 0.0403012 0.0394504 0.0403584 0.0409918 0.0387410 0.1318143 0.0559869 0.0452492 0.0382965 0.0408274 0.1312644 0.1351755 0.1292789 0.0566485 0.0464985 0.1323390 0.0729597 0.1225224 0.1146891 0.1358663 0.0331181 0.0397154 0.0388978 0.0474027 0.0426876 0.0414720 0.0874253 0.2630238 0.1350453 0.0391491 0.0428634 0.1388022 0.0381579 0.0246120 
Amauria_rotundifolia_SRR9119150            0.1138101 0.0402784 0.0000000 0.1892867 0.1862461 0.2726728 0.4244216 0.1870541 0.0950018 0.1424430 0.1354958 0.1532039 0.1406068 0.1406175 0.3385996 0.1427496 0.0990164 0.2627403 0.1519341 0.1438012 0.0615817 0.0948081 0.1230173 0.0484256 0.1403377 0.1460796 0.1804881 0.3301279 0.0488400 0.0784653 0.3382854 0.1463283 0.0466999 0.1334490 0.1260508 0.3374285 0.0538503 0.3300760 0.3563954 0.1345452 0.1374986 0.2676956 0.1021988 0.3307025 0.3531116 0.1425191 0.2846483 0.1400867 0.1395228 0.3359380 0.1411355 0.1339022 0.1340684 0.1216321 0.1329459 0.2503110 0.0642051 0.0554062 0.1365544 0.1417836 0.1602136 0.1178953 0.2646272 0.0594403 0.1486397 0.3131300 0.3058438 0.2646213 0.2977870 0.1694995 0.1441607 0.1239731 0.0839555 0.1416447 0.1328799 0.1368459 0.0785099 0.3704384 0.3061129 0.1559566 0.1452441 0.1844597 0.1425731 0.0599881 
Conoclinium_coelestinum_SRR9119114         0.2044894 0.1284718 0.1892867 0.0000000 0.2049058 0.1018925 0.2944557 0.1976371 0.1659048 0.1955863 0.1735175 0.1968326 0.1839480 0.1840218 0.2574205 0.1861959 0.1606834 0.2203572 0.1824919 0.1915547 0.1259727 0.2165993 0.1805066 0.1233858 0.1858335 0.1887660 0.1890655 0.2461106 0.1374502 0.1724431 0.2585595 0.1891456 0.1560773 0.1824920 0.1760818 0.2374618 0.1201727 0.2402107 0.2643085 0.1917275 0.1856763 0.2021027 0.1522227 0.2634703 0.2689438 0.1854971 0.2250013 0.1799922 0.1751520 0.2443235 0.1858329 0.1761462 0.1854446 0.1487551 0.1739635 0.2033668 0.1213793 0.1155831 0.1837153 0.1871734 0.1785440 0.1557315 0.2160436 0.1233830 0.1847938 0.2341724 0.2296161 0.1946260 0.2160348 0.1561406 0.1770763 0.1856847 0.1618048 0.2015276 0.1780848 0.1893705 0.1956407 0.5513287 0.2464977 0.1766239 0.1850208 0.1611357 0.1812476 0.1183417 
Eutetras_palmeri_63                        0.1795013 0.0476039 0.1862461 0.2049058 0.0000000 0.2907694 0.4666636 0.1785448 0.1655841 0.2323600 0.1945751 0.1368520 0.1572887 0.1263057 0.3250469 0.1987323 0.1206496 0.2467238 0.1393061 0.1325431 0.0462200 0.0694946 0.1826676 0.0319390 0.1368557 0.1592923 0.1909029 0.3289289 0.0526152 0.0708217 0.3207036 0.1648535 0.1026351 0.1762116 0.1289154 0.2987222 0.0372252 0.2810695 0.3395896 0.1689840 0.1317261 0.2147171 0.0959646 0.2721300 0.3752220 0.1696758 0.2133533 0.1852644 0.1717471 0.3187551 0.1328115 0.1558957 0.1447047 0.1169866 0.1227888 0.2501265 0.0473346 0.0453113 0.1215346 0.1476130 0.1619806 0.1205683 0.2347931 0.0431989 0.2042675 0.2859749 0.2840733 0.2592984 0.3125734 0.1516796 0.1407081 0.1846305 0.1636088 0.1888840 0.1158935 0.1382911 0.0585744 0.3616294 0.3043409 0.1789324 0.1556934 0.1647798 0.1509812 0.0858229 
Eutrochium_fistulosum_SRR9119106           0.2767237 0.0867426 0.2726728 0.1018925 0.2907694 0.0000000 0.4760217 0.3507161 0.3386573 0.2417127 0.2539779 0.2708227 0.2733494 0.2617309 0.3649292 0.2742028 0.1313924 0.4116736 0.2723488 0.2667396 0.2492862 0.2486915 0.2681576 0.1828913 0.2722426 0.2655085 0.2809300 0.3462247 0.2219895 0.3823029 0.3600332 0.2676432 0.3380140 0.2692456 0.2398006 0.3692740 0.1944230 0.3689405 0.3667684 0.2708599 0.2724111 0.3428030 0.2557742 0.4035333 0.3835371 0.2734404 0.2583354 0.2693373 0.2654963 0.3736153 0.2682438 0.2605148 0.2613689 0.2578480 0.2653222 0.3409452 0.2924934 0.2587893 0.2657072 0.2654276 0.3024019 0.1482210 0.3496673 0.1589566 0.2712614 0.3367454 0.3740784 0.3524237 0.3388627 0.3832311 0.2688556 0.2664635 0.2875742 0.2620043 0.2680670 0.2653967 0.2727402 0.5465549 0.3690498 0.2604768 0.2599838 0.2982643 0.2677006 0.2497678 
Galeana_pratensis_104_mex                  0.5099261 0.1399851 0.4244216 0.2944557 0.4666636 0.4760217 0.0000000 0.4101593 0.3897451 0.3659139 0.3359984 0.3614925 0.4145037 0.3695875 0.4533921 0.3410565 0.0943972 0.3508042 0.3810710 0.3549100 0.2924337 0.0946080 0.3618190 0.2071852 0.3631952 0.3548900 0.4365904 0.4805461 0.2724762 0.2945650 0.3951206 0.3534416 0.3810131 0.3398224 0.3604846 0.3931782 0.2204699 0.3638890 0.4410739 0.3641347 0.3860391 0.3467973 0.3856086 0.4535189 0.4597549 0.3375535 0.1096583 0.3418014 0.3293273 0.4533586 0.3724739 0.3430629 0.3396350 0.3474493 0.3399768 0.3707880 0.2305191 0.2631841 0.3715957 0.3506485 0.2810436 0.0840642 0.3409141 0.1108368 0.4139322 0.4063939 0.3264682 0.3628020 0.4333981 0.2533250 0.3661787 0.3663450 0.3574237 0.3552805 0.3411896 0.3716166 0.1627673 0.4302769 0.4330352 0.3427548 0.3557260 0.2337900 0.3452752 0.3284994 
Helianthus_annuus_SRR9119062               0.1857490 0.1233063 0.1870541 0.1976371 0.1785448 0.3507161 0.4101593 0.0000000 0.1710254 0.1591922 0.1365240 0.1387304 0.1403690 0.1356415 0.2407857 0.1437614 0.1602402 0.2489069 0.1558444 0.1488437 0.1454121 0.1582470 0.1363429 0.1141888 0.1446520 0.1589401 0.1532393 0.2239381 0.1469672 0.1464981 0.2356840 0.1510689 0.2011308 0.1407530 0.1228107 0.2326483 0.1218284 0.2466180 0.2384621 0.1459413 0.1409846 0.2307370 0.1478131 0.2675478 0.2588462 0.1421850 0.1893437 0.1381617 0.1377929 0.2437437 0.1401445 0.1336499 0.1332253 0.1549811 0.1363583 0.2339371 0.1475309 0.1564450 0.1360465 0.1439927 0.2094762 0.1760593 0.2352516 0.1246933 0.1481509 0.2198190 0.3277278 0.2139730 0.2036891 0.1697111 0.1389921 0.1378278 0.1699971 0.1485027 0.1444796 0.1544612 0.1428976 0.3915763 0.2403047 0.1469839 0.1397759 0.2089910 0.1378784 0.1348069 
Lycapsus_tenuifolius_17                    0.0112304 0.0333122 0.0950018 0.1659048 0.1655841 0.3386573 0.3897451 0.1710254 0.0000000 0.1516953 0.1371833 0.1455621 0.1398415 0.1407748 0.2494016 0.1411293 0.0404860 0.2165301 0.1456185 0.1405983 0.0532799 0.0789748 0.1039193 0.0338880 0.1442159 0.1535707 0.1658855 0.2416393 0.0151875 0.0356674 0.2430126 0.1437671 0.0145747 0.1396778 0.1272210 0.2358952 0.0407239 0.2568768 0.2570235 0.1410657 0.1439580 0.1732916 0.1267509 0.2568635 0.2687658 0.1426409 0.0802325 0.1405683 0.1362487 0.2522675 0.1434746 0.1380835 0.1390965 0.1463653 0.1391546 0.2615208 0.0479538 0.0418745 0.1381132 0.1413567 0.1255430 0.0592605 0.1859620 0.0520722 0.1470481 0.2426080 0.2645601 0.2426113 0.2354197 0.1449053 0.1339979 0.1033499 0.0569809 0.1424593 0.1444519 0.1400625 0.0696441 0.2047878 0.2466778 0.1488288 0.1494346 0.1301186 0.1392624 0.0510319 
Pericome_caudata_50_silver                 0.1497632 0.0474844 0.1424430 0.1955863 0.2323600 0.2417127 0.3659139 0.1591922 0.1516953 0.0000000 0.1218312 0.0760993 0.1022957 0.0560845 0.2980266 0.1147197 0.1364806 0.2168795 0.0735977 0.0697382 0.0598172 0.1052475 0.2201213 0.0602092 0.0737072 0.0841253 0.1639279 0.2851247 0.0540017 0.0766264 0.2902847 0.0649277 0.0958862 0.0987375 0.0473772 0.2510625 0.0723137 0.2517760 0.3029884 0.1030144 0.0733443 0.2397216 0.0724145 0.2973751 0.3638326 0.0945829 0.3080964 0.1074628 0.0935704 0.2705732 0.0693112 0.0783932 0.0736942 0.0737635 0.0666355 0.1879325 0.0710127 0.0596777 0.0719840 0.0769314 0.1768712 0.1439062 0.2512199 0.0630335 0.1296366 0.2177496 0.2913236 0.2280771 0.2655038 0.1494977 0.0694037 0.1715203 0.1385643 0.1584452 0.0775877 0.0727890 0.0822588 0.3338214 0.2677333 0.1038444 0.1009456 0.1858050 0.0785769 0.1365019 
Perityle_aglossa_84_dead_horse             0.1594449 0.0395422 0.1354958 0.1735175 0.1945751 0.2539779 0.3359984 0.1365240 0.1371833 0.1218312 0.0000000 0.0229798 0.0448260 0.0161939 0.2449362 0.0203244 0.0527459 0.1596719 0.0242637 0.0205481 0.0138206 0.0477601 0.0580062 0.0139763 0.0222028 0.0503295 0.1284273 0.2490909 0.0490093 0.0716550 0.2466632 0.0868494 0.0912695 0.0185343 0.0264327 0.2174326 0.0221856 0.2076685 0.2501132 0.0310816 0.0230003 0.1965208 0.0236036 0.2618833 0.2941556 0.0218613 0.2501604 0.0530595 0.0207682 0.2369185 0.0198608 0.0215849 0.0221430 0.0405090 0.0189219 0.1433092 0.0319302 0.0215667 0.0252463 0.0419331 0.1172256 0.0414549 0.1964851 0.0326598 0.0579739 0.1857169 0.2548774 0.1815135 0.2199935 0.1166066 0.0182506 0.0604618 0.1116215 0.0275006 0.0260341 0.0233989 0.0394803 0.3342197 0.2037412 0.0217507 0.0248796 0.1290290 0.0249444 0.0507565 
Perityle_ajoensis_204                      0.1687605 0.0433832 0.1532039 0.1968326 0.1368520 0.2708227 0.3614925 0.1387304 0.1455621 0.0760993 0.0229798 0.0000000 0.0358448 0.0124571 0.2297703 0.0162961 0.0878349 0.1987667 0.0182294 0.0138270 0.0040554 0.0487333 0.0141600 0.0029163 0.0049834 0.0397074 0.1224261 0.2121177 0.0517761 0.0773588 0.2326253 0.0766605 0.0978230 0.0123341 0.0259520 0.2231359 0.0208164 0.2150455 0.2513594 0.0153097 0.0185584 0.1970455 0.0034044 0.2713045 0.2357270 0.0152785 0.2378057 0.0060892 0.0040720 0.2173245 0.0138961 0.0112383 0.0153312 0.0306196 0.0152684 0.1688637 0.0373002 0.0245646 0.0074335 0.0050559 0.1508686 0.1145156 0.2124308 0.0464469 0.0297026 0.2060618 0.2822101 0.2048263 0.2223658 0.1495347 0.0130211 0.0181103 0.0558988 0.0090825 0.0110822 0.0115152 0.0264386 0.3226647 0.2373915 0.0147510 0.0206917 0.1622995 0.0060561 0.0333314 
Perityle_ambrosiifolia_67_green            0.1521898 0.0385341 0.1406068 0.1839480 0.1572887 0.2733494 0.4145037 0.1403690 0.1398415 0.1022957 0.0448260 0.0358448 0.0000000 0.0090647 0.2385974 0.0363162 0.0611571 0.1915986 0.0205183 0.0305967 0.0094391 0.0431038 0.0262401 0.0110109 0.0336525 0.0556632 0.1222548 0.2281334 0.0511423 0.0746209 0.2365598 0.1018527 0.0940472 0.0344614 0.0235581 0.2385985 0.0164575 0.2223067 0.2508465 0.0260903 0.0205373 0.2103023 0.0154112 0.2745987 0.2540361 0.0362261 0.2575696 0.0407209 0.0397135 0.2309928 0.0043032 0.0346023 0.0228929 0.0323406 0.0106663 0.1624920 0.0334079 0.0227990 0.0190001 0.0396683 0.1387326 0.0845485 0.2122542 0.0316612 0.0528674 0.2064029 0.2724826 0.1978861 0.2265815 0.1307463 0.0264155 0.0297821 0.0548221 0.0452078 0.0168561 0.0213439 0.0349532 0.3257208 0.2425368 0.0415202 0.0370675 0.1597599 0.0408730 0.0335502 
Perityle_angustifolia_13_Eagle_creek       0.1621034 0.0411130 0.1406175 0.1840218 0.1263057 0.2617309 0.3695875 0.1356415 0.1407748 0.0560845 0.0161939 0.0124571 0.0090647 0.0000000 0.1837457 0.0102154 0.0735167 0.1877953 0.0136204 0.0102256 0.0097498 0.0460439 0.0084185 0.0064427 0.0100817 0.0318143 0.1032995 0.1630702 0.0446499 0.0705028 0.1752499 0.0564684 0.0947380 0.0068161 0.0193290 0.1711269 0.0113916 0.1717828 0.2028198 0.0090092 0.0123350 0.1461915 0.0097851 0.2239809 0.1829168 0.0113685 0.1587487 0.0102262 0.0080004 0.1613188 0.0090571 0.0068603 0.0090202 0.0299829 0.0022842 0.1654273 0.0359524 0.0248239 0.0090768 0.0090383 0.1356105 0.0964767 0.1675983 0.0371674 0.0192331 0.1592956 0.2674818 0.1723445 0.1689359 0.1286567 0.0057232 0.0094459 0.0534865 0.0136037 0.0131223 0.0146913 0.0351950 0.3043529 0.1887455 0.0125287 0.0138272 0.1395301 0.0101849 0.0280081 
Perityle_batopilensis_97                   0.3329289 0.1363259 0.3385996 0.2574205 0.3250469 0.3649292 0.4533921 0.2407857 0.2494016 0.2980266 0.2449362 0.2297703 0.2385974 0.1837457 0.0000000 0.2569743 0.0919992 0.1151024 0.2253616 0.2178105 0.1605788 0.1543104 0.2498206 0.1961698 0.2606608 0.2583032 0.3237970 0.1334328 0.2107041 0.2254924 0.1686869 0.2744866 0.2247302 0.2413509 0.2051076 0.1436734 0.1893393 0.1269562 0.0808133 0.2747559 0.2500495 0.1011968 0.2366567 0.1729410 0.1614730 0.2528790 0.2208241 0.2633686 0.2563049 0.1541574 0.2165375 0.2518898 0.2426931 0.2141595 0.2234196 0.1012653 0.1648595 0.1468368 0.2375459 0.2666321 0.0848759 0.0553719 0.0936551 0.1308053 0.2831830 0.1055092 0.2504068 0.1282399 0.1780924 0.0557184 0.1998757 0.2726710 0.1995505 0.2834462 0.2095533 0.2541695 0.1948782 0.4927200 0.1434390 0.2262801 0.2497649 0.0972298 0.2631191 0.2063747 
Perityle_bisetosa_9                        0.1569948 0.0383285 0.1427496 0.1861959 0.1987323 0.2742028 0.3410565 0.1437614 0.1411293 0.1147197 0.0203244 0.0162961 0.0363162 0.0102154 0.2569743 0.0000000 0.0766140 0.1848282 0.0128797 0.0137596 0.0137157 0.0430491 0.0473383 0.0137707 0.0161468 0.0409514 0.1256321 0.2584286 0.0586608 0.0781075 0.2605376 0.0839907 0.0953470 0.0131507 0.0249213 0.2339882 0.0201854 0.2247606 0.2713879 0.0235554 0.0139432 0.2138615 0.0175687 0.2804211 0.3028803 0.0104747 0.2824175 0.0177583 0.0163338 0.2485937 0.0107650 0.0126405 0.0114933 0.0330898 0.0117026 0.1639985 0.0334755 0.0263189 0.0209668 0.0161443 0.1436832 0.0908387 0.2192429 0.0407509 0.0558614 0.1993455 0.2611243 0.1988483 0.2348153 0.1359245 0.0094956 0.0505225 0.1200029 0.0220233 0.0200449 0.0189563 0.0326150 0.3449810 0.2276133 0.0149554 0.0233885 0.1594140 0.0191662 0.0540065 
Perityle_californica_76_positas            0.1115167 0.1302329 0.0990164 0.1606834 0.1206496 0.1313924 0.0943972 0.1602402 0.0404860 0.1364806 0.0527459 0.0878349 0.0611571 0.0735167 0.0919992 0.0766140 0.0000000 0.0894660 0.0937581 0.0961402 0.0735394 0.1306395 0.0798809 0.0792275 0.0963318 0.0776760 0.0905905 0.0623474 0.1177151 0.1304761 0.0110303 0.1112235 0.0749382 0.0729455 0.0742289 0.0779711 0.0733550 0.0712093 0.0984542 0.1014070 0.0984407 0.0719957 0.0988361 0.0784291 0.0919217 0.0798113 0.0000010 0.0673774 0.0530212 0.0719821 0.0931218 0.0626398 0.0811818 0.0605571 0.0617302 0.0606036 0.0823522 0.0737050 0.0735668 0.0905236 0.0574760 0.0653706 0.0774312 0.1009508 0.0847162 0.0653101 0.0613929 0.0764327 0.0651004 0.0644405 0.0592823 0.0988064 0.1266319 0.1233434 0.0713588 0.0886651 0.1578809 0.3683425 0.0621135 0.0558500 0.0961901 0.0748271 0.0701397 0.0473689 
Perityle_canescens_77                      0.2532665 0.1571319 0.2627403 0.2203572 0.2467238 0.4116736 0.3508042 0.2489069 0.2165301 0.2168795 0.1596719 0.1987667 0.1915986 0.1877953 0.1151024 0.1848282 0.0894660 0.0000000 0.2145288 0.1990954 0.1889662 0.1788444 0.1983423 0.1702078 0.2076632 0.2040655 0.2165392 0.0832020 0.2071583 0.2429061 0.1258732 0.2019583 0.2611102 0.1860778 0.1842049 0.0515624 0.1766698 0.0527319 0.1325105 0.2085710 0.2081497 0.0447824 0.2073614 0.1068363 0.0638843 0.1904918 0.0552186 0.1951162 0.1845119 0.0486741 0.1989252 0.1823482 0.1863642 0.1833339 0.1872970 0.0843020 0.2005222 0.1863828 0.1941905 0.2034503 0.0663311 0.0286798 0.0886989 0.1563653 0.2074204 0.0798323 0.2657840 0.1365260 0.1205170 0.1082600 0.1843853 0.2056019 0.2179796 0.2191376 0.1849332 0.2101091 0.2128029 0.4142596 0.0494277 0.1893385 0.2017265 0.0942941 0.1934323 0.1748399 
Perityle_castillonii_96                    0.1648431 0.0377736 0.1519341 0.1824919 0.1393061 0.2723488 0.3810710 0.1558444 0.1456185 0.0735977 0.0242637 0.0182294 0.0205183 0.0136204 0.2253616 0.0128797 0.0937581 0.2145288 0.0000000 0.0164249 0.0162810 0.0460473 0.0136381 0.0137434 0.0159317 0.0388593 0.1105695 0.2008509 0.0628239 0.0861691 0.2209935 0.0745432 0.1018056 0.0139931 0.0269574 0.2132727 0.0045329 0.2136318 0.2389189 0.0149135 0.0180529 0.1983625 0.0163173 0.2704735 0.2250218 0.0139092 0.2204534 0.0162149 0.0141038 0.2031068 0.0150488 0.0130239 0.0139531 0.0371201 0.0144365 0.1767173 0.0418093 0.0275785 0.0142281 0.0138989 0.1532554 0.1057630 0.2106776 0.0407729 0.0291088 0.1973444 0.2797875 0.2080834 0.2116273 0.1403398 0.0022182 0.0144957 0.0690338 0.0192242 0.0194140 0.0203517 0.0377726 0.3380368 0.2347745 0.0163387 0.0206559 0.1610194 0.0161212 0.0383537 
Perityle_cernua_84                         0.1635295 0.0345792 0.1438012 0.1915547 0.1325431 0.2667396 0.3549100 0.1488437 0.1405983 0.0697382 0.0205481 0.0138270 0.0305967 0.0102256 0.2178105 0.0137596 0.0961402 0.1990954 0.0164249 0.0000000 0.0108033 0.0486038 0.0100622 0.0078201 0.0125708 0.0384589 0.1191306 0.1978406 0.0531798 0.0758767 0.2098230 0.0700160 0.0924994 0.0116981 0.0260850 0.2019843 0.0141920 0.1930752 0.2302308 0.0093597 0.0128474 0.1733292 0.0118914 0.2465351 0.2208596 0.0148378 0.1898438 0.0127784 0.0106700 0.1980764 0.0087829 0.0096012 0.0084356 0.0342414 0.0114116 0.1737474 0.0374556 0.0258585 0.0123664 0.0105342 0.1485970 0.0918475 0.1867734 0.0403605 0.0211648 0.1847742 0.2613195 0.1945968 0.2015712 0.1286567 0.0119424 0.0120513 0.0613957 0.0167704 0.0138800 0.0175705 0.0350809 0.3246305 0.2201168 0.0148918 0.0171781 0.1441135 0.0127182 0.0301071 
Perityle_cfvillosa_25_tin                  0.0672811 0.0389679 0.0615817 0.1259727 0.0462200 0.2492862 0.2924337 0.1454121 0.0532799 0.0598172 0.0138206 0.0040554 0.0094391 0.0097498 0.1605788 0.0137157 0.0735394 0.1889662 0.0162810 0.0108033 0.0000000 0.0467209 0.0082063 0.0030910 0.0053479 0.0266042 0.0308781 0.1582781 0.0522437 0.0750954 0.1669136 0.0463287 0.0660786 0.0096076 0.0116331 0.1734126 0.0110660 0.1668023 0.1727030 0.0094140 0.0120550 0.1630708 0.0066612 0.1767537 0.1833103 0.0150864 0.1853505 0.0026869 0.0027031 0.1740140 0.0094858 0.0068541 0.0095370 0.0227470 0.0081505 0.1469346 0.0335187 0.0226951 0.0026686 0.0000010 0.1446324 0.0884724 0.1773430 0.0384566 0.0175426 0.1550541 0.2270639 0.1550127 0.1317724 0.1390998 0.0055169 0.0081086 0.0568257 0.0026866 0.0081296 0.0107436 0.0242970 0.3038800 0.1704446 0.0137147 0.0138776 0.1438603 0.0013365 0.0276571 
Perityle_cinerea_113_Powell1310            0.1149433 0.0960192 0.0948081 0.2165993 0.0694946 0.2486915 0.0946080 0.1582470 0.0789748 0.1052475 0.0477601 0.0487333 0.0431038 0.0460439 0.1543104 0.0430491 0.1306395 0.1788444 0.0460473 0.0486038 0.0467209 0.0000000 0.0436392 0.0433282 0.0460221 0.0614510 0.0709325 0.1618077 0.0848514 0.0645128 0.1693429 0.0796356 0.0942799 0.0429090 0.0524025 0.1766034 0.0404676 0.1671093 0.1443822 0.0456582 0.0456916 0.1631302 0.0430591 0.1700440 0.1851592 0.0460092 0.1329133 0.0465341 0.0464939 0.1690764 0.0457114 0.0435257 0.0429789 0.0574702 0.0464103 0.1505776 0.0546199 0.0503069 0.0465532 0.0492585 0.1360793 0.1229442 0.1614585 0.0356466 0.0550421 0.1628409 0.1652064 0.1510996 0.1318878 0.0963174 0.0412279 0.0432579 0.0876812 0.0513259 0.0433652 0.0493048 0.0114977 0.1574580 0.1590519 0.0428779 0.0524835 0.1509596 0.0462611 0.0556100 
Perityle_coahuilensis_24                   0.1310379 0.0382336 0.1230173 0.1805066 0.1826676 0.2681576 0.3618190 0.1363429 0.1039193 0.2201213 0.0580062 0.0141600 0.0262401 0.0084185 0.2498206 0.0473383 0.0798809 0.1983423 0.0136381 0.0100622 0.0082063 0.0436392 0.0000000 0.0097428 0.0141734 0.0417076 0.0979387 0.2587455 0.0500596 0.0750419 0.2526127 0.0796057 0.0927103 0.0350947 0.0187115 0.2233912 0.0166756 0.2180434 0.2551398 0.0033012 0.0048402 0.2082489 0.0161007 0.2740426 0.3273598 0.0241551 0.2531754 0.0826585 0.0363844 0.2497163 0.0011350 0.0141764 0.0041295 0.0319310 0.0091965 0.1566950 0.0337857 0.0231781 0.0189654 0.0334005 0.1366256 0.0938444 0.2085878 0.0314457 0.0620612 0.1915903 0.2790971 0.1893261 0.2264895 0.1575727 0.0100171 0.0012938 0.2447319 0.0909255 0.0166661 0.0162472 0.0347993 0.3217607 0.2341696 0.0348764 0.0367099 0.1676997 0.0173042 0.1260628 
Perityle_cochisensis_44_cave_creek         0.0550612 0.0409549 0.0484256 0.1233858 0.0319390 0.1828913 0.2071852 0.1141888 0.0338880 0.0602092 0.0139763 0.0029163 0.0110109 0.0064427 0.1961698 0.0137707 0.0792275 0.1702078 0.0137434 0.0078201 0.0030910 0.0433282 0.0097428 0.0000000 0.0040175 0.0197422 0.0283874 0.1938217 0.0453923 0.0739563 0.2129280 0.0587116 0.0481205 0.0083312 0.0115626 0.2084867 0.0140273 0.2017259 0.1947641 0.0123581 0.0135452 0.2022547 0.0040716 0.2047931 0.2224144 0.0151821 0.2635122 0.0040484 0.0040854 0.2032753 0.0090510 0.0068426 0.0125810 0.0186762 0.0123820 0.1191602 0.0298160 0.0186427 0.0067613 0.0053859 0.1247184 0.0996399 0.1959909 0.0291365 0.0273806 0.1716277 0.1919653 0.1581964 0.1711523 0.1337425 0.0031820 0.0122461 0.0483902 0.0066810 0.0073570 0.0054426 0.0264630 0.3377621 0.1907494 0.0077612 0.0166387 0.1472029 0.0040421 0.0251868 
Perityle_congesta_202                      0.1537484 0.0370604 0.1403377 0.1858335 0.1368557 0.2722426 0.3631952 0.1446520 0.1442159 0.0737072 0.0222028 0.0049834 0.0336525 0.0100817 0.2606608 0.0161468 0.0963318 0.2076632 0.0159317 0.0125708 0.0053479 0.0460221 0.0141734 0.0040175 0.0000000 0.0365934 0.1161187 0.2413943 0.0513703 0.0796519 0.2596571 0.0755194 0.0969364 0.0126953 0.0232958 0.2446812 0.0229640 0.2374844 0.2801637 0.0152345 0.0192444 0.2299051 0.0063993 0.2948045 0.2668343 0.0170734 0.3008001 0.0035177 0.0017851 0.2433566 0.0106554 0.0126289 0.0136235 0.0311166 0.0145384 0.1774158 0.0373739 0.0261232 0.0075197 0.0026435 0.1564517 0.1199060 0.2319836 0.0433633 0.0311176 0.2104004 0.2904096 0.2146230 0.2306665 0.1658142 0.0105426 0.0176098 0.0594763 0.0088310 0.0075786 0.0111755 0.0235448 0.3355284 0.2455455 0.0144287 0.0227029 0.1801326 0.0035366 0.0372971 
Perityle_cordifolia_27                     0.1608988 0.0456174 0.1460796 0.1887660 0.1592923 0.2655085 0.3548900 0.1589401 0.1535707 0.0841253 0.0503295 0.0397074 0.0556632 0.0318143 0.2583032 0.0409514 0.0776760 0.2040655 0.0388593 0.0384589 0.0266042 0.0614510 0.0417076 0.0197422 0.0365934 0.0000000 0.1095007 0.2517475 0.0596166 0.0852301 0.2646644 0.0886692 0.1072847 0.0400190 0.0034496 0.2462016 0.0391096 0.2308059 0.2616446 0.0401905 0.0378069 0.2235109 0.0340241 0.2889717 0.2732620 0.0425580 0.2556993 0.0637050 0.0349326 0.2471814 0.0348281 0.0391983 0.0401772 0.0026090 0.0343029 0.1682204 0.0297535 0.0331426 0.0352994 0.0517663 0.1411002 0.0730336 0.2237349 0.0155314 0.0614860 0.2144657 0.2691117 0.2084883 0.2382205 0.1544381 0.0376047 0.0456242 0.0675922 0.0420885 0.0393456 0.0392245 0.0496156 0.3418051 0.2287509 0.0436444 0.0487169 0.1552836 0.0361308 0.0312715 
Perityle_cordifolia_68_tecolote            0.1794826 0.0567512 0.1804881 0.1890655 0.1909029 0.2809300 0.4365904 0.1532393 0.1658855 0.1639279 0.1284273 0.1224261 0.1222548 0.1032995 0.3237970 0.1256321 0.0905905 0.2165392 0.1105695 0.1191306 0.0308781 0.0709325 0.0979387 0.0283874 0.1161187 0.1095007 0.0000000 0.3194970 0.0622772 0.0856293 0.3264214 0.1568670 0.1103422 0.1176041 0.0949762 0.3032289 0.0462889 0.2970531 0.3176329 0.1216253 0.1090304 0.2243106 0.0643401 0.2934227 0.3443337 0.1240703 0.2622435 0.1183010 0.1140462 0.3318994 0.1042430 0.1186925 0.1238185 0.0803636 0.0924326 0.2238499 0.0120553 0.0401588 0.1009470 0.1240309 0.1439394 0.1145906 0.2228557 0.0350603 0.1445599 0.2807341 0.3040791 0.2429305 0.3019814 0.1553390 0.1247567 0.1035589 0.0700233 0.1262498 0.0911933 0.1052981 0.0631622 0.3515738 0.3080943 0.1310150 0.1306955 0.1779510 0.1203440 0.0347356 
Perityle_coronopifolia_28_patagonia        0.3229306 0.1357347 0.3301279 0.2461106 0.3289289 0.3462247 0.4805461 0.2239381 0.2416393 0.2851247 0.2490909 0.2121177 0.2281334 0.1630702 0.1334328 0.2584286 0.0623474 0.0832020 0.2008509 0.1978406 0.1582781 0.1618077 0.2587455 0.1938217 0.2413943 0.2517475 0.3194970 0.0000000 0.1933225 0.2158849 0.1711383 0.2553838 0.2198907 0.2559773 0.1764621 0.0829285 0.2005546 0.0662682 0.1800998 0.2711408 0.2248217 0.0672893 0.2289969 0.1258405 0.0765394 0.2639451 0.2306617 0.2639313 0.2574239 0.0698561 0.1910630 0.2443853 0.2330894 0.2207001 0.2113233 0.0571986 0.1610300 0.1567731 0.2167367 0.2552795 0.0310300 0.0113630 0.0586472 0.1320059 0.2808673 0.0161175 0.2738487 0.1313616 0.1784685 0.0662362 0.1927128 0.2764882 0.2155094 0.2780238 0.1921345 0.2245700 0.1943886 0.4801006 0.1150370 0.2369135 0.2422509 0.0340831 0.2522671 0.2182563 
Perityle_crassifolia_70_ventanas           0.0544430 0.0362530 0.0488400 0.1374502 0.0526152 0.2219895 0.2724762 0.1469672 0.0151875 0.0540017 0.0490093 0.0517761 0.0511423 0.0446499 0.2107041 0.0586608 0.1177151 0.2071583 0.0628239 0.0531798 0.0522437 0.0848514 0.0500596 0.0453923 0.0513703 0.0596166 0.0622772 0.1933225 0.0000000 0.0147553 0.1997449 0.0423314 0.0454117 0.0528109 0.0170245 0.1982425 0.0543583 0.1930072 0.2122781 0.0542745 0.0572591 0.1865499 0.0496687 0.1928515 0.2106286 0.0603556 0.2101023 0.0477373 0.0482894 0.2004722 0.0546658 0.0468257 0.0506558 0.0513602 0.0496149 0.1694681 0.0655511 0.0540728 0.0474820 0.0501683 0.1680109 0.1115593 0.2005052 0.0411079 0.0535856 0.1888817 0.2055815 0.1911757 0.1694219 0.1692845 0.0462074 0.0528842 0.0045249 0.0562125 0.0586517 0.0578183 0.0672275 0.3156591 0.1872255 0.0548784 0.0557501 0.1833022 0.0475936 0.0000010 
Perityle_crassifolia_74_playa_balandra     0.0932699 0.0777401 0.0784653 0.1724431 0.0708217 0.3823029 0.2945650 0.1464981 0.0356674 0.0766264 0.0716550 0.0773588 0.0746209 0.0705028 0.2254924 0.0781075 0.1304761 0.2429061 0.0861691 0.0758767 0.0750954 0.0645128 0.0750419 0.0739563 0.0796519 0.0852301 0.0856293 0.2158849 0.0147553 0.0000000 0.2223257 0.0656143 0.0735938 0.0773633 0.0327809 0.2226317 0.0821622 0.2134004 0.2294961 0.0778217 0.0846036 0.2203348 0.0744200 0.2221928 0.2304465 0.0777941 0.1385632 0.0747609 0.0761053 0.2365372 0.0797715 0.0730514 0.0732245 0.0745102 0.0723452 0.2055608 0.0740489 0.0783486 0.0745231 0.0772132 0.2017958 0.1184766 0.2177939 0.0605342 0.0824441 0.2073578 0.2624645 0.2146565 0.1770207 0.1578587 0.0711503 0.0772294 0.0171162 0.0802770 0.0865329 0.0810793 0.0613392 0.1065549 0.2111057 0.0841741 0.0837391 0.2061026 0.0745231 0.0128813 
Perityle_cuneata_34_cuneata_San_antonio    0.3330628 0.1444330 0.3382854 0.2585595 0.3207036 0.3600332 0.3951206 0.2356840 0.2430126 0.2902847 0.2466632 0.2326253 0.2365598 0.1752499 0.1686869 0.2605376 0.0110303 0.1258732 0.2209935 0.2098230 0.1669136 0.1693429 0.2526127 0.2129280 0.2596571 0.2646644 0.3264214 0.1711383 0.1997449 0.2223257 0.0000000 0.2634346 0.2187615 0.2470109 0.1778537 0.1541101 0.2069342 0.1499092 0.1966818 0.2686959 0.2496801 0.1210036 0.2455818 0.1907387 0.1979162 0.2580950 0.2221996 0.2598687 0.2556773 0.1670536 0.2060519 0.2576324 0.2454340 0.2247184 0.2274585 0.1121440 0.1606956 0.1619613 0.2360276 0.2625189 0.0914961 0.0651429 0.1163139 0.1453797 0.2821325 0.1318220 0.2911747 0.1359027 0.2096143 0.1074898 0.1992389 0.2757274 0.1964577 0.2735374 0.2136844 0.2481823 0.1905622 0.4801829 0.1826323 0.2245348 0.2499210 0.1172863 0.2599046 0.1988051 
Perityle_cuneata_4                         0.1505388 0.0424360 0.1463283 0.1891456 0.1648535 0.2676432 0.3534416 0.1510689 0.1437671 0.0649277 0.0868494 0.0766605 0.1018527 0.0564684 0.2744866 0.0839907 0.1112235 0.2019583 0.0745432 0.0700160 0.0463287 0.0796356 0.0796057 0.0587116 0.0755194 0.0886692 0.1568670 0.2553838 0.0423314 0.0656143 0.2634346 0.0000000 0.0998227 0.0842220 0.0514481 0.2402127 0.0716046 0.2339771 0.2853318 0.0824142 0.0771342 0.2195352 0.0662849 0.2901238 0.2741229 0.0867935 0.2770109 0.0810560 0.0789578 0.2611351 0.0690822 0.0825997 0.0758765 0.0710200 0.0686497 0.1732362 0.0606127 0.0482677 0.0728802 0.0785518 0.1404780 0.1216054 0.2225693 0.0590156 0.1109040 0.2080609 0.2951221 0.1925054 0.2462849 0.1684281 0.0716035 0.0842866 0.0644531 0.0844598 0.0710126 0.0778424 0.0705282 0.3358605 0.2425152 0.0844868 0.0834820 0.1790322 0.0791115 0.0500159 
Perityle_discoidea_81                      0.0190129 0.0411125 0.0466999 0.1560773 0.1026351 0.3380140 0.3810131 0.2011308 0.0145747 0.0958862 0.0912695 0.0978230 0.0940472 0.0947380 0.2247302 0.0953470 0.0749382 0.2611102 0.1018056 0.0924994 0.0660786 0.0942799 0.0927103 0.0481205 0.0969364 0.1072847 0.1103422 0.2198907 0.0454117 0.0735938 0.2187615 0.0998227 0.0000000 0.0920142 0.0763325 0.2245552 0.0543282 0.2326907 0.2303157 0.0936423 0.1005258 0.2053259 0.0933492 0.2437638 0.2444923 0.0988250 0.1103383 0.0944693 0.0957647 0.2289946 0.0975737 0.0922123 0.0927246 0.0980181 0.0951602 0.2272333 0.0650959 0.0579734 0.0924818 0.0959468 0.1623375 0.0991060 0.2145475 0.0661419 0.1034531 0.2215531 0.2822439 0.2076932 0.1861256 0.1648650 0.0879263 0.0920228 0.0846129 0.0984929 0.0978897 0.0964043 0.0859007 0.2195216 0.2228346 0.1034020 0.1009825 0.1610558 0.0938906 0.0765356 
Perityle_dissecta_201                      0.1546411 0.0409549 0.1334490 0.1824920 0.1762116 0.2692456 0.3398224 0.1407530 0.1396778 0.0987375 0.0185343 0.0123341 0.0344614 0.0068161 0.2413509 0.0131507 0.0729455 0.1860778 0.0139931 0.0116981 0.0096076 0.0429090 0.0350947 0.0083312 0.0126953 0.0400190 0.1176041 0.2559773 0.0528109 0.0773633 0.2470109 0.0842220 0.0920142 0.0000000 0.0224302 0.2261799 0.0153441 0.2172892 0.2533495 0.0220410 0.0140511 0.2044132 0.0121674 0.2720270 0.2928444 0.0133759 0.2552032 0.0149100 0.0133220 0.2439833 0.0108160 0.0060466 0.0099353 0.0325451 0.0117738 0.1543764 0.0351913 0.0228753 0.0174232 0.0141906 0.1323535 0.0897098 0.2054164 0.0371922 0.0556032 0.1913008 0.2660031 0.1825187 0.2233649 0.1308794 0.0095780 0.0381178 0.0917212 0.0181805 0.0157831 0.0133380 0.0348767 0.3309706 0.2279568 0.0140523 0.0220404 0.1604884 0.0158017 0.0471642 
Perityle_emoryi_47_punta_san_jose          0.1406107 0.0210588 0.1260508 0.1760818 0.1289154 0.2398006 0.3604846 0.1228107 0.1272210 0.0473772 0.0264327 0.0259520 0.0235581 0.0193290 0.2051076 0.0249213 0.0742289 0.1842049 0.0269574 0.0260850 0.0116331 0.0524025 0.0187115 0.0115626 0.0232958 0.0034496 0.0949762 0.1764621 0.0170245 0.0327809 0.1778537 0.0514481 0.0763325 0.0224302 0.0000000 0.1826678 0.0183394 0.1804899 0.2096896 0.0222818 0.0257127 0.1605092 0.0165543 0.2322231 0.1917781 0.0260666 0.1741393 0.0223674 0.0202143 0.1692068 0.0223570 0.0190462 0.0224276 0.0024729 0.0192187 0.1556260 0.0176349 0.0156297 0.0188738 0.0198165 0.1270186 0.0795395 0.1751762 0.0163116 0.0317054 0.1723819 0.2532753 0.1776613 0.1801860 0.1253337 0.0179445 0.0209337 0.0166740 0.0221952 0.0248746 0.0270107 0.0398962 0.2950372 0.2013321 0.0250256 0.0272814 0.1375277 0.0210959 0.0159641 
Perityle_feddemae_99                       0.3331792 0.1448094 0.3374285 0.2374618 0.2987222 0.3692740 0.3931782 0.2326483 0.2358952 0.2510625 0.2174326 0.2231359 0.2385985 0.1711269 0.1436734 0.2339882 0.0779711 0.0515624 0.2132727 0.2019843 0.1734126 0.1766034 0.2233912 0.2084867 0.2446812 0.2462016 0.3032289 0.0829285 0.1982425 0.2226317 0.1541101 0.2402127 0.2245552 0.2261799 0.1826678 0.0000000 0.2098440 0.0457349 0.1974548 0.2438072 0.2394447 0.0131355 0.2391739 0.0698435 0.0579867 0.2299249 0.2382564 0.2372377 0.2276094 0.0284509 0.1997595 0.2283521 0.2228631 0.2332642 0.2225935 0.0848885 0.1642000 0.1616654 0.2277896 0.2458431 0.0589887 0.0200222 0.0847024 0.1436336 0.2507127 0.0772803 0.2645262 0.1310586 0.1781156 0.0840376 0.1844633 0.2429511 0.1976669 0.2519063 0.2040366 0.2371466 0.1974514 0.4893786 0.1088649 0.2013670 0.2398419 0.0835515 0.2431919 0.2095796 
Perityle_fosteri_93                        0.0697002 0.0383057 0.0538503 0.1201727 0.0372252 0.1944230 0.2204699 0.1218284 0.0407239 0.0723137 0.0221856 0.0208164 0.0164575 0.0113916 0.1893393 0.0201854 0.0733550 0.1766698 0.0045329 0.0141920 0.0110660 0.0404676 0.0166756 0.0140273 0.0229640 0.0391096 0.0462889 0.2005546 0.0543583 0.0821622 0.2069342 0.0716046 0.0543282 0.0153441 0.0183394 0.2098440 0.0000000 0.2047298 0.1860266 0.0177938 0.0153488 0.2020137 0.0194997 0.2060934 0.2241063 0.0213431 0.2616550 0.0267041 0.0256239 0.2048759 0.0121419 0.0178709 0.0167395 0.0359067 0.0155420 0.1154042 0.0339658 0.0224955 0.0292613 0.0254188 0.1208922 0.0940398 0.1937472 0.0289634 0.0320747 0.1723374 0.1801973 0.1485701 0.1498137 0.1296389 0.0016103 0.0189281 0.0543599 0.0289466 0.0241177 0.0253372 0.0297070 0.3396628 0.1867256 0.0109476 0.0267532 0.1589093 0.0232268 0.0373926 
Perityle_gamon_221                         0.3337217 0.1462790 0.3300760 0.2402107 0.2810695 0.3689405 0.3638890 0.2466180 0.2568768 0.2517760 0.2076685 0.2150455 0.2223067 0.1717828 0.1269562 0.2247606 0.0712093 0.0527319 0.2136318 0.1930752 0.1668023 0.1671093 0.2180434 0.2017259 0.2374844 0.2308059 0.2970531 0.0662682 0.1930072 0.2134004 0.1499092 0.2339771 0.2326907 0.2172892 0.1804899 0.0457349 0.2047298 0.0000000 0.1769117 0.2358345 0.2367102 0.0335034 0.2393899 0.0845466 0.0399699 0.2264168 0.2401982 0.2317213 0.2213404 0.0384966 0.2030337 0.2203074 0.2174698 0.2256177 0.2224864 0.0843834 0.1625097 0.1539675 0.2285246 0.2370332 0.0493335 0.0141380 0.0773790 0.1424958 0.2431186 0.0665919 0.2732266 0.1281593 0.1670684 0.0725223 0.1739438 0.2373241 0.1909769 0.2432797 0.2048175 0.2392592 0.1916377 0.4815833 0.0899441 0.1925860 0.2323789 0.0740437 0.2330701 0.2003265 
Perityle_gentryi_8_san_francisco           0.3424228 0.1438795 0.3563954 0.2643085 0.3395896 0.3667684 0.4410739 0.2384621 0.2570235 0.3029884 0.2501132 0.2513594 0.2508465 0.2028198 0.0808133 0.2713879 0.0984542 0.1325105 0.2389189 0.2302308 0.1727030 0.1443822 0.2551398 0.1947641 0.2801637 0.2616446 0.3176329 0.1800998 0.2122781 0.2294961 0.1966818 0.2853318 0.2303157 0.2533495 0.2096896 0.1974548 0.1860266 0.1769117 0.0000000 0.2827018 0.2612369 0.1553959 0.2470436 0.2283772 0.2087417 0.2703710 0.2242235 0.2791676 0.2701777 0.1972618 0.2271747 0.2634318 0.2553251 0.2224680 0.2384668 0.1041929 0.1638405 0.1572112 0.2489327 0.2787192 0.0990232 0.0556490 0.1428147 0.1244313 0.2840854 0.1540545 0.2383857 0.1656869 0.2032249 0.0415648 0.2168997 0.2790373 0.2010913 0.2996483 0.2296044 0.2707886 0.1820625 0.4890403 0.1972141 0.2356638 0.2620696 0.0850957 0.2771282 0.2019616 
Perityle_gilensis_22_Superstition          0.1516077 0.0397810 0.1345452 0.1917275 0.1689840 0.2708599 0.3641347 0.1459413 0.1410657 0.1030144 0.0310816 0.0153097 0.0260903 0.0090092 0.2747559 0.0235554 0.1014070 0.2085710 0.0149135 0.0093597 0.0094140 0.0456582 0.0033012 0.0123581 0.0152345 0.0401905 0.1216253 0.2711408 0.0542745 0.0778217 0.2686959 0.0824142 0.0936423 0.0220410 0.0222818 0.2438072 0.0177938 0.2358345 0.2827018 0.0000000 0.0054999 0.2247854 0.0163346 0.2903820 0.3015830 0.0229888 0.2741009 0.0269520 0.0260216 0.2579747 0.0010594 0.0116170 0.0000010 0.0329329 0.0107443 0.1801671 0.0351890 0.0226136 0.0190651 0.0143408 0.1577563 0.1065158 0.2282363 0.0336137 0.0532961 0.2092518 0.2757067 0.2125978 0.2442628 0.1496239 0.0105604 0.0064996 0.0955876 0.0322713 0.0178347 0.0180972 0.0346188 0.3410278 0.2447113 0.0247746 0.0220790 0.1756756 0.0165350 0.0532606 
Perityle_gilensis_salensis_225             0.1545924 0.0395770 0.1374986 0.1856763 0.1317261 0.2724111 0.3860391 0.1409846 0.1439580 0.0733443 0.0230003 0.0185584 0.0205373 0.0123350 0.2500495 0.0139432 0.0984407 0.2081497 0.0180529 0.0128474 0.0120550 0.0456916 0.0048402 0.0135452 0.0192444 0.0378069 0.1090304 0.2248217 0.0572591 0.0846036 0.2496801 0.0771342 0.1005258 0.0140511 0.0257127 0.2394447 0.0153488 0.2367102 0.2612369 0.0054999 0.0000000 0.2255002 0.0194600 0.2896925 0.2565709 0.0148885 0.2746938 0.0195926 0.0178313 0.2322105 0.0031652 0.0121546 0.0055934 0.0355273 0.0145603 0.1817157 0.0393092 0.0276019 0.0220824 0.0166773 0.1592963 0.1155057 0.2275050 0.0399758 0.0287813 0.2047373 0.2802478 0.2126314 0.2227195 0.1599759 0.0119898 0.0085519 0.0622350 0.0212565 0.0211960 0.0217607 0.0367499 0.3387302 0.2437722 0.0149075 0.0215714 0.1783672 0.0195106 0.0385829 
Perityle_glaucescens_94                    0.2565367 0.1413146 0.2676956 0.2021027 0.2147171 0.3428030 0.3467973 0.2307370 0.1732916 0.2397216 0.1965208 0.1970455 0.2103023 0.1461915 0.1011968 0.2138615 0.0719957 0.0447824 0.1983625 0.1733292 0.1630708 0.1631302 0.2082489 0.2022547 0.2299051 0.2235109 0.2243106 0.0672893 0.1865499 0.2203348 0.1210036 0.2195352 0.2053259 0.2044132 0.1605092 0.0131355 0.2020137 0.0335034 0.1553959 0.2247854 0.2255002 0.0000000 0.2283448 0.0382402 0.0398068 0.2138422 0.2204915 0.2215814 0.2126725 0.0102903 0.1830522 0.2099319 0.2020137 0.2112913 0.2105223 0.0599848 0.1626089 0.1571222 0.2207627 0.2242442 0.0502027 0.0171888 0.0776653 0.1358047 0.2327060 0.0594156 0.2424246 0.1163159 0.1160529 0.0809383 0.1517435 0.2271700 0.1855476 0.2367123 0.1948672 0.2301966 0.1944273 0.4905158 0.0537227 0.1755827 0.2218010 0.0839708 0.2196274 0.1948897 
Perityle_gracilis_11                       0.1141481 0.0401163 0.1021988 0.1522227 0.0959646 0.2557742 0.3856086 0.1478131 0.1267509 0.0724145 0.0236036 0.0034044 0.0154112 0.0097851 0.2366567 0.0175687 0.0988361 0.2073614 0.0163173 0.0118914 0.0066612 0.0430591 0.0161007 0.0040716 0.0063993 0.0340241 0.0643401 0.2289969 0.0496687 0.0744200 0.2455818 0.0662849 0.0933492 0.0121674 0.0165543 0.2391739 0.0194997 0.2393899 0.2470436 0.0163346 0.0194600 0.2283448 0.0000000 0.2852389 0.2537054 0.0198196 0.2633858 0.0054260 0.0043722 0.2298212 0.0092908 0.0121311 0.0144327 0.0311327 0.0154655 0.1831177 0.0331145 0.0193759 0.0054078 0.0053884 0.1580700 0.1140819 0.2372932 0.0370378 0.0340803 0.2098498 0.2704415 0.2127915 0.2229525 0.1460781 0.0061188 0.0180171 0.0594722 0.0085932 0.0091815 0.0107640 0.0236697 0.3364065 0.2256166 0.0119434 0.0222323 0.1733861 0.0043140 0.0376726 
Perityle_harkerae_31                       0.3226073 0.1487580 0.3307025 0.2634703 0.2721300 0.4035333 0.4535189 0.2675478 0.2568635 0.2973751 0.2618833 0.2713045 0.2745987 0.2239809 0.1729410 0.2804211 0.0784291 0.1068363 0.2704735 0.2465351 0.1767537 0.1700440 0.2740426 0.2047931 0.2948045 0.2889717 0.2934227 0.1258405 0.1928515 0.2221928 0.1907387 0.2901238 0.2437638 0.2720270 0.2322231 0.0698435 0.2060934 0.0845466 0.2283772 0.2903820 0.2896925 0.0382402 0.2852389 0.0000000 0.0976711 0.2803821 0.2260830 0.2857412 0.2766360 0.0757035 0.2535797 0.2744491 0.2679160 0.2684080 0.2752141 0.1294181 0.1664486 0.1633333 0.2841864 0.2885627 0.0526902 0.0172170 0.1060983 0.1447962 0.3003832 0.1272971 0.2925951 0.1745037 0.1733135 0.0805247 0.2248465 0.2918323 0.2112047 0.3043020 0.2582989 0.2977326 0.1981628 0.5318015 0.1248925 0.2483319 0.2907880 0.0811617 0.2843982 0.2229363 
Perityle_hofmeisteria_4_nombre_de_dios     0.3512068 0.1559013 0.3531116 0.2689438 0.3752220 0.3835371 0.4597549 0.2588462 0.2687658 0.3638326 0.2941556 0.2357270 0.2540361 0.1829168 0.1614730 0.3028803 0.0919217 0.0638843 0.2250218 0.2208596 0.1833103 0.1851592 0.3273598 0.2224144 0.2668343 0.2732620 0.3443337 0.0765394 0.2106286 0.2304465 0.1979162 0.2741229 0.2444923 0.2928444 0.1917781 0.0579867 0.2241063 0.0399699 0.2087417 0.3015830 0.2565709 0.0398068 0.2537054 0.0976711 0.0000000 0.2887293 0.2500587 0.3087499 0.2940301 0.0487651 0.2145154 0.2722418 0.2621210 0.2425051 0.2363591 0.0931211 0.1780137 0.1739127 0.2428156 0.2804424 0.0614750 0.0313107 0.0860508 0.1575044 0.3151072 0.0788430 0.2819960 0.1329460 0.2084537 0.0869606 0.2114191 0.3438159 0.3033853 0.3237539 0.2162087 0.2528066 0.2158480 0.4941354 0.1267490 0.2709080 0.2740253 0.0890112 0.2778997 0.2561528 
