82
Amauria_brandeegeana_62                    0.0000000 0.3089454 0.1169476 0.4740107 0.1107202 0.1549371 0.3153356 0.2136884 0.0464127 0.1460877 0.1570984 0.1837025 0.1421280 0.1346035 0.1271876 0.1309005 0.0852675 0.1584879 0.1521539 0.1472484 0.1432199 0.1535684 0.1475896 0.1552911 0.1454737 0.1552395 0.1354553 0.2056113 0.3686866 0.0844879 0.1072265 0.0000010 0.1299931 0.0470012 0.1644511 0.1418666 0.1591259 0.1258730 0.1470072 0.1595680 0.1654726 0.1429096 0.1730483 0.1517247 0.1457554 0.1617887 0.1452162 0.1474071 0.1652449 0.1335054 0.1490693 0.1460881 0.1563430 0.1492807 0.1914921 0.2575453 0.1562983 0.1440813 0.1462907 0.2012038 0.1197206 0.0937910 0.1926699 0.1404402 0.1315146 0.1422942 0.2138091 0.1833523 0.1344161 0.1440330 0.0893647 0.1457793 0.1481313 0.1297305 0.1472902 0.1493979 0.1581919 0.1408921 0.1257122 0.2210078 0.1528787 0.1128372 
Amauria_carterae_99_mesa                   0.3089454 0.0000000 0.3131841 0.6102079 0.1591113 0.3509372 0.3776170 0.3903474 0.3254865 0.3843660 0.3535083 0.4044765 0.3393768 0.3910683 0.3423794 0.3256550 0.3413985 0.3279701 0.2375833 0.3130355 0.3411701 0.3479149 0.3446091 0.3478852 0.3408524 0.3467987 0.3999979 0.3974465 0.1723002 0.3444549 0.4299842 0.2835021 0.3267983 0.3013916 0.3768949 0.3255809 0.3674459 0.3148155 0.3133335 0.3489199 0.3701798 0.3504051 0.3790356 0.3188070 0.3661242 0.3042568 0.3464692 0.3393925 0.3021225 0.3399306 0.3163428 0.3853608 0.3449224 0.3669638 0.5252930 0.4310549 0.1808702 0.3478618 0.3401373 0.4441540 0.2624177 0.3226104 0.2164088 0.3407452 0.3933645 0.2888725 0.5307379 0.5091391 0.2860314 0.3408466 0.3399399 0.3398904 0.3577553 0.3223179 0.3497468 0.3943381 0.3454356 0.3464304 0.3238865 0.3806216 0.3407702 0.3166019 
Amauria_rotundifolia_SRR9119150            0.1169476 0.3131841 0.0000000 0.4472286 0.1175248 0.1590457 0.3508356 0.2124180 0.1379694 0.1841404 0.1509938 0.2147322 0.1392286 0.1494695 0.1261192 0.1334208 0.0972268 0.1595837 0.1496469 0.1457375 0.1530790 0.1458856 0.1366620 0.1471372 0.1500500 0.1587666 0.2696256 0.2052548 0.3650197 0.1244410 0.1542233 0.0938849 0.1271480 0.0704769 0.1651184 0.1498540 0.1908299 0.1510329 0.1382622 0.1508283 0.1607470 0.1405980 0.1712127 0.1334177 0.1996409 0.1834521 0.1355763 0.1443088 0.1441462 0.1320735 0.1404541 0.1456578 0.1530390 0.1456010 0.2287357 0.2870069 0.1243369 0.1445173 0.1394801 0.2980226 0.1057777 0.1344425 0.2384466 0.1440862 0.1708584 0.1312584 0.2572995 0.2587071 0.1879188 0.1436943 0.1475804 0.1417103 0.1473088 0.1290094 0.1350695 0.1710523 0.1731844 0.1434889 0.1284382 0.2405989 0.1559927 0.1257994 
Conoclinium_coelestinum_SRR9119114         0.4740107 0.6102079 0.4472286 0.0000000 0.3059942 0.3936084 0.5155595 0.4961341 0.5043111 0.4223222 0.4134288 0.3464423 0.3871041 0.3708584 0.4223469 0.3711728 0.4082418 0.4232350 0.3416302 0.3904664 0.3869364 0.3960954 0.4031889 0.4008442 0.4001739 0.4049368 0.4433713 0.3512734 0.6116022 0.3815157 0.4391073 0.4590542 0.3758548 0.3793050 0.4416266 0.3862131 0.4242707 0.4224229 0.3877161 0.4117985 0.4395367 0.3895536 0.4441011 0.4052932 0.4320195 0.4178067 0.3903723 0.3911713 0.4210953 0.3832197 0.3927450 0.4107863 0.4075410 0.3824100 0.3874529 0.3208876 0.3038941 0.3808468 0.3880784 0.3964152 0.3118918 0.3987861 0.3112024 0.4054655 0.4347706 0.3914579 0.4170560 0.4061200 0.3760533 0.3980769 0.4227289 0.3948089 0.3928971 0.3699536 0.4433436 0.4546640 0.4467051 0.3937924 0.3838129 0.3286348 0.3915731 0.3577436 
Eutetras_pringlei_149_quer                 0.1107202 0.1591113 0.1175248 0.3059942 0.0000000 0.1220762 0.2441618 0.1351599 0.0945095 0.0312579 0.1090296 0.1476082 0.0985314 0.1364858 0.0937989 0.0836775 0.0854066 0.1102093 0.0917046 0.1008084 0.0925191 0.1012484 0.0938553 0.1104965 0.1189610 0.1295783 0.1181872 0.1692454 0.1736589 0.0944233 0.1165777 0.0802125 0.0905741 0.0660746 0.1114333 0.0936858 0.1067497 0.0988033 0.0930649 0.1082227 0.1139360 0.0930080 0.1157740 0.1063074 0.1049026 0.0641133 0.0922593 0.0975822 0.1037843 0.0959962 0.1044852 0.0920057 0.1236304 0.0921027 0.1592735 0.2284998 0.0903884 0.0977806 0.0946569 0.1700511 0.1049283 0.1155517 0.1822530 0.0933038 0.1069623 0.1056420 0.2194218 0.1372631 0.0826857 0.0996379 0.1148540 0.1038607 0.1096287 0.0861000 0.1079036 0.0441139 0.1180637 0.0893252 0.0756604 0.1794790 0.1029999 0.0816657 
Eutrochium_fistulosum_SRR9119106           0.1549371 0.3509372 0.1590457 0.3936084 0.1220762 0.0000000 0.3075352 0.1860817 0.1709046 0.1575955 0.1374472 0.1669454 0.1304288 0.1564836 0.1211073 0.1175885 0.1018088 0.1344064 0.1240156 0.1160260 0.1187605 0.1331141 0.1209235 0.1344503 0.1343993 0.1412977 0.1776588 0.1904465 0.3745050 0.1029602 0.1295432 0.1394408 0.1040320 0.0862782 0.1418134 0.1213515 0.1343148 0.1320338 0.1253530 0.1324006 0.1505426 0.1228913 0.1529747 0.1295363 0.1664906 0.1821285 0.1186751 0.1302989 0.1331469 0.1229840 0.1299124 0.1340218 0.1383595 0.1320436 0.1993761 0.2856656 0.1273941 0.1249455 0.1264028 0.2644122 0.1412147 0.1234410 0.1979660 0.1252809 0.1376524 0.1265586 0.2453418 0.2317806 0.1200511 0.1262960 0.1353886 0.1305336 0.1297364 0.1147509 0.1567950 0.1675490 0.1488412 0.1257428 0.1023782 0.2498724 0.1367453 0.0908902 
Galeana_pratensis_104_mex                  0.3153356 0.3776170 0.3508356 0.5155595 0.2441618 0.3075352 0.0000000 0.3397783 0.3115366 0.3571618 0.4072612 0.3585270 0.3496589 0.3138578 0.3581722 0.3808157 0.2203918 0.3488690 0.3707717 0.3572380 0.3513083 0.3924159 0.3320964 0.3643021 0.3847573 0.3964370 0.4146619 0.3537830 0.3349184 0.3134749 0.3306966 0.3011313 0.3578013 0.2905844 0.3867942 0.3785118 0.3659593 0.3933070 0.3615976 0.3714456 0.4073519 0.3694974 0.3968971 0.3971492 0.4060096 0.3200073 0.3726762 0.3598479 0.3771207 0.3619688 0.3878929 0.3747318 0.3986521 0.3424128 0.4368970 0.3088072 0.2891831 0.3758458 0.3748178 0.4725176 0.1842246 0.3754177 0.2961446 0.4094686 0.3671803 0.3708017 0.3887070 0.4432156 0.3792009 0.3569545 0.2967188 0.3804710 0.3663269 0.3650017 0.3559382 0.3933898 0.4200875 0.3753989 0.3398960 0.3611307 0.3696242 0.3247017 
Helianthus_annuus_SRR9119062               0.2136884 0.3903474 0.2124180 0.4961341 0.1351599 0.1860817 0.3397783 0.0000000 0.2402645 0.2024985 0.1953698 0.2061465 0.1859918 0.1791248 0.2004373 0.1773298 0.1614613 0.1956564 0.1919602 0.1757454 0.1731983 0.1845447 0.1543676 0.1920875 0.1846502 0.2002413 0.2948896 0.2115886 0.4143426 0.1833060 0.2179687 0.2068335 0.1607305 0.1625144 0.2092673 0.1784485 0.1771035 0.2063071 0.1732364 0.1799367 0.2109821 0.1746213 0.2195617 0.1746987 0.2289026 0.2300650 0.1705081 0.1843194 0.2107123 0.1689838 0.1906524 0.1941039 0.1938972 0.1594195 0.2463912 0.3097573 0.1795234 0.1893946 0.1843767 0.2760298 0.2526418 0.2030926 0.2258361 0.1816559 0.2277449 0.1788328 0.2680552 0.2598379 0.1868817 0.1759383 0.2047417 0.1864799 0.1817607 0.1662280 0.1996824 0.2137501 0.2135914 0.1753612 0.1577185 0.2650162 0.1903053 0.1511409 
Lycapsus_tenuifolius_17                    0.0464127 0.3254865 0.1379694 0.5043111 0.0945095 0.1709046 0.3115366 0.2402645 0.0000000 0.1983195 0.1875252 0.2333147 0.1699566 0.1642740 0.1391936 0.1577508 0.0964953 0.1813838 0.1556959 0.1690445 0.1822895 0.1782378 0.1715064 0.1857714 0.1812240 0.1750758 0.2301546 0.2069241 0.3490243 0.1004950 0.1350308 0.0181019 0.1594820 0.0890733 0.1841511 0.1687449 0.1770359 0.1456743 0.1726402 0.1841044 0.1814824 0.1686867 0.1898375 0.1704336 0.2132390 0.1858606 0.1688991 0.1769889 0.1588056 0.1543554 0.1770566 0.1718176 0.1905394 0.1692642 0.2330808 0.2715742 0.1473248 0.1781193 0.1783028 0.2924975 0.0931047 0.1190721 0.1971891 0.1737243 0.1738208 0.1593509 0.2498307 0.2537002 0.1947545 0.1683397 0.0906104 0.1812589 0.1796399 0.1583362 0.1453342 0.2021443 0.1628176 0.1730326 0.1510124 0.2056658 0.1868839 0.1415619 
Pericome_caudata_50_silver                 0.1460877 0.3843660 0.1841404 0.4223222 0.0312579 0.1575955 0.3571618 0.2024985 0.1983195 0.0000000 0.2366913 0.2016991 0.2042036 0.1291708 0.1784512 0.1891297 0.0577086 0.1597137 0.1871717 0.1754764 0.1930538 0.2131199 0.1319162 0.2087586 0.2136376 0.2537307 0.2344322 0.1882157 0.3418190 0.0999409 0.1589658 0.1666407 0.1413360 0.1138843 0.2135707 0.1850885 0.2108879 0.2042940 0.1897246 0.1807215 0.2303455 0.2141374 0.2288766 0.2055838 0.2145745 0.1784403 0.2118643 0.2239003 0.1747108 0.2036840 0.2026343 0.1999697 0.2476023 0.1541035 0.2023651 0.2997902 0.1392719 0.2121462 0.2183952 0.2941368 0.1037243 0.1126099 0.1572903 0.2125128 0.2010668 0.2045419 0.2426865 0.2906558 0.2044064 0.1907106 0.1202370 0.2279784 0.1704463 0.1594426 0.1576517 0.0830356 0.2382751 0.2160753 0.1737509 0.2016503 0.2267779 0.1888426 
Perityle_aglossa_84_dead_horse             0.1570984 0.3535083 0.1509938 0.4134288 0.1090296 0.1374472 0.4072612 0.1953698 0.1875252 0.2366913 0.0000000 0.1101168 0.0514292 0.1065398 0.1000175 0.0427359 0.1086498 0.1016683 0.0460904 0.0372885 0.0618453 0.0583258 0.0224927 0.0374441 0.1036094 0.1022333 0.5074961 0.1806301 0.3390332 0.2259804 0.4435353 0.1530356 0.0318504 0.1342559 0.1371390 0.0425306 0.1472612 0.1217464 0.0351503 0.0535133 0.1455527 0.0463263 0.1408051 0.0950407 0.1644607 0.1760947 0.0362057 0.0856574 0.1122139 0.0452963 0.0380434 0.0390664 0.3341552 0.0455456 0.2077610 0.3268255 0.0361064 0.0628301 0.0698358 0.2890379 0.1265763 0.1403749 0.2119385 0.0474029 0.2878379 0.0597669 0.2857163 0.2995946 0.0690900 0.0365872 0.1449065 0.0670064 0.0365991 0.0363687 0.0681651 0.2523329 0.4149231 0.0429482 0.0201501 0.2458595 0.0830594 0.0614652 
Perityle_ajoensis_204                      0.1837025 0.4044765 0.2147322 0.3464423 0.1476082 0.1669454 0.3585270 0.2061465 0.2333147 0.2016991 0.1101168 0.0000000 0.1294711 0.0948357 0.1571371 0.1175965 0.1156063 0.1526243 0.1276815 0.0991173 0.1232907 0.1071489 0.1171036 0.1370623 0.1567179 0.1206724 0.4986196 0.1392663 0.3947786 0.2473831 0.4393075 0.1981311 0.0889847 0.1604910 0.1830660 0.1098912 0.1649548 0.1710920 0.1273656 0.1326846 0.1668802 0.1153255 0.2084074 0.1609309 0.2317372 0.2298668 0.0936481 0.0768623 0.1791009 0.1120711 0.1353872 0.1387527 0.4101688 0.1160907 0.1285149 0.2459234 0.1506384 0.0937748 0.0913278 0.2110839 0.1840998 0.1929842 0.0392026 0.1037538 0.2185648 0.1500879 0.1928750 0.1554502 0.1007518 0.1193507 0.1719241 0.0974998 0.1208332 0.0977787 0.1158031 0.2243940 0.4554702 0.0905919 0.1060845 0.1713418 0.1183608 0.1101419 
Perityle_ambrosiifolia_67_green            0.1421280 0.3393768 0.1392286 0.3871041 0.0985314 0.1304288 0.3496589 0.1859918 0.1699566 0.2042036 0.0514292 0.1294711 0.0000000 0.1025023 0.0864023 0.0267269 0.0947647 0.0795625 0.0345132 0.0300933 0.0361953 0.0320787 0.0346790 0.0319301 0.0555071 0.0644079 0.2637320 0.1716701 0.3318804 0.1172965 0.1449586 0.1349730 0.0251799 0.1143690 0.1208986 0.0390565 0.1242705 0.0753512 0.0277235 0.0397486 0.1213741 0.0353498 0.1287908 0.0826036 0.1204023 0.1612290 0.0293766 0.0299622 0.0911672 0.0309331 0.0367589 0.0231159 0.0515506 0.0354344 0.2086056 0.3357275 0.0187871 0.0349897 0.0289905 0.2851538 0.1092300 0.1276165 0.1925223 0.0438689 0.2368609 0.0382929 0.2720474 0.2845063 0.0417290 0.0285224 0.1408296 0.0392439 0.0329906 0.0215970 0.0683485 0.2222795 0.1121456 0.0399116 0.0467853 0.2351669 0.0366884 0.0426039 
Perityle_angustifolia_13_Eagle_creek       0.1346035 0.3910683 0.1494695 0.3708584 0.1364858 0.1564836 0.3138578 0.1791248 0.1642740 0.1291708 0.1065398 0.0948357 0.1025023 0.0000000 0.1455531 0.0886925 0.0927550 0.1509922 0.1086890 0.0958595 0.0941667 0.1026710 0.1021375 0.1074229 0.1190078 0.1228920 0.1663214 0.1202888 0.3800352 0.1036375 0.1423331 0.1178354 0.0907322 0.0855451 0.1811150 0.0968965 0.1472183 0.1534446 0.0947960 0.1178373 0.1824228 0.0926994 0.1887754 0.1322915 0.1119694 0.1048081 0.0955152 0.0994734 0.1796712 0.0993044 0.1056312 0.0969497 0.1298734 0.0842052 0.1064422 0.1679809 0.1407323 0.0992596 0.0943525 0.1261329 0.1757746 0.1403025 0.0227256 0.1014879 0.1633794 0.1148373 0.1646520 0.1034255 0.0931520 0.1091673 0.1321993 0.0999151 0.1080784 0.0874947 0.1027596 0.1546825 0.1760761 0.0947903 0.0943371 0.1353915 0.1090088 0.0964682 
Perityle_batopilensis_97                   0.1271876 0.3423794 0.1261192 0.4223469 0.0937989 0.1211073 0.3581722 0.2004373 0.1391936 0.1784512 0.1000175 0.1571371 0.0864023 0.1455531 0.0000000 0.0697133 0.0974847 0.1155590 0.0825753 0.0816893 0.0980668 0.0902807 0.1007669 0.0900783 0.0903484 0.1079515 0.1796435 0.1760804 0.3417689 0.1061481 0.1127843 0.1041794 0.0764265 0.0915532 0.1056217 0.0875426 0.1605836 0.0095746 0.0829387 0.0991672 0.1087163 0.0851232 0.1131037 0.1066276 0.1428433 0.1410692 0.0870380 0.0926003 0.0820624 0.0819952 0.0814448 0.0900633 0.0958742 0.0931794 0.2008145 0.2659837 0.0754758 0.0918119 0.0916780 0.2061089 0.1182180 0.1093296 0.2014250 0.0909394 0.1775161 0.0714643 0.2630446 0.2803443 0.0779019 0.0811247 0.1158057 0.0937287 0.0884720 0.0765873 0.1262832 0.1958898 0.1053343 0.0825390 0.0734146 0.2377653 0.0975967 0.0694935 
Perityle_bisetosa_9                        0.1309005 0.3256550 0.1334208 0.3711728 0.0836775 0.1175885 0.3808157 0.1773298 0.1577508 0.1891297 0.0427359 0.1175965 0.0267269 0.0886925 0.0697133 0.0000000 0.0763984 0.0635199 0.0014108 0.0131027 0.0366029 0.0402268 0.0192566 0.0222798 0.0376957 0.0546033 0.3219414 0.1517297 0.3190289 0.1500275 0.2384052 0.1313512 0.0086599 0.1312270 0.1000335 0.0137537 0.0923086 0.1137372 0.0169425 0.0283829 0.1183404 0.0234869 0.1095729 0.0682678 0.1272751 0.1585387 0.0275403 0.0257496 0.0692073 0.0132043 0.0200263 0.0221338 0.1510770 0.0089669 0.1771981 0.3100969 0.0128839 0.0368061 0.0374803 0.2605667 0.1071576 0.1202218 0.1785329 0.0492876 0.1908977 0.0242995 0.2603602 0.2726909 0.0511401 0.0120472 0.1196153 0.0392969 0.0119152 0.0073321 0.0504650 0.2014207 0.2339206 0.0264499 0.0310096 0.2115792 0.0675815 0.0275742 
Perityle_californica_76_positas            0.0852675 0.3413985 0.0972268 0.4082418 0.0854066 0.1018088 0.2203918 0.1614613 0.0964953 0.0577086 0.1086498 0.1156063 0.0947647 0.0927550 0.0974847 0.0763984 0.0000000 0.1093736 0.0908904 0.0878472 0.0816863 0.0982379 0.0892371 0.0943551 0.0939110 0.1048431 0.1153741 0.1374188 0.3339638 0.0039113 0.0500804 0.0532854 0.0769331 0.0400309 0.1018994 0.0892092 0.1000515 0.1217016 0.0878302 0.0881016 0.1140499 0.0797642 0.1138472 0.0962908 0.0969647 0.0631648 0.0924245 0.0966491 0.1084298 0.0861955 0.0925213 0.1031554 0.1127862 0.0860641 0.1338145 0.2064105 0.0900628 0.0988211 0.0952404 0.1315711 0.0899924 0.0809784 0.1421818 0.0985949 0.1097553 0.0923131 0.1785042 0.1164553 0.0886769 0.0868396 0.0788767 0.1011653 0.0889553 0.0797781 0.0960970 0.0860618 0.1055575 0.0938571 0.0726408 0.1644995 0.1055163 0.0536477 
Perityle_canescens_77                      0.1584879 0.3279701 0.1595837 0.4232350 0.1102093 0.1344064 0.3488690 0.1956564 0.1813838 0.1597137 0.1016683 0.1526243 0.0795625 0.1509922 0.1155590 0.0635199 0.1093736 0.0000000 0.0753207 0.0784364 0.0909645 0.0855505 0.0900919 0.0837931 0.0960990 0.1016858 0.1782969 0.1895233 0.3564796 0.1205386 0.1533084 0.1443249 0.0645528 0.0888398 0.1233019 0.0844015 0.1211922 0.1074506 0.0825096 0.0920213 0.1255158 0.0819589 0.1316210 0.0877169 0.1147503 0.1354450 0.0759024 0.0888319 0.1060094 0.0721039 0.0814783 0.0696086 0.0981381 0.0907267 0.2231958 0.3468470 0.0635228 0.0866062 0.0847449 0.2520913 0.1207564 0.1298634 0.2026965 0.0864012 0.1693892 0.0804056 0.2613609 0.2433464 0.0693186 0.0780696 0.1273247 0.0912099 0.0856324 0.0731033 0.0839503 0.1766144 0.1136469 0.0859345 0.0781357 0.2532127 0.0930371 0.0682077 
Perityle_castillonii_96                    0.1521539 0.2375833 0.1496469 0.3416302 0.0917046 0.1240156 0.3707717 0.1919602 0.1556959 0.1871717 0.0460904 0.1276815 0.0345132 0.1086890 0.0825753 0.0014108 0.0908904 0.0753207 0.0000000 0.0210448 0.0264517 0.0225457 0.0218907 0.0179061 0.0445215 0.0461733 0.1808414 0.1710955 0.2949036 0.1005836 0.1254440 0.1419700 0.0178506 0.0568838 0.0959412 0.0082546 0.0585327 0.0803193 0.0183045 0.0389512 0.1002287 0.0226080 0.1010537 0.0738978 0.0718073 0.1365494 0.0184660 0.0275997 0.0844044 0.0211303 0.0238373 0.0114067 0.0514755 0.0110428 0.2136773 0.3079871 0.0282954 0.0292735 0.0253319 0.2336234 0.1146395 0.1193739 0.1966191 0.0411754 0.1693215 0.0422428 0.2508590 0.2470146 0.0083804 0.0237553 0.1079647 0.0279441 0.0219230 0.0088880 0.0617700 0.2051833 0.0980087 0.0210521 0.0394195 0.2286988 0.0290897 0.0378258 
Perityle_cernua_84                         0.1472484 0.3130355 0.1457375 0.3904664 0.1008084 0.1160260 0.3572380 0.1757454 0.1690445 0.1754764 0.0372885 0.0991173 0.0300933 0.0958595 0.0816893 0.0131027 0.0878472 0.0784364 0.0210448 0.0000000 0.0291458 0.0187009 0.0195572 0.0196505 0.0505432 0.0585925 0.1970182 0.1558876 0.3341922 0.1027425 0.1285959 0.1343652 0.0150460 0.0765467 0.1109147 0.0266584 0.0913031 0.0794184 0.0177369 0.0269716 0.1066634 0.0210031 0.1158659 0.0746169 0.0873862 0.1368958 0.0163498 0.0230840 0.0864096 0.0212577 0.0231248 0.0130756 0.0529101 0.0213988 0.2006719 0.3227341 0.0301719 0.0243272 0.0210294 0.2308400 0.1177274 0.1153139 0.1889875 0.0340107 0.1817562 0.0413644 0.2517277 0.2420965 0.0274108 0.0151484 0.1159547 0.0267825 0.0210973 0.0177733 0.0483683 0.1983987 0.1074597 0.0198770 0.0349567 0.2390581 0.0255079 0.0406523 
Perityle_cfvillosa_25_tin                  0.1432199 0.3411701 0.1530790 0.3869364 0.0925191 0.1187605 0.3513083 0.1731983 0.1822895 0.1930538 0.0618453 0.1232907 0.0361953 0.0941667 0.0980668 0.0366029 0.0816863 0.0909645 0.0264517 0.0291458 0.0000000 0.0378997 0.0200616 0.0168961 0.0685558 0.0879560 0.2216178 0.1635927 0.3306020 0.1106671 0.1934731 0.1440438 0.0250933 0.0947427 0.1275961 0.0370270 0.1377349 0.1009885 0.0211825 0.0344607 0.1401141 0.0417009 0.1366461 0.0810566 0.0910854 0.1395040 0.0328979 0.0265057 0.0972006 0.0334004 0.0252077 0.0187999 0.0834807 0.0306301 0.1951728 0.3140715 0.0214743 0.0258314 0.0184638 0.2406139 0.1143357 0.1146894 0.1959863 0.0569084 0.2426978 0.0548271 0.2503796 0.2747792 0.0473233 0.0270815 0.1122570 0.0329483 0.0272435 0.0230542 0.0661163 0.2159111 0.1442717 0.0457565 0.0485903 0.2285834 0.0221500 0.0536806 
Perityle_coahuilensis_24                   0.1535684 0.3479149 0.1458856 0.3960954 0.1012484 0.1331141 0.3924159 0.1845447 0.1782378 0.2131199 0.0583258 0.1071489 0.0320787 0.1026710 0.0902807 0.0402268 0.0982379 0.0855505 0.0225457 0.0187009 0.0378997 0.0000000 0.0176541 0.0213927 0.0874942 0.0763293 0.4620520 0.1672321 0.3321121 0.2159888 0.4302316 0.1450754 0.0213340 0.1301835 0.1195789 0.0249874 0.1318229 0.1468307 0.0000010 0.0307208 0.1219824 0.0239084 0.1266656 0.0839147 0.1508141 0.1709977 0.0228646 0.0429805 0.0945855 0.0263787 0.0196956 0.0164976 0.2974265 0.0225774 0.2004177 0.3200738 0.0302007 0.0490975 0.0438567 0.2788444 0.1123555 0.1341384 0.1921573 0.0541488 0.2630584 0.0440131 0.2747120 0.2974788 0.0621296 0.0213616 0.1302651 0.0573493 0.0239557 0.0161242 0.0404509 0.2287036 0.3870132 0.0279760 0.0324918 0.2329878 0.0597208 0.0470796 
Perityle_cochisensis_44_cave_creek         0.1475896 0.3446091 0.1366620 0.4031889 0.0938553 0.1209235 0.3320964 0.1543676 0.1715064 0.1319162 0.0224927 0.1171036 0.0346790 0.1021375 0.1007669 0.0192566 0.0892371 0.0900919 0.0218907 0.0195572 0.0200616 0.0176541 0.0000000 0.0157393 0.0586752 0.0674210 0.1541813 0.1753011 0.3335259 0.1068130 0.1336819 0.1302234 0.0179265 0.0893144 0.1226046 0.0279597 0.1058209 0.0930704 0.0153925 0.0345757 0.1231118 0.0094128 0.1287022 0.0737657 0.0386039 0.1273978 0.0093543 0.0172487 0.1015501 0.0219373 0.0128185 0.0124260 0.0555188 0.0282912 0.1818716 0.2517635 0.0407379 0.0213680 0.0121249 0.1988727 0.1179900 0.1125494 0.1855537 0.0310496 0.1490656 0.0440619 0.2407490 0.2250036 0.0176849 0.0242840 0.1082314 0.0160592 0.0199293 0.0148988 0.0427368 0.1485468 0.1069347 0.0243420 0.0166075 0.2311958 0.0227078 0.0445705 
Perityle_congesta_202                      0.1552911 0.3478852 0.1471372 0.4008442 0.1104965 0.1344503 0.3643021 0.1920875 0.1857714 0.2087586 0.0374441 0.1370623 0.0319301 0.1074229 0.0900783 0.0222798 0.0943551 0.0837931 0.0179061 0.0196505 0.0168961 0.0213927 0.0157393 0.0000000 0.0586673 0.0656835 0.2477585 0.1742516 0.3398948 0.1222514 0.1570114 0.1476498 0.0185620 0.1171224 0.1195657 0.0244206 0.1116725 0.0785370 0.0199892 0.0285612 0.1236081 0.0158098 0.1298810 0.0756532 0.0941650 0.1569227 0.0082978 0.0153217 0.0927212 0.0213350 0.0170587 0.0141847 0.0559573 0.0230381 0.1926943 0.3142530 0.0335116 0.0143650 0.0063755 0.2738688 0.1259964 0.1310577 0.1988182 0.0400000 0.2332630 0.0456254 0.2784189 0.2942635 0.0376077 0.0205011 0.1355037 0.0049305 0.0093203 0.0095008 0.0447882 0.2202922 0.1143243 0.0229692 0.0348255 0.2378761 0.0161497 0.0447268 
Perityle_cordifolia_27                     0.1454737 0.3408524 0.1500500 0.4001739 0.1189610 0.1343993 0.3847573 0.1846502 0.1812240 0.2136376 0.1036094 0.1567179 0.0555071 0.1190078 0.0903484 0.0376957 0.0939110 0.0960990 0.0445215 0.0505432 0.0685558 0.0874942 0.0586752 0.0586673 0.0000000 0.1114685 0.2752186 0.1758497 0.3326548 0.1193600 0.2250284 0.1439378 0.0832103 0.1215910 0.1252830 0.0590958 0.1528793 0.0993622 0.0491922 0.0619802 0.1260778 0.0524637 0.1316398 0.1273573 0.1418413 0.1746805 0.0537314 0.0645072 0.0931014 0.0520468 0.0532685 0.0480478 0.0238532 0.0545189 0.2053175 0.3331948 0.0319376 0.0598007 0.0670939 0.2927330 0.1303327 0.1262523 0.1922194 0.0917308 0.2349622 0.0127401 0.2794446 0.3005956 0.0935737 0.0568249 0.1363230 0.0666999 0.0866265 0.0402387 0.0754061 0.2367153 0.1555620 0.0585669 0.0715179 0.2380292 0.0767191 0.0487063 
Perityle_cordifolia_68_tecolote            0.1552395 0.3467987 0.1587666 0.4049368 0.1295783 0.1412977 0.3964370 0.2002413 0.1750758 0.2537307 0.1022333 0.1206724 0.0644079 0.1228920 0.1079515 0.0546033 0.1048431 0.1016858 0.0461733 0.0585925 0.0879560 0.0763293 0.0674210 0.0656835 0.1114685 0.0000000 0.5308945 0.1778923 0.3405250 0.2355046 0.4480011 0.1478230 0.0496500 0.1440196 0.1457060 0.0694725 0.1385791 0.1247527 0.0548898 0.0717278 0.1636237 0.0671570 0.1465210 0.0993654 0.2007343 0.1948471 0.0607842 0.1176888 0.1083702 0.0641166 0.0565803 0.0606609 0.3358796 0.0643264 0.2241491 0.3188697 0.0463116 0.0824382 0.0962050 0.2944290 0.1328215 0.1426250 0.2099177 0.1229392 0.3038040 0.0563328 0.2973744 0.3150438 0.0825319 0.0569152 0.1405590 0.0881641 0.0583867 0.0491625 0.0746668 0.2581260 0.4311261 0.0577677 0.0804977 0.2379350 0.1030278 0.0617612 
Perityle_coronopifolia_28_patagonia        0.1354553 0.3999979 0.2696256 0.4433713 0.1181872 0.1776588 0.4146619 0.2948896 0.2301546 0.2344322 0.5074961 0.4986196 0.2637320 0.1663214 0.1796435 0.3219414 0.1153741 0.1782969 0.1808414 0.1970182 0.2216178 0.4620520 0.1541813 0.2477585 0.2752186 0.5308945 0.0000000 0.2072908 0.3778860 0.3156990 0.2899342 0.2195373 0.1707651 0.2299425 0.2039340 0.2028456 0.2228246 0.4685936 0.2643311 0.1978150 0.4942366 0.3610789 0.2725412 0.2755176 0.3217363 0.2064264 0.4067303 0.4666475 0.1785391 0.2095285 0.2724887 0.2990131 0.3774550 0.1571610 0.2366421 0.3363059 0.1320827 0.4679489 0.4765633 0.3118480 0.1009645 0.2162803 0.1974904 0.5098779 0.0931606 0.2527519 0.2830416 0.3032132 0.4178801 0.2042619 0.2252239 0.4759650 0.1791522 0.1733885 0.2832315 0.2409598 0.3217472 0.4474130 0.1809023 0.2439660 0.4673498 0.2058250 
Perityle_crassifolia_70_ventanas           0.2056113 0.3974465 0.2052548 0.3512734 0.1692454 0.1904465 0.3537830 0.2115886 0.2069241 0.1882157 0.1806301 0.1392663 0.1716701 0.1202888 0.1760804 0.1517297 0.1374188 0.1895233 0.1710955 0.1558876 0.1635927 0.1672321 0.1753011 0.1742516 0.1758497 0.1778923 0.2072908 0.0000000 0.4359488 0.1319654 0.1587313 0.1924154 0.1509791 0.1148531 0.2094417 0.1642133 0.1941269 0.1849429 0.1618951 0.1803077 0.2062992 0.1570556 0.2099352 0.1767894 0.1937933 0.1839022 0.1578935 0.1683547 0.2041454 0.1577047 0.1607453 0.1792434 0.1850660 0.1690422 0.1243102 0.1785609 0.1685105 0.1611470 0.1600574 0.1561513 0.2172780 0.1681939 0.1216044 0.1641750 0.1993304 0.1724329 0.1390811 0.1305922 0.1607910 0.1682194 0.1694432 0.1589386 0.1759796 0.1515755 0.1707720 0.2241539 0.2139210 0.1561382 0.1518943 0.1479027 0.1692696 0.1240688 
Perityle_crassifolia_74_playa_balandra     0.3686866 0.1723002 0.3650197 0.6116022 0.1736589 0.3745050 0.3349184 0.4143426 0.3490243 0.3418190 0.3390332 0.3947786 0.3318804 0.3800352 0.3417689 0.3190289 0.3339638 0.3564796 0.2949036 0.3341922 0.3306020 0.3321121 0.3335259 0.3398948 0.3326548 0.3405250 0.3778860 0.4359488 0.0000000 0.3145193 0.3883255 0.3061035 0.3168609 0.2780973 0.3600758 0.3274870 0.3394012 0.3643677 0.3348484 0.3364261 0.3506725 0.3287363 0.3660991 0.3154044 0.3365944 0.3276146 0.3271044 0.3384957 0.3549320 0.3257770 0.3384757 0.4017783 0.3392143 0.3262926 0.4721408 0.4202972 0.2141847 0.3371480 0.3344008 0.4328747 0.2876306 0.3502709 0.1621261 0.3199786 0.3823266 0.3286944 0.4789173 0.4289512 0.3238425 0.3294841 0.2964451 0.3408913 0.3354573 0.3146704 0.3494919 0.3632209 0.3664814 0.3252206 0.3078199 0.3586760 0.3416250 0.2969206 
Perityle_cuneata_34_cuneata_San_antonio    0.0844879 0.3444549 0.1244410 0.3815157 0.0944233 0.1029602 0.3134749 0.1833060 0.1004950 0.0999409 0.2259804 0.2473831 0.1172965 0.1036375 0.1061481 0.1500275 0.0039113 0.1205386 0.1005836 0.1027425 0.1106671 0.2159888 0.1068130 0.1222514 0.1193600 0.2355046 0.3156990 0.1319654 0.3145193 0.0000000 0.1111446 0.0683452 0.0951998 0.0752688 0.1270229 0.1076921 0.1532008 0.2551802 0.1124224 0.1071678 0.2178451 0.1774333 0.1359979 0.1304638 0.1939948 0.1496954 0.1948517 0.2169286 0.1049209 0.1020200 0.1133270 0.1262461 0.2115458 0.1037691 0.1561356 0.2189602 0.1130846 0.1985953 0.2135619 0.2033923 0.1006530 0.0782816 0.1444095 0.2168817 0.1427907 0.1037712 0.2249486 0.2123486 0.2274695 0.1073672 0.0733637 0.2172860 0.1042759 0.0927032 0.1949721 0.1125082 0.2392205 0.2052443 0.0935903 0.1832298 0.2467442 0.0832971 
Perityle_cuneata_4                         0.1072265 0.4299842 0.1542233 0.4391073 0.1165777 0.1295432 0.3306966 0.2179687 0.1350308 0.1589658 0.4435353 0.4393075 0.1449586 0.1423331 0.1127843 0.2384052 0.0500804 0.1533084 0.1254440 0.1285959 0.1934731 0.4302316 0.1336819 0.1570114 0.2250284 0.4480011 0.2899342 0.1587313 0.3883255 0.1111446 0.0000000 0.0961052 0.1977838 0.1301193 0.1473838 0.1352096 0.2220120 0.4419174 0.1356531 0.1430483 0.3738056 0.2534649 0.1556901 0.2124678 0.2288740 0.1500215 0.3222380 0.4237494 0.1280397 0.1356555 0.1350895 0.1521399 0.2356909 0.1281311 0.1900695 0.2565952 0.1169422 0.3709750 0.4088098 0.2311497 0.1036398 0.0979145 0.1935153 0.4346294 0.2576665 0.1569611 0.2597357 0.2590456 0.3757720 0.1793554 0.1044989 0.3922585 0.1880523 0.1200491 0.2445104 0.1518916 0.1944322 0.3814007 0.1206885 0.2257325 0.3833501 0.1536697 
Perityle_discoidea_81                      0.0000010 0.2835021 0.0938849 0.4590542 0.0802125 0.1394408 0.3011313 0.2068335 0.0181019 0.1666407 0.1530356 0.1981311 0.1349730 0.1178354 0.1041794 0.1313512 0.0532854 0.1443249 0.1419700 0.1343652 0.1440438 0.1450754 0.1302234 0.1476498 0.1439378 0.1478230 0.2195373 0.1924154 0.3061035 0.0683452 0.0961052 0.0000000 0.1184705 0.0615870 0.1517807 0.1308452 0.1427511 0.1143532 0.1384990 0.1444090 0.1462335 0.1379523 0.1562417 0.1383071 0.1796104 0.1735713 0.1336144 0.1423722 0.1444009 0.1208543 0.1432031 0.1397988 0.1546492 0.1299670 0.1905937 0.2644759 0.1326616 0.1406716 0.1423072 0.2572772 0.0780553 0.1008157 0.1754150 0.1429128 0.1304666 0.1337351 0.2100390 0.2160792 0.1595868 0.1319592 0.0689730 0.1434877 0.1397647 0.1191600 0.1295453 0.1613476 0.1384926 0.1356324 0.1165593 0.1971214 0.1492529 0.1120005 
Perityle_dissecta_201                      0.1299931 0.3267983 0.1271480 0.3758548 0.0905741 0.1040320 0.3578013 0.1607305 0.1594820 0.1413360 0.0318504 0.0889847 0.0251799 0.0907322 0.0764265 0.0086599 0.0769331 0.0645528 0.0178506 0.0150460 0.0250933 0.0213340 0.0179265 0.0185620 0.0832103 0.0496500 0.1707651 0.1509791 0.3168609 0.0951998 0.1977838 0.1184705 0.0000000 0.0765848 0.0990459 0.0182464 0.1126841 0.0684450 0.0152949 0.0253485 0.0965217 0.0194809 0.1070500 0.0628384 0.0624637 0.1229792 0.0156417 0.0247200 0.0746716 0.0170677 0.0219321 0.0138011 0.0388124 0.0217292 0.1877655 0.3015239 0.0171670 0.0246686 0.0192041 0.2186548 0.1044596 0.1047409 0.1758171 0.0277584 0.2066386 0.0291396 0.2488104 0.2371297 0.0132345 0.0121106 0.1018374 0.0256811 0.0203853 0.0137086 0.0389156 0.1628963 0.0922048 0.0238441 0.0234039 0.2238072 0.0269556 0.0300495 
Perityle_emoryi_47_punta_san_jose          0.0470012 0.3013916 0.0704769 0.3793050 0.0660746 0.0862782 0.2905844 0.1625144 0.0890733 0.1138843 0.1342559 0.1604910 0.1143690 0.0855451 0.0915532 0.1312270 0.0400309 0.0888398 0.0568838 0.0765467 0.0947427 0.1301835 0.0893144 0.1171224 0.1215910 0.1440196 0.2299425 0.1148531 0.2780973 0.0752688 0.1301193 0.0615870 0.0765848 0.0000000 0.1195065 0.0950082 0.1627904 0.1583394 0.0937071 0.0978887 0.1367307 0.1184926 0.1383163 0.1089071 0.1574700 0.1275797 0.1173076 0.1077752 0.0725204 0.1020123 0.0885231 0.1329737 0.1413446 0.0925945 0.1779662 0.1961296 0.0439548 0.1393440 0.1262685 0.2056918 0.0562995 0.0779376 0.1481302 0.1255767 0.1717473 0.0793561 0.2054669 0.2156342 0.1032280 0.0973438 0.0277733 0.1407154 0.0891297 0.0792962 0.0758213 0.1096977 0.1846198 0.1319687 0.0907770 0.1732665 0.1560781 0.0913830 
Perityle_feddemae_99                       0.1644511 0.3768949 0.1651184 0.4416266 0.1114333 0.1418134 0.3867942 0.2092673 0.1841511 0.2135707 0.1371390 0.1830660 0.1208986 0.1811150 0.1056217 0.1000335 0.1018994 0.1233019 0.0959412 0.1109147 0.1275961 0.1195789 0.1226046 0.1195657 0.1252830 0.1457060 0.2039340 0.2094417 0.3600758 0.1270229 0.1473838 0.1517807 0.0990459 0.1195065 0.0000000 0.1125034 0.1521051 0.0953115 0.1126461 0.1259826 0.0162965 0.1204140 0.0241160 0.1292902 0.1709158 0.1589749 0.1136883 0.1238270 0.0093247 0.1074120 0.1164536 0.1202381 0.1299015 0.1154457 0.2341491 0.3249887 0.0909611 0.1184341 0.1210403 0.2435776 0.1146345 0.1355518 0.2270330 0.1204872 0.1995577 0.1041062 0.2840486 0.2945414 0.1027226 0.1118950 0.1478673 0.1210072 0.1140256 0.1029196 0.1290285 0.2326954 0.1099077 0.1180496 0.1190224 0.2631542 0.1262040 0.1054757 
Perityle_fosteri_93                        0.1418666 0.3255809 0.1498540 0.3862131 0.0936858 0.1213515 0.3785118 0.1784485 0.1687449 0.1850885 0.0425306 0.1098912 0.0390565 0.0968965 0.0875426 0.0137537 0.0892092 0.0844015 0.0082546 0.0266584 0.0370270 0.0249874 0.0279597 0.0244206 0.0590958 0.0694725 0.2028456 0.1642133 0.3274870 0.1076921 0.1352096 0.1308452 0.0182464 0.0950082 0.1125034 0.0000000 0.1052285 0.0796428 0.0234461 0.0376467 0.1110903 0.0259882 0.1172719 0.0838875 0.0816869 0.1392046 0.0226888 0.0289372 0.0852399 0.0237535 0.0288527 0.0159735 0.0589290 0.0229559 0.1986227 0.2975605 0.0342445 0.0348318 0.0271757 0.2297852 0.1093703 0.1190826 0.1992311 0.0371239 0.1884158 0.0475576 0.2505407 0.2583227 0.0183665 0.0247194 0.1071668 0.0301668 0.0286025 0.0156634 0.0695676 0.2039478 0.1120389 0.0316033 0.0357336 0.2250419 0.0335585 0.0461457 
Perityle_gamon_221                         0.1591259 0.3674459 0.1908299 0.4242707 0.1067497 0.1343148 0.3659593 0.1771035 0.1770359 0.2108879 0.1472612 0.1649548 0.1242705 0.1472183 0.1605836 0.0923086 0.1000515 0.1211922 0.0585327 0.0913031 0.1377349 0.1318229 0.1058209 0.1116725 0.1528793 0.1385791 0.2228246 0.1941269 0.3394012 0.1532008 0.2220120 0.1427511 0.1126841 0.1627904 0.1521051 0.1052285 0.0000000 0.1206652 0.0921585 0.1230605 0.1604598 0.1074468 0.1661100 0.1501090 0.1514690 0.1361485 0.1242539 0.1362588 0.0949998 0.1054894 0.0838602 0.1056539 0.1274805 0.1159218 0.2604078 0.3128278 0.0613236 0.1190614 0.1343840 0.2452713 0.1231747 0.1165231 0.1991316 0.1360670 0.2210610 0.0947186 0.2747495 0.2800702 0.0645372 0.1256775 0.1186671 0.1121929 0.1265194 0.0951824 0.0874151 0.2301307 0.1562520 0.1300221 0.1203333 0.2192376 0.1277389 0.1356982 
Perityle_gentryi_8_san_francisco           0.1258730 0.3148155 0.1510329 0.4224229 0.0988033 0.1320338 0.3933070 0.2063071 0.1456743 0.2042940 0.1217464 0.1710920 0.0753512 0.1534446 0.0095746 0.1137372 0.1217016 0.1074506 0.0803193 0.0794184 0.1009885 0.1468307 0.0930704 0.0785370 0.0993622 0.1247527 0.4685936 0.1849429 0.3643677 0.2551802 0.4419174 0.1143532 0.0684450 0.1583394 0.0953115 0.0796428 0.1206652 0.0000000 0.0733331 0.0913546 0.1533921 0.0769007 0.1043889 0.1361962 0.2253700 0.1805705 0.0821085 0.0966189 0.0791016 0.0699868 0.0839144 0.1003652 0.3531126 0.0906305 0.2133054 0.2792975 0.0748371 0.1233348 0.1184258 0.2594942 0.1211803 0.1508778 0.1953205 0.1591280 0.1949753 0.0717987 0.2618166 0.2565567 0.1078053 0.0731694 0.1414854 0.1288029 0.0814194 0.0698307 0.1133294 0.2062889 0.4007465 0.0960574 0.0591322 0.2454343 0.1239933 0.0586843 
Perityle_gilensis_22_Superstition          0.1470072 0.3133335 0.1382622 0.3877161 0.0930649 0.1253530 0.3615976 0.1732364 0.1726402 0.1897246 0.0351503 0.1273656 0.0277235 0.0947960 0.0829387 0.0169425 0.0878302 0.0825096 0.0183045 0.0177369 0.0211825 0.0000010 0.0153925 0.0199892 0.0491922 0.0548898 0.2643311 0.1618951 0.3348484 0.1124224 0.1356531 0.1384990 0.0152949 0.0937071 0.1126461 0.0234461 0.0921585 0.0733331 0.0000000 0.0284930 0.1107598 0.0177181 0.1162561 0.0731573 0.1095645 0.1606857 0.0125627 0.0157535 0.0913363 0.0220172 0.0158536 0.0084028 0.0489376 0.0174950 0.1964943 0.3160123 0.0234144 0.0195795 0.0156420 0.2778336 0.1079507 0.1257111 0.1871577 0.0366869 0.1836285 0.0405574 0.2551073 0.2696102 0.0465002 0.0183483 0.1329897 0.0238327 0.0137957 0.0089064 0.0481854 0.2015105 0.1056571 0.0164672 0.0328718 0.2281763 0.0246366 0.0430760 
Perityle_gilensis_salensis_225             0.1595680 0.3489199 0.1508283 0.4117985 0.1082227 0.1324006 0.3714456 0.1799367 0.1841044 0.1807215 0.0535133 0.1326846 0.0397486 0.1178373 0.0991672 0.0283829 0.0881016 0.0920213 0.0389512 0.0269716 0.0344607 0.0307208 0.0345757 0.0285612 0.0619802 0.0717278 0.1978150 0.1803077 0.3364261 0.1071678 0.1430483 0.1444090 0.0253485 0.0978887 0.1259826 0.0376467 0.1230605 0.0913546 0.0284930 0.0000000 0.1254996 0.0280030 0.1273874 0.0822687 0.0820746 0.1294559 0.0293939 0.0331390 0.1027239 0.0173212 0.0347211 0.0135020 0.0590134 0.0416496 0.2178152 0.3289757 0.0421391 0.0370756 0.0303525 0.2546869 0.1194935 0.1219959 0.1984935 0.0324309 0.2078221 0.0463090 0.2723681 0.2670190 0.0280117 0.0052103 0.1159343 0.0362974 0.0333561 0.0300444 0.0601780 0.2070107 0.1155802 0.0370476 0.0403819 0.2471555 0.0377563 0.0481388 
Perityle_glaucescens_94                    0.1654726 0.3701798 0.1607470 0.4395367 0.1139360 0.1505426 0.4073519 0.2109821 0.1814824 0.2303455 0.1455527 0.1668802 0.1213741 0.1824228 0.1087163 0.1183404 0.1140499 0.1255158 0.1002287 0.1066634 0.1401141 0.1219824 0.1231118 0.1236081 0.1260778 0.1636237 0.4942366 0.2062992 0.3506725 0.2178451 0.3738056 0.1462335 0.0965217 0.1367307 0.0162965 0.1110903 0.1604598 0.1533921 0.1107598 0.1254996 0.0000000 0.1139549 0.0206981 0.1169835 0.2463599 0.1896414 0.1086241 0.1428626 0.0095433 0.1097612 0.1131126 0.1263665 0.3634971 0.1144207 0.2331712 0.3330410 0.0980690 0.1288004 0.1332775 0.2925346 0.1139104 0.1432977 0.2263523 0.1530175 0.2861539 0.1026128 0.2917263 0.3059029 0.1311402 0.1107087 0.1493925 0.1393003 0.1118312 0.0997635 0.1068633 0.2451061 0.3943152 0.1104507 0.1226728 0.2566178 0.1522264 0.1105389 
Perityle_gracilis_11                       0.1429096 0.3504051 0.1405980 0.3895536 0.0930080 0.1228913 0.3694974 0.1746213 0.1686867 0.2141374 0.0463263 0.1153255 0.0353498 0.0926994 0.0851232 0.0234869 0.0797642 0.0819589 0.0226080 0.0210031 0.0417009 0.0239084 0.0094128 0.0158098 0.0524637 0.0671570 0.3610789 0.1570556 0.3287363 0.1774333 0.2534649 0.1379523 0.0194809 0.1184926 0.1204140 0.0259882 0.1074468 0.0769007 0.0177181 0.0280030 0.1139549 0.0000000 0.1242677 0.0778562 0.1362379 0.1686217 0.0177879 0.0250825 0.0904043 0.0206527 0.0186806 0.0133465 0.1696723 0.0227223 0.1880745 0.3198333 0.0240035 0.0354571 0.0266886 0.2695109 0.1119979 0.1243473 0.1839977 0.0467027 0.2217238 0.0427647 0.2715888 0.2723218 0.0672945 0.0184421 0.1269181 0.0329858 0.0092345 0.0084140 0.0385458 0.2285376 0.2247645 0.0264991 0.0393093 0.2229966 0.0440311 0.0461444 
Perityle_harkerae_31                       0.1730483 0.3790356 0.1712127 0.4441011 0.1157740 0.1529747 0.3968971 0.2195617 0.1898375 0.2288766 0.1408051 0.2084074 0.1287908 0.1887754 0.1131037 0.1095729 0.1138472 0.1316210 0.1010537 0.1158659 0.1366461 0.1266656 0.1287022 0.1298810 0.1316398 0.1465210 0.2725412 0.2099352 0.3660991 0.1359979 0.1556901 0.1562417 0.1070500 0.1383163 0.0241160 0.1172719 0.1661100 0.1043889 0.1162561 0.1273874 0.0206981 0.1242677 0.0000000 0.1292708 0.2011567 0.1866139 0.1220100 0.1359615 0.0066092 0.1172083 0.1171000 0.1311030 0.1328507 0.1251201 0.2425073 0.3422264 0.0967486 0.1284410 0.1301867 0.2903310 0.1243668 0.1493311 0.2390037 0.1312076 0.2295228 0.1115181 0.3030206 0.3121805 0.1181856 0.1193561 0.1604293 0.1272107 0.1201157 0.1053050 0.1356850 0.2400334 0.1146761 0.1227956 0.1276436 0.2613646 0.1337657 0.1174854 
Perityle_hofmeisteria_4_nombre_de_dios     0.1517247 0.3188070 0.1334177 0.4052932 0.1063074 0.1295363 0.3971492 0.1746987 0.1704336 0.2055838 0.0950407 0.1609309 0.0826036 0.1322915 0.1066276 0.0682678 0.0962908 0.0877169 0.0738978 0.0746169 0.0810566 0.0839147 0.0737657 0.0756532 0.1273573 0.0993654 0.2755176 0.1767894 0.3154044 0.1304638 0.2124678 0.1383071 0.0628384 0.1089071 0.1292902 0.0838875 0.1501090 0.1361962 0.0731573 0.0822687 0.1169835 0.0778562 0.1292708 0.0000000 0.1630180 0.1563809 0.0801206 0.0839179 0.1058413 0.0688636 0.0772288 0.0746703 0.1063502 0.0689010 0.2031691 0.3315474 0.0464289 0.0868971 0.0838351 0.2655286 0.1244054 0.1284992 0.2035710 0.0858349 0.2412586 0.0747638 0.2784619 0.2929289 0.1052207 0.0728455 0.1210870 0.0921367 0.0721529 0.0627408 0.0999131 0.2374901 0.1981066 0.0788833 0.0918283 0.2202332 0.1238412 0.0710262 
Perityle_huecosensis_48                    0.1457554 0.3661242 0.1996409 0.4320195 0.1049026 0.1664906 0.4060096 0.2289026 0.2132390 0.2145745 0.1644607 0.2317372 0.1204023 0.1119694 0.1428433 0.1272751 0.0969647 0.1147503 0.0718073 0.0873862 0.0910854 0.1508141 0.0386039 0.0941650 0.1418413 0.2007343 0.3217363 0.1937933 0.3365944 0.1939948 0.2288740 0.1796104 0.0624637 0.1574700 0.1709158 0.0816869 0.1514690 0.2253700 0.1095645 0.0820746 0.2463599 0.1362379 0.2011567 0.1630180 0.0000000 0.1914604 0.1544662 0.1290317 0.1461405 0.0893304 0.1175706 0.1132231 0.1855699 0.0416794 0.2062842 0.2977436 0.0517150 0.1485512 0.1551753 0.2808768 0.1198241 0.1766271 0.2052879 0.1672917 0.2246380 0.1408735 0.2816839 0.2836476 0.1657265 0.0877144 0.1672034 0.1595540 0.0530352 0.0448899 0.1021397 0.2208637 0.2534788 0.1574175 0.0766165 0.2287130 0.1684954 0.1188172 
Perityle_incana_3_ucla                     0.1617887 0.3042568 0.1834521 0.4178067 0.0641133 0.1821285 0.3200073 0.2300650 0.1858606 0.1784403 0.1760947 0.2298668 0.1612290 0.1048081 0.1410692 0.1585387 0.0631648 0.1354450 0.1365494 0.1368958 0.1395040 0.1709977 0.1273978 0.1569227 0.1746805 0.1948471 0.2064264 0.1839022 0.3276146 0.1496954 0.1500215 0.1735713 0.1229792 0.1275797 0.1589749 0.1392046 0.1361485 0.1805705 0.1606857 0.1294559 0.1896414 0.1686217 0.1866139 0.1563809 0.1914604 0.0000000 0.1640392 0.1445207 0.1517819 0.1382862 0.1721776 0.1751634 0.1857282 0.1285826 0.2238151 0.2694299 0.1004691 0.1698306 0.1658543 0.2935806 0.0760762 0.1652212 0.1567673 0.1710722 0.1483440 0.1734840 0.2097874 0.2444172 0.1505108 0.1352140 0.1771610 0.1716278 0.1362860 0.1217420 0.1012595 0.1765467 0.2066060 0.1689799 0.1106314 0.1881931 0.1659037 0.1335796 
