81
Amauria_brandeegeana_62                  0.0000000 0.1431965 0.2912876 0.4139826 0.3595267 0.1035497 0.3387297 0.1828731 0.3913831 0.1899587 0.4382807 0.3615369 0.3884095 0.3939090 0.2354017 0.4006287 0.2100617 0.3079131 0.3525102 0.3491214 0.1340366 0.4299695 0.2180861 0.3536528 0.2818059 0.1415002 0.4378570 0.4308672 0.4593912 0.2651825 0.1576068 0.3156264 0.5873098 0.1305021 0.3706313 0.3926490 0.6047775 0.4837751 0.3653038 0.3740104 0.3824884 0.3601064 0.5166703 0.5378527 0.5381405 0.4365680 0.0989494 0.1128127 0.1312183 0.6509003 0.3601110 0.3851715 0.2692036 0.4513262 0.2795364 0.2492395 0.2106777 0.4301234 0.3890987 0.0954573 0.1236367 0.4734038 0.4640001 0.3346133 0.3807011 0.4106776 0.1349945 0.3507167 0.3946390 0.3021374 0.1913130 0.3545554 0.3376890 0.2426269 0.3870839 0.4759476 0.3032284 0.4566213 0.4072653 0.4178772 0.4685724 
Amauria_carterae_99_mesa                 0.1431965 0.0000000 0.1923264 0.2509212 0.1642954 0.1232958 0.1949798 0.1525549 0.1989379 0.1784418 0.1827120 0.1145414 0.1555559 0.1064686 0.1280054 0.1453765 0.0989201 0.1370032 0.1538533 0.1633379 0.0931851 0.1699927 0.1512089 0.1919684 0.1515991 0.1350562 0.1394105 0.1449663 0.1783502 0.1447001 0.1352164 0.1546897 0.1038446 0.1407680 0.1374376 0.1122304 0.2618163 0.1502499 0.1784054 0.1382068 0.1578832 0.1410825 0.2098334 0.2140863 0.1805482 0.1669102 0.0759107 0.1267399 0.1370897 0.2439291 0.1554869 0.1374679 0.1253761 0.1830030 0.1434545 0.1444398 0.1476320 0.1796444 0.1137940 0.0749989 0.1198087 0.1534849 0.1854820 0.1341190 0.1125044 0.1211694 0.1575930 0.1448010 0.1442602 0.1714369 0.1289315 0.1286894 0.1586975 0.1420149 0.1050503 0.1668513 0.1472874 0.1414203 0.1665107 0.1675119 0.1600755 
Amauria_rotundifolia_SRR9119150          0.2912876 0.1923264 0.0000000 0.3874590 0.3550535 0.1459511 0.2895877 0.1803539 0.3066479 0.2226681 0.4293908 0.2014524 0.3716933 0.2185803 0.2749784 0.2174479 0.1031192 0.2029901 0.2128031 0.2267209 0.1172152 0.4078152 0.2711584 0.3675931 0.1429701 0.1783561 0.2687692 0.2231795 0.4555546 0.2757386 0.2092326 0.2297397 0.2995343 0.1603928 0.2141293 0.3668949 0.5348767 0.4039435 0.3631046 0.2175550 0.3674777 0.3622148 0.4775090 0.4640061 0.5184656 0.4295290 0.1001413 0.1622063 0.1694515 0.5565578 0.2264730 0.2333158 0.1127695 0.3890244 0.1961933 0.1831049 0.2677133 0.4234976 0.3395957 0.1225298 0.1034237 0.4852843 0.4425871 0.1957906 0.2664523 0.3719811 0.1507353 0.4212080 0.4183168 0.3133714 0.2286317 0.3148369 0.3646297 0.2648019 0.2327779 0.4438454 0.3238175 0.4823992 0.3721980 0.3954145 0.4691485 
Conoclinium_coelestinum_SRR9119114       0.4139826 0.2509212 0.3874590 0.0000000 0.3353880 0.1657184 0.1283418 0.2673212 0.3733308 0.2261291 0.3536903 0.3152032 0.3310504 0.3259881 0.2444457 0.3889404 0.2874248 0.3150999 0.3737984 0.3680162 0.2671603 0.3425486 0.3533973 0.3080149 0.3535566 0.1733887 0.3866067 0.3660754 0.3586159 0.3010828 0.2019523 0.3730930 0.4066063 0.1877613 0.3549682 0.3705798 0.6237920 0.4720256 0.3369284 0.3767465 0.3131342 0.3122622 0.3637640 0.6058918 0.3711198 0.3783357 0.2206540 0.1674656 0.1702631 0.6347540 0.3625535 0.3589596 0.3039966 0.4811193 0.3318196 0.3130160 0.2519342 0.3484922 0.3798394 0.1663701 0.2639911 0.3839887 0.3606315 0.3418785 0.3665572 0.4313263 0.3014535 0.3239044 0.3244889 0.3299029 0.1928281 0.3039224 0.3568190 0.2407624 0.3668091 0.3476760 0.3184449 0.3471633 0.4812539 0.3354009 0.3575622 
Eutetras_palmeri_63                      0.3595267 0.1642954 0.3550535 0.3353880 0.0000000 0.0844352 0.2887648 0.2229833 0.2927499 0.0937058 0.0903850 0.2811591 0.0911203 0.2901927 0.0575085 0.3211004 0.2392491 0.2975038 0.3215140 0.3389652 0.1700412 0.0815086 0.2449501 0.0705631 0.2997221 0.0508737 0.3524198 0.3434839 0.1092940 0.1634859 0.1221971 0.3234337 0.5150224 0.0881321 0.3149970 0.1121651 0.4904731 0.3707976 0.0894709 0.3078472 0.0783708 0.0936009 0.1127796 0.4692768 0.1158224 0.0990757 0.1442766 0.0509163 0.0642628 0.4813161 0.3289078 0.3244704 0.2869358 0.3596877 0.2627347 0.2811043 0.1633177 0.1047238 0.3137900 0.1026014 0.1540916 0.1011053 0.1105508 0.2769556 0.3078561 0.3500646 0.1663201 0.1965682 0.0888957 0.0992789 0.0538896 0.0741326 0.1184337 0.0663054 0.3097067 0.0798686 0.0796137 0.1058090 0.3895328 0.0833492 0.1040435 
Eutetras_pringlei_149_quer               0.1035497 0.1232958 0.1459511 0.1657184 0.0844352 0.0000000 0.1260162 0.1071295 0.1314963 0.1546203 0.0837270 0.0919816 0.0835630 0.0794556 0.0862381 0.1236065 0.0790806 0.1089371 0.1340357 0.1147006 0.0923976 0.0841588 0.0842285 0.1365973 0.1187381 0.0800427 0.1103756 0.1051585 0.1098896 0.1401868 0.1633219 0.1484723 0.0246571 0.1245494 0.0994618 0.0787993 0.2206769 0.1285849 0.1738553 0.1094379 0.1097614 0.0897806 0.1679782 0.1649066 0.1624645 0.1073265 0.0783865 0.0783912 0.0977610 0.1782324 0.1128607 0.0974902 0.0931023 0.1313996 0.1218652 0.1137422 0.1071728 0.0975833 0.0978316 0.0871376 0.0979099 0.0948912 0.1275756 0.1069875 0.0712622 0.0832042 0.1076973 0.0880935 0.0858044 0.1346856 0.0991359 0.0757746 0.0697832 0.0705425 0.0741237 0.0955275 0.0855952 0.1042105 0.1714074 0.0917600 0.0738376 
Eutrochium_fistulosum_SRR9119106         0.3387297 0.1949798 0.2895877 0.1283418 0.2887648 0.1260162 0.0000000 0.2557475 0.3136622 0.1786255 0.2878975 0.2300753 0.2836817 0.2298030 0.1466464 0.2883906 0.2436475 0.2642796 0.3021351 0.2819642 0.2090565 0.2908699 0.2818505 0.2550366 0.2805376 0.1291248 0.3146890 0.2921334 0.2812348 0.2415535 0.1678180 0.3054332 0.3958248 0.1463083 0.2787051 0.3202737 0.4742246 0.3729595 0.2744149 0.2765568 0.2729525 0.2501949 0.2999488 0.4494918 0.3071435 0.3120870 0.1968418 0.1261155 0.1133564 0.4473470 0.2811506 0.2684914 0.2547028 0.3387877 0.3017386 0.2872609 0.2243103 0.2914895 0.3006829 0.1605010 0.1956531 0.3101815 0.2872071 0.3002274 0.2651029 0.3661944 0.2262968 0.2016076 0.2456531 0.2831686 0.0883610 0.2693893 0.3030225 0.1956035 0.2655826 0.2797848 0.2646067 0.2623263 0.3943364 0.2929208 0.2720820 
Galeana_pratensis_104_mex                0.1828731 0.1525549 0.1803539 0.2673212 0.2229833 0.1071295 0.2557475 0.0000000 0.2132886 0.2184669 0.2071812 0.1292822 0.1974365 0.1299336 0.1523575 0.1748858 0.1302141 0.1750153 0.1861110 0.1666725 0.1185168 0.2052905 0.2132265 0.2353151 0.1799354 0.1595134 0.1740143 0.1530788 0.2236886 0.2464899 0.1981420 0.1749704 0.2151129 0.1703506 0.1613433 0.2505848 0.3758228 0.1661979 0.2318688 0.1776733 0.2075631 0.1928831 0.2494101 0.3357565 0.2250768 0.2145884 0.1039344 0.1503562 0.1459056 0.3283719 0.1762331 0.1544680 0.1559510 0.2580631 0.1488037 0.1668137 0.2029106 0.2037974 0.1411547 0.1033395 0.1512169 0.1964316 0.2349210 0.1614799 0.1527448 0.1710682 0.1373765 0.1586624 0.1960762 0.2684401 0.1137144 0.2018140 0.2002335 0.1897120 0.1552229 0.2014137 0.2084533 0.1701444 0.2712383 0.1965443 0.1919922 
Helianthus_annuus_SRR9119062             0.3913831 0.1989379 0.3066479 0.3733308 0.2927499 0.1314963 0.3136622 0.2132886 0.0000000 0.2006823 0.4085484 0.3621840 0.3204960 0.3326820 0.1976252 0.3392153 0.1950040 0.2520718 0.2994302 0.3670976 0.1799814 0.4075149 0.2782681 0.3420737 0.2693402 0.1606765 0.3867637 0.4164825 0.4154149 0.2834640 0.1831656 0.3407403 0.3274393 0.1578614 0.3455671 0.3472256 0.4997288 0.4338925 0.3232541 0.3068606 0.3105152 0.3199579 0.3478595 0.4417760 0.4322334 0.3364425 0.1585850 0.1528733 0.1617269 0.5576077 0.3273434 0.3864232 0.2265306 0.5187028 0.3051324 0.2514773 0.2762312 0.3612564 0.4219163 0.1371177 0.1529756 0.3404642 0.4207438 0.3163189 0.2945905 0.3848265 0.1982472 0.2650698 0.3169159 0.2891461 0.1794283 0.2963108 0.3344842 0.2255817 0.2766699 0.4184390 0.2727083 0.3334002 0.4125470 0.4306071 0.4023555 
Lycapsus_tenuifolius_17                  0.1899587 0.1784418 0.2226681 0.2261291 0.0937058 0.1546203 0.1786255 0.2184669 0.2006823 0.0000000 0.1118263 0.1568957 0.0928615 0.1594891 0.0749663 0.2151213 0.1871529 0.2070783 0.2287998 0.2377939 0.1808169 0.0848966 0.2355571 0.0984158 0.2400052 0.0929114 0.2046714 0.2202757 0.1115159 0.0853912 0.0475673 0.2233921 0.1662224 0.0084327 0.2232879 0.1134287 0.3540447 0.2083472 0.1072116 0.2058163 0.0873126 0.0902332 0.1156881 0.3469017 0.1131203 0.1036126 0.1708576 0.0890288 0.1031480 0.3200843 0.2261712 0.2029693 0.2163979 0.2296522 0.1978492 0.2288180 0.1408175 0.0911171 0.1710074 0.1484959 0.1929135 0.0903931 0.1122365 0.1885170 0.1941723 0.1954238 0.2744020 0.0940672 0.0846079 0.0311060 0.0869049 0.0909519 0.1067761 0.1018631 0.1975721 0.0875430 0.0948590 0.0869704 0.2051934 0.0844732 0.0976602 
Pericome_caudata_50_silver               0.4382807 0.1827120 0.4293908 0.3536903 0.0903850 0.0837270 0.2878975 0.2071812 0.4085484 0.1118263 0.0000000 0.4241634 0.0992340 0.4211172 0.1212021 0.4316753 0.2649524 0.3269285 0.3665341 0.4470385 0.1974855 0.2503461 0.2155780 0.0994644 0.3169906 0.0611067 0.5029778 0.4876198 0.1167832 0.1807262 0.1209191 0.4022077 0.5617164 0.0892248 0.4263578 0.1600824 0.5438122 0.5035129 0.0978454 0.4075156 0.0832931 0.1001858 0.1113454 0.4979639 0.1164524 0.1014406 0.1444589 0.0595355 0.0737923 0.5447098 0.4073127 0.4560100 0.3126207 0.4993214 0.3262409 0.3325349 0.1568271 0.1799975 0.4661518 0.0966342 0.1649776 0.1128110 0.1219557 0.3872432 0.3996595 0.4079031 0.1367291 0.2112731 0.1432674 0.1311999 0.0520453 0.0903566 0.1773324 0.0928419 0.3775210 0.0968443 0.0922416 0.0976857 0.3979321 0.2655552 0.1253124 
Perityle_aglossa_84_dead_horse           0.3615369 0.1145414 0.2014524 0.3152032 0.2811591 0.0919816 0.2300753 0.1292822 0.3621840 0.1568957 0.4241634 0.0000000 0.2931920 0.1004330 0.1979533 0.0607260 0.0142736 0.1598611 0.1720242 0.0372556 0.0121062 0.3664765 0.1482995 0.3265913 0.0347235 0.1012465 0.1298680 0.0526675 0.4440515 0.2083732 0.1447632 0.2841111 0.2398618 0.1184035 0.0239584 0.2988245 0.4546878 0.2006854 0.3166290 0.0543404 0.2886787 0.2885765 0.3894777 0.3913042 0.4654639 0.3284276 0.0442279 0.0791993 0.1076918 0.4873205 0.0349360 0.0317323 0.0217803 0.1508010 0.2128433 0.0417462 0.2037347 0.3422615 0.1561598 0.0717786 0.0475372 0.3470788 0.4395596 0.0577260 0.1780606 0.3966184 0.0447711 0.3178973 0.2959469 0.2355566 0.1443128 0.2300378 0.2832502 0.1738085 0.1672600 0.4339295 0.2396914 0.3450185 0.2876636 0.3673539 0.4091632 
Perityle_ajoensis_204                    0.3884095 0.1555559 0.3716933 0.3310504 0.0911203 0.0835630 0.2836817 0.1974365 0.3204960 0.0928615 0.0992340 0.2931920 0.0000000 0.3059773 0.0265670 0.3492074 0.2609585 0.3018952 0.3352577 0.3286312 0.1706382 0.0440527 0.2210751 0.0495705 0.3034175 0.0270138 0.3762691 0.3656447 0.0944199 0.1719137 0.1199110 0.3306237 0.5212986 0.0872062 0.3329808 0.0934638 0.5283498 0.4310738 0.0898907 0.3363885 0.0524157 0.0681339 0.1120525 0.4898978 0.1091575 0.0577020 0.1343214 0.0352177 0.0349549 0.5215113 0.3428247 0.3339405 0.2962116 0.3662045 0.2598548 0.2697415 0.1484844 0.0651642 0.3669662 0.0895617 0.1382538 0.0647786 0.0991327 0.2748008 0.3123496 0.3932724 0.1478765 0.1735567 0.0725068 0.0982593 0.0147023 0.0452472 0.1063838 0.0368139 0.3348559 0.0850228 0.0478791 0.0706843 0.3755035 0.0395927 0.1068560 
Perityle_ambrosiifolia_67_green          0.3939090 0.1064686 0.2185803 0.3259881 0.2901927 0.0794556 0.2298030 0.1299336 0.3326820 0.1594891 0.4211172 0.1004330 0.3059773 0.0000000 0.2104794 0.0988055 0.0067079 0.1525703 0.1826433 0.0912899 0.0173925 0.3542760 0.1671897 0.3306989 0.0206956 0.1100224 0.1970934 0.1141533 0.4414959 0.2030437 0.1395017 0.2933354 0.2595841 0.1347165 0.0706532 0.3052379 0.4648250 0.2811497 0.3177829 0.0850695 0.2885348 0.2961974 0.4265974 0.4031544 0.4524058 0.3519935 0.0402834 0.1036656 0.1037096 0.5029598 0.0652965 0.0844208 0.0093706 0.2580379 0.1961015 0.0394171 0.1896775 0.3532432 0.2518293 0.0649250 0.0374098 0.3794773 0.4331080 0.1443115 0.2043047 0.3859087 0.0000010 0.3420598 0.3227195 0.2431198 0.1443953 0.2605094 0.2901058 0.1903090 0.1694352 0.4273308 0.2594556 0.3761638 0.3198230 0.3515260 0.4420926 
Perityle_angustifolia_13_Eagle_creek     0.2354017 0.1280054 0.2749784 0.2444457 0.0575085 0.0862381 0.1466464 0.1523575 0.1976252 0.0749663 0.1212021 0.1979533 0.0265670 0.2104794 0.0000000 0.2343616 0.1721413 0.2061873 0.2252770 0.2640812 0.1802172 0.0812708 0.1930037 0.0977252 0.1873547 0.0186552 0.2226810 0.1800358 0.1363063 0.1122693 0.0853426 0.2511139 0.1433677 0.0653546 0.2377868 0.0955488 0.3524771 0.2368324 0.1360546 0.2256428 0.0196142 0.0646578 0.1387085 0.3437313 0.1302283 0.0980246 0.1335777 0.0215984 0.0202920 0.3403370 0.2405201 0.2299685 0.1484043 0.2759074 0.1783692 0.2090615 0.1063957 0.0768545 0.2068304 0.0953300 0.1206859 0.0931907 0.1389171 0.2201332 0.2454714 0.2244361 0.1500448 0.0993987 0.1101091 0.0962845 0.1045362 0.0123643 0.1231453 0.0665718 0.2464277 0.1169243 0.0835458 0.1026369 0.1614594 0.0720762 0.1087182 
Perityle_batopilensis_97                 0.4006287 0.1453765 0.2174479 0.3889404 0.3211004 0.1236065 0.2883906 0.1748858 0.3392153 0.2151213 0.4316753 0.0607260 0.3492074 0.0988055 0.2343616 0.0000000 0.0279286 0.1905182 0.2132187 0.0695641 0.0528151 0.3912750 0.1901106 0.3772083 0.0604367 0.1533185 0.1384534 0.0848452 0.4500850 0.2615209 0.1958745 0.2889395 0.2534032 0.1606766 0.0519716 0.3345561 0.4869353 0.2574940 0.3708424 0.0188544 0.3374402 0.3338976 0.4726883 0.4244448 0.4897822 0.3767785 0.0762189 0.1353291 0.1523330 0.5348718 0.0624346 0.0575625 0.0361172 0.2026110 0.2397820 0.0737583 0.2311350 0.3942021 0.2057152 0.0984379 0.0376936 0.4230417 0.4391055 0.0757017 0.1988029 0.3999926 0.0557551 0.3663838 0.3788683 0.2965868 0.1863510 0.2785262 0.3315312 0.2303946 0.1986532 0.4451290 0.2892616 0.4082990 0.3337223 0.3960518 0.4565960 
Perityle_bisetosa_9                      0.2100617 0.0989201 0.1031192 0.2874248 0.2392491 0.0790806 0.2436475 0.1302141 0.1950040 0.1871529 0.2649524 0.0142736 0.2609585 0.0067079 0.1721413 0.0279286 0.0000000 0.1102642 0.1036031 0.0111878 0.0285966 0.2565275 0.1737565 0.2525458 0.0083136 0.1231975 0.0613096 0.0236047 0.2890264 0.2181672 0.1654735 0.1215683 0.1200158 0.1408240 0.0000010 0.2980598 0.3611561 0.1239809 0.2520339 0.0325539 0.2714980 0.2285677 0.2987910 0.3415012 0.2844884 0.2721861 0.0430047 0.1091134 0.1137742 0.3542971 0.0146194 0.0064042 0.0019260 0.1296961 0.1056309 0.0272308 0.2079027 0.2674244 0.1024961 0.0522155 0.0350184 0.2606438 0.2959620 0.0575900 0.1171844 0.2016965 0.0000010 0.1977404 0.2339948 0.2476939 0.1194459 0.2365055 0.2664661 0.1862681 0.1194720 0.2685303 0.2420133 0.2550736 0.2839539 0.2539012 0.2566189 
Perityle_californica_76_positas          0.3079131 0.1370032 0.2029901 0.3150999 0.2975038 0.1089371 0.2642796 0.1750153 0.2520718 0.2070783 0.3269285 0.1598611 0.3018952 0.1525703 0.2061873 0.1905182 0.1102642 0.0000000 0.1669229 0.1895277 0.1129926 0.3610903 0.2289006 0.3386434 0.1300123 0.1572161 0.2013469 0.1439530 0.3709774 0.2649586 0.1847769 0.1965910 0.1364228 0.1714044 0.1714011 0.3260918 0.4430288 0.2698066 0.3528226 0.1845681 0.3135337 0.2760019 0.3987721 0.3952324 0.3866632 0.3549223 0.0538225 0.1386667 0.1431105 0.4346529 0.1882431 0.1782293 0.0963243 0.3234780 0.2053733 0.1866151 0.2162899 0.3593041 0.2471244 0.0806710 0.0972733 0.3659361 0.3886717 0.1868568 0.2055232 0.3108040 0.1005778 0.2708189 0.3303592 0.3072484 0.1899399 0.2633517 0.3675651 0.2386317 0.1941005 0.3567689 0.3198273 0.3239294 0.2956181 0.3558275 0.3546437 
Perityle_canescens_77                    0.3525102 0.1538533 0.2128031 0.3737984 0.3215140 0.1340357 0.3021351 0.1861110 0.2994302 0.2287998 0.3665341 0.1720242 0.3352577 0.1826433 0.2252770 0.2132187 0.1036031 0.1669229 0.0000000 0.1956208 0.0799773 0.3772928 0.2169545 0.3550125 0.1393862 0.1681250 0.1712078 0.1902567 0.3951932 0.2662064 0.1833686 0.2256676 0.1978359 0.1860976 0.2029489 0.3381145 0.4711551 0.3354640 0.3571424 0.2106936 0.3153541 0.2987882 0.4389992 0.4248400 0.4478944 0.3901816 0.0805648 0.1537883 0.1710516 0.5089743 0.2180763 0.2079380 0.1180762 0.3470819 0.1371860 0.1553801 0.2217933 0.3762920 0.2721653 0.0687407 0.0942063 0.3966825 0.4055207 0.1758727 0.2276477 0.3386391 0.1028154 0.3318653 0.3402877 0.3127729 0.2124697 0.2629286 0.3690961 0.2463695 0.2168020 0.3857735 0.3186559 0.3878607 0.2870028 0.3774382 0.4256356 
Perityle_castillonii_96                  0.3491214 0.1633379 0.2267209 0.3680162 0.3389652 0.1147006 0.2819642 0.1666725 0.3670976 0.2377939 0.4470385 0.0372556 0.3286312 0.0912899 0.2640812 0.0695641 0.0111878 0.1895277 0.1956208 0.0000000 0.0514301 0.4038307 0.2038092 0.3924193 0.0349414 0.1721095 0.1227845 0.0555696 0.4786754 0.2787541 0.2193832 0.2905203 0.2002357 0.1916111 0.0210839 0.3740265 0.4650247 0.1836475 0.3788942 0.0684545 0.3488412 0.3115484 0.4255312 0.4269113 0.4712873 0.3767578 0.0863548 0.1574278 0.1635329 0.5069057 0.0280913 0.0310263 0.0138598 0.1590308 0.2468964 0.0532266 0.2571884 0.3687336 0.1543530 0.1180177 0.0775567 0.3697068 0.4808301 0.0910517 0.1975846 0.3943775 0.0163842 0.3639337 0.3219517 0.3195525 0.2130976 0.3009029 0.3312348 0.2364036 0.1987103 0.4585624 0.3112467 0.3707690 0.3492863 0.4125904 0.4291634 
Perityle_cernua_84                       0.1340366 0.0931851 0.1172152 0.2671603 0.1700412 0.0923976 0.2090565 0.1185168 0.1799814 0.1808169 0.1974855 0.0121062 0.1706382 0.0173925 0.1802172 0.0528151 0.0285966 0.1129926 0.0799773 0.0514301 0.0000000 0.1565509 0.1546575 0.2126759 0.0464300 0.1121970 0.0553757 0.0571311 0.1971767 0.1871427 0.1591224 0.1225557 0.0843153 0.1330837 0.0349728 0.1729299 0.3070880 0.0241945 0.2091243 0.0580065 0.1733278 0.1614955 0.2301203 0.2838768 0.2062096 0.1992571 0.0355243 0.1030037 0.1069528 0.2973996 0.0522063 0.0390342 0.0431789 0.1089624 0.0411276 0.0567554 0.1796648 0.1660395 0.0092928 0.0354939 0.0458846 0.1815412 0.2077742 0.0472224 0.1231643 0.1123938 0.0130319 0.1447303 0.1627991 0.1958205 0.1249819 0.1413360 0.1793806 0.1816079 0.1278567 0.1887284 0.1746140 0.1749503 0.1727157 0.1529105 0.1753169 
Perityle_cfvillosa_25_tin                0.4299695 0.1699927 0.4078152 0.3425486 0.0815086 0.0841588 0.2908699 0.2052905 0.4075149 0.0848966 0.2503461 0.3664765 0.0440527 0.3542760 0.0812708 0.3912750 0.2565275 0.3610903 0.3772928 0.4038307 0.1565509 0.0000000 0.2311401 0.1853341 0.2984279 0.0235492 0.4295392 0.4161214 0.2381449 0.1612494 0.0974901 0.4153109 0.4569537 0.0741404 0.3908758 0.1295968 0.5340782 0.4398101 0.2210310 0.3572206 0.0239018 0.0319934 0.2107781 0.4667810 0.2560403 0.0745491 0.1347180 0.0314970 0.0305048 0.5723595 0.3696840 0.3960526 0.2842657 0.4404726 0.3382408 0.2889819 0.1474401 0.0013070 0.4027880 0.0872543 0.1200395 0.0872499 0.2430186 0.3916011 0.4033594 0.4015842 0.1367090 0.1276521 0.0390569 0.1200628 0.0796144 0.0235227 0.0715544 0.0611900 0.3411700 0.2378891 0.0480928 0.0873530 0.3514643 0.0845109 0.2262332 
Perityle_cinerea_113_Powell1310          0.2180861 0.1512089 0.2711584 0.3533973 0.2449501 0.0842285 0.2818505 0.2132265 0.2782681 0.2355571 0.2155780 0.1482995 0.2210751 0.1671897 0.1930037 0.1901106 0.1737565 0.2289006 0.2169545 0.2038092 0.1546575 0.2311401 0.0000000 0.2449443 0.1987002 0.1908665 0.1990369 0.2019447 0.2378006 0.2465244 0.1701521 0.2566828 0.4305712 0.1686589 0.1818598 0.2066506 0.3279250 0.2217180 0.2731442 0.1842287 0.2339229 0.2343085 0.2956062 0.3146658 0.2580332 0.2540350 0.1511429 0.1363703 0.1551081 0.3222409 0.2007043 0.1949115 0.1957884 0.2320427 0.2313967 0.2014448 0.1082897 0.2393022 0.1611655 0.0575160 0.1143564 0.2410744 0.2509189 0.1826213 0.2141005 0.2426015 0.0927033 0.1837555 0.2235312 0.2692180 0.1055769 0.2254224 0.2237918 0.2248655 0.2191434 0.2300791 0.2149447 0.1866288 0.2230531 0.2370272 0.2304844 
Perityle_coahuilensis_24                 0.3536528 0.1919684 0.3675931 0.3080149 0.0705631 0.1365973 0.2550366 0.2353151 0.3420737 0.0984158 0.0994644 0.3265913 0.0495705 0.3306989 0.0977252 0.3772083 0.2525458 0.3386434 0.3550125 0.3924193 0.2126759 0.1853341 0.2449443 0.0000000 0.2861366 0.0293274 0.3786119 0.3717996 0.0874184 0.1635404 0.1235040 0.3392955 0.3707074 0.0914401 0.3718805 0.1187556 0.4930681 0.3883989 0.0954063 0.3653903 0.0249962 0.0517007 0.1010901 0.4484527 0.1005545 0.0417155 0.1629190 0.0327317 0.0370904 0.5098772 0.3635938 0.3715023 0.2758907 0.4197678 0.3140855 0.3349234 0.1552461 0.1495117 0.3336272 0.1560384 0.1743670 0.0470159 0.0927969 0.3745545 0.3753996 0.3051225 0.2279815 0.0577791 0.1037607 0.1134991 0.0342854 0.0422791 0.1095322 0.0675276 0.3239425 0.0807358 0.0468764 0.0394349 0.2973958 0.1821105 0.0752191 
Perityle_cochisensis_44_cave_creek       0.2818059 0.1515991 0.1429701 0.3535566 0.2997221 0.1187381 0.2805376 0.1799354 0.2693402 0.2400052 0.3169906 0.0347235 0.3034175 0.0206956 0.1873547 0.0604367 0.0083136 0.1300123 0.1393862 0.0349414 0.0464300 0.2984279 0.1987002 0.2861366 0.0000000 0.1711520 0.1154196 0.0566774 0.3554339 0.2724032 0.2226512 0.1861470 0.1594658 0.1867836 0.0175886 0.3420560 0.4053007 0.1874713 0.2905317 0.0693260 0.3139770 0.2570748 0.3450836 0.3855560 0.3333241 0.3057168 0.0755103 0.1512300 0.1573311 0.4211420 0.0354090 0.0280541 0.0103263 0.1986674 0.1542664 0.0548580 0.2531624 0.3130262 0.1600708 0.0889191 0.0799004 0.2948750 0.3617396 0.1015058 0.1396659 0.2654088 0.0163497 0.2516075 0.2622711 0.2853008 0.1451148 0.2812060 0.3039566 0.2003990 0.1481117 0.3168925 0.2603338 0.2817115 0.3236800 0.2885233 0.3107800 
Perityle_congesta_202                    0.1415002 0.1350562 0.1783561 0.1733887 0.0508737 0.0800427 0.1291248 0.1595134 0.1606765 0.0929114 0.0611067 0.1012465 0.0270138 0.1100224 0.0186552 0.1533185 0.1231975 0.1572161 0.1681250 0.1721095 0.1121970 0.0235492 0.1908665 0.0293274 0.1711520 0.0000000 0.1517540 0.1751608 0.0524213 0.1184899 0.1108740 0.1751323 0.1656820 0.0831112 0.1536714 0.0606551 0.2821500 0.1636320 0.0652567 0.1414190 0.0115467 0.0228871 0.0667168 0.2784543 0.0622370 0.0340241 0.1086069 0.0168287 0.0228707 0.2782749 0.1597030 0.1515759 0.1501015 0.1945622 0.1500228 0.1827326 0.1108945 0.0232533 0.1291125 0.0682649 0.1332239 0.0298024 0.0566774 0.1388355 0.1474772 0.1320899 0.1623353 0.0250169 0.0183334 0.0846554 0.0055746 0.0122701 0.0394424 0.0256251 0.1478535 0.0351854 0.0295300 0.0221309 0.1455653 0.0186794 0.0328377 
Perityle_cordifolia_27                   0.4378570 0.1394105 0.2687692 0.3866067 0.3524198 0.1103756 0.3146890 0.1740143 0.3867637 0.2046714 0.5029778 0.1298680 0.3762691 0.1970934 0.2226810 0.1384534 0.0613096 0.2013469 0.1712078 0.1227845 0.0553757 0.4295392 0.1990369 0.3786119 0.1154196 0.1517540 0.0000000 0.1865966 0.5085919 0.2580301 0.1945027 0.2889344 0.2598634 0.1472276 0.1379667 0.3685051 0.5085772 0.2740926 0.3697635 0.1319610 0.3538508 0.3489954 0.5482889 0.4575041 0.5942361 0.4120200 0.0825255 0.1300063 0.1313872 0.5788225 0.1524413 0.1769307 0.0933916 0.2220663 0.2707911 0.1049999 0.2283928 0.4130250 0.2097481 0.0974525 0.0024100 0.4828962 0.4977475 0.0035793 0.2060518 0.4398143 0.0499703 0.3974415 0.4198512 0.3036286 0.1795923 0.2973537 0.3265247 0.2136721 0.2191712 0.5164592 0.2984213 0.4658026 0.3539950 0.4310632 0.5142686 
Perityle_cordifolia_68_tecolote          0.4308672 0.1449663 0.2231795 0.3660754 0.3434839 0.1051585 0.2921334 0.1530788 0.4164825 0.2202757 0.4876198 0.0526675 0.3656447 0.1141533 0.1800358 0.0848452 0.0236047 0.1439530 0.1902567 0.0555696 0.0571311 0.4161214 0.2019447 0.3717996 0.0566774 0.1751608 0.1865966 0.0000000 0.4761982 0.2739402 0.1947972 0.2927053 0.2618635 0.1660994 0.0471265 0.3420855 0.4670401 0.2747319 0.3610971 0.0867855 0.3512829 0.3487743 0.4731628 0.4004563 0.5403484 0.3841842 0.0872283 0.1466217 0.1551539 0.5170702 0.0652179 0.0492481 0.0403198 0.2020235 0.2526633 0.0184340 0.2406436 0.3900675 0.1973298 0.0934870 0.0877919 0.4079426 0.4795017 0.1007568 0.1786866 0.4395400 0.0509479 0.3820767 0.3767174 0.3196274 0.1443186 0.2966993 0.3422203 0.2115525 0.1702147 0.4876030 0.2949236 0.4075216 0.3417581 0.4265397 0.4958196 
Perityle_coronopifolia_28_patagonia      0.4593912 0.1783502 0.4555546 0.3586159 0.1092940 0.1098896 0.2812348 0.2236886 0.4154149 0.1115159 0.1167832 0.4440515 0.0944199 0.4414959 0.1363063 0.4500850 0.2890264 0.3709774 0.3951932 0.4786754 0.1971767 0.2381449 0.2378006 0.0874184 0.3554339 0.0524213 0.5085919 0.4761982 0.0000000 0.1973379 0.1282251 0.4445793 0.5314181 0.0989705 0.4547763 0.1162881 0.5682920 0.5086205 0.0925253 0.4229432 0.0740476 0.0981876 0.1017759 0.5177904 0.0978076 0.0856995 0.1620600 0.0522393 0.0735947 0.5771405 0.4230479 0.4776215 0.3289904 0.5108246 0.3508444 0.3583688 0.1699418 0.1792341 0.4617383 0.1487315 0.1655407 0.0951969 0.0124064 0.4169713 0.4418930 0.4378652 0.2147329 0.1938256 0.1368546 0.1395277 0.0579882 0.0718527 0.1747959 0.0902039 0.4018115 0.0933079 0.0822484 0.0969927 0.3802048 0.2449102 0.0851974 
Perityle_crassifolia_70_ventanas         0.2651825 0.1447001 0.2757386 0.3010828 0.1634859 0.1401868 0.2415535 0.2464899 0.2834640 0.0853912 0.1807262 0.2083732 0.1719137 0.2030437 0.1122693 0.2615209 0.2181672 0.2649586 0.2662064 0.2787541 0.1871427 0.1612494 0.2465244 0.1635404 0.2724032 0.1184899 0.2580301 0.2739402 0.1973379 0.0000000 0.0270500 0.2652444 0.2975793 0.0285094 0.2558974 0.2166555 0.4017000 0.2656248 0.1858996 0.2447182 0.1656597 0.1374185 0.2105952 0.3836938 0.2074911 0.1862944 0.1678028 0.1107425 0.1082771 0.3767434 0.2572701 0.2534168 0.2605670 0.3160961 0.2110120 0.2620224 0.1535072 0.1704635 0.2211830 0.1329204 0.1852354 0.1739838 0.1936672 0.2505567 0.2366461 0.2372792 0.2506089 0.1492928 0.1471294 0.0871296 0.1003985 0.1614422 0.1863647 0.1364663 0.2323850 0.1763563 0.1641865 0.1440008 0.2885063 0.1684873 0.1927214 
Perityle_crassifolia_74_playa_balandra   0.1576068 0.1352164 0.2092326 0.2019523 0.1221971 0.1633219 0.1678180 0.1981420 0.1831656 0.0475673 0.1209191 0.1447632 0.1199110 0.1395017 0.0853426 0.1958745 0.1654735 0.1847769 0.1833686 0.2193832 0.1591224 0.0974901 0.1701521 0.1235040 0.2226512 0.1108740 0.1945027 0.1947972 0.1282251 0.0270500 0.0000000 0.1979954 0.1158754 0.0339405 0.2115009 0.1303177 0.2647635 0.1671479 0.1285359 0.1848295 0.1158520 0.1002949 0.1407048 0.2425507 0.1426331 0.1324874 0.1557194 0.1055195 0.1166237 0.2263477 0.2108923 0.2000269 0.2036112 0.1998154 0.1662984 0.1952554 0.0979273 0.1174818 0.1353316 0.1562697 0.1923721 0.1107561 0.1290216 0.1935707 0.1664457 0.1460721 0.2971306 0.1223912 0.1002446 0.0563324 0.1144158 0.1102858 0.1172867 0.0982699 0.1633902 0.1101305 0.1099818 0.1111227 0.1876429 0.1043059 0.1228350 
Perityle_cuneata_34_cuneata_San_antonio  0.3156264 0.1546897 0.2297397 0.3730930 0.3234337 0.1484723 0.3054332 0.1749704 0.3407403 0.2233921 0.4022077 0.2841111 0.3306237 0.2933354 0.2511139 0.2889395 0.1215683 0.1965910 0.2256676 0.2905203 0.1225557 0.4153109 0.2566828 0.3392955 0.1861470 0.1751323 0.2889344 0.2927053 0.4445793 0.2652444 0.1979954 0.0000000 0.1797542 0.1698860 0.2734533 0.3711947 0.5389830 0.3601349 0.3496361 0.2781264 0.3356388 0.3225707 0.4112741 0.4705390 0.4710553 0.3744248 0.0682025 0.1471107 0.1400604 0.5642264 0.2800216 0.2988544 0.1592634 0.4155102 0.2536357 0.1927958 0.2386219 0.4116193 0.3393167 0.1162365 0.1312510 0.3904656 0.4422284 0.2139812 0.2562545 0.3265266 0.1553201 0.3420658 0.3332771 0.3037244 0.2092348 0.3088645 0.3346372 0.2377802 0.2242911 0.4358464 0.2952209 0.3760507 0.3712405 0.3988157 0.4273797 
Perityle_cuneata_4                       0.5873098 0.1038446 0.2995343 0.4066063 0.5150224 0.0246571 0.3958248 0.2151129 0.3274393 0.1662224 0.5617164 0.2398618 0.5212986 0.2595841 0.1433677 0.2534032 0.1200158 0.1364228 0.1978359 0.2002357 0.0843153 0.4569537 0.4305712 0.3707074 0.1594658 0.1656820 0.2598634 0.2618635 0.5314181 0.2975793 0.1158754 0.1797542 0.0000000 0.0860968 0.2411577 0.4409601 0.6017084 0.4913425 0.3762621 0.2545884 0.5078400 0.4907577 0.5526507 0.5294714 0.5641201 0.5881852 0.0774706 0.1271720 0.0947965 0.6067782 0.2667018 0.2673955 0.1527691 0.5577514 0.2321496 0.1420378 0.3586824 0.5571087 0.4324852 0.0379145 0.0810267 0.5513148 0.4989482 0.0996104 0.1861516 0.5984748 9.0000000 0.5364659 0.5123161 0.3824173 0.1290513 0.4372024 0.5561225 0.3037544 0.2544426 0.5340012 0.4373345 0.6298525 0.5192232 0.4436466 0.5991230 
Perityle_discoidea_81                    0.1305021 0.1407680 0.1603928 0.1877613 0.0881321 0.1245494 0.1463083 0.1703506 0.1578614 0.0084327 0.0892248 0.1184035 0.0872062 0.1347165 0.0653546 0.1606766 0.1408240 0.1714044 0.1860976 0.1916111 0.1330837 0.0741404 0.1686589 0.0914401 0.1867836 0.0831112 0.1472276 0.1660994 0.0989705 0.0285094 0.0339405 0.1698860 0.0860968 0.0000000 0.1752753 0.1116883 0.2803868 0.1520809 0.1019855 0.1502552 0.0780574 0.0772487 0.1124357 0.2722128 0.1060638 0.0935529 0.1248336 0.0717309 0.0891671 0.2593382 0.1702966 0.1623594 0.1647706 0.1739776 0.1697392 0.1873171 0.0850797 0.0845094 0.1340775 0.1157834 0.1437314 0.0808388 0.0952147 0.1438150 0.1535304 0.1275695 0.2400252 0.0888261 0.0709989 0.0167616 0.0771488 0.0823144 0.0802192 0.0871524 0.1511198 0.0809402 0.0823043 0.0808383 0.1667451 0.0771691 0.0919828 
Perityle_dissecta_201                    0.3706313 0.1374376 0.2141293 0.3549682 0.3149970 0.0994618 0.2787051 0.1613433 0.3455671 0.2232879 0.4263578 0.0239584 0.3329808 0.0706532 0.2377868 0.0519716 0.0000010 0.1714011 0.2029489 0.0210839 0.0349728 0.3908758 0.1818598 0.3718805 0.0175886 0.1536714 0.1379667 0.0471265 0.4547763 0.2558974 0.2115009 0.2734533 0.2411577 0.1752753 0.0000000 0.3547598 0.4835676 0.2648963 0.3632471 0.0482149 0.3284851 0.3168639 0.4580194 0.4232737 0.4975545 0.3675394 0.0667088 0.1385575 0.1441141 0.5346520 0.0243313 0.0215303 0.0051931 0.1648122 0.2283024 0.0385169 0.2350532 0.3758658 0.1757758 0.1003901 0.0569569 0.4481906 0.4534188 0.0756217 0.1839898 0.3933400 0.0041323 0.3657320 0.3738006 0.2946605 0.1829118 0.2798573 0.3136517 0.2183957 0.1745057 0.4365173 0.2911916 0.4063853 0.3349625 0.3956799 0.4496760 
Perityle_emoryi_47_punta_san_jose        0.3926490 0.1122304 0.3668949 0.3705798 0.1121651 0.0787993 0.3202737 0.2505848 0.3472256 0.1134287 0.1600824 0.2988245 0.0934638 0.3052379 0.0955488 0.3345561 0.2980598 0.3260918 0.3381145 0.3740265 0.1729299 0.1295968 0.2066506 0.1187556 0.3420560 0.0606551 0.3685051 0.3420855 0.1162881 0.2166555 0.1303177 0.3711947 0.4409601 0.1116883 0.3547598 0.0000000 0.4151239 0.4104487 0.1377574 0.3286949 0.0869446 0.0856609 0.1478228 0.3957708 0.1463485 0.1122796 0.1430793 0.0604153 0.0721297 0.4323347 0.3612118 0.3616824 0.2935280 0.4289688 0.3068905 0.2917400 0.1568561 0.1161548 0.3509426 0.0785230 0.1205035 0.0990414 0.1237400 0.3491487 0.3333572 0.3636503 0.2115887 0.1267569 0.1116465 0.1469829 0.0852555 0.0729448 0.1525939 0.0674214 0.3364139 0.1279449 0.0931508 0.1217817 0.2897739 0.1253019 0.0587390 
Perityle_feddemae_99                     0.6047775 0.2618163 0.5348767 0.6237920 0.4904731 0.2206769 0.4742246 0.3758228 0.4997288 0.3540447 0.5438122 0.4546878 0.5283498 0.4648250 0.3524771 0.4869353 0.3611561 0.4430288 0.4711551 0.4650247 0.3070880 0.5340782 0.3279250 0.4930681 0.4053007 0.2821500 0.5085772 0.4670401 0.5682920 0.4017000 0.2647635 0.5389830 0.6017084 0.2803868 0.4835676 0.4151239 0.0000000 0.5814852 0.4810012 0.4821236 0.4923004 0.5121849 0.5780395 0.0357051 0.5852928 0.5583690 0.2819004 0.2615827 0.2516814 0.0443417 0.4766418 0.4906431 0.3674247 0.5296220 0.4870346 0.3837305 0.3297221 0.5750453 0.5111786 0.1392479 0.2524404 0.5456301 0.5568041 0.4503516 0.4916232 0.6222837 0.3938722 0.5108724 0.5313757 0.4790204 0.3217078 0.4270065 0.5185202 0.3575901 0.4848074 0.5514255 0.4284107 0.5257471 0.4770333 0.5344251 0.5730543 
Perityle_fosteri_93                      0.4837751 0.1502499 0.4039435 0.4720256 0.3707976 0.1285849 0.3729595 0.1661979 0.4338925 0.2083472 0.5035129 0.2006854 0.4310738 0.2811497 0.2368324 0.2574940 0.1239809 0.2698066 0.3354640 0.1836475 0.0241945 0.4398101 0.2217180 0.3883989 0.1874713 0.1636320 0.2740926 0.2747319 0.5086205 0.2656248 0.1671479 0.3601349 0.4913425 0.1520809 0.2648963 0.4104487 0.5814852 0.0000000 0.3901973 0.2617131 0.3974546 0.4000910 0.6020047 0.5285712 0.6436985 0.4627700 0.0719357 0.1356169 0.1572939 0.6619817 0.2749571 0.2922083 0.1865351 0.2727402 0.1808554 0.1172435 0.2514433 0.4843251 0.0727931 0.0934213 0.0894140 0.5528468 0.4964698 0.1345616 0.3140355 0.4898349 0.0460051 0.4386082 0.4821008 0.3038223 0.2022631 0.3278638 0.3679878 0.2304660 0.3836807 0.4939363 0.3122412 0.5743866 0.4251684 0.4146874 0.5616281 
Perityle_gamon_221                       0.3653038 0.1784054 0.3631046 0.3369284 0.0894709 0.1738553 0.2744149 0.2318688 0.3232541 0.1072116 0.0978454 0.3166290 0.0898907 0.3177829 0.1360546 0.3708424 0.2520339 0.3528226 0.3571424 0.3788942 0.2091243 0.2210310 0.2731442 0.0954063 0.2905317 0.0652567 0.3697635 0.3610971 0.0925253 0.1858996 0.1285359 0.3496361 0.3762621 0.1019855 0.3632471 0.1377574 0.4810012 0.3901973 0.0000000 0.3654518 0.0762605 0.0959714 0.0626006 0.4501363 0.0388284 0.0896794 0.1703739 0.0609046 0.0721646 0.4925593 0.3447422 0.3584368 0.2723381 0.3951079 0.3301037 0.3326260 0.1798005 0.1896617 0.3263610 0.1529281 0.1826910 0.0829404 0.0965239 0.3603356 0.3814699 0.3253310 0.2485095 0.0836246 0.1452430 0.1412328 0.0600037 0.0754356 0.1480912 0.1022296 0.3312395 0.0686017 0.0865513 0.0889650 0.3020382 0.2241629 0.0938387 
Perityle_gentryi_8_san_francisco         0.3740104 0.1382068 0.2175550 0.3767465 0.3078472 0.1094379 0.2765568 0.1776733 0.3068606 0.2058163 0.4075156 0.0543404 0.3363885 0.0850695 0.2256428 0.0188544 0.0325539 0.1845681 0.2106936 0.0684545 0.0580065 0.3572206 0.1842287 0.3653903 0.0693260 0.1414190 0.1319610 0.0867855 0.4229432 0.2447182 0.1848295 0.2781264 0.2545884 0.1502552 0.0482149 0.3286949 0.4821236 0.2617131 0.3654518 0.0000000 0.3286643 0.3235140 0.4640279 0.4170288 0.4666695 0.3711501 0.0730053 0.1260281 0.1432309 0.5253501 0.0680927 0.0604981 0.0467812 0.2215683 0.1992156 0.0784384 0.2202957 0.3837116 0.2107293 0.0938149 0.0397270 0.4116149 0.4154096 0.0675247 0.1987373 0.3665380 0.0557248 0.3639729 0.3661846 0.2875466 0.1773390 0.2720716 0.3213033 0.2189070 0.1908598 0.4169724 0.2802917 0.3997536 0.3308224 0.3587450 0.4345232 
Perityle_gilensis_22_Superstition        0.3824884 0.1578832 0.3674777 0.3131342 0.0783708 0.1097614 0.2729525 0.2075631 0.3105152 0.0873126 0.0832931 0.2886787 0.0524157 0.2885348 0.0196142 0.3374402 0.2714980 0.3135337 0.3153541 0.3488412 0.1733278 0.0239018 0.2339229 0.0249962 0.3139770 0.0115467 0.3538508 0.3512829 0.0740476 0.1656597 0.1158520 0.3356388 0.5078400 0.0780574 0.3284851 0.0869446 0.4923004 0.3974546 0.0762605 0.3286643 0.0000000 0.0164439 0.0887957 0.4883630 0.0826401 0.0232182 0.1340794 0.0167913 0.0177885 0.4825689 0.3333758 0.3227378 0.3127925 0.3630915 0.2396841 0.2612169 0.1450998 0.0254219 0.3219537 0.1115723 0.1549440 0.0303646 0.0812667 0.2875213 0.3277570 0.3444589 0.1761498 0.1569363 0.0178717 0.0815305 0.0080603 0.0192312 0.0659229 0.0224894 0.3278109 0.0645899 0.0245139 0.0416450 0.3921961 0.0244785 0.0730949 
Perityle_gilensis_salensis_225           0.3601064 0.1410825 0.3622148 0.3122622 0.0936009 0.0897806 0.2501949 0.1928831 0.3199579 0.0902332 0.1001858 0.2885765 0.0681339 0.2961974 0.0646578 0.3338976 0.2285677 0.2760019 0.2987882 0.3115484 0.1614955 0.0319934 0.2343085 0.0517007 0.2570748 0.0228871 0.3489954 0.3487743 0.0981876 0.1374185 0.1002949 0.3225707 0.4907577 0.0772487 0.3168639 0.0856609 0.5121849 0.4000910 0.0959714 0.3235140 0.0164439 0.0000000 0.1196117 0.4861384 0.1091669 0.0453412 0.1185070 0.0236634 0.0173785 0.5226225 0.3227855 0.3205128 0.2634937 0.3356252 0.2078257 0.2293898 0.1437717 0.0378494 0.3322487 0.0716869 0.1293789 0.0507309 0.1029876 0.2361370 0.2998621 0.3702540 0.1547782 0.1999075 0.0062155 0.0908592 0.0422279 0.0214910 0.0653278 0.0390717 0.3177043 0.0856412 0.0593863 0.0569186 0.3495046 0.0198107 0.1171024 
Perityle_glaucescens_94                  0.5166703 0.2098334 0.4775090 0.3637640 0.1127796 0.1679782 0.2999488 0.2494101 0.3478595 0.1156881 0.1113454 0.3894777 0.1120525 0.4265974 0.1387085 0.4726883 0.2987910 0.3987721 0.4389992 0.4255312 0.2301203 0.2107781 0.2956062 0.1010901 0.3450836 0.0667168 0.5482889 0.4731628 0.1017759 0.2105952 0.1407048 0.4112741 0.5526507 0.1124357 0.4580194 0.1478228 0.5780395 0.6020047 0.0626006 0.4640279 0.0887957 0.1196117 0.0000000 0.5340870 0.0620446 0.1084395 0.1850203 0.0700765 0.0844779 0.5826085 0.4473942 0.4507655 0.3415834 0.5016096 0.3277555 0.3597769 0.2031679 0.1938212 0.4543250 0.1698927 0.2089947 0.1287846 0.1036671 0.3800007 0.4568926 0.4915822 0.2597661 0.2213666 0.1666030 0.1486015 0.0676359 0.0907740 0.1903193 0.1077438 0.4534180 0.0869530 0.0924254 0.1376596 0.4219530 0.2118169 0.1514298 
Perityle_harkerae_31                     0.5378527 0.2140863 0.4640061 0.6058918 0.4692768 0.1649066 0.4494918 0.3357565 0.4417760 0.3469017 0.4979639 0.3913042 0.4898978 0.4031544 0.3437313 0.4244448 0.3415012 0.3952324 0.4248400 0.4269113 0.2838768 0.4667810 0.3146658 0.4484527 0.3855560 0.2784543 0.4575041 0.4004563 0.5177904 0.3836938 0.2425507 0.4705390 0.5294714 0.2722128 0.4232737 0.3957708 0.0357051 0.5285712 0.4501363 0.4170288 0.4883630 0.4861384 0.5340870 0.0000000 0.5378546 0.5291670 0.2710609 0.2643869 0.2659453 0.0077500 0.4093886 0.4219315 0.3364433 0.4968536 0.4233304 0.3568763 0.3272551 0.5132085 0.4491761 0.1162094 0.2172473 0.5219400 0.5163868 0.4082746 0.4431767 0.5417950 0.3457272 0.4762920 0.5005289 0.4577757 0.3081764 0.4138281 0.5147139 0.3572761 0.4447996 0.5091068 0.4291683 0.4915445 0.4645968 0.4686724 0.5061628 
Perityle_hofmeisteria_4_nombre_de_dios   0.5381405 0.1805482 0.5184656 0.3711198 0.1158224 0.1624645 0.3071435 0.2250768 0.4322334 0.1131203 0.1164524 0.4654639 0.1091575 0.4524058 0.1302283 0.4897822 0.2844884 0.3866632 0.4478944 0.4712873 0.2062096 0.2560403 0.2580332 0.1005545 0.3333241 0.0622370 0.5942361 0.5403484 0.0978076 0.2074911 0.1426331 0.4710553 0.5641201 0.1060638 0.4975545 0.1463485 0.5852928 0.6436985 0.0388284 0.4666695 0.0826401 0.1091669 0.0620446 0.5378546 0.0000000 0.1019667 0.1709418 0.0553716 0.0661739 0.6090645 0.4459595 0.5179763 0.3163175 0.5359738 0.3603835 0.3357232 0.1738231 0.1806298 0.4845537 0.1527405 0.1743587 0.1455294 0.1008604 0.4073366 0.4505722 0.4966550 0.2307758 0.2210571 0.1778745 0.1418346 0.0522674 0.0792610 0.1713598 0.1013685 0.4519269 0.0856230 0.0854157 0.1482131 0.3903906 0.2598081 0.1614846 
Perityle_huecosensis_48                  0.4365680 0.1669102 0.4295290 0.3783357 0.0990757 0.1073265 0.3120870 0.2145884 0.3364425 0.1036126 0.1014406 0.3284276 0.0577020 0.3519935 0.0980246 0.3767785 0.2721861 0.3549223 0.3901816 0.3767578 0.1992571 0.0745491 0.2540350 0.0417155 0.3057168 0.0340241 0.4120200 0.3841842 0.0856995 0.1862944 0.1324874 0.3744248 0.5881852 0.0935529 0.3675394 0.1122796 0.5583690 0.4627700 0.0896794 0.3711501 0.0232182 0.0453412 0.1084395 0.5291670 0.1019667 0.0000000 0.1553557 0.0351239 0.0374888 0.5644740 0.3731878 0.3669883 0.3133036 0.3996968 0.2822677 0.3017721 0.1738389 0.0683247 0.3995414 0.1398095 0.1507149 0.0328020 0.0868776 0.3159456 0.3834729 0.4465283 0.1369081 0.1525804 0.0772348 0.1094164 0.0192487 0.0275712 0.1309553 0.0538022 0.3945569 0.0847749 0.0355867 0.0409502 0.3992523 0.0708073 0.1061124 
