84
Amauria_brandeegeana_62                    0.0000000 0.0187745 0.0576068 0.2676221 0.1755453 0.0802968 0.3169262 0.2212417 0.3285807 0.0930150 0.1950817 0.2054068 0.1780544 0.1669519 0.0931879 0.2236311 0.1593404 0.2081663 0.1673161 0.1962405 0.1362499 0.1681761 0.0612783 0.1780056 0.1881602 0.1870656 0.1962593 0.2356455 0.2212847 0.1256995 0.0677746 0.1335213 0.2466915 0.1917006 0.1081743 0.2166324 0.1786720 0.2095024 0.2031093 0.1863531 0.1645291 0.2130222 0.1408995 0.1533543 0.1877593 0.1977075 0.1217121 0.1753931 0.1834375 0.2094094 0.1429045 0.1682055 0.1659971 0.1925239 0.1668566 0.1738855 0.1555923 0.1174139 0.1783297 0.1762250 0.1553832 0.0721226 0.1569057 0.0926964 0.2040851 0.2067222 0.1678198 0.0983021 0.1540482 0.1954518 0.1814386 0.1757064 0.1303718 0.1762164 0.1497183 0.1866045 0.0916244 0.1582647 0.1994821 0.2323732 0.2036120 0.1287823 0.1732172 0.1646877 
Amauria_carterae_99_mesa                   0.0187745 0.0000000 0.0195406 0.2671846 0.1227587 0.0862648 0.2525512 0.2168577 0.2356967 0.0407403 0.0928874 0.1459980 0.1204694 0.1241291 0.0837387 0.1311052 0.1455567 0.0986433 0.1296410 0.1720743 0.1239878 0.1400145 0.0686712 0.1247409 0.1213492 0.1211314 0.1263552 0.1254834 0.1436478 0.0908659 0.0623016 0.1446772 0.1254943 0.1445278 0.0735336 0.1366925 0.1431740 0.1443083 0.1308430 0.1236600 0.1270678 0.1366063 0.1196009 0.1205401 0.1409920 0.1471694 0.1051829 0.1208129 0.1216125 0.1282619 0.1196346 0.1204021 0.1215407 0.1252515 0.1459819 0.1414861 0.1130886 0.1058166 0.1238256 0.1221012 0.1465055 0.0816415 0.1328162 0.0902275 0.1457829 0.1347336 0.1417210 0.0994939 0.0908344 0.1701092 0.1415967 0.1253588 0.0945625 0.1672281 0.1246918 0.1463716 0.0988525 0.1026653 0.1439379 0.1454019 0.1510296 0.1241836 0.1217182 0.0622469 
Amauria_rotundifolia_SRR9119150            0.0576068 0.0195406 0.0000000 0.2747856 0.1805833 0.0890243 0.3194255 0.2244820 0.3348386 0.1094739 0.2024750 0.2405771 0.1959652 0.1792875 0.1034594 0.2407982 0.1763983 0.2203955 0.1775746 0.2166423 0.1465373 0.1724834 0.0654388 0.2132800 0.2104238 0.2157766 0.2329124 0.2498728 0.2377669 0.1396231 0.0748991 0.1399414 0.2508931 0.2309490 0.1195276 0.2296508 0.2005729 0.2251732 0.2175792 0.2038718 0.1876635 0.2279589 0.1503019 0.1638402 0.2043077 0.2275245 0.1312838 0.2104779 0.2076966 0.2278761 0.1527834 0.2064432 0.2005092 0.2202806 0.1810355 0.2036691 0.1650458 0.1273871 0.2143445 0.2025327 0.1599887 0.0769377 0.1598164 0.1039830 0.2420166 0.2187398 0.1772425 0.1059379 0.1732436 0.2058606 0.2041964 0.2177155 0.1441641 0.1781682 0.1667298 0.2082357 0.0995547 0.1761005 0.2177112 0.2471533 0.2229383 0.1366548 0.1917052 0.2089776 
Conoclinium_coelestinum_SRR9119114         0.2676221 0.2671846 0.2747856 0.0000000 0.2258369 0.1964699 0.3105781 0.4082301 0.3964005 0.2596755 0.2842973 0.2996160 0.2717400 0.2763321 0.2528573 0.2874996 0.2513596 0.2769898 0.3028899 0.2296748 0.2805004 0.2845421 0.2166480 0.2798062 0.2815447 0.2814107 0.2905053 0.3169723 0.2911011 0.2700893 0.2416498 0.3017173 0.3439576 0.2942555 0.2732800 0.2987940 0.2904184 0.2794411 0.2708748 0.2831632 0.2720371 0.3152812 0.2794193 0.2774301 0.2746461 0.2878346 0.2511868 0.2785479 0.2789842 0.3043452 0.2705002 0.2767601 0.2843994 0.2802054 0.2757128 0.3004841 0.2659229 0.2800800 0.2896492 0.2774874 0.2714134 0.2553342 0.2974709 0.2625557 0.2997816 0.2956880 0.3278723 0.2539224 0.2625037 0.3900724 0.2942650 0.2803899 0.2675131 0.2438789 0.2795017 0.2914783 0.2302014 0.2732212 0.2962775 0.2866964 0.3070413 0.2533454 0.2838472 0.2431351 
Eutetras_palmeri_63                        0.1755453 0.1227587 0.1805833 0.2258369 0.0000000 0.0139498 0.3104796 0.2311301 0.3255852 0.1187573 0.1519821 0.2676228 0.2309610 0.2318607 0.1328540 0.2411961 0.2231767 0.1704621 0.2508180 0.2396921 0.2187497 0.2549585 0.0899898 0.2314346 0.2404333 0.2375135 0.2482973 0.2851501 0.2517692 0.1307333 0.0983614 0.1345425 0.2305841 0.2641813 0.1501499 0.2527695 0.2611692 0.2443042 0.2277673 0.2358655 0.2328878 0.2631644 0.2340366 0.2351573 0.2385708 0.2483887 0.2038957 0.2248745 0.2350015 0.2595061 0.2280070 0.2222408 0.2315441 0.2468909 0.2461074 0.2512728 0.2159217 0.1772271 0.2482715 0.2271399 0.2263984 0.0973721 0.2268570 0.1228112 0.2670885 0.2490771 0.2398252 0.1359676 0.1396993 0.4020854 0.2558935 0.2298540 0.1279680 0.2018443 0.2315002 0.2546888 0.1239810 0.1682168 0.2423897 0.2871910 0.2632519 0.1714757 0.2312929 0.0993801 
Eutetras_pringlei_149_quer                 0.0802968 0.0862648 0.0890243 0.1964699 0.0139498 0.0000000 0.1881053 0.1793766 0.1884920 0.0435573 0.0731570 0.1852917 0.1598387 0.1608471 0.0849762 0.1735350 0.1764945 0.0636236 0.1739967 0.1809524 0.1613492 0.1911966 0.0631851 0.1606727 0.1605481 0.1582625 0.1733568 0.1611797 0.1845494 0.0680540 0.0615137 0.0755867 0.0983669 0.1849813 0.0570838 0.1642415 0.1818868 0.1831874 0.1739853 0.1585203 0.1661181 0.1624742 0.1555801 0.1562629 0.1847471 0.1849924 0.1436098 0.1599069 0.1676740 0.1631771 0.1594384 0.1577805 0.1606636 0.1755089 0.1862595 0.1840661 0.1634143 0.1517261 0.1667777 0.1615756 0.1717458 0.0807916 0.1531893 0.0998182 0.1862387 0.1789948 0.2032953 0.0791664 0.0626215 0.1954834 0.1797873 0.1617152 0.0694628 0.1587601 0.1608654 0.1824226 0.1203860 0.0828596 0.1827083 0.1665013 0.1884744 0.1506997 0.1676740 0.0390683 
Eutrochium_fistulosum_SRR9119106           0.3169262 0.2525512 0.3194255 0.3105781 0.3104796 0.1881053 0.0000000 0.2709446 0.3711066 0.2421925 0.2884449 0.3717906 0.3205729 0.3180459 0.2732106 0.3276930 0.3029878 0.3139564 0.3130191 0.3501130 0.2908999 0.3514273 0.2220159 0.3152593 0.3124847 0.3205935 0.3221314 0.3238796 0.4097678 0.2559061 0.2016878 0.3184523 0.3726181 0.3667818 0.3141390 0.3551981 0.3606770 0.3747937 0.3361324 0.3115710 0.3187512 0.3306098 0.3141803 0.3020757 0.3399775 0.3498638 0.2728194 0.3265595 0.3269038 0.3462888 0.3100560 0.3240727 0.3291457 0.3220231 0.3536377 0.3385151 0.2878295 0.2567624 0.3271700 0.3245508 0.3120830 0.2078803 0.2948980 0.2280866 0.3704553 0.3471160 0.3172953 0.2649661 0.2782023 0.3295024 0.3696344 0.3161333 0.2549861 0.3515356 0.3210281 0.3525497 0.2129321 0.2981256 0.3613866 0.3486204 0.3660501 0.2398917 0.3289509 0.2736024 
Galeana_pratensis_104_mex                  0.2212417 0.2168577 0.2244820 0.4082301 0.2311301 0.1793766 0.2709446 0.0000000 0.2759699 0.2100789 0.2378352 0.2664651 0.2525492 0.2524676 0.2386980 0.2541797 0.2223886 0.2473545 0.2486515 0.2469454 0.2658315 0.2576967 0.1675876 0.2498652 0.2577663 0.2556643 0.2579499 0.2765741 0.2562159 0.2380464 0.2096982 0.2590100 0.2718750 0.2640042 0.2221857 0.2488615 0.2664578 0.2837129 0.2528252 0.2468900 0.2557166 0.2539630 0.2475901 0.2349879 0.2575883 0.2630101 0.2396802 0.2516548 0.2594932 0.2520807 0.2502896 0.2519233 0.2528681 0.2579499 0.2664011 0.2548479 0.2700706 0.2582309 0.2539822 0.2565320 0.2682842 0.2062249 0.2316069 0.2565460 0.2666075 0.2630183 0.3035472 0.1819893 0.2195887 0.1931949 0.2638838 0.2505309 0.2381040 0.2948769 0.2543403 0.2691891 0.2169478 0.2085797 0.2637082 0.2517996 0.2657201 0.2410545 0.2602365 0.2232530 
Helianthus_annuus_SRR9119062               0.3285807 0.2356967 0.3348386 0.3964005 0.3255852 0.1884920 0.3711066 0.2759699 0.0000000 0.2740285 0.3227758 0.3886895 0.3546004 0.3564090 0.3010189 0.3666790 0.3344817 0.3276586 0.3596347 0.3927262 0.3354588 0.3860605 0.1737778 0.3602093 0.3587721 0.3501427 0.3562643 0.3941289 0.3944504 0.2866984 0.1829334 0.3349085 0.3472104 0.3867898 0.3119697 0.3903948 0.3827062 0.4081082 0.3777900 0.3483151 0.3632687 0.3963667 0.3468650 0.3515775 0.3635158 0.3720355 0.3538685 0.3663514 0.3620149 0.3787242 0.3496366 0.3601659 0.3667211 0.3597538 0.3823424 0.3477840 0.3455321 0.2904032 0.3592082 0.3660467 0.3621380 0.1976290 0.3280743 0.2401868 0.3882883 0.3717809 0.3647028 0.2778837 0.3126217 0.3541570 0.3797310 0.3624406 0.2887827 0.3930696 0.3674672 0.3800200 0.2283461 0.3305933 0.3795411 0.3967837 0.3931875 0.2464498 0.3678741 0.2896297 
Lycapsus_tenuifolius_17                    0.0930150 0.0407403 0.1094739 0.2596755 0.1187573 0.0435573 0.2421925 0.2100789 0.2740285 0.0000000 0.1204654 0.1676597 0.1510277 0.1536550 0.0680605 0.1589391 0.1475205 0.1298338 0.1488204 0.1777442 0.1281277 0.1649080 0.0447997 0.1538101 0.1539347 0.1597189 0.1534200 0.1982299 0.1749204 0.0268401 0.0206716 0.1075282 0.1557479 0.1584445 0.1027631 0.1750013 0.1412573 0.1787330 0.1493291 0.1411840 0.1439765 0.1978067 0.1368152 0.1433660 0.1670846 0.1636831 0.1174212 0.1500510 0.1572604 0.1724917 0.1366847 0.1414432 0.1440984 0.1485855 0.1336060 0.1485020 0.1454720 0.1024918 0.1565488 0.1486248 0.1375493 0.0497730 0.1364800 0.0724949 0.1677608 0.1681855 0.1416655 0.0680694 0.1127400 0.1989290 0.1507877 0.1509804 0.0312440 0.1676459 0.1290338 0.1453686 0.0716060 0.1111343 0.1469963 0.1856804 0.1696199 0.1045741 0.1527339 0.0306111 
Pericome_caudata_50_silver                 0.1950817 0.0928874 0.2024750 0.2842973 0.1519821 0.0731570 0.2884449 0.2378352 0.3227758 0.1204654 0.0000000 0.2596516 0.2219488 0.2148988 0.1243772 0.2464834 0.1816636 0.1891839 0.1517603 0.2156994 0.1590695 0.2194072 0.0523462 0.2337687 0.2231970 0.2368965 0.2302300 0.2787756 0.2663533 0.1283464 0.0610209 0.1245125 0.2593106 0.2488187 0.1600307 0.2310488 0.2200387 0.2582916 0.2263748 0.1974548 0.2072982 0.2154710 0.1876224 0.1541509 0.2276323 0.2475121 0.1295126 0.2310772 0.2345842 0.2331791 0.1848146 0.2105601 0.2079349 0.2048737 0.1997977 0.1995166 0.1542118 0.1145380 0.2172146 0.2237974 0.1698441 0.0596783 0.1479418 0.0817384 0.2654670 0.2284153 0.1850452 0.0683416 0.1753181 0.2197896 0.2277537 0.2302238 0.1347532 0.1863543 0.1847841 0.2354831 0.0874549 0.1602251 0.2113761 0.2393927 0.2654947 0.1186567 0.2234067 0.1840836 
Perityle_aglossa_84_dead_horse             0.2054068 0.1459980 0.2405771 0.2996160 0.2676228 0.1852917 0.3717906 0.2664651 0.3886895 0.1676597 0.2596516 0.0000000 0.1333113 0.1152269 0.0340255 0.1748022 0.0213932 0.2598386 0.1048530 0.0445900 0.1101203 0.1140487 0.0210298 0.1495131 0.1620663 0.1557225 0.1567888 0.1986238 0.1804196 0.1922451 0.0788085 0.2108005 0.3372277 0.0243225 0.1974151 0.1649578 0.0434184 0.1824023 0.1670284 0.1532587 0.1263902 0.1459444 0.1000275 0.0901682 0.1796051 0.0882072 0.0697333 0.1519562 0.1578048 0.1624086 0.0939079 0.1340116 0.1383942 0.1404136 0.0307092 0.1529822 0.1065902 0.0727284 0.1607884 0.1444874 0.1590870 0.0786391 0.1537521 0.0660228 0.0142849 0.1522542 0.1832543 0.1544669 0.2094984 0.1808085 0.0297289 0.1378680 0.1743699 0.1064901 0.1212952 0.0803365 0.0471474 0.2068125 0.1686693 0.1973529 0.0630461 0.0729727 0.1176284 0.2345082 
Perityle_ajoensis_204                      0.1780544 0.1204694 0.1959652 0.2717400 0.2309610 0.1598387 0.3205729 0.2525492 0.3546004 0.1510277 0.2219488 0.1333113 0.0000000 0.0248779 0.0806846 0.0985505 0.0627981 0.2514812 0.0644190 0.0810093 0.0308204 0.0231238 0.0376763 0.0436988 0.0398742 0.0267809 0.0697973 0.1200456 0.1377788 0.1639656 0.0725007 0.1797558 0.2768763 0.1171060 0.1304972 0.1570390 0.1167566 0.1296936 0.0958807 0.0339334 0.0394372 0.1235876 0.0058117 0.0815644 0.1299753 0.1151849 0.0433969 0.0066476 0.0244460 0.1554124 0.0154797 0.0101203 0.0119134 0.0649857 0.0966464 0.1048985 0.1080606 0.0262419 0.0288376 0.0082053 0.1172871 0.0297134 0.1087531 0.0271635 0.1206845 0.0929204 0.1165539 0.1295083 0.1572574 0.2277949 0.1084019 0.0373336 0.1570642 0.0309833 0.0088082 0.1168074 0.0025031 0.1634858 0.1113162 0.1451870 0.1253354 0.0595939 0.0087820 0.1668886 
Perityle_ambrosiifolia_67_green            0.1669519 0.1241291 0.1792875 0.2763321 0.2318607 0.1608471 0.3180459 0.2524676 0.3564090 0.1536550 0.2148988 0.1152269 0.0248779 0.0000000 0.0816181 0.0976688 0.0694901 0.2398501 0.0565064 0.0853819 0.0428801 0.0317611 0.0423372 0.0053955 0.0443727 0.0469087 0.0624009 0.1219358 0.1275118 0.1689548 0.0779659 0.1813571 0.2544113 0.1005062 0.1243573 0.1523660 0.1019191 0.1186171 0.0949849 0.0435068 0.0077483 0.1239258 0.0150927 0.0826499 0.1059200 0.1027085 0.0479268 0.0252730 0.0364063 0.1497524 0.0173838 0.0274426 0.0295189 0.0573253 0.0962219 0.0892929 0.1091850 0.0311424 0.0469588 0.0269464 0.1171330 0.0348585 0.1127129 0.0336740 0.1041754 0.0860925 0.1116297 0.1327684 0.1526175 0.2308546 0.1046109 0.0040383 0.1633009 0.0348660 0.0281529 0.1058237 0.0083577 0.1597582 0.1119610 0.1419907 0.1115115 0.0636535 0.0269318 0.1447048 
Perityle_angustifolia_13_Eagle_creek       0.0931879 0.0837387 0.1034594 0.2528573 0.1328540 0.0849762 0.2732106 0.2386980 0.3010189 0.0680605 0.1243772 0.0340255 0.0806846 0.0816181 0.0000000 0.1176049 0.0023629 0.1294409 0.0595897 0.0085695 0.0812192 0.0793069 0.0000010 0.0809036 0.0819530 0.0847284 0.0943536 0.1365177 0.1018001 0.1045329 0.0564766 0.1457793 0.1553855 0.0358451 0.1422632 0.1270828 0.0431718 0.1344591 0.1170274 0.0898816 0.0829513 0.1097692 0.0687417 0.0539655 0.0961060 0.0414196 0.0507382 0.0819485 0.0833982 0.1187969 0.0621143 0.0803112 0.0838192 0.0917406 0.0235877 0.1037367 0.0866411 0.0571216 0.0950499 0.0817691 0.0821661 0.0369744 0.0861390 0.0572612 0.0329352 0.1085706 0.1356529 0.0696325 0.0723204 0.1003675 0.0351726 0.0807623 0.0967969 0.0760204 0.0820785 0.0349366 0.0323384 0.1041780 0.1002221 0.1403131 0.0463901 0.0413656 0.0814796 0.0969549 
Perityle_batopilensis_97                   0.2236311 0.1311052 0.2407982 0.2874996 0.2411961 0.1735350 0.3276930 0.2541797 0.3666790 0.1589391 0.2464834 0.1748022 0.0985505 0.0976688 0.1176049 0.0000000 0.0721917 0.2837560 0.0815026 0.0886015 0.0638548 0.0868928 0.0451749 0.1215774 0.1081888 0.1139011 0.1307143 0.1775442 0.1381607 0.1790034 0.0838232 0.1990735 0.3234795 0.1704014 0.1641436 0.1686049 0.1664739 0.1668026 0.0055022 0.1072807 0.1084071 0.1365092 0.0696553 0.0921394 0.1515979 0.1765788 0.0551868 0.1092921 0.1212522 0.1546834 0.0801230 0.1077880 0.1057748 0.1136545 0.1304024 0.1280980 0.1206829 0.0505394 0.1115944 0.1108336 0.1355757 0.0365953 0.1205869 0.0519990 0.1732471 0.1132793 0.1358774 0.1439610 0.2098842 0.2773882 0.1446961 0.1253500 0.1718330 0.0561045 0.0958226 0.1622522 0.0251494 0.2169078 0.1249485 0.1775719 0.1641777 0.0682854 0.0972461 0.2197312 
Perityle_bisetosa_9                        0.1593404 0.1455567 0.1763983 0.2513596 0.2231767 0.1764945 0.3029878 0.2223886 0.3344817 0.1475205 0.1816636 0.0213932 0.0627981 0.0694901 0.0023629 0.0721917 0.0000000 0.1961994 0.0699528 0.0321250 0.0606633 0.0739000 0.0201193 0.0654480 0.0821195 0.0715833 0.0712250 0.1100397 0.1003969 0.1639562 0.0642446 0.1738413 0.2843896 0.0138074 0.1177025 0.0782657 0.0219463 0.0870020 0.0687818 0.0808346 0.0678396 0.0897889 0.0611962 0.0562667 0.1102573 0.0557186 0.0431500 0.0659065 0.0844116 0.0867685 0.0591170 0.0640426 0.0694000 0.0704422 0.0169687 0.0662350 0.0593761 0.0477636 0.0885521 0.0623339 0.1258460 0.0715758 0.1298532 0.0427475 0.0234252 0.0773042 0.1280490 0.1466180 0.1651185 0.2023000 0.0110599 0.0642538 0.1658316 0.0781494 0.0672023 0.0164530 0.0326820 0.1445474 0.0737110 0.0999977 0.0187604 0.0797686 0.0654520 0.1363655 
Perityle_californica_76_positas            0.2081663 0.0986433 0.2203955 0.2769898 0.1704621 0.0636236 0.3139564 0.2473545 0.3276586 0.1298338 0.1891839 0.2598386 0.2514812 0.2398501 0.1294409 0.2837560 0.1961994 0.0000000 0.2175887 0.2091534 0.2178208 0.2418188 0.0640010 0.2478179 0.2476911 0.2595680 0.2671657 0.3120907 0.3157267 0.1509593 0.0728837 0.1130540 0.2564327 0.2567932 0.1994291 0.2735620 0.2450079 0.2947251 0.2698339 0.2382347 0.2477907 0.2590747 0.2245704 0.2110235 0.2480364 0.2600686 0.1263053 0.2460080 0.2540411 0.2725899 0.2131411 0.2404558 0.2455144 0.2551171 0.2195908 0.2526197 0.1905143 0.1417706 0.2506604 0.2445222 0.2107198 0.0735980 0.1876949 0.1007062 0.2596377 0.2711832 0.2397985 0.1149113 0.1993547 0.2641634 0.2419204 0.2481991 0.1499573 0.2265753 0.2319507 0.2550104 0.0896163 0.1990893 0.2616375 0.3097054 0.2561058 0.1309864 0.2473610 0.1572023 
Perityle_canescens_77                      0.1673161 0.1296410 0.1775746 0.3028899 0.2508180 0.1739967 0.3130191 0.2486515 0.3596347 0.1488204 0.1517603 0.1048530 0.0644190 0.0565064 0.0595897 0.0815026 0.0699528 0.2175887 0.0000000 0.0857893 0.0548845 0.0786033 0.0518130 0.0610171 0.0701579 0.0676118 0.0715225 0.1246008 0.0644697 0.1708699 0.0819551 0.1909856 0.2757380 0.1031100 0.1389723 0.1016215 0.0995511 0.0780893 0.0839501 0.0622358 0.0621034 0.1149718 0.0525228 0.0852518 0.0704414 0.0994351 0.0558199 0.0638046 0.0669689 0.1030450 0.0513113 0.0630292 0.0650060 0.0732129 0.0828459 0.0704673 0.1273245 0.0544536 0.0667804 0.0673111 0.0967081 0.0341276 0.1015999 0.0554060 0.1034084 0.0726696 0.1276309 0.1496688 0.1625250 0.2011208 0.0924383 0.0614451 0.1759149 0.0725916 0.0650296 0.1003216 0.0289056 0.1877832 0.0582324 0.1047198 0.1140082 0.0629293 0.0616168 0.1445063 
Perityle_castillonii_96                    0.1962405 0.1720743 0.2166423 0.2296748 0.2396921 0.1809524 0.3501130 0.2469454 0.3927262 0.1777442 0.2156994 0.0445900 0.0810093 0.0853819 0.0085695 0.0886015 0.0321250 0.2091534 0.0857893 0.0000000 0.0754870 0.0884084 0.0324362 0.0951094 0.0800997 0.0895434 0.0941017 0.1304129 0.1247422 0.1955794 0.0692704 0.1840205 0.3148124 0.0398218 0.1382207 0.0943513 0.0492873 0.1039598 0.0851168 0.0965381 0.0850400 0.1160037 0.0772827 0.0710161 0.1218640 0.0783282 0.0555163 0.0960583 0.0861332 0.1072247 0.0745121 0.0932888 0.0882896 0.0926183 0.0304970 0.0796438 0.0687638 0.0612857 0.1107094 0.0928652 0.1465939 0.0888179 0.1630824 0.0547260 0.0425640 0.0931649 0.1636037 0.1709630 0.1916858 0.3498570 0.0285829 0.0941495 0.1968337 0.0855736 0.0844894 0.0407221 0.0416113 0.1746048 0.0898705 0.1300234 0.0482179 0.0768696 0.0956700 0.1596486 
Perityle_cernua_84                         0.1362499 0.1239878 0.1465373 0.2805004 0.2187497 0.1613492 0.2908999 0.2658315 0.3354588 0.1281277 0.1590695 0.1101203 0.0308204 0.0428801 0.0812192 0.0638548 0.0606633 0.2178208 0.0548845 0.0754870 0.0000000 0.0441274 0.0424925 0.0417755 0.0295507 0.0354217 0.0500009 0.0980764 0.0970097 0.1496972 0.0772038 0.1688099 0.2546949 0.1060635 0.1341547 0.1176307 0.1071584 0.1211406 0.0640947 0.0283062 0.0419049 0.0891548 0.0268435 0.0611470 0.0778261 0.1065018 0.0498641 0.0322266 0.0361867 0.1064316 0.0306583 0.0297297 0.0310968 0.0458994 0.1004153 0.0929725 0.0974030 0.0276261 0.0383523 0.0312781 0.1000812 0.0333293 0.0972871 0.0306359 0.1092653 0.0760888 0.1079903 0.1095214 0.1169598 0.2210956 0.1067151 0.0417165 0.1441873 0.0478778 0.0337916 0.1030842 0.0169216 0.1542488 0.0873882 0.1325745 0.1186710 0.0631862 0.0354365 0.1355173 
Perityle_cfvillosa_25_tin                  0.1681761 0.1400145 0.1724834 0.2845421 0.2549585 0.1911966 0.3514273 0.2576967 0.3860605 0.1649080 0.2194072 0.1140487 0.0231238 0.0317611 0.0793069 0.0868928 0.0739000 0.2418188 0.0786033 0.0884084 0.0441274 0.0000000 0.0448382 0.0354631 0.0350453 0.0304348 0.0489338 0.1275386 0.1310582 0.1903074 0.0759945 0.2047974 0.2773154 0.1063224 0.1507110 0.1606500 0.1088711 0.1271524 0.0838848 0.0441159 0.0304384 0.1585097 0.0204979 0.1084215 0.1014343 0.1058658 0.0643056 0.0256584 0.0237462 0.1579386 0.0239928 0.0277625 0.0305709 0.0492209 0.1113028 0.0985741 0.1103762 0.0386478 0.0407491 0.0236664 0.1304434 0.0533782 0.1303874 0.0417752 0.1103973 0.0951079 0.1324912 0.1580772 0.1547317 0.2409676 0.1063391 0.0354178 0.1794999 0.0604560 0.0280608 0.1007721 0.0041563 0.1744823 0.1136468 0.1570301 0.1163701 0.0607309 0.0284969 0.1525301 
Perityle_cinerea_113_Powell1310            0.0612783 0.0686712 0.0654388 0.2166480 0.0899898 0.0631851 0.2220159 0.1675876 0.1737778 0.0447997 0.0523462 0.0210298 0.0376763 0.0423372 0.0000010 0.0451749 0.0201193 0.0640010 0.0518130 0.0324362 0.0424925 0.0448382 0.0000000 0.0426824 0.0398919 0.0400253 0.0529736 0.0470942 0.0503377 0.0629025 0.0402820 0.1299052 0.0657929 0.0265853 0.0452110 0.0543802 0.0218961 0.0555885 0.0453303 0.0379613 0.0423228 0.0464251 0.0378556 0.0395438 0.0570364 0.0328632 0.0338963 0.0377698 0.0399429 0.0443560 0.0377236 0.0376574 0.0387674 0.0553960 0.0267600 0.0450408 0.0330050 0.0414607 0.0401820 0.0388459 0.0543131 0.0455102 0.0419794 0.0424500 0.0221964 0.0503215 0.0902495 0.0515323 0.0405029 0.0683640 0.0262227 0.0425804 0.0678292 0.0749988 0.0434340 0.0253269 0.0169976 0.0606784 0.0529500 0.0544919 0.0255223 0.0377680 0.0399972 0.0459265 
Perityle_coahuilensis_24                   0.1780056 0.1247409 0.2132800 0.2798062 0.2314346 0.1606727 0.3152593 0.2498652 0.3602093 0.1538101 0.2337687 0.1495131 0.0436988 0.0053955 0.0809036 0.1215774 0.0654480 0.2478179 0.0610171 0.0951094 0.0417755 0.0354631 0.0426824 0.0000000 0.0843449 0.0866227 0.1073829 0.1513974 0.1266331 0.1697604 0.0775498 0.1854717 0.2844198 0.1258524 0.1298001 0.1559269 0.1107285 0.1253231 0.1077182 0.0591571 0.0145343 0.1418300 0.0131552 0.0824870 0.1347578 0.1384921 0.0486720 0.0595190 0.0811602 0.1585392 0.0214502 0.0680304 0.0688595 0.0962750 0.0922483 0.1160073 0.1077986 0.0299882 0.0912283 0.0544800 0.1200876 0.0341835 0.1121826 0.0331068 0.1415402 0.0969053 0.1098561 0.1279516 0.1832668 0.2297260 0.1049091 0.0306437 0.1603009 0.0321060 0.0351682 0.1203970 0.0084048 0.1658563 0.1185761 0.1487671 0.1270636 0.0647681 0.0318703 0.1778111 
Perityle_cochisensis_44_cave_creek         0.1881602 0.1213492 0.2104238 0.2815447 0.2404333 0.1605481 0.3124847 0.2577663 0.3587721 0.1539347 0.2231970 0.1620663 0.0398742 0.0443727 0.0819530 0.1081888 0.0821195 0.2476911 0.0701579 0.0800997 0.0295507 0.0350453 0.0398919 0.0843449 0.0000000 0.0444955 0.1021695 0.1607992 0.1313587 0.1640663 0.0750145 0.1881974 0.3161677 0.1466209 0.1360542 0.1578188 0.1289359 0.1471378 0.1025712 0.0298514 0.0458372 0.1216984 0.0109632 0.0872076 0.1299499 0.1667821 0.0477972 0.0589698 0.0584904 0.1508990 0.0257150 0.0366332 0.0329459 0.0906593 0.0979463 0.1067403 0.1064362 0.0235541 0.0466268 0.0543286 0.1151153 0.0313313 0.1085427 0.0270708 0.1646435 0.1000621 0.1199590 0.1385165 0.1814662 0.2314974 0.1281397 0.0811641 0.1575800 0.0356158 0.0214545 0.1371294 0.0032931 0.1966349 0.1148659 0.1527074 0.1662660 0.0609596 0.0385070 0.1945134 
Perityle_congesta_202                      0.1870656 0.1211314 0.2157766 0.2814107 0.2375135 0.1582625 0.3205935 0.2556643 0.3501427 0.1597189 0.2368965 0.1557225 0.0267809 0.0469087 0.0847284 0.1139011 0.0715833 0.2595680 0.0676118 0.0895434 0.0354217 0.0304348 0.0400253 0.0866227 0.0444955 0.0000000 0.0942189 0.1460219 0.1422416 0.1690953 0.0742664 0.1845046 0.2966787 0.1454575 0.1386622 0.1619024 0.1214842 0.1477649 0.1012812 0.0339982 0.0562492 0.1217073 0.0069654 0.0855603 0.1162370 0.1588393 0.0470526 0.0258251 0.0311936 0.1522587 0.0207640 0.0144655 0.0137516 0.0825815 0.1015482 0.1201183 0.1128480 0.0314227 0.0300176 0.0273692 0.1186466 0.0322659 0.1092401 0.0311930 0.1567666 0.1022179 0.1191389 0.1333598 0.1905794 0.2313220 0.1183452 0.0902940 0.1633452 0.0298680 0.0110399 0.1305213 0.0082818 0.1880151 0.1230006 0.1498727 0.1518684 0.0635732 0.0288468 0.1933049 
Perityle_cordifolia_27                     0.1962593 0.1263552 0.2329124 0.2905053 0.2482973 0.1733568 0.3221314 0.2579499 0.3562643 0.1534200 0.2302300 0.1567888 0.0697973 0.0624009 0.0943536 0.1307143 0.0712250 0.2671657 0.0715225 0.0941017 0.0500009 0.0489338 0.0529736 0.1073829 0.1021695 0.0942189 0.0000000 0.1590232 0.1499220 0.1687795 0.0797618 0.1913832 0.3181230 0.1528135 0.1299354 0.1654395 0.1348199 0.1516493 0.1226597 0.0816420 0.0830681 0.1349549 0.0336415 0.0879128 0.1437661 0.1587708 0.0501291 0.0803343 0.1008875 0.1652340 0.0460228 0.0826612 0.0802993 0.0046087 0.1096127 0.1336437 0.1135765 0.0144858 0.1016067 0.0767724 0.1325409 0.0392178 0.1214378 0.0031174 0.1758421 0.1126022 0.0889929 0.1406871 0.1965278 0.2420697 0.1215347 0.1086168 0.1641573 0.0536613 0.0568200 0.1485871 0.0234727 0.1911304 0.1377665 0.1580850 0.1432254 0.0684293 0.0586425 0.2084902 
Perityle_cordifolia_68_tecolote            0.2356455 0.1254834 0.2498728 0.3169723 0.2851501 0.1611797 0.3238796 0.2765741 0.3941289 0.1982299 0.2787756 0.1986238 0.1200456 0.1219358 0.1365177 0.1775442 0.1100397 0.3120907 0.1246008 0.1304129 0.0980764 0.1275386 0.0470942 0.1513974 0.1607992 0.1460219 0.1590232 0.0000000 0.2216687 0.2163423 0.0854369 0.2272613 0.3350954 0.1667985 0.2060628 0.1702621 0.1708859 0.2143864 0.1879434 0.1440710 0.1477762 0.1657529 0.0839930 0.1008652 0.2159366 0.1798450 0.1022783 0.1253120 0.1528951 0.1784054 0.1112485 0.1415395 0.1430629 0.1625209 0.1495668 0.1511944 0.0155249 0.0667958 0.1357460 0.1287588 0.1916431 0.0438685 0.1584111 0.0599873 0.1842486 0.1532667 0.2235589 0.1868604 0.2216114 0.2387659 0.1565729 0.1523168 0.2108804 0.1363522 0.1370899 0.1766316 0.0313617 0.2286724 0.1973954 0.1744348 0.1797484 0.0717946 0.1247707 0.2697810 
Perityle_coronopifolia_28_patagonia        0.2212847 0.1436478 0.2377669 0.2911011 0.2517692 0.1845494 0.4097678 0.2562159 0.3944504 0.1749204 0.2663533 0.1804196 0.1377788 0.1275118 0.1018001 0.1381607 0.1003969 0.3157267 0.0644697 0.1247422 0.0970097 0.1310582 0.0503377 0.1266331 0.1313587 0.1422416 0.1499220 0.2216687 0.0000000 0.2107641 0.0880392 0.2251200 0.2758163 0.1725836 0.2104247 0.2022967 0.1614817 0.1670641 0.1279941 0.1377162 0.1301186 0.1903904 0.1121449 0.1009446 0.1187542 0.1738438 0.0789423 0.1307872 0.1371872 0.1860039 0.1057282 0.1312156 0.1316699 0.1319984 0.1351287 0.0696229 0.1379469 0.0776214 0.1476018 0.1317356 0.1278181 0.0383371 0.1256251 0.0681364 0.1754144 0.0700347 0.1610894 0.1766701 0.2308666 0.2176815 0.1639767 0.1264625 0.2037502 0.0930021 0.1180930 0.1735465 0.0338758 0.2351605 0.0758400 0.1835414 0.1842873 0.0623992 0.1352974 0.2190979 
Perityle_crassifolia_70_ventanas           0.1256995 0.0908659 0.1396231 0.2700893 0.1307333 0.0680540 0.2559061 0.2380464 0.2866984 0.0268401 0.1283464 0.1922451 0.1639656 0.1689548 0.1045329 0.1790034 0.1639562 0.1509593 0.1708699 0.1955794 0.1496972 0.1903074 0.0629025 0.1697604 0.1640663 0.1690953 0.1687795 0.2163423 0.2107641 0.0000000 0.0093330 0.1211106 0.1660488 0.1899026 0.1057503 0.1947067 0.1719769 0.1961029 0.1693046 0.1665141 0.1669924 0.2126190 0.1588089 0.1722662 0.1828180 0.1842830 0.1375742 0.1614253 0.1693030 0.2005705 0.1601908 0.1600098 0.1653094 0.1682994 0.1681144 0.1833386 0.1672075 0.1257898 0.1796587 0.1629000 0.1634161 0.0725276 0.1459082 0.0920570 0.1953262 0.1930278 0.1671893 0.0932694 0.1402336 0.2384054 0.1792266 0.1658119 0.0132992 0.1807751 0.1524160 0.1813222 0.0960477 0.1341861 0.1768277 0.2031791 0.1901471 0.1290302 0.1646517 0.0107532 
Perityle_crassifolia_74_playa_balandra     0.0677746 0.0623016 0.0748991 0.2416498 0.0983614 0.0615137 0.2016878 0.2096982 0.1829334 0.0206716 0.0610209 0.0788085 0.0725007 0.0779659 0.0564766 0.0838232 0.0642446 0.0728837 0.0819551 0.0692704 0.0772038 0.0759945 0.0402820 0.0775498 0.0750145 0.0742664 0.0797618 0.0854369 0.0880392 0.0093330 0.0000000 0.1296980 0.0968828 0.0788490 0.0750182 0.0848779 0.0749530 0.0799296 0.0839894 0.0736926 0.0788568 0.0848699 0.0710743 0.0708191 0.0809791 0.0766787 0.0592742 0.0736330 0.0750905 0.0751881 0.0725125 0.0702544 0.0740244 0.0817492 0.0838072 0.0866387 0.0673497 0.0583995 0.0745169 0.0753972 0.0844076 0.0619886 0.0781732 0.0592317 0.0798629 0.0841914 0.1004495 0.0637197 0.0607480 0.1681206 0.0739708 0.0774029 0.0127316 0.1042714 0.0769835 0.0785915 0.0558540 0.0757507 0.0902532 0.0824490 0.0777185 0.0635455 0.0751716 0.0107395 
Perityle_cuneata_34_cuneata_San_antonio    0.1335213 0.1446772 0.1399414 0.3017173 0.1345425 0.0755867 0.3184523 0.2590100 0.3349085 0.1075282 0.1245125 0.2108005 0.1797558 0.1813571 0.1457793 0.1990735 0.1738413 0.1130540 0.1909856 0.1840205 0.1688099 0.2047974 0.1299052 0.1854717 0.1881974 0.1845046 0.1913832 0.2272613 0.2251200 0.1211106 0.1296980 0.0000000 0.2014580 0.2043199 0.1203378 0.2005079 0.2097976 0.1984839 0.1907567 0.1753803 0.1821941 0.2177510 0.1799867 0.1724910 0.1926384 0.1995882 0.1379376 0.1867264 0.1840704 0.2070869 0.1777881 0.1805235 0.1804590 0.1895529 0.2040919 0.1958387 0.2026312 0.1684453 0.1984789 0.1818426 0.1939616 0.1251173 0.1829319 0.1238460 0.2091283 0.2019024 0.1886153 0.0872069 0.1119159 0.3060532 0.2097805 0.1830647 0.1263479 0.1561044 0.1766457 0.2126163 0.1545017 0.1197635 0.1881287 0.2280778 0.2151904 0.1636818 0.1871118 0.0858291 
Perityle_cuneata_4                         0.2466915 0.1254943 0.2508931 0.3439576 0.2305841 0.0983669 0.3726181 0.2718750 0.3472104 0.1557479 0.2593106 0.3372277 0.2768763 0.2544113 0.1553855 0.3234795 0.2843896 0.2564327 0.2757380 0.3148124 0.2546949 0.2773154 0.0657929 0.2844198 0.3161677 0.2966787 0.3181230 0.3350954 0.2758163 0.1660488 0.0968828 0.2014580 0.0000000 0.3076764 0.2342880 0.3146461 0.2901079 0.2987313 0.3028377 0.2997547 0.2728286 0.3321548 0.2515040 0.2461686 0.3403868 0.3122192 0.2240090 0.2769090 0.2843818 0.3111561 0.2508994 0.2711611 0.2670110 0.3154810 0.2628759 0.2970877 0.2270329 0.1737029 0.3011557 0.2734293 0.2718906 0.0944407 0.2550848 0.1450551 0.3224683 0.3171336 0.2852133 0.1784643 0.2309976 0.2737501 0.3137831 0.2859782 0.1710725 0.2876047 0.2498489 0.3044444 0.1160422 0.2270662 0.2957697 0.3276711 0.3240230 0.1839795 0.2785311 0.2095513 
Perityle_dissecta_201                      0.1917006 0.1445278 0.2309490 0.2942555 0.2641813 0.1849813 0.3667818 0.2640042 0.3867898 0.1584445 0.2488187 0.0243225 0.1171060 0.1005062 0.0358451 0.1704014 0.0138074 0.2567932 0.1031100 0.0398218 0.1060635 0.1063224 0.0265853 0.1258524 0.1466209 0.1454575 0.1528135 0.1667985 0.1725836 0.1899026 0.0788490 0.2043199 0.3076764 0.0000000 0.1997216 0.1615029 0.0362599 0.1700649 0.1640331 0.1435575 0.1193644 0.1409530 0.0960433 0.0888798 0.1549008 0.0746533 0.0666762 0.1260330 0.1351647 0.1576193 0.0883866 0.1317153 0.1348910 0.1349348 0.0237345 0.1477621 0.0999808 0.0719560 0.1562361 0.1195210 0.1502825 0.0741502 0.1505397 0.0635235 0.0204281 0.1475593 0.1835114 0.1524014 0.2014107 0.1792368 0.0224193 0.1293755 0.1740966 0.1015350 0.1158486 0.0710787 0.0453100 0.1968951 0.1633501 0.1939946 0.0659548 0.0705504 0.1065515 0.2333448 
Perityle_emoryi_47_punta_san_jose          0.1081743 0.0735336 0.1195276 0.2732800 0.1501499 0.0570838 0.3141390 0.2221857 0.3119697 0.1027631 0.1600307 0.1974151 0.1304972 0.1243573 0.1422632 0.1641436 0.1177025 0.1994291 0.1389723 0.1382207 0.1341547 0.1507110 0.0452110 0.1298001 0.1360542 0.1386622 0.1299354 0.2060628 0.2104247 0.1057503 0.0750182 0.1203378 0.2342880 0.1997216 0.0000000 0.1792950 0.2054316 0.1827820 0.1586837 0.1337803 0.1232789 0.1858619 0.1190688 0.1270825 0.1637812 0.2010727 0.1217647 0.1375696 0.1332520 0.1843312 0.1061491 0.1340948 0.1419481 0.1290299 0.1957659 0.1958728 0.1724397 0.0942632 0.1497458 0.1395633 0.1078146 0.0695676 0.1217443 0.0490753 0.1988048 0.1696678 0.1257927 0.0813354 0.1598159 0.2090742 0.2021069 0.1302728 0.1089132 0.1037798 0.1364180 0.1995220 0.0938173 0.1545000 0.1782979 0.2172112 0.1971391 0.1124376 0.1419868 0.1512550 
Perityle_feddemae_99                       0.2166324 0.1366925 0.2296508 0.2987940 0.2527695 0.1642415 0.3551981 0.2488615 0.3903948 0.1750013 0.2310488 0.1649578 0.1570390 0.1523660 0.1270828 0.1686049 0.0782657 0.2735620 0.1016215 0.0943513 0.1176307 0.1606500 0.0543802 0.1559269 0.1578188 0.1619024 0.1654395 0.1702621 0.2022967 0.1947067 0.0848779 0.2005079 0.3146461 0.1615029 0.1792950 0.0000000 0.1624635 0.2174764 0.1759523 0.1537617 0.1587990 0.0795924 0.1223270 0.0120431 0.1759089 0.1649362 0.0652630 0.1578734 0.1650370 0.0745038 0.1358556 0.1574394 0.1615294 0.1586070 0.1513186 0.1398183 0.1341281 0.0688990 0.1622170 0.1592437 0.1866527 0.0388352 0.1658677 0.0655415 0.1631175 0.1437474 0.2260837 0.1502736 0.2009466 0.2080899 0.1605281 0.1555433 0.1918165 0.1341694 0.1597004 0.1611661 0.0282762 0.2249435 0.1690057 0.1479332 0.1715538 0.0697380 0.1579565 0.2716003 
Perityle_fosteri_93                        0.1786720 0.1431740 0.2005729 0.2904184 0.2611692 0.1818868 0.3606770 0.2664578 0.3827062 0.1412573 0.2200387 0.0434184 0.1167566 0.1019191 0.0431718 0.1664739 0.0219463 0.2450079 0.0995511 0.0492873 0.1071584 0.1088711 0.0218961 0.1107285 0.1289359 0.1214842 0.1348199 0.1708859 0.1614817 0.1719769 0.0749530 0.2097976 0.2901079 0.0362599 0.2054316 0.1624635 0.0000000 0.1625827 0.1625051 0.1346759 0.1175955 0.1439334 0.0991687 0.0858653 0.1350096 0.0691652 0.0660501 0.1174931 0.1184842 0.1568413 0.0901594 0.1143917 0.1167316 0.1340865 0.0306431 0.1415325 0.1020681 0.0725421 0.1306088 0.1149418 0.1447931 0.0745445 0.1537494 0.0658111 0.0426453 0.1487137 0.1895699 0.1547828 0.1731543 0.1699813 0.0292001 0.1132963 0.1652753 0.1031174 0.1181063 0.0779269 0.0385104 0.1932480 0.1544333 0.1960201 0.0860676 0.0702515 0.1111057 0.1996468 
Perityle_gamon_221                         0.2095024 0.1443083 0.2251732 0.2794411 0.2443042 0.1831874 0.3747937 0.2837129 0.4081082 0.1787330 0.2582916 0.1824023 0.1296936 0.1186171 0.1344591 0.1668026 0.0870020 0.2947251 0.0780893 0.1039598 0.1211406 0.1271524 0.0555885 0.1253231 0.1471378 0.1477649 0.1516493 0.2143864 0.1670641 0.1961029 0.0799296 0.1984839 0.2987313 0.1700649 0.1827820 0.2174764 0.1625827 0.0000000 0.1620389 0.1477880 0.1281630 0.1771161 0.1099312 0.1085666 0.0869346 0.1653504 0.0784026 0.1256136 0.1329284 0.2172417 0.1048390 0.1314555 0.1342712 0.1454389 0.1492577 0.1447401 0.1482746 0.0752795 0.1550766 0.1272517 0.1251112 0.0449314 0.1282724 0.0662630 0.1698120 0.1434460 0.1963170 0.1438934 0.2013049 0.2147728 0.1654059 0.1223534 0.1996619 0.0889629 0.1210186 0.1765901 0.0374943 0.2143308 0.1419286 0.1909499 0.1815479 0.0706326 0.1251530 0.2260538 
Perityle_gentryi_8_san_francisco           0.2031093 0.1308430 0.2175792 0.2708748 0.2277673 0.1739853 0.3361324 0.2528252 0.3777900 0.1493291 0.2263748 0.1670284 0.0958807 0.0949849 0.1170274 0.0055022 0.0687818 0.2698339 0.0839501 0.0851168 0.0640947 0.0838848 0.0453303 0.1077182 0.1025712 0.1012812 0.1226597 0.1879434 0.1279941 0.1693046 0.0839894 0.1907567 0.3028377 0.1640331 0.1586837 0.1759523 0.1625051 0.1620389 0.0000000 0.1035773 0.1050405 0.1494649 0.0694486 0.0963631 0.1346791 0.1632959 0.0563735 0.0958888 0.1044547 0.1631438 0.0768108 0.0934136 0.0938005 0.1053084 0.1303066 0.1275232 0.1257226 0.0527329 0.0983427 0.0982719 0.1281073 0.0376552 0.1202487 0.0547110 0.1655368 0.1064720 0.1337912 0.1378503 0.1926878 0.2806163 0.1402055 0.1069939 0.1623938 0.0554442 0.0937582 0.1562309 0.0261498 0.2084714 0.1199418 0.1788223 0.1569430 0.0694029 0.0927621 0.2073383 
Perityle_gilensis_22_Superstition          0.1863531 0.1236600 0.2038718 0.2831632 0.2358655 0.1585203 0.3115710 0.2468900 0.3483151 0.1411840 0.1974548 0.1532587 0.0339334 0.0435068 0.0898816 0.1072807 0.0808346 0.2382347 0.0622358 0.0965381 0.0283062 0.0441159 0.0379613 0.0591571 0.0298514 0.0339982 0.0816420 0.1440710 0.1377162 0.1665141 0.0736926 0.1753803 0.2997547 0.1435575 0.1337803 0.1537617 0.1346759 0.1477880 0.1035773 0.0000000 0.0552683 0.1174771 0.0235177 0.0805433 0.1106818 0.1487428 0.0440742 0.0344678 0.0383375 0.1507126 0.0352088 0.0319289 0.0301081 0.0682313 0.1085352 0.1003544 0.1069162 0.0218643 0.0332376 0.0366000 0.1135714 0.0298121 0.1020344 0.0257214 0.1509396 0.0991548 0.1220840 0.1276483 0.1764426 0.2240513 0.1350653 0.0557320 0.1616103 0.0429539 0.0255062 0.1457963 0.0025147 0.1893662 0.1143698 0.1482588 0.1625771 0.0598336 0.0373914 0.1787546 
Perityle_gilensis_salensis_225             0.1645291 0.1270678 0.1876635 0.2720371 0.2328878 0.1661181 0.3187512 0.2557166 0.3632687 0.1439765 0.2072982 0.1263902 0.0394372 0.0077483 0.0829513 0.1084071 0.0678396 0.2477907 0.0621034 0.0850400 0.0419049 0.0304384 0.0423228 0.0145343 0.0458372 0.0562492 0.0830681 0.1477762 0.1301186 0.1669924 0.0788568 0.1821941 0.2728286 0.1193644 0.1232789 0.1587990 0.1175955 0.1281630 0.1050405 0.0552683 0.0000000 0.1309152 0.0138895 0.0825908 0.0943628 0.1276988 0.0495799 0.0483999 0.0528069 0.1582104 0.0234960 0.0463385 0.0523637 0.0843349 0.0964626 0.1084193 0.1118154 0.0304369 0.0715747 0.0493181 0.1172530 0.0374316 0.1115764 0.0320250 0.1243110 0.0927324 0.1122148 0.1336401 0.1721595 0.2330782 0.1127307 0.0063457 0.1615089 0.0344752 0.0365553 0.1197055 0.0149542 0.1780376 0.1226593 0.1506435 0.1251065 0.0659517 0.0318994 0.1589750 
Perityle_glaucescens_94                    0.2130222 0.1366063 0.2279589 0.3152812 0.2631644 0.1624742 0.3306098 0.2539630 0.3963667 0.1978067 0.2154710 0.1459444 0.1235876 0.1239258 0.1097692 0.1365092 0.0897889 0.2590747 0.1149718 0.1160037 0.0891548 0.1585097 0.0464251 0.1418300 0.1216984 0.1217073 0.1349549 0.1657529 0.1903904 0.2126190 0.0848699 0.2177510 0.3321548 0.1409530 0.1858619 0.0795924 0.1439334 0.1771161 0.1494649 0.1174771 0.1309152 0.0000000 0.0908917 0.0368395 0.1797816 0.1355559 0.1001597 0.1351943 0.1271120 0.0651576 0.1135948 0.1332466 0.1375560 0.1416663 0.1323845 0.1356250 0.1417966 0.0739411 0.1242902 0.1368484 0.1600777 0.0475360 0.1544812 0.0632431 0.1450892 0.1241195 0.2339775 0.1684528 0.2046319 0.2347900 0.1369728 0.1416107 0.2161116 0.1330976 0.1379278 0.1423914 0.0365209 0.2073544 0.1579529 0.1389437 0.1412508 0.0676139 0.1362395 0.2338534 
Perityle_gracilis_11                       0.1408995 0.1196009 0.1503019 0.2794193 0.2340366 0.1555801 0.3141803 0.2475901 0.3468650 0.1368152 0.1876224 0.1000275 0.0058117 0.0150927 0.0687417 0.0696553 0.0611962 0.2245704 0.0525228 0.0772827 0.0268435 0.0204979 0.0378556 0.0131552 0.0109632 0.0069654 0.0336415 0.0839930 0.1121449 0.1588089 0.0710743 0.1799867 0.2515040 0.0960433 0.1190688 0.1223270 0.0991687 0.1099312 0.0694486 0.0235177 0.0138895 0.0908917 0.0000000 0.0799720 0.0780008 0.0928081 0.0420213 0.0034895 0.0077233 0.1112182 0.0051653 0.0050771 0.0077578 0.0341720 0.0954398 0.0882718 0.1031735 0.0232148 0.0099999 0.0062019 0.1137727 0.0272981 0.1039721 0.0265593 0.0987164 0.0772535 0.1082120 0.1325291 0.1344506 0.2228276 0.0972118 0.0135399 0.1526160 0.0309979 0.0070571 0.0888644 0.0016783 0.1580032 0.0927438 0.1247760 0.1066226 0.0592577 0.0073433 0.1310832 
Perityle_harkerae_31                       0.1533543 0.1205401 0.1638402 0.2774301 0.2351573 0.1562629 0.3020757 0.2349879 0.3515775 0.1433660 0.1541509 0.0901682 0.0815644 0.0826499 0.0539655 0.0921394 0.0562667 0.2110235 0.0852518 0.0710161 0.0611470 0.1084215 0.0395438 0.0824870 0.0872076 0.0855603 0.0879128 0.1008652 0.1009446 0.1722662 0.0708191 0.1724910 0.2461686 0.0888798 0.1270825 0.0120431 0.0858653 0.1085666 0.0963631 0.0805433 0.0825908 0.0368395 0.0799720 0.0000000 0.0946645 0.0837474 0.0518391 0.0799529 0.0843166 0.0172616 0.0773637 0.0821257 0.0846103 0.0897414 0.0851502 0.0968670 0.1144848 0.0549283 0.0802700 0.0821912 0.1258081 0.0260292 0.1218386 0.0491348 0.0892338 0.0854964 0.1604863 0.1313599 0.1481850 0.1931251 0.0897097 0.0824395 0.1783787 0.0942845 0.0846327 0.0863826 0.0163511 0.1790970 0.0895078 0.0793521 0.0998361 0.0550258 0.0843646 0.1764177 
Perityle_hofmeisteria_4_nombre_de_dios     0.1877593 0.1409920 0.2043077 0.2746461 0.2385708 0.1847471 0.3399775 0.2575883 0.3635158 0.1670846 0.2276323 0.1796051 0.1299753 0.1059200 0.0961060 0.1515979 0.1102573 0.2480364 0.0704414 0.1218640 0.0778261 0.1014343 0.0570364 0.1347578 0.1299499 0.1162370 0.1437661 0.2159366 0.1187542 0.1828180 0.0809791 0.1926384 0.3403868 0.1549008 0.1637812 0.1759089 0.1350096 0.0869346 0.1346791 0.1106818 0.0943628 0.1797816 0.0780008 0.0946645 0.0000000 0.1782687 0.0679665 0.1360659 0.1403569 0.1762286 0.0789520 0.1068447 0.0989987 0.1306060 0.1152083 0.1008967 0.1190865 0.0652526 0.1157756 0.1332051 0.1277459 0.0406963 0.1185822 0.0550160 0.1858208 0.1149529 0.1480288 0.1431932 0.1865827 0.2222097 0.1527327 0.1246966 0.1765240 0.0852159 0.0818101 0.1384241 0.0357228 0.1887919 0.0966726 0.1627327 0.1817719 0.0662150 0.1185326 0.1781562 
