83
Amauria_brandeegeana_62                    0.0000000 0.0986839 0.1678241 0.0798008 0.1245864 0.1764939 0.2391296 0.1557021 0.2498342 0.1403531 0.1815042 0.1480932 0.0941192 0.1117574 0.1805669 0.1431434 0.1631605 0.1403061 0.1893100 0.2791957 0.1872779 0.3321909 0.1838735 0.2424707 0.2510081 0.1648452 0.2306429 0.1457672 0.1071638 0.1651025 0.2130317 0.1505409 0.2931210 0.1342502 0.1499369 0.1116889 0.2765054 0.1726295 0.0966924 0.1926426 0.3411492 0.2289810 0.1067089 0.4121726 0.1334895 0.2930086 0.1114206 0.2305096 0.0978493 0.1913486 0.1772565 0.2256403 0.2655488 0.1157185 0.1213166 0.5696436 0.1482635 0.2443425 0.2316323 0.1493957 0.3784479 0.2064434 0.1406493 0.3211049 0.2459433 0.3010399 0.1919609 0.2496718 0.1412062 0.1490934 0.2596681 0.1522752 0.3584331 0.2635992 0.2478657 0.1408105 0.2278071 0.3219818 0.1967783 0.1771195 0.1495585 0.3380281 0.3026373 
Amauria_carterae_99_mesa                   0.0986839 0.0000000 0.1149458 0.1158329 0.1327608 0.0859832 0.1799190 0.1145359 0.1461325 0.1171841 0.1221133 0.1078517 0.0895358 0.0940135 0.1251105 0.1296462 0.1404919 0.1180648 0.1216004 0.1255400 0.1118532 0.1246331 0.1057481 0.1430676 0.1475612 0.1508676 0.1367125 0.1465731 0.1111969 0.1208465 0.1197400 0.1262790 0.1172270 0.1138919 0.1496863 0.1154610 0.1324069 0.1429278 0.0967288 0.1144792 0.1278343 0.1253359 0.1323852 0.3189220 0.1003531 0.1304753 0.0917119 0.1320099 0.1341296 0.1119857 0.0879062 0.1074914 0.1220515 0.0880061 0.1166667 0.2139391 0.1308804 0.1372669 0.1063544 0.1556044 0.1415335 0.1119910 0.1294294 0.1284069 0.1222306 0.1223726 0.1375695 0.1433027 0.1500258 0.1142513 0.1174636 0.1461451 0.1255400 0.1296973 0.1133389 0.1319610 0.1430174 0.1440939 0.1246366 0.1240158 0.1296106 0.1301979 0.1224062 
Eutetras_palmeri_63                        0.1678241 0.1149458 0.0000000 0.1486066 0.1797027 0.1423060 0.1629124 0.0939993 0.0966599 0.0285563 0.0471525 0.1612033 0.1678519 0.1818395 0.1238608 0.1710564 0.0841262 0.0387438 0.0479420 0.0337225 0.1166079 0.0462309 0.0277471 0.0463048 0.1455378 0.0610765 0.2048700 0.1879666 0.1536324 0.2104636 0.1855786 0.1013831 0.0327858 0.0417599 0.0798080 0.0175433 0.0492869 0.0522063 0.1677507 0.0441361 0.0574019 0.0410881 0.1932669 0.1643560 0.1992730 0.0388159 0.1677395 0.0491678 0.1965781 0.0424092 0.1474074 0.0360468 0.0516925 0.1529653 0.0820833 0.2147648 0.0291838 0.0476918 0.0359024 0.2170719 0.1139639 0.0758804 0.0228196 0.0341055 0.2033145 0.0355090 0.0720826 0.0730324 0.0318432 0.0345648 0.0428589 0.1876185 0.0422862 0.0391665 0.0449454 0.0069240 0.0729633 0.0954705 0.0426035 0.0412255 0.0259055 0.0465007 0.0540295 
Eutetras_pringlei_149_quer                 0.0798008 0.1158329 0.1486066 0.0000000 0.1076348 0.1036501 0.2150848 0.1465770 0.1757802 0.1368418 0.1647828 0.0946082 0.0940942 0.0942611 0.1682957 0.0837387 0.1720632 0.1429321 0.1500198 0.1685694 0.1299218 0.1560291 0.1532023 0.2007599 0.1825770 0.1739067 0.1059367 0.1302119 0.0935780 0.0729758 0.0862365 0.1664207 0.1548179 0.1429481 0.1637359 0.1373740 0.1776098 0.1689386 0.0973821 0.1430610 0.1648377 0.1723202 0.1019401 0.2516687 0.1118511 0.1592155 0.0898073 0.1882442 0.0956923 0.1405767 0.0893837 0.1366928 0.1615726 0.0932555 0.1490315 0.2770201 0.1799219 0.1721694 0.1602115 0.0964865 0.1799437 0.1317431 0.1678440 0.1729561 0.1015607 0.1563773 0.1787892 0.1885025 0.1935127 0.1436192 0.1533482 0.1290647 0.1685694 0.1757803 0.1526331 0.1809945 0.1863490 0.1881926 0.1518051 0.1548733 0.1729075 0.1726376 0.1501640 
Eutrochium_fistulosum_SRR9119106           0.1245864 0.1327608 0.1797027 0.1076348 0.0000000 0.1605343 0.2432109 0.1818012 0.2275181 0.1598174 0.1881494 0.1852061 0.1371673 0.1594791 0.1822709 0.1082600 0.1864636 0.1594823 0.1968066 0.2184582 0.1916983 0.2003556 0.1910538 0.2320360 0.2179279 0.1775949 0.1722248 0.1653137 0.1188842 0.1357476 0.1385768 0.1917867 0.1888400 0.1513581 0.1863011 0.1358815 0.2224400 0.1820640 0.1564444 0.1960200 0.2158781 0.1992141 0.1284375 0.3188638 0.1734448 0.2660757 0.1481984 0.2071209 0.1327231 0.1900205 0.1504613 0.1839659 0.2115532 0.1401379 0.1659841 0.4318975 0.2036334 0.2246148 0.1897585 0.1729449 0.4381016 0.2091758 0.2096402 0.1891211 0.1668235 0.2186200 0.1992899 0.2158640 0.1897024 0.1620239 0.1980079 0.1692379 0.1965630 0.2033082 0.1943617 0.1961123 0.2160000 0.2798048 0.2004070 0.1877349 0.1910598 0.2249389 0.1867882 
Galeana_pratensis_104_mex                  0.1764939 0.0859832 0.1423060 0.1036501 0.1605343 0.0000000 0.1745485 0.1160410 0.1738209 0.1294179 0.1849782 0.1409806 0.0866614 0.1713707 0.2046502 0.0827373 0.1529122 0.1276991 0.1600357 0.1618170 0.1234735 0.1870411 0.1783666 0.2185395 0.2071293 0.1615162 0.1700740 0.1932818 0.0803879 0.1129409 0.1447915 0.1486165 0.1923060 0.1069602 0.1556592 0.1197379 0.1869234 0.1470049 0.1454197 0.1696042 0.1600511 0.1628724 0.1710608 0.2483789 0.1623602 0.1704584 0.1413408 0.1734812 0.1557804 0.1583177 0.1411828 0.1668558 0.1784779 0.0768035 0.1322548 0.2436920 0.1291495 0.2062722 0.1608213 0.1652103 0.1493904 0.1691392 0.1532032 0.1727563 0.1569035 0.1698172 0.1571247 0.1866448 0.1249080 0.1593745 0.1871314 0.1880016 0.1628724 0.1727832 0.1749439 0.1275730 0.1685440 0.1729281 0.1678961 0.1573985 0.1616343 0.1679932 0.1682489 
Helianthus_annuus_SRR9119062               0.2391296 0.1799190 0.1629124 0.2150848 0.2432109 0.1745485 0.0000000 0.1916674 0.1798595 0.1432112 0.1703370 0.2601723 0.2524847 0.2545790 0.2137548 0.2476921 0.1716138 0.1555942 0.1636391 0.1459679 0.1842162 0.1715014 0.1515076 0.1678202 0.2416070 0.1878107 0.2860880 0.2730791 0.1744407 0.2728673 0.2707843 0.1936100 0.1581470 0.1589376 0.1753141 0.1373461 0.1852216 0.1681688 0.2433763 0.1685668 0.1698006 0.1613034 0.2485521 0.2579237 0.2667186 0.1547211 0.2365957 0.1667645 0.2590721 0.1541851 0.2317335 0.1604233 0.1767310 0.2390931 0.1553001 0.3473356 0.1559277 0.1696263 0.1518544 0.2882901 0.2211652 0.1666507 0.1567050 0.1560080 0.2740859 0.1676408 0.1856101 0.1866968 0.1422174 0.1398570 0.1656008 0.2775147 0.1648477 0.1482478 0.1655358 0.1420208 0.1891841 0.2237928 0.1691604 0.1682930 0.1335381 0.1688208 0.1805188 
Lycapsus_tenuifolius_17                    0.1557021 0.1145359 0.0939993 0.1465770 0.1818012 0.1160410 0.1916674 0.0000000 0.1726689 0.0881618 0.1017235 0.2218842 0.1773086 0.2338365 0.1788968 0.1636098 0.1567697 0.1095883 0.1423250 0.0902214 0.1503666 0.1677154 0.0876704 0.1726980 0.1419314 0.1868236 0.2678787 0.1863857 0.1292393 0.1917971 0.2293498 0.0623748 0.1688485 0.1044933 0.1724976 0.0790463 0.1152025 0.1098189 0.2479631 0.1434164 0.1106561 0.1406481 0.2262279 0.2348501 0.2109917 0.0989638 0.1723641 0.1722481 0.1905592 0.0992856 0.1637581 0.0901734 0.1125085 0.1918782 0.0978671 0.2866200 0.0972297 0.1223544 0.0954443 0.2247372 0.1659015 0.1094561 0.0990774 0.1617586 0.2524839 0.1052638 0.1517669 0.1574712 0.0890401 0.0870598 0.1659766 0.1859916 0.1576478 0.0997408 0.1562145 0.0874342 0.1556830 0.1961342 0.1265705 0.1437289 0.0868738 0.1468523 0.1677601 
Pericome_caudata_50_silver                 0.2498342 0.1461325 0.0966599 0.1757802 0.2275181 0.1738209 0.1798595 0.1726689 0.0000000 0.0965267 0.1142328 0.3014615 0.2045715 0.2415063 0.2794035 0.1928724 0.1127532 0.1132107 0.1386095 0.1452458 0.1496789 0.1580844 0.1078116 0.2061534 0.2071003 0.1402002 0.2871220 0.2509962 0.1756315 0.2656975 0.2731217 0.1202995 0.2643123 0.1210568 0.1470865 0.0893563 0.1471352 0.1208265 0.2342032 0.1512751 0.1444314 0.1417019 0.2586760 0.2742577 0.2587164 0.2138197 0.2352085 0.1470106 0.2256288 0.1430664 0.2371414 0.1337613 0.1613947 0.2504140 0.1037157 0.4305308 0.1221739 0.1698949 0.1327554 0.2637452 0.4226326 0.1304005 0.1191000 0.2044046 0.2789481 0.1380380 0.1294207 0.1104709 0.1371857 0.1080362 0.1562378 0.2587527 0.1792142 0.1370356 0.1521273 0.1193367 0.1073997 0.2675956 0.1469071 0.1397605 0.0868586 0.1557199 0.1635588 
Perityle_aglossa_84_dead_horse             0.1403531 0.1171841 0.0285563 0.1368418 0.1598174 0.1294179 0.1432112 0.0881618 0.0965267 0.0000000 0.0246492 0.1510952 0.1503571 0.1618597 0.0657730 0.1488660 0.0763915 0.0014480 0.0057231 0.0365212 0.1077490 0.0085036 0.0172746 0.0381370 0.0722614 0.0367681 0.1705359 0.1774820 0.1372730 0.1798308 0.1534791 0.0903551 0.0072166 0.0321160 0.0747116 0.0051868 0.0441628 0.0335238 0.1535900 0.0000010 0.0505091 0.0355075 0.1514181 0.1387315 0.1747120 0.0308694 0.1562945 0.0414164 0.1548568 0.0043760 0.1381277 0.0089662 0.0445843 0.1404302 0.0843690 0.2043818 0.0257675 0.0373452 0.0270364 0.1814971 0.1267169 0.0730228 0.0141643 0.0000010 0.1687933 0.0221385 0.0538062 0.0565580 0.0221782 0.0115979 0.0042887 0.1770338 0.0369195 0.0416516 0.0042547 0.0172509 0.0565678 0.0943521 0.0173318 0.0000010 0.0325215 0.0417959 0.0325800 
Perityle_ajoensis_204                      0.1815042 0.1221133 0.0471525 0.1647828 0.1881494 0.1849782 0.1703370 0.1017235 0.1142328 0.0246492 0.0000000 0.1686068 0.1601848 0.1729329 0.1253236 0.1733030 0.0801684 0.0277565 0.0349323 0.0415509 0.0988643 0.0357485 0.0334393 0.0500020 0.1285401 0.0550921 0.2206401 0.2120605 0.1617089 0.2252166 0.2046090 0.1047592 0.0119779 0.0388537 0.0762507 0.0135589 0.0743317 0.0520560 0.1703226 0.0336151 0.0786308 0.0441551 0.2079403 0.1571721 0.1890419 0.0467852 0.1693201 0.0493383 0.2101964 0.0328760 0.1540028 0.0208698 0.0515807 0.1486168 0.1047929 0.2254147 0.0316683 0.0565876 0.0364470 0.2267593 0.1498128 0.0997250 0.0251526 0.0205990 0.2196656 0.0323426 0.0850549 0.0854558 0.0374587 0.0243895 0.0324255 0.2119371 0.0452129 0.0492973 0.0344995 0.0169182 0.0869376 0.1167320 0.0273876 0.0296747 0.0385255 0.0492236 0.0468250 
Perityle_ambrosiifolia_67_green            0.1480932 0.1078517 0.1612033 0.0946082 0.1852061 0.1409806 0.2601723 0.2218842 0.3014615 0.1510952 0.1686068 0.0000000 0.0659362 0.1139387 0.2340333 0.1628821 0.2529158 0.1481722 0.2250243 0.2860984 0.1928870 0.3017139 0.1640281 0.2468514 0.2581877 0.2276502 0.3143663 0.2132100 0.1142302 0.1934718 0.2867986 0.2542745 0.3143383 0.1400298 0.2371337 0.1181872 0.2681080 0.1831828 0.0778548 0.2360199 0.3095449 0.2384096 0.2183871 0.3733757 0.1329383 0.3141883 0.0607304 0.2815860 0.2125850 0.2067423 0.0585063 0.2255275 0.2561312 0.0749205 0.1572506 0.5066570 0.2032899 0.1958695 0.2349576 0.2429900 0.5050435 0.2002479 0.1940502 0.2944444 0.3032994 0.2813914 0.2657427 0.3179678 0.1667941 0.1302424 0.2924939 0.2125414 0.2970046 0.2471987 0.2853571 0.1784503 0.2801749 0.3501139 0.1870067 0.2056935 0.1607920 0.3138855 0.2977567 
Perityle_angustifolia_13_Eagle_creek       0.0941192 0.0895358 0.1678519 0.0940942 0.1371673 0.0866614 0.2524847 0.1773086 0.2045715 0.1503571 0.1601848 0.0659362 0.0000000 0.0569153 0.1777142 0.1332661 0.1930235 0.1381480 0.1820047 0.1790307 0.1110958 0.1822411 0.1462961 0.2218142 0.1983098 0.2170866 0.1528587 0.1655252 0.0941027 0.1436812 0.1119868 0.1782581 0.1811015 0.1399980 0.1770478 0.1079970 0.2056883 0.1808599 0.0615591 0.1734278 0.1945648 0.1920438 0.1204468 0.3345886 0.0433320 0.1604634 0.0520536 0.2023272 0.1143036 0.1526725 0.0514078 0.1361491 0.1668252 0.0272299 0.1345193 0.4710576 0.1428411 0.1978753 0.1641117 0.1565581 0.2070717 0.1777648 0.1348407 0.1863325 0.1430604 0.1757268 0.1830880 0.2011420 0.1544261 0.1288365 0.1730025 0.1618958 0.1888555 0.1760161 0.1686895 0.1239175 0.2032975 0.2816413 0.1766811 0.1739212 0.1607755 0.2069719 0.1805592 
Perityle_batopilensis_97                   0.1117574 0.0940135 0.1818395 0.0942611 0.1594791 0.1713707 0.2545790 0.2338365 0.2415063 0.1618597 0.1729329 0.1139387 0.0569153 0.0000000 0.2898947 0.1490379 0.2105195 0.1561443 0.2096620 0.2298149 0.1757258 0.2134866 0.1692581 0.2342152 0.2419911 0.2183366 0.1997807 0.1830152 0.1027945 0.1928418 0.1500710 0.2153678 0.2859726 0.1552960 0.1942738 0.1178399 0.2452275 0.1890710 0.0447771 0.2072085 0.2214634 0.2042174 0.1527102 0.3578244 0.0691190 0.2559815 0.0415835 0.2328136 0.1389818 0.1944919 0.0428043 0.1763104 0.2083851 0.0710664 0.1646775 0.4520637 0.1846044 0.1994454 0.1850686 0.1904868 0.4187683 0.2086995 0.1897738 0.2180430 0.1911776 0.2125069 0.2085129 0.2355326 0.1770977 0.1452855 0.2121984 0.1826894 0.2260322 0.1999937 0.2133984 0.1653635 0.2294555 0.2805889 0.1983929 0.2021889 0.1581604 0.2420114 0.2205816 
Perityle_bisetosa_9                        0.1805669 0.1251105 0.1238608 0.1682957 0.1822709 0.2046502 0.2137548 0.1788968 0.2794035 0.0657730 0.1253236 0.2340333 0.1777142 0.2898947 0.0000000 0.1587689 0.1817714 0.1187305 0.1475566 0.1020553 0.1219004 0.2330839 0.0927568 0.2316034 0.1741942 0.2728382 0.3334687 0.2172926 0.1611222 0.2567157 0.3133963 0.2419333 0.0812233 0.0918581 0.2340180 0.0034521 0.1661528 0.1211584 0.3191380 0.1376736 0.1663118 0.1617545 0.3349795 0.3242371 0.2580435 0.1238161 0.1823174 0.2744672 0.2570280 0.1065686 0.1513738 0.1186376 0.0967666 0.1682863 0.1068059 0.3515386 0.0350801 0.1719454 0.1369764 0.2645111 0.2008659 0.1247669 0.0222408 0.1866633 0.3263131 0.0809468 0.2329041 0.2454594 0.0123103 0.0710218 0.2330651 0.2179029 0.1738374 0.1025955 0.1771109 0.0204752 0.2595767 0.3570002 0.1376994 0.2215201 0.0382295 0.1653287 0.2309560 
Perityle_californica_76_positas            0.1431434 0.1296462 0.1710564 0.0837387 0.1082600 0.0827373 0.2476921 0.1636098 0.1928724 0.1488660 0.1733030 0.1628821 0.1332661 0.1490379 0.1587689 0.0000000 0.1912930 0.1516676 0.1626270 0.1735708 0.1923912 0.1661946 0.1584372 0.2039392 0.1975846 0.1994659 0.0837741 0.1610105 0.0997355 0.0104575 0.0951984 0.1532607 0.1668549 0.1523521 0.1612309 0.1207821 0.1952761 0.1896003 0.1559964 0.1536780 0.1964200 0.1828230 0.0992765 0.3950261 0.1732657 0.1629379 0.1569758 0.1901584 0.1002505 0.1502260 0.1567121 0.1500903 0.1808342 0.1313635 0.1467173 0.4331602 0.1441020 0.2038403 0.1726417 0.0898865 0.2271495 0.1625889 0.1392288 0.1663026 0.0710529 0.1842430 0.1785707 0.1894865 0.1566426 0.1454486 0.1678639 0.1572657 0.1762451 0.1788998 0.1549581 0.1463167 0.1877766 0.2703549 0.1573258 0.1559227 0.1782177 0.1831098 0.1621614 
Perityle_canescens_77                      0.1631605 0.1404919 0.0841262 0.1720632 0.1864636 0.1529122 0.1716138 0.1567697 0.1127532 0.0763915 0.0801684 0.2529158 0.1930235 0.2105195 0.1817714 0.1912930 0.0000000 0.0933849 0.0997608 0.0977149 0.1459949 0.1164185 0.0832884 0.1278919 0.1211409 0.1240056 0.2130339 0.2049336 0.1855693 0.2321835 0.2003484 0.1321299 0.1761658 0.0950506 0.1285508 0.0630424 0.0966378 0.0932621 0.2087893 0.1058293 0.1007702 0.1144540 0.2026380 0.1884451 0.2065379 0.0865660 0.1865012 0.1312498 0.1896971 0.0886516 0.1755593 0.0820122 0.1091315 0.1938608 0.0834926 0.2722090 0.0753860 0.1098669 0.0968250 0.2224575 0.1514369 0.1033960 0.0662559 0.1074440 0.2096876 0.0911645 0.0946617 0.0926906 0.0779757 0.0811735 0.1115558 0.2073968 0.1595460 0.1029947 0.1081814 0.0866207 0.0923019 0.1421840 0.1040774 0.1009261 0.0693785 0.1196555 0.1210550 
Perityle_castillonii_96                    0.1403061 0.1180648 0.0387438 0.1429321 0.1594823 0.1276991 0.1555942 0.1095883 0.1132107 0.0014480 0.0277565 0.1481722 0.1381480 0.1561443 0.1187305 0.1516676 0.0933849 0.0000000 0.0105824 0.0340284 0.1070987 0.0093622 0.0207928 0.0372866 0.1631570 0.0400770 0.1904097 0.1826010 0.1464291 0.1982109 0.1743350 0.1080113 0.0083372 0.0317962 0.0745121 0.0034018 0.0510034 0.0432661 0.1504605 0.0094473 0.0659471 0.0369690 0.1648473 0.1601860 0.1662948 0.0331394 0.1520427 0.0432228 0.1697414 0.0062650 0.1348933 0.0123920 0.0447269 0.1288475 0.0958588 0.2006923 0.0316328 0.0446792 0.0273494 0.1934655 0.1340771 0.0850676 0.0222084 0.0011796 0.1912021 0.0218503 0.0787499 0.0813362 0.0154588 0.0099142 0.0070795 0.1822068 0.0581402 0.0394348 0.0070063 0.0204702 0.0810341 0.0943270 0.0212909 0.0085301 0.0367645 0.0421622 0.0392378 
Perityle_cernua_84                         0.1893100 0.1216004 0.0479420 0.1500198 0.1968066 0.1600357 0.1636391 0.1423250 0.1386095 0.0057231 0.0349323 0.2250243 0.1820047 0.2096620 0.1475566 0.1626270 0.0997608 0.0105824 0.0000000 0.0454591 0.1095453 0.0155638 0.0333317 0.0607246 0.1908917 0.0489999 0.2531665 0.2215286 0.1506717 0.2660197 0.2197982 0.1227083 0.0491461 0.0345385 0.0775183 0.0050727 0.0859761 0.0536065 0.1901169 0.0180208 0.1098167 0.0403656 0.2254956 0.1933651 0.2265887 0.0842649 0.1999093 0.0454717 0.2276967 0.0110650 0.1763709 0.0278018 0.0531146 0.2033881 0.1019562 0.2511496 0.0317131 0.0825357 0.0364174 0.2590482 0.2320337 0.1195878 0.0194726 0.0099407 0.2438235 0.0337019 0.0949271 0.1192190 0.0154306 0.0162371 0.0137286 0.2214893 0.0807766 0.0438651 0.0116318 0.0170040 0.1188800 0.1326600 0.0324025 0.0147995 0.0361546 0.0472079 0.0479635 
Perityle_cfvillosa_25_tin                  0.2791957 0.1255400 0.0337225 0.1685694 0.2184582 0.1618170 0.1459679 0.0902214 0.1452458 0.0365212 0.0415509 0.2860984 0.1790307 0.2298149 0.1020553 0.1735708 0.0977149 0.0340284 0.0454591 0.0000000 0.1222448 0.0587010 0.0459810 0.0698451 0.1787966 0.0688732 0.2896160 0.2287031 0.1592309 0.2383419 0.2862750 0.0963030 0.0400357 0.0518635 0.0753122 0.0301131 0.1034450 0.0539811 0.2050727 0.0485873 0.1253255 0.0342572 0.2667165 0.2237572 0.2783884 0.1559614 0.2584892 0.0329633 0.2537216 0.0480437 0.2696845 0.0434651 0.0608537 0.2204365 0.1124944 0.3292818 0.0341047 0.0914122 0.0458080 0.2610419 0.2825344 0.1308635 0.0260162 0.0344625 0.2835072 0.0484496 0.1151618 0.1470590 0.0372228 0.0408424 0.0528431 0.2526546 0.0554744 0.0555671 0.0537696 0.0000010 0.1405101 0.1720494 0.0465473 0.0415575 0.0400044 0.0108860 0.0587419 
Perityle_cinerea_113_Powell1310            0.1872779 0.1118532 0.1166079 0.1299218 0.1916983 0.1234735 0.1842162 0.1503666 0.1496789 0.1077490 0.0988643 0.1928870 0.1110958 0.1757258 0.1219004 0.1923912 0.1459949 0.1070987 0.1095453 0.1222448 0.0000000 0.1121180 0.0960347 0.1302167 0.1282323 0.1376864 0.1914067 0.2012523 0.1050338 0.2092721 0.1622750 0.1555331 0.1003652 0.1104004 0.1844846 0.1018600 0.1417781 0.1337730 0.1808162 0.1001327 0.1167734 0.1179429 0.1596375 0.4149214 0.1662618 0.1282408 0.1726133 0.1292420 0.1662410 0.0980497 0.1702673 0.0950166 0.1104473 0.0909514 0.1260009 0.1223707 0.1145848 0.1113842 0.1218675 0.1917637 0.1390548 0.1083515 0.1328253 0.1187542 0.1753352 0.1074831 0.1616292 0.1613241 0.1432876 0.1026221 0.1096137 0.1997485 0.1149329 0.1277621 0.1027029 0.1063738 0.1560377 0.1352822 0.1049132 0.1141017 0.1278316 0.1214572 0.1140990 
Perityle_coahuilensis_24                   0.3321909 0.1246331 0.0462309 0.1560291 0.2003556 0.1870411 0.1715014 0.1677154 0.1580844 0.0085036 0.0357485 0.3017139 0.1822411 0.2134866 0.2330839 0.1661946 0.1164185 0.0093622 0.0155638 0.0587010 0.1121180 0.0000000 0.0382964 0.1214055 0.2283985 0.0518685 0.3306293 0.2249274 0.1544773 0.2681637 0.3277330 0.1361875 0.1142859 0.0402442 0.0814204 0.0151268 0.0993356 0.0531784 0.2144857 0.0133128 0.1337427 0.0725294 0.2907836 0.2373039 0.2573975 0.1456406 0.2233513 0.0672550 0.2580304 0.0105180 0.3359342 0.0285187 0.0640150 0.2227850 0.1076774 0.3028037 0.0444215 0.0891710 0.0770839 0.2670687 0.3121837 0.1213501 0.0221045 0.0683629 0.3414898 0.0383366 0.1216591 0.1510842 0.0276970 0.0228117 0.0044730 0.2434123 0.1545052 0.0985450 0.0108203 0.0337308 0.1362699 0.1463929 0.0338966 0.0130434 0.0447641 0.0611693 0.0518718 
Perityle_cochisensis_44_cave_creek         0.1838735 0.1057481 0.0277471 0.1532023 0.1910538 0.1783666 0.1515076 0.0876704 0.1078116 0.0172746 0.0334393 0.1640281 0.1462961 0.1692581 0.0927568 0.1584372 0.0832884 0.0207928 0.0333317 0.0459810 0.0960347 0.0382964 0.0000000 0.0469007 0.1044418 0.0504794 0.1965188 0.2006605 0.1329061 0.1952241 0.1759665 0.0968109 0.0227302 0.0371568 0.0689189 0.0152743 0.0525623 0.0386411 0.1623575 0.0345463 0.0612600 0.0402575 0.1794601 0.1550559 0.1874718 0.0502527 0.1629823 0.0459919 0.1818145 0.0325651 0.1480756 0.0232165 0.0617592 0.1412049 0.0959700 0.2270483 0.0313396 0.0412715 0.0313760 0.2081115 0.1361979 0.0883106 0.0219897 0.0255182 0.1951686 0.0353321 0.0648339 0.0764017 0.0369789 0.0274043 0.0333244 0.2004368 0.0413954 0.0480767 0.0343064 0.0200621 0.0779778 0.1111948 0.0384989 0.0327555 0.0360041 0.0498964 0.0506099 
Perityle_congesta_202                      0.2424707 0.1430676 0.0463048 0.2007599 0.2320360 0.2185395 0.1678202 0.1726980 0.2061534 0.0381370 0.0500020 0.2468514 0.2218142 0.2342152 0.2316034 0.2039392 0.1278919 0.0372866 0.0607246 0.0698451 0.1302167 0.1214055 0.0469007 0.0000000 0.2060929 0.1282447 0.3049807 0.2445623 0.1791936 0.2951968 0.2736304 0.1818222 0.1113979 0.0547888 0.0819909 0.0401420 0.0786544 0.0605384 0.2548417 0.0581835 0.0813984 0.0599918 0.2972850 0.3470412 0.2440287 0.1037539 0.1973272 0.1218343 0.2476390 0.0605672 0.1835941 0.0523916 0.0809543 0.2179722 0.1128197 0.2639542 0.0537505 0.0561434 0.0442258 0.2803094 0.2214685 0.1111972 0.0387399 0.0631718 0.2984502 0.0621074 0.1810403 0.1877196 0.0526109 0.0473281 0.1202501 0.2485218 0.1023637 0.0667154 0.0703855 0.0233569 0.1950459 0.2163852 0.0631590 0.1245896 0.0482254 0.0670962 0.1048130 
Perityle_cordifolia_27                     0.2510081 0.1475612 0.1455378 0.1825770 0.2179279 0.2071293 0.2416070 0.1419314 0.2071003 0.0722614 0.1285401 0.2581877 0.1983098 0.2419911 0.1741942 0.1975846 0.1211409 0.1631570 0.1908917 0.1787966 0.1282323 0.2283985 0.1044418 0.2060929 0.0000000 0.1880102 0.3453684 0.2441359 0.1895701 0.2725253 0.3405094 0.1417563 0.2215452 0.0904983 0.1772027 0.0329688 0.2389615 0.1551482 0.2226198 0.1970335 0.2593455 0.2009688 0.2614776 0.2356571 0.2750685 0.2289588 0.2495305 0.2121195 0.2606740 0.1790400 0.2401600 0.2144246 0.1592329 0.2653773 0.1462870 0.4611468 0.0618224 0.2199785 0.1921719 0.2939258 0.4134193 0.1840574 0.0454906 0.2100296 0.3407757 0.2052236 0.1354654 0.1849215 0.0637557 0.0765511 0.2267221 0.2649936 0.2356447 0.1488395 0.2262523 0.0443110 0.1807078 0.3025468 0.1929103 0.1711806 0.0537296 0.2394422 0.2403290 
Perityle_cordifolia_68_tecolote            0.1648452 0.1508676 0.0610765 0.1739067 0.1775949 0.1615162 0.1878107 0.1868236 0.1402002 0.0367681 0.0550921 0.2276502 0.2170866 0.2183366 0.2728382 0.1994659 0.1240056 0.0400770 0.0489999 0.0688732 0.1376864 0.0518685 0.0504794 0.1282447 0.1880102 0.0000000 0.2517317 0.1990605 0.1775837 0.2428747 0.2092983 0.1491452 0.1472223 0.0608063 0.0910889 0.0399003 0.0687321 0.0676968 0.2301504 0.0420472 0.0906703 0.0652845 0.2359844 0.2047215 0.2179347 0.0604762 0.1856553 0.0711484 0.1939037 0.0477016 0.1738152 0.0417586 0.0791202 0.2034357 0.1196203 0.1800236 0.0743900 0.0733096 0.0598764 0.2237746 0.1684162 0.1002902 0.0619138 0.0920491 0.2427874 0.0498773 0.1186383 0.1213742 0.0729254 0.0449737 0.0484121 0.1988150 0.1082358 0.0723076 0.0510398 0.0660686 0.1172280 0.1146830 0.0541204 0.0471664 0.0624636 0.0689396 0.0655437 
Perityle_coronopifolia_28_patagonia        0.2306429 0.1367125 0.2048700 0.1059367 0.1722248 0.1700740 0.2860880 0.2678787 0.2871220 0.1705359 0.2206401 0.3143663 0.1528587 0.1997807 0.3334687 0.0837741 0.2130339 0.1904097 0.2531665 0.2896160 0.1914067 0.3306293 0.1965188 0.3049807 0.3453684 0.2517317 0.0000000 0.1741948 0.1080948 0.1297994 0.1458476 0.2468335 0.4027709 0.1750174 0.2063756 0.1249457 0.3044753 0.2150185 0.1975755 0.2751263 0.3402905 0.2919213 0.1540628 0.3237381 0.2461145 0.3416148 0.2244457 0.3143871 0.1581830 0.2626077 0.2423772 0.2678911 0.2936205 0.2271740 0.1914926 0.5377753 0.1927867 0.2734404 0.2974083 0.0511204 0.5306349 0.2440888 0.1860078 0.3162790 0.0275788 0.3166523 0.2652470 0.3155972 0.1772222 0.1723873 0.3213157 0.1970780 0.3367601 0.2847393 0.3045535 0.1790872 0.2915372 0.3660578 0.2491724 0.2481898 0.1648213 0.3204363 0.3232782 
Perityle_crassifolia_70_ventanas           0.1457672 0.1465731 0.1879666 0.1302119 0.1653137 0.1932818 0.2730791 0.1863857 0.2509962 0.1774820 0.2120605 0.2132100 0.1655252 0.1830152 0.2172926 0.1610105 0.2049336 0.1826010 0.2215286 0.2287031 0.2012523 0.2249274 0.2006605 0.2445623 0.2441359 0.1990605 0.1741948 0.0000000 0.1351662 0.1597127 0.1440440 0.1971641 0.2180147 0.1661776 0.1965656 0.1597968 0.2512245 0.1857057 0.1732175 0.2206388 0.2220086 0.2116508 0.1339477 0.3383679 0.1785970 0.2496743 0.1644316 0.2106728 0.1287053 0.2185717 0.1747200 0.1934103 0.2359802 0.1646157 0.1640634 0.4306286 0.2164529 0.2410701 0.1891340 0.1807043 0.3450377 0.2262762 0.1929711 0.2168118 0.1708831 0.2294831 0.2078990 0.2286241 0.1924189 0.1786688 0.2235067 0.0025733 0.2089652 0.2157379 0.2187453 0.1785061 0.2348376 0.2652655 0.2145478 0.2159865 0.1866799 0.2386881 0.2137029 
Perityle_crassifolia_74_playa_balandra     0.1071638 0.1111969 0.1536324 0.0935780 0.1188842 0.0803879 0.1744407 0.1292393 0.1756315 0.1372730 0.1617089 0.1142302 0.0941027 0.1027945 0.1611222 0.0997355 0.1855693 0.1464291 0.1506717 0.1592309 0.1050338 0.1544773 0.1329061 0.1791936 0.1895701 0.1775837 0.1080948 0.1351662 0.0000000 0.0881470 0.0769199 0.1298596 0.1413463 0.1487549 0.1817676 0.1382415 0.1846705 0.1595108 0.0865342 0.1302698 0.1589868 0.1634117 0.0731731 0.2100328 0.1124914 0.1685735 0.1065063 0.1645808 0.0738916 0.1371862 0.1065928 0.1261081 0.1458725 0.0913753 0.1617098 0.1615548 0.1425922 0.1706266 0.1458042 0.1141112 0.1388669 0.1207372 0.1513638 0.1506461 0.1064554 0.1438603 0.1709111 0.1628317 0.1592443 0.1390686 0.1505197 0.1351662 0.1592309 0.1694354 0.1392547 0.1437506 0.1850049 0.1799102 0.1442021 0.1427335 0.1603626 0.1702840 0.1547553 
Perityle_cuneata_34_cuneata_San_antonio    0.1651025 0.1208465 0.2104636 0.0729758 0.1357476 0.1129409 0.2728673 0.1917971 0.2656975 0.1798308 0.2252166 0.1934718 0.1436812 0.1928418 0.2567157 0.0104575 0.2321835 0.1982109 0.2660197 0.2383419 0.2092721 0.2681637 0.1952241 0.2951968 0.2725253 0.2428747 0.1297994 0.1597127 0.0881470 0.0000000 0.1536381 0.2072713 0.2713491 0.1652616 0.2123168 0.1042789 0.2655497 0.2244503 0.1877645 0.2655534 0.2572535 0.2435193 0.1661232 0.4392303 0.2149070 0.2547663 0.1648316 0.2614229 0.1687896 0.2383511 0.1527167 0.2297096 0.2333789 0.1695521 0.1679828 0.4772010 0.1405023 0.2810657 0.2359680 0.1256402 0.3578916 0.2438340 0.1380062 0.2556186 0.1179282 0.2544935 0.2387590 0.2610442 0.1519770 0.1734893 0.2678586 0.1602956 0.2461682 0.2057478 0.2655748 0.1467220 0.2665388 0.2983141 0.2544439 0.2336214 0.1493984 0.2733676 0.2557101 
Perityle_cuneata_4                         0.2130317 0.1197400 0.1855786 0.0862365 0.1385768 0.1447915 0.2707843 0.2293498 0.2731217 0.1534791 0.2046090 0.2867986 0.1119868 0.1500710 0.3133963 0.0951984 0.2003484 0.1743350 0.2197982 0.2862750 0.1622750 0.3277330 0.1759665 0.2736304 0.3405094 0.2092983 0.1458476 0.1440440 0.0769199 0.1536381 0.0000000 0.2059840 0.4111786 0.1559517 0.2095566 0.1267347 0.3021677 0.2048123 0.1453089 0.2494839 0.3410338 0.2684060 0.1586734 0.3387394 0.2099154 0.3544074 0.1852058 0.2889265 0.1384538 0.2439027 0.2203798 0.2668041 0.3037182 0.1840885 0.1817225 0.5590116 0.1952924 0.2480237 0.2833508 0.1297585 0.5678906 0.2204691 0.1911836 0.3210117 0.1424253 0.3103071 0.2256539 0.2975473 0.1740497 0.1605914 0.3128574 0.1804287 0.3371302 0.2779249 0.2938603 0.1812055 0.2579011 0.3612855 0.2248524 0.2178271 0.1607560 0.3270487 0.3249385 
Perityle_discoidea_81                      0.1505409 0.1262790 0.1013831 0.1664207 0.1917867 0.1486165 0.1936100 0.0623748 0.1202995 0.0903551 0.1047592 0.2542745 0.1782581 0.2153678 0.2419333 0.1532607 0.1321299 0.1080113 0.1227083 0.0963030 0.1555331 0.1361875 0.0968109 0.1818222 0.1417563 0.1491452 0.2468335 0.1971641 0.1298596 0.2072713 0.2059840 0.0000000 0.2212320 0.1052744 0.1447775 0.0836477 0.1169459 0.1146096 0.2245765 0.1227218 0.1142716 0.1215721 0.2108428 0.2238748 0.1952731 0.1018820 0.1748404 0.1374990 0.1776222 0.1058430 0.1667368 0.0977033 0.1191436 0.1693548 0.1023004 0.2903578 0.1009983 0.1266907 0.0993824 0.2179652 0.1665335 0.1144708 0.1110974 0.1587497 0.2340007 0.1082178 0.1039936 0.1146417 0.0924492 0.0960746 0.1319809 0.1968837 0.1601742 0.1051332 0.1283502 0.0915290 0.1071229 0.1835372 0.1145100 0.1191378 0.1000270 0.1253307 0.1357727 
Perityle_dissecta_201                      0.2931210 0.1172270 0.0327858 0.1548179 0.1888400 0.1923060 0.1581470 0.1688485 0.2643123 0.0072166 0.0119779 0.3143383 0.1811015 0.2859726 0.0812233 0.1668549 0.1761658 0.0083372 0.0491461 0.0400357 0.1003652 0.1142859 0.0227302 0.1113979 0.2215452 0.1472223 0.4027709 0.2180147 0.1413463 0.2713491 0.4111786 0.2212320 0.0000000 0.0256715 0.1178968 0.0033942 0.0868114 0.0357130 0.3059456 0.0399502 0.1194632 0.0778332 0.3689514 0.3389557 0.2917303 0.1314728 0.2183497 0.1698994 0.2935542 0.0139765 0.2670907 0.0164571 0.0475515 0.2274227 0.0939675 0.2971475 0.0224862 0.0864473 0.0657372 0.2789021 0.3104464 0.1065838 0.0140090 0.0657900 0.3941682 0.0267256 0.2280970 0.2284123 0.0156378 0.0081551 0.1251842 0.2401994 0.1221294 0.0803490 0.0733118 0.0068286 0.2497795 0.3154279 0.0304995 0.1159019 0.0318664 0.0639848 0.1141737 
Perityle_emoryi_47_punta_san_jose          0.1342502 0.1138919 0.0417599 0.1429481 0.1513581 0.1069602 0.1589376 0.1044933 0.1210568 0.0321160 0.0388537 0.1400298 0.1399980 0.1552960 0.0918581 0.1523521 0.0950506 0.0317962 0.0345385 0.0518635 0.1104004 0.0402442 0.0371568 0.0547888 0.0904983 0.0608063 0.1750174 0.1661776 0.1487549 0.1652616 0.1559517 0.1052744 0.0256715 0.0000000 0.0926366 0.0244804 0.0607236 0.0475595 0.1440518 0.0390680 0.0674202 0.0514788 0.1556437 0.1472883 0.1594250 0.0412721 0.1529141 0.0568260 0.1507778 0.0337020 0.1365830 0.0278538 0.0582211 0.1291434 0.0985717 0.2193321 0.0491345 0.0588239 0.0442586 0.1775217 0.1424794 0.0910254 0.0284879 0.0287742 0.1709830 0.0399044 0.0711418 0.0721824 0.0549756 0.0331984 0.0376394 0.1659462 0.0528148 0.0578694 0.0372010 0.0349437 0.0792418 0.1055463 0.0343179 0.0322006 0.0575829 0.0578961 0.0014520 
Perityle_feddemae_99                       0.1499369 0.1496863 0.0798080 0.1637359 0.1863011 0.1556592 0.1753141 0.1724976 0.1470865 0.0747116 0.0762507 0.2371337 0.1770478 0.1942738 0.2340180 0.1612309 0.1285508 0.0745121 0.0775183 0.0753122 0.1844846 0.0814204 0.0689189 0.0819909 0.1772027 0.0910889 0.2063756 0.1965656 0.1817676 0.2123168 0.2095566 0.1447775 0.1178968 0.0926366 0.0000000 0.0789372 0.0950527 0.0777010 0.1894416 0.0825375 0.0977162 0.0854743 0.1974974 0.2065658 0.1968313 0.0825239 0.1685702 0.0819247 0.2049247 0.0759717 0.1484822 0.0710305 0.0907544 0.1817056 0.1094054 0.1580132 0.0998479 0.0900324 0.0710748 0.2194180 0.0778873 0.1170095 0.1122509 0.0686614 0.1974295 0.0784614 0.1252276 0.1323497 0.0837398 0.0775306 0.0789011 0.1993122 0.1334514 0.0887575 0.0782918 0.1085148 0.1241806 0.0944677 0.0844767 0.0746748 0.0902369 0.0885757 0.0889731 
Perityle_fosteri_93                        0.1116889 0.1154610 0.0175433 0.1373740 0.1358815 0.1197379 0.1373461 0.0790463 0.0893563 0.0051868 0.0135589 0.1181872 0.1079970 0.1178399 0.0034521 0.1207821 0.0630424 0.0034018 0.0050727 0.0301131 0.1018600 0.0151268 0.0152743 0.0401420 0.0329688 0.0399003 0.1249457 0.1597968 0.1382415 0.1042789 0.1267347 0.0836477 0.0033942 0.0244804 0.0789372 0.0000000 0.0382006 0.0335385 0.1037091 0.0118894 0.0348819 0.0295373 0.1160166 0.1183998 0.1239336 0.0179503 0.1113356 0.0359601 0.1190580 0.0051631 0.1114880 0.0087041 0.0331994 0.0996232 0.0332349 0.2259858 0.0291163 0.0390405 0.0185524 0.1374809 0.1359171 0.0312935 0.0169404 0.0016846 0.1291383 0.0223979 0.0430301 0.0461783 0.0124985 0.0067278 0.0101886 0.1569761 0.0311985 0.0350479 0.0084060 0.0137318 0.0461451 0.0783510 0.0084681 0.0051809 0.0323736 0.0369822 0.0241739 
Perityle_gamon_221                         0.2765054 0.1324069 0.0492869 0.1776098 0.2224400 0.1869234 0.1852216 0.1152025 0.1471352 0.0441628 0.0743317 0.2681080 0.2056883 0.2452275 0.1661528 0.1952761 0.0966378 0.0510034 0.0859761 0.1034450 0.1417781 0.0993356 0.0525623 0.0786544 0.2389615 0.0687321 0.3044753 0.2512245 0.1846705 0.2655497 0.3021677 0.1169459 0.0868114 0.0607236 0.0950527 0.0382006 0.0000000 0.0736492 0.2121799 0.0874246 0.1219802 0.0832638 0.2843185 0.2490701 0.2803189 0.1634498 0.2512184 0.0920312 0.2634694 0.0888477 0.2508318 0.0856580 0.1185115 0.2657576 0.1097604 0.3389873 0.0537426 0.1057087 0.0817937 0.2759717 0.3362402 0.1120852 0.0476550 0.0852478 0.3007622 0.0942104 0.1186959 0.1272236 0.0559167 0.0559095 0.0968004 0.2635536 0.1012822 0.0910073 0.0994297 0.0405467 0.1242530 0.1757988 0.0893190 0.0811059 0.0445360 0.1033997 0.1134940 
Perityle_gentryi_8_san_francisco           0.1726295 0.1429278 0.0522063 0.1689386 0.1820640 0.1470049 0.1681688 0.1098189 0.1208265 0.0335238 0.0520560 0.1831828 0.1808599 0.1890710 0.1211584 0.1896003 0.0932621 0.0432661 0.0536065 0.0539811 0.1337730 0.0531784 0.0386411 0.0605384 0.1551482 0.0676968 0.2150185 0.1857057 0.1595108 0.2244503 0.2048123 0.1146096 0.0357130 0.0475595 0.0777010 0.0335385 0.0736492 0.0000000 0.1825819 0.0537093 0.0805911 0.0574120 0.1956219 0.1738346 0.1947558 0.0495578 0.1770826 0.0643965 0.2025909 0.0521385 0.1586919 0.0366004 0.0721816 0.1710545 0.1217763 0.2147138 0.0382543 0.0566067 0.0513911 0.2280566 0.1377542 0.0995946 0.0340026 0.0428778 0.2182922 0.0511558 0.0824490 0.0870561 0.0575502 0.0403036 0.0480433 0.1902976 0.0586073 0.0583664 0.0532570 0.0451451 0.0850904 0.0960763 0.0464594 0.0477513 0.0541236 0.0618255 0.0532208 
Perityle_gilensis_22_Superstition          0.0966924 0.0967288 0.1677507 0.0973821 0.1564444 0.1454197 0.2433763 0.2479631 0.2342032 0.1535900 0.1703226 0.0778548 0.0615591 0.0447771 0.3191380 0.1559964 0.2087893 0.1504605 0.1901169 0.2050727 0.1808162 0.2144857 0.1623575 0.2548417 0.2226198 0.2301504 0.1975755 0.1732175 0.0865342 0.1877645 0.1453089 0.2245765 0.3059456 0.1440518 0.1894416 0.1037091 0.2121799 0.1825819 0.0000000 0.1866658 0.1909059 0.1984757 0.1574392 0.3308260 0.0653743 0.2160809 0.0291633 0.2466604 0.1277818 0.1712446 0.0266705 0.1569955 0.1802522 0.0722551 0.1578104 0.4294103 0.2014648 0.1886845 0.1777606 0.1736365 0.3636143 0.1982132 0.1755544 0.2282337 0.1835476 0.1877950 0.2211160 0.2252196 0.1661372 0.1343832 0.2134527 0.1746290 0.2194086 0.1887735 0.2056186 0.1667577 0.2276335 0.2794177 0.1821872 0.2159304 0.1438235 0.2190072 0.2215377 
Perityle_gilensis_salensis_225             0.1926426 0.1144792 0.0441361 0.1430610 0.1960200 0.1696042 0.1685668 0.1434164 0.1512751 0.0000010 0.0336151 0.2360199 0.1734278 0.2072085 0.1376736 0.1536780 0.1058293 0.0094473 0.0180208 0.0485873 0.1001327 0.0133128 0.0345463 0.0581835 0.1970335 0.0420472 0.2751263 0.2206388 0.1302698 0.2655534 0.2494839 0.1227218 0.0399502 0.0390680 0.0825375 0.0118894 0.0874246 0.0537093 0.1866658 0.0000000 0.1105140 0.0515147 0.2352862 0.2163815 0.2445647 0.1106459 0.2191915 0.0554353 0.2335853 0.0170855 0.2013297 0.0255472 0.0542673 0.2203175 0.1067323 0.2696847 0.0317019 0.0911999 0.0456293 0.2608653 0.2707235 0.1115215 0.0252225 0.0058667 0.2678753 0.0322395 0.1172691 0.1284478 0.0217298 0.0203103 0.0144068 0.2326699 0.0920467 0.0586376 0.0152394 0.0169523 0.1278133 0.1518779 0.0268011 0.0042337 0.0386552 0.0464527 0.0438479 
Perityle_glaucescens_94                    0.3411492 0.1278343 0.0574019 0.1648377 0.2158781 0.1600511 0.1698006 0.1106561 0.1444314 0.0505091 0.0786308 0.3095449 0.1945648 0.2214634 0.1663118 0.1964200 0.1007702 0.0659471 0.1098167 0.1253255 0.1167734 0.1337427 0.0612600 0.0813984 0.2593455 0.0906703 0.3402905 0.2220086 0.1589868 0.2572535 0.3410338 0.1142716 0.1194632 0.0674202 0.0977162 0.0348819 0.1219802 0.0805911 0.1909059 0.1105140 0.0000000 0.0992615 0.2960003 0.2331934 0.2692741 0.1929964 0.2421726 0.1093513 0.2732306 0.1060239 0.3145729 0.1122360 0.1310981 0.2432020 0.1052084 0.3780589 0.0507943 0.1220959 0.1073771 0.2683918 0.3922008 0.1205309 0.0452216 0.1139376 0.3427957 0.1114680 0.1143806 0.1239979 0.0569127 0.0519292 0.1220632 0.2317259 0.1340456 0.1174639 0.1219152 0.0341216 0.1173602 0.1801856 0.1081053 0.0979278 0.0471445 0.1315165 0.1387583 
Perityle_gracilis_11                       0.2289810 0.1253359 0.0410881 0.1723202 0.1992141 0.1628724 0.1613034 0.1406481 0.1417019 0.0355075 0.0441551 0.2384096 0.1920438 0.2042174 0.1617545 0.1828230 0.1144540 0.0369690 0.0403656 0.0342572 0.1179429 0.0725294 0.0402575 0.0599918 0.2009688 0.0652845 0.2919213 0.2116508 0.1634117 0.2435193 0.2684060 0.1215721 0.0778332 0.0514788 0.0854743 0.0295373 0.0832638 0.0574120 0.1984757 0.0515147 0.0992615 0.0000000 0.2342887 0.2132568 0.2582351 0.1166541 0.2236615 0.0043830 0.2376463 0.0541721 0.2167719 0.0684476 0.0797553 0.2011554 0.1080155 0.2684240 0.0280830 0.0785180 0.0012078 0.2404518 0.2670567 0.1137823 0.0248240 0.0569236 0.2850023 0.0703503 0.1340076 0.1440062 0.0337991 0.0396988 0.0696387 0.2351754 0.0374457 0.0063040 0.0679760 0.0000010 0.1349103 0.1294601 0.0488635 0.0407167 0.0359119 0.0308377 0.0779884 
Perityle_harkerae_31                       0.1067089 0.1323852 0.1932669 0.1019401 0.1284375 0.1710608 0.2485521 0.2262279 0.2586760 0.1514181 0.2079403 0.2183871 0.1204468 0.1527102 0.3349795 0.0992765 0.2026380 0.1648473 0.2254956 0.2667165 0.1596375 0.2907836 0.1794601 0.2972850 0.2614776 0.2359844 0.1540628 0.1339477 0.0731731 0.1661232 0.1586734 0.2108428 0.3689514 0.1556437 0.1974974 0.1160166 0.2843185 0.1956219 0.1574392 0.2352862 0.2960003 0.2342887 0.0000000 0.2616908 0.1309960 0.2830460 0.1308406 0.2635052 0.0010921 0.2244388 0.1464852 0.2417716 0.2617192 0.1378256 0.1820709 0.4657028 0.1778476 0.2324259 0.2373774 0.1138451 0.4060723 0.2280050 0.1736810 0.3037647 0.1462717 0.2858099 0.2360973 0.2829150 0.1671752 0.1547065 0.2907563 0.1311204 0.3028688 0.2391491 0.2712136 0.1617365 0.2582511 0.3058131 0.2263811 0.2354128 0.1506210 0.2874144 0.3005961 
Perityle_hofmeisteria_4_nombre_de_dios     0.4121726 0.3189220 0.1643560 0.2516687 0.3188638 0.2483789 0.2579237 0.2348501 0.2742577 0.1387315 0.1571721 0.3733757 0.3345886 0.3578244 0.3242371 0.3950261 0.1884451 0.1601860 0.1933651 0.2237572 0.4149214 0.2373039 0.1550559 0.3470412 0.2356571 0.2047215 0.3237381 0.3383679 0.2100328 0.4392303 0.3387394 0.2238748 0.3389557 0.1472883 0.2065658 0.1183998 0.2490701 0.1738346 0.3308260 0.2163815 0.2331934 0.2132568 0.2616908 0.0000000 0.3761323 0.3226486 0.3524408 0.2320290 0.2684846 0.2015298 0.3721776 0.2109611 0.2201205 0.4053610 0.1873724 0.5525869 0.1522884 0.2428415 0.1993649 0.3167695 0.5488048 0.1918486 0.1571582 0.3288098 0.3179390 0.2220454 0.2120155 0.2897499 0.1278185 0.1409488 0.2371506 0.3524002 0.2327632 0.1999907 0.2311542 0.1698910 0.2512537 0.3316143 0.1844544 0.2010788 0.1426526 0.2526297 0.2481610 
Perityle_huecosensis_48                    0.1334895 0.1003531 0.1992730 0.1118511 0.1734448 0.1623602 0.2667186 0.2109917 0.2587164 0.1747120 0.1890419 0.1329383 0.0433320 0.0691190 0.2580435 0.1732657 0.2065379 0.1662948 0.2265887 0.2783884 0.1662618 0.2573975 0.1874718 0.2440287 0.2750685 0.2179347 0.2461145 0.1785970 0.1124914 0.2149070 0.2099154 0.1952731 0.2917303 0.1594250 0.1968313 0.1239336 0.2803189 0.1947558 0.0653743 0.2445647 0.2692741 0.2582351 0.1309960 0.3761323 0.0000000 0.3126702 0.0629767 0.2668245 0.1294961 0.2336150 0.0709236 0.2388766 0.2546879 0.0590797 0.1685903 0.5121277 0.1809967 0.2321267 0.2601995 0.2024865 0.4857402 0.2237071 0.1727204 0.2516087 0.2366729 0.2726186 0.2300149 0.2779060 0.1642570 0.1613475 0.2527648 0.1778374 0.2889467 0.2624136 0.2470144 0.1516624 0.2487899 0.3294553 0.2112586 0.2080634 0.1630821 0.2840733 0.2509468 
