84
Amauria_brandeegeana_62                    0.0000000 0.0382032 0.1269464 0.6350571 0.1346003 0.5835390 0.2269403 0.5565815 0.2442028 0.3384313 0.1954380 0.2259928 0.1991106 0.1252228 0.1955364 0.1761820 0.1620193 0.1720173 0.1449352 0.2065497 0.1761833 0.0875561 0.2726599 0.3440448 0.2255616 0.2023711 0.3305624 0.2108929 0.2540349 0.1715761 0.2467206 0.2037815 0.2440254 0.2826623 0.2271420 0.1843862 0.1836871 0.1984772 0.1806923 0.2726649 0.2339682 0.1898477 0.1738738 0.2327184 0.1983713 0.1851156 0.2770936 0.2329130 0.2199437 0.1925196 0.2498621 0.2858343 0.2648494 0.2156817 0.1680035 0.1784148 0.1687166 0.1498981 0.2773095 0.2216793 0.1327716 0.1642557 0.1876608 0.1333974 0.1948221 0.2246945 0.2190115 0.1777939 0.2142613 0.1302923 0.1849753 0.2736269 0.2668573 0.2265231 0.1061508 0.1947977 0.1096763 0.1715250 0.2113084 0.2552475 0.1968346 0.0948551 0.2234499 0.2314924 
Amauria_carterae_99_mesa                   0.0382032 0.0000000 0.0667901 0.4817522 0.1462382 0.4416460 0.1522235 0.4365302 0.1270359 0.2361349 0.1349579 0.1583645 0.1945513 0.1222843 0.1533197 0.1358106 0.1147641 0.1422541 0.1354321 0.0825128 0.1429586 0.1152608 0.1874009 0.1928774 0.1427595 0.1472491 0.2017981 0.1541326 0.1145759 0.1051774 0.1544769 0.1719140 0.1060589 0.1922613 0.0970104 0.1263785 0.1364387 0.1598096 0.1465918 0.1858818 0.1630641 0.1465672 0.1393723 0.1547915 0.1801456 0.1326123 0.0748875 0.1669267 0.1431400 0.1461641 0.1979873 0.1965850 0.1949883 0.1831790 0.1283607 0.1697212 0.1698335 0.1475430 0.1386542 0.1429586 0.1478831 0.1336995 0.1743282 0.1465933 0.1765953 0.1631123 0.1716525 0.1772553 0.1451692 0.1355417 0.1383545 0.2150804 0.1071276 0.1550092 0.1284354 0.1352376 0.1254544 0.1791942 0.1817532 0.1993893 0.1798810 0.1001905 0.1385991 0.1133503 
Amauria_rotundifolia_SRR9119150            0.1269464 0.0667901 0.0000000 0.7003352 0.2271793 0.6778952 0.2621441 0.6156812 0.3739013 0.4154997 0.3744073 0.4132403 0.3026859 0.1739033 0.3318114 0.3556802 0.2170115 0.2262749 0.2393256 0.2655029 0.2238067 0.1047736 0.4285073 0.4172937 0.3830996 0.3132696 0.4991657 0.3016699 0.3606713 0.1605423 0.3164336 0.2917907 0.3648013 0.4168071 0.3539183 0.3061252 0.3114936 0.3045646 0.2635260 0.4315760 0.4426247 0.2455756 0.2232295 0.2924350 0.2804056 0.3543116 0.3322859 0.4219599 0.3212764 0.2804462 0.3244171 0.4031586 0.4196930 0.4353705 0.2318793 0.2221516 0.1736783 0.1715027 0.2900597 0.3646866 0.1538922 0.1882036 0.2586963 0.1537272 0.4006978 0.2858601 0.4341819 0.2486223 0.3167419 0.1509248 0.2667940 0.4662667 0.3367981 0.3813325 0.1146568 0.3604247 0.1224093 0.2537919 0.3215333 0.3947680 0.3890776 0.1295331 0.3185031 0.3359306 
Conoclinium_coelestinum_SRR9119114         0.6350571 0.4817522 0.7003352 0.0000000 0.6245867 0.2090136 0.3146867 0.6723496 0.3538860 0.4192781 0.5696962 0.5959085 0.5553921 0.3788215 0.6117351 0.5933452 0.4016399 0.6233669 0.5820430 0.2563990 0.5050098 0.2457554 0.6914588 0.7036444 0.5981784 0.6412844 0.7542764 0.6112660 0.4067458 0.4329977 0.3743753 0.6090865 0.3575172 0.7097078 0.4026635 0.6161424 0.5895451 0.6193658 0.5656289 0.6867707 0.6068188 0.6225181 0.5000391 0.6598267 0.6016869 0.6247562 0.2510997 0.6242996 0.6043953 0.6225404 0.6524698 0.7162949 0.6762075 0.6636969 0.5660789 0.4950081 0.4603443 0.4199232 0.5353720 0.6109791 0.4223273 0.3465590 0.5787856 0.3872640 0.5660405 0.6110038 0.6647762 0.6588388 0.6613446 0.3813014 0.6206146 0.6926986 0.3882432 0.6026495 0.3219633 0.6068335 0.3155507 0.6578521 0.6260221 0.7084778 0.5674499 0.3524258 0.5728744 0.3973817 
Eutetras_palmeri_63                        0.1346003 0.1462382 0.2271793 0.6245867 0.0000000 0.6133693 0.2303834 0.5447873 0.2799315 0.2821763 0.2572817 0.3082620 0.1676406 0.1262931 0.2064500 0.2374216 0.1333897 0.2407545 0.1680357 0.2271764 0.1935716 0.0790891 0.2659493 0.3555946 0.2953917 0.1828950 0.5056742 0.2617223 0.2779916 0.1709808 0.2778480 0.1989234 0.2622461 0.2810988 0.2777301 0.1951972 0.2349981 0.2023449 0.1796357 0.2931225 0.3111156 0.1965420 0.1892064 0.2634591 0.2189599 0.2400295 0.3182000 0.3855065 0.2355288 0.2134050 0.1908854 0.2561860 0.2954887 0.3275465 0.1911725 0.2295736 0.1969221 0.1850275 0.3306509 0.2501584 0.1614108 0.1916832 0.2149980 0.1429386 0.3190295 0.2413827 0.3293994 0.1959992 0.2193135 0.1334475 0.1952968 0.3063842 0.2813040 0.2587289 0.1430892 0.2418846 0.1602629 0.2038722 0.2169662 0.2432631 0.3127089 0.1157532 0.2487087 0.2527684 
Eutrochium_fistulosum_SRR9119106           0.5835390 0.4416460 0.6778952 0.2090136 0.6133693 0.0000000 0.3067391 0.6911858 0.5540510 0.6223223 0.6020051 0.6668718 0.5736270 0.3765861 0.6224487 0.6210532 0.4472985 0.5789026 0.5808003 0.3929162 0.4816120 0.2256848 0.7170362 0.6715705 0.6151091 0.6368915 0.7755468 0.6255124 0.5638672 0.4333386 0.5798291 0.6465456 0.5128072 0.7360313 0.5846378 0.6192062 0.5746533 0.6111351 0.5494949 0.7326260 0.6780882 0.5736085 0.4620595 0.5989974 0.6476358 0.6639583 0.4247717 0.6873931 0.6050805 0.6262867 0.6538099 0.7492643 0.6995360 0.7377039 0.5446849 0.4640425 0.4410523 0.4163122 0.4703859 0.6070868 0.4093876 0.3506093 0.6586532 0.3634671 0.6450619 0.6052706 0.7450669 0.6141580 0.5716597 0.3562753 0.6189086 0.7758579 0.5538520 0.6071218 0.2932875 0.6007596 0.2719139 0.6073519 0.6644406 0.7390526 0.6489424 0.3218351 0.5510120 0.5976187 
Galeana_pratensis_104_mex                  0.2269403 0.1522235 0.2621441 0.3146867 0.2303834 0.3067391 0.0000000 0.3315503 0.1960227 0.2347242 0.2103446 0.2042949 0.2161534 0.1961775 0.2145024 0.2099537 0.1796121 0.1341210 0.2100750 0.1846004 0.1981040 0.1177358 0.2144226 0.2156302 0.1706477 0.2043042 0.2084655 0.1618577 0.2140823 0.1869576 0.1897146 0.2033143 0.1951882 0.1752644 0.1918120 0.2164868 0.2048380 0.2293369 0.2038340 0.2135762 0.2042949 0.2257604 0.2050535 0.2369725 0.2302531 0.2090176 0.2085039 0.2108602 0.2088637 0.2212126 0.2194690 0.2202114 0.2188079 0.2059549 0.2027437 0.1312675 0.1135922 0.1640424 0.1931397 0.2042949 0.1729381 0.1020679 0.2179699 0.1210027 0.2103446 0.1617122 0.2044894 0.2277624 0.2094860 0.1208100 0.2129640 0.2135762 0.2021389 0.2227513 0.1046425 0.2112526 0.1046425 0.2323239 0.2252513 0.2188559 0.2103446 0.1163552 0.2042949 0.1902336 
Helianthus_annuus_SRR9119062               0.5565815 0.4365302 0.6156812 0.6723496 0.5447873 0.6911858 0.3315503 0.0000000 0.4723618 0.6203655 0.6107150 0.6044820 0.5480420 0.4239483 0.5873972 0.5953247 0.4044336 0.5796580 0.5534802 0.3435797 0.5426537 0.2424682 0.6187563 0.6077562 0.6116960 0.5813398 0.6793531 0.6092499 0.4783667 0.3825246 0.4990592 0.5673683 0.4469681 0.6386110 0.4958703 0.5816529 0.5691203 0.5806977 0.5531481 0.6213901 0.6256577 0.5614705 0.5372882 0.5863613 0.6177200 0.5937672 0.5294899 0.6191260 0.5942770 0.5965016 0.5917512 0.6200568 0.6065284 0.6038220 0.5346571 0.4119659 0.4974839 0.4577534 0.5062621 0.5961536 0.4339452 0.3435288 0.5931128 0.3417726 0.6112396 0.6187843 0.6089338 0.5537101 0.5938146 0.4055164 0.5884476 0.6358905 0.4483753 0.5949062 0.3262037 0.6104845 0.3273581 0.5533103 0.6523602 0.6041194 0.6156857 0.2848636 0.5704104 0.4902935 
Lycapsus_tenuifolius_17                    0.2442028 0.1270359 0.3739013 0.3538860 0.2799315 0.5540510 0.1960227 0.4723618 0.0000000 0.2107741 0.4812594 0.4726922 0.2973718 0.1828739 0.4298530 0.4545517 0.1359387 0.2700322 0.2758448 0.0207004 0.2111122 0.0914068 0.5114801 0.3890225 0.5126792 0.3582258 0.5837861 0.4491919 0.0284330 0.0272943 0.1903506 0.2816585 0.0067522 0.4809054 0.0508866 0.4758957 0.3168291 0.3857747 0.2714175 0.4594480 0.5181923 0.2702512 0.2141445 0.3151970 0.2935699 0.4347844 0.0510076 0.5387682 0.3438557 0.3530167 0.2974857 0.3877736 0.4304239 0.5850050 0.2249830 0.2079373 0.1634807 0.1569962 0.2424869 0.4783935 0.1549972 0.1293828 0.2762812 0.1227300 0.5505169 0.4480933 0.5374932 0.3388261 0.3913085 0.1358827 0.2791302 0.5406269 0.0257830 0.5105076 0.1083512 0.4525337 0.1220604 0.3562509 0.3762696 0.4431506 0.4785841 0.1310116 0.3338088 0.0244018 
Pericome_caudata_50_silver                 0.3384313 0.2361349 0.4154997 0.4192781 0.2821763 0.6223223 0.2347242 0.6203655 0.2107741 0.0000000 0.5425585 0.5474320 0.3819996 0.2734955 0.4890553 0.5155056 0.1322224 0.4082550 0.3959330 0.1282510 0.3800634 0.0839331 0.5279372 0.5116263 0.5440233 0.4614864 0.6405718 0.4715756 0.2025779 0.2224894 0.1846473 0.3984279 0.1898206 0.5374610 0.2222247 0.4846525 0.4425535 0.4208907 0.3957931 0.5302362 0.5800729 0.3910409 0.3876183 0.4025291 0.3611798 0.5161472 0.1534149 0.5909901 0.4472170 0.4352665 0.4087597 0.4943794 0.5157446 0.5999043 0.3733611 0.2997375 0.2984366 0.3195931 0.4163729 0.5187114 0.3083742 0.2674553 0.3753825 0.1951443 0.5876277 0.4670742 0.6016517 0.3866348 0.3960135 0.2449720 0.4176824 0.5641850 0.1809748 0.5178850 0.2269384 0.4946232 0.2225626 0.3900581 0.4176950 0.5243499 0.5735880 0.1722641 0.4578808 0.2027688 
Perityle_aglossa_84_dead_horse             0.1954380 0.1349579 0.3744073 0.5696962 0.2572817 0.6020051 0.2103446 0.6107150 0.4812594 0.5425585 0.0000000 0.0779073 0.0732885 0.0098311 0.0423305 0.0361026 0.2136951 0.1474953 0.0207783 0.2526450 0.0238949 0.0194130 0.1174567 0.2444000 0.0784585 0.0430981 0.2905993 0.1409401 0.3905244 0.1815142 0.4793122 0.1538356 0.4198850 0.1211237 0.4223604 0.1945845 0.0377087 0.1385098 0.0325855 0.1517933 0.0833326 0.1119466 0.0226762 0.2053986 0.1858852 0.0447131 0.3455880 0.0871292 0.0378978 0.1659739 0.1275081 0.1126392 0.1213877 0.0775113 0.0171961 0.0765993 0.0497953 0.0629146 0.0906381 0.0433251 0.0776953 0.1431571 0.2000775 0.0401511 0.0019304 0.1290606 0.0713690 0.3615173 0.4028889 0.0255793 0.0366288 0.1346939 0.3493786 0.0493588 0.0182700 0.0485493 0.0229794 0.3396432 0.1772336 0.1179448 0.0041616 0.0442426 0.0405501 0.4396021 
Perityle_ajoensis_204                      0.2259928 0.1583645 0.4132403 0.5959085 0.3082620 0.6668718 0.2042949 0.6044820 0.4726922 0.5474320 0.0779073 0.0000000 0.0792449 0.0147878 0.0897844 0.0876822 0.2675670 0.1584884 0.0297966 0.2468579 0.0137492 0.0194099 0.1859037 0.2557065 0.0212730 0.0512370 0.3272163 0.1770164 0.3870334 0.1814992 0.5150106 0.1999033 0.4180232 0.1368053 0.4316443 0.1545136 0.0975891 0.1729333 0.0590591 0.2033936 0.0228476 0.1538516 0.0146045 0.2535361 0.2242631 0.1091943 0.3367460 0.0304578 0.0166550 0.1979685 0.1360284 0.1326520 0.1724366 0.1407847 0.0485296 0.1270778 0.0542334 0.0653260 0.0634109 0.0191694 0.0701183 0.1432262 0.2410018 0.0477576 0.0938042 0.1729817 0.1374038 0.3577470 0.3919899 0.0313860 0.0463630 0.2074503 0.3280669 0.0212823 0.0030069 0.0735871 0.0097437 0.3385417 0.1966928 0.1669801 0.0979591 0.0328771 0.0176353 0.4270117 
Perityle_ambrosiifolia_67_green            0.1991106 0.1945513 0.3026859 0.5553921 0.1676406 0.5736270 0.2161534 0.5480420 0.2973718 0.3819996 0.0732885 0.0792449 0.0000000 0.0183561 0.0884837 0.0500010 0.1989234 0.1921769 0.0627993 0.2226707 0.0894820 0.0177023 0.0080988 0.1619732 0.0853935 0.0889028 0.2341507 0.1272577 0.3013827 0.1923862 0.3326768 0.2097203 0.3002317 0.0729305 0.2791859 0.1333642 0.0742255 0.1382422 0.0802398 0.0067459 0.0761776 0.1504496 0.0850197 0.2320923 0.1425901 0.0648107 0.3358845 0.0836978 0.0783244 0.1484067 0.0096773 0.0745367 0.0659662 0.0876865 0.0889313 0.0925336 0.1139674 0.0802924 0.1662568 0.0761607 0.0763219 0.1242413 0.1375365 0.0461410 0.0700895 0.1264588 0.0840440 0.2351849 0.2334094 0.0233914 0.0779888 0.0080759 0.2941905 0.0834266 0.0718706 0.0818077 0.0372150 0.2253580 0.1322619 0.0731488 0.0730258 0.0692314 0.0842844 0.2632981 
Perityle_angustifolia_13_Eagle_creek       0.1252228 0.1222843 0.1739033 0.3788215 0.1262931 0.3765861 0.1961775 0.4239483 0.1828739 0.2734955 0.0098311 0.0147878 0.0183561 0.0000000 0.0266777 0.0109497 0.1445066 0.0798778 0.0086370 0.1357732 0.0148260 0.0132352 0.0160034 0.0400895 0.0077907 0.0284321 0.0782987 0.0758542 0.1914187 0.1638676 0.1334574 0.0866432 0.1823055 0.0116060 0.1660896 0.0983029 0.0086813 0.0805676 0.0218593 0.0160174 0.0148080 0.0775474 0.0100602 0.1217736 0.0870376 0.0129635 0.2937622 0.0148073 0.0123138 0.0837524 0.0230165 0.0130231 0.0152158 0.0264767 0.0021521 0.0165660 0.0382300 0.0540456 0.0997557 0.0123257 0.0705942 0.0936035 0.0489275 0.0196527 0.0098820 0.0758542 0.0240931 0.1840394 0.1425038 0.0076736 0.0130060 0.0159720 0.1828864 0.0198730 0.0044471 0.0123247 0.0075251 0.1828999 0.0495382 0.0174269 0.0098311 0.0358700 0.0123131 0.1459258 
Perityle_batopilensis_97                   0.1955364 0.1533197 0.3318114 0.6117351 0.2064500 0.6224487 0.2145024 0.5873972 0.4298530 0.4890553 0.0423305 0.0897844 0.0884837 0.0266777 0.0000000 0.0474270 0.2111556 0.1650230 0.0380046 0.2343204 0.0601279 0.0174817 0.1392590 0.2325993 0.0902053 0.0613551 0.2369270 0.1086951 0.4044644 0.1959081 0.3753601 0.1691249 0.3914698 0.1309235 0.3963667 0.1999870 0.0531286 0.1492549 0.0155099 0.1571352 0.0947135 0.1296576 0.0517927 0.2055868 0.1425875 0.0547731 0.3225286 0.0955673 0.0744879 0.1487930 0.1431876 0.1412723 0.1417779 0.0817708 0.0456894 0.0715776 0.0570953 0.0718169 0.1374113 0.0853690 0.1007699 0.1323470 0.1754356 0.0423583 0.0386123 0.1146380 0.0690144 0.2647146 0.3057421 0.0349984 0.0544908 0.1416013 0.3573824 0.0964490 0.0277833 0.0649391 0.0363737 0.2476414 0.1360439 0.1297208 0.0426670 0.0690040 0.0812792 0.3958468 
Perityle_bisetosa_9                        0.1761820 0.1358106 0.3556802 0.5933452 0.2374216 0.6210532 0.2099537 0.5953247 0.4545517 0.5155056 0.0361026 0.0876822 0.0500010 0.0109497 0.0474270 0.0000000 0.2102464 0.1273436 0.0165406 0.2124213 0.0308710 0.0043487 0.1103027 0.2125648 0.0916955 0.0409190 0.2564649 0.1503445 0.3925856 0.1762638 0.4246048 0.1467662 0.4107800 0.1159648 0.4031050 0.1806642 0.0270827 0.1397466 0.0312309 0.1342346 0.0925465 0.1120067 0.0215786 0.1987738 0.1649798 0.0361372 0.3119985 0.0986517 0.0435992 0.1612490 0.1012005 0.1130994 0.1213808 0.0836113 0.0171719 0.0727629 0.0468986 0.0495040 0.1090819 0.0534729 0.0844412 0.1225754 0.1957217 0.0365048 0.0331065 0.1428701 0.0651413 0.3191401 0.3574280 0.0171647 0.0258680 0.1241415 0.3255178 0.0603099 0.0152254 0.0593050 0.0197778 0.3077037 0.1635063 0.1137669 0.0322325 0.0694147 0.0480638 0.4153018 
Perityle_californica_76_positas            0.1620193 0.1147641 0.2170115 0.4016399 0.1333897 0.4472985 0.1796121 0.4044336 0.1359387 0.1322224 0.2136951 0.2675670 0.1989234 0.1445066 0.2111556 0.2102464 0.0000000 0.1610314 0.1891276 0.0325365 0.2162159 0.0545918 0.2776821 0.3224235 0.2375729 0.1974716 0.3116957 0.2030932 0.1348925 0.1169446 0.0362156 0.2254233 0.1357695 0.2851412 0.1252364 0.2112123 0.2206919 0.2293111 0.2047911 0.2803885 0.2668608 0.2214532 0.2191278 0.2499897 0.2266392 0.2118890 0.0695198 0.2817254 0.2633587 0.2256162 0.2532066 0.3127751 0.3233704 0.2283351 0.2070026 0.1854043 0.1680904 0.1308709 0.2585363 0.2686445 0.1064920 0.0927528 0.2435581 0.0906297 0.2136951 0.2154728 0.2237023 0.2592652 0.2005600 0.0818956 0.2079466 0.2803885 0.1251492 0.2678004 0.1144804 0.2197378 0.0591112 0.2508153 0.2196312 0.2966601 0.2136951 0.1051948 0.2717502 0.1131124 
Perityle_canescens_77                      0.1720173 0.1422541 0.2262749 0.6233669 0.2407545 0.5789026 0.1341210 0.5796580 0.2700322 0.4082550 0.1474953 0.1584884 0.1921769 0.0798778 0.1650230 0.1273436 0.1610314 0.0000000 0.1357533 0.1930847 0.0995964 0.0503221 0.2400964 0.2470881 0.1467896 0.1545071 0.1971113 0.1655201 0.2872478 0.1570547 0.3256582 0.2370472 0.2730442 0.2217443 0.2653161 0.1477912 0.1181395 0.1480913 0.1345195 0.2419861 0.1691164 0.1088884 0.1015583 0.1284569 0.1463218 0.1366359 0.3055145 0.1634462 0.1500051 0.1473743 0.2376141 0.2223676 0.2113020 0.1551839 0.0939352 0.1028251 0.1145796 0.1148219 0.1162768 0.1464863 0.1039882 0.1440350 0.1887486 0.0845602 0.1468224 0.1749515 0.1569738 0.2879425 0.2414900 0.0789839 0.1345381 0.2415943 0.2804188 0.1528182 0.0768223 0.1571459 0.0944421 0.2780465 0.1728046 0.2300368 0.1466918 0.0763632 0.1444551 0.2623438 
Perityle_castillonii_96                    0.1449352 0.1354321 0.2393256 0.5820430 0.1680357 0.5808003 0.2100750 0.5534802 0.2758448 0.3959330 0.0207783 0.0297966 0.0627993 0.0086370 0.0380046 0.0165406 0.1891276 0.1357533 0.0000000 0.2300340 0.0313889 0.0174834 0.0540193 0.1493634 0.0286323 0.0446242 0.1886231 0.0710013 0.2892271 0.1643088 0.3444257 0.1449358 0.2813208 0.0444779 0.2656277 0.1170675 0.0241861 0.1108276 0.0354142 0.0540891 0.0298436 0.0965623 0.0281908 0.1711437 0.1122571 0.0233252 0.3404674 0.0391781 0.0331037 0.1038620 0.0644943 0.0550425 0.0509021 0.0448152 0.0179560 0.0386538 0.0511234 0.0576052 0.0926395 0.0344291 0.0776849 0.1248690 0.1105484 0.0393285 0.0193693 0.0760152 0.0431930 0.2383992 0.2496647 0.0195019 0.0177843 0.0554081 0.2826333 0.0364776 0.0213886 0.0299398 0.0265649 0.2279918 0.0854370 0.0536346 0.0207135 0.0617941 0.0323729 0.2519522 
Perityle_cernua_84                         0.2065497 0.0825128 0.2655029 0.2563990 0.2271764 0.3929162 0.1846004 0.3435797 0.0207004 0.1282510 0.2526450 0.2468579 0.2226707 0.1357732 0.2343204 0.2124213 0.0325365 0.1930847 0.2300340 0.0000000 0.1768339 0.0579032 0.2180005 0.2267680 0.2010241 0.2258471 0.3047701 0.0986861 0.0050182 0.0000010 0.0429664 0.2333992 0.0259321 0.1778622 0.0000010 0.2579758 0.2237306 0.2345073 0.2280633 0.2180005 0.2510746 0.2404948 0.1866325 0.2723162 0.2326206 0.2341259 0.0462254 0.2589660 0.2544907 0.2620524 0.2227051 0.2197129 0.2228569 0.2270020 0.1743392 0.0779657 0.0898139 0.1066539 0.1409948 0.2468505 0.0973016 0.0685130 0.2133110 0.0723799 0.2496451 0.1027702 0.2298636 0.2987476 0.2773881 0.0771876 0.2257415 0.2180005 0.0025022 0.2522997 0.0709001 0.2542576 0.0766930 0.3037270 0.2211894 0.2294431 0.2513205 0.0677605 0.2543396 0.0000010 
Perityle_cfvillosa_25_tin                  0.1761833 0.1429586 0.2238067 0.5050098 0.1935716 0.4816120 0.1981040 0.5426537 0.2111122 0.3800634 0.0238949 0.0137492 0.0894820 0.0148260 0.0601279 0.0308710 0.2162159 0.0995964 0.0313889 0.1768339 0.0000000 0.0145003 0.1598337 0.1684792 0.0139813 0.0446239 0.1643821 0.1076658 0.2367921 0.1779988 0.2693329 0.1411319 0.2144897 0.1253715 0.2155566 0.1108557 0.0445148 0.1219677 0.0530235 0.1622226 0.0271557 0.1204332 0.0145059 0.1712221 0.1210623 0.0478235 0.2961219 0.0255088 0.0133455 0.1261332 0.1510786 0.1165224 0.1558869 0.0513531 0.0392068 0.0573693 0.0519221 0.0630016 0.0614906 0.0038126 0.0664719 0.1336401 0.1339093 0.0478272 0.0240746 0.1170925 0.0511387 0.2321904 0.1939646 0.0285379 0.0386427 0.1616093 0.2194659 0.0227620 0.0030103 0.0222158 0.0097561 0.2290061 0.0851380 0.1704867 0.0270186 0.0328771 0.0218567 0.2063389 
Perityle_cinerea_113_Powell1310            0.0875561 0.1152608 0.1047736 0.2457554 0.0790891 0.2256848 0.1177358 0.2424682 0.0914068 0.0839331 0.0194130 0.0194099 0.0177023 0.0132352 0.0174817 0.0043487 0.0545918 0.0503221 0.0174834 0.0579032 0.0145003 0.0000000 0.0132064 0.0087437 0.0145003 0.0308237 0.0308879 0.0507707 0.1093657 0.0906957 0.0509424 0.0434590 0.0910319 0.0220058 0.0816515 0.0542136 0.0265474 0.0496308 0.0174731 0.0132064 0.0145003 0.0453282 0.0049387 0.0448261 0.0498238 0.0219091 0.0612916 0.0194130 0.0145003 0.0450729 0.0177031 0.0175786 0.0219056 0.0356129 0.0218742 0.0219281 0.0310575 0.0556370 0.0145003 0.0145003 0.0519556 0.0147048 0.0556514 0.0311133 0.0194130 0.0554750 0.0353400 0.0990782 0.0891468 0.0264455 0.0174452 0.0132064 0.0989398 0.0293769 0.0145003 0.0144642 0.0195281 0.0999838 0.0455181 0.0263992 0.0194130 0.0280238 0.0145003 0.0718139 
Perityle_coahuilensis_24                   0.2726599 0.1874009 0.4285073 0.6914588 0.2659493 0.7170362 0.2144226 0.6187563 0.5114801 0.5279372 0.1174567 0.1859037 0.0080988 0.0160034 0.1392590 0.1103027 0.2776821 0.2400964 0.0540193 0.2180005 0.1598337 0.0132064 0.0000000 0.2414314 0.1757690 0.1205227 0.3842121 0.1883573 0.4651962 0.2220809 0.4469866 0.2725923 0.4597494 0.1415860 0.4904811 0.2502373 0.1638046 0.2243101 0.1368419 0.0028719 0.1750989 0.2203480 0.1494987 0.3225065 0.2405079 0.1345280 0.3332675 0.1999892 0.1637560 0.2516682 0.0138360 0.1414104 0.1621717 0.1875268 0.1485885 0.1486343 0.1147249 0.0706963 0.2696910 0.1512061 0.0857760 0.1167185 0.2808534 0.0398244 0.1061285 0.1863547 0.1550009 0.3143804 0.3666717 0.0207073 0.1275326 0.0008125 0.4053860 0.1518998 0.0550030 0.1580337 0.0369163 0.2994655 0.2279716 0.1484084 0.1299915 0.0551232 0.1727495 0.4957381 
Perityle_cochisensis_44_cave_creek         0.3440448 0.1928774 0.4172937 0.7036444 0.3555946 0.6715705 0.2156302 0.6077562 0.3890225 0.5116263 0.2444000 0.2557065 0.1619732 0.0400895 0.2325993 0.2125648 0.3224235 0.2470881 0.1493634 0.2267680 0.1684792 0.0087437 0.2414314 0.0000000 0.2235316 0.2023230 0.3378616 0.2493280 0.4094080 0.2189925 0.4637186 0.3182818 0.3942956 0.1649466 0.4228541 0.2539326 0.2269653 0.3089834 0.1921241 0.2547807 0.2466560 0.2496594 0.1592864 0.2914310 0.3097224 0.2324048 0.3595803 0.2585522 0.2419609 0.3112984 0.2138767 0.1824771 0.2086693 0.2455402 0.1560592 0.1305493 0.0975768 0.0720114 0.2361112 0.2469071 0.0772778 0.1290858 0.2760700 0.0395132 0.2422294 0.2485144 0.2462773 0.3902840 0.3962223 0.0270889 0.2055275 0.2425847 0.3792005 0.2473796 0.0412574 0.2493897 0.0264049 0.3725049 0.2860953 0.1944936 0.2425526 0.0763477 0.2374623 0.4051753 
Perityle_congesta_202                      0.2255616 0.1427595 0.3830996 0.5981784 0.2953917 0.6151091 0.1706477 0.6116960 0.5126792 0.5440233 0.0784585 0.0212730 0.0853935 0.0077907 0.0902053 0.0916955 0.2375729 0.1467896 0.0286323 0.2010241 0.0139813 0.0145003 0.1757690 0.2235316 0.0000000 0.0523254 0.2915813 0.1593068 0.4187166 0.1610983 0.4594602 0.2014932 0.4517167 0.1414145 0.4453623 0.1950996 0.1011678 0.1741813 0.0603262 0.2161886 0.0167754 0.1431242 0.0045569 0.2209973 0.1927766 0.1074126 0.3097501 0.0212692 0.0079236 0.1880777 0.1484294 0.1381050 0.1823029 0.1446332 0.0501161 0.1217242 0.0542991 0.0629479 0.0530831 0.0153973 0.0870325 0.1437203 0.2397333 0.0439528 0.0774893 0.1572242 0.1212491 0.3233407 0.3699500 0.0255965 0.0449003 0.1900010 0.3319623 0.0161012 0.0030072 0.0681770 0.0064787 0.3169040 0.1811096 0.1636428 0.0836531 0.0328771 0.0227947 0.4799368 
Perityle_cordifolia_27                     0.2023711 0.1472491 0.3132696 0.6412844 0.1828950 0.6368915 0.2043042 0.5813398 0.3582258 0.4614864 0.0430981 0.0512370 0.0889028 0.0284321 0.0613551 0.0409190 0.1974716 0.1545071 0.0446242 0.2258471 0.0446239 0.0308237 0.1205227 0.2023230 0.0523254 0.0000000 0.2100084 0.1037026 0.3663791 0.1808456 0.3704646 0.1815347 0.3602050 0.1068032 0.3487483 0.1945718 0.0501154 0.1387064 0.0506047 0.1222328 0.0587405 0.1309660 0.0472861 0.1931877 0.1365265 0.0510791 0.3397399 0.0560838 0.0480694 0.1395464 0.1368590 0.1125642 0.1039441 0.0125106 0.0506661 0.0585105 0.0670311 0.0752515 0.0980540 0.0506160 0.1009905 0.1392716 0.1419574 0.0118320 0.0421087 0.1098192 0.0090404 0.2683040 0.3082797 0.0394699 0.0484478 0.1217489 0.3444768 0.0524953 0.0246837 0.0534279 0.0400647 0.2595655 0.1291719 0.1097377 0.0417933 0.0762404 0.0528529 0.3336947 
Perityle_cordifolia_68_tecolote            0.3305624 0.2017981 0.4991657 0.7542764 0.5056742 0.7755468 0.2084655 0.6793531 0.5837861 0.6405718 0.2905993 0.3272163 0.2341507 0.0782987 0.2369270 0.2564649 0.3116957 0.1971113 0.1886231 0.3047701 0.1643821 0.0308879 0.3842121 0.3378616 0.2915813 0.2100084 0.0000000 0.2961401 0.4799289 0.2294533 0.6154116 0.3416614 0.5097024 0.3185009 0.5487518 0.2797359 0.2182305 0.3072562 0.1616931 0.3992795 0.3330193 0.2148248 0.1550033 0.2588033 0.3695018 0.2810114 0.3961887 0.3436698 0.2760234 0.3167249 0.2651072 0.3286617 0.3377180 0.3308070 0.1291313 0.1188895 0.0136411 0.0785515 0.2337808 0.2842562 0.1030898 0.1543680 0.3904602 0.0581612 0.3163960 0.2882797 0.3277443 0.5366644 0.5090584 0.0422679 0.2084193 0.4012916 0.4036994 0.3007213 0.0402720 0.2875424 0.0434921 0.5226420 0.3834567 0.3462619 0.3126115 0.0761520 0.2557027 0.5220774 
Perityle_coronopifolia_28_patagonia        0.2108929 0.1541326 0.3016699 0.6112660 0.2617223 0.6255124 0.1618577 0.6092499 0.4491919 0.4715756 0.1409401 0.1770164 0.1272577 0.0758542 0.1086951 0.1503445 0.2030932 0.1655201 0.0710013 0.0986861 0.1076658 0.0507707 0.1883573 0.2493280 0.1593068 0.1037026 0.2961401 0.0000000 0.3471773 0.1707169 0.3404377 0.1778108 0.3648860 0.2174369 0.3581111 0.2151950 0.1553686 0.1623203 0.1080873 0.2452529 0.1774497 0.1471257 0.0995136 0.1855215 0.1976830 0.1436034 0.2568144 0.1841475 0.1240052 0.2003831 0.1966303 0.2174889 0.2259556 0.2002349 0.0977289 0.0965510 0.0904256 0.0894344 0.1682189 0.1306004 0.0614167 0.1351681 0.2360703 0.0933286 0.1334407 0.0285181 0.1698910 0.3056463 0.3353952 0.0861737 0.1130534 0.2006889 0.2830660 0.1309280 0.0442572 0.1321287 0.0775514 0.2967954 0.1955345 0.2007250 0.1520541 0.0335597 0.1353003 0.3989829 
Perityle_crassifolia_70_ventanas           0.2540349 0.1145759 0.3606713 0.4067458 0.2779916 0.5638672 0.2140823 0.4783667 0.0284330 0.2025779 0.3905244 0.3870334 0.3013827 0.1914187 0.4044644 0.3925856 0.1348925 0.2872478 0.2892271 0.0050182 0.2367921 0.1093657 0.4651962 0.4094080 0.4187166 0.3663791 0.4799289 0.3471773 0.0000000 0.0050027 0.1310696 0.2853542 0.0314894 0.4335127 0.0039748 0.4423485 0.3040621 0.3728824 0.2866187 0.4596457 0.4432956 0.2870629 0.2423362 0.3258337 0.2904688 0.3887188 0.0613137 0.3834760 0.3365758 0.3292211 0.3424639 0.4057279 0.4580988 0.4260530 0.2419425 0.2009661 0.1671824 0.1649421 0.2357496 0.4266011 0.1508593 0.1251677 0.2930663 0.1402955 0.3864953 0.3373981 0.4186884 0.3613670 0.4239713 0.1402288 0.2907495 0.4674540 0.0047015 0.4358075 0.1138855 0.4346655 0.1279055 0.3630512 0.3715293 0.4443461 0.3551579 0.1228082 0.3236528 0.0040002 
Perityle_crassifolia_74_playa_balandra     0.1715761 0.1051774 0.1605423 0.4329977 0.1709808 0.4333386 0.1869576 0.3825246 0.0272943 0.2224894 0.1815142 0.1814992 0.1923862 0.1638676 0.1959081 0.1762638 0.1169446 0.1570547 0.1643088 0.0000010 0.1779988 0.0906957 0.2220809 0.2189925 0.1610983 0.1808456 0.2294533 0.1707169 0.0050027 0.0000000 0.1414830 0.2003666 0.0328295 0.1944202 0.0000010 0.2143682 0.1827825 0.2099679 0.1970872 0.2249506 0.1824912 0.2003103 0.1801681 0.2255795 0.2117357 0.1824628 0.0595794 0.1785372 0.1869341 0.2025484 0.2300755 0.2220504 0.2346915 0.1868026 0.1810981 0.1272335 0.1543858 0.1554945 0.1759849 0.1779988 0.1330860 0.1020870 0.2079766 0.1248529 0.1783310 0.1813257 0.1858348 0.2291198 0.2027552 0.1248890 0.1743662 0.2249506 0.0024936 0.1897351 0.0982833 0.1779770 0.1104756 0.2419918 0.2019779 0.2283886 0.1775500 0.1091819 0.1774660 0.0000010 
Perityle_cuneata_34_cuneata_San_antonio    0.2467206 0.1544769 0.3164336 0.3743753 0.2778480 0.5798291 0.1897146 0.4990592 0.1903506 0.1846473 0.4793122 0.5150106 0.3326768 0.1334574 0.3753601 0.4246048 0.0362156 0.3256582 0.3444257 0.0429664 0.2693329 0.0509424 0.4469866 0.4637186 0.4594602 0.3704646 0.6154116 0.3404377 0.1310696 0.1414830 0.0000000 0.3079027 0.1397038 0.4478003 0.1601540 0.4012367 0.3612690 0.3340838 0.2996709 0.4797568 0.5160731 0.2956733 0.2701040 0.3464407 0.3602665 0.4385777 0.0552213 0.6243673 0.3890807 0.3699288 0.3530317 0.4380434 0.4832810 0.5360106 0.2563087 0.2286333 0.2002137 0.1532155 0.2868706 0.4347153 0.1346421 0.1109411 0.2964278 0.1045088 0.5514585 0.3422058 0.5384403 0.4131448 0.4076849 0.0922502 0.3530780 0.4962635 0.1228313 0.4270598 0.1544754 0.4343009 0.0957339 0.4079887 0.3594544 0.4624802 0.5446259 0.0951738 0.3887963 0.1362879 
Perityle_cuneata_4                         0.2037815 0.1719140 0.2917907 0.6090865 0.1989234 0.6465456 0.2033143 0.5673683 0.2816585 0.3984279 0.1538356 0.1999033 0.2097203 0.0866432 0.1691249 0.1467662 0.2254233 0.2370472 0.1449358 0.2333992 0.1411319 0.0434590 0.2725923 0.3182818 0.2014932 0.1815347 0.3416614 0.1778108 0.2853542 0.2003666 0.3079027 0.0000000 0.2842921 0.2699696 0.2745235 0.1659026 0.1680553 0.1705500 0.1592876 0.2747307 0.2013009 0.1753932 0.1397702 0.2260009 0.1652430 0.1621149 0.3178836 0.1998846 0.1958539 0.1696569 0.2537367 0.2558857 0.2582040 0.1913671 0.1598868 0.1438382 0.1565081 0.1348021 0.2198835 0.1938457 0.1161237 0.1648380 0.1879092 0.1030732 0.1499756 0.1878930 0.1915750 0.2833222 0.3088280 0.1099490 0.1658137 0.2738056 0.2936238 0.1994977 0.0757738 0.1586090 0.0936250 0.2615845 0.1765519 0.2424581 0.1513839 0.1029931 0.1974819 0.2602825 
Perityle_discoidea_81                      0.2440254 0.1060589 0.3648013 0.3575172 0.2622461 0.5128072 0.1951882 0.4469681 0.0067522 0.1898206 0.4198850 0.4180232 0.3002317 0.1823055 0.3914698 0.4107800 0.1357695 0.2730442 0.2813208 0.0259321 0.2144897 0.0910319 0.4597494 0.3942956 0.4517167 0.3602050 0.5097024 0.3648860 0.0314894 0.0328295 0.1397038 0.2842921 0.0000000 0.4531070 0.0238201 0.4506344 0.3101664 0.3588611 0.2675511 0.4594076 0.4665158 0.2700478 0.2176858 0.3149883 0.2741303 0.4120962 0.0508903 0.4119601 0.3461613 0.3281438 0.3004022 0.3935315 0.4388303 0.4640697 0.2277552 0.2110212 0.1629969 0.1605794 0.2417781 0.4455229 0.1591353 0.1289142 0.2786279 0.1223160 0.4151449 0.3475573 0.4553844 0.3485970 0.4066773 0.1311265 0.2843813 0.4687889 0.0257265 0.4526007 0.1125242 0.4256769 0.1267625 0.3611133 0.3638756 0.4249699 0.3871250 0.1302029 0.3330305 0.0241765 
Perityle_dissecta_201                      0.2826623 0.1922613 0.4168071 0.7097078 0.2810988 0.7360313 0.1752644 0.6386110 0.4809054 0.5374610 0.1211237 0.1368053 0.0729305 0.0116060 0.1309235 0.1159648 0.2851412 0.2217443 0.0444779 0.1778622 0.1253715 0.0220058 0.1415860 0.1649466 0.1414145 0.1068032 0.3185009 0.2174369 0.4335127 0.1944202 0.4478003 0.2699696 0.4531070 0.0000000 0.4798360 0.2360476 0.1510977 0.2250050 0.1285010 0.1639029 0.1280451 0.2130322 0.1091563 0.2711655 0.2492025 0.1385952 0.3234903 0.1438165 0.1286127 0.2321082 0.1204718 0.0239289 0.0660046 0.1788296 0.1204506 0.1556769 0.0927952 0.0740024 0.2240478 0.1340089 0.0978265 0.1291147 0.2373574 0.0394319 0.1317366 0.2127498 0.1558012 0.3043247 0.3845295 0.0220168 0.1031229 0.1506099 0.3715383 0.1436905 0.0508381 0.1592174 0.0296266 0.3091074 0.2106730 0.0756205 0.1282931 0.0625806 0.1435323 0.4702543 
Perityle_emoryi_47_punta_san_jose          0.2271420 0.0970104 0.3539183 0.4026635 0.2777301 0.5846378 0.1918120 0.4958703 0.0508866 0.2222247 0.4223604 0.4316443 0.2791859 0.1660896 0.3963667 0.4031050 0.1252364 0.2653161 0.2656277 0.0000010 0.2155566 0.0816515 0.4904811 0.4228541 0.4453623 0.3487483 0.5487518 0.3581111 0.0039748 0.0000010 0.1601540 0.2745235 0.0238201 0.4798360 0.0000000 0.4453925 0.2981227 0.3559959 0.2691162 0.4779254 0.4900247 0.2616699 0.2200896 0.3067082 0.3009585 0.3899458 0.0434024 0.4326884 0.3387048 0.3163716 0.3217340 0.4108169 0.4614540 0.4976730 0.2189347 0.1786716 0.1289311 0.1332701 0.2409754 0.4409123 0.1203888 0.1030314 0.2840132 0.1077538 0.4563977 0.3494274 0.4929206 0.3683211 0.4280883 0.1086790 0.2760165 0.5245041 0.0016053 0.4463069 0.0823895 0.4260588 0.0970838 0.3768571 0.3855694 0.4512150 0.4209247 0.0973376 0.3260705 0.0247208 
Perityle_feddemae_99                       0.1843862 0.1263785 0.3061252 0.6161424 0.1951972 0.6192062 0.2164868 0.5816529 0.4758957 0.4846525 0.1945845 0.1545136 0.1333642 0.0983029 0.1999870 0.1806642 0.2112123 0.1477912 0.1170675 0.2579758 0.1108557 0.0542136 0.2502373 0.2539326 0.1950996 0.1945718 0.2797359 0.2151950 0.4423485 0.2143682 0.4012367 0.1659026 0.4506344 0.2360476 0.4453925 0.0000000 0.1231520 0.2014525 0.1281777 0.2164241 0.1889609 0.0261723 0.1109355 0.0960669 0.1280667 0.1678560 0.3657809 0.1376612 0.1288393 0.0232832 0.1862474 0.1852368 0.1904706 0.2165665 0.1166766 0.0938026 0.1016825 0.1097268 0.1539246 0.1986906 0.1055737 0.1548256 0.1575557 0.1076674 0.1897757 0.2191696 0.2050924 0.2714533 0.3362709 0.1092354 0.1284768 0.2501192 0.3929638 0.2011994 0.0736396 0.2017620 0.1120113 0.2531237 0.2065562 0.2177986 0.1505856 0.0925417 0.1266173 0.4466296 
Perityle_fosteri_93                        0.1836871 0.1364387 0.3114936 0.5895451 0.2349981 0.5746533 0.2048380 0.5691203 0.3168291 0.4425535 0.0377087 0.0975891 0.0742255 0.0086813 0.0531286 0.0270827 0.2206919 0.1181395 0.0241861 0.2237306 0.0445148 0.0265474 0.1638046 0.2269653 0.1011678 0.0501154 0.2182305 0.1553686 0.3040621 0.1827825 0.3612690 0.1680553 0.3101664 0.1510977 0.2981227 0.1231520 0.0000000 0.1574157 0.0382968 0.1710795 0.1011535 0.1222126 0.0342223 0.2149016 0.1544988 0.0330842 0.3266000 0.1009253 0.0642354 0.1610835 0.1273201 0.1452009 0.1558191 0.0681423 0.0082583 0.0884098 0.0504619 0.0581930 0.1333396 0.0777384 0.0754775 0.1367610 0.1819997 0.0427803 0.0351814 0.1361159 0.0659690 0.2741859 0.2601511 0.0000010 0.0394412 0.1647243 0.2606392 0.0873001 0.0247657 0.0731504 0.0333891 0.2620863 0.1394735 0.1432054 0.0389555 0.0621648 0.0670863 0.2833442 
Perityle_gamon_221                         0.1984772 0.1598096 0.3045646 0.6193658 0.2023449 0.6111351 0.2293369 0.5806977 0.3857747 0.4208907 0.1385098 0.1729333 0.1382422 0.0805676 0.1492549 0.1397466 0.2293111 0.1480913 0.1108276 0.2345073 0.1219677 0.0496308 0.2243101 0.3089834 0.1741813 0.1387064 0.3072562 0.1623203 0.3728824 0.2099679 0.3340838 0.1705500 0.3588611 0.2250050 0.3559959 0.2014525 0.1574157 0.0000000 0.1232520 0.2430788 0.1758300 0.1305207 0.1148335 0.1734207 0.0181017 0.1378340 0.3407097 0.1776864 0.1418052 0.1353175 0.1892489 0.2234693 0.2524668 0.2033000 0.1124471 0.1386975 0.1248135 0.1164501 0.1890129 0.1596797 0.0909536 0.1546448 0.1939505 0.0939484 0.1367212 0.1525196 0.1850610 0.2524757 0.2994603 0.0896997 0.1246318 0.2293318 0.3418687 0.1649952 0.0865285 0.1472365 0.0833366 0.2546393 0.1593847 0.2079246 0.1337424 0.1107881 0.1522619 0.3564308 
Perityle_gentryi_8_san_francisco           0.1806923 0.1465918 0.2635260 0.5656289 0.1796357 0.5494949 0.2038340 0.5531481 0.2714175 0.3957931 0.0325855 0.0590591 0.0802398 0.0218593 0.0155099 0.0312309 0.2047911 0.1345195 0.0354142 0.2280633 0.0530235 0.0174731 0.1368419 0.1921241 0.0603262 0.0506047 0.1616931 0.1080873 0.2866187 0.1970872 0.2996709 0.1592876 0.2675511 0.1285010 0.2691162 0.1281777 0.0382968 0.1232520 0.0000000 0.1385907 0.0686080 0.1272205 0.0445884 0.1872416 0.1237445 0.0422539 0.3180623 0.0638604 0.0577676 0.1268630 0.1321173 0.1243456 0.1305288 0.0534516 0.0366670 0.0454124 0.0523477 0.0688581 0.1200834 0.0604806 0.0840144 0.1357654 0.1427647 0.0361587 0.0282955 0.1197024 0.0532535 0.2369735 0.2190192 0.0319450 0.0454537 0.1381530 0.2749805 0.0652813 0.0215231 0.0452507 0.0330717 0.2322304 0.1064314 0.1185017 0.0324882 0.0762874 0.0665130 0.2547402 
Perityle_gilensis_22_Superstition          0.2726649 0.1858818 0.4315760 0.6867707 0.2931225 0.7326260 0.2135762 0.6213901 0.4594480 0.5302362 0.1517933 0.2033936 0.0067459 0.0160174 0.1571352 0.1342346 0.2803885 0.2419861 0.0540891 0.2180005 0.1622226 0.0132064 0.0028719 0.2547807 0.2161886 0.1222328 0.3992795 0.2452529 0.4596457 0.2249506 0.4797568 0.2747307 0.4594076 0.1639029 0.4779254 0.2164241 0.1710795 0.2430788 0.1385907 0.0000000 0.2012761 0.2223144 0.1519099 0.3329487 0.2648214 0.1525265 0.3343974 0.2197578 0.1656499 0.2711647 0.0113054 0.1566426 0.1789650 0.1989362 0.1504720 0.1554101 0.1149486 0.0709535 0.2723275 0.1685056 0.0724552 0.1132547 0.3067358 0.0398715 0.1513377 0.2320779 0.1841322 0.3297457 0.3765109 0.0207946 0.1276219 0.0028149 0.4073156 0.1783246 0.0582333 0.1819979 0.0370713 0.3192690 0.2532569 0.1649446 0.1597709 0.0617941 0.1748124 0.4593620 
Perityle_gilensis_salensis_225             0.2339682 0.1630641 0.4426247 0.6068188 0.3111156 0.6780882 0.2042949 0.6256577 0.5181923 0.5800729 0.0833326 0.0228476 0.0761776 0.0148080 0.0947135 0.0925465 0.2668608 0.1691164 0.0298436 0.2510746 0.0271557 0.0145003 0.1750989 0.2466560 0.0167754 0.0587405 0.3330193 0.1774497 0.4432956 0.1824912 0.5160731 0.2013009 0.4665158 0.1280451 0.4900247 0.1889609 0.1011535 0.1758300 0.0686080 0.2012761 0.0000000 0.1479191 0.0221389 0.2463190 0.2221505 0.1095323 0.3418297 0.0320728 0.0196850 0.1949739 0.1356834 0.1302564 0.1680424 0.1377470 0.0555385 0.1216870 0.0519363 0.0630007 0.0697987 0.0249202 0.0752529 0.1567957 0.2364427 0.0439528 0.0950580 0.1732597 0.1369962 0.3644067 0.4157378 0.0314360 0.0562161 0.2000168 0.3622262 0.0248817 0.0000010 0.0716021 0.0064787 0.3449774 0.2020929 0.1490182 0.1006449 0.0328771 0.0315155 0.4813189 
Perityle_glaucescens_94                    0.1898477 0.1465672 0.2455756 0.6225181 0.1965420 0.5736085 0.2257604 0.5614705 0.2702512 0.3910409 0.1119466 0.1538516 0.1504496 0.0775474 0.1296576 0.1120067 0.2214532 0.1088884 0.0965623 0.2404948 0.1204332 0.0453282 0.2203480 0.2496594 0.1431242 0.1309660 0.2148248 0.1471257 0.2870629 0.2003103 0.2956733 0.1753932 0.2700478 0.2130322 0.2616699 0.0261723 0.1222126 0.1305207 0.1272205 0.2223144 0.1479191 0.0000000 0.1165198 0.0519547 0.1291147 0.1166328 0.3347218 0.1527988 0.1452620 0.0051858 0.2094601 0.2095269 0.2208536 0.1439048 0.1206122 0.1234737 0.1050770 0.1006912 0.1837254 0.1486275 0.0862296 0.1403029 0.1651899 0.0916544 0.1092788 0.1569638 0.1433394 0.2341606 0.2090588 0.0879604 0.1131194 0.2217178 0.2775899 0.1582199 0.0648968 0.1153301 0.0904257 0.2266310 0.1431081 0.1973533 0.1096945 0.0837232 0.1521216 0.2549437 
Perityle_gracilis_11                       0.1738738 0.1393723 0.2232295 0.5000391 0.1892064 0.4620595 0.2050535 0.5372882 0.2141445 0.3876183 0.0226762 0.0146045 0.0850197 0.0100602 0.0517927 0.0215786 0.2191278 0.1015583 0.0281908 0.1866325 0.0145059 0.0049387 0.1494987 0.1592864 0.0045569 0.0472861 0.1550033 0.0995136 0.2423362 0.1801681 0.2701040 0.1397702 0.2176858 0.1091563 0.2200896 0.1109355 0.0342223 0.1148335 0.0445884 0.1519099 0.0221389 0.1165198 0.0000000 0.1631503 0.1102507 0.0375834 0.2958828 0.0028760 0.0043283 0.1188951 0.1500352 0.1049166 0.1422493 0.0496325 0.0305826 0.0454832 0.0531562 0.0546586 0.0497417 0.0130202 0.0626631 0.1275472 0.1276925 0.0451410 0.0228496 0.1070267 0.0494897 0.2332168 0.1977110 0.0232440 0.0360150 0.1513208 0.2294307 0.0203763 0.0000010 0.0128371 0.0066331 0.2292142 0.0876419 0.1524581 0.0258551 0.0331934 0.0159207 0.2076663 
Perityle_harkerae_31                       0.2327184 0.1547915 0.2924350 0.6598267 0.2634591 0.5989974 0.2369725 0.5863613 0.3151970 0.4025291 0.2053986 0.2535361 0.2320923 0.1217736 0.2055868 0.1987738 0.2499897 0.1284569 0.1711437 0.2723162 0.1712221 0.0448261 0.3225065 0.2914310 0.2209973 0.1931877 0.2588033 0.1855215 0.3258337 0.2255795 0.3464407 0.2260009 0.3149883 0.2711655 0.3067082 0.0960669 0.2149016 0.1734207 0.1872416 0.3329487 0.2463190 0.0519547 0.1631503 0.0000000 0.1725904 0.2067277 0.3467677 0.2494531 0.2183468 0.0619651 0.2893561 0.2923913 0.3335723 0.2408622 0.1673538 0.1469535 0.1125752 0.1067276 0.1978793 0.2323178 0.0920153 0.1502970 0.2307905 0.0932537 0.2032637 0.1711995 0.2349072 0.2876923 0.2898869 0.0979669 0.1862595 0.3237379 0.3123355 0.2464069 0.0706713 0.2168918 0.0998254 0.2902593 0.2103690 0.2916772 0.2045559 0.0914855 0.2286667 0.2989449 
Perityle_hofmeisteria_4_nombre_de_dios     0.1983713 0.1801456 0.2804056 0.6016869 0.2189599 0.6476358 0.2302531 0.6177200 0.2935699 0.3611798 0.1858852 0.2242631 0.1425901 0.0870376 0.1425875 0.1649798 0.2266392 0.1463218 0.1122571 0.2326206 0.1210623 0.0498238 0.2405079 0.3097224 0.1927766 0.1365265 0.3695018 0.1976830 0.2904688 0.2117357 0.3602665 0.1652430 0.2741303 0.2492025 0.3009585 0.1280667 0.1544988 0.0181017 0.1237445 0.2648214 0.2221505 0.1291147 0.1102507 0.1725904 0.0000000 0.1694029 0.3542927 0.2762935 0.1401723 0.1497181 0.1948226 0.2254558 0.2561570 0.2757507 0.1113575 0.1379441 0.1266865 0.1230109 0.1896874 0.1580788 0.1017456 0.1567266 0.1985955 0.1035102 0.2632284 0.1931818 0.2683095 0.2692332 0.2623995 0.1005337 0.1221169 0.2776105 0.2823909 0.1674687 0.0863869 0.1537259 0.0906104 0.2827477 0.1822487 0.2189499 0.2450198 0.1009909 0.1512523 0.2659843 
