85
Amauria_brandeegeana_62                    0.0000000 0.0474457 0.0360404 0.4942340 0.1888615 0.0847174 0.3353261 0.1175445 0.4185320 0.1476885 0.2829354 0.2314884 0.2688493 0.1539435 0.1602226 0.1058288 0.1832341 0.0980972 0.1270091 0.1936220 0.2589208 0.2136527 0.0942093 0.0846034 0.1332161 0.2378892 0.2652174 0.2774858 0.2573027 0.0672051 0.0718123 0.1671686 0.1165155 0.2840594 0.1701736 0.0743191 0.2522518 0.2027674 0.1762165 0.1993190 0.2913568 0.2849826 0.2370135 0.1447491 0.1157193 0.2584023 0.2541212 0.0634451 0.2930595 0.2423612 0.2227837 0.1328679 0.2523223 0.2283981 0.2608049 0.1791382 0.3079151 0.0889089 0.1454739 0.1949835 0.2820727 0.1025632 0.0676262 0.1630794 0.0558668 0.2308770 0.2440082 0.2636174 0.3214445 0.3200170 0.0473240 0.2587400 0.2442408 0.0972842 0.1805226 0.2726973 0.2360726 0.0885330 0.3328685 0.2794613 0.1951541 0.2325780 0.0662360 0.2918536 0.2301780 
Amauria_carterae_99_mesa                   0.0474457 0.0000000 0.0324684 0.1133250 0.0454820 0.0341001 0.0791233 0.0876224 0.1535252 0.0307713 0.0752964 0.0478098 0.0666864 0.0483653 0.0479766 0.0598084 0.0376097 0.0300422 0.0487105 0.0474635 0.0450405 0.0589500 0.0355517 0.0285329 0.0449404 0.0552636 0.0624413 0.0784371 0.0514363 0.0335989 0.0297712 0.0632652 0.0305587 0.0318375 0.0446475 0.0133363 0.0627794 0.0676496 0.0450920 0.0591181 0.0591031 0.0591031 0.0477805 0.0601093 0.0565385 0.0590086 0.0672691 0.0381326 0.0669999 0.0708329 0.0553479 0.0557801 0.0554152 0.0596609 0.0588969 0.0553919 0.0574441 0.0680416 0.0552873 0.0589500 0.0589500 0.0522910 0.0282487 0.0446827 0.0409673 0.0477110 0.0513869 0.0624413 0.0476085 0.0379455 0.0479460 0.0551734 0.0474635 0.0440738 0.0414225 0.0589500 0.0595651 0.0413692 0.0553091 0.0708997 0.0540893 0.0474635 0.0451751 0.0558273 0.0229330 
Amauria_rotundifolia_SRR9119150            0.0360404 0.0324684 0.0000000 0.4848568 0.1999054 0.0646900 0.3275228 0.1178011 0.4200170 0.1344180 0.2981424 0.2355036 0.2741246 0.1836173 0.1568339 0.0979593 0.1885452 0.0930231 0.1230521 0.1950717 0.2496279 0.2066507 0.0758509 0.0662561 0.1265285 0.2440296 0.2937415 0.3174793 0.2846316 0.0618934 0.0636095 0.1879130 0.1159500 0.2625204 0.1717359 0.0819424 0.2424479 0.1954527 0.2184043 0.1922474 0.3261725 0.2747298 0.2692448 0.1278990 0.1056875 0.2946917 0.2765064 0.0514808 0.2878884 0.2573234 0.2625200 0.1390647 0.2509317 0.2229600 0.2555351 0.1706381 0.3160125 0.0865909 0.1331300 0.1950353 0.3245340 0.0942968 0.0482185 0.1567627 0.0386093 0.2684073 0.2353099 0.2894229 0.3064619 0.3259956 0.0501874 0.2807541 0.2761938 0.0896904 0.2253105 0.2642441 0.2272872 0.0758532 0.3186003 0.2751247 0.2128525 0.2347216 0.0491149 0.2853296 0.2566028 
Conoclinium_coelestinum_SRR9119114         0.4942340 0.1133250 0.4848568 0.0000000 0.4411254 0.1521601 0.4030665 0.2145806 0.5549120 0.4076237 0.5430381 0.4503143 0.4609890 0.4149078 0.3844532 0.3585807 0.3592973 0.3930089 0.3653684 0.4081205 0.4929758 0.4533477 0.1704808 0.1149657 0.3660512 0.4412699 0.4559927 0.4728024 0.4664886 0.3184818 0.2612485 0.4892811 0.3868027 0.4224942 0.3840346 0.2724133 0.4412909 0.4247512 0.3757775 0.4364205 0.4910772 0.4774411 0.4392351 0.3886602 0.3557224 0.4680526 0.4458201 0.2372355 0.4818433 0.4636187 0.4162691 0.3875648 0.4496838 0.4367638 0.4484831 0.4577417 0.5433105 0.2038031 0.3459791 0.4033257 0.4784348 0.3108651 0.1201083 0.3774349 0.1476864 0.4493659 0.4763951 0.4511312 0.4414747 0.4140419 0.2776954 0.4415348 0.4539171 0.4201843 0.3417815 0.4677706 0.4578263 0.1938245 0.4450914 0.4653442 0.3280160 0.4493648 0.1397089 0.4871271 0.5058687 
Eutetras_palmeri_63                        0.1888615 0.0454820 0.1999054 0.4411254 0.0000000 0.0075589 0.3350943 0.0975980 0.4271884 0.1783502 0.2028168 0.1326424 0.1640210 0.1047660 0.1157814 0.0871129 0.1524658 0.1288376 0.1174256 0.1270889 0.1678623 0.1086673 0.0965261 0.0650734 0.0863925 0.1510805 0.1559343 0.1805507 0.1653747 0.0910517 0.0809746 0.2320864 0.1176233 0.2652880 0.1144271 0.0659302 0.1447181 0.1181315 0.1475622 0.1298867 0.1780850 0.1460994 0.1570761 0.1051478 0.0815855 0.1541731 0.1577747 0.0680127 0.1539390 0.1514038 0.1525351 0.1023890 0.1300981 0.1301179 0.1280232 0.1407290 0.2710959 0.0946338 0.1362675 0.1422412 0.1613720 0.0863349 0.0591855 0.1028571 0.0540188 0.1504426 0.1316077 0.1570783 0.1799244 0.2043281 0.0502040 0.1641802 0.1447092 0.1330529 0.1470690 0.1433797 0.1185111 0.0712887 0.1884210 0.1635343 0.1601620 0.1278391 0.0585547 0.1451349 0.1865105 
Eutetras_pringlei_149_quer                 0.0847174 0.0341001 0.0646900 0.1521601 0.0075589 0.0000000 0.1289271 0.0751703 0.1702667 0.0562692 0.0867612 0.0744835 0.0861228 0.0729509 0.0718317 0.0993941 0.0665407 0.0695553 0.0930068 0.0798129 0.0909417 0.0866464 0.0996455 0.0689182 0.0833967 0.0723571 0.0782559 0.1057073 0.0866846 0.0832817 0.0728259 0.0822423 0.0463988 0.1445200 0.0704639 0.0102842 0.0861141 0.0763360 0.0687640 0.1010105 0.0893941 0.0895923 0.0835387 0.0873557 0.0816753 0.0917045 0.0838854 0.0783767 0.0921996 0.0917426 0.0787951 0.0784149 0.0807883 0.0755192 0.0719817 0.0810804 0.1940632 0.1021438 0.1398369 0.0861228 0.0863125 0.0768719 0.0638907 0.0806307 0.0534401 0.0773255 0.0835734 0.0802659 0.0741453 0.0603029 0.0307706 0.0887194 0.0721586 0.0776444 0.0647960 0.0890216 0.0920606 0.0665616 0.0800532 0.0980351 0.0903852 0.0738527 0.0554962 0.0870313 0.0459157 
Eutrochium_fistulosum_SRR9119106           0.3353261 0.0791233 0.3275228 0.4030665 0.3350943 0.1289271 0.0000000 0.1767470 0.4801247 0.3008809 0.3597721 0.3234244 0.3390027 0.3163234 0.2902290 0.2428509 0.2813354 0.3008155 0.2730268 0.3038846 0.3497961 0.3291531 0.1026813 0.1131042 0.2823395 0.3191761 0.3196070 0.3340379 0.3422227 0.2296810 0.2362228 0.3464589 0.2639996 0.3194849 0.2879555 0.2329463 0.3272707 0.3390213 0.2831313 0.3232117 0.3373841 0.3470530 0.3159801 0.2791029 0.2916093 0.3276217 0.3375984 0.1782107 0.3259099 0.3343035 0.3194723 0.3172877 0.3224238 0.3293223 0.3148522 0.3458555 0.4138342 0.1465816 0.2806075 0.2976423 0.3302444 0.2134677 0.0717301 0.2826469 0.0987973 0.3232923 0.3295579 0.3207575 0.3341338 0.3261272 0.2260544 0.3276650 0.3116165 0.3197464 0.2709690 0.3356041 0.3344604 0.1622666 0.3399953 0.3387614 0.2644333 0.3281559 0.0923084 0.3307903 0.3264252 
Galeana_pratensis_104_mex                  0.1175445 0.0876224 0.1178011 0.2145806 0.0975980 0.0751703 0.1767470 0.0000000 0.1548606 0.1183378 0.1095150 0.1051595 0.1512929 0.1018497 0.1070073 0.0898565 0.1033660 0.1129202 0.1128677 0.1051595 0.1168299 0.1138261 0.0947145 0.0655577 0.1074032 0.1093727 0.1138073 0.1097901 0.1046798 0.1125610 0.1082111 0.1061591 0.0992119 0.0636411 0.1037904 0.0642821 0.1226819 0.1491895 0.0976666 0.1068898 0.1158431 0.1196905 0.1102381 0.1089299 0.1113114 0.1092731 0.1382690 0.1003286 0.1185067 0.1233411 0.1183344 0.1017418 0.1145772 0.1062971 0.1098614 0.1285203 0.1107244 0.0931197 0.1185341 0.1138261 0.1138261 0.0846978 0.0777883 0.1006042 0.0887012 0.1050311 0.1094665 0.1138073 0.1317578 0.1181010 0.0797499 0.1092181 0.1089349 0.1179913 0.1038807 0.1138105 0.1061651 0.0912307 0.1414086 0.1074415 0.1126928 0.1046438 0.0988617 0.1142180 0.1013520 
Helianthus_annuus_SRR9119062               0.4185320 0.1535252 0.4200170 0.5549120 0.4271884 0.1702667 0.4801247 0.1548606 0.0000000 0.4181005 0.4657247 0.3930283 0.4184320 0.3712604 0.3967554 0.3669554 0.3684406 0.4114897 0.3865361 0.4022471 0.4871590 0.4115778 0.1637310 0.1019342 0.3889987 0.4212716 0.3965382 0.4155340 0.4316224 0.3376949 0.2972700 0.4037004 0.3759443 0.3385576 0.3868309 0.2999465 0.4347841 0.4244929 0.4040311 0.4132083 0.4112024 0.4194330 0.4000842 0.3660420 0.4036058 0.4253363 0.4231899 0.2386048 0.4253067 0.4225940 0.4057614 0.3858031 0.4117365 0.4124453 0.3980001 0.4152572 0.5053464 0.2296723 0.3206099 0.4144398 0.4213134 0.3413575 0.1020429 0.3837315 0.1846481 0.3958772 0.4358647 0.3983743 0.4159505 0.4152122 0.2892748 0.3932150 0.4067281 0.4205884 0.3753137 0.4151571 0.4107998 0.2164198 0.4274714 0.4329118 0.3313039 0.3945553 0.1754892 0.4211757 0.4145033 
Lycapsus_tenuifolius_17                    0.1476885 0.0307713 0.1344180 0.4076237 0.1783502 0.0562692 0.3008809 0.1183378 0.4181005 0.0000000 0.2276927 0.1898191 0.2011269 0.0999809 0.1530605 0.1059769 0.1589350 0.1080916 0.1206348 0.1916017 0.2253776 0.1611653 0.0752937 0.0468685 0.1022394 0.1980318 0.2101292 0.2384830 0.2025668 0.0393321 0.0216221 0.1940944 0.1080751 0.2535703 0.1852584 0.0850079 0.1938460 0.1720383 0.1765100 0.2011353 0.2253659 0.2139504 0.1978028 0.1095102 0.1160540 0.2035831 0.2149939 0.0408587 0.2100224 0.1937886 0.1988829 0.0983809 0.2001397 0.1977353 0.2101969 0.1513111 0.3144540 0.0781689 0.1303329 0.1993483 0.2053340 0.0866395 0.0308184 0.1546099 0.0295925 0.1921787 0.1823349 0.2116253 0.2374711 0.2378348 0.0377023 0.2071110 0.1879765 0.0980629 0.1632236 0.2053257 0.1626141 0.0579233 0.2349991 0.2460382 0.1967280 0.1890635 0.0242558 0.2053191 0.1729162 
Pericome_caudata_50_silver                 0.2829354 0.0752964 0.2981424 0.5430381 0.2028168 0.0867612 0.3597721 0.1095150 0.4657247 0.2276927 0.0000000 0.1921202 0.2567569 0.1803970 0.1185959 0.1071376 0.1201100 0.1683385 0.1344386 0.1381136 0.2604828 0.1647571 0.0961028 0.0865659 0.1103442 0.1928610 0.2135351 0.3261234 0.2484090 0.1166376 0.1059902 0.3294160 0.1642068 0.2631313 0.1231809 0.1171217 0.1981450 0.1894220 0.1413959 0.2141788 0.3411182 0.2724955 0.1897436 0.1359637 0.1278907 0.2230832 0.2552827 0.0990741 0.2500288 0.2054554 0.1782816 0.1457582 0.1941182 0.1838512 0.1976539 0.1654372 0.2694976 0.1220950 0.1731884 0.1528161 0.2501219 0.1026106 0.0599577 0.1308352 0.0907083 0.1907414 0.2077014 0.2112842 0.3157343 0.3385416 0.0927611 0.2342878 0.2037333 0.1580091 0.1431914 0.2041325 0.1916411 0.1005748 0.3165025 0.2867935 0.1325332 0.1802927 0.0913877 0.2426152 0.2811856 
Perityle_aglossa_84_dead_horse             0.2314884 0.0478098 0.2355036 0.4503143 0.1326424 0.0744835 0.3234244 0.1051595 0.3930283 0.1898191 0.1921202 0.0000000 0.1048047 0.0140520 0.0000010 0.0266246 0.0347548 0.1408320 0.0589211 0.0139385 0.1109507 0.0459679 0.0448901 0.0037164 0.0352013 0.0491891 0.0663123 0.1298013 0.0885055 0.0826051 0.0713032 0.3056117 0.1310913 0.2637412 0.0173719 0.0696148 0.0668022 0.0631385 0.0484629 0.0901772 0.1482044 0.0943516 0.0618696 0.0368993 0.0216510 0.0616985 0.0830980 0.0635926 0.1538310 0.0508622 0.0566899 0.0155716 0.0239742 0.0449081 0.0598512 0.1010113 0.1807667 0.0502236 0.0863768 0.0534572 0.0938350 0.0370312 0.0038288 0.0535105 0.0149480 0.0075564 0.0773273 0.0625869 0.1726072 0.1891063 0.0210880 0.0776742 0.0230928 0.1359246 0.0440995 0.0782646 0.0666261 0.0144205 0.1760507 0.1326924 0.0448852 0.0092367 0.0226937 0.1327608 0.2546848 
Perityle_ajoensis_204                      0.2688493 0.0666864 0.2741246 0.4609890 0.1640210 0.0861228 0.3390027 0.1512929 0.4184320 0.2011269 0.2567569 0.1048047 0.0000000 0.0866199 0.0968985 0.0446494 0.0928071 0.1944678 0.0952387 0.1007779 0.1462316 0.0734639 0.0607963 0.0098267 0.0855062 0.1267027 0.1384234 0.1799364 0.1666280 0.1528920 0.1525351 0.3139730 0.2004930 0.2639959 0.0799230 0.1637642 0.1284926 0.1365678 0.1141861 0.1239845 0.1439437 0.1238547 0.1381199 0.0296740 0.0743004 0.1341780 0.1587455 0.0811922 0.0756986 0.1290406 0.1200525 0.0664505 0.1081562 0.1219415 0.1256684 0.1183234 0.3030459 0.0666587 0.1249552 0.0780647 0.0844771 0.0590535 0.0294528 0.1025615 0.0294461 0.1137692 0.1498814 0.1386232 0.2076280 0.1912598 0.0422715 0.0854634 0.1114477 0.2089567 0.1223607 0.0751463 0.0729603 0.0328319 0.2126138 0.1535994 0.1752674 0.1088484 0.0418098 0.0711508 0.2672700 
Perityle_ambrosiifolia_67_green            0.1539435 0.0483653 0.1836173 0.4149078 0.1047660 0.0729509 0.3163234 0.1018497 0.3712604 0.0999809 0.1803970 0.0140520 0.0866199 0.0000000 0.0101401 0.0354852 0.0174697 0.1343966 0.0372222 0.0134472 0.0679752 0.0336687 0.0373404 0.0000010 0.0236685 0.0364325 0.0626216 0.1196929 0.1208120 0.0905372 0.0824255 0.2031019 0.1084019 0.2496964 0.0082144 0.0104630 0.0535844 0.0582985 0.0424862 0.0406631 0.0785897 0.0229978 0.0567650 0.0382477 0.0294013 0.0555315 0.1110423 0.0594202 0.0826371 0.0421190 0.0570401 0.0069369 0.0137786 0.0353812 0.0486270 0.0887105 0.1989695 0.0467589 0.0935844 0.0383834 0.1226931 0.0407797 0.0184396 0.0521366 0.0220219 0.0152996 0.0678777 0.0621649 0.1073501 0.1166479 0.0242623 0.1015318 0.0194708 0.1290005 0.0311943 0.0701469 0.0633634 0.0156279 0.1159158 0.0602274 0.0387826 0.0116226 0.0264970 0.0731659 0.1810314 
Perityle_angustifolia_13_Eagle_creek       0.1602226 0.0479766 0.1568339 0.3844532 0.1157814 0.0718317 0.2902290 0.1070073 0.3967554 0.1530605 0.1185959 0.0000010 0.0968985 0.0101401 0.0000000 0.0266850 0.0246699 0.1172572 0.0590960 0.0082229 0.1222684 0.0366732 0.0416589 0.0000010 0.0352249 0.0330207 0.0513188 0.1121506 0.0606205 0.0848163 0.0737499 0.2039625 0.0825179 0.2600649 0.0124240 0.0582109 0.0507415 0.0588890 0.0360315 0.0855259 0.0885312 0.0947087 0.0456946 0.0282474 0.0193571 0.0459086 0.0527558 0.0616978 0.0399469 0.0384881 0.0368994 0.0129261 0.0179401 0.0328044 0.0511725 0.0558824 0.1593098 0.0502026 0.0791009 0.0348360 0.0341452 0.0371471 0.0038426 0.0543451 0.0119297 0.0023603 0.0556651 0.0525133 0.1825071 0.1700473 0.0211819 0.0379184 0.0153831 0.1157380 0.0318868 0.0365108 0.0397625 0.0121473 0.1823979 0.1212226 0.0406601 0.0046962 0.0225929 0.0331154 0.1273137 
Perityle_batopilensis_97                   0.1058288 0.0598084 0.0979593 0.3585807 0.0871129 0.0993941 0.2428509 0.0898565 0.3669554 0.1059769 0.1071376 0.0266246 0.0446494 0.0354852 0.0266850 0.0000000 0.0272214 0.1132283 0.0486729 0.0298503 0.0282416 0.0382221 0.0489569 0.0258862 0.0414827 0.0421911 0.0543365 0.0780744 0.0609520 0.1003519 0.0836311 0.1282404 0.0661570 0.2066486 0.0324347 0.0064229 0.0484964 0.0667072 0.0339557 0.0032218 0.0414274 0.0448493 0.0435630 0.0484103 0.0414109 0.0481222 0.0625388 0.0743648 0.0466150 0.0486301 0.0403346 0.0386797 0.0363845 0.0417230 0.0488877 0.0585645 0.1852749 0.0790599 0.0878353 0.0395287 0.0403566 0.0506355 0.0261562 0.0532763 0.0273757 0.0281144 0.0598622 0.0521916 0.0583286 0.0376570 0.0167690 0.0425932 0.0347152 0.1148463 0.0407066 0.0419173 0.0469880 0.0407006 0.0674321 0.0544145 0.0515772 0.0298151 0.0293469 0.0389512 0.0893291 
Perityle_bisetosa_9                        0.1832341 0.0376097 0.1885452 0.3592973 0.1524658 0.0665407 0.2813354 0.1033660 0.3684406 0.1589350 0.1201100 0.0347548 0.0928071 0.0174697 0.0246699 0.0272214 0.0000000 0.1142636 0.0577086 0.0279050 0.1280533 0.0173842 0.0311892 0.0000010 0.0152805 0.0491218 0.0569771 0.1548317 0.0981087 0.0888007 0.0816717 0.2265547 0.0813177 0.2092094 0.0229250 0.0689409 0.0539638 0.0560993 0.0433606 0.0946694 0.1567796 0.1213383 0.0540733 0.0088641 0.0242215 0.0528430 0.0909883 0.0594001 0.0456129 0.0510089 0.0528063 0.0216311 0.0320757 0.0407396 0.0492055 0.0236107 0.1311005 0.0482409 0.0578800 0.0306113 0.0457543 0.0395609 0.0038326 0.0457414 0.0208337 0.0311200 0.0511185 0.0581082 0.1804855 0.2271128 0.0088309 0.0515443 0.0342304 0.1018578 0.0474721 0.0297689 0.0175540 0.0215829 0.1834045 0.1309754 0.0560140 0.0310135 0.0289043 0.0355988 0.1409015 
Perityle_californica_76_positas            0.0980972 0.0300422 0.0930231 0.3930089 0.1288376 0.0695553 0.3008155 0.1129202 0.4114897 0.1080916 0.1683385 0.1408320 0.1944678 0.1343966 0.1172572 0.1132283 0.1142636 0.0000000 0.1132913 0.1282243 0.2056366 0.1571297 0.0785534 0.0759628 0.1170263 0.1416655 0.1438926 0.1515702 0.1575483 0.0708779 0.0756219 0.0767044 0.0802003 0.2494549 0.1235784 0.0510825 0.1604874 0.1599333 0.1275699 0.1470465 0.1558964 0.1611451 0.1551351 0.1294657 0.1274840 0.1613420 0.1585037 0.0171627 0.1597199 0.1459639 0.1453362 0.1296205 0.1451434 0.1392394 0.1445080 0.1438983 0.2751457 0.0884158 0.1515666 0.1396600 0.1556172 0.1045198 0.0463150 0.1467738 0.0453835 0.1400139 0.1588507 0.1461566 0.1975486 0.1837700 0.0671084 0.1643421 0.1407628 0.0844887 0.1084907 0.1583027 0.1534879 0.0800909 0.2127556 0.1748836 0.1040283 0.1461196 0.0402284 0.1550987 0.0271940 
Perityle_canescens_77                      0.1270091 0.0487105 0.1230521 0.3653684 0.1174256 0.0930068 0.2730268 0.1128677 0.3865361 0.1206348 0.1344386 0.0589211 0.0952387 0.0372222 0.0590960 0.0486729 0.0577086 0.1132913 0.0000000 0.0625783 0.1304152 0.0623000 0.0576412 0.0199249 0.0595572 0.0643508 0.0711198 0.0977416 0.0722755 0.1063462 0.0958604 0.1525991 0.0750484 0.2316834 0.0513857 0.0349836 0.0642644 0.0736149 0.0623767 0.0827232 0.0820523 0.0906601 0.0588225 0.0464921 0.0392786 0.0735692 0.0763051 0.0686433 0.0720806 0.0653978 0.0573920 0.0398461 0.0668732 0.0610319 0.0691966 0.0685055 0.1852172 0.0671775 0.0896163 0.0688793 0.0668956 0.0396311 0.0294840 0.0588384 0.0324830 0.0600078 0.0705909 0.0720271 0.1563093 0.1425561 0.0267094 0.0710896 0.0605971 0.1156588 0.0569729 0.0710126 0.0642997 0.0308300 0.1567541 0.0994884 0.0798882 0.0627331 0.0351898 0.0659616 0.0870982 
Perityle_castillonii_96                    0.1936220 0.0474635 0.1950717 0.4081205 0.1270889 0.0798129 0.3038846 0.1051595 0.4022471 0.1916017 0.1381136 0.0139385 0.1007779 0.0134472 0.0082229 0.0298503 0.0279050 0.1282243 0.0625783 0.0000000 0.1224182 0.0382322 0.0445187 0.0036832 0.0390099 0.0423259 0.0552486 0.1410016 0.0647885 0.0871535 0.0767041 0.2323077 0.0990035 0.2598384 0.0149325 0.0710649 0.0556884 0.0613188 0.0395819 0.0913232 0.1160276 0.1058345 0.0477131 0.0326355 0.0286875 0.0522757 0.0711699 0.0649469 0.0436031 0.0469004 0.0477736 0.0165954 0.0173469 0.0382825 0.0549486 0.0786942 0.1522184 0.0548487 0.0874741 0.0393188 0.0372753 0.0441851 0.0076127 0.0558743 0.0147396 0.0106662 0.0658482 0.0561486 0.1748437 0.1940747 0.0207331 0.0520491 0.0159409 0.1355032 0.0371578 0.0393968 0.0399281 0.0215709 0.1791432 0.1387359 0.0378193 0.0138046 0.0223813 0.0363662 0.1630065 
Perityle_cernua_84                         0.2589208 0.0450405 0.2496279 0.4929758 0.1678623 0.0909417 0.3497961 0.1168299 0.4871590 0.2253776 0.2604828 0.1109507 0.1462316 0.0679752 0.1222684 0.0282416 0.1280533 0.2056366 0.1304152 0.1224182 0.0000000 0.1267999 0.0584953 0.0146423 0.1108071 0.1256229 0.1356321 0.1604473 0.1363447 0.1375345 0.1456600 0.2896466 0.2006174 0.2079536 0.1143501 0.1512196 0.1230266 0.1432771 0.1335521 0.1307068 0.1259701 0.1329341 0.1187934 0.0538507 0.0837927 0.1259072 0.1406718 0.0660655 0.1407783 0.1099505 0.1272241 0.0757981 0.1175326 0.1188421 0.1332483 0.1652503 0.2759264 0.0748840 0.0832126 0.1221589 0.1387395 0.0572815 0.0225910 0.0939459 0.0271423 0.1106065 0.1408549 0.1331889 0.1883720 0.1743434 0.0235866 0.1388588 0.1118235 0.2060388 0.1282327 0.1431431 0.1445020 0.0330160 0.1926028 0.1598781 0.1717594 0.1147987 0.0292452 0.1380091 0.2603529 
Perityle_cfvillosa_25_tin                  0.2136527 0.0589500 0.2066507 0.4533477 0.1086673 0.0866464 0.3291531 0.1138261 0.4115778 0.1611653 0.1647571 0.0459679 0.0734639 0.0336687 0.0366732 0.0382221 0.0173842 0.1571297 0.0623000 0.0382322 0.1267999 0.0000000 0.0434197 0.0098716 0.0182717 0.0582795 0.0639048 0.1000721 0.0827472 0.0979844 0.0938946 0.2441560 0.1379533 0.2594474 0.0251394 0.0641387 0.0678513 0.0846231 0.0367112 0.0955221 0.0911501 0.0930870 0.0658553 0.0194605 0.0369587 0.0607914 0.0797087 0.0624368 0.0103573 0.0582589 0.0508869 0.0242969 0.0481746 0.0582097 0.0622524 0.0754296 0.2188355 0.0574607 0.1087256 0.0067318 0.0041643 0.0522425 0.0257078 0.0575703 0.0295181 0.0469933 0.0803079 0.0646448 0.1711204 0.1535937 0.0236377 0.0244695 0.0456802 0.1453992 0.0394453 0.0072783 0.0200992 0.0308399 0.1718787 0.1168169 0.0631039 0.0454746 0.0385022 0.0020870 0.1952870 
Perityle_cinerea_113_Powell1310            0.0942093 0.0355517 0.0758509 0.1704808 0.0965261 0.0996455 0.1026813 0.0947145 0.1637310 0.0752937 0.0961028 0.0448901 0.0607963 0.0373404 0.0416589 0.0489569 0.0311892 0.0785534 0.0576412 0.0445187 0.0584953 0.0434197 0.0000000 0.0043458 0.0434197 0.0502920 0.0578072 0.0791893 0.0683276 0.0865637 0.0479372 0.1102539 0.0660184 0.0704401 0.0338145 0.0090929 0.0537000 0.0588324 0.0484314 0.0574771 0.0552821 0.0584493 0.0506594 0.0417117 0.0423023 0.0608903 0.0687453 0.0718759 0.0505638 0.0643904 0.0510262 0.0441107 0.0472915 0.0542343 0.0574181 0.0504139 0.0456799 0.0772182 0.0181536 0.0434197 0.0435390 0.0534518 0.0149775 0.0223821 0.0182050 0.0448030 0.0682175 0.0573031 0.0540565 0.0494012 0.0111132 0.0435934 0.0368127 0.0838541 0.0475172 0.0434197 0.0472371 0.0146034 0.0611977 0.0574849 0.0375112 0.0445848 0.0233903 0.0441637 0.0583488 
Perityle_coahuilensis_24                   0.0846034 0.0285329 0.0662561 0.1149657 0.0650734 0.0689182 0.1131042 0.0655577 0.1019342 0.0468685 0.0865659 0.0037164 0.0098267 0.0000010 0.0000010 0.0258862 0.0000010 0.0759628 0.0199249 0.0036832 0.0146423 0.0098716 0.0043458 0.0000000 0.0098298 0.0131877 0.0268973 0.0498575 0.0404268 0.0889496 0.0832939 0.0780952 0.0449024 0.1242185 0.0033115 0.0058395 0.0165407 0.0341124 0.0067230 0.0292883 0.0000010 0.0000010 0.0165456 0.0099979 0.0167100 0.0232100 0.0371247 0.0676363 0.0165262 0.0300720 0.0166331 0.0032729 0.0065484 0.0132895 0.0200123 0.0098801 0.1466376 0.0501001 0.0747586 0.0098267 0.0098267 0.0202738 0.0130071 0.0240337 0.0154792 0.0074409 0.0300664 0.0265877 0.0370637 0.0211420 0.0000010 0.0136140 0.0000010 0.0895837 0.0133374 0.0098267 0.0131475 0.0132497 0.0440799 0.0265631 0.0240549 0.0036892 0.0188397 0.0098533 0.0482983 
Perityle_cochisensis_44_cave_creek         0.1332161 0.0449404 0.1265285 0.3660512 0.0863925 0.0833967 0.2823395 0.1074032 0.3889987 0.1022394 0.1103442 0.0352013 0.0855062 0.0236685 0.0352249 0.0414827 0.0152805 0.1170263 0.0595572 0.0390099 0.1108071 0.0182717 0.0434197 0.0098298 0.0000000 0.0416271 0.0580178 0.0809496 0.0668253 0.1042255 0.0931291 0.1602004 0.0858376 0.2136022 0.0204931 0.0531249 0.0483193 0.0667423 0.0323375 0.0701837 0.0772998 0.0812885 0.0499925 0.0147469 0.0317005 0.0407662 0.0648656 0.0679084 0.0248082 0.0487933 0.0403551 0.0263946 0.0372720 0.0386018 0.0548326 0.0125023 0.1775371 0.0666471 0.0784047 0.0194656 0.0185008 0.0534315 0.0219691 0.0626525 0.0294372 0.0378700 0.0598132 0.0577134 0.1560719 0.1486158 0.0264741 0.0241052 0.0369413 0.1170758 0.0365311 0.0197362 0.0235773 0.0305997 0.1679398 0.0922141 0.0605094 0.0347960 0.0385511 0.0172678 0.0980567 
Perityle_congesta_202                      0.2378892 0.0552636 0.2440296 0.4412699 0.1510805 0.0723571 0.3191761 0.1093727 0.4212716 0.1980318 0.1928610 0.0491891 0.1267027 0.0364325 0.0330207 0.0421911 0.0491218 0.1416655 0.0643508 0.0423259 0.1256229 0.0582795 0.0502920 0.0131877 0.0416271 0.0000000 0.0706269 0.1648149 0.1179301 0.0997138 0.0917523 0.2851686 0.1233477 0.2457599 0.0369216 0.0685289 0.0719188 0.0624920 0.0539944 0.1026144 0.1580256 0.1181696 0.0682232 0.0590756 0.0275642 0.0682630 0.1002515 0.0684839 0.1192713 0.0224371 0.0638233 0.0313929 0.0515377 0.0110180 0.0606043 0.0975311 0.1960257 0.0573405 0.1006198 0.0621714 0.1257765 0.0478493 0.0257395 0.0584916 0.0214715 0.0469414 0.0880984 0.0692236 0.1687583 0.2092613 0.0266434 0.1027110 0.0495529 0.1302851 0.0129409 0.0964113 0.0859147 0.0000010 0.1750837 0.1388331 0.0690756 0.0499618 0.0319469 0.1107169 0.2479604 
Perityle_cordifolia_27                     0.2652174 0.0624413 0.2937415 0.4559927 0.1559343 0.0782559 0.3196070 0.1138073 0.3965382 0.2101292 0.2135351 0.0663123 0.1384234 0.0626216 0.0513188 0.0543365 0.0569771 0.1438926 0.0711198 0.0552486 0.1356321 0.0639048 0.0578072 0.0268973 0.0580178 0.0706269 0.0000000 0.1502823 0.1139199 0.0979319 0.0887135 0.3375758 0.1304732 0.2720780 0.0475528 0.0734235 0.0819344 0.0642552 0.0692415 0.1090111 0.2106547 0.1263492 0.0738171 0.0720649 0.0485826 0.0811234 0.1101359 0.0642349 0.1858022 0.0687203 0.0784044 0.0564801 0.0597319 0.0633496 0.0034902 0.1221620 0.2010591 0.0455510 0.1095856 0.0711344 0.1619504 0.0449285 0.0294742 0.0503363 0.0000010 0.0651379 0.0761235 0.0030782 0.1740011 0.1924706 0.0344447 0.1260623 0.0726141 0.1505122 0.0732721 0.0998375 0.0877855 0.0287500 0.1755731 0.1448824 0.0748772 0.0589057 0.0285143 0.1633812 0.2666227 
Perityle_cordifolia_68_tecolote            0.2774858 0.0784371 0.3174793 0.4728024 0.1805507 0.1057073 0.3340379 0.1097901 0.4155340 0.2384830 0.3261234 0.1298013 0.1799364 0.1196929 0.1121506 0.0780744 0.1548317 0.1515702 0.0977416 0.1410016 0.1604473 0.1000721 0.0791893 0.0498575 0.0809496 0.1648149 0.1502823 0.0000000 0.1834251 0.1169140 0.1050617 0.3864314 0.1575807 0.3009302 0.1278614 0.0962811 0.1505303 0.0743067 0.1800508 0.1304554 0.2373482 0.1550887 0.1762643 0.0943465 0.0643413 0.1703627 0.1399455 0.0822811 0.2497168 0.1667720 0.1856110 0.0962294 0.1294073 0.1422515 0.1247534 0.1448071 0.2964239 0.0110476 0.1375464 0.1469810 0.2497153 0.0709211 0.0472205 0.0903842 0.0403042 0.1645732 0.1318943 0.1511969 0.1965455 0.2253853 0.0452947 0.2130103 0.1632160 0.1637775 0.1925484 0.1761016 0.1279543 0.0613248 0.2018073 0.1649612 0.1872294 0.1348136 0.0473730 0.2386755 0.3176800 
Perityle_coronopifolia_28_patagonia        0.2573027 0.0514363 0.2846316 0.4664886 0.1653747 0.0866846 0.3422227 0.1046798 0.4316224 0.2025668 0.2484090 0.0885055 0.1666280 0.1208120 0.0606205 0.0609520 0.0981087 0.1575483 0.0722755 0.0647885 0.1363447 0.0827472 0.0683276 0.0404268 0.0668253 0.1179301 0.1139199 0.1834251 0.0000000 0.1042760 0.0986931 0.3344253 0.1384870 0.2477410 0.0629396 0.0717059 0.0985428 0.0801580 0.1063384 0.1133192 0.2207294 0.1356011 0.1277459 0.0789381 0.0588040 0.1144885 0.1296579 0.0766417 0.2092375 0.1178605 0.1199891 0.1033121 0.0776708 0.0917242 0.0783938 0.1281876 0.1954679 0.0646185 0.1166762 0.0903162 0.1803280 0.0255359 0.0257344 0.0489886 0.0296840 0.1121460 0.0536239 0.1099094 0.1813724 0.2092212 0.0297529 0.1449601 0.1173898 0.1503445 0.1299437 0.1237037 0.1101566 0.0469287 0.1793999 0.1387220 0.0794490 0.0842258 0.0319415 0.1873373 0.2796857 
Perityle_crassifolia_70_ventanas           0.0672051 0.0335989 0.0618934 0.3184818 0.0910517 0.0832817 0.2296810 0.1125610 0.3376949 0.0393321 0.1166376 0.0826051 0.1528920 0.0905372 0.0848163 0.1003519 0.0888007 0.0708779 0.1063462 0.0871535 0.1375345 0.0979844 0.0865637 0.0889496 0.1042255 0.0997138 0.0979319 0.1169140 0.1042760 0.0000000 0.0036468 0.0796493 0.0432841 0.1411934 0.0878642 0.0025472 0.1091446 0.1110217 0.0932757 0.0987609 0.0994890 0.1067917 0.1046325 0.1046010 0.1063516 0.1113903 0.1046210 0.0505065 0.1046265 0.1083593 0.1032025 0.0951534 0.0963292 0.0967758 0.0977114 0.1045750 0.1807931 0.0947747 0.1081468 0.1005866 0.1025894 0.0922396 0.0524554 0.1045852 0.0554585 0.0822224 0.1056284 0.0977638 0.1500598 0.1315709 0.0663524 0.1044618 0.0902402 0.0125204 0.0956674 0.1040576 0.1067997 0.0832115 0.1622590 0.1147236 0.0866967 0.0856014 0.0486761 0.1016116 0.0122645 
Perityle_crassifolia_74_playa_balandra     0.0718123 0.0297712 0.0636095 0.2612485 0.0809746 0.0728259 0.2362228 0.1082111 0.2972700 0.0216221 0.1059902 0.0713032 0.1525351 0.0824255 0.0737499 0.0836311 0.0816717 0.0756219 0.0958604 0.0767041 0.1456600 0.0938946 0.0479372 0.0832939 0.0931291 0.0917523 0.0887135 0.1050617 0.0986931 0.0036468 0.0000000 0.0784474 0.0459862 0.0745060 0.0792891 0.0124262 0.1028634 0.1095302 0.0858121 0.0916206 0.0965375 0.1042265 0.0932813 0.0891405 0.0972484 0.1032328 0.1044688 0.0456820 0.0975134 0.1030219 0.0928419 0.0881603 0.0860989 0.0906628 0.0887697 0.0915707 0.1284297 0.0898920 0.1040856 0.0951474 0.0969699 0.0779560 0.0492793 0.0893342 0.0534367 0.0709281 0.0975014 0.0885276 0.1597153 0.1424520 0.0663723 0.0949330 0.0792930 0.0181337 0.0873829 0.0968233 0.0980160 0.0797761 0.1731916 0.1047032 0.0823030 0.0726245 0.0453053 0.0958135 0.0100933 
Perityle_cuneata_34_cuneata_San_antonio    0.1671686 0.0632652 0.1879130 0.4892811 0.2320864 0.0822423 0.3464589 0.1061591 0.4037004 0.1940944 0.3294160 0.3056117 0.3139730 0.2031019 0.2039625 0.1282404 0.2265547 0.0767044 0.1525991 0.2323077 0.2896466 0.2441560 0.1102539 0.0780952 0.1602004 0.2851686 0.3375758 0.3864314 0.3344253 0.0796493 0.0784474 0.0000000 0.1572228 0.2539928 0.2173506 0.1218030 0.3018745 0.2409253 0.2389836 0.2191873 0.3775100 0.3084506 0.3057204 0.1546157 0.1347630 0.3331701 0.3055406 0.0400981 0.3458248 0.2964201 0.2915239 0.1611022 0.2968540 0.2742875 0.3022545 0.1956094 0.3699800 0.1055399 0.1661105 0.2319740 0.3448629 0.1272340 0.0725164 0.2024339 0.0812496 0.3149811 0.2868961 0.3334040 0.3600779 0.3824577 0.0677268 0.3254956 0.3130248 0.1203588 0.2433891 0.3012303 0.2640892 0.0926778 0.3707753 0.3570846 0.2409669 0.2789821 0.0781509 0.3430433 0.2858919 
Perityle_cuneata_4                         0.1165155 0.0305587 0.1159500 0.3868027 0.1176233 0.0463988 0.2639996 0.0992119 0.3759443 0.1080751 0.1642068 0.1310913 0.2004930 0.1084019 0.0825179 0.0661570 0.0813177 0.0802003 0.0750484 0.0990035 0.2006174 0.1379533 0.0660184 0.0449024 0.0858376 0.1233477 0.1304732 0.1575807 0.1384870 0.0432841 0.0459862 0.1572228 0.0000000 0.2216717 0.0814819 0.0493812 0.1387932 0.1269171 0.0821583 0.1339099 0.1760949 0.1775219 0.1310547 0.0901615 0.0772542 0.1392407 0.1281856 0.0262715 0.1554604 0.1381156 0.1127781 0.0814636 0.1312548 0.1302264 0.1281541 0.1430380 0.2464422 0.0554578 0.1191206 0.1038544 0.1530106 0.0664627 0.0275536 0.0963496 0.0291107 0.1276654 0.1375052 0.1282714 0.2074845 0.2032890 0.0360918 0.1451902 0.1248848 0.0617323 0.0785402 0.1449507 0.1447613 0.0550565 0.2188586 0.1672339 0.0936813 0.1298374 0.0376775 0.1537923 0.1376348 
Perityle_discoidea_81                      0.2840594 0.0318375 0.2625204 0.4224942 0.2652880 0.1445200 0.3194849 0.0636411 0.3385576 0.2535703 0.2631313 0.2637412 0.2639959 0.2496964 0.2600649 0.2066486 0.2092094 0.2494549 0.2316834 0.2598384 0.2079536 0.2594474 0.0704401 0.1242185 0.2136022 0.2457599 0.2720780 0.3009302 0.2477410 0.1411934 0.0745060 0.2539928 0.2216717 0.0000000 0.2585758 0.0000010 0.2649027 0.2866310 0.2369535 0.2051948 0.2651578 0.2559877 0.2552056 0.2621411 0.2531828 0.2630170 0.2767075 0.1404888 0.2661892 0.2570685 0.2602327 0.2546733 0.2597213 0.2523353 0.2688668 0.2590583 0.4022816 0.1630725 0.1785613 0.2594474 0.2602243 0.2487487 0.0478606 0.2539589 0.0464834 0.2605440 0.2602955 0.2774483 0.2382857 0.2164661 0.0000010 0.2679317 0.2424895 0.2313868 0.1913245 0.2594474 0.2611989 0.1274935 0.2431897 0.2771395 0.0579286 0.2605440 0.0263962 0.2610058 0.2210971 
Perityle_dissecta_201                      0.1701736 0.0446475 0.1717359 0.3840346 0.1144271 0.0704639 0.2879555 0.1037904 0.3868309 0.1852584 0.1231809 0.0173719 0.0799230 0.0082144 0.0124240 0.0324347 0.0229250 0.1235784 0.0513857 0.0149325 0.1143501 0.0251394 0.0338145 0.0033115 0.0204931 0.0369216 0.0475528 0.1278614 0.0629396 0.0878642 0.0792891 0.2173506 0.0814819 0.2585758 0.0000000 0.0585221 0.0475655 0.0444385 0.0280668 0.0939371 0.1043833 0.1015444 0.0408443 0.0220482 0.0209504 0.0422549 0.0481440 0.0546911 0.0333067 0.0410137 0.0405798 0.0110527 0.0188334 0.0333144 0.0460038 0.0556019 0.1788796 0.0526616 0.0954269 0.0286493 0.0278300 0.0375706 0.0185661 0.0423544 0.0166834 0.0162005 0.0553011 0.0472025 0.1646506 0.1730050 0.0153592 0.0362062 0.0153601 0.1128811 0.0334103 0.0288826 0.0279943 0.0157740 0.1641821 0.1288518 0.0378239 0.0184210 0.0199125 0.0268572 0.1529437 
Perityle_emoryi_47_punta_san_jose          0.0743191 0.0133363 0.0819424 0.2724133 0.0659302 0.0102842 0.2329463 0.0642821 0.2999465 0.0850079 0.1171217 0.0696148 0.1637642 0.0104630 0.0582109 0.0064229 0.0689409 0.0510825 0.0349836 0.0710649 0.1512196 0.0641387 0.0090929 0.0058395 0.0531249 0.0685289 0.0734235 0.0962811 0.0717059 0.0025472 0.0124262 0.1218030 0.0493812 0.0000010 0.0585221 0.0000000 0.0855645 0.0814957 0.0676155 0.0850569 0.1357398 0.1326273 0.0697550 0.0190367 0.0184127 0.0748719 0.0899395 0.0030166 0.0793372 0.0717347 0.0759515 0.0156964 0.0758043 0.0669757 0.0735851 0.0343698 0.0598029 0.0244272 0.0145140 0.0772765 0.0767968 0.0108474 0.0000010 0.0649450 0.0036667 0.0716345 0.0739230 0.0734235 0.1824866 0.2033771 0.0229381 0.0788395 0.0682587 0.0021560 0.0654974 0.0788217 0.0621430 0.0138636 0.1973898 0.1502960 0.0747822 0.0734406 0.0152660 0.0774789 0.0933295 
Perityle_feddemae_99                       0.2522518 0.0627794 0.2424479 0.4412909 0.1447181 0.0861141 0.3272707 0.1226819 0.4347841 0.1938460 0.1981450 0.0668022 0.1284926 0.0535844 0.0507415 0.0484964 0.0539638 0.1604874 0.0642644 0.0556884 0.1230266 0.0678513 0.0537000 0.0165407 0.0483193 0.0719188 0.0819344 0.1505303 0.0985428 0.1091446 0.1028634 0.3018745 0.1387932 0.2649027 0.0475655 0.0855645 0.0000000 0.0785579 0.0514873 0.1078952 0.1495754 0.1268062 0.0333334 0.0643145 0.0093944 0.0680733 0.1095721 0.0810329 0.1208918 0.0697600 0.0296533 0.0448242 0.0667134 0.0662210 0.0764482 0.1092193 0.2184589 0.0693087 0.1118070 0.0776905 0.1144691 0.0524307 0.0294490 0.0653554 0.0296188 0.0658757 0.0908441 0.0802483 0.1827211 0.2069406 0.0297666 0.1042641 0.0646966 0.1619440 0.0593035 0.1140437 0.0938676 0.0284476 0.1892860 0.1336427 0.0747211 0.0685260 0.0351844 0.1149636 0.2449514 
Perityle_fosteri_93                        0.2027674 0.0676496 0.1954527 0.4247512 0.1181315 0.0763360 0.3390213 0.1491895 0.4244929 0.1720383 0.1894220 0.0631385 0.1365678 0.0582985 0.0588890 0.0667072 0.0560993 0.1599333 0.0736149 0.0613188 0.1432771 0.0846231 0.0588324 0.0341124 0.0667423 0.0624920 0.0642552 0.0743067 0.0801580 0.1110217 0.1095302 0.2409253 0.1269171 0.2866310 0.0444385 0.0814957 0.0785579 0.0000000 0.0597833 0.1137316 0.1122129 0.1151667 0.0734289 0.0824955 0.0589266 0.0729199 0.0236729 0.0840382 0.1044721 0.0668815 0.0712404 0.0596907 0.0657414 0.0611089 0.0638861 0.1257543 0.2321239 0.0483607 0.1354237 0.0693453 0.0996718 0.0543463 0.0262136 0.0737655 0.0414375 0.0653430 0.0796469 0.0638143 0.1581035 0.1472657 0.0581796 0.0907634 0.0587047 0.1483639 0.0568047 0.1026569 0.1076644 0.0520360 0.1667267 0.1266470 0.0821050 0.0660173 0.0492112 0.0989195 0.2077651 
Perityle_gamon_221                         0.1762165 0.0450920 0.2184043 0.3757775 0.1475622 0.0687640 0.2831313 0.0976666 0.4040311 0.1765100 0.1413959 0.0484629 0.1141861 0.0424862 0.0360315 0.0339557 0.0433606 0.1275699 0.0623767 0.0395819 0.1335521 0.0367112 0.0484314 0.0067230 0.0323375 0.0539944 0.0692415 0.1800508 0.1063384 0.0932757 0.0858121 0.2389836 0.0821583 0.2369535 0.0280668 0.0676155 0.0514873 0.0597833 0.0000000 0.1034576 0.1986066 0.1269528 0.0583165 0.0317660 0.0229346 0.0172587 0.1211494 0.0639846 0.0698413 0.0586562 0.0605182 0.0349045 0.0396484 0.0428540 0.0521025 0.0553372 0.1800366 0.0469411 0.0958550 0.0558944 0.1069808 0.0369129 0.0187397 0.0437428 0.0189638 0.0507476 0.0612811 0.0688499 0.1698329 0.2103201 0.0300180 0.1075342 0.0503956 0.1130699 0.0600094 0.0554144 0.0423009 0.0155726 0.1689621 0.1321383 0.0708614 0.0459133 0.0194573 0.0596184 0.1625933 
Perityle_gentryi_8_san_francisco           0.1993190 0.0591181 0.1922474 0.4364205 0.1298867 0.1010105 0.3232117 0.1068898 0.4132083 0.2011353 0.2141788 0.0901772 0.1239845 0.0406631 0.0855259 0.0032218 0.0946694 0.1470465 0.0827232 0.0913232 0.1307068 0.0955221 0.0574771 0.0292883 0.0701837 0.1026144 0.1090111 0.1304554 0.1133192 0.0987609 0.0916206 0.2191873 0.1339099 0.2051948 0.0939371 0.0850569 0.1078952 0.1137316 0.1034576 0.0000000 0.1192958 0.1266439 0.1021661 0.0564250 0.0421719 0.1048947 0.1176088 0.0736599 0.1078322 0.0845914 0.1019807 0.0411834 0.0954942 0.1006255 0.1082021 0.0951055 0.2571687 0.0800226 0.0887503 0.0984376 0.1011557 0.0535567 0.0294944 0.0969253 0.0297905 0.0885371 0.1179985 0.1106620 0.1658458 0.1489315 0.0151043 0.1037897 0.0925935 0.1436716 0.1052032 0.1059846 0.0995587 0.0426012 0.1748256 0.1331279 0.1333305 0.0905193 0.0290183 0.1004490 0.2000577 
Perityle_gilensis_22_Superstition          0.2913568 0.0591031 0.3261725 0.4910772 0.1780850 0.0893941 0.3373841 0.1158431 0.4112024 0.2253659 0.3411182 0.1482044 0.1439437 0.0785897 0.0885312 0.0414274 0.1567796 0.1558964 0.0820523 0.1160276 0.1259701 0.0911501 0.0552821 0.0000010 0.0772998 0.1580256 0.2106547 0.2373482 0.2207294 0.0994890 0.0965375 0.3775100 0.1760949 0.2651578 0.1043833 0.1357398 0.1495754 0.1122129 0.1986066 0.1192958 0.0000000 0.0194549 0.1880730 0.0472484 0.0384966 0.2112141 0.1974149 0.0700017 0.2274619 0.1553870 0.1862202 0.0598240 0.0986205 0.1344918 0.1529592 0.1122017 0.2908516 0.0599453 0.1065873 0.1338357 0.2386801 0.0448386 0.0220534 0.0961144 0.0268048 0.1844046 0.1574730 0.2047046 0.1996438 0.2566417 0.0294162 0.1953262 0.1708032 0.1707261 0.2021013 0.1655848 0.1153573 0.0263176 0.2134938 0.1966544 0.1881025 0.1209431 0.0319850 0.2131139 0.3301460 
Perityle_gilensis_salensis_225             0.2849826 0.0591031 0.2747298 0.4774411 0.1460994 0.0895923 0.3470530 0.1196905 0.4194330 0.2139504 0.2724955 0.0943516 0.1238547 0.0229978 0.0947087 0.0448493 0.1213383 0.1611451 0.0906601 0.1058345 0.1329341 0.0930870 0.0584493 0.0000010 0.0812885 0.1181696 0.1263492 0.1550887 0.1356011 0.1067917 0.1042265 0.3084506 0.1775219 0.2559877 0.1015444 0.1326273 0.1268062 0.1151667 0.1269528 0.1266439 0.0194549 0.0000000 0.1226394 0.0518492 0.0454237 0.1254227 0.1354324 0.0746020 0.1607691 0.1024497 0.1230082 0.0267803 0.0866650 0.1173743 0.1250888 0.1186843 0.3003908 0.0600590 0.1151606 0.1094041 0.1510815 0.0466482 0.0220534 0.0990641 0.0268048 0.0963820 0.1338210 0.1254113 0.1977358 0.1963922 0.0414548 0.1318711 0.0961214 0.1779755 0.1245396 0.1416390 0.1171996 0.0285254 0.2108633 0.1588744 0.1684043 0.0983751 0.0319850 0.1529342 0.2650489 
Perityle_glaucescens_94                    0.2370135 0.0477805 0.2692448 0.4392351 0.1570761 0.0835387 0.3159801 0.1102381 0.4000842 0.1978028 0.1897436 0.0618696 0.1381199 0.0567650 0.0456946 0.0435630 0.0540733 0.1551351 0.0588225 0.0477131 0.1187934 0.0658553 0.0506594 0.0165456 0.0499925 0.0682232 0.0738171 0.1762643 0.1277459 0.1046325 0.0932813 0.3057204 0.1310547 0.2552056 0.0408443 0.0697550 0.0333334 0.0734289 0.0583165 0.1021661 0.1880730 0.1226394 0.0000000 0.0594359 0.0053994 0.0721172 0.1256787 0.0770107 0.1053169 0.0645091 0.0281491 0.0456533 0.0589097 0.0601047 0.0653269 0.1073728 0.2036722 0.0646304 0.1129113 0.0690351 0.1415185 0.0508066 0.0220093 0.0567955 0.0241429 0.0634440 0.0817320 0.0732901 0.1779933 0.2079406 0.0268019 0.1259199 0.0623382 0.1489788 0.0608798 0.0947919 0.0847053 0.0308323 0.1787417 0.1370733 0.0803743 0.0625930 0.0253772 0.0985370 0.2405395 
Perityle_gracilis_11                       0.1447491 0.0601093 0.1278990 0.3886602 0.1051478 0.0873557 0.2791029 0.1089299 0.3660420 0.1095102 0.1359637 0.0368993 0.0296740 0.0382477 0.0282474 0.0484103 0.0088641 0.1294657 0.0464921 0.0326355 0.0538507 0.0194605 0.0417117 0.0099979 0.0147469 0.0590756 0.0720649 0.0943465 0.0789381 0.1046010 0.0891405 0.1546157 0.0901615 0.2621411 0.0220482 0.0190367 0.0643145 0.0824955 0.0317660 0.0564250 0.0472484 0.0518492 0.0594359 0.0000000 0.0450086 0.0625780 0.0884596 0.0707164 0.0352023 0.0646011 0.0524728 0.0382886 0.0462607 0.0540155 0.0699199 0.0332605 0.2140769 0.0628108 0.1156836 0.0120390 0.0381831 0.0534001 0.0262112 0.0600311 0.0222854 0.0398212 0.0786258 0.0746349 0.0871201 0.0642708 0.0194601 0.0398432 0.0443899 0.1287080 0.0320798 0.0380407 0.0354850 0.0293252 0.0943068 0.0715680 0.0463615 0.0413957 0.0359622 0.0369433 0.1112828 
