83
Amauria_brandeegeana_62                    0.0000000 0.0349554 0.0750371 0.2801057 0.1240407 0.0573014 0.2204733 0.1840244 0.2969285 0.0586894 0.1654221 0.1243048 0.1382387 0.1129740 0.0671949 0.1607998 0.1192900 0.1372912 0.0993188 0.1235722 0.1103896 0.0820175 0.4574073 0.1386271 0.0841352 0.1396829 0.1851939 0.1599594 0.1583326 0.0843748 0.1105139 0.1693313 0.1235347 0.0749881 0.1382462 0.1365957 0.2052618 0.1204303 0.1925406 0.1406876 0.1395870 0.1294408 0.1721687 0.0962102 0.1421683 0.2201662 0.1388719 0.1448576 0.1523026 0.1584595 0.1303889 0.1424024 0.2414840 0.1598572 0.1090725 0.1455320 0.0847995 0.0822846 0.1122789 0.1429652 0.1513449 0.0942149 0.1350915 0.0934528 0.1255743 0.1479357 0.1386367 0.1969274 0.1484553 0.0554124 0.1067676 0.1386581 0.1129476 0.1380825 0.1066859 0.1365803 0.1564028 0.2247698 0.1538538 0.1237640 0.1312367 0.1253031 0.1323643 
Amauria_carterae_99_mesa                   0.0349554 0.0000000 0.0422413 0.1965503 0.0565452 0.0304597 0.1404250 0.1310606 0.1960848 0.0297030 0.0786735 0.0630561 0.0607684 0.0636377 0.0454105 0.0744587 0.0543572 0.0804702 0.0659180 0.0619609 0.0571381 0.0647217 0.3054245 0.0666383 0.0586087 0.0653328 0.0572467 0.0678824 0.0899680 0.0616238 0.0890572 0.0859096 0.0572660 0.0416080 0.0619385 0.0229908 0.0714090 0.0619633 0.0893374 0.0693509 0.0666500 0.0654292 0.0675332 0.0661300 0.0709766 0.0802172 0.0654484 0.0650815 0.0616417 0.0736162 0.0628440 0.0589592 0.1600473 0.0632888 0.0633015 0.1032033 0.0701134 0.0621413 0.0637095 0.0643926 0.0897214 0.0728141 0.0949451 0.0685012 0.0613067 0.0852410 0.0555427 0.1123903 0.0581792 0.0458182 0.0625943 0.0655242 0.0751889 0.0628726 0.0643103 0.0585480 0.1001918 0.1161366 0.0868761 0.0612380 0.0665710 0.0983973 0.0649132 
Amauria_rotundifolia_SRR9119150            0.0750371 0.0422413 0.0000000 0.2620006 0.1104677 0.0594295 0.2136101 0.1738323 0.2798110 0.0804935 0.1327152 0.1176174 0.1064739 0.0911257 0.0690121 0.1286372 0.0931862 0.1264638 0.0887007 0.1070960 0.0973703 0.0804549 0.4483604 0.1153004 0.0798771 0.1134046 0.1622114 0.1404726 0.1362680 0.0916103 0.1059776 0.1390733 0.1101453 0.0762987 0.1110232 0.1061583 0.1971684 0.1037980 0.1954042 0.1234642 0.1162228 0.1073298 0.1681148 0.0911421 0.1260716 0.2077452 0.1091869 0.1145128 0.1147419 0.1432424 0.1023934 0.1121006 0.2233288 0.1317735 0.0922094 0.1288013 0.0810853 0.0681134 0.0925831 0.1052015 0.1321168 0.0812194 0.1213849 0.0800695 0.1068028 0.1266346 0.1155184 0.1968677 0.1231916 0.0497706 0.0944413 0.1158299 0.1141408 0.1072886 0.0903990 0.1115161 0.1519787 0.2221186 0.1321097 0.1057259 0.1200005 0.1258109 0.0976351 
Conoclinium_coelestinum_SRR9119114         0.2801057 0.1965503 0.2620006 0.0000000 0.2578098 0.1680626 0.1588507 0.2372251 0.3113631 0.2669377 0.2845884 0.2555401 0.2560005 0.2515301 0.2150126 0.2958876 0.2481935 0.2776958 0.2366604 0.2450066 0.2380687 0.2378803 0.4863557 0.2547133 0.2356200 0.2475588 0.2580640 0.2881497 0.2912507 0.2269827 0.1641594 0.2811715 0.2680548 0.2540929 0.2503809 0.2373539 0.2845480 0.2506076 0.3034956 0.2964399 0.2548821 0.2544966 0.2805120 0.2479128 0.2553274 0.3020724 0.2486286 0.2531839 0.2490577 0.2780372 0.2495736 0.2509852 0.3745821 0.2485635 0.2478381 0.2922862 0.2065401 0.1947186 0.2537775 0.2536921 0.2826660 0.2113009 0.2871942 0.1853003 0.2513741 0.2951340 0.2113636 0.3217853 0.2588194 0.1715634 0.2530388 0.2536876 0.2843496 0.2463081 0.2574772 0.2503818 0.2088106 0.3293002 0.2826904 0.2486720 0.2565092 0.2618375 0.2529002 
Eutetras_palmeri_63                        0.1240407 0.0565452 0.1104677 0.2578098 0.0000000 0.0154299 0.1931245 0.1651641 0.2697039 0.1007616 0.1445170 0.1059157 0.1151621 0.0980081 0.0680336 0.1381264 0.0926665 0.1282841 0.0811570 0.1144951 0.1000645 0.0817648 0.4385763 0.1155013 0.0802965 0.1154472 0.1487079 0.1508277 0.1408531 0.0901347 0.1111200 0.1478764 0.1137105 0.0855709 0.1157164 0.1354460 0.1852065 0.1083656 0.1815720 0.1375264 0.1153440 0.1076004 0.1588125 0.0884728 0.1165712 0.2054478 0.1121692 0.1156633 0.1225923 0.1399094 0.1075144 0.1124076 0.2298191 0.1398210 0.0998570 0.1291725 0.0811303 0.0695570 0.0935294 0.1140286 0.1403551 0.0864454 0.1274275 0.0773729 0.1161105 0.1255574 0.1179589 0.2071216 0.1102226 0.0552607 0.0937478 0.1155737 0.1138844 0.1096438 0.0967836 0.1152087 0.1408867 0.2319139 0.1283933 0.1099019 0.1079384 0.1186219 0.1068460 
Eutetras_pringlei_149_quer                 0.0573014 0.0304597 0.0594295 0.1680626 0.0154299 0.0000000 0.1325071 0.0982291 0.1306297 0.0576054 0.0877580 0.0589100 0.0590399 0.0536366 0.0540520 0.0662925 0.0525424 0.0457049 0.0653939 0.0555982 0.0521020 0.0597744 0.1013871 0.0556253 0.0558631 0.0556844 0.0540353 0.0591835 0.0954130 0.0528431 0.0447516 0.0655421 0.0485071 0.0530176 0.0556364 0.0362089 0.0702429 0.0557066 0.0832488 0.0625342 0.0556253 0.0556253 0.0591163 0.0604302 0.0621617 0.0871844 0.0624373 0.0606291 0.0563454 0.0655786 0.0546705 0.0497542 0.1093171 0.0614855 0.0589946 0.1019824 0.0509538 0.0422591 0.0537759 0.0590697 0.1140722 0.0565844 0.0719394 0.0493832 0.0588564 0.0893575 0.0550162 0.1004209 0.0761626 0.0409480 0.0532577 0.0525870 0.0675568 0.0538737 0.0588942 0.0555630 0.1278828 0.1005655 0.0824963 0.0536526 0.0657433 0.0767505 0.0606635 
Eutrochium_fistulosum_SRR9119106           0.2204733 0.1404250 0.2136101 0.1588507 0.1931245 0.1325071 0.0000000 0.2082819 0.2964542 0.2135227 0.2183494 0.1885173 0.1988446 0.1930650 0.1300698 0.2298782 0.1858924 0.2268766 0.2001350 0.1955068 0.1920713 0.1903171 0.4573460 0.1909355 0.1940962 0.1766670 0.2115243 0.2324221 0.2482198 0.1745146 0.1445602 0.2320731 0.2235466 0.2053194 0.1909778 0.2015351 0.2641373 0.1899288 0.2743478 0.2265229 0.1913029 0.1925728 0.2535642 0.1937060 0.2216987 0.2716918 0.1875712 0.1948886 0.1914975 0.2471582 0.1903725 0.1900430 0.3102875 0.1981134 0.1890848 0.2502839 0.1586951 0.1490869 0.1952854 0.1939813 0.2058354 0.1545412 0.2324209 0.1418632 0.1934095 0.2507651 0.1810111 0.2873788 0.2241284 0.1008375 0.1929406 0.1908361 0.2436661 0.1730404 0.1953594 0.1915611 0.1468994 0.3113407 0.2296529 0.1930308 0.1944398 0.2013399 0.1935809 
Galeana_pratensis_104_mex                  0.1840244 0.1310606 0.1738323 0.2372251 0.1651641 0.0982291 0.2082819 0.0000000 0.1974960 0.1573463 0.1731019 0.1543919 0.1582081 0.1581192 0.1455435 0.1864191 0.1519442 0.1714308 0.1773952 0.1580275 0.1575279 0.1581020 0.2607211 0.1582308 0.1536994 0.1523667 0.1462963 0.1782404 0.1743585 0.1763391 0.1326379 0.1955677 0.1609565 0.1624426 0.1603343 0.1416147 0.1801228 0.1604369 0.1752657 0.1842844 0.1563927 0.1598706 0.1748475 0.1604631 0.1790879 0.1728315 0.1563934 0.1581898 0.1556765 0.1855364 0.1539423 0.1583905 0.1665570 0.1413382 0.1561472 0.2009879 0.1474176 0.1268853 0.1568359 0.1571028 0.1821153 0.1660090 0.1573602 0.1415163 0.1640461 0.1848080 0.1353039 0.1976587 0.1515334 0.1434347 0.1562990 0.1547202 0.2019573 0.1515258 0.1617373 0.1547779 0.1653854 0.1992406 0.1635103 0.1623069 0.1578497 0.1904525 0.1586052 
Helianthus_annuus_SRR9119062               0.2969285 0.1960848 0.2798110 0.3113631 0.2697039 0.1306297 0.2964542 0.1974960 0.0000000 0.2820826 0.2797637 0.2737012 0.2657127 0.2640758 0.2137797 0.2605027 0.2549698 0.2842763 0.2527806 0.2679737 0.2582442 0.2574992 0.5431978 0.2652128 0.2511620 0.2490473 0.2577889 0.2778636 0.2662968 0.2509307 0.1926121 0.3071032 0.2646456 0.2429906 0.2700513 0.2610547 0.3143736 0.2772780 0.3200043 0.2506962 0.2668895 0.2643306 0.2997448 0.2640533 0.2802364 0.3151131 0.2670487 0.2668285 0.2658093 0.3132434 0.2648331 0.2699366 0.3744778 0.2459904 0.2594168 0.2687999 0.1786688 0.1779377 0.2687599 0.2675371 0.2470109 0.1917767 0.2849854 0.1564836 0.2601972 0.2632852 0.2148308 0.2968723 0.2530235 0.1457885 0.2594386 0.2631926 0.3009174 0.2479199 0.2682946 0.2671754 0.1880956 0.3236449 0.2726992 0.2613117 0.2665905 0.2346101 0.2690814 
Lycapsus_tenuifolius_17                    0.0586894 0.0297030 0.0804935 0.2669377 0.1007616 0.0576054 0.2135227 0.1573463 0.2820826 0.0000000 0.1388563 0.1089710 0.1168544 0.0989904 0.0543955 0.1430753 0.1074178 0.1215512 0.1009707 0.0969303 0.0926408 0.0778700 0.4087613 0.1183591 0.0793954 0.1099819 0.1652080 0.1458302 0.1507942 0.0560072 0.0664039 0.1463331 0.1180165 0.0713448 0.1050645 0.0749151 0.1899715 0.1069708 0.1990131 0.1248477 0.1180651 0.1074958 0.1572404 0.0911273 0.1294808 0.2106590 0.1092190 0.1157861 0.1195933 0.1479610 0.1010273 0.1163379 0.2430167 0.1387739 0.0886406 0.1474388 0.0672011 0.0677486 0.1031272 0.1097382 0.1209280 0.0756660 0.1356116 0.0693037 0.1034899 0.1388701 0.1059410 0.1916579 0.1458169 0.0328897 0.1036053 0.1183232 0.0956973 0.1089483 0.0952792 0.1038749 0.1361886 0.2259819 0.1493527 0.0945195 0.1187433 0.0953882 0.1087137 
Pericome_caudata_50_silver                 0.1654221 0.0786735 0.1327152 0.2845884 0.1445170 0.0877580 0.2183494 0.1731019 0.2797637 0.1388563 0.0000000 0.1676500 0.1506125 0.1144851 0.0736571 0.1723528 0.1188786 0.1430203 0.1039974 0.1515200 0.1257664 0.1126169 0.4871585 0.1542281 0.1012979 0.1651924 0.2151683 0.1846180 0.1545638 0.1185202 0.1130436 0.1674109 0.1313521 0.1124444 0.1521217 0.1736765 0.2347014 0.1388426 0.2215260 0.1557856 0.1521917 0.1379015 0.2085285 0.1168933 0.1567219 0.2608177 0.1561173 0.1541349 0.1638511 0.1772549 0.1402408 0.1522002 0.2296061 0.1815591 0.1225368 0.1372147 0.0898892 0.1009589 0.1137210 0.1441123 0.1561008 0.0936086 0.1409724 0.0897623 0.1502871 0.1431753 0.1727851 0.2057323 0.1395122 0.0622778 0.1104528 0.1525038 0.1367473 0.1504076 0.1178062 0.1524640 0.1467335 0.2245079 0.1826039 0.1433445 0.1779410 0.1216113 0.1249780 
Perityle_aglossa_84_dead_horse             0.1243048 0.0630561 0.1176174 0.2555401 0.1059157 0.0589100 0.1885173 0.1543919 0.2737012 0.1089710 0.1676500 0.0000000 0.0624654 0.0271710 0.0068092 0.0799288 0.0238105 0.1128888 0.0698299 0.0566187 0.0344468 0.0184716 0.4158157 0.0695189 0.0175532 0.0742101 0.1276138 0.1353100 0.1054187 0.0955531 0.0943416 0.1441898 0.1013715 0.0923666 0.0664455 0.1440521 0.1793412 0.0497483 0.1704055 0.0784077 0.0710299 0.0524695 0.1759274 0.0213705 0.1169936 0.2003824 0.0739131 0.0717451 0.0723289 0.1316405 0.0542470 0.0651918 0.1751584 0.1016999 0.0343153 0.1003047 0.0645373 0.0401586 0.0244733 0.0471011 0.1223722 0.0589242 0.0899202 0.0458699 0.0710583 0.0942757 0.0897676 0.1795595 0.1228681 0.0152689 0.0278157 0.0700610 0.1172774 0.0716751 0.0207862 0.0674807 0.1393291 0.2039821 0.1405075 0.0652399 0.0194449 0.0985267 0.0260605 
Perityle_ajoensis_204                      0.1382387 0.0607684 0.1064739 0.2560005 0.1151621 0.0590399 0.1988446 0.1582081 0.2657127 0.1168544 0.1506125 0.0624654 0.0000000 0.0189842 0.0113619 0.0900994 0.0128341 0.1195279 0.0719704 0.0533474 0.0149202 0.0171131 0.4274383 0.0233747 0.0118159 0.0467740 0.1101155 0.1060710 0.1143408 0.0936843 0.0889599 0.1475264 0.1042943 0.0880686 0.0219155 0.1367492 0.1930273 0.0421027 0.1805667 0.0751102 0.0238358 0.0246615 0.1571593 0.0200500 0.1127107 0.2159355 0.0470730 0.0257718 0.0628382 0.1302381 0.0185864 0.0233596 0.1648392 0.0725521 0.0279377 0.0984275 0.0586994 0.0325963 0.0221488 0.0445549 0.1219585 0.0515470 0.0882668 0.0388836 0.0303243 0.1026207 0.0612873 0.1883041 0.1158735 0.0093420 0.0257393 0.0238840 0.1147522 0.0247538 0.0214104 0.0246206 0.1333329 0.2137190 0.1227891 0.0227122 0.0665487 0.0930354 0.0283061 
Perityle_ambrosiifolia_67_green            0.1129740 0.0636377 0.0911257 0.2515301 0.0980081 0.0536366 0.1930650 0.1581192 0.2640758 0.0989904 0.1144851 0.0271710 0.0189842 0.0000000 0.0122143 0.0550065 0.0100952 0.1171225 0.0657974 0.0292868 0.0145688 0.0197019 0.4093432 0.0042275 0.0132418 0.0204568 0.0783699 0.0805248 0.1006447 0.0921924 0.0898373 0.1272519 0.0958570 0.0898955 0.0194898 0.1000288 0.1453822 0.0365490 0.1570195 0.0588786 0.0052777 0.0042111 0.1223348 0.0213159 0.0955902 0.1623909 0.0196045 0.0217678 0.0314749 0.1186680 0.0036591 0.0181384 0.1655777 0.0533313 0.0190787 0.0947558 0.0603387 0.0355420 0.0227546 0.0293575 0.1066897 0.0507964 0.0898714 0.0378274 0.0217181 0.0969083 0.0502749 0.1768665 0.0981035 0.0106529 0.0241691 0.0047543 0.1112294 0.0194483 0.0220763 0.0205808 0.1318024 0.2103312 0.0911088 0.0225682 0.0325027 0.0948939 0.0267466 
Perityle_angustifolia_13_Eagle_creek       0.0671949 0.0454105 0.0690121 0.2150126 0.0680336 0.0540520 0.1300698 0.1455435 0.2137797 0.0543955 0.0736571 0.0068092 0.0113619 0.0122143 0.0000000 0.0265149 0.0053277 0.0718989 0.0446695 0.0152868 0.0075658 0.0127459 0.3619026 0.0121671 0.0093052 0.0143955 0.0327815 0.0592827 0.0774617 0.0786244 0.0890634 0.0915618 0.0656110 0.0498731 0.0090845 0.0604746 0.0838694 0.0286702 0.1239949 0.0281815 0.0129482 0.0113823 0.0747732 0.0137481 0.0742817 0.1180127 0.0060256 0.0114685 0.0122202 0.0803082 0.0099332 0.0085118 0.1268137 0.0346874 0.0037669 0.0702822 0.0467039 0.0238527 0.0137056 0.0128990 0.0787731 0.0443289 0.0618318 0.0396322 0.0129713 0.0750182 0.0232833 0.1193022 0.0679085 0.0050807 0.0187762 0.0121642 0.0906016 0.0145146 0.0113379 0.0083189 0.1130718 0.1593272 0.0640884 0.0106428 0.0136430 0.0881440 0.0129558 
Perityle_batopilensis_97                   0.1607998 0.0744587 0.1286372 0.2958876 0.1381264 0.0662925 0.2298782 0.1864191 0.2605027 0.1430753 0.1723528 0.0799288 0.0900994 0.0550065 0.0265149 0.0000000 0.0668333 0.1273516 0.0812104 0.0819374 0.0597983 0.0496012 0.4590479 0.0939527 0.0436216 0.0989150 0.1468053 0.1421104 0.1488550 0.1075659 0.0972479 0.1653999 0.1313735 0.1079939 0.0756620 0.1542205 0.2160021 0.0802509 0.2035179 0.0234680 0.0929108 0.0677733 0.1836996 0.0496182 0.1396266 0.2332770 0.0865637 0.0883170 0.0959386 0.1607358 0.0719735 0.0868129 0.1912762 0.1098928 0.0620861 0.1189059 0.0743072 0.0472244 0.0526762 0.0680762 0.1473173 0.0638224 0.1028219 0.0545529 0.0937453 0.1344725 0.0994122 0.2157596 0.1543202 0.0312285 0.0633302 0.0936482 0.1332920 0.0925528 0.0560088 0.0746882 0.1386376 0.2281857 0.1642005 0.0807300 0.0945877 0.1061982 0.0670558 
Perityle_bisetosa_9                        0.1192900 0.0543572 0.0931862 0.2481935 0.0926665 0.0525424 0.1858924 0.1519442 0.2549698 0.1074178 0.1188786 0.0238105 0.0128341 0.0100952 0.0053277 0.0668333 0.0000000 0.1090905 0.0613160 0.0285375 0.0077946 0.0104729 0.4023117 0.0123000 0.0054235 0.0189039 0.0970938 0.0774179 0.1025874 0.0836249 0.0881066 0.1349035 0.0916073 0.0790502 0.0112700 0.1020777 0.1757162 0.0263170 0.1743608 0.0584574 0.0129034 0.0118426 0.1289129 0.0118889 0.0908267 0.1993412 0.0168292 0.0140223 0.0312106 0.1153952 0.0099276 0.0103139 0.1537876 0.0491957 0.0098332 0.0861922 0.0560425 0.0283740 0.0125254 0.0285345 0.1069352 0.0462154 0.0807986 0.0351827 0.0182204 0.0903637 0.0460456 0.1717605 0.1082836 0.0023539 0.0118429 0.0130205 0.1022507 0.0133067 0.0113282 0.0118944 0.1268862 0.2006401 0.0905765 0.0133063 0.0290827 0.0841009 0.0181413 
Perityle_californica_76_positas            0.1372912 0.0804702 0.1264638 0.2776958 0.1282841 0.0457049 0.2268766 0.1714308 0.2842763 0.1215512 0.1430203 0.1128888 0.1195279 0.1171225 0.0718989 0.1273516 0.1090905 0.0000000 0.1183061 0.1163403 0.1119026 0.1134646 0.3836150 0.1190591 0.1029872 0.1137282 0.1547640 0.1410943 0.1562249 0.0876736 0.0877081 0.0674133 0.1016982 0.1136867 0.1179592 0.0845577 0.1825439 0.1195547 0.1979535 0.1264359 0.1194284 0.1184826 0.1742183 0.1125461 0.1353428 0.1938311 0.1186471 0.1219850 0.1199439 0.1619228 0.1160629 0.1187151 0.2079931 0.1319887 0.1157955 0.1701482 0.0874136 0.1032388 0.1216754 0.1212565 0.1449316 0.1092120 0.1530727 0.0940207 0.1128868 0.1575988 0.1189662 0.1693678 0.1281744 0.0704047 0.1188316 0.1182644 0.1197053 0.1132130 0.1216774 0.1187939 0.1386139 0.2048669 0.1433810 0.1178580 0.1170819 0.1192116 0.1217379 
Perityle_canescens_77                      0.0993188 0.0659180 0.0887007 0.2366604 0.0811570 0.0653939 0.2001350 0.1773952 0.2527806 0.1009707 0.1039974 0.0698299 0.0719704 0.0657974 0.0446695 0.0812104 0.0613160 0.1183061 0.0000000 0.0644299 0.0588897 0.0663461 0.4130389 0.0712473 0.0601228 0.0673961 0.1234607 0.0924873 0.0971982 0.0892718 0.1020999 0.1162692 0.0968704 0.0758645 0.0684360 0.0684935 0.1008332 0.0653475 0.1216460 0.0750282 0.0720512 0.0704783 0.0874112 0.0655557 0.0629661 0.1203600 0.0704728 0.0731988 0.0710397 0.0646768 0.0664780 0.0692287 0.1799125 0.0919471 0.0637996 0.1078703 0.0648164 0.0619609 0.0700501 0.0738395 0.0980406 0.0672960 0.1013618 0.0641725 0.0631265 0.0942936 0.0761440 0.1358429 0.0918201 0.0424168 0.0673988 0.0705772 0.1093203 0.0651117 0.0664454 0.0698687 0.1474754 0.1426235 0.0788964 0.0640408 0.0755690 0.0859361 0.0741077 
Perityle_castillonii_96                    0.1235722 0.0619609 0.1070960 0.2450066 0.1144951 0.0555982 0.1955068 0.1580275 0.2679737 0.0969303 0.1515200 0.0566187 0.0533474 0.0292868 0.0152868 0.0819374 0.0285375 0.1163403 0.0644299 0.0000000 0.0340162 0.0202087 0.4154457 0.0542994 0.0149811 0.0546253 0.0930748 0.1090378 0.1110403 0.0933994 0.0978971 0.1420169 0.0903895 0.0894705 0.0556633 0.1293789 0.1369033 0.0456198 0.1313628 0.0805797 0.0542135 0.0439219 0.1265680 0.0219755 0.1068815 0.1704123 0.0618946 0.0567683 0.0655359 0.1223729 0.0500299 0.0537379 0.1751950 0.0875882 0.0370173 0.0932176 0.0632714 0.0390969 0.0215863 0.0440988 0.1209630 0.0577390 0.0843718 0.0458818 0.0613958 0.0943359 0.0884775 0.1831446 0.1039058 0.0152660 0.0241663 0.0548848 0.1129441 0.0566453 0.0258228 0.0528387 0.1237103 0.2020166 0.1236329 0.0589177 0.0612045 0.0950021 0.0312395 
Perityle_cernua_84                         0.1103896 0.0571381 0.0973703 0.2380687 0.1000645 0.0521020 0.1920713 0.1575279 0.2582442 0.0926408 0.1257664 0.0344468 0.0149202 0.0145688 0.0075658 0.0597983 0.0077946 0.1119026 0.0588897 0.0340162 0.0000000 0.0162365 0.4157380 0.0160822 0.0097447 0.0197909 0.0534959 0.0798023 0.1081778 0.0866972 0.0887234 0.1316778 0.0878210 0.0780403 0.0182485 0.1053084 0.1402068 0.0374760 0.1381987 0.0601582 0.0160499 0.0154611 0.1150730 0.0174214 0.1005946 0.1500921 0.0217633 0.0184150 0.0355288 0.1237138 0.0138766 0.0151221 0.1657456 0.0539365 0.0158914 0.0890016 0.0563567 0.0326935 0.0184130 0.0332468 0.1067938 0.0490978 0.0856006 0.0374256 0.0201490 0.0947999 0.0440901 0.1688441 0.0968118 0.0070295 0.0214311 0.0166306 0.1085090 0.0175966 0.0169252 0.0171482 0.1293413 0.1998722 0.0931119 0.0195213 0.0384184 0.0912030 0.0227690 
Perityle_cfvillosa_25_tin                  0.0820175 0.0647217 0.0804549 0.2378803 0.0817648 0.0597744 0.1903171 0.1581020 0.2574992 0.0778700 0.1126169 0.0184716 0.0171131 0.0197019 0.0127459 0.0496012 0.0104729 0.1134646 0.0663461 0.0202087 0.0162365 0.0000000 0.3812066 0.0193332 0.0154214 0.0219994 0.0590752 0.0789219 0.0845025 0.0914849 0.0988728 0.1127562 0.0914455 0.0898386 0.0152103 0.0663792 0.0923104 0.0196351 0.1164494 0.0531425 0.0199329 0.0192606 0.0854480 0.0060565 0.0860778 0.1134721 0.0208155 0.0030367 0.0000010 0.0918647 0.0185101 0.0074008 0.1776777 0.0539575 0.0208891 0.0977822 0.0693399 0.0373279 0.0012116 0.0000010 0.0871166 0.0604263 0.0886537 0.0460072 0.0219518 0.0861249 0.0492342 0.1548174 0.0802030 0.0164924 0.0221734 0.0193295 0.1116158 0.0208370 0.0066406 0.0152237 0.1274902 0.1841046 0.0781095 0.0222067 0.0244717 0.0934744 0.0000010 
Perityle_cinerea_113_Powell1310            0.4574073 0.3054245 0.4483604 0.4863557 0.4385763 0.1013871 0.4573460 0.2607211 0.5431978 0.4087613 0.4871585 0.4158157 0.4274383 0.4093432 0.3619026 0.4590479 0.4023117 0.3836150 0.4130389 0.4154457 0.4157380 0.3812066 0.0000000 0.4156328 0.3844006 0.4264313 0.4264744 0.4657537 0.4767243 0.4225286 0.2724956 0.4832304 0.3546477 0.4145117 0.4119985 0.4304494 0.5068223 0.4273768 0.4993925 0.4636913 0.4161544 0.4172514 0.4895606 0.3970176 0.5053239 0.5017488 0.4278567 0.4181700 0.4196601 0.4949702 0.4276580 0.4340861 0.5359464 0.4427215 0.3932534 0.4330336 0.3155996 0.3647189 0.4015533 0.4211398 0.4785550 0.3540514 0.4113204 0.2946916 0.4117909 0.4679986 0.4410774 0.5023303 0.4502278 0.2857718 0.3887187 0.4168371 0.4528546 0.4308967 0.3988009 0.4094183 0.3402223 0.5070606 0.5068491 0.4186206 0.4287418 0.5269915 0.3998703 
Perityle_coahuilensis_24                   0.1386271 0.0666383 0.1153004 0.2547133 0.1155013 0.0556253 0.1909355 0.1582308 0.2652128 0.1183591 0.1542281 0.0695189 0.0233747 0.0042275 0.0121671 0.0939527 0.0123000 0.1190591 0.0712473 0.0542994 0.0160822 0.0193332 0.4156328 0.0000000 0.0127733 0.0574689 0.1170538 0.1160784 0.1135860 0.0925980 0.0943023 0.1427478 0.1045481 0.0861481 0.0249898 0.1791304 0.1894376 0.0438777 0.1877961 0.0745892 0.0013446 0.0218925 0.1746931 0.0210072 0.1141926 0.2298286 0.0521445 0.0296158 0.0654463 0.1294306 0.0065515 0.0266876 0.1584313 0.0931888 0.0294979 0.0987895 0.0632550 0.0357397 0.0230616 0.0457746 0.1199287 0.0515716 0.0901603 0.0402544 0.0319178 0.1043879 0.0630188 0.1783831 0.1574686 0.0129548 0.0261915 0.0004555 0.1111633 0.0296245 0.0223057 0.0257605 0.1354643 0.2059561 0.1365143 0.0251418 0.0946185 0.0964783 0.0292798 
Perityle_cochisensis_44_cave_creek         0.0841352 0.0586087 0.0798771 0.2356200 0.0802965 0.0558631 0.1940962 0.1536994 0.2511620 0.0793954 0.1012979 0.0175532 0.0118159 0.0132418 0.0093052 0.0436216 0.0054235 0.1029872 0.0601228 0.0149811 0.0097447 0.0154214 0.3844006 0.0127733 0.0000000 0.0157689 0.0508787 0.0740015 0.0839569 0.0883554 0.0893192 0.1112662 0.0883772 0.0868103 0.0131534 0.0693544 0.0864057 0.0248148 0.1238217 0.0476146 0.0133659 0.0127265 0.0786872 0.0174706 0.0827575 0.1204768 0.0143375 0.0151035 0.0150904 0.0842189 0.0120625 0.0121776 0.1698007 0.0450434 0.0149938 0.0940838 0.0566121 0.0308311 0.0163078 0.0156604 0.0857639 0.0494367 0.0800059 0.0362926 0.0157464 0.0848068 0.0418202 0.1571435 0.0864837 0.0082077 0.0207591 0.0127709 0.1100531 0.0152782 0.0155446 0.0125594 0.1262514 0.1828890 0.0836122 0.0162732 0.0228625 0.0900438 0.0157150 
Perityle_congesta_202                      0.1396829 0.0653328 0.1134046 0.2475588 0.1154472 0.0556844 0.1766670 0.1523667 0.2490473 0.1099819 0.1651924 0.0742101 0.0467740 0.0204568 0.0143955 0.0989150 0.0189039 0.1137282 0.0673961 0.0546253 0.0197909 0.0219994 0.4264313 0.0574689 0.0157689 0.0000000 0.1286217 0.1299586 0.1132085 0.0942670 0.0942184 0.1448154 0.0939178 0.0886217 0.0512452 0.1598968 0.2068568 0.0499567 0.1800208 0.0819701 0.0578279 0.0438120 0.1787807 0.0249140 0.1205941 0.2234127 0.0543002 0.0561754 0.0727495 0.1355154 0.0390709 0.0525356 0.1559964 0.0975458 0.0333712 0.0919447 0.0632090 0.0376165 0.0260006 0.0470086 0.1223948 0.0535932 0.0869891 0.0457948 0.0610397 0.1009041 0.0743652 0.1902262 0.1326174 0.0128835 0.0275830 0.0570215 0.1136453 0.0418326 0.0241788 0.0512680 0.1297228 0.2152799 0.1462324 0.0459129 0.0881390 0.1014885 0.0301092 
Perityle_cordifolia_27                     0.1851939 0.0572467 0.1622114 0.2580640 0.1487079 0.0540353 0.2115243 0.1462963 0.2577889 0.1652080 0.2151683 0.1276138 0.1101155 0.0783699 0.0327815 0.1468053 0.0970938 0.1547640 0.1234607 0.0930748 0.0534959 0.0590752 0.4264744 0.1170538 0.0508787 0.1286217 0.0000000 0.1446791 0.1991290 0.0995584 0.0819373 0.2047417 0.1718409 0.1061022 0.0926472 0.1502307 0.2412735 0.1057026 0.2427095 0.0966375 0.1155137 0.0965571 0.1997593 0.0622058 0.1403512 0.2891382 0.1187443 0.1075178 0.1391168 0.1656014 0.0865726 0.1131536 0.2508434 0.0790058 0.0689572 0.1625776 0.0641385 0.0252473 0.0797768 0.1153436 0.1671419 0.0527714 0.1377550 0.0291626 0.1069285 0.1836237 0.0100533 0.2057003 0.2024602 0.0205024 0.0960954 0.1125607 0.1384158 0.1157777 0.0754805 0.0951187 0.1392220 0.2333307 0.1896789 0.0823111 0.1377484 0.1165453 0.1006970 
Perityle_cordifolia_68_tecolote            0.1599594 0.0678824 0.1404726 0.2881497 0.1508277 0.0591835 0.2324221 0.1782404 0.2778636 0.1458302 0.1846180 0.1353100 0.1060710 0.0805248 0.0592827 0.1421104 0.0774179 0.1410943 0.0924873 0.1090378 0.0798023 0.0789219 0.4657537 0.1160784 0.0740015 0.1299586 0.1446791 0.0000000 0.1333702 0.1169491 0.0961306 0.1616031 0.1200594 0.1231434 0.1136325 0.1926757 0.2143794 0.1022970 0.2023565 0.1297238 0.1180764 0.1022069 0.1918573 0.0823173 0.1519052 0.2400358 0.1158027 0.1146470 0.1316344 0.1651758 0.0956633 0.1148930 0.2288891 0.1235034 0.0873269 0.1331140 0.0039634 0.0709638 0.0841842 0.1083199 0.1410857 0.0796464 0.0913155 0.0764172 0.1133592 0.1255463 0.1134128 0.2237763 0.1962942 0.0549603 0.0834851 0.1175080 0.1459310 0.1197357 0.0809964 0.1087521 0.1589880 0.2469213 0.1560984 0.1043687 0.1464335 0.0940761 0.0916595 
Perityle_coronopifolia_28_patagonia        0.1583326 0.0899680 0.1362680 0.2912507 0.1408531 0.0954130 0.2482198 0.1743585 0.2662968 0.1507942 0.1545638 0.1054187 0.1143408 0.1006447 0.0774617 0.1488550 0.1025874 0.1562249 0.0971982 0.1110403 0.1081778 0.0845025 0.4767243 0.1135860 0.0839569 0.1132085 0.1991290 0.1333702 0.0000000 0.1248818 0.1437645 0.1827614 0.1408797 0.1207408 0.1076916 0.1520162 0.1816226 0.1071004 0.1708335 0.1428937 0.1170965 0.1131017 0.1417811 0.0875233 0.1119762 0.1948064 0.1078828 0.1107861 0.1173047 0.1230610 0.1077635 0.1119763 0.2264836 0.1398243 0.0967761 0.0800482 0.0796082 0.0947657 0.0921534 0.1157824 0.0549545 0.0951279 0.1183224 0.0928526 0.1141931 0.0166681 0.1385917 0.2168405 0.1588146 0.0658019 0.0915268 0.1144812 0.1438063 0.1124542 0.1001112 0.1109635 0.1394834 0.2145802 0.1021348 0.1143231 0.1127217 0.0726039 0.1060450 
Perityle_crassifolia_70_ventanas           0.0843748 0.0616238 0.0916103 0.2269827 0.0901347 0.0528431 0.1745146 0.1763391 0.2509307 0.0560072 0.1185202 0.0955531 0.0936843 0.0921924 0.0786244 0.1075659 0.0836249 0.0876736 0.0892718 0.0933994 0.0866972 0.0914849 0.4225286 0.0925980 0.0883554 0.0942670 0.0995584 0.1169491 0.1248818 0.0000000 0.0362580 0.0882454 0.0702238 0.0076910 0.0900197 0.0240780 0.1025694 0.0976386 0.1225611 0.1091973 0.0936281 0.0933703 0.0965736 0.0951261 0.1016207 0.1207619 0.0917039 0.0935011 0.0929017 0.0983124 0.0898199 0.0899449 0.1721791 0.1011261 0.0921914 0.1217277 0.0712328 0.0777360 0.0960433 0.0956008 0.1278727 0.0799534 0.1074675 0.0734827 0.0890613 0.1209732 0.0925425 0.1406883 0.0960809 0.0443878 0.0919800 0.0926066 0.0038880 0.0917153 0.0943246 0.0881047 0.1027101 0.1652711 0.1111647 0.0896318 0.1010321 0.1222388 0.0951910 
Perityle_crassifolia_74_playa_balandra     0.1105139 0.0890572 0.1059776 0.1641594 0.1111200 0.0447516 0.1445602 0.1326379 0.1926121 0.0664039 0.1130436 0.0943416 0.0889599 0.0898373 0.0890634 0.0972479 0.0881066 0.0877081 0.1020999 0.0978971 0.0887234 0.0988728 0.2724956 0.0943023 0.0893192 0.0942184 0.0819373 0.0961306 0.1437645 0.0362580 0.0000000 0.0910370 0.0894940 0.0377756 0.0926866 0.0434224 0.1165062 0.0945619 0.1149724 0.0890152 0.0926201 0.0941950 0.1116560 0.1011134 0.1151660 0.1110943 0.0945259 0.0974045 0.0957288 0.1178698 0.0889862 0.0933440 0.1188093 0.0891428 0.0906351 0.1416728 0.0901955 0.0785483 0.0977343 0.1000958 0.1554419 0.0912034 0.1145848 0.0812488 0.0904508 0.1478988 0.0770781 0.1381691 0.1094385 0.0570056 0.0920827 0.0926201 0.0388879 0.0906224 0.0978592 0.0927700 0.0925688 0.1395304 0.1205452 0.0918419 0.0995717 0.1585683 0.0994791 
Perityle_cuneata_34_cuneata_San_antonio    0.1693313 0.0859096 0.1390733 0.2811715 0.1478764 0.0655421 0.2320731 0.1955677 0.3071032 0.1463331 0.1674109 0.1441898 0.1475264 0.1272519 0.0915618 0.1653999 0.1349035 0.0674133 0.1162692 0.1420169 0.1316778 0.1127562 0.4832304 0.1427478 0.1112662 0.1448154 0.2047417 0.1616031 0.1827614 0.0882454 0.0910370 0.0000000 0.0998488 0.0999090 0.1356408 0.1416551 0.2390151 0.1452134 0.2300335 0.1565937 0.1429840 0.1383266 0.1901336 0.1172269 0.1493312 0.2649385 0.1425507 0.1422574 0.1520471 0.1742710 0.1344681 0.1391942 0.2458811 0.1604177 0.1245991 0.1601273 0.0868717 0.0946740 0.1226425 0.1490268 0.1778933 0.1037024 0.1520031 0.0811344 0.1469007 0.1695539 0.1447217 0.2097372 0.1552259 0.0702130 0.1274162 0.1427943 0.1159717 0.1419844 0.1280971 0.1352270 0.1513594 0.2319595 0.1769306 0.1418735 0.1400413 0.1327271 0.1407793 
Perityle_cuneata_4                         0.1235347 0.0572660 0.1101453 0.2680548 0.1137105 0.0485071 0.2235466 0.1609565 0.2646456 0.1180165 0.1313521 0.1013715 0.1042943 0.0958570 0.0656110 0.1313735 0.0916073 0.1016982 0.0968704 0.0903895 0.0878210 0.0914455 0.3546477 0.1045481 0.0883772 0.0939178 0.1718409 0.1200594 0.1408797 0.0702238 0.0894940 0.0998488 0.0000000 0.0885931 0.0991877 0.0705054 0.1912885 0.0941804 0.2071918 0.1087720 0.1049454 0.1012638 0.1599945 0.0907068 0.1168467 0.2112454 0.0980373 0.1033098 0.1034308 0.1397473 0.0965964 0.1007412 0.2075838 0.1238107 0.0917558 0.1523279 0.0613670 0.0743706 0.1002231 0.1025002 0.1247428 0.0894281 0.1361177 0.0778303 0.0985186 0.1388347 0.1079887 0.1743125 0.1158605 0.0468769 0.0968851 0.1037800 0.0950286 0.0918786 0.0928609 0.0964465 0.1106010 0.2126050 0.1294245 0.0930028 0.1074270 0.1033708 0.1025961 
Perityle_discoidea_81                      0.0749881 0.0416080 0.0762987 0.2540929 0.0855709 0.0530176 0.2053194 0.1624426 0.2429906 0.0713448 0.1124444 0.0923666 0.0880686 0.0898955 0.0498731 0.1079939 0.0790502 0.1136867 0.0758645 0.0894705 0.0780403 0.0898386 0.4145117 0.0861481 0.0868103 0.0886217 0.1061022 0.1231434 0.1207408 0.0076910 0.0377756 0.0999090 0.0885931 0.0000000 0.0888352 0.0394078 0.1116194 0.0874857 0.1425984 0.1046632 0.0862741 0.0860751 0.1019411 0.0922318 0.1046130 0.1403239 0.0902069 0.0887522 0.0881166 0.1063516 0.0870808 0.0833522 0.2098094 0.1045056 0.0913586 0.1248492 0.0722714 0.0758398 0.0901328 0.0891788 0.1042773 0.0724707 0.1258782 0.0738848 0.0824748 0.1180420 0.0971544 0.1392154 0.0968703 0.0382406 0.0900385 0.0853804 0.0269018 0.0853944 0.0894747 0.0843506 0.1350325 0.1694854 0.1122542 0.0891575 0.0942702 0.0941576 0.0894221 
Perityle_dissecta_201                      0.1382462 0.0619385 0.1110232 0.2503809 0.1157164 0.0556364 0.1909778 0.1603343 0.2700513 0.1050645 0.1521217 0.0664455 0.0219155 0.0194898 0.0090845 0.0756620 0.0112700 0.1179592 0.0684360 0.0556633 0.0182485 0.0152103 0.4119985 0.0249898 0.0131534 0.0512452 0.0926472 0.1136325 0.1076916 0.0900197 0.0926866 0.1356408 0.0991877 0.0888352 0.0000000 0.1559185 0.1733059 0.0426908 0.1673441 0.0751516 0.0254509 0.0302055 0.1617947 0.0170097 0.1110428 0.1928973 0.0484601 0.0172224 0.0614811 0.1307586 0.0211023 0.0134636 0.1676573 0.0747444 0.0284606 0.0948900 0.0708930 0.0353489 0.0213406 0.0416970 0.1165347 0.0539759 0.0927655 0.0430035 0.0293116 0.0947998 0.0583586 0.1817372 0.1092040 0.0116973 0.0230941 0.0254877 0.1127658 0.0254046 0.0159319 0.0133682 0.1313259 0.2064584 0.1227155 0.0247340 0.0686982 0.0949331 0.0253338 
Perityle_emoryi_47_punta_san_jose          0.1365957 0.0229908 0.1061583 0.2373539 0.1354460 0.0362089 0.2015351 0.1416147 0.2610547 0.0749151 0.1736765 0.1440521 0.1367492 0.1000288 0.0604746 0.1542205 0.1020777 0.0845577 0.0684935 0.1293789 0.1053084 0.0663792 0.4304494 0.1791304 0.0693544 0.1598968 0.1502307 0.1926757 0.1520162 0.0240780 0.0434224 0.1416551 0.0705054 0.0394078 0.1559185 0.0000000 0.1980013 0.1075930 0.1871140 0.1477823 0.1668679 0.1464842 0.1839536 0.0860889 0.1504408 0.2278380 0.1394821 0.1637902 0.1771742 0.1625498 0.1291730 0.1647115 0.2202409 0.1899898 0.1070279 0.1155716 0.0606122 0.0439642 0.1032936 0.1453545 0.1532619 0.0612895 0.1071817 0.0589934 0.1533204 0.1327208 0.1426296 0.2130620 0.1357556 0.0255153 0.0723999 0.1611853 0.0519893 0.1709185 0.1000323 0.1571294 0.1138928 0.2399397 0.1928102 0.1386776 0.1707861 0.0929348 0.1203329 
Perityle_feddemae_99                       0.2052618 0.0714090 0.1971684 0.2845480 0.1852065 0.0702429 0.2641373 0.1801228 0.3143736 0.1899715 0.2347014 0.1793412 0.1930273 0.1453822 0.0838694 0.2160021 0.1757162 0.1825439 0.1008332 0.1369033 0.1402068 0.0923104 0.5068223 0.1894376 0.0864057 0.2068568 0.2412735 0.2143794 0.1816226 0.1025694 0.1165062 0.2390151 0.1912885 0.1116194 0.1733059 0.1980013 0.0000000 0.1612558 0.2204391 0.1839158 0.1894669 0.1739491 0.0576633 0.1040419 0.0585798 0.2538317 0.1835931 0.1890352 0.2055606 0.0558485 0.1614676 0.1925800 0.3060804 0.2279485 0.1505294 0.1510493 0.0926590 0.0688591 0.1470872 0.1818936 0.1658894 0.0725644 0.1691528 0.0812316 0.1844827 0.1682795 0.1415205 0.2518045 0.1791698 0.0581577 0.1554347 0.1905091 0.1720291 0.1966576 0.1462382 0.1629488 0.1656841 0.2595097 0.1873354 0.1666043 0.1865871 0.1185668 0.1811731 
Perityle_fosteri_93                        0.1204303 0.0619633 0.1037980 0.2506076 0.1083656 0.0557066 0.1899288 0.1604369 0.2772780 0.1069708 0.1388426 0.0497483 0.0421027 0.0365490 0.0286702 0.0802509 0.0263170 0.1195547 0.0653475 0.0456198 0.0374760 0.0196351 0.4273768 0.0438777 0.0248148 0.0499567 0.1057026 0.1022970 0.1071004 0.0976386 0.0945619 0.1452134 0.0941804 0.0874857 0.0426908 0.1075930 0.1612558 0.0000000 0.1628512 0.0868219 0.0444057 0.0432744 0.1447149 0.0341597 0.1104832 0.1769327 0.0448181 0.0458303 0.0519537 0.1356102 0.0419560 0.0433327 0.1685838 0.0788152 0.0366048 0.0944284 0.0633405 0.0372986 0.0337674 0.0472061 0.1186958 0.0577738 0.0881727 0.0416441 0.0464956 0.0999472 0.0801308 0.1834892 0.1075377 0.0046520 0.0105101 0.0444451 0.1219983 0.0451864 0.0353145 0.0432788 0.1354765 0.2124275 0.1056098 0.0448550 0.0565422 0.0989748 0.0383451 
Perityle_gamon_221                         0.1925406 0.0893374 0.1954042 0.3034956 0.1815720 0.0832488 0.2743478 0.1752657 0.3200043 0.1990131 0.2215260 0.1704055 0.1805667 0.1570195 0.1239949 0.2035179 0.1743608 0.1979535 0.1216460 0.1313628 0.1381987 0.1164494 0.4993925 0.1877961 0.1238217 0.1800208 0.2427095 0.2023565 0.1708335 0.1225611 0.1149724 0.2300335 0.2071918 0.1425984 0.1673441 0.1871140 0.2204391 0.1628512 0.0000000 0.1803881 0.1851641 0.1698557 0.1813454 0.1330287 0.1483513 0.0652797 0.1693506 0.1802319 0.1821491 0.1547192 0.1588277 0.1847788 0.3144081 0.2195746 0.1472699 0.1529444 0.0981964 0.0895168 0.1614187 0.1739199 0.1586386 0.0888761 0.1765834 0.0954621 0.1788703 0.1682423 0.1416355 0.2503785 0.1934498 0.0721554 0.1616741 0.1811097 0.1829710 0.1825188 0.1559306 0.1637353 0.1576468 0.2599078 0.1746192 0.1524299 0.1815689 0.1343725 0.1784619 
Perityle_gentryi_8_san_francisco           0.1406876 0.0693509 0.1234642 0.2964399 0.1375264 0.0625342 0.2265229 0.1842844 0.2506962 0.1248477 0.1557856 0.0784077 0.0751102 0.0588786 0.0281815 0.0234680 0.0584574 0.1264359 0.0750282 0.0805797 0.0601582 0.0531425 0.4636913 0.0745892 0.0476146 0.0819701 0.0966375 0.1297238 0.1428937 0.1091973 0.0890152 0.1565937 0.1087720 0.1046632 0.0751516 0.1477823 0.1839158 0.0868219 0.1803881 0.0000000 0.0732277 0.0690911 0.1671104 0.0548961 0.1367776 0.2029319 0.0862266 0.0747724 0.0867614 0.1641819 0.0740806 0.0721690 0.2030770 0.0938957 0.0674339 0.1183273 0.0705972 0.0453185 0.0564136 0.0723527 0.1436738 0.0602813 0.1009671 0.0516769 0.0742488 0.1279984 0.0926007 0.2144506 0.1419119 0.0275406 0.0573824 0.0746165 0.1351912 0.0777937 0.0586069 0.0728320 0.1392240 0.2298565 0.1447577 0.0782244 0.0898541 0.1030573 0.0648434 
Perityle_gilensis_22_Superstition          0.1395870 0.0666500 0.1162228 0.2548821 0.1153440 0.0556253 0.1913029 0.1563927 0.2668895 0.1180651 0.1521917 0.0710299 0.0238358 0.0052777 0.0129482 0.0929108 0.0129034 0.1194284 0.0720512 0.0542135 0.0160499 0.0199329 0.4161544 0.0013446 0.0133659 0.0578279 0.1155137 0.1180764 0.1170965 0.0936281 0.0926201 0.1429840 0.1049454 0.0862741 0.0254509 0.1668679 0.1894669 0.0444057 0.1851641 0.0732277 0.0000000 0.0195120 0.1751097 0.0215824 0.1147659 0.2204969 0.0520644 0.0295664 0.0653784 0.1298553 0.0070501 0.0258054 0.1609062 0.0913495 0.0294694 0.0988842 0.0633225 0.0365497 0.0241283 0.0467845 0.1201673 0.0527960 0.0914632 0.0401927 0.0329789 0.1038900 0.0614532 0.1795675 0.1197322 0.0129500 0.0266783 0.0027378 0.1118353 0.0287056 0.0228098 0.0262365 0.1351868 0.2071651 0.1349665 0.0251117 0.0919901 0.0966300 0.0297529 
Perityle_gilensis_salensis_225             0.1294408 0.0654292 0.1073298 0.2544966 0.1076004 0.0556253 0.1925728 0.1598706 0.2643306 0.1074958 0.1379015 0.0524695 0.0246615 0.0042111 0.0113823 0.0677733 0.0118426 0.1184826 0.0704783 0.0439219 0.0154611 0.0192606 0.4172514 0.0218925 0.0127265 0.0438120 0.0965571 0.1022069 0.1131017 0.0933703 0.0941950 0.1383266 0.1012638 0.0860751 0.0302055 0.1464842 0.1739491 0.0432744 0.1698557 0.0690911 0.0195120 0.0000000 0.1556866 0.0209311 0.1061806 0.2000458 0.0417871 0.0362743 0.0551510 0.1266348 0.0076421 0.0353282 0.1608997 0.0747868 0.0213269 0.0981621 0.0620916 0.0365509 0.0229690 0.0451080 0.1196841 0.0515777 0.0912654 0.0402262 0.0391343 0.0994731 0.0555830 0.1747797 0.1140190 0.0117622 0.0260199 0.0181342 0.1116145 0.0426003 0.0222170 0.0294933 0.1333365 0.2045961 0.1170697 0.0262688 0.0719734 0.0947062 0.0279336 
Perityle_glaucescens_94                    0.1721687 0.0675332 0.1681148 0.2805120 0.1588125 0.0591163 0.2535642 0.1748475 0.2997448 0.1572404 0.2085285 0.1759274 0.1571593 0.1223348 0.0747732 0.1836996 0.1289129 0.1742183 0.0874112 0.1265680 0.1150730 0.0854480 0.4895606 0.1746931 0.0786872 0.1787807 0.1997593 0.1918573 0.1417811 0.0965736 0.1116560 0.1901336 0.1599945 0.1019411 0.1617947 0.1839536 0.0576633 0.1447149 0.1813454 0.1671104 0.1751097 0.1556866 0.0000000 0.0950412 0.0390206 0.1988378 0.1566475 0.1687731 0.1724302 0.0068315 0.1403663 0.1711278 0.2839490 0.1982042 0.1327848 0.1335790 0.0864165 0.0678638 0.1282731 0.1517266 0.1456484 0.0696526 0.1641578 0.0723548 0.1676985 0.1320314 0.1256093 0.2177787 0.1431639 0.0522158 0.1281326 0.1752832 0.1569626 0.1832509 0.1260612 0.1574398 0.1615748 0.2335803 0.1587536 0.1518398 0.1884159 0.1160612 0.1434390 
Perityle_gracilis_11                       0.0962102 0.0661300 0.0911421 0.2479128 0.0884728 0.0604302 0.1937060 0.1604631 0.2640533 0.0911273 0.1168933 0.0213705 0.0200500 0.0213159 0.0137481 0.0496182 0.0118889 0.1125461 0.0655557 0.0219755 0.0174214 0.0060565 0.3970176 0.0210072 0.0174706 0.0249140 0.0622058 0.0823173 0.0875233 0.0951261 0.1011134 0.1172269 0.0907068 0.0922318 0.0170097 0.0860889 0.1040419 0.0341597 0.1330287 0.0548961 0.0215824 0.0209311 0.0950412 0.0000000 0.0921807 0.1285279 0.0230170 0.0017502 0.0052680 0.1023492 0.0201586 0.0089053 0.1860886 0.0587056 0.0230952 0.0986911 0.0695837 0.0401936 0.0070170 0.0064387 0.0907040 0.0606721 0.0902868 0.0462209 0.0247699 0.0890331 0.0527669 0.1604415 0.0870753 0.0165635 0.0289876 0.0209928 0.1168030 0.0243944 0.0081476 0.0164331 0.1335395 0.1928745 0.0858246 0.0243442 0.0266201 0.1018530 0.0064347 
Perityle_harkerae_31                       0.1421683 0.0709766 0.1260716 0.2553274 0.1165712 0.0621617 0.2216987 0.1790879 0.2802364 0.1294808 0.1567219 0.1169936 0.1127107 0.0955902 0.0742817 0.1396266 0.0908267 0.1353428 0.0629661 0.1068815 0.1005946 0.0860778 0.5053239 0.1141926 0.0827575 0.1205941 0.1403512 0.1519052 0.1119762 0.1016207 0.1151660 0.1493312 0.1168467 0.1046130 0.1110428 0.1504408 0.0585798 0.1104832 0.1483513 0.1367776 0.1147659 0.1061806 0.0390206 0.0921807 0.0000000 0.1608563 0.1146517 0.1155078 0.1211817 0.0350547 0.1118220 0.1151224 0.2443939 0.1351422 0.1049021 0.1103611 0.0896692 0.0716091 0.1002234 0.1092813 0.1166438 0.0732216 0.1246792 0.0757370 0.1154803 0.1048617 0.1196923 0.2157399 0.1231449 0.0550153 0.0876571 0.1143225 0.1354791 0.1195205 0.0960650 0.1091131 0.1572259 0.2306793 0.1385669 0.1167083 0.1283235 0.1201711 0.1010420 
