83
Amauria_carterae_99_mesa                   0.0000000 0.0570108 0.1285424 0.0784206 0.1021893 0.1057805 0.1838454 0.0397131 0.0998870 0.0726791 0.0495260 0.0672273 0.0663239 0.0716951 0.0612908 0.0528455 0.0774665 0.0414285 0.0660141 0.0710819 0.0551772 0.0804691 0.0768842 0.0837020 0.0481465 0.0798297 0.0634554 0.0744200 0.0529765 0.0747606 0.0890235 0.0415038 0.0782103 0.0369711 0.0496602 0.0542482 0.0734322 0.0674979 0.0548049 0.0669276 0.0406239 0.0613334 0.0629960 0.0975154 0.0735011 0.0615250 0.0764507 0.0750311 0.0617477 0.0690630 0.0625860 0.0754234 0.0518547 0.0621576 0.0542877 0.0822302 0.0732262 0.0712171 0.0718712 0.0865623 0.0560997 0.0452129 0.0606019 0.0656077 0.0687461 0.0589436 0.0476540 0.0580667 0.1022108 0.0913386 0.0836027 0.0744200 0.0554361 0.0832777 0.0578633 0.0687012 0.0772710 0.0788212 0.0622336 0.0692573 0.0881311 0.0708599 0.0413854 
Amauria_rotundifolia_SRR9119150            0.0570108 0.0000000 0.1445335 0.1514449 0.1373777 0.1001285 0.2274478 0.0481124 0.2086713 0.2226962 0.0536383 0.1207955 0.0619806 0.1243383 0.0961733 0.0888334 0.0797871 0.0567649 0.1749849 0.1862024 0.0713173 0.2557178 0.1125874 0.2099259 0.1593845 0.2665015 0.1258823 0.1000204 0.0473895 0.2336480 0.1553539 0.0375483 0.1773976 0.0542816 0.0406644 0.0697336 0.2005743 0.1148158 0.0627889 0.2100194 0.0435356 0.1521870 0.1118556 0.2771393 0.1837163 0.2143273 0.1992688 0.2260278 0.1475330 0.1860258 0.2322199 0.1758060 0.2046109 0.1766108 0.1302426 0.0713704 0.0955580 0.1914635 0.2073568 0.2631098 0.0357712 0.0352177 0.0497371 0.2185907 0.1291897 0.1280071 0.0956885 0.1814841 0.0880020 0.1180984 0.2456390 0.2267056 0.2174261 0.1767092 0.1479678 0.0568378 0.1497806 0.2173537 0.1526764 0.1499108 0.1135003 0.2488326 0.1501225 
Conoclinium_coelestinum_SRR9119114         0.1285424 0.1445335 0.0000000 0.1409885 0.1096687 0.1171001 0.2671067 0.1283867 0.1584674 0.1648324 0.1016576 0.1282190 0.1303209 0.1575677 0.1314879 0.1303504 0.1236707 0.0608875 0.1293009 0.1481741 0.0798898 0.1474278 0.1481672 0.1538711 0.1363152 0.1729003 0.1704882 0.1518356 0.1079881 0.1432989 0.1511052 0.1309564 0.1592143 0.1257160 0.0868567 0.1159240 0.1486738 0.1551721 0.1124943 0.1550495 0.0773350 0.1474053 0.1557026 0.1760921 0.1552518 0.2490431 0.1433161 0.1537422 0.1572235 0.1354696 0.1445408 0.1444004 0.1611201 0.1329053 0.1408893 0.1304818 0.1515060 0.1488699 0.1588814 0.2137251 0.0543042 0.0791555 0.0975779 0.1532053 0.1744748 0.1470271 0.1410296 0.1332010 0.1408240 0.1541908 0.1573197 0.1650068 0.1414843 0.1565196 0.1455788 0.1057878 0.1715677 0.1551425 0.1464447 0.1566763 0.1765297 0.1541715 0.1184483 
Eutetras_palmeri_63                        0.0784206 0.1514449 0.1409885 0.0000000 0.1129957 0.1114097 0.2188777 0.0866338 0.1221558 0.1284487 0.0343950 0.1008886 0.0499363 0.1511517 0.0541460 0.0904060 0.0612251 0.0373022 0.1266777 0.1254054 0.0360142 0.1187916 0.0786522 0.1285526 0.1416198 0.1831499 0.1472399 0.0681211 0.0393620 0.1259689 0.1400094 0.0819277 0.1283877 0.0401870 0.0377543 0.0388764 0.1273182 0.1349203 0.0351836 0.1190841 0.0259159 0.1063228 0.1308763 0.1699595 0.1290548 0.2066029 0.1269935 0.1249713 0.1486984 0.1227735 0.1218282 0.1136657 0.1855179 0.1168252 0.1389522 0.0528691 0.0748984 0.1243329 0.1287274 0.2243585 0.0320606 0.0352298 0.0547314 0.1253758 0.1472080 0.0949106 0.0857244 0.1461390 0.0809755 0.0731299 0.1211763 0.1327894 0.1137267 0.1279314 0.1094620 0.0541913 0.1260043 0.1190701 0.1074343 0.1230291 0.1356954 0.1276404 0.1022137 
Eutrochium_fistulosum_SRR9119106           0.1021893 0.1373777 0.1096687 0.1129957 0.0000000 0.1015272 0.2367871 0.1126590 0.1146947 0.1222816 0.0680773 0.1054712 0.0837546 0.1368913 0.0755809 0.0901072 0.1056095 0.0605837 0.1054569 0.1259386 0.0590103 0.1068075 0.1140174 0.1146246 0.1073136 0.1401568 0.1370706 0.1080670 0.0768566 0.1100383 0.1268389 0.1135424 0.1072215 0.0713619 0.0617790 0.0812752 0.1215297 0.1270723 0.0676557 0.1210882 0.0525969 0.1086116 0.1216916 0.1508026 0.1138708 0.2194833 0.1074835 0.1236382 0.1144887 0.0950042 0.1104312 0.1015891 0.1263650 0.1000767 0.1216939 0.1005091 0.1122942 0.1247347 0.1269838 0.2132234 0.0576824 0.0688353 0.0833536 0.1163319 0.1440321 0.1098528 0.1075793 0.1093460 0.1143152 0.1105636 0.1087948 0.1234446 0.0980354 0.1157514 0.0960557 0.0860502 0.1339036 0.1208146 0.1053906 0.1147687 0.1628718 0.1269381 0.0847999 
Galeana_pratensis_104_mex                  0.1057805 0.1001285 0.1171001 0.1114097 0.1015272 0.0000000 0.1603731 0.0989276 0.1231339 0.1162331 0.0889157 0.1054978 0.1025160 0.1145387 0.0957853 0.0948629 0.1176611 0.0491283 0.1094908 0.1169677 0.0690832 0.1042684 0.1081035 0.1002422 0.0897579 0.1152028 0.1143508 0.1026044 0.0915879 0.0966103 0.0996005 0.0990022 0.1119489 0.0755732 0.0779914 0.0903287 0.1165687 0.1133928 0.0850447 0.1081408 0.0677355 0.0894721 0.1063192 0.1146895 0.1089140 0.0880137 0.1016074 0.1166989 0.1072193 0.0949260 0.1047478 0.1090065 0.1008738 0.0954528 0.1017094 0.1135033 0.1006945 0.1146343 0.1121381 0.1004263 0.0687743 0.0810738 0.0920188 0.1012470 0.1193525 0.0989286 0.0817291 0.0877940 0.1286901 0.1142034 0.1144187 0.1026044 0.0902616 0.1001085 0.0950209 0.0914792 0.1081302 0.1195626 0.0904140 0.1052794 0.1208248 0.1168267 0.0782941 
Helianthus_annuus_SRR9119062               0.1838454 0.2274478 0.2671067 0.2188777 0.2367871 0.1603731 0.0000000 0.2040148 0.2481259 0.2287538 0.1383215 0.1928761 0.1829660 0.2245197 0.2008208 0.1986997 0.2151532 0.0642148 0.2066276 0.2294979 0.0631928 0.2102987 0.2095598 0.2135582 0.1931492 0.2420172 0.2307190 0.2185992 0.1256044 0.2187267 0.2405721 0.2007211 0.2246765 0.1716330 0.0714375 0.1964299 0.2555637 0.2120951 0.1882664 0.2202492 0.0648939 0.2023730 0.2161856 0.2624204 0.2144568 0.3276839 0.2110336 0.2354741 0.2142618 0.1921571 0.2108216 0.2064527 0.2183369 0.1910145 0.2116085 0.1677822 0.2180892 0.2330385 0.2348288 0.3088288 0.0817153 0.1367200 0.1274863 0.2256336 0.2319595 0.2075282 0.2003798 0.2144395 0.2204206 0.2102169 0.2149702 0.2204362 0.1969883 0.2149899 0.2016966 0.1402383 0.2367001 0.2401181 0.1983620 0.2135742 0.1977907 0.2318316 0.1839507 
Lycapsus_tenuifolius_17                    0.0397131 0.0481124 0.1283867 0.0866338 0.1126590 0.0989276 0.2040148 0.0000000 0.1118577 0.1226693 0.0288473 0.0888986 0.0399191 0.1001240 0.0607542 0.0409975 0.0476169 0.0274743 0.0861568 0.1091804 0.0328737 0.1011550 0.0844801 0.1162930 0.0836518 0.1387884 0.1064322 0.0579007 0.0253063 0.0922571 0.1032813 0.0022557 0.1204230 0.0349368 0.0210511 0.0423764 0.1042869 0.0964114 0.0399084 0.0954323 0.0150031 0.1006083 0.0751500 0.1372658 0.1101355 0.1749772 0.1062392 0.1164216 0.0728304 0.0935788 0.1050284 0.0984171 0.1009982 0.0943624 0.0936372 0.0485078 0.0650050 0.1113198 0.1196018 0.2230011 0.0200805 0.0331319 0.0433561 0.1085108 0.1071551 0.1046916 0.0880630 0.0817729 0.0863741 0.0851900 0.1092798 0.0769462 0.0999401 0.1183675 0.1088760 0.0447423 0.1110214 0.0991427 0.0939741 0.1117221 0.1072828 0.1183190 0.0759386 
Pericome_caudata_50_silver                 0.0998870 0.2086713 0.1584674 0.1221558 0.1146947 0.1231339 0.2481259 0.1118577 0.0000000 0.1662643 0.0704793 0.1277682 0.0876340 0.1796461 0.0978043 0.1170835 0.0935674 0.0526210 0.1762431 0.1703427 0.0586941 0.1772817 0.1142406 0.1774498 0.1827907 0.2331141 0.1776913 0.1066836 0.0631062 0.1941566 0.1730657 0.1059217 0.1640738 0.0862307 0.0495176 0.0905650 0.1490045 0.1656750 0.0879356 0.1775642 0.0405081 0.1448684 0.1633414 0.2000544 0.1734404 0.2066663 0.1813066 0.1799476 0.2005838 0.1558391 0.1865447 0.1647707 0.2209372 0.1699949 0.1618009 0.0904305 0.1239007 0.1703527 0.1798278 0.2544707 0.0521411 0.0663589 0.0801050 0.1841233 0.1778269 0.1223448 0.1095334 0.1322188 0.1299906 0.1176895 0.1763569 0.1930778 0.1756021 0.1698806 0.1433505 0.0832063 0.1458459 0.1702271 0.1477383 0.1547134 0.1617022 0.1798558 0.1441271 
Perityle_aglossa_84_dead_horse             0.0726791 0.2226962 0.1648324 0.1284487 0.1222816 0.1162331 0.2287538 0.1226693 0.1662643 0.0000000 0.0117013 0.0242127 0.0235013 0.1298159 0.0537453 0.1095339 0.0870694 0.0073040 0.0161942 0.0330412 0.0269324 0.0564560 0.0457500 0.0781764 0.1007258 0.1953606 0.1355968 0.0824643 0.0518669 0.1545631 0.1660971 0.1030577 0.0871588 0.0402407 0.0496371 0.0127884 0.1542202 0.0857877 0.0217250 0.0410979 0.0406055 0.0226912 0.0946955 0.1716832 0.0725547 0.1931970 0.0461537 0.0554164 0.1271612 0.0828240 0.0297495 0.0517945 0.1187602 0.0466296 0.1053469 0.0572556 0.0532982 0.0341538 0.0592540 0.2114949 0.0516292 0.0470989 0.0349766 0.0426268 0.1385864 0.0524485 0.1106020 0.1420707 0.0491365 0.0495083 0.0731791 0.1579836 0.0473259 0.0798486 0.0236660 0.0161978 0.1662577 0.1835795 0.0306055 0.0190093 0.1437850 0.0477790 0.0430690 
Perityle_ajoensis_204                      0.0495260 0.0536383 0.1016576 0.0343950 0.0680773 0.0889157 0.1383215 0.0288473 0.0704793 0.0117013 0.0000000 0.0066813 0.0019562 0.0275652 0.0033774 0.0356573 0.0484687 0.0038161 0.0033730 0.0168189 0.0202108 0.0084931 0.0133883 0.0134304 0.0303673 0.0307209 0.0522156 0.0401051 0.0275420 0.0443757 0.0533145 0.0288611 0.0239523 0.0055682 0.0300596 0.0000010 0.0604827 0.0349042 0.0021668 0.0134100 0.0208256 0.0017287 0.0461744 0.0708824 0.0174277 0.1508070 0.0100333 0.0203203 0.0430201 0.0067648 0.0033885 0.0101745 0.0296690 0.0070024 0.0339802 0.0302382 0.0233086 0.0185753 0.0187164 0.1320136 0.0199015 0.0211694 0.0220408 0.0084878 0.0569770 0.0121185 0.0357162 0.0429168 0.0177039 0.0169683 0.0135398 0.0531604 0.0017051 0.0133891 0.0085202 0.0062713 0.0661891 0.0464877 0.0017366 0.0086165 0.0799218 0.0219086 0.0072089 
Perityle_ambrosiifolia_67_green            0.0672273 0.1207955 0.1282190 0.1008886 0.1054712 0.1054978 0.1928761 0.0888986 0.1277682 0.0242127 0.0066813 0.0000000 0.0119190 0.0791469 0.0143586 0.0831731 0.0736866 0.0036472 0.0134180 0.0294172 0.0270842 0.0366225 0.0194344 0.0170255 0.0366929 0.1290199 0.0780558 0.0646774 0.0477854 0.1198362 0.1303517 0.0646965 0.0422345 0.0131632 0.0498500 0.0037228 0.1146044 0.0546619 0.0075198 0.0228425 0.0407781 0.0118310 0.0695286 0.0846349 0.0213640 0.1925973 0.0110009 0.0321413 0.0674486 0.0182518 0.0086712 0.0310669 0.0672321 0.0290677 0.0640080 0.0507754 0.0382152 0.0307444 0.0296476 0.2114106 0.0483914 0.0381450 0.0256152 0.0197656 0.0832526 0.0258826 0.0860396 0.1031437 0.0378080 0.0508020 0.0389640 0.1158762 0.0105093 0.0168982 0.0162694 0.0040313 0.1446866 0.1226718 0.0175044 0.0175499 0.1181069 0.0332188 0.0172882 
Perityle_angustifolia_13_Eagle_creek       0.0663239 0.0619806 0.1303209 0.0499363 0.0837546 0.1025160 0.1829660 0.0399191 0.0876340 0.0235013 0.0019562 0.0119190 0.0000000 0.0418353 0.0047843 0.0565041 0.0620054 0.0037722 0.0049828 0.0299838 0.0238041 0.0191253 0.0155521 0.0140717 0.0331314 0.0367488 0.0723074 0.0722376 0.0337282 0.0527732 0.0820814 0.0414219 0.0286577 0.0068711 0.0423066 0.0054677 0.0597755 0.0470033 0.0018379 0.0266353 0.0330122 0.0080577 0.0639730 0.0751123 0.0178019 0.0922247 0.0095059 0.0348705 0.0578654 0.0096880 0.0126773 0.0189192 0.0472851 0.0015675 0.0564099 0.0347296 0.0343858 0.0316251 0.0318625 0.0985328 0.0333470 0.0316538 0.0229937 0.0190044 0.0750597 0.0112590 0.0502364 0.0472221 0.0347337 0.0268923 0.0237012 0.0709693 0.0096881 0.0140254 0.0129204 0.0087788 0.0769185 0.0662058 0.0048175 0.0193406 0.1244234 0.0330404 0.0068619 
Perityle_batopilensis_97                   0.0716951 0.1243383 0.1575677 0.1511517 0.1368913 0.1145387 0.2245197 0.1001240 0.1796461 0.1298159 0.0275652 0.0791469 0.0418353 0.0000000 0.0743966 0.0950935 0.0891618 0.0186742 0.0717604 0.0936287 0.0394411 0.0982587 0.0770921 0.1145807 0.0771334 0.1795432 0.1163999 0.1003100 0.0573539 0.1506858 0.1372847 0.0772678 0.1264847 0.0483196 0.0504724 0.0579622 0.1544817 0.0408344 0.0484217 0.0847710 0.0412836 0.0855841 0.0932012 0.1567824 0.1117083 0.1748937 0.0957259 0.1105477 0.0998008 0.1305567 0.0942946 0.0957555 0.1090280 0.0869548 0.0892790 0.0698143 0.0684773 0.0959784 0.1133557 0.2429213 0.0467081 0.0525608 0.0422124 0.1020919 0.1178643 0.0935728 0.1261715 0.1296599 0.0787381 0.0830006 0.1104928 0.1604274 0.1010367 0.1174755 0.1008935 0.0386719 0.1655101 0.1727910 0.0779644 0.0939724 0.1219088 0.1065994 0.0813829 
Perityle_bisetosa_9                        0.0612908 0.0961733 0.1314879 0.0541460 0.0755809 0.0957853 0.2008208 0.0607542 0.0978043 0.0537453 0.0033774 0.0143586 0.0047843 0.0743966 0.0000000 0.0554186 0.0622655 0.0000010 0.0056338 0.0340569 0.0234245 0.0149923 0.0190145 0.0221465 0.0713382 0.0586698 0.1036529 0.0602204 0.0317608 0.0670516 0.0991807 0.0591701 0.0212815 0.0202844 0.0301429 0.0064715 0.0842644 0.0648046 0.0033411 0.0210048 0.0208827 0.0189518 0.0685470 0.0945523 0.0164631 0.1440860 0.0134579 0.0462256 0.0882027 0.0697768 0.0147567 0.0110514 0.0713034 0.0113329 0.0669282 0.0333018 0.0377766 0.0354327 0.0486065 0.1486972 0.0199015 0.0242414 0.0217306 0.0318361 0.1096499 0.0165030 0.0669603 0.0643026 0.0194379 0.0116724 0.0186072 0.0811876 0.0306993 0.0241443 0.0232707 0.0083516 0.0989649 0.0993177 0.0095476 0.0180729 0.1210692 0.0459326 0.0195168 
Perityle_californica_76_positas            0.0528455 0.0888334 0.1303504 0.0904060 0.0901072 0.0948629 0.1986997 0.0409975 0.1170835 0.1095339 0.0356573 0.0831731 0.0565041 0.0950935 0.0554186 0.0000000 0.0634349 0.0381003 0.0850457 0.1067555 0.0399910 0.1041163 0.0821727 0.1087348 0.0846280 0.1283189 0.1012181 0.0785006 0.0251929 0.0840560 0.1063260 0.0377822 0.1064559 0.0418050 0.0359107 0.0544397 0.0984031 0.0943077 0.0468896 0.1045113 0.0267492 0.0957621 0.1002627 0.1204908 0.1073151 0.1872204 0.1028980 0.1083573 0.0928392 0.0892822 0.0937676 0.1006068 0.1049723 0.0959528 0.0872631 0.0525692 0.0851961 0.1097669 0.1133931 0.1928795 0.0231282 0.0361254 0.0402648 0.0987061 0.1013164 0.0913219 0.0671863 0.0773456 0.0612534 0.0808465 0.1079147 0.1054506 0.0958101 0.1093099 0.0905601 0.0465449 0.1022886 0.1117779 0.0996933 0.0994687 0.1146404 0.1120612 0.0668549 
Perityle_canescens_77                      0.0774665 0.0797871 0.1236707 0.0612251 0.1056095 0.1176611 0.2151532 0.0476169 0.0935674 0.0870694 0.0484687 0.0736866 0.0620054 0.0891618 0.0622655 0.0634349 0.0000000 0.0413138 0.0743228 0.0755918 0.0350218 0.0710220 0.0803844 0.0820581 0.0707444 0.0836088 0.0869750 0.0716919 0.0500482 0.0730836 0.0820764 0.0489101 0.0842195 0.0397813 0.0410046 0.0411709 0.0778414 0.0892338 0.0494396 0.0738284 0.0290383 0.0635475 0.0760706 0.1033117 0.0830298 0.1896053 0.0747761 0.0858393 0.0748485 0.0714307 0.0665237 0.0720631 0.0823511 0.0658492 0.0710555 0.0681661 0.0767969 0.0800765 0.0816526 0.1462761 0.0255927 0.0293207 0.0623761 0.0799415 0.0917741 0.0642345 0.0629589 0.0625627 0.1033340 0.0841759 0.0802917 0.0743737 0.0586354 0.0844948 0.0642795 0.0677554 0.0894036 0.0211982 0.0648580 0.0765684 0.1175055 0.0867587 0.0391244 
Perityle_castillonii_96                    0.0414285 0.0567649 0.0608875 0.0373022 0.0605837 0.0491283 0.0642148 0.0274743 0.0526210 0.0073040 0.0038161 0.0036472 0.0037722 0.0186742 0.0000010 0.0381003 0.0413138 0.0000000 0.0036472 0.0109711 0.0140217 0.0376711 0.0184265 0.0073111 0.0113170 0.0375762 0.0492256 0.0566281 0.0313122 0.0417494 0.0306961 0.0275009 0.0452194 0.0039897 0.0573689 0.0038403 0.0383024 0.0185807 0.0038290 0.0073111 0.0454955 0.0036996 0.0492290 0.0415713 0.0073225 0.0307298 0.0073739 0.0183717 0.0499592 0.0076254 0.0000010 0.0375824 0.0147001 0.0076242 0.0416847 0.0410741 0.0111510 0.0110894 0.0111392 0.0506055 0.0407196 0.0250871 0.0186718 0.0036782 0.0529097 0.0111712 0.0234799 0.0153523 0.0383213 0.0450305 0.0414284 0.0566281 0.0038069 0.0036628 0.0038203 0.0036904 0.0686104 0.0449371 0.0038504 0.0037184 0.0529831 0.0146626 0.0039213 
Perityle_cernua_84                         0.0660141 0.1749849 0.1293009 0.1266777 0.1054569 0.1094908 0.2066276 0.0861568 0.1762431 0.0161942 0.0033730 0.0134180 0.0049828 0.0717604 0.0056338 0.0850457 0.0743228 0.0036472 0.0000000 0.0283307 0.0231568 0.0264091 0.0217998 0.0256585 0.0334273 0.1849266 0.0731419 0.0687071 0.0463232 0.1845271 0.1413102 0.0637545 0.0307258 0.0081710 0.0468276 0.0000010 0.1641211 0.0414049 0.0073895 0.0236147 0.0377934 0.0048561 0.0632811 0.0852196 0.0177883 0.1851538 0.0235869 0.0295234 0.0664230 0.0109229 0.0076999 0.0273067 0.1052944 0.0196379 0.0653780 0.0480378 0.0407445 0.0294583 0.0273155 0.2184599 0.0456833 0.0385793 0.0282839 0.0142273 0.0756332 0.0140013 0.0848898 0.1518583 0.0385066 0.0339393 0.0319869 0.1756116 0.0116044 0.0265821 0.0071242 0.0061448 0.1466180 0.1796762 0.0073915 0.0117806 0.1226235 0.0316506 0.0431194 
Perityle_cfvillosa_25_tin                  0.0710819 0.1862024 0.1481741 0.1254054 0.1259386 0.1169677 0.2294979 0.1091804 0.1703427 0.0330412 0.0168189 0.0294172 0.0299838 0.0936287 0.0340569 0.1067555 0.0755918 0.0109711 0.0283307 0.0000000 0.0308596 0.0578422 0.0485953 0.0529183 0.0667858 0.1900191 0.0940234 0.0779546 0.0541597 0.1582292 0.1421354 0.0942293 0.0670944 0.0281006 0.0556458 0.0209946 0.1637803 0.0800917 0.0269067 0.0430935 0.0465464 0.0127275 0.0877106 0.1093113 0.0509329 0.1793977 0.0484225 0.0058705 0.0870997 0.0355820 0.0223338 0.0541120 0.1339658 0.0506084 0.1004135 0.0643127 0.0472287 0.0048865 0.0058943 0.2055749 0.0582815 0.0381157 0.0374114 0.0283939 0.0987562 0.0479361 0.0909816 0.1575702 0.0654691 0.0590158 0.0607660 0.1728562 0.0204400 0.0537838 0.0239603 0.0266027 0.1395207 0.1696004 0.0261890 0.0248443 0.1483519 0.0068211 0.0537300 
Perityle_cinerea_113_Powell1310            0.0551772 0.0713173 0.0798898 0.0360142 0.0590103 0.0690832 0.0631928 0.0328737 0.0586941 0.0269324 0.0202108 0.0270842 0.0238041 0.0394411 0.0234245 0.0399910 0.0350218 0.0140217 0.0231568 0.0308596 0.0000000 0.0273407 0.0347986 0.0349652 0.0316483 0.0349563 0.0474297 0.0507617 0.0292701 0.0356263 0.0316986 0.0329071 0.0270280 0.0287193 0.0373450 0.0233145 0.0514074 0.0352831 0.0240264 0.0348350 0.0245447 0.0234510 0.0509553 0.0591268 0.0309406 0.0438412 0.0314225 0.0348045 0.0478683 0.0235544 0.0274293 0.0271762 0.0388795 0.0233982 0.0437822 0.0349168 0.0310748 0.0311046 0.0315029 0.0474514 0.0256828 0.0259827 0.0297198 0.0273022 0.0510936 0.0273045 0.0248633 0.0275967 0.0852565 0.0309642 0.0311269 0.0507617 0.0272998 0.0387661 0.0235940 0.0281062 0.0724109 0.0427825 0.0275237 0.0274246 0.0633951 0.0348045 0.0245510 
Perityle_coahuilensis_24                   0.0804691 0.2557178 0.1474278 0.1187916 0.1068075 0.1042684 0.2102987 0.1011550 0.1772817 0.0564560 0.0084931 0.0366225 0.0191253 0.0982587 0.0149923 0.1041163 0.0710220 0.0376711 0.0264091 0.0578422 0.0273407 0.0000000 0.0218532 0.0242208 0.0658182 0.1868160 0.0850161 0.0767466 0.0377999 0.1900983 0.1368955 0.0876730 0.0260290 0.0255244 0.0410921 0.0181032 0.1622016 0.0858689 0.0000010 0.0411626 0.0291003 0.0337298 0.0793581 0.1449749 0.0339609 0.1811060 0.0275415 0.0524590 0.0727498 0.0117566 0.0760872 0.0068637 0.1468609 0.0157977 0.0845846 0.0430742 0.0613426 0.0570746 0.0554952 0.1988818 0.0257634 0.0451541 0.0503395 0.0340731 0.0897614 0.0421758 0.0942507 0.1429426 0.0500989 0.0237930 0.0115810 0.1965811 0.0287189 0.0295959 0.0297171 0.0291468 0.1434317 0.1735628 0.0080099 0.0485440 0.1315268 0.0589116 0.0558619 
Perityle_cochisensis_44_cave_creek         0.0768842 0.1125874 0.1481672 0.0786522 0.1140174 0.1081035 0.2095598 0.0844801 0.1142406 0.0457500 0.0133883 0.0194344 0.0155521 0.0770921 0.0190145 0.0821727 0.0803844 0.0184265 0.0217998 0.0485953 0.0347986 0.0218532 0.0000000 0.0184789 0.0562710 0.0765443 0.0906977 0.0855583 0.0433638 0.0858161 0.1023109 0.0826943 0.0328150 0.0249736 0.0586231 0.0176598 0.0926479 0.0726836 0.0049459 0.0395831 0.0494963 0.0235425 0.0857277 0.0970034 0.0287220 0.1851201 0.0176390 0.0512778 0.0827821 0.0090557 0.0286434 0.0143489 0.0674402 0.0261749 0.0784079 0.0470837 0.0531382 0.0499398 0.0514798 0.1779818 0.0516198 0.0381084 0.0327073 0.0355790 0.0949309 0.0324646 0.0804769 0.0895902 0.0298246 0.0394554 0.0240998 0.0935885 0.0261735 0.0184048 0.0276252 0.0162051 0.1074391 0.0901430 0.0101269 0.0376778 0.1519657 0.0534284 0.0166694 
Perityle_congesta_202                      0.0837020 0.2099259 0.1538711 0.1285526 0.1146246 0.1002422 0.2135582 0.1162930 0.1774498 0.0781764 0.0134304 0.0170255 0.0140717 0.1145807 0.0221465 0.1087348 0.0820581 0.0073111 0.0256585 0.0529183 0.0349652 0.0242208 0.0184789 0.0000000 0.0877513 0.1878736 0.1185101 0.0877745 0.0477935 0.1807352 0.1576363 0.0961601 0.0426030 0.0316382 0.0560727 0.0210292 0.1687443 0.0839096 0.0049668 0.0369641 0.0469010 0.0215727 0.0946014 0.1272060 0.0308022 0.1959018 0.0026663 0.0618914 0.1169328 0.0889427 0.0696370 0.0239664 0.1375177 0.0274542 0.0990037 0.0575758 0.0535331 0.0513186 0.0716806 0.2296906 0.0483972 0.0381819 0.0256351 0.0559707 0.1226066 0.0350007 0.0993517 0.1388162 0.0376336 0.0447304 0.0271102 0.2088443 0.0485967 0.0024116 0.0386769 0.0020130 0.1587686 0.2177994 0.0139071 0.0443587 0.1494674 0.0568126 0.0568495 
Perityle_cordifolia_27                     0.0481465 0.1593845 0.1363152 0.1416198 0.1073136 0.0897579 0.1931492 0.0836518 0.1827907 0.1007258 0.0303673 0.0366929 0.0331314 0.0771334 0.0713382 0.0846280 0.0707444 0.0113170 0.0334273 0.0667858 0.0316483 0.0658182 0.0562710 0.0877513 0.0000000 0.2444413 0.0934296 0.0773137 0.0472676 0.1987354 0.1482025 0.0587873 0.0934345 0.0331398 0.0447878 0.0514500 0.1847831 0.0553426 0.0399952 0.0561468 0.0355860 0.0598766 0.0722219 0.1396824 0.0832548 0.1788934 0.0586144 0.0885353 0.0902071 0.1124839 0.0523006 0.0643613 0.0837955 0.0576358 0.0783901 0.0629104 0.0563567 0.0676743 0.0886628 0.2378765 0.0435035 0.0406694 0.0375767 0.0731335 0.0991745 0.0568676 0.1079825 0.1611599 0.0782878 0.0602273 0.0828718 0.2045606 0.0799331 0.0897388 0.0700421 0.0401238 0.1601534 0.2162772 0.0504801 0.0569617 0.1084309 0.0780659 0.0714939 
Perityle_cordifolia_68_tecolote            0.0798297 0.2665015 0.1729003 0.1831499 0.1401568 0.1152028 0.2420172 0.1387884 0.2331141 0.1953606 0.0307209 0.1290199 0.0367488 0.1795432 0.0586698 0.1283189 0.0836088 0.0375762 0.1849266 0.1900191 0.0349563 0.1868160 0.0765443 0.1878736 0.2444413 0.0000000 0.1880842 0.0851178 0.0458311 0.2496117 0.1949334 0.1009107 0.1519827 0.0493154 0.0409338 0.0329444 0.2313440 0.1607772 0.0254300 0.2032654 0.0289887 0.1343877 0.1567470 0.2514752 0.1779932 0.2066268 0.1935552 0.2333850 0.2315364 0.1863183 0.2083745 0.1639939 0.2424133 0.1882745 0.1608595 0.0031731 0.0711897 0.2130545 0.2348391 0.2727026 0.0288801 0.0414918 0.0499285 0.2036854 0.1920516 0.1204804 0.1172795 0.1990053 0.0575725 0.0723672 0.1923501 0.2402055 0.2076273 0.1795189 0.1556150 0.0416056 0.1859692 0.2514510 0.1227960 0.1614729 0.1408009 0.2305092 0.1639881 
Perityle_coronopifolia_28_patagonia        0.0634554 0.1258823 0.1704882 0.1472399 0.1370706 0.1143508 0.2307190 0.1064322 0.1776913 0.1355968 0.0522156 0.0780558 0.0723074 0.1163999 0.1036529 0.1012181 0.0869750 0.0492256 0.0731419 0.0940234 0.0474297 0.0850161 0.0906977 0.1185101 0.0934296 0.1880842 0.0000000 0.0915669 0.0477813 0.1559371 0.1532780 0.0893312 0.1231071 0.0672260 0.0349321 0.0641216 0.1547279 0.0875426 0.0647359 0.0967444 0.0319022 0.0832647 0.0763174 0.1370461 0.1180947 0.1904158 0.0962498 0.1192513 0.0842289 0.1372556 0.0866087 0.0911580 0.1228423 0.0934701 0.0726703 0.0919180 0.0866224 0.1011659 0.1196428 0.2069684 0.0287438 0.0532957 0.0646942 0.1103325 0.0053419 0.1049267 0.1236000 0.1512168 0.0869693 0.0893282 0.1093132 0.1555682 0.1052177 0.1211747 0.0975193 0.0677129 0.1833797 0.1723165 0.0810701 0.1006551 0.1001261 0.1129542 0.0793337 
Perityle_crassifolia_70_ventanas           0.0744200 0.1000204 0.1518356 0.0681211 0.1080670 0.1026044 0.2185992 0.0579007 0.1066836 0.0824643 0.0401051 0.0646774 0.0722376 0.1003100 0.0602204 0.0785006 0.0716919 0.0566281 0.0687071 0.0779546 0.0507617 0.0767466 0.0855583 0.0877745 0.0773137 0.0851178 0.0915669 0.0000000 0.0020039 0.0799394 0.1131902 0.0643710 0.0758394 0.0047706 0.0466258 0.0475283 0.0959574 0.1031395 0.0500114 0.0791841 0.0346712 0.0682566 0.0938086 0.1149872 0.0859425 0.1025655 0.0796854 0.0795479 0.0863990 0.0670680 0.0686193 0.0756872 0.0895640 0.0680972 0.0901471 0.0720280 0.0901865 0.0796188 0.0785985 0.0888486 0.0286155 0.0560161 0.0494895 0.0727879 0.0987161 0.0629473 0.0715905 0.0762436 0.0851545 0.0817799 0.0805807 0.0056951 0.0569936 0.0874282 0.0599847 0.0604559 0.0942737 0.0871559 0.0618740 0.0756526 0.1359672 0.0808235 0.0047936 
Perityle_crassifolia_74_playa_balandra     0.0529765 0.0473895 0.1079881 0.0393620 0.0768566 0.0915879 0.1256044 0.0253063 0.0631062 0.0518669 0.0275420 0.0477854 0.0337282 0.0573539 0.0317608 0.0251929 0.0500482 0.0313122 0.0463232 0.0541597 0.0292701 0.0377999 0.0433638 0.0477935 0.0472676 0.0458311 0.0477813 0.0020039 0.0000000 0.0457025 0.0526919 0.0253206 0.0355494 0.0021520 0.0273222 0.0245793 0.0622430 0.0550265 0.0227609 0.0498349 0.0180257 0.0342677 0.0409224 0.0728340 0.0540239 0.0600780 0.0460955 0.0563156 0.0343484 0.0336293 0.0422826 0.0395583 0.0434169 0.0287955 0.0342718 0.0477187 0.0500359 0.0564372 0.0567196 0.0478419 0.0098048 0.0360478 0.0400860 0.0461126 0.0496216 0.0357833 0.0363205 0.0366906 0.0741663 0.0482524 0.0436793 0.0020039 0.0298200 0.0456307 0.0361521 0.0456933 0.0649582 0.0496952 0.0297674 0.0510343 0.0699665 0.0584452 0.0021401 
Perityle_cuneata_34_cuneata_San_antonio    0.0747606 0.2336480 0.1432989 0.1259689 0.1100383 0.0966103 0.2187267 0.0922571 0.1941566 0.1545631 0.0443757 0.1198362 0.0527732 0.1506858 0.0670516 0.0840560 0.0730836 0.0417494 0.1845271 0.1582292 0.0356263 0.1900983 0.0858161 0.1807352 0.1987354 0.2496117 0.1559371 0.0799394 0.0457025 0.0000000 0.1779866 0.0808057 0.1570353 0.0628262 0.0383141 0.0450117 0.1864008 0.1304072 0.0448776 0.1826174 0.0262970 0.1233219 0.1441987 0.2169061 0.1630490 0.2002930 0.1848817 0.1605704 0.1988241 0.2004626 0.1806928 0.1605082 0.2269367 0.1753552 0.1408881 0.0681812 0.0717802 0.1662359 0.1638085 0.2707840 0.0163036 0.0326402 0.0533017 0.1620768 0.1591475 0.1066868 0.0858989 0.1753851 0.0892822 0.0807862 0.1771667 0.2080857 0.1528128 0.1646032 0.1071670 0.0626428 0.1503846 0.2253229 0.1359588 0.1282477 0.1214593 0.1710006 0.1400831 
Perityle_cuneata_4                         0.0890235 0.1553539 0.1511052 0.1400094 0.1268389 0.0996005 0.2405721 0.1032813 0.1730657 0.1660971 0.0533145 0.1303517 0.0820814 0.1372847 0.0991807 0.1063260 0.0820764 0.0306961 0.1413102 0.1421354 0.0316986 0.1368955 0.1023109 0.1576363 0.1482025 0.1949334 0.1532780 0.1131902 0.0526919 0.1779866 0.0000000 0.0732845 0.1646792 0.0770468 0.0236564 0.0677961 0.1574763 0.1332973 0.0628616 0.1401793 0.0146859 0.1321680 0.1444335 0.1856830 0.1596726 0.2011967 0.1461883 0.1508491 0.1524335 0.1557488 0.1416893 0.1378576 0.1759864 0.1374732 0.1402572 0.0789753 0.0957737 0.1418813 0.1566475 0.2481710 0.0261985 0.0299448 0.0633688 0.1519171 0.1566817 0.1433202 0.1092186 0.1485624 0.0998111 0.1068600 0.1501692 0.1772329 0.1435950 0.1604138 0.1516535 0.0573901 0.1637948 0.1747643 0.1334123 0.1533838 0.1448442 0.1552137 0.1349716 
Perityle_discoidea_81                      0.0415038 0.0375483 0.1309564 0.0819277 0.1135424 0.0990022 0.2007211 0.0022557 0.1059217 0.1030577 0.0288611 0.0646965 0.0414219 0.0772678 0.0591701 0.0377822 0.0489101 0.0275009 0.0637545 0.0942293 0.0329071 0.0876730 0.0826943 0.0961601 0.0587873 0.1009107 0.0893312 0.0643710 0.0253206 0.0808057 0.0732845 0.0000000 0.0981855 0.0321726 0.0210666 0.0439570 0.0885154 0.0778385 0.0415531 0.0807031 0.0150141 0.0854849 0.0561275 0.1164780 0.0908463 0.1677015 0.0854946 0.1007094 0.0529756 0.0739968 0.0865177 0.0850992 0.0729033 0.0727203 0.0732767 0.0485305 0.0662219 0.0967976 0.1024584 0.1878789 0.0200970 0.0331591 0.0433854 0.0895623 0.0900037 0.0868577 0.0720391 0.0696103 0.0859958 0.0861695 0.0947977 0.0653768 0.0833928 0.0960976 0.0871881 0.0447686 0.0997822 0.0861606 0.0774873 0.0903735 0.1071528 0.1027403 0.0578602 
Perityle_dissecta_201                      0.0782103 0.1773976 0.1592143 0.1283877 0.1072215 0.1119489 0.2246765 0.1204230 0.1640738 0.0871588 0.0239523 0.0422345 0.0286577 0.1264847 0.0212815 0.1064559 0.0842195 0.0452194 0.0307258 0.0670944 0.0270280 0.0260290 0.0328150 0.0426030 0.0934345 0.1519827 0.1231071 0.0758394 0.0355494 0.1570353 0.1646792 0.0981855 0.0000000 0.0391080 0.0500433 0.0145882 0.1653741 0.0947547 0.0083644 0.0554838 0.0379386 0.0452314 0.0923734 0.1244508 0.0374450 0.1928940 0.0405349 0.0778643 0.1102504 0.0903538 0.0443483 0.0194896 0.1379913 0.0276853 0.0943266 0.0461529 0.0699169 0.0653180 0.0801439 0.2080827 0.0352996 0.0505243 0.0548461 0.0630268 0.1282624 0.0463734 0.1007920 0.1390730 0.0573139 0.0313568 0.0292389 0.1638579 0.0537415 0.0444873 0.0417318 0.0374112 0.1628951 0.1859466 0.0228974 0.0513669 0.1443242 0.0740774 0.0498685 
Perityle_emoryi_47_punta_san_jose          0.0369711 0.0542816 0.1257160 0.0401870 0.0713619 0.0755732 0.1716330 0.0349368 0.0862307 0.0402407 0.0055682 0.0131632 0.0068711 0.0483196 0.0202844 0.0418050 0.0397813 0.0039897 0.0081710 0.0281006 0.0287193 0.0255244 0.0249736 0.0316382 0.0331398 0.0493154 0.0672260 0.0047706 0.0021520 0.0628262 0.0770468 0.0321726 0.0391080 0.0000000 0.0184916 0.0173119 0.0614449 0.0543899 0.0107518 0.0204709 0.0122213 0.0167352 0.0507963 0.0726749 0.0354609 0.1077826 0.0134341 0.0419573 0.0547061 0.0176288 0.0179867 0.0208394 0.0419792 0.0198851 0.0455222 0.0351480 0.0373745 0.0296227 0.0436646 0.1039894 0.0067297 0.0154922 0.0099185 0.0334203 0.0697575 0.0215603 0.0367791 0.0469836 0.0285782 0.0272488 0.0392281 0.0126588 0.0293461 0.0329311 0.0350191 0.0087777 0.0555629 0.0584084 0.0121130 0.0240923 0.0982405 0.0417538 0.0101888 
Perityle_feddemae_99                       0.0496602 0.0406644 0.0868567 0.0377543 0.0617790 0.0779914 0.0714375 0.0210511 0.0495176 0.0496371 0.0300596 0.0498500 0.0423066 0.0504724 0.0301429 0.0359107 0.0410046 0.0573689 0.0468276 0.0556458 0.0373450 0.0410921 0.0586231 0.0560727 0.0447878 0.0409338 0.0349321 0.0466258 0.0273222 0.0383141 0.0236564 0.0210666 0.0500433 0.0184916 0.0000000 0.0271894 0.0384854 0.0531768 0.0276067 0.0497161 0.0057176 0.0445293 0.0085688 0.0531772 0.0499101 0.0326860 0.0561559 0.0617414 0.0057657 0.0300648 0.0444258 0.0409907 0.0467669 0.0298984 0.0413499 0.0437545 0.0471780 0.0561252 0.0565229 0.0360043 0.0296899 0.0384520 0.0587974 0.0411876 0.0376859 0.0533885 0.0211293 0.0298852 0.0729085 0.0497060 0.0439011 0.0466258 0.0330679 0.0528399 0.0271763 0.0531586 0.0555863 0.0376435 0.0302473 0.0444439 0.0377577 0.0586876 0.0215509 
Perityle_fosteri_93                        0.0542482 0.0697336 0.1159240 0.0388764 0.0812752 0.0903287 0.1964299 0.0423764 0.0905650 0.0127884 0.0000010 0.0037228 0.0054677 0.0579622 0.0064715 0.0544397 0.0411709 0.0038403 0.0000010 0.0209946 0.0233145 0.0181032 0.0176598 0.0210292 0.0514500 0.0329444 0.0641216 0.0475283 0.0245793 0.0450117 0.0677961 0.0439570 0.0145882 0.0173119 0.0271894 0.0000000 0.0707435 0.0576773 0.0050863 0.0225723 0.0179391 0.0049461 0.0567774 0.0832856 0.0211713 0.0404927 0.0131582 0.0242010 0.0538143 0.0140821 0.0016218 0.0177982 0.0570263 0.0135214 0.0542917 0.0219136 0.0314034 0.0210159 0.0243988 0.0410556 0.0201126 0.0274719 0.0218490 0.0064391 0.0687523 0.0214832 0.0443373 0.0536425 0.0200247 0.0149221 0.0227470 0.0526315 0.0048738 0.0225930 0.0064657 0.0085292 0.0671462 0.0562940 0.0099885 0.0066326 0.1289527 0.0242018 0.0086666 
Perityle_gamon_221                         0.0734322 0.2005743 0.1486738 0.1273182 0.1215297 0.1165687 0.2555637 0.1042869 0.1490045 0.1542202 0.0604827 0.1146044 0.0597755 0.1544817 0.0842644 0.0984031 0.0778414 0.0383024 0.1641211 0.1637803 0.0514074 0.1622016 0.0926479 0.1687443 0.1847831 0.2313440 0.1547279 0.0959574 0.0622430 0.1864008 0.1574763 0.0885154 0.1653741 0.0614449 0.0384854 0.0707435 0.0000000 0.1454572 0.0680008 0.1566725 0.0293041 0.1281371 0.1507750 0.1043983 0.1780347 0.2047456 0.1630011 0.1723839 0.1948170 0.1528320 0.1653542 0.1599415 0.2294798 0.1647842 0.1560389 0.0896147 0.0992926 0.1705431 0.1756977 0.2362430 0.0261854 0.0511432 0.0797629 0.1656210 0.1559359 0.1170964 0.0981664 0.1650636 0.1292730 0.0926552 0.1692099 0.1932094 0.1614522 0.1686372 0.1411771 0.0784760 0.1399553 0.1786800 0.1334463 0.1498065 0.1355290 0.1746357 0.1307109 
Perityle_gentryi_8_san_francisco           0.0674979 0.1148158 0.1551721 0.1349203 0.1270723 0.1133928 0.2120951 0.0964114 0.1656750 0.0857877 0.0349042 0.0546619 0.0470033 0.0408344 0.0648046 0.0943077 0.0892338 0.0185807 0.0414049 0.0800917 0.0352831 0.0858689 0.0726836 0.0839096 0.0553426 0.1607772 0.0875426 0.1031395 0.0550265 0.1304072 0.1332973 0.0778385 0.0947547 0.0543899 0.0531768 0.0576773 0.1454572 0.0000000 0.0538879 0.0741599 0.0468760 0.0722020 0.0741757 0.1213468 0.0790136 0.1720971 0.0740417 0.0856776 0.0789021 0.0726278 0.0699427 0.0824230 0.0826347 0.0645646 0.0624444 0.0768887 0.0741753 0.0828279 0.0884930 0.2381309 0.0496055 0.0524002 0.0392221 0.0720161 0.0914361 0.0739885 0.1240177 0.1221871 0.0786282 0.0756286 0.0890133 0.1472874 0.0763352 0.0869828 0.0769978 0.0456129 0.1543173 0.1444939 0.0637491 0.0726722 0.1227805 0.0863546 0.0635648 
Perityle_gilensis_22_Superstition          0.0548049 0.0627889 0.1124943 0.0351836 0.0676557 0.0850447 0.1882664 0.0399084 0.0879356 0.0217250 0.0021668 0.0075198 0.0018379 0.0484217 0.0033411 0.0468896 0.0494396 0.0038290 0.0073895 0.0269067 0.0240264 0.0000010 0.0049459 0.0049668 0.0399952 0.0254300 0.0647359 0.0500114 0.0227609 0.0448776 0.0628616 0.0415531 0.0083644 0.0107518 0.0276067 0.0050863 0.0680008 0.0538879 0.0000000 0.0183063 0.0182116 0.0051442 0.0533180 0.0810936 0.0133898 0.0411137 0.0016821 0.0320028 0.0519873 0.0053132 0.0084441 0.0033130 0.0477975 0.0017325 0.0505063 0.0261525 0.0320028 0.0270290 0.0272024 0.0345413 0.0166978 0.0274756 0.0219003 0.0134364 0.0712086 0.0153828 0.0405083 0.0462662 0.0233887 0.0134269 0.0000010 0.0509980 0.0067768 0.0066063 0.0117902 0.0021646 0.0624665 0.0511900 0.0000010 0.0155448 0.1315024 0.0320040 0.0053862 
Perityle_gilensis_salensis_225             0.0669276 0.2100194 0.1550495 0.1190841 0.1210882 0.1081408 0.2202492 0.0954323 0.1775642 0.0410979 0.0134100 0.0228425 0.0266353 0.0847710 0.0210048 0.1045113 0.0738284 0.0073111 0.0236147 0.0430935 0.0348350 0.0411626 0.0395831 0.0369641 0.0561468 0.2032654 0.0967444 0.0791841 0.0498349 0.1826174 0.1401793 0.0807031 0.0554838 0.0204709 0.0497161 0.0225723 0.1566725 0.0741599 0.0183063 0.0000000 0.0406693 0.0298572 0.0817871 0.1035987 0.0376507 0.1751534 0.0327285 0.0433367 0.0785917 0.0339854 0.0512645 0.0395281 0.1283995 0.0389520 0.0956378 0.0590809 0.0498715 0.0429002 0.0429159 0.2141334 0.0417387 0.0411296 0.0398775 0.0311393 0.1014464 0.0379312 0.0900175 0.1493302 0.0573539 0.0534667 0.0418353 0.1971962 0.0285248 0.0383474 0.0325946 0.0182984 0.1381519 0.1757794 0.0260931 0.0290017 0.1480530 0.0449646 0.0583883 
Perityle_glaucescens_94                    0.0406239 0.0435356 0.0773350 0.0259159 0.0525969 0.0677355 0.0648939 0.0150031 0.0405081 0.0406055 0.0208256 0.0407781 0.0330122 0.0412836 0.0208827 0.0267492 0.0290383 0.0454955 0.0377934 0.0465464 0.0245447 0.0291003 0.0494963 0.0469010 0.0355860 0.0289887 0.0319022 0.0346712 0.0180257 0.0262970 0.0146859 0.0150141 0.0379386 0.0122213 0.0057176 0.0179391 0.0293041 0.0468760 0.0182116 0.0406693 0.0000000 0.0353825 0.0028418 0.0440152 0.0408269 0.0235299 0.0469697 0.0525655 0.0000010 0.0208289 0.0353004 0.0290287 0.0377447 0.0207149 0.0322706 0.0318133 0.0380744 0.0469447 0.0472748 0.0327633 0.0147344 0.0266814 0.0486328 0.0321447 0.0346583 0.0441886 0.0120242 0.0208343 0.0736069 0.0376856 0.0319191 0.0346712 0.0238019 0.0437381 0.0179306 0.0440001 0.0464967 0.0258406 0.0209542 0.0353149 0.0317702 0.0495501 0.0121853 
Perityle_gracilis_11                       0.0613334 0.1521870 0.1474053 0.1063228 0.1086116 0.0894721 0.2023730 0.1006083 0.1448684 0.0226912 0.0017287 0.0118310 0.0080577 0.0855841 0.0189518 0.0957621 0.0635475 0.0036996 0.0048561 0.0127275 0.0234510 0.0337298 0.0235425 0.0215727 0.0598766 0.1343877 0.0832647 0.0682566 0.0342677 0.1233219 0.1321680 0.0854849 0.0452314 0.0167352 0.0445293 0.0049461 0.1281371 0.0722020 0.0051442 0.0298572 0.0353825 0.0000000 0.0736914 0.0973127 0.0283077 0.1710676 0.0220283 0.0146578 0.0716013 0.0166664 0.0118656 0.0309864 0.1116419 0.0314377 0.0927352 0.0391664 0.0345297 0.0146490 0.0157795 0.1832260 0.0365127 0.0241059 0.0169070 0.0148821 0.0882058 0.0364206 0.0827777 0.1236959 0.0240237 0.0372569 0.0343946 0.1343426 0.0053327 0.0225476 0.0119882 0.0000010 0.1302846 0.1325909 0.0151618 0.0164266 0.1309191 0.0166895 0.0256616 
Perityle_harkerae_31                       0.0629960 0.1118556 0.1557026 0.1308763 0.1216916 0.1063192 0.2161856 0.0751500 0.1633414 0.0946955 0.0461744 0.0695286 0.0639730 0.0932012 0.0685470 0.1002627 0.0760706 0.0492290 0.0632811 0.0877106 0.0509553 0.0793581 0.0857277 0.0946014 0.0722219 0.1567470 0.0763174 0.0938086 0.0409224 0.1441987 0.1444335 0.0561275 0.0923734 0.0507963 0.0085688 0.0567774 0.1507750 0.0741757 0.0533180 0.0817871 0.0028418 0.0736914 0.0000000 0.1054991 0.0849599 0.1838298 0.0923469 0.0894266 0.0116453 0.0706123 0.0822897 0.0773384 0.1136276 0.0873922 0.0706811 0.0640367 0.0845418 0.0893002 0.0910959 0.2237436 0.0293888 0.0485921 0.0553123 0.0824788 0.0773957 0.0845996 0.1063247 0.1365297 0.0835565 0.0808051 0.0829504 0.1467689 0.0734880 0.0953218 0.0776117 0.0571317 0.1577723 0.1477525 0.0726840 0.0852999 0.1208312 0.0901304 0.0591140 
Perityle_hofmeisteria_4_nombre_de_dios     0.0975154 0.2771393 0.1760921 0.1699595 0.1508026 0.1146895 0.2624204 0.1372658 0.2000544 0.1716832 0.0708824 0.0846349 0.0751123 0.1567824 0.0945523 0.1204908 0.1033117 0.0415713 0.0852196 0.1093113 0.0591268 0.1449749 0.0970034 0.1272060 0.1396824 0.2514752 0.1370461 0.1149872 0.0728340 0.2169061 0.1856830 0.1164780 0.1244508 0.0726749 0.0531772 0.0832856 0.1043983 0.1213468 0.0810936 0.1035987 0.0440152 0.0973127 0.1054991 0.0000000 0.1197740 0.2161250 0.1074281 0.1285201 0.1363913 0.1512038 0.1330923 0.1030753 0.1891279 0.1033588 0.1296870 0.0973746 0.1119297 0.1133711 0.1308356 0.2548801 0.0388712 0.0538864 0.0786188 0.1222076 0.1420281 0.1070931 0.1277621 0.1654023 0.1228533 0.0999823 0.1526164 0.2271765 0.1193678 0.1231147 0.1118271 0.0819298 0.1867033 0.2532208 0.0939605 0.1063234 0.1477870 0.1461484 0.0998870 
Perityle_huecosensis_48                    0.0735011 0.1837163 0.1552518 0.1290548 0.1138708 0.1089140 0.2144568 0.1101355 0.1734404 0.0725547 0.0174277 0.0213640 0.0178019 0.1117083 0.0164631 0.1073151 0.0830298 0.0073225 0.0177883 0.0509329 0.0309406 0.0339609 0.0287220 0.0308022 0.0832548 0.1779932 0.1180947 0.0859425 0.0540239 0.1630490 0.1596726 0.0908463 0.0374450 0.0354609 0.0499101 0.0211713 0.1780347 0.0790136 0.0133898 0.0376507 0.0408269 0.0283077 0.0849599 0.1197740 0.0000000 0.1880881 0.0243478 0.0619259 0.1055294 0.0907684 0.0292663 0.0304173 0.1381215 0.0304329 0.0947771 0.0595262 0.0553939 0.0504959 0.0658771 0.2114526 0.0488241 0.0414935 0.0304771 0.0506976 0.1222218 0.0315985 0.0956121 0.1354510 0.0302163 0.0460972 0.0359428 0.1855116 0.0453884 0.0327456 0.0274573 0.0184158 0.1566460 0.2004835 0.0186150 0.0365452 0.1423992 0.0577454 0.0542544 
