84
Amauria_brandeegeana_62                    0.0000000 0.6069268 0.0059855 0.6522717 0.2354258 0.8613119 0.6553840 0.8134100 0.6249405 0.0000010 0.6710598 0.3560511 0.2449135 0.2340235 0.2049105 0.2292527 0.6647796 0.0576059 0.2032841 0.2074125 0.0260875 0.8119105 0.7616201 0.7491562 0.0788626 0.7775321 0.7367651 0.6570390 0.6572634 0.7611699 0.7036658 0.8390256 0.0754258 0.0053757 0.2514371 0.0578045 0.0734393 0.1951020 0.8785181 0.7813045 0.0311581 0.1966287 0.2320485 0.2053871 0.2134778 0.8271339 0.2490190 0.7399684 0.6554946 0.7442037 0.4792429 0.2325473 0.3058917 0.0935958 0.1191653 0.7249332 0.0761114 0.6963076 0.6553522 0.6574016 0.7642305 0.6477032 1.1792471 0.2619441 0.7280201 0.6241083 0.2494665 0.2130443 0.2031519 0.7198430 0.2137748 0.2712904 0.2135618 0.2394810 0.2770517 0.2191494 0.1437422 0.2313783 0.2466838 0.9018506 0.0944236 0.9182328 0.7194750 0.0505429 
Amauria_carterae_99_mesa                   0.6069268 0.0000000 0.4845092 0.1869975 0.1191317 0.0561381 0.1682670 0.0706969 0.1263137 0.5893493 0.1413568 0.1270159 0.1268742 0.1268923 0.1206179 0.1226875 0.1109356 0.9864609 0.0778556 0.1246036 9.0000000 0.1213511 0.0775277 0.1102218 0.6708130 0.1212791 0.1177302 0.1227843 0.2104756 0.1302459 0.1062748 0.1320327 9.0000000 0.6364702 0.1332083 0.7955369 0.8891866 0.1173037 0.1189517 0.1211557 0.0485207 0.1167930 0.1400206 0.1126195 0.1389019 0.1191075 0.1313442 0.0750201 0.1242353 0.1161115 0.1450443 0.1118099 0.1216264 0.6172110 0.1109904 0.1285481 0.7328552 0.1167756 0.0997065 0.1300731 0.1166393 0.1159626 0.2258852 0.0758155 0.0589125 0.1281276 0.1149667 0.0932547 0.0753720 0.1063536 9.0000000 0.1365886 0.1404563 0.1184881 0.1218976 0.1355384 0.0765526 0.0864441 0.1615720 0.1137463 0.6708130 0.2390549 0.1158650 9.0000000 
Amauria_rotundifolia_SRR9119150            0.0059855 0.4845092 0.0000000 0.6668228 0.2237433 0.8613119 0.6413635 0.8134100 0.8925725 0.0057807 0.7328193 0.2366926 0.2073283 0.2112138 0.1831204 0.2098462 0.6706511 0.0805407 0.2127878 0.2140570 0.0654219 0.7986268 0.7616201 0.7996202 0.0804559 0.6554344 0.7415071 0.6326975 0.7383465 0.7363063 0.6931140 0.8362471 0.0725599 0.0057807 0.2300635 0.0862240 0.1059611 0.2108829 0.6958136 0.6919269 0.0724638 0.1990826 0.2514600 0.2050719 0.2476298 0.7876833 0.2169581 0.6996659 0.6486566 0.6306648 0.2749813 0.2230025 0.1811914 0.0769404 0.1041658 0.6966709 0.0727443 0.6483638 0.5918141 0.7348499 0.6575884 0.6422129 0.7208378 0.2484061 0.7280201 0.6154961 0.1974574 0.1929803 0.1763530 0.7207974 0.0329899 0.2655852 0.2063659 0.2087682 0.2147768 0.2206431 0.2007977 0.1938035 0.2022047 0.7002776 0.0904728 0.7736295 0.6554344 0.0811602 
Conoclinium_coelestinum_SRR9119114         0.6522717 0.1869975 0.6668228 0.0000000 0.2582635 0.1712156 0.1462398 0.1621791 0.3121365 0.6866499 0.2820149 0.2637403 0.2724766 0.2654555 0.2769411 0.2746434 0.1817550 0.9200115 0.2892332 0.2657742 0.6359726 0.2350007 0.1304166 0.2266113 0.7351560 0.2331084 0.2380124 0.2333537 0.2442687 0.2783163 0.1585295 0.2683792 0.9482758 0.6501997 0.2596786 0.7945792 0.8679928 0.2544296 0.2541860 0.2413954 0.1961985 0.2465467 0.3022846 0.2543461 0.2935469 0.2553180 0.2798640 0.2086031 0.2361079 0.2328973 0.2925473 0.2493587 0.2744902 0.7642445 0.2114234 0.1942510 0.8331864 0.1653562 0.1345718 0.2484714 0.2320486 0.2110886 0.3530928 0.2387245 0.1238469 0.2365522 0.2574503 0.2862590 0.2547782 0.1468203 0.7319694 0.2801521 0.2598090 0.2604574 0.2567745 0.2810340 0.1738497 0.2783047 0.3133891 0.2388018 0.6975830 0.3252719 0.2316983 0.5992226 
Eutetras_palmeri_63                        0.2354258 0.1191317 0.2237433 0.2582635 0.0000000 0.0527442 0.1715680 0.1038351 0.2628273 0.2100607 0.1668802 0.1233101 0.1106327 0.1091334 0.1071578 0.1143809 0.1458389 0.2875727 0.1105122 0.1137455 0.0548766 0.1514915 0.0667988 0.1810317 0.2115095 0.1306928 0.1797591 0.1400125 0.2165284 0.1624630 0.1119545 0.1584383 0.0533026 0.2342740 0.1071208 0.2226063 0.3104890 0.1097615 0.1336857 0.1230834 0.0617122 0.0889131 0.1171585 0.1025816 0.1329179 0.1812801 0.1157283 0.0844828 0.1309924 0.1326925 0.1839107 0.1011856 0.1138346 0.2513355 0.0740475 0.1069924 0.3018849 0.0933498 0.0750112 0.1442318 0.1426421 0.1350677 0.2722730 0.1191751 0.0600274 0.1430389 0.1092884 0.1180397 0.0840454 0.0767950 0.0996648 0.1216121 0.1208979 0.1075364 0.1140333 0.1086562 0.0663584 0.1124225 0.1460843 0.1393654 0.2268835 0.2384100 0.1257145 0.0775516 
Eutetras_pringlei_149_quer                 0.8613119 0.0561381 0.8613119 0.1712156 0.0527442 0.0000000 0.1205708 0.1102669 0.1663474 0.8613119 0.1037783 0.0858353 0.0771874 0.0821510 0.0777915 0.0827341 0.0738411 0.9570542 0.0672005 0.0808652 9.0000000 0.0857993 0.0755134 0.0648177 1.5665110 0.0821510 0.0846920 0.0842236 0.0698577 0.0856219 0.0892838 0.0900199 9.0000000 0.8613119 0.0843171 1.6638339 0.8498469 0.0751978 0.0969177 0.0843540 0.0808437 0.0756869 0.0837696 0.0800247 0.0829232 0.0973595 0.0774675 0.0580288 0.0823897 0.0824787 0.0865809 0.0784456 0.0875854 1.2603303 0.0725879 0.0878835 0.9278443 0.0847297 0.0683388 0.0771874 0.0828964 0.0333564 0.1890444 0.0680631 0.0821104 0.0817397 0.0846920 0.0716706 0.0621462 0.0811429 9.0000000 0.0771874 0.0896235 0.0797485 0.0857993 0.0806243 0.0797232 0.0791403 0.1104491 0.0862371 1.3220854 0.0838440 0.0821510 9.0000000 
Eutrochium_fistulosum_SRR9119106           0.6553840 0.1682670 0.6413635 0.1462398 0.1715680 0.1205708 0.0000000 0.1221554 0.2848517 0.6907849 0.2221532 0.1956628 0.1945564 0.1952673 0.1923448 0.1919188 0.0910640 0.9920533 0.1825964 0.1796506 9.0000000 0.1766441 0.0714290 0.1748625 0.8376544 0.1840614 0.1991256 0.1903464 0.2159993 0.1844941 0.1000309 0.1976047 9.0000000 0.6822316 0.1947913 0.8468202 0.8540120 0.1644593 0.1990679 0.1835917 0.0751765 0.1829820 0.2226129 0.1647871 0.2100684 0.2062361 0.1962718 0.1550928 0.1949158 0.1870775 0.2067415 0.1693623 0.2021569 0.7989310 0.1651187 0.1345076 0.8380399 0.1079678 0.0796362 0.2032642 0.1895000 0.1672885 0.3016915 0.1178809 0.0720126 0.1862500 0.1976389 0.2095439 0.1858784 0.0904808 9.0000000 0.2064861 0.1757994 0.1890239 0.1942919 0.1890565 0.0723635 0.2093225 0.2577713 0.1904795 0.8746315 0.3138416 0.1894001 0.3500245 
Galeana_pratensis_104_mex                  0.8134100 0.0706969 0.8134100 0.1621791 0.1038351 0.1102669 0.1221554 0.0000000 0.1783144 0.8134100 0.1080282 0.0913832 0.0870609 0.0913481 0.0911981 0.0822031 0.0912569 1.0027200 0.0906529 0.0905049 9.0000000 0.0914503 0.0894010 0.0763802 1.1509391 0.0879841 0.0842024 0.0976651 0.0587048 0.1252479 0.1152983 0.1190850 9.0000000 0.8134100 0.1043762 1.0325588 0.8646111 0.0887111 0.1174224 0.0872729 0.0608006 0.0894037 0.0950848 0.0831703 0.0938325 0.1141114 0.0941072 0.0483179 0.0884543 0.0884053 0.0973228 0.0852904 0.1035143 1.1414159 0.0565544 0.0940295 0.8453342 0.0979388 0.0829778 0.0870609 0.0890558 0.1013691 0.2102199 0.0763446 0.0920658 0.0915496 0.0842024 0.0886242 0.0770208 0.0875333 9.0000000 0.0902550 0.1173617 0.0896582 0.0913481 0.0934551 0.0861540 0.0919937 0.1007103 0.0915190 1.2895911 0.0866764 0.0880822 9.0000000 
Helianthus_annuus_SRR9119062               0.6249405 0.1263137 0.8925725 0.3121365 0.2628273 0.1663474 0.2848517 0.1783144 0.0000000 0.5792879 0.2463150 0.2628999 0.2702373 0.2774844 0.2340612 0.3119612 0.2742882 0.7531073 0.2315789 0.3146545 0.2518057 0.2479009 0.1813843 0.3237171 0.5867370 0.2605849 0.2648214 0.2156393 0.1842272 0.2890380 0.2244673 0.2811936 0.4689101 0.5869284 0.3007798 0.6475713 0.7263705 0.2749338 0.2577471 0.2763123 0.2465102 0.3023475 0.2761941 0.2434739 0.2634129 0.2578595 0.2996672 0.2316061 0.2319556 0.2472804 0.3901570 0.3067959 0.3191033 0.6033159 0.2203814 0.2055511 0.6856111 0.1921636 0.1908683 0.2209864 0.2478926 0.1875815 0.3149770 0.1930002 0.1800310 0.2398848 0.2851292 0.2997022 0.2575938 0.1744498 1.0674905 0.2994758 0.2544335 0.2840559 0.2556585 0.2881760 0.1550117 0.3055240 0.3143307 0.2487277 0.6167614 0.2704378 0.2567190 0.4743690 
Lycapsus_tenuifolius_17                    0.0000010 0.5893493 0.0057807 0.6866499 0.2100607 0.8613119 0.6907849 0.8134100 0.5792879 0.0000000 0.5872622 0.2598627 0.1887687 0.1827513 0.2055023 0.1744321 0.6585706 0.0774289 0.1883284 0.1710788 0.0609066 0.8447337 0.7616201 0.7438263 0.0707830 0.7450987 0.6647006 0.5654647 0.6318627 0.7969079 0.7438228 0.8684340 0.1045580 0.0038609 0.1860566 0.0814457 0.0866508 0.1760676 0.7477707 0.7613147 0.0643703 0.1632440 0.2026445 0.1893781 0.2141054 0.7895897 0.1832355 0.7564226 0.5724249 0.6847909 0.4891568 0.1779156 0.2135149 0.0696985 0.1229014 0.7663222 0.0794383 0.7184651 0.6647780 0.6003823 0.7050246 0.6620531 0.8880190 0.2626950 0.7280201 0.5506466 0.1666897 0.1655504 0.1456158 0.7198430 0.2209259 0.2093799 0.2134152 0.1738244 0.2249969 0.1836137 0.1819341 0.1659768 0.1774001 0.6937762 0.0753837 0.8219840 0.7260408 0.0786980 
Pericome_caudata_50_silver                 0.6710598 0.1413568 0.7328193 0.2820149 0.1668802 0.1037783 0.2221532 0.1080282 0.2463150 0.5872622 0.0000000 0.1618569 0.1615353 0.1644381 0.1712289 0.1779263 0.1458766 0.7351293 0.1506748 0.1890955 0.2420405 0.1456149 0.0757437 0.1738318 0.6226527 0.1492387 0.1645736 0.1544451 0.1661804 0.1696037 0.0936210 0.1619886 0.4158351 0.6085216 0.1767462 0.6075407 0.6482098 0.1663599 0.1688323 0.1635197 0.1608912 0.1770873 0.1061015 0.1589480 0.1025895 0.1768718 0.1771119 0.1106786 0.1475916 0.1516770 0.1398175 0.1654160 0.1808649 0.6591372 0.1581164 0.1400389 0.6741890 0.1280929 0.0980577 0.1503204 0.1429461 0.1422392 0.2947868 0.1612607 0.0758381 0.1519007 0.1761732 0.1771346 0.1913534 0.0957727 1.1256582 0.1802426 0.1482313 0.1783953 0.1510724 0.1667513 0.0746481 0.1851449 0.1754031 0.2046730 0.6842912 0.2677320 0.1527059 0.4269889 
Perityle_aglossa_84_dead_horse             0.3560511 0.1270159 0.2366926 0.2637403 0.1233101 0.0858353 0.1956628 0.0913832 0.2628999 0.2598627 0.1618569 0.0000000 0.0415523 0.0366212 0.0466670 0.0473475 0.0422316 0.3896755 0.1094576 0.0395675 0.0810675 0.0480342 0.0176760 0.0736844 0.3154991 0.0249779 0.1093185 0.0454588 0.1786220 0.1841562 0.1063055 0.1813997 0.1175694 0.2903084 0.0388374 0.2657021 0.3670950 0.0323514 0.1387790 0.0375785 0.0337504 0.0299131 0.1503607 0.0317472 0.1396513 0.1727683 0.0437563 0.0597725 0.0247315 0.0348068 0.1515766 0.0313972 0.0684934 0.3805276 0.0434196 0.0292807 0.3593849 0.0315827 0.0241696 0.0412379 0.0380098 0.1432694 0.2728575 0.1433999 0.0188747 0.0193962 0.0677842 0.1217735 0.1162664 0.0222765 0.1058120 0.0467488 0.1397354 0.0387171 0.0325084 0.0399067 0.0276583 0.1202498 0.2138459 0.0894120 0.3730113 0.2979649 0.0236569 0.0932700 
Perityle_ajoensis_204                      0.2449135 0.1268742 0.2073283 0.2724766 0.1106327 0.0771874 0.1945564 0.0870609 0.2702373 0.1887687 0.1615353 0.0415523 0.0000000 0.0284300 0.0220920 0.0348642 0.0825442 0.2649545 0.0923141 0.0324525 0.0000010 0.0582076 0.0108507 0.0893275 0.2204640 0.0308664 0.1213214 0.0576873 0.1850638 0.1853227 0.1049803 0.1804560 0.0492945 0.2105261 0.0289754 0.1875345 0.2686034 0.0265471 0.1315585 0.0383326 0.0036300 0.0157263 0.1214997 0.0154332 0.1164045 0.1759175 0.0219686 0.0607601 0.0352025 0.0373913 0.1695747 0.0093888 0.0598405 0.2556265 0.0181489 0.0175687 0.2784850 0.0312098 0.0271419 0.0499097 0.0445020 0.1504042 0.2698284 0.1301920 0.0105567 0.0490476 0.0557328 0.1093490 0.0892147 0.0118966 0.0786515 0.0380476 0.1283182 0.0277348 0.0263650 0.0248544 0.0090542 0.0959066 0.1838036 0.0786911 0.2202313 0.2940185 0.0304097 0.0259822 
Perityle_ambrosiifolia_67_green            0.2340235 0.1268923 0.2112138 0.2654555 0.1091334 0.0821510 0.1952673 0.0913481 0.2774844 0.1827513 0.1644381 0.0366212 0.0284300 0.0000000 0.0331110 0.0339297 0.0745091 0.2602639 0.0928059 0.0323373 0.0126875 0.0474118 0.0131750 0.0960765 0.2199230 0.0127464 0.1138448 0.0616025 0.1815174 0.1816610 0.1015351 0.1783941 0.0662774 0.2064282 0.0277187 0.1842801 0.2644081 0.0223325 0.1263792 0.0373917 0.0121591 0.0094405 0.1282915 0.0130438 0.1254983 0.1685317 0.0309068 0.0568123 0.0175038 0.0293956 0.1900501 0.0233740 0.0746484 0.2541386 0.0212383 0.0227740 0.2662259 0.0284322 0.0192181 0.0528392 0.0354327 0.1401691 0.2726347 0.1325656 0.0107127 0.0438200 0.0540802 0.1068334 0.0842992 0.0140682 0.1598046 0.0373100 0.1224560 0.0119116 0.0146046 0.0309620 0.0136210 0.0952258 0.1763741 0.0630286 0.2090998 0.2889473 0.0214808 0.0386171 
Perityle_angustifolia_13_Eagle_creek       0.2049105 0.1206179 0.1831204 0.2769411 0.1071578 0.0777915 0.1923448 0.0911981 0.2340612 0.2055023 0.1712289 0.0466670 0.0220920 0.0331110 0.0000000 0.0364690 0.0556998 0.3182983 0.0960304 0.0340416 0.0244219 0.0645485 0.0078322 0.0894441 0.1791423 0.0258258 0.1264787 0.0336958 0.1925403 0.1956442 0.1034250 0.2049342 0.0808218 0.2339180 0.0300772 0.2002283 0.3142502 0.0270386 0.1147237 0.0348332 0.0174132 0.0153860 0.1283263 0.0175190 0.1308201 0.1903327 0.0168907 0.0541685 0.0301926 0.0375814 0.1502109 0.0156186 0.0506683 0.2267084 0.0253610 0.0033422 0.3115712 0.0286455 0.0150671 0.0226767 0.0524267 0.1471389 0.2628294 0.0888022 0.0132926 0.0289528 0.0442903 0.1073123 0.0780661 0.0084767 0.0107727 0.0384413 0.1249624 0.0292846 0.0299507 0.0242269 0.0222908 0.0959300 0.1582605 0.0230208 0.1708858 0.2402100 0.0229173 0.0496505 
Perityle_batopilensis_97                   0.2292527 0.1226875 0.2098462 0.2746434 0.1143809 0.0827341 0.1919188 0.0822031 0.3119612 0.1744321 0.1779263 0.0473475 0.0348642 0.0339297 0.0364690 0.0000000 0.1041058 0.2532803 0.0928305 0.0372353 0.0061927 0.0606194 0.0244289 0.1176930 0.2155498 0.0383271 0.1280642 0.0671258 0.1854609 0.1924196 0.1089414 0.1917944 0.0926170 0.1969985 0.0379180 0.1776963 0.2606096 0.0317910 0.1396895 0.0094283 0.0206618 0.0253953 0.1319793 0.0255328 0.1287749 0.1860425 0.0379332 0.0691532 0.0427918 0.0440019 0.2080659 0.0286662 0.0780377 0.2463024 0.0212168 0.0358334 0.2604848 0.0393038 0.0312563 0.0733543 0.0503871 0.1446582 0.2683517 0.1357203 0.0107524 0.0557648 0.0625957 0.1110326 0.0932662 0.0327093 0.2152359 0.0521636 0.1305884 0.0339269 0.0347289 0.0374329 0.0199311 0.1055390 0.1869608 0.0903509 0.2131918 0.2940354 0.0366936 0.0384433 
Perityle_bisetosa_9                        0.6647796 0.1109356 0.6706511 0.1817550 0.1458389 0.0738411 0.0910640 0.0912569 0.2742882 0.6585706 0.1458766 0.0422316 0.0825442 0.0745091 0.0556998 0.1041058 0.0000000 0.7113505 0.1627847 0.0971553 0.4552726 0.0277415 0.0065325 0.0205431 0.6594112 0.0164823 0.0772575 0.0755774 0.1368085 0.1267158 0.0963564 0.1267130 0.6162218 0.6681816 0.0715186 0.7030957 0.6836666 0.0843024 0.1225065 0.0294058 0.1768454 0.1201240 0.1719171 0.0805717 0.1572763 0.1334330 0.0859038 0.0408940 0.0207807 0.0213604 0.2090635 0.0922702 0.1852852 0.6653928 0.0912897 0.0175276 0.7055671 0.0271830 0.0195042 0.0726582 0.0290906 0.1008040 0.2184923 0.1806903 0.0133600 0.0554758 0.1328941 0.1908360 0.1589203 0.0100283 0.9003970 0.0808909 0.1495050 0.0832313 0.0472239 0.0868171 0.0564216 0.1863115 0.1892936 0.0183031 0.6544884 0.0977869 0.0192447 0.5482548 
Perityle_californica_76_positas            0.0576059 0.9864609 0.0805407 0.9200115 0.2875727 0.9570542 0.9920533 1.0027200 0.7531073 0.0774289 0.7351293 0.3896755 0.2649545 0.2602639 0.3182983 0.2532803 0.7113505 0.0000000 0.2892530 0.2513996 0.0566862 0.9138262 0.8997181 0.7964159 0.0673633 0.8928126 0.8123785 0.7256197 0.7562556 0.8803405 0.9571294 0.8944635 0.0904843 0.0824311 0.2651420 0.0862796 0.1620181 0.2587581 0.9673985 0.9407995 0.1887795 0.2483815 0.2861686 0.2696087 0.3022090 0.9347048 0.2521567 0.8845513 0.7369137 0.8420215 0.5828957 0.2644729 0.3194937 0.0646091 0.2154270 0.9163047 0.1679631 0.9120437 0.8862544 0.7246848 0.8497303 0.8547927 1.0584042 0.3614424 0.9313721 0.7163963 0.2586951 0.2404547 0.2096495 0.9091540 0.2405618 0.2861439 0.3362098 0.2465291 0.3183561 0.2502013 0.3209014 0.2452092 0.2549576 0.8273239 0.0672415 0.9012493 0.8927281 0.0704531 
Perityle_canescens_77                      0.2032841 0.0778556 0.2127878 0.2892332 0.1105122 0.0672005 0.1825964 0.0906529 0.2315789 0.1883284 0.1506748 0.1094576 0.0923141 0.0928059 0.0960304 0.0928305 0.1627847 0.2892530 0.0000000 0.0965811 0.0490635 0.1438628 0.0523769 0.1811225 0.2054882 0.1115850 0.1787547 0.1379144 0.1831411 0.1679986 0.0840888 0.1694067 0.0737192 0.2102585 0.1009255 0.2039083 0.2791962 0.0909369 0.1160569 0.1046096 0.0428115 0.0755516 0.0981102 0.0921410 0.0885828 0.1768944 0.0995040 0.0686026 0.1146188 0.1189500 0.1457571 0.0859801 0.0894645 0.2326717 0.0724300 0.0987849 0.2568219 0.0945664 0.0662219 0.1375844 0.1284960 0.1180975 0.2118760 0.1072864 0.0515380 0.1266741 0.0984820 0.0754841 0.0606157 0.0691053 0.1241147 0.1074168 0.1020490 0.0913732 0.0948472 0.0999136 0.0567929 0.0700652 0.1290697 0.1332460 0.2164196 0.2351566 0.1060809 0.0815202 
Perityle_castillonii_96                    0.2074125 0.1246036 0.2140570 0.2657742 0.1137455 0.0808652 0.1796506 0.0905049 0.3146545 0.1710788 0.1890955 0.0395675 0.0324525 0.0323373 0.0340416 0.0372353 0.0971553 0.2513996 0.0965811 0.0000000 0.0158700 0.0650787 0.0109329 0.1263819 0.1867084 0.0308609 0.1233577 0.0650873 0.1980410 0.1875354 0.1074542 0.1788931 0.0959413 0.1939170 0.0298072 0.1769899 0.2564801 0.0144227 0.1228572 0.0396561 0.0189436 0.0185881 0.1282268 0.0231131 0.1261331 0.1805623 0.0390029 0.0583214 0.0377706 0.0451309 0.2088677 0.0201727 0.0725448 0.2179021 0.0228041 0.0254154 0.2629950 0.0299189 0.0207741 0.0703247 0.0512918 0.1450213 0.2735638 0.1109588 0.0158290 0.0467502 0.0533276 0.1053073 0.0801276 0.0220281 0.1903838 0.0464657 0.1247177 0.0301196 0.0279687 0.0374658 0.0151497 0.0991909 0.1636371 0.0809480 0.1650698 0.2777165 0.0292315 0.0416655 
Perityle_cernua_84                         0.0260875 9.0000000 0.0654219 0.6359726 0.0548766 9.0000000 9.0000000 9.0000000 0.2518057 0.0609066 0.2420405 0.0810675 0.0000010 0.0126875 0.0244219 0.0061927 0.4552726 0.0566862 0.0490635 0.0158700 0.0000000 0.9971358 9.0000000 0.6505437 0.0249432 9.0000000 0.6537342 0.2668242 0.3939073 0.9212714 9.0000000 0.9618178 0.0520297 0.0609066 0.0130113 0.0538866 0.0713373 0.0158318 9.0000000 9.0000000 0.0000010 0.0061403 0.0631652 0.0123783 0.0625638 0.8556271 0.0092558 9.0000000 0.2372316 0.5309321 0.2468220 0.0000010 0.0281293 0.0093650 0.0000010 9.0000000 0.0673938 9.0000000 9.0000000 0.2676143 0.7110542 0.6455623 9.0000000 0.0724151 9.0000000 0.2644999 0.0000010 0.0674019 0.0160628 9.0000000 0.0261844 0.0542636 0.0425830 0.0123344 0.0113993 0.0123671 0.0124158 0.0645792 0.0508147 0.1117274 0.0091838 9.0000000 9.0000000 0.0216584 
Perityle_cfvillosa_25_tin                  0.8119105 0.1213511 0.7986268 0.2350007 0.1514915 0.0857993 0.1766441 0.0914503 0.2479009 0.8447337 0.1456149 0.0480342 0.0582076 0.0474118 0.0645485 0.0606194 0.0277415 0.9138262 0.1438628 0.0650787 0.9971358 0.0000000 0.0198623 0.0334619 0.7814190 0.0207444 0.0838771 0.0368804 0.1671241 0.1694049 0.1040010 0.1588912 0.9751365 0.8272821 0.0531375 0.8153936 0.8266897 0.0530854 0.1271383 0.0334314 0.1206523 0.0528285 0.1818755 0.0384981 0.1726369 0.1378199 0.0494002 0.0555614 0.0166570 0.0024836 0.1747768 0.0528483 0.1068431 0.7995998 0.0913288 0.0240770 0.8086071 0.0299821 0.0241274 0.0367541 0.0081993 0.1226674 0.2767418 0.1843677 0.0188383 0.0271474 0.0932406 0.1551802 0.1355585 0.0201906 0.4828765 0.0579101 0.1797115 0.0429078 0.0482677 0.0527322 0.0728126 0.1437152 0.1976934 0.0443281 0.8142637 0.2618845 0.0095242 0.8358614 
Perityle_cinerea_113_Powell1310            0.7616201 0.0775277 0.7616201 0.1304166 0.0667988 0.0755134 0.0714290 0.0894010 0.1813843 0.7616201 0.0757437 0.0176760 0.0108507 0.0131750 0.0078322 0.0244289 0.0065325 0.8997181 0.0523769 0.0109329 9.0000000 0.0198623 0.0000000 0.0045248 0.9648099 0.0154061 0.0471021 0.0263785 0.0624021 0.0900303 0.0916954 0.0792417 9.0000000 0.7616201 0.0153349 0.9657554 0.7895694 0.0089318 0.0668525 0.0218511 0.0048030 0.0000010 0.0571685 0.0134572 0.0584895 0.0668591 0.0086803 0.0071486 0.0132880 0.0154811 0.0609014 0.0088280 0.0468469 0.9351948 0.0053941 0.0130751 0.8517083 0.0286571 0.0133059 0.0108328 0.0155604 0.0509586 0.1687399 0.0469907 0.0111386 0.0131442 0.0471021 0.0594822 0.0404262 0.0048738 9.0000000 0.0174471 0.0877344 0.0134840 0.0131786 0.0108230 0.0072633 0.0643919 0.0742219 0.0218823 1.0222096 0.0616748 0.0176484 0.1528058 
Perityle_coahuilensis_24                   0.7491562 0.1102218 0.7996202 0.2266113 0.1810317 0.0648177 0.1748625 0.0763802 0.3237171 0.7438263 0.1738318 0.0736844 0.0893275 0.0960765 0.0894441 0.1176930 0.0205431 0.7964159 0.1811225 0.1263819 0.6505437 0.0334619 0.0045248 0.0000000 0.7684143 0.0198550 0.0394124 0.0595777 0.1646815 0.1639382 0.0870457 0.1490285 0.7849970 0.7295708 0.0983582 0.7636886 0.7612355 0.1069400 0.1167809 0.0274313 0.2547464 0.1246290 0.2312596 0.0969061 0.2045409 0.1011792 0.0890198 0.0491304 0.0243185 0.0261800 0.2464079 0.1041925 0.1248175 0.7520668 0.1533576 0.0052121 0.7419974 0.0247226 0.0131989 0.0512929 0.0305782 0.1243309 0.2518085 0.2051078 0.0081417 0.0396598 0.1247671 0.1998154 0.1803843 0.0062128 1.0899704 0.0754276 0.1938307 0.1036125 0.0745930 0.1039461 0.1341250 0.1955694 0.2808898 0.0941754 0.7778904 0.2636137 0.0202386 0.7212819 
Perityle_cochisensis_44_cave_creek         0.0788626 0.6708130 0.0804559 0.7351560 0.2115095 1.5665110 0.8376544 1.1509391 0.5867370 0.0707830 0.6226527 0.3154991 0.2204640 0.2199230 0.1791423 0.2155498 0.6594112 0.0673633 0.2054882 0.1867084 0.0249432 0.7814190 0.9648099 0.7684143 0.0000000 0.7687645 0.7176660 0.6524713 0.6421518 0.7863816 0.7820314 0.8264077 0.0780725 0.0773017 0.2233492 0.0625112 0.0785421 0.1758343 0.7976169 0.7600900 0.0304691 0.1747609 0.2173365 0.1702752 0.2089872 0.8358189 0.2151535 0.7690772 0.6268028 0.7520903 0.4810125 0.2042693 0.2596168 0.0654576 0.0650258 0.7576075 0.0799944 0.6736201 0.6549944 0.6481221 0.7684560 0.7336406 1.2353156 0.2505449 1.0550390 0.6239049 0.2068973 0.2127751 0.1827108 0.7775561 0.1998168 0.2509671 0.2078466 0.2104574 0.2597927 0.1923401 0.1781818 0.2230385 0.2154911 0.8308171 0.0540443 0.9310455 0.7738322 0.0382312 
Perityle_congesta_202                      0.7775321 0.1212791 0.6554344 0.2331084 0.1306928 0.0821510 0.1840614 0.0879841 0.2605849 0.7450987 0.1492387 0.0249779 0.0308664 0.0127464 0.0258258 0.0383271 0.0164823 0.8928126 0.1115850 0.0308609 9.0000000 0.0207444 0.0154061 0.0198550 0.7687645 0.0000000 0.0663303 0.0402740 0.1764371 0.1537776 0.1015606 0.1361965 9.0000000 0.7452080 0.0258635 0.7969571 0.7944933 0.0240543 0.1286591 0.0332972 0.0039726 0.0064608 0.1493421 0.0044680 0.1488012 0.1253834 0.0294955 0.0600523 0.0051005 0.0164154 0.1517381 0.0171975 0.0640062 0.8247451 0.0227792 0.0253666 0.7678530 0.0315174 0.0224855 0.0311231 0.0129469 0.1253397 0.2749205 0.1453231 0.0134017 0.0242976 0.0653940 0.1245341 0.1120480 0.0140718 0.3336449 0.0339466 0.1467295 0.0043149 0.0054790 0.0299936 0.0000010 0.1089112 0.2098950 0.0500959 0.8130498 0.2790581 0.0154080 0.1528058 
Perityle_cordifolia_27                     0.7367651 0.1177302 0.7415071 0.2380124 0.1797591 0.0846920 0.1991256 0.0842024 0.2648214 0.6647006 0.1645736 0.1093185 0.1213214 0.1138448 0.1264787 0.1280642 0.0772575 0.8123785 0.1787547 0.1233577 0.6537342 0.0838771 0.0471021 0.0394124 0.7176660 0.0663303 0.0000000 0.0795806 0.1522127 0.1776112 0.0988788 0.1483414 0.6847087 0.6637746 0.1123376 0.6941939 0.7498725 0.1249170 0.1197596 0.0702279 0.2013624 0.1016022 0.2149115 0.1208380 0.2022402 0.1112546 0.1130735 0.0623227 0.0644216 0.0719746 0.2129674 0.1222022 0.0936541 0.7455914 0.1422699 0.0642964 0.7288492 0.0530889 0.0247726 0.0763827 0.0774429 0.1380541 0.2725602 0.2247930 0.0407949 0.0620812 0.0439990 0.1746565 0.1595934 0.0471166 0.8196101 0.1118642 0.1909287 0.1138748 0.1140263 0.1198721 0.1630027 0.1770441 0.2622692 0.1431390 0.7526047 0.2933251 0.0693226 0.6509966 
Perityle_cordifolia_68_tecolote            0.6570390 0.1227843 0.6326975 0.2333537 0.1400125 0.0842236 0.1903464 0.0976651 0.2156393 0.5654647 0.1544451 0.0454588 0.0576873 0.0616025 0.0336958 0.0671258 0.0755774 0.7256197 0.1379144 0.0650873 0.2668242 0.0368804 0.0263785 0.0595777 0.6524713 0.0402740 0.0795806 0.0000000 0.1898320 0.1598302 0.1034639 0.1437023 0.4316870 0.5766664 0.0640274 0.6312089 0.6321193 0.0600874 0.1370550 0.0401342 0.0953347 0.0542276 0.1727454 0.0513969 0.1616400 0.1315329 0.0573147 0.0580613 0.0395185 0.0355913 0.1989866 0.0588356 0.0902276 0.6960510 0.0218278 0.0320362 0.6531473 0.0000010 0.0256915 0.0450495 0.0318854 0.1270818 0.2793518 0.1564658 0.0266996 0.0372348 0.0885796 0.1451733 0.1549693 0.0303540 0.9491406 0.0646129 0.1524055 0.0673380 0.0421040 0.0627555 0.0277736 0.1410717 0.2520877 0.1093459 0.7132111 0.3019780 0.0388115 0.4250556 
Perityle_coronopifolia_28_patagonia        0.6572634 0.2104756 0.7383465 0.2442687 0.2165284 0.0698577 0.2159993 0.0587048 0.1842272 0.6318627 0.1661804 0.1786220 0.1850638 0.1815174 0.1925403 0.1854609 0.1368085 0.7562556 0.1831411 0.1980410 0.3939073 0.1671241 0.0624021 0.1646815 0.6421518 0.1764371 0.1522127 0.1898320 0.0000000 0.1876127 0.1215571 0.1901831 0.4533980 0.6634824 0.1857341 0.6247037 0.7342990 0.1856747 0.1876933 0.1732170 0.1406258 0.1931259 0.1872228 0.1884791 0.1971212 0.1854181 0.1858854 0.1401272 0.1706515 0.1657028 0.2157304 0.2024778 0.1607477 0.6890425 0.3059150 0.1733362 0.7844428 0.1569327 0.0908749 0.1825551 0.1669828 0.1783942 0.1550314 0.1803709 0.0643770 0.1746876 0.1604762 0.1889927 0.1674650 0.0803336 0.5007918 0.1956383 0.1995268 0.1822433 0.1759365 0.1843649 0.0705087 0.1945991 0.2001441 0.1610043 0.6687408 0.0042762 0.1816375 0.4893358 
Perityle_crassifolia_70_ventanas           0.7611699 0.1302459 0.7363063 0.2783163 0.1624630 0.0856219 0.1844941 0.1252479 0.2890380 0.7969079 0.1696037 0.1841562 0.1853227 0.1816610 0.1956442 0.1924196 0.1267158 0.8803405 0.1679986 0.1875354 0.9212714 0.1694049 0.0900303 0.1639382 0.7863816 0.1537776 0.1776112 0.1598302 0.1876127 0.0000000 0.0056792 0.0574885 1.1274894 0.7690390 0.1913879 0.8128912 0.9200591 0.1794581 0.1502440 0.1645567 0.2019727 0.1714158 0.2022336 0.1737402 0.2004870 0.1629148 0.1870506 0.0954869 0.1531083 0.1526521 0.2104164 0.1758405 0.1827282 0.7535348 0.1970837 0.1413116 0.8332815 0.1180508 0.0905231 0.1620664 0.1598070 0.1257678 0.2505327 0.1578619 0.0969121 0.1519190 0.1835112 0.1789456 0.1499884 0.1006980 9.0000000 0.1955308 0.0618717 0.1737548 0.1820395 0.1853063 0.1548347 0.1748974 0.2234604 0.1613268 0.8314759 0.2589673 0.1522853 0.8411212 
Perityle_crassifolia_74_playa_balandra     0.7036658 0.1062748 0.6931140 0.1585295 0.1119545 0.0892838 0.1000309 0.1152983 0.2244673 0.7438228 0.0936210 0.1063055 0.1049803 0.1015351 0.1034250 0.1089414 0.0963564 0.9571294 0.0840888 0.1074542 9.0000000 0.1040010 0.0916954 0.0870457 0.7820314 0.1015606 0.0988788 0.1034639 0.1215571 0.0056792 0.0000000 0.0255379 9.0000000 0.7080774 0.1100049 0.8392648 0.8632867 0.0953098 0.0898320 0.1071706 0.0960463 0.0885401 0.1165552 0.0953643 0.1155238 0.0898402 0.1076396 0.0275420 0.1021054 0.0997803 0.1179178 0.0950638 0.1029362 0.7397489 0.0786811 0.1081791 0.8934547 0.1058173 0.0796787 0.1050487 0.0980002 0.0847393 0.2265690 0.0713417 0.0912955 0.1045449 0.0988788 0.0835346 0.0775008 0.0966130 9.0000000 0.1101376 0.0133456 0.0948286 0.1019848 0.1093604 0.0916893 0.0855050 0.1233342 0.0983313 0.8318112 0.1309177 0.0995397 9.0000000 
Perityle_cuneata_34_cuneata_San_antonio    0.8390256 0.1320327 0.8362471 0.2683792 0.1584383 0.0900199 0.1976047 0.1190850 0.2811936 0.8684340 0.1619886 0.1813997 0.1804560 0.1783941 0.2049342 0.1917944 0.1267130 0.8944635 0.1694067 0.1788931 0.9618178 0.1588912 0.0792417 0.1490285 0.8264077 0.1361965 0.1483414 0.1437023 0.1901831 0.0574885 0.0255379 0.0000000 0.9340652 0.8260480 0.1874025 0.8545057 0.9056538 0.1869613 0.1358461 0.1367368 0.2467201 0.1739908 0.2113199 0.1760251 0.1978277 0.1562283 0.1870167 0.0774054 0.1389906 0.1459205 0.1974434 0.1702351 0.1650010 0.8111030 0.2171137 0.1253732 0.8119322 0.1068930 0.0809686 0.1431785 0.1550509 0.1189763 0.2622857 0.2091844 0.0947876 0.1401922 0.1610652 0.1728379 0.1652893 0.0840211 0.9259481 0.1888353 0.0904903 0.1723605 0.1823167 0.1831863 0.1936819 0.1822965 0.2888403 0.1965498 0.9125870 0.3071789 0.1424217 0.8663026 
Perityle_cuneata_4                         0.0754258 9.0000000 0.0725599 0.9482758 0.0533026 9.0000000 9.0000000 9.0000000 0.4689101 0.1045580 0.4158351 0.1175694 0.0492945 0.0662774 0.0808218 0.0926170 0.6162218 0.0904843 0.0737192 0.0959413 0.0520297 0.9751365 9.0000000 0.7849970 0.0780725 9.0000000 0.6847087 0.4316870 0.4533980 1.1274894 9.0000000 0.9340652 0.0000000 0.1072977 0.0865702 0.1008933 0.1113387 0.0789906 9.0000000 9.0000000 0.0688431 0.0870471 0.0778593 0.0567552 0.0747948 0.8361470 0.0960176 9.0000000 0.2373896 0.5908596 0.3808934 0.0677349 0.1073197 0.0678975 0.0547325 9.0000000 0.1008128 9.0000000 9.0000000 0.4376550 0.7501946 0.5999449 9.0000000 0.1364504 9.0000000 0.4056319 0.0593204 0.0981306 0.0630819 9.0000000 0.2163258 0.1201380 0.0673128 0.0872172 0.0676672 0.0929812 0.0740300 0.1010662 0.0843632 0.1117274 0.0895166 9.0000000 9.0000000 0.0901826 
Perityle_discoidea_81                      0.0053757 0.6364702 0.0057807 0.6501997 0.2342740 0.8613119 0.6822316 0.8134100 0.5869284 0.0038609 0.6085216 0.2903084 0.2105261 0.2064282 0.2339180 0.1969985 0.6681816 0.0824311 0.2102585 0.1939170 0.0609066 0.8272821 0.7616201 0.7295708 0.0773017 0.7452080 0.6637746 0.5766664 0.6634824 0.7690390 0.7080774 0.8260480 0.1072977 0.0000000 0.2140296 0.0873355 0.0955893 0.1968762 0.7659367 0.7381420 0.0674960 0.1846475 0.2294621 0.2121986 0.2395412 0.7967554 0.2056780 0.7754284 0.5983115 0.6797333 0.5000459 0.2033385 0.2419148 0.0876399 0.1501638 0.7348185 0.1002666 0.7049285 0.6627782 0.6068331 0.6972371 0.6634341 1.0870456 0.2817808 0.7280201 0.5502593 0.1878984 0.1976409 0.1712824 0.7198430 0.2209622 0.2339922 0.2340632 0.2017106 0.2547105 0.2135361 0.1819341 0.1931624 0.2034102 0.6924805 0.0774561 0.8730886 0.7107227 0.0813827 
Perityle_dissecta_201                      0.2514371 0.1332083 0.2300635 0.2596786 0.1071208 0.0843171 0.1947913 0.1043762 0.3007798 0.1860566 0.1767462 0.0388374 0.0289754 0.0277187 0.0300772 0.0379180 0.0715186 0.2651420 0.1009255 0.0298072 0.0130113 0.0531375 0.0153349 0.0983582 0.2233492 0.0258635 0.1123376 0.0640274 0.1857341 0.1913879 0.1100049 0.1874025 0.0865702 0.2140296 0.0000000 0.1856385 0.2685408 0.0228545 0.1356619 0.0389517 0.0154449 0.0205671 0.1349141 0.0201001 0.1300741 0.1713960 0.0347259 0.0625478 0.0304078 0.0359007 0.2080067 0.0231070 0.0968313 0.2426620 0.0245440 0.0256368 0.2720563 0.0344329 0.0256879 0.0609354 0.0392010 0.1447561 0.2718373 0.1297586 0.0240941 0.0458372 0.0551749 0.1094958 0.0978709 0.0180184 0.2042354 0.0366714 0.1303866 0.0263219 0.0279518 0.0296239 0.0182618 0.1078755 0.1926578 0.0862195 0.2363239 0.3029661 0.0291339 0.0346109 
Perityle_emoryi_47_punta_san_jose          0.0578045 0.7955369 0.0862240 0.7945792 0.2226063 1.6638339 0.8468202 1.0325588 0.6475713 0.0814457 0.6075407 0.2657021 0.1875345 0.1842801 0.2002283 0.1776963 0.7030957 0.0862796 0.2039083 0.1769899 0.0538866 0.8153936 0.9657554 0.7636886 0.0625112 0.7969571 0.6941939 0.6312089 0.6247037 0.8128912 0.8392648 0.8545057 0.1008933 0.0873355 0.1856385 0.0000000 0.1164972 0.1828781 0.7713468 0.8139330 0.0609339 0.1685984 0.2153023 0.1957677 0.2277177 0.8226836 0.1805545 0.7843651 0.6073184 0.7547245 0.4955431 0.1742909 0.2334735 0.0719841 0.0858952 0.8586476 0.1008924 0.8152928 0.7024523 0.6511329 0.8027328 0.7185883 1.0718417 0.2679589 1.0616778 0.5982716 0.1639350 0.1809006 0.1536113 0.8665925 0.2197947 0.2129255 0.2331367 0.1751454 0.2270487 0.1828661 0.2218398 0.1843354 0.1769651 0.7572516 0.0731662 0.8536892 0.7969571 0.0565814 
Perityle_feddemae_99                       0.0734393 0.8891866 0.1059611 0.8679928 0.3104890 0.8498469 0.8540120 0.8646111 0.7263705 0.0866508 0.6482098 0.3670950 0.2686034 0.2644081 0.3142502 0.2606096 0.6836666 0.1620181 0.2791962 0.2564801 0.0713373 0.8266897 0.7895694 0.7612355 0.0785421 0.7944933 0.7498725 0.6321193 0.7342990 0.9200591 0.8632867 0.9056538 0.1113387 0.0955893 0.2685408 0.1164972 0.0000000 0.2585091 0.8469426 0.8076536 0.2020778 0.2536874 0.2236528 0.2841994 0.2374611 0.8816481 0.2497652 0.7914254 0.6718756 0.7714297 0.4794579 0.2711044 0.3340658 0.1051838 0.2043717 0.7994504 0.1098682 0.7572362 0.7615447 0.6508999 0.7744474 0.8074764 0.9875657 0.3848527 0.7850622 0.6474537 0.2632047 0.2311238 0.2249128 0.7941568 0.2288402 0.2914812 0.3283434 0.2562489 0.3213840 0.2615284 0.3376564 0.2376636 0.2478420 0.7460980 0.0864585 0.8634745 0.8084792 0.0850097 
Perityle_fosteri_93                        0.1951020 0.1173037 0.2108829 0.2544296 0.1097615 0.0751978 0.1644593 0.0887111 0.2749338 0.1760676 0.1663599 0.0323514 0.0265471 0.0223325 0.0270386 0.0317910 0.0843024 0.2587581 0.0909369 0.0144227 0.0158318 0.0530854 0.0089318 0.1069400 0.1758343 0.0240543 0.1249170 0.0600874 0.1856747 0.1794581 0.0953098 0.1869613 0.0789906 0.1968762 0.0228545 0.1828781 0.2585091 0.0000000 0.1329129 0.0288141 0.0138973 0.0110105 0.1153223 0.0159061 0.1218791 0.1887274 0.0294732 0.0513135 0.0301616 0.0336846 0.1959718 0.0207584 0.0642940 0.2074180 0.0122982 0.0142767 0.2624274 0.0183664 0.0130836 0.0588657 0.0429118 0.1370339 0.2613931 0.1251653 0.0080345 0.0349020 0.0538506 0.1080368 0.0866467 0.0082143 0.1685134 0.0354048 0.1212986 0.0248089 0.0229000 0.0272765 0.0107927 0.0960205 0.1523701 0.0420540 0.1557624 0.2547820 0.0225178 0.0429290 
Perityle_gamon_221                         0.8785181 0.1189517 0.6958136 0.2541860 0.1336857 0.0969177 0.1990679 0.1174224 0.2577471 0.7477707 0.1688323 0.1387790 0.1315585 0.1263792 0.1147237 0.1396895 0.1225065 0.9673985 0.1160569 0.1228572 9.0000000 0.1271383 0.0668525 0.1167809 0.7976169 0.1286591 0.1197596 0.1370550 0.1876933 0.1502440 0.0898320 0.1358461 9.0000000 0.7659367 0.1356619 0.7713468 0.8469426 0.1329129 0.0000000 0.1221277 0.0928799 0.0937794 0.1495366 0.1061926 0.1419998 0.0048112 0.1404341 0.0154951 0.1313428 0.1268323 0.1416855 0.1193240 0.1231680 0.7771223 0.1019724 0.1217862 0.8175108 0.1099757 0.0780726 0.1442605 0.1242042 0.0838051 0.2315676 0.1383781 0.0691058 0.1323292 0.1187918 0.0938519 0.0970458 0.0923943 0.6094131 0.1472299 0.1373313 0.1278441 0.1240747 0.1291055 0.0695776 0.1104007 0.1654357 0.1869872 0.8632453 0.2781602 0.1330534 0.1528058 
Perityle_gentryi_8_san_francisco           0.7813045 0.1211557 0.6919269 0.2413954 0.1230834 0.0843540 0.1835917 0.0872729 0.2763123 0.7613147 0.1635197 0.0375785 0.0383326 0.0373917 0.0348332 0.0094283 0.0294058 0.9407995 0.1046096 0.0396561 9.0000000 0.0334314 0.0218511 0.0274313 0.7600900 0.0332972 0.0702279 0.0401342 0.1732170 0.1645567 0.1071706 0.1367368 9.0000000 0.7381420 0.0389517 0.8139330 0.8076536 0.0288141 0.1221277 0.0000000 0.0159893 0.0263856 0.1561701 0.0259859 0.1465792 0.1232528 0.0415326 0.0687622 0.0313232 0.0305969 0.1480923 0.0236923 0.0635296 0.7668230 0.0252621 0.0343252 0.7949870 0.0373040 0.0277824 0.0403046 0.0264908 0.1237668 0.2757025 0.1174574 0.0132370 0.0345025 0.0691920 0.1214719 0.0991992 0.0301315 9.0000000 0.0436898 0.1481215 0.0320279 0.0312472 0.0402749 0.0167355 0.1127864 0.1970409 0.0844865 0.7663173 0.2751889 0.0290421 0.1528058 
Perityle_gilensis_22_Superstition          0.0311581 0.0485207 0.0724638 0.1961985 0.0617122 0.0808437 0.0751765 0.0608006 0.2465102 0.0643703 0.1608912 0.0337504 0.0036300 0.0121591 0.0174132 0.0206618 0.1768454 0.1887795 0.0428115 0.0189436 0.0000010 0.1206523 0.0048030 0.2547464 0.0304691 0.0039726 0.2013624 0.0953347 0.1406258 0.2019727 0.0960463 0.2467201 0.0688431 0.0674960 0.0154449 0.0609339 0.2020778 0.0138973 0.0928799 0.0159893 0.0000000 0.0086425 0.0634307 0.0093037 0.0602765 0.2735496 0.0172823 0.0316623 0.0248300 0.0581475 0.2220778 0.0034325 0.0459002 0.0210304 0.0043465 0.0119729 0.1993745 0.0161014 0.0041170 0.1034447 0.0954121 0.1601256 0.3086135 0.0641002 0.0045324 0.0817262 0.0120979 0.0650549 0.0189234 0.0079819 0.1844402 0.0034046 0.0672202 0.0086356 0.0104078 0.0119704 0.0069155 0.0714226 0.0579959 0.0076969 0.0180172 0.0994283 0.0119845 0.0210961 
Perityle_gilensis_salensis_225             0.1966287 0.1167930 0.1990826 0.2465467 0.0889131 0.0756869 0.1829820 0.0894037 0.3023475 0.1632440 0.1770873 0.0299131 0.0157263 0.0094405 0.0153860 0.0253953 0.1201240 0.2483815 0.0755516 0.0185881 0.0061403 0.0528285 0.0000010 0.1246290 0.1747609 0.0064608 0.1016022 0.0542276 0.1931259 0.1714158 0.0885401 0.1739908 0.0870471 0.1846475 0.0205671 0.1685984 0.2536874 0.0110105 0.0937794 0.0263856 0.0086425 0.0000000 0.1160079 0.0087144 0.1079614 0.1630406 0.0201514 0.0317615 0.0174381 0.0281721 0.2076451 0.0097540 0.0514960 0.1991186 0.0061778 0.0116089 0.2529825 0.0174354 0.0036294 0.0545321 0.0411347 0.1252903 0.2669547 0.0763106 0.0053801 0.0387001 0.0198854 0.0825426 0.0604435 0.0102479 0.1880355 0.0322091 0.0977215 0.0127444 0.0087157 0.0235067 0.0079099 0.0770469 0.1424645 0.0798899 0.1580183 0.2762383 0.0129934 0.0355467 
Perityle_glaucescens_94                    0.2320485 0.1400206 0.2514600 0.3022846 0.1171585 0.0837696 0.2226129 0.0950848 0.2761941 0.2026445 0.1061015 0.1503607 0.1214997 0.1282915 0.1283263 0.1319793 0.1719171 0.2861686 0.0981102 0.1282268 0.0631652 0.1818755 0.0571685 0.2312596 0.2173365 0.1493421 0.2149115 0.1727454 0.1872228 0.2022336 0.1165552 0.2113199 0.0778593 0.2294621 0.1349141 0.2153023 0.2236528 0.1153223 0.1495366 0.1561701 0.0634307 0.1160079 0.0000000 0.1119055 0.0042005 0.2083080 0.1368727 0.0921551 0.1602006 0.1695988 0.0760135 0.1152496 0.1380977 0.2498913 0.1085990 0.1235798 0.2823834 0.1180582 0.0955080 0.1815821 0.1740023 0.1451716 0.2582722 0.1200706 0.0497272 0.1703088 0.1284769 0.1168177 0.1082320 0.0796129 0.1811782 0.1415587 0.1256330 0.1304058 0.1287560 0.1272253 0.0636505 0.1264796 0.1029242 0.1917545 0.2419839 0.2626928 0.1498764 0.0879866 
Perityle_gracilis_11                       0.2053871 0.1126195 0.2050719 0.2543461 0.1025816 0.0800247 0.1647871 0.0831703 0.2434739 0.1893781 0.1589480 0.0317472 0.0154332 0.0130438 0.0175190 0.0255328 0.0805717 0.2696087 0.0921410 0.0231131 0.0123783 0.0384981 0.0134572 0.0969061 0.1702752 0.0044680 0.1208380 0.0513969 0.1884791 0.1737402 0.0953643 0.1760251 0.0567552 0.2121986 0.0201001 0.1957677 0.2841994 0.0159061 0.1061926 0.0259859 0.0093037 0.0087144 0.1119055 0.0000000 0.1153137 0.1703338 0.0154458 0.0477084 0.0107876 0.0151671 0.1680608 0.0068339 0.0431692 0.2020196 0.0124671 0.0129623 0.2729679 0.0230596 0.0164899 0.0438595 0.0279739 0.1351727 0.2621254 0.0952944 0.0136570 0.0378637 0.0437517 0.0964538 0.0691245 0.0102552 0.0715060 0.0338654 0.1141126 0.0057387 0.0051961 0.0195334 0.0045716 0.0901690 0.1375283 0.0185166 0.1591659 0.2296424 0.0033482 0.0355437 
Perityle_harkerae_31                       0.2134778 0.1389019 0.2476298 0.2935469 0.1329179 0.0829232 0.2100684 0.0938325 0.2634129 0.2141054 0.1025895 0.1396513 0.1164045 0.1254983 0.1308201 0.1287749 0.1572763 0.3022090 0.0885828 0.1261331 0.0625638 0.1726369 0.0584895 0.2045409 0.2089872 0.1488012 0.2022402 0.1616400 0.1971212 0.2004870 0.1155238 0.1978277 0.0747948 0.2395412 0.1300741 0.2277177 0.2374611 0.1218791 0.1419998 0.1465792 0.0602765 0.1079614 0.0042005 0.1153137 0.0000000 0.2039370 0.1247668 0.1000483 0.1490437 0.1547376 0.0588095 0.1109785 0.1226306 0.2479223 0.1075744 0.1242882 0.2951967 0.1152071 0.0941368 0.1607853 0.1623317 0.1566045 0.2548550 0.1432744 0.0491566 0.1614957 0.1225006 0.1200992 0.0969899 0.0788987 0.1041051 0.1334255 0.1287292 0.1230721 0.1264235 0.1269003 0.0628560 0.1123648 0.1040269 0.1403038 0.2205309 0.2154818 0.1386452 0.0892830 
