83
Amauria_brandeegeana_62                    0.0000000 0.0394508 0.0950080 0.1600779 0.1093541 0.1335322 0.1607600 0.2115686 0.0831675 0.1156857 0.0499946 0.1110709 0.1034668 0.1071579 0.1003905 0.1242087 0.0776213 0.1511354 0.1147521 0.1154452 0.1159452 0.1082149 0.1218972 0.1154201 0.1024082 0.1255354 0.1166991 0.1116251 0.0731828 0.0617591 0.0959602 0.1004052 0.0744618 0.1121810 0.0593974 0.1286507 0.1076631 0.1252287 0.1141004 0.1172936 0.1205966 0.1241669 0.1084939 0.1380534 0.1295494 0.1091754 0.0693213 0.1108121 0.1023751 0.1251212 0.1136095 0.0775310 0.0561550 0.1883750 0.0996905 0.1125721 0.1092405 0.0709041 0.2237007 0.0982943 0.1148297 0.1103982 0.1160669 0.1062638 0.1145398 0.0839309 0.1110418 0.1062496 0.0678296 0.1064903 0.1160970 0.1256330 0.0750717 0.1161477 0.1138749 0.0753518 0.1271179 0.1321978 0.1029864 0.0958063 0.0769353 0.1074556 0.0750185 
Amauria_carterae_99_mesa                   0.0394508 0.0000000 0.0712112 0.1429778 0.0851375 0.0854936 0.1503017 0.1453480 0.0480687 0.0922534 9.0000000 0.0712323 0.0723051 0.0693911 0.0620967 0.0689872 0.0389473 0.0921183 0.0716181 0.0694035 0.0769648 0.0787575 0.0800425 0.0668909 0.0716958 0.0827752 0.0834187 0.0959203 0.0760323 0.0786642 0.0683577 0.0639073 0.0541615 0.0740631 0.0212024 0.0762887 0.0700173 0.0975171 0.0804978 0.0778849 0.0741722 0.0798803 0.0714448 0.0715957 0.1054548 0.0725189 0.0745525 0.0710577 0.0774346 0.0735976 0.0726097 0.0635685 0.0761758 0.0700959 0.0609253 0.0540794 0.0930921 0.0780104 0.0773448 0.0531669 0.0748780 0.1169412 0.1010605 0.0713957 0.0960865 0.0624186 0.0701926 0.0697612 0.0792809 0.0674343 0.0774184 0.0819874 0.0719027 0.0740065 0.0770315 0.0645463 0.0801025 0.1019736 0.0657399 0.0697554 0.0892803 0.0740552 0.0390494 
Amauria_rotundifolia_SRR9119150            0.0950080 0.0712112 0.0000000 0.2369919 0.2126644 0.2149025 0.2648469 0.3749194 0.1742053 0.2379482 0.0872826 0.2242437 0.2069519 0.0957568 0.1142050 0.2741592 0.1612556 0.1279657 0.2462864 0.1640546 0.2088622 0.1031605 0.2417701 0.1126669 0.1953731 0.2600885 0.2629851 0.2420808 0.0731465 0.0715687 0.2314624 0.2399498 0.0792789 0.2192861 0.1239234 0.2409503 0.1570135 0.2290959 0.1852114 0.2404694 0.2333509 0.2460395 0.2239335 0.1862789 0.2384781 0.2474083 0.0713100 0.2193573 0.2148838 0.1492363 0.1854137 0.0886258 0.0747735 0.2148461 0.1781486 0.1464426 0.1195146 0.0767190 0.2454324 0.2127010 0.2364326 0.1471949 0.2135488 0.2364638 0.2320144 0.0939075 0.1467721 0.2608026 0.0802646 0.2198173 0.2429835 0.2094106 0.0894353 0.2187063 0.2350223 0.0716699 0.1774211 0.2652829 0.2370210 0.2327822 0.1023620 0.2184692 0.2087154 
Conoclinium_coelestinum_SRR9119114         0.1600779 0.1429778 0.2369919 0.0000000 0.1824249 0.1974961 0.2865922 0.3207911 0.1867210 0.2112031 0.0947849 0.1825113 0.1827534 0.1637707 0.1504501 0.1957466 0.1564759 0.2191484 0.1859890 0.1744044 0.1724039 0.1811957 0.1934583 0.1703193 0.1766482 0.1943440 0.1822684 0.2047974 0.1297909 0.1496215 0.1769274 0.1794745 0.1601775 0.1824112 0.1529298 0.2288380 0.1573856 0.2140202 0.1691054 0.1900120 0.1944387 0.2183665 0.1789391 0.2188313 0.2068564 0.1814361 0.1427106 0.1801139 0.1730980 0.1927014 0.1705196 0.1231514 0.1144166 0.2386648 0.1796976 0.1838769 0.1428269 0.1270150 0.2750937 0.1675926 0.2101438 0.1968920 0.2005752 0.1799478 0.1935302 0.1289671 0.1745047 0.1987414 0.1342047 0.1703297 0.1905438 0.2065744 0.1299081 0.1887035 0.1764425 0.1453872 0.1975311 0.2244248 0.1861537 0.1671311 0.1614300 0.1821847 0.1731841 
Eutetras_palmeri_63                        0.1093541 0.0851375 0.2126644 0.1824249 0.0000000 0.1160936 0.2048258 0.3066895 0.0791794 0.1133975 0.0802967 0.1176561 0.1067498 0.1019821 0.0954537 0.1354761 0.0729795 0.1145503 0.1253111 0.1027531 0.1108596 0.0974202 0.1341135 0.0923918 0.0992980 0.1383167 0.1470677 0.1361642 0.0740689 0.0804560 0.1098651 0.0855446 0.0719451 0.1313555 0.0788669 0.1320000 0.0930300 0.1303035 0.1069932 0.1303962 0.1194111 0.1257655 0.1136134 0.1119364 0.1318158 0.1135509 0.0855315 0.1286801 0.1067814 0.0988318 0.1057988 0.0871134 0.0687161 0.1947554 0.0964783 0.0900151 0.1046447 0.0709720 0.2144891 0.1159427 0.1224148 0.1377565 0.1199443 0.1322241 0.1152145 0.0796779 0.0855439 0.1031565 0.0820738 0.1096276 0.1288724 0.1125720 0.0903498 0.1195976 0.1198874 0.0802720 0.1028036 0.1201209 0.1331796 0.1145677 0.0954291 0.1239959 0.1171801 
Eutrochium_fistulosum_SRR9119106           0.1335322 0.0854936 0.2149025 0.1974961 0.1160936 0.0000000 0.2602502 0.2791246 0.1305640 0.1443666 0.1245874 0.1466708 0.1465329 0.1204967 0.1295971 0.1480552 0.1142422 0.1437660 0.1535353 0.1457809 0.1482515 0.1298243 0.1573665 0.1226324 0.1418200 0.1682495 0.1487310 0.1645648 0.0913118 0.0996620 0.1244060 0.1278687 0.1049854 0.1480669 0.1134674 0.1639323 0.1382649 0.1655735 0.1564944 0.1556762 0.1588043 0.1635378 0.1445656 0.1575497 0.1733499 0.1507202 0.1052565 0.1486694 0.1333881 0.1490601 0.1497350 0.1103225 0.0929676 0.1521432 0.1342761 0.1258733 0.1316943 0.0996177 0.1768243 0.1295219 0.1559764 0.1654797 0.1525411 0.1509864 0.1557443 0.1059116 0.1232646 0.1315661 0.0897137 0.1431350 0.1544728 0.1499666 0.1193312 0.1554423 0.1578169 0.0905905 0.1531806 0.1506217 0.1515698 0.1394464 0.1133085 0.1409507 0.1376251 
Galeana_pratensis_104_mex                  0.1607600 0.1503017 0.2648469 0.2865922 0.2048258 0.2602502 0.0000000 0.1626619 0.1921342 0.2301900 9.0000000 0.2387536 0.2364392 0.1601659 0.1566150 0.2293241 0.1951601 0.2038978 0.2311759 0.1962251 0.2184354 0.1167662 0.2379229 0.1590468 0.2346929 0.2451769 0.2418409 0.2329775 0.1494913 0.1340868 0.2273383 0.1926548 0.1398496 0.2420564 0.1449748 0.2563399 0.1741541 0.2663174 0.1986414 0.2396807 0.2384152 0.2586258 0.2418473 0.2066447 0.2790394 0.2377539 0.1209987 0.2418473 0.2286010 0.1982374 0.2169000 0.1585658 0.1443357 0.2261250 0.2046826 0.1796492 0.1473510 0.1555613 0.2397581 0.2246849 0.2158526 0.1449289 0.1824027 0.2299996 0.2338968 0.1602148 0.1801657 0.2248538 0.1223947 0.2202971 0.2353177 0.2185180 0.1758537 0.2422564 0.2335063 0.1325083 0.1910418 0.2672535 0.2368039 0.2343680 0.1513292 0.2468768 0.1878825 
Helianthus_annuus_SRR9119062               0.2115686 0.1453480 0.3749194 0.3207911 0.3066895 0.2791246 0.1626619 0.0000000 0.2285518 0.3330664 0.1806527 0.3030861 0.2677557 0.1771029 0.2040359 0.3381245 0.2367014 0.2412144 0.3139105 0.2320442 0.2685055 0.1559544 0.3682611 0.1889783 0.2593713 0.3607975 0.4218471 0.3451651 0.1204773 0.1192007 0.3468944 0.2888651 0.1493514 0.3471502 0.2181048 0.3864906 0.2284298 0.3693512 0.2582381 0.3570747 0.3031949 0.3572266 0.2934237 0.2843572 0.3707240 0.3046421 0.1239015 0.3433983 0.2798850 0.2585304 0.2491508 0.1561977 0.1468739 0.2732772 0.2406411 0.2131547 0.1666970 0.1388997 0.3212066 0.3379570 0.3124886 0.2050743 0.2762759 0.3471047 0.3033796 0.1647519 0.2752358 0.3625784 0.1361022 0.3116893 0.3372554 0.2521157 0.1633487 0.2867373 0.3194612 0.1395395 0.2723137 0.3585101 0.3616223 0.2989524 0.1557232 0.3449590 0.2959200 
Lycapsus_tenuifolius_17                    0.0831675 0.0480687 0.1742053 0.1867210 0.0791794 0.1305640 0.1921342 0.2285518 0.0000000 0.0895660 0.0708778 0.0880577 0.0840701 0.0785180 0.0803695 0.0977051 0.0695162 0.1140244 0.1019889 0.0903506 0.1039571 0.0719382 0.0992173 0.0756203 0.0845260 0.1029827 0.0924719 0.1093289 0.0018517 0.0074674 0.0702525 0.0666456 0.0000010 0.0919996 0.0690823 0.1208373 0.0903253 0.0998791 0.0937432 0.0971228 0.0966952 0.1215452 0.0839592 0.1176331 0.1087783 0.0922675 0.0617910 0.0845922 0.0797976 0.1015296 0.0933488 0.0572784 0.0400740 0.1315182 0.0775599 0.0875656 0.0939921 0.0495958 0.1679023 0.0763512 0.1087119 0.1050461 0.1089598 0.0908316 0.1076324 0.0605198 0.0679352 0.0730964 0.0357886 0.0913607 0.0974797 0.0060625 0.0603071 0.0900675 0.1006928 0.0361309 0.0935274 0.0993487 0.0841758 0.0879819 0.0660514 0.0863819 0.0744564 
Pericome_caudata_50_silver                 0.1156857 0.0922534 0.2379482 0.2112031 0.1133975 0.1443666 0.2301900 0.3330664 0.0895660 0.0000000 0.0932190 0.1098648 0.1109071 0.1047261 0.1070921 0.1364374 0.0910974 0.1146598 0.1287623 0.1209659 0.1119355 0.0983615 0.1263057 0.0997984 0.1012663 0.1352820 0.1437091 0.1159364 0.0710511 0.0688791 0.1101433 0.0863741 0.0795723 0.1354618 0.0944334 0.1352436 0.1142133 0.1218239 0.1214266 0.1226129 0.1150493 0.1348051 0.1078619 0.1182515 0.1285506 0.1170853 0.0861954 0.1224594 0.0961778 0.1336059 0.1172320 0.0962403 0.0787600 0.2289106 0.0946140 0.0784169 0.1084446 0.0554435 0.2142310 0.1097968 0.1075247 0.1512234 0.1183461 0.1226320 0.1038666 0.0872532 0.0906827 0.0989973 0.0782450 0.1191347 0.1183705 0.1234512 0.1006293 0.1140513 0.1188129 0.0867010 0.0946470 0.1158789 0.1261042 0.1124007 0.0889705 0.1195330 0.1218226 
Perityle_aglossa_84_dead_horse             0.0499946 9.0000000 0.0872826 0.0947849 0.0802967 0.1245874 9.0000000 0.1806527 0.0708778 0.0932190 0.0000000 0.0199587 0.0137587 9.0000000 0.0226825 0.0395403 0.0736696 0.1868154 0.0493978 0.0415865 0.0320910 9.0000000 0.0288773 0.0098623 0.0190232 0.0504863 0.0805367 0.0884616 0.0806703 0.0706031 0.0727593 0.0849282 0.0842933 0.0313230 0.0419390 0.1062175 0.0411505 0.1085458 0.0248008 0.0237139 0.0261663 0.0940332 0.0134637 0.1357384 0.1025756 0.0386318 0.0695673 0.0133671 0.0212586 0.1541690 0.0237713 0.0248280 0.0188148 0.3918661 0.0128022 0.0683156 9.0000000 0.0607344 0.4496636 0.0265489 0.0913525 9.0000000 0.0882397 0.0080435 0.0799037 0.0267949 0.0645844 0.0550468 9.0000000 0.0262217 0.0215387 0.0891031 0.0223260 0.0288213 0.0234966 9.0000000 0.0781831 0.0920345 0.0395789 0.0169189 0.0512708 0.0158128 0.0396964 
Perityle_ajoensis_204                      0.1110709 0.0712323 0.2242437 0.1825113 0.1176561 0.1466708 0.2387536 0.3030861 0.0880577 0.1098648 0.0199587 0.0000000 0.0114832 0.0205062 0.0276317 0.0315224 0.0878918 0.1363795 0.0397564 0.0253409 0.0307330 0.0334644 0.0306541 0.0159904 0.0029087 0.0474027 0.0945630 0.1441852 0.0747279 0.0614003 0.0915453 0.0940156 0.0841830 0.0119171 0.0327120 0.1340387 0.0266259 0.1162578 0.0396236 0.0289550 0.0278130 0.1347319 0.0018221 0.1255127 0.1211615 0.0361982 0.0320003 0.0035964 0.0140199 0.1187623 0.0203627 0.0175591 0.0058879 0.1250432 0.0054875 0.1210042 0.0749951 0.0542301 0.1262650 0.0045803 0.1403385 0.1025678 0.1342017 0.0361184 0.1362112 0.0280591 0.0892647 0.1071234 0.0265858 0.0306469 0.0281352 0.1257384 0.0011774 0.0055020 0.0329104 0.0000010 0.1110285 0.1354517 0.0208796 0.0303522 0.0910030 0.0026754 0.1117945 
Perityle_ambrosiifolia_67_green            0.1034668 0.0723051 0.2069519 0.1827534 0.1067498 0.1465329 0.2364392 0.2677557 0.0840701 0.1109071 0.0137587 0.0114832 0.0000000 0.0245178 0.0293769 0.0282021 0.0895014 0.1387054 0.0353188 0.0196995 0.0286413 0.0338900 0.0362593 0.0220830 0.0124917 0.0449770 0.0747514 0.1404801 0.0683895 0.0570714 0.0903562 0.0912440 0.0780974 0.0148431 0.0335507 0.1380709 0.0233385 0.1173612 0.0430002 0.0335455 0.0303876 0.1353061 0.0122143 0.1327998 0.1190812 0.0314471 0.0263032 0.0140807 0.0182088 0.1313978 0.0231626 0.0195266 0.0071842 0.1392701 0.0100140 0.1161434 0.0753410 0.0507433 0.1393413 0.0116154 0.1404160 0.1032176 0.1339066 0.0328621 0.1342319 0.0247933 0.0830477 0.0973167 0.0234050 0.0296963 0.0328304 0.1134603 0.0083570 0.0178262 0.0325142 0.0059092 0.1091418 0.1306959 0.0180939 0.0282983 0.0896107 0.0140726 0.1009992 
Perityle_angustifolia_13_Eagle_creek       0.1071579 0.0693911 0.0957568 0.1637707 0.1019821 0.1204967 0.1601659 0.1771029 0.0785180 0.1047261 9.0000000 0.0205062 0.0245178 0.0000000 0.0096251 0.0131907 0.0614388 0.1077569 0.0130586 0.0037866 0.0357447 0.0188478 0.0318227 0.0000010 0.0190716 0.0316906 0.0583431 0.1237954 0.0549931 0.0466747 0.0782956 0.0752848 0.0800474 0.0185750 0.0121581 0.1113011 0.0038023 0.1014634 0.0282637 0.0320678 0.0223610 0.1121201 0.0205757 0.1062734 0.1156352 0.0131068 0.0066083 0.0223292 0.0247486 0.1073225 0.0094214 0.0039691 0.0000010 0.0249389 0.0018813 0.0910739 0.0557615 0.0381041 0.0302518 0.0077515 0.1149765 0.1044352 0.1045814 0.0263116 0.1252036 0.0116295 0.0734599 0.0683753 0.0066384 0.0132614 0.0319424 0.0964970 0.0211976 0.0242125 0.0262273 0.0119950 0.0940099 0.1266087 0.0132525 0.0019058 0.0881468 0.0223769 0.0499248 
Perityle_batopilensis_97                   0.1003905 0.0620967 0.1142050 0.1504501 0.0954537 0.1295971 0.1566150 0.2040359 0.0803695 0.1070921 0.0226825 0.0276317 0.0293769 0.0096251 0.0000000 0.0245592 0.0687498 0.1193307 0.0344814 0.0194663 0.0396863 0.0413431 0.0369951 0.0121166 0.0224916 0.0428695 0.0637848 0.1180362 0.0595404 0.0483748 0.0794412 0.0827242 0.0771827 0.0312938 0.0293698 0.1088956 0.0229587 0.1077767 0.0068555 0.0603871 0.0334864 0.1081429 0.0256580 0.1118685 0.1164411 0.0294554 0.0261264 0.0279595 0.0282004 0.1050336 0.0223642 0.0125505 0.0064392 0.1113276 0.0164526 0.1015429 0.0544676 0.0434121 0.1392129 0.0200797 0.1124849 0.1073310 0.1089708 0.0281246 0.1136525 0.0190043 0.0791064 0.0741070 0.0103366 0.0243951 0.0338445 0.1026867 0.0233239 0.0322279 0.0300044 0.0123170 0.0974344 0.1203149 0.0256231 0.0155898 0.0700947 0.0266320 0.0481832 
Perityle_bisetosa_9                        0.1242087 0.0689872 0.2741592 0.1957466 0.1354761 0.1480552 0.2293241 0.3381245 0.0977051 0.1364374 0.0395403 0.0315224 0.0282021 0.0131907 0.0245592 0.0000000 0.0867462 0.1293844 0.0133873 0.0086339 0.0339034 0.0214576 0.0380207 0.0088575 0.0214239 0.0441423 0.1357415 0.1739383 0.0606131 0.0469066 0.0981596 0.0818823 0.0856710 0.0405359 0.0334347 0.1666235 0.0075476 0.1366022 0.0359344 0.0361608 0.0266784 0.1588581 0.0257513 0.1356892 0.1362794 0.0105139 0.0239108 0.0306435 0.0319381 0.1226661 0.0180196 0.0087711 0.0000010 0.0398089 0.0156874 0.1136785 0.0654042 0.0514377 0.0666714 0.0270248 0.1484928 0.1108475 0.1351957 0.0357223 0.1518411 0.0234891 0.0892501 0.1187920 0.0031928 0.0042147 0.0362274 0.1272722 0.0292257 0.0351753 0.0464335 0.0119368 0.1083755 0.1497958 0.0314795 0.0151481 0.0808902 0.0326856 0.1181292 
Perityle_californica_76_positas            0.0776213 0.0389473 0.1612556 0.1564759 0.0729795 0.1142422 0.1951601 0.2367014 0.0695162 0.0910974 0.0736696 0.0878918 0.0895014 0.0614388 0.0687498 0.0867462 0.0000000 0.1054369 0.0898497 0.0763183 0.0985290 0.0418801 0.0913507 0.0611262 0.0809487 0.0998161 0.0738193 0.1088147 0.0479496 0.0432632 0.0080554 0.0731361 0.0610550 0.0916752 0.0640149 0.1152335 0.0799185 0.1096539 0.0852132 0.0880798 0.0863478 0.1157780 0.0862662 0.1119833 0.1178904 0.0792924 0.0528946 0.0884124 0.0825217 0.0943967 0.0877692 0.0595788 0.0440887 0.1517592 0.0704276 0.0818034 0.0580072 0.0534659 0.1809605 0.0775345 0.1077905 0.1142573 0.1089585 0.0845825 0.1031364 0.0539926 0.0853008 0.0897278 0.0360475 0.0797250 0.0870680 0.0917081 0.0710810 0.0952740 0.0941624 0.0394313 0.1092718 0.1030726 0.0891210 0.0742560 0.0710650 0.0873933 0.0543896 
Perityle_canescens_77                      0.1511354 0.0921183 0.1279657 0.2191484 0.1145503 0.1437660 0.2038978 0.2412144 0.1140244 0.1146598 0.1868154 0.1363795 0.1387054 0.1077569 0.1193307 0.1293844 0.1054369 0.0000000 0.1327221 0.1215912 0.1219957 0.1134853 0.1229440 0.1121532 0.1331572 0.1450336 0.1079412 0.1239433 0.0967194 0.0871902 0.1078149 0.1135081 0.1092256 0.1396607 0.1154341 0.0452328 0.1297288 0.0770011 0.1354613 0.1223782 0.1280249 0.0455085 0.1348985 0.0387984 0.0930444 0.1308230 0.1094363 0.1394068 0.1135513 0.0424994 0.1333980 0.1071855 0.1021866 0.1346418 0.1266621 0.1179315 0.0846800 0.0736622 0.1253831 0.1123394 0.1235230 0.1586213 0.1436037 0.1452366 0.1240091 0.1047662 0.1218090 0.1148182 0.0866986 0.1309186 0.1221576 0.1379634 0.1087339 0.1426905 0.1264631 0.0879041 0.1350654 0.1421061 0.1244141 0.1235084 0.0975285 0.1341356 0.1052998 
Perityle_castillonii_96                    0.1147521 0.0716181 0.2462864 0.1859890 0.1253111 0.1535353 0.2311759 0.3139105 0.1019889 0.1287623 0.0493978 0.0397564 0.0353188 0.0130586 0.0344814 0.0133873 0.0898497 0.1327221 0.0000000 0.0175885 0.0424599 0.0304626 0.0431289 0.0116542 0.0263927 0.0542306 0.1017728 0.1563552 0.0595192 0.0512974 0.0984977 0.0830760 0.0835664 0.0479976 0.0358597 0.1468363 0.0110162 0.1275032 0.0514601 0.0414253 0.0363264 0.1464024 0.0347928 0.1451932 0.1315221 0.0170038 0.0281418 0.0387773 0.0404481 0.1230800 0.0275898 0.0151249 0.0113797 0.0946063 0.0224113 0.1227132 0.0647243 0.0499519 0.1227298 0.0343775 0.1456574 0.1145824 0.1381199 0.0353455 0.1527828 0.0291459 0.0872123 0.1131584 0.0065600 0.0126444 0.0394936 0.1293274 0.0340987 0.0422717 0.0468498 0.0148681 0.1082839 0.1375728 0.0406260 0.0212910 0.0891223 0.0404515 0.1135048 
Perityle_cernua_84                         0.1154452 0.0694035 0.1640546 0.1744044 0.1027531 0.1457809 0.1962251 0.2320442 0.0903506 0.1209659 0.0415865 0.0253409 0.0196995 0.0037866 0.0194663 0.0086339 0.0763183 0.1215912 0.0175885 0.0000000 0.0305698 0.0245308 0.0364318 0.0014686 0.0160906 0.0411542 0.0680562 0.1444190 0.0586040 0.0493749 0.0873178 0.0889561 0.0783717 0.0290097 0.0294949 0.1307585 0.0111333 0.1189666 0.0391652 0.0342385 0.0280957 0.1287483 0.0194467 0.1348145 0.1239541 0.0118075 0.0260870 0.0208308 0.0272234 0.1163675 0.0200618 0.0055497 0.0018326 0.0615113 0.0136142 0.1141487 0.0553955 0.0532063 0.0825462 0.0173620 0.1370420 0.1074367 0.1310056 0.0265434 0.1385789 0.0195310 0.0786973 0.0818732 0.0033042 0.0130189 0.0331367 0.1017381 0.0260906 0.0304902 0.0328052 0.0119351 0.1087661 0.1280224 0.0237147 0.0084425 0.0799897 0.0255569 0.0711656 
Perityle_cfvillosa_25_tin                  0.1159452 0.0769648 0.2088622 0.1724039 0.1108596 0.1482515 0.2184354 0.2685055 0.1039571 0.1119355 0.0320910 0.0307330 0.0286413 0.0357447 0.0396863 0.0339034 0.0985290 0.1219957 0.0424599 0.0305698 0.0000000 0.0553294 0.0326030 0.0263033 0.0260649 0.0516084 0.0638001 0.1276404 0.0709419 0.0713773 0.0968622 0.0941099 0.0894337 0.0347758 0.0392551 0.1255243 0.0296360 0.1087985 0.0518038 0.0308247 0.0401019 0.1239190 0.0281190 0.1308204 0.1126995 0.0353373 0.0410074 0.0303384 0.0055346 0.1556985 0.0371100 0.0252024 0.0186204 0.1644436 0.0261494 0.1174857 0.0520410 0.0483119 0.1073229 0.0073126 0.1387256 0.1139146 0.1367285 0.0377799 0.1344299 0.0382469 0.0951079 0.0953454 0.0399237 0.0352043 0.0293915 0.1161577 0.0325375 0.0351944 0.0298756 0.0298243 0.1219643 0.1315506 0.0321672 0.0313932 0.0954122 0.0319156 0.1036599 
Perityle_cinerea_113_Powell1310            0.1082149 0.0787575 0.1031605 0.1811957 0.0974202 0.1298243 0.1167662 0.1559544 0.0719382 0.0983615 9.0000000 0.0334644 0.0338900 0.0188478 0.0413431 0.0214576 0.0418801 0.1134853 0.0304626 0.0245308 0.0553294 0.0000000 0.0489186 0.0248515 0.0336775 0.0427237 0.0790818 0.1146141 0.0381932 0.0345379 0.0665855 0.0625015 0.0502558 0.0334874 0.0299101 0.1192430 0.0247016 0.1262066 0.0494531 0.0492321 0.0272515 0.1201948 0.0305688 0.1141913 0.1388443 0.0276730 0.0033024 0.0334644 0.0555451 0.1162679 0.0278571 0.0189379 0.0000010 0.0308755 0.0243336 0.0669873 0.0895157 0.0433920 0.0558045 0.0285963 0.1037931 0.0768597 0.0959834 0.0429505 0.1070486 0.0225287 0.0641033 0.0572259 0.0041693 0.0248126 0.0490748 0.0887362 0.0127547 0.0334644 0.0458150 0.0036239 0.0785143 0.1114173 0.0337752 0.0248929 0.0785229 0.0365872 0.0278253 
Perityle_coahuilensis_24                   0.1218972 0.0800425 0.2417701 0.1934583 0.1341135 0.1573665 0.2379229 0.3682611 0.0992173 0.1263057 0.0288773 0.0306541 0.0362593 0.0318227 0.0369951 0.0380207 0.0913507 0.1229440 0.0431289 0.0364318 0.0326030 0.0489186 0.0000000 0.0232893 0.0338363 0.0659636 0.1864919 0.1544022 0.0724053 0.0636124 0.1405967 0.0980511 0.0902200 0.0496808 0.0427013 0.1401165 0.0357297 0.1179028 0.0492643 0.0030589 0.0153391 0.1284846 0.0324271 0.1334514 0.1473837 0.0408112 0.0406794 0.0724237 0.0204614 0.2178174 0.0260877 0.0262880 0.0172135 0.1575280 0.0244579 0.1256237 0.0569289 0.0449370 0.1350542 0.0495688 0.1432276 0.1180693 0.1392371 0.0438891 0.1411184 0.0353973 0.1003704 0.1107074 0.0331662 0.0317918 0.0033913 0.1266076 0.0310262 0.0361333 0.0335473 0.0359240 0.1173348 0.1443330 0.0429199 0.0304491 0.0955863 0.0760764 0.1071473 
Perityle_cochisensis_44_cave_creek         0.1154201 0.0668909 0.1126669 0.1703193 0.0923918 0.1226324 0.1590468 0.1889783 0.0756203 0.0997984 0.0098623 0.0159904 0.0220830 0.0000010 0.0121166 0.0088575 0.0611262 0.1121532 0.0116542 0.0014686 0.0263033 0.0248515 0.0232893 0.0000000 0.0148137 0.0276659 0.0511358 0.1289850 0.0498762 0.0445332 0.0748912 0.0837638 0.0676795 0.0159863 0.0124679 0.1132592 0.0059342 0.1054995 0.0279421 0.0219318 0.0189006 0.1157125 0.0161296 0.1091425 0.1165424 0.0103051 0.0074091 0.0189739 0.0178162 0.1100984 0.0073234 0.0032601 0.0000010 0.0193139 0.0044018 0.1029226 0.0481261 0.0272886 0.0235094 0.0059833 0.1234203 0.1044264 0.1144153 0.0219916 0.1225638 0.0097006 0.0725441 0.0686922 0.0033156 0.0088180 0.0219263 0.0956243 0.0156285 0.0189186 0.0189527 0.0120268 0.0964352 0.1185415 0.0088395 0.0014925 0.0760483 0.0175043 0.0515023 
Perityle_congesta_202                      0.1024082 0.0716958 0.1953731 0.1766482 0.0992980 0.1418200 0.2346929 0.2593713 0.0845260 0.1012663 0.0190232 0.0029087 0.0124917 0.0190716 0.0224916 0.0214239 0.0809487 0.1331572 0.0263927 0.0160906 0.0260649 0.0336775 0.0338363 0.0148137 0.0000000 0.0423603 0.0623320 0.1317046 0.0714660 0.0617437 0.0854044 0.0871721 0.0802611 0.0100526 0.0263420 0.1271609 0.0195403 0.1103294 0.0367018 0.0316867 0.0294428 0.1264853 0.0028367 0.1218827 0.1140832 0.0250546 0.0258814 0.0046057 0.0160140 0.1396670 0.0200829 0.0220249 0.0123840 0.1524998 0.0033485 0.1123529 0.0726252 0.0502803 0.1324556 0.0066541 0.1292304 0.1026382 0.1251778 0.0283864 0.1277413 0.0236490 0.0835045 0.0934814 0.0266011 0.0201506 0.0303945 0.1081284 0.0035724 0.0082797 0.0268739 0.0000010 0.1066659 0.1264887 0.0187854 0.0191140 0.0890529 0.0046031 0.0950677 
Perityle_cordifolia_27                     0.1255354 0.0827752 0.2600885 0.1943440 0.1383167 0.1682495 0.2451769 0.3607975 0.1029827 0.1352820 0.0504863 0.0474027 0.0449770 0.0316906 0.0428695 0.0441423 0.0998161 0.1450336 0.0542306 0.0411542 0.0516084 0.0427237 0.0659636 0.0276659 0.0423603 0.0000000 0.1374125 0.1518702 0.0723213 0.0610253 0.1009821 0.0997239 0.0915945 0.0549567 0.0292386 0.1493013 0.0406676 0.1333595 0.0556155 0.0636053 0.0469085 0.1386107 0.0456495 0.1510839 0.1348190 0.0487661 0.0275133 0.0492769 0.0433072 0.2325931 0.0421733 0.0379481 0.0293304 0.1250371 0.0368556 0.1328405 0.0693666 0.0643989 0.1459338 0.0432289 0.1507135 0.1251600 0.1522380 0.0555700 0.1502613 0.0047761 0.1011116 0.1144545 0.0330996 0.0396592 0.0555809 0.1285555 0.0494768 0.0509892 0.0650276 0.0297648 0.1180504 0.1463842 0.0455491 0.0440586 0.1042291 0.0464150 0.1131160 
Perityle_cordifolia_68_tecolote            0.1166991 0.0834187 0.2629851 0.1822684 0.1470677 0.1487310 0.2418409 0.4218471 0.0924719 0.1437091 0.0805367 0.0945630 0.0747514 0.0583431 0.0637848 0.1357415 0.0738193 0.1079412 0.1017728 0.0680562 0.0638001 0.0790818 0.1864919 0.0511358 0.0623320 0.1374125 0.0000000 0.1676877 0.0707262 0.0767266 0.1796978 0.0861022 0.0801124 0.1425125 0.0556564 0.1413274 0.0648300 0.1690616 0.0741699 0.1441920 0.0858567 0.1346645 0.0831867 0.1237374 0.2143129 0.0906461 0.0771907 0.1656854 0.0721518 0.1035992 0.0683367 0.0628497 0.0631336 0.1179280 0.0562265 0.1032655 0.0146007 0.0390934 0.1546005 0.1404848 0.1373830 0.1505969 0.1348060 0.1385396 0.1381898 0.0402013 0.1301801 0.1630524 0.0615208 0.1023009 0.1294528 0.1282945 0.0762162 0.0892510 0.0920509 0.0717350 0.1235442 0.1540593 0.1420892 0.0870532 0.0976132 0.1639364 0.1289964 
Perityle_coronopifolia_28_patagonia        0.1116251 0.0959203 0.2420808 0.2047974 0.1361642 0.1645648 0.2329775 0.3451651 0.1093289 0.1159364 0.0884616 0.1441852 0.1404801 0.1237954 0.1180362 0.1739383 0.1088147 0.1239433 0.1563552 0.1444190 0.1276404 0.1146141 0.1544022 0.1289850 0.1317046 0.1518702 0.1676877 0.0000000 0.0761120 0.0798390 0.1306559 0.1209133 0.0916046 0.1660986 0.1095705 0.1411662 0.1368588 0.1408502 0.1373499 0.1573459 0.1439387 0.1305998 0.1388769 0.1344622 0.1446229 0.1486374 0.0923501 0.1503347 0.1197404 0.1680722 0.1376355 0.1012822 0.0754312 0.2666080 0.1329405 0.0323434 0.1075224 0.0567299 0.2479539 0.1288191 0.0231279 0.1505874 0.0791694 0.1566202 0.0119605 0.0878195 0.1184933 0.1208816 0.0829682 0.1445093 0.1455552 0.1249161 0.1000879 0.1399014 0.1410116 0.0849121 0.1244563 0.1257997 0.1541246 0.1381133 0.1033258 0.1447718 0.1286740 
Perityle_crassifolia_70_ventanas           0.0731828 0.0760323 0.0731465 0.1297909 0.0740689 0.0913118 0.1494913 0.1204773 0.0018517 0.0710511 0.0806703 0.0747279 0.0683895 0.0549931 0.0595404 0.0606131 0.0479496 0.0967194 0.0595192 0.0586040 0.0709419 0.0381932 0.0724053 0.0498762 0.0714660 0.0723213 0.0707262 0.0761120 0.0000000 0.0048035 0.0554423 0.0555608 0.0018297 0.0745911 0.0215669 0.0873884 0.0566105 0.0865830 0.0770143 0.0693226 0.0726253 0.0898511 0.0697192 0.0848264 0.1030732 0.0548288 0.0531780 0.0713448 0.0682499 0.0876375 0.0659126 0.0526792 0.0509454 0.0599080 0.0549653 0.0511810 0.0961827 0.0521221 0.0741755 0.0596319 0.0645466 0.1353059 0.0878149 0.0691960 0.0758710 0.0441359 0.0494379 0.0417576 0.0468637 0.0565539 0.0729104 0.0035223 0.0750774 0.0764738 0.0724742 0.0528707 0.0691120 0.0755613 0.0672934 0.0586264 0.0792891 0.0711757 0.0346736 
Perityle_crassifolia_74_playa_balandra     0.0617591 0.0786642 0.0715687 0.1496215 0.0804560 0.0996620 0.1340868 0.1192007 0.0074674 0.0688791 0.0706031 0.0614003 0.0570714 0.0466747 0.0483748 0.0469066 0.0432632 0.0871902 0.0512974 0.0493749 0.0713773 0.0345379 0.0636124 0.0445332 0.0617437 0.0610253 0.0767266 0.0798390 0.0048035 0.0000000 0.0536707 0.0490584 0.0098236 0.0613048 0.0103390 0.0737193 0.0498823 0.0814156 0.0667560 0.0618267 0.0612157 0.0716039 0.0589734 0.0670310 0.0925731 0.0469372 0.0367743 0.0612704 0.0668731 0.0713753 0.0520122 0.0419701 0.0500310 0.0495916 0.0448718 0.0437826 0.0846608 0.0516519 0.0692024 0.0509235 0.0621286 0.1268612 0.0808113 0.0614029 0.0795773 0.0430773 0.0421990 0.0420260 0.0470611 0.0499493 0.0641984 0.0261255 0.0619248 0.0612704 0.0661955 0.0558722 0.0536980 0.0770156 0.0541068 0.0494761 0.0793809 0.0612704 0.0151418 
Perityle_cuneata_34_cuneata_San_antonio    0.0959602 0.0683577 0.2314624 0.1769274 0.1098651 0.1244060 0.2273383 0.3468944 0.0702525 0.1101433 0.0727593 0.0915453 0.0903562 0.0782956 0.0794412 0.0981596 0.0080554 0.1078149 0.0984977 0.0873178 0.0968622 0.0665855 0.1405967 0.0748912 0.0854044 0.1009821 0.1796978 0.1306559 0.0554423 0.0536707 0.0000000 0.0757755 0.0689359 0.1065383 0.0688602 0.1224660 0.0882786 0.1157469 0.0893365 0.1112818 0.0885178 0.1180262 0.0899658 0.1118263 0.1237159 0.0875163 0.0598785 0.1055034 0.0833644 0.1173451 0.0924401 0.0726775 0.0555251 0.1977667 0.0763180 0.0861334 0.0738491 0.0574869 0.1953855 0.0910788 0.1091013 0.1350128 0.1207196 0.0969194 0.1105455 0.0631337 0.1068933 0.1138454 0.0582795 0.0836369 0.0955719 0.1082145 0.0787981 0.0977940 0.0978534 0.0587934 0.1129862 0.1156262 0.0943496 0.0833410 0.0836488 0.0992093 0.0621345 
Perityle_cuneata_4                         0.1004052 0.0639073 0.2399498 0.1794745 0.0855446 0.1278687 0.1926548 0.2888651 0.0666456 0.0863741 0.0849282 0.0940156 0.0912440 0.0752848 0.0827242 0.0818823 0.0731361 0.1135081 0.0830760 0.0889561 0.0941099 0.0625015 0.0980511 0.0837638 0.0871721 0.0997239 0.0861022 0.1209133 0.0555608 0.0490584 0.0757755 0.0000000 0.0585991 0.0981202 0.0775923 0.1196893 0.0843212 0.1130759 0.0932226 0.0964954 0.0945277 0.1208647 0.0903889 0.1149206 0.1143758 0.0861133 0.0588077 0.0933729 0.0841194 0.1079946 0.0955963 0.0695018 0.0583880 0.1738615 0.0805056 0.0868493 0.0746890 0.0663577 0.1948244 0.0802884 0.1176588 0.0949976 0.1085445 0.0910476 0.1100502 0.0577550 0.0677910 0.0818217 0.0475335 0.0792112 0.0935503 0.0990013 0.0812648 0.0994653 0.0950661 0.0529596 0.0873815 0.1126583 0.0971251 0.0818021 0.0729850 0.0924552 0.1024514 
Perityle_discoidea_81                      0.0744618 0.0541615 0.0792789 0.1601775 0.0719451 0.1049854 0.1398496 0.1493514 0.0000010 0.0795723 0.0842933 0.0841830 0.0780974 0.0800474 0.0771827 0.0856710 0.0610550 0.1092256 0.0835664 0.0783717 0.0894337 0.0502558 0.0902200 0.0676795 0.0802611 0.0915945 0.0801124 0.0916046 0.0018297 0.0098236 0.0689359 0.0585991 0.0000000 0.0855353 0.0501113 0.1090487 0.0723754 0.0976282 0.0909333 0.0877192 0.0886781 0.1064185 0.0775758 0.1015911 0.1084813 0.0808262 0.0577622 0.0789149 0.0746971 0.1026223 0.0821274 0.0626225 0.0460960 0.1023583 0.0722773 0.0722717 0.1009351 0.0530821 0.1352257 0.0695055 0.0849297 0.1215633 0.0943234 0.0834030 0.0898932 0.0643897 0.0602098 0.0546335 0.0391891 0.0767098 0.0878188 0.0056467 0.0695156 0.0853638 0.0887750 0.0426580 0.0822694 0.0844196 0.0742564 0.0730339 0.0742693 0.0815566 0.0487320 
Perityle_dissecta_201                      0.1121810 0.0740631 0.2192861 0.1824112 0.1313555 0.1480669 0.2420564 0.3471502 0.0919996 0.1354618 0.0313230 0.0119171 0.0148431 0.0185750 0.0312938 0.0405359 0.0916752 0.1396607 0.0479976 0.0290097 0.0347758 0.0334874 0.0496808 0.0159863 0.0100526 0.0549567 0.1425125 0.1660986 0.0745911 0.0613048 0.1065383 0.0981202 0.0855353 0.0000000 0.0351548 0.1495698 0.0304836 0.1263803 0.0462597 0.0481960 0.0339858 0.1470960 0.0113337 0.1298732 0.1311532 0.0430648 0.0341764 0.0190770 0.0182858 0.1189684 0.0246949 0.0206170 0.0108106 0.1188501 0.0076883 0.1254375 0.0722391 0.0555988 0.1226618 0.0140318 0.1438913 0.1023333 0.1379442 0.0527570 0.1451348 0.0304665 0.1051967 0.1249581 0.0265292 0.0368561 0.0398575 0.1296530 0.0098350 0.0142529 0.0509828 0.0029255 0.1171203 0.1431697 0.0310966 0.0383034 0.0908794 0.0172096 0.1196376 
Perityle_emoryi_47_punta_san_jose          0.0593974 0.0212024 0.1239234 0.1529298 0.0788669 0.1134674 0.1449748 0.2181048 0.0690823 0.0944334 0.0419390 0.0327120 0.0335507 0.0121581 0.0293698 0.0334347 0.0640149 0.1154341 0.0358597 0.0294949 0.0392551 0.0299101 0.0427013 0.0124679 0.0263420 0.0292386 0.0556564 0.1095705 0.0215669 0.0103390 0.0688602 0.0775923 0.0501113 0.0351548 0.0000000 0.1082388 0.0290042 0.0935699 0.0403634 0.0392390 0.0390653 0.1101897 0.0294340 0.1196309 0.1007495 0.0324238 0.0180746 0.0320488 0.0272238 0.1053322 0.0322986 0.0150881 0.0124349 0.0847713 0.0231864 0.0945365 0.0391201 0.0389553 0.1140228 0.0235673 0.1105077 0.0784901 0.1053074 0.0364253 0.1067183 0.0149560 0.0691474 0.0724313 0.0071755 0.0300352 0.0393151 0.0756255 0.0271812 0.0378372 0.0403465 0.0097993 0.0947192 0.1028151 0.0323573 0.0244620 0.0422376 0.0305536 0.0475869 
Perityle_feddemae_99                       0.1286507 0.0762887 0.2409503 0.2288380 0.1320000 0.1639323 0.2563399 0.3864906 0.1208373 0.1352436 0.1062175 0.1340387 0.1380709 0.1113011 0.1088956 0.1666235 0.1152335 0.0452328 0.1468363 0.1307585 0.1255243 0.1192430 0.1401165 0.1132592 0.1271609 0.1493013 0.1413274 0.1411662 0.0873884 0.0737193 0.1224660 0.1196893 0.1090487 0.1495698 0.1082388 0.0000000 0.1339686 0.1026841 0.1283622 0.1427899 0.1362270 0.0135310 0.1344854 0.0241991 0.0987027 0.1375524 0.1035233 0.1426576 0.1136306 0.0811313 0.1310556 0.0989693 0.0784294 0.2575601 0.1309992 0.1165046 0.0845755 0.0706899 0.2386965 0.1253432 0.1448316 0.1287682 0.1519073 0.1494320 0.1386430 0.0929455 0.1164433 0.1218838 0.0681305 0.1357558 0.1337244 0.1531533 0.0943962 0.1336970 0.1371103 0.0742118 0.1321445 0.1332096 0.1356647 0.1366640 0.0988645 0.1421191 0.1285373 
Perityle_fosteri_93                        0.1076631 0.0700173 0.1570135 0.1573856 0.0930300 0.1382649 0.1741541 0.2284298 0.0903253 0.1142133 0.0411505 0.0266259 0.0233385 0.0038023 0.0229587 0.0075476 0.0799185 0.1297288 0.0110162 0.0111333 0.0296360 0.0247016 0.0357297 0.0059342 0.0195403 0.0406676 0.0648300 0.1368588 0.0566105 0.0498823 0.0882786 0.0843212 0.0723754 0.0304836 0.0290042 0.1339686 0.0000000 0.1181087 0.0372537 0.0334262 0.0282269 0.1333557 0.0191814 0.1336026 0.1246373 0.0086258 0.0261965 0.0219249 0.0286870 0.1233345 0.0198305 0.0014379 0.0019156 0.0510687 0.0130108 0.1107835 0.0566351 0.0472866 0.0768353 0.0195523 0.1302124 0.1090818 0.1235684 0.0264330 0.1340025 0.0172908 0.0772856 0.0773789 0.0033396 0.0074059 0.0309628 0.1017927 0.0226491 0.0320475 0.0332698 0.0120303 0.1074479 0.1213961 0.0249613 0.0075507 0.0811969 0.0255821 0.0607332 
Perityle_gamon_221                         0.1252287 0.0975171 0.2290959 0.2140202 0.1303035 0.1655735 0.2663174 0.3693512 0.0998791 0.1218239 0.1085458 0.1162578 0.1173612 0.1014634 0.1077767 0.1366022 0.1096539 0.0770011 0.1275032 0.1189666 0.1087985 0.1262066 0.1179028 0.1054995 0.1103294 0.1333595 0.1690616 0.1408502 0.0865830 0.0814156 0.1157469 0.1130759 0.0976282 0.1263803 0.0935699 0.1026841 0.1181087 0.0000000 0.1223327 0.1174453 0.1156224 0.0854864 0.1170225 0.0789205 0.0207437 0.1212786 0.1104532 0.1207516 0.1010891 0.0987034 0.1200747 0.0994620 0.0824515 0.2387059 0.1059926 0.1110648 0.0978327 0.0744359 0.2160252 0.1048521 0.1319843 0.1485865 0.1370268 0.1279253 0.1220178 0.0948273 0.1249757 0.1215830 0.0789960 0.1233051 0.1089611 0.1376424 0.0959185 0.1156844 0.1226543 0.0941439 0.1318238 0.1268144 0.1204527 0.1162586 0.0987834 0.1169044 0.1244900 
Perityle_gentryi_8_san_francisco           0.1141004 0.0804978 0.1852114 0.1691054 0.1069932 0.1564944 0.1986414 0.2582381 0.0937432 0.1214266 0.0248008 0.0396236 0.0430002 0.0282637 0.0068555 0.0359344 0.0852132 0.1354613 0.0514601 0.0391652 0.0518038 0.0494531 0.0492643 0.0279421 0.0367018 0.0556155 0.0741699 0.1373499 0.0770143 0.0667560 0.0893365 0.0932226 0.0909333 0.0462597 0.0403634 0.1283622 0.0372537 0.1223327 0.0000000 0.0474618 0.0471329 0.1277525 0.0368274 0.1447831 0.1303093 0.0405542 0.0363913 0.0392765 0.0395968 0.1193426 0.0412625 0.0256103 0.0154919 0.1340177 0.0349525 0.1304997 0.0753148 0.0573246 0.1430574 0.0319004 0.1372255 0.1188320 0.1322371 0.0410236 0.1334172 0.0305988 0.0882425 0.0862936 0.0334790 0.0369356 0.0466056 0.1099505 0.0338839 0.0443159 0.0461136 0.0299575 0.1166803 0.1337719 0.0423938 0.0329979 0.0882734 0.0400098 0.0679604 
Perityle_gilensis_22_Superstition          0.1172936 0.0778849 0.2404694 0.1900120 0.1303962 0.1556762 0.2396807 0.3570747 0.0971228 0.1226129 0.0237139 0.0289550 0.0335455 0.0320678 0.0603871 0.0361608 0.0880798 0.1223782 0.0414253 0.0342385 0.0308247 0.0492321 0.0030589 0.0219318 0.0316867 0.0636053 0.1441920 0.1573459 0.0693226 0.0618267 0.1112818 0.0964954 0.0877192 0.0481960 0.0392390 0.1427899 0.0334262 0.1174453 0.0474618 0.0000000 0.0128621 0.1346449 0.0298000 0.1282215 0.1325915 0.0372503 0.0386932 0.0530643 0.0184966 0.1320103 0.0230664 0.0229538 0.0140346 0.1460730 0.0223313 0.1231305 0.0526248 0.0407096 0.1329294 0.0400675 0.1401993 0.1152746 0.1361394 0.0413357 0.1376453 0.0356896 0.0983971 0.1070468 0.0300594 0.0299209 0.0015887 0.1247548 0.0275993 0.0349364 0.0311143 0.0332433 0.1158441 0.1440889 0.0431296 0.0286507 0.0896707 0.0530998 0.1062140 
Perityle_gilensis_salensis_225             0.1205966 0.0741722 0.2333509 0.1944387 0.1194111 0.1588043 0.2384152 0.3031949 0.0966952 0.1150493 0.0261663 0.0278130 0.0303876 0.0223610 0.0334864 0.0266784 0.0863478 0.1280249 0.0363264 0.0280957 0.0401019 0.0272515 0.0153391 0.0189006 0.0294428 0.0469085 0.0858567 0.1439387 0.0726253 0.0612157 0.0885178 0.0945277 0.0886781 0.0339858 0.0390653 0.1362270 0.0282269 0.1156224 0.0471329 0.0128621 0.0000000 0.1346545 0.0286321 0.1381647 0.1191254 0.0341658 0.0342016 0.0305033 0.0286062 0.1392697 0.0229324 0.0193450 0.0055259 0.1470465 0.0199452 0.1185252 0.0643302 0.0510266 0.1457416 0.0216958 0.1471156 0.1261063 0.1367261 0.0338355 0.1435256 0.0279721 0.0932174 0.1012008 0.0131077 0.0261379 0.0120686 0.1255099 0.0249666 0.0336885 0.0325811 0.0207844 0.1126672 0.1369279 0.0269827 0.0254587 0.0956695 0.0302652 0.1041088 
Perityle_glaucescens_94                    0.1241669 0.0798803 0.2460395 0.2183665 0.1257655 0.1635378 0.2586258 0.3572266 0.1215452 0.1348051 0.0940332 0.1347319 0.1353061 0.1121201 0.1081429 0.1588581 0.1157780 0.0455085 0.1464024 0.1287483 0.1239190 0.1201948 0.1284846 0.1157125 0.1264853 0.1386107 0.1346645 0.1305998 0.0898511 0.0716039 0.1180262 0.1208647 0.1064185 0.1470960 0.1101897 0.0135310 0.1333557 0.0854864 0.1277525 0.1346449 0.1346545 0.0000000 0.1339741 0.0243258 0.0903154 0.1371001 0.0968259 0.1368027 0.1140725 0.0755583 0.1292549 0.0955014 0.0742894 0.2585123 0.1331464 0.1112762 0.0875911 0.0694061 0.2410486 0.1129712 0.1397786 0.1341348 0.1460879 0.1412156 0.1322372 0.0877022 0.1164629 0.1218515 0.0687032 0.1352438 0.1213870 0.1527830 0.0919445 0.1332082 0.1381658 0.0747779 0.1335935 0.1288815 0.1270503 0.1336764 0.0930605 0.1332021 0.1300586 
Perityle_gracilis_11                       0.1084939 0.0714448 0.2239335 0.1789391 0.1136134 0.1445656 0.2418473 0.2934237 0.0839592 0.1078619 0.0134637 0.0018221 0.0122143 0.0205757 0.0256580 0.0257513 0.0862662 0.1348985 0.0347928 0.0194467 0.0281190 0.0305688 0.0324271 0.0161296 0.0028367 0.0456495 0.0831867 0.1388769 0.0697192 0.0589734 0.0899658 0.0903889 0.0775758 0.0113337 0.0294340 0.1344854 0.0191814 0.1170225 0.0368274 0.0298000 0.0286321 0.1339741 0.0000000 0.1252714 0.1207508 0.0302808 0.0259963 0.0000010 0.0128061 0.1342031 0.0206450 0.0194799 0.0085286 0.1412216 0.0055289 0.1181406 0.0749769 0.0502908 0.1280128 0.0046006 0.1357203 0.1025678 0.1307658 0.0351574 0.1325898 0.0259035 0.0879819 0.1057327 0.0265858 0.0294267 0.0290545 0.1209359 0.0011783 0.0036051 0.0278249 0.0000010 0.1076363 0.1324793 0.0218383 0.0280946 0.0912097 0.0026683 0.1107591 
Perityle_harkerae_31                       0.1380534 0.0715957 0.1862789 0.2188313 0.1119364 0.1575497 0.2066447 0.2843572 0.1176331 0.1182515 0.1357384 0.1255127 0.1327998 0.1062734 0.1118685 0.1356892 0.1119833 0.0387984 0.1451932 0.1348145 0.1308204 0.1141913 0.1334514 0.1091425 0.1218827 0.1510839 0.1237374 0.1344622 0.0848264 0.0670310 0.1118263 0.1149206 0.1015911 0.1298732 0.1196309 0.0241991 0.1336026 0.0789205 0.1447831 0.1282215 0.1381647 0.0243258 0.1252714 0.0000000 0.0937564 0.1393178 0.0927173 0.1309547 0.1072104 0.0000010 0.1386670 0.0943117 0.0824659 0.1501614 0.1217794 0.1196798 0.0831476 0.0682067 0.1515221 0.1038011 0.1368507 0.1185010 0.1498984 0.1380324 0.1358127 0.0975078 0.1200440 0.1272324 0.0618274 0.1352894 0.1284855 0.1324757 0.0919634 0.1311109 0.1321255 0.0687642 0.1435869 0.1385811 0.1216177 0.1288951 0.0748040 0.1262586 0.1147261 
Perityle_hofmeisteria_4_nombre_de_dios     0.1295494 0.1054548 0.2384781 0.2068564 0.1318158 0.1733499 0.2790394 0.3707240 0.1087783 0.1285506 0.1025756 0.1211615 0.1190812 0.1156352 0.1164411 0.1362794 0.1178904 0.0930444 0.1315221 0.1239541 0.1126995 0.1388443 0.1473837 0.1165424 0.1140832 0.1348190 0.2143129 0.1446229 0.1030732 0.0925731 0.1237159 0.1143758 0.1084813 0.1311532 0.1007495 0.0987027 0.1246373 0.0207437 0.1303093 0.1325915 0.1191254 0.0903154 0.1207508 0.0937564 0.0000000 0.1240758 0.1163384 0.1269926 0.1052447 0.1825689 0.1256012 0.1039101 0.0838367 0.2461868 0.1118328 0.1144378 0.1203050 0.0874962 0.2248874 0.1024497 0.1380943 0.1556992 0.1371366 0.1332480 0.1282088 0.1038165 0.1272565 0.1232793 0.0872817 0.1274909 0.1099493 0.1469871 0.1032274 0.1184217 0.1268938 0.1023764 0.1326278 0.1263027 0.1200822 0.1224524 0.0958876 0.1223394 0.1310072 
