80
Amauria_brandeegeana_62                    0.0000000 0.0375644 0.0076398 0.1524154 0.0667420 0.0781583 0.2002467 0.0056980 0.0772710 0.0487014 0.0500329 0.0544515 0.0727817 0.0641818 0.0395282 0.0813622 0.0746193 0.0561428 0.0581772 0.0500422 0.0808303 0.0425940 0.0392178 0.3079645 0.0576637 0.0703702 0.3541683 0.0095813 0.1084321 0.0836118 0.0166144 0.0141088 0.3410195 0.0844460 0.0511746 0.0902012 0.0614883 0.0590849 0.3219899 0.0729797 0.0482300 0.0808744 0.1044492 0.0456028 0.0305906 0.0513857 0.0496424 0.0698456 0.0256106 0.0558334 0.0465736 0.0560402 0.0381145 0.0784308 0.0409697 0.0284626 0.0497945 0.0494997 0.0763198 0.0321938 0.0750819 0.0266657 0.0459559 0.0640173 0.0249073 0.0267462 0.0509716 0.0500367 0.0288240 0.0510806 0.0494965 0.0527311 0.0189948 0.0694160 0.0845903 0.0645726 0.0286374 0.0515999 0.0560820 0.0249527 
Amauria_carterae_99_mesa                   0.0375644 0.0000000 0.0509550 0.1351742 0.0622294 0.1153900 0.1831581 0.0454701 0.0632339 0.0569657 0.0481556 0.0534483 0.0660709 0.0522777 0.0489393 0.0739579 0.0697445 0.0595566 0.0516999 0.0503879 0.1260692 0.0487254 0.0504869 0.2452099 0.0484557 0.0608553 0.2689736 0.0426046 0.1502464 0.0891725 0.0473928 0.0413352 0.2533595 0.0597232 0.0595951 0.0599292 0.0627973 0.0595876 0.2474534 0.0515259 0.0503879 0.0566238 0.0568674 0.0630299 0.0382915 0.0506475 0.0476129 0.0542946 0.0368365 0.0571321 0.0449726 0.0484497 0.0507141 0.0663157 0.0627968 0.0477854 0.0478295 0.0505637 0.0638028 0.0582853 0.0583854 0.0552369 0.0576016 0.0453270 0.0341010 0.0472712 0.0451920 0.0480276 0.0577599 0.0534601 0.0503879 0.0596917 0.0473799 0.0695140 0.0632198 0.0691855 0.0571006 0.0821744 0.0533952 0.0285153 
Amauria_rotundifolia_SRR9119150            0.0076398 0.0509550 0.0000000 0.1480960 0.0861833 0.0772541 0.2655595 0.0082658 0.0884353 0.0640478 0.0710900 0.0867627 0.0776542 0.0955718 0.0622696 0.1017451 0.0858360 0.0879858 0.0773336 0.0731124 0.0837367 0.0616064 0.0615466 0.3134040 0.1399238 0.1065616 0.3587064 0.0447889 0.1110028 0.0960884 0.0237843 0.0160200 0.4374675 0.0998662 0.0766033 0.1125847 0.0852247 0.0900324 0.3718674 0.0968236 0.0702448 0.1049395 0.1207657 0.0563768 0.0368903 0.0856682 0.0812301 0.0900677 0.0559503 0.0996252 0.0817785 0.1185942 0.0674710 0.0833931 0.0455024 0.0456897 0.0877702 0.0843681 0.0746606 0.0378428 0.0971525 0.0325008 0.0658410 0.0910816 0.0538162 0.0295395 0.0883796 0.0772279 0.0487767 0.0999651 0.0740644 0.0611198 0.0240591 0.0846402 0.1045749 0.0973586 0.0561357 0.0687152 0.0904919 0.0577955 
Conoclinium_coelestinum_SRR9119114         0.1524154 0.1351742 0.1480960 0.0000000 0.1371276 0.1413045 0.2105977 0.1337154 0.1611180 0.1481363 0.1354889 0.1464336 0.1604197 0.1503955 0.1411460 0.1550918 0.1570485 0.1515386 0.1421402 0.1434799 0.2043686 0.1315203 0.1441127 0.3056136 0.1437589 0.1565702 0.3300057 0.1247580 0.2096358 0.1701277 0.1199789 0.1532169 0.3298660 0.1604908 0.1518825 0.1585367 0.1576119 0.1450454 0.3110314 0.1458990 0.1434799 0.1578045 0.1594240 0.1559030 0.1076002 0.1419022 0.1412846 0.1475044 0.1249133 0.1441461 0.1424222 0.1435407 0.1394803 0.1576253 0.1360029 0.1201567 0.1451463 0.1438813 0.1500052 0.1182304 0.1651350 0.1068242 0.1469193 0.1520123 0.1238035 0.1083306 0.1447045 0.1405769 0.1604346 0.1460776 0.1434799 0.1519831 0.1174957 0.1679069 0.1585554 0.1526672 0.1435535 0.1276348 0.1461053 0.1273836 
Eutrochium_fistulosum_SRR9119106           0.0667420 0.0622294 0.0861833 0.1371276 0.0000000 0.0769471 0.2091015 0.0489468 0.1013252 0.0891070 0.0723356 0.0834575 0.0700392 0.0788572 0.0731915 0.0988443 0.1107666 0.0818874 0.0881953 0.0772371 0.0754191 0.0602973 0.0815666 0.2882616 0.0840775 0.1000275 0.3542070 0.0744301 0.1494077 0.0967786 0.0327472 0.0687392 0.4329141 0.0991629 0.0922786 0.1182664 0.0866284 0.0820560 0.3627315 0.0905893 0.0740838 0.0989817 0.1211900 0.0906716 0.0478379 0.0730001 0.0730218 0.0872204 0.0679346 0.0828054 0.0725603 0.0826058 0.0788587 0.1068132 0.0504219 0.0483038 0.0746173 0.0591766 0.0790710 0.0630794 0.1028615 0.0383822 0.0880514 0.0883860 0.0586452 0.0311931 0.0806979 0.0727938 0.0981165 0.0757420 0.0741746 0.0882709 0.0261722 0.1018806 0.1084264 0.0900032 0.0832454 0.0991585 0.0803511 0.0635511 
Galeana_pratensis_104_mex                  0.0781583 0.1153900 0.0772541 0.1413045 0.0769471 0.0000000 0.2116983 0.0711372 0.0918059 0.0876792 0.0775101 0.0873887 0.1587268 0.0908405 0.0898545 0.1049096 0.1064501 0.0947023 0.0819926 0.0871966 0.1554993 0.0899590 0.0840582 0.2506080 0.0893378 0.1082854 0.2799244 0.0827533 0.1063918 0.1308831 0.0737802 0.0714047 0.2463096 0.1100230 0.0947731 0.1094681 0.0986228 0.0947583 0.2440575 0.1009214 0.0871966 0.1063215 0.1063115 0.0948164 0.0750138 0.0877253 0.0874664 0.1041610 0.0607312 0.0959587 0.0843823 0.0893237 0.0954881 0.0913811 0.1099573 0.0842832 0.0884418 0.0875563 0.1078200 0.0831789 0.1024940 0.0774538 0.0851526 0.0896795 0.0656468 0.0645455 0.0929698 0.0884418 0.0896499 0.0909048 0.0871966 0.0911596 0.0850807 0.0956621 0.0987855 0.1066402 0.0842814 0.1137484 0.0907733 0.0712228 
Helianthus_annuus_SRR9119062               0.2002467 0.1831581 0.2655595 0.2105977 0.2091015 0.2116983 0.0000000 0.1671981 0.2696247 0.2440570 0.2386637 0.2404092 0.1668868 0.2479682 0.2274758 0.2281960 0.2048082 0.2527048 0.2233421 0.2310730 0.2257007 0.1830311 0.2189937 0.3561128 0.3036126 0.2679935 0.3911118 0.1973829 0.2792382 0.2742112 0.1517978 0.2127489 0.4614091 0.2554576 0.2249396 0.2634304 0.2371362 0.2465776 0.3589622 0.2698554 0.2237193 0.2696805 0.2933569 0.2213195 0.1760283 0.2691715 0.2428852 0.2520676 0.2169577 0.2565477 0.2409757 0.2771413 0.2237347 0.2116176 0.1745114 0.1581640 0.2655616 0.2728705 0.2262049 0.1650117 0.2665542 0.1391225 0.2549181 0.2455826 0.2519240 0.1461842 0.2523615 0.2458155 0.2219491 0.2533603 0.2224022 0.1980892 0.1418691 0.2599773 0.2707602 0.2560424 0.2144566 0.1762655 0.2792990 0.2355271 
Lycapsus_tenuifolius_17                    0.0056980 0.0454701 0.0082658 0.1337154 0.0489468 0.0711372 0.1671981 0.0000000 0.0543531 0.0250647 0.0257171 0.0339882 0.0691174 0.0317533 0.0289715 0.0606466 0.0668194 0.0368492 0.0348878 0.0339958 0.1177119 0.0323130 0.0312759 0.2573058 0.0291713 0.0433328 0.2842960 0.0000010 0.0096619 0.0723093 0.0211607 0.0000010 0.2847107 0.0482986 0.0486105 0.0595883 0.0341706 0.0516316 0.2626630 0.0345147 0.0339958 0.0482219 0.0599103 0.0308132 0.0153772 0.0340813 0.0311622 0.0372707 0.0086020 0.0492383 0.0313571 0.0290504 0.0315058 0.0514467 0.0426943 0.0321994 0.0343054 0.0339958 0.0493598 0.0197439 0.0436956 0.0205060 0.0225418 0.0347482 0.0059273 0.0102862 0.0287152 0.0381135 0.0165068 0.0368995 0.0339958 0.0456918 0.0174761 0.0511461 0.0599035 0.0457880 0.0194769 0.0471327 0.0427774 0.0028803 
Pericome_caudata_50_silver                 0.0772710 0.0632339 0.0884353 0.1611180 0.1013252 0.0918059 0.2696247 0.0543531 0.0000000 0.0859818 0.0642927 0.0806349 0.0693410 0.0843463 0.0726271 0.0998770 0.0887550 0.0830879 0.0768871 0.0799161 0.0938138 0.0625801 0.0737596 0.3112460 0.1400527 0.1005135 0.3702375 0.0534035 0.1314262 0.1054855 0.0256367 0.0737988 0.4576915 0.1057104 0.0855604 0.0956428 0.0914206 0.0816211 0.3741766 0.1017719 0.0736290 0.1096326 0.1094091 0.0823317 0.0517202 0.0788834 0.0766047 0.0946275 0.0604347 0.0884444 0.0754134 0.1111589 0.0723682 0.0944340 0.0514385 0.0418088 0.0821523 0.0774019 0.0818068 0.0503486 0.1137738 0.0402956 0.0882842 0.0830539 0.0599621 0.0385083 0.0769596 0.0753410 0.0821449 0.0988144 0.0772934 0.0752192 0.0332251 0.0528737 0.0984091 0.0909009 0.0755082 0.0703786 0.0869589 0.0672530 
Perityle_aglossa_84_dead_horse             0.0487014 0.0569657 0.0640478 0.1481363 0.0891070 0.0876792 0.2440570 0.0250647 0.0859818 0.0000000 0.0736767 0.0821586 0.0760846 0.0992219 0.0642600 0.0960982 0.0722595 0.0896729 0.0693563 0.0739841 0.0994041 0.0614823 0.0567851 0.2966809 0.1305161 0.1003631 0.3625966 0.0457681 0.1163959 0.0912638 0.0237048 0.0347032 0.4493106 0.0981534 0.0775517 0.1047406 0.0777899 0.0948797 0.3713910 0.0913364 0.0673364 0.0910284 0.1181930 0.0154363 0.0231284 0.0869804 0.0870230 0.0777676 0.0354970 0.0957991 0.0762912 0.1176139 0.0696226 0.0815095 0.0555092 0.0490366 0.0873712 0.0867051 0.0701566 0.0265038 0.0910178 0.0437649 0.0064302 0.0915084 0.0605261 0.0381491 0.1005976 0.0706851 0.0555615 0.1088010 0.0713243 0.0652679 0.0361580 0.0898818 0.1015373 0.0963024 0.0099669 0.0557132 0.0918777 0.0643608 
Perityle_ajoensis_204                      0.0500329 0.0481556 0.0710900 0.1354889 0.0723356 0.0775101 0.2386637 0.0257171 0.0642927 0.0736767 0.0000000 0.0115185 0.0187079 0.0234917 0.0052848 0.0816737 0.0608740 0.0172876 0.0127537 0.0049754 0.0660421 0.0055158 0.0078764 0.2979222 0.0179780 0.0341756 0.3550227 0.0406307 0.1122940 0.0705348 0.0149680 0.0403152 0.4230919 0.0833804 0.0197539 0.0728280 0.0302753 0.0145008 0.3608193 0.0739602 0.0024758 0.0742420 0.0840262 0.0504029 0.0220247 0.0032739 0.0043589 0.0616526 0.0207102 0.0198974 0.0068406 0.0180146 0.0152081 0.0657432 0.0155795 0.0104730 0.0032740 0.0034045 0.0525570 0.0422911 0.0748666 0.0035671 0.0706616 0.0261666 0.0468031 0.0041527 0.0373327 0.0084872 0.0560089 0.0065375 0.0048292 0.0135168 0.0000010 0.0691781 0.0652430 0.0279690 0.0444693 0.0510702 0.0098205 0.0190690 
Perityle_ambrosiifolia_67_green            0.0544515 0.0534483 0.0867627 0.1464336 0.0834575 0.0873887 0.2404092 0.0339882 0.0806349 0.0821586 0.0115185 0.0000000 0.0242920 0.0324624 0.0130925 0.0884647 0.0742091 0.0192939 0.0218579 0.0202831 0.0752989 0.0110247 0.0063666 0.3149364 0.0677028 0.0389199 0.3705077 0.0547895 0.1201880 0.0961015 0.0239497 0.0447810 0.4422246 0.0845156 0.0268434 0.0818105 0.0357643 0.0187250 0.3788102 0.0842064 0.0158675 0.0923749 0.0991178 0.0606723 0.0318181 0.0190621 0.0167676 0.0769754 0.0305444 0.0334162 0.0107373 0.0465928 0.0203092 0.0745785 0.0231666 0.0187753 0.0200490 0.0177168 0.0549193 0.0498712 0.0796974 0.0070762 0.0810558 0.0350001 0.0658309 0.0082852 0.0217546 0.0129561 0.0656844 0.0368119 0.0184343 0.0214239 0.0058704 0.0860801 0.0843789 0.0367649 0.0681598 0.0590728 0.0247704 0.0409280 
Perityle_angustifolia_13_Eagle_creek       0.0727817 0.0660709 0.0776542 0.1604197 0.0700392 0.1587268 0.1668868 0.0691174 0.0693410 0.0760846 0.0187079 0.0242920 0.0000000 0.0314044 0.0191217 0.0901971 0.0708186 0.0242920 0.0190566 0.0366948 0.6029761 0.0127845 0.0244924 0.3668909 0.0190316 0.0506536 0.3903838 0.0542706 0.0954365 0.0964173 0.0416057 0.0618181 0.4198252 0.0489800 0.0304889 0.0495139 0.0431060 0.0305256 0.3862062 0.0251572 0.0366948 0.0553373 0.0371322 0.0829044 0.0267092 0.0370972 0.0305755 0.0307621 0.0260264 0.0310458 0.0245448 0.0248837 0.0376827 0.0628446 0.0428393 0.0305005 0.0371532 0.0366948 0.0438346 0.1285527 0.0652788 0.0502874 0.0770924 0.0189978 0.0396582 0.0640206 0.0433397 0.0124741 0.0930516 0.0366948 0.0366948 0.0430525 0.0166322 0.0622794 0.0557867 0.0556575 0.0765142 0.0778834 0.0431212 0.0344811 
Perityle_batopilensis_97                   0.0641818 0.0522777 0.0955718 0.1503955 0.0788572 0.0908405 0.2479682 0.0317533 0.0843463 0.0992219 0.0234917 0.0324624 0.0314044 0.0000000 0.0196461 0.0968667 0.0757386 0.0390074 0.0310166 0.0314884 0.0667778 0.0220593 0.0236204 0.3130473 0.0303165 0.0506926 0.3731575 0.0521353 0.1144846 0.0878595 0.0187239 0.0482945 0.4548803 0.0981406 0.0311001 0.0905085 0.0148311 0.0346979 0.3807709 0.0893888 0.0290545 0.0848951 0.1005373 0.0683000 0.0272629 0.0313698 0.0292839 0.0765179 0.0425212 0.0474126 0.0283365 0.0318598 0.0267302 0.0787911 0.0216961 0.0175459 0.0310695 0.0292930 0.0670732 0.0431061 0.0921284 0.0072603 0.0946418 0.0340584 0.0723601 0.0042311 0.0600085 0.0250501 0.0650328 0.0343440 0.0317860 0.0259941 0.0060680 0.0848688 0.0906605 0.0419044 0.0657659 0.0585000 0.0363809 0.0367955 
Perityle_bisetosa_9                        0.0395282 0.0489393 0.0622696 0.1411460 0.0731915 0.0898545 0.2274758 0.0289715 0.0726271 0.0642600 0.0052848 0.0130925 0.0191217 0.0196461 0.0000000 0.0793640 0.0584847 0.0141880 0.0156674 0.0133301 0.0714715 0.0055071 0.0039457 0.3051990 0.0565994 0.0287086 0.3509865 0.0496195 0.1186305 0.0860028 0.0150750 0.0361399 0.4244389 0.0720328 0.0124686 0.0740377 0.0252913 0.0165081 0.3735449 0.0676442 0.0083856 0.0768908 0.0862056 0.0504300 0.0223640 0.0108453 0.0099085 0.0651899 0.0311453 0.0304967 0.0036651 0.0441270 0.0048407 0.0577277 0.0158630 0.0122919 0.0130400 0.0112253 0.0441084 0.0474140 0.0639035 0.0036468 0.0609004 0.0213797 0.0525783 0.0042772 0.0011867 0.0101368 0.0556052 0.0356380 0.0093773 0.0123875 0.0000010 0.0763957 0.0692919 0.0242819 0.0582800 0.0519519 0.0173480 0.0316236 
Perityle_californica_76_positas            0.0813622 0.0739579 0.1017451 0.1550918 0.0988443 0.1049096 0.2281960 0.0606466 0.0998770 0.0960982 0.0816737 0.0884647 0.0901971 0.0968667 0.0793640 0.0000000 0.1003834 0.0925629 0.0891210 0.0824281 0.1201331 0.0571629 0.0812258 0.3195539 0.0932909 0.1061219 0.3745036 0.0757471 0.1566935 0.0460473 0.0323748 0.0718127 0.4374032 0.0983283 0.0894060 0.1079744 0.0980007 0.0859857 0.3582629 0.0949171 0.0793081 0.0981572 0.1245040 0.0853226 0.0344752 0.0845986 0.0832981 0.0894248 0.0660435 0.0877479 0.0828863 0.0920244 0.0791475 0.0914290 0.0687601 0.0609567 0.0848367 0.0789537 0.0748049 0.0590281 0.0988436 0.0559700 0.0925961 0.0986824 0.0713276 0.0518693 0.0890905 0.0763711 0.0979510 0.0870907 0.0783440 0.0793169 0.0527017 0.0957009 0.1153754 0.0968766 0.0780593 0.0867973 0.0923335 0.0580565 
Perityle_canescens_77                      0.0746193 0.0697445 0.0858360 0.1570485 0.1107666 0.1064501 0.2048082 0.0668194 0.0887550 0.0722595 0.0608740 0.0742091 0.0708186 0.0757386 0.0584847 0.1003834 0.0000000 0.0708443 0.0743904 0.0692617 0.1257851 0.0640357 0.0680371 0.3115093 0.0612713 0.0816855 0.3462533 0.0732660 0.1451235 0.0925302 0.0467715 0.0828556 0.4065450 0.0788401 0.0745688 0.0398875 0.0857452 0.0776902 0.3924033 0.0666865 0.0691999 0.0737023 0.0511432 0.0755619 0.0429190 0.0631786 0.0646330 0.0680713 0.0516123 0.0826810 0.0657003 0.0596157 0.0669200 0.0822095 0.0603508 0.0537134 0.0680539 0.0654215 0.0556496 0.0542141 0.0779539 0.0593144 0.0694425 0.0677159 0.0456945 0.0516157 0.0609998 0.0679400 0.1030873 0.0693251 0.0692898 0.0692385 0.0520349 0.0958666 0.0325862 0.0793100 0.0662542 0.0542668 0.0773861 0.0611821 
Perityle_castillonii_96                    0.0561428 0.0595566 0.0879858 0.1515386 0.0818874 0.0947023 0.2527048 0.0368492 0.0830879 0.0896729 0.0172876 0.0192939 0.0242920 0.0390074 0.0141880 0.0925629 0.0708443 0.0000000 0.0241790 0.0213487 0.0803319 0.0122460 0.0127871 0.3187150 0.0622893 0.0455468 0.3680199 0.0616066 0.1246240 0.0965908 0.0238931 0.0472485 0.4542739 0.0913119 0.0230953 0.0848881 0.0407864 0.0249839 0.3855292 0.0876686 0.0192972 0.0937159 0.0993213 0.0645530 0.0317800 0.0232334 0.0217101 0.0824048 0.0397292 0.0401704 0.0193984 0.0497439 0.0214978 0.0730680 0.0251007 0.0204589 0.0242430 0.0199752 0.0609755 0.0577535 0.0900290 0.0141995 0.0864431 0.0384764 0.0714813 0.0166344 0.0249860 0.0162319 0.0701487 0.0430019 0.0217307 0.0213987 0.0117743 0.0861171 0.0843954 0.0392250 0.0705850 0.0625658 0.0290297 0.0447036 
Perityle_cernua_84                         0.0581772 0.0516999 0.0773336 0.1421402 0.0881953 0.0819926 0.2233421 0.0348878 0.0768871 0.0693563 0.0127537 0.0218579 0.0190566 0.0310166 0.0156674 0.0891210 0.0743904 0.0241790 0.0000000 0.0218436 0.0715621 0.0149924 0.0183450 0.3024726 0.0273651 0.0412842 0.3515962 0.0542802 0.1142279 0.0878891 0.0206858 0.0506823 0.4304913 0.0764857 0.0273631 0.0742137 0.0390171 0.0216300 0.3740288 0.0679560 0.0197805 0.0776760 0.0857316 0.0619605 0.0360870 0.0196248 0.0195674 0.0653393 0.0415110 0.0460609 0.0154284 0.0273841 0.0225942 0.0710985 0.0238443 0.0158621 0.0208097 0.0191957 0.0602004 0.0430815 0.0750553 0.0036178 0.0658562 0.0362795 0.0569662 0.0042216 0.0211967 0.0141833 0.0671669 0.0219877 0.0206836 0.0232572 0.0030161 0.0864274 0.0772120 0.0313636 0.0635288 0.0586382 0.0241892 0.0411505 
Perityle_cfvillosa_25_tin                  0.0500422 0.0503879 0.0731124 0.1434799 0.0772371 0.0871966 0.2310730 0.0339958 0.0799161 0.0739841 0.0049754 0.0202831 0.0366948 0.0314884 0.0133301 0.0824281 0.0692617 0.0213487 0.0218436 0.0000000 0.0724654 0.0090977 0.0153617 0.3029809 0.0607908 0.0400477 0.3622531 0.0564983 0.1199818 0.0955296 0.0238689 0.0399548 0.4288328 0.0787339 0.0293012 0.0831910 0.0382549 0.0246643 0.3721577 0.0729488 0.0022477 0.0804528 0.0951881 0.0591243 0.0283262 0.0052518 0.0052489 0.0691139 0.0368677 0.0320241 0.0034603 0.0557393 0.0166798 0.0694104 0.0192193 0.0204693 0.0063139 0.0032627 0.0539786 0.0458984 0.0747584 0.0070668 0.0719653 0.0328764 0.0609490 0.0041296 0.0171496 0.0121238 0.0625737 0.0237893 0.0033034 0.0227517 0.0000010 0.0847005 0.0802516 0.0335265 0.0678837 0.0590385 0.0104910 0.0400536 
Perityle_cinerea_113_Powell1310            0.0808303 0.1260692 0.0837367 0.2043686 0.0754191 0.1554993 0.2257007 0.1177119 0.0938138 0.0994041 0.0660421 0.0752989 0.6029761 0.0667778 0.0714715 0.1201331 0.1257851 0.0803319 0.0715621 0.0724654 0.0000000 0.0744161 0.0755559 0.2871024 0.0768902 0.0814476 0.3247543 0.0763085 0.1852963 0.1169477 0.0819248 0.1123733 0.3074495 0.1073193 0.0834481 0.1268573 0.0832337 0.0781404 0.3277602 0.0952837 0.0724654 0.1044486 0.1273470 0.1022924 0.0723078 0.0727794 0.0728732 0.0980188 0.0691447 0.0811100 0.0709334 0.0721880 0.0710404 0.1051756 0.0914086 0.0722505 0.0730478 0.0726787 0.1089907 0.0790057 0.0968234 0.0198549 0.0968677 0.0794767 0.0829792 0.0094563 0.0738378 0.0737807 0.0978630 0.0750919 0.0726182 0.0777940 0.0624215 0.1107370 0.1183221 0.0914626 0.0915713 0.1056975 0.0750145 0.0614812 
Perityle_coahuilensis_24                   0.0425940 0.0487254 0.0616064 0.1315203 0.0602973 0.0899590 0.1830311 0.0323130 0.0625801 0.0614823 0.0055158 0.0110247 0.0127845 0.0220593 0.0055071 0.0571629 0.0640357 0.0122460 0.0149924 0.0090977 0.0744161 0.0000000 0.0060848 0.2754184 0.0178007 0.0223830 0.3233669 0.0437683 0.1199536 0.0665551 0.0150995 0.0337056 0.3901257 0.0600125 0.0173341 0.0670533 0.0264582 0.0088332 0.3545287 0.0535924 0.0080700 0.0570708 0.0769961 0.0462337 0.0191715 0.0098405 0.0073218 0.0493907 0.0176779 0.0185488 0.0064673 0.0178066 0.0122199 0.0607381 0.0178587 0.0106119 0.0110831 0.0075094 0.0373732 0.0465982 0.0536969 0.0035888 0.0579117 0.0211479 0.0432780 0.0041828 0.0117000 0.0061096 0.0573606 0.0149183 0.0089176 0.0121631 0.0000010 0.0653167 0.0642356 0.0248137 0.0502243 0.0502126 0.0172113 0.0198755 
Perityle_cochisensis_44_cave_creek         0.0392178 0.0504869 0.0615466 0.1441127 0.0815666 0.0840582 0.2189937 0.0312759 0.0737596 0.0567851 0.0078764 0.0063666 0.0244924 0.0236204 0.0039457 0.0812258 0.0680371 0.0127871 0.0183450 0.0153617 0.0755559 0.0060848 0.0000000 0.3099140 0.0158065 0.0328525 0.3587233 0.0519753 0.1201880 0.0731218 0.0222172 0.0377172 0.4117284 0.0683805 0.0193809 0.0705103 0.0324938 0.0170010 0.3721354 0.0591772 0.0127658 0.0682657 0.0833856 0.0553146 0.0285427 0.0128378 0.0102482 0.0576791 0.0254211 0.0231284 0.0038710 0.0171306 0.0175593 0.0629035 0.0212901 0.0155248 0.0128745 0.0120828 0.0404927 0.0498712 0.0686735 0.0070762 0.0541962 0.0291739 0.0423670 0.0082852 0.0170748 0.0092824 0.0613833 0.0140755 0.0140737 0.0148604 0.0058937 0.0815085 0.0697060 0.0338456 0.0489363 0.0557010 0.0192498 0.0264944 
Perityle_congesta_202                      0.3079645 0.2452099 0.3134040 0.3056136 0.2882616 0.2506080 0.3561128 0.2573058 0.3112460 0.2966809 0.2979222 0.3149364 0.3668909 0.3130473 0.3051990 0.3195539 0.3115093 0.3187150 0.3024726 0.3029809 0.2871024 0.2754184 0.3099140 0.0000000 0.3099268 0.3081475 0.0543820 0.2239422 0.3423636 0.3183056 0.2342139 0.3202467 0.0356888 0.3105973 0.3119714 0.3188025 0.3170166 0.3059158 0.0236863 0.3057746 0.3029809 0.3101346 0.2959163 0.3127746 0.2737385 0.3049432 0.3060071 0.3115398 0.2732809 0.2850813 0.3010074 0.3128381 0.2992539 0.3328005 0.2579818 0.2482195 0.3039015 0.3038965 0.3139607 0.2369299 0.3232665 0.2218698 0.2997863 0.3187054 0.2923254 0.1926169 0.3044988 0.2984665 0.2960146 0.3060396 0.3029809 0.3101349 0.2520042 0.3109129 0.3366701 0.3113385 0.2963929 0.2500629 0.3095538 0.2828823 
Perityle_cordifolia_27                     0.0576637 0.0484557 0.1399238 0.1437589 0.0840775 0.0893378 0.3036126 0.0291713 0.1400527 0.1305161 0.0179780 0.0677028 0.0190316 0.0303165 0.0565994 0.0932909 0.0612713 0.0622893 0.0273651 0.0607908 0.0768902 0.0178007 0.0158065 0.3099268 0.0000000 0.0952610 0.3722386 0.0579902 0.1138888 0.1537210 0.0226944 0.0362692 0.4489397 0.1200231 0.0238999 0.1210909 0.0305137 0.0512412 0.3755960 0.1406453 0.0211443 0.1320805 0.1502053 0.0620124 0.0274884 0.0815440 0.0598812 0.1145826 0.0396519 0.0885255 0.0220337 0.0038978 0.0362884 0.0719351 0.0179404 0.0194141 0.0747018 0.0811984 0.0596281 0.0429161 0.0942857 0.0000010 0.1444559 0.0259732 0.0931948 0.0042191 0.0583212 0.0728466 0.0673139 0.0559850 0.0269861 0.0178587 0.0029992 0.0824133 0.1291603 0.0767661 0.1008711 0.0533864 0.0802625 0.0841659 
Perityle_cordifolia_68_tecolote            0.0703702 0.0608553 0.1065616 0.1565702 0.1000275 0.1082854 0.2679935 0.0433328 0.1005135 0.1003631 0.0341756 0.0389199 0.0506536 0.0506926 0.0287086 0.1061219 0.0816855 0.0455468 0.0412842 0.0400477 0.0814476 0.0223830 0.0328525 0.3081475 0.0952610 0.0000000 0.3627360 0.0696953 0.1318517 0.1163827 0.0316492 0.0578966 0.4445838 0.0989849 0.0449670 0.1019948 0.0477425 0.0435828 0.3764843 0.1054705 0.0348353 0.1100928 0.1188307 0.0783766 0.0391047 0.0395944 0.0358101 0.0937079 0.0507068 0.0475787 0.0340187 0.0686722 0.0279170 0.0901512 0.0076963 0.0295623 0.0394236 0.0379137 0.0728887 0.0582421 0.0975952 0.0179121 0.1006778 0.0510570 0.0827990 0.0167860 0.0387810 0.0351053 0.0774668 0.0600962 0.0354853 0.0440704 0.0119647 0.0983293 0.1012715 0.0540912 0.0790041 0.0746521 0.0455094 0.0598161 
Perityle_coronopifolia_28_patagonia        0.3541683 0.2689736 0.3587064 0.3300057 0.3542070 0.2799244 0.3911118 0.2842960 0.3702375 0.3625966 0.3550227 0.3705077 0.3903838 0.3731575 0.3509865 0.3745036 0.3462533 0.3680199 0.3515962 0.3622531 0.3247543 0.3233669 0.3587233 0.0543820 0.3722386 0.3627360 0.0000000 0.2818643 0.3452648 0.3722708 0.2782584 0.3534505 0.0602437 0.3779115 0.3504033 0.3842561 0.3686960 0.3646918 0.0613814 0.3716133 0.3592602 0.3714722 0.3674873 0.3672800 0.3110181 0.3621055 0.3621338 0.3807109 0.3287829 0.3367530 0.3579735 0.3682303 0.3317058 0.3843905 0.3053685 0.3000351 0.3606691 0.3602573 0.3832225 0.2765248 0.3848138 0.2577940 0.3660993 0.3770987 0.3425234 0.2417295 0.3568774 0.3582930 0.3396777 0.3621547 0.3574300 0.3531292 0.2869254 0.3755051 0.3976526 0.3671768 0.3397885 0.3060136 0.3630141 0.3363814 
Perityle_crassifolia_70_ventanas           0.0095813 0.0426046 0.0447889 0.1247580 0.0744301 0.0827533 0.1973829 0.0000010 0.0534035 0.0457681 0.0406307 0.0547895 0.0542706 0.0521353 0.0496195 0.0757471 0.0732660 0.0616066 0.0542802 0.0564983 0.0763085 0.0437683 0.0519753 0.2239422 0.0579902 0.0696953 0.2818643 0.0000000 0.0933058 0.0795938 0.0241233 0.0000010 0.3776374 0.0735232 0.0603008 0.0759825 0.0635635 0.0573814 0.3138876 0.0654821 0.0547146 0.0716975 0.0786303 0.0475168 0.0304628 0.0532087 0.0516320 0.0668367 0.0407491 0.0671454 0.0506934 0.0582744 0.0586531 0.0628694 0.0487767 0.0412775 0.0568691 0.0511684 0.0548895 0.0423989 0.0688610 0.0440562 0.0458178 0.0569378 0.0437966 0.0297893 0.0525557 0.0486020 0.0069443 0.0565460 0.0547913 0.0459205 0.0308382 0.0661709 0.0818161 0.0688574 0.0440489 0.0640695 0.0581637 0.0050905 
Perityle_crassifolia_74_playa_balandra     0.1084321 0.1502464 0.1110028 0.2096358 0.1494077 0.1063918 0.2792382 0.0096619 0.1314262 0.1163959 0.1122940 0.1201880 0.0954365 0.1144846 0.1186305 0.1566935 0.1451235 0.1246240 0.1142279 0.1199818 0.1852963 0.1199536 0.1201880 0.3423636 0.1138888 0.1318517 0.3452648 0.0933058 0.0000000 0.1893694 0.1087651 0.0097018 0.3328770 0.1347573 0.1294235 0.1557676 0.1201807 0.1293973 0.3282014 0.1230360 0.1199818 0.1349248 0.1555791 0.1299761 0.1165137 0.1156949 0.1199818 0.1278399 0.1011820 0.1310155 0.1176470 0.1138660 0.1259045 0.1447096 0.1341224 0.1163090 0.1171672 0.1199818 0.1560268 0.0979636 0.1248492 0.1286670 0.1182748 0.1226546 0.1027853 0.0358737 0.1220462 0.1174715 0.0967366 0.1246364 0.1199818 0.1249395 0.1199818 0.1307408 0.1402524 0.1446077 0.1159134 0.1440341 0.1199818 0.0893240 
Perityle_cuneata_34_cuneata_San_antonio    0.0836118 0.0891725 0.0960884 0.1701277 0.0967786 0.1308831 0.2742112 0.0723093 0.1054855 0.0912638 0.0705348 0.0961015 0.0964173 0.0878595 0.0860028 0.0460473 0.0925302 0.0965908 0.0878891 0.0955296 0.1169477 0.0665551 0.0731218 0.3183056 0.1537210 0.1163827 0.3722708 0.0795938 0.1893694 0.0000000 0.0315531 0.0763631 0.4346956 0.0902058 0.0925338 0.1008039 0.0918111 0.0972316 0.3812577 0.0990768 0.0795519 0.1041805 0.1155428 0.0834700 0.0387034 0.0938898 0.0910308 0.0861770 0.0609126 0.1017841 0.0790914 0.1185335 0.0801558 0.0927866 0.0686538 0.0624368 0.0950781 0.0936955 0.0688837 0.0708085 0.0842570 0.0671425 0.0948961 0.0888918 0.0733525 0.0608452 0.0877734 0.0921006 0.0924489 0.1075363 0.0853026 0.0743595 0.0650042 0.0978952 0.1022216 0.1087426 0.0854150 0.0767773 0.1001970 0.0777285 
Perityle_cuneata_4                         0.0166144 0.0473928 0.0237843 0.1199789 0.0327472 0.0737802 0.1517978 0.0211607 0.0256367 0.0237048 0.0149680 0.0239497 0.0416057 0.0187239 0.0150750 0.0323748 0.0467715 0.0238931 0.0206858 0.0238689 0.0819248 0.0150995 0.0222172 0.2342139 0.0226944 0.0316492 0.2782584 0.0241233 0.1087651 0.0315531 0.0000000 0.0181205 0.3160174 0.0368875 0.0259104 0.0479260 0.0258657 0.0240040 0.3192729 0.0298807 0.0238689 0.0387962 0.0499960 0.0292812 0.0154789 0.0239452 0.0202647 0.0279259 0.0092986 0.0277810 0.0168114 0.0207364 0.0185504 0.0430707 0.0317185 0.0224504 0.0240469 0.0239202 0.0358495 0.0240962 0.0400223 0.0228472 0.0220131 0.0225343 0.0077269 0.0220742 0.0168315 0.0187545 0.0351921 0.0257370 0.0239061 0.0295586 0.0189118 0.0331048 0.0407832 0.0315503 0.0182691 0.0452183 0.0276141 0.0077620 
Perityle_discoidea_81                      0.0141088 0.0413352 0.0160200 0.1532169 0.0687392 0.0714047 0.2127489 0.0000010 0.0737988 0.0347032 0.0403152 0.0447810 0.0618181 0.0482945 0.0361399 0.0718127 0.0828556 0.0472485 0.0506823 0.0399548 0.1123733 0.0337056 0.0377172 0.3202467 0.0362692 0.0578966 0.3534505 0.0000010 0.0097018 0.0763631 0.0181205 0.0000000 0.3498992 0.0663175 0.0570620 0.0762710 0.0548852 0.0511800 0.3203400 0.0549597 0.0399548 0.0614451 0.0826621 0.0348389 0.0343761 0.0402061 0.0376032 0.0474417 0.0093904 0.0459547 0.0354346 0.0362173 0.0373557 0.0644453 0.0398063 0.0292455 0.0403411 0.0399548 0.0551666 0.0198269 0.0557668 0.0153800 0.0304036 0.0505449 0.0171333 0.0102862 0.0431201 0.0423286 0.0147011 0.0423733 0.0399548 0.0496884 0.0131071 0.0720255 0.0788096 0.0547902 0.0254045 0.0436353 0.0497116 0.0000010 
Perityle_dissecta_201                      0.3410195 0.2533595 0.4374675 0.3298660 0.4329141 0.2463096 0.4614091 0.2847107 0.4576915 0.4493106 0.4230919 0.4422246 0.4198252 0.4548803 0.4244389 0.4374032 0.4065450 0.4542739 0.4304913 0.4288328 0.3074495 0.3901257 0.4117284 0.0356888 0.4489397 0.4445838 0.0602437 0.3776374 0.3328770 0.4346956 0.3160174 0.3498992 0.0000000 0.4615801 0.4238377 0.4809579 0.4349513 0.4529536 0.0448983 0.4595703 0.4235130 0.4533159 0.4738347 0.4377939 0.3569420 0.4405597 0.4414300 0.4633113 0.4271260 0.4309154 0.4334202 0.4477699 0.4217521 0.4601593 0.2910916 0.3371800 0.4422459 0.4271451 0.3775936 0.2312290 0.4622217 0.2207900 0.4550527 0.4488142 0.4439578 0.1928510 0.4538638 0.4387378 0.4013975 0.4428710 0.4333378 0.4019280 0.2565292 0.4443811 0.4884157 0.4584999 0.4153651 0.3817416 0.4500213 0.4172156 
Perityle_feddemae_99                       0.0844460 0.0597232 0.0998662 0.1604908 0.0991629 0.1100230 0.2554576 0.0482986 0.1057104 0.0981534 0.0833804 0.0845156 0.0489800 0.0981406 0.0720328 0.0983283 0.0788401 0.0913119 0.0764857 0.0787339 0.1073193 0.0600125 0.0683805 0.3105973 0.1200231 0.0989849 0.3779115 0.0735232 0.1347573 0.0902058 0.0368875 0.0663175 0.4615801 0.0000000 0.0796834 0.1034369 0.0863734 0.1020612 0.3918081 0.0170140 0.0679743 0.0144271 0.1209968 0.0776916 0.0315892 0.0969213 0.0957356 0.0176304 0.0665648 0.1035208 0.0752699 0.1160367 0.0741972 0.0799404 0.0474104 0.0421483 0.0930875 0.0938027 0.0765146 0.0461102 0.0795600 0.0475027 0.1009153 0.0978810 0.0804826 0.0515347 0.1297307 0.0766820 0.0887875 0.1047061 0.0745370 0.0653386 0.0330595 0.1041657 0.0988205 0.1044946 0.0709372 0.0592824 0.1029772 0.0826939 
Perityle_fosteri_93                        0.0511746 0.0595951 0.0766033 0.1518825 0.0922786 0.0947731 0.2249396 0.0486105 0.0855604 0.0775517 0.0197539 0.0268434 0.0304889 0.0311001 0.0124686 0.0894060 0.0745688 0.0230953 0.0273631 0.0293012 0.0834481 0.0173341 0.0193809 0.3119714 0.0238999 0.0449670 0.3504033 0.0603008 0.1294235 0.0925338 0.0259104 0.0570620 0.4238377 0.0796834 0.0000000 0.0790524 0.0437855 0.0255357 0.3747172 0.0694756 0.0267881 0.0795536 0.0898535 0.0661949 0.0336642 0.0269322 0.0244336 0.0692613 0.0452635 0.0458441 0.0209741 0.0251675 0.0204791 0.0699587 0.0311386 0.0225328 0.0282469 0.0268244 0.0551152 0.0578014 0.0785211 0.0142105 0.0750368 0.0371818 0.0576596 0.0166495 0.0186331 0.0201620 0.0705742 0.0280689 0.0280363 0.0257023 0.0117819 0.0917196 0.0818516 0.0331478 0.0704686 0.0593741 0.0330425 0.0410121 
Perityle_gamon_221                         0.0902012 0.0599292 0.1125847 0.1585367 0.1182664 0.1094681 0.2634304 0.0595883 0.0956428 0.1047406 0.0728280 0.0818105 0.0495139 0.0905085 0.0740377 0.1079744 0.0398875 0.0848881 0.0742137 0.0831910 0.1268573 0.0670533 0.0705103 0.3188025 0.1210909 0.1019948 0.3842561 0.0759825 0.1557676 0.1008039 0.0479260 0.0762710 0.4809579 0.1034369 0.0790524 0.0000000 0.0879821 0.0938393 0.4017453 0.0974467 0.0747699 0.0991728 0.0357342 0.0830452 0.0413019 0.0839721 0.0858166 0.0881786 0.0658371 0.0978855 0.0784286 0.1039152 0.0742337 0.0893622 0.0554500 0.0525320 0.0871937 0.0859643 0.0699220 0.0453071 0.1066044 0.0469392 0.1026046 0.0869353 0.0791676 0.0463864 0.0905055 0.0808343 0.0951785 0.1064723 0.0814204 0.0683275 0.0449778 0.0982785 0.0474352 0.0961044 0.0762681 0.0517369 0.0936075 0.0797529 
Perityle_gentryi_8_san_francisco           0.0614883 0.0627973 0.0852247 0.1576119 0.0866284 0.0986228 0.2371362 0.0341706 0.0914206 0.0777899 0.0302753 0.0357643 0.0431060 0.0148311 0.0252913 0.0980007 0.0857452 0.0407864 0.0390171 0.0382549 0.0832337 0.0264582 0.0324938 0.3170166 0.0305137 0.0477425 0.3686960 0.0635635 0.1201807 0.0918111 0.0258657 0.0548852 0.4349513 0.0863734 0.0437855 0.0879821 0.0000000 0.0384238 0.3856142 0.0748516 0.0356907 0.0862338 0.0946207 0.0711844 0.0404222 0.0358848 0.0346326 0.0759353 0.0502487 0.0504258 0.0299360 0.0317979 0.0353523 0.0810736 0.0291488 0.0277373 0.0359889 0.0361690 0.0631328 0.0497719 0.0878909 0.0106103 0.0752675 0.0409498 0.0636181 0.0082683 0.0340518 0.0306247 0.0766755 0.0370057 0.0370008 0.0365596 0.0147790 0.0966296 0.0930327 0.0460342 0.0738436 0.0663207 0.0420585 0.0440787 
Perityle_gilensis_22_Superstition          0.0590849 0.0595876 0.0900324 0.1450454 0.0820560 0.0947583 0.2465776 0.0516316 0.0816211 0.0948797 0.0145008 0.0187250 0.0305256 0.0346979 0.0165081 0.0859857 0.0776902 0.0249839 0.0216300 0.0246643 0.0781404 0.0088332 0.0170010 0.3059158 0.0512412 0.0435828 0.3646918 0.0573814 0.1293973 0.0972316 0.0240040 0.0511800 0.4529536 0.1020612 0.0255357 0.0938393 0.0384238 0.0000000 0.3841869 0.0966903 0.0201966 0.0918510 0.1104673 0.0631009 0.0319757 0.0223042 0.0214142 0.0803921 0.0340944 0.0488872 0.0178184 0.0492812 0.0260190 0.0745958 0.0331223 0.0223006 0.0229898 0.0226010 0.0641321 0.0577921 0.0924763 0.0142086 0.0942074 0.0365002 0.0675900 0.0124415 0.0860693 0.0021396 0.0674322 0.0372337 0.0215348 0.0218471 0.0118202 0.0808236 0.0878273 0.0364908 0.0684211 0.0592436 0.0291417 0.0358438 
Perityle_gilensis_salensis_225             0.3219899 0.2474534 0.3718674 0.3110314 0.3627315 0.2440575 0.3589622 0.2626630 0.3741766 0.3713910 0.3608193 0.3788102 0.3862062 0.3807709 0.3735449 0.3582629 0.3924033 0.3855292 0.3740288 0.3721577 0.3277602 0.3545287 0.3721354 0.0236863 0.3755960 0.3764843 0.0613814 0.3138876 0.3282014 0.3812577 0.3192729 0.3203400 0.0448983 0.3918081 0.3747172 0.4017453 0.3856142 0.3841869 0.0000000 0.3856083 0.3721577 0.3852691 0.3942472 0.3858472 0.3551969 0.3741706 0.3730911 0.3909198 0.3450938 0.3690107 0.3650246 0.3783382 0.3820949 0.4058010 0.2936606 0.3376137 0.3735706 0.3731082 0.3434039 0.2308155 0.3955344 0.2303941 0.3746903 0.3823345 0.3479567 0.1984254 0.3746074 0.3723352 0.3659340 0.3748393 0.3704904 0.3761208 0.2584823 0.3780539 0.4008722 0.3806282 0.3699249 0.3472607 0.3756718 0.3323740 
Perityle_glaucescens_94                    0.0729797 0.0515259 0.0968236 0.1458990 0.0905893 0.1009214 0.2698554 0.0345147 0.1017719 0.0913364 0.0739602 0.0842064 0.0251572 0.0893888 0.0676442 0.0949171 0.0666865 0.0876686 0.0679560 0.0729488 0.0952837 0.0535924 0.0591772 0.3057746 0.1406453 0.1054705 0.3716133 0.0654821 0.1230360 0.0990768 0.0298807 0.0549597 0.4595703 0.0170140 0.0694756 0.0974467 0.0748516 0.0966903 0.3856083 0.0000000 0.0597318 0.0209213 0.1126736 0.0663726 0.0217734 0.0951641 0.0940343 0.0149716 0.0585367 0.1031506 0.0672752 0.1140572 0.0641873 0.0679132 0.0359391 0.0353346 0.0932767 0.1012268 0.0631904 0.0349871 0.0714469 0.0409090 0.0942887 0.0909575 0.0716158 0.0433494 0.1389713 0.0786093 0.0772187 0.1060207 0.0665310 0.0602173 0.0275558 0.0938290 0.0940089 0.1000222 0.0657300 0.0529288 0.1046296 0.0845464 
Perityle_gracilis_11                       0.0482300 0.0503879 0.0702448 0.1434799 0.0740838 0.0871966 0.2237193 0.0339958 0.0736290 0.0673364 0.0024758 0.0158675 0.0366948 0.0290545 0.0083856 0.0793081 0.0691999 0.0192972 0.0197805 0.0022477 0.0724654 0.0080700 0.0127658 0.3029809 0.0211443 0.0348353 0.3592602 0.0547146 0.1199818 0.0795519 0.0238689 0.0399548 0.4235130 0.0679743 0.0267881 0.0747699 0.0356907 0.0201966 0.3721577 0.0597318 0.0000000 0.0691495 0.0847887 0.0576147 0.0283262 0.0011267 0.0011261 0.0570131 0.0342464 0.0318001 0.0011483 0.0223271 0.0161626 0.0663367 0.0192193 0.0188909 0.0011270 0.0000010 0.0523676 0.0458984 0.0717684 0.0070668 0.0638731 0.0314877 0.0512713 0.0041296 0.0162737 0.0093666 0.0609989 0.0022448 0.0011212 0.0200166 0.0000010 0.0832418 0.0725979 0.0310306 0.0579334 0.0571686 0.0056208 0.0331949 
Perityle_harkerae_31                       0.0808744 0.0566238 0.1049395 0.1578045 0.0989817 0.1063215 0.2696805 0.0482219 0.1096326 0.0910284 0.0742420 0.0923749 0.0553373 0.0848951 0.0768908 0.0981572 0.0737023 0.0937159 0.0776760 0.0804528 0.1044486 0.0570708 0.0682657 0.3101346 0.1320805 0.1100928 0.3714722 0.0716975 0.1349248 0.1041805 0.0387962 0.0614451 0.4533159 0.0144271 0.0795536 0.0991728 0.0862338 0.0918510 0.3852691 0.0209213 0.0691495 0.0000000 0.1120056 0.0775684 0.0281943 0.0908630 0.0859167 0.0168926 0.0620355 0.0980996 0.0756607 0.1106164 0.0740786 0.0798056 0.0432857 0.0435793 0.0920586 0.0885242 0.0697045 0.0422046 0.0761049 0.0475027 0.0882523 0.0894593 0.0774037 0.0471619 0.0881416 0.0873090 0.0854828 0.0997210 0.0756795 0.0652157 0.0330595 0.1026232 0.0931761 0.1015521 0.0724431 0.0628454 0.0969121 0.0809190 
Perityle_hofmeisteria_4_nombre_de_dios     0.1044492 0.0568674 0.1207657 0.1594240 0.1211900 0.1063115 0.2933569 0.0599103 0.1094091 0.1181930 0.0840262 0.0991178 0.0371322 0.1005373 0.0862056 0.1245040 0.0511432 0.0993213 0.0857316 0.0951881 0.1273470 0.0769961 0.0833856 0.2959163 0.1502053 0.1188307 0.3674873 0.0786303 0.1555791 0.1155428 0.0499960 0.0826621 0.4738347 0.1209968 0.0898535 0.0357342 0.0946207 0.1104673 0.3942472 0.1126736 0.0847887 0.1120056 0.0000000 0.0920163 0.0491260 0.0999489 0.0969631 0.0982950 0.0745045 0.1291742 0.0892339 0.1171488 0.0880549 0.0976396 0.0556446 0.0508210 0.1027118 0.1007674 0.0736340 0.0495162 0.1209822 0.0509393 0.1315403 0.1004991 0.0906630 0.0511294 0.2177087 0.0970438 0.0977412 0.1252504 0.0910250 0.0727677 0.0385125 0.1032880 0.0588242 0.1110246 0.0861020 0.0573159 0.1274471 0.0939364 
Perityle_huecosensis_48                    0.0456028 0.0630299 0.0563768 0.1559030 0.0906716 0.0948164 0.2213195 0.0308132 0.0823317 0.0154363 0.0504029 0.0606723 0.0829044 0.0683000 0.0504300 0.0853226 0.0755619 0.0645530 0.0619605 0.0591243 0.1022924 0.0462337 0.0553146 0.3127746 0.0620124 0.0783766 0.3672800 0.0475168 0.1299761 0.0834700 0.0292812 0.0348389 0.4377939 0.0776916 0.0661949 0.0830452 0.0711844 0.0631009 0.3858472 0.0663726 0.0576147 0.0775684 0.0920163 0.0000000 0.0299345 0.0582877 0.0569936 0.0648459 0.0171125 0.0661602 0.0511029 0.0608108 0.0595530 0.0786376 0.0574901 0.0511462 0.0584487 0.0569365 0.0667421 0.0341201 0.0767039 0.0549112 0.0106963 0.0671647 0.0324255 0.0468695 0.0558096 0.0523442 0.0584853 0.0593419 0.0599399 0.0623288 0.0453380 0.0848233 0.0814947 0.0725179 0.0077942 0.0609122 0.0632002 0.0349400 
Perityle_incana_3_ucla                     0.0305906 0.0382915 0.0368903 0.1076002 0.0478379 0.0750138 0.1760283 0.0153772 0.0517202 0.0231284 0.0220247 0.0318181 0.0267092 0.0272629 0.0223640 0.0344752 0.0429190 0.0317800 0.0360870 0.0283262 0.0723078 0.0191715 0.0285427 0.2737385 0.0274884 0.0391047 0.3110181 0.0304628 0.1165137 0.0387034 0.0154789 0.0343761 0.3569420 0.0315892 0.0336642 0.0413019 0.0404222 0.0319757 0.3551969 0.0217734 0.0283262 0.0281943 0.0491260 0.0299345 0.0000000 0.0284930 0.0266815 0.0166221 0.0134349 0.0377188 0.0237309 0.0257973 0.0287730 0.0386833 0.0277809 0.0187817 0.0285451 0.0283824 0.0270701 0.0080758 0.0391026 0.0194240 0.0216088 0.0376751 0.0175223 0.0180681 0.0273626 0.0239111 0.0520164 0.0300276 0.0283663 0.0318466 0.0063676 0.0560940 0.0333602 0.0406038 0.0199149 0.0281825 0.0351702 0.0176770 
Perityle_intricata_59_Clark_mtns           0.0513857 0.0506475 0.0856682 0.1419022 0.0730001 0.0877253 0.2691715 0.0340813 0.0788834 0.0869804 0.0032739 0.0190621 0.0370972 0.0313698 0.0108453 0.0845986 0.0631786 0.0232334 0.0196248 0.0052518 0.0727794 0.0098405 0.0128378 0.3049432 0.0815440 0.0395944 0.3621055 0.0532087 0.1156949 0.0938898 0.0239452 0.0402061 0.4405597 0.0969213 0.0269322 0.0839721 0.0358848 0.0223042 0.3741706 0.0951641 0.0011267 0.0908630 0.0999489 0.0582877 0.0284930 0.0000000 0.0018076 0.0736234 0.0318676 0.0269217 0.0042385 0.0516611 0.0155369 0.0705788 0.0193166 0.0205613 0.0026288 0.0008470 0.0551442 0.0460473 0.0844711 0.0070881 0.0889789 0.0325440 0.0671711 0.0041296 0.0526150 0.0132497 0.0598499 0.0243814 0.0021532 0.0201354 0.0000010 0.0823149 0.0813201 0.0345510 0.0615865 0.0556020 0.0067576 0.0381166 
Perityle_inyoensis_9_pleasant              0.0496424 0.0476129 0.0812301 0.1412846 0.0730218 0.0874664 0.2428852 0.0311622 0.0766047 0.0870230 0.0043589 0.0167676 0.0305755 0.0292839 0.0099085 0.0832981 0.0646330 0.0217101 0.0195674 0.0052489 0.0728732 0.0073218 0.0102482 0.3060071 0.0598812 0.0358101 0.3621338 0.0516320 0.1199818 0.0910308 0.0202647 0.0376032 0.4414300 0.0957356 0.0244336 0.0858166 0.0346326 0.0214142 0.3730911 0.0940343 0.0011261 0.0859167 0.0969631 0.0569936 0.0266815 0.0018076 0.0000000 0.0737695 0.0307580 0.0261464 0.0042307 0.0495309 0.0131209 0.0691080 0.0173420 0.0171105 0.0027909 0.0009139 0.0503838 0.0458984 0.0858307 0.0070668 0.0882570 0.0325136 0.0660848 0.0041296 0.0681744 0.0124285 0.0582494 0.0234267 0.0021519 0.0187614 0.0000010 0.0823768 0.0786360 0.0337640 0.0603109 0.0520160 0.0069574 0.0357628 
