84
Amauria_brandeegeana_62                    0.0000000 0.1367788 0.1140954 0.3247674 0.1660481 0.2426510 0.2127827 0.3391214 0.1542936 0.3754337 0.1814058 0.1230566 0.1989984 0.1663404 0.1705832 0.1900471 0.2283752 0.1148780 0.1202199 0.1142791 0.2004762 0.0807305 0.1946526 0.1333676 0.0969607 0.2179422 0.2017571 0.2030963 0.1738455 0.1162410 0.1877003 0.1845161 0.0930871 0.1772948 0.1876335 0.2324174 0.1670429 0.1716853 0.1614291 0.1098546 0.0776137 0.2207582 0.1686968 0.2367342 0.2205858 0.2022339 0.0479833 0.1939720 0.1958630 0.2362374 0.1993201 0.1988612 0.1846189 0.2249651 0.1118577 0.1531010 0.1064563 0.1027530 0.1931139 0.0530946 0.1952872 0.0774221 0.2223085 0.0917449 0.1691592 0.2033891 0.2187784 0.1392903 0.1768346 0.0976887 0.1993407 0.1850934 0.1923998 0.1978331 0.1364182 0.1810410 0.0992829 0.2180329 0.1982824 0.2226879 0.1844751 0.0997682 0.1961188 0.1436891 
Amauria_carterae_99_mesa                   0.1367788 0.0000000 0.1197381 0.2439267 0.1582202 0.2125828 0.1225925 0.2327482 0.0825091 0.1951973 0.1440423 0.1125395 0.1455997 0.1414135 0.1509624 0.1498862 0.2533375 0.0884100 0.0854433 0.0747738 0.1488153 0.0602418 0.1477218 0.1064114 0.0773052 0.1669170 0.1581560 0.1397586 0.1061009 0.0910626 0.1591738 0.1407545 0.0594238 0.1292806 0.0916897 0.1878457 0.1234426 0.1480177 0.1107506 0.0777137 0.0661826 0.1834515 0.1366832 0.1792785 0.1604484 0.1441450 0.0508166 0.1392113 0.1437554 0.1731702 0.1477735 0.1446165 0.1301695 0.1653952 0.0958143 0.1344247 0.0883950 0.0789568 0.1401567 0.0616968 0.1560653 0.0709967 0.1590888 0.0759505 0.1008184 0.1657414 0.1590137 0.1272116 0.1331272 0.0929223 0.1462810 0.1371132 0.1439369 0.1451832 0.1172262 0.1423148 0.0859194 0.1614573 0.1564361 0.1323558 0.1513260 0.0949134 0.1458441 0.0942013 
Amauria_rotundifolia_SRR9119150            0.1140954 0.1197381 0.0000000 0.3347635 0.1841269 0.2393440 0.2212657 0.3301989 0.1229992 0.4295926 0.1763987 0.1132435 0.1847359 0.1861067 0.1876462 0.1793344 0.2633714 0.1272142 0.1325231 0.1341925 0.1713927 0.0842360 0.1799839 0.1303951 0.1101932 0.1923377 0.1848328 0.2305625 0.1479703 0.1056861 0.1977019 0.1796049 0.0813715 0.1636812 0.2303209 0.2420459 0.1864896 0.1990405 0.1381513 0.1187334 0.0975070 0.2397063 0.1668178 0.2447686 0.1872685 0.1793931 0.0548512 0.1647038 0.1680412 0.2252602 0.1848968 0.1826105 0.1620946 0.1932232 0.1221439 0.1866618 0.1230512 0.1230968 0.1718940 0.0616400 0.1885113 0.0775026 0.1814134 0.1036433 0.1335937 0.1997579 0.1881962 0.1477567 0.2121759 0.1247999 0.1727484 0.1645182 0.1585714 0.1709292 0.1397270 0.1635253 0.1122498 0.2061767 0.1942227 0.2595551 0.1804882 0.1035483 0.1683122 0.1214946 
Conoclinium_coelestinum_SRR9119114         0.3247674 0.2439267 0.3347635 0.0000000 0.3128074 0.2637523 0.2454650 0.3492391 0.3203633 0.4272918 0.3347399 0.3210439 0.3200853 0.3265562 0.3266387 0.3151582 0.5000707 0.2974125 0.2903999 0.3125794 0.3181499 0.3487182 0.3183211 0.3274896 0.2922054 0.3237109 0.3351043 0.3160671 0.3662515 0.2997808 0.3123968 0.3114145 0.3245756 0.3119617 0.3558905 0.2965531 0.3310901 0.3223083 0.3349713 0.3123535 0.2407578 0.2941279 0.3090300 0.2885687 0.3162777 0.3307238 0.1842099 0.3173136 0.3128338 0.2963506 0.3229552 0.3217944 0.3217186 0.3237608 0.3183538 0.3040487 0.2963334 0.3111023 0.3217101 0.1634587 0.3350492 0.1210717 0.2885145 0.2307729 0.3195177 0.3494614 0.3162983 0.3339414 0.2941002 0.2443401 0.3310831 0.3119284 0.3403825 0.3205376 0.3136505 0.3216192 0.2338799 0.3345374 0.3155785 0.3185263 0.3337703 0.2375291 0.3153649 0.3167152 
Eutetras_palmeri_63                        0.1660481 0.1582202 0.1841269 0.3128074 0.0000000 0.1870357 0.2001395 0.2909075 0.0610939 0.3246472 0.0835646 0.0732903 0.0753088 0.0824688 0.0736504 0.0754349 0.1705297 0.0845519 0.0554820 0.0613531 0.0833567 0.0615479 0.0742278 0.0683746 0.0656944 0.0957801 0.0806014 0.1131209 0.1341801 0.0778421 0.0905544 0.0941335 0.0566502 0.0730156 0.1737694 0.1778990 0.0862091 0.0916222 0.0687044 0.0590912 0.0686312 0.1764344 0.0724076 0.1769631 0.1048747 0.0898192 0.0368761 0.0764308 0.0785741 0.1492170 0.0814503 0.0767571 0.0711293 0.0951577 0.0680464 0.0861556 0.0772147 0.0667285 0.0817478 0.0422144 0.1116759 0.0778690 0.1010915 0.0456081 0.0648184 0.1146627 0.0933419 0.1003001 0.0882372 0.0834400 0.0775635 0.0653178 0.0882705 0.0792766 0.0704768 0.0823677 0.0565511 0.1003374 0.0915115 0.1233675 0.0860530 0.0891409 0.0797611 0.0641259 
Eutrochium_fistulosum_SRR9119106           0.2426510 0.2125828 0.2393440 0.2637523 0.1870357 0.0000000 0.2293820 0.3429714 0.1521308 0.3895785 0.1931818 0.1536242 0.1969521 0.1940348 0.1936437 0.1839051 0.3009543 0.1590372 0.1495078 0.1625327 0.1935724 0.1427965 0.1907509 0.1525412 0.1426485 0.2095255 0.1986010 0.2557705 0.1783142 0.1592263 0.1965768 0.2029654 0.1436707 0.1842672 0.2167012 0.1997035 0.2050025 0.2073981 0.1615940 0.1483161 0.1082029 0.2015335 0.1767342 0.1996101 0.2066965 0.1959486 0.0735207 0.1905153 0.1930587 0.1915569 0.1969857 0.1934862 0.1771252 0.2072038 0.1571730 0.1939477 0.1653849 0.1538940 0.1962065 0.0711108 0.2240291 0.0938408 0.1875686 0.1334426 0.1629884 0.2286746 0.2056185 0.1870244 0.2150829 0.1285614 0.1975832 0.1803719 0.1884307 0.1911993 0.1655601 0.1920275 0.1391980 0.2179828 0.1980269 0.2557020 0.1938657 0.1575239 0.1898465 0.1481709 
Galeana_pratensis_104_mex                  0.2127827 0.1225925 0.2212657 0.2454650 0.2001395 0.2293820 0.0000000 0.3458864 0.1748989 0.2462509 0.1992708 0.1917304 0.1855597 0.1927007 0.1887712 0.1919433 0.2822457 0.1614184 0.1046427 0.1673282 0.1938990 0.1527840 0.1855533 0.1894236 0.1434825 0.2024401 0.2021368 0.1364251 0.1941959 0.1788215 0.2125027 0.1705759 0.1746650 0.1833940 0.1422585 0.2084397 0.1913341 0.2095836 0.1951388 0.1812911 0.1624073 0.2087028 0.1804998 0.2048461 0.2043451 0.1963410 0.0702492 0.1880242 0.1888361 0.2059262 0.1882805 0.1800289 0.1867297 0.2014541 0.1892423 0.1995500 0.1492136 0.1184725 0.1874753 0.0595898 0.2015731 0.0703755 0.1739674 0.0980292 0.1817944 0.2142607 0.1982390 0.2162891 0.1041637 0.1535151 0.1935845 0.1829377 0.2095397 0.1921415 0.1922758 0.1990434 0.1005316 0.2190911 0.1959775 0.1601207 0.2044831 0.1166474 0.1895112 0.1739572 
Helianthus_annuus_SRR9119062               0.3391214 0.2327482 0.3301989 0.3492391 0.2909075 0.3429714 0.3458864 0.0000000 0.2980824 0.3690183 0.3209579 0.3182549 0.3066104 0.3061153 0.3050788 0.3101798 0.3915699 0.2884661 0.2209654 0.2680630 0.3164786 0.3100876 0.3101402 0.3137399 0.2697194 0.3140685 0.3269737 0.2553045 0.3180868 0.3009397 0.3216729 0.2816405 0.2856964 0.3041996 0.2873716 0.3286165 0.2995100 0.3318886 0.3172280 0.2930880 0.2698096 0.3293222 0.3041659 0.3250288 0.3298262 0.3222442 0.1705317 0.3197741 0.3149747 0.3330225 0.3111710 0.3083229 0.3091653 0.3158322 0.2939525 0.3044150 0.2837143 0.2611236 0.3117723 0.1631983 0.3314104 0.1707097 0.2581706 0.2088409 0.3064189 0.3458166 0.3122294 0.3672839 0.2368685 0.2663876 0.3125127 0.3027929 0.3357482 0.3152849 0.3099210 0.3109913 0.2393898 0.3568528 0.3071189 0.2837424 0.3267073 0.2275399 0.3143059 0.2930218 
Lycapsus_tenuifolius_17                    0.1542936 0.0825091 0.1229992 0.3203633 0.0610939 0.1521308 0.1748989 0.2980824 0.0000000 0.3523905 0.0816639 0.0828534 0.0927466 0.0837688 0.0822985 0.0848950 0.1622321 0.0913028 0.0643574 0.0709537 0.0955585 0.0345737 0.0943799 0.0831230 0.0669408 0.1059424 0.0959880 0.1038699 0.0561319 0.0191222 0.0919407 0.0653982 0.0010484 0.0787349 0.1442323 0.1415560 0.0832886 0.0998578 0.0927160 0.0712892 0.0681564 0.1369825 0.0781150 0.1441890 0.1109278 0.0955810 0.0108140 0.0866111 0.0911153 0.1387179 0.0947399 0.0920731 0.0888373 0.1043095 0.0738629 0.0939711 0.0836315 0.0721423 0.0884703 0.0199708 0.1028638 0.0408716 0.0969227 0.0443698 0.0815655 0.1102862 0.1025751 0.1095077 0.0701989 0.0852189 0.0899848 0.0794406 0.0126625 0.0927874 0.0841722 0.0955429 0.0608838 0.1221785 0.0986641 0.1140906 0.0899731 0.0489615 0.0920390 0.0155807 
Pericome_caudata_50_silver                 0.3754337 0.1951973 0.4295926 0.4272918 0.3246472 0.3895785 0.2462509 0.3690183 0.3523905 0.0000000 0.3398991 0.2956423 0.3638346 0.3286360 0.3490704 0.3553332 0.3588666 0.1975387 0.2285142 0.2591816 0.3470107 0.0850499 0.3565491 0.3060198 0.1675152 0.3722567 0.3688009 0.3227136 0.2961562 0.2046202 0.3773096 0.2750788 0.2779743 0.3404405 0.2908086 0.3828157 0.3035014 0.3474620 0.3352822 0.2682905 0.1630664 0.3800223 0.3308253 0.3909362 0.3977129 0.3553680 0.0470824 0.3437027 0.3427008 0.3597899 0.3643903 0.3607040 0.3387131 0.3663427 0.2772693 0.2856054 0.1870873 0.2153750 0.3491187 0.0512658 0.3746838 0.0605782 0.3753313 0.0992416 0.3229554 0.3789335 0.3681082 0.3229201 0.2985257 0.1141858 0.3469045 0.3506358 0.3616393 0.3480658 0.3048419 0.3438579 0.1255895 0.3717663 0.3768102 0.3283599 0.3453394 0.1025953 0.3442707 0.3198762 
Perityle_aglossa_84_dead_horse             0.1814058 0.1440423 0.1763987 0.3347399 0.0835646 0.1931818 0.1992708 0.3209579 0.0816639 0.3398991 0.0000000 0.0188337 0.0293348 0.0228288 0.0318051 0.0291791 0.1783749 0.0691226 0.0231835 0.0183732 0.0237000 0.0421341 0.0277034 0.0275167 0.0101752 0.0746579 0.0376599 0.1121076 0.1434732 0.0954799 0.1050300 0.1063384 0.0740744 0.0124278 0.1596162 0.2108922 0.0255559 0.0909015 0.0344817 0.0212294 0.0231425 0.2106530 0.0180605 0.2104387 0.1000348 0.0324848 0.0141201 0.0204722 0.0443346 0.1467704 0.0317583 0.0275732 0.0256794 0.0817400 0.0165292 0.0945744 0.0420214 0.0310037 0.0217691 0.0081656 0.1053773 0.0445656 0.1019492 0.0357125 0.0052915 0.1109834 0.0669728 0.1067095 0.0946960 0.0436485 0.0192585 0.0194200 0.1060238 0.0248303 0.0251479 0.0289819 0.0225101 0.1080509 0.0882368 0.0698979 0.0055774 0.0819975 0.0492954 0.0556424 
Perityle_ajoensis_204                      0.1230566 0.1125395 0.1132435 0.3210439 0.0732903 0.1536242 0.1917304 0.3182549 0.0828534 0.2956423 0.0188337 0.0000000 0.0233321 0.0206644 0.0216371 0.0206298 0.1835722 0.0672753 0.0217511 0.0138624 0.0235479 0.0354622 0.0244793 0.0226021 0.0037520 0.0597681 0.0324691 0.1175266 0.1287155 0.0991270 0.1045276 0.1067809 0.0793983 0.0104837 0.0918891 0.1098635 0.0240968 0.0767210 0.0281285 0.0145912 0.0186903 0.1056186 0.0116251 0.1085351 0.0791673 0.0298787 0.0101434 0.0178059 0.0198596 0.1102422 0.0243182 0.0205773 0.0215032 0.0600885 0.0159002 0.0906267 0.0401599 0.0266677 0.0046105 0.0020337 0.1063312 0.0481945 0.0927430 0.0335697 0.0123326 0.1139998 0.0539117 0.1046796 0.0693576 0.0401916 0.0204953 0.0133005 0.1049756 0.0254915 0.0205129 0.0263389 0.0237115 0.1020999 0.0704039 0.0812722 0.0263283 0.0780212 0.0207807 0.0562348 
Perityle_ambrosiifolia_67_green            0.1989984 0.1455997 0.1847359 0.3200853 0.0753088 0.1969521 0.1855597 0.3066104 0.0927466 0.3638346 0.0293348 0.0233321 0.0000000 0.0302836 0.0271612 0.0207515 0.1634337 0.0631572 0.0190146 0.0089620 0.0308460 0.0172836 0.0223917 0.0207222 0.0087860 0.0748046 0.0398429 0.1060514 0.1463092 0.0943798 0.1000593 0.1006712 0.0787166 0.0184830 0.1587797 0.1896427 0.0275808 0.0855805 0.0398737 0.0058690 0.0200776 0.1877635 0.0221024 0.1885565 0.0910345 0.0407450 0.0040093 0.0228257 0.0282201 0.1495529 0.0144930 0.0114047 0.0191102 0.0726048 0.0212201 0.0958443 0.0360792 0.0214342 0.0287869 0.0040757 0.1045415 0.0445656 0.1036119 0.0282495 0.0202318 0.1185214 0.0700899 0.1044002 0.0795526 0.0384266 0.0286795 0.0142098 0.1105590 0.0325190 0.0247481 0.0315614 0.0221947 0.1217057 0.0887604 0.0639908 0.0356414 0.0726330 0.0296741 0.0599434 
Perityle_angustifolia_13_Eagle_creek       0.1663404 0.1414135 0.1861067 0.3265562 0.0824688 0.1940348 0.1927007 0.3061153 0.0837688 0.3286360 0.0228288 0.0206644 0.0302836 0.0000000 0.0296529 0.0278152 0.1659816 0.0691259 0.0127338 0.0172669 0.0237120 0.0210416 0.0252195 0.0227459 0.0075553 0.0694159 0.0331942 0.1141506 0.1470886 0.0956919 0.1002752 0.1071610 0.0774826 0.0077055 0.1558386 0.1698631 0.0177700 0.0830137 0.0321551 0.0170499 0.0202711 0.1667603 0.0183324 0.1676272 0.0849576 0.0301626 0.0101499 0.0178471 0.0185532 0.1454808 0.0286233 0.0269963 0.0237575 0.0697499 0.0066743 0.1012720 0.0391048 0.0269549 0.0209921 0.0040956 0.0990931 0.0556035 0.0941045 0.0356278 0.0101565 0.1095339 0.0668649 0.1050512 0.0793819 0.0406400 0.0082463 0.0153112 0.1103585 0.0235778 0.0223384 0.0239132 0.0224093 0.1115394 0.0718539 0.0741521 0.0285246 0.0770357 0.0202602 0.0614868 
Perityle_batopilensis_97                   0.1705832 0.1509624 0.1876462 0.3266387 0.0736504 0.1936437 0.1887712 0.3050788 0.0822985 0.3490704 0.0318051 0.0216371 0.0271612 0.0296529 0.0000000 0.0228092 0.1671383 0.0674212 0.0257117 0.0151221 0.0302025 0.0246527 0.0272502 0.0236057 0.0139314 0.0746618 0.0334787 0.1116401 0.1424347 0.0890688 0.0948857 0.1002906 0.0735307 0.0173778 0.1544004 0.2072716 0.0314787 0.0948717 0.0052701 0.0159421 0.0227917 0.2054809 0.0222071 0.2052644 0.1007857 0.0366283 0.0101180 0.0229103 0.0419077 0.1478995 0.0271545 0.0255091 0.0225041 0.0817317 0.0233593 0.0963577 0.0388346 0.0256199 0.0239829 0.0102990 0.1020640 0.0447510 0.0922841 0.0368734 0.0186470 0.1126606 0.0671569 0.1070087 0.0936944 0.0387231 0.0248896 0.0178544 0.1061763 0.0325980 0.0286271 0.0332310 0.0314116 0.1074881 0.0895198 0.0680184 0.0333642 0.0768911 0.0419077 0.0581520 
Perityle_bisetosa_9                        0.1900471 0.1498862 0.1793344 0.3151582 0.0754349 0.1839051 0.1919433 0.3101798 0.0848950 0.3553332 0.0291791 0.0206298 0.0207515 0.0278152 0.0228092 0.0000000 0.1620859 0.0610236 0.0215913 0.0070064 0.0294205 0.0207658 0.0249439 0.0162636 0.0075739 0.0735621 0.0324238 0.1085551 0.1394525 0.0857689 0.0954236 0.0935314 0.0720054 0.0153217 0.1564236 0.2095830 0.0240852 0.0851752 0.0405468 0.0098882 0.0134204 0.2098274 0.0204791 0.2101756 0.0977185 0.0361997 0.0080450 0.0223308 0.0476590 0.1480231 0.0241683 0.0179218 0.0143689 0.0810486 0.0193534 0.0920509 0.0296249 0.0228856 0.0263614 0.0081785 0.1014300 0.0483174 0.0956367 0.0301544 0.0171351 0.1182294 0.0683091 0.1016299 0.0953336 0.0276694 0.0252120 0.0134125 0.1021297 0.0277031 0.0239314 0.0283225 0.0222843 0.1169007 0.0934965 0.0612357 0.0298846 0.0725522 0.0554782 0.0540036 
Perityle_californica_76_positas            0.2283752 0.2533375 0.2633714 0.5000707 0.1705297 0.3009543 0.2822457 0.3915699 0.1622321 0.3588666 0.1783749 0.1835722 0.1634337 0.1659816 0.1671383 0.1620859 0.0000000 0.1916679 0.1663383 0.1586695 0.1709335 0.0621108 0.1705142 0.1633344 0.1662945 0.1588865 0.1762673 0.1893411 0.2358056 0.1945973 0.1107662 0.1942710 0.1657997 0.1629417 0.2624703 0.2415648 0.1739862 0.1984554 0.1705765 0.1577228 0.1988423 0.2440070 0.1590955 0.2416019 0.1923371 0.1752891 0.1093078 0.1699173 0.1648173 0.2436041 0.1678481 0.1628877 0.1644571 0.1616973 0.1674068 0.2110185 0.1820076 0.1662758 0.1761345 0.1894131 0.1927397 0.3255610 0.1795532 0.1639502 0.1597814 0.2042426 0.1565238 0.1983194 0.1542880 0.2287966 0.1615635 0.1543937 0.1770128 0.1710947 0.1677092 0.1782939 0.1608012 0.1950464 0.1821744 0.1603104 0.1749546 0.2150512 0.1665573 0.1424258 
Perityle_canescens_77                      0.1148780 0.0884100 0.1272142 0.2974125 0.0845519 0.1590372 0.1614184 0.2884661 0.0913028 0.1975387 0.0691226 0.0672753 0.0631572 0.0691259 0.0674212 0.0610236 0.1916679 0.0000000 0.0623094 0.0540172 0.0717071 0.0471930 0.0647270 0.0579760 0.0592334 0.0833553 0.0798582 0.1047713 0.1308594 0.1135873 0.1232335 0.1080784 0.0930670 0.0573077 0.0835660 0.1120033 0.0739750 0.0712102 0.0733274 0.0579534 0.0512900 0.1105085 0.0611620 0.1075423 0.0679684 0.0721554 0.0225959 0.0665323 0.0666921 0.1096655 0.0621760 0.0610522 0.0608588 0.0850646 0.0650993 0.0788594 0.0766246 0.0662948 0.0626066 0.0294419 0.1029937 0.0588872 0.0905191 0.0499296 0.0596090 0.1053134 0.0835173 0.1104287 0.0504866 0.0570673 0.0671231 0.0531424 0.1158495 0.0731279 0.0717912 0.0750321 0.0521060 0.1092095 0.0109613 0.0850398 0.0769250 0.0744414 0.0694036 0.0754785 
Perityle_castillonii_96                    0.1202199 0.0854433 0.1325231 0.2903999 0.0554820 0.1495078 0.1046427 0.2209654 0.0643574 0.2285142 0.0231835 0.0217511 0.0190146 0.0127338 0.0257117 0.0215913 0.1663383 0.0623094 0.0000000 0.0153909 0.0243085 0.0277514 0.0203062 0.0216768 0.0087966 0.0715042 0.0296037 0.1083178 0.1358983 0.0799978 0.0728250 0.0952752 0.0662779 0.0102512 0.1284878 0.1024638 0.0163818 0.0786558 0.0293233 0.0154860 0.0136281 0.1025672 0.0155569 0.1004227 0.0719472 0.0240388 0.0100375 0.0203722 0.0205365 0.1030621 0.0216509 0.0191096 0.0203869 0.0732650 0.0091783 0.0863661 0.0306591 0.0278597 0.0205664 0.0061154 0.0950841 0.0517606 0.0864511 0.0308877 0.0090127 0.1038835 0.0698362 0.1013269 0.0672258 0.0387367 0.0138469 0.0115937 0.0864011 0.0269230 0.0217573 0.0254614 0.0174645 0.1048656 0.0612569 0.0191519 0.0257399 0.0793600 0.0205592 0.0452411 
Perityle_cernua_84                         0.1142791 0.0747738 0.1341925 0.3125794 0.0613531 0.1625327 0.1673282 0.2680630 0.0709537 0.2591816 0.0183732 0.0138624 0.0089620 0.0172669 0.0151221 0.0070064 0.1586695 0.0540172 0.0153909 0.0000000 0.0203250 0.0175164 0.0140903 0.0070744 0.0025481 0.0559669 0.0214437 0.1075442 0.1348982 0.0858088 0.0956838 0.0935321 0.0723126 0.0061513 0.1237263 0.1134908 0.0193653 0.0712813 0.0181204 0.0040979 0.0111877 0.1121747 0.0113041 0.1098213 0.0677235 0.0241036 0.0020211 0.0131363 0.0153125 0.1127887 0.0089986 0.0080172 0.0079939 0.0573439 0.0115139 0.0824808 0.0259821 0.0166419 0.0121394 0.0020534 0.0899434 0.0450260 0.0863747 0.0236041 0.0082147 0.0999418 0.0536380 0.0946802 0.0580617 0.0294660 0.0140249 0.0010159 0.0943377 0.0203650 0.0172835 0.0222890 0.0164656 0.0979392 0.0569229 0.0406808 0.0233946 0.0687802 0.0163390 0.0421468 
Perityle_cfvillosa_25_tin                  0.2004762 0.1488153 0.1713927 0.3181499 0.0833567 0.1935724 0.1938990 0.3164786 0.0955585 0.3470107 0.0237000 0.0235479 0.0308460 0.0237120 0.0302025 0.0294205 0.1709335 0.0717071 0.0243085 0.0203250 0.0000000 0.0420346 0.0254588 0.0265224 0.0024904 0.0639634 0.0374464 0.1136011 0.1530593 0.1001276 0.1009128 0.1068867 0.0831696 0.0103867 0.1636571 0.1666890 0.0277164 0.0834007 0.0337036 0.0180461 0.0216569 0.1632576 0.0066993 0.1639432 0.0856307 0.0321119 0.0120693 0.0045837 0.0007574 0.1461161 0.0340592 0.0293805 0.0284621 0.0633376 0.0193557 0.1018556 0.0459164 0.0362556 0.0239847 0.0000010 0.1056967 0.0481108 0.0970867 0.0391409 0.0134737 0.1146668 0.0624998 0.1085368 0.0888245 0.0440031 0.0191444 0.0171509 0.1145092 0.0083432 0.0054075 0.0189515 0.0014565 0.1202419 0.0791043 0.0788348 0.0290952 0.0846784 0.0000010 0.0665833 
Perityle_cinerea_113_Powell1310            0.0807305 0.0602418 0.0842360 0.3487182 0.0615479 0.1427965 0.1527840 0.3100876 0.0345737 0.0850499 0.0421341 0.0354622 0.0172836 0.0210416 0.0246527 0.0207658 0.0621108 0.0471930 0.0277514 0.0175164 0.0420346 0.0000000 0.0278766 0.0207642 0.0215221 0.0806839 0.0423462 0.1151807 0.0531168 0.0605003 0.0677677 0.0849556 0.0412913 0.0213193 0.0272054 0.0657519 0.0349462 0.0583650 0.0243997 0.0175158 0.0044835 0.0694393 0.0215494 0.0614828 0.0656328 0.0313588 0.0159282 0.0384867 0.0388908 0.0650461 0.0208037 0.0173580 0.0207921 0.0809513 0.0210433 0.0584052 0.0390626 0.0281629 0.0359537 0.0138182 0.0988641 0.2354591 0.0777479 0.0492778 0.0215248 0.1179914 0.0752395 0.0966118 0.0459324 0.0578320 0.0242546 0.0174393 0.0529574 0.0384867 0.0420925 0.0385815 0.0354189 0.0964806 0.0421376 0.0247788 0.0462453 0.1113297 0.0386017 0.0406600 
Perityle_coahuilensis_24                   0.1946526 0.1477218 0.1799839 0.3183211 0.0742278 0.1907509 0.1855533 0.3101402 0.0943799 0.3565491 0.0277034 0.0244793 0.0223917 0.0252195 0.0272502 0.0249439 0.1705142 0.0647270 0.0203062 0.0140903 0.0254588 0.0278766 0.0000000 0.0217903 0.0125886 0.0708046 0.0346790 0.1064206 0.1510355 0.0964679 0.0977487 0.1009122 0.0829033 0.0160946 0.1596510 0.2145386 0.0285786 0.0842360 0.0479720 0.0059273 0.0201984 0.2140134 0.0186645 0.2129766 0.0977002 0.0323790 0.0100633 0.0217874 0.0455085 0.1520866 0.0220124 0.0201553 0.0234005 0.0832345 0.0202977 0.0940324 0.0361750 0.0229116 0.0270936 0.0061207 0.1012795 0.0481108 0.0978302 0.0318594 0.0172224 0.1154447 0.0696656 0.1067985 0.0918271 0.0388503 0.0228705 0.0121269 0.1110823 0.0468247 0.0219474 0.0307708 0.0207537 0.1202309 0.0896173 0.0650885 0.0290438 0.0763287 0.0649272 0.0601863 
Perityle_cochisensis_44_cave_creek         0.1333676 0.1064114 0.1303951 0.3274896 0.0683746 0.1525412 0.1894236 0.3137399 0.0831230 0.3060198 0.0275167 0.0226021 0.0207222 0.0227459 0.0236057 0.0162636 0.1633344 0.0579760 0.0216768 0.0070744 0.0265224 0.0207642 0.0217903 0.0000000 0.0113452 0.0596042 0.0303510 0.1062915 0.1428201 0.0973348 0.1016320 0.1003806 0.0775701 0.0129298 0.1189211 0.1229312 0.0249661 0.0759084 0.0289414 0.0099074 0.0200149 0.1153378 0.0196290 0.1183142 0.0789982 0.0326037 0.0100377 0.0199988 0.0229708 0.1187348 0.0216686 0.0199071 0.0152424 0.0599129 0.0185442 0.0829059 0.0347700 0.0240068 0.0209321 0.0102039 0.1039402 0.0375743 0.0908504 0.0300040 0.0157228 0.1084521 0.0539468 0.1008744 0.0628489 0.0412689 0.0216675 0.0091373 0.1077635 0.0265560 0.0244257 0.0282515 0.0252150 0.1011521 0.0618594 0.0690101 0.0348226 0.0696421 0.0238429 0.0579054 
Perityle_congesta_202                      0.0969607 0.0773052 0.1101932 0.2922054 0.0656944 0.1426485 0.1434825 0.2697194 0.0669408 0.1675152 0.0101752 0.0037520 0.0087860 0.0075553 0.0139314 0.0075739 0.1662945 0.0592334 0.0087966 0.0025481 0.0024904 0.0215221 0.0125886 0.0113452 0.0000000 0.0521885 0.0282457 0.0845885 0.1128443 0.0993640 0.0956541 0.0916294 0.0718209 0.0012657 0.0531753 0.0960746 0.0125615 0.0685378 0.0189098 0.0063956 0.0048687 0.0962385 0.0012501 0.0943215 0.0579215 0.0163388 0.0040623 0.0012517 0.0000010 0.0982768 0.0113608 0.0088445 0.0113448 0.0524456 0.0037688 0.0789751 0.0279604 0.0164685 0.0000010 0.0000010 0.0796809 0.0450820 0.0718083 0.0242100 0.0025597 0.0897502 0.0489026 0.0957274 0.0535179 0.0287700 0.0087573 0.0025707 0.0960545 0.0062384 0.0012456 0.0112745 0.0000010 0.0971280 0.0572177 0.0183744 0.0165279 0.0699137 0.0000010 0.0543602 
Perityle_cordifolia_27                     0.2179422 0.1669170 0.1923377 0.3237109 0.0957801 0.2095255 0.2024401 0.3140685 0.1059424 0.3722567 0.0746579 0.0597681 0.0748046 0.0694159 0.0746618 0.0735621 0.1588865 0.0833553 0.0715042 0.0559669 0.0639634 0.0806839 0.0708046 0.0596042 0.0521885 0.0000000 0.0774958 0.1163140 0.1614296 0.1134514 0.0971073 0.0934568 0.0901322 0.0586729 0.1770878 0.2056402 0.0728545 0.1121008 0.0735737 0.0541889 0.0408160 0.2032101 0.0638786 0.2047289 0.1100810 0.0742258 0.0162616 0.0584938 0.0625581 0.1680511 0.0752918 0.0726729 0.0635220 0.0130571 0.0611011 0.1217727 0.0774180 0.0700266 0.0671715 0.0356471 0.1147109 0.0488356 0.0984428 0.0016237 0.0569889 0.1249921 0.0110990 0.1194308 0.1079413 0.0699818 0.0613903 0.0590295 0.1197921 0.0688391 0.0615532 0.0678517 0.0469869 0.1270670 0.1039414 0.1309237 0.0726026 0.0852269 0.0657456 0.0815206 
Perityle_cordifolia_68_tecolote            0.2017571 0.1581560 0.1848328 0.3351043 0.0806014 0.1986010 0.2021368 0.3269737 0.0959880 0.3688009 0.0376599 0.0324691 0.0398429 0.0331942 0.0334787 0.0324238 0.1762673 0.0798582 0.0296037 0.0214437 0.0374464 0.0423462 0.0346790 0.0303510 0.0282457 0.0774958 0.0000000 0.1123598 0.1524602 0.1080088 0.0967368 0.1057669 0.0848219 0.0234978 0.1640675 0.2158661 0.0370610 0.0965341 0.0562451 0.0212054 0.0272428 0.2165962 0.0283951 0.2205630 0.1148006 0.0396414 0.0141832 0.0327655 0.0577320 0.1564620 0.0388031 0.0308697 0.0317600 0.0903781 0.0304399 0.1060459 0.0101805 0.0390232 0.0452693 0.0164926 0.1109828 0.0553936 0.1080628 0.0392217 0.0292832 0.1304206 0.0755403 0.1125433 0.1013294 0.0505775 0.0347181 0.0248681 0.1118545 0.0432693 0.0344268 0.0387167 0.0316430 0.1306774 0.1038710 0.0726759 0.0361310 0.0843000 0.0796302 0.0636648 
Perityle_coronopifolia_28_patagonia        0.2030963 0.1397586 0.2305625 0.3160671 0.1131209 0.2557705 0.1364251 0.2553045 0.1038699 0.3227136 0.1121076 0.1175266 0.1060514 0.1141506 0.1116401 0.1085551 0.1893411 0.1047713 0.1083178 0.1075442 0.1136011 0.1151807 0.1064206 0.1062915 0.0845885 0.1163140 0.1123598 0.0000000 0.1685473 0.1040812 0.1027686 0.1097055 0.1023237 0.1001893 0.2157427 0.2383664 0.1097628 0.1409067 0.1165621 0.1050338 0.0753005 0.2315207 0.1015559 0.2326880 0.1288638 0.1182128 0.0532624 0.1098999 0.1077902 0.1945450 0.1089489 0.1054486 0.1073742 0.1180682 0.1091839 0.0940209 0.1121015 0.1005887 0.1140918 0.0590530 0.0257206 0.0622832 0.1245153 0.0817675 0.1087810 0.0239587 0.1164893 0.1213666 0.1175204 0.1100432 0.1052040 0.0971918 0.1206074 0.1123223 0.1099660 0.1141200 0.0908675 0.1168080 0.1279063 0.1029577 0.1152804 0.0193032 0.1090699 0.0985287 
Perityle_crassifolia_70_ventanas           0.1738455 0.1061009 0.1479703 0.3662515 0.1341801 0.1783142 0.1941959 0.3180868 0.0561319 0.2961562 0.1434732 0.1287155 0.1463092 0.1470886 0.1424347 0.1394525 0.2358056 0.1308594 0.1358983 0.1348982 0.1530593 0.0531168 0.1510355 0.1428201 0.1128443 0.1614296 0.1524602 0.1685473 0.0000000 0.0322597 0.1593145 0.1281579 0.0472171 0.1380639 0.1460156 0.1661711 0.1529255 0.1628920 0.1439278 0.1335655 0.0922601 0.1671436 0.1433351 0.1606447 0.1699750 0.1547629 0.0246119 0.1446242 0.1502582 0.1666226 0.1480597 0.1448363 0.1424909 0.1597924 0.1308996 0.1623458 0.1211947 0.1279443 0.1460340 0.0359512 0.1566095 0.0639410 0.1538213 0.0615925 0.1314716 0.1653862 0.1577119 0.1614633 0.1315216 0.1120542 0.1481021 0.1338403 0.0483627 0.1522708 0.1450309 0.1533326 0.0864987 0.1786929 0.1583939 0.1727684 0.1495904 0.0755798 0.1502224 0.0677939 
Perityle_crassifolia_74_playa_balandra     0.1162410 0.0910626 0.1056861 0.2997808 0.0778421 0.1592263 0.1788215 0.3009397 0.0191222 0.2046202 0.0954799 0.0991270 0.0943798 0.0956919 0.0890688 0.0857689 0.1945973 0.1135873 0.0799978 0.0858088 0.1001276 0.0605003 0.0964679 0.0973348 0.0993640 0.1134514 0.1080088 0.1040812 0.0322597 0.0000000 0.1175066 0.0784688 0.0188399 0.0855679 0.0631202 0.1452114 0.1010912 0.1116905 0.0958054 0.0875013 0.0771475 0.1463428 0.0872207 0.1427534 0.1030960 0.1030743 0.0289163 0.0895860 0.0977877 0.1470204 0.0947707 0.0892365 0.0947073 0.1123793 0.0912044 0.1088028 0.1082622 0.0929145 0.0942567 0.0381627 0.0952210 0.0679950 0.0991304 0.0690938 0.0878492 0.1081621 0.1075322 0.1285771 0.0730213 0.1081996 0.0962815 0.0848891 0.0307689 0.1004090 0.0988924 0.1023373 0.0858894 0.1319077 0.1090160 0.0777552 0.1043204 0.0729515 0.0977316 0.0000010 
Perityle_cuneata_34_cuneata_San_antonio    0.1877003 0.1591738 0.1977019 0.3123968 0.0905544 0.1965768 0.2125027 0.3216729 0.0919407 0.3773096 0.1050300 0.1045276 0.1000593 0.1002752 0.0948857 0.0954236 0.1107662 0.1232335 0.0728250 0.0956838 0.1009128 0.0677677 0.0977487 0.1016320 0.0956541 0.0971073 0.0967368 0.1027686 0.1593145 0.1175066 0.0000000 0.0725204 0.0892586 0.0876886 0.1961089 0.2001580 0.1084023 0.1317603 0.1034197 0.0930455 0.0943828 0.2003064 0.0945081 0.2018274 0.1312938 0.1043803 0.0081649 0.0938384 0.0956786 0.1827327 0.1031792 0.1014958 0.1001663 0.0973696 0.1003875 0.1334770 0.1074245 0.1017961 0.0998347 0.0344555 0.1164474 0.0502484 0.0905224 0.0541297 0.0915696 0.1291939 0.0918652 0.1373407 0.0905180 0.1148327 0.0949859 0.0827895 0.1121404 0.1001325 0.1069464 0.1095784 0.0825624 0.1318749 0.1141497 0.1290165 0.1125609 0.0815188 0.0976338 0.0758737 
Perityle_cuneata_4                         0.1845161 0.1407545 0.1796049 0.3114145 0.0941335 0.2029654 0.1705759 0.2816405 0.0653982 0.2750788 0.1063384 0.1067809 0.1006712 0.1071610 0.1002906 0.0935314 0.1942710 0.1080784 0.0952752 0.0935321 0.1068867 0.0849556 0.1009122 0.1003806 0.0916294 0.0934568 0.1057669 0.1097055 0.1281579 0.0784688 0.0725204 0.0000000 0.0613231 0.0921502 0.1989054 0.1875264 0.1086700 0.1285677 0.1070680 0.0909921 0.0776135 0.1913699 0.0972122 0.1859477 0.1189148 0.1116790 0.0224991 0.0971020 0.1014442 0.1875236 0.1035786 0.1014811 0.0969176 0.0952426 0.0973118 0.1208377 0.1073850 0.1040330 0.1027037 0.0509478 0.0998779 0.0742637 0.1070852 0.0631423 0.0954878 0.1150029 0.0924115 0.1347056 0.1068124 0.1136040 0.0985683 0.0858766 0.0836437 0.1059181 0.1023510 0.1066895 0.0805186 0.1310033 0.1158254 0.0980352 0.1121553 0.0892573 0.1028001 0.0549163 
Perityle_discoidea_81                      0.0930871 0.0594238 0.0813715 0.3245756 0.0566502 0.1436707 0.1746650 0.2856964 0.0010484 0.2779743 0.0740744 0.0793983 0.0787166 0.0774826 0.0735307 0.0720054 0.1657997 0.0930670 0.0662779 0.0723126 0.0831696 0.0412913 0.0829033 0.0775701 0.0718209 0.0901322 0.0848219 0.1023237 0.0472171 0.0188399 0.0892586 0.0613231 0.0000000 0.0665707 0.1099653 0.1233193 0.0817405 0.0974082 0.0811022 0.0721893 0.0682827 0.1232426 0.0725205 0.1191320 0.0975786 0.0821261 0.0128321 0.0747415 0.0788467 0.1252212 0.0788599 0.0742913 0.0754783 0.0881932 0.0714781 0.0904062 0.0887357 0.0771639 0.0760388 0.0220794 0.0884024 0.0407391 0.0775317 0.0438888 0.0676225 0.0992809 0.0866366 0.1030479 0.0656822 0.0876878 0.0767138 0.0676299 0.0115138 0.0808924 0.0797855 0.0850808 0.0635189 0.1072300 0.0864868 0.1109415 0.0809605 0.0502025 0.0799424 0.0111815 
Perityle_dissecta_201                      0.1772948 0.1292806 0.1636812 0.3119617 0.0730156 0.1842672 0.1833940 0.3041996 0.0787349 0.3404405 0.0124278 0.0104837 0.0184830 0.0077055 0.0173778 0.0153217 0.1629417 0.0573077 0.0102512 0.0061513 0.0103867 0.0213193 0.0160946 0.0129298 0.0012657 0.0586729 0.0234978 0.1001893 0.1380639 0.0855679 0.0876886 0.0921502 0.0665707 0.0000000 0.1530369 0.1536868 0.0134927 0.0746576 0.0221588 0.0081075 0.0068246 0.1500490 0.0068163 0.1534692 0.0775488 0.0143457 0.0040721 0.0056157 0.0064165 0.1365214 0.0201806 0.0153194 0.0115851 0.0588919 0.0029294 0.0897569 0.0277524 0.0196040 0.0104728 0.0000010 0.0933024 0.0450182 0.0886332 0.0257205 0.0017367 0.1013050 0.0569336 0.0951478 0.0746682 0.0285914 0.0055557 0.0056919 0.0994453 0.0112128 0.0083105 0.0108084 0.0075139 0.1012899 0.0681459 0.0620059 0.0167476 0.0680526 0.0072183 0.0500404 
Perityle_emoryi_47_punta_san_jose          0.1876335 0.0916897 0.2303209 0.3558905 0.1737694 0.2167012 0.1422585 0.2873716 0.1442323 0.2908086 0.1596162 0.0918891 0.1587797 0.1558386 0.1544004 0.1564236 0.2624703 0.0835660 0.1284878 0.1237263 0.1636571 0.0272054 0.1596510 0.1189211 0.0531753 0.1770878 0.1640675 0.2157427 0.1460156 0.0631202 0.1961089 0.1989054 0.1099653 0.1530369 0.0000000 0.1872218 0.1679924 0.1928318 0.1339982 0.1190293 0.0424981 0.1850629 0.1530428 0.1798037 0.2027633 0.1683106 0.0087246 0.1554092 0.1595718 0.1714758 0.1610744 0.1535523 0.1492947 0.1751451 0.1047912 0.1853792 0.0685515 0.0941914 0.1491392 0.0088988 0.1898180 0.0338346 0.2092916 0.0292963 0.1370783 0.2023233 0.1730446 0.1426527 0.1900663 0.0566776 0.1595594 0.1483812 0.1817260 0.1616170 0.1383127 0.1644278 0.0362967 0.1990193 0.1741591 0.1942777 0.1621129 0.0568780 0.1594366 0.1414226 
Perityle_feddemae_99                       0.2324174 0.1878457 0.2420459 0.2965531 0.1778990 0.1997035 0.2084397 0.3286165 0.1415560 0.3828157 0.2108922 0.1098635 0.1896427 0.1698631 0.2072716 0.2095830 0.2415648 0.1120033 0.1024638 0.1134908 0.1666890 0.0657519 0.2145386 0.1229312 0.0960746 0.2056402 0.2158661 0.2383664 0.1661711 0.1452114 0.2001580 0.1875264 0.1233193 0.1536868 0.1872218 0.0000000 0.1635903 0.2115177 0.1270492 0.1103795 0.0749934 0.0071367 0.1473149 0.0085309 0.2258714 0.1836252 0.0266027 0.1537495 0.2092424 0.0099111 0.1937363 0.2010925 0.1447111 0.2276025 0.1118528 0.1751022 0.1149534 0.0856828 0.2005808 0.0337094 0.1989659 0.0308607 0.1618115 0.0560475 0.1197117 0.1967540 0.1900604 0.1630555 0.2420718 0.0753207 0.1688352 0.2020478 0.1777466 0.1943857 0.1242543 0.1503014 0.0557490 0.1952917 0.2234121 0.2647840 0.1595618 0.0994013 0.2102947 0.1346986 
Perityle_fosteri_93                        0.1670429 0.1234426 0.1864896 0.3310901 0.0862091 0.2050025 0.1913341 0.2995100 0.0832886 0.3035014 0.0255559 0.0240968 0.0275808 0.0177700 0.0314787 0.0240852 0.1739862 0.0739750 0.0163818 0.0193653 0.0277164 0.0349462 0.0285786 0.0249661 0.0125615 0.0728545 0.0370610 0.1097628 0.1529255 0.1010912 0.1084023 0.1086700 0.0817405 0.0134927 0.1679924 0.1635903 0.0000000 0.0880873 0.0349279 0.0192451 0.0193041 0.1605991 0.0211088 0.1600827 0.0857631 0.0211832 0.0161603 0.0214497 0.0233204 0.1459963 0.0277069 0.0241213 0.0239114 0.0741710 0.0140616 0.0953818 0.0456638 0.0333341 0.0232823 0.0081707 0.0982138 0.0517264 0.0956317 0.0406310 0.0127207 0.1047137 0.0719647 0.1091713 0.0838170 0.0436727 0.0149449 0.0153568 0.1079265 0.0286561 0.0265299 0.0279889 0.0282880 0.1143966 0.0734712 0.0681115 0.0325366 0.0840646 0.0242432 0.0561813 
Perityle_gamon_221                         0.1716853 0.1480177 0.1990405 0.3223083 0.0916222 0.2073981 0.2095836 0.3318886 0.0998578 0.3474620 0.0909015 0.0767210 0.0855805 0.0830137 0.0948717 0.0851752 0.1984554 0.0712102 0.0786558 0.0712813 0.0834007 0.0583650 0.0842360 0.0759084 0.0685378 0.1121008 0.0965341 0.1409067 0.1628920 0.1116905 0.1317603 0.1285677 0.0974082 0.0746576 0.1928318 0.2115177 0.0880873 0.0000000 0.0856410 0.0693594 0.0551101 0.2058504 0.0765552 0.2046758 0.0420295 0.0936743 0.0308799 0.0800711 0.0817805 0.1524084 0.0864888 0.0879663 0.0791058 0.1134274 0.0733183 0.0863315 0.0985757 0.0881919 0.0851626 0.0380890 0.1214280 0.0638764 0.1135905 0.0632961 0.0730829 0.1262472 0.1065398 0.1256959 0.0675742 0.0845590 0.0784667 0.0777010 0.1227548 0.0877830 0.0750787 0.0886477 0.0627670 0.1288336 0.0646994 0.1358795 0.0936945 0.0870583 0.0854315 0.0835817 
Perityle_gentryi_8_san_francisco           0.1614291 0.1107506 0.1381513 0.3349713 0.0687044 0.1615940 0.1951388 0.3172280 0.0927160 0.3352822 0.0344817 0.0281285 0.0398737 0.0321551 0.0052701 0.0405468 0.1705765 0.0733274 0.0293233 0.0181204 0.0337036 0.0243997 0.0479720 0.0289414 0.0189098 0.0735737 0.0562451 0.1165621 0.1439278 0.0958054 0.1034197 0.1070680 0.0811022 0.0221588 0.1339982 0.1270492 0.0349279 0.0856410 0.0000000 0.0208406 0.0267334 0.1225442 0.0259829 0.1270686 0.1061209 0.0388402 0.0120868 0.0494523 0.0527916 0.1244820 0.0344243 0.0448505 0.0283700 0.0867566 0.0284803 0.0928548 0.0451356 0.0331222 0.0448790 0.0122702 0.1101760 0.0516694 0.0977264 0.0401549 0.0456890 0.1451813 0.0890636 0.1138855 0.0727836 0.0416202 0.0514146 0.0428374 0.1106385 0.0613312 0.0336510 0.0387941 0.0372581 0.1412838 0.0987115 0.0789734 0.0389711 0.0755028 0.0544729 0.0606362 
Perityle_gilensis_22_Superstition          0.1098546 0.0777137 0.1187334 0.3123535 0.0590912 0.1483161 0.1812911 0.2930880 0.0712892 0.2682905 0.0212294 0.0145912 0.0058690 0.0170499 0.0159421 0.0098882 0.1577228 0.0579534 0.0154860 0.0040979 0.0180461 0.0175158 0.0059273 0.0099074 0.0063956 0.0541889 0.0212054 0.1050338 0.1335655 0.0875013 0.0930455 0.0909921 0.0721893 0.0081075 0.1190293 0.1103795 0.0192451 0.0693594 0.0208406 0.0000000 0.0122489 0.1103322 0.0111523 0.1078344 0.0668528 0.0268270 0.0020383 0.0139190 0.0150894 0.1110381 0.0058932 0.0049248 0.0098837 0.0566463 0.0123006 0.0811736 0.0288259 0.0167249 0.0129863 0.0020659 0.0874886 0.0455509 0.0795913 0.0253402 0.0101248 0.0963386 0.0519329 0.0924730 0.0607443 0.0312391 0.0148529 0.0000010 0.0954069 0.0201014 0.0160592 0.0230211 0.0150024 0.0954750 0.0573047 0.0668941 0.0281969 0.0652266 0.0151026 0.0428854 
Perityle_gilensis_salensis_225             0.0776137 0.0661826 0.0975070 0.2407578 0.0686312 0.1082029 0.1624073 0.2698096 0.0681564 0.1630664 0.0231425 0.0186903 0.0200776 0.0202711 0.0227917 0.0134204 0.1988423 0.0512900 0.0136281 0.0111877 0.0216569 0.0044835 0.0201984 0.0200149 0.0048687 0.0408160 0.0272428 0.0753005 0.0922601 0.0771475 0.0943828 0.0776135 0.0682827 0.0068246 0.0424981 0.0749934 0.0193041 0.0551101 0.0267334 0.0122489 0.0000000 0.0750488 0.0150688 0.0722904 0.0557407 0.0227541 0.0022852 0.0162025 0.0176717 0.0778704 0.0187884 0.0147942 0.0133782 0.0424509 0.0148105 0.0764490 0.0285181 0.0210112 0.0188087 0.0020520 0.0779723 0.0449622 0.0665051 0.0274340 0.0109330 0.0847741 0.0358357 0.0850484 0.0222699 0.0340516 0.0160808 0.0040515 0.0908502 0.0203281 0.0203381 0.0215534 0.0144634 0.0851100 0.0507159 0.0906932 0.0298369 0.0531410 0.0190304 0.0439392 
Perityle_glaucescens_94                    0.2207582 0.1834515 0.2397063 0.2941279 0.1764344 0.2015335 0.2087028 0.3293222 0.1369825 0.3800223 0.2106530 0.1056186 0.1877635 0.1667603 0.2054809 0.2098274 0.2440070 0.1105085 0.1025672 0.1121747 0.1632576 0.0694393 0.2140134 0.1153378 0.0962385 0.2032101 0.2165962 0.2315207 0.1671436 0.1463428 0.2003064 0.1913699 0.1232426 0.1500490 0.1850629 0.0071367 0.1605991 0.2058504 0.1225442 0.1103322 0.0750488 0.0000000 0.1440391 0.0047410 0.2228770 0.1817405 0.0287512 0.1510477 0.2089359 0.0064875 0.1908880 0.1994902 0.1408598 0.2276153 0.1093785 0.1723499 0.1165754 0.0859994 0.2002380 0.0358522 0.1897936 0.0273787 0.1613362 0.0606505 0.1162800 0.1865301 0.1905815 0.1550315 0.2386942 0.0788408 0.1676783 0.2006725 0.1761396 0.1926178 0.1228701 0.1465415 0.0598245 0.1888653 0.2229396 0.2643224 0.1568438 0.0948377 0.2129388 0.1316150 
Perityle_gracilis_11                       0.1686968 0.1366832 0.1668178 0.3090300 0.0724076 0.1767342 0.1804998 0.3041659 0.0781150 0.3308253 0.0180605 0.0116251 0.0221024 0.0183324 0.0222071 0.0204791 0.1590955 0.0611620 0.0155569 0.0113041 0.0066993 0.0215494 0.0186645 0.0196290 0.0012501 0.0638786 0.0283951 0.1015559 0.1433351 0.0872207 0.0945081 0.0972122 0.0725205 0.0068163 0.1530428 0.1473149 0.0211088 0.0765552 0.0259829 0.0111523 0.0150688 0.1440391 0.0000000 0.1451413 0.0832528 0.0262952 0.0040753 0.0033768 0.0042051 0.1383698 0.0238630 0.0213293 0.0190534 0.0623515 0.0147137 0.0898499 0.0345552 0.0262314 0.0093509 0.0000010 0.0923478 0.0454707 0.0860091 0.0312202 0.0100512 0.1011141 0.0585601 0.1003477 0.0778578 0.0335950 0.0160175 0.0112055 0.1027030 0.0083865 0.0018216 0.0156074 0.0014875 0.1048017 0.0691920 0.0710386 0.0231415 0.0713143 0.0042038 0.0531340 
Perityle_harkerae_31                       0.2367342 0.1792785 0.2447686 0.2885687 0.1769631 0.1996101 0.2048461 0.3250288 0.1441890 0.3909362 0.2104387 0.1085351 0.1885565 0.1676272 0.2052644 0.2101756 0.2416019 0.1075423 0.1004227 0.1098213 0.1639432 0.0614828 0.2129766 0.1183142 0.0943215 0.2047289 0.2205630 0.2326880 0.1606447 0.1427534 0.2018274 0.1859477 0.1191320 0.1534692 0.1798037 0.0085309 0.1600827 0.2046758 0.1270686 0.1078344 0.0722904 0.0047410 0.1451413 0.0000000 0.2230036 0.1828303 0.0246366 0.1534225 0.2078731 0.0044865 0.1937298 0.1996177 0.1435181 0.2290918 0.1081509 0.1708293 0.1146044 0.0837154 0.2004514 0.0336457 0.1958277 0.0240148 0.1634973 0.0575534 0.1190509 0.1924226 0.1926286 0.1604055 0.2373144 0.0754077 0.1692897 0.2010154 0.1746830 0.1934638 0.1218123 0.1490609 0.0570076 0.1970981 0.2217441 0.2630349 0.1586275 0.0933612 0.2104935 0.1326009 
Perityle_hofmeisteria_4_nombre_de_dios     0.2205858 0.1604484 0.1872685 0.3162777 0.1048747 0.2066965 0.2043451 0.3298262 0.1109278 0.3977129 0.1000348 0.0791673 0.0910345 0.0849576 0.1007857 0.0977185 0.1923371 0.0679684 0.0719472 0.0677235 0.0856307 0.0656328 0.0977002 0.0789982 0.0579215 0.1100810 0.1148006 0.1288638 0.1699750 0.1030960 0.1312938 0.1189148 0.0975786 0.0775488 0.2027633 0.2258714 0.0857631 0.0420295 0.1061209 0.0668528 0.0557407 0.2228770 0.0832528 0.2230036 0.0000000 0.0945804 0.0245339 0.0797739 0.1048446 0.1593666 0.0940500 0.0907363 0.0828692 0.1156340 0.0723329 0.0847092 0.0849684 0.0748648 0.0975591 0.0380224 0.1270403 0.0418815 0.1212999 0.0514680 0.0715526 0.1390672 0.1035834 0.1334089 0.0711789 0.0794744 0.0793155 0.0858478 0.1278002 0.0916555 0.0814887 0.0909841 0.0584929 0.1444233 0.0918176 0.1304895 0.0937451 0.0807923 0.1287017 0.0880707 
