75
Amauria_brandeegeana_62                    0.0000000 0.1758068 0.4159076 0.5691526 0.3841063 0.5856133 0.2180565 0.4283022 0.0489322 0.1829817 0.0956185 0.1928805 0.0976773 0.1020357 0.2341712 0.1081228 0.0834505 0.1204028 0.3367406 0.0342949 0.1934717 0.1781401 0.0996626 0.2738590 0.0559273 0.1088213 0.4040417 0.2094328 0.0927785 0.0484178 0.0941841 0.1969642 0.0914885 0.3694418 0.1032370 0.0767560 0.1114010 0.1724994 0.5469722 0.3810100 0.2477478 0.2019520 0.3870971 0.0861262 0.0369746 0.0808261 0.5325776 0.1296307 0.2852412 0.1016638 0.2542628 0.1838232 0.1749383 0.1786507 0.4239991 0.3767993 0.0924626 0.2074335 0.0958276 0.2531982 0.2418737 0.3215324 0.0509324 0.0546501 0.0965796 0.1845988 0.3280155 0.1018215 0.3395173 0.2732774 0.3772318 0.0954160 0.5034608 0.3564537 0.1814387 
Eutetras_palmeri_63                        0.1758068 0.0000000 0.4336546 0.5468538 0.4160076 0.5663352 9.0000000 9.0000000 0.0396225 0.2889889 0.0857808 0.2256765 0.2613058 0.2001479 0.3647373 0.1553033 0.1487342 0.3079395 0.4881976 0.0196364 0.2927962 0.2851646 0.1432442 0.4021824 0.0255464 0.1768718 0.4787495 0.2825806 0.0662671 0.1293034 0.1553474 0.3582549 0.1339651 0.4698731 0.2388432 0.1390645 0.1029994 0.2632339 0.4003371 0.4087402 0.3715112 0.3131796 0.4979906 0.1477510 0.0156870 0.1301815 0.6641327 0.2143171 0.4477625 0.2020717 0.4004096 0.3008314 0.2708355 0.1384614 0.3532169 0.5181672 0.1296187 0.1548787 0.2860109 0.3139262 0.1964644 0.2838420 0.0149972 0.0388443 0.1852073 0.3042733 0.4277543 0.1748377 0.4120540 0.2766717 0.4707104 0.1878619 0.3603601 0.5153110 0.3184679 
Eutetras_pringlei_149_quer                 0.4159076 0.4336546 0.0000000 0.1248475 0.1013666 0.1886209 9.0000000 9.0000000 9.0000000 0.1695141 1.1444789 0.2070257 0.4672770 0.4144774 0.0767237 0.4032342 0.3727669 0.4123890 0.1857190 9.0000000 0.1848200 0.1933158 0.3701661 0.4574945 9.0000000 0.4037043 0.1015239 0.1913050 0.6513018 0.3449578 0.3918952 0.3600605 0.4067233 0.2340617 0.3256471 0.4065003 0.8706110 0.1801449 0.4187924 0.4112629 0.3922298 0.1834864 0.1887435 0.4177094 9.0000000 0.3670685 0.0882018 0.5027023 0.4398337 0.3617608 0.4290874 0.1907233 0.1552110 0.3742942 0.0144350 0.0948167 0.3325731 0.4101640 0.3938238 0.4134535 0.4412192 0.0796253 9.0000000 0.8425510 0.4145271 0.1847582 0.1568235 0.4189916 0.1595626 0.4135552 0.2160768 0.3447990 0.4013903 0.1876230 0.2238506 
Eutrochium_fistulosum_SRR9119106           0.5691526 0.5468538 0.1248475 0.0000000 0.4063082 0.3148348 0.1713793 0.4830207 0.9880825 0.3286751 1.0501338 0.2101984 0.7014068 0.5257470 0.3494618 0.5873652 0.5699657 0.6348039 0.1230672 0.9204208 0.1904787 0.2112527 0.5716644 0.4092021 0.5528639 0.3616731 0.1640028 0.3505425 0.4161172 0.3222917 0.5779647 0.7257318 0.5890944 0.7076725 0.6295351 0.5717504 0.8804753 0.2119024 0.4842549 0.8108279 0.4009204 0.2113561 0.1594811 0.5772742 0.3049467 0.5576330 0.1890984 0.2734540 0.5762565 0.3176120 0.5057657 0.2018697 0.2082696 0.4112370 0.1661086 0.3350375 0.6007997 0.5112875 0.5834190 0.6906396 0.6035696 0.0582863 0.2982625 0.9238559 0.3018350 0.2066283 0.1206019 0.3824005 0.0954624 0.5566440 0.3823785 0.6837700 0.5076649 0.1234181 0.2224462 
Galeana_pratensis_104_mex                  0.3841063 0.4160076 0.1013666 0.4063082 0.0000000 0.3828307 0.2315081 0.4031277 0.4697153 0.3693386 0.3878904 0.2817328 0.5303892 0.3816252 0.2758056 0.3995939 0.3839203 0.4072498 0.2113297 0.4073904 0.2668108 0.2639360 0.3706035 0.2485466 0.2668849 0.3337244 0.2247173 0.3641942 0.3448367 0.2961706 0.3842728 0.3024513 0.3877495 0.3526298 0.4221082 0.3912337 0.4424211 0.2646987 0.3763250 0.4452410 0.2480083 0.2557963 0.2363643 0.4055611 0.3239668 0.3765459 0.2422619 0.3524058 0.2456014 0.3090573 0.4680461 0.2562011 0.2488472 0.2728910 0.1674143 0.2224868 0.4013184 0.3079928 0.4076262 0.5339481 0.4135463 0.0522270 0.3213404 0.4053618 0.3380373 0.2528728 0.2080289 0.4324893 0.2003093 0.5330554 0.2184452 0.4924114 0.3385122 0.2063748 0.2961098 
Helianthus_annuus_SRR9119062               0.5856133 0.5663352 0.1886209 0.3148348 0.3828307 0.0000000 0.3257617 0.4026266 0.9741580 0.3514104 0.9089452 0.2451956 0.6819505 0.5064793 0.4391410 0.6012680 0.5751536 0.5932213 0.2188940 0.9368470 0.2656569 0.2927417 0.5778425 0.5057240 0.5938208 0.3528524 0.1318043 0.3567726 0.4067683 0.3614210 0.5901099 0.5894058 0.5944303 0.6927566 0.6151500 0.5962160 0.9065429 0.2880697 0.5534083 0.8108714 0.4009692 0.2716919 0.2216591 0.6035141 0.3997865 0.5760814 0.2293648 0.3293405 0.6056393 0.3613959 0.5801061 0.2859280 0.2630634 0.4202972 0.1713827 0.3462785 0.5914882 0.5606224 0.5657878 0.6867573 0.5420181 0.0861326 0.4129638 0.9156149 0.3063781 0.2779442 0.1685791 0.4080132 0.1260794 0.5306273 0.4414618 0.6812421 0.5331102 0.2189101 0.2554563 
Lycapsus_tenuifolius_17                    0.2180565 9.0000000 9.0000000 0.1713793 0.2315081 0.3257617 0.0000000 0.3921298 1.5461089 0.5461803 9.0000000 0.3561390 1.1685753 0.3690510 0.5370262 9.0000000 9.0000000 9.0000000 0.0897095 9.0000000 0.0546262 0.0875381 9.0000000 0.1236422 0.4543470 0.0778292 0.0674805 0.4932467 0.1769834 0.0013726 9.0000000 9.0000000 9.0000000 0.8063968 0.7679515 9.0000000 9.0000000 0.0895935 0.3589443 0.9141468 0.0684069 0.0945934 0.1187238 9.0000000 0.1025296 9.0000000 0.1097995 0.0327512 0.4124805 0.0474435 0.5821253 0.0964264 0.1116621 0.2094150 0.2086335 0.5482058 1.4392142 0.4317260 9.0000000 0.5947239 0.3746586 0.3109899 0.0759253 9.0000000 0.0816670 0.0599309 0.0396604 0.5425954 0.0558438 0.5946669 0.4667208 1.0737249 0.3893830 0.0928230 0.0894038 
Pericome_caudata_50_silver                 0.4283022 9.0000000 9.0000000 0.4830207 0.4031277 0.4026266 0.3921298 0.0000000 0.7412071 0.5093608 9.0000000 0.4963515 1.1597260 0.0429963 0.4730819 9.0000000 0.3386125 0.4390377 0.4173267 0.3386125 0.4221146 0.4391305 0.0000010 0.4256563 0.4398033 0.4043527 0.3331236 0.5370126 0.4251048 0.4250531 0.3386125 9.0000000 0.4390377 0.9321557 0.7495481 9.0000000 0.4390377 0.4238782 0.3972278 1.2568387 0.3314932 0.4229819 0.4260890 0.0000010 0.4244024 0.3386125 0.3136449 0.3801641 0.4940891 0.3416803 1.0228038 0.4195406 0.4058024 0.3030416 0.3531945 0.1579802 0.7412071 0.5113465 9.0000000 0.6195459 0.0527718 0.4705390 0.4003812 9.0000000 0.4492071 0.4145397 0.4123192 0.5236442 0.3410800 0.6521936 0.6061665 1.0213178 0.3916193 0.4162194 0.4045693 
Perityle_aglossa_84_dead_horse             0.0489322 0.0396225 9.0000000 0.9880825 0.4697153 0.9741580 1.5461089 0.7412071 0.0000000 0.1970250 0.0252657 0.0361261 0.0392245 0.0608455 0.1477776 0.0297853 0.0180654 0.1599386 1.0560870 0.0350812 0.1623546 0.2247444 0.0154896 0.4868758 0.0976797 0.0902851 0.7224990 0.1924983 0.0768477 0.1109263 0.0291783 0.4015294 0.0182888 0.4873370 0.0415952 0.0258740 0.0257588 0.1238177 0.9698326 0.4786772 0.4703968 0.2730341 0.8910670 0.0329758 0.1269759 0.0256459 0.9807867 0.1211819 0.4331936 0.1110259 0.5285262 0.2519894 0.1347835 0.0572792 0.8173343 0.4480953 0.0377282 0.1867949 0.1077964 0.0943030 0.0862627 9.0000000 0.1181119 0.0282203 0.1248111 0.2675192 1.0236551 0.1099057 0.3205891 0.1130171 0.5560272 0.0316320 0.6514368 1.0071200 0.1615300 
Perityle_ajoensis_204                      0.1829817 0.2889889 0.1695141 0.3286751 0.3693386 0.3514104 0.5461803 0.5093608 0.1970250 0.0000000 0.0652964 0.0476765 0.4376377 0.3355234 0.2573756 0.1603716 0.1520397 0.3491734 0.1197558 0.0193520 0.1004465 0.1015938 0.1541793 0.5141702 0.2713324 0.2614597 0.1728364 0.1571560 0.2836072 0.2696900 0.2019553 0.3702164 0.1466293 0.5917884 0.3906206 0.1323585 0.0960867 0.1049904 0.5721849 0.6625175 0.4147831 0.1127542 0.1346313 0.1456632 0.2435225 0.1348156 0.3375669 0.1988105 0.4909448 0.2741913 0.4355979 0.1021150 0.0960051 0.2662001 0.1886793 0.3029937 0.2229502 0.4065469 0.3604990 0.4057697 0.2931104 0.0303600 0.2455718 0.0308893 0.2224918 0.1097743 0.1559717 0.1801298 0.1263226 0.2812532 0.2373120 0.3521115 0.5296168 0.1223748 0.1971720 
Perityle_ambrosiifolia_67_green            0.0956185 0.0857808 1.1444789 1.0501338 0.3878904 0.9089452 9.0000000 9.0000000 0.0252657 0.0652964 0.0000000 0.0704379 0.0844427 0.0765655 0.1227017 0.0900321 0.0910538 0.0956354 1.1061707 0.0099871 0.0678786 0.0604969 0.0947631 0.3580690 0.0251629 0.0728470 0.7527054 0.0953785 0.0207240 0.0626278 0.0846324 0.4509109 0.0846333 0.3856615 0.0844427 0.0654645 0.0000010 0.0653281 0.9869299 0.3902934 0.3921301 0.0604969 0.7890443 0.0648814 0.0000010 0.0697293 0.8730839 0.0000010 0.3603092 0.0893726 0.5861441 0.0726849 0.0604969 0.0352817 0.8668093 0.3741589 0.1005704 0.1051603 0.1202920 0.1001859 0.1048552 1.1061707 0.0254989 0.0046672 0.0745942 0.1098823 1.1061707 0.0648814 1.1061707 0.1105720 0.3580647 0.1053230 0.5798593 1.1061707 0.0577982 
Perityle_angustifolia_13_Eagle_creek       0.1928805 0.2256765 0.2070257 0.2101984 0.2817328 0.2451956 0.3561390 0.4963515 0.0361261 0.0476765 0.0704379 0.0000000 0.2860786 0.2207746 0.1334724 0.1699645 0.1583225 0.1820198 0.0340809 0.0045966 0.0342612 0.0306293 0.1619426 0.4670307 0.0591530 0.1767453 0.0962216 0.0950857 0.0990642 0.1532641 0.1594949 0.3664890 0.1592748 0.4408123 0.2313335 0.1544409 0.1140076 0.0231340 0.4839656 0.5112790 0.3426347 0.0361904 0.0821375 0.1558847 0.0357947 0.1403906 0.1910774 0.1177999 0.3641804 0.1796414 0.3468471 0.0332357 0.0267366 0.2182777 0.1183624 0.1947074 0.1485948 0.3178506 0.2598649 0.2527974 0.2176850 0.0146572 0.0563555 0.0311097 0.1243866 0.0555248 0.0247971 0.1031930 0.0374531 0.2129582 0.1294019 0.1471211 0.4694207 0.0360887 0.0613674 
Perityle_batopilensis_97                   0.0976773 0.2613058 0.4672770 0.7014068 0.5303892 0.6819505 1.1685753 1.1597260 0.0392245 0.4376377 0.0844427 0.2860786 0.0000000 0.2460507 0.5458867 0.0587569 0.0321559 0.2156305 0.6858304 0.0232754 0.4716086 0.4923849 0.0390585 0.3783507 0.3466904 0.2139524 0.6624247 0.4836725 0.3335127 0.2316754 0.0298700 0.2302128 0.0308909 0.5934522 0.0827389 0.0172445 0.0731403 0.4573036 0.6669283 0.6172180 0.3780629 0.5235674 0.6999677 0.0240352 0.3316158 0.0228848 0.7786024 0.3136845 0.4734110 0.2337930 0.2034521 0.5149120 0.4789484 0.3299825 0.5337895 0.6283689 0.0423480 0.4699540 0.0835109 0.4634613 0.4123211 0.4374465 0.3281913 0.0468462 0.3237274 0.5075624 0.6234637 0.2556006 0.5506987 0.4526423 0.6587348 0.0837677 0.6044737 0.7095319 0.4946914 
Perityle_bisetosa_9                        0.1020357 0.2001479 0.4144774 0.5257470 0.3816252 0.5064793 0.3690510 0.0429963 0.0608455 0.3355234 0.0765655 0.2207746 0.2460507 0.0000000 0.3672584 0.0757868 0.0419419 0.1574081 0.4923251 0.0237543 0.3230318 0.3314235 0.0476475 0.3403553 0.1772582 0.1641828 0.4049290 0.3250930 0.2092006 0.1606441 0.0430720 0.2357650 0.0330139 0.5396681 0.2342444 0.0271506 0.0935117 0.2762416 0.5281785 0.6453901 0.2375963 0.3537494 0.4976113 0.0337231 0.1953557 0.0447771 0.5511991 0.1750019 0.3790422 0.1496345 0.2888778 0.3446422 0.3001928 0.1808640 0.3502054 0.3608993 0.0706525 0.3380821 0.1345257 0.3315547 0.1661189 0.3016079 0.1769699 0.0354863 0.1861100 0.3467198 0.3708812 0.1393582 0.3402041 0.3494971 0.5253880 0.1828199 0.4554139 0.4892015 0.3246801 
Perityle_californica_76_positas            0.2341712 0.3647373 0.0767237 0.3494618 0.2758056 0.4391410 0.5370262 0.4730819 0.1477776 0.2573756 0.1227017 0.1334724 0.5458867 0.3672584 0.0000000 0.2405101 0.2298833 0.4198078 0.3547085 0.0725719 0.2876143 0.2997377 0.2327496 0.6004562 0.3517555 0.3157860 0.2784372 0.2543365 0.3634509 0.3236234 0.2548697 0.4077068 0.2240467 0.5848670 0.4634385 0.2207672 0.1687074 0.2842309 0.5471821 0.7425378 0.3929134 0.3149884 0.4013332 0.2418364 0.3798105 0.2234354 0.2068992 0.2800689 0.4982023 0.3095365 0.4779573 0.3246889 0.2918503 0.2269008 0.1456187 0.1995744 0.2420543 0.4231926 0.4510292 0.5013678 0.3153225 0.0550506 0.3500458 0.0843578 0.2756740 0.3118089 0.2642715 0.2154840 0.1901674 0.3625269 0.3670100 0.4100647 0.5041244 0.3495439 0.2503394 
Perityle_canescens_77                      0.1081228 0.1553033 0.4032342 0.5873652 0.3995939 0.6012680 9.0000000 9.0000000 0.0297853 0.1603716 0.0900321 0.1699645 0.0587569 0.0757868 0.2405101 0.0000000 0.0509865 0.0892632 0.3407316 0.0235797 0.1667747 0.1620343 0.0587390 0.2456010 0.0259677 0.0836018 0.4474604 0.1823289 0.0856671 0.0642214 0.0516551 0.2599592 0.0527925 0.3771650 0.0641008 0.0448446 0.0871587 0.1566188 0.5728429 0.3849525 0.2311090 0.1861732 0.3719853 0.0540486 0.0196220 0.0502026 0.5544137 0.0979567 0.2466046 0.0638378 0.2011680 0.1742235 0.1560742 0.1617157 0.3895871 0.4046838 0.0648823 0.1887798 0.0736989 0.2083609 0.2116691 0.3163343 0.0264341 0.0427680 0.0677660 0.1818606 0.3446429 0.0617267 0.3279761 0.2296663 0.3841257 0.0654567 0.5113463 0.3633655 0.1687278 
Perityle_castillonii_96                    0.0834505 0.1487342 0.3727669 0.5699657 0.3839203 0.5751536 9.0000000 0.3386125 0.0180654 0.1520397 0.0910538 0.1583225 0.0321559 0.0419419 0.2298833 0.0509865 0.0000000 0.0475385 0.3032566 0.0353032 0.1650210 0.1566903 0.0176057 0.2075063 0.0295841 0.0713485 0.3887329 0.1566767 0.0801652 0.0542848 0.0185732 0.2226790 0.0154307 0.3559354 0.0380406 0.0154359 0.0929099 0.1513487 0.5298641 0.3714496 0.2199886 0.1821065 0.3438229 0.0206187 0.0393149 0.0173066 0.5023667 0.0799551 0.2692615 0.0340495 0.1459372 0.1672390 0.1555560 0.1444005 0.3645373 0.3680529 0.0156389 0.1696236 0.0365577 0.2041942 0.2091866 0.2886235 0.0413341 0.0553658 0.0566318 0.1830178 0.3121283 0.0316721 0.2883707 0.2206679 0.3635906 0.0197940 0.4604360 0.3238962 0.1543184 
Perityle_cernua_84                         0.1204028 0.3079395 0.4123890 0.6348039 0.4072498 0.5932213 9.0000000 0.4390377 0.1599386 0.3491734 0.0956354 0.1820198 0.2156305 0.1574081 0.4198078 0.0892632 0.0475385 0.0000000 0.6439811 0.0396740 0.3138457 0.3702217 0.0449508 0.3324865 0.0842564 0.0744515 0.5549442 0.4045196 0.1129788 0.0789813 0.1108036 0.2308061 0.0423466 0.4796818 0.2381190 0.0526040 0.1208510 0.2826728 0.5857481 0.5171365 0.2538649 0.3841802 0.6413255 0.0607869 0.0434059 0.0467775 0.7746574 0.1327267 0.3434698 0.1298072 0.2118490 0.3781696 0.2775930 0.1611478 0.4031525 0.5557344 0.1156618 0.3020290 0.2296975 0.3501371 0.2557102 0.3112530 0.0731686 0.0553545 0.0949421 0.3938612 0.4839242 0.0713469 0.3325439 0.2718475 0.5427573 0.1771515 0.4949572 0.6474227 0.3262847 
Perityle_cfvillosa_25_tin                  0.3367406 0.4881976 0.1857190 0.1230672 0.2113297 0.2188940 0.0897095 0.4173267 1.0560870 0.1197558 1.1061707 0.0340809 0.6858304 0.4923251 0.3547085 0.3407316 0.3032566 0.6439811 0.0000000 0.6876363 0.0227323 0.0201250 0.2973421 0.3091675 0.4925394 0.1613924 0.0751348 0.2396222 0.2080166 0.1184203 0.4113408 0.2911825 0.3090958 0.6975051 0.6014370 0.3141632 0.6969698 0.0065301 0.4080589 0.7732949 0.1529471 0.0128345 0.0664083 0.3290029 0.1150446 0.3062066 0.1896276 0.0789978 0.4604973 0.1575233 0.3649094 0.0214653 0.0424017 0.3116650 0.1207410 0.2903839 0.4536792 0.5034066 0.5478164 0.6253226 0.4509769 0.0246394 0.0434586 0.7704531 0.1570518 0.0258611 0.0053380 0.2250954 0.0161276 0.4480074 0.2470205 0.6436145 0.3906829 0.0170649 0.1300059 
Perityle_coahuilensis_24                   0.0342949 0.0196364 9.0000000 0.9204208 0.4073904 0.9368470 9.0000000 0.3386125 0.0350812 0.0193520 0.0099871 0.0045966 0.0232754 0.0237543 0.0725719 0.0235797 0.0353032 0.0396740 0.6876363 0.0000000 0.0121175 0.0152952 0.0395162 0.3846984 0.0275041 0.0204362 0.5632233 0.0439349 0.0398018 0.0320265 0.0231303 0.4140554 0.0232116 0.3854483 0.0309291 0.0077930 0.0076203 0.0191608 0.8777914 0.3899377 0.4050857 0.0427505 0.5142591 0.0116081 0.0192095 0.0076203 0.8872633 0.0191536 0.3873085 0.0282765 0.5064000 0.0132659 0.0161137 0.0320077 0.7510372 0.3820349 0.0475262 0.0429332 0.0702047 0.0315941 0.0473637 9.0000000 0.0352687 0.0079533 0.0310174 0.0484668 0.6876363 0.0231331 9.0000000 0.0480001 0.3840198 0.0433107 0.6144721 0.6876363 0.0156482 
Perityle_cochisensis_44_cave_creek         0.1934717 0.2927962 0.1848200 0.1904787 0.2668108 0.2656569 0.0546262 0.4221146 0.1623546 0.1004465 0.0678786 0.0342612 0.4716086 0.3230318 0.2876143 0.1667747 0.1650210 0.3138457 0.0227323 0.0121175 0.0000000 0.0255332 0.1653780 0.2985050 0.2880573 0.1212801 0.0859025 0.1773251 0.1440287 0.0979027 0.1767702 0.3713078 0.1586987 0.5404176 0.4252904 0.1479410 0.0935776 0.0174605 0.4645754 0.6443594 0.1959802 0.0258269 0.0445066 0.1595005 0.0467009 0.1460228 0.1925327 0.0738734 0.4469913 0.1346455 0.4306216 0.0231948 0.0184835 0.2018212 0.1608673 0.2951514 0.2145006 0.3848694 0.3410663 0.4626903 0.3079428 0.0263131 0.0371663 0.0241493 0.1293141 0.0228960 0.0237780 0.1761188 0.0292081 0.3665382 0.2440876 0.3765523 0.4333938 0.0281062 0.0929253 
Perityle_congesta_202                      0.1781401 0.2851646 0.1933158 0.2112527 0.2639360 0.2927417 0.0875381 0.4391305 0.2247444 0.1015938 0.0604969 0.0306293 0.4923849 0.3314235 0.2997377 0.1620343 0.1566903 0.3702217 0.0201250 0.0152952 0.0255332 0.0000000 0.1588341 0.3531605 0.3306175 0.1435510 0.0916156 0.2234781 0.2014794 0.1146283 0.2080215 0.3706036 0.1454594 0.6131814 0.4314920 0.1380594 0.0954561 0.0111396 0.4790391 0.6828506 0.2204052 0.0324773 0.0649645 0.1512923 0.1027753 0.1367168 0.2477268 0.0726007 0.4590586 0.1322537 0.3962699 0.0163278 0.0393913 0.2249589 0.1600636 0.3210887 0.2429891 0.4049634 0.3710938 0.4617924 0.3007107 0.0282909 0.0456723 0.0229689 0.1590060 0.0195093 0.0214959 0.2018711 0.0180288 0.3712624 0.2609170 0.3864003 0.4448689 0.0158481 0.1362347 
Perityle_cordifolia_27                     0.0996626 0.1432442 0.3701661 0.5716644 0.3706035 0.5778425 9.0000000 0.0000010 0.0154896 0.1541793 0.0947631 0.1619426 0.0390585 0.0476475 0.2327496 0.0587390 0.0176057 0.0449508 0.2973421 0.0395162 0.1653780 0.1588341 0.0000000 0.2031997 0.0355091 0.0562923 0.3862910 0.1668912 0.0780480 0.0516786 0.0271811 0.2391810 0.0279525 0.3411698 0.0425473 0.0219804 0.0943942 0.1532827 0.5109664 0.3451231 0.2212353 0.1796202 0.3498602 0.0290502 0.0395497 0.0237736 0.4918865 0.0940240 0.2695190 0.0440855 0.1529824 0.1730812 0.1544239 0.1391979 0.3639913 0.3516379 0.0220222 0.1683929 0.0153831 0.2152593 0.2273015 0.2723522 0.0397838 0.0546518 0.0669578 0.1814612 0.3062237 0.0367878 0.2846321 0.2371795 0.3521204 0.0243560 0.4534190 0.3187074 0.1509864 
Perityle_cordifolia_68_tecolote            0.2738590 0.4021824 0.4574945 0.4092021 0.2485466 0.5057240 0.1236422 0.4256563 0.4868758 0.5141702 0.3580690 0.4670307 0.3783507 0.3403553 0.6004562 0.2456010 0.2075063 0.3324865 0.3091675 0.3846984 0.2985050 0.3531605 0.2031997 0.0000000 0.4992576 0.1653396 0.3039287 0.5788509 0.3175662 0.2142521 0.2308675 0.2123274 0.2058568 0.4897452 0.3620775 0.2133057 0.3927645 0.3149191 0.5175253 0.5283859 0.1177109 0.3104141 0.3273394 0.2150905 0.1881901 0.2043278 0.4435202 0.2302256 0.3894788 0.0758419 0.2396814 0.3117412 0.3111558 0.2908364 0.2956687 0.5488116 0.2778965 0.4625427 0.2241240 0.5754527 0.4389696 0.4809627 0.1481229 0.3864635 0.2886368 0.3263659 0.2368995 0.4374833 0.2265142 0.6029174 0.5308078 0.4173068 0.4686129 0.3462933 0.3263674 
Perityle_coronopifolia_28_patagonia        0.0559273 0.0255464 9.0000000 0.5528639 0.2668849 0.5938208 0.4543470 0.4398033 0.0976797 0.2713324 0.0251629 0.0591530 0.3466904 0.1772582 0.3517555 0.0259677 0.0295841 0.0842564 0.4925394 0.0275041 0.2880573 0.3306175 0.0355091 0.4992576 0.0000000 0.2253927 0.3179412 0.3106806 0.3523920 0.2637670 0.0253725 0.4277473 0.0224941 0.5782259 0.3431885 0.0221025 0.0224863 0.3102576 0.3867693 0.6643933 0.3763636 0.3292551 0.5031027 0.0255948 0.3349780 0.0224863 0.5041334 0.2598212 0.2766713 0.1781381 0.5727414 0.3310876 0.3108828 0.0320729 0.2115570 0.5250906 0.1019307 0.0321509 0.0778784 0.4004578 0.2002275 0.6258705 0.2986593 0.0200070 0.3090574 0.2933373 0.3794347 0.2695514 0.2489738 0.4173723 0.4301057 0.2818671 0.3362346 0.4919416 0.2973342 
Perityle_crassifolia_70_ventanas           0.1088213 0.1768718 0.4037043 0.3616731 0.3337244 0.3528524 0.0778292 0.4043527 0.0902851 0.2614597 0.0728470 0.1767453 0.2139524 0.1641828 0.3157860 0.0836018 0.0713485 0.0744515 0.1613924 0.0204362 0.1212801 0.1435510 0.0562923 0.1653396 0.2253927 0.0000000 0.1563879 0.3042476 0.1073410 0.0680552 0.0683116 0.2276892 0.0715496 0.4755485 0.1847586 0.0636245 0.1050083 0.1392597 0.4245383 0.5496489 0.1733734 0.1385284 0.1937055 0.0636649 0.0782836 0.0639738 0.2510201 0.1160018 0.3480248 0.0821085 0.2620729 0.1491058 0.1274247 0.1909581 0.2736192 0.4091003 0.0960603 0.2766755 0.0701259 0.3991676 0.2954373 0.2959487 0.0843638 0.0365900 0.0960223 0.1440631 0.1592290 0.1999000 0.2044471 0.4104450 0.4072644 0.1894117 0.4070151 0.1709669 0.1285586 
Perityle_crassifolia_74_playa_balandra     0.4040417 0.4787495 0.1015239 0.1640028 0.2247173 0.1318043 0.0674805 0.3331236 0.7224990 0.1728364 0.7527054 0.0962216 0.6624247 0.4049290 0.2784372 0.4474604 0.3887329 0.5549442 0.0751348 0.5632233 0.0859025 0.0916156 0.3862910 0.3039287 0.3179412 0.1563879 0.0000000 0.2196343 0.1337031 0.1781368 0.3959761 0.3883685 0.3969351 0.5471193 0.5401948 0.3942776 0.7434933 0.0804014 0.4053121 0.6952624 0.1753326 0.0892806 0.0970075 0.4105280 0.1313161 0.3907405 0.1541704 0.1848693 0.3976094 0.2503192 0.4824351 0.0938688 0.0781872 0.3013950 0.0913346 0.2831787 0.3837404 0.3963862 0.5551655 0.5791672 0.4256814 0.0393847 0.1166622 0.6078922 0.1750937 0.0874975 0.0692380 0.3155075 0.0844598 0.3858496 0.1747558 0.5547018 0.3700342 0.0803609 0.0819393 
Perityle_cuneata_34_cuneata_San_antonio    0.2094328 0.2825806 0.1913050 0.3505425 0.3641942 0.3567726 0.4932467 0.5370126 0.1924983 0.1571560 0.0953785 0.0950857 0.4836725 0.3250930 0.2543365 0.1823289 0.1566767 0.4045196 0.2396222 0.0439349 0.1773251 0.2234781 0.1668912 0.5788509 0.3106806 0.3042476 0.2196343 0.0000000 0.2708884 0.2969175 0.2108631 0.3679838 0.1481112 0.5999133 0.4216728 0.1637919 0.1162913 0.2219697 0.5702288 0.7065646 0.4229294 0.2390030 0.2825607 0.1788051 0.2827741 0.1564258 0.3241920 0.2514980 0.5098462 0.3152058 0.4543220 0.2235605 0.2037322 0.3386075 0.2521006 0.3081488 0.2213196 0.4459245 0.4086080 0.4302645 0.3123729 0.0674340 0.2772975 0.0628704 0.2777602 0.2406026 0.2299888 0.2291661 0.2125089 0.3626970 0.2999759 0.3487744 0.5639217 0.2679291 0.2074881 
Perityle_cuneata_4                         0.0927785 0.0662671 0.6513018 0.4161172 0.3448367 0.4067683 0.1769834 0.4251048 0.0768477 0.2836072 0.0207240 0.0990642 0.3335127 0.2092006 0.3634509 0.0856671 0.0801652 0.1129788 0.2080166 0.0398018 0.1440287 0.2014794 0.0780480 0.3175662 0.3523920 0.1073410 0.1337031 0.2708884 0.0000000 0.1848367 0.0748547 0.4203780 0.0665160 0.6742299 0.3302740 0.0743167 0.0445417 0.1865374 0.5575814 0.7379798 0.2144156 0.2054848 0.2657297 0.0808195 0.1754731 0.0743933 0.3241433 0.1364818 0.5420758 0.0908626 0.5898356 0.1957383 0.1815245 0.1839714 0.3067377 0.5009455 0.1155035 0.3661967 0.1017387 0.4492021 0.2525181 0.4749186 0.1628349 0.0288764 0.1870722 0.2058224 0.1822251 0.2654677 0.1603660 0.4654181 0.5651629 0.2546806 0.5310354 0.2032412 0.1809969 
Perityle_discoidea_81                      0.0484178 0.1293034 0.3449578 0.3222917 0.2961706 0.3614210 0.0013726 0.4250531 0.1109263 0.2696900 0.0626278 0.1532641 0.2316754 0.1606441 0.3236234 0.0642214 0.0542848 0.0789813 0.1184203 0.0320265 0.0979027 0.1146283 0.0516786 0.2142521 0.2637670 0.0680552 0.1781368 0.2969175 0.1848367 0.0000000 0.0558081 0.2247952 0.0474012 0.5031621 0.2523096 0.0326407 0.0885111 0.1121484 0.4143079 0.5617580 0.1399691 0.1502420 0.1700860 0.0432386 0.0987164 0.0507735 0.1928108 0.0616673 0.3901605 0.0514771 0.2639154 0.1212915 0.1231352 0.1562764 0.2595751 0.4022674 0.1052562 0.3091310 0.0673818 0.4215087 0.2712733 0.2370659 0.0875114 0.0317748 0.1038413 0.1184280 0.1032878 0.1753553 0.1230437 0.4309395 0.4281775 0.1980637 0.4183627 0.1114379 0.1518254 
Perityle_dissecta_201                      0.0941841 0.1553474 0.3918952 0.5779647 0.3842728 0.5901099 9.0000000 0.3386125 0.0291783 0.2019553 0.0846324 0.1594949 0.0298700 0.0430720 0.2548697 0.0516551 0.0185732 0.1108036 0.4113408 0.0231303 0.1767702 0.2080215 0.0271811 0.2308675 0.0253725 0.0683116 0.3959761 0.2108631 0.0748547 0.0558081 0.0000000 0.2359486 0.0131560 0.4077857 0.0329766 0.0150321 0.0821094 0.1478820 0.5631671 0.4028478 0.2301447 0.2382775 0.4299914 0.0183964 0.0270453 0.0132654 0.5973603 0.0741128 0.2628144 0.0315630 0.1577666 0.2215146 0.1517282 0.1507007 0.3647234 0.4013106 0.0348210 0.2051840 0.0738762 0.2065574 0.2237127 0.2823957 0.0146208 0.0425938 0.0573487 0.2323519 0.3330401 0.0348526 0.2974988 0.2371001 0.4188780 0.0332815 0.4944707 0.4201090 0.1715906 
Perityle_emoryi_47_punta_san_jose          0.1969642 0.3582549 0.3600605 0.7257318 0.3024513 0.5894058 9.0000000 9.0000000 0.4015294 0.3702164 0.4509109 0.3664890 0.2302128 0.2357650 0.4077068 0.2599592 0.2226790 0.2308061 0.2911825 0.4140554 0.3713078 0.3706036 0.2391810 0.2123274 0.4277473 0.2276892 0.3883685 0.3679838 0.4203780 0.2247952 0.2359486 0.0000000 0.2345094 0.3219649 0.2365667 0.2254203 0.4357548 0.3581995 0.5765795 0.3390311 0.2026365 0.3762171 0.3732528 0.2347085 0.4277287 0.2451512 0.5356388 0.3038984 0.2303214 0.2351916 0.1820631 0.3564196 0.3597331 0.3657539 0.3808322 0.3279034 0.2331159 0.3773550 0.2441280 0.4388392 0.4280309 0.2730090 0.4197036 0.4360340 0.2313414 0.3579083 0.2877238 0.2514434 0.2971620 0.4480364 0.3490455 0.2363534 0.4559869 0.3090008 0.3596075 
Perityle_fosteri_93                        0.0914885 0.1339651 0.4067233 0.5890944 0.3877495 0.5944303 9.0000000 0.4390377 0.0182888 0.1466293 0.0846333 0.1592748 0.0308909 0.0330139 0.2240467 0.0527925 0.0154307 0.0423466 0.3090958 0.0232116 0.1586987 0.1454594 0.0279525 0.2058568 0.0224941 0.0715496 0.3969351 0.1481112 0.0665160 0.0474012 0.0131560 0.2345094 0.0000000 0.3526190 0.0347003 0.0134201 0.0818406 0.1399876 0.5623949 0.3646110 0.2181042 0.1717553 0.3437499 0.0190810 0.0269371 0.0157221 0.5231011 0.0733910 0.2467544 0.0304600 0.1559629 0.1580745 0.1468662 0.1478007 0.3759464 0.3688892 0.0237611 0.1786107 0.0452767 0.1999739 0.2101247 0.2980378 0.0146847 0.0425938 0.0558509 0.1692895 0.3194921 0.0245373 0.2951079 0.2198246 0.3560409 0.0260406 0.4893902 0.3252314 0.1472372 
Perityle_gamon_221                         0.3694418 0.4698731 0.2340617 0.7076725 0.3526298 0.6927566 0.8063968 0.9321557 0.4873370 0.5917884 0.3856615 0.4408123 0.5934522 0.5396681 0.5848670 0.3771650 0.3559354 0.4796818 0.6975051 0.3854483 0.5404176 0.6131814 0.3411698 0.4897452 0.5782259 0.4755485 0.5471193 0.5999133 0.6742299 0.5031621 0.4077857 0.3219649 0.3526190 0.0000000 0.5571104 0.3467842 0.4428360 0.5818424 0.6234854 0.2470769 0.3095788 0.6299486 0.6517752 0.3655025 0.6252031 0.3444544 0.7065051 0.5062919 0.3566501 0.5077154 0.5698159 0.5685688 0.5256796 0.4230675 0.4342055 0.4320728 0.3935603 0.5194067 0.4683043 0.6671979 0.5377274 0.1654624 0.6311108 0.3874684 0.5262884 0.5738166 0.6023717 0.4583082 0.5394170 0.5797415 0.4375793 0.5233626 0.5194921 0.6897462 0.6149453 
Perityle_gentryi_8_san_francisco           0.1032370 0.2388432 0.3256471 0.6295351 0.4221082 0.6151500 0.7679515 0.7495481 0.0415952 0.3906206 0.0844427 0.2313335 0.0827389 0.2342444 0.4634385 0.0641008 0.0380406 0.2381190 0.6014370 0.0309291 0.4252904 0.4314920 0.0425473 0.3620775 0.3431885 0.1847586 0.5401948 0.4216728 0.3302740 0.2523096 0.0329766 0.2365667 0.0347003 0.5571104 0.0000000 0.0263012 0.0766619 0.3907594 0.5874238 0.5857303 0.3397166 0.4520928 0.6102971 0.0312021 0.3306078 0.0259011 0.6711013 0.3194518 0.4558761 0.2076697 0.2322466 0.4466564 0.3997258 0.2299168 0.3861044 0.5311213 0.0434555 0.4332346 0.1044908 0.3682298 0.3608302 0.3792029 0.3290719 0.0504858 0.2973119 0.4400717 0.5397942 0.1998238 0.4324359 0.3412127 0.5847381 0.1457858 0.5210837 0.6010377 0.4348383 
Perityle_gilensis_22_Superstition          0.0767560 0.1390645 0.4065003 0.5717504 0.3912337 0.5962160 9.0000000 9.0000000 0.0258740 0.1323585 0.0654645 0.1544409 0.0172445 0.0271506 0.2207672 0.0448446 0.0154359 0.0526040 0.3141632 0.0077930 0.1479410 0.1380594 0.0219804 0.2133057 0.0221025 0.0636245 0.3942776 0.1637919 0.0743167 0.0326407 0.0150321 0.2254203 0.0134201 0.3467842 0.0263012 0.0000000 0.0668127 0.1300133 0.5575591 0.3700409 0.2106254 0.1637958 0.3519382 0.0056251 0.0038910 0.0059032 0.5152268 0.0569337 0.2402642 0.0347366 0.1532395 0.1490400 0.1382550 0.1467219 0.3758469 0.3625691 0.0300410 0.1716798 0.0430610 0.1984874 0.2128394 0.3015942 0.0188880 0.0269862 0.0459829 0.1637238 0.3202661 0.0150310 0.3080739 0.2256239 0.3535647 0.0323604 0.4908853 0.3302318 0.1465254 
Perityle_gilensis_salensis_225             0.1114010 0.1029994 0.8706110 0.8804753 0.4424211 0.9065429 9.0000000 0.4390377 0.0257588 0.0960867 0.0000010 0.1140076 0.0731403 0.0935117 0.1687074 0.0871587 0.0929099 0.1208510 0.6969698 0.0076203 0.0935776 0.0954561 0.0943942 0.3927645 0.0224863 0.1050083 0.7434933 0.1162913 0.0445417 0.0885111 0.0821094 0.4357548 0.0818406 0.4428360 0.0766619 0.0668127 0.0000000 0.0898147 0.8865800 0.4644154 0.4103636 0.1277944 0.6456886 0.0728438 0.0113709 0.0601408 0.8686074 0.0814095 0.4088867 0.0868602 0.5341322 0.1078243 0.0942023 0.1333745 0.7166227 0.4323066 0.1041495 0.1339753 0.1281238 0.1525931 0.1049664 0.7625274 0.0296585 0.0000010 0.0818329 0.1305895 0.7210792 0.0850251 0.7731990 0.1669723 0.4173581 0.1007342 0.6666438 0.7806869 0.1012158 
Perityle_gracilis_11                       0.1724994 0.2632339 0.1801449 0.2119024 0.2646987 0.2880697 0.0895935 0.4238782 0.1238177 0.1049904 0.0653281 0.0231340 0.4573036 0.2762416 0.2842309 0.1566188 0.1513487 0.2826728 0.0065301 0.0191608 0.0174605 0.0111396 0.1532827 0.3149191 0.3102576 0.1392597 0.0804014 0.2219697 0.1865374 0.1121484 0.1478820 0.3581995 0.1399876 0.5818424 0.3907594 0.1300133 0.0898147 0.0000000 0.4731261 0.6501855 0.2124820 0.0120135 0.0516469 0.1457475 0.0627582 0.1321658 0.2164741 0.0673217 0.4604525 0.1240916 0.3936849 0.0146458 0.0333227 0.2191176 0.1628262 0.3062862 0.1872275 0.3739857 0.3192701 0.4558058 0.2974516 0.0223399 0.0468953 0.0268559 0.1657814 0.0214685 0.0084126 0.2059539 0.0160148 0.3774562 0.2664805 0.3239810 0.4404172 0.0105075 0.1202436 
Perityle_harkerae_31                       0.5469722 0.4003371 0.4187924 0.4842549 0.3763250 0.5534083 0.3589443 0.3972278 0.9698326 0.5721849 0.9869299 0.4839656 0.6669283 0.5281785 0.5471821 0.5728429 0.5298641 0.5857481 0.4080589 0.8777914 0.4645754 0.4790391 0.5109664 0.5175253 0.3867693 0.4245383 0.4053121 0.5702288 0.5575814 0.4143079 0.5631671 0.5765795 0.5623949 0.6234854 0.5874238 0.5575591 0.8865800 0.4731261 0.0000000 0.5909635 0.4463641 0.4690366 0.4316504 0.5558551 0.4950492 0.5154391 0.4560956 0.4830413 0.4257110 0.3780904 0.4904141 0.4725667 0.4383698 0.2232942 0.2519190 0.5701381 0.5442217 0.2366436 0.5361841 0.6999706 0.5317402 0.3692119 0.5053242 0.8858909 0.4630291 0.4537067 0.3601078 0.5323750 0.3137448 0.6352790 0.4289717 0.6519816 0.2907784 0.3962754 0.4640274 
Perityle_hofmeisteria_4_nombre_de_dios     0.3810100 0.4087402 0.4112629 0.8108279 0.4452410 0.8108714 0.9141468 1.2568387 0.4786772 0.6625175 0.3902934 0.5112790 0.6172180 0.6453901 0.7425378 0.3849525 0.3714496 0.5171365 0.7732949 0.3899377 0.6443594 0.6828506 0.3451231 0.5283859 0.6643933 0.5496489 0.6952624 0.7065646 0.7379798 0.5617580 0.4028478 0.3390311 0.3646110 0.2470769 0.5857303 0.3700409 0.4644154 0.6501855 0.5909635 0.0000000 0.3804583 0.6946744 0.7462299 0.3771994 0.6823288 0.3389358 0.8310386 0.5750578 0.4268270 0.5373492 0.5556385 0.6502217 0.6127594 0.4932198 0.6058266 0.5831662 0.3867343 0.5275621 0.4554327 0.6991866 0.6330562 0.3135373 0.6981302 0.3951633 0.5963248 0.6513096 0.6768725 0.4994948 0.6970844 0.6547951 0.5050294 0.5606382 0.5124588 0.7747036 0.7254298 
Perityle_incana_3_ucla                     0.2477478 0.3715112 0.3922298 0.4009204 0.2480083 0.4009692 0.0684069 0.3314932 0.4703968 0.4147831 0.3921301 0.3426347 0.3780629 0.2375963 0.3929134 0.2311090 0.2199886 0.2538649 0.1529471 0.4050857 0.1959802 0.2204052 0.2212353 0.1177109 0.3763636 0.1733734 0.1753326 0.4229294 0.2144156 0.1399691 0.2301447 0.2026365 0.2181042 0.3095788 0.3397166 0.2106254 0.4103636 0.2124820 0.4463641 0.3804583 0.0000000 0.2063943 0.1851713 0.2199594 0.1813521 0.2253427 0.2576615 0.1779951 0.1909691 0.1637296 0.2416454 0.2127957 0.2004151 0.2854596 0.2820344 0.2850697 0.2715808 0.3708070 0.2407397 0.5178774 0.4058978 0.2850110 0.1768504 0.4112925 0.1730472 0.2194143 0.1462611 0.3168735 0.1756311 0.5120720 0.2886166 0.3583237 0.4163644 0.1574156 0.2206971 
Perityle_intricata_59_Clark_mtns           0.2019520 0.3131796 0.1834864 0.2113561 0.2557963 0.2716919 0.0945934 0.4229819 0.2730341 0.1127542 0.0604969 0.0361904 0.5235674 0.3537494 0.3149884 0.1861732 0.1821065 0.3841802 0.0128345 0.0427505 0.0258269 0.0324773 0.1796202 0.3104141 0.3292551 0.1385284 0.0892806 0.2390030 0.2054848 0.1502420 0.2382775 0.3762171 0.1717553 0.6299486 0.4520928 0.1637958 0.1277944 0.0120135 0.4690366 0.6946744 0.2063943 0.0000000 0.0541744 0.1754148 0.0699094 0.1612772 0.2503530 0.0769669 0.4517716 0.1382813 0.3919448 0.0237019 0.0381229 0.2404930 0.1591128 0.3201043 0.2707437 0.4195498 0.3936157 0.4923381 0.3164626 0.0244622 0.0535596 0.0506389 0.1651448 0.0411188 0.0101471 0.2221621 0.0160412 0.3849729 0.2557151 0.4235386 0.4268608 0.0140992 0.1428419 
Perityle_inyoensis_9_pleasant              0.3870971 0.4979906 0.1887435 0.1594811 0.2363643 0.2216591 0.1187238 0.4260890 0.8910670 0.1346313 0.7890443 0.0821375 0.6999677 0.4976113 0.4013332 0.3719853 0.3438229 0.6413255 0.0664083 0.5142591 0.0445066 0.0649645 0.3498602 0.3273394 0.5031027 0.1937055 0.0970075 0.2825607 0.2657297 0.1700860 0.4299914 0.3732528 0.3437499 0.6517752 0.6102971 0.3519382 0.6456886 0.0516469 0.4316504 0.7462299 0.1851713 0.0541744 0.0000000 0.3674048 0.1491978 0.3486219 0.2493098 0.1088670 0.4878019 0.1831442 0.4121613 0.0476368 0.0494562 0.3186948 0.1366575 0.3303230 0.4675483 0.4839432 0.5818713 0.6433968 0.4637275 0.0326936 0.0949794 0.5787162 0.2003811 0.0345930 0.0353064 0.2871574 0.0390717 0.4670824 0.2679459 0.6437419 0.4067799 0.0609148 0.1594373 
Perityle_lemmonii_12                       0.0861262 0.1477510 0.4177094 0.5772742 0.4055611 0.6035141 9.0000000 0.0000010 0.0329758 0.1456632 0.0648814 0.1558847 0.0240352 0.0337231 0.2418364 0.0540486 0.0206187 0.0607869 0.3290029 0.0116081 0.1595005 0.1512923 0.0290502 0.2150905 0.0255948 0.0636649 0.4105280 0.1788051 0.0808195 0.0432386 0.0183964 0.2347085 0.0190810 0.3655025 0.0312021 0.0056251 0.0728438 0.1457475 0.5558551 0.3771994 0.2199594 0.1754148 0.3674048 0.0000000 0.0116175 0.0075778 0.5306046 0.0707431 0.2710456 0.0393813 0.1510963 0.1636043 0.1503597 0.1487673 0.3824413 0.3841875 0.0274200 0.1756127 0.0475155 0.2081908 0.2226910 0.3127215 0.0300315 0.0307462 0.0557288 0.1768524 0.3450868 0.0180948 0.3120597 0.2408552 0.3697030 0.0296633 0.4940646 0.3490420 0.1643591 
Perityle_lemmonii_85_hachita               0.0369746 0.0156870 9.0000000 0.3049467 0.3239668 0.3997865 0.1025296 0.4244024 0.1269759 0.2435225 0.0000010 0.0357947 0.3316158 0.1953557 0.3798105 0.0196220 0.0393149 0.0434059 0.1150446 0.0192095 0.0467009 0.1027753 0.0395497 0.1881901 0.3349780 0.0782836 0.1313161 0.2827741 0.1754731 0.0987164 0.0270453 0.4277287 0.0269371 0.6252031 0.3306078 0.0038910 0.0113709 0.0627582 0.4950492 0.6823288 0.1813521 0.0699094 0.1491978 0.0116175 0.0000000 0.0114555 0.1838493 0.0371163 0.4563602 0.0339247 0.5373771 0.0721598 0.0842237 0.1616181 0.2648330 0.4628155 0.1392738 0.3166607 0.0616847 0.4202666 0.2180747 0.3634844 0.0359851 0.0039709 0.1212843 0.0583007 0.0477873 0.2281280 0.0576955 0.4053035 0.4696091 0.2778842 0.4452372 0.1195260 0.0766020 
Perityle_lemmonii_colossal_cave_206        0.0808261 0.1301815 0.3670685 0.5576330 0.3765459 0.5760814 9.0000000 0.3386125 0.0256459 0.1348156 0.0697293 0.1403906 0.0228848 0.0447771 0.2234354 0.0502026 0.0173066 0.0467775 0.3062066 0.0076203 0.1460228 0.1367168 0.0237736 0.2043278 0.0224863 0.0639738 0.3907405 0.1564258 0.0743933 0.0507735 0.0132654 0.2451512 0.0157221 0.3444544 0.0259011 0.0059032 0.0601408 0.1321658 0.5154391 0.3389358 0.2253427 0.1612772 0.3486219 0.0075778 0.0114555 0.0000000 0.5176135 0.0778699 0.2790363 0.0299632 0.1521502 0.1483535 0.1377556 0.1124762 0.3577057 0.3622356 0.0236533 0.1452583 0.0449025 0.1865069 0.1970472 0.2808697 0.0298743 0.0267881 0.0579287 0.1594107 0.3170142 0.0188932 0.2876372 0.2150325 0.3596406 0.0258740 0.4459411 0.3220323 0.1454381 
Perityle_leptoglossa_20_rancho_las_laminas 0.5325776 0.6641327 0.0882018 0.1890984 0.2422619 0.2293648 0.1097995 0.3136449 0.9807867 0.3375669 0.8730839 0.1910774 0.7786024 0.5511991 0.2068992 0.5544137 0.5023667 0.7746574 0.1896276 0.8872633 0.1925327 0.2477268 0.4918865 0.4435202 0.5041334 0.2510201 0.1541704 0.3241920 0.3241433 0.1928108 0.5973603 0.5356388 0.5231011 0.7065051 0.6711013 0.5152268 0.8686074 0.2164741 0.4560956 0.8310386 0.2576615 0.2503530 0.2493098 0.5306046 0.1838493 0.5176135 0.0000000 0.1790160 0.4677668 0.2751601 0.4484459 0.2642847 0.2278952 0.3924123 0.1557503 0.1926473 0.5904106 0.5352168 0.6835100 0.6017403 0.4923106 0.0431037 0.1762869 0.8549909 0.2300572 0.2678081 0.0972724 0.3265346 0.0670638 0.4263009 0.3515219 0.7281304 0.4411290 0.2242235 0.2383249 
Perityle_lindheimeri_34                    0.1296307 0.2143171 0.5027023 0.2734540 0.3524058 0.3293405 0.0327512 0.3801641 0.1211819 0.1988105 0.0000010 0.1177999 0.3136845 0.1750019 0.2800689 0.0979567 0.0799551 0.1327267 0.0789978 0.0191536 0.0738734 0.0726007 0.0940240 0.2302256 0.2598212 0.1160018 0.1848693 0.2514980 0.1364818 0.0616673 0.0741128 0.3038984 0.0733910 0.5062919 0.3194518 0.0569337 0.0814095 0.0673217 0.4830413 0.5750578 0.1779951 0.0769669 0.1088670 0.0707431 0.0371163 0.0778699 0.1790160 0.0000000 0.3721675 0.0804288 0.3170887 0.0733812 0.0737952 0.1887758 0.2827269 0.3284923 0.1304752 0.3425621 0.1866541 0.3879252 0.2940402 0.1656058 0.0304929 0.0037531 0.1596347 0.0776075 0.0829682 0.1552296 0.1249660 0.3557791 0.3281963 0.2178233 0.4571409 0.0859097 0.1038491 
Perityle_lineariloba_78                    0.2852412 0.4477625 0.4398337 0.5762565 0.2456014 0.6056393 0.4124805 0.4940891 0.4331936 0.4909448 0.3603092 0.3641804 0.4734110 0.3790422 0.4982023 0.2466046 0.2692615 0.3434698 0.4604973 0.3873085 0.4469913 0.4590586 0.2695190 0.3894788 0.2766713 0.3480248 0.3976094 0.5098462 0.5420758 0.3901605 0.2628144 0.2303214 0.2467544 0.3566501 0.4558761 0.2402642 0.4088867 0.4604525 0.4257110 0.4268270 0.1909691 0.4517716 0.4878019 0.2710456 0.4563602 0.2790363 0.4677668 0.3721675 0.0000000 0.3063058 0.3534231 0.4545858 0.4353088 0.2281434 0.2745010 0.3486447 0.2998064 0.3428702 0.3602424 0.6583755 0.4683129 0.3489406 0.4557964 0.3888226 0.4188300 0.4522163 0.4560742 0.3857744 0.2970521 0.6736312 0.3346994 0.4216367 0.3872058 0.4586937 0.4699665 
Perityle_lloydii_79                        0.1016638 0.2020717 0.3617608 0.3176120 0.3090573 0.3613959 0.0474435 0.3416803 0.1110259 0.2741913 0.0893726 0.1796414 0.2337930 0.1496345 0.3095365 0.0638378 0.0340495 0.1298072 0.1575233 0.0282765 0.1346455 0.1322537 0.0440855 0.0758419 0.1781381 0.0821085 0.2503192 0.3152058 0.0908626 0.0514771 0.0315630 0.2351916 0.0304600 0.5077154 0.2076697 0.0347366 0.0868602 0.1240916 0.3780904 0.5373492 0.1637296 0.1382813 0.1831442 0.0393813 0.0339247 0.0299632 0.2751601 0.0804288 0.3063058 0.0000000 0.2256475 0.1386412 0.1266874 0.1704921 0.2618702 0.4461746 0.0796711 0.2305895 0.0996564 0.3858015 0.2473544 0.2632346 0.0258542 0.0475872 0.0922585 0.1381599 0.1421097 0.1717578 0.1372746 0.3430892 0.3595104 0.1944767 0.3706563 0.1645364 0.1200223 
