82
Amauria_brandeegeana_62                    0.0000000 0.1007804 0.1243482 0.1875387 0.1681436 0.1448051 0.2134681 0.1984985 0.0053410 0.1507316 0.1421887 0.1363951 0.1307072 0.1234039 0.1434692 0.1292650 0.1103606 0.2325667 0.2666447 0.1271530 0.0654108 0.1252557 0.2650863 0.1392338 0.1376712 0.1449149 0.1382256 0.2300613 0.1217757 0.1603456 0.1555204 0.0157804 0.1227551 0.5098086 0.2310114 0.1412455 0.1593680 0.1480160 0.1107318 0.2664377 0.2226807 0.1220348 0.2075652 0.1394044 0.2771610 0.1250807 0.0947977 0.1302904 0.2152736 0.1342906 0.1370955 0.2595095 0.1293583 0.1568147 0.1670528 0.1316448 0.1115647 0.1327145 0.1228822 0.1365061 0.1448398 0.0924557 0.1026066 0.1374001 0.1473265 0.1326960 0.1461632 0.1225034 0.1175150 0.1248523 0.1652685 0.0876034 0.1210802 0.1412194 0.0980500 0.1494217 0.1573030 0.2684318 0.1272404 0.1452718 0.1223137 0.1323984 
Amauria_carterae_99_mesa                   0.1007804 0.0000000 0.1207814 0.1468469 0.1321786 0.1307388 0.2128801 0.1598102 0.0760507 0.1412100 0.1220199 0.1388452 0.1341156 0.1382287 0.1164508 0.1405265 0.1328244 0.1369525 0.1835036 0.1309369 0.1095019 0.1296830 0.1961860 0.1427658 0.0766557 0.1115981 0.1399448 0.2100652 0.1281779 0.1501433 0.1599328 0.1175301 0.1163768 0.3417166 0.2069048 0.1500236 0.1576855 0.1238455 0.1352241 0.1982636 0.1955459 0.1215491 0.1900891 0.1420063 0.1912466 0.1180537 0.1274313 0.1284236 0.1922018 0.1420525 0.1345789 0.1737687 0.0807608 0.1418524 0.1498720 0.1145257 0.0822905 0.1386866 0.1275471 0.1254682 0.1620584 0.1315122 0.0606916 0.1194761 0.1463560 0.0861307 0.1254522 0.1209373 0.1110722 0.1309064 0.1219212 0.1256059 0.1311601 0.1339547 0.1157025 0.1233781 0.1319834 0.1844423 0.1224367 0.0972196 0.1318635 0.0641480 
Amauria_rotundifolia_SRR9119150            0.1243482 0.1207814 0.0000000 0.2164996 0.2727085 0.1877963 0.2553081 0.1849208 0.1445483 0.2559810 0.2484661 0.2239025 0.1519101 0.1125031 0.2159399 0.2170541 0.1081949 0.2540486 0.3531757 0.1878215 0.0664185 0.2116562 0.3020736 0.2169163 0.2339844 0.2530482 0.1695763 0.2147245 0.1304281 0.2359426 0.2514642 0.1406781 0.1765935 0.4976047 0.2490318 0.1698085 0.2396087 0.2017644 0.1320778 0.2565687 0.2264920 0.1978187 0.2209241 0.2173540 0.3334952 0.2094139 0.0799560 0.2270148 0.2240720 0.2033292 0.2201538 0.3158456 0.1850661 0.2374985 0.1817127 0.1348981 0.1243701 0.2247706 0.2026733 0.2229210 0.2008402 0.1058282 0.1083150 0.2425760 0.2175375 0.2133924 0.1797352 0.2252211 0.1253375 0.2108282 0.2166016 0.1261140 0.1823665 0.1970040 0.0927029 0.2104585 0.2581595 0.3273420 0.2380903 0.1354267 0.2170453 0.2391093 
Conoclinium_coelestinum_SRR9119114         0.1875387 0.1468469 0.2164996 0.0000000 0.1575371 0.1156170 0.3566284 0.2006500 0.1484432 0.1796752 0.1384798 0.1604442 0.1623986 0.1494330 0.1385625 0.1551100 0.1537516 0.2183181 0.2665771 0.1560993 0.1164597 0.1648786 0.2743950 0.1775723 0.1533056 0.1700723 0.1613949 0.2768332 0.1586246 0.1918278 0.1823078 0.1781977 0.1471954 0.4796630 0.2914218 0.1657100 0.1820617 0.1416471 0.1631293 0.2709204 0.2745713 0.1548387 0.2719072 0.1658406 0.2740473 0.1640940 0.1306136 0.1714839 0.2680630 0.1736735 0.1684761 0.2573763 0.1530999 0.1691035 0.2101904 0.2266692 0.1491616 0.1630209 0.1538593 0.1800994 0.2516478 0.1537140 0.1397839 0.1354644 0.1635300 0.1559614 0.1859488 0.1480647 0.1374153 0.1656063 0.2101988 0.1536216 0.1614017 0.1467832 0.1403912 0.1824333 0.1585670 0.2667258 0.1361797 0.1569167 0.1539553 0.1545628 
Eutetras_palmeri_63                        0.1681436 0.1321786 0.2727085 0.1575371 0.0000000 0.1343563 0.3426928 0.1565058 0.2106173 0.1487453 0.2521009 0.2901090 0.0780851 0.0983792 0.0733208 0.2646088 0.1028260 0.3807743 0.4210719 0.0869582 0.0526373 0.1902506 0.2429490 0.2904530 0.2436258 0.1850665 0.1745232 0.2901587 0.1136785 0.1695682 0.1477693 0.1306213 0.0974786 0.5313198 0.4174981 0.1027887 0.1549408 0.0659724 0.0972169 0.4373756 0.4121857 0.1565788 0.3516083 0.1786018 0.4179741 0.2413318 0.0592111 0.1312027 0.3781470 0.2870601 0.1129660 0.4134601 0.1293155 0.2648949 0.1902258 0.2471285 0.1223636 0.2869269 0.0871837 0.1226898 0.2397317 0.0998344 0.1034389 0.2553703 0.1427922 0.1276448 0.1040700 0.0828814 0.0775130 0.2468567 0.1860382 0.0914095 0.0802916 0.0851743 0.0684830 0.1069482 0.1215025 0.3739631 0.2375598 0.1247638 0.1372642 0.1870269 
Eutrochium_fistulosum_SRR9119106           0.1448051 0.1307388 0.1877963 0.1156170 0.1343563 0.0000000 0.3374319 0.1813002 0.1058482 0.1688606 0.1335820 0.1358230 0.1266644 0.1233177 0.1317516 0.1271729 0.1213035 0.1876634 0.2530860 0.1323021 0.0705411 0.1330439 0.2526175 0.1481647 0.1444289 0.1550540 0.1442258 0.2592167 0.1314445 0.1776093 0.1634133 0.1501328 0.1243675 0.4500277 0.2799315 0.1392014 0.1474496 0.1186156 0.1360627 0.2775778 0.2581104 0.1339368 0.2668604 0.1376006 0.2797957 0.1452026 0.1058797 0.1397854 0.2438146 0.1428979 0.1393227 0.2747151 0.1381846 0.1430472 0.2017034 0.2370840 0.1280795 0.1397358 0.1300687 0.1487147 0.2648693 0.1287389 0.1116830 0.1304634 0.1445177 0.1412924 0.1607786 0.1223878 0.1023438 0.1359590 0.1609811 0.1260513 0.1268506 0.1149643 0.1083232 0.1555616 0.1385282 0.2757220 0.1296482 0.1272143 0.1302768 0.1422840 
Galeana_pratensis_104_mex                  0.2134681 0.2128801 0.2553081 0.3566284 0.3426928 0.3374319 0.0000000 0.3134339 0.2229574 0.3537528 0.3164347 0.3163431 0.2967549 0.3236700 0.3353325 0.3153064 0.2997397 0.3229574 0.3635483 0.3191914 0.1496115 0.3230464 0.3662615 0.3255011 0.3268876 0.3339325 0.3214746 0.4297177 0.2353550 0.3456723 0.3366628 0.3411279 0.3098541 0.5913004 0.4545362 0.3409541 0.3104585 0.3106457 0.3240191 0.4411055 0.4384402 0.3037752 0.4270104 0.3415970 0.4343030 0.2634689 0.2604242 0.3401977 0.4137196 0.3299967 0.3229154 0.4132185 0.3139642 0.3256465 0.3974844 0.3428568 0.2841445 0.3104928 0.3181630 0.3280018 0.2942013 0.2842316 0.0999125 0.3178909 0.3218520 0.3183366 0.3326957 0.3095283 0.1073088 0.3192359 0.3240437 0.3118209 0.3246241 0.3150827 0.1931239 0.3372805 0.3258659 0.4100239 0.3172795 0.2786553 0.3204847 0.2528956 
Helianthus_annuus_SRR9119062               0.1984985 0.1598102 0.1849208 0.2006500 0.1565058 0.1813002 0.3134339 0.0000000 0.1378650 0.1745115 0.1567004 0.1701094 0.1687710 0.1552611 0.1575707 0.1462877 0.1558792 0.1990053 0.2449339 0.1589904 0.1232124 0.1678941 0.2537438 0.1718888 0.1703843 0.1604715 0.1739760 0.2512906 0.1714182 0.1833989 0.1778615 0.1743137 0.1397966 0.4304000 0.2853534 0.1769450 0.1667790 0.1613547 0.1661039 0.2721514 0.2656256 0.1568771 0.2639062 0.1544695 0.2604264 0.1643067 0.1284875 0.1721889 0.2603913 0.1756063 0.1705765 0.2419421 0.1608080 0.1611782 0.2238914 0.2591662 0.1710707 0.1649009 0.1619455 0.1692769 0.2759092 0.1555688 0.1428122 0.1590087 0.1742417 0.1635028 0.1719257 0.1402958 0.1511191 0.1678989 0.1779667 0.1552585 0.1572977 0.1522357 0.1508250 0.1726567 0.1480586 0.2574548 0.1556648 0.1437163 0.1620057 0.1460837 
Lycapsus_tenuifolius_17                    0.0053410 0.0760507 0.1445483 0.1484432 0.2106173 0.1058482 0.2229574 0.1378650 0.0000000 0.1900985 0.1948342 0.1875178 0.1087471 0.0822316 0.1463031 0.1791306 0.0799743 0.2786978 0.2792347 0.1651448 0.0280544 0.1818323 0.2309596 0.1781486 0.1914766 0.1886045 0.1534516 0.1581171 0.0839690 0.2051369 0.1886002 0.0332722 0.1405688 0.4477509 0.1753136 0.1195938 0.1905523 0.1113367 0.0777886 0.1935055 0.1527707 0.1794915 0.1554659 0.1732871 0.2708106 0.2002998 0.0582251 0.1900071 0.1531517 0.1606006 0.1928168 0.2638707 0.1323421 0.2057544 0.1195206 0.0976067 0.0785419 0.1879817 0.1816819 0.1617929 0.1638375 0.0593441 0.0485978 0.1907886 0.2021895 0.1815998 0.1023416 0.1776006 0.0874740 0.1816963 0.1338549 0.0589904 0.1424120 0.1622313 0.0709008 0.1526324 0.2077965 0.2775326 0.1840709 0.1082026 0.1854432 0.1880109 
Pericome_caudata_50_silver                 0.1507316 0.1412100 0.2559810 0.1796752 0.1487453 0.1688606 0.3537528 0.1745115 0.1900985 0.0000000 0.1286733 0.2303217 0.1271745 0.1602818 0.1098018 0.1955470 0.1219573 0.2926924 0.3007633 0.1582810 0.1073079 0.1796083 0.2504845 0.2644979 0.1726241 0.1733788 0.2330128 0.2596537 0.0792005 0.1781361 0.1259225 0.1266266 0.1738860 0.5202731 0.3338100 0.1601570 0.1622841 0.1155155 0.2524137 0.3412913 0.3119685 0.1280783 0.3028287 0.1484789 0.3186955 0.2102392 0.1100084 0.1582964 0.2554750 0.2496200 0.2307978 0.3681035 0.1836943 0.1352601 0.2795206 0.2991727 0.1142358 0.1756696 0.1694136 0.1060561 0.2413090 0.1419558 0.1067459 0.1186801 0.1942910 0.1593376 0.1207481 0.1305473 0.1024394 0.1821280 0.2085916 0.2516471 0.1277185 0.1225243 0.1336156 0.1155377 0.1390156 0.3094004 0.1188328 0.1369471 0.1732403 0.1771788 
Perityle_aglossa_84_dead_horse             0.1421887 0.1220199 0.2484661 0.1384798 0.2521009 0.1335820 0.3164347 0.1567004 0.1948342 0.1286733 0.0000000 0.1255877 0.0981861 0.1382764 0.0309981 0.1155295 0.0903257 0.1667893 0.1515926 0.1262247 0.0739300 0.2070880 0.2289684 0.1277750 0.2052694 0.1781282 0.1641355 0.2563846 0.1130935 0.1786882 0.1073630 0.1117459 0.1494398 0.3093497 0.2726163 0.1301238 0.1610596 0.0332326 0.2250713 0.4095224 0.2406651 0.0806998 0.2912227 0.1709920 0.3823272 0.2207915 0.0882500 0.1373386 0.2071676 0.1350654 0.1958300 0.1699952 0.1670594 0.0762398 0.2527828 0.3065020 0.1293187 0.0936109 0.1360143 0.1080998 0.2454901 0.0948749 0.1092361 0.0087300 0.1298494 0.1306048 0.1142917 0.1106551 0.0867437 0.2247181 0.1792045 0.2219172 0.0971120 0.1065526 0.1009358 0.0999008 0.1141049 0.3326314 0.0038666 0.0987338 0.1690624 0.1837094 
Perityle_ajoensis_204                      0.1363951 0.1388452 0.2239025 0.1604442 0.2901090 0.1358230 0.3163431 0.1701094 0.1875178 0.2303217 0.1255877 0.0000000 0.0114513 0.0460121 0.1322193 0.0665453 0.0844100 0.1395929 0.1563367 0.0913663 0.0209485 0.1622832 0.2336236 0.0348902 0.2642644 0.2072464 0.1712989 0.2484056 0.1198028 0.2312428 0.2082051 0.1363470 0.0551344 0.3262698 0.2853185 0.0283829 0.2162442 0.1000716 0.0261114 0.4212401 0.2607652 0.0118576 0.3000299 0.2391850 0.3918271 0.2215632 0.0017199 0.0663669 0.2076395 0.0370017 0.0322796 0.1036093 0.1982006 0.0649051 0.1750437 0.1638160 0.1109874 0.0607425 0.1358608 0.1639428 0.2144929 0.0764495 0.0830862 0.1313703 0.1606931 0.1794034 0.1647822 0.1534047 0.0595086 0.1754882 0.1950512 0.0263446 0.0163108 0.0417582 0.0095630 0.1492639 0.1997460 0.3351771 0.0997182 0.1333745 0.1169106 0.1866882 
Perityle_ambrosiifolia_67_green            0.1307072 0.1341156 0.1519101 0.1623986 0.0780851 0.1266644 0.2967549 0.1687710 0.1087471 0.1271745 0.0981861 0.0114513 0.0000000 0.0314579 0.0906053 0.0172538 0.0801167 0.1186538 0.2330748 0.0025780 0.0147352 0.0025429 0.2477093 0.0137301 0.0876367 0.0902957 0.0995043 0.2386648 0.1103943 0.1120402 0.0960337 0.1007804 0.0145986 0.4737377 0.2477398 0.0126432 0.0883348 0.0959259 0.0026545 0.2671425 0.2386906 0.0012949 0.2294328 0.0802102 0.2521418 0.1382513 0.0000010 0.0037673 0.2294343 0.0111913 0.0150114 0.2253939 0.0820645 0.0394290 0.1602221 0.1772329 0.0933896 0.0076207 0.0012873 0.0893826 0.1887517 0.0662980 0.0812193 0.0930650 0.0808460 0.0845338 0.1290264 0.0923060 0.0578463 0.0025314 0.1397289 0.0000010 0.0000010 0.0270875 0.0000010 0.1244624 0.0892550 0.2467239 0.0897550 0.1217552 0.0025812 0.0633804 
Perityle_angustifolia_13_Eagle_creek       0.1234039 0.1382287 0.1125031 0.1494330 0.0983792 0.1233177 0.3236700 0.1552611 0.0822316 0.1602818 0.1382764 0.0460121 0.0314579 0.0000000 0.1510289 0.0065549 0.0886864 0.0627923 0.2204982 0.0428442 0.0178012 0.0335893 0.2276280 0.0498727 0.1491465 0.1606444 0.1274001 0.2461840 0.1045522 0.1768828 0.1694677 0.1431663 0.0079146 0.4410913 0.2924931 0.0381776 0.1375261 0.0994942 0.0293060 0.2810309 0.2759378 0.0338240 0.2622075 0.1349032 0.2632057 0.0734437 0.0198019 0.0453317 0.2543260 0.0416971 0.0338714 0.2700210 0.1770366 0.0092900 0.2089584 0.2442463 0.1198577 0.0450029 0.0358310 0.1581482 0.2186876 0.0696647 0.1198149 0.1358274 0.1293220 0.1763299 0.1632157 0.1278846 0.0696496 0.0334604 0.1072378 0.0308355 0.0317266 0.0059848 0.0299807 0.1453448 0.1464480 0.2551969 0.1337818 0.1210910 0.0348454 0.1237042 
Perityle_batopilensis_97                   0.1434692 0.1164508 0.2159399 0.1385625 0.0733208 0.1317516 0.3353325 0.1575707 0.1463031 0.1098018 0.0309981 0.1322193 0.0906053 0.1510289 0.0000000 0.1313230 0.0891243 0.2525472 0.2269219 0.1208538 0.0891216 0.1277379 0.2311537 0.1460218 0.1136059 0.1629720 0.1754289 0.2559755 0.1045147 0.1488007 0.0914174 0.1103031 0.1204308 0.4691617 0.3000997 0.1272415 0.0982565 0.0038020 0.1525770 0.2965604 0.2845241 0.1056748 0.2703463 0.0912570 0.2564900 0.1744778 0.0876963 0.1383212 0.2501689 0.1401238 0.1372131 0.2601768 0.1165246 0.1189291 0.2103007 0.2531072 0.1032032 0.1235554 0.1170184 0.1006418 0.2532639 0.1045728 0.1133595 0.0209463 0.1285704 0.1178489 0.1147526 0.0768970 0.0888599 0.1289966 0.1642555 0.1357890 0.0946469 0.0908005 0.1095322 0.0949322 0.0736589 0.2664767 0.0208385 0.1013925 0.1152131 0.1088038 
Perityle_bisetosa_9                        0.1292650 0.1405265 0.2170541 0.1551100 0.2646088 0.1271729 0.3153064 0.1462877 0.1791306 0.1955470 0.1155295 0.0665453 0.0172538 0.0065549 0.1313230 0.0000000 0.0802520 0.0751705 0.1595222 0.0457621 0.0146075 0.1120650 0.2387885 0.0645857 0.2215055 0.1829745 0.1705319 0.2330261 0.0988834 0.2093901 0.1851986 0.1315928 0.0224162 0.3068357 0.2582577 0.0234972 0.1886390 0.0869820 0.0467921 0.3975315 0.2390989 0.0365826 0.2527188 0.2074281 0.3645376 0.2045719 0.0054106 0.0687617 0.2248829 0.0539570 0.0682797 0.1834953 0.1467770 0.0460139 0.2109183 0.2288537 0.1172868 0.0556029 0.0502124 0.1855344 0.2092574 0.0696363 0.0841235 0.1188843 0.1512711 0.1641738 0.1528762 0.1545219 0.0367677 0.1374641 0.1644468 0.0296819 0.0301683 0.0317989 0.0101959 0.1335286 0.1791448 0.3343710 0.1066720 0.1244394 0.0706183 0.1846294 
Perityle_californica_76_positas            0.1103606 0.1328244 0.1081949 0.1537516 0.1028260 0.1213035 0.2997397 0.1558792 0.0799743 0.1219573 0.0903257 0.0844100 0.0801167 0.0886864 0.0891243 0.0802520 0.0000000 0.1276480 0.2245837 0.0778734 0.0596618 0.0730509 0.2232074 0.0871969 0.1260023 0.1043200 0.0837775 0.2281409 0.1183513 0.0343569 0.1036138 0.0895494 0.0751257 0.3879726 0.2605617 0.0873540 0.1069672 0.0919822 0.0742046 0.2575532 0.2475577 0.0681398 0.2291091 0.0932321 0.2457020 0.0098471 0.0722393 0.0873328 0.2403545 0.0887139 0.0838840 0.2245708 0.1187067 0.0936166 0.1719996 0.2083519 0.1116058 0.0847997 0.0709866 0.0945751 0.2114282 0.0767924 0.1006550 0.0882399 0.0831749 0.1187221 0.1139082 0.0767490 0.0937843 0.0756265 0.0980189 0.0762193 0.0789072 0.0759813 0.0863028 0.1109908 0.1114416 0.2366774 0.0879419 0.1394919 0.0717693 0.0817563 
Perityle_castillonii_96                    0.2325667 0.1369525 0.2540486 0.2183181 0.3807743 0.1876634 0.3229574 0.1990053 0.2786978 0.2926924 0.1667893 0.1395929 0.1186538 0.0627923 0.2525472 0.0751705 0.1276480 0.0000000 0.2243466 0.1599704 0.0107484 0.2399471 0.3425574 0.1261174 0.3441360 0.2909243 0.1922053 0.2608105 0.1484809 0.2968805 0.2762731 0.1978352 0.1446273 0.3353660 0.2596142 0.1297970 0.2704571 0.1855987 0.0940203 0.4263210 0.2322884 0.1387392 0.2795545 0.2962230 0.4738625 0.2912499 0.0176081 0.1866462 0.2210900 0.1302085 0.1726623 0.2110713 0.2415836 0.1355111 0.2550733 0.2395983 0.1511054 0.1394629 0.1725499 0.2633306 0.2297279 0.0922339 0.0911438 0.1728573 0.2145140 0.2617926 0.1846516 0.2416175 0.1039152 0.2614518 0.2172885 0.0802530 0.1509151 0.1649301 0.0222119 0.2475558 0.2688736 0.4390235 0.1601533 0.1281241 0.1989378 0.3003890 
Perityle_cernua_84                         0.2666447 0.1835036 0.3531757 0.2665771 0.4210719 0.2530860 0.3635483 0.2449339 0.2792347 0.3007633 0.1515926 0.1563367 0.2330748 0.2204982 0.2269219 0.1595222 0.2245837 0.2243466 0.0000000 0.2309905 0.1826574 0.3467936 0.0118382 0.1547531 0.3559920 0.3010826 0.2895095 0.0985999 0.2055328 0.3064678 0.2884243 0.2502218 0.2306222 0.2684683 0.1167407 0.2520898 0.3096738 0.2493296 0.2324096 0.1829495 0.1062024 0.1622110 0.1090010 0.3210494 0.1199939 0.3594577 0.1934262 0.3103149 0.1052533 0.1466860 0.2681484 0.0174207 0.2125158 0.1634326 0.2912287 0.2981790 0.1487063 0.1460743 0.2405873 0.2807176 0.2626233 0.2312834 0.1853141 0.1551536 0.2755884 0.2446333 0.2385740 0.2368053 0.1888523 0.3573734 0.2901010 0.2205753 0.2291387 0.2305626 0.2087777 0.2320988 0.3045991 0.0858497 0.1339313 0.1820798 0.2995448 0.3178080 
Perityle_cfvillosa_25_tin                  0.1271530 0.1309369 0.1878215 0.1560993 0.0869582 0.1323021 0.3191914 0.1589904 0.1651448 0.1582810 0.1262247 0.0913663 0.0025780 0.0428442 0.1208538 0.0457621 0.0778734 0.1599704 0.2309905 0.0000000 0.0143597 0.0296250 0.2243788 0.0972794 0.1419088 0.1329438 0.1726411 0.2317717 0.1160078 0.1823517 0.1325019 0.1316476 0.0190965 0.4838771 0.2812744 0.0207841 0.1316543 0.0940179 0.0989379 0.2943851 0.2683861 0.0010765 0.2538945 0.1338678 0.2790006 0.1676520 0.0000010 0.0061832 0.2283462 0.0817011 0.0956571 0.3088553 0.2083721 0.0441617 0.2512050 0.2648272 0.0997338 0.0018181 0.0008561 0.1302495 0.1972609 0.0706834 0.0841821 0.1228215 0.1390650 0.1519730 0.1639829 0.1278398 0.0570858 0.0265302 0.1615529 0.0911022 0.0022566 0.0287535 0.0000010 0.1456831 0.1385919 0.2814853 0.1211017 0.1188561 0.0199858 0.1062968 
Perityle_cinerea_113_Powell1310            0.0654108 0.1095019 0.0664185 0.1164597 0.0526373 0.0705411 0.1496115 0.1232124 0.0280544 0.1073079 0.0739300 0.0209485 0.0147352 0.0178012 0.0891216 0.0146075 0.0596618 0.0107484 0.1826574 0.0143597 0.0000000 0.0176065 0.1937147 0.0210274 0.0969783 0.1169997 0.0507910 0.2097204 0.1029752 0.0851420 0.1213167 0.0616921 0.0036808 0.2955769 0.2085621 0.0174545 0.0696752 0.0894069 0.0142152 0.2043763 0.1989924 0.0144614 0.1784039 0.0582519 0.1921584 0.0632135 0.0142959 0.0176882 0.1937566 0.0243939 0.0249436 0.1746278 0.1026596 0.0143901 0.0552115 0.1128844 0.1044809 0.0246218 0.0142214 0.0821953 0.1161715 0.0410682 0.1117653 0.0706429 0.0580585 0.1009907 0.0918628 0.0817474 0.0141751 0.0140892 0.0578286 0.0107330 0.0142042 0.0070579 0.0178648 0.0811930 0.0669061 0.1898263 0.0703870 0.0813841 0.0145187 0.0926308 
Perityle_coahuilensis_24                   0.1252557 0.1296830 0.2116562 0.1648786 0.1902506 0.1330439 0.3230464 0.1678941 0.1818323 0.1796083 0.2070880 0.1622832 0.0025429 0.0335893 0.1277379 0.1120650 0.0730509 0.2399471 0.3467936 0.0296250 0.0176065 0.0000000 0.2376605 0.1474491 0.1096080 0.1305805 0.1647978 0.2636944 0.1134279 0.2055365 0.1488233 0.1285341 0.0183956 0.5487400 0.3289929 0.0146290 0.1500781 0.0922086 0.0848366 0.3138076 0.3183417 0.0460615 0.3034525 0.1501902 0.3001178 0.2018658 0.0000010 0.0132781 0.2667390 0.1374120 0.0755325 0.3980413 0.2034565 0.0931714 0.2634652 0.2723602 0.1043303 0.1167240 0.0445631 0.1554972 0.2073653 0.0708809 0.0938513 0.2037698 0.1470701 0.1457568 0.1626622 0.1425825 0.0514549 0.0068576 0.1868244 0.0708624 0.0022258 0.0226176 0.0000010 0.1424584 0.1352041 0.2947042 0.2025033 0.1178126 0.0095009 0.1731879 
Perityle_cochisensis_44_cave_creek         0.2650863 0.1961860 0.3020736 0.2743950 0.2429490 0.2526175 0.3662615 0.2537438 0.2309596 0.2504845 0.2289684 0.2336236 0.2477093 0.2276280 0.2311537 0.2387885 0.2232074 0.3425574 0.0118382 0.2243788 0.1937147 0.2376605 0.0000000 0.2497280 0.2253247 0.2349200 0.2966710 0.0879379 0.2112063 0.2515153 0.2352773 0.2487714 0.2236191 0.4217967 0.0912882 0.2651687 0.2384796 0.2477085 0.2438415 0.0459667 0.0800244 0.2235364 0.0839967 0.2307287 0.0130169 0.2817859 0.2005193 0.2425844 0.0783408 0.2470735 0.2437241 0.0117078 0.2173051 0.2440554 0.2914701 0.3068052 0.1482084 0.2338484 0.2219983 0.2447116 0.2704777 0.2423381 0.1903007 0.2191480 0.2475526 0.2206994 0.2418392 0.2122373 0.1936613 0.2395251 0.2743258 0.2295821 0.2316570 0.2236917 0.2148243 0.2411858 0.2425316 0.0195405 0.2234167 0.1821408 0.2246998 0.2154721 
Perityle_congesta_202                      0.1392338 0.1427658 0.2169163 0.1775723 0.2904530 0.1481647 0.3255011 0.1718888 0.1781486 0.2644979 0.1277750 0.0348902 0.0137301 0.0498727 0.1460218 0.0645857 0.0871969 0.1261174 0.1547531 0.0972794 0.0210274 0.1474491 0.2497280 0.0000000 0.2741352 0.2084628 0.1859836 0.2735270 0.1199322 0.2559807 0.2347272 0.1426906 0.0601155 0.3355183 0.3110664 0.0266180 0.2405437 0.1037678 0.0468136 0.4346173 0.2857510 0.0080041 0.3312396 0.2655858 0.4050399 0.2128529 0.0017234 0.0700096 0.2313922 0.0327000 0.0371481 0.0967838 0.2071270 0.0596042 0.1895777 0.1822581 0.1217485 0.0577579 0.1420731 0.1893016 0.2203802 0.0869567 0.0914587 0.1328388 0.1677840 0.1907661 0.1816552 0.1674701 0.0564191 0.1637558 0.2014309 0.0220012 0.0085905 0.0393937 0.0023912 0.1502466 0.2239277 0.3492366 0.1108025 0.1279177 0.1198881 0.1853961 
Perityle_cordifolia_27                     0.1376712 0.0766557 0.2339844 0.1533056 0.2436258 0.1444289 0.3268876 0.1703843 0.1914766 0.1726241 0.2052694 0.2642644 0.0876367 0.1491465 0.1136059 0.2215055 0.1260023 0.3441360 0.3559920 0.1419088 0.0969783 0.1096080 0.2253247 0.2741352 0.0000000 0.1427339 0.2033918 0.2298767 0.1000359 0.1932142 0.1414392 0.1419594 0.1096650 0.5410871 0.3118336 0.1266655 0.1600732 0.1027957 0.1909073 0.3070493 0.2835453 0.1477585 0.2571147 0.1604404 0.2965863 0.2323742 0.0736229 0.1134201 0.2570219 0.2694193 0.1733429 0.3904364 0.0979064 0.1909564 0.2305449 0.2272958 0.0509936 0.2364861 0.1364522 0.1296649 0.2433173 0.1267419 0.0000010 0.2036291 0.1731319 0.0941311 0.1784362 0.1389057 0.1209685 0.1095433 0.2113481 0.1811628 0.1056055 0.1067863 0.0994945 0.1588844 0.1640163 0.2980385 0.2065749 0.0970563 0.1054478 0.1403026 
Perityle_cordifolia_68_tecolote            0.1449149 0.1115981 0.2530482 0.1700723 0.1850665 0.1550540 0.3339325 0.1604715 0.1886045 0.1733788 0.1781282 0.2072464 0.0902957 0.1606444 0.1629720 0.1829745 0.1043200 0.2909243 0.3010826 0.1329438 0.1169997 0.1305805 0.2349200 0.2084628 0.1427339 0.0000000 0.2223748 0.2621973 0.1233136 0.1848912 0.1596735 0.1502327 0.1343929 0.5215624 0.3180557 0.1334626 0.1685332 0.1114909 0.1758218 0.3269494 0.3019217 0.1154881 0.2860404 0.1691524 0.3012575 0.2180623 0.0798862 0.1368774 0.2416324 0.2190353 0.1708503 0.3435569 0.1367540 0.1453520 0.2703425 0.1795303 0.0705300 0.1748484 0.1274501 0.1523792 0.2330027 0.1150810 0.0301831 0.1727725 0.1847887 0.1483297 0.1996829 0.1700878 0.1204898 0.1259483 0.2169010 0.1632774 0.1105465 0.1186617 0.1111877 0.1748867 0.1880355 0.3053728 0.1801899 0.1479845 0.1182674 0.1600091 
Perityle_coronopifolia_28_patagonia        0.1382256 0.1399448 0.1695763 0.1613949 0.1745232 0.1442258 0.3214746 0.1739760 0.1534516 0.2330128 0.1641355 0.1712989 0.0995043 0.1274001 0.1754289 0.1705319 0.0837775 0.1922053 0.2895095 0.1726411 0.0507910 0.1647978 0.2966710 0.1859836 0.2033918 0.2223748 0.0000000 0.2738374 0.1311903 0.2223779 0.2014919 0.1508799 0.1635549 0.4856189 0.3041317 0.1444515 0.1833918 0.1201187 0.1311172 0.2975071 0.2899487 0.1418677 0.2798529 0.1800723 0.3246681 0.1513296 0.0575811 0.1745360 0.2707657 0.1769256 0.1667972 0.3026310 0.2046728 0.1695835 0.2079335 0.2469903 0.1120693 0.1790070 0.1681855 0.1992660 0.2096862 0.0143472 0.1098330 0.1668424 0.0438503 0.2122297 0.1799151 0.1829576 0.0923124 0.1653562 0.1618713 0.1245166 0.1349764 0.1327954 0.0691390 0.1999744 0.1971642 0.3233840 0.1628223 0.1432699 0.1679329 0.1817711 
Perityle_crassifolia_70_ventanas           0.2300613 0.2100652 0.2147245 0.2768332 0.2901587 0.2592167 0.4297177 0.2512906 0.1581171 0.2596537 0.2563846 0.2484056 0.2386648 0.2461840 0.2559755 0.2330261 0.2281409 0.2608105 0.0985999 0.2317717 0.2097204 0.2636944 0.0879379 0.2735270 0.2298767 0.2621973 0.2738374 0.0000000 0.1696995 0.2648128 0.2404044 0.2540430 0.2313647 0.3838745 0.1191462 0.2730652 0.2412263 0.2505580 0.2520226 0.1244662 0.1054370 0.2292374 0.0996745 0.2438032 0.1304804 0.1956538 0.1988015 0.2627649 0.1014844 0.2707788 0.2561563 0.0980000 0.2345964 0.2563941 0.2990674 0.3396134 0.1850412 0.2398166 0.2304983 0.2660485 0.2630935 0.2580324 0.1880739 0.2450994 0.2692552 0.2388887 0.2542981 0.2320200 0.1817536 0.2878718 0.2361478 0.2366363 0.2461410 0.2245232 0.2186668 0.2562138 0.2448387 0.1345609 0.2532090 0.1610609 0.2341973 0.2312487 
Perityle_crassifolia_74_playa_balandra     0.1217757 0.1281779 0.1304281 0.1586246 0.1136785 0.1314445 0.2353550 0.1714182 0.0839690 0.0792005 0.1130935 0.1198028 0.1103943 0.1045522 0.1045147 0.0988834 0.1183513 0.1484809 0.2055328 0.1160078 0.1029752 0.1134279 0.2112063 0.1199322 0.1000359 0.1233136 0.1311903 0.1696995 0.0000000 0.1320071 0.1181183 0.1143157 0.0876284 0.4045294 0.1991239 0.1286752 0.1301155 0.1111943 0.1127658 0.2317996 0.1873906 0.1102456 0.1661555 0.1097032 0.2176591 0.1069115 0.1036173 0.1219579 0.1748748 0.1151457 0.1132223 0.1967071 0.1017387 0.1118207 0.1365545 0.1162625 0.1001705 0.1200094 0.1133701 0.1200137 0.1810206 0.1135872 0.1071235 0.1056477 0.1348106 0.1022795 0.1266882 0.0949765 0.1092638 0.1135146 0.1196750 0.1010710 0.1114937 0.0937769 0.1189793 0.1208741 0.1068387 0.2069010 0.1030788 0.1143295 0.1120835 0.1052913 
Perityle_cuneata_34_cuneata_San_antonio    0.1603456 0.1501433 0.2359426 0.1918278 0.1695682 0.1776093 0.3456723 0.1833989 0.2051369 0.1781361 0.1786882 0.2312428 0.1120402 0.1768828 0.1488007 0.2093901 0.0343569 0.2968805 0.3064678 0.1823517 0.0851420 0.2055365 0.2515153 0.2559807 0.1932142 0.1848912 0.2223779 0.2648128 0.1320071 0.0000000 0.1803671 0.1402054 0.1841310 0.5498811 0.3278302 0.1675891 0.1861725 0.1250685 0.2189044 0.3268380 0.3178118 0.1337566 0.3112950 0.1720114 0.3028890 0.1651621 0.0879246 0.1668251 0.2687822 0.2334676 0.2140835 0.3488400 0.2457216 0.1646720 0.2990256 0.3023047 0.1234689 0.1957444 0.1778117 0.1709981 0.2483567 0.1080331 0.1272547 0.1695878 0.1816262 0.2248011 0.1545513 0.1455143 0.1077743 0.2019295 0.2231194 0.2255536 0.1251117 0.1144892 0.1003298 0.1381138 0.1732299 0.3073470 0.1800486 0.1561610 0.1997379 0.1828596 
Perityle_cuneata_4                         0.1555204 0.1599328 0.2514642 0.1823078 0.1477693 0.1634133 0.3366628 0.1778615 0.1886002 0.1259225 0.1073630 0.2082051 0.0960337 0.1694677 0.0914174 0.1851986 0.1036138 0.2762731 0.2884243 0.1325019 0.1213167 0.1488233 0.2352773 0.2347272 0.1414392 0.1596735 0.2014919 0.2404044 0.1181183 0.1803671 0.0000000 0.1055213 0.1494221 0.5264659 0.3165674 0.1312602 0.1451360 0.1019760 0.2251869 0.3099270 0.2927235 0.1051126 0.2838308 0.1330942 0.2879929 0.2383215 0.0937710 0.1281928 0.2432415 0.2249056 0.1926162 0.3478985 0.1543200 0.1249517 0.2723924 0.2883111 0.1163742 0.1639174 0.1395015 0.1180751 0.2362922 0.1201992 0.0955620 0.0982328 0.1665715 0.1336062 0.1527977 0.1366151 0.1409914 0.1481663 0.1858676 0.2061723 0.0968848 0.1086160 0.1255207 0.1361052 0.1248561 0.2862477 0.1027442 0.1389110 0.1369054 0.1795243 
Perityle_discoidea_81                      0.0157804 0.1175301 0.1406781 0.1781977 0.1306213 0.1501328 0.3411279 0.1743137 0.0332722 0.1266266 0.1117459 0.1363470 0.1007804 0.1431663 0.1103031 0.1315928 0.0895494 0.1978352 0.2502218 0.1316476 0.0616921 0.1285341 0.2487714 0.1426906 0.1419594 0.1502327 0.1508799 0.2540430 0.1143157 0.1402054 0.1055213 0.0000000 0.1285338 0.4532107 0.2966045 0.1357258 0.1212216 0.1132384 0.1279883 0.2889039 0.2819693 0.1188081 0.2653661 0.1070501 0.2907376 0.0895812 0.0793503 0.1389430 0.2476140 0.1420683 0.1363750 0.2806854 0.1312043 0.1461122 0.2424594 0.2468643 0.1113118 0.1358320 0.1257240 0.1131309 0.2214453 0.0949032 0.1003557 0.1101048 0.1514676 0.1335862 0.1237988 0.0905924 0.1156309 0.1291943 0.1225545 0.1132227 0.1067212 0.1156406 0.0944146 0.1166170 0.1160392 0.2841338 0.1047479 0.1343312 0.1264775 0.1167434 
Perityle_dissecta_201                      0.1227551 0.1163768 0.1765935 0.1471954 0.0974786 0.1243675 0.3098541 0.1397966 0.1405688 0.1738860 0.1494398 0.0551344 0.0145986 0.0079146 0.1204308 0.0224162 0.0751257 0.1446273 0.2306222 0.0190965 0.0036808 0.0183956 0.2236191 0.0601155 0.1096650 0.1343929 0.1635549 0.2313647 0.0876284 0.1841310 0.1494221 0.1285338 0.0000000 0.4881690 0.3085546 0.0248031 0.1338370 0.0814720 0.0666747 0.3043923 0.2869948 0.0230931 0.2769718 0.1339657 0.2732250 0.1533503 0.0000010 0.0246717 0.2564842 0.0440738 0.0446615 0.2944282 0.1335777 0.0223418 0.2083748 0.2192084 0.1115962 0.0334133 0.0157613 0.1575472 0.2050567 0.0665426 0.0795712 0.1428489 0.1224708 0.1323561 0.1486911 0.1196750 0.0368740 0.0266958 0.1464284 0.0346240 0.0150181 0.0069866 0.0000010 0.1246760 0.1384270 0.2614363 0.1420166 0.1176720 0.0151919 0.1060834 
Perityle_emoryi_47_punta_san_jose          0.5098086 0.3417166 0.4976047 0.4796630 0.5313198 0.4500277 0.5913004 0.4304000 0.4477509 0.5202731 0.3093497 0.3262698 0.4737377 0.4410913 0.4691617 0.3068357 0.3879726 0.3353660 0.2684683 0.4838771 0.2955769 0.5487400 0.4217967 0.3355183 0.5410871 0.5215624 0.4856189 0.3838745 0.4045294 0.5498811 0.5264659 0.4532107 0.4881690 0.0000000 0.3966965 0.4916530 0.5003046 0.4323825 0.4982955 0.5056167 0.3792962 0.3466437 0.3802948 0.5140310 0.5231852 0.4847782 0.3369344 0.5056135 0.3617955 0.3371573 0.5014842 0.3038867 0.4957394 0.3155491 0.4994899 0.5312558 0.3222592 0.3168820 0.4855547 0.4921963 0.4587945 0.4236130 0.4514949 0.3131815 0.4827867 0.4912168 0.4622028 0.4983858 0.4723677 0.5426488 0.4708669 0.4791120 0.4731331 0.4791910 0.3925234 0.4886974 0.4890918 0.5043217 0.2983790 0.2407520 0.5066057 0.4931925 
Perityle_feddemae_99                       0.2310114 0.2069048 0.2490318 0.2914218 0.4174981 0.2799315 0.4545362 0.2853534 0.1753136 0.3338100 0.2726163 0.2853185 0.2477398 0.2924931 0.3000997 0.2582577 0.2605617 0.2596142 0.1167407 0.2812744 0.2085621 0.3289929 0.0912882 0.3110664 0.3118336 0.3180557 0.3041317 0.1191462 0.1991239 0.3278302 0.3165674 0.2966045 0.3085546 0.3966965 0.0000000 0.3151103 0.3216803 0.2655029 0.3467892 0.2856017 0.0135127 0.2651110 0.0768617 0.3381318 0.2716907 0.2324696 0.2388882 0.3005831 0.0146454 0.3018781 0.3525772 0.1817027 0.3090914 0.2722687 0.3877509 0.3563974 0.1980183 0.2708912 0.2986202 0.3015680 0.2907421 0.2744989 0.1776697 0.2709059 0.3145443 0.2842780 0.2902894 0.2846200 0.1839805 0.3359662 0.2808089 0.3413200 0.2912779 0.2732469 0.2222662 0.2925374 0.3345927 0.1942658 0.2623728 0.1989770 0.2884461 0.2745113 
Perityle_fosteri_93                        0.1412455 0.1500236 0.1698085 0.1657100 0.1027887 0.1392014 0.3409541 0.1769450 0.1195938 0.1601570 0.1301238 0.0283829 0.0126432 0.0381776 0.1272415 0.0234972 0.0873540 0.1297970 0.2520898 0.0207841 0.0174545 0.0146290 0.2651687 0.0266180 0.1266655 0.1334626 0.1444515 0.2730652 0.1286752 0.1675891 0.1312602 0.1357258 0.0248031 0.4916530 0.3151103 0.0000000 0.1091893 0.1043002 0.0119142 0.3224707 0.3026846 0.0143287 0.2902521 0.1126568 0.2976407 0.1461562 0.0107324 0.0211414 0.2815754 0.0254654 0.0291208 0.2835741 0.1354710 0.0431821 0.1983570 0.2388912 0.1151833 0.0227173 0.0149593 0.1209165 0.2166523 0.0829058 0.1074846 0.1266355 0.1225097 0.1366783 0.1549637 0.1215444 0.0545466 0.0135584 0.1609542 0.0133439 0.0129494 0.0351343 0.0197336 0.1502209 0.1214807 0.2924075 0.1232969 0.1266779 0.0150104 0.0975879 
Perityle_gamon_221                         0.1593680 0.1576855 0.2396087 0.1820617 0.1549408 0.1474496 0.3104585 0.1667790 0.1905523 0.1622841 0.1610596 0.2162442 0.0883348 0.1375261 0.0982565 0.1886390 0.1069672 0.2704571 0.3096738 0.1316543 0.0696752 0.1500781 0.2384796 0.2405437 0.1600732 0.1685332 0.1833918 0.2412263 0.1301155 0.1861725 0.1451360 0.1212216 0.1338370 0.5003046 0.3216803 0.1091893 0.0000000 0.1109159 0.2088878 0.3104911 0.2952085 0.0913261 0.2907108 0.0175628 0.2949954 0.2267877 0.0822568 0.1153354 0.2410479 0.2316671 0.1866723 0.3489699 0.1742761 0.1204597 0.2451765 0.2890073 0.1331667 0.1730118 0.1462821 0.1102590 0.2278407 0.1041851 0.1273823 0.1572428 0.1518411 0.1497162 0.1439269 0.1364601 0.0975644 0.1499082 0.1908021 0.1977208 0.0849572 0.0954079 0.1003134 0.1233647 0.0931896 0.2822507 0.1471811 0.1308448 0.1388876 0.1883740 
Perityle_gentryi_8_san_francisco           0.1480160 0.1238455 0.2017644 0.1416471 0.0659724 0.1186156 0.3106457 0.1613547 0.1113367 0.1155155 0.0332326 0.1000716 0.0959259 0.0994942 0.0038020 0.0869820 0.0919822 0.1855987 0.2493296 0.0940179 0.0894069 0.0922086 0.2477085 0.1037678 0.1027957 0.1114909 0.1201187 0.2505580 0.1111943 0.1250685 0.1019760 0.1132384 0.0814720 0.4323825 0.2655029 0.1043002 0.1109159 0.0000000 0.0989312 0.2642399 0.2494482 0.0896532 0.2419730 0.0953591 0.2543455 0.1340956 0.0914569 0.1031263 0.2403417 0.1048623 0.1027936 0.2398791 0.1030550 0.1069482 0.1610111 0.2049764 0.1135160 0.0961236 0.0893273 0.0881225 0.2333228 0.0989292 0.1175781 0.0278459 0.1129245 0.1050679 0.0996219 0.0688131 0.0922181 0.0941527 0.1544437 0.0883101 0.0925315 0.0865787 0.1123232 0.0988971 0.0824146 0.2534053 0.0250493 0.1108429 0.0881079 0.0886345 
Perityle_gilensis_22_Superstition          0.1107318 0.1352241 0.1320778 0.1631293 0.0972169 0.1360627 0.3240191 0.1661039 0.0777886 0.2524137 0.2250713 0.0261114 0.0026545 0.0293060 0.1525770 0.0467921 0.0742046 0.0940203 0.2324096 0.0989379 0.0142152 0.0848366 0.2438415 0.0468136 0.1909073 0.1758218 0.1311172 0.2520226 0.1127658 0.2189044 0.2251869 0.1279883 0.0666747 0.4982955 0.3467892 0.0119142 0.2088878 0.0989312 0.0000000 0.3127326 0.3306616 0.0037203 0.3250408 0.2213313 0.3097417 0.0960331 0.0000010 0.0171761 0.2526283 0.0321371 0.0489551 0.1394244 0.2072764 0.0369065 0.1895055 0.1762743 0.1126168 0.0885330 0.1461906 0.1788879 0.2070792 0.0747916 0.0924373 0.2289603 0.1514906 0.1965753 0.1636886 0.1709508 0.0507211 0.0819150 0.1476897 0.0319188 0.0036834 0.0215820 0.0000010 0.1486763 0.1994148 0.2743596 0.2035067 0.1125611 0.0929627 0.1211769 
Perityle_gilensis_salensis_225             0.2664377 0.1982636 0.2565687 0.2709204 0.4373756 0.2775778 0.4411055 0.2721514 0.1935055 0.3412913 0.4095224 0.4212401 0.2671425 0.2810309 0.2965604 0.3975315 0.2575532 0.4263210 0.1829495 0.2943851 0.2043763 0.3138076 0.0459667 0.4346173 0.3070493 0.3269494 0.2975071 0.1244662 0.2317996 0.3268380 0.3099270 0.2889039 0.3043923 0.5056167 0.2856017 0.3224707 0.3104911 0.2642399 0.3127326 0.0000000 0.2778427 0.3427441 0.2043828 0.3291022 0.1248739 0.2603335 0.2178439 0.3120533 0.2286055 0.4318564 0.3408111 0.2106090 0.3360224 0.4022568 0.3870588 0.3581843 0.1722098 0.4191881 0.3249279 0.3068538 0.2935781 0.2629158 0.2161742 0.4075117 0.3005306 0.2981924 0.2737784 0.2823594 0.2103400 0.3588164 0.2514711 0.3043169 0.2826478 0.2924876 0.2403580 0.2939094 0.3267576 0.0815652 0.3992359 0.2015945 0.2908733 0.2668676 
Perityle_glaucescens_94                    0.2226807 0.1955459 0.2264920 0.2745713 0.4121857 0.2581104 0.4384402 0.2656256 0.1527707 0.3119685 0.2406651 0.2607652 0.2386906 0.2759378 0.2845241 0.2390989 0.2475577 0.2322884 0.1062024 0.2683861 0.1989924 0.3183417 0.0800244 0.2857510 0.2835453 0.3019217 0.2899487 0.1054370 0.1873906 0.3178118 0.2927235 0.2819693 0.2869948 0.3792962 0.0135127 0.3026846 0.2952085 0.2494482 0.3306616 0.2778427 0.0000000 0.2458698 0.0643646 0.3101757 0.2700053 0.2142236 0.2142689 0.2882212 0.0028557 0.2879591 0.3380574 0.1683708 0.2873904 0.2533551 0.3675322 0.3448961 0.1758517 0.2522294 0.2826629 0.2829876 0.2884340 0.2543090 0.1646846 0.2396246 0.2988545 0.2563492 0.2705707 0.2619091 0.1766086 0.3202880 0.2523206 0.3246898 0.2706122 0.2580795 0.2164179 0.2706488 0.3078549 0.1846725 0.2308710 0.1790823 0.2773729 0.2524608 
Perityle_gracilis_11                       0.1220348 0.1215491 0.1978187 0.1548387 0.1565788 0.1339368 0.3037752 0.1568771 0.1794915 0.1280783 0.0806998 0.0118576 0.0012949 0.0338240 0.1056748 0.0365826 0.0681398 0.1387392 0.1622110 0.0010765 0.0144614 0.0460615 0.2235364 0.0080041 0.1477585 0.1154881 0.1418677 0.2292374 0.1102456 0.1337566 0.1051126 0.1188081 0.0230931 0.3466437 0.2651110 0.0143287 0.0913261 0.0896532 0.0037203 0.3427441 0.2458698 0.0000000 0.2391691 0.1048518 0.3433676 0.1723731 0.0000010 0.0021089 0.2268669 0.0139320 0.0155844 0.1706445 0.0979174 0.0292000 0.1732529 0.1839182 0.1013627 0.0015904 0.0031073 0.0958068 0.2015084 0.0705314 0.0841821 0.0803701 0.1074608 0.0992291 0.1423490 0.1065086 0.0514591 0.0801574 0.1632313 0.0012457 0.0011204 0.0307819 0.0000010 0.1312111 0.1063728 0.3155739 0.0774094 0.1136620 0.0010499 0.1248859 
Perityle_harkerae_31                       0.2075652 0.1900891 0.2209241 0.2719072 0.3516083 0.2668604 0.4270104 0.2639062 0.1554659 0.3028287 0.2912227 0.3000299 0.2294328 0.2622075 0.2703463 0.2527188 0.2291091 0.2795545 0.1090010 0.2538945 0.1784039 0.3034525 0.0839967 0.3312396 0.2571147 0.2860404 0.2798529 0.0996745 0.1661555 0.3112950 0.2838308 0.2653661 0.2769718 0.3802948 0.0768617 0.2902521 0.2907108 0.2419730 0.3250408 0.2043828 0.0643646 0.2391691 0.0000000 0.2862889 0.2244429 0.2006327 0.2059786 0.2706312 0.0037905 0.3271235 0.3311640 0.1746674 0.2926392 0.2716247 0.3434968 0.3229077 0.1746479 0.2653454 0.2720442 0.2689116 0.2753567 0.2472354 0.1482087 0.2856743 0.2942242 0.2716778 0.2591152 0.2475924 0.1563495 0.3085683 0.2376694 0.3177522 0.2562037 0.2372946 0.1849873 0.2589579 0.2945136 0.1733415 0.2772213 0.1545541 0.2605157 0.2570066 
Perityle_hofmeisteria_4_nombre_de_dios     0.1394044 0.1420063 0.2173540 0.1658406 0.1786018 0.1376006 0.3415970 0.1544695 0.1732871 0.1484789 0.1709920 0.2391850 0.0802102 0.1349032 0.0912570 0.2074281 0.0932321 0.2962230 0.3210494 0.1338678 0.0582519 0.1501902 0.2307287 0.2655858 0.1604404 0.1691524 0.1800723 0.2438032 0.1097032 0.1720114 0.1330942 0.1070501 0.1339657 0.5140310 0.3381318 0.1126568 0.0175628 0.0953591 0.2213313 0.3291022 0.3101757 0.1048518 0.2862889 0.0000000 0.3164721 0.2076844 0.0741760 0.1151622 0.2436219 0.2580350 0.1948301 0.3786943 0.1911973 0.1407053 0.2717346 0.3103896 0.1132256 0.1932121 0.1510199 0.1066177 0.2265751 0.1042206 0.1197707 0.1681317 0.1505447 0.1501020 0.1377448 0.1298256 0.0861717 0.1519575 0.1757178 0.2098672 0.0839153 0.0937906 0.0933444 0.1160013 0.0870890 0.3002406 0.1518830 0.1223524 0.1448793 0.1856260 
Perityle_huecosensis_48                    0.2771610 0.1912466 0.3334952 0.2740473 0.4179741 0.2797957 0.4343030 0.2604264 0.2708106 0.3186955 0.3823272 0.3918271 0.2521418 0.2632057 0.2564900 0.3645376 0.2457020 0.4738625 0.1199939 0.2790006 0.1921584 0.3001178 0.0130169 0.4050399 0.2965863 0.3012575 0.3246681 0.1304804 0.2176591 0.3028890 0.2879929 0.2907376 0.2732250 0.5231852 0.2716907 0.2976407 0.2949954 0.2543455 0.3097417 0.1248739 0.2700053 0.3433676 0.2244429 0.3164721 0.0000000 0.3167054 0.2068342 0.2903281 0.2180497 0.3949818 0.3122370 0.1652464 0.2846476 0.3523318 0.3781023 0.3529114 0.1593284 0.3776174 0.3041347 0.2907370 0.2946688 0.2588737 0.2124370 0.3815139 0.3007641 0.2800509 0.2787169 0.2702223 0.2092022 0.3808119 0.3000505 0.3021819 0.2573821 0.2633241 0.2268882 0.2691138 0.3076937 0.0173233 0.3727489 0.1912274 0.2746129 0.2824467 
Perityle_incana_3_ucla                     0.1250807 0.1180537 0.2094139 0.1640940 0.2413318 0.1452026 0.2634689 0.1643067 0.2002998 0.2102392 0.2207915 0.2215632 0.1382513 0.0734437 0.1744778 0.2045719 0.0098471 0.2912499 0.3594577 0.1676520 0.0632135 0.2018658 0.2817859 0.2128529 0.2323742 0.2180623 0.1513296 0.1956538 0.1069115 0.1651621 0.2383215 0.0895812 0.1533503 0.4847782 0.2324696 0.1461562 0.2267877 0.1340956 0.0960331 0.2603335 0.2142236 0.1723731 0.2006327 0.2076844 0.3167054 0.0000000 0.0613659 0.2153557 0.2085908 0.2101093 0.1924914 0.3179859 0.1712338 0.2165875 0.1739074 0.1644636 0.0889193 0.2193272 0.1751451 0.2017490 0.1986145 0.0735102 0.0898149 0.2169325 0.1858346 0.1969305 0.0998101 0.1906712 0.0843921 0.2013132 0.1828617 0.0875622 0.1618375 0.1622357 0.0818243 0.1900375 0.2395108 0.3128287 0.1933968 0.1284560 0.2047421 0.2267514 
