82
Amauria_brandeegeana_62                    0.0000000 0.1958738 0.0390521 0.2923039 0.2075246 0.1557708 0.1838250 0.3241918 0.0249738 0.2518777 0.2393010 0.2241259 0.1854881 0.1301890 0.1252967 0.2237631 0.1749964 0.2636148 0.2234002 0.1442088 0.2103473 0.1999376 0.2038972 0.2074785 0.2117115 0.2746541 0.1217218 0.1086125 0.2325199 0.2475256 0.0264467 0.1863522 0.0209075 0.2623003 0.2354771 0.2198660 0.1555485 0.1673297 0.2075923 0.1871027 0.1651513 0.1845993 0.2444254 0.2127263 0.1487197 0.2260453 0.1959654 0.2137550 0.1717732 0.1544872 0.1622981 0.1756545 0.0890193 0.1653646 0.0976398 0.0687123 0.1658337 0.1542873 0.1247484 0.1167986 0.1336782 0.0622087 0.2047923 0.3321286 0.1725952 0.2310673 0.2480954 0.1297467 0.1986860 0.1605366 0.1517317 0.2090000 0.1102640 0.1933131 0.0841912 0.2162129 0.2723844 0.2445863 0.0781146 0.1324904 0.1911107 0.1444195 
Amauria_carterae_99_mesa                   0.1958738 0.0000000 0.2978845 0.3902293 0.3518760 0.4415830 0.2901030 0.4961334 0.3445677 0.4055751 0.3761890 0.3509637 0.3559640 0.3653105 0.3807567 0.3646125 0.2075645 0.3634808 0.3458078 0.3617181 0.3790178 0.3468062 0.3666105 0.3715990 0.3648639 0.4413657 0.1952919 0.2022479 0.3693539 0.3920147 0.3538639 0.3746126 0.3370660 0.4085558 0.3815044 0.4456956 0.3992935 0.3442094 0.3631062 0.4000130 0.2915513 0.2794768 0.4356254 0.3665356 0.2253336 0.3681948 0.3689202 0.3903762 0.3679270 0.3545555 0.3582505 0.3745023 0.3633677 0.4320906 0.2459534 0.3567842 0.3593880 0.3793873 0.4524715 0.2272210 0.3889127 0.1530922 0.3464573 0.4318136 0.3601734 0.4022633 0.3694833 0.1932812 0.3795581 0.3468062 0.4027363 0.3684424 0.3602835 0.3733216 0.2548657 0.4073687 0.4739698 0.3598385 0.0903460 0.2894132 0.3552384 0.3631251 
Amauria_rotundifolia_SRR9119150            0.0390521 0.2978845 0.0000000 0.1790493 0.1643116 0.2890444 0.1807407 0.3805437 0.1429348 0.3451032 0.3035480 0.2049587 0.2851858 0.2852059 0.2476718 0.2943395 0.1873488 0.2600180 0.2522383 0.2802349 0.2452147 0.2702047 0.2045981 0.2860478 0.2836508 0.3249746 0.0850934 0.0956227 0.3805869 0.3281618 0.1289687 0.2298483 0.2498699 0.2286018 0.2946623 0.2880909 0.2646530 0.2800041 0.2583840 0.2186046 0.1046733 0.1217623 0.3317888 0.2956632 0.0799235 0.2904183 0.2966901 0.2268329 0.2738871 0.2877249 0.2892423 0.2357522 0.2583302 0.2345079 0.0948633 0.2239865 0.1733284 0.2859097 0.2220969 0.1296768 0.2812151 0.0658438 0.2325203 0.3384328 0.2832595 0.3112567 0.2856374 0.1153770 0.2514127 0.2398576 0.2713339 0.2854056 0.2828612 0.2701833 0.0896545 0.3817654 0.3242758 0.2970438 0.0775614 0.1436631 0.2896033 0.2355026 
Conoclinium_coelestinum_SRR9119114         0.2923039 0.3902293 0.1790493 0.0000000 0.3153346 0.0987914 0.2341572 0.3835930 0.1752472 0.4344310 0.3604742 0.3363800 0.3116464 0.2490589 0.3251355 0.3114370 0.3205539 0.4101829 0.3326441 0.3032401 0.3086762 0.3212493 0.3750615 0.3395046 0.3975992 0.4026222 0.2752828 0.2793435 0.3420123 0.4198707 0.2515266 0.3015956 0.1610431 0.3864550 0.3155374 0.3967934 0.3668729 0.3320524 0.3190541 0.2980084 0.2544611 0.3562357 0.3978969 0.3367586 0.2874042 0.3695117 0.3081027 0.3527067 0.3179730 0.2653417 0.2769082 0.3436618 0.1793149 0.2543164 0.1945656 0.1927917 0.2795980 0.2689689 0.2772946 0.2203763 0.2950913 0.1794153 0.3102645 0.4401472 0.3072281 0.3965241 0.3447454 0.2137025 0.3477841 0.3026296 0.3153498 0.3024549 0.1994474 0.2936463 0.1591936 0.3988795 0.4462931 0.3888427 0.1814406 0.2858355 0.3126252 0.3990270 
Eutetras_palmeri_63                        0.2075246 0.3518760 0.1643116 0.3153346 0.0000000 0.2186660 0.1641815 0.3815293 0.2005150 0.3211577 0.2584799 0.1842033 0.1777462 0.1304839 0.2266800 0.1591865 0.2201858 0.3008595 0.2086638 0.1611475 0.1773721 0.2244388 0.2134593 0.2087969 0.2712487 0.3747795 0.1782944 0.1323707 0.3248573 0.4000814 0.2316300 0.2366834 0.1039862 0.3578475 0.2024527 0.2615132 0.2455135 0.1949717 0.1682740 0.3061780 0.1530010 0.2472055 0.2940572 0.1905735 0.2325936 0.2560000 0.1598820 0.3092826 0.1917382 0.1441253 0.1529212 0.2505214 0.0858442 0.1937129 0.1182852 0.1127598 0.1324158 0.1476660 0.1569240 0.1001378 0.1783976 0.0410204 0.2271162 0.3936849 0.2371562 0.2370335 0.2715666 0.1008116 0.2134950 0.1893595 0.2050642 0.1765192 0.1121671 0.1743439 0.0627299 0.2382064 0.4103440 0.2449621 0.0656309 0.1507438 0.1707012 0.2214429 
Eutrochium_fistulosum_SRR9119106           0.1557708 0.4415830 0.2890444 0.0987914 0.2186660 0.0000000 0.1581374 0.3245345 0.2630339 0.2909492 0.2804432 0.2243189 0.2725364 0.2683523 0.2691950 0.2631309 0.2577435 0.3078732 0.2700008 0.2881295 0.2771794 0.2569713 0.2700335 0.2734099 0.2902561 0.3600580 0.1727493 0.2170438 0.4246871 0.2661529 0.2677230 0.2682466 0.2619260 0.2552219 0.2593207 0.3301778 0.2871089 0.2778688 0.2862287 0.2601599 0.2135533 0.1886584 0.3491502 0.2727655 0.1559186 0.2838919 0.2789197 0.2513499 0.2811941 0.2717455 0.2636868 0.2803948 0.2768708 0.2705661 0.1471960 0.2621882 0.2398275 0.2740237 0.3286897 0.1586536 0.3511103 0.1195472 0.2735385 0.3631069 0.2663773 0.3082797 0.2592971 0.1326693 0.2852114 0.2569713 0.3066856 0.2739856 0.2718871 0.2577354 0.1568572 0.3150540 0.2705400 0.2829257 0.1192228 0.2177486 0.2726112 0.2615346 
Galeana_pratensis_104_mex                  0.1838250 0.2901030 0.1807407 0.2341572 0.1641815 0.1581374 0.0000000 0.2575292 0.1481646 0.1820479 0.1753309 0.1578656 0.1584933 0.1793226 0.1752146 0.1548201 0.2579705 0.2570169 0.1849916 0.1521609 0.1665262 0.1479690 0.1828701 0.1526422 0.2110317 0.2609886 0.1997401 0.2235460 0.2528745 0.2013147 0.1554200 0.1463917 0.1417914 0.2184983 0.1611491 0.1891843 0.1774428 0.1793603 0.1749978 0.1959373 0.1467987 0.2045507 0.2073686 0.1679635 0.1668542 0.1584145 0.1518229 0.2007752 0.1788042 0.1577822 0.1513929 0.1994973 0.1656635 0.2035966 0.2048889 0.1872621 0.1500380 0.1454519 0.2063707 0.1858064 0.1941194 0.1800178 0.1566307 0.2683954 0.1942320 0.1673837 0.1355416 0.1761576 0.1677768 0.1479690 0.2067402 0.1499559 0.1631126 0.1397161 0.1480577 0.1751557 0.1979581 0.1987646 0.1741043 0.2265238 0.1439927 0.1450578 
Helianthus_annuus_SRR9119062               0.3241918 0.4961334 0.3805437 0.3835930 0.3815293 0.3245345 0.2575292 0.0000000 0.3417055 0.5177940 0.4582808 0.4417164 0.4376759 0.3815591 0.4386780 0.4270977 0.3298973 0.4025968 0.4473274 0.4359921 0.4273394 0.4313244 0.4402080 0.4298923 0.4893964 0.4476124 0.2668869 0.2655450 0.5404000 0.4757135 0.3857555 0.4070812 0.3341513 0.4007712 0.4463723 0.4860311 0.4758223 0.4370891 0.4440531 0.3460402 0.3389026 0.3214265 0.4928807 0.4526027 0.2624846 0.4415757 0.4470763 0.3894810 0.4256025 0.4154897 0.4186033 0.4515687 0.3419540 0.3653799 0.2324487 0.3371867 0.3601998 0.4086540 0.3822629 0.2343041 0.4446003 0.2255680 0.4326601 0.4696275 0.4384320 0.4678467 0.4900782 0.2357934 0.4574624 0.4313244 0.4200866 0.4315082 0.3578957 0.4427347 0.2242879 0.4729651 0.4871555 0.5072467 0.2301114 0.3188254 0.4333258 0.4597672 
Lycapsus_tenuifolius_17                    0.0249738 0.3445677 0.1429348 0.1752472 0.2005150 0.2630339 0.1481646 0.3417055 0.0000000 0.3506883 0.3220187 0.2196331 0.3206033 0.2855768 0.2918445 0.3160878 0.1476665 0.2129735 0.2656468 0.2884435 0.2643144 0.2897296 0.2237123 0.2990184 0.2991897 0.2971279 0.0414515 0.0419770 0.3667591 0.3299685 0.0014361 0.2609101 0.2567723 0.2154809 0.3227655 0.2913216 0.2938291 0.2946015 0.2741284 0.2363147 0.1212480 0.1008583 0.3506416 0.3235488 0.0769859 0.3064708 0.3131184 0.2614766 0.2918022 0.3124068 0.2999612 0.2265489 0.2614632 0.1999193 0.0761801 0.2081507 0.1880698 0.2984491 0.1880437 0.0868587 0.2506847 0.0356200 0.2632862 0.3058853 0.2838515 0.3209655 0.3021952 0.0783847 0.2523513 0.2632147 0.2137840 0.3107004 0.2982820 0.2827288 0.0835323 0.3999852 0.2946379 0.3214917 0.0422629 0.0969687 0.3059291 0.2233335 
Pericome_caudata_50_silver                 0.2518777 0.4055751 0.3451032 0.4344310 0.3211577 0.2909492 0.1820479 0.5177940 0.3506883 0.0000000 0.3496811 0.3030853 0.3007218 0.2323422 0.4135985 0.3137917 0.2480052 0.3903806 0.3206181 0.2396839 0.3266181 0.3378623 0.3195604 0.3282381 0.3924629 0.4556598 0.2564623 0.1649860 0.4237671 0.5348724 0.3765294 0.3164928 0.2084004 0.4439169 0.3215565 0.4081713 0.4342074 0.3074972 0.3441445 0.4101844 0.2220846 0.2715773 0.3957193 0.3378356 0.3147717 0.3596299 0.3073106 0.4679408 0.2992566 0.2882451 0.3035951 0.3797606 0.1555730 0.2794431 0.1519130 0.1726779 0.2627510 0.2842599 0.2210085 0.0964038 0.3173340 0.0598091 0.3335936 0.5249709 0.2900159 0.3974165 0.4071387 0.1062704 0.3225193 0.3063735 0.3300356 0.3273902 0.1768463 0.3060216 0.0820406 0.4112815 0.5706833 0.3557514 0.0783359 0.2179388 0.3001556 0.3300332 
Perityle_aglossa_84_dead_horse             0.2393010 0.3761890 0.3035480 0.3604742 0.2584799 0.2804432 0.1753309 0.4582808 0.3220187 0.3496811 0.0000000 0.1675776 0.1535078 0.1054873 0.3430656 0.1643030 0.2517974 0.3175252 0.1921402 0.1859047 0.2173192 0.2512869 0.2667197 0.1737291 0.3614977 0.4227484 0.2389734 0.1438851 0.4028617 0.4397330 0.3450802 0.2290753 0.1448507 0.4685329 0.1735789 0.4398389 0.3874480 0.1824289 0.2065255 0.3679962 0.1563552 0.2509292 0.4237880 0.1779511 0.2307882 0.1924478 0.1220795 0.4880233 0.1887903 0.1350070 0.1296920 0.3799440 0.0530489 0.2647098 0.1339073 0.1216403 0.1366890 0.1312185 0.2005684 0.1114373 0.2750561 0.0491590 0.2046518 0.4914630 0.2905566 0.3596125 0.3757530 0.0567707 0.2533932 0.1854881 0.2891382 0.1996582 0.0610409 0.1670592 0.0292632 0.4005903 0.6379294 0.2574210 0.0123171 0.1577769 0.1434185 0.2647954 
Perityle_ajoensis_204                      0.2241259 0.3509637 0.2049587 0.3363800 0.1842033 0.2243189 0.1578656 0.4417164 0.2196331 0.3030853 0.1675776 0.0000000 0.1311252 0.0949994 0.2820159 0.1644936 0.2470869 0.3053451 0.1927724 0.1315944 0.1726493 0.2027163 0.2011589 0.1495537 0.2420907 0.3619678 0.2213681 0.1289017 0.3166230 0.3855616 0.2737505 0.2085736 0.1046947 0.4033264 0.1783376 0.3335994 0.2903303 0.1755551 0.1783996 0.2838458 0.0789753 0.2612426 0.3285804 0.1479260 0.1630941 0.1953658 0.1427470 0.3654412 0.1592652 0.1282029 0.1194197 0.2330990 0.0297941 0.2054113 0.1168205 0.1056180 0.1254817 0.1284753 0.1951434 0.1046495 0.2544949 0.0363357 0.1872301 0.4043759 0.1855597 0.2789922 0.2726926 0.0488190 0.1809027 0.1414091 0.2695608 0.1787295 0.0415136 0.1416349 0.0112406 0.2739058 0.4303751 0.2216265 0.0083827 0.1725351 0.1528039 0.2375286 
Perityle_ambrosiifolia_67_green            0.1854881 0.3559640 0.2851858 0.3116464 0.1777462 0.2725364 0.1584933 0.4376759 0.3206033 0.3007218 0.1535078 0.1311252 0.0000000 0.0844238 0.3045222 0.0944870 0.2211442 0.3056353 0.1369569 0.1330147 0.1556337 0.1369005 0.1763685 0.1339496 0.2685955 0.3772328 0.2034153 0.1203472 0.3745062 0.4118710 0.3442522 0.1620738 0.1374831 0.3609339 0.1250318 0.3538872 0.3255654 0.1305968 0.1446462 0.3285144 0.1213915 0.2467634 0.3593289 0.1464657 0.1318805 0.1429121 0.1254909 0.3861802 0.1541837 0.1209609 0.1069354 0.2196251 0.0180209 0.1850982 0.1065659 0.1018619 0.1469586 0.1193777 0.2004601 0.1081471 0.2648304 0.0373287 0.1393847 0.3885908 0.1930397 0.2538253 0.2630625 0.0466093 0.1935558 0.1503633 0.2610319 0.1414081 0.0377443 0.1375550 0.0022918 0.3381600 0.4961121 0.1900370 0.0088853 0.1655091 0.1342811 0.2486086 
Perityle_angustifolia_13_Eagle_creek       0.1301890 0.3653105 0.2852059 0.2490589 0.1304839 0.2683523 0.1793226 0.3815591 0.2855768 0.2323422 0.1054873 0.0949994 0.0844238 0.0000000 0.2481333 0.0807272 0.2275651 0.2649385 0.0847960 0.1453798 0.0967739 0.0823013 0.1266681 0.1038995 0.1789079 0.3647014 0.1458792 0.1340071 0.3803231 0.3266402 0.3026362 0.1013678 0.1188155 0.2957119 0.0941204 0.2774667 0.2757025 0.0780762 0.0971949 0.3059607 0.0735621 0.1730585 0.2804695 0.0950508 0.0699316 0.1071012 0.1071599 0.3268790 0.1080474 0.0947273 0.0708172 0.1512611 0.0356063 0.1775837 0.0842018 0.1058415 0.0851785 0.0824242 0.1998420 0.1224861 0.2616873 0.0422294 0.0840990 0.3622120 0.1465374 0.1926479 0.2062742 0.0908364 0.1412597 0.0856247 0.2058652 0.0943813 0.0599718 0.0955196 0.0384381 0.2824666 0.4128616 0.0960219 0.0564005 0.1667377 0.1054761 0.1649267 
Perityle_batopilensis_97                   0.1252967 0.3807567 0.2476718 0.3251355 0.2266800 0.2691950 0.1752146 0.4386780 0.2918445 0.4135985 0.3430656 0.2820159 0.3045222 0.2481333 0.0000000 0.3011634 0.2333316 0.3120616 0.2767718 0.3102349 0.2676009 0.2686166 0.3344004 0.3034118 0.3604970 0.3932522 0.1807657 0.1159036 0.4572873 0.3442260 0.3024083 0.2943999 0.2828919 0.2527952 0.3058056 0.4178169 0.0340174 0.2693497 0.2749726 0.2219926 0.1493370 0.2043475 0.3518711 0.3268215 0.1738461 0.3301268 0.2944307 0.2518589 0.2683261 0.3153680 0.3187093 0.3625265 0.2116611 0.2667611 0.1094852 0.2251990 0.1889983 0.2540066 0.2633528 0.0920895 0.2931300 0.0194265 0.3014111 0.4292365 0.2951586 0.3769750 0.3788575 0.0844127 0.3601141 0.2504961 0.3793162 0.2658417 0.2063361 0.2562208 0.0780357 0.3722392 0.3658170 0.3771288 0.0480040 0.1344666 0.3056041 0.3915974 
Perityle_bisetosa_9                        0.2237631 0.3646125 0.2943395 0.3114370 0.1591865 0.2631309 0.1548201 0.4270977 0.3160878 0.3137917 0.1643030 0.1644936 0.0944870 0.0807272 0.3011634 0.0000000 0.2480265 0.3266032 0.0614421 0.1731241 0.1368718 0.1611306 0.1809154 0.1178605 0.2724060 0.4042557 0.1843499 0.1240242 0.3809122 0.4162571 0.3355608 0.1567740 0.1370594 0.4437809 0.0317682 0.3464092 0.3257985 0.1020418 0.1388237 0.3610868 0.0541279 0.2297671 0.3780103 0.0996661 0.1844137 0.1597840 0.1005719 0.4422921 0.1171769 0.0923769 0.1540328 0.3064054 0.0247929 0.2758102 0.0957742 0.1131633 0.0847824 0.0829003 0.1960274 0.1037991 0.2672462 0.0443598 0.1392175 0.5076078 0.2053807 0.2940944 0.3073860 0.0550058 0.1543825 0.0900234 0.2364628 0.1514950 0.0370994 0.0975208 0.0068886 0.3531757 0.5371110 0.1796055 0.0083834 0.1612633 0.0848882 0.2259837 
Perityle_californica_76_positas            0.1749964 0.2075645 0.1873488 0.3205539 0.2201858 0.2577435 0.2579705 0.3298973 0.1476665 0.2480052 0.2517974 0.2470869 0.2211442 0.2275651 0.2333316 0.2480265 0.0000000 0.2098901 0.2354002 0.2586536 0.2531046 0.2056105 0.2397148 0.2469317 0.2069992 0.2658452 0.1961739 0.1624803 0.0666599 0.2157130 0.1582345 0.2294590 0.1306058 0.2259316 0.2512434 0.2515365 0.2425691 0.2188446 0.2532015 0.2168156 0.2090567 0.2096904 0.2429389 0.2638497 0.1605381 0.2429382 0.2419185 0.1963212 0.2402162 0.2383119 0.2277464 0.1933556 0.2026517 0.2337060 0.2080401 0.1829327 0.2406563 0.2362470 0.2710056 0.1431659 0.2302573 0.1518114 0.2101254 0.2693928 0.1783014 0.2547588 0.2303448 0.1704253 0.2292601 0.2056105 0.2095545 0.2542437 0.2273139 0.2311884 0.2062857 0.2874672 0.2643504 0.2592148 0.1398070 0.2677851 0.2459367 0.1377136 
Perityle_canescens_77                      0.2636148 0.3634808 0.2600180 0.4101829 0.3008595 0.3078732 0.2570169 0.4025968 0.2129735 0.3903806 0.3175252 0.3053451 0.3056353 0.2649385 0.3120616 0.3266032 0.2098901 0.0000000 0.2871405 0.3545712 0.3165428 0.3107966 0.3342776 0.3536349 0.3271034 0.2131725 0.2428072 0.2120718 0.2292136 0.3190858 0.2441744 0.3379001 0.2054316 0.2748801 0.3458056 0.3289562 0.3443187 0.3060828 0.3195516 0.2965883 0.2657268 0.2504665 0.3043419 0.3418386 0.2056076 0.3653092 0.3323426 0.2713484 0.3405954 0.3312676 0.3120740 0.2971998 0.2529582 0.2630360 0.2567426 0.2216100 0.2961139 0.2881046 0.2674198 0.1255469 0.2836854 0.1714717 0.3278759 0.2142664 0.2549140 0.3258741 0.3237171 0.1851431 0.3489552 0.3074069 0.3383567 0.3266805 0.2786905 0.3336537 0.2456760 0.3348698 0.3700318 0.3818029 0.1677850 0.2532767 0.3306433 0.3312595 
Perityle_castillonii_96                    0.2234002 0.3458078 0.2522383 0.3326441 0.2086638 0.2700008 0.1849916 0.4473274 0.2656468 0.3206181 0.1921402 0.1927724 0.1369569 0.0847960 0.2767718 0.0614421 0.2354002 0.2871405 0.0000000 0.1616290 0.1617990 0.1435952 0.1826052 0.1671458 0.2705685 0.3858628 0.2092073 0.1384124 0.3693003 0.3800045 0.3141161 0.1771840 0.1084400 0.4083367 0.0915005 0.3124774 0.3054944 0.1219894 0.1414094 0.3236409 0.1052681 0.2589363 0.3230355 0.1390870 0.1637912 0.1958173 0.1593018 0.3683119 0.1461878 0.1397384 0.1326571 0.2343477 0.0274703 0.2011930 0.1052476 0.1113786 0.1258716 0.1234753 0.1905984 0.1058548 0.2436685 0.0419140 0.1622195 0.4234428 0.2196034 0.2950837 0.2710432 0.0728697 0.1937939 0.1103760 0.2537189 0.1690129 0.0595338 0.1345189 0.0289958 0.2935934 0.4584458 0.1731009 0.0469664 0.1615568 0.1534274 0.2451203 
Perityle_cernua_84                         0.1442088 0.3617181 0.2802349 0.3032401 0.1611475 0.2881295 0.1521609 0.4359921 0.2884435 0.2396839 0.1859047 0.1315944 0.1330147 0.1453798 0.3102349 0.1731241 0.2586536 0.3545712 0.1616290 0.0000000 0.1470347 0.1617713 0.1660686 0.1580622 0.1838324 0.3934632 0.1343059 0.1251881 0.3870214 0.3886640 0.2981895 0.1244049 0.0851723 0.3854184 0.1737025 0.2999423 0.3355855 0.1408233 0.1733387 0.3630205 0.0658138 0.2365183 0.3044146 0.1462868 0.1315125 0.1820386 0.1396892 0.4050587 0.1432964 0.1411226 0.1822877 0.2020345 0.0969956 0.2807599 0.1162197 0.1099606 0.1226214 0.1259444 0.2021485 0.0914309 0.2944852 0.0357928 0.1255830 0.4065964 0.1437543 0.2277156 0.2558916 0.0563734 0.1708651 0.1498260 0.2008176 0.1849546 0.1046152 0.1515286 0.0158486 0.2668792 0.4554779 0.2043866 0.0166546 0.1870807 0.1396681 0.1619455 
Perityle_cfvillosa_25_tin                  0.2103473 0.3790178 0.2452147 0.3086762 0.1773721 0.2771794 0.1665262 0.4273394 0.2643144 0.3266181 0.2173192 0.1726493 0.1556337 0.0967739 0.2676009 0.1368718 0.2531046 0.3165428 0.1617990 0.1470347 0.0000000 0.1711243 0.2126799 0.1314068 0.2809703 0.3615367 0.1983683 0.1438154 0.3852252 0.4051384 0.2945417 0.1575196 0.0956238 0.4515457 0.1626333 0.3519949 0.2888815 0.1257605 0.0543234 0.3475155 0.0957534 0.2732592 0.3834374 0.1498756 0.2212723 0.1921034 0.1058643 0.4157145 0.1277191 0.1261664 0.1294757 0.2812597 0.0399878 0.2505929 0.1127587 0.1116833 0.0162029 0.0156396 0.2038080 0.1280018 0.2546715 0.0615160 0.1719526 0.3985604 0.2323480 0.2924807 0.3021130 0.0671748 0.2116117 0.1142920 0.2532749 0.0455392 0.0194816 0.1120341 0.0065360 0.2693361 0.5095835 0.2426270 0.0289233 0.1806193 0.1138504 0.2206052 
Perityle_coahuilensis_24                   0.1999376 0.3468062 0.2702047 0.3212493 0.2244388 0.2569713 0.1479690 0.4313244 0.2897296 0.3378623 0.2512869 0.2027163 0.1369005 0.0823013 0.2686166 0.1611306 0.2056105 0.3107966 0.1435952 0.1617713 0.1711243 0.0000000 0.2223036 0.1721797 0.3371535 0.3672263 0.1962981 0.1090377 0.3728073 0.4737124 0.3057847 0.1355218 0.1205763 0.4697828 0.1457641 0.4383357 0.2973037 0.0065446 0.1626471 0.4048705 0.1310570 0.2836534 0.4289423 0.1814153 0.2363878 0.2239992 0.1298618 0.4740945 0.0795351 0.1205695 0.1661792 0.3359669 0.0170332 0.2407153 0.0875369 0.0900336 0.1056410 0.0944879 0.1846976 0.0981343 0.2569896 0.0240404 0.1243234 0.4500196 0.2438728 0.3375977 0.3371368 0.0613694 0.2204060 0.0084978 0.2566674 0.1928807 0.0239994 0.1104936 0.0070109 0.3674572 0.6112154 0.2388066 0.0177854 0.1434391 0.1495122 0.2678358 
Perityle_cochisensis_44_cave_creek         0.2038972 0.3666105 0.2045981 0.3750615 0.2134593 0.2700335 0.1828701 0.4402080 0.2237123 0.3195604 0.2667197 0.2011589 0.1763685 0.1266681 0.3344004 0.1809154 0.2397148 0.3342776 0.1826052 0.1660686 0.2126799 0.2223036 0.0000000 0.2104271 0.3099477 0.3658739 0.1740876 0.1595706 0.3329970 0.4418362 0.2722923 0.2473472 0.0891189 0.4108205 0.1922392 0.3875303 0.3550934 0.1928958 0.1889598 0.3314198 0.1755320 0.2648157 0.3598509 0.1953731 0.2004185 0.2399141 0.1882686 0.3813916 0.2033666 0.1573953 0.1554979 0.2929742 0.0523277 0.2294408 0.1101172 0.1217957 0.1714817 0.1716176 0.2160914 0.1344383 0.2616499 0.0677131 0.2094309 0.4015704 0.2119107 0.3401882 0.3244525 0.0846292 0.0558545 0.1855359 0.2463926 0.1929446 0.0661380 0.1762299 0.0320362 0.3024471 0.5225895 0.2680695 0.0471023 0.1930361 0.2006459 0.3029420 
Perityle_congesta_202                      0.2074785 0.3715990 0.2860478 0.3395046 0.2087969 0.2734099 0.1526422 0.4298923 0.2990184 0.3282381 0.1737291 0.1495537 0.1339496 0.1038995 0.3034118 0.1178605 0.2469317 0.3536349 0.1671458 0.1580622 0.1314068 0.1721797 0.2104271 0.0000000 0.3108800 0.3926588 0.2085806 0.1344668 0.3790814 0.4130730 0.3296391 0.1927868 0.1194408 0.3744419 0.1316499 0.4061635 0.3313967 0.1661271 0.1506695 0.3363195 0.1091403 0.2769281 0.3630764 0.1781466 0.1948060 0.0607170 0.0222088 0.4039976 0.1722439 0.1511149 0.1294355 0.3004558 0.0301537 0.2172267 0.1031357 0.1127401 0.1243911 0.0925669 0.2086322 0.1207523 0.2464873 0.0516830 0.1719291 0.4162182 0.2272213 0.2845151 0.2960359 0.0634443 0.2030009 0.1706782 0.2845925 0.1421135 0.0388847 0.1470594 0.0043605 0.3549289 0.4920619 0.2258128 0.0247896 0.1754631 0.0202508 0.2573719 
Perityle_cordifolia_27                     0.2117115 0.3648639 0.2836508 0.3975992 0.2712487 0.2902561 0.2110317 0.4893964 0.2991897 0.3924629 0.3614977 0.2420907 0.2685955 0.1789079 0.3604970 0.2724060 0.2069992 0.3271034 0.2705685 0.1838324 0.2809703 0.3371535 0.3099477 0.3108800 0.0000000 0.3923256 0.1815319 0.1412461 0.3474709 0.4979028 0.3291098 0.3233225 0.0855327 0.4699398 0.2875140 0.3750866 0.3981865 0.2759729 0.2692427 0.3496186 0.2375431 0.2915593 0.4073818 0.3119320 0.1834547 0.3483336 0.2853383 0.4537225 0.2897567 0.2337251 0.2491765 0.2155948 0.1062035 0.2549271 0.0939357 0.0316206 0.2336686 0.2243058 0.1846204 0.1040562 0.2869992 0.0251398 0.3565902 0.4614702 0.1393271 0.3365076 0.3528588 0.1113628 0.3121831 0.2721347 0.2763468 0.2710679 0.1316510 0.2744084 0.0710915 0.3982639 0.5790443 0.3170912 0.0734505 0.1627281 0.2825100 0.2308174 
Perityle_coronopifolia_28_patagonia        0.2746541 0.4413657 0.3249746 0.4026222 0.3747795 0.3600580 0.2609886 0.4476124 0.2971279 0.4556598 0.4227484 0.3619678 0.3772328 0.3647014 0.3932522 0.4042557 0.2658452 0.2131725 0.3858628 0.3934632 0.3615367 0.3672263 0.3658739 0.3926588 0.3923256 0.0000000 0.2533334 0.1898063 0.3511693 0.4079795 0.3140187 0.3726113 0.3070125 0.3378833 0.4154918 0.3685680 0.4303234 0.3678182 0.3758143 0.3529424 0.3166437 0.2649803 0.3817193 0.4022428 0.2850787 0.4016781 0.3740023 0.3395417 0.3715106 0.3971582 0.3620965 0.3512337 0.3280391 0.3324855 0.2827701 0.2904976 0.3443539 0.3510416 0.3391699 0.1145493 0.3444354 0.1324268 0.3718409 0.0252589 0.3526184 0.3917659 0.3606047 0.1879042 0.3649291 0.3665175 0.3824587 0.3673646 0.3514681 0.3667375 0.2732154 0.3925610 0.4132806 0.4438022 0.1199764 0.2683456 0.3753921 0.3894470 
Perityle_crassifolia_70_ventanas           0.1217218 0.1952919 0.0850934 0.2752828 0.1782944 0.1727493 0.1997401 0.2668869 0.0414515 0.2564623 0.2389734 0.2213681 0.2034153 0.1458792 0.1807657 0.1843499 0.1961739 0.2428072 0.2092073 0.1343059 0.1983683 0.1962981 0.1740876 0.2085806 0.1815319 0.2533334 0.0000000 0.0367566 0.2079159 0.1724218 0.0979368 0.2024072 0.0586371 0.2000111 0.2020360 0.2497084 0.2050199 0.1996359 0.2025207 0.1667795 0.1610036 0.1766035 0.2408211 0.2010070 0.1615751 0.1979835 0.2080573 0.1635118 0.2005124 0.1824792 0.1915699 0.1582345 0.1154502 0.1400580 0.1112613 0.1038763 0.1815022 0.1795931 0.1715219 0.1485722 0.1284157 0.0943363 0.1919099 0.2678280 0.1447662 0.2242230 0.2172419 0.1542335 0.1563845 0.1850787 0.0693100 0.1761207 0.1447360 0.1929589 0.0936686 0.2237986 0.2627361 0.2516790 0.0837668 0.1678420 0.2017693 0.0999708 
Perityle_crassifolia_74_playa_balandra     0.1086125 0.2022479 0.0956227 0.2793435 0.1323707 0.2170438 0.2235460 0.2655450 0.0419770 0.1649860 0.1438851 0.1289017 0.1203472 0.1340071 0.1159036 0.1240242 0.1624803 0.2120718 0.1384124 0.1251881 0.1438154 0.1090377 0.1595706 0.1344668 0.1412461 0.1898063 0.0367566 0.0000000 0.1509204 0.1319126 0.0681085 0.1252199 0.0408350 0.1976490 0.1367022 0.1618397 0.1266570 0.1268047 0.1405797 0.1737728 0.1197219 0.1754121 0.1800049 0.1448526 0.0983700 0.1295520 0.1272614 0.1751347 0.1403967 0.1231504 0.1164826 0.1408209 0.1262485 0.1675138 0.1431346 0.1223877 0.1350611 0.1347890 0.1818214 0.1657196 0.1529587 0.1220594 0.1163814 0.1991247 0.1291839 0.1794720 0.1392508 0.1648521 0.1505327 0.1090377 0.0615595 0.1321679 0.1402513 0.1361988 0.1366870 0.1931988 0.1939390 0.1394942 0.0951883 0.1929995 0.1229799 0.0470207 
Perityle_cuneata_34_cuneata_San_antonio    0.2325199 0.3693539 0.3805869 0.3420123 0.3248573 0.4246871 0.2528745 0.5404000 0.3667591 0.4237671 0.4028617 0.3166230 0.3745062 0.3803231 0.4572873 0.3809122 0.0666599 0.2292136 0.3693003 0.3870214 0.3852252 0.3728073 0.3329970 0.3790814 0.3474709 0.3511693 0.2079159 0.1509204 0.0000000 0.4036969 0.3752334 0.3858939 0.3249195 0.4060999 0.3896256 0.4010227 0.4645701 0.3722390 0.3764293 0.4106918 0.2806247 0.2440907 0.4190972 0.3903684 0.2276688 0.3799197 0.3854362 0.4047981 0.3755231 0.3849548 0.3790305 0.3334662 0.3488321 0.3380003 0.2419845 0.3019741 0.3114120 0.3807807 0.3635523 0.1534880 0.3365211 0.1615401 0.3599366 0.3543542 0.3248490 0.3918773 0.3745264 0.1739544 0.3559896 0.3626918 0.3581326 0.3830810 0.3774927 0.3787034 0.2659606 0.4161771 0.4196088 0.3878332 0.1496200 0.2674954 0.3880544 0.3034007 
Perityle_cuneata_4                         0.2475256 0.3920147 0.3281618 0.4198707 0.4000814 0.2661529 0.2013147 0.4757135 0.3299685 0.5348724 0.4397330 0.3855616 0.4118710 0.3266402 0.3442260 0.4162571 0.2157130 0.3190858 0.3800045 0.3886640 0.4051384 0.4737124 0.4418362 0.4130730 0.4979028 0.4079795 0.1724218 0.1319126 0.4036969 0.0000000 0.3670985 0.4544635 0.2932784 0.3132699 0.4276139 0.4585860 0.3703463 0.4537763 0.4244870 0.2523144 0.3024507 0.2987410 0.4524086 0.4546215 0.2540978 0.4253538 0.3968265 0.3315298 0.4425859 0.4204301 0.3657864 0.4538814 0.2709717 0.2887094 0.1600783 0.2474151 0.3455156 0.3850752 0.2678856 0.1054656 0.3145968 0.1151453 0.4523851 0.4456022 0.4179222 0.4469872 0.5090680 0.1213145 0.4511984 0.4322495 0.3980534 0.4126676 0.3042514 0.4050323 0.1464666 0.4552176 0.4114345 0.4756075 0.1157613 0.1781741 0.4015867 0.4233753 
Perityle_discoidea_81                      0.0264467 0.3538639 0.1289687 0.2515266 0.2316300 0.2677230 0.1554200 0.3857555 0.0014361 0.3765294 0.3450802 0.2737505 0.3442522 0.3026362 0.3024083 0.3355608 0.1582345 0.2441744 0.3141161 0.2981895 0.2945417 0.3057847 0.2722923 0.3296391 0.3291098 0.3140187 0.0979368 0.0681085 0.3752334 0.3670985 0.0000000 0.2708489 0.2477495 0.2480395 0.3423003 0.3354313 0.3097000 0.3072378 0.3065191 0.2469366 0.1753702 0.1399078 0.3732315 0.3545803 0.1075087 0.3373487 0.3406167 0.2756318 0.3141966 0.3222949 0.2984524 0.2581916 0.2621396 0.2145428 0.0894694 0.2145086 0.2176910 0.3107678 0.2021357 0.1005112 0.2745624 0.0452923 0.2895488 0.3216041 0.3048899 0.3445695 0.3330978 0.0947135 0.3057976 0.2929150 0.2403973 0.3274088 0.2843219 0.3096083 0.0976236 0.3937192 0.3273995 0.3631567 0.0422810 0.1191986 0.3342434 0.2690446 
Perityle_dissecta_201                      0.1863522 0.3746126 0.2298483 0.3015956 0.2366834 0.2682466 0.1463917 0.4070812 0.2609101 0.3164928 0.2290753 0.2085736 0.1620738 0.1013678 0.2943999 0.1567740 0.2294590 0.3379001 0.1771840 0.1244049 0.1575196 0.1355218 0.2473472 0.1927868 0.3233225 0.3726113 0.2024072 0.1252199 0.3858939 0.4544635 0.2708489 0.0000000 0.0825002 0.4081637 0.1783371 0.3522810 0.3145760 0.1013763 0.1689981 0.3609657 0.0972561 0.2716426 0.3385918 0.2008062 0.2454854 0.2316794 0.1565524 0.3865405 0.1104797 0.1568628 0.1823520 0.2532460 0.0614442 0.2447259 0.1037089 0.1080178 0.1172824 0.1221784 0.1907810 0.1118952 0.2540512 0.0441569 0.1424627 0.4399740 0.2169605 0.3157272 0.3270067 0.0504182 0.2328090 0.0972258 0.2589978 0.1707795 0.0466019 0.1017873 0.0091685 0.3351496 0.5126767 0.2916225 0.0042336 0.1578513 0.1802538 0.2544222 
Perityle_emoryi_47_punta_san_jose          0.0209075 0.3370660 0.2498699 0.1610431 0.1039862 0.2619260 0.1417914 0.3341513 0.2567723 0.2084004 0.1448507 0.1046947 0.1374831 0.1188155 0.2828919 0.1370594 0.1306058 0.2054316 0.1084400 0.0851723 0.0956238 0.1205763 0.0891189 0.1194408 0.0855327 0.3070125 0.0586371 0.0408350 0.3249195 0.2932784 0.2477495 0.0825002 0.0000000 0.2351223 0.1223523 0.1828455 0.2963658 0.1052934 0.1037294 0.2557609 0.0643152 0.0920791 0.2305063 0.1454208 0.0695343 0.1306101 0.1542533 0.2839713 0.1120668 0.1237007 0.1104576 0.0624093 0.0786089 0.1306775 0.0526272 0.0544461 0.0917768 0.1063551 0.1636444 0.0782829 0.1995969 0.0251238 0.1093135 0.3043863 0.0460664 0.1698400 0.1698977 0.0792563 0.1095472 0.0990076 0.1387152 0.1247401 0.1178174 0.1172464 0.0301352 0.2801932 0.3596676 0.1429282 0.0378528 0.0907807 0.1191150 0.0000010 
Perityle_feddemae_99                       0.2623003 0.4085558 0.2286018 0.3864550 0.3578475 0.2552219 0.2184983 0.4007712 0.2154809 0.4439169 0.4685329 0.4033264 0.3609339 0.2957119 0.2527952 0.4437809 0.2259316 0.2748801 0.4083367 0.3854184 0.4515457 0.4697828 0.4108205 0.3744419 0.4699398 0.3378833 0.2000111 0.1976490 0.4060999 0.3132699 0.2480395 0.4081637 0.2351223 0.0000000 0.4421334 0.3701201 0.2892544 0.3893547 0.4821863 0.1170076 0.2601143 0.0390852 0.3834056 0.3701466 0.2348272 0.4978187 0.3527616 0.0904802 0.3708244 0.3357735 0.3907190 0.4484665 0.2748799 0.2969723 0.1719783 0.2334240 0.3125630 0.3557484 0.2311205 0.0688257 0.2951048 0.1324718 0.4336158 0.4280208 0.3980434 0.4061372 0.3919002 0.1401295 0.4099910 0.3808820 0.3464316 0.4880258 0.2749472 0.3811918 0.1753884 0.4018654 0.3472009 0.5321832 0.1479982 0.1580721 0.3777345 0.3808290 
Perityle_fosteri_93                        0.2354771 0.3815044 0.2946623 0.3155374 0.2024527 0.2593207 0.1611491 0.4463723 0.3227655 0.3215565 0.1735789 0.1783376 0.1250318 0.0941204 0.3058056 0.0317682 0.2512434 0.3458056 0.0915005 0.1737025 0.1626333 0.1457641 0.1922392 0.1316499 0.2875140 0.4154918 0.2020360 0.1367022 0.3896256 0.4276139 0.3423003 0.1783371 0.1223523 0.4421334 0.0000000 0.3298797 0.3391766 0.1300278 0.1581826 0.3613309 0.0920217 0.2654057 0.3824450 0.1037327 0.2013655 0.1746595 0.1237462 0.4299466 0.1390661 0.1126601 0.1525639 0.2812274 0.0301562 0.2534087 0.1037060 0.1126848 0.1201965 0.1067229 0.2004546 0.1200157 0.2666478 0.0567784 0.1610400 0.4796146 0.2300277 0.3096059 0.3026966 0.0727984 0.1852260 0.1153347 0.2504779 0.1735834 0.0508911 0.1208242 0.0135656 0.3672349 0.5150065 0.1981975 0.0297377 0.1770914 0.1175454 0.2423284 
Perityle_gamon_221                         0.2198660 0.4456956 0.2880909 0.3967934 0.2615132 0.3301778 0.1891843 0.4860311 0.2913216 0.4081713 0.4398389 0.3335994 0.3538872 0.2774667 0.4178169 0.3464092 0.2515365 0.3289562 0.3124774 0.2999423 0.3519949 0.4383357 0.3875303 0.4061635 0.3750866 0.3685680 0.2497084 0.1618397 0.4010227 0.4585860 0.3354313 0.3522810 0.1828455 0.3701201 0.3298797 0.0000000 0.4455965 0.3608095 0.3813494 0.2824682 0.2647820 0.2151362 0.2021785 0.3836437 0.1850948 0.4168724 0.3561077 0.3541060 0.3639678 0.3521034 0.3402183 0.3485917 0.1890867 0.1595871 0.1594134 0.1694876 0.3160226 0.3211369 0.1420351 0.0504129 0.1999029 0.0980512 0.4081994 0.4002516 0.2926800 0.3737607 0.3695389 0.1041643 0.3967640 0.3687912 0.3466060 0.3560788 0.2110673 0.3718476 0.1084414 0.3644075 0.3985187 0.4612848 0.1279933 0.1377861 0.3819829 0.3501061 
Perityle_gentryi_8_san_francisco           0.1555485 0.3992935 0.2646530 0.3668729 0.2455135 0.2871089 0.1774428 0.4758223 0.2938291 0.4342074 0.3874480 0.2903303 0.3255654 0.2757025 0.0340174 0.3257985 0.2425691 0.3443187 0.3054944 0.3355855 0.2888815 0.2973037 0.3550934 0.3313967 0.3981865 0.4303234 0.2050199 0.1266570 0.4645701 0.3703463 0.3097000 0.3145760 0.2963658 0.2892544 0.3391766 0.4455965 0.0000000 0.2924795 0.3046317 0.2604007 0.1588636 0.2136252 0.3816211 0.3482110 0.2061311 0.3639260 0.3155511 0.2738224 0.2913655 0.3360888 0.3432475 0.3876176 0.2266326 0.2963582 0.1200246 0.2351841 0.2075464 0.2715123 0.2749172 0.0994321 0.3270395 0.0322903 0.3335545 0.4784198 0.3186950 0.3969683 0.4198873 0.0792008 0.3684171 0.2760346 0.3834379 0.2947775 0.2241929 0.2802687 0.0871864 0.3862986 0.4196537 0.4204444 0.0518283 0.1571303 0.3281177 0.4063803 
Perityle_gilensis_22_Superstition          0.1673297 0.3442094 0.2800041 0.3320524 0.1949717 0.2778688 0.1793603 0.4370891 0.2946015 0.3074972 0.1824289 0.1755551 0.1305968 0.0780762 0.2693497 0.1020418 0.2188446 0.3060828 0.1219894 0.1408233 0.1257605 0.0065446 0.1928958 0.1661271 0.2759729 0.3678182 0.1996359 0.1268047 0.3722390 0.4537763 0.3072378 0.1013763 0.1052934 0.3893547 0.1300278 0.3608095 0.2924795 0.0000000 0.1153456 0.3700263 0.1424885 0.2871648 0.3739570 0.1762862 0.1780859 0.1834755 0.1322604 0.4071695 0.0799497 0.1219187 0.1232904 0.2348292 0.0197638 0.2155057 0.1061105 0.0917858 0.1154915 0.0982721 0.1967911 0.1092952 0.2580784 0.0296779 0.1086780 0.3981668 0.2056005 0.2757312 0.2780114 0.0980919 0.1981296 0.0120527 0.2497160 0.1357129 0.0388213 0.1009523 0.0322243 0.3709601 0.5255596 0.1825943 0.0561894 0.1574066 0.1522901 0.2464112 
Perityle_gilensis_salensis_225             0.2075923 0.3631062 0.2583840 0.3190541 0.1682740 0.2862287 0.1749978 0.4440531 0.2741284 0.3441445 0.2065255 0.1783996 0.1446462 0.0971949 0.2749726 0.1388237 0.2532015 0.3195516 0.1414094 0.1733387 0.0543234 0.1626471 0.1889598 0.1506695 0.2692427 0.3758143 0.2025207 0.1405797 0.3764293 0.4244870 0.3065191 0.1689981 0.1037294 0.4821863 0.1581826 0.3813494 0.3046317 0.1153456 0.0000000 0.3706020 0.0888039 0.2853851 0.4054823 0.1490752 0.2117624 0.2054586 0.1227450 0.4422846 0.1232419 0.1093645 0.1562846 0.2761325 0.0243567 0.2760986 0.1127488 0.1098698 0.0318935 0.0311177 0.2071837 0.1239744 0.2767581 0.0514269 0.1586010 0.4260526 0.2325080 0.2755229 0.3045578 0.0675293 0.1969707 0.1050251 0.2486109 0.0628273 0.0246384 0.1160656 0.0109444 0.2790088 0.5207766 0.2293256 0.0290824 0.1795632 0.1308252 0.2178707 
Perityle_glaucescens_94                    0.1871027 0.4000130 0.2186046 0.2980084 0.3061780 0.2601599 0.1959373 0.3460402 0.2363147 0.4101844 0.3679962 0.2838458 0.3285144 0.3059607 0.2219926 0.3610868 0.2168156 0.2965883 0.3236409 0.3630205 0.3475155 0.4048705 0.3314198 0.3363195 0.3496186 0.3529424 0.1667795 0.1737728 0.4106918 0.2523144 0.2469366 0.3609657 0.2557609 0.1170076 0.3613309 0.2824682 0.2604007 0.3700263 0.3706020 0.0000000 0.2129640 0.0738246 0.3099140 0.3420899 0.1736835 0.3866720 0.3123777 0.0798645 0.3468091 0.3322393 0.3775087 0.3484838 0.2801194 0.2371792 0.1417765 0.2181833 0.2669756 0.3543777 0.2115758 0.0610909 0.2980656 0.1084571 0.3936005 0.4413964 0.3337331 0.3872045 0.3517247 0.1275067 0.3540920 0.3384648 0.3383929 0.3867225 0.2887870 0.3205654 0.1564264 0.3644435 0.2744548 0.4358161 0.1372568 0.1405090 0.3327419 0.3235927 
Perityle_gracilis_11                       0.1651513 0.2915513 0.1046733 0.2544611 0.1530010 0.2135533 0.1467987 0.3389026 0.1212480 0.2220846 0.1563552 0.0789753 0.1213915 0.0735621 0.1493370 0.0541279 0.2090567 0.2657268 0.1052681 0.0658138 0.0957534 0.1310570 0.1755320 0.1091403 0.2375431 0.3166437 0.1610036 0.1197219 0.2806247 0.3024507 0.1753702 0.0972561 0.0643152 0.2601143 0.0920217 0.2647820 0.1588636 0.1424885 0.0888039 0.2129640 0.0000000 0.2046774 0.2431806 0.1322057 0.1046109 0.1046463 0.0939614 0.2522005 0.1349383 0.0825810 0.0379441 0.1873916 0.0201553 0.1396581 0.0922290 0.0782499 0.0819222 0.0669570 0.1391821 0.1086672 0.1303650 0.0397576 0.1201069 0.3159264 0.1798479 0.1934597 0.2008713 0.0529723 0.1648864 0.1310570 0.2074318 0.0683855 0.0055442 0.1030518 0.0000010 0.2117302 0.3466471 0.1612896 0.0127539 0.1352240 0.1031151 0.2034301 
Perityle_harkerae_31                       0.1845993 0.2794768 0.1217623 0.3562357 0.2472055 0.1886584 0.2045507 0.3214265 0.1008583 0.2715773 0.2509292 0.2612426 0.2467634 0.1730585 0.2043475 0.2297671 0.2096904 0.2504665 0.2589363 0.2365183 0.2732592 0.2836534 0.2648157 0.2769281 0.2915593 0.2649803 0.1766035 0.1754121 0.2440907 0.2987410 0.1399078 0.2716426 0.0920791 0.0390852 0.2654057 0.2151362 0.2136252 0.2871648 0.2853851 0.0738246 0.2046774 0.0000000 0.1989862 0.2726662 0.1222615 0.2895257 0.2475947 0.0467779 0.2803261 0.2047590 0.1934378 0.2479563 0.1280912 0.1583217 0.1623833 0.1093141 0.2535881 0.2450493 0.1335252 0.0558311 0.1304854 0.1140108 0.2724606 0.2910608 0.2463909 0.2660024 0.2582121 0.1298844 0.2566892 0.2807493 0.2397630 0.2832297 0.1505093 0.2583047 0.1323133 0.2809779 0.2329388 0.3290824 0.1367565 0.1418421 0.2725551 0.2763181 
Perityle_hofmeisteria_4_nombre_de_dios     0.2444254 0.4356254 0.3317888 0.3978969 0.2940572 0.3491502 0.2073686 0.4928807 0.3506416 0.3957193 0.4237880 0.3285804 0.3593289 0.2804695 0.3518711 0.3780103 0.2429389 0.3043419 0.3230355 0.3044146 0.3834374 0.4289423 0.3598509 0.3630764 0.4073818 0.3817193 0.2408211 0.1800049 0.4190972 0.4524086 0.3732315 0.3385918 0.2305063 0.3834056 0.3824450 0.2021785 0.3816211 0.3739570 0.4054823 0.3099140 0.2431806 0.1989862 0.0000000 0.3516072 0.2329083 0.3968798 0.3336478 0.4046138 0.3245224 0.3234600 0.3340364 0.3377462 0.2072308 0.1451919 0.1676819 0.1735666 0.2992031 0.3190678 0.1276233 0.0400588 0.1751501 0.1108638 0.4183624 0.4767670 0.3255389 0.3722487 0.3812082 0.1072968 0.3726662 0.3447555 0.3318786 0.4340463 0.2500463 0.3249512 0.1143906 0.3657135 0.4179952 0.4695130 0.1399653 0.1127552 0.3504578 0.3432746 
Perityle_huecosensis_48                    0.2127263 0.3665356 0.2956632 0.3367586 0.1905735 0.2727655 0.1679635 0.4526027 0.3235488 0.3378356 0.1779511 0.1479260 0.1464657 0.0950508 0.3268215 0.0996661 0.2638497 0.3418386 0.1390870 0.1462868 0.1498756 0.1814153 0.1953731 0.1781466 0.3119320 0.4022428 0.2010070 0.1448526 0.3903684 0.4546215 0.3545803 0.2008062 0.1454208 0.3701466 0.1037327 0.3836437 0.3482110 0.1762862 0.1490752 0.3420899 0.1322057 0.2726662 0.3516072 0.0000000 0.2000084 0.1823752 0.1420569 0.4063166 0.1870116 0.1234386 0.1160436 0.2731706 0.0312143 0.2259555 0.1110433 0.1191305 0.1404015 0.1210400 0.2070799 0.1088598 0.2617698 0.0518243 0.1746782 0.4094996 0.2344333 0.2791482 0.3170662 0.0636493 0.1968080 0.1919717 0.2686310 0.1493043 0.0577773 0.1526284 0.0198510 0.3697250 0.5104899 0.2120783 0.0207547 0.1874275 0.1516961 0.2342460 
Perityle_incana_3_ucla                     0.1487197 0.2253336 0.0799235 0.2874042 0.2325936 0.1559186 0.1668542 0.2624846 0.0769859 0.3147717 0.2307882 0.1630941 0.1318805 0.0699316 0.1738461 0.1844137 0.1605381 0.2056076 0.1637912 0.1315125 0.2212723 0.2363878 0.2004185 0.1948060 0.1834547 0.2850787 0.1615751 0.0983700 0.2276688 0.2540978 0.1075087 0.2454854 0.0695343 0.2348272 0.2013655 0.1850948 0.2061311 0.1780859 0.2117624 0.1736835 0.1046109 0.1222615 0.2329083 0.2000084 0.0000000 0.2441701 0.1167839 0.1802935 0.2147134 0.1519933 0.1975739 0.1929974 0.0554411 0.1042510 0.0893805 0.0545478 0.1419060 0.1717790 0.0937983 0.0583666 0.0926820 0.0252963 0.2313606 0.3982661 0.1527055 0.2632006 0.2473397 0.0737891 0.1689294 0.1606390 0.1631069 0.2174893 0.1054733 0.1354820 0.0463003 0.2251778 0.2820387 0.2330959 0.0578288 0.0897249 0.1419833 0.1740407 
Perityle_intricata_59_Clark_mtns           0.2260453 0.3681948 0.2904183 0.3695117 0.2560000 0.2838919 0.1584145 0.4415757 0.3064708 0.3596299 0.1924478 0.1953658 0.1429121 0.1071012 0.3301268 0.1597840 0.2429382 0.3653092 0.1958173 0.1820386 0.1921034 0.2239992 0.2399141 0.0607170 0.3483336 0.4016781 0.1979835 0.1295520 0.3799197 0.4253538 0.3373487 0.2316794 0.1306101 0.4978187 0.1746595 0.4168724 0.3639260 0.1834755 0.2054586 0.3866720 0.1046463 0.2895257 0.3968798 0.1823752 0.2441701 0.0000000 0.0366153 0.4815699 0.1935855 0.1555346 0.1705739 0.3654782 0.0358869 0.2448250 0.1020437 0.1112577 0.1234084 0.1212268 0.2023685 0.1100459 0.2672924 0.0489604 0.2337233 0.4852111 0.2681700 0.3306990 0.3475419 0.0558334 0.2295085 0.1796443 0.2826779 0.1869336 0.0266728 0.1743367 0.0021866 0.4028081 0.5661102 0.2785834 0.0167023 0.1651410 0.0375024 0.2775982 
