84
Amauria_brandeegeana_62                    0.0000000 0.1617332 0.1937932 0.4226165 0.2298465 0.2546567 0.3081185 0.2368166 0.2901907 0.4208019 0.2728467 0.2691728 0.1501941 0.0536582 0.0165338 0.2575535 0.0080291 0.2967449 0.1848013 0.1920801 0.1906400 0.1744597 0.0629578 0.2680820 0.1753425 0.2550987 0.2522338 0.2113580 0.2455095 0.1966861 0.2438651 0.3937431 0.3973661 0.1864354 0.0692532 0.1439183 0.2832113 0.2258369 0.2368835 0.0747717 0.3313222 0.1681899 0.2811731 0.2358358 0.2551331 0.2703002 0.2581390 0.1877287 0.2568754 0.2615435 0.2699452 0.1559567 0.2458817 0.2569721 0.1702503 0.2895180 0.2288231 0.0713888 0.0272832 0.1729758 0.1611892 0.0116817 0.0265676 0.1450622 0.0571165 0.1649194 0.2232928 0.0515755 0.2769591 0.2524831 0.0081615 0.2297290 0.0719547 0.1797602 0.2554806 0.1151538 0.2164050 0.0396247 0.2067785 0.2547549 0.0858279 0.2648423 0.0862048 0.1750573 
Amauria_carterae_99_mesa                   0.1617332 0.0000000 0.0686195 0.3800515 0.1316388 0.1632856 0.2948776 0.1422990 0.2213518 0.3379182 0.1756446 0.1700319 0.0459781 0.0402814 0.0065335 0.1426523 0.0078796 0.2652832 0.0630689 0.0816130 0.1625371 0.0510678 0.0229991 0.1728460 0.1179157 0.1640891 0.1686148 0.1836794 0.1545842 0.1653766 0.1731003 0.2921263 0.2923850 0.1279564 0.0499553 0.0339931 0.1770892 0.1659046 0.1589142 0.0507330 0.2683705 0.1713319 0.1860323 0.1283632 0.1478940 0.1772208 0.1574099 0.1551512 0.1594903 0.1667052 0.1672416 0.1231470 0.1652774 0.1659110 0.0377344 0.2900538 0.2404423 0.0492125 0.0252952 0.0411838 0.1599966 0.0115692 0.0188391 0.0760034 0.0425030 0.0378207 0.1365024 0.0513268 0.1902413 0.0443757 0.0122177 0.1207373 0.0433491 0.1573921 0.1626391 0.0346597 0.1439431 0.0261366 0.1835084 0.1857752 0.0495538 0.1745926 0.0599245 0.0435906 
Amauria_rotundifolia_SRR9119150            0.1937932 0.0686195 0.0000000 0.3926099 0.1389203 0.2827226 0.2295634 0.2199306 0.1871149 0.3101476 0.0661517 0.0744305 0.0632041 0.0582376 0.0456371 0.0755976 0.0360699 0.1969433 0.1007525 0.0729065 0.0530315 0.0550518 0.0928885 0.0660429 0.0625816 0.0601082 0.0690492 0.0633527 0.1110120 0.2001955 0.2518451 0.2950535 0.3013078 0.1267261 0.0562266 0.0554464 0.0801608 0.0684241 0.0748236 0.0804976 0.1466782 0.0622585 0.0720023 0.0589229 0.0711116 0.0871548 0.0805071 0.1861484 0.0637397 0.0631876 0.0796765 0.0530167 0.0636660 0.0679639 0.0576966 0.0782405 0.0583741 0.0682671 0.0488252 0.0640181 0.0566468 0.0233106 0.0410510 0.0658170 0.0748418 0.0584167 0.1137397 0.0631700 0.1408234 0.1858320 0.0490726 0.0727525 0.0630078 0.1957886 0.0632149 0.0529914 0.0693575 0.0387003 0.0642595 0.0823050 0.1191382 0.0675913 0.1131819 0.0639430 
Conoclinium_coelestinum_SRR9119114         0.4226165 0.3800515 0.3926099 0.0000000 0.4794304 0.4127272 0.3810639 0.2369470 0.4841790 0.5819659 0.4221853 0.4167702 0.3719993 0.3493902 0.2602556 0.4260981 0.1687816 0.4268413 0.4025556 0.4030814 0.4294206 0.4134375 0.2569051 0.4018352 0.4108195 0.4122014 0.4252940 0.3852657 0.4012486 0.4322747 0.4265722 0.4349501 0.4329036 0.3709363 0.3375084 0.3485831 0.4132118 0.3973066 0.3701802 0.3763083 0.4955139 0.3669022 0.4173943 0.4070758 0.4144907 0.3808171 0.4126439 0.4216062 0.4088568 0.4162372 0.4243826 0.3957922 0.4074174 0.4022079 0.3609789 0.5407794 0.2743221 0.3102046 0.2795055 0.3838063 0.4050996 0.0658020 0.1773911 0.2890643 0.2990884 0.3547892 0.4076517 0.3245351 0.4230461 0.4072727 0.3128749 0.4201629 0.4557830 0.3855213 0.4110245 0.3653508 0.3874997 0.1753964 0.4115717 0.3835535 0.3474522 0.4310228 0.3136084 0.3717971 
Eutetras_palmeri_63                        0.2298465 0.1316388 0.1389203 0.4794304 0.0000000 0.2808899 0.2470230 0.2147360 0.2248468 0.3484895 0.1113963 0.1347116 0.1167619 0.1076308 0.0756680 0.1315337 0.0365399 0.1917831 0.1399859 0.1183379 0.0749936 0.1119945 0.0939504 0.1304188 0.1173341 0.1242770 0.1217786 0.1265554 0.1568246 0.2028914 0.2356881 0.2537461 0.2549619 0.1582286 0.0664661 0.1046641 0.1375137 0.1215707 0.1238662 0.1194392 0.2418706 0.1158468 0.1345726 0.1187616 0.1231195 0.1501680 0.1369315 0.2538317 0.1205046 0.1247642 0.1340437 0.1132146 0.1194960 0.1321282 0.0962333 0.1648968 0.0846133 0.1093039 0.0904556 0.1158679 0.1137587 0.0294964 0.0546104 0.1046529 0.1235998 0.1015010 0.1603203 0.0972733 0.1813053 0.2391353 0.0668633 0.1296181 0.0851570 0.1830584 0.1261000 0.1042376 0.1298966 0.0778269 0.1304222 0.1596847 0.1430410 0.1328188 0.1346146 0.1139438 
Eutetras_pringlei_149_quer                 0.2546567 0.1632856 0.2827226 0.4127272 0.2808899 0.0000000 0.3415044 0.2205938 0.2776597 0.3493883 0.2568488 0.2398477 0.2496907 0.2382547 0.1160518 0.2685933 0.0930876 0.3341408 0.2307558 0.2612721 0.1689589 0.2493675 0.2029350 0.2477188 0.2424607 0.2486294 0.2555907 0.2217584 0.2849700 0.3368682 0.3193450 0.3448232 0.3432261 0.2259392 0.1713127 0.2286123 0.2474560 0.2457499 0.2738525 0.2732006 0.3137405 0.1972855 0.2611331 0.2484260 0.2774633 0.2789767 0.2419249 0.3736646 0.2494524 0.2443845 0.2593400 0.2414705 0.2442545 0.2351794 0.2490337 0.1720854 0.1255994 0.1316471 0.1933481 0.2484260 0.2493675 0.0919335 0.0953796 0.1964138 0.1419186 0.2337922 0.2788833 0.2055965 0.2575295 0.2554107 0.1239878 0.2459169 0.1548558 0.3359359 0.2507770 0.2525958 0.2416380 0.1011656 0.2556425 0.2584663 0.1495629 0.2522107 0.2298993 0.2443845 
Eutrochium_fistulosum_SRR9119106           0.3081185 0.2948776 0.2295634 0.3810639 0.2470230 0.3415044 0.0000000 0.2551094 0.2837084 0.5410375 0.2847773 0.3055908 0.2144083 0.1917845 0.1592049 0.2613452 0.1101792 0.3122463 0.2792235 0.2220679 0.3020779 0.1998401 0.1820029 0.3085491 0.2488811 0.2982123 0.3015371 0.2879035 0.2917223 0.2591470 0.2921585 0.3774566 0.3593407 0.3158306 0.2359366 0.1964528 0.3119687 0.2944799 0.2970703 0.2166835 0.3830527 0.3284397 0.3063795 0.2420942 0.2629923 0.3139684 0.2907709 0.2959650 0.2968906 0.2974595 0.2838100 0.2429828 0.3082954 0.3070208 0.1992216 0.4448452 0.3374214 0.1865663 0.1827317 0.2058724 0.3008296 0.0598490 0.1165850 0.1815837 0.1715657 0.2052189 0.2708242 0.2312378 0.3511346 0.2544229 0.1780027 0.2496435 0.2627218 0.2442442 0.3009299 0.1934194 0.3013644 0.1215408 0.3056988 0.3040787 0.2103849 0.3054444 0.1956566 0.2107319 
Galeana_pratensis_104_mex                  0.2368166 0.1422990 0.2199306 0.2369470 0.2147360 0.2205938 0.2551094 0.0000000 0.1830327 0.2165072 0.2243612 0.2342598 0.2106068 0.1592509 0.1417762 0.2199478 0.0672051 0.1663629 0.2161491 0.2077717 0.1643155 0.2078880 0.1481309 0.2292642 0.2039273 0.2340857 0.2190550 0.2009273 0.2119828 0.1627909 0.1638495 0.2211169 0.1898804 0.1838305 0.1557684 0.1791590 0.2188194 0.2313553 0.2492902 0.1668614 0.2500692 0.1773875 0.2300212 0.2098005 0.2022350 0.2674443 0.2030887 0.2119039 0.2349630 0.2340857 0.1974754 0.2035072 0.2279696 0.2189281 0.1915600 0.1995780 0.0882937 0.1331508 0.1608930 0.2098005 0.1996224 0.0410944 0.0766575 0.1184525 0.1126117 0.1884378 0.2206056 0.1628231 0.2671007 0.2181363 0.1681077 0.2115888 0.1973156 0.1579806 0.2411364 0.2082381 0.2132087 0.0659076 0.2362654 0.2359898 0.1579268 0.2350781 0.1861628 0.2098005 
Helianthus_annuus_SRR9119062               0.2901907 0.2213518 0.1871149 0.4841790 0.2248468 0.2776597 0.2837084 0.1830327 0.0000000 0.4768261 0.2539123 0.2701420 0.1739116 0.1592264 0.1152608 0.2569157 0.0959941 0.2611596 0.2086033 0.2561708 0.2597426 0.2430522 0.1362752 0.2755662 0.2591186 0.2650293 0.2701376 0.2735333 0.2745322 0.2246965 0.2335986 0.3190570 0.3088870 0.2224717 0.1200411 0.1594630 0.2725758 0.2630582 0.2557338 0.1617827 0.3357195 0.2762772 0.2711245 0.2490322 0.2474949 0.2598714 0.2666859 0.2936973 0.2629057 0.2642931 0.2605486 0.2422788 0.2582605 0.2652453 0.1729613 0.3183466 0.2634862 0.1821798 0.1382618 0.1782164 0.2607636 0.0411618 0.1015011 0.1732626 0.1820207 0.1611561 0.2707946 0.1504353 0.3024497 0.2429966 0.1341031 0.2522655 0.2266128 0.1797130 0.2636702 0.1673606 0.2193443 0.1173943 0.2675284 0.2527248 0.1809858 0.2693300 0.1470288 0.1782733 
Lycapsus_tenuifolius_17                    0.4208019 0.3379182 0.3101476 0.5819659 0.3484895 0.3493883 0.5410375 0.2165072 0.4768261 0.0000000 0.4483035 0.4330892 0.2698732 0.2257854 0.0550932 0.3865309 0.0123702 0.4456036 0.2600880 0.3190848 0.3321722 0.3128210 0.0893535 0.4231312 0.3232904 0.4190843 0.4311395 0.3787569 0.3791134 0.3316978 0.3319882 0.5569280 0.5055232 0.2793677 0.1522974 0.2669307 0.4433329 0.3996025 0.4210400 0.2392028 0.5313324 0.3216381 0.4371343 0.3586251 0.3760511 0.4351512 0.3885138 0.3217699 0.4248120 0.4206854 0.4025139 0.3276976 0.4277204 0.4262966 0.2643036 0.4809420 0.4022001 0.0903639 0.1151725 0.2797942 0.3914268 0.0060949 0.0269939 0.2746193 0.0714488 0.2634179 0.3627889 0.1569315 0.4096214 0.3327520 0.0647122 0.3726343 0.1731325 0.2875092 0.4238248 0.2641968 0.3860176 0.0459546 0.4101274 0.4175665 0.1259418 0.4276638 0.1215777 0.2728826 
Pericome_caudata_50_silver                 0.2728467 0.1756446 0.0661517 0.4221853 0.1113963 0.2568488 0.2847773 0.2243612 0.2539123 0.4483035 0.0000000 0.0594986 0.0501200 0.0358878 0.0238281 0.0582545 0.0252960 0.1974039 0.0906758 0.0493515 0.0314171 0.0478866 0.0808530 0.0572832 0.0472069 0.0508731 0.0505193 0.0570123 0.0812477 0.1999425 0.2274107 0.2378026 0.2617491 0.1121014 0.0455145 0.0407298 0.0801014 0.0439644 0.0636099 0.0581142 0.2690822 0.0491016 0.0651565 0.0475681 0.0624796 0.0777047 0.0611409 0.2030418 0.0511985 0.0493146 0.0717937 0.0391423 0.0485217 0.0496885 0.0399332 0.3271804 0.0561346 0.0432791 0.0326183 0.0453883 0.0416028 0.0233413 0.0319615 0.0651315 0.0664238 0.0349761 0.0830544 0.0401416 0.1434238 0.2070845 0.0210567 0.0518015 0.0344049 0.1898038 0.0516089 0.0406524 0.0502631 0.0338184 0.0564209 0.0802544 0.0773333 0.0603824 0.0964384 0.0462390 
Perityle_aglossa_84_dead_horse             0.2691728 0.1700319 0.0744305 0.4167702 0.1347116 0.2398477 0.3055908 0.2342598 0.2701420 0.4330892 0.0594986 0.0000000 0.0286583 0.0326887 0.0031881 0.0479028 0.0118299 0.2080926 0.0944252 0.0345604 0.0136812 0.0284335 0.0657953 0.0494531 0.0366016 0.0389818 0.0536284 0.0491658 0.0807503 0.2163194 0.2524638 0.2568866 0.2816811 0.1163560 0.0474114 0.0502478 0.0824582 0.0222797 0.0602893 0.0475902 0.2299178 0.0447283 0.0812917 0.0222262 0.0590056 0.0785157 0.0524594 0.1920068 0.0399617 0.0375422 0.0700883 0.0290454 0.0250901 0.0492560 0.0431213 0.2795329 0.0585887 0.0328284 0.0314088 0.0282823 0.0341746 0.0233512 0.0260271 0.0638993 0.0494244 0.0232629 0.0838869 0.0388542 0.1415801 0.2200027 0.0158994 0.0305508 0.0468145 0.2111639 0.0395824 0.0227168 0.0526583 0.0355029 0.0623260 0.0832785 0.0834980 0.0172251 0.0846249 0.0283640 
Perityle_ajoensis_204                      0.1501941 0.0459781 0.0632041 0.3719993 0.1167619 0.2496907 0.2144083 0.2106068 0.1739116 0.2698732 0.0501200 0.0286583 0.0000000 0.0251088 0.0064776 0.0436067 0.0079048 0.2059722 0.0762948 0.0243518 0.0097831 0.0077758 0.0628304 0.0387974 0.0336556 0.0087896 0.0333300 0.0368769 0.0818848 0.2117051 0.2475063 0.2633641 0.2656639 0.0978284 0.0232447 0.0382243 0.0524738 0.0166473 0.0470886 0.0386604 0.1289175 0.0394877 0.0569686 0.0058786 0.0509104 0.0636527 0.0417150 0.1686798 0.0088849 0.0132681 0.0580187 0.0187876 0.0166985 0.0291571 0.0218574 0.0495745 0.0400437 0.0418890 0.0192024 0.0104454 0.0053685 0.0175332 0.0263458 0.0530783 0.0439643 0.0109763 0.0832052 0.0271533 0.1062881 0.1332043 0.0159953 0.0239826 0.0398568 0.2057226 0.0088518 0.0048471 0.0282154 0.0257321 0.0542440 0.0633127 0.0805765 0.0314591 0.0888244 0.0089728 
Perityle_ambrosiifolia_67_green            0.0536582 0.0402814 0.0582376 0.3493902 0.1076308 0.2382547 0.1917845 0.1592509 0.1592264 0.2257854 0.0358878 0.0326887 0.0251088 0.0000000 0.0129145 0.0403225 0.0241980 0.1854081 0.0688989 0.0328312 0.0153841 0.0232279 0.0755090 0.0056904 0.0056313 0.0248693 0.0268591 0.0384871 0.0610155 0.1914784 0.2550132 0.1846609 0.1910209 0.0691686 0.0033099 0.0360533 0.0528505 0.0269541 0.0407182 0.0409586 0.0929929 0.0134381 0.0588798 0.0210955 0.0491652 0.0617127 0.0189135 0.1682959 0.0231686 0.0269342 0.0579759 0.0058024 0.0251806 0.0074367 0.0196844 0.0154397 0.0365926 0.0455936 0.0296956 0.0268483 0.0214208 0.0115692 0.0385546 0.0534146 0.0491177 0.0218130 0.0647408 0.0259115 0.0793647 0.0629351 0.0243134 0.0384435 0.0083413 0.1844606 0.0230135 0.0232402 0.0074844 0.0229773 0.0612478 0.0595633 0.0631642 0.0348746 0.0962793 0.0288321 
Perityle_angustifolia_13_Eagle_creek       0.0165338 0.0065335 0.0456371 0.2602556 0.0756680 0.1160518 0.1592049 0.1417762 0.1152608 0.0550932 0.0238281 0.0031881 0.0064776 0.0129145 0.0000000 0.0292453 0.0000010 0.1396753 0.0261733 0.0097770 0.0000010 0.0032835 0.0238013 0.0032395 0.0128220 0.0032202 0.0162708 0.0230572 0.0260024 0.1406383 0.1387788 0.1426143 0.1363091 0.0300520 0.0035703 0.0136174 0.0229631 0.0000010 0.0134914 0.0260805 0.1017238 0.0095249 0.0327974 0.0000010 0.0297158 0.0332714 0.0063386 0.1005164 0.0032693 0.0032202 0.0301160 0.0000010 0.0064493 0.0063037 0.0134800 0.0000010 0.0189879 0.0266631 0.0164755 0.0097222 0.0000010 0.0059521 0.0193521 0.0285270 0.0305299 0.0032470 0.0291690 0.0129614 0.0438095 0.0141206 0.0000010 0.0096223 0.0000010 0.1378621 0.0032411 0.0032802 0.0063211 0.0151577 0.0400668 0.0323621 0.0371557 0.0032198 0.0391700 0.0032202 
Perityle_batopilensis_97                   0.2575535 0.1426523 0.0755976 0.4260981 0.1315337 0.2685933 0.2613452 0.2199478 0.2569157 0.3865309 0.0582545 0.0479028 0.0436067 0.0403225 0.0292453 0.0000000 0.0240129 0.2054817 0.0895424 0.0495582 0.0220722 0.0424850 0.0814268 0.0498865 0.0479111 0.0417245 0.0445013 0.0554488 0.0855963 0.2193237 0.2428622 0.2622550 0.2762510 0.1353807 0.0469634 0.0430810 0.0793700 0.0423893 0.0602394 0.0524383 0.2167781 0.0497362 0.0708622 0.0402762 0.0629159 0.0678935 0.0503840 0.2065168 0.0465210 0.0429400 0.0724947 0.0354435 0.0363207 0.0402256 0.0352608 0.2476510 0.0437771 0.0560448 0.0313262 0.0425129 0.0366767 0.0353385 0.0337077 0.0684335 0.0603028 0.0329538 0.0871369 0.0429238 0.1194693 0.2059705 0.0241261 0.0500951 0.0542945 0.2088228 0.0396637 0.0343789 0.0465274 0.0455786 0.0643672 0.0727512 0.0939876 0.0475340 0.1007354 0.0401604 
Perityle_bisetosa_9                        0.0080291 0.0078796 0.0360699 0.1687816 0.0365399 0.0930876 0.1101792 0.0672051 0.0959941 0.0123702 0.0252960 0.0118299 0.0079048 0.0241980 0.0000010 0.0240129 0.0000000 0.0930979 0.0158986 0.0079054 0.0000010 0.0079036 0.0000010 0.0202298 0.0283344 0.0078777 0.0198794 0.0199615 0.0241115 0.0996895 0.0974482 0.0927983 0.0970331 0.0162780 0.0161880 0.0041464 0.0241461 0.0000010 0.0123068 0.0238701 0.0000010 0.0202772 0.0279728 0.0078777 0.0240337 0.0238785 0.0242834 0.0123137 0.0079321 0.0078777 0.0281369 0.0202772 0.0039482 0.0241980 0.0201305 0.0325149 0.0092781 0.0241350 0.0119176 0.0078777 0.0078777 0.0116704 0.0123760 0.0206985 0.0080504 0.0000010 0.0239467 0.0159862 0.0284645 0.0171050 0.0000010 0.0000010 0.0221867 0.0924976 0.0079404 0.0080582 0.0241980 0.0246070 0.0319687 0.0281086 0.0322269 0.0039311 0.0199539 0.0078777 
Perityle_californica_76_positas            0.2967449 0.2652832 0.1969433 0.4268413 0.1917831 0.3341408 0.3122463 0.1663629 0.2611596 0.4456036 0.1974039 0.2080926 0.2059722 0.1854081 0.1396753 0.2054817 0.0930979 0.0000000 0.2017218 0.1937918 0.1936642 0.1872433 0.1459449 0.2084478 0.2029969 0.2125822 0.2047905 0.2067429 0.2362138 0.0840503 0.1309714 0.0163258 0.0536418 0.2294585 0.1682218 0.1568003 0.2103217 0.1995579 0.1947661 0.1950833 0.3848890 0.2011954 0.2072914 0.2012845 0.1998969 0.2113166 0.2161500 0.3021520 0.2035759 0.2095627 0.2154354 0.1904322 0.1926382 0.2064319 0.1765190 0.3839999 0.1504853 0.1812903 0.1621753 0.1876810 0.1962941 0.0352745 0.1010538 0.1747137 0.1864948 0.1785589 0.2337337 0.1803477 0.2154777 0.2315817 0.1325659 0.2121856 0.2108510 0.0805277 0.2017649 0.1760600 0.2019145 0.1296408 0.1959943 0.2128977 0.2197868 0.2216448 0.1800896 0.1884423 
Perityle_canescens_77                      0.1848013 0.0630689 0.1007525 0.4025556 0.1399859 0.2307558 0.2792235 0.2161491 0.2086033 0.2600880 0.0906758 0.0944252 0.0762948 0.0688989 0.0261733 0.0895424 0.0158986 0.2017218 0.0000000 0.0815416 0.0167565 0.0738919 0.0708276 0.0869871 0.0771231 0.0799137 0.0838160 0.0774485 0.1094104 0.2151108 0.2484731 0.2570784 0.2474909 0.0922788 0.0267201 0.0768879 0.0875826 0.0770564 0.1046968 0.0845528 0.1937476 0.0692474 0.0922798 0.0720707 0.0835212 0.1203774 0.0905783 0.1998791 0.0807400 0.0835900 0.0903854 0.0653479 0.0813282 0.0839779 0.0723564 0.0908298 0.0505174 0.0548920 0.0379396 0.0811302 0.0699840 0.0115692 0.0224150 0.0702768 0.0664784 0.0663208 0.1146693 0.0468897 0.1575219 0.1501436 0.0201199 0.0813232 0.0482428 0.2003708 0.0854375 0.0640114 0.0829395 0.0422242 0.0902647 0.1033426 0.0979553 0.0927629 0.0980501 0.0777710 
Perityle_castillonii_96                    0.1920801 0.0816130 0.0729065 0.4030814 0.1183379 0.2612721 0.2220679 0.2077717 0.2561708 0.3190848 0.0493515 0.0345604 0.0243518 0.0328312 0.0097770 0.0495582 0.0079054 0.1937918 0.0815416 0.0000000 0.0236084 0.0300369 0.0580244 0.0386390 0.0431888 0.0283486 0.0384655 0.0366324 0.0742491 0.2043155 0.2433576 0.2664133 0.2680047 0.1018760 0.0235626 0.0416364 0.0624589 0.0235945 0.0513263 0.0442371 0.1895366 0.0446048 0.0583468 0.0248347 0.0522563 0.0627529 0.0504309 0.1683594 0.0336791 0.0296062 0.0630349 0.0287282 0.0250757 0.0435158 0.0271012 0.1786511 0.0233334 0.0355501 0.0288787 0.0276098 0.0255746 0.0057581 0.0111796 0.0460581 0.0412946 0.0105585 0.0754959 0.0208527 0.1054669 0.1801028 0.0119285 0.0332288 0.0375351 0.1978044 0.0308743 0.0195655 0.0418386 0.0289983 0.0560656 0.0748586 0.0879382 0.0331608 0.0724142 0.0219185 
Perityle_cernua_84                         0.1906400 0.1625371 0.0530315 0.4294206 0.0749936 0.1689589 0.3020779 0.1643155 0.2597426 0.3321722 0.0314171 0.0136812 0.0097831 0.0153841 0.0000010 0.0220722 0.0000010 0.1936642 0.0167565 0.0236084 0.0000000 0.0106437 0.0708898 0.0329102 0.0275867 0.0138968 0.0281336 0.0260468 0.0407063 0.1853934 0.1499743 0.1941138 0.2107918 0.0753510 0.0380524 0.0037627 0.0496830 0.0077948 0.0388026 0.0231761 0.4097800 0.0387039 0.0452709 0.0121224 0.0392553 0.0405748 0.0366371 0.2092786 0.0221336 0.0179281 0.0495127 0.0255278 0.0039472 0.0309090 0.0103221 0.2538977 0.0420465 0.0128861 0.0153381 0.0129909 0.0147441 0.0065773 0.0000010 0.0537067 0.0408339 0.0000010 0.0400722 0.0257418 0.0428504 0.0731941 0.0040291 0.0102412 0.0251044 0.1779642 0.0159500 0.0035769 0.0351659 0.0343336 0.0332005 0.0539671 0.0206576 0.0097670 0.0632186 0.0032933 
Perityle_cfvillosa_25_tin                  0.1744597 0.0510678 0.0550518 0.4134375 0.1119945 0.2493675 0.1998401 0.2078880 0.2430522 0.3128210 0.0478866 0.0284335 0.0077758 0.0232279 0.0032835 0.0424850 0.0079036 0.1872433 0.0738919 0.0300369 0.0106437 0.0000000 0.0659861 0.0350890 0.0319795 0.0093225 0.0368482 0.0362581 0.0779404 0.1977517 0.2396114 0.2424926 0.2440495 0.1024584 0.0155049 0.0329557 0.0544029 0.0190302 0.0476873 0.0385524 0.1493639 0.0367448 0.0586164 0.0053335 0.0517430 0.0612014 0.0407576 0.1569427 0.0107641 0.0107223 0.0577543 0.0245623 0.0150831 0.0362645 0.0207470 0.1447415 0.0330335 0.0425908 0.0217881 0.0091004 0.0015241 0.0174442 0.0268623 0.0466394 0.0443091 0.0096387 0.0791396 0.0174951 0.0935755 0.1525275 0.0119509 0.0242733 0.0331241 0.1879112 0.0093481 0.0032389 0.0321917 0.0293017 0.0503951 0.0690982 0.0709146 0.0175536 0.0802210 0.0076592 
Perityle_cinerea_113_Powell1310            0.0629578 0.0229991 0.0928885 0.2569051 0.0939504 0.2029350 0.1820029 0.1481309 0.1362752 0.0893535 0.0808530 0.0657953 0.0628304 0.0755090 0.0238013 0.0814268 0.0000010 0.1459449 0.0708276 0.0580244 0.0708898 0.0659861 0.0000000 0.0859158 0.0858069 0.0657869 0.0735088 0.0340961 0.0666514 0.1480164 0.1469071 0.1452335 0.1396482 0.0609030 0.0747520 0.0618651 0.0667839 0.0662562 0.0611546 0.0742221 0.0829119 0.0937293 0.0775136 0.0621975 0.0694812 0.0703942 0.0778709 0.1015095 0.0664230 0.0657869 0.0702215 0.0822274 0.0622642 0.0817946 0.0662247 0.0900657 0.0325131 0.0382789 0.0713836 0.0625866 0.0657869 0.0058605 0.0000010 0.0257893 0.0118451 0.0527651 0.0699263 0.0669643 0.0748186 0.0670647 0.0447124 0.0622642 0.1109875 0.1374490 0.0662716 0.0633830 0.0788663 0.0255344 0.0810179 0.0815669 0.0393451 0.0624354 0.0635196 0.0625866 
Perityle_coahuilensis_24                   0.2680820 0.1728460 0.0660429 0.4018352 0.1304188 0.2477188 0.3085491 0.2292642 0.2755662 0.4231312 0.0572832 0.0494531 0.0387974 0.0056904 0.0032395 0.0498865 0.0202298 0.2084478 0.0869871 0.0386390 0.0329102 0.0350890 0.0859158 0.0000000 0.0114526 0.0422731 0.0510455 0.0697573 0.0761262 0.2040319 0.2450020 0.2516122 0.2793024 0.1118823 0.0358024 0.0390451 0.0865043 0.0379634 0.0628546 0.0415320 0.2415768 0.0065340 0.0743133 0.0365661 0.0616257 0.0957224 0.0343990 0.1982666 0.0440033 0.0433255 0.0721225 0.0118206 0.0507034 0.0182310 0.0413693 0.3010391 0.0523153 0.0477866 0.0272095 0.0317098 0.0342287 0.0057858 0.0231467 0.0734905 0.0538695 0.0329584 0.0811565 0.0360577 0.1430703 0.2130548 0.0202789 0.0442300 0.0000010 0.1967357 0.0439642 0.0252989 0.0206132 0.0196677 0.0660345 0.0917868 0.0503177 0.0513509 0.0739564 0.0306083 
Perityle_cochisensis_44_cave_creek         0.1753425 0.1179157 0.0625816 0.4108195 0.1173341 0.2424607 0.2488811 0.2039273 0.2591186 0.3232904 0.0472069 0.0366016 0.0336556 0.0056313 0.0128220 0.0479111 0.0283344 0.2029969 0.0771231 0.0431888 0.0275867 0.0319795 0.0858069 0.0114526 0.0000000 0.0360874 0.0311700 0.0445944 0.0738261 0.2135744 0.2538901 0.2210519 0.2323765 0.1006762 0.0273775 0.0389323 0.0644673 0.0314840 0.0565769 0.0431497 0.2454858 0.0190062 0.0666541 0.0312776 0.0601066 0.0689614 0.0297000 0.2000419 0.0377492 0.0388657 0.0729237 0.0078643 0.0251526 0.0102233 0.0242128 0.2036995 0.0409079 0.0472854 0.0295958 0.0301245 0.0301448 0.0174440 0.0382252 0.0665147 0.0590991 0.0174482 0.0721912 0.0358364 0.0856068 0.1195052 0.0284711 0.0431384 0.0115709 0.2072267 0.0348757 0.0229440 0.0120272 0.0228750 0.0548280 0.0739850 0.0562760 0.0443152 0.0953718 0.0271288 
Perityle_congesta_202                      0.2550987 0.1640891 0.0601082 0.4122014 0.1242770 0.2486294 0.2982123 0.2340857 0.2650293 0.4190843 0.0508731 0.0389818 0.0087896 0.0248693 0.0032202 0.0417245 0.0078777 0.2125822 0.0799137 0.0283486 0.0138968 0.0093225 0.0657869 0.0422731 0.0360874 0.0000000 0.0351685 0.0437345 0.0712463 0.2244479 0.2439345 0.2574292 0.2840177 0.1126624 0.0384570 0.0361580 0.0692711 0.0247623 0.0530520 0.0400042 0.2326589 0.0425668 0.0652405 0.0059425 0.0537184 0.0702112 0.0437267 0.1952541 0.0148815 0.0134896 0.0579779 0.0262808 0.0212462 0.0316902 0.0252663 0.2870050 0.0494575 0.0421561 0.0190887 0.0100918 0.0079932 0.0174442 0.0262595 0.0623156 0.0407656 0.0221501 0.0750365 0.0304377 0.1362680 0.2088347 0.0119114 0.0263990 0.0458909 0.2221988 0.0125540 0.0031971 0.0312595 0.0255450 0.0567665 0.0680519 0.0767555 0.0395163 0.0852914 0.0079614 
Perityle_cordifolia_27                     0.2522338 0.1686148 0.0690492 0.4252940 0.1217786 0.2555907 0.3015371 0.2190550 0.2701376 0.4311395 0.0505193 0.0536284 0.0333300 0.0268591 0.0162708 0.0445013 0.0198794 0.2047905 0.0838160 0.0384655 0.0281336 0.0368482 0.0735088 0.0510455 0.0311700 0.0351685 0.0000000 0.0524235 0.0737835 0.2048856 0.2354796 0.2535285 0.2781780 0.1075676 0.0416832 0.0414570 0.0723733 0.0401824 0.0592600 0.0384691 0.2175695 0.0376627 0.0631084 0.0304962 0.0576706 0.0727180 0.0450808 0.1960775 0.0353844 0.0340004 0.0640992 0.0330809 0.0421168 0.0400689 0.0210282 0.2982079 0.0498448 0.0475253 0.0240029 0.0295760 0.0300228 0.0232976 0.0262996 0.0673118 0.0492516 0.0271488 0.0789994 0.0181559 0.1429898 0.1992552 0.0199716 0.0477164 0.0404721 0.1958883 0.0420743 0.0277298 0.0442341 0.0355461 0.0610756 0.0839609 0.0802456 0.0481591 0.0854033 0.0311392 
Perityle_cordifolia_68_tecolote            0.2113580 0.1836794 0.0633527 0.3852657 0.1265554 0.2217584 0.2879035 0.2009273 0.2735333 0.3787569 0.0570123 0.0491658 0.0368769 0.0384871 0.0230572 0.0554488 0.0199615 0.2067429 0.0774485 0.0366324 0.0260468 0.0362581 0.0340961 0.0697573 0.0445944 0.0437345 0.0524235 0.0000000 0.0766808 0.2000756 0.2416753 0.2116518 0.2301183 0.0965746 0.0447787 0.0427305 0.0800773 0.0429220 0.0708946 0.0486543 0.2957710 0.0507557 0.0673010 0.0400701 0.0609127 0.0899572 0.0593283 0.1914759 0.0450854 0.0449253 0.0758484 0.0419381 0.0502390 0.0513275 0.0343669 0.3446854 0.0598182 0.0044830 0.0354796 0.0400758 0.0417286 0.0175289 0.0303774 0.0729454 0.0481768 0.0254764 0.0774288 0.0445475 0.1066255 0.1396157 0.0203833 0.0451670 0.0432943 0.1970407 0.0464554 0.0293488 0.0558032 0.0492933 0.0680409 0.0980110 0.0955878 0.0562441 0.0821895 0.0352397 
Perityle_coronopifolia_28_patagonia        0.2455095 0.1545842 0.1110120 0.4012486 0.1568246 0.2849700 0.2917223 0.2119828 0.2745322 0.3791134 0.0812477 0.0807503 0.0818848 0.0610155 0.0260024 0.0855963 0.0241115 0.2362138 0.1094104 0.0742491 0.0407063 0.0779404 0.0666514 0.0761262 0.0738261 0.0712463 0.0737835 0.0766808 0.0000000 0.2361659 0.2471652 0.2817944 0.3027880 0.1256810 0.0592905 0.0797863 0.0974602 0.0695380 0.0873106 0.0777245 0.2543038 0.0548622 0.0937154 0.0682780 0.0907140 0.0934841 0.0837353 0.2071204 0.0767443 0.0713863 0.0963180 0.0669372 0.0655503 0.0782761 0.0694105 0.2526881 0.0514370 0.0598573 0.0516331 0.0780254 0.0578632 0.0000010 0.0186779 0.1087484 0.0726963 0.0655609 0.0121442 0.0538241 0.1514517 0.2191537 0.0324862 0.0823926 0.0536335 0.2218801 0.0702097 0.0744819 0.0868344 0.0388998 0.0863816 0.0948800 0.1019598 0.0752323 0.0627685 0.0743010 
Perityle_crassifolia_70_ventanas           0.1966861 0.1653766 0.2001955 0.4322747 0.2028914 0.3368682 0.2591470 0.1627909 0.2246965 0.3316978 0.1999425 0.2163194 0.2117051 0.1914784 0.1406383 0.2193237 0.0996895 0.0840503 0.2151108 0.2043155 0.1853934 0.1977517 0.1480164 0.2040319 0.2135744 0.2244479 0.2048856 0.2000756 0.2361659 0.0000000 0.0816358 0.0779587 0.0823431 0.2064948 0.1571475 0.1535884 0.2122353 0.1998979 0.1871505 0.2084170 0.3048908 0.1996414 0.2125053 0.2127401 0.2091167 0.2100168 0.2262169 0.2537728 0.2123767 0.2162369 0.2154117 0.1984176 0.2008737 0.2117328 0.1848226 0.2225713 0.1217436 0.1741279 0.1576044 0.1967003 0.2006293 0.0535167 0.1202200 0.1674400 0.1765196 0.1892781 0.2307366 0.1770154 0.2067117 0.1901437 0.1249236 0.2223798 0.2002862 0.0275222 0.2081217 0.1841115 0.1997690 0.1312405 0.2005693 0.1999151 0.2078239 0.2275436 0.1895113 0.1976664 
Perityle_crassifolia_74_playa_balandra     0.2438651 0.1731003 0.2518451 0.4265722 0.2356881 0.3193450 0.2921585 0.1638495 0.2335986 0.3319882 0.2274107 0.2524638 0.2475063 0.2550132 0.1387788 0.2428622 0.0974482 0.1309714 0.2484731 0.2433576 0.1499743 0.2396114 0.1469071 0.2450020 0.2538901 0.2439345 0.2354796 0.2416753 0.2471652 0.0816358 0.0000000 0.1311677 0.1324254 0.2049196 0.1409901 0.1894005 0.2372552 0.2387866 0.2367860 0.2524739 0.2769874 0.1783312 0.2455396 0.2393571 0.2398869 0.2597741 0.2610345 0.2701978 0.2408738 0.2448852 0.2461004 0.2309769 0.2425085 0.2526365 0.2279111 0.1539444 0.1006397 0.1512471 0.1646045 0.2440681 0.2426825 0.0539688 0.1091423 0.2156934 0.1784356 0.2407640 0.2510320 0.1689509 0.2458577 0.2149134 0.1318201 0.2573956 0.1671826 0.0496740 0.2422512 0.2387325 0.2458629 0.1249704 0.2458095 0.2407760 0.2407551 0.2534509 0.1901646 0.2472455 
Perityle_cuneata_34_cuneata_San_antonio    0.3937431 0.2921263 0.2950535 0.4349501 0.2537461 0.3448232 0.3774566 0.2211169 0.3190570 0.5569280 0.2378026 0.2568866 0.2633641 0.1846609 0.1426143 0.2622550 0.0927983 0.0163258 0.2570784 0.2664133 0.1941138 0.2424926 0.1452335 0.2516122 0.2210519 0.2574292 0.2535285 0.2116518 0.2817944 0.0779587 0.1311677 0.0000000 0.0655519 0.2487982 0.1671319 0.2180589 0.2553261 0.2563740 0.2419304 0.1942491 0.4827173 0.1996541 0.2540222 0.2625371 0.2554083 0.2693498 0.2812296 0.2986273 0.2488343 0.2534116 0.2708737 0.2009147 0.2439423 0.2543663 0.2558395 0.4209033 0.1576905 0.1801816 0.1611659 0.2627600 0.1900831 0.0352745 0.1131130 0.2018913 0.1847330 0.2560675 0.2795786 0.1790208 0.2589359 0.3612897 0.1318416 0.2739709 0.2093176 0.0713928 0.2488940 0.2223440 0.2465145 0.1321808 0.1971197 0.2640878 0.2214072 0.2664188 0.1856415 0.2640589 
Perityle_cuneata_4                         0.3973661 0.2923850 0.3013078 0.4329036 0.2549619 0.3432261 0.3593407 0.1898804 0.3088870 0.5055232 0.2617491 0.2816811 0.2656639 0.1910209 0.1363091 0.2762510 0.0970331 0.0536418 0.2474909 0.2680047 0.2107918 0.2440495 0.1396482 0.2793024 0.2323765 0.2840177 0.2781780 0.2301183 0.3027880 0.0823431 0.1324254 0.0655519 0.0000000 0.2743087 0.1711935 0.2170744 0.2818640 0.2664758 0.2674847 0.2039754 0.4409418 0.2220062 0.2789799 0.2723856 0.2638659 0.2905390 0.2932818 0.3003535 0.2742827 0.2808908 0.2816831 0.2127674 0.2679214 0.2790167 0.2479929 0.4231874 0.1950392 0.1722856 0.1509755 0.2611751 0.2158828 0.0549407 0.1092388 0.2134503 0.1790373 0.2622393 0.2967019 0.1785630 0.2781737 0.3758061 0.1298307 0.2752484 0.2024985 0.0682841 0.2741700 0.2212864 0.2773984 0.1233999 0.2211488 0.2910243 0.2215347 0.2886938 0.1843074 0.2643157 
Perityle_discoidea_81                      0.1864354 0.1279564 0.1267261 0.3709363 0.1582286 0.2259392 0.3158306 0.1838305 0.2224717 0.2793677 0.1121014 0.1163560 0.0978284 0.0691686 0.0300520 0.1353807 0.0162780 0.2294585 0.0922788 0.1018760 0.0753510 0.1024584 0.0609030 0.1118823 0.1006762 0.1126624 0.1075676 0.0965746 0.1256810 0.2064948 0.2049196 0.2487982 0.2743087 0.0000000 0.0755963 0.0726006 0.1284294 0.1187503 0.1080169 0.0849425 0.3390111 0.0850349 0.1247481 0.1145493 0.1332815 0.1177457 0.1247865 0.1784335 0.1044096 0.1068828 0.1371927 0.0910657 0.1045797 0.1090192 0.0834252 0.2442635 0.0801294 0.0591971 0.0382049 0.0986898 0.0877146 0.0060309 0.0265211 0.1181396 0.0615051 0.0835905 0.1315558 0.0709214 0.1323997 0.1145775 0.0251557 0.1347806 0.0583180 0.1992102 0.1112991 0.0934850 0.1087759 0.0455331 0.1129212 0.1268993 0.1137417 0.1313417 0.0758163 0.0966165 
Perityle_dissecta_201                      0.0692532 0.0499553 0.0562266 0.3375084 0.0664661 0.1713127 0.2359366 0.1557684 0.1200411 0.1522974 0.0455145 0.0474114 0.0232447 0.0033099 0.0035703 0.0469634 0.0161880 0.1682218 0.0267201 0.0235626 0.0380524 0.0155049 0.0747520 0.0358024 0.0273775 0.0384570 0.0416832 0.0447787 0.0592905 0.1571475 0.1409901 0.1671319 0.1711935 0.0755963 0.0000000 0.0099194 0.0448749 0.0391884 0.0439646 0.0323965 0.2509222 0.0417164 0.0499300 0.0357394 0.0444189 0.0491901 0.0329295 0.1661988 0.0388617 0.0384570 0.0505737 0.0248122 0.0358945 0.0303525 0.0154781 0.0560648 0.0590369 0.0289714 0.0201069 0.0176097 0.0379393 0.0115692 0.0124954 0.0428674 0.0464437 0.0060585 0.0590074 0.0258076 0.0657302 0.0226506 0.0164727 0.0417396 0.0144611 0.1410365 0.0358026 0.0094874 0.0250982 0.0203391 0.0673650 0.0558628 0.0118398 0.0471607 0.0545869 0.0087938 
Perityle_emoryi_47_punta_san_jose          0.1439183 0.0339931 0.0554464 0.3485831 0.1046641 0.2286123 0.1964528 0.1791590 0.1594630 0.2669307 0.0407298 0.0502478 0.0382243 0.0360533 0.0136174 0.0430810 0.0041464 0.1568003 0.0768879 0.0416364 0.0037627 0.0329557 0.0618651 0.0390451 0.0389323 0.0361580 0.0414570 0.0427305 0.0797863 0.1535884 0.1894005 0.2180589 0.2170744 0.0726006 0.0099194 0.0000000 0.0489970 0.0312835 0.0480326 0.0525800 0.0981930 0.0280396 0.0469715 0.0310171 0.0473917 0.0643306 0.0458922 0.1577976 0.0365444 0.0362384 0.0567999 0.0275787 0.0276514 0.0384625 0.0336450 0.0219127 0.0189842 0.0330442 0.0259956 0.0361864 0.0284406 0.0060628 0.0197275 0.0334386 0.0476380 0.0304050 0.0754301 0.0187088 0.0976020 0.1225006 0.0042176 0.0396375 0.0168120 0.1458956 0.0344788 0.0307719 0.0392918 0.0283638 0.0454222 0.0493829 0.0553170 0.0415946 0.0807260 0.0379335 
Perityle_feddemae_99                       0.2832113 0.1770892 0.0801608 0.4132118 0.1375137 0.2474560 0.3119687 0.2188194 0.2725758 0.4433329 0.0801014 0.0824582 0.0524738 0.0528505 0.0229631 0.0793700 0.0241461 0.2103217 0.0875826 0.0624589 0.0496830 0.0544029 0.0667839 0.0865043 0.0644673 0.0692711 0.0723733 0.0800773 0.0974602 0.2122353 0.2372552 0.2553261 0.2818640 0.1284294 0.0448749 0.0489970 0.0000000 0.0697144 0.0739932 0.0621437 0.2776855 0.0736686 0.0331876 0.0599840 0.0252292 0.0972723 0.0816040 0.1877516 0.0715511 0.0675162 0.0321640 0.0608376 0.0687555 0.0792250 0.0488705 0.3208565 0.0785561 0.0562714 0.0365404 0.0568948 0.0632961 0.0116638 0.0341081 0.0783147 0.0634776 0.0498577 0.0951872 0.0433746 0.1572945 0.2286822 0.0201158 0.0693234 0.0588466 0.2009295 0.0754593 0.0485605 0.0761131 0.0490907 0.0837146 0.1136220 0.0948660 0.0767157 0.0890353 0.0483071 
Perityle_fosteri_93                        0.2258369 0.1659046 0.0684241 0.3973066 0.1215707 0.2457499 0.2944799 0.2313553 0.2630582 0.3996025 0.0439644 0.0222797 0.0166473 0.0269541 0.0000010 0.0423893 0.0000010 0.1995579 0.0770564 0.0235945 0.0077948 0.0190302 0.0662562 0.0379634 0.0314840 0.0247623 0.0401824 0.0429220 0.0695380 0.1998979 0.2387866 0.2563740 0.2664758 0.1187503 0.0391884 0.0312835 0.0697144 0.0000000 0.0572715 0.0353127 0.2324376 0.0389016 0.0636648 0.0182474 0.0554944 0.0694125 0.0419085 0.1869121 0.0293750 0.0269852 0.0681503 0.0238758 0.0162131 0.0388143 0.0226470 0.2552104 0.0564574 0.0330885 0.0241513 0.0203652 0.0203875 0.0116318 0.0227306 0.0585187 0.0469039 0.0060354 0.0688505 0.0307284 0.1033145 0.1656235 0.0000010 0.0194059 0.0278728 0.1930569 0.0280808 0.0147100 0.0371997 0.0324972 0.0529728 0.0793065 0.0739749 0.0191635 0.0829119 0.0175737 
Perityle_gamon_221                         0.2368835 0.1589142 0.0748236 0.3701802 0.1238662 0.2738525 0.2970703 0.2492902 0.2557338 0.4210400 0.0636099 0.0602893 0.0470886 0.0407182 0.0134914 0.0602394 0.0123068 0.1947661 0.1046968 0.0513263 0.0388026 0.0476873 0.0611546 0.0628546 0.0565769 0.0530520 0.0592600 0.0708946 0.0873106 0.1871505 0.2367860 0.2419304 0.2674847 0.1080169 0.0439646 0.0480326 0.0739932 0.0572715 0.0000000 0.0487329 0.2619550 0.0519524 0.0706057 0.0512848 0.0654364 0.0125644 0.0676210 0.1853681 0.0534889 0.0531548 0.0703641 0.0456232 0.0454319 0.0596511 0.0480003 0.2762715 0.0549314 0.0526863 0.0280999 0.0479719 0.0396044 0.0180490 0.0193955 0.0683872 0.0528725 0.0362750 0.0854366 0.0321466 0.1189257 0.1722991 0.0248535 0.0561245 0.0483005 0.1699030 0.0519459 0.0423889 0.0588034 0.0238143 0.0653843 0.0839255 0.0833738 0.0594901 0.0790293 0.0484535 
Perityle_gentryi_8_san_francisco           0.0747717 0.0507330 0.0804976 0.3763083 0.1194392 0.2732006 0.2166835 0.1668614 0.1617827 0.2392028 0.0581142 0.0475902 0.0386604 0.0409586 0.0260805 0.0524383 0.0238701 0.1950833 0.0845528 0.0442371 0.0231761 0.0385524 0.0742221 0.0415320 0.0431497 0.0400042 0.0384691 0.0486543 0.0777245 0.2084170 0.2524739 0.1942491 0.2039754 0.0849425 0.0323965 0.0525800 0.0621437 0.0353127 0.0487329 0.0000000 0.1425008 0.0510031 0.0676535 0.0348144 0.0587363 0.0665749 0.0597281 0.1832853 0.0368547 0.0401520 0.0669008 0.0379369 0.0425431 0.0428355 0.0360797 0.0499868 0.0403605 0.0525287 0.0367180 0.0438410 0.0388255 0.0232976 0.0415008 0.0627816 0.0610880 0.0363240 0.0772400 0.0422993 0.0986652 0.0915796 0.0281922 0.0510670 0.0478233 0.2022884 0.0383446 0.0365592 0.0394194 0.0493070 0.0719653 0.0703592 0.0833166 0.0494002 0.0921921 0.0421938 
Perityle_gilensis_22_Superstition          0.3313222 0.2683705 0.1466782 0.4955139 0.2418706 0.3137405 0.3830527 0.2500692 0.3357195 0.5313324 0.2690822 0.2299178 0.1289175 0.0929929 0.1017238 0.2167781 0.0000010 0.3848890 0.1937476 0.1895366 0.4097800 0.1493639 0.0829119 0.2415768 0.2454858 0.2326589 0.2175695 0.2957710 0.2543038 0.3048908 0.2769874 0.4827173 0.4409418 0.3390111 0.2509222 0.0981930 0.2776855 0.2324376 0.2619550 0.1425008 0.0000000 0.3226286 0.2560271 0.1893490 0.2282006 0.2375416 0.2164308 0.2010491 0.2495228 0.2406043 0.2274835 0.2314936 0.2607779 0.2669248 0.0886998 0.5153540 0.3722566 0.1756385 0.1035615 0.0987391 0.2975436 0.0116872 0.0229103 0.0741554 0.1074447 0.0931460 0.2617035 0.1561539 0.3676580 0.2871888 0.1327207 0.2141619 0.3456609 0.2548506 0.2379823 0.0936903 0.2312229 0.0359245 0.3160195 0.2896955 0.1638889 0.2686189 0.1746981 0.1009479 
Perityle_gilensis_salensis_225             0.1681899 0.1713319 0.0622585 0.3669022 0.1158468 0.1972855 0.3284397 0.1773875 0.2762772 0.3216381 0.0491016 0.0447283 0.0394877 0.0134381 0.0095249 0.0497362 0.0202772 0.2011954 0.0692474 0.0446048 0.0387039 0.0367448 0.0937293 0.0065340 0.0190062 0.0425668 0.0376627 0.0507557 0.0548622 0.1996414 0.1783312 0.1996541 0.2220062 0.0850349 0.0417164 0.0280396 0.0736686 0.0389016 0.0519524 0.0510031 0.3226286 0.0000000 0.0690987 0.0373493 0.0638187 0.0682433 0.0322205 0.1433445 0.0471801 0.0454693 0.0769359 0.0120846 0.0285344 0.0158633 0.0212716 0.2620594 0.0515344 0.0497458 0.0319952 0.0352482 0.0338951 0.0057581 0.0263607 0.0695590 0.0559734 0.0215987 0.0553957 0.0423472 0.0730938 0.0694587 0.0285010 0.0491128 0.0116081 0.1924897 0.0387067 0.0242251 0.0206259 0.0194270 0.0604789 0.0799411 0.0527760 0.0508370 0.0883950 0.0294059 
Perityle_glaucescens_94                    0.2811731 0.1860323 0.0720023 0.4173943 0.1345726 0.2611331 0.3063795 0.2300212 0.2711245 0.4371343 0.0651565 0.0812917 0.0569686 0.0588798 0.0327974 0.0708622 0.0279728 0.2072914 0.0922798 0.0583468 0.0452709 0.0586164 0.0775136 0.0743133 0.0666541 0.0652405 0.0631084 0.0673010 0.0937154 0.2125053 0.2455396 0.2540222 0.2789799 0.1247481 0.0499300 0.0469715 0.0331876 0.0636648 0.0706057 0.0676535 0.2560271 0.0690987 0.0000000 0.0572886 0.0118624 0.0941428 0.0774527 0.1924830 0.0672580 0.0620640 0.0245124 0.0567621 0.0612857 0.0628913 0.0554307 0.3218960 0.0729194 0.0519202 0.0439055 0.0537846 0.0564965 0.0174980 0.0337786 0.0755794 0.0692572 0.0594809 0.0966790 0.0475151 0.1518985 0.2296846 0.0282661 0.0667535 0.0467438 0.2060979 0.0673797 0.0482697 0.0639494 0.0558839 0.0735206 0.0915052 0.1053242 0.0712941 0.0948496 0.0480741 
Perityle_gracilis_11                       0.2358358 0.1283632 0.0589229 0.4070758 0.1187616 0.2484260 0.2420942 0.2098005 0.2490322 0.3586251 0.0475681 0.0222262 0.0058786 0.0210955 0.0000010 0.0402762 0.0078777 0.2012845 0.0720707 0.0248347 0.0121224 0.0053335 0.0621975 0.0365661 0.0312776 0.0059425 0.0304962 0.0400701 0.0682780 0.2127401 0.2393571 0.2625371 0.2723856 0.1145493 0.0357394 0.0310171 0.0599840 0.0182474 0.0512848 0.0348144 0.1893490 0.0373493 0.0572886 0.0000000 0.0499348 0.0622088 0.0401657 0.1891034 0.0089833 0.0089385 0.0539104 0.0197294 0.0142535 0.0271771 0.0166769 0.2247290 0.0386556 0.0398583 0.0190887 0.0075801 0.0053494 0.0174442 0.0225054 0.0585745 0.0408576 0.0077795 0.0734641 0.0263798 0.1256982 0.1970897 0.0119114 0.0241677 0.0428937 0.2112195 0.0079528 0.0000010 0.0254896 0.0255450 0.0508440 0.0626798 0.0734050 0.0251431 0.0822316 0.0053152 
Perityle_harkerae_31                       0.2551331 0.1478940 0.0711116 0.4144907 0.1231195 0.2774633 0.2629923 0.2022350 0.2474949 0.3760511 0.0624796 0.0590056 0.0509104 0.0491652 0.0297158 0.0629159 0.0240337 0.1998969 0.0835212 0.0522563 0.0392553 0.0517430 0.0694812 0.0616257 0.0601066 0.0537184 0.0576706 0.0609127 0.0907140 0.2091167 0.2398869 0.2554083 0.2638659 0.1332815 0.0444189 0.0473917 0.0252292 0.0554944 0.0654364 0.0587363 0.2282006 0.0638187 0.0118624 0.0499348 0.0000000 0.0753413 0.0689644 0.1931165 0.0625005 0.0538130 0.0131219 0.0499664 0.0481619 0.0590199 0.0393654 0.2469371 0.0583440 0.0450481 0.0343354 0.0482219 0.0501314 0.0174344 0.0342517 0.0671876 0.0662239 0.0385669 0.0947095 0.0393377 0.1206378 0.2083037 0.0241431 0.0585983 0.0435099 0.2019768 0.0549448 0.0432934 0.0592272 0.0461988 0.0682757 0.0814460 0.0991977 0.0550197 0.0892737 0.0383473 
