83
Amauria_brandeegeana_62                    0.0000000 0.1565992 0.2360006 0.1542918 0.1603858 0.1689330 0.1485026 0.3885490 0.0904137 0.1881424 0.1516655 0.1477137 0.2461359 0.1958927 0.3467071 0.2301375 0.4565726 0.1729163 0.2620330 0.1565852 0.1673471 0.1929625 0.1625615 0.4731965 0.1533348 0.1633520 0.1641196 0.1629940 0.2037148 0.1293232 0.1920126 0.1810505 0.0132039 0.1792001 0.1534088 0.2476143 0.1920126 0.1544185 0.1366792 0.1625094 0.1607687 0.1512130 0.1391974 0.2106872 0.1477940 0.5646132 0.1385638 0.1676807 0.1583786 0.1619603 0.1501253 0.1488407 0.1596382 0.5413874 0.1712747 0.2029440 0.1810065 0.1622365 0.1616130 0.1354542 0.0625972 0.3963439 0.1624306 0.1458253 0.1632367 0.2079723 0.1791974 0.2062808 0.0900328 0.2542711 0.1613335 0.1959087 0.1525938 0.1317330 0.1460567 0.1767593 0.2206228 0.1906562 0.1760207 0.1536043 0.1886367 0.1603823 0.1458014 
Amauria_carterae_99_mesa                   0.1565992 0.0000000 0.1758362 0.1545700 0.1074033 0.1120471 0.1933882 0.2668518 0.0878970 0.1121720 0.1028472 0.0925175 0.1385791 0.0860416 0.0785309 0.1328827 0.1246026 0.1225541 0.1432182 0.1127126 0.1144044 0.0838214 0.1019133 0.0629436 0.1033153 0.1052327 0.1047022 0.1448720 0.1493367 0.1325700 0.1209695 0.1059960 0.1239514 0.0922500 0.1195611 0.1352835 0.1278468 0.1279447 0.0890176 0.1039131 0.1180407 0.0949946 0.1135176 0.1417665 0.0864264 0.0752697 0.0940119 0.1109172 0.1166488 0.0984983 0.1071430 0.0996548 0.0871925 0.0742458 0.1381960 0.1011931 0.0985162 0.1110691 0.1108864 0.1390825 0.0750953 0.1360326 0.1279914 0.0997878 0.1387678 0.0910550 0.1216239 0.1232480 0.1292018 0.1279193 0.1029912 0.1489750 0.0951727 0.1115121 0.0972408 0.1063595 0.1503456 0.2804360 0.1108373 0.1035145 0.1687135 0.1042623 0.0743057 
Amauria_rotundifolia_SRR9119150            0.2360006 0.1758362 0.0000000 0.1595893 0.1928242 0.1582297 0.3577929 0.4110255 0.2083827 0.2343372 0.1962703 0.2038367 0.1934021 0.2460220 0.3619658 0.1775859 0.3228298 0.2563333 0.2197487 0.1619073 0.2150082 0.1354570 0.2055370 0.2546813 0.2202928 0.2073436 0.2050808 0.2563757 0.2376574 0.1426538 0.2619349 0.2913003 0.2118421 0.2372909 0.2659132 0.2043188 0.2695820 0.2058334 0.1849822 0.2186104 0.2467180 0.2005767 0.2519399 0.2935311 0.1761840 0.2504988 0.1857431 0.2126302 0.2636742 0.2393895 0.2078300 0.2173372 0.2074968 0.2573222 0.3065419 0.2156874 0.2049554 0.2142457 0.2096235 0.2352270 0.0845202 0.3364317 0.2351743 0.1948953 0.2587928 0.2252506 0.2582262 0.2496540 0.1241761 0.1719777 0.2066063 0.2909470 0.2104178 0.1972223 0.1975373 0.2155965 0.2705385 0.2958860 0.2252966 0.2066501 0.2542461 0.2089833 0.1908678 
Conoclinium_coelestinum_SRR9119114         0.1542918 0.1545700 0.1595893 0.0000000 0.1424859 0.0654487 0.2011562 0.2239613 0.1302615 0.1593569 0.1350844 0.1377054 0.1374452 0.1618474 0.2015883 0.1366814 0.2890374 0.1796415 0.1455246 0.1356818 0.1514642 0.1234097 0.1488909 0.1856879 0.1441560 0.1385553 0.1427750 0.1842389 0.2165583 0.1765398 0.1592087 0.1411114 0.0986549 0.1396215 0.1720600 0.1382068 0.1932943 0.1552306 0.1345797 0.1434047 0.1704654 0.1427014 0.1600804 0.1858901 0.1349949 0.1703337 0.1313787 0.1521851 0.1685582 0.1526577 0.1423820 0.1363676 0.1206062 0.1799651 0.2099172 0.1779815 0.1346975 0.1471238 0.1480951 0.1879751 0.1479587 0.2922553 0.2088316 0.1345900 0.1782176 0.1204270 0.1740726 0.1313693 0.1726777 0.1353961 0.1464838 0.1785634 0.1414052 0.1504539 0.1382102 0.1575874 0.1639918 0.2279950 0.1444479 0.1384410 0.2301339 0.1472167 0.1007486 
Eutetras_palmeri_63                        0.1603858 0.1074033 0.1928242 0.1424859 0.0000000 0.1201857 0.2460282 0.3269244 0.1105236 0.1123829 0.1175201 0.1112796 0.1848020 0.1076528 0.1556402 0.1618030 0.2667057 0.1377646 0.1955546 0.0988928 0.1245523 0.0717751 0.1231771 0.0672164 0.1228721 0.1217899 0.1177182 0.1551390 0.1648800 0.1122906 0.1603974 0.1588382 0.1321792 0.1320466 0.1538094 0.1676909 0.1719225 0.1219675 0.0914535 0.1166415 0.1601027 0.1084636 0.1539652 0.1733878 0.1068977 0.1281983 0.0996346 0.1252443 0.1521487 0.1314915 0.1272585 0.1180781 0.1171632 0.0834466 0.1694619 0.1271776 0.1318797 0.1238593 0.1225246 0.1262751 0.0738542 0.2366228 0.1890866 0.1153584 0.1520176 0.1573131 0.1181243 0.0892193 0.0928036 0.1855237 0.1215272 0.1621793 0.1206662 0.1238323 0.1062068 0.1063116 0.1181169 0.2597078 0.1458290 0.1195423 0.1710563 0.1214151 0.0993539 
Eutrochium_fistulosum_SRR9119106           0.1689330 0.1120471 0.1582297 0.0654487 0.1201857 0.0000000 0.1509676 0.2261451 0.1175546 0.1379756 0.1267217 0.1333928 0.1160467 0.1454979 0.1852470 0.1309434 0.2454038 0.1497725 0.1279236 0.1133805 0.1496864 0.0913899 0.1449662 0.1624155 0.1421245 0.1412923 0.1588033 0.1678357 0.1480917 0.1302541 0.1536053 0.1233466 0.0618126 0.1393098 0.1695818 0.1301802 0.1855602 0.1393907 0.1227199 0.1399064 0.1615012 0.1223228 0.1417481 0.1928731 0.1309541 0.1468531 0.1260506 0.1501072 0.1476827 0.1321483 0.1273680 0.1310118 0.1151457 0.1495061 0.1871505 0.1312928 0.1043015 0.1346495 0.1438286 0.1659457 0.0824521 0.2129723 0.1646341 0.1444231 0.1794660 0.1170837 0.1606291 0.1192479 0.1200373 0.1145215 0.1426338 0.1468662 0.1404909 0.1485566 0.1153143 0.1177272 0.1567933 0.2806299 0.1393285 0.1341979 0.2019027 0.1425130 0.1126804 
Galeana_pratensis_104_mex                  0.1485026 0.1933882 0.3577929 0.2011562 0.2460282 0.1509676 0.0000000 0.3829640 0.2033877 0.3052885 0.2655438 0.2635880 0.3150619 0.1828368 0.4418168 0.2164749 0.2048671 0.1948433 0.2865648 0.2739957 0.2758002 0.1260861 0.2721273 0.6580533 0.3007881 0.2625882 0.2668624 0.3070700 0.1825889 0.1897710 0.2866851 0.2056461 0.1566527 0.2577686 0.2869442 0.2316905 0.2239946 0.2762500 0.2478863 0.2719647 0.3012646 0.1969985 0.2486793 0.3009568 0.2599882 0.5194334 0.2618472 0.2791955 0.2129282 0.2000398 0.2774736 0.2462706 0.2552931 0.5830973 0.2161622 0.1760485 0.2034365 0.2767137 0.2716687 0.1889046 0.1032445 0.2209862 0.1248606 0.2700927 0.2970056 0.2986317 0.2406556 0.2518171 0.1366626 0.3011324 0.2711051 0.2080039 0.2909410 0.2066748 0.2227168 0.1928854 0.2576657 0.2111121 0.2789462 0.2892056 0.2029413 0.2691392 0.2550776 
Helianthus_annuus_SRR9119062               0.3885490 0.2668518 0.4110255 0.2239613 0.3269244 0.2261451 0.3829640 0.0000000 0.3187645 0.3309656 0.3256687 0.3153884 0.3399391 0.3473662 0.4245963 0.3160117 0.3675375 0.3738355 0.3847965 0.3028697 0.3279194 0.3129248 0.3268013 0.2797052 0.3354082 0.3319446 0.3269830 0.3502564 0.3318559 0.2761154 0.4024759 0.3658878 0.3499439 0.3663661 0.3489349 0.3498355 0.3725691 0.3273302 0.2864118 0.3250678 0.3521952 0.2992680 0.3460629 0.3876747 0.3100895 0.3778213 0.3042470 0.3305966 0.3401006 0.3404868 0.3377375 0.3301117 0.3057425 0.3003639 0.3702780 0.3554955 0.3223727 0.3301249 0.3245800 0.3447182 0.2504887 0.4345152 0.3869353 0.3204266 0.3389298 0.3721042 0.3302862 0.3389443 0.3162172 0.3609803 0.3263826 0.3769762 0.3197238 0.2952954 0.3089501 0.3477754 0.3569213 0.4840610 0.3581153 0.3225435 0.3183705 0.3271401 0.3009871 
Lycapsus_tenuifolius_17                    0.0904137 0.0878970 0.2083827 0.1302615 0.1105236 0.1175546 0.2033877 0.3187645 0.0000000 0.1317528 0.1241252 0.1272446 0.1775837 0.1338588 0.1679375 0.1712690 0.2196843 0.1510044 0.2112506 0.0929964 0.1354371 0.0987008 0.1393907 0.1170583 0.1377919 0.1380154 0.1350604 0.1400991 0.0867942 0.0242265 0.1717105 0.1637778 0.0189867 0.2037320 0.1308992 0.1996192 0.1708078 0.1087960 0.1084297 0.1295204 0.1321737 0.1260575 0.1182503 0.2073876 0.1259030 0.1142578 0.1111644 0.1589457 0.1185032 0.1725265 0.1543989 0.1284813 0.1385393 0.1069859 0.1483179 0.1150602 0.1059738 0.1493503 0.1587206 0.1345141 0.0501678 0.2226096 0.1659667 0.1428967 0.1381682 0.1947631 0.1383508 0.1321915 0.0664073 0.1939680 0.1378933 0.0885622 0.1309809 0.1308836 0.1158782 0.1121508 0.1538865 0.2363289 0.1949354 0.1289120 0.1289818 0.1388823 0.1211723 
Pericome_caudata_50_silver                 0.1881424 0.1121720 0.2343372 0.1593569 0.1123829 0.1379756 0.3052885 0.3309656 0.1317528 0.0000000 0.1277635 0.1268911 0.1863673 0.1345806 0.1538123 0.1668140 0.2554610 0.1747796 0.2145811 0.1124298 0.1343244 0.1572766 0.1360275 0.1166802 0.1318402 0.1379763 0.1333050 0.1610216 0.1733655 0.1247290 0.1930107 0.1854441 0.1452290 0.1913797 0.1629288 0.1875144 0.1934555 0.1248660 0.1098986 0.1267170 0.1612184 0.1347148 0.1653811 0.2061686 0.1237486 0.1582279 0.1089380 0.1422027 0.1607252 0.1459663 0.1447096 0.1243026 0.1375583 0.1371010 0.1955445 0.1485137 0.1373546 0.1414499 0.1402769 0.1641354 0.1019094 0.2571841 0.1995220 0.1250323 0.1574678 0.1947779 0.1345312 0.0966224 0.1064046 0.2006315 0.1340167 0.1787890 0.1338673 0.1297040 0.1177782 0.1386407 0.1215191 0.2478742 0.1721058 0.1320468 0.1952415 0.1350537 0.1084283 
Perityle_aglossa_84_dead_horse             0.1516655 0.1028472 0.1962703 0.1350844 0.1175201 0.1267217 0.2655438 0.3256687 0.1241252 0.1277635 0.0000000 0.0426904 0.1320782 0.0475516 0.0801174 0.1176528 0.2580554 0.1662077 0.1671033 0.0540209 0.0547055 0.0732200 0.0471724 0.0421509 0.0573601 0.0483076 0.0535735 0.1451715 0.1525388 0.1142993 0.1894136 0.1770702 0.1361484 0.1163683 0.1606337 0.1308719 0.1665475 0.0598011 0.0262270 0.0489917 0.1570986 0.0649431 0.1414628 0.1858907 0.0451865 0.1246771 0.0352205 0.0630083 0.1477101 0.0646229 0.0640024 0.0470594 0.0506491 0.0659290 0.1700651 0.0655811 0.0701284 0.0603014 0.0543920 0.1453575 0.0776388 0.2378936 0.1000454 0.0092257 0.1455774 0.1396089 0.1378104 0.1325215 0.0540544 0.1331998 0.0449948 0.1512809 0.0475061 0.0544237 0.0468534 0.0622458 0.1549394 0.2185028 0.1097852 0.0160034 0.1731550 0.0489082 0.0589604 
Perityle_ajoensis_204                      0.1477137 0.0925175 0.2038367 0.1377054 0.1112796 0.1333928 0.2635880 0.3153884 0.1272446 0.1268911 0.0426904 0.0000000 0.1140527 0.0514052 0.0797260 0.1088980 0.2534650 0.1619219 0.1445746 0.0376863 0.0443894 0.0618547 0.0466286 0.0253323 0.0373518 0.0524775 0.0706819 0.1384824 0.1510499 0.0990129 0.1836939 0.1613592 0.1169515 0.1360179 0.1649848 0.1273158 0.1793474 0.0467236 0.0127414 0.0345242 0.1575138 0.0440839 0.1409773 0.2100914 0.0404494 0.1203600 0.0164973 0.0477539 0.1436529 0.0492125 0.0497958 0.0349879 0.0478030 0.0531985 0.1684814 0.0516277 0.0584533 0.0406181 0.0419855 0.1533924 0.0581495 0.2404035 0.0787795 0.0626909 0.1399218 0.1245848 0.1327998 0.1306950 0.0366451 0.1226158 0.0432436 0.1540314 0.0445429 0.0417659 0.0338619 0.0407816 0.1549842 0.2217235 0.1016279 0.0480002 0.1716442 0.0299563 0.0635637 
Perityle_ambrosiifolia_67_green            0.2461359 0.1385791 0.1934021 0.1374452 0.1848020 0.1160467 0.3150619 0.3399391 0.1775837 0.1863673 0.1320782 0.1140527 0.0000000 0.1219882 0.1484461 0.0841078 0.2386344 0.2313431 0.1423314 0.0518177 0.1201079 0.0732969 0.1205547 0.0448683 0.1278654 0.1254599 0.1150128 0.2063455 0.1991118 0.1166850 0.2380450 0.2210806 0.2472787 0.2119855 0.2305832 0.1007960 0.2566152 0.1192461 0.0892747 0.1091602 0.2252494 0.1186713 0.2178502 0.2641701 0.0894769 0.1490985 0.0899769 0.1276020 0.2240035 0.1443476 0.1206319 0.1206104 0.1241594 0.0508136 0.2426755 0.1191700 0.1328548 0.1242364 0.1190799 0.2269057 0.0851768 0.2540574 0.2180533 0.1275367 0.2061574 0.1715436 0.1818006 0.1901754 0.0962313 0.0893047 0.1188810 0.2272399 0.1224932 0.1350597 0.1177267 0.0859629 0.2044921 0.2670146 0.1680500 0.1382461 0.2144785 0.1200771 0.1210566 
Perityle_angustifolia_13_Eagle_creek       0.1958927 0.0860416 0.2460220 0.1618474 0.1076528 0.1454979 0.1828368 0.3473662 0.1338588 0.1345806 0.0475516 0.0514052 0.1219882 0.0000000 0.0669947 0.1373103 0.1775461 0.1482388 0.1363641 0.0483866 0.0798925 0.0684407 0.0887309 0.0346125 0.0615639 0.0882296 0.1078208 0.1609016 0.1093434 0.0992228 0.1798470 0.1459055 0.1226257 0.1617255 0.1782954 0.1450754 0.1758961 0.0495960 0.0303468 0.0465941 0.1683704 0.0358025 0.1507455 0.2306299 0.0590695 0.1293609 0.0265674 0.0878361 0.1516574 0.0477986 0.0354813 0.0658638 0.0683275 0.0158477 0.1782593 0.0565197 0.0680016 0.0355273 0.0634126 0.1711314 0.0478721 0.1449576 0.0804142 0.0828931 0.1551189 0.1121435 0.1394277 0.1450659 0.0225566 0.1171241 0.0852100 0.1492155 0.0825152 0.0775890 0.0181242 0.0409406 0.1641883 0.3337912 0.1052073 0.0464078 0.1611099 0.0592914 0.0850635 
Perityle_batopilensis_97                   0.3467071 0.0785309 0.3619658 0.2015883 0.1556402 0.1852470 0.4418168 0.4245963 0.1679375 0.1538123 0.0801174 0.0797260 0.1484461 0.0669947 0.0000000 0.1481987 0.1598297 0.2097750 0.1665811 0.0454968 0.0902406 0.1299991 0.0865884 0.0598637 0.0805286 0.0894333 0.0932720 0.1967737 0.1255275 0.1286408 0.2484026 0.1741063 0.2796844 0.2375196 0.2187992 0.1663757 0.2318057 0.0437053 0.0477135 0.0733804 0.2278874 0.0747405 0.1945611 0.2574381 0.0680873 0.1371114 0.0616445 0.0914926 0.1888569 0.0821694 0.0762957 0.0694900 0.0895061 0.0616801 0.2348337 0.0757089 0.0672624 0.0854154 0.0849560 0.2480445 0.0000010 0.1707139 0.1281365 0.0808898 0.1940668 0.1853106 0.1611508 0.1807147 0.0000010 0.1686607 0.0852058 0.1938890 0.0796805 0.0751295 0.0538972 0.0856458 0.2041338 0.7142701 0.1545045 0.0823521 0.2140275 0.0840168 0.0915259 
Perityle_bisetosa_9                        0.2301375 0.1328827 0.1775859 0.1366814 0.1618030 0.1309434 0.2164749 0.3160117 0.1712690 0.1668140 0.1176528 0.1088980 0.0841078 0.1373103 0.1481987 0.0000000 0.2411469 0.2146773 0.1186522 0.0420434 0.1250422 0.0390378 0.1115904 0.0287935 0.1114032 0.1198417 0.1369360 0.1966587 0.1898676 0.1147620 0.2501401 0.2225049 0.2192308 0.1976910 0.2181977 0.0860861 0.2413832 0.1219632 0.0934600 0.1106015 0.2233368 0.1080655 0.1994637 0.2664172 0.0905494 0.1068569 0.0991047 0.1358567 0.1999360 0.1364991 0.1319844 0.1066289 0.1148721 0.0340655 0.2326254 0.1168014 0.1220833 0.1233497 0.1271131 0.2148042 0.0829302 0.2334213 0.2109437 0.1332530 0.1949437 0.2011164 0.1780517 0.1735721 0.0947849 0.0781295 0.1086944 0.2152389 0.1166051 0.1335164 0.1114452 0.0814398 0.2013378 0.2772221 0.1851982 0.1192360 0.2154764 0.1139545 0.1206584 
Perityle_californica_76_positas            0.4565726 0.1246026 0.3228298 0.2890374 0.2667057 0.2454038 0.2048671 0.3675375 0.2196843 0.2554610 0.2580554 0.2534650 0.2386344 0.1775461 0.1598297 0.2411469 0.0000000 0.2578702 0.2583688 0.2326567 0.2604713 0.1056187 0.2569071 0.1364722 0.2551163 0.2518781 0.2535301 0.2680446 0.2590441 0.2521584 0.2181945 0.2151289 0.4139754 0.2761247 0.2547450 0.2360806 0.2762437 0.2525423 0.2346933 0.2494360 0.2612766 0.2432139 0.2612219 0.2707854 0.2376945 0.1483276 0.2349847 0.2610479 0.2514278 0.2488668 0.2563261 0.2443939 0.2397932 0.1478483 0.2746486 0.1849212 0.2235166 0.2547798 0.2533714 0.3063001 0.2268775 0.2626420 0.2426737 0.2612056 0.2634083 0.2486610 0.2438962 0.2146343 0.2636107 0.2378307 0.2549623 0.2585028 0.2541319 0.2577121 0.2419547 0.2665911 0.2415976 0.5107942 0.2669335 0.2620015 0.2362509 0.2612189 0.1852381 
Perityle_canescens_77                      0.1729163 0.1225541 0.2563333 0.1796415 0.1377646 0.1497725 0.1948433 0.3738355 0.1510044 0.1747796 0.1662077 0.1619219 0.2313431 0.1482388 0.2097750 0.2146773 0.2578702 0.0000000 0.2390907 0.1445639 0.1656179 0.1492288 0.1690115 0.1414993 0.1759621 0.1681808 0.1573940 0.1748385 0.1784219 0.1293599 0.1811470 0.1877994 0.1576320 0.2365922 0.1675099 0.2313791 0.1421964 0.1531627 0.1279801 0.1711801 0.1684921 0.1507829 0.1654604 0.1588292 0.1521044 0.1473481 0.1373755 0.1760354 0.1667363 0.1715881 0.1740744 0.1671648 0.1644205 0.1710640 0.1776467 0.1683830 0.1606097 0.1743626 0.1675460 0.1032084 0.0395700 0.2058272 0.2051339 0.1651833 0.1639999 0.1899258 0.1628053 0.1675373 0.0902057 0.2061972 0.1700840 0.1928395 0.1656879 0.1653359 0.1424349 0.1417487 0.1886597 0.3073516 0.2047256 0.1676508 0.1503700 0.1693308 0.1270099 
Perityle_castillonii_96                    0.2620330 0.1432182 0.2197487 0.1455246 0.1955546 0.1279236 0.2865648 0.3847965 0.2112506 0.2145811 0.1671033 0.1445746 0.1423314 0.1363641 0.1665811 0.1186522 0.2583688 0.2390907 0.0000000 0.0825885 0.1534841 0.0796070 0.1500720 0.0395026 0.1516848 0.1635740 0.1402951 0.2418340 0.2036903 0.1254157 0.2605804 0.2564153 0.2801994 0.2652872 0.2483852 0.1207557 0.2677158 0.1275509 0.1065965 0.1492137 0.2505273 0.1349076 0.2469911 0.2867780 0.1155342 0.1370928 0.1125911 0.1651462 0.2459062 0.1755183 0.1582354 0.1474792 0.1653580 0.0649080 0.2506223 0.1325685 0.1400934 0.1688221 0.1545068 0.2338688 0.0955810 0.2514676 0.2341522 0.1616218 0.2360114 0.2430521 0.2131960 0.2167515 0.1115803 0.1031061 0.1486081 0.2508183 0.1406000 0.1625473 0.1387352 0.0967108 0.2350693 0.3000221 0.2149611 0.1656202 0.2295632 0.1478627 0.1530838 
Perityle_cernua_84                         0.1565852 0.1127126 0.1619073 0.1356818 0.0988928 0.1133805 0.2739957 0.3028697 0.0929964 0.1124298 0.0540209 0.0376863 0.0518177 0.0483866 0.0454968 0.0420434 0.2326567 0.1445639 0.0825885 0.0000000 0.0522496 0.0604831 0.0473310 0.0174886 0.0445921 0.0429592 0.0494214 0.1303903 0.1674894 0.1159896 0.1314743 0.1314179 0.1036377 0.1012399 0.1422566 0.0441238 0.1560903 0.0616712 0.0289068 0.0385330 0.1410955 0.0368863 0.1326888 0.1608786 0.0273489 0.1107335 0.0272113 0.0497977 0.1332401 0.0443730 0.0444549 0.0396111 0.0425300 0.0237309 0.1525142 0.0628203 0.0760751 0.0459247 0.0448853 0.1691862 0.0829051 0.2304083 0.1465595 0.0487736 0.1203564 0.0826777 0.1148277 0.1104765 0.0913337 0.0444978 0.0452008 0.1316994 0.0481545 0.0438921 0.0370829 0.0583084 0.1284497 0.2451784 0.0788800 0.0544975 0.1858400 0.0487044 0.0414975 
Perityle_cfvillosa_25_tin                  0.1673471 0.1144044 0.2150082 0.1514642 0.1245523 0.1496864 0.2758002 0.3279194 0.1354371 0.1343244 0.0547055 0.0443894 0.1201079 0.0798925 0.0902406 0.1250422 0.2604713 0.1656179 0.1534841 0.0522496 0.0000000 0.0882394 0.0744858 0.0400398 0.0650150 0.0818638 0.0891596 0.1452834 0.1613852 0.1157628 0.1926904 0.1660299 0.1252222 0.1546021 0.1739216 0.1449054 0.1868238 0.0646136 0.0183211 0.0554147 0.1589171 0.0304043 0.1502091 0.2203214 0.0578437 0.1425241 0.0213017 0.0354443 0.1541093 0.0301651 0.0262324 0.0668271 0.0663554 0.0564684 0.1878006 0.0734916 0.0753000 0.0078365 0.0109282 0.1749487 0.0854116 0.2533161 0.1057214 0.0834063 0.1506772 0.1261736 0.1436196 0.1355557 0.0638669 0.1211513 0.0714100 0.1683202 0.0574482 0.0425071 0.0186302 0.0291731 0.1594944 0.2178791 0.0857220 0.0600735 0.1790955 0.0453753 0.0920807 
Perityle_cinerea_113_Powell1310            0.1929625 0.0838214 0.1354570 0.1234097 0.0717751 0.0913899 0.1260861 0.3129248 0.0987008 0.1572766 0.0732200 0.0618547 0.0732969 0.0684407 0.1299991 0.0390378 0.1056187 0.1492288 0.0796070 0.0604831 0.0882394 0.0000000 0.0646380 0.0932373 0.0714112 0.0828525 0.0745279 0.1502815 0.0897683 0.0884838 0.1208913 0.1347601 0.0319658 0.1174589 0.1489438 0.0568886 0.1565223 0.0852611 0.0504124 0.0783786 0.1274159 0.0678664 0.1350806 0.1642248 0.0642320 0.1021930 0.0590422 0.0856069 0.1440808 0.0816796 0.0708886 0.0722368 0.0737758 0.1242801 0.1695172 0.0716408 0.0950660 0.0858380 0.0820182 0.1000630 0.0384761 0.1217464 0.0050167 0.0687994 0.1458436 0.0883784 0.1290125 0.1518087 0.0099753 0.0492115 0.0647749 0.1353985 0.0622130 0.0540597 0.0487934 0.0746079 0.1665567 0.2521925 0.0813324 0.0737146 0.1295780 0.0642586 0.0587358 
Perityle_coahuilensis_24                   0.1625615 0.1019133 0.2055370 0.1488909 0.1231771 0.1449662 0.2721273 0.3268013 0.1393907 0.1360275 0.0471724 0.0466286 0.1205547 0.0887309 0.0865884 0.1115904 0.2569071 0.1690115 0.1500720 0.0473310 0.0744858 0.0646380 0.0000000 0.0246949 0.0600992 0.0743304 0.0933448 0.1455948 0.1563880 0.1120341 0.2014805 0.1823641 0.1273630 0.1604954 0.1844379 0.1391177 0.1902946 0.0570980 0.0131889 0.0557371 0.1700016 0.0523965 0.1562503 0.2250696 0.0510917 0.1306399 0.0346747 0.0861091 0.1615772 0.0791323 0.0571518 0.0631069 0.0657388 0.0597967 0.1745246 0.0589913 0.0663804 0.0510215 0.0678080 0.1638302 0.0742825 0.2417542 0.0910700 0.0829219 0.1494441 0.1388739 0.1505202 0.1446604 0.0572526 0.1174403 0.0028756 0.1653842 0.0495804 0.0803245 0.0409189 0.0485882 0.1697330 0.2076414 0.1255040 0.0527527 0.1736115 0.0196779 0.0888688 
Perityle_cochisensis_44_cave_creek         0.4731965 0.0629436 0.2546813 0.1856879 0.0672164 0.1624155 0.6580533 0.2797052 0.1170583 0.1166802 0.0421509 0.0253323 0.0448683 0.0346125 0.0598637 0.0287935 0.1364722 0.1414993 0.0395026 0.0174886 0.0400398 0.0932373 0.0246949 0.0000000 0.0366300 0.0541529 0.0742623 0.1633312 0.1132139 0.1258221 0.2058742 0.1426844 0.2980177 0.1869798 0.1762061 0.0460092 0.1769780 0.0564290 0.0030207 0.0384134 0.1781239 0.0305443 0.1589378 0.2104640 0.0384770 0.1231032 0.0205513 0.0410082 0.1474304 0.0319902 0.0526245 0.0326778 0.0432135 0.0351003 0.1840537 0.0492018 0.0377853 0.0361961 0.0341304 0.2168062 9.0000000 0.1195016 9.0000000 0.0456889 0.1657150 0.1131317 0.1355652 0.1253749 9.0000000 0.0190300 0.0205445 0.1560741 0.0058201 0.0203594 0.0256190 0.0686506 0.1551900 0.7078991 0.1114807 0.0497111 0.2057129 0.0158970 0.0756334 
Perityle_congesta_202                      0.1533348 0.1033153 0.2202928 0.1441560 0.1228721 0.1421245 0.3007881 0.3354082 0.1377919 0.1318402 0.0573601 0.0373518 0.1278654 0.0615639 0.0805286 0.1114032 0.2551163 0.1759621 0.1516848 0.0445921 0.0650150 0.0714112 0.0600992 0.0366300 0.0000000 0.0661322 0.0788822 0.1541849 0.1551778 0.1065226 0.1934432 0.1873638 0.1306112 0.1282443 0.1640951 0.1434795 0.1886768 0.0522529 0.0303574 0.0359595 0.1622867 0.0475601 0.1462442 0.2291386 0.0530688 0.1232012 0.0112049 0.0771931 0.1464477 0.0662128 0.0585932 0.0252749 0.0597459 0.0558904 0.1787124 0.0499237 0.0666709 0.0595362 0.0651723 0.1656943 0.0704721 0.2476754 0.0855702 0.0759800 0.1513452 0.1460269 0.1364198 0.1406665 0.0478660 0.1356067 0.0567509 0.1623841 0.0510397 0.0745406 0.0386506 0.0375241 0.1633051 0.2264458 0.1146167 0.0573560 0.1764446 0.0555250 0.0829656 
Perityle_cordifolia_27                     0.1633520 0.1052327 0.2073436 0.1385553 0.1217899 0.1412923 0.2625882 0.3319446 0.1380154 0.1379763 0.0483076 0.0524775 0.1254599 0.0882296 0.0894333 0.1198417 0.2518781 0.1681808 0.1635740 0.0429592 0.0818638 0.0828525 0.0743304 0.0541529 0.0661322 0.0000000 0.0786921 0.1391964 0.1590117 0.1205171 0.1957529 0.1735397 0.1382690 0.1682249 0.1650863 0.1407859 0.1818658 0.0537698 0.0440836 0.0614440 0.1559280 0.0583761 0.1428805 0.2249130 0.0625747 0.1106447 0.0463217 0.0879486 0.1477098 0.0892205 0.0626650 0.0683829 0.0392389 0.0568867 0.1671284 0.0588261 0.0628479 0.0597384 0.0804450 0.1486251 0.0740993 0.2436201 0.0804400 0.0803106 0.1464786 0.1279176 0.1456591 0.1378634 0.0510223 0.1328997 0.0718751 0.1660148 0.0727661 0.0872263 0.0430844 0.0521593 0.1627337 0.2049452 0.1252859 0.0547198 0.1683643 0.0671496 0.0769204 
Perityle_cordifolia_68_tecolote            0.1641196 0.1047022 0.2050808 0.1427750 0.1177182 0.1588033 0.2668624 0.3269830 0.1350604 0.1333050 0.0535735 0.0706819 0.1150128 0.1078208 0.0932720 0.1369360 0.2535301 0.1573940 0.1402951 0.0494214 0.0891596 0.0745279 0.0933448 0.0742623 0.0788822 0.0786921 0.0000000 0.1419469 0.1573651 0.1079187 0.1966514 0.1580893 0.1181819 0.1621199 0.1779388 0.1560118 0.1832533 0.0540490 0.0467032 0.0716308 0.1608681 0.0494970 0.1446378 0.2301419 0.0612012 0.1381062 0.0492311 0.0909717 0.1552364 0.0774853 0.0440118 0.0783239 0.0767909 0.0692899 0.1791279 0.0116209 0.0622757 0.0512956 0.0798629 0.1712762 0.0751893 0.2417232 0.0958225 0.0818653 0.1487202 0.1259527 0.1496429 0.1451484 0.0581576 0.1133490 0.0911588 0.1864111 0.0943126 0.0937977 0.0357217 0.0576351 0.1682974 0.2127772 0.1200532 0.0643714 0.1739279 0.0749807 0.0984652 
Perityle_coronopifolia_28_patagonia        0.1629940 0.1448720 0.2563757 0.1842389 0.1551390 0.1678357 0.3070700 0.3502564 0.1400991 0.1610216 0.1451715 0.1384824 0.2063455 0.1609016 0.1967737 0.1966587 0.2680446 0.1748385 0.2418340 0.1303903 0.1452834 0.1502815 0.1455948 0.1633312 0.1541849 0.1391964 0.1419469 0.0000000 0.1900890 0.1315746 0.2093241 0.2001213 0.1483637 0.2033086 0.1727408 0.2200293 0.1900805 0.1477140 0.1129378 0.1439522 0.1655950 0.1528490 0.1661011 0.1997781 0.1439436 0.1468725 0.1261170 0.1617733 0.1604002 0.1728465 0.1621837 0.1460009 0.1378487 0.1854646 0.1497158 0.1824605 0.1592979 0.1576608 0.1530980 0.1552666 0.0887635 0.2418503 0.1848342 0.1380605 0.0139051 0.1901038 0.1678478 0.1567256 0.1136521 0.2140068 0.1394089 0.1804976 0.1469981 0.1568772 0.1462412 0.1518250 0.1863102 0.2322383 0.1921005 0.1491705 0.1367898 0.1476251 0.1241818 
Perityle_crassifolia_70_ventanas           0.2037148 0.1493367 0.2376574 0.2165583 0.1648800 0.1480917 0.1825889 0.3318559 0.0867942 0.1733655 0.1525388 0.1510499 0.1991118 0.1093434 0.1255275 0.1898676 0.2590441 0.1784219 0.2036903 0.1674894 0.1613852 0.0897683 0.1563880 0.1132139 0.1551778 0.1590117 0.1573651 0.1900890 0.0000000 0.0220475 0.1582246 0.1458568 0.1364422 0.1410297 0.1733181 0.1824636 0.1935170 0.1661845 0.1396994 0.1583140 0.1741713 0.1524306 0.1704486 0.1915307 0.1408876 0.1384206 0.1425929 0.1627925 0.1628897 0.1495904 0.1580797 0.1522449 0.1463819 0.1214979 0.1690020 0.1318662 0.1436749 0.1565966 0.1601700 0.1816225 0.1065746 0.2433041 0.1963362 0.1511912 0.1811128 0.1580724 0.1577338 0.1656022 0.1057940 0.1877038 0.1566071 0.0441593 0.1507680 0.1570456 0.1457347 0.1237244 0.1902706 0.3108960 0.1629462 0.1549718 0.1847995 0.1588136 0.0865745 
Perityle_crassifolia_74_playa_balandra     0.1293232 0.1325700 0.1426538 0.1765398 0.1122906 0.1302541 0.1897710 0.2761154 0.0242265 0.1247290 0.1142993 0.0990129 0.1166850 0.0992228 0.1286408 0.1147620 0.2521584 0.1293599 0.1254157 0.1159896 0.1157628 0.0884838 0.1120341 0.1258221 0.1065226 0.1205171 0.1079187 0.1315746 0.0220475 0.0000000 0.1233839 0.1151678 0.0276146 0.1013610 0.1371322 0.1061190 0.1409385 0.1230985 0.0928754 0.1098546 0.1356702 0.1003443 0.1301257 0.1497406 0.0988691 0.1201530 0.0958765 0.1155847 0.1306566 0.1053316 0.1073724 0.1073208 0.0919461 0.1385028 0.1318991 0.1176112 0.1143525 0.1127862 0.1134702 0.1307281 0.1067203 0.2040064 0.1725012 0.1128726 0.1270511 0.1157460 0.1146908 0.1105706 0.1094048 0.1072298 0.1129681 0.0159301 0.1037680 0.1113073 0.0972638 0.1072184 0.1418960 0.2455609 0.1050639 0.1149294 0.1741664 0.1107879 0.0202159 
Perityle_cuneata_34_cuneata_San_antonio    0.1920126 0.1209695 0.2619349 0.1592087 0.1603974 0.1536053 0.2866851 0.4024759 0.1717105 0.1930107 0.1894136 0.1836939 0.2380450 0.1798470 0.2484026 0.2501401 0.2181945 0.1811470 0.2605804 0.1314743 0.1926904 0.1208913 0.2014805 0.2058742 0.1934432 0.1957529 0.1966514 0.2093241 0.1582246 0.1233839 0.0000000 0.2136853 0.1894343 0.2467482 0.2146258 0.2676091 0.1908439 0.1428222 0.1536930 0.1862343 0.2183961 0.1555777 0.1964781 0.2105294 0.1912251 0.1852470 0.1537634 0.1994469 0.1939842 0.2113524 0.1919080 0.1807096 0.1971779 0.1879627 0.2028924 0.1644759 0.1424254 0.1950939 0.1916855 0.1615184 0.0739000 0.3030784 0.1901008 0.1921139 0.2129188 0.2170354 0.2044783 0.1947295 0.1129292 0.2406665 0.1969208 0.2050902 0.1920839 0.1593842 0.1582098 0.1847771 0.2200113 0.2881716 0.2236459 0.2001918 0.1718813 0.1919230 0.1792906 
Perityle_cuneata_4                         0.1810505 0.1059960 0.2913003 0.1411114 0.1588382 0.1233466 0.2056461 0.3658878 0.1637778 0.1854441 0.1770702 0.1613592 0.2210806 0.1459055 0.1741063 0.2225049 0.2151289 0.1877994 0.2564153 0.1314179 0.1660299 0.1347601 0.1823641 0.1426844 0.1873638 0.1735397 0.1580893 0.2001213 0.1458568 0.1151678 0.2136853 0.0000000 0.1897238 0.2798259 0.1434328 0.2373760 0.1915883 0.1447245 0.1329596 0.1704132 0.1493333 0.1684535 0.1375131 0.2247972 0.1552800 0.1182017 0.1521319 0.1933217 0.1339055 0.2010342 0.1937997 0.1761542 0.1793350 0.1431142 0.1674328 0.1612219 0.1291888 0.1942153 0.1859024 0.1586172 0.1037110 0.2641267 0.2145007 0.1705112 0.1891426 0.2223276 0.1807837 0.1901732 0.1474037 0.2654890 0.1818191 0.1889915 0.1721960 0.1638947 0.1543918 0.1608472 0.2063578 0.2764229 0.2448244 0.1770224 0.1722598 0.1808541 0.1557435 
Perityle_discoidea_81                      0.0132039 0.1239514 0.2118421 0.0986549 0.1321792 0.0618126 0.1566527 0.3499439 0.0189867 0.1452290 0.1361484 0.1169515 0.2472787 0.1226257 0.2796844 0.2192308 0.4139754 0.1576320 0.2801994 0.1036377 0.1252222 0.0319658 0.1273630 0.2980177 0.1306112 0.1382690 0.1181819 0.1483637 0.1364422 0.0276146 0.1894343 0.1897238 0.0000000 0.1665910 0.1297393 0.2782160 0.1875892 0.1040474 0.0953828 0.1287562 0.1294533 0.1377601 0.1210123 0.1995950 0.1140209 0.1382200 0.1020199 0.1471689 0.1186850 0.1523255 0.1433123 0.1224549 0.1359638 0.3366272 0.1435012 0.1304820 0.1199801 0.1535169 0.1409638 0.0980336 0.0503688 0.3430796 0.1657692 0.1331474 0.1479619 0.2166828 0.1491924 0.1552728 0.0665625 0.2745400 0.1277185 0.1303383 0.1186712 0.1371008 0.1242495 0.0957098 0.1782019 0.1324343 0.1778688 0.1335502 0.1325137 0.1258791 0.1186169 
Perityle_dissecta_201                      0.1792001 0.0922500 0.2372909 0.1396215 0.1320466 0.1393098 0.2577686 0.3663661 0.2037320 0.1913797 0.1163683 0.1360179 0.2119855 0.1617255 0.2375196 0.1976910 0.2761247 0.2365922 0.2652872 0.1012399 0.1546021 0.1174589 0.1604954 0.1869798 0.1282443 0.1682249 0.1621199 0.2033086 0.1410297 0.1013610 0.2467482 0.2798259 0.1665910 0.0000000 0.2264770 0.2304475 0.2317942 0.1115866 0.1022361 0.1427319 0.2058788 0.1257473 0.2175441 0.3032139 0.1575779 0.2979844 0.0891960 0.1694481 0.2081974 0.1741722 0.1522515 0.1222407 0.1546087 0.2080363 0.2500669 0.1364485 0.1194084 0.1558056 0.1551245 0.1684501 0.0445770 0.3252790 0.0820256 0.1403624 0.2083702 0.2033602 0.2043931 0.1951403 0.0213503 0.2323755 0.1566826 0.2286661 0.1579349 0.1177366 0.1197918 0.1725151 0.2177776 0.2582341 0.1742888 0.1241961 0.1632851 0.1539177 0.1730952 
Perityle_feddemae_99                       0.1534088 0.1195611 0.2659132 0.1720600 0.1538094 0.1695818 0.2869442 0.3489349 0.1308992 0.1629288 0.1606337 0.1649848 0.2305832 0.1782954 0.2187992 0.2181977 0.2547450 0.1675099 0.2483852 0.1422566 0.1739216 0.1489438 0.1844379 0.1762061 0.1640951 0.1650863 0.1779388 0.1727408 0.1733181 0.1371322 0.2146258 0.1434328 0.1297393 0.2264770 0.0000000 0.2549370 0.1765568 0.1503604 0.1400447 0.1661291 0.0359164 0.1502652 0.0181760 0.2031127 0.1636511 0.1599875 0.1429273 0.1868599 0.0278434 0.1822578 0.1704076 0.1552657 0.1684786 0.1513158 0.1269036 0.1732197 0.1343177 0.1665185 0.1771079 0.1772908 0.0936142 0.2264331 0.2090833 0.1857326 0.1673439 0.1910988 0.1841764 0.1627872 0.1392774 0.2349049 0.1781616 0.1835065 0.1789126 0.1743842 0.1461380 0.1594102 0.2127491 0.2698552 0.2229575 0.1728093 0.1599467 0.1756094 0.1444553 
Perityle_fosteri_93                        0.2476143 0.1352835 0.2043188 0.1382068 0.1676909 0.1301802 0.2316905 0.3498355 0.1996192 0.1875144 0.1308719 0.1273158 0.1007960 0.1450754 0.1663757 0.0860861 0.2360806 0.2313791 0.1207557 0.0441238 0.1449054 0.0568886 0.1391177 0.0460092 0.1434795 0.1407859 0.1560118 0.2200293 0.1824636 0.1061190 0.2676091 0.2373760 0.2782160 0.2304475 0.2549370 0.0000000 0.2545558 0.1128099 0.0912434 0.1393044 0.2571115 0.1092418 0.2327864 0.2948584 0.1046538 0.1026009 0.0983545 0.1669554 0.2306857 0.1581021 0.1506481 0.1405839 0.1386118 0.0430165 0.2417103 0.1197828 0.1316737 0.1419677 0.1531232 0.2211510 0.0833974 0.2398779 0.2177511 0.1607774 0.2148326 0.2038194 0.1995825 0.1964111 0.0849654 0.0753392 0.1385399 0.2237063 0.1290156 0.1637645 0.1179310 0.0774738 0.2197683 0.2972156 0.2175064 0.1369343 0.2069978 0.1305727 0.1368549 
Perityle_gamon_221                         0.1920126 0.1278468 0.2695820 0.1932943 0.1719225 0.1855602 0.2239946 0.3725691 0.1708078 0.1934555 0.1665475 0.1793474 0.2566152 0.1758961 0.2318057 0.2413832 0.2762437 0.1421964 0.2677158 0.1560903 0.1868238 0.1565223 0.1902946 0.1769780 0.1886768 0.1818658 0.1832533 0.1900805 0.1935170 0.1409385 0.1908439 0.1915883 0.1875892 0.2317942 0.1765568 0.2545558 0.0000000 0.1710457 0.1541886 0.1874316 0.1763731 0.1645545 0.1630261 0.0239162 0.1798294 0.1836043 0.1571646 0.1945821 0.1647920 0.2008753 0.1901880 0.1835556 0.1794658 0.1785954 0.1862244 0.1775826 0.1542931 0.1834480 0.1872744 0.1434516 0.0599839 0.2528123 0.2009471 0.1725295 0.1906645 0.1952700 0.1819843 0.1744001 0.1129459 0.2594715 0.1877689 0.2083183 0.1818343 0.1887114 0.1630026 0.1680350 0.2017880 0.2775437 0.2133888 0.1727228 0.1690043 0.1902581 0.1495922 
Perityle_gentryi_8_san_francisco           0.1544185 0.1279447 0.2058334 0.1552306 0.1219675 0.1393907 0.2762500 0.3273302 0.1087960 0.1248660 0.0598011 0.0467236 0.1192461 0.0495960 0.0437053 0.1219632 0.2525423 0.1531627 0.1275509 0.0616712 0.0646136 0.0852611 0.0570980 0.0564290 0.0522529 0.0537698 0.0540490 0.1477140 0.1661845 0.1230985 0.1428222 0.1447245 0.1040474 0.1115866 0.1503604 0.1128099 0.1710457 0.0000000 0.0355096 0.0485799 0.1515201 0.0583472 0.1455264 0.1700536 0.0490420 0.1516401 0.0360938 0.0607621 0.1464096 0.0563819 0.0548069 0.0465265 0.0499645 0.0707191 0.1597323 0.0719070 0.0809873 0.0580809 0.0572666 0.1733152 0.0812236 0.2518875 0.1007677 0.0591161 0.1427046 0.1076067 0.1250444 0.1235991 0.0574249 0.1213268 0.0552399 0.1492657 0.0537375 0.0522361 0.0416391 0.0570811 0.1435180 0.2297445 0.0842040 0.0613599 0.1840239 0.0569306 0.0481837 
Perityle_gilensis_22_Superstition          0.1366792 0.0890176 0.1849822 0.1345797 0.0914535 0.1227199 0.2478863 0.2864118 0.1084297 0.1098986 0.0262270 0.0127414 0.0892747 0.0303468 0.0477135 0.0934600 0.2346933 0.1279801 0.1065965 0.0289068 0.0183211 0.0504124 0.0131889 0.0030207 0.0303574 0.0440836 0.0467032 0.1129378 0.1396994 0.0928754 0.1536930 0.1329596 0.0953828 0.1022361 0.1400447 0.0912434 0.1541886 0.0355096 0.0000000 0.0196117 0.1399149 0.0180262 0.1209211 0.1765028 0.0317466 0.1011812 0.0117605 0.0157228 0.1239119 0.0062937 0.0153687 0.0237297 0.0379954 0.0261090 0.1464307 0.0366069 0.0493273 0.0116170 0.0120704 0.1412902 0.0653190 0.2226274 0.0778199 0.0383231 0.1118223 0.0938243 0.1152094 0.1116762 0.0458766 0.0904213 0.0107174 0.1340989 0.0203099 0.0146082 0.0035133 0.0179371 0.1355581 0.2087980 0.0616562 0.0296627 0.1638808 0.0074938 0.0521436 
Perityle_gilensis_salensis_225             0.1625094 0.1039131 0.2186104 0.1434047 0.1166415 0.1399064 0.2719647 0.3250678 0.1295204 0.1267170 0.0489917 0.0345242 0.1091602 0.0465941 0.0733804 0.1106015 0.2494360 0.1711801 0.1492137 0.0385330 0.0554147 0.0783786 0.0557371 0.0384134 0.0359595 0.0614440 0.0716308 0.1439522 0.1583140 0.1098546 0.1862343 0.1704132 0.1287562 0.1427319 0.1661291 0.1393044 0.1874316 0.0485799 0.0196117 0.0000000 0.1634460 0.0508587 0.1454341 0.2247774 0.0489708 0.1363307 0.0239911 0.0629297 0.1479486 0.0605538 0.0506002 0.0284330 0.0532565 0.0413378 0.1744638 0.0554303 0.0639694 0.0527462 0.0556932 0.1622700 0.0775785 0.2473869 0.0912278 0.0669736 0.1426934 0.1355042 0.1344623 0.1326670 0.0509159 0.1284760 0.0524180 0.1568460 0.0480298 0.0622039 0.0323656 0.0403996 0.1575007 0.2276378 0.1139232 0.0542586 0.1755208 0.0501000 0.0786174 
Perityle_glaucescens_94                    0.1607687 0.1180407 0.2467180 0.1704654 0.1601027 0.1615012 0.3012646 0.3521952 0.1321737 0.1612184 0.1570986 0.1575138 0.2252494 0.1683704 0.2278874 0.2233368 0.2612766 0.1684921 0.2505273 0.1410955 0.1589171 0.1274159 0.1700016 0.1781239 0.1622867 0.1559280 0.1608681 0.1655950 0.1741713 0.1356702 0.2183961 0.1493333 0.1294533 0.2058788 0.0359164 0.2571115 0.1763731 0.1515201 0.1399149 0.1634460 0.0000000 0.1566682 0.0224444 0.1870768 0.1661481 0.1453945 0.1384703 0.1751802 0.0314664 0.1844988 0.1645006 0.1506442 0.1618214 0.1561389 0.1348462 0.1679667 0.1281645 0.1600882 0.1601221 0.1704214 0.0977707 0.2250834 0.1989467 0.1643079 0.1713437 0.1859019 0.1781904 0.1639215 0.1394768 0.2251113 0.1639528 0.1855935 0.1649749 0.1688831 0.1514524 0.1543989 0.2154316 0.2444972 0.2185803 0.1716832 0.1551593 0.1641553 0.1404873 
Perityle_gracilis_11                       0.1512130 0.0949946 0.2005767 0.1427014 0.1084636 0.1223228 0.1969985 0.2992680 0.1260575 0.1347148 0.0649431 0.0440839 0.1186713 0.0358025 0.0747405 0.1080655 0.2432139 0.1507829 0.1349076 0.0368863 0.0304043 0.0678664 0.0523965 0.0305443 0.0475601 0.0583761 0.0494970 0.1528490 0.1524306 0.1003443 0.1555777 0.1684535 0.1377601 0.1257473 0.1502652 0.1092418 0.1645545 0.0583472 0.0180262 0.0508587 0.1566682 0.0000000 0.1524567 0.1785264 0.0503155 0.1201641 0.0085802 0.0437186 0.1487469 0.0421263 0.0335386 0.0446522 0.0602133 0.0449865 0.1698416 0.0535774 0.0539497 0.0431132 0.0380783 0.1525811 0.0672170 0.2388436 0.0953268 0.0616213 0.1487227 0.1293907 0.1248475 0.1347588 0.0452765 0.1216094 0.0512692 0.1592489 0.0465784 0.0418389 0.0285203 0.0057781 0.1563254 0.2386264 0.0829107 0.0640877 0.1704350 0.0530290 0.0648787 
Perityle_harkerae_31                       0.1391974 0.1135176 0.2519399 0.1600804 0.1539652 0.1417481 0.2486793 0.3460629 0.1182503 0.1653811 0.1414628 0.1409773 0.2178502 0.1507455 0.1945611 0.1994637 0.2612219 0.1654604 0.2469911 0.1326888 0.1502091 0.1350806 0.1562503 0.1589378 0.1462442 0.1428805 0.1446378 0.1661011 0.1704486 0.1301257 0.1964781 0.1375131 0.1210123 0.2175441 0.0181760 0.2327864 0.1630261 0.1455264 0.1209211 0.1454341 0.0224444 0.1524567 0.0000000 0.1820947 0.1404796 0.1439648 0.1238952 0.1653074 0.0124900 0.1712640 0.1623665 0.1372670 0.1442070 0.1504467 0.1202235 0.1657732 0.1259401 0.1607371 0.1549850 0.1674770 0.0907355 0.2207945 0.2055997 0.1392667 0.1556167 0.1709514 0.1721756 0.1578150 0.1337022 0.2230762 0.1528702 0.1724947 0.1501145 0.1548404 0.1449392 0.1482376 0.1965838 0.2505338 0.2086467 0.1436234 0.1496021 0.1523951 0.1227047 
Perityle_hofmeisteria_4_nombre_de_dios     0.2106872 0.1417665 0.2935311 0.1858901 0.1733878 0.1928731 0.3009568 0.3876747 0.2073876 0.2061686 0.1858907 0.2100914 0.2641701 0.2306299 0.2574381 0.2664172 0.2707854 0.1588292 0.2867780 0.1608786 0.2203214 0.1642248 0.2250696 0.2104640 0.2291386 0.2249130 0.2301419 0.1997781 0.1915307 0.1497406 0.2105294 0.2247972 0.1995950 0.3032139 0.2031127 0.2948584 0.0239162 0.1700536 0.1765028 0.2247774 0.1870768 0.1785264 0.1820947 0.0000000 0.2087994 0.1850508 0.1781580 0.2344590 0.1768901 0.2485235 0.2046324 0.2195480 0.2127258 0.2056257 0.1930829 0.1855997 0.1597614 0.1975512 0.2217144 0.1371520 0.0669993 0.2652838 0.2032917 0.2236579 0.2128353 0.2220235 0.2135266 0.1973869 0.1232343 0.2696724 0.2190594 0.2272104 0.2201155 0.2246422 0.1809744 0.1922671 0.2265976 0.2510369 0.2530466 0.2018598 0.1580208 0.2193753 0.2097356 
Perityle_huecosensis_48                    0.1477940 0.0864264 0.1761840 0.1349949 0.1068977 0.1309541 0.2599882 0.3100895 0.1259030 0.1237486 0.0451865 0.0404494 0.0894769 0.0590695 0.0680873 0.0905494 0.2376945 0.1521044 0.1155342 0.0273489 0.0578437 0.0642320 0.0510917 0.0384770 0.0530688 0.0625747 0.0612012 0.1439436 0.1408876 0.0988691 0.1912251 0.1552800 0.1140209 0.1575779 0.1636511 0.1046538 0.1798294 0.0490420 0.0317466 0.0489708 0.1661481 0.0503155 0.1404796 0.2087994 0.0000000 0.1044110 0.0357407 0.0662914 0.1431048 0.0710435 0.0564417 0.0465765 0.0578390 0.0456996 0.1595200 0.0495998 0.0622852 0.0563430 0.0585667 0.1503375 0.0725826 0.2340080 0.1118204 0.0608400 0.1429920 0.1401091 0.1343667 0.1332965 0.0614742 0.1038030 0.0476020 0.1524477 0.0512891 0.0586274 0.0401783 0.0440311 0.1586284 0.2255580 0.1210126 0.0589639 0.1572659 0.0491540 0.0694666 
