83
Amauria_brandeegeana_62                    0.0000000 0.1235821 0.0924025 0.2100372 0.1075055 0.1756548 0.2872675 0.0192205 0.1268756 0.1164428 0.1504841 0.0997286 0.0459232 0.1182618 0.0364360 0.0963419 0.1262388 0.1079042 0.0811359 0.0569639 0.0316074 0.0704947 0.1143688 0.0876674 0.1517036 0.1328266 0.1311491 0.0727249 0.0994288 0.1133269 0.2212464 0.0171785 0.0760465 0.0115843 0.1271437 0.0771094 0.1153343 0.1140310 0.0842464 0.1072489 0.1149769 0.1004386 0.1231601 0.1224270 0.1113997 0.0658206 0.1220884 0.1080843 0.1099063 0.0891643 0.1155538 0.0713926 0.0880319 0.0840512 0.0857014 0.1271975 0.0761551 0.1062853 0.0811083 0.1163090 0.1015807 0.1290622 0.0696115 0.1341031 0.1266369 0.0919874 0.1263411 0.0713888 0.0951858 0.1452346 0.1065130 0.1418831 0.1402309 0.0814037 0.0948140 0.1146335 0.1237309 0.1304939 0.2028868 0.1113951 0.1386706 0.0931803 0.1907822 
Amauria_carterae_99_mesa                   0.1235821 0.0000000 0.1627190 0.2482759 0.1424698 0.1860028 0.2518197 0.1270759 0.1461297 0.1330214 0.1508203 0.1222526 0.0969013 0.1324171 0.0573264 0.1182205 0.1339098 0.1325167 0.0993936 0.1008295 0.1041619 0.0417238 0.1465348 0.1124793 0.1050570 0.1622443 0.1583966 0.1288261 0.1749831 0.1929073 0.1247994 0.1260797 0.1102970 0.1309117 0.1639369 0.1133488 0.1459460 0.1112457 0.1049497 0.1379305 0.1554050 0.1334364 0.1697312 0.1338217 0.1280612 0.0929079 0.1351088 0.1220555 0.1423708 0.1043291 0.1122311 0.1067139 0.0196337 0.1124825 0.1483032 0.1459104 0.1408952 0.1246283 0.1193027 0.1881130 0.1215717 0.1111632 0.0693273 0.1392114 0.1559306 0.0969960 0.1363022 0.1192591 0.0399875 0.1489773 0.1344421 0.1667964 0.1349808 0.1336368 0.1023840 0.1793083 0.1446995 0.1492781 0.1541258 0.1317907 0.1156769 0.1279381 0.1009523 
Amauria_rotundifolia_SRR9119150            0.0924025 0.1627190 0.0000000 0.2033782 0.1708348 0.1889478 0.2958850 0.2009163 0.2813439 0.1672771 0.1788639 0.1503093 0.0802463 0.1405682 0.0420005 0.2000779 0.2246513 0.1284905 0.1039905 0.0862665 0.0831780 0.1619097 0.1306986 0.1028260 0.2872820 0.2263544 0.1725353 0.1120632 0.0959530 0.1483974 0.3830645 0.0951548 0.0978478 0.0916742 0.2062575 0.1016396 0.1503768 0.1648243 0.2218623 0.2169282 0.2061961 0.1321613 0.1808761 0.1610103 0.1313088 0.0796923 0.2698648 0.2215101 0.1894667 0.2199589 0.1470979 0.2316433 0.1146908 0.1010799 0.0919461 0.1600720 0.1035249 0.2106044 0.1227472 0.1309796 0.1158777 0.1187445 0.0876273 0.2013419 0.2583630 0.1793319 0.1804965 0.2537338 0.1293364 0.2307115 0.2428301 0.2856752 0.2552906 0.1201200 0.1505596 0.2331748 0.2566981 0.2368873 0.2573771 0.2133639 0.1701736 0.1771098 0.2749403 
Conoclinium_coelestinum_SRR9119114         0.2100372 0.2482759 0.2033782 0.0000000 0.2173057 0.1199971 0.3356413 0.2428563 0.2373695 0.1786359 0.2172271 0.1959409 0.1633420 0.1752975 0.0564961 0.2363406 0.2457717 0.1888497 0.1747592 0.1723380 0.1527627 0.2297110 0.1957176 0.1616830 0.2382925 0.2164392 0.1880281 0.2105383 0.1765413 0.2367036 0.3153056 0.2134779 0.1622819 0.1942927 0.2114397 0.1775346 0.1876381 0.1636259 0.1725487 0.2085040 0.2032765 0.1836022 0.2051115 0.1965778 0.1908858 0.1420518 0.2171907 0.2051413 0.1917231 0.1810040 0.2182557 0.2088746 0.2003823 0.1564507 0.1665363 0.2230879 0.1926859 0.2081594 0.1827252 0.2475770 0.1849752 0.1766222 0.1677636 0.2199775 0.2030724 0.1727248 0.1956818 0.2396477 0.2182454 0.2123450 0.2114570 0.2907399 0.1932996 0.1787362 0.1634120 0.2472630 0.2505198 0.2313704 0.3048801 0.2094242 0.2626014 0.1776067 0.2869429 
Eutetras_palmeri_63                        0.1075055 0.1424698 0.1708348 0.2173057 0.0000000 0.1789361 0.2947276 0.1567853 0.1602513 0.1269273 0.1169067 0.0589177 0.0380962 0.1284361 0.0073407 0.1528614 0.1247015 0.1209581 0.0851928 0.0460771 0.0309659 0.0956518 0.1339164 0.0822935 0.1436074 0.1406964 0.1268344 0.0827896 0.0907764 0.1836104 0.2865573 0.1078284 0.0710584 0.0811651 0.1783511 0.0548470 0.1659983 0.1173155 0.1017283 0.1292934 0.1818990 0.0676712 0.1847869 0.1670568 0.0996291 0.0550336 0.1237294 0.1213709 0.1709393 0.1048816 0.1012732 0.0881607 0.0988293 0.0749685 0.0578924 0.1122713 0.0668207 0.1194739 0.0838510 0.1175315 0.0934434 0.1162232 0.0753767 0.1508826 0.1693520 0.0743376 0.1407725 0.1448963 0.0888121 0.1283314 0.1190282 0.1640769 0.1233332 0.0690224 0.0746958 0.1589441 0.1711280 0.1927900 0.2067200 0.1224187 0.1323022 0.0604965 0.2436433 
Eutrochium_fistulosum_SRR9119106           0.1756548 0.1860028 0.1889478 0.1199971 0.1789361 0.0000000 0.3509491 0.2314078 0.2250114 0.1754534 0.1998769 0.1393232 0.1030534 0.1450443 0.0351640 0.2097578 0.1925417 0.1763329 0.1295108 0.0948115 0.0975519 0.1707642 0.1533089 0.1257994 0.2226085 0.1901597 0.1667429 0.1421043 0.1265896 0.2057737 0.3573091 0.1699340 0.1139610 0.1283443 0.2086092 0.1098318 0.1764127 0.1409292 0.1541805 0.1900683 0.1951556 0.1468678 0.2024092 0.1809430 0.1540575 0.1044293 0.2039498 0.1823948 0.1836875 0.1566814 0.1532014 0.1590201 0.1304392 0.1160295 0.1108167 0.1698214 0.1180875 0.1826123 0.1353402 0.1743407 0.1399916 0.1253959 0.1080836 0.1979777 0.1980422 0.1415291 0.1758123 0.2058505 0.1331247 0.2057276 0.1855904 0.2444721 0.1965747 0.1079734 0.1430920 0.1955394 0.2093331 0.2086759 0.2866260 0.1795937 0.1853421 0.1454883 0.2918774 
Helianthus_annuus_SRR9119062               0.2872675 0.2518197 0.2958850 0.3356413 0.2947276 0.3509491 0.0000000 0.2870361 0.3738497 0.2736029 0.3363991 0.2432166 0.1511822 0.2605737 0.0757897 0.2950504 0.3235453 0.2599316 0.2483320 0.1938295 0.1729644 0.1517804 0.2810829 0.2444166 0.3243154 0.3436051 0.2616284 0.1570556 0.2397771 0.3171416 0.4573238 0.2694280 0.2309176 0.2080471 0.3345839 0.2023365 0.2894744 0.2475609 0.2813618 0.3348497 0.3340904 0.2722318 0.3244667 0.3141182 0.2810410 0.1904058 0.3250154 0.2972555 0.3150408 0.2337859 0.2166648 0.2582884 0.1576800 0.2285057 0.2076668 0.2480160 0.1928760 0.3039442 0.2108235 0.2198157 0.1870952 0.2391621 0.1828815 0.3057731 0.3036095 0.2425057 0.3128815 0.2540600 0.1600041 0.3422305 0.3239709 0.2981569 0.2891975 0.1787480 0.2580140 0.3574679 0.3140823 0.3339757 0.3987206 0.3254712 0.2417761 0.2562730 0.4443230 
Lycapsus_tenuifolius_17                    0.0192205 0.1270759 0.2009163 0.2428563 0.1567853 0.2314078 0.2870361 0.0000000 0.2706308 0.1274293 0.1953163 0.0873583 0.0585046 0.1060976 0.0432369 0.1947378 0.1986696 0.1064518 0.0911930 0.0697682 0.0484039 0.0776820 0.1938466 0.0771119 0.1920396 0.1850091 0.1048596 0.0716324 0.0970579 0.1892574 0.3552836 0.0020768 0.0787634 0.0085685 0.2107177 0.0951905 0.1953025 0.0911424 0.1501239 0.2039135 0.2012521 0.1057369 0.1788065 0.2051805 0.1126377 0.0534279 0.2238767 0.1793318 0.1902670 0.1241189 0.0978181 0.1871894 0.1213741 0.0628729 0.0951618 0.1378524 0.0802735 0.1829123 0.1039397 0.1040477 0.1018110 0.1151209 0.0741568 0.1875989 0.2354836 0.0786882 0.1254548 0.2040051 0.1114796 0.2210792 0.1956989 0.1913984 0.1489341 0.0896619 0.0914393 0.2331826 0.1949780 0.2565859 0.2459245 0.1945137 0.1208466 0.0830987 0.3203362 
Pericome_caudata_50_silver                 0.1268756 0.1461297 0.2813439 0.2373695 0.1602513 0.2250114 0.3738497 0.2706308 0.0000000 0.1242780 0.1821002 0.1226937 0.0505405 0.0790984 0.0289457 0.2078835 0.1749596 0.1049885 0.0852321 0.0549534 0.0573339 0.1091225 0.2224984 0.0674723 0.3136798 0.2232344 0.1678481 0.0739645 0.0805095 0.2309301 0.4187606 0.1224537 0.0644313 0.1043096 0.3005413 0.0780061 0.1823155 0.1289143 0.2063320 0.1774251 0.2790327 0.1365261 0.2494655 0.2468287 0.0887165 0.0474597 0.2562423 0.1679399 0.2573072 0.1703458 0.1037479 0.2010737 0.1038478 0.0632880 0.0477285 0.1154232 0.0720126 0.1602790 0.1001080 0.1182137 0.0763585 0.1014486 0.0591999 0.1735477 0.2448035 0.1964423 0.1611815 0.2232856 0.0914765 0.1994902 0.2184125 0.2322028 0.2086986 0.0811028 0.1234719 0.2135442 0.2065659 0.2092033 0.2687177 0.1648727 0.1548438 0.1847900 0.2842316 
Perityle_aglossa_84_dead_horse             0.1164428 0.1330214 0.1672771 0.1786359 0.1269273 0.1754534 0.2736029 0.1274293 0.1242780 0.0000000 0.0888613 0.0618403 0.0077169 0.0832183 0.0415239 0.1092985 0.1000302 0.0299711 0.0282605 0.0133942 0.0325555 0.0290064 0.0623786 0.0196032 0.2473003 0.1268594 0.1315629 0.0793583 0.0856256 0.1194423 0.2867906 0.1025219 0.0213748 0.0831797 0.1638357 0.0251816 0.0872509 0.1299220 0.1090808 0.0475122 0.1437778 0.0907422 0.1095692 0.1288347 0.0363040 0.0390342 0.1770679 0.0706452 0.1098284 0.0657958 0.0716421 0.0399719 0.0418734 0.0124702 0.0641985 0.1056277 0.0548342 0.0508985 0.0247667 0.1288968 0.0921158 0.0869156 0.0524082 0.0558660 0.1218604 0.1459191 0.1531933 0.0841587 0.0263642 0.1114623 0.1210569 0.1558651 0.1246305 0.0408750 0.0873769 0.1162462 0.1326226 0.1048183 0.2250727 0.0530076 0.1280563 0.1515149 0.1724871 
Perityle_ajoensis_204                      0.1504841 0.1508203 0.1788639 0.2172271 0.1169067 0.1998769 0.3363991 0.1953163 0.1821002 0.0888613 0.0000000 0.0811408 0.0372277 0.1340641 0.0205609 0.1807047 0.1208129 0.0931016 0.0530092 0.0332355 0.0252813 0.0660715 0.0991362 0.0580615 0.1773535 0.1207876 0.1515578 0.0928108 0.1032141 0.2049622 0.2940946 0.1254622 0.0584747 0.1013448 0.1897505 0.0414426 0.1623259 0.1172029 0.0637640 0.0989303 0.1826803 0.0928448 0.1829558 0.1742431 0.0940613 0.0683634 0.1644748 0.0915024 0.1743657 0.0585871 0.0945476 0.0391918 0.0593984 0.0432066 0.0827664 0.0970486 0.0794833 0.0873059 0.0450864 0.1272700 0.1052266 0.1018302 0.0717593 0.1286180 0.1866403 0.1226211 0.1493234 0.1678525 0.0465842 0.1061970 0.0818669 0.1490103 0.1065408 0.0525140 0.0745414 0.1632181 0.1494129 0.1926104 0.2394799 0.0717010 0.1347670 0.0930770 0.2748005 
Perityle_ambrosiifolia_67_green            0.0997286 0.1222526 0.1503093 0.1959409 0.0589177 0.1393232 0.2432166 0.0873583 0.1226937 0.0618403 0.0811408 0.0000000 0.0076589 0.1077504 0.0206749 0.0790736 0.1181903 0.0614039 0.0446181 0.0273999 0.0182322 0.0358588 0.1218538 0.0493460 0.1117705 0.1235477 0.1094866 0.0781750 0.0846200 0.1654546 0.1821098 0.1000128 0.0488738 0.0751902 0.1440418 0.0273694 0.1056658 0.0870953 0.0673420 0.0848592 0.1454660 0.0453665 0.1486824 0.1527678 0.0489872 0.0277236 0.0483823 0.0627542 0.1313747 0.0638586 0.0736718 0.0682721 0.0546830 0.0497004 0.0618739 0.1000885 0.0499285 0.0842969 0.0400178 0.1159673 0.0881948 0.0828062 0.0484210 0.0750354 0.1222807 0.0596055 0.1279044 0.0892744 0.0522637 0.0923250 0.0927426 0.1861417 0.0956600 0.0546723 0.0480597 0.0899825 0.1525205 0.1237385 0.1145602 0.1011853 0.1338405 0.0417276 0.1236824 
Perityle_angustifolia_13_Eagle_creek       0.0459232 0.0969013 0.0802463 0.1633420 0.0380962 0.1030534 0.1511822 0.0585046 0.0505405 0.0077169 0.0372277 0.0076589 0.0000000 0.0694028 0.0209308 0.0522400 0.0500319 0.0102325 0.0104670 0.0026906 0.0000010 0.0033608 0.0364811 0.0000010 0.0661732 0.0582561 0.0699246 0.0657617 0.0872160 0.0848354 0.1003851 0.0580754 0.0000010 0.0552634 0.0560544 0.0051834 0.0440056 0.0358532 0.0000010 0.0205353 0.0558934 0.0265037 0.0558629 0.0414090 0.0127315 0.0082378 0.0262106 0.0102056 0.0397861 0.0000010 0.0106339 0.0051836 0.0156641 0.0000010 0.0468469 0.0664565 0.0451949 0.0101850 0.0137489 0.1060861 0.0674942 0.0337724 0.0349914 0.0205461 0.0674914 0.0343297 0.0750245 0.0574746 0.0094678 0.0443508 0.0153109 0.1147442 0.0261872 0.0266056 0.0082844 0.0625669 0.0946674 0.0637081 0.1103460 0.0153438 0.0625388 0.0235763 0.0620915 
Perityle_batopilensis_97                   0.1182618 0.1324171 0.1405682 0.1752975 0.1284361 0.1450443 0.2605737 0.1060976 0.0790984 0.0832183 0.1340641 0.1077504 0.0694028 0.0000000 0.0205800 0.1077923 0.1018317 0.0908976 0.0563220 0.0551468 0.0957605 0.0592247 0.0938390 0.0654354 0.1592571 0.1048993 0.0899522 0.0820377 0.0945508 0.1246326 0.2026493 0.1200601 0.0572248 0.0945644 0.1048958 0.0671875 0.0828620 0.0147364 0.0489377 0.0826872 0.0898049 0.0979280 0.1042892 0.0906261 0.0869418 0.0574994 0.1146958 0.0762705 0.0867542 0.0499136 0.1226697 0.0759156 0.0669480 0.0583017 0.0663642 0.1388720 0.0697839 0.0728907 0.0725504 0.1357256 0.0748960 0.0806506 0.0615675 0.1010574 0.0887807 0.0792269 0.0973142 0.0605553 0.0767269 0.1300010 0.0715598 0.1430783 0.1440978 0.0700839 0.0603038 0.1404387 0.1197675 0.1016254 0.2041818 0.0767406 0.1485490 0.0913298 0.1307475 
Perityle_bisetosa_9                        0.0364360 0.0573264 0.0420005 0.0564961 0.0073407 0.0351640 0.0757897 0.0432369 0.0289457 0.0415239 0.0205609 0.0206749 0.0209308 0.0205800 0.0000000 0.0280736 0.0488092 0.0205609 0.0205609 0.0213636 0.0207399 0.0205609 0.0274815 0.0141596 0.0559362 0.0418915 0.0070603 0.0067698 0.0136428 0.0368016 0.0210717 0.0432369 0.0208376 0.0431858 0.0361342 0.0140255 0.0284430 0.0000010 0.0207227 0.0275450 0.0362000 0.0280351 0.0361982 0.0209044 0.0205609 0.0069749 0.0276268 0.0346710 0.0290871 0.0209046 0.0210719 0.0211482 0.0352543 0.0205609 0.0069728 0.0422637 0.0214273 0.0346710 0.0214867 0.0511274 0.0140457 0.0070347 0.0490973 0.0345179 0.0000010 0.0426543 0.0076096 0.0572803 0.0324205 0.0000010 0.0206749 0.0136428 0.0278694 0.0214119 0.0141505 0.0215263 0.0492651 0.0068661 0.0354162 0.0206102 0.0348921 0.0209046 0.0072330 
Perityle_californica_76_positas            0.0963419 0.1182205 0.2000779 0.2363406 0.1528614 0.2097578 0.2950504 0.1947378 0.2078835 0.1092985 0.1807047 0.0790736 0.0522400 0.1077923 0.0280736 0.0000000 0.1673408 0.1028131 0.0871165 0.0796433 0.0593333 0.1359336 0.1815591 0.0831391 0.1301460 0.1222947 0.0947130 0.0472287 0.0635139 0.2079045 0.1351691 0.0991397 0.0726643 0.0990537 0.1886724 0.0922251 0.1689349 0.0797994 0.1484283 0.1892223 0.1894031 0.1053020 0.1881719 0.1660050 0.0969170 0.0251984 0.2333297 0.1709508 0.1817553 0.1316698 0.1091213 0.1843905 0.1422413 0.0698433 0.0591722 0.1158614 0.0788421 0.1765623 0.1161410 0.1014035 0.0702186 0.1013358 0.0764675 0.1243932 0.2386616 0.0908858 0.0885661 0.2429218 0.1568101 0.1811944 0.1852259 0.1326970 0.1428926 0.1079337 0.0771979 0.0736527 0.1936783 0.1781541 0.1798114 0.1883580 0.1368866 0.0879047 0.1397239 
Perityle_canescens_77                      0.1262388 0.1339098 0.2246513 0.2457717 0.1247015 0.1925417 0.3235453 0.1986696 0.1749596 0.1000302 0.1208129 0.1181903 0.0500319 0.1018317 0.0488092 0.1673408 0.0000000 0.1100570 0.0978656 0.0525627 0.0753014 0.0940505 0.1861255 0.0736720 0.1621106 0.1682251 0.1103774 0.0843730 0.0929978 0.2286344 0.3224913 0.1192914 0.0578795 0.1046368 0.2071090 0.0796234 0.1495402 0.0905258 0.0899933 0.1391302 0.2065664 0.0962310 0.2129491 0.1933352 0.0967730 0.0596030 0.1720628 0.1134444 0.1947317 0.0866979 0.1063220 0.1063040 0.0676763 0.0620776 0.0639948 0.1200601 0.0758340 0.1126543 0.0991337 0.1162388 0.1055544 0.1040988 0.0642995 0.1551605 0.1942979 0.1008876 0.1457929 0.1903840 0.0852453 0.1369844 0.1316833 0.1711792 0.1139038 0.0834587 0.0778216 0.1895744 0.1752113 0.2147794 0.2537916 0.1245830 0.1129146 0.0863831 0.2602596 
Perityle_castillonii_96                    0.1079042 0.1325167 0.1284905 0.1888497 0.1209581 0.1763329 0.2599316 0.1064518 0.1049885 0.0299711 0.0931016 0.0614039 0.0102325 0.0908976 0.0205609 0.1028131 0.1100570 0.0000000 0.0172580 0.0247960 0.0292794 0.0317103 0.0779708 0.0271915 0.1574755 0.1072541 0.0938446 0.0787956 0.0890551 0.1253047 0.2082350 0.1020369 0.0245773 0.0784615 0.1154240 0.0176153 0.1006572 0.0678521 0.0377086 0.0412687 0.1117302 0.0798642 0.1172251 0.1044561 0.0419866 0.0389032 0.1115003 0.0691869 0.1038041 0.0432338 0.0760924 0.0499308 0.0456304 0.0123656 0.0617724 0.1150018 0.0547015 0.0615118 0.0377506 0.1192803 0.0847639 0.0956568 0.0551254 0.0695244 0.1071839 0.0808880 0.1145185 0.0874758 0.0333337 0.1151772 0.0706899 0.1550071 0.1364179 0.0491034 0.0325282 0.1148380 0.1319554 0.1154699 0.2085505 0.0586940 0.1320058 0.0746999 0.1496554 
Perityle_cernua_84                         0.0811359 0.0993936 0.1039905 0.1747592 0.0851928 0.1295108 0.2483320 0.0911930 0.0852321 0.0282605 0.0530092 0.0446181 0.0104670 0.0563220 0.0205609 0.0871165 0.0978656 0.0172580 0.0000000 0.0175118 0.0300710 0.0117383 0.0669567 0.0181009 0.1074925 0.0902267 0.0705853 0.0602114 0.0686639 0.0972911 0.1505046 0.0759713 0.0131252 0.0668788 0.0904537 0.0140886 0.0702993 0.0425309 0.0244912 0.0421919 0.0836344 0.0424541 0.0913008 0.0787442 0.0222587 0.0161100 0.0839939 0.0570193 0.0760780 0.0256085 0.0712199 0.0415059 0.0258219 0.0134576 0.0593413 0.0985268 0.0371408 0.0533351 0.0294356 0.0950623 0.0630102 0.0727199 0.0311980 0.0681777 0.0830213 0.0390525 0.0815232 0.0677321 0.0150914 0.0724268 0.0600019 0.1379944 0.0800253 0.0350552 0.0117503 0.1071579 0.1131289 0.0900357 0.1506507 0.0470316 0.1087634 0.0379345 0.1302367 
Perityle_cfvillosa_25_tin                  0.0569639 0.1008295 0.0862665 0.1723380 0.0460771 0.0948115 0.1938295 0.0697682 0.0549534 0.0133942 0.0332355 0.0273999 0.0026906 0.0551468 0.0213636 0.0796433 0.0525627 0.0247960 0.0175118 0.0000000 0.0117811 0.0120542 0.0523885 0.0019002 0.0855544 0.0633418 0.0795147 0.0653055 0.0612317 0.0969384 0.1380367 0.0595265 0.0057591 0.0586967 0.0680989 0.0063431 0.0552059 0.0384661 0.0059324 0.0209285 0.0615318 0.0018978 0.0683156 0.0602035 0.0208657 0.0128907 0.0230074 0.0094675 0.0471054 0.0019586 0.0403552 0.0046279 0.0132638 0.0039269 0.0516895 0.0777307 0.0394446 0.0075311 0.0021546 0.1120757 0.0691618 0.0750248 0.0254051 0.0522843 0.0777538 0.0238965 0.0825442 0.0573599 0.0076854 0.0364145 0.0228625 0.1280314 0.0018855 0.0043390 0.0080330 0.0646896 0.1011411 0.0629129 0.1307106 0.0151723 0.0966222 0.0019168 0.1122452 
Perityle_cinerea_113_Powell1310            0.0316074 0.1041619 0.0831780 0.1527627 0.0309659 0.0975519 0.1729644 0.0484039 0.0573339 0.0325555 0.0252813 0.0182322 0.0000010 0.0957605 0.0207399 0.0593333 0.0753014 0.0292794 0.0300710 0.0117811 0.0000000 0.0048994 0.0331360 0.0151520 0.0825156 0.0554145 0.0808260 0.0631092 0.1113611 0.0738153 0.0758181 0.0520809 0.0112559 0.0401299 0.0728453 0.0150450 0.0474407 0.0590130 0.0187163 0.0363639 0.0727426 0.0460047 0.0729156 0.0393191 0.0253128 0.0233068 0.0449717 0.0327637 0.0548295 0.0077649 0.0223641 0.0261295 0.0186727 0.0113062 0.0501651 0.0595873 0.0689585 0.0401284 0.0238694 0.1047307 0.0756043 0.0600236 0.0655430 0.0330239 0.0773993 0.0685521 0.0714984 0.0914895 0.0000010 0.0482105 0.0253047 0.0919287 0.0452155 0.0459475 0.0200481 0.0467364 0.1037910 0.0672327 0.0486465 0.0327923 0.0671937 0.0412710 0.0330984 
Perityle_coahuilensis_24                   0.0704947 0.0417238 0.1619097 0.2297110 0.0956518 0.1707642 0.1517804 0.0776820 0.1091225 0.0290064 0.0660715 0.0358588 0.0033608 0.0592247 0.0205609 0.1359336 0.0940505 0.0317103 0.0117383 0.0120542 0.0048994 0.0000000 0.1098036 0.0177975 0.1232242 0.0683340 0.0865393 0.0863717 0.0963124 0.1832019 0.2132610 0.0776820 0.0146694 0.0773023 0.1437899 0.0204522 0.1262853 0.0398059 0.0250348 0.0611343 0.1410122 0.0325954 0.1445545 0.1236861 0.0255842 0.0167657 0.0678748 0.0640527 0.1318448 0.0287862 0.0249185 0.0451254 0.0263853 0.0117376 0.0633423 0.0835036 0.0470684 0.0581948 0.0214838 0.1190674 0.0617072 0.0755422 0.0326957 0.0739146 0.1280424 0.0241610 0.0819801 0.1235827 0.0272267 0.0792988 0.0271498 0.1966561 0.0377403 0.0300172 0.0123377 0.1694965 0.1330148 0.1130129 0.2044901 0.0411638 0.0679145 0.0270834 0.1802425 
Perityle_cochisensis_44_cave_creek         0.1143688 0.1465348 0.1306986 0.1957176 0.1339164 0.1533089 0.2810829 0.1938466 0.2224984 0.0623786 0.0991362 0.1218538 0.0364811 0.0938390 0.0274815 0.1815591 0.1861255 0.0779708 0.0669567 0.0523885 0.0331360 0.1098036 0.0000000 0.0415557 0.2333847 0.1519383 0.0979467 0.0939157 0.0918814 0.1278412 0.3423464 0.1186609 0.0460261 0.0988926 0.1198777 0.0593816 0.0894841 0.0732786 0.1518873 0.1655322 0.1178346 0.0887346 0.1148603 0.1006710 0.0613538 0.0439461 0.1768147 0.1280264 0.1115652 0.1473637 0.1076296 0.2121994 0.0765554 0.0466476 0.0663907 0.1017208 0.0806478 0.1559615 0.0719489 0.1288987 0.1028003 0.0785741 0.0713837 0.1117034 0.2226886 0.1284047 0.1059068 0.2400601 0.0974422 0.1455790 0.1577027 0.2822070 0.2218360 0.0764795 0.0466426 0.1617785 0.2261418 0.2177880 0.2047297 0.1507791 0.1555694 0.0836582 0.2152679 
Perityle_congesta_202                      0.0876674 0.1124793 0.1028260 0.1616830 0.0822935 0.1257994 0.2444166 0.0771119 0.0674723 0.0196032 0.0580615 0.0493460 0.0000010 0.0654354 0.0141596 0.0831391 0.0736720 0.0271915 0.0181009 0.0019002 0.0151520 0.0177975 0.0415557 0.0000000 0.1110621 0.0712386 0.0780275 0.0588015 0.0671853 0.0965621 0.1762546 0.0853859 0.0062507 0.0661742 0.0854364 0.0040096 0.0610343 0.0478901 0.0094487 0.0207906 0.0734536 0.0252503 0.0808423 0.0709842 0.0253699 0.0281504 0.0476989 0.0239095 0.0730243 0.0063669 0.0613668 0.0045285 0.0167175 0.0095817 0.0486185 0.0823037 0.0396344 0.0163104 0.0000010 0.1127379 0.0745627 0.0757986 0.0316294 0.0477253 0.0767641 0.0575879 0.0929369 0.0576864 0.0075513 0.0701058 0.0282737 0.1183234 0.0713281 0.0021627 0.0127515 0.0648265 0.1073436 0.0725185 0.1578240 0.0163504 0.1117130 0.0257434 0.1249866 
Perityle_cordifolia_27                     0.1517036 0.1050570 0.2872820 0.2382925 0.1436074 0.2226085 0.3243154 0.1920396 0.3136798 0.2473003 0.1773535 0.1117705 0.0661732 0.1592571 0.0559362 0.1301460 0.1621106 0.1574755 0.1074925 0.0855544 0.0825156 0.1232242 0.2333847 0.1110621 0.0000000 0.3369634 0.2969310 0.0903514 0.0985307 0.2924813 0.4584000 0.1423067 0.1115318 0.1090490 0.3830190 0.1038636 0.3062116 0.2589279 0.2074355 0.1959803 0.3698992 0.1277829 0.3094858 0.4749629 0.1435305 0.0799713 0.2557904 0.2181277 0.3792491 0.1831765 0.1472809 0.1265237 0.0950839 0.1205100 0.1036594 0.1665293 0.0958069 0.1647325 0.1221569 0.1185849 0.0771557 0.1260774 0.0208674 0.2840334 0.3274866 0.1943333 0.2351011 0.1914121 0.1516169 0.2099831 0.2583385 0.2221237 0.1822489 0.1191520 0.1991245 0.1595504 0.1688971 0.2075774 0.2289572 0.1803132 0.1867422 0.2283428 0.2348181 
Perityle_cordifolia_68_tecolote            0.1328266 0.1622443 0.2263544 0.2164392 0.1406964 0.1901597 0.3436051 0.1850091 0.2232344 0.1268594 0.1207876 0.1235477 0.0582561 0.1048993 0.0418915 0.1222947 0.1682251 0.1072541 0.0902267 0.0633418 0.0554145 0.0683340 0.1519383 0.0712386 0.3369634 0.0000000 0.1230806 0.0907176 0.0974082 0.2195854 0.3460422 0.1236891 0.0678613 0.1032023 0.2235246 0.0786943 0.1167395 0.1466006 0.1875735 0.1560916 0.2083342 0.1102221 0.1756270 0.2655783 0.0978955 0.0618103 0.2034237 0.1452477 0.1884038 0.1489238 0.1202138 0.1657884 0.0828012 0.0649345 0.0665648 0.0106927 0.0949124 0.1543283 0.0903205 0.1221906 0.1087174 0.0960091 0.0840604 0.2199163 0.1553194 0.1919848 0.1582333 0.2019356 0.0858366 0.1664390 0.1894208 0.2214160 0.1945148 0.0835410 0.1375529 0.1438591 0.1976139 0.1417744 0.2399585 0.1483380 0.1187606 0.1671451 0.2286455 
Perityle_coronopifolia_28_patagonia        0.1311491 0.1583966 0.1725353 0.1880281 0.1268344 0.1667429 0.2616284 0.1048596 0.1678481 0.1315629 0.1515578 0.1094866 0.0699246 0.0899522 0.0070603 0.0947130 0.1103774 0.0938446 0.0705853 0.0795147 0.0808260 0.0865393 0.0979467 0.0780275 0.2969310 0.1230806 0.0000000 0.0649853 0.0902710 0.1083238 0.2575372 0.1222085 0.0719026 0.0955586 0.1766693 0.0851891 0.0854004 0.1430934 0.1383374 0.0872329 0.1617208 0.1329148 0.1186645 0.1366177 0.0933827 0.0575024 0.1907388 0.1234486 0.1206575 0.0970934 0.1358939 0.0886713 0.0991126 0.0800951 0.0495873 0.1316967 0.0845991 0.0926385 0.1023450 0.0709881 0.0585848 0.0561267 0.0623502 0.1743693 0.0012450 0.1741199 0.1497886 0.0737383 0.1093982 0.1386693 0.1576504 0.1310226 0.1653215 0.1090500 0.1175634 0.1420808 0.1208833 0.0943418 0.2239249 0.0902173 0.1420453 0.1970553 0.1445819 
Perityle_crassifolia_70_ventanas           0.0727249 0.1288261 0.1120632 0.2105383 0.0827896 0.1421043 0.1570556 0.0716324 0.0739645 0.0793583 0.0928108 0.0781750 0.0657617 0.0820377 0.0067698 0.0472287 0.0843730 0.0787956 0.0602114 0.0653055 0.0631092 0.0863717 0.0939157 0.0588015 0.0903514 0.0907176 0.0649853 0.0000000 0.0280846 0.1324333 0.0872082 0.0708219 0.0604818 0.0685874 0.1070685 0.0539508 0.0670712 0.0521995 0.0588064 0.0904002 0.1029061 0.0899848 0.0995138 0.0647156 0.0813122 0.0350537 0.0888932 0.0787576 0.0861663 0.0507364 0.0807737 0.0693286 0.0923778 0.0615090 0.0609430 0.0983124 0.0862674 0.0812815 0.0786742 0.1168663 0.0603641 0.0412692 0.0783768 0.0930637 0.0624090 0.0710395 0.0801045 0.0894111 0.1012781 0.0846214 0.0904763 0.0239541 0.0888121 0.0871928 0.0543463 0.0965930 0.1157698 0.0728223 0.1243534 0.0815142 0.0800667 0.0859753 0.0454614 
Perityle_crassifolia_74_playa_balandra     0.0994288 0.1749831 0.0959530 0.1765413 0.0907764 0.1265896 0.2397771 0.0970579 0.0805095 0.0856256 0.1032141 0.0846200 0.0872160 0.0945508 0.0136428 0.0635139 0.0929978 0.0890551 0.0686639 0.0612317 0.1113611 0.0963124 0.0918814 0.0671853 0.0985307 0.0974082 0.0902710 0.0280846 0.0000000 0.1054131 0.0670685 0.0819206 0.0688577 0.0727598 0.1170477 0.0747893 0.0758562 0.0747991 0.0655147 0.0933542 0.1165100 0.0843590 0.1189535 0.0858182 0.0859707 0.0421231 0.0856800 0.0838052 0.1014351 0.0615626 0.1387284 0.0934007 0.0715943 0.0680602 0.0707260 0.1095679 0.0911857 0.0858798 0.0819875 0.1445099 0.1003710 0.0833646 0.0972158 0.0890808 0.0881926 0.0876663 0.0943752 0.0930688 0.0752072 0.0812793 0.0935398 0.0636633 0.0859501 0.0981502 0.0566813 0.0860944 0.1297811 0.0767268 0.0823218 0.0910630 0.1648193 0.0830970 0.0230471 
Perityle_cuneata_34_cuneata_San_antonio    0.1133269 0.1929073 0.1483974 0.2367036 0.1836104 0.2057737 0.3171416 0.1892574 0.2309301 0.1194423 0.2049622 0.1654546 0.0848354 0.1246326 0.0368016 0.2079045 0.2286344 0.1253047 0.0972911 0.0969384 0.0738153 0.1832019 0.1278412 0.0965621 0.2924813 0.2195854 0.1083238 0.1324333 0.1054131 0.0000000 0.3812381 0.1055887 0.0958093 0.0831494 0.1731514 0.1132649 0.1362505 0.1272314 0.2072118 0.2153972 0.1629356 0.1438479 0.1539703 0.1412675 0.1181872 0.0832491 0.2264524 0.1816282 0.1581677 0.2258706 0.1667365 0.2732522 0.1545651 0.0973740 0.1015733 0.1749636 0.1032451 0.2109865 0.1308530 0.1245487 0.1244343 0.1024086 0.1074418 0.1674440 0.2297816 0.1679022 0.1375336 0.2475880 0.1703928 0.2370713 0.2225052 0.3379125 0.2851702 0.1336842 0.0892202 0.2084015 0.2577273 0.2412251 0.2735022 0.1985471 0.1686875 0.1314528 0.2344923 
Perityle_cuneata_4                         0.2212464 0.1247994 0.3830645 0.3153056 0.2865573 0.3573091 0.4573238 0.3552836 0.4187606 0.2867906 0.2940946 0.1821098 0.1003851 0.2026493 0.0210717 0.1351691 0.3224913 0.2082350 0.1505046 0.1380367 0.0758181 0.2132610 0.3423464 0.1762546 0.4584000 0.3460422 0.2575372 0.0872082 0.0670685 0.3812381 0.0000000 0.1813780 0.1534195 0.1728899 0.4458535 0.1880111 0.3902753 0.2673834 0.3886256 0.4113458 0.4479339 0.2406491 0.4016681 0.4849033 0.2063201 0.0843562 0.3809518 0.3492914 0.4442670 0.3198782 0.1896432 0.3974963 0.2368188 0.1551041 0.1149497 0.2102618 0.1537292 0.3538921 0.2016510 0.1286943 0.1348487 0.1483145 0.1141838 0.3268598 0.4869912 0.2887663 0.2769680 0.3404784 0.2783886 0.3593492 0.4292317 0.3691508 0.3487862 0.1787024 0.2905261 0.1943922 0.3595014 0.3804939 0.3372419 0.3615717 0.2122375 0.2648614 0.0745716 
Perityle_discoidea_81                      0.0171785 0.1260797 0.0951548 0.2134779 0.1078284 0.1699340 0.2694280 0.0020768 0.1224537 0.1025219 0.1254622 0.1000128 0.0580754 0.1200601 0.0432369 0.0991397 0.1192914 0.1020369 0.0759713 0.0595265 0.0520809 0.0776820 0.1186609 0.0853859 0.1423067 0.1236891 0.1222085 0.0708219 0.0819206 0.1055887 0.1813780 0.0000000 0.0784564 0.0095791 0.1292860 0.0782923 0.1050778 0.1070314 0.0689906 0.0978566 0.1169762 0.1040611 0.1230711 0.1102720 0.1067027 0.0601576 0.1275909 0.1032850 0.1094072 0.0730812 0.1183919 0.0823461 0.0981105 0.0787037 0.0869604 0.1341764 0.0716350 0.1012670 0.0911625 0.1093452 0.1005105 0.1273137 0.0732064 0.1251918 0.1188591 0.0911138 0.1084778 0.0740221 0.1114244 0.1325446 0.1069683 0.1225757 0.1420721 0.0890329 0.0842157 0.1204824 0.1180590 0.1308948 0.1943520 0.1084116 0.1251137 0.0950870 0.1660780 
Perityle_dissecta_201                      0.0760465 0.1102970 0.0978478 0.1622819 0.0710584 0.1139610 0.2309176 0.0787634 0.0644313 0.0213748 0.0584747 0.0488738 0.0000010 0.0572248 0.0208376 0.0726643 0.0578795 0.0245773 0.0131252 0.0057591 0.0112559 0.0146694 0.0460261 0.0062507 0.1115318 0.0678613 0.0719026 0.0604818 0.0688577 0.0958093 0.1534195 0.0784564 0.0000000 0.0579038 0.0778618 0.0039673 0.0622146 0.0436489 0.0047253 0.0181056 0.0765849 0.0404439 0.0820570 0.0705191 0.0211505 0.0277109 0.0613864 0.0196759 0.0692298 0.0032359 0.0568364 0.0066990 0.0165175 0.0126704 0.0526463 0.0708270 0.0393337 0.0150399 0.0131339 0.1082726 0.0671915 0.0705421 0.0311659 0.0434193 0.0714334 0.0538258 0.0841835 0.0567677 0.0076599 0.0698492 0.0227459 0.1252617 0.0853184 0.0215518 0.0080614 0.0843910 0.0971881 0.0708543 0.1539969 0.0150645 0.1089887 0.0390933 0.1158579 
Perityle_emoryi_47_punta_san_jose          0.0115843 0.1309117 0.0916742 0.1942927 0.0811651 0.1283443 0.2080471 0.0085685 0.1043096 0.0831797 0.1013448 0.0751902 0.0552634 0.0945644 0.0431858 0.0990537 0.1046368 0.0784615 0.0668788 0.0586967 0.0401299 0.0773023 0.0988926 0.0661742 0.1090490 0.1032023 0.0955586 0.0685874 0.0727598 0.0831494 0.1728899 0.0095791 0.0579038 0.0000000 0.0912433 0.0693975 0.0869241 0.0783278 0.0459632 0.0802212 0.0828251 0.0801485 0.0825936 0.0793714 0.0822369 0.0504742 0.1065762 0.0824063 0.0696351 0.0529537 0.0992874 0.0774522 0.1021395 0.0508557 0.0833704 0.1319967 0.0628112 0.0842432 0.0815761 0.1014504 0.0939679 0.1116930 0.0690891 0.1053105 0.0915132 0.0479183 0.0754870 0.0763488 0.1112565 0.0973114 0.0864606 0.1287219 0.0773470 0.0770344 0.0591801 0.1148785 0.1012215 0.0917489 0.1665603 0.0885501 0.1263876 0.0666917 0.1530991 
Perityle_feddemae_99                       0.1271437 0.1639369 0.2062575 0.2114397 0.1783511 0.2086092 0.3345839 0.2107177 0.3005413 0.1638357 0.1897505 0.1440418 0.0560544 0.1048958 0.0361342 0.1886724 0.2071090 0.1154240 0.0904537 0.0680989 0.0728453 0.1437899 0.1198777 0.0854364 0.3830190 0.2235246 0.1766693 0.1070685 0.1170477 0.1731514 0.4458535 0.1292860 0.0778618 0.0912433 0.0000000 0.0757526 0.1790735 0.1801746 0.3005350 0.2842596 0.0924724 0.1405153 0.0329273 0.1935979 0.0966624 0.0869230 0.2801393 0.2368755 0.0514313 0.2210452 0.1341740 0.2795349 0.1004541 0.0828670 0.0874364 0.1093454 0.0866560 0.2061854 0.0912568 0.1047182 0.1070579 0.1016457 0.0947989 0.2092453 0.3046225 0.2232229 0.1455609 0.2226062 0.1172107 0.2867129 0.3235874 0.3424698 0.3234664 0.0975487 0.1145069 0.2057663 0.2452115 0.2894996 0.2721499 0.2078575 0.1534550 0.2121895 0.2260143 
Perityle_fosteri_93                        0.0771094 0.1133488 0.1016396 0.1775346 0.0548470 0.1098318 0.2023365 0.0951905 0.0780061 0.0251816 0.0414426 0.0273694 0.0051834 0.0671875 0.0140255 0.0922251 0.0796234 0.0176153 0.0140886 0.0063431 0.0150450 0.0204522 0.0593816 0.0040096 0.1038636 0.0786943 0.0851891 0.0539508 0.0747893 0.1132649 0.1880111 0.0782923 0.0039673 0.0693975 0.0757526 0.0000000 0.0589553 0.0441925 0.0141594 0.0286567 0.0688491 0.0184495 0.0712544 0.0598644 0.0208779 0.0117146 0.0613484 0.0406630 0.0557751 0.0062263 0.0309005 0.0173530 0.0261024 0.0041278 0.0557821 0.0829275 0.0471979 0.0348329 0.0127305 0.1103413 0.0701136 0.0810099 0.0340483 0.0564315 0.0854419 0.0273264 0.1134487 0.0602709 0.0036899 0.0464443 0.0462773 0.1312989 0.0202851 0.0192213 0.0101968 0.0954523 0.1253109 0.0883571 0.1469716 0.0267366 0.1179210 0.0189523 0.1583304 
Perityle_gamon_221                         0.1153343 0.1459460 0.1503768 0.1876381 0.1659983 0.1764127 0.2894744 0.1953025 0.1823155 0.0872509 0.1623259 0.1056658 0.0440056 0.0828620 0.0284430 0.1689349 0.1495402 0.1006572 0.0702993 0.0552059 0.0474407 0.1262853 0.0894841 0.0610343 0.3062116 0.1167395 0.0854004 0.0670712 0.0758562 0.1362505 0.3902753 0.1050778 0.0622146 0.0869241 0.1790735 0.0589553 0.0000000 0.0960267 0.2174408 0.2000861 0.1286477 0.1278289 0.1128033 0.0889154 0.0812043 0.0490973 0.2062859 0.1456121 0.1571940 0.1876552 0.1139920 0.2080782 0.0940927 0.0595582 0.0516575 0.0960018 0.0597000 0.1579980 0.0774319 0.1125594 0.0640581 0.0692822 0.0570113 0.1220483 0.1990181 0.1563616 0.1324840 0.1941903 0.1002606 0.2360522 0.2069550 0.2580324 0.2711418 0.0774520 0.0789197 0.1802628 0.2122541 0.2103105 0.2580777 0.1424329 0.1490158 0.1201876 0.2146560 
Perityle_gentryi_8_san_francisco           0.1140310 0.1112457 0.1648243 0.1636259 0.1173155 0.1409292 0.2475609 0.0911424 0.1289143 0.1299220 0.1172029 0.0870953 0.0358532 0.0147364 0.0000010 0.0797994 0.0905258 0.0678521 0.0425309 0.0384661 0.0590130 0.0398059 0.0732786 0.0478901 0.2589279 0.1466006 0.1430934 0.0521995 0.0747991 0.1272314 0.2673834 0.1070314 0.0436489 0.0783278 0.1801746 0.0441925 0.0960267 0.0000000 0.1181688 0.1022049 0.1720536 0.1131658 0.1208184 0.1433098 0.0709691 0.0384525 0.1937332 0.1292899 0.1340484 0.0807405 0.0927330 0.0477754 0.0589817 0.0396263 0.0533668 0.1154216 0.0465034 0.0877423 0.0501100 0.1163978 0.0536396 0.0699554 0.0413695 0.1381187 0.1313997 0.1255884 0.1380855 0.0490903 0.0642610 0.1138149 0.1362819 0.1165876 0.1309080 0.0497294 0.1111086 0.1140721 0.1075316 0.0914135 0.2173884 0.0874530 0.1298581 0.1735015 0.1587625 
Perityle_gilensis_22_Superstition          0.0842464 0.1049497 0.2218623 0.1725487 0.1017283 0.1541805 0.2813618 0.1501239 0.2063320 0.1090808 0.0637640 0.0673420 0.0000010 0.0489377 0.0207227 0.1484283 0.0899933 0.0377086 0.0244912 0.0059324 0.0187163 0.0250348 0.1518873 0.0094487 0.2074355 0.1875735 0.1383374 0.0588064 0.0655147 0.2072118 0.3886256 0.0689906 0.0047253 0.0459632 0.3005350 0.0141594 0.2174408 0.1181688 0.0000000 0.0741030 0.2747363 0.0785517 0.2318601 0.3053105 0.0295111 0.0220744 0.1945429 0.0849033 0.2982513 0.0452365 0.0667915 0.0131528 0.0261253 0.0065201 0.0449258 0.0767769 0.0249591 0.0418547 0.0415528 0.0879993 0.0530729 0.0596090 0.0251298 0.1539884 0.2190341 0.1759220 0.1169729 0.1717148 0.0157557 0.0990996 0.0616584 0.1706408 0.0700982 0.0309997 0.0719865 0.1599349 0.1105394 0.1786884 0.2298706 0.0546817 0.1050855 0.1419761 0.2237770 
Perityle_gilensis_salensis_225             0.1072489 0.1379305 0.2169282 0.2085040 0.1292934 0.1900683 0.3348497 0.2039135 0.1774251 0.0475122 0.0989303 0.0848592 0.0205353 0.0826872 0.0275450 0.1892223 0.1391302 0.0412687 0.0421919 0.0209285 0.0363639 0.0611343 0.1655322 0.0207906 0.1959803 0.1560916 0.0872329 0.0904002 0.0933542 0.2153972 0.4113458 0.0978566 0.0181056 0.0802212 0.2842596 0.0286567 0.2000861 0.1022049 0.0741030 0.0000000 0.2493805 0.0959606 0.2147662 0.2314847 0.0454990 0.0447131 0.1857263 0.0439768 0.2591438 0.0681607 0.0779236 0.0485100 0.0507649 0.0202577 0.0701209 0.1141308 0.0586415 0.0479505 0.0517275 0.1274841 0.0873593 0.0915185 0.0580594 0.0827785 0.1964328 0.1486068 0.1426679 0.2011090 0.0333542 0.1048225 0.0762164 0.2027553 0.1205553 0.0491331 0.0610653 0.1935793 0.1587482 0.2183386 0.2471521 0.0555500 0.1362553 0.1078579 0.2521132 
Perityle_glaucescens_94                    0.1149769 0.1554050 0.2061961 0.2032765 0.1818990 0.1951556 0.3340904 0.2012521 0.2790327 0.1437778 0.1826803 0.1454660 0.0558934 0.0898049 0.0362000 0.1894031 0.2065664 0.1117302 0.0836344 0.0615318 0.0727426 0.1410122 0.1178346 0.0734536 0.3698992 0.2083342 0.1617208 0.1029061 0.1165100 0.1629356 0.4479339 0.1169762 0.0765849 0.0828251 0.0924724 0.0688491 0.1286477 0.1720536 0.2747363 0.2493805 0.0000000 0.1537369 0.0191454 0.1558872 0.0923222 0.0857148 0.2816290 0.2140230 0.0103877 0.2353210 0.1320395 0.2812428 0.0949760 0.0778306 0.0745054 0.1118220 0.0807424 0.1979097 0.0814347 0.0941312 0.1022332 0.0964068 0.0792068 0.1910562 0.2918491 0.2056983 0.1761295 0.2156576 0.1117280 0.2494862 0.2832650 0.3345706 0.2978734 0.0910245 0.1269093 0.1994471 0.2553476 0.2723559 0.2576676 0.1994185 0.1582811 0.2128254 0.2317549 
Perityle_gracilis_11                       0.1004386 0.1334364 0.1321613 0.1836022 0.0676712 0.1468678 0.2722318 0.1057369 0.1365261 0.0907422 0.0928448 0.0453665 0.0265037 0.0979280 0.0280351 0.1053020 0.0962310 0.0798642 0.0424541 0.0018978 0.0460047 0.0325954 0.0887346 0.0252503 0.1277829 0.1102221 0.1329148 0.0899848 0.0843590 0.1438479 0.2406491 0.1040611 0.0404439 0.0801485 0.1405153 0.0184495 0.1278289 0.1131658 0.0785517 0.0959606 0.1537369 0.0000000 0.1417745 0.1384887 0.0691575 0.0500822 0.0179714 0.0996242 0.1391526 0.0707745 0.0750070 0.0420324 0.0325961 0.0448494 0.0655832 0.0927617 0.0621082 0.0912784 0.0000010 0.1387978 0.0951198 0.0949357 0.0467078 0.1145647 0.1459909 0.0448319 0.1568892 0.0757976 0.0185487 0.1065468 0.0976285 0.1591551 0.0518404 0.0020901 0.0632124 0.0633856 0.1318847 0.1224458 0.1543171 0.0772638 0.1210648 0.0000010 0.1592020 
Perityle_harkerae_31                       0.1231601 0.1697312 0.1808761 0.2051115 0.1847869 0.2024092 0.3244667 0.1788065 0.2494655 0.1095692 0.1829558 0.1486824 0.0558629 0.1042892 0.0361982 0.1881719 0.2129491 0.1172251 0.0913008 0.0683156 0.0729156 0.1445545 0.1148603 0.0808423 0.3094858 0.1756270 0.1186645 0.0995138 0.1189535 0.1539703 0.4016681 0.1230711 0.0820570 0.0825936 0.0329273 0.0712544 0.1128033 0.1208184 0.2318601 0.2147662 0.0191454 0.1417745 0.0000000 0.0908023 0.0978764 0.0855032 0.2397935 0.1799815 0.0153066 0.2257046 0.1315616 0.2679547 0.0989299 0.0815263 0.0834971 0.1000902 0.0828069 0.2037851 0.0866473 0.0909624 0.0982968 0.0982761 0.0894764 0.1600055 0.2535504 0.1803583 0.1511564 0.2311625 0.1165565 0.2269447 0.2201217 0.2987647 0.2718400 0.0961418 0.1101581 0.2085805 0.2560768 0.2554498 0.2680954 0.2039599 0.1522843 0.1554175 0.2174116 
Perityle_hofmeisteria_4_nombre_de_dios     0.1224270 0.1338217 0.1610103 0.1965778 0.1670568 0.1809430 0.3141182 0.2051805 0.2468287 0.1288347 0.1742431 0.1527678 0.0414090 0.0906261 0.0209044 0.1660050 0.1933352 0.1044561 0.0787442 0.0602035 0.0393191 0.1236861 0.1006710 0.0709842 0.4749629 0.2655783 0.1366177 0.0647156 0.0858182 0.1412675 0.4849033 0.1102720 0.0705191 0.0793714 0.1935979 0.0598644 0.0889154 0.1433098 0.3053105 0.2314847 0.1558872 0.1384887 0.0908023 0.0000000 0.0871684 0.0634337 0.2696005 0.2000667 0.1491192 0.2264730 0.1150965 0.2510507 0.0950874 0.0696378 0.0476020 0.1083818 0.0510954 0.1781884 0.0787341 0.1019369 0.0653821 0.0820807 0.0617019 0.2277773 0.2409818 0.2652588 0.1472466 0.2241298 0.1120134 0.2702285 0.2910463 0.3670509 0.3441983 0.0810525 0.1253157 0.1986757 0.2527215 0.2642768 0.2676496 0.1697019 0.1460210 0.2104355 0.2240171 
Perityle_huecosensis_48                    0.1113997 0.1280612 0.1313088 0.1908858 0.0996291 0.1540575 0.2810410 0.1126377 0.0887165 0.0363040 0.0940613 0.0489872 0.0127315 0.0869418 0.0205609 0.0969170 0.0967730 0.0419866 0.0222587 0.0208657 0.0253128 0.0255842 0.0613538 0.0253699 0.1435305 0.0978955 0.0933827 0.0813122 0.0859707 0.1181872 0.2063201 0.1067027 0.0211505 0.0822369 0.0966624 0.0208779 0.0812043 0.0709691 0.0295111 0.0454990 0.0923222 0.0691575 0.0978764 0.0871684 0.0000000 0.0426721 0.0993441 0.0473238 0.0827442 0.0244286 0.0800474 0.0254800 0.0354992 0.0202480 0.0722166 0.1065068 0.0585439 0.0402392 0.0316243 0.1303171 0.0942622 0.0871696 0.0548090 0.0683261 0.0936416 0.0717881 0.1208783 0.0746879 0.0294157 0.0937196 0.0597202 0.1370800 0.1082103 0.0446983 0.0340608 0.1050756 0.1286843 0.1020656 0.1895975 0.0425299 0.1286532 0.0672813 0.1405690 
