82
Amauria_brandeegeana_62                    0.0000000 0.0796374 0.3565124 0.2118280 0.1414638 0.2260064 0.3119721 0.2516516 0.2122445 0.2749328 0.2688694 0.1850563 0.3320274 0.0960638 0.1574846 0.1128265 0.7562357 0.3087185 0.1812938 0.1795053 0.1885125 0.1526219 0.3391510 0.1789641 0.2057202 0.1934978 0.2313521 0.2379548 0.1625377 0.2173899 0.2441274 0.2019403 0.1900307 0.0657462 0.2113045 0.1867238 0.2159925 0.1736438 0.2574868 0.1976138 0.2019029 0.3320072 0.2038582 0.1819418 0.2273522 0.1595398 0.2964108 0.2099767 0.1800141 0.2314662 0.2173373 0.1937282 0.3320019 0.1974219 0.3139832 0.0806950 0.1840510 0.1498971 0.2709853 0.1431878 0.2490157 0.1777472 0.1485862 0.2029548 0.1991399 0.2716924 0.2489937 0.1632704 0.1899416 0.1560820 0.2628438 0.1841502 0.1866550 0.1915467 0.0862642 0.2716248 0.3838062 0.1964870 0.1787699 0.1820670 0.1844332 0.1484183 
Amauria_rotundifolia_SRR9119150            0.0796374 0.0000000 0.3765901 0.1808553 0.1653266 0.2575337 0.3350494 0.2475935 0.1853815 0.2380406 0.3021802 0.1699307 0.3614279 0.1225795 0.1560264 0.1144549 0.3174669 0.3266233 0.1779371 0.1659931 0.1737836 0.1415935 0.3568582 0.1675091 0.1987188 0.1876444 0.1943757 0.2506403 0.1866384 0.3173574 0.2418834 0.2208806 0.1679865 0.0042516 0.2135176 0.1696565 0.1880574 0.1828212 0.2338860 0.1772654 0.2013935 0.3677651 0.1803571 0.1621172 0.2047384 0.1552130 0.2722457 0.2248589 0.1702571 0.2123650 0.1920608 0.1825400 0.3651843 0.1843561 0.3381688 0.0919869 0.1691700 0.1382021 0.3022075 0.1688071 0.2620181 0.1861616 0.1476115 0.1717665 0.1893972 0.2428997 0.2126002 0.1910496 0.1722730 0.1488878 0.2422942 0.1727137 0.1790822 0.1793470 0.1008116 0.2394094 0.3120059 0.1576417 0.1677292 0.3292534 0.1678165 0.1548482 
Conoclinium_coelestinum_SRR9119114         0.3565124 0.3765901 0.0000000 0.3599341 0.1496410 0.2493897 0.2941361 0.2975668 0.3387919 0.3407334 0.3070697 0.3693761 0.3533259 0.1202840 0.3252387 0.2966180 0.6492986 0.3284247 0.3601128 0.3593402 0.3683097 0.3544459 0.3513031 0.3600880 0.3515789 0.3649475 0.3884602 0.3487575 0.1578921 0.4029507 0.3233506 0.3399891 0.3634529 0.3821530 0.4742834 0.3620414 0.3615617 0.3593657 0.3594286 0.3647071 0.3618323 0.3687919 0.3962474 0.3683683 0.3501645 0.3672631 0.3609207 0.3604944 0.3506915 0.4011256 0.4051705 0.3476709 0.3568437 0.3357339 0.3127865 0.2491380 0.3727661 0.3599365 0.2999512 0.1682011 0.3267966 0.1571459 0.3709810 0.3928107 0.3579707 0.4328015 0.4157717 0.1662270 0.3841384 0.3714847 0.3807324 0.3641161 0.3553821 0.3700519 0.2688760 0.4283332 0.3810567 0.3831675 0.3675067 0.3362001 0.3551040 0.3303037 
Eutetras_palmeri_63                        0.2118280 0.1808553 0.3599341 0.0000000 0.1310507 0.3837200 0.2689250 0.2135845 0.0927943 0.2073665 0.2605256 0.1217712 0.2993642 0.1023538 0.1203359 0.0930300 0.2244960 0.2559437 0.1244748 0.1143041 0.1202866 0.1233959 0.2961495 0.1164107 0.1264559 0.1228974 0.0897234 0.1488873 0.1326051 0.2176105 0.2392984 0.1011776 0.1178995 0.1926009 0.2384730 0.1210266 0.0994796 0.1345233 0.2558917 0.1232160 0.1179989 0.3040477 0.1229567 0.1283181 0.1508771 0.1192374 0.2576602 0.1163645 0.1241796 0.1687349 0.2560336 0.1206364 0.3019571 0.1077041 0.2533964 0.0786862 0.1207539 0.1012075 0.2560535 0.1182151 0.4041693 0.1603639 0.1132093 0.0903584 0.1179136 0.2315986 0.2076558 0.1389862 0.1540162 0.1274232 0.1308378 0.1239452 0.1227199 0.1159389 0.0745043 0.2321123 0.1008519 0.1961327 0.1109225 0.3538355 0.1110349 0.0832605 
Eutetras_pringlei_149_quer                 0.1414638 0.1653266 0.1496410 0.1310507 0.0000000 0.0472843 0.0431191 0.0938310 0.1075906 0.0588738 0.0485528 0.1284268 0.0476852 0.0088283 0.1198040 0.1217151 1.4014865 0.0592289 0.1354466 0.1240997 0.1323636 0.1242592 0.0674131 0.1264727 0.1522051 0.0846002 0.1157996 0.1301541 0.0390496 0.1158338 0.0450008 0.1048215 0.0914506 0.1535711 0.1498113 0.1223807 0.0954464 0.1329841 0.0552191 0.1214401 0.1439177 0.0548632 0.1515899 0.1344208 0.0931850 0.1331259 0.0472404 0.1017395 0.0978109 0.1275852 0.1303307 0.1414510 0.0546484 0.1286385 0.0542749 0.0893523 0.1273774 0.1264416 0.0565107 0.0569773 0.0821878 0.0129931 0.1162978 0.1173939 0.1279966 0.1451513 0.1444922 0.0136325 0.1286877 0.1297335 0.1610995 0.1323636 0.0776072 0.1207088 0.0938926 0.1120806 0.1278485 0.0787970 0.1160627 0.1035809 0.1142494 0.1149093 
Eutrochium_fistulosum_SRR9119106           0.2260064 0.2575337 0.2493897 0.3837200 0.0472843 0.0000000 0.1911404 0.3232012 0.4341352 0.3935766 0.2572371 0.4369436 0.2523861 0.1125248 0.4207294 0.2587301 1.0681204 0.3805622 0.3748777 0.3911838 0.3934932 0.3562395 0.2594190 0.4315533 0.3758913 0.4536680 0.4282570 0.2952029 0.1235722 0.4257645 0.3192247 0.3507206 0.4344660 0.2102140 0.3319666 0.3721070 0.4253891 0.3690978 0.3277701 0.4125541 0.3637644 0.3266996 0.4001345 0.3889899 0.3081040 0.3617959 0.3482717 0.3933227 0.4425543 0.5361399 0.4666656 0.3843621 0.2770940 0.2671188 0.1683469 0.1909848 0.4225832 0.3547998 0.2921648 0.0944542 0.1449053 0.1152988 0.3422520 0.3607443 0.4240887 0.3951665 0.4771586 0.1093542 0.4094005 0.3633778 0.3575784 0.4247750 0.3939530 0.4445277 0.2023695 0.4691479 0.5879563 0.4400810 0.4307123 0.3587195 0.3169220 0.4140828 
Galeana_pratensis_104_mex                  0.3119721 0.3350494 0.2941361 0.2689250 0.0431191 0.1911404 0.0000000 0.1895624 0.2519623 0.2173432 0.1510099 0.2605891 0.2085979 0.0279203 0.2549787 0.1356552 1.6113486 0.1978167 0.2596130 0.2557004 0.2585435 0.2716684 0.2109052 0.2591147 0.2447349 0.2343633 0.2685198 0.1834889 0.0413751 0.2338263 0.2734999 0.2488696 0.2329639 0.3401839 0.3467819 0.2533668 0.2316656 0.2697235 0.2393468 0.2731638 0.2922341 0.2381938 0.2283618 0.2558424 0.1559230 0.2564057 0.2300336 0.2822260 0.2411071 0.2927932 0.4015099 0.2514821 0.2280810 0.2209570 0.1593560 0.0793670 0.2558579 0.2711548 0.1996990 0.0232180 0.3753200 0.0562000 0.2561534 0.2651171 0.2465031 0.3184069 0.3096881 0.0515346 0.2686808 0.2993035 0.2421143 0.2642222 0.2296745 0.2724051 0.0952286 0.3074165 0.2844222 0.2174293 0.2538385 0.1657458 0.2557981 0.2174945 
Helianthus_annuus_SRR9119062               0.2516516 0.2475935 0.2975668 0.2135845 0.0938310 0.3232012 0.1895624 0.0000000 0.2511039 0.2310612 0.2199350 0.2280804 0.2262532 0.1289358 0.2163985 0.2045581 0.3459350 0.2561389 0.2321076 0.2227822 0.2284947 0.2246461 0.2243573 0.2245928 0.2202618 0.2259723 0.2523223 0.3004904 0.1842711 0.2878457 0.2213486 0.2636432 0.2346549 0.2687486 0.2786713 0.2322202 0.2224763 0.2522658 0.2248517 0.2317655 0.2304218 0.2185068 0.2354817 0.2243364 0.2209637 0.2267073 0.2226733 0.2316456 0.2300780 0.2461586 0.2847149 0.2110361 0.2164686 0.2253103 0.1824279 0.1796882 0.2303354 0.2108196 0.2520013 0.1805972 0.3291355 0.1630222 0.2259165 0.2504406 0.2112245 0.2985918 0.2659654 0.1567701 0.2377380 0.2278702 0.2661523 0.2279438 0.2255459 0.2225064 0.1805105 0.2976035 0.2423831 0.2497090 0.2231057 0.3633254 0.2040467 0.1943642 
Lycapsus_tenuifolius_17                    0.2122445 0.1853815 0.3387919 0.0927943 0.1075906 0.4341352 0.2519623 0.2511039 0.0000000 0.2492522 0.2641068 0.1210498 0.2958744 0.1022144 0.1157533 0.0954517 0.2141516 0.2883006 0.1185848 0.1180866 0.1234416 0.1404976 0.2990461 0.1232989 0.1590348 0.1425864 0.1047810 0.0630909 0.1344464 0.2237389 0.2663494 0.0000010 0.1411753 0.2100568 0.2532534 0.1161165 0.1080155 0.1335435 0.3007086 0.1327444 0.1330169 0.3311402 0.1458274 0.1227396 0.1279256 0.1505438 0.2886713 0.1337367 0.1311630 0.2322890 0.2685595 0.1100167 0.3020244 0.1055895 0.2460140 0.0856357 0.1269350 0.1410940 0.2478033 0.1220794 0.4316308 0.1749972 0.1352955 0.1209102 0.1290522 0.2428941 0.2675196 0.1513283 0.1486813 0.1430929 0.0558270 0.1401476 0.1305698 0.1344881 0.0946850 0.2996919 0.1619728 0.2230836 0.1303331 0.3287932 0.1172014 0.0751122 
Pericome_caudata_50_silver                 0.2749328 0.2380406 0.3407334 0.2073665 0.0588738 0.3935766 0.2173432 0.2310612 0.2492522 0.0000000 0.2158084 0.2262600 0.1741586 0.1134330 0.2072186 0.1411046 0.2524857 0.1611750 0.2021519 0.2165469 0.2095725 0.2210275 0.1766332 0.2258449 0.2365225 0.2254390 0.2488851 0.2226269 0.1474946 0.3157751 0.1613068 0.2361813 0.2280836 0.2560599 0.3094359 0.2056188 0.2212934 0.2186237 0.2154353 0.2307523 0.2419471 0.1997001 0.2491173 0.2044261 0.1899199 0.2381958 0.2026327 0.2521886 0.2191379 0.3407570 0.3343706 0.1842017 0.1640549 0.1686672 0.1301181 0.1298702 0.2239375 0.2234643 0.1896685 0.1080200 0.3589852 0.1283059 0.2106482 0.2536721 0.2271603 0.2898452 0.3230007 0.1108820 0.2352041 0.2297539 0.2322854 0.2396073 0.2264391 0.2203783 0.1373136 0.3538041 0.3405713 0.2925596 0.2287052 0.3416914 0.1873741 0.1953698 
Perityle_aglossa_84_dead_horse             0.2688694 0.3021802 0.3070697 0.2605256 0.0485528 0.2572371 0.1510099 0.2199350 0.2641068 0.2158084 0.0000000 0.2682191 0.0477632 0.0000010 0.2438343 0.1975390 0.9686964 0.2242993 0.2501466 0.2551999 0.2744673 0.2562662 0.0397018 0.2716796 0.2153924 0.2541070 0.2728359 0.2638569 0.1302688 0.2518386 0.1869610 0.2599707 0.2421894 0.2865829 0.3138382 0.2421341 0.2540465 0.2628929 0.0554054 0.2716213 0.2892437 0.0467375 0.2795512 0.2532066 0.2737589 0.2759078 0.0440933 0.2465471 0.2506607 0.2695187 0.3171204 0.2089570 0.0569597 0.2290419 0.0718097 0.1691872 0.2729260 0.2529507 0.1905876 0.0891842 0.2722478 0.0070521 0.2490376 0.2715478 0.2117522 0.2636401 0.2572913 0.0000010 0.2854419 0.2607939 0.2765265 0.2661156 0.2551129 0.2547960 0.1743122 0.2610541 0.2750830 0.2792846 0.2539767 0.2383662 0.2366284 0.2312512 
Perityle_ajoensis_204                      0.1850563 0.1699307 0.3693761 0.1217712 0.1284268 0.4369436 0.2605891 0.2280804 0.1210498 0.2262600 0.2682191 0.0000000 0.3011379 0.1066648 0.0380231 0.0219406 0.2463244 0.2866657 0.0337376 0.0168988 0.0058405 0.0494665 0.2976583 0.0027449 0.0601879 0.0696314 0.1257808 0.1724843 0.1847356 0.2183200 0.2719387 0.1272877 0.0467963 0.1793051 0.2408919 0.0320937 0.1107982 0.0520303 0.2342614 0.0290950 0.1465658 0.3170265 0.1294835 0.0436184 0.1306390 0.0029626 0.2648951 0.1542847 0.0446355 0.1035759 0.2223814 0.0520365 0.3026112 0.0932944 0.2553008 0.0425144 0.0062287 0.0076835 0.2514004 0.1580484 0.4276718 0.1794549 0.0424956 0.1266366 0.0492621 0.2467116 0.2354242 0.1606514 0.0738237 0.0544352 0.1563532 0.0060582 0.0041118 0.0356161 0.0019868 0.2716302 0.1284130 0.1517625 0.0400264 0.3324129 0.0208562 0.0509513 
Perityle_ambrosiifolia_67_green            0.3320274 0.3614279 0.3533259 0.2993642 0.0476852 0.2523861 0.2085979 0.2262532 0.2958744 0.1741586 0.0477632 0.3011379 0.0000000 0.0031122 0.2822094 0.2324322 0.7692962 0.1878711 0.2856652 0.2769873 0.3047603 0.3343750 0.0153899 0.3029736 0.3044156 0.3054123 0.3085257 0.2986861 0.1489411 0.2421208 0.1941111 0.3021016 0.2673330 0.3468524 0.3696653 0.2751700 0.3399609 0.2852102 0.0674459 0.2948344 0.3224840 0.0196551 0.3692730 0.2971098 0.2791251 0.2981646 0.0238835 0.2892576 0.2726279 0.3262290 0.4186131 0.2405589 0.0241797 0.2587515 0.0607854 0.1823572 0.3068926 0.2825949 0.1884302 0.1274775 0.3181659 0.0156766 0.2780397 0.3031283 0.2344046 0.3608393 0.3993175 0.0079607 0.3104451 0.3416873 0.3184983 0.3453292 0.2803712 0.2812261 0.1915962 0.3603245 0.3602441 0.3321437 0.2862544 0.2757333 0.2743115 0.2573744 
Perityle_angustifolia_13_Eagle_creek       0.0960638 0.1225795 0.1202840 0.1023538 0.0088283 0.1125248 0.0279203 0.1289358 0.1022144 0.1134330 0.0000010 0.1066648 0.0031122 0.0000000 0.0991320 0.0881058 1.3005729 0.1203063 0.1098101 0.1001866 0.1005082 0.0975493 0.0061713 0.1032958 0.1055628 0.1162448 0.1071449 0.1394086 0.1063777 0.1045066 0.1102524 0.1085784 0.1102179 0.0919365 0.1443482 0.0861766 0.1128308 0.1031015 0.0092370 0.1057152 0.1320970 0.0000010 0.1285900 0.1058351 0.0971749 0.1094596 0.0031196 0.1318288 0.1015335 0.1113038 0.0998858 0.0850829 0.0031516 0.1120800 0.0308483 0.0915460 0.1010619 0.0938924 0.1098496 0.0678053 0.0860415 0.0075335 0.0930414 0.1238289 0.0843202 0.1239626 0.1242044 0.0000010 0.1041072 0.1104107 0.1427446 0.1005819 0.0967072 0.1031476 0.1235847 0.1337359 0.1076096 0.0835526 0.1078602 0.1738796 0.1006899 0.0917803 
Perityle_batopilensis_97                   0.1574846 0.1560264 0.3252387 0.1203359 0.1198040 0.4207294 0.2549787 0.2163985 0.1157533 0.2072186 0.2438343 0.0380231 0.2822094 0.0991320 0.0000000 0.0187731 0.2474917 0.2693226 0.0295084 0.0223382 0.0376547 0.0518774 0.2806128 0.0379907 0.0590214 0.0561451 0.1234996 0.1527236 0.1570528 0.2127494 0.2517050 0.1150702 0.0379903 0.1611805 0.2211508 0.0314209 0.1083879 0.0090964 0.2331193 0.0375561 0.1388693 0.3057917 0.1348890 0.0459816 0.1245347 0.0312369 0.2542937 0.1452640 0.0339694 0.1022677 0.2184710 0.0555172 0.2857598 0.0845646 0.2433887 0.0234553 0.0418096 0.0230068 0.2264114 0.1445449 0.4139712 0.1666240 0.0339225 0.1243681 0.0518869 0.2196654 0.2414792 0.1457081 0.0778942 0.0564206 0.1392314 0.0375901 0.0345450 0.0367615 0.0173401 0.2575515 0.1388069 0.1481311 0.0317783 0.3080089 0.0282823 0.0422316 
Perityle_bisetosa_9                        0.1128265 0.1144549 0.2966180 0.0930300 0.1217151 0.2587301 0.1356552 0.2045581 0.0954517 0.1411046 0.1975390 0.0219406 0.2324322 0.0881058 0.0187731 0.0000000 0.2919620 0.2024423 0.0108846 0.0000010 0.0261061 0.0083211 0.2369219 0.0233871 0.0318659 0.0393834 0.0929776 0.1504032 0.1565252 0.1674668 0.1688554 0.1080822 0.0193776 0.1083147 0.1269842 0.0081955 0.0710184 0.0350715 0.1895862 0.0193096 0.0967010 0.2276087 0.0875008 0.0013459 0.0920295 0.0246887 0.1872863 0.0965827 0.0068992 0.0191034 0.1070038 0.0272646 0.2330638 0.0742865 0.2246815 0.0341335 0.0233505 0.0098161 0.1806648 0.1449349 0.2395067 0.1677869 0.0082850 0.0965605 0.0300342 0.1326789 0.1201259 0.1403224 0.0136270 0.0123202 0.1314671 0.0248728 0.0267407 0.0162799 0.0164781 0.1250160 0.0917181 0.0279454 0.0153280 0.2532725 0.0180719 0.0205729 
Perityle_californica_76_positas            0.7562357 0.3174669 0.6492986 0.2244960 1.4014865 1.0681204 1.6113486 0.3459350 0.2141516 0.2524857 0.9686964 0.2463244 0.7692962 1.3005729 0.2474917 0.2919620 0.0000000 0.6197479 0.2913590 0.3090903 0.2915142 0.2150527 0.8811471 0.2804605 0.2245232 0.2224817 0.2448669 0.4995673 0.8108765 0.7732093 0.3646181 0.5231613 0.2463553 0.7552361 0.3048367 0.2984667 0.1764207 0.3472610 0.2526554 0.3123761 0.1798855 0.8064468 0.1836355 0.2629530 0.2529672 0.3159677 0.3648420 0.2798671 0.2696912 0.2632626 0.3050820 0.2506821 0.8021869 0.2635930 0.8195326 0.6552291 0.2552707 0.2318746 0.6796196 1.2644057 0.9965558 1.3585140 0.2045905 0.2335349 0.2662859 0.6495989 0.2372087 1.6182170 0.2251152 0.2144446 0.2467295 0.2530743 0.3863407 0.2581316 0.7357169 0.7278264 0.2227689 0.2509274 0.2358834 0.8554536 0.2678706 0.2389333 
Perityle_canescens_77                      0.3087185 0.3266233 0.3284247 0.2559437 0.0592289 0.3805622 0.1978167 0.2561389 0.2883006 0.1611750 0.2242993 0.2866657 0.1878711 0.1203063 0.2693226 0.2024423 0.6197479 0.0000000 0.2666733 0.2623572 0.2696576 0.2880927 0.1742192 0.2899055 0.2877859 0.3103496 0.3127570 0.2518063 0.0677742 0.2811663 0.1030742 0.2654468 0.2944249 0.3101581 0.3912840 0.2512540 0.2769496 0.2641301 0.2154490 0.2864760 0.3127169 0.2036785 0.3211242 0.2692337 0.2428923 0.2978417 0.2043676 0.3113251 0.2843189 0.3971538 0.4655675 0.2399161 0.1723139 0.2234632 0.1504136 0.1632412 0.2791922 0.2869675 0.1019758 0.0548529 0.3609825 0.1361917 0.2845891 0.3124884 0.2831090 0.3398029 0.3979021 0.1317905 0.3070301 0.2981862 0.2770291 0.2965454 0.2652606 0.2946084 0.1761587 0.3951157 0.3557433 0.3999894 0.3063957 0.2861623 0.2568731 0.2552911 
Perityle_castillonii_96                    0.1812938 0.1779371 0.3601128 0.1244748 0.1354466 0.3748777 0.2596130 0.2321076 0.1185848 0.2021519 0.2501466 0.0337376 0.2856652 0.1098101 0.0295084 0.0108846 0.2913590 0.2666733 0.0000000 0.0170722 0.0360124 0.0263142 0.2893294 0.0325592 0.0545008 0.0567028 0.1224337 0.1669353 0.1778617 0.1981533 0.2416718 0.1325482 0.0377548 0.1836020 0.2081411 0.0315718 0.0984157 0.0496328 0.2515832 0.0398446 0.1307788 0.2878269 0.1180276 0.0340300 0.1088178 0.0336338 0.2431053 0.1350699 0.0345705 0.0730011 0.2043832 0.0483496 0.2870893 0.0879503 0.2673434 0.0399978 0.0337180 0.0196018 0.2457439 0.1566020 0.3790943 0.1883680 0.0274080 0.1225432 0.0542367 0.2308489 0.2201971 0.1598335 0.0337154 0.0292557 0.1510905 0.0351687 0.0367351 0.0406857 0.0241249 0.2344044 0.1164291 0.1131864 0.0344259 0.2720968 0.0325037 0.0382287 
Perityle_cernua_84                         0.1795053 0.1659931 0.3593402 0.1143041 0.1240997 0.3911838 0.2557004 0.2227822 0.1180866 0.2165469 0.2551999 0.0168988 0.2769873 0.1001866 0.0223382 0.0000010 0.3090903 0.2623572 0.0170722 0.0000000 0.0173295 0.0297567 0.2788826 0.0158340 0.0454755 0.0561492 0.1190033 0.1613596 0.1698037 0.1882440 0.2412519 0.1230846 0.0291091 0.1711718 0.2350986 0.0100320 0.0973457 0.0421583 0.2407560 0.0222881 0.1284804 0.2855601 0.1149951 0.0180190 0.1017896 0.0179335 0.2424417 0.1352743 0.0237131 0.0912520 0.2234835 0.0378885 0.2797818 0.0759782 0.2468323 0.0340659 0.0179942 0.0064955 0.2388046 0.1491806 0.4043726 0.1707338 0.0232656 0.1215993 0.0428004 0.2344215 0.2371043 0.1493746 0.0455155 0.0326535 0.1500432 0.0159589 0.0192035 0.0243759 0.0102122 0.2474180 0.1143449 0.1509800 0.0283020 0.2671097 0.0208242 0.0385567 
Perityle_cfvillosa_25_tin                  0.1885125 0.1737836 0.3683097 0.1202866 0.1323636 0.3934932 0.2585435 0.2284947 0.1234416 0.2095725 0.2744673 0.0058405 0.3047603 0.1005082 0.0376547 0.0261061 0.2915142 0.2696576 0.0360124 0.0173295 0.0000000 0.0350339 0.2956862 0.0029120 0.0578675 0.0664294 0.1175512 0.1683310 0.1832529 0.2168925 0.2492147 0.1333453 0.0459845 0.1823642 0.2372522 0.0319623 0.0967300 0.0519768 0.2340251 0.0291495 0.1384724 0.2988064 0.1153494 0.0447068 0.1213227 0.0020687 0.2418575 0.1423477 0.0428797 0.0956839 0.2168419 0.0518135 0.3032975 0.0935148 0.2629292 0.0448354 0.0038772 0.0070730 0.2494389 0.1559963 0.4015242 0.1799754 0.0407202 0.1168736 0.0484769 0.2461349 0.2248174 0.1610504 0.0716738 0.0397689 0.1557633 0.0039044 0.0053289 0.0331386 0.0019947 0.2472085 0.1144223 0.1421367 0.0399448 0.3341116 0.0219954 0.0501966 
Perityle_coahuilensis_24                   0.1526219 0.1415935 0.3544459 0.1233959 0.1242592 0.3562395 0.2716684 0.2246461 0.1404976 0.2210275 0.2562662 0.0494665 0.3343750 0.0975493 0.0518774 0.0083211 0.2150527 0.2880927 0.0263142 0.0297567 0.0350339 0.0000000 0.2684470 0.0500036 0.0972317 0.0701393 0.1325374 0.1632334 0.1694927 0.2390214 0.2486915 0.1333553 0.0517239 0.1456263 0.2097920 0.0189618 0.1217352 0.0602020 0.1601371 0.0324917 0.1378602 0.3073373 0.1355029 0.0329308 0.1181684 0.0446508 0.2364482 0.1507751 0.0496266 0.1036690 0.2077900 0.0608564 0.2859639 0.0848604 0.2502375 0.0382314 0.0494829 0.0320645 0.2400332 0.1565428 0.3392465 0.1705112 0.0330522 0.1410594 0.0720892 0.2511259 0.2332722 0.1564543 0.0514245 0.0000010 0.1516815 0.0496166 0.0500824 0.0440945 0.0121565 0.2755148 0.2346999 0.1222696 0.0468873 0.3124381 0.0213383 0.0677533 
Perityle_cochisensis_44_cave_creek         0.3391510 0.3568582 0.3513031 0.2961495 0.0674131 0.2594190 0.2109052 0.2243573 0.2990461 0.1766332 0.0397018 0.2976583 0.0153899 0.0061713 0.2806128 0.2369219 0.8811471 0.1742192 0.2893294 0.2788826 0.2956862 0.2684470 0.0000000 0.2969771 0.2676404 0.2824795 0.2995587 0.2984137 0.1496629 0.2554034 0.1645391 0.3062878 0.2726413 0.3513611 0.3710485 0.2745680 0.2787194 0.2821968 0.0173991 0.2966794 0.3205379 0.0129024 0.3120786 0.2961989 0.2661418 0.2983832 0.0108819 0.2946963 0.2700773 0.3332186 0.4297322 0.2494615 0.0151644 0.2590399 0.0643535 0.1911155 0.2969142 0.2828330 0.1749574 0.1258548 0.3333670 0.0155930 0.2795591 0.3044489 0.2473648 0.3740864 0.3683166 0.0079912 0.3087300 0.2818156 0.3231930 0.2911036 0.2776814 0.2865376 0.2010070 0.3752739 0.2941625 0.3407775 0.2984907 0.2743690 0.2800927 0.2466220 
Perityle_congesta_202                      0.1789641 0.1675091 0.3600880 0.1164107 0.1264727 0.4315533 0.2591147 0.2245928 0.1232989 0.2258449 0.2716796 0.0027449 0.3029736 0.1032958 0.0379907 0.0233871 0.2804605 0.2899055 0.0325592 0.0158340 0.0029120 0.0500036 0.2969771 0.0000000 0.0631032 0.0696498 0.1225714 0.1705442 0.1823018 0.2209345 0.2642908 0.1269572 0.0472766 0.1758846 0.2385857 0.0286653 0.1067591 0.0496418 0.2552819 0.0290800 0.1408008 0.3211910 0.1287063 0.0424157 0.1236804 0.0029255 0.2644677 0.1535181 0.0458037 0.1044536 0.2200564 0.0527568 0.3036821 0.0920643 0.2572235 0.0402432 0.0037192 0.0075989 0.2457707 0.1570155 0.4301752 0.1820800 0.0410914 0.1231896 0.0544046 0.2447127 0.2489938 0.1574663 0.0718686 0.0553166 0.1548522 0.0036525 0.0030878 0.0362208 0.0019879 0.2725449 0.1401012 0.1581184 0.0395212 0.3322771 0.0197167 0.0519005 
Perityle_cordifolia_27                     0.2057202 0.1987188 0.3515789 0.1264559 0.1522051 0.3758913 0.2447349 0.2202618 0.1590348 0.2365225 0.2153924 0.0601879 0.3044156 0.1055628 0.0590214 0.0318659 0.2245232 0.2877859 0.0545008 0.0454755 0.0578675 0.0972317 0.2676404 0.0631032 0.0000000 0.0725394 0.1550681 0.1756375 0.1721590 0.2031967 0.3369765 0.1287638 0.0821357 0.2036104 0.2509865 0.0525476 0.1399112 0.0732960 0.2250899 0.0610957 0.1707432 0.2888426 0.1850219 0.0648840 0.1122979 0.0877575 0.2091169 0.1758504 0.0555473 0.1734321 0.2376474 0.0018795 0.2678110 0.0992214 0.2584848 0.0683772 0.0648111 0.0944867 0.2075947 0.1721940 0.3831664 0.1878048 0.0841354 0.1935109 0.0082454 0.2560358 0.2810327 0.1675940 0.0900400 0.1017949 0.1578124 0.0891658 0.0581287 0.0526747 0.0523383 0.3207449 0.3066021 0.1747845 0.0634132 0.3207701 0.0443390 0.0511307 
Perityle_cordifolia_68_tecolote            0.1934978 0.1876444 0.3649475 0.1228974 0.0846002 0.4536680 0.2343633 0.2259723 0.1425864 0.2254390 0.2541070 0.0696314 0.3054123 0.1162448 0.0561451 0.0393834 0.2224817 0.3103496 0.0567028 0.0561492 0.0664294 0.0701393 0.2824795 0.0696498 0.0725394 0.0000000 0.1408981 0.1724197 0.1825319 0.2138604 0.2923656 0.1364952 0.0681305 0.1951967 0.2470555 0.0607865 0.1271373 0.0661447 0.2397341 0.0639121 0.1548005 0.3228921 0.1573133 0.0676340 0.1338939 0.0660519 0.2696495 0.1589382 0.0629786 0.1377330 0.2365210 0.0509188 0.2975874 0.0925387 0.2488181 0.0671046 0.0742784 0.0562597 0.2593396 0.1490829 0.4362180 0.1748054 0.0511265 0.1415279 0.0561035 0.2465867 0.2648697 0.1707692 0.0973686 0.0739760 0.1574738 0.0715291 0.0663588 0.0597596 0.0548451 0.3054301 0.1733702 0.1684542 0.0576010 0.3178232 0.0441462 0.0484590 
Perityle_coronopifolia_28_patagonia        0.2313521 0.1943757 0.3884602 0.0897234 0.1157996 0.4282570 0.2685198 0.2523223 0.1047810 0.2488851 0.2728359 0.1257808 0.3085257 0.1071449 0.1234996 0.0929776 0.2448669 0.3127570 0.1224337 0.1190033 0.1175512 0.1325374 0.2995587 0.1225714 0.1550681 0.1408981 0.0000000 0.1494723 0.1857952 0.2213132 0.2989175 0.1046914 0.1310887 0.2131135 0.2640259 0.1132108 0.1015482 0.1332279 0.2840518 0.1335039 0.1308670 0.3371235 0.1320231 0.1244647 0.1385002 0.1341338 0.2834965 0.1413852 0.1361665 0.2147604 0.2672482 0.1182834 0.3054430 0.1144079 0.2555201 0.0953357 0.1259866 0.1242025 0.2701527 0.1639357 0.4502307 0.1745644 0.1239910 0.0045817 0.1388992 0.2498338 0.2666117 0.1526585 0.1383638 0.1362060 0.1307351 0.1341713 0.1257271 0.1299238 0.0869291 0.2983727 0.0557387 0.2065919 0.1362328 0.2940645 0.1135558 0.0993978 
Perityle_crassifolia_70_ventanas           0.2379548 0.2506403 0.3487575 0.1488873 0.1301541 0.2952029 0.1834889 0.3004904 0.0630909 0.2226269 0.2638569 0.1724843 0.2986861 0.1394086 0.1527236 0.1504032 0.4995673 0.2518063 0.1669353 0.1613596 0.1683310 0.1632334 0.2984137 0.1705442 0.1756375 0.1724197 0.1494723 0.0000000 0.1766195 0.2166333 0.2482278 0.0731923 0.1734095 0.2317914 0.2554679 0.1694130 0.1440275 0.1755356 0.3067430 0.1698746 0.1672324 0.2953995 0.1696736 0.1614205 0.1823841 0.1711654 0.3012878 0.1585086 0.1754818 0.1827766 0.2726428 0.1711643 0.2935277 0.1675119 0.2815063 0.1387974 0.1701698 0.1631213 0.2498569 0.1524310 0.3415265 0.2185067 0.1612442 0.1563360 0.1719356 0.2025059 0.2046161 0.1906253 0.1729014 0.1684586 0.0041204 0.1698694 0.1704348 0.1812406 0.1446841 0.2052821 0.1562137 0.2035834 0.1717961 0.2789688 0.1733875 0.0960930 
Perityle_crassifolia_74_playa_balandra     0.1625377 0.1866384 0.1578921 0.1326051 0.0390496 0.1235722 0.0413751 0.1842711 0.1344464 0.1474946 0.1302688 0.1847356 0.1489411 0.1063777 0.1570528 0.1565252 0.8108765 0.0677742 0.1778617 0.1698037 0.1832529 0.1694927 0.1496629 0.1823018 0.1721590 0.1825319 0.1857952 0.1766195 0.0000000 0.1443811 0.0563036 0.1404302 0.1621881 0.1613836 0.1967306 0.1661575 0.1556236 0.1726173 0.1560976 0.1834887 0.1852148 0.1380214 0.1804418 0.1735630 0.1624620 0.1859574 0.1407941 0.1785950 0.1697935 0.1846296 0.1874694 0.1544555 0.1429133 0.1630115 0.1264067 0.1695733 0.1834455 0.1698829 0.0411007 0.0708304 0.0802605 0.1132510 0.1741925 0.1948448 0.1538539 0.1710559 0.1439442 0.1131981 0.1869874 0.1811792 0.1913063 0.1833630 0.1616298 0.1838169 0.1682683 0.1561564 0.1868206 0.1458347 0.1850615 0.2395929 0.1809138 0.1478459 
Perityle_cuneata_34_cuneata_San_antonio    0.2173899 0.3173574 0.4029507 0.2176105 0.1158338 0.4257645 0.2338263 0.2878457 0.2237389 0.3157751 0.2518386 0.2183200 0.2421208 0.1045066 0.2127494 0.1674668 0.7732093 0.2811663 0.1981533 0.1882440 0.2168925 0.2390214 0.2554034 0.2209345 0.2031967 0.2138604 0.2213132 0.2166333 0.1443811 0.0000000 0.3200743 0.1574398 0.2224966 0.2567118 0.3104591 0.1918209 0.2009289 0.1906141 0.3351738 0.2064930 0.2173301 0.2751423 0.2374267 0.2207067 0.2084884 0.2029738 0.3247859 0.1825041 0.2250035 0.2797641 0.3828999 0.1905903 0.2490686 0.2043732 0.2105666 0.0959508 0.2201554 0.2086130 0.2320256 0.1066979 0.3832682 0.1580037 0.2018859 0.2206388 0.1819256 0.2974985 0.3598345 0.1441375 0.2591238 0.2435372 0.2412031 0.2198600 0.1991169 0.2078212 0.0910657 0.3201136 0.2422387 0.3214350 0.2138314 0.2937250 0.1896966 0.1831861 
Perityle_cuneata_4                         0.2441274 0.2418834 0.3233506 0.2392984 0.0450008 0.3192247 0.2734999 0.2213486 0.2663494 0.1613068 0.1869610 0.2719387 0.1941111 0.1102524 0.2517050 0.1688554 0.3646181 0.1030742 0.2416718 0.2412519 0.2492147 0.2486915 0.1645391 0.2642908 0.3369765 0.2923656 0.2989175 0.2482278 0.0563036 0.3200743 0.0000000 0.2503243 0.2650916 0.2434593 0.2990621 0.2314638 0.2710078 0.2537908 0.2248822 0.2645123 0.2739803 0.2049797 0.2919196 0.2339001 0.2392818 0.2502010 0.2326194 0.2931101 0.2594598 0.3675460 0.3854487 0.2482668 0.1693826 0.2153689 0.1430792 0.1607023 0.2660375 0.2345739 0.1172174 0.0688723 0.2418346 0.1274264 0.2426338 0.2727428 0.2720505 0.3357381 0.3652480 0.1157355 0.2912831 0.2528404 0.2500337 0.2873731 0.2460984 0.2471788 0.1583547 0.3839746 0.4587522 0.3449335 0.2638134 0.4156291 0.2165406 0.2398051 
Perityle_discoidea_81                      0.2019403 0.2208806 0.3399891 0.1011776 0.1048215 0.3507206 0.2488696 0.2636432 0.0000010 0.2361813 0.2599707 0.1272877 0.3021016 0.1085784 0.1150702 0.1080822 0.5231613 0.2654468 0.1325482 0.1230846 0.1333453 0.1333553 0.3062878 0.1269572 0.1287638 0.1364952 0.1046914 0.0731923 0.1404302 0.1574398 0.2503243 0.0000000 0.1327247 0.2107473 0.2456346 0.1290723 0.0916504 0.1361802 0.3228866 0.1332726 0.1163060 0.3004062 0.1228960 0.1423961 0.1522306 0.1294354 0.3093607 0.1108648 0.1272665 0.1813549 0.3093462 0.1221309 0.3028055 0.1188746 0.2536284 0.0869599 0.1286996 0.1296421 0.2537578 0.1259977 0.3955833 0.1776707 0.1277916 0.1080705 0.1246831 0.2366743 0.2356754 0.1526920 0.1662215 0.1352629 0.0725651 0.1268135 0.1251381 0.1321223 0.1001588 0.2390613 0.1055660 0.2257752 0.1319797 0.2008198 0.1366810 0.0758054 
Perityle_dissecta_201                      0.1900307 0.1679865 0.3634529 0.1178995 0.0914506 0.4344660 0.2329639 0.2346549 0.1411753 0.2280836 0.2421894 0.0467963 0.2673330 0.1102179 0.0379903 0.0193776 0.2463553 0.2944249 0.0377548 0.0291091 0.0459845 0.0517239 0.2726413 0.0472766 0.0821357 0.0681305 0.1310887 0.1734095 0.1621881 0.2224966 0.2650916 0.1327247 0.0000000 0.1819884 0.2495247 0.0312818 0.1068778 0.0517631 0.2449946 0.0423630 0.1496643 0.3111385 0.1414048 0.0452680 0.1053121 0.0450429 0.2568663 0.1628865 0.0389511 0.1223323 0.2147035 0.0605507 0.2741530 0.0931195 0.2420126 0.0434620 0.0466040 0.0278333 0.2485656 0.1459782 0.4307516 0.1742958 0.0386530 0.1310752 0.0672496 0.2552873 0.2814816 0.1711117 0.0708764 0.0560838 0.1562939 0.0467146 0.0461263 0.0329882 0.0331287 0.3097756 0.1731628 0.1515144 0.0425569 0.3112858 0.0357659 0.0538860 
Perityle_emoryi_47_punta_san_jose          0.0657462 0.0042516 0.3821530 0.1926009 0.1535711 0.2102140 0.3401839 0.2687486 0.2100568 0.2560599 0.2865829 0.1793051 0.3468524 0.0919365 0.1611805 0.1083147 0.7552361 0.3101581 0.1836020 0.1711718 0.1823642 0.1456263 0.3513611 0.1758846 0.2036104 0.1951967 0.2131135 0.2317914 0.1613836 0.2567118 0.2434593 0.2107473 0.1819884 0.0000000 0.2141049 0.1786520 0.2148550 0.1830796 0.2526754 0.1865097 0.2066582 0.3479074 0.2004505 0.1729849 0.2200288 0.1586020 0.2988502 0.2205539 0.1727017 0.2230180 0.1992259 0.1911952 0.3520472 0.1914873 0.3214609 0.0629492 0.1783184 0.1438424 0.2785006 0.1406525 0.2493607 0.1666344 0.1420009 0.1902697 0.1935106 0.2301791 0.2201875 0.1622589 0.1834284 0.1561126 0.2589652 0.1807027 0.1823006 0.1855615 0.0753392 0.2254241 0.3707172 0.1747525 0.1710549 0.2170118 0.1704681 0.1396136 
Perityle_feddemae_99                       0.2113045 0.2135176 0.4742834 0.2384730 0.1498113 0.3319666 0.3467819 0.2786713 0.2532534 0.3094359 0.3138382 0.2408919 0.3696653 0.1443482 0.2211508 0.1269842 0.3048367 0.3912840 0.2081411 0.2350986 0.2372522 0.2097920 0.3710485 0.2385857 0.2509865 0.2470555 0.2640259 0.2554679 0.1967306 0.3104591 0.2990621 0.2456346 0.2495247 0.2141049 0.0000000 0.2194744 0.2688364 0.2353075 0.3377224 0.2405201 0.1495628 0.3977877 0.2587709 0.2138165 0.2201213 0.2292774 0.3202273 0.1668180 0.2365047 0.2868692 0.3203997 0.2458761 0.3907423 0.1792153 0.2596879 0.0903840 0.2407494 0.2209091 0.3355822 0.1474920 0.3601539 0.1895935 0.2126883 0.2454898 0.2493800 0.3124358 0.3012394 0.1767802 0.2392613 0.2157614 0.2492308 0.2475027 0.2453772 0.2367498 0.1033250 0.3274267 0.3222745 0.2694005 0.2434519 0.3256042 0.1799583 0.2068595 
Perityle_fosteri_93                        0.1867238 0.1696565 0.3620414 0.1210266 0.1223807 0.3721070 0.2533668 0.2322202 0.1161165 0.2056188 0.2421341 0.0320937 0.2751700 0.0861766 0.0314209 0.0081955 0.2984667 0.2512540 0.0315718 0.0100320 0.0319623 0.0189618 0.2745680 0.0286653 0.0525476 0.0607865 0.1132108 0.1694130 0.1661575 0.1918209 0.2314638 0.1290723 0.0312818 0.1786520 0.2194744 0.0000000 0.0907948 0.0516120 0.2291374 0.0278637 0.1355257 0.2762223 0.1116468 0.0311771 0.1052513 0.0308770 0.2266727 0.1384152 0.0292225 0.0714092 0.2064498 0.0450883 0.2788986 0.0909626 0.2530814 0.0378210 0.0297497 0.0192691 0.2480122 0.1473078 0.3730860 0.1714357 0.0315252 0.1161003 0.0495789 0.2364679 0.2250658 0.1532904 0.0455608 0.0253916 0.1553670 0.0311661 0.0339189 0.0307576 0.0203322 0.2404828 0.1085403 0.1189985 0.0385995 0.2664395 0.0313238 0.0400627 
Perityle_gamon_221                         0.2159925 0.1880574 0.3615617 0.0994796 0.0954464 0.4253891 0.2316656 0.2224763 0.1080155 0.2212934 0.2540465 0.1107982 0.3399609 0.1128308 0.1083879 0.0710184 0.1764207 0.2769496 0.0984157 0.0973457 0.0967300 0.1217352 0.2787194 0.1067591 0.1399112 0.1271373 0.1015482 0.1440275 0.1556236 0.2009289 0.2710078 0.0916504 0.1068778 0.2148550 0.2688364 0.0907948 0.0000000 0.1097065 0.2530620 0.1183100 0.1278010 0.3150049 0.0292750 0.1022361 0.1353355 0.1076984 0.2762738 0.1332789 0.1250128 0.1781697 0.2437711 0.1222633 0.2961096 0.0937527 0.2308120 0.0636597 0.1075278 0.1006644 0.2404622 0.1269568 0.4289994 0.1485594 0.1075099 0.1027074 0.1201210 0.2280387 0.2176601 0.1469162 0.1318521 0.1255480 0.1257707 0.1156205 0.1102790 0.1177655 0.0494083 0.2645210 0.1305771 0.1959117 0.1166081 0.3329214 0.0962019 0.0848547 
Perityle_gentryi_8_san_francisco           0.1736438 0.1828212 0.3593657 0.1345233 0.1329841 0.3690978 0.2697235 0.2522658 0.1335435 0.2186237 0.2628929 0.0520303 0.2852102 0.1031015 0.0090964 0.0350715 0.3472610 0.2641301 0.0496328 0.0421583 0.0519768 0.0602020 0.2821968 0.0496418 0.0732960 0.0661447 0.1332279 0.1755356 0.1726173 0.1906141 0.2537908 0.1361802 0.0517631 0.1830796 0.2353075 0.0516120 0.1097065 0.0000000 0.2553960 0.0580987 0.1480219 0.2828626 0.1363787 0.0666452 0.1305782 0.0506241 0.2486170 0.1476612 0.0556226 0.1158709 0.2507286 0.0681869 0.2870125 0.1069779 0.2365618 0.0407265 0.0531245 0.0393287 0.2449443 0.1441578 0.3979708 0.1774928 0.0471868 0.1358736 0.0701875 0.2407960 0.2369419 0.1531418 0.0934094 0.0641041 0.1662737 0.0500696 0.0534669 0.0555673 0.0314657 0.2433099 0.1252409 0.1584654 0.0508962 0.2457903 0.0509948 0.0530102 
Perityle_gilensis_22_Superstition          0.2574868 0.2338860 0.3594286 0.2558917 0.0552191 0.3277701 0.2393468 0.2248517 0.3007086 0.2154353 0.0554054 0.2342614 0.0674459 0.0092370 0.2331193 0.1895862 0.2526554 0.2154490 0.2515832 0.2407560 0.2340251 0.1601371 0.0173991 0.2552819 0.2250899 0.2397341 0.2840518 0.3067430 0.1560976 0.3351738 0.2248822 0.3228866 0.2449946 0.2526754 0.3377224 0.2291374 0.2530620 0.2553960 0.0000000 0.2649068 0.2775579 0.0311442 0.2874421 0.2373164 0.2405815 0.2449593 0.0510923 0.3171929 0.2305269 0.3385636 0.3530693 0.1858631 0.0324242 0.2026894 0.0660013 0.1888449 0.2362862 0.2095930 0.1963235 0.1232859 0.3058948 0.0178855 0.1930057 0.2725382 0.2279347 0.3804004 0.3525615 0.0079781 0.2399017 0.1700490 0.2827572 0.2467585 0.2572232 0.2445486 0.2035901 0.4464933 0.4197419 0.2744349 0.2716741 0.4057688 0.2271379 0.2234162 
Perityle_gilensis_salensis_225             0.1976138 0.1772654 0.3647071 0.1232160 0.1214401 0.4125541 0.2731638 0.2317655 0.1327444 0.2307523 0.2716213 0.0290950 0.2948344 0.1057152 0.0375561 0.0193096 0.3123761 0.2864760 0.0398446 0.0222881 0.0291495 0.0324917 0.2966794 0.0290800 0.0610957 0.0639121 0.1335039 0.1698746 0.1834887 0.2064930 0.2645123 0.1332726 0.0423630 0.1865097 0.2405201 0.0278637 0.1183100 0.0580987 0.2649068 0.0000000 0.1411152 0.3113402 0.1341395 0.0417297 0.1184931 0.0301156 0.2715135 0.1540833 0.0384543 0.0926525 0.2376720 0.0533002 0.2963532 0.0962388 0.2612957 0.0421345 0.0313586 0.0213823 0.2547124 0.1617216 0.4361750 0.1844837 0.0408789 0.1358044 0.0595276 0.2495482 0.2556416 0.1626095 0.0736525 0.0429290 0.1633588 0.0272590 0.0316926 0.0301277 0.0119022 0.2664262 0.1296380 0.1652938 0.0429218 0.2616491 0.0316330 0.0566016 
Perityle_glaucescens_94                    0.2019029 0.2013935 0.3618323 0.1179989 0.1439177 0.3637644 0.2922341 0.2304218 0.1330169 0.2419471 0.2892437 0.1465658 0.3224840 0.1320970 0.1388693 0.0967010 0.1798855 0.3127169 0.1307788 0.1284804 0.1384724 0.1378602 0.3205379 0.1408008 0.1707432 0.1548005 0.1308670 0.1672324 0.1852148 0.2173301 0.2739803 0.1163060 0.1496643 0.2066582 0.1495628 0.1355257 0.1278010 0.1480219 0.2775579 0.1411152 0.0000000 0.3263019 0.1530094 0.1406959 0.1498166 0.1511376 0.2784416 0.0267386 0.1425714 0.2260751 0.2625000 0.1281526 0.3217312 0.1083671 0.2613483 0.0817212 0.1395179 0.1382536 0.2790181 0.1193641 0.3774734 0.1738886 0.1360885 0.1309726 0.1339980 0.2612717 0.2613651 0.1569766 0.1756428 0.1401268 0.1514085 0.1573507 0.1387676 0.1339965 0.0905733 0.2920107 0.2295683 0.2182203 0.1365387 0.3684967 0.1169983 0.1062363 
Perityle_gracilis_11                       0.3320072 0.3677651 0.3687919 0.3040477 0.0548632 0.3266996 0.2381938 0.2185068 0.3311402 0.1997001 0.0467375 0.3170265 0.0196551 0.0000010 0.3057917 0.2276087 0.8064468 0.2036785 0.2878269 0.2855601 0.2988064 0.3073373 0.0129024 0.3211910 0.2888426 0.3228921 0.3371235 0.2953995 0.1380214 0.2751423 0.2049797 0.3004062 0.3111385 0.3479074 0.3977877 0.2762223 0.3150049 0.2828626 0.0311442 0.3113402 0.3263019 0.0000000 0.3718542 0.2913679 0.2816125 0.3130928 0.0237542 0.3132821 0.3083470 0.4302326 0.4633367 0.2636923 0.0222848 0.2575065 0.0610116 0.1826702 0.3146244 0.3112206 0.1757287 0.1122765 0.3841069 0.0112712 0.2970669 0.3349282 0.2689424 0.4000616 0.4483526 0.0000010 0.3496426 0.3176669 0.3145570 0.3244116 0.2929124 0.3002101 0.1824221 0.4487475 0.3902313 0.4068273 0.3200296 0.2650698 0.2767557 0.2798633 
Perityle_hofmeisteria_4_nombre_de_dios     0.2038582 0.1803571 0.3962474 0.1229567 0.1515899 0.4001345 0.2283618 0.2354817 0.1458274 0.2491173 0.2795512 0.1294835 0.3692730 0.1285900 0.1348890 0.0875008 0.1836355 0.3211242 0.1180276 0.1149951 0.1153494 0.1355029 0.3120786 0.1287063 0.1850219 0.1573133 0.1320231 0.1696736 0.1804418 0.2374267 0.2919196 0.1228960 0.1414048 0.2004505 0.2587709 0.1116468 0.0292750 0.1363787 0.2874421 0.1341395 0.1530094 0.3718542 0.0000000 0.1147396 0.1472953 0.1385734 0.2896983 0.1624913 0.1510029 0.2431147 0.2717754 0.1394634 0.3269386 0.1050167 0.2746025 0.0893402 0.1257184 0.1326619 0.2647629 0.1653395 0.3935166 0.1687633 0.1370098 0.1370993 0.1508451 0.2506682 0.2608733 0.1608564 0.1474333 0.1359924 0.1489076 0.1455578 0.1290351 0.1442646 0.0744768 0.3070796 0.2356931 0.2131211 0.1439842 0.3347426 0.1168025 0.1005788 
Perityle_huecosensis_48                    0.1819418 0.1621172 0.3683683 0.1283181 0.1344208 0.3889899 0.2558424 0.2243364 0.1227396 0.2044261 0.2532066 0.0436184 0.2971098 0.1058351 0.0459816 0.0013459 0.2629530 0.2692337 0.0340300 0.0180190 0.0447068 0.0329308 0.2961989 0.0424157 0.0648840 0.0676340 0.1244647 0.1614205 0.1735630 0.2207067 0.2339001 0.1423961 0.0452680 0.1729849 0.2138165 0.0311771 0.1022361 0.0666452 0.2373164 0.0417297 0.1406959 0.2913679 0.1147396 0.0000000 0.0966702 0.0444718 0.2388247 0.1485627 0.0410753 0.0864736 0.1867238 0.0576593 0.2980348 0.0819556 0.2580636 0.0354583 0.0413535 0.0324160 0.2541022 0.1556071 0.4034315 0.1846663 0.0387189 0.1256149 0.0633524 0.2226289 0.2037156 0.1595552 0.0502400 0.0357550 0.1581143 0.0416311 0.0458647 0.0457143 0.0200108 0.2253720 0.1197745 0.1151456 0.0456004 0.2881904 0.0476922 0.0537642 
Perityle_incana_3_ucla                     0.2273522 0.2047384 0.3501645 0.1508771 0.0931850 0.3081040 0.1559230 0.2209637 0.1279256 0.1899199 0.2737589 0.1306390 0.2791251 0.0971749 0.1245347 0.0920295 0.2529672 0.2428923 0.1088178 0.1017896 0.1213227 0.1181684 0.2661418 0.1236804 0.1122979 0.1338939 0.1385002 0.1823841 0.1624620 0.2084884 0.2392818 0.1522306 0.1053121 0.2200288 0.2201213 0.1052513 0.1353355 0.1305782 0.2405815 0.1184931 0.1498166 0.2816125 0.1472953 0.0966702 0.0000000 0.1189273 0.2402388 0.1449616 0.1209370 0.1348657 0.2102632 0.1106493 0.2724223 0.0980177 0.2160305 0.0978043 0.1294430 0.1031366 0.2370777 0.1225796 0.3175566 0.1644540 0.1140366 0.1364035 0.0955497 0.1893017 0.1792725 0.1388105 0.1221454 0.1243615 0.1628691 0.1329590 0.1239045 0.1071951 0.0873549 0.1891330 0.1495980 0.1546603 0.1133503 0.3768868 0.1073237 0.1053490 
Perityle_intricata_59_Clark_mtns           0.1595398 0.1552130 0.3672631 0.1192374 0.1331259 0.3617959 0.2564057 0.2267073 0.1505438 0.2381958 0.2759078 0.0029626 0.2981646 0.1094596 0.0312369 0.0246887 0.3159677 0.2978417 0.0336338 0.0179335 0.0020687 0.0446508 0.2983832 0.0029255 0.0877575 0.0660519 0.1341338 0.1711654 0.1859574 0.2029738 0.2502010 0.1294354 0.0450429 0.1586020 0.2292774 0.0308770 0.1076984 0.0506241 0.2449593 0.0301156 0.1511376 0.3130928 0.1385734 0.0444718 0.1189273 0.0000000 0.2506248 0.1620326 0.0410426 0.1493347 0.2365322 0.0485002 0.2973977 0.0939684 0.2617342 0.0442666 0.0030076 0.0047890 0.2495820 0.1559963 0.3704477 0.1867535 0.0323861 0.1352331 0.0543603 0.2475625 0.2862265 0.1628565 0.0700411 0.0515922 0.1563514 0.0044994 0.0041168 0.0356399 0.0019687 0.3027779 0.2513904 0.1651550 0.0376499 0.2809302 0.0200685 0.0464774 
